X,Y,VaccinationDate,VaccineText,Dose1,Dose2,SingleDose,Dose1Cum,Dose2Cum,SingleDoseCum,PartiallyVacc,FullyVacc,PartialPercent,FullyPercent,ObjectId
-7.6926,53.28823,2020/12/28 00:00:00+00,Mon 28 Dec 2020,219,16,0,219,16,0,219,16,0.00465076078164211,0.000339781609617688,1
-7.6926,53.28823,2020/12/29 00:00:00+00,Tue 29 Dec 2020,77,2,0,296,18,0,296,18,0.00628595977792723,0.000382254310819899,2
-7.6926,53.28823,2020/12/30 00:00:00+00,Wed 30 Dec 2020,1057,1,0,1353,19,0,1353,19,0.0287327823632958,0.000403490661421005,3
-7.6926,53.28823,2020/12/31 00:00:00+00,Thu 31 Dec 2020,1033,1,0,2386,20,0,2386,20,0.0506699325342378,0.00042472701202211,4
-7.6926,53.28823,2021/01/01 00:00:00+00,Fri 01 Jan 2021,815,0,0,3201,20,0,3201,20,0.0679775582741388,0.00042472701202211,5
-7.6926,53.28823,2021/01/02 00:00:00+00,Sat 02 Jan 2021,1016,0,0,4217,20,0,4217,20,0.089553690484862,0.00042472701202211,6
-7.6926,53.28823,2021/01/03 00:00:00+00,Sun 03 Jan 2021,20,2,1,4237,22,1,4238,23,0.0899996538474852,0.000488436063825427,7
-7.6926,53.28823,2021/01/04 00:00:00+00,Mon 04 Jan 2021,1188,3,0,5425,25,1,5426,26,0.115228438361599,0.000552145115628744,8
-7.6926,53.28823,2021/01/05 00:00:00+00,Tue 05 Jan 2021,3530,12,0,8955,37,1,8956,38,0.190192755983501,0.00080698132284201,9
-7.6926,53.28823,2021/01/06 00:00:00+00,Wed 06 Jan 2021,6777,12,0,15732,49,1,15733,50,0.334111504007193,0.00106181753005528,10
-7.6926,53.28823,2021/01/07 00:00:00+00,Thu 07 Jan 2021,11725,8,0,27457,57,1,27458,58,0.583107714805155,0.00123170833486412,11
-7.6926,53.28823,2021/01/08 00:00:00+00,Fri 08 Jan 2021,12681,5,0,40138,62,1,40139,63,0.852405876777774,0.00133789008786965,12
-7.6926,53.28823,2021/01/09 00:00:00+00,Sat 09 Jan 2021,8075,7,0,48213,69,1,48214,70,1.0238894078817,0.00148654454207739,13
-7.6926,53.28823,2021/01/10 00:00:00+00,Sun 10 Jan 2021,4781,4,1,52994,73,2,52996,75,1.12544163645619,0.00159272629508291,14
-7.6926,53.28823,2021/01/11 00:00:00+00,Mon 11 Jan 2021,8343,6,0,61337,79,2,61339,81,1.30261650952121,0.00172014439868955,15
-7.6926,53.28823,2021/01/12 00:00:00+00,Tue 12 Jan 2021,8885,10,0,70222,89,2,70224,91,1.49130148461203,0.0019325079047006,16
-7.6926,53.28823,2021/01/13 00:00:00+00,Wed 13 Jan 2021,9878,4,0,80100,93,2,80102,95,1.70107415584975,0.00201745330710502,17
-7.6926,53.28823,2021/01/14 00:00:00+00,Thu 14 Jan 2021,8083,4,0,88183,97,2,88185,99,1.87272757775849,0.00210239870950945,18
-7.6926,53.28823,2021/01/15 00:00:00+00,Fri 15 Jan 2021,7691,2,0,95874,99,2,95876,101,2.03605635023159,0.00214487141071166,19
-7.6926,53.28823,2021/01/16 00:00:00+00,Sat 16 Jan 2021,5236,3,0,101110,102,2,101112,104,2.14724988197898,0.00220858046251497,20
-7.6926,53.28823,2021/01/17 00:00:00+00,Sun 17 Jan 2021,1113,4,0,102223,106,2,102225,108,2.17088594019801,0.0022935258649194,21
-7.6926,53.28823,2021/01/18 00:00:00+00,Mon 18 Jan 2021,8715,8,1,110938,114,3,110941,117,2.35598197203725,0.00248465302032935,22
-7.6926,53.28823,2021/01/19 00:00:00+00,Tue 19 Jan 2021,8380,19,0,119318,133,3,119321,136,2.53394259007451,0.00288814368175035,23
-7.6926,53.28823,2021/01/20 00:00:00+00,Wed 20 Jan 2021,8446,962,0,127764,1095,3,127767,1098,2.71330480725145,0.0233175129600139,24
-7.6926,53.28823,2021/01/21 00:00:00+00,Thu 21 Jan 2021,9006,962,0,136770,2057,3,136773,2060,2.90455938076501,0.0437468822382774,25
-7.6926,53.28823,2021/01/22 00:00:00+00,Fri 22 Jan 2021,6780,967,0,143550,3024,3,143553,3027,3.0485418378405,0.0642824332695464,26
-7.6926,53.28823,2021/01/23 00:00:00+00,Sat 23 Jan 2021,4185,460,0,147735,3484,3,147738,3487,3.13741596510613,0.074051154546055,27
-7.6926,53.28823,2021/01/24 00:00:00+00,Sun 24 Jan 2021,1182,398,0,148917,3882,3,148920,3885,3.16251733151663,0.082503222085295,28
-7.6926,53.28823,2021/01/25 00:00:00+00,Mon 25 Jan 2021,1359,1289,0,150276,5171,3,150279,5174,3.19137753198354,0.10987687801012,29
-7.6926,53.28823,2021/01/26 00:00:00+00,Tue 26 Jan 2021,1002,3500,0,151278,8671,3,151281,8674,3.21265635528584,0.184204105113989,30
-7.6926,53.28823,2021/01/27 00:00:00+00,Wed 27 Jan 2021,2174,6700,0,153452,15371,3,153455,15374,3.25882418149265,0.326487654141396,31
-7.6926,53.28823,2021/01/28 00:00:00+00,Thu 28 Jan 2021,1006,11540,0,154458,26911,3,154461,26914,3.28018795019736,0.571555140078154,32
-7.6926,53.28823,2021/01/29 00:00:00+00,Fri 29 Jan 2021,1576,11527,0,156034,38438,3,156037,38441,3.3136564387447,0.816346553457097,33
-7.6926,53.28823,2021/01/30 00:00:00+00,Sat 30 Jan 2021,640,7793,0,156674,46231,3,156677,46234,3.32724770312941,0.981841433691513,34
-7.6926,53.28823,2021/01/31 00:00:00+00,Sun 31 Jan 2021,227,4086,0,156901,50317,3,156904,50320,3.33206835471586,1.06861316224763,35
-7.6926,53.28823,2021/02/01 00:00:00+00,Mon 01 Feb 2021,1027,8334,1,157928,58651,4,157932,58655,3.3538993231338,1.24561814450784,36
-7.6926,53.28823,2021/02/02 00:00:00+00,Tue 02 Feb 2021,828,5109,0,158756,63760,4,158760,63764,3.37148302143151,1.35411465972889,37
-7.6926,53.28823,2021/02/03 00:00:00+00,Wed 03 Feb 2021,1399,6865,0,160155,70625,4,160159,70629,3.40119267592246,1.49990220660548,38
-7.6926,53.28823,2021/02/04 00:00:00+00,Thu 04 Feb 2021,1432,10541,1,161587,81166,5,161592,81171,3.43162436633384,1.72377581464234,39
-7.6926,53.28823,2021/02/05 00:00:00+00,Fri 05 Feb 2021,3393,8613,0,164980,89779,5,164985,89784,3.50367930392339,1.90668450236966,40
-7.6926,53.28823,2021/02/06 00:00:00+00,Sat 06 Feb 2021,900,3869,0,165880,93648,5,165885,93653,3.52279201946439,1.98884794284534,41
-7.6926,53.28823,2021/02/07 00:00:00+00,Sun 07 Feb 2021,330,1300,2,166210,94948,7,166217,94955,3.52984248786396,2.01649767132797,42
-7.6926,53.28823,2021/02/08 00:00:00+00,Mon 08 Feb 2021,1185,879,0,167395,95827,7,167402,95834,3.55500756332627,2.03516442350635,43
-7.6926,53.28823,2021/02/09 00:00:00+00,Tue 09 Feb 2021,4262,543,3,171657,96370,10,171667,96380,3.64558059863998,2.04675947093455,44
-7.6926,53.28823,2021/02/10 00:00:00+00,Wed 10 Feb 2021,8824,579,0,180481,96949,10,180491,96959,3.83297015634414,2.05905531793259,45
-7.6926,53.28823,2021/02/11 00:00:00+00,Thu 11 Feb 2021,6181,445,0,186662,97394,10,186672,97404,3.96423203940957,2.06850549395008,46
-7.6926,53.28823,2021/02/12 00:00:00+00,Fri 12 Feb 2021,4395,524,0,191057,97918,10,191067,97928,4.05756580030143,2.07963334166506,47
-7.6926,53.28823,2021/02/13 00:00:00+00,Sat 13 Feb 2021,1209,1914,0,192266,99832,10,192276,99842,4.08324054817817,2.12027971671558,48
-7.6926,53.28823,2021/12/02 00:00:00+00,Thu 02 Dec 2021,1766,1410,0,3663116,3600274,240721,3903837,3840995,82.903251221568,81.5687164770933,49
-7.6926,53.28823,2021/02/14 00:00:00+00,Sun 14 Feb 2021,2700,27,0,194966,99859,10,194976,99869,4.14057869480115,2.12085309818181,50
-7.6926,53.28823,2021/02/15 00:00:00+00,Mon 15 Feb 2021,1963,7890,0,196929,107749,10,196939,107759,4.18226565103112,2.28840790442453,51
-7.6926,53.28823,2021/02/16 00:00:00+00,Tue 16 Feb 2021,5649,8160,0,202578,115909,10,202588,115919,4.30222979557676,2.46169652532955,52
-7.6926,53.28823,2021/02/17 00:00:00+00,Wed 17 Feb 2021,9745,8465,0,212323,124374,10,212333,124384,4.50917803218454,2.64146223316791,53
-7.6926,53.28823,2021/02/18 00:00:00+00,Thu 18 Feb 2021,8462,8353,1,220785,132727,11,220796,132738,4.68890126732169,2.81887070608955,54
-7.6926,53.28823,2021/02/19 00:00:00+00,Fri 19 Feb 2021,9385,6582,0,230170,139309,11,230181,139320,4.88820441771307,2.95864836574602,55
-7.6926,53.28823,2021/02/20 00:00:00+00,Sat 20 Feb 2021,5886,3568,2,236056,142877,13,236069,142890,5.01324405005238,3.03446213739197,56
-7.6926,53.28823,2021/02/21 00:00:00+00,Sun 21 Feb 2021,1110,1024,6,237166,143901,19,237185,143920,5.03694381732321,3.05633557851111,57
-7.6926,53.28823,2021/02/22 00:00:00+00,Mon 22 Feb 2021,3942,1122,1,241108,145023,20,241128,145043,5.12067874774337,3.08018400023615,58
-7.6926,53.28823,2021/02/23 00:00:00+00,Tue 23 Feb 2021,13362,1065,1,254470,146088,21,254491,146109,5.40446010082595,3.10282194997693,59
-7.6926,53.28823,2021/02/24 00:00:00+00,Wed 24 Feb 2021,16937,2104,3,271407,148192,24,271431,148216,5.76420388000867,3.14756694069346,60
-7.6926,53.28823,2021/02/25 00:00:00+00,Thu 25 Feb 2021,18094,1756,2,289501,149948,26,289527,149974,6.14849688048628,3.1849004450502,61
-7.6926,53.28823,2021/02/26 00:00:00+00,Fri 26 Feb 2021,16079,2769,0,305580,152717,26,305606,152743,6.48995616180145,3.24370389986466,62
-7.6926,53.28823,2021/02/27 00:00:00+00,Sat 27 Feb 2021,8994,704,1,314574,153421,27,314601,153448,6.6809771354584,3.25867552703844,63
-7.6926,53.28823,2021/02/28 00:00:00+00,Sun 28 Feb 2021,2444,57,2,317018,153478,29,317047,153507,6.7329212490287,3.25992847172391,64
-7.6926,53.28823,2021/03/01 00:00:00+00,Mon 01 Mar 2021,5597,794,0,322615,154272,29,322644,154301,6.85178110334309,3.27679013410118,65
-7.6926,53.28823,2021/03/02 00:00:00+00,Tue 02 Mar 2021,12179,1610,0,334794,155882,29,334823,155911,7.11041861731395,3.31098065856896,66
-7.6926,53.28823,2021/03/03 00:00:00+00,Wed 03 Mar 2021,12907,1505,1,347701,157387,30,347731,157417,7.38453743087302,3.34296260257423,67
-7.6926,53.28823,2021/03/04 00:00:00+00,Thu 04 Mar 2021,18740,1688,4,366441,159075,34,366475,159109,7.78259158654015,3.3788945077913,68
-7.6926,53.28823,2021/03/05 00:00:00+00,Fri 05 Mar 2021,18443,2396,6,384884,161471,40,384924,161511,8.17438101877994,3.42990422193515,69
-7.6926,53.28823,2021/03/06 00:00:00+00,Sat 06 Mar 2021,10397,140,4,395281,161611,44,395325,161655,8.39526030138204,3.43296225642171,70
-7.6926,53.28823,2021/03/07 00:00:00+00,Sun 07 Mar 2021,1520,13,3,396801,161624,47,396848,161671,8.42760326334752,3.43330203803133,71
-7.6926,53.28823,2021/03/08 00:00:00+00,Mon 08 Mar 2021,6667,1496,5,403468,163120,52,403520,163172,8.5692921945581,3.46517780028359,72
-7.6926,53.28823,2021/03/09 00:00:00+00,Tue 09 Mar 2021,13827,3104,6,417295,166224,58,417353,166282,8.86305463242319,3.53122285065303,73
-7.6926,53.28823,2021/03/10 00:00:00+00,Wed 10 Mar 2021,13734,3990,3,431029,170214,61,431090,170275,9.15477838063058,3.61601959860324,74
-7.6926,53.28823,2021/03/11 00:00:00+00,Thu 11 Mar 2021,18480,2102,3,449509,172316,64,449573,172380,9.54728984879081,3.66072211661857,75
-7.6926,53.28823,2021/03/12 00:00:00+00,Fri 12 Mar 2021,17327,1338,4,466836,173654,68,466904,173722,9.91533704105857,3.68922129912525,76
-7.6926,53.28823,2021/03/13 00:00:00+00,Sat 13 Mar 2021,8306,174,0,475142,173828,68,475210,173896,10.0917261691514,3.69291642412985,77
-7.6926,53.28823,2021/03/14 00:00:00+00,Sun 14 Mar 2021,383,20,2,475525,173848,70,475595,173918,10.0999021641328,3.69338362384307,78
-7.6926,53.28823,2021/03/15 00:00:00+00,Mon 15 Mar 2021,2652,992,0,478177,174840,70,478247,174910,10.1562209659269,3.71445008363937,79
-7.6926,53.28823,2021/03/16 00:00:00+00,Tue 16 Mar 2021,8943,3823,2,487120,178663,72,487192,178735,10.3461801220538,3.7956791246886,80
-7.6926,53.28823,2021/03/17 00:00:00+00,Wed 17 Mar 2021,4898,2415,6,492018,181078,78,492096,181156,10.4503231854016,3.84709232949387,81
-7.6926,53.28823,2021/03/18 00:00:00+00,Thu 18 Mar 2021,11730,4682,5,503748,185760,83,503831,185843,10.6995317597056,3.94662710476125,82
-7.6926,53.28823,2021/03/19 00:00:00+00,Fri 19 Mar 2021,10368,6130,2,514116,191890,85,514201,191975,10.9197527154391,4.07684840664723,83
-7.6926,53.28823,2021/03/20 00:00:00+00,Sat 20 Mar 2021,5242,3117,4,519358,195007,89,519447,195096,11.0311586106925,4.14312705687328,84
-7.6926,53.28823,2021/03/21 00:00:00+00,Sun 21 Mar 2021,3637,55,3,522995,195062,92,523087,195154,11.1084589268805,4.14435876520815,85
-7.6926,53.28823,2021/03/22 00:00:00+00,Mon 22 Mar 2021,7413,2405,1,530408,197467,93,530501,197560,11.2659052302371,4.19545342475441,86
-7.6926,53.28823,2021/03/23 00:00:00+00,Tue 23 Mar 2021,12562,7391,4,542970,204858,97,543067,204955,11.5327612118906,4.35249623744958,87
-7.6926,53.28823,2021/03/24 00:00:00+00,Wed 24 Mar 2021,13623,9778,2,556593,214636,99,556692,214735,11.8221064888306,4.56018774632839,88
-7.6926,53.28823,2021/03/25 00:00:00+00,Thu 25 Mar 2021,20870,10226,3,577463,224862,102,577565,224964,12.2653728349275,4.7774143766271,89
-7.6926,53.28823,2021/03/26 00:00:00+00,Fri 26 Mar 2021,19697,9499,1,597160,234361,103,597263,234464,12.6836864690681,4.9791597073376,90
-7.6926,53.28823,2021/03/27 00:00:00+00,Sat 27 Mar 2021,11752,5353,3,608912,239714,106,609018,239820,12.9333197703841,5.09290160115713,91
-7.6926,53.28823,2021/03/28 00:00:00+00,Sun 28 Mar 2021,2492,483,0,611404,240197,106,611510,240303,12.986240756082,5.10315875849746,92
-7.6926,53.28823,2021/03/28 23:00:00+00,Mon 29 Mar 2021,9273,3120,3,620677,243317,109,620786,243426,13.1832291442579,5.16947988142471,93
-7.6926,53.28823,2021/03/29 23:00:00+00,Tue 30 Mar 2021,13325,8668,4,634002,251985,113,634115,252098,13.46628846142,5.3536415138375,94
-7.6926,53.28823,2021/03/30 23:00:00+00,Wed 31 Mar 2021,15838,10515,4,649840,262500,117,649957,262617,13.8027147276427,5.57702668581053,95
-7.6926,53.28823,2021/03/31 23:00:00+00,Thu 01 Apr 2021,19706,11577,8,669546,274077,125,669671,274202,14.2213681433929,5.82304980752434,96
-7.6926,53.28823,2021/04/19 23:00:00+00,Tue 20 Apr 2021,15086,7316,1,922422,389325,242,922664,389567,19.5940161910184,8.27298139462087,97
-7.6926,53.28823,2021/04/01 23:00:00+00,Fri 02 Apr 2021,20141,13722,9,689687,287799,134,689821,287933,14.6492806080052,6.11464613762812,98
-7.6926,53.28823,2021/04/02 23:00:00+00,Sat 03 Apr 2021,7545,4636,6,697232,292435,140,697372,292575,14.8096362913942,6.21322527711845,99
-7.6926,53.28823,2021/04/03 23:00:00+00,Sun 04 Apr 2021,3038,169,3,700270,292604,143,700413,292747,14.8742160335721,6.21687792942184,100
-7.6926,53.28823,2021/04/04 23:00:00+00,Mon 05 Apr 2021,3431,607,4,703701,293211,147,703848,293358,14.9471628978869,6.22985333963911,101
-7.6926,53.28823,2021/04/05 23:00:00+00,Tue 06 Apr 2021,11990,8149,11,715691,301360,158,715849,301518,15.2020203414508,6.40314196054413,102
-7.6926,53.28823,2021/04/06 23:00:00+00,Wed 07 Apr 2021,18361,10469,10,734052,311829,168,734220,311997,15.5921533383437,6.62567767849312,103
-7.6926,53.28823,2021/04/07 23:00:00+00,Thu 08 Apr 2021,20178,10561,16,754230,322390,184,754414,322574,16.0210002023824,6.85029455880101,104
-7.6926,53.28823,2021/04/08 23:00:00+00,Fri 09 Apr 2021,20674,9156,16,774904,331546,200,775104,331746,16.4603802963193,7.04507436651435,105
-7.6926,53.28823,2021/04/09 23:00:00+00,Sat 10 Apr 2021,11172,4172,12,786076,335718,212,786288,335930,16.6978876414421,7.13392725742938,106
-7.6926,53.28823,2021/04/10 23:00:00+00,Sun 11 Apr 2021,2860,362,8,788936,336080,220,789156,336300,16.758793494966,7.14178470715179,107
-7.6926,53.28823,2021/04/11 23:00:00+00,Mon 12 Apr 2021,7777,2796,13,796713,338876,233,796946,339109,16.9242246661486,7.20143761599029,108
-7.6926,53.28823,2021/04/12 23:00:00+00,Tue 13 Apr 2021,11513,8597,1,808226,347473,234,808460,347707,17.1687400069698,7.3840277584586,109
-7.6926,53.28823,2021/04/13 23:00:00+00,Wed 14 Apr 2021,20352,6595,2,828578,354068,236,828814,354304,17.6009846871047,7.52412396337409,110
-7.6926,53.28823,2021/04/14 23:00:00+00,Thu 15 Apr 2021,27126,10812,1,855704,364880,237,855941,365117,18.1770631698609,7.75375262242384,111
-7.6926,53.28823,2021/04/15 23:00:00+00,Fri 16 Apr 2021,27974,9834,1,883678,374714,238,883916,374952,18.7711500779268,7.96261213058572,112
-7.6926,53.28823,2021/04/16 23:00:00+00,Sat 17 Apr 2021,15845,4555,3,899523,379269,241,899764,379510,19.1077037622531,8.05940741662556,113
-7.6926,53.28823,2021/04/17 23:00:00+00,Sun 18 Apr 2021,1071,482,0,900594,379751,241,900835,379992,19.1304478937469,8.06964333761529,114
-7.6926,53.28823,2021/04/18 23:00:00+00,Mon 19 Apr 2021,6742,2258,0,907336,382009,241,907577,382250,19.2736233694995,8.11759501727259,115
-7.6926,53.28823,2021/04/20 23:00:00+00,Wed 21 Apr 2021,26719,9881,4,949141,399206,246,949387,399452,20.1615151881318,8.4829027203128,116
-7.6926,53.28823,2021/04/21 23:00:00+00,Thu 22 Apr 2021,31622,12178,1,980763,411384,247,981010,411631,20.8330723031905,8.74154023428367,117
-7.6926,53.28823,2021/04/22 23:00:00+00,Fri 23 Apr 2021,33611,12349,3,1014374,423733,250,1014624,423983,21.5469109922961,9.00385163690852,118
-7.6926,53.28823,2021/04/23 23:00:00+00,Sat 24 Apr 2021,23700,6992,2,1038074,430725,252,1038326,430977,22.0502549742435,9.15237867301265,119
-7.6926,53.28823,2021/04/24 23:00:00+00,Sun 25 Apr 2021,9751,300,2,1047825,431025,254,1048079,431279,22.2573731016561,9.15879205089419,120
-7.6926,53.28823,2021/04/25 23:00:00+00,Mon 26 Apr 2021,15593,3055,3,1063418,434080,257,1063675,434337,22.5885752256309,9.22373281103237,121
-7.6926,53.28823,2021/04/26 23:00:00+00,Tue 27 Apr 2021,25915,7811,9,1089333,441891,266,1089599,442157,23.139106378614,9.38980107273301,122
-7.6926,53.28823,2021/04/27 23:00:00+00,Wed 28 Apr 2021,26036,8607,5,1115369,450498,271,1115640,450769,23.6921221846174,9.57268852410973,123
-7.6926,53.28823,2021/04/28 23:00:00+00,Thu 29 Apr 2021,31690,11331,6,1147059,461829,277,1147336,462106,24.36522955327,9.81344503087447,124
-7.6926,53.28823,2021/12/03 00:00:00+00,Fri 03 Dec 2021,1042,1184,2,3664158,3601458,240723,3904881,3842181,82.9254219715955,81.5939027889062,125
-7.6926,53.28823,2021/04/29 23:00:00+00,Fri 30 Apr 2021,36112,13527,8,1183171,475356,285,1183456,475641,25.1322865369819,10.1008790362604,126
-7.6926,53.28823,2021/04/30 23:00:00+00,Sat 01 May 2021,16578,6689,18,1199749,482045,303,1200052,482348,25.4847250115579,10.243311239742,127
-7.6926,53.28823,2021/12/04 00:00:00+00,Sat 04 Dec 2021,1204,1700,1,3665362,3603158,240724,3906086,3843882,82.9510117740699,81.6300258212787,128
-7.6926,53.28823,2021/05/01 23:00:00+00,Sun 02 May 2021,12463,909,15,1212212,482954,318,1212530,483272,25.7497121943585,10.2629336276975,129
-7.6926,53.28823,2021/12/05 00:00:00+00,Sun 05 Dec 2021,1347,1773,2,3666709,3604931,240726,3907435,3845657,82.9796596110308,81.6677203435957,130
-7.6926,53.28823,2021/05/02 23:00:00+00,Mon 03 May 2021,14262,922,21,1226474,483876,339,1226813,484215,26.0530309899941,10.2829595063143,131
-7.6926,53.28823,2021/12/06 00:00:00+00,Mon 06 Dec 2021,934,1291,0,3667643,3606222,240726,3908369,3846948,82.9994943624922,81.6951364722217,132
-7.6926,53.28823,2021/05/03 23:00:00+00,Tue 04 May 2021,26659,6790,10,1253133,490666,349,1253482,491015,26.619383224175,10.4273666904018,133
-7.6926,53.28823,2021/12/07 00:00:00+00,Tue 07 Dec 2021,487,739,2,3668130,3606961,240728,3908858,3847689,83.0098789379361,81.7108726080171,134
-7.6926,53.28823,2021/05/04 23:00:00+00,Wed 05 May 2021,32108,13456,69,1285241,504122,418,1285659,504540,27.3027052774667,10.7145883322818,135
-7.6926,53.28823,2021/12/08 00:00:00+00,Wed 08 Dec 2021,800,1515,2,3668930,3608476,240730,3909660,3849206,83.0269104911182,81.743088151879,136
-7.6926,53.28823,2021/05/05 23:00:00+00,Thu 06 May 2021,37286,14372,132,1322527,518494,550,1323077,519044,28.0973270442589,11.0226003614002,137
-7.6926,53.28823,2021/12/09 00:00:00+00,Thu 09 Dec 2021,798,1208,0,3669728,3609684,240730,3910458,3850414,83.0438570988979,81.7687416634051,138
-7.6926,53.28823,2021/05/06 23:00:00+00,Fri 07 May 2021,40595,15071,97,1363122,533565,647,1363769,534212,28.9614766229191,11.3447133273178,139
-7.6926,53.28823,2021/12/10 00:00:00+00,Fri 10 Dec 2021,891,1612,1,3670619,3611296,240731,3911350,3852027,83.0627999236341,81.8029958969247,140
-7.6926,53.28823,2021/05/07 23:00:00+00,Sat 08 May 2021,25620,7055,10,1388742,540620,657,1389399,541277,29.5057642888254,11.4947481443146,141
-7.6926,53.28823,2022/03/26 00:00:00+00,Sat 26 Mar 2022,874,1848,0,3835106,3775439,240783,4075889,4016222,86.5570078151894,85.2898984838732,142
-7.6926,53.28823,2021/12/11 00:00:00+00,Sat 11 Dec 2021,641,841,2,3671260,3612137,240733,3911993,3852870,83.0764548970706,81.8208981404814,143
-7.6926,53.28823,2021/05/08 23:00:00+00,Sun 09 May 2021,19674,923,5,1408416,541543,662,1409078,542205,29.9236744323046,11.5144554776724,144
-7.6926,53.28823,2022/03/27 00:00:00+00,Sun 27 Mar 2022,380,802,0,3835486,3776241,240783,4076269,4017024,86.5650776284178,85.3069300370553,145
-7.6926,53.28823,2021/12/12 00:00:00+00,Sun 12 Dec 2021,689,1192,0,3671949,3613329,240733,3912682,3854062,83.0910867426348,81.846211870398,146
-7.6926,53.28823,2021/12/13 00:00:00+00,Mon 13 Dec 2021,726,1066,1,3672675,3614395,240734,3913409,3855129,83.1065255695218,81.8688710564893,147
-7.6926,53.28823,2021/12/14 00:00:00+00,Tue 14 Dec 2021,629,1202,2,3673304,3615597,240736,3914040,3856333,83.119925706751,81.8944396226131,148
-7.6926,53.28823,2021/12/15 00:00:00+00,Wed 15 Dec 2021,796,1253,1,3674100,3616850,240737,3914837,3857587,83.1368510781801,81.9210700062668,149
-7.6926,53.28823,2021/12/16 00:00:00+00,Thu 16 Dec 2021,1057,1539,7,3675157,3618389,240744,3915901,3859133,83.1594465552197,81.9539014042962,150
-7.6926,53.28823,2021/12/17 00:00:00+00,Fri 17 Dec 2021,1215,2457,1,3676372,3620846,240745,3917117,3861591,83.1852699575507,82.0061003540737,151
-7.6926,53.28823,2021/12/18 00:00:00+00,Sat 18 Dec 2021,1257,1184,0,3677629,3622030,240745,3918374,3862775,83.2119640502562,82.0312441931854,152
-7.6926,53.28823,2021/12/19 00:00:00+00,Sun 19 Dec 2021,551,887,1,3678180,3622917,240746,3918926,3863663,83.2236865157881,82.0501020725192,153
-7.6926,53.28823,2021/12/20 00:00:00+00,Mon 20 Dec 2021,526,613,0,3678706,3623530,240746,3919452,3864276,83.2348568362042,82.0631199554376,154
-7.6926,53.28823,2021/12/21 00:00:00+00,Tue 21 Dec 2021,1442,1816,3,3680148,3625346,240749,3920897,3866095,83.2655433628228,82.1017488771811,155
-7.6926,53.28823,2021/12/22 00:00:00+00,Wed 22 Dec 2021,1200,1589,2,3681348,3626935,240751,3922099,3867686,83.2910694562454,82.1355359109874,156
-7.6926,53.28823,2021/12/23 00:00:00+00,Thu 23 Dec 2021,949,1389,0,3682297,3628324,240751,3923048,3869075,83.3112227529658,82.1650332019723,157
-7.6926,53.28823,2021/12/24 00:00:00+00,Fri 24 Dec 2021,104,155,0,3682401,3628479,240751,3923152,3869230,83.3134313334283,82.1683248363155,158
-7.6926,53.28823,2021/12/25 00:00:00+00,Sat 25 Dec 2021,1,5,0,3682402,3628484,240751,3923153,3869235,83.3134525697789,82.1684310180685,159
-7.6926,53.28823,2021/12/26 00:00:00+00,Sun 26 Dec 2021,11,10,0,3682413,3628494,240751,3923164,3869245,83.3136861696355,82.1686433815745,160
-7.6926,53.28823,2021/12/27 00:00:00+00,Mon 27 Dec 2021,390,587,0,3682803,3629081,240751,3923554,3869832,83.32196834637,82.1811091193774,161
-7.6926,53.28823,2021/12/28 00:00:00+00,Tue 28 Dec 2021,471,744,0,3683274,3629825,240751,3924025,3870576,83.3319706675031,82.1969089642246,162
-7.6926,53.28823,2021/12/29 00:00:00+00,Wed 29 Dec 2021,1073,1304,0,3684347,3631129,240751,3925098,3871880,83.3547572716981,82.2246011654084,163
-7.6926,53.28823,2021/12/30 00:00:00+00,Thu 30 Dec 2021,1065,1193,1,3685412,3632322,240752,3926164,3873074,83.3773952214389,82.2499573680262,164
-7.6926,53.28823,2021/12/31 00:00:00+00,Fri 31 Dec 2021,717,1680,0,3686129,3634002,240752,3926881,3874754,83.3926216848199,82.285634437036,165
-7.6926,53.28823,2022/01/01 00:00:00+00,Sat 01 Jan 2022,66,97,0,3686195,3634099,240752,3926947,3874851,83.3940232839595,82.2876943630443,166
-7.6926,53.28823,2022/01/02 00:00:00+00,Sun 02 Jan 2022,270,627,0,3686465,3634726,240752,3927217,3875478,83.3997570986218,82.3010095548712,167
-7.6926,53.28823,2022/01/03 00:00:00+00,Mon 03 Jan 2022,3630,724,1,3690095,3635450,240753,3930848,3876203,83.4768662876544,82.316405909057,168
-7.6926,53.28823,2022/01/04 00:00:00+00,Tue 04 Jan 2022,1192,777,0,3691287,3636227,240753,3932040,3876980,83.502180017571,82.3329065534741,169
-7.6926,53.28823,2022/01/05 00:00:00+00,Wed 05 Jan 2022,2146,898,0,3693433,3637125,240753,3934186,3877878,83.5477532259609,82.3519767963139,170
-7.6926,53.28823,2022/01/06 00:00:00+00,Thu 06 Jan 2022,2462,1693,1,3695895,3638818,240754,3936649,3879572,83.6000583574914,82.3879511742322,171
-7.6926,53.28823,2022/01/07 00:00:00+00,Fri 07 Jan 2022,4856,784,2,3700751,3639602,240756,3941507,3880358,83.7032245487116,82.4046429458046,172
-7.6926,53.28823,2022/01/08 00:00:00+00,Sat 08 Jan 2022,9791,738,1,3710542,3640340,240757,3951299,3881097,83.9111708937976,82.4203366088988,173
-7.6926,53.28823,2022/01/09 00:00:00+00,Sun 09 Jan 2022,7115,664,0,3717657,3641004,240757,3958414,3881761,84.0622675283245,82.434437545698,174
-7.6926,53.28823,2022/01/10 00:00:00+00,Mon 10 Jan 2022,6659,504,0,3724316,3641508,240757,3965073,3882265,84.2036803869773,82.4451406664009,175
-7.6926,53.28823,2022/01/11 00:00:00+00,Tue 11 Jan 2022,4779,1364,1,3729095,3642872,240758,3969853,3883630,84.3051901428506,82.4741282849714,176
-7.6926,53.28823,2022/01/12 00:00:00+00,Wed 12 Jan 2022,7565,917,1,3736660,3643789,240759,3977419,3884548,84.4658643714985,82.4936232548233,177
-7.6926,53.28823,2022/01/13 00:00:00+00,Thu 13 Jan 2022,7328,813,0,3743988,3644602,240759,3984747,3885361,84.6214843487034,82.510888407862,178
-7.6926,53.28823,2022/01/14 00:00:00+00,Fri 14 Jan 2022,10730,832,0,3754718,3645434,240759,3995477,3886193,84.8493503906533,82.5285570515621,179
-7.6926,53.28823,2022/01/15 00:00:00+00,Sat 15 Jan 2022,8358,651,2,3763076,3646085,240761,4003837,3886846,85.0268862816785,82.5424243885046,180
-7.6926,53.28823,2022/01/16 00:00:00+00,Sun 16 Jan 2022,6965,1215,1,3770041,3647300,240762,4010803,3888062,85.1748186999658,82.5682477908355,181
-7.6926,53.28823,2022/01/17 00:00:00+00,Mon 17 Jan 2022,2566,559,0,3772607,3647859,240762,4013369,3888621,85.2293111756083,82.5801189108216,182
-7.6926,53.28823,2022/01/18 00:00:00+00,Tue 18 Jan 2022,4057,447,3,3776664,3648306,240765,4017429,3889071,85.3155307590488,82.5896752685921,183
-7.6926,53.28823,2022/01/19 00:00:00+00,Wed 19 Jan 2022,3490,622,0,3780154,3648928,240765,4020919,3889693,85.3896456226466,82.6028842786659,184
-7.6926,53.28823,2022/01/20 00:00:00+00,Thu 20 Jan 2022,3698,934,0,3783852,3649862,240765,4024617,3890627,85.4681776471695,82.6227190301274,185
-7.6926,53.28823,2022/01/21 00:00:00+00,Fri 21 Jan 2022,3257,976,0,3787109,3650838,240765,4027874,3891603,85.5373444410773,82.6434457083141,186
-7.6926,53.28823,2022/01/22 00:00:00+00,Sat 22 Jan 2022,4270,643,0,3791379,3651481,240765,4032144,3892246,85.628023658144,82.6571006817506,187
-7.6926,53.28823,2022/01/23 00:00:00+00,Sun 23 Jan 2022,3092,677,0,3794471,3652158,240765,4035236,3892923,85.6936864542026,82.6714776911075,188
-7.6926,53.28823,2022/01/24 00:00:00+00,Mon 24 Jan 2022,647,461,0,3795118,3652619,240765,4035883,3893384,85.7074263730416,82.6812676487346,189
-7.6926,53.28823,2022/01/25 00:00:00+00,Tue 25 Jan 2022,694,1838,0,3795812,3654457,240765,4036577,3895222,85.7221644003587,82.7203000611395,190
-7.6926,53.28823,2022/01/26 00:00:00+00,Wed 26 Jan 2022,700,897,0,3796512,3655354,240765,4037277,3896119,85.7370298457795,82.7393490676286,191
-7.6926,53.28823,2022/01/27 00:00:00+00,Thu 27 Jan 2022,1275,1175,0,3797787,3656529,240765,4038552,3897294,85.7641061927959,82.764301779585,192
-7.6926,53.28823,2022/01/28 00:00:00+00,Fri 28 Jan 2022,1032,3094,1,3798819,3659623,240766,4039585,3900389,85.7860433429668,82.8300282846954,193
-7.6926,53.28823,2022/01/29 00:00:00+00,Sat 29 Jan 2022,2328,3444,0,3801147,3663067,240766,4041913,3903833,85.8354815671662,82.9031662761656,194
-7.6926,53.28823,2022/01/30 00:00:00+00,Sun 30 Jan 2022,1636,7537,0,3802783,3670604,240766,4043549,3911370,85.8702242367496,83.0632246506461,195
-7.6926,53.28823,2022/01/31 00:00:00+00,Mon 31 Jan 2022,481,1392,0,3803264,3671996,240766,4044030,3912762,85.8804389213888,83.0927856506828,196
-7.6926,53.28823,2022/02/01 00:00:00+00,Tue 01 Feb 2022,753,3416,1,3804017,3675412,240767,4044784,3916179,85.896451129742,83.1653502606868,197
-7.6926,53.28823,2022/02/02 00:00:00+00,Wed 02 Feb 2022,650,2996,0,3804667,3678408,240767,4045434,3919175,85.9102547576327,83.2289743670877,198
-7.6926,53.28823,2022/02/03 00:00:00+00,Thu 03 Feb 2022,905,2432,1,3805572,3680840,240768,4046340,3921608,85.9294948912773,83.2806424081002,199
-7.6926,53.28823,2022/02/04 00:00:00+00,Fri 04 Feb 2022,1173,6523,0,3806745,3687363,240768,4047513,3928131,85.9544051305324,83.4191671230712,200
-7.6926,53.28823,2022/02/05 00:00:00+00,Sat 05 Feb 2022,1777,5750,0,3808522,3693113,240768,4049290,3933881,85.9921421255506,83.5412761390276,201
-7.6926,53.28823,2022/02/06 00:00:00+00,Sun 06 Feb 2022,1408,7555,0,3809930,3700668,240768,4050698,3941436,86.0220429071969,83.701716767819,202
-7.6926,53.28823,2022/02/07 00:00:00+00,Mon 07 Feb 2022,440,1350,0,3810370,3702018,240768,4051138,3942786,86.0313869014614,83.7303858411304,203
-7.6926,53.28823,2022/02/08 00:00:00+00,Tue 08 Feb 2022,902,1235,0,3811272,3703253,240768,4052040,3944021,86.0505420897036,83.7566127341228,204
-7.6926,53.28823,2022/02/09 00:00:00+00,Wed 09 Feb 2022,1332,1782,0,3812604,3705035,240768,4053372,3945803,86.0788289087043,83.794455910894,205
-7.6926,53.28823,2022/02/10 00:00:00+00,Thu 10 Feb 2022,685,2548,0,3813289,3707583,240768,4054057,3948351,86.093375808866,83.8485661322256,206
-7.6926,53.28823,2022/02/11 00:00:00+00,Fri 11 Feb 2022,551,4921,0,3813840,3712504,240768,4054608,3953272,86.1050770380473,83.9530702135336,207
-7.6926,53.28823,2022/02/12 00:00:00+00,Sat 12 Feb 2022,1399,5462,0,3815239,3717966,240768,4056007,3958734,86.1347866925382,84.0690631605169,208
-7.6926,53.28823,2022/02/13 00:00:00+00,Sun 13 Feb 2022,1567,4706,0,3816806,3722672,240768,4057574,3963440,86.1680640539301,84.1690014264457,209
-7.6926,53.28823,2022/02/14 00:00:00+00,Mon 14 Feb 2022,172,952,0,3816978,3723624,240768,4057746,3964392,86.1717167062335,84.1892184322179,210
-7.6926,53.28823,2022/02/15 00:00:00+00,Tue 15 Feb 2022,650,818,1,3817628,3724442,240769,4058397,3965211,86.1855415704748,84.2066110033602,211
-7.6926,53.28823,2022/02/16 00:00:00+00,Wed 16 Feb 2022,801,1785,0,3818429,3726227,240769,4059198,3966996,86.2025518873063,84.2445178891832,212
-7.6926,53.28823,2022/02/17 00:00:00+00,Thu 17 Feb 2022,793,1191,2,3819222,3727418,240771,4059993,3968189,86.2194347860342,84.2698528554503,213
-7.6926,53.28823,2022/02/18 00:00:00+00,Fri 18 Feb 2022,793,3292,0,3820015,3730710,240771,4060786,3971481,86.2362752120609,84.3397629216292,214
-7.6926,53.28823,2022/02/19 00:00:00+00,Sat 19 Feb 2022,981,3555,0,3820996,3734265,240771,4061767,3975036,86.2571080720006,84.4152581480161,215
-7.6926,53.28823,2022/02/20 00:00:00+00,Sun 20 Feb 2022,1366,3587,0,3822362,3737852,240771,4063133,3978623,86.2861169269217,84.4914329376223,216
-7.6926,53.28823,2022/02/21 00:00:00+00,Mon 21 Feb 2022,252,994,1,3822614,3738846,240772,4063386,3979618,86.2914897236238,84.5125631064704,217
-7.6926,53.28823,2022/02/22 00:00:00+00,Tue 22 Feb 2022,476,981,0,3823090,3739827,240772,4063862,3980599,86.3015982265099,84.53339596641,218
-7.6926,53.28823,2022/02/23 00:00:00+00,Wed 23 Feb 2022,830,1271,1,3823920,3741098,240773,4064693,3981871,86.3192456338594,84.5604086043746,219
-7.6926,53.28823,2022/02/24 00:00:00+00,Thu 24 Feb 2022,659,1232,0,3824579,3742330,240773,4065352,3983103,86.3332403889055,84.5865717883152,220
-7.6926,53.28823,2022/02/25 00:00:00+00,Fri 25 Feb 2022,691,1226,0,3825270,3743556,240773,4066043,3984329,86.3479147071709,84.6126075541522,221
-7.6926,53.28823,2022/02/26 00:00:00+00,Sat 26 Feb 2022,959,2092,0,3826229,3745648,240773,4067002,3986421,86.3682803673974,84.6570339996097,222
-7.6926,53.28823,2022/02/27 00:00:00+00,Sun 27 Feb 2022,671,1783,0,3826900,3747431,240773,4067673,3988204,86.3825299586507,84.6948984127314,223
-7.6926,53.28823,2022/02/28 00:00:00+00,Mon 28 Feb 2022,81,428,0,3826981,3747859,240773,4067754,3988632,86.3842501030494,84.7039875707887,224
-7.6926,53.28823,2022/03/01 00:00:00+00,Tue 01 Mar 2022,129,939,1,3827110,3748798,240774,4067884,3989572,86.3870108286275,84.7239497403538,225
-7.6926,53.28823,2022/03/02 00:00:00+00,Wed 02 Mar 2022,207,996,2,3827317,3749794,240776,4068093,3990570,86.3914492259032,84.7451436182537,226
-7.6926,53.28823,2022/03/03 00:00:00+00,Thu 03 Mar 2022,279,1273,0,3827596,3751067,240776,4068372,3991843,86.3973741677209,84.7721774925689,227
-7.6926,53.28823,2022/03/04 00:00:00+00,Fri 04 Mar 2022,734,1507,2,3828330,3752574,240778,4069108,3993352,86.4130041217633,84.8042231456259,228
-7.6926,53.28823,2022/03/05 00:00:00+00,Sat 05 Mar 2022,963,3341,0,3829293,3755915,240778,4070071,3996693,86.4334547273922,84.8751737929842,229
-7.6926,53.28823,2022/03/06 00:00:00+00,Sun 06 Mar 2022,455,1915,0,3829748,3757830,240778,4070526,3998608,86.4431172669157,84.9158414043853,230
-7.6926,53.28823,2022/03/07 00:00:00+00,Mon 07 Mar 2022,113,123,1,3829861,3757953,240779,4070640,3998732,86.4455382108842,84.9184747118599,231
-7.6926,53.28823,2022/03/08 00:00:00+00,Tue 08 Mar 2022,120,492,0,3829981,3758445,240779,4070760,3999224,86.4480865729563,84.9289229963556,232
-7.6926,53.28823,2022/03/09 00:00:00+00,Wed 09 Mar 2022,128,345,1,3830109,3758790,240780,4070889,3999570,86.4508260621839,84.9362707736636,233
-7.6926,53.28823,2022/03/10 00:00:00+00,Thu 10 Mar 2022,258,507,0,3830367,3759297,240780,4071147,4000077,86.456305040639,84.9470376034184,234
-7.6926,53.28823,2022/03/11 00:00:00+00,Fri 11 Mar 2022,493,2182,0,3830860,3761479,240780,4071640,4002259,86.4667745614853,84.99337532043,235
-7.6926,53.28823,2022/03/12 00:00:00+00,Sat 12 Mar 2022,473,2390,2,3831333,3763869,240782,4072115,4004651,86.4768618280208,85.0441726710678,236
-7.6926,53.28823,2022/03/13 00:00:00+00,Sun 13 Mar 2022,358,1082,0,3831691,3764951,240782,4072473,4005733,86.484464441536,85.0671504024182,237
-7.6926,53.28823,2022/03/14 00:00:00+00,Mon 14 Mar 2022,109,121,0,3831800,3765072,240782,4072582,4005854,86.4867792037515,85.069720000841,238
-7.6926,53.28823,2022/03/15 00:00:00+00,Tue 15 Mar 2022,219,757,1,3832019,3765829,240783,4072802,4006612,86.4914512008838,85.0858171545966,239
-7.6926,53.28823,2022/03/16 00:00:00+00,Wed 16 Mar 2022,196,797,0,3832215,3766626,240783,4072998,4007409,86.4956135256016,85.1027425260257,240
-7.6926,53.28823,2022/03/18 00:00:00+00,Fri 18 Mar 2022,1,6,0,3832216,3766632,240783,4072999,4007415,86.4956347619522,85.1028699441293,241
-7.6926,53.28823,2022/03/19 00:00:00+00,Sat 19 Mar 2022,743,2779,0,3832959,3769411,240783,4073742,4010194,86.5114133704488,85.1618857624498,242
-7.6926,53.28823,2022/03/20 00:00:00+00,Sun 20 Mar 2022,395,1402,0,3833354,3770813,240783,4074137,4011596,86.5198017289363,85.1916591259925,243
-7.6926,53.28823,2022/03/21 00:00:00+00,Mon 21 Mar 2022,54,112,0,3833408,3770925,240783,4074191,4011708,86.5209484918687,85.1940375972598,244
-7.6926,53.28823,2022/03/22 00:00:00+00,Tue 22 Mar 2022,139,575,0,3833547,3771500,240783,4074330,4012283,86.5239003446023,85.2062484988555,245
-7.6926,53.28823,2022/03/23 00:00:00+00,Wed 23 Mar 2022,102,221,0,3833649,3771721,240783,4074432,4012504,86.5260664523636,85.2109417323383,246
-7.6926,53.28823,2022/03/24 00:00:00+00,Thu 24 Mar 2022,148,245,0,3833797,3771966,240783,4074580,4012749,86.5292094322525,85.2161446382356,247
-7.6926,53.28823,2022/03/25 00:00:00+00,Fri 25 Mar 2022,435,1625,0,3834232,3773591,240783,4075015,4014374,86.538447244764,85.2506537079624,248
-7.6926,53.28823,2022/03/27 23:00:00+00,Mon 28 Mar 2022,45,52,1,3835531,3776293,240784,4076315,4017077,86.5660545005454,85.3080555636372,249
-7.6926,53.28823,2022/03/28 23:00:00+00,Tue 29 Mar 2022,140,192,3,3835671,3776485,240787,4076458,4017272,86.5690912986814,85.3121966520044,250
-7.6926,53.28823,2022/03/29 23:00:00+00,Wed 30 Mar 2022,109,135,0,3835780,3776620,240787,4076567,4017407,86.5714060608969,85.3150635593355,251
-7.6926,53.28823,2022/03/30 23:00:00+00,Thu 31 Mar 2022,227,358,0,3836007,3776978,240787,4076794,4017765,86.5762267124834,85.3226661728507,252
-7.6926,53.28823,2022/03/31 23:00:00+00,Fri 01 Apr 2022,308,903,0,3836315,3777881,240787,4077102,4018668,86.5827675084685,85.3418425974435,253
-7.6926,53.28823,2022/04/01 23:00:00+00,Sat 02 Apr 2022,729,1539,0,3837044,3779420,240787,4077831,4020207,86.5982488080567,85.3745253410186,254
-7.6926,53.28823,2022/04/02 23:00:00+00,Sun 03 Apr 2022,537,816,0,3837581,3780236,240787,4078368,4021023,86.6096527283295,85.3918542031091,255
-7.6926,53.28823,2022/04/03 23:00:00+00,Mon 04 Apr 2022,49,53,0,3837630,3780289,240787,4078417,4021076,86.610693309509,85.392979729691,256
-7.6926,53.28823,2022/04/04 23:00:00+00,Tue 05 Apr 2022,130,166,0,3837760,3780455,240787,4078547,4021242,86.6134540350871,85.3965049638908,257
-7.6926,53.28823,2022/04/05 23:00:00+00,Wed 06 Apr 2022,159,209,0,3837919,3780664,240787,4078706,4021451,86.6168306148327,85.4009433611664,258
-7.6926,53.28823,2022/04/06 23:00:00+00,Thu 07 Apr 2022,120,178,0,3838039,3780842,240787,4078826,4021629,86.6193789769048,85.4047234315734,259
-7.6926,53.28823,2022/04/07 23:00:00+00,Fri 08 Apr 2022,268,420,2,3838307,3781262,240789,4079096,4022051,86.6251127915671,85.4136851715271,260
-7.6926,53.28823,2022/04/08 23:00:00+00,Sat 09 Apr 2022,561,1018,0,3838868,3782280,240789,4079657,4023069,86.6370263842543,85.435303776439,261
-7.6926,53.28823,2022/04/09 23:00:00+00,Sun 10 Apr 2022,413,719,0,3839281,3782999,240789,4080070,4023788,86.6457969970526,85.4505727125212,262
-7.6926,53.28823,2022/04/10 23:00:00+00,Mon 11 Apr 2022,71,93,1,3839352,3783092,240790,4080142,4023882,86.6473260142959,85.4525689294777,263
-7.6926,53.28823,2022/04/11 23:00:00+00,Tue 12 Apr 2022,197,177,0,3839549,3783269,240790,4080339,4024059,86.6515095753643,85.4563277635341,264
-7.6926,53.28823,2022/04/12 23:00:00+00,Wed 13 Apr 2022,145,232,0,3839694,3783501,240790,4080484,4024291,86.6545888462015,85.4612545968735,265
-7.6926,53.28823,2022/04/13 23:00:00+00,Thu 14 Apr 2022,361,429,0,3840055,3783930,240790,4080845,4024720,86.6622551687685,85.4703649912814,266
-7.6926,53.28823,2022/04/14 23:00:00+00,Fri 15 Apr 2022,447,991,0,3840502,3784921,240790,4081292,4025711,86.6717478174872,85.4914102147271,267
-7.6926,53.28823,2022/04/15 23:00:00+00,Sat 16 Apr 2022,42,88,0,3840544,3785009,240790,4081334,4025799,86.6726397442124,85.49327901358,268
-7.6926,53.28823,2022/04/16 23:00:00+00,Sun 17 Apr 2022,1,0,0,3840545,3785009,240790,4081335,4025799,86.672660980563,85.49327901358,269
-7.6926,53.28823,2022/04/17 23:00:00+00,Mon 18 Apr 2022,36,61,0,3840581,3785070,240790,4081371,4025860,86.6734254891846,85.4945744309667,270
-7.6926,53.28823,2022/04/18 23:00:00+00,Tue 19 Apr 2022,219,269,1,3840800,3785339,240791,4081591,4026130,86.6780974863169,85.500308245629,271
-7.6926,53.28823,2022/04/19 23:00:00+00,Wed 20 Apr 2022,251,607,0,3841051,3785946,240791,4081842,4026737,86.6834278103178,85.5131987104438,272
-7.6926,53.28823,2022/04/20 23:00:00+00,Thu 21 Apr 2022,172,237,0,3841223,3786183,240791,4082014,4026974,86.6870804626212,85.5182317255363,273
-7.6926,53.28823,2022/04/21 23:00:00+00,Fri 22 Apr 2022,198,254,0,3841421,3786437,240791,4082212,4027228,86.6912852600402,85.523625758589,274
-7.6926,53.28823,2022/04/22 23:00:00+00,Sat 23 Apr 2022,324,1010,0,3841745,3787447,240791,4082536,4028238,86.6981658376349,85.5450744726961,275
-7.6926,53.28823,2022/04/23 23:00:00+00,Sun 24 Apr 2022,181,253,0,3841926,3787700,240791,4082717,4028491,86.7020096170937,85.5504472693982,276
-7.6926,53.28823,2022/04/24 23:00:00+00,Mon 25 Apr 2022,42,58,0,3841968,3787758,240791,4082759,4028549,86.702901543819,85.551678977733,277
-7.6926,53.28823,2022/04/25 23:00:00+00,Tue 26 Apr 2022,144,238,0,3842112,3787996,240791,4082903,4028787,86.7059595783055,85.5567332291761,278
-7.6926,53.28823,2022/04/26 23:00:00+00,Wed 27 Apr 2022,122,208,0,3842234,3788204,240791,4083025,4028995,86.7085504130789,85.5611503901011,279
-7.6926,53.28823,2022/04/27 23:00:00+00,Thu 28 Apr 2022,104,129,0,3842338,3788333,240791,4083129,4029124,86.7107589935414,85.5638898793287,280
-7.6926,53.28823,2022/04/28 23:00:00+00,Fri 29 Apr 2022,176,222,0,3842514,3788555,240791,4083305,4029346,86.7144965912472,85.5686043491621,281
-7.6926,53.28823,2022/04/29 23:00:00+00,Sat 30 Apr 2022,281,723,0,3842795,3789278,240791,4083586,4030069,86.7204640057661,85.5839582306467,282
-7.6926,53.28823,2022/04/30 23:00:00+00,Sun 01 May 2022,186,746,0,3842981,3790024,240791,4083772,4030815,86.7244139669779,85.5998005481952,283
-7.6926,53.28823,2022/05/01 23:00:00+00,Mon 02 May 2022,11,26,0,3842992,3790050,240791,4083783,4030841,86.7246475668345,85.6003526933108,284
-7.6926,53.28823,2022/05/02 23:00:00+00,Tue 03 May 2022,101,117,0,3843093,3790167,240791,4083884,4030958,86.7267924382452,85.6028373463311,285
-7.6926,53.28823,2022/05/03 23:00:00+00,Wed 04 May 2022,119,128,0,3843212,3790295,240791,4084003,4031086,86.7293195639668,85.605555599208,286
-7.6926,53.28823,2022/05/04 23:00:00+00,Thu 05 May 2022,118,164,0,3843330,3790459,240791,4084121,4031250,86.7318254533377,85.6090383607066,287
-7.6926,53.28823,2022/05/05 23:00:00+00,Fri 06 May 2022,143,257,0,3843473,3790716,240791,4084264,4031507,86.7348622514736,85.6144961028111,288
-7.6926,53.28823,2022/05/06 23:00:00+00,Sat 07 May 2022,440,1087,0,3843913,3791803,240791,4084704,4032594,86.7442062457381,85.6375800159145,289
-7.6926,53.28823,2022/05/07 23:00:00+00,Sun 08 May 2022,275,437,0,3844188,3792240,240791,4084979,4033031,86.7500462421534,85.6468603011272,290
-7.6926,53.28823,2022/05/08 23:00:00+00,Mon 09 May 2022,27,32,0,3844215,3792272,240791,4085006,4033063,86.7506196236197,85.6475398643464,291
-7.6926,53.28823,2022/05/09 23:00:00+00,Tue 10 May 2022,90,99,1,3844305,3792371,240792,4085097,4033163,86.7525521315244,85.6496634994065,292
-7.6926,53.28823,2022/05/10 23:00:00+00,Wed 11 May 2022,126,132,0,3844431,3792503,240792,4085223,4033295,86.7552279117001,85.6524666976859,293
-7.6926,53.28823,2022/05/11 23:00:00+00,Thu 12 May 2022,250,397,0,3844681,3792900,240792,4085473,4033692,86.7605369993504,85.6608975288745,294
-7.6926,53.28823,2022/05/12 23:00:00+00,Fri 13 May 2022,185,326,0,3844866,3793226,240792,4085658,4034018,86.7644657242116,85.6678205791705,295
-7.6926,53.28823,2022/05/13 23:00:00+00,Sat 14 May 2022,334,632,0,3845200,3793858,240792,4085992,4034650,86.7715586653124,85.6812419527504,296
-7.6926,53.28823,2022/05/14 23:00:00+00,Sun 15 May 2022,169,254,0,3845369,3794112,240792,4086161,4034904,86.7751476085639,85.6866359858031,297
-7.6926,53.28823,2022/05/15 23:00:00+00,Mon 16 May 2022,31,41,0,3845400,3794153,240792,4086192,4034945,86.7758059354326,85.6875066761777,298
-7.6926,53.28823,2022/05/16 23:00:00+00,Tue 17 May 2022,102,96,0,3845502,3794249,240792,4086294,4035041,86.7779720431939,85.6895453658354,299
-7.6926,53.28823,2022/05/17 23:00:00+00,Wed 18 May 2022,106,121,0,3845608,3794370,240792,4086400,4035162,86.7802230963576,85.6921149642582,300
-7.6926,53.28823,2022/05/18 23:00:00+00,Thu 19 May 2022,101,104,0,3845709,3794474,240792,4086501,4035266,86.7823679677683,85.6943235447207,301
-7.6926,53.28823,2022/05/19 23:00:00+00,Fri 20 May 2022,130,207,0,3845839,3794681,240792,4086631,4035473,86.7851286933465,85.6987194692951,302
-7.6926,53.28823,2022/05/20 23:00:00+00,Sat 21 May 2022,393,761,0,3846232,3795442,240792,4087024,4036234,86.7934745791327,85.7148803321026,303
-7.6926,53.28823,2022/05/21 23:00:00+00,Sun 22 May 2022,233,409,0,3846465,3795851,240792,4087257,4036643,86.7984226488228,85.7235659994984,304
-7.6926,53.28823,2022/05/22 23:00:00+00,Mon 23 May 2022,30,35,0,3846495,3795886,240792,4087287,4036678,86.7990597393408,85.7243092717694,305
-7.6926,53.28823,2022/05/23 23:00:00+00,Tue 24 May 2022,79,82,0,3846574,3795968,240792,4087366,4036760,86.8007374110383,85.7260506525187,306
-7.6926,53.28823,2022/05/24 23:00:00+00,Wed 25 May 2022,89,133,0,3846663,3796101,240792,4087455,4036893,86.8026274462418,85.7288750871487,307
-7.6926,53.28823,2022/05/25 23:00:00+00,Thu 26 May 2022,136,155,0,3846799,3796256,240792,4087591,4037048,86.8055155899235,85.7321667214918,308
-7.6926,53.28823,2022/05/26 23:00:00+00,Fri 27 May 2022,98,151,0,3846897,3796407,240792,4087689,4037199,86.8075967522824,85.7353734104326,309
-7.6926,53.28823,2022/05/27 23:00:00+00,Sat 28 May 2022,335,578,0,3847232,3796985,240792,4088024,4037777,86.8147109297338,85.7476480210801,310
-7.6926,53.28823,2022/05/28 23:00:00+00,Sun 29 May 2022,181,348,0,3847413,3797333,240792,4088205,4038125,86.8185547091926,85.7550382710892,311
-7.6926,53.28823,2022/05/29 23:00:00+00,Mon 30 May 2022,14,21,0,3847427,3797354,240792,4088219,4038146,86.818852018101,85.7554842344519,312
-7.6926,53.28823,2022/05/30 23:00:00+00,Tue 31 May 2022,66,79,1,3847493,3797433,240793,4088286,4038226,86.8202748535913,85.7571831425,313
-7.6926,53.28823,2022/05/31 23:00:00+00,Wed 01 Jun 2022,70,101,0,3847563,3797534,240793,4088356,4038327,86.8217613981334,85.7593280139107,314
-7.6926,53.28823,2022/06/01 23:00:00+00,Thu 02 Jun 2022,122,138,0,3847685,3797672,240793,4088478,4038465,86.8243522329067,85.7622586302936,315
-7.6926,53.28823,2022/06/02 23:00:00+00,Fri 03 Jun 2022,65,144,0,3847750,3797816,240793,4088543,4038609,86.8257325956958,85.7653166647802,316
-7.6926,53.28823,2022/06/03 23:00:00+00,Sat 04 Jun 2022,306,606,0,3848056,3798422,240793,4088849,4039215,86.8322309189797,85.7781858932444,317
-7.6926,53.28823,2022/06/04 23:00:00+00,Sun 05 Jun 2022,142,273,0,3848198,3798695,240793,4088991,4039488,86.8352464807651,85.7839834169585,318
-7.6926,53.28823,2022/06/05 23:00:00+00,Mon 06 Jun 2022,3,6,0,3848201,3798701,240793,4088994,4039494,86.8353101898169,85.7841108350621,319
-7.6926,53.28823,2022/06/06 23:00:00+00,Tue 07 Jun 2022,30,50,0,3848231,3798751,240793,4089024,4039544,86.8359472803349,85.7851726525922,320
-7.6926,53.28823,2022/06/07 23:00:00+00,Wed 08 Jun 2022,41,76,0,3848272,3798827,240793,4089065,4039620,86.8368179707095,85.7867866152379,321
-7.6926,53.28823,2022/06/08 23:00:00+00,Thu 09 Jun 2022,83,123,0,3848355,3798950,240793,4089148,4039743,86.8385805878094,85.7893986863618,322
-7.6926,53.28823,2022/06/09 23:00:00+00,Fri 10 Jun 2022,58,107,0,3848413,3799057,240793,4089206,4039850,86.8398122961443,85.7916709758761,323
-7.6926,53.28823,2022/06/10 23:00:00+00,Sat 11 Jun 2022,191,559,0,3848604,3799616,240793,4089397,4040409,86.8438684391091,85.8035420958622,324
-7.6926,53.28823,2022/06/11 23:00:00+00,Sun 12 Jun 2022,143,287,0,3848747,3799903,240793,4089540,4040696,86.8469052372451,85.8096369284847,325
-7.6926,53.28823,2022/06/12 23:00:00+00,Mon 13 Jun 2022,20,45,0,3848767,3799948,240793,4089560,4040741,86.8473299642571,85.8105925642617,326
-7.6926,53.28823,2022/06/13 23:00:00+00,Tue 14 Jun 2022,39,53,0,3848806,3800001,240793,4089599,4040794,86.8481581819305,85.8117180908436,327
-7.6926,53.28823,2022/06/14 23:00:00+00,Wed 15 Jun 2022,70,122,0,3848876,3800123,240793,4089669,4040916,86.8496447264726,85.8143089256169,328
-7.6926,53.28823,2022/06/15 23:00:00+00,Thu 16 Jun 2022,82,85,0,3848958,3800208,240793,4089751,4041001,86.8513861072219,85.816114015418,329
-7.6926,53.28823,2022/06/16 23:00:00+00,Fri 17 Jun 2022,63,93,0,3849021,3800301,240793,4089814,4041094,86.8527239973098,85.8180889960239,330
-7.6926,53.28823,2022/06/17 23:00:00+00,Sat 18 Jun 2022,223,487,0,3849244,3800788,240793,4090037,4041581,86.8574597034938,85.8284310987667,331
-7.6926,53.28823,2022/06/18 23:00:00+00,Sun 19 Jun 2022,78,129,0,3849322,3800917,240793,4090115,4041710,86.8591161388407,85.8311705879942,332
-7.6926,53.28823,2022/06/19 23:00:00+00,Mon 20 Jun 2022,8,27,0,3849330,3800944,240793,4090123,4041737,86.8592860296455,85.8317439694604,333
-7.6926,53.28823,2022/06/20 23:00:00+00,Tue 21 Jun 2022,78,167,1,3849408,3801111,240794,4090202,4041905,86.860963701343,85.8353116763614,334
-7.6926,53.28823,2022/06/21 23:00:00+00,Wed 22 Jun 2022,61,93,0,3849469,3801204,240794,4090263,4041998,86.8622591187297,85.8372866569673,335
-7.6926,53.28823,2022/06/22 23:00:00+00,Thu 23 Jun 2022,67,108,0,3849536,3801312,240794,4090330,4042106,86.86368195422,85.8395801828322,336
-7.6926,53.28823,2022/06/23 23:00:00+00,Fri 24 Jun 2022,59,88,1,3849595,3801400,240795,4090390,4042195,86.864956135256,85.8414702180357,337
-7.6926,53.28823,2022/06/24 23:00:00+00,Sat 25 Jun 2022,209,290,0,3849804,3801690,240795,4090599,4042485,86.8693945325317,85.8476287597101,338
-7.6926,53.28823,2022/06/25 23:00:00+00,Sun 26 Jun 2022,175,404,0,3849979,3802094,240795,4090774,4042889,86.8731108938868,85.8562082453529,339
-7.6926,53.28823,2022/06/26 23:00:00+00,Mon 27 Jun 2022,2,32,0,3849981,3802126,240795,4090776,4042921,86.873153366588,85.8568878085721,340
-7.6926,53.28823,2022/06/27 23:00:00+00,Tue 28 Jun 2022,50,59,0,3850031,3802185,240795,4090826,4042980,86.8742151841181,85.8581407532576,341
-7.6926,53.28823,2021/05/09 23:00:00+00,Mon 10 May 2021,28841,4646,171,1437257,546189,833,1438090,547022,30.5397834359438,11.6167509785179,342
-7.6926,53.28823,2022/06/28 23:00:00+00,Wed 29 Jun 2022,63,81,3,3850094,3802266,240798,4090892,4043064,86.8756167832578,85.8599246067081,343
-7.6926,53.28823,2022/06/29 23:00:00+00,Thu 30 Jun 2022,69,85,0,3850163,3802351,240798,4090961,4043149,86.8770820914492,85.8617296965092,344
-7.6926,53.28823,2022/06/30 23:00:00+00,Fri 01 Jul 2022,49,60,0,3850212,3802411,240798,4091010,4043209,86.8781226726287,85.8630038775453,345
-7.6926,53.28823,2022/07/01 23:00:00+00,Sat 02 Jul 2022,180,227,0,3850392,3802638,240798,4091190,4043436,86.8819452157369,85.8678245291317,346
-7.6926,53.28823,2022/07/02 23:00:00+00,Sun 03 Jul 2022,107,273,0,3850499,3802911,240798,4091297,4043709,86.8842175052512,85.8736220528458,347
-7.6926,53.28823,2022/07/03 23:00:00+00,Mon 04 Jul 2022,15,14,0,3850514,3802925,240798,4091312,4043723,86.8845360505102,85.8739193617542,348
-7.6926,53.28823,2022/07/04 23:00:00+00,Tue 05 Jul 2022,54,67,0,3850568,3802992,240798,4091366,4043790,86.8856828134427,85.8753421972445,349
-7.6926,53.28823,2022/07/05 23:00:00+00,Wed 06 Jul 2022,61,80,0,3850629,3803072,240798,4091427,4043870,86.8869782308294,85.8770411052926,350
-7.6926,53.28823,2022/07/06 23:00:00+00,Thu 07 Jul 2022,71,66,0,3850700,3803138,240798,4091498,4043936,86.888486011722,85.8784427044323,351
-7.6926,53.28823,2022/07/07 23:00:00+00,Fri 08 Jul 2022,101,84,0,3850801,3803222,240798,4091599,4044020,86.8906308831328,85.8802265578828,352
-7.6926,53.28823,2022/07/08 23:00:00+00,Sat 09 Jul 2022,118,138,0,3850919,3803360,240798,4091717,4044158,86.8931367725037,85.8831571742657,353
-7.6926,53.28823,2022/07/09 23:00:00+00,Sun 10 Jul 2022,132,218,0,3851051,3803578,240798,4091849,4044376,86.895939970783,85.8877866986967,354
-7.6926,53.28823,2022/07/10 23:00:00+00,Mon 11 Jul 2022,10,8,0,3851061,3803586,240798,4091859,4044384,86.896152334289,85.8879565895016,355
-7.6926,53.28823,2022/07/11 23:00:00+00,Tue 12 Jul 2022,44,76,0,3851105,3803662,240798,4091903,4044460,86.8970867337155,85.8895705521472,356
-7.6926,53.28823,2022/07/12 23:00:00+00,Wed 13 Jul 2022,92,67,0,3851197,3803729,240798,4091995,4044527,86.8990404779708,85.8909933876375,357
-7.6926,53.28823,2021/05/10 23:00:00+00,Tue 11 May 2021,33922,14819,153,1471179,561008,986,1472165,561994,31.2634120826765,11.9347016197177,358
-7.6926,53.28823,2021/05/11 23:00:00+00,Wed 12 May 2021,31294,20940,173,1502473,581948,1159,1503632,583107,31.9316563270415,12.3830646899588,359
-7.6926,53.28823,2021/05/12 23:00:00+00,Thu 13 May 2021,35995,25478,152,1538468,607426,1311,1539779,608737,32.6992866922197,12.9273523558652,360
-7.6926,53.28823,2021/05/13 23:00:00+00,Fri 14 May 2021,38216,27943,236,1576684,635369,1547,1578231,636916,33.5158668455334,13.5257714794537,361
-7.6926,53.28823,2021/05/14 23:00:00+00,Sat 15 May 2021,28852,12450,22,1605536,647819,1569,1607105,649388,34.1290452327897,13.7906312441507,362
-7.6926,53.28823,2021/05/15 23:00:00+00,Sun 16 May 2021,23173,1172,9,1628709,648991,1578,1630287,650569,34.6213463124245,13.8157113742106,363
-7.6926,53.28823,2021/05/16 23:00:00+00,Mon 17 May 2021,35379,3947,118,1664088,652938,1696,1665784,654634,35.375173049712,13.9020371394041,364
-7.6926,53.28823,2021/05/17 23:00:00+00,Tue 18 May 2021,39006,12493,127,1703094,665431,1823,1704917,667254,36.206215157785,14.1700398839901,365
-7.6926,53.28823,2021/05/18 23:00:00+00,Wed 19 May 2021,37020,17589,209,1740114,683020,2032,1742146,685052,36.9968232543136,14.5480044519885,366
-7.6926,53.28823,2021/05/19 23:00:00+00,Thu 20 May 2021,39083,19643,136,1779197,702663,2168,1781365,704831,37.8296916885383,14.9680382305278,367
-7.6926,53.28823,2021/05/20 23:00:00+00,Fri 21 May 2021,25834,23247,14934,1805031,725910,17102,1822133,743012,38.6954552298442,15.7788633328286,368
-7.6926,53.28823,2021/05/21 23:00:00+00,Sat 22 May 2021,16583,10246,13522,1821614,736156,30624,1852238,766780,39.3347755646905,16.2836089139157,369
-7.6926,53.28823,2021/05/22 23:00:00+00,Sun 23 May 2021,8215,5525,10205,1829829,741681,40829,1870658,782510,39.7259491427629,16.6176567088711,370
-7.6926,53.28823,2021/05/23 23:00:00+00,Mon 24 May 2021,22546,8213,8450,1852375,749894,49279,1901654,799173,40.3841910659947,16.9715180189373,371
-7.6926,53.28823,2021/05/24 23:00:00+00,Tue 25 May 2021,30339,16497,3222,1882714,766391,52501,1935215,818892,41.0969042285184,17.3902776164405,372
-7.6926,53.28823,2021/05/25 23:00:00+00,Wed 26 May 2021,19974,25444,3052,1902688,791835,55553,1958241,847388,41.5858924374595,17.9954286631696,373
-7.6926,53.28823,2021/05/26 23:00:00+00,Thu 27 May 2021,17009,36034,550,1919697,827869,56103,1975800,883972,41.9587815176643,18.7723393135605,374
-7.6926,53.28823,2021/05/27 23:00:00+00,Fri 28 May 2021,27041,31822,1558,1946738,859691,57661,2004399,917352,42.5661199085053,19.4812086966254,375
-7.6926,53.28823,2021/05/28 23:00:00+00,Sat 29 May 2021,24474,7385,534,1971212,867076,58195,2029407,925271,43.0971985643378,19.6493793570355,376
-7.6926,53.28823,2021/05/29 23:00:00+00,Sun 30 May 2021,24247,1676,209,1995459,868752,58404,2053863,927156,43.6165547546384,19.6894098779186,377
-7.6926,53.28823,2021/05/30 23:00:00+00,Mon 31 May 2021,22583,7320,3443,2018042,876072,61847,2079889,937919,44.1692520153828,19.9179767194383,378
-7.6926,53.28823,2021/05/31 23:00:00+00,Tue 01 Jun 2021,27550,11511,3653,2045592,887583,65500,2111092,953083,44.8318898631891,20.2400047399535,379
-7.6926,53.28823,2021/06/01 23:00:00+00,Wed 02 Jun 2021,18690,20896,4008,2064282,908479,69508,2133790,977987,45.313912549133,20.7688748153234,380
-7.6926,53.28823,2021/06/02 23:00:00+00,Thu 03 Jun 2021,16688,30702,1977,2080970,939181,71485,2152455,1010666,45.7102890331026,21.4628575166169,381
-7.6926,53.28823,2021/06/03 23:00:00+00,Fri 04 Jun 2021,28976,23343,153,2109946,962524,71638,2181584,1034162,46.3288826897622,21.9618268103405,382
-7.6926,53.28823,2021/06/04 23:00:00+00,Sat 05 Jun 2021,20954,11491,33,2130900,974015,71671,2202571,1045686,46.7745699798276,22.2065545146676,383
-7.6926,53.28823,2021/06/05 23:00:00+00,Sun 06 Jun 2021,19940,3906,46,2150840,977921,71717,2222557,1049638,47.1989996829413,22.2904805722432,384
-7.6926,53.28823,2021/06/06 23:00:00+00,Mon 07 Jun 2021,19813,4588,45,2170653,982509,71762,2242415,1054271,47.620711133178,22.3888685845781,385
-7.6926,53.28823,2021/06/07 23:00:00+00,Tue 08 Jun 2021,26401,18335,45,2197054,1000844,71807,2268861,1072651,48.1823276611749,22.7791927086264,386
-7.6926,53.28823,2021/06/08 23:00:00+00,Wed 09 Jun 2021,32792,20108,174,2229846,1020952,71981,2301827,1092933,48.8824051950909,23.2099083715181,387
-7.6926,53.28823,2021/06/09 23:00:00+00,Thu 10 Jun 2021,27689,27485,270,2257535,1048437,72251,2329786,1120688,49.4761523215472,23.7993232824517,388
-7.6926,53.28823,2021/06/10 23:00:00+00,Fri 11 Jun 2021,26434,32894,39,2283969,1081331,72290,2356259,1153621,50.0383422310103,24.498700016798,389
-7.6926,53.28823,2021/06/11 23:00:00+00,Sat 12 Jun 2021,12212,19719,105,2296181,1101050,72395,2368576,1173445,50.2999103613641,24.9196894311143,390
-7.6926,53.28823,2021/06/12 23:00:00+00,Sun 13 Jun 2021,8549,18171,832,2304730,1119221,73227,2377957,1192448,50.4991285663531,25.3232438015871,391
-7.6926,53.28823,2021/06/13 23:00:00+00,Mon 14 Jun 2021,16017,31303,49,2320747,1150524,73276,2394023,1223800,50.8403117751105,25.9890458656329,392
-7.6926,53.28823,2021/06/14 23:00:00+00,Tue 15 Jun 2021,14692,41585,205,2335439,1192109,73481,2408920,1265590,51.1566696900151,26.8765129572531,393
-7.6926,53.28823,2021/06/15 23:00:00+00,Wed 16 Jun 2021,13466,48385,216,2348905,1240494,73697,2422602,1314191,51.4472254389394,27.9086208328175,394
-7.6926,53.28823,2021/06/16 23:00:00+00,Thu 17 Jun 2021,21567,42684,534,2370472,1283178,74231,2444703,1357409,51.9165700235745,28.826413433096,395
-7.6926,53.28823,2021/06/17 23:00:00+00,Fri 18 Jun 2021,12013,50010,553,2382485,1333188,74784,2457269,1407972,52.183426005228,29.9001870285397,396
-7.6926,53.28823,2021/06/18 23:00:00+00,Sat 19 Jun 2021,6310,32797,433,2388795,1365985,75217,2464012,1441202,52.3266227173312,30.6058709590145,397
-7.6926,53.28823,2021/06/19 23:00:00+00,Sun 20 Jun 2021,8514,26138,177,2397309,1392123,75394,2472703,1467517,52.5111878404054,31.1647055250826,398
-7.6926,53.28823,2021/06/20 23:00:00+00,Mon 21 Jun 2021,15468,32334,573,2412777,1424457,75967,2488744,1500424,52.8518401403978,31.8635301143132,399
-7.6926,53.28823,2021/06/21 23:00:00+00,Tue 22 Jun 2021,15139,43539,722,2427916,1467996,76689,2504605,1544685,53.1886698972819,32.8034722282687,400
-7.6926,53.28823,2021/06/22 23:00:00+00,Wed 23 Jun 2021,20081,39386,883,2447997,1507382,77572,2525569,1584954,53.6338687512835,33.6586388306246,401
-7.6926,53.28823,2021/06/23 23:00:00+00,Thu 24 Jun 2021,19020,44269,1032,2467017,1551651,78604,2545621,1630255,54.0597000535368,34.6206667492053,402
-7.6926,53.28823,2021/06/24 23:00:00+00,Fri 25 Jun 2021,15202,50117,843,2482219,1601768,79447,2561666,1681215,54.4004372989316,35.7028711758376,403
-7.6926,53.28823,2021/06/25 23:00:00+00,Sat 26 Jun 2021,9062,30556,510,2491281,1632324,79957,2571238,1712281,54.6037116468854,36.3625996436116,404
-7.6926,53.28823,2021/06/26 23:00:00+00,Sun 27 Jun 2021,8727,30474,58,2500008,1662798,80015,2580023,1742813,54.7902729869161,37.0109879001645,405
-7.6926,53.28823,2021/06/27 23:00:00+00,Mon 28 Jun 2021,24228,24638,522,2524236,1687436,80537,2604773,1767973,55.3158726642934,37.5452944812883,406
-7.6926,53.28823,2021/06/28 23:00:00+00,Tue 29 Jun 2021,28139,31032,810,2552375,1718468,81347,2633722,1799815,55.9306437778448,38.2215023571287,407
-7.6926,53.28823,2021/06/29 23:00:00+00,Wed 30 Jun 2021,22569,36862,590,2574944,1755330,81937,2656881,1837267,56.4224564214158,39.0168461598413,408
-7.6926,53.28823,2021/06/30 23:00:00+00,Thu 01 Jul 2021,15016,48293,638,2589960,1803623,82575,2672535,1886198,56.7548902537255,40.055962031104,409
-7.6926,53.28823,2021/07/01 23:00:00+00,Fri 02 Jul 2021,13669,47257,817,2603629,1850880,83392,2687021,1934272,57.0625200285332,41.0768783499016,410
-7.6926,53.28823,2021/07/02 23:00:00+00,Sat 03 Jul 2021,9310,30474,505,2612939,1881354,83897,2696836,1965251,57.270954809683,41.7347592551732,411
-7.6926,53.28823,2021/07/03 23:00:00+00,Sun 04 Jul 2021,6447,27782,233,2619386,1909136,84130,2703516,1993266,57.4128136316984,42.3296956172632,412
-7.6926,53.28823,2021/07/04 23:00:00+00,Mon 05 Jul 2021,15611,33454,5343,2634997,1942590,89473,2724470,2032063,57.857800122194,43.1536023115343,413
-7.6926,53.28823,2021/07/05 23:00:00+00,Tue 06 Jul 2021,12407,48288,5486,2647404,1990878,94959,2742363,2085837,58.2377821434995,44.2955658287581,414
-7.6926,53.28823,2021/07/06 23:00:00+00,Wed 07 Jul 2021,19704,43752,5059,2667108,2034630,100018,2767126,2134648,58.7636578934347,45.3321333379487,415
-7.6926,53.28823,2021/07/07 23:00:00+00,Thu 08 Jul 2021,17769,45588,5997,2684877,2080218,106015,2790892,2186233,59.2683610018206,46.4276104837067,416
-7.6926,53.28823,2021/07/08 23:00:00+00,Fri 09 Jul 2021,13518,45084,6531,2698395,2125302,112546,2810941,2237848,59.6941285950222,47.5237247199828,417
-7.6926,53.28823,2021/07/09 23:00:00+00,Sat 10 Jul 2021,8629,23865,4364,2707024,2149167,116910,2823934,2266077,59.9700524983823,48.1232056611014,418
-7.6926,53.28823,2021/07/10 23:00:00+00,Sun 11 Jul 2021,15234,16108,2153,2722258,2165275,119063,2841321,2284338,60.3392889262837,48.5110026594282,419
-7.6926,53.28823,2021/07/11 23:00:00+00,Mon 12 Jul 2021,17105,31754,6091,2739363,2197029,125154,2864517,2322183,60.831887314827,49.314692347927,420
-7.6926,53.28823,2021/07/12 23:00:00+00,Tue 13 Jul 2021,20102,36565,8488,2759465,2233594,133642,2893107,2367236,61.4390345785126,50.2714536515586,421
-7.6926,53.28823,2021/07/13 23:00:00+00,Wed 14 Jul 2021,20796,35704,9332,2780261,2269298,142974,2923235,2412272,62.0788433494227,51.22785393723,422
-7.6926,53.28823,2021/07/14 23:00:00+00,Thu 15 Jul 2021,23631,28832,9583,2803892,2298130,152557,2956449,2450687,62.7841874982878,52.0436483455715,423
-7.6926,53.28823,2021/07/15 23:00:00+00,Fri 16 Jul 2021,23527,27417,9165,2827419,2325547,161722,2989141,2487269,63.4784462721392,52.8205165232611,424
-7.6926,53.28823,2021/07/16 23:00:00+00,Sat 17 Jul 2021,11499,19421,4676,2838918,2344968,166398,3005316,2511366,63.821944243112,53.332248863696,425
-7.6926,53.28823,2021/07/17 23:00:00+00,Sun 18 Jul 2021,16861,15814,1931,2855779,2360782,168329,3024108,2529111,64.221017743608,53.7090879051126,426
-7.6926,53.28823,2021/07/18 23:00:00+00,Mon 19 Jul 2021,24882,18427,6253,2880661,2379209,174582,3055243,2553791,64.8822115195734,54.2332010379479,427
-7.6926,53.28823,2021/07/19 23:00:00+00,Tue 20 Jul 2021,30578,18177,7698,2911239,2397386,182280,3093519,2579666,65.6950540751814,54.7826916097515,428
-7.6926,53.28823,2021/07/20 23:00:00+00,Wed 21 Jul 2021,30354,19838,6887,2941593,2417224,189167,3130760,2606391,66.4859170079171,55.350233079566,429
-7.6926,53.28823,2021/07/21 23:00:00+00,Thu 22 Jul 2021,33528,15918,6934,2975121,2433142,196101,3171222,2629243,67.3451822259391,55.8355261635025,430
-7.6926,53.28823,2021/07/22 23:00:00+00,Fri 23 Jul 2021,27088,20824,5615,3002209,2453966,201716,3203925,2655682,68.039674599647,56.3969940370451,431
-7.6926,53.28823,2021/07/23 23:00:00+00,Sat 24 Jul 2021,15433,14807,2274,3017642,2468773,203990,3221632,2672763,68.4157066597408,56.7597321416626,432
-7.6926,53.28823,2021/07/24 23:00:00+00,Sun 25 Jul 2021,14715,13640,1043,3032357,2482413,205033,3237390,2687446,68.750349072513,57.0715454775386,433
-7.6926,53.28823,2021/07/25 23:00:00+00,Mon 26 Jul 2021,23826,18291,3421,3056183,2500704,208454,3264637,2709158,69.3289759173413,57.5326291217898,434
-7.6926,53.28823,2021/07/26 23:00:00+00,Tue 27 Jul 2021,25502,23902,3670,3081685,2524606,212124,3293809,2736730,69.9484827370768,58.1181577805635,435
-7.6926,53.28823,2021/07/27 23:00:00+00,Wed 28 Jul 2021,23433,25281,3261,3105118,2549887,215385,3320503,2765272,70.5153658800227,58.7242856994203,436
-7.6926,53.28823,2021/07/28 23:00:00+00,Thu 29 Jul 2021,19262,27860,2961,3124380,2577747,218346,3342726,2796093,70.9873012994311,59.3788112612969,437
-7.6926,53.28823,2021/07/29 23:00:00+00,Fri 30 Jul 2021,21947,22936,2118,3146327,2600683,220464,3366791,2821147,71.4983540766467,59.910866789257,438
-7.6926,53.28823,2021/07/30 23:00:00+00,Sat 31 Jul 2021,13735,12478,907,3160062,2613161,221371,3381433,2834532,71.809296722148,60.1951153420528,439
-7.6926,53.28823,2021/07/31 23:00:00+00,Sun 01 Aug 2021,11108,9322,368,3171170,2622483,221739,3392909,2844222,72.0530050816463,60.4008955793775,440
-7.6926,53.28823,2021/08/01 23:00:00+00,Mon 02 Aug 2021,15019,16013,430,3186189,2638496,222169,3408358,2860665,72.3810854620828,60.7500848923115,441
-7.6926,53.28823,2021/08/02 23:00:00+00,Tue 03 Aug 2021,17336,25441,1111,3203525,2663937,223280,3426805,2887217,72.7728324216214,61.3139524734721,442
-7.6926,53.28823,2021/08/03 23:00:00+00,Wed 04 Aug 2021,22106,17301,1575,3225631,2681238,224855,3450486,2906093,73.2757304402062,61.7148098274185,443
-7.6926,53.28823,2021/08/04 23:00:00+00,Thu 05 Aug 2021,13525,30041,1421,3239156,2711279,226276,3465432,2937555,73.5931289362903,62.3829478900305,444
-7.6926,53.28823,2021/08/05 23:00:00+00,Fri 06 Aug 2021,12205,24740,948,3251361,2736019,227224,3478585,2963243,73.8724506557466,62.9284672642717,445
-7.6926,53.28823,2021/08/06 23:00:00+00,Sat 07 Aug 2021,6327,8457,583,3257688,2744476,227807,3485495,2972283,74.0191938384003,63.1204438737057,446
-7.6926,53.28823,2021/08/07 23:00:00+00,Sun 08 Aug 2021,8626,11976,153,3266314,2756452,227960,3494274,2984412,74.2056277603274,63.3780195701465,447
-7.6926,53.28823,2021/08/08 23:00:00+00,Mon 09 Aug 2021,5537,23030,600,3271851,2779482,228560,3500411,3008042,74.3359552439664,63.8798345348507,448
-7.6926,53.28823,2021/08/09 23:00:00+00,Tue 10 Aug 2021,9350,26002,715,3281201,2805484,229275,3510476,3034759,74.5496991127665,64.4472061138604,449
-7.6926,53.28823,2021/08/10 23:00:00+00,Wed 11 Aug 2021,7007,31239,664,3288208,2836723,229939,3518147,3066662,74.7126031582276,65.1247094070875,450
-7.6926,53.28823,2021/08/11 23:00:00+00,Thu 12 Aug 2021,6765,38286,862,3294973,2875009,230801,3525774,3105810,74.8745728042622,65.9560700604195,451
-7.6926,53.28823,2021/08/12 23:00:00+00,Fri 13 Aug 2021,10924,28243,870,3305897,2903252,231671,3537568,3134923,75.1250343232517,66.5743239354695,452
-7.6926,53.28823,2021/08/13 23:00:00+00,Sat 14 Aug 2021,18129,5837,280,3324026,2909089,231951,3555977,3141040,75.5159743014674,66.7042266920965,453
-7.6926,53.28823,2021/08/14 23:00:00+00,Sun 15 Aug 2021,16998,3726,50,3341024,2912815,232001,3573025,3144816,75.8780116065151,66.7844151519663,454
-7.6926,53.28823,2021/08/15 23:00:00+00,Mon 16 Aug 2021,10180,23152,384,3351204,2935967,232385,3583589,3168352,76.1023524142651,67.2842338997139,455
-7.6926,53.28823,2021/08/16 23:00:00+00,Tue 17 Aug 2021,12863,26859,528,3364067,2962826,232913,3596980,3195739,76.3867283851645,67.8658338336264,456
-7.6926,53.28823,2021/08/17 23:00:00+00,Wed 18 Aug 2021,15230,25764,658,3379297,2988590,233571,3612868,3222161,76.7241315235149,68.4269406892088,457
-7.6926,53.28823,2021/08/18 23:00:00+00,Thu 19 Aug 2021,11360,25701,544,3390657,3014291,234115,3624772,3248406,76.9769290410705,68.9842887107348,458
-7.6926,53.28823,2021/08/19 23:00:00+00,Fri 20 Aug 2021,14840,22250,686,3405497,3036541,234801,3640298,3271342,77.3066446205032,69.4713656481217,459
-7.6926,53.28823,2021/08/20 23:00:00+00,Sat 21 Aug 2021,11885,7973,245,3417382,3044514,235046,3652428,3279560,77.5642415532947,69.6458859773616,460
-7.6926,53.28823,2021/08/21 23:00:00+00,Sun 22 Aug 2021,8004,12251,161,3425386,3056765,235207,3660593,3291972,77.7376363559527,69.9094715610226,461
-7.6926,53.28823,2021/08/22 23:00:00+00,Mon 23 Aug 2021,10863,15373,289,3436249,3072138,235496,3671745,3307634,77.9744641378562,70.2420752841371,462
-7.6926,53.28823,2021/08/23 23:00:00+00,Tue 24 Aug 2021,9708,22918,383,3445957,3095056,235879,3681836,3330935,78.188760151772,70.7369034894934,463
-7.6926,53.28823,2021/08/24 23:00:00+00,Wed 25 Aug 2021,9414,19520,314,3455371,3114576,236193,3691564,3350769,78.3953473704195,71.1581052673157,464
-7.6926,53.28823,2021/08/25 23:00:00+00,Thu 26 Aug 2021,8582,19433,368,3463953,3134009,236561,3700514,3370570,78.5854127082994,71.5786062455682,465
-7.6926,53.28823,2021/08/26 23:00:00+00,Fri 27 Aug 2021,9722,19206,430,3473675,3153215,236991,3710666,3390206,78.8010041396018,71.9956032259715,466
-7.6926,53.28823,2021/08/27 23:00:00+00,Sat 28 Aug 2021,9919,7919,153,3483594,3161134,237144,3720738,3398278,79.0148966628562,72.1670230480237,467
-7.6926,53.28823,2021/08/28 23:00:00+00,Sun 29 Aug 2021,8797,9187,30,3492391,3170321,237174,3729565,3407495,79.2023499296121,72.3627584915141,468
-7.6926,53.28823,2021/08/29 23:00:00+00,Mon 30 Aug 2021,5059,11130,84,3497450,3181451,237258,3734708,3418709,79.3115684807536,72.6009029271548,469
-7.6926,53.28823,2021/08/30 23:00:00+00,Tue 31 Aug 2021,4059,12886,142,3501509,3194337,237400,3738909,3431737,79.4007823896288,72.8775701027861,470
-7.6926,53.28823,2021/08/31 23:00:00+00,Wed 01 Sep 2021,4962,12521,181,3506471,3206858,237581,3744052,3444439,79.5100009407703,73.1473142281213,471
-7.6926,53.28823,2021/09/01 23:00:00+00,Thu 02 Sep 2021,5006,12359,247,3511477,3219217,237828,3749305,3457045,79.6215554904779,73.4150196637988,472
-7.6926,53.28823,2021/09/02 23:00:00+00,Fri 03 Sep 2021,4774,16064,166,3516251,3235281,237994,3754245,3473275,79.7264630624474,73.7596856340548,473
-7.6926,53.28823,2021/09/03 23:00:00+00,Sat 04 Sep 2021,4628,10580,133,3520879,3245861,238127,3759006,3483988,79.8275693276593,73.9871906580444,474
-7.6926,53.28823,2021/09/04 23:00:00+00,Sun 05 Sep 2021,5305,11900,1,3526184,3257761,238128,3764312,3495889,79.9402494039487,74.2399244665482,475
-7.6926,53.28823,2021/09/05 23:00:00+00,Mon 06 Sep 2021,2154,9667,75,3528338,3267428,238203,3766541,3505631,79.9875852294386,74.4468089941041,476
-7.6926,53.28823,2021/09/06 23:00:00+00,Tue 07 Sep 2021,3028,10015,158,3531366,3277443,238361,3769727,3515804,80.0552442424537,74.6628463887692,477
-7.6926,53.28823,2021/09/07 23:00:00+00,Wed 08 Sep 2021,2610,14810,187,3533976,3292253,238548,3772524,3530801,80.114642315085,74.981327938734,478
-7.6926,53.28823,2021/09/08 23:00:00+00,Thu 09 Sep 2021,3114,14811,138,3537090,3307064,238686,3775776,3545750,80.1837029272398,75.2987901438699,479
-7.6926,53.28823,2021/09/09 23:00:00+00,Fri 10 Sep 2021,3377,13946,115,3540467,3321010,238801,3779268,3559811,80.2578602635389,75.5973944696721,480
-7.6926,53.28823,2021/09/10 23:00:00+00,Sat 11 Sep 2021,2558,11332,62,3543025,3332342,238863,3781888,3571205,80.3134995021138,75.839361448421,481
-7.6926,53.28823,2021/09/11 23:00:00+00,Sun 12 Sep 2021,2041,12882,1,3545066,3345224,238864,3783930,3584088,80.3568641300412,76.1129493532151,482
-7.6926,53.28823,2021/09/12 23:00:00+00,Mon 13 Sep 2021,1613,7736,52,3546679,3352960,238916,3785595,3591876,80.3922226537921,76.2783380516965,483
-7.6926,53.28823,2021/09/13 23:00:00+00,Tue 14 Sep 2021,1546,10782,82,3548225,3363742,238998,3787223,3602740,80.4267954325707,76.5090497646269,484
-7.6926,53.28823,2021/09/14 23:00:00+00,Wed 15 Sep 2021,3280,12397,137,3551505,3376139,239135,3790640,3615274,80.4993600425746,76.7752261830612,485
-7.6926,53.28823,2021/09/15 23:00:00+00,Thu 16 Sep 2021,1912,10591,115,3553417,3386730,239250,3792667,3625980,80.5424061252431,77.0025825525966,486
-7.6926,53.28823,2021/09/16 23:00:00+00,Fri 17 Sep 2021,2560,14617,94,3555977,3401347,239344,3795321,3640691,80.5987673997384,77.3149905062895,487
-7.6926,53.28823,2021/09/17 23:00:00+00,Sat 18 Sep 2021,2287,11230,47,3558264,3412577,239391,3797655,3651968,80.6483330420414,77.5544728320181,488
-7.6926,53.28823,2021/09/18 23:00:00+00,Sun 19 Sep 2021,1862,8490,15,3560126,3421067,239406,3799532,3660473,80.6881936721197,77.7350879938805,489
-7.6926,53.28823,2021/09/19 23:00:00+00,Mon 20 Sep 2021,955,5617,35,3561081,3426684,239441,3800522,3666125,80.7092176592148,77.855115847478,490
-7.6926,53.28823,2021/09/20 23:00:00+00,Tue 21 Sep 2021,1462,6667,90,3562543,3433351,239531,3802074,3672882,80.7421764753477,77.9986098684897,491
-7.6926,53.28823,2021/09/21 23:00:00+00,Wed 22 Sep 2021,1896,8154,97,3564439,3441505,239628,3804067,3681133,80.7845005220957,78.1738309972994,492
-7.6926,53.28823,2021/09/22 23:00:00+00,Thu 23 Sep 2021,1702,8735,89,3566141,3450240,239717,3805858,3689957,80.8225348260223,78.3612205550035,493
-7.6926,53.28823,2021/09/23 23:00:00+00,Fri 24 Sep 2021,1910,7385,79,3568051,3457625,239796,3807847,3697421,80.8647739273679,78.5197286758902,494
-7.6926,53.28823,2021/09/24 23:00:00+00,Sat 25 Sep 2021,2421,6597,53,3570472,3464222,239849,3810321,3704071,80.917312658755,78.6609504073875,495
-7.6926,53.28823,2021/09/25 23:00:00+00,Sun 26 Sep 2021,1548,7097,0,3572020,3471319,239849,3811869,3711168,80.9501865294855,78.8116647876036,496
-7.6926,53.28823,2021/09/26 23:00:00+00,Mon 27 Sep 2021,1178,3822,45,3573198,3475141,239894,3813092,3715035,80.9761585862707,78.893785755378,497
-7.6926,53.28823,2021/09/27 23:00:00+00,Tue 28 Sep 2021,1451,5135,93,3574649,3480276,239987,3814636,3720263,81.0089475115988,79.0048093963206,498
-7.6926,53.28823,2021/09/28 23:00:00+00,Wed 29 Sep 2021,1652,3621,79,3576301,3483897,240066,3816367,3723963,81.0457076344893,79.0833838935447,499
-7.6926,53.28823,2021/09/29 23:00:00+00,Thu 30 Sep 2021,1281,3965,78,3577582,3487862,240144,3817726,3728006,81.0745678349562,79.169242459025,500
-7.6926,53.28823,2021/09/30 23:00:00+00,Fri 01 Oct 2021,1852,5184,41,3579434,3493046,240185,3819619,3733231,81.1147682466441,79.2802023909158,501
-7.6926,53.28823,2021/10/01 23:00:00+00,Sat 02 Oct 2021,1711,4088,40,3581145,3497134,240225,3821370,3737359,81.1519530965466,79.3678660461971,502
-7.6926,53.28823,2021/10/02 23:00:00+00,Sun 03 Oct 2021,1196,3018,9,3582341,3500152,240234,3822575,3740386,81.1775428990209,79.4321484794667,503
-7.6926,53.28823,2021/10/03 23:00:00+00,Mon 04 Oct 2021,337,1238,18,3582678,3501390,240252,3822930,3741642,81.1850818034843,79.4588213358217,504
-7.6926,53.28823,2021/10/04 23:00:00+00,Tue 05 Oct 2021,964,2825,70,3583642,3504215,240322,3823964,3744537,81.2070401900059,79.5203005708119,505
-7.6926,53.28823,2021/10/05 23:00:00+00,Wed 06 Oct 2021,981,2573,40,3584623,3506788,240362,3824985,3747150,81.2287225039696,79.5757911549325,506
-7.6926,53.28823,2021/10/06 23:00:00+00,Thu 07 Oct 2021,1216,2699,44,3585839,3509487,240406,3826245,3749893,81.255480305727,79.6340424646314,507
-7.6926,53.28823,2021/10/07 23:00:00+00,Fri 08 Oct 2021,961,2791,48,3586800,3512278,240454,3827254,3752732,81.2769077834835,79.6943324639879,508
-7.6926,53.28823,2021/10/08 23:00:00+00,Sat 09 Oct 2021,733,2380,23,3587533,3514658,240477,3828010,3755135,81.292962464538,79.7453634144824,509
-7.6926,53.28823,2021/10/09 23:00:00+00,Sun 10 Oct 2021,1503,3915,2,3589036,3518573,240479,3829515,3759052,81.3249231721926,79.8285461997869,510
-7.6926,53.28823,2021/10/10 23:00:00+00,Mon 11 Oct 2021,332,1127,19,3589368,3519700,240498,3829866,3760198,81.3323771312536,79.8528830575758,511
-7.6926,53.28823,2021/10/11 23:00:00+00,Tue 12 Oct 2021,559,1609,20,3589927,3521309,240518,3830445,3761827,81.3446729782516,79.887477072705,512
-7.6926,53.28823,2021/10/12 23:00:00+00,Wed 13 Oct 2021,996,2075,11,3590923,3523384,240529,3831452,3763913,81.3660579833069,79.9317761000589,513
-7.6926,53.28823,2021/10/13 23:00:00+00,Thu 14 Oct 2021,681,1601,8,3591604,3524985,240537,3832141,3765522,81.3806898288711,79.9659453881761,514
-7.6926,53.28823,2021/10/14 23:00:00+00,Fri 15 Oct 2021,950,2069,8,3592554,3527054,240545,3833099,3767599,81.401034252747,80.0100532883746,515
-7.6926,53.28823,2021/10/15 23:00:00+00,Sat 16 Oct 2021,1369,2642,14,3593923,3529696,240559,3834482,3770255,81.4304041256283,80.0664570355711,516
-7.6926,53.28823,2021/10/16 23:00:00+00,Sun 17 Oct 2021,1702,2891,2,3595625,3532587,240561,3836186,3773148,81.4665908670526,80.1278937978601,517
-7.6926,53.28823,2021/10/17 23:00:00+00,Mon 18 Oct 2021,670,1244,6,3596295,3533831,240567,3836862,3774398,81.4809466400589,80.1544392361115,518
-7.6926,53.28823,2021/10/18 23:00:00+00,Tue 19 Oct 2021,1333,1798,13,3597628,3535629,240580,3838208,3776209,81.509530767968,80.1928982670501,519
-7.6926,53.28823,2021/10/19 23:00:00+00,Wed 20 Oct 2021,2257,2323,0,3599885,3537952,240580,3840465,3778532,81.5574612112747,80.2422303094964,520
-7.6926,53.28823,2021/10/20 23:00:00+00,Thu 21 Oct 2021,1741,1838,11,3601626,3539790,240591,3842217,3780381,81.5946672975279,80.2814963217579,521
-7.6926,53.28823,2021/10/21 23:00:00+00,Fri 22 Oct 2021,1505,1923,3,3603131,3541713,240594,3843725,3782307,81.6266917142343,80.3223975330156,522
-7.6926,53.28823,2021/10/22 23:00:00+00,Sat 23 Oct 2021,2012,1698,1,3605143,3543411,240595,3845738,3784006,81.6694404879944,80.3584780926869,523
-7.6926,53.28823,2021/10/23 23:00:00+00,Sun 24 Oct 2021,1949,2184,2,3607092,3545595,240597,3847689,3786192,81.7108726080171,80.4049007551009,524
-7.6926,53.28823,2021/10/24 23:00:00+00,Mon 25 Oct 2021,1219,847,2,3608311,3546442,240599,3848910,3787041,81.7368021921011,80.4229304167613,525
-7.6926,53.28823,2021/10/25 23:00:00+00,Tue 26 Oct 2021,1240,1221,6,3609551,3547663,240605,3850156,3788268,81.76326268495,80.4489874189488,526
-7.6926,53.28823,2021/10/26 23:00:00+00,Wed 27 Oct 2021,1556,1420,5,3611107,3549083,240610,3851717,3789693,81.7964126282384,80.4792492185554,527
-7.6926,53.28823,2021/10/27 23:00:00+00,Thu 28 Oct 2021,2151,1687,4,3613258,3550770,240614,3853872,3791384,81.8421769637837,80.5151598874219,528
-7.6926,53.28823,2021/10/28 23:00:00+00,Fri 29 Oct 2021,2133,1358,2,3615391,3552128,240616,3856007,3792744,81.8875165723171,80.5440413242394,529
-7.6926,53.28823,2021/10/29 23:00:00+00,Sat 30 Oct 2021,2014,1446,1,3617405,3553574,240617,3858022,3794191,81.9303078187783,80.5747703235592,530
-7.6926,53.28823,2021/10/30 23:00:00+00,Sun 31 Oct 2021,1593,1319,0,3618998,3554893,240617,3859615,3795510,81.9641373252859,80.602781070002,531
-7.6926,53.28823,2021/11/01 00:00:00+00,Mon 01 Nov 2021,270,279,2,3619268,3555172,240619,3859887,3795791,81.9699136126494,80.6087484845209,532
-7.6926,53.28823,2021/11/02 00:00:00+00,Tue 02 Nov 2021,1095,1092,10,3620363,3556264,240629,3860992,3796893,81.9933797800636,80.6321509428834,533
-7.6926,53.28823,2021/11/03 00:00:00+00,Wed 03 Nov 2021,2533,1873,6,3622896,3558137,240635,3863531,3798772,82.0472988742398,80.6720540456628,534
-7.6926,53.28823,2021/11/04 00:00:00+00,Thu 04 Nov 2021,1538,1278,1,3624434,3559415,240636,3865070,3800051,82.0799816178149,80.6992153380816,535
-7.6926,53.28823,2021/11/05 00:00:00+00,Fri 05 Nov 2021,1630,1088,3,3626064,3560503,240639,3866703,3801142,82.1146605783465,80.7223841965875,536
-7.6926,53.28823,2021/11/06 00:00:00+00,Sat 06 Nov 2021,1813,1348,5,3627877,3561851,240644,3868521,3802495,82.1532682637393,80.7511169789507,537
-7.6926,53.28823,2021/11/07 00:00:00+00,Sun 07 Nov 2021,695,774,0,3628572,3562625,240644,3869216,3803269,82.1680275274071,80.767553914316,538
-7.6926,53.28823,2021/11/08 00:00:00+00,Mon 08 Nov 2021,517,529,3,3629089,3563154,240647,3869736,3803801,82.1790704297197,80.7788516528358,539
-7.6926,53.28823,2021/11/09 00:00:00+00,Tue 09 Nov 2021,1369,1059,3,3630458,3564213,240650,3871108,3804863,82.2082067027444,80.8014046571742,540
-7.6926,53.28823,2021/11/10 00:00:00+00,Wed 10 Nov 2021,1618,1358,1,3632076,3565571,240651,3872727,3806222,82.2425883543676,80.8302648576411,541
-7.6926,53.28823,2021/11/11 00:00:00+00,Thu 11 Nov 2021,1389,1110,2,3633465,3566681,240653,3874118,3807334,82.2721281180537,80.8538796795095,542
-7.6926,53.28823,2021/11/12 00:00:00+00,Fri 12 Nov 2021,1144,1154,6,3634609,3567835,240659,3875268,3808494,82.296549921245,80.8785138462068,543
-7.6926,53.28823,2021/11/13 00:00:00+00,Sat 13 Nov 2021,1400,1371,0,3636009,3569206,240659,3876668,3809865,82.3262808120865,80.9076288828809,544
-7.6926,53.28823,2021/11/14 00:00:00+00,Sun 14 Nov 2021,1647,1803,0,3637656,3571009,240659,3878315,3811668,82.3612570815266,80.9459180230147,545
-7.6926,53.28823,2021/11/15 00:00:00+00,Mon 15 Nov 2021,1243,586,1,3638899,3571595,240660,3879559,3812255,82.3876751016743,80.9583837608175,546
-7.6926,53.28823,2021/11/16 00:00:00+00,Tue 16 Nov 2021,1317,1068,5,3640216,3572663,240665,3880881,3813328,82.415749557169,80.9811703650125,547
-7.6926,53.28823,2021/11/17 00:00:00+00,Wed 17 Nov 2021,1510,1108,0,3641726,3573771,240665,3882391,3814436,82.4478164465767,81.0047002414785,548
-7.6926,53.28823,2021/11/18 00:00:00+00,Thu 18 Nov 2021,1652,2502,5,3643378,3576273,240670,3884048,3816943,82.4830050795227,81.0579397724355,549
-7.6926,53.28823,2021/11/19 00:00:00+00,Fri 19 Nov 2021,1168,1549,0,3644546,3577822,240670,3885216,3818492,82.5078091370248,81.0908348795166,550
-7.6926,53.28823,2021/11/20 00:00:00+00,Sat 20 Nov 2021,1546,2935,12,3646092,3580757,240682,3886774,3821439,82.5408953712613,81.1534184047381,551
-7.6926,53.28823,2021/11/21 00:00:00+00,Sun 21 Nov 2021,1786,2760,0,3647878,3583517,240682,3888560,3824199,82.5788234934349,81.2120307323971,552
-7.6926,53.28823,2021/11/22 00:00:00+00,Mon 22 Nov 2021,716,511,2,3648594,3584028,240684,3889278,3824712,82.5940711931665,81.2229249802555,553
-7.6926,53.28823,2021/11/23 00:00:00+00,Tue 23 Nov 2021,2160,1587,7,3650754,3585615,240691,3891445,3826306,82.6400903649191,81.2567757231137,554
-7.6926,53.28823,2021/11/24 00:00:00+00,Wed 24 Nov 2021,1622,3138,2,3652376,3588753,240693,3893069,3829446,82.6745781982953,81.3234578640011,555
-7.6926,53.28823,2021/11/25 00:00:00+00,Thu 25 Nov 2021,987,1180,1,3653363,3589933,240694,3894057,3830627,82.6955597126892,81.348537994061,556
-7.6926,53.28823,2021/11/26 00:00:00+00,Fri 26 Nov 2021,1290,1103,12,3654653,3591036,240706,3895359,3831742,82.7232094411718,81.3722165249813,557
-7.6926,53.28823,2021/11/27 00:00:00+00,Sat 27 Nov 2021,1202,1564,6,3655855,3592600,240712,3896567,3833312,82.7488629526979,81.405557595425,558
-7.6926,53.28823,2021/11/28 00:00:00+00,Sun 28 Nov 2021,1959,2256,0,3657814,3594856,240712,3898526,3835568,82.7904649635255,81.4534668023811,559
-7.6926,53.28823,2021/11/29 00:00:00+00,Mon 29 Nov 2021,539,990,1,3658353,3595846,240713,3899066,3836559,82.8019325928501,81.4745120258268,560
-7.6926,53.28823,2021/11/30 00:00:00+00,Tue 30 Nov 2021,1919,1643,6,3660272,3597489,240719,3900991,3838208,82.8428125677572,81.509530767968,561
-7.6926,53.28823,2021/12/01 00:00:00+00,Wed 01 Dec 2021,1078,1375,2,3661350,3598864,240721,3902071,3839585,82.8657478264064,81.5387732227457,562
