X,Y,VaccinationDate,VaccineText,Dose1,Dose2,SingleDose,Dose1Cum,Dose2Cum,SingleDoseCum,PartiallyVacc,FullyVacc,PartialPercent,FullyPercent,ObjectId
-7.6926,53.28823,2021/04/14 23:00:00+00,Thu 15 Apr 2021,27122,10825,1,857649,365653,272,857921,365925,17.8788705431822,7.62579037407167,1
-7.6926,53.28823,2021/11/17 00:00:00+00,Wed 17 Nov 2021,1503,1125,3,3647655,3579312,240993,3888648,3820305,81.0385037550127,79.6142518139451,2
-7.6926,53.28823,2021/04/15 23:00:00+00,Fri 16 Apr 2021,27981,9852,1,885630,375505,273,885903,375778,18.4620087989648,7.83112456155743,3
-7.6926,53.28823,2021/04/16 23:00:00+00,Sat 17 Apr 2021,15862,4567,3,901492,380072,276,901768,380348,18.7926316432216,7.92636227969505,4
-7.6926,53.28823,2021/04/17 23:00:00+00,Sun 18 Apr 2021,1080,489,0,902572,380561,276,902848,380837,18.8151385875517,7.93655292393341,5
-7.6926,53.28823,2021/04/18 23:00:00+00,Mon 19 Apr 2021,6769,2269,0,909341,382830,276,909617,383106,18.956202945117,7.98383834678992,6
-7.6926,53.28823,2021/04/19 23:00:00+00,Tue 20 Apr 2021,15105,7334,1,924446,390164,277,924723,390441,19.2710084090529,8.13669801036528,7
-7.6926,53.28823,2021/04/20 23:00:00+00,Wed 21 Apr 2021,26745,9906,4,951191,400070,281,951472,400351,19.8284512367253,8.34322006435736,8
-7.6926,53.28823,2021/04/21 23:00:00+00,Thu 22 Apr 2021,31646,12198,1,982837,412268,282,983119,412550,20.4879672248875,8.59744433647132,9
-7.6926,53.28823,2021/04/22 23:00:00+00,Fri 23 Apr 2021,33625,12365,3,1016462,424633,285,1016747,424918,21.1887667840848,8.85519052857767,10
-7.6926,53.28823,2021/04/23 23:00:00+00,Sat 24 Apr 2021,23712,7013,2,1040174,431646,287,1040461,431933,21.682960930237,9.00138146790708,11
-7.6926,53.28823,2021/04/24 23:00:00+00,Sun 25 Apr 2021,9759,312,3,1049933,431958,290,1050223,432248,21.8863986992653,9.00794599333669,12
-7.6926,53.28823,2021/04/25 23:00:00+00,Mon 26 Apr 2021,15606,3064,4,1065539,435022,294,1065833,435316,22.2117074038886,9.07188238704484,13
-7.6926,53.28823,2021/04/26 23:00:00+00,Tue 27 Apr 2021,25934,7827,9,1091473,442849,303,1091776,443152,22.7523533823665,9.23518277201778,14
-7.6926,53.28823,2021/04/27 23:00:00+00,Wed 28 Apr 2021,26059,8628,6,1117532,451477,309,1117841,451786,23.2955418119632,9.41511328807909,15
-7.6926,53.28823,2021/04/28 23:00:00+00,Thu 29 Apr 2021,31705,11338,7,1149237,462815,316,1149553,463131,23.9564123847379,9.65154040236165,16
-7.6926,53.28823,2021/04/29 23:00:00+00,Fri 30 Apr 2021,36118,13546,8,1185355,476361,324,1185679,476685,24.7092696725802,9.93400255370459,17
-7.6926,53.28823,2021/04/30 23:00:00+00,Sat 01 May 2021,16636,6704,21,1201991,483065,345,1202336,483410,25.0563976093457,10.0741499616861,18
-7.6926,53.28823,2021/05/01 23:00:00+00,Sun 02 May 2021,12480,914,16,1214471,483979,361,1214832,484340,25.3168112911505,10.0935309415259,19
-7.6926,53.28823,2021/05/02 23:00:00+00,Mon 03 May 2021,14282,938,21,1228753,484917,382,1229135,485299,25.6148824251816,10.1135162745005,20
-7.6926,53.28823,2021/05/03 23:00:00+00,Tue 04 May 2021,26678,6810,11,1255431,491727,393,1255824,492120,26.1710748670579,10.2556642997558,21
-7.6926,53.28823,2021/05/04 23:00:00+00,Wed 05 May 2021,32148,13474,70,1287579,505201,463,1288042,505664,26.8424903600465,10.5379180534661,22
-7.6926,53.28823,2021/05/05 23:00:00+00,Thu 06 May 2021,37311,14388,133,1324890,519589,596,1325486,520185,27.6228144558769,10.8405322558898,23
-7.6926,53.28823,2021/11/18 00:00:00+00,Thu 18 Nov 2021,1641,2519,5,3649296,3581831,240998,3890294,3822829,81.0728060053529,79.6668513764351,24
-7.6926,53.28823,2021/11/19 00:00:00+00,Fri 19 Nov 2021,1166,1565,0,3650462,3583396,240998,3891460,3824394,81.0971051693241,79.6994656059505,25
-7.6926,53.28823,2021/05/06 23:00:00+00,Fri 07 May 2021,40614,15102,98,1365504,534691,694,1366198,535385,28.4712428980692,11.1572966575729,26
-7.6926,53.28823,2021/05/07 23:00:00+00,Sat 08 May 2021,25642,7067,10,1391146,541758,704,1391850,542462,29.0058245054359,11.3047796622249,27
-7.6926,53.28823,2021/11/20 00:00:00+00,Sat 20 Nov 2021,1547,2952,12,3652009,3586348,241010,3893019,3827358,81.1295943602599,79.7612346642787,28
-7.6926,53.28823,2021/11/21 00:00:00+00,Sun 21 Nov 2021,1789,2771,0,3653798,3589119,241010,3894808,3830129,81.1668766967475,79.8189816482961,29
-7.6926,53.28823,2021/05/08 23:00:00+00,Sun 09 May 2021,19686,936,5,1410832,542694,709,1411541,543403,29.4161802839584,11.3243898794607,30
-7.6926,53.28823,2021/05/09 23:00:00+00,Mon 10 May 2021,28867,4667,172,1439699,547361,881,1440580,548242,30.0213461695161,11.4252334939176,31
-7.6926,53.28823,2021/11/22 00:00:00+00,Mon 22 Nov 2021,725,522,3,3654523,3589641,241013,3895536,3830654,81.182048044407,79.8299225240121,32
-7.6926,53.28823,2021/05/10 23:00:00+00,Tue 11 May 2021,33930,14824,153,1473629,562185,1034,1474663,563219,30.7316278210006,11.7373506283918,33
-7.6926,53.28823,2021/11/23 00:00:00+00,Tue 23 Nov 2021,2156,1602,8,3656679,3591243,241021,3897700,3832264,81.2271452921203,79.8634745428746,34
-7.6926,53.28823,2021/05/11 23:00:00+00,Wed 12 May 2021,31313,20934,175,1504942,583119,1209,1506151,584328,31.3878302868031,12.1772571912292,35
-7.6926,53.28823,2021/11/24 00:00:00+00,Wed 24 Nov 2021,1615,3154,2,3658294,3594397,241023,3899317,3835420,81.2608431893257,79.9292448357504,36
-7.6926,53.28823,2021/05/12 23:00:00+00,Thu 13 May 2021,36020,25489,153,1540962,608608,1362,1542324,609970,32.141667043519,12.7116304009633,37
-7.6926,53.28823,2021/11/25 00:00:00+00,Thu 25 Nov 2021,982,1191,2,3659276,3595588,241025,3900301,3836613,81.281349516382,79.9541066733298,38
-7.6926,53.28823,2021/11/26 00:00:00+00,Fri 26 Nov 2021,1279,1115,12,3660555,3596703,241037,3901592,3837740,81.3082536507618,79.9775930865336,39
-7.6926,53.28823,2021/05/13 23:00:00+00,Fri 14 May 2021,38245,27959,237,1579207,636567,1599,1580806,638166,32.9436228136223,13.2992283660855,40
-7.6926,53.28823,2021/05/14 23:00:00+00,Sat 15 May 2021,28894,12469,22,1608101,649036,1621,1609722,650657,33.5462254082979,13.5595378490739,41
-7.6926,53.28823,2021/11/27 00:00:00+00,Sat 27 Nov 2021,1200,1567,6,3661755,3598270,241043,3902798,3839313,81.3333864052638,80.0103740341551,42
-7.6926,53.28823,2021/05/15 23:00:00+00,Sun 16 May 2021,23196,1184,11,1631297,650220,1632,1632929,651852,34.0298537944728,13.5844413661799,43
-7.6926,53.28823,2021/11/28 00:00:00+00,Sun 28 Nov 2021,1962,2263,1,3663717,3600533,241044,3904761,3841577,81.3742948605601,80.0575552581953,44
-7.6926,53.28823,2021/11/29 00:00:00+00,Mon 29 Nov 2021,536,1005,2,3664253,3601538,241046,3905299,3842584,81.3855066531986,80.0785408998068,45
-7.6926,53.28823,2021/05/16 23:00:00+00,Mon 17 May 2021,35407,3966,120,1666704,654186,1752,1668456,655938,34.7702280641173,13.6695926388955,46
-7.6926,53.28823,2021/11/30 00:00:00+00,Tue 30 Nov 2021,1898,1652,6,3666151,3603190,241052,3907203,3844242,81.4251855624621,80.1130932273062,47
-7.6926,53.28823,2021/05/17 23:00:00+00,Tue 18 May 2021,39045,12518,127,1705749,666704,1879,1707628,668583,35.5865632708759,13.9331114454272,48
-7.6926,53.28823,2021/12/01 00:00:00+00,Wed 01 Dec 2021,1075,1392,4,3667226,3604582,241056,3908282,3845638,81.4476716670289,80.1421855368292,49
-7.6926,53.28823,2021/05/18 23:00:00+00,Wed 19 May 2021,37052,17619,212,1742801,684323,2091,1744892,686414,36.3631362093179,14.3047052642701,50
-7.6926,53.28823,2021/05/19 23:00:00+00,Thu 20 May 2021,39113,19650,137,1781914,703973,2228,1784142,706201,37.1810969176115,14.7170616600664,51
-7.6926,53.28823,2021/05/20 23:00:00+00,Fri 21 May 2021,25861,23270,14935,1807775,727243,17163,1824938,744406,38.0312758999183,15.5132448157442,52
-7.6926,53.28823,2021/05/21 23:00:00+00,Sat 22 May 2021,16611,10262,13524,1824386,737505,30687,1855073,768192,38.6592821660183,16.0089394248517,53
-7.6926,53.28823,2021/05/22 23:00:00+00,Sun 23 May 2021,8237,5544,10205,1832623,743049,40892,1873515,783941,39.0436090802183,16.3371448565693,54
-7.6926,53.28823,2021/05/23 23:00:00+00,Mon 24 May 2021,22570,8248,8453,1855193,751297,49345,1904538,800642,39.6901210561008,16.6851897429186,55
-7.6926,53.28823,2021/05/24 23:00:00+00,Tue 25 May 2021,30383,16525,3225,1885576,767822,52570,1938146,820392,40.3905038200328,17.0967750674739,56
-7.6926,53.28823,2021/05/25 23:00:00+00,Wed 26 May 2021,20000,25491,3055,1905576,793313,55625,1961201,848938,40.870964562191,17.6916669497401,57
-7.6926,53.28823,2021/05/26 23:00:00+00,Thu 27 May 2021,17036,36068,550,1922612,829381,56175,1978787,885556,41.237452639033,18.4547774011106,58
-7.6926,53.28823,2021/05/27 23:00:00+00,Fri 28 May 2021,27063,31851,1562,1949675,861232,57737,2007412,918969,41.8339908625974,19.1510964112052,59
-7.6926,53.28823,2021/05/28 23:00:00+00,Sat 29 May 2021,24509,7406,538,1974184,868638,58275,2032459,926913,42.3559644131867,19.3166474906112,60
-7.6926,53.28823,2021/05/29 23:00:00+00,Sun 30 May 2021,24273,1695,210,1998457,870333,58485,2056942,928818,42.8661843372924,19.3563472396379,61
-7.6926,53.28823,2021/05/30 23:00:00+00,Mon 31 May 2021,22617,7323,3445,2021074,877656,61930,2083004,939586,43.4093102475993,19.5807498105145,62
-7.6926,53.28823,2021/05/31 23:00:00+00,Tue 01 Jun 2021,27631,11541,3657,2048705,889197,65587,2114292,954784,44.0613447607481,19.897472532671,63
-7.6926,53.28823,2021/06/01 23:00:00+00,Wed 02 Jun 2021,18731,20925,4009,2067436,910122,69596,2137032,979718,44.5352409774766,20.4170911900109,64
-7.6926,53.28823,2021/06/02 23:00:00+00,Thu 03 Jun 2021,16719,30719,1978,2084155,940841,71574,2155729,1012415,44.9248820313101,21.0984889296052,65
-7.6926,53.28823,2021/06/03 23:00:00+00,Fri 04 Jun 2021,29020,23357,155,2113175,964198,71729,2184904,1035927,45.5328821246722,21.5884734435771,66
-7.6926,53.28823,2021/06/04 23:00:00+00,Sat 05 Jun 2021,20984,11512,35,2134159,975710,71764,2205923,1047474,45.9709131088154,21.8291101900399,67
-7.6926,53.28823,2021/06/05 23:00:00+00,Sun 06 Jun 2021,19966,3926,47,2154125,979636,71811,2225936,1051447,46.3879792911104,21.9119065695061,68
-7.6926,53.28823,2021/06/06 23:00:00+00,Mon 07 Jun 2021,19854,4613,47,2173979,984249,71858,2245837,1056107,46.8027114199194,22.0090198663379,69
-7.6926,53.28823,2021/06/07 23:00:00+00,Tue 08 Jun 2021,26440,18354,48,2200419,1002603,71906,2272325,1074509,47.3547150693787,22.3925131900072,70
-7.6926,53.28823,2021/06/08 23:00:00+00,Wed 09 Jun 2021,32841,20140,177,2233260,1022743,72083,2305343,1094826,48.0428023729822,22.8159146603358,71
-7.6926,53.28823,2021/06/09 23:00:00+00,Thu 10 Jun 2021,27724,27515,273,2260984,1050258,72356,2333340,1122614,48.6262532252139,23.3950100020444,72
-7.6926,53.28823,2021/06/10 23:00:00+00,Fri 11 Jun 2021,26473,32919,44,2287457,1083177,72400,2359857,1155577,49.178861227808,24.0819511186681,73
-7.6926,53.28823,2021/06/11 23:00:00+00,Sat 12 Jun 2021,12237,19738,105,2299694,1102915,72505,2372199,1175420,49.4360655860694,24.4954745412074,74
-7.6926,53.28823,2021/06/12 23:00:00+00,Sun 13 Jun 2021,8565,18186,835,2308259,1121101,73340,2381599,1194441,49.6319593607944,24.8918676783399,75
-7.6926,53.28823,2021/06/13 23:00:00+00,Mon 14 Jun 2021,16039,31324,54,2324298,1152425,73394,2397692,1225819,49.9673336710764,25.5457777701828,76
-7.6926,53.28823,2021/06/14 23:00:00+00,Tue 15 Jun 2021,14729,41605,206,2339027,1194030,73600,2412627,1267630,50.2785755354933,26.4171091122073,77
-7.6926,53.28823,2021/06/15 23:00:00+00,Wed 16 Jun 2021,13500,48412,220,2352527,1242442,73820,2426347,1316262,50.5644970875389,27.4305884794871,78
-7.6926,53.28823,2021/06/16 23:00:00+00,Thu 17 Jun 2021,21597,42710,535,2374124,1285152,74355,2448479,1359507,51.0257227282001,28.3318040420388,79
-7.6926,53.28823,2021/06/17 23:00:00+00,Fri 18 Jun 2021,12031,50041,555,2386155,1335193,74910,2461065,1410103,51.288011988699,29.3862127043782,80
-7.6926,53.28823,2021/06/18 23:00:00+00,Sat 19 Jun 2021,6343,32828,434,2392498,1368021,75344,2467842,1443365,51.4292430643705,30.0793849102192,81
-7.6926,53.28823,2021/06/19 23:00:00+00,Sun 20 Jun 2021,8533,26155,178,2401031,1394176,75522,2476553,1469698,51.6107782422035,30.6281583963719,82
-7.6926,53.28823,2021/06/20 23:00:00+00,Mon 21 Jun 2021,15508,32363,575,2416539,1426539,76097,2492636,1502636,51.9459441548528,31.3145785189139,83
-7.6926,53.28823,2021/06/21 23:00:00+00,Tue 22 Jun 2021,15162,43576,723,2431701,1470115,76820,2508521,1546935,52.2769837943749,32.2377591919507,84
-7.6926,53.28823,2021/06/22 23:00:00+00,Wed 23 Jun 2021,20111,39417,886,2451812,1509532,77706,2529518,1587238,52.7145563037262,33.0776641709661,85
-7.6926,53.28823,2021/06/23 23:00:00+00,Thu 24 Jun 2021,19050,44287,1033,2470862,1553819,78739,2549601,1632558,53.13308126945,34.0221222423002,86
-7.6926,53.28823,2021/06/24 23:00:00+00,Fri 25 Jun 2021,15233,50141,844,2486095,1603960,79583,2565678,1683543,53.4681221435197,35.084637572551,87
-7.6926,53.28823,2021/06/25 23:00:00+00,Sat 26 Jun 2021,9090,30591,513,2495185,1634551,80096,2575281,1714647,53.6682463901883,35.7328375692583,88
-7.6926,53.28823,2021/06/26 23:00:00+00,Sun 27 Jun 2021,8748,30494,59,2503933,1665045,80155,2584088,1745200,53.8517821852951,36.3695548564046,89
-7.6926,53.28823,2021/06/27 23:00:00+00,Mon 28 Jun 2021,24256,24681,528,2528189,1689726,80683,2608872,1770409,54.3682748781447,36.8949044486434,90
-7.6926,53.28823,2021/06/28 23:00:00+00,Tue 29 Jun 2021,28167,31070,812,2556356,1720796,81495,2637851,1802291,54.9721903779062,37.5593177811737,91
-7.6926,53.28823,2021/06/29 23:00:00+00,Wed 30 Jun 2021,22605,36897,593,2578961,1757693,82088,2661049,1839781,55.4556312062118,38.3406005061145,92
-7.6926,53.28823,2021/06/30 23:00:00+00,Thu 01 Jul 2021,15069,48329,644,2594030,1806022,82732,2676762,1888754,55.7830864064517,39.3611862326689,93
-7.6926,53.28823,2021/07/01 23:00:00+00,Fri 02 Jul 2021,13707,47295,819,2607737,1853317,83551,2691288,1936868,56.0858048076917,40.3638706025755,94
-7.6926,53.28823,2021/07/02 23:00:00+00,Sat 03 Jul 2021,9332,30502,506,2617069,1883819,84057,2701126,1967876,56.2908263987284,41.010069982009,95
-7.6926,53.28823,2021/07/03 23:00:00+00,Sun 04 Jul 2021,6465,27793,233,2623534,1911612,84290,2707824,1995902,56.4304111331017,41.5941251873755,96
-7.6926,53.28823,2021/07/04 23:00:00+00,Mon 05 Jul 2021,15649,33486,5343,2639183,1945098,89633,2728816,2034731,56.8678794436367,42.403312355333,97
-7.6926,53.28823,2021/07/05 23:00:00+00,Tue 06 Jul 2021,12416,48320,5490,2651599,1993418,95123,2746722,2088541,57.2410362447247,43.5247000168177,98
-7.6926,53.28823,2021/07/06 23:00:00+00,Wed 07 Jul 2021,19722,43779,5060,2671321,2037197,100183,2771504,2137380,57.7574872580477,44.5424932150941,99
-7.6926,53.28823,2021/07/07 23:00:00+00,Thu 08 Jul 2021,17805,45627,6003,2689126,2082824,106186,2795312,2189010,58.2536403419472,45.6184501926532,100
-7.6926,53.28823,2021/07/08 23:00:00+00,Fri 09 Jul 2021,13534,45120,6532,2702660,2127944,112718,2815378,2240662,58.6718110316954,46.6948656450042,101
-7.6926,53.28823,2021/07/09 23:00:00+00,Sat 10 Jul 2021,8661,23893,4365,2711321,2151837,117083,2828404,2268920,58.9432697880325,47.283755675449,102
-7.6926,53.28823,2021/07/10 23:00:00+00,Sun 11 Jul 2021,15247,16135,2153,2726568,2167972,119236,2845804,2287208,59.3058816689066,47.6648732661056,103
-7.6926,53.28823,2021/07/11 23:00:00+00,Mon 12 Jul 2021,17135,31788,6095,2743703,2199760,125331,2869034,2325091,59.7899893696368,48.454346018011,104
-7.6926,53.28823,2021/07/12 23:00:00+00,Tue 13 Jul 2021,20123,36594,8490,2763826,2236354,133821,2897647,2370175,60.3862775160419,49.3938859052137,105
-7.6926,53.28823,2021/07/13 23:00:00+00,Wed 14 Jul 2021,20809,35742,9335,2784635,2272096,143156,2927791,2415252,61.0144713400114,50.3332799140735,106
-7.6926,53.28823,2021/07/14 23:00:00+00,Thu 15 Jul 2021,23671,28865,9587,2808306,2300961,152743,2961049,2453704,61.7075601867993,51.1346104912787,107
-7.6926,53.28823,2021/07/15 23:00:00+00,Fri 16 Jul 2021,23530,27450,9168,2831836,2328411,161911,2993747,2490322,62.3889787661568,51.8977209426492,108
-7.6926,53.28823,2021/07/16 23:00:00+00,Sat 17 Jul 2021,11522,19450,4678,2843358,2347861,166589,3009947,2514450,62.7265829311085,52.4005427507946,109
-7.6926,53.28823,2021/07/17 23:00:00+00,Sun 18 Jul 2021,16873,15841,1932,2860231,2363702,168521,3028752,2532223,63.118474679375,52.7709278633678,110
-7.6926,53.28823,2021/07/18 23:00:00+00,Mon 19 Jul 2021,24918,18469,6253,2885149,2382171,174774,3059923,2556945,63.7680709402213,53.2861284908948,111
-7.6926,53.28823,2022/06/21 23:00:00+00,Wed 22 Jun 2022,60,95,0,3854734,3807422,241148,4095882,4048570,85.357211256223,84.3712403764578,112
-7.6926,53.28823,2021/07/19 23:00:00+00,Tue 20 Jul 2021,30612,18203,7700,2915761,2400374,182474,3098235,2582848,64.5664839505689,53.825940878842,113
-7.6926,53.28823,2021/07/20 23:00:00+00,Wed 21 Jul 2021,30384,19863,6894,2946145,2420237,189368,3135513,2609605,65.3433486456967,54.3835504246206,114
-7.6926,53.28823,2021/07/21 23:00:00+00,Thu 22 Jul 2021,33558,15952,6937,2979703,2436189,196305,3176008,2632494,66.1872548592597,54.8605517660762,115
-7.6926,53.28823,2021/07/22 23:00:00+00,Fri 23 Jul 2021,27099,20865,5616,3006802,2457054,201921,3208723,2658975,66.8690277145928,55.4124095371926,116
-7.6926,53.28823,2021/07/23 23:00:00+00,Sat 24 Jul 2021,15451,14830,2277,3022253,2471884,204198,3226451,2676082,67.238475037819,55.768915367429,117
-7.6926,53.28823,2021/07/24 23:00:00+00,Sun 25 Jul 2021,14744,13657,1046,3036997,2485541,205244,3242241,2690785,67.5675348998305,56.0753224067676,118
-7.6926,53.28823,2021/07/25 23:00:00+00,Mon 26 Jul 2021,23864,18334,3422,3060861,2503875,208666,3269527,2712541,68.1361686803783,56.5287122964398,119
-7.6926,53.28823,2021/07/26 23:00:00+00,Tue 27 Jul 2021,25538,23933,3672,3086399,2527808,212338,3298737,2740146,68.7448981654548,57.1039939614702,120
-7.6926,53.28823,2021/07/27 23:00:00+00,Wed 28 Jul 2021,23456,25317,3265,3109855,2553125,215603,3325458,2768728,69.3017574797557,57.699636075214,121
-7.6926,53.28823,2021/07/28 23:00:00+00,Thu 29 Jul 2021,19302,27892,2965,3129157,2581017,218568,3347725,2799585,69.7657964884582,58.342688650394,122
-7.6926,53.28823,2021/07/29 23:00:00+00,Fri 30 Jul 2021,21975,22972,2125,3151132,2603989,220693,3371825,2824682,70.2680347832321,58.8657041891467,123
-7.6926,53.28823,2021/07/30 23:00:00+00,Sat 31 Jul 2021,13763,12510,907,3164895,2616499,221600,3386495,2838099,70.5737541103828,59.1453112929218,124
-7.6926,53.28823,2022/10/07 23:00:00+00,Sat 08 Oct 2022,100,102,0,3860943,3815339,241161,4102104,4056500,85.4868762632804,84.536499699178,125
-7.6926,53.28823,2021/12/02 00:00:00+00,Thu 02 Dec 2021,1737,1417,0,3668963,3605999,241056,3910019,3847055,81.4838703358265,80.1717154813808,126
-7.6926,53.28823,2022/06/22 23:00:00+00,Thu 23 Jun 2022,64,113,0,3854798,3807535,241148,4095946,4048683,85.3585450010722,84.3735952697072,127
-7.6926,53.28823,2022/10/08 23:00:00+00,Sun 09 Oct 2022,37,29,0,3860980,3815368,241161,4102141,4056529,85.4876473345213,84.5371040523128,128
-7.6926,53.28823,2021/12/03 00:00:00+00,Fri 03 Dec 2021,1016,1204,2,3669979,3607203,241058,3911037,3848261,81.505085214834,80.1968482358828,129
-7.6926,53.28823,2022/06/23 23:00:00+00,Fri 24 Jun 2022,55,93,1,3854853,3807628,241149,4096002,4048777,85.3597120278152,84.3755542074544,130
-7.6926,53.28823,2022/10/09 23:00:00+00,Mon 10 Oct 2022,19,3,0,3860999,3815371,241161,4102160,4056532,85.4880432900234,84.5371665716026,131
-7.6926,53.28823,2021/12/04 00:00:00+00,Sat 04 Dec 2021,1204,1704,3,3671183,3608907,241061,3912244,3849968,81.5302388090992,80.2324217117823,132
-7.6926,53.28823,2022/06/24 23:00:00+00,Sat 25 Jun 2022,210,293,0,3855063,3807921,241149,4096212,4049070,85.3640883781017,84.3816602580921,133
-7.6926,53.28823,2022/10/10 23:00:00+00,Tue 11 Oct 2022,76,16,0,3861075,3815387,241161,4102236,4056548,85.4896271120319,84.5375000078149,134
-7.6926,53.28823,2021/12/05 00:00:00+00,Sun 05 Dec 2021,1349,1778,2,3672532,3610685,241063,3913595,3851748,81.5583933292751,80.2695164904005,135
-7.6926,53.28823,2022/06/25 23:00:00+00,Sun 26 Jun 2022,174,402,0,3855237,3808323,241149,4096386,4049472,85.3677144969104,84.3900378429261,136
-7.6926,53.28823,2022/10/11 23:00:00+00,Wed 12 Oct 2022,56,36,0,3861131,3815423,241161,4102292,4056584,85.4907941387749,84.5382502392926,137
-7.6926,53.28823,2021/12/06 00:00:00+00,Mon 06 Dec 2021,939,1305,0,3673471,3611990,241063,3914534,3853053,81.5779618669844,80.296712381466,138
-7.6926,53.28823,2022/06/26 23:00:00+00,Mon 27 Jun 2022,5,34,0,3855242,3808357,241149,4096391,4049506,85.3678186957268,84.3907463948773,139
-7.6926,53.28823,2022/10/12 23:00:00+00,Thu 13 Oct 2022,80,29,0,3861211,3815452,241161,4102372,4056613,85.4924613198364,84.5388545924274,140
-7.6926,53.28823,2021/12/07 00:00:00+00,Tue 07 Dec 2021,486,751,2,3673957,3612741,241065,3915022,3853806,81.5881316714595,80.3124047232073,141
-7.6926,53.28823,2022/06/27 23:00:00+00,Tue 28 Jun 2022,49,60,0,3855291,3808417,241149,4096440,4049566,85.3688398441269,84.3919967806734,142
-7.6926,53.28823,2021/12/08 00:00:00+00,Wed 08 Dec 2021,797,1526,2,3674754,3614267,241067,3915821,3855334,81.6047826423111,80.3442478814818,143
-7.6926,53.28823,2022/10/13 23:00:00+00,Fri 14 Oct 2022,120,21,0,3861331,3815473,241161,4102492,4056634,85.4949620914286,84.539292227456,144
-7.6926,53.28823,2022/06/28 23:00:00+00,Wed 29 Jun 2022,63,81,3,3855354,3808498,241152,4096506,4049650,85.3702152685026,84.3937473207879,145
-7.6926,53.28823,2021/12/09 00:00:00+00,Thu 09 Dec 2021,787,1217,1,3675541,3615484,241068,3916609,3856552,81.6212043757668,80.369630713143,146
-7.6926,53.28823,2021/12/10 00:00:00+00,Fri 10 Dec 2021,894,1620,1,3676435,3617104,241069,3917504,3858173,81.6398559638922,80.4034119694014,147
-7.6926,53.28823,2021/12/11 00:00:00+00,Sat 11 Dec 2021,645,848,2,3677080,3617952,241071,3918151,3859023,81.653339290727,80.4211257681797,148
-7.6926,53.28823,2021/12/12 00:00:00+00,Sun 12 Dec 2021,686,1193,0,3677766,3619145,241071,3918837,3860216,81.6676353683293,80.4459876057592,149
-7.6926,53.28823,2021/12/13 00:00:00+00,Mon 13 Dec 2021,724,1071,1,3678490,3620216,241072,3919562,3861288,81.682744196699,80.4683278319832,150
-7.6926,53.28823,2021/12/14 00:00:00+00,Tue 14 Dec 2021,631,1204,3,3679121,3621420,241075,3920196,3862495,81.6959566066113,80.4934814262484,151
-7.6926,53.28823,2021/12/15 00:00:00+00,Wed 15 Dec 2021,792,1258,1,3679913,3622678,241076,3920989,3863754,81.7124825388834,80.5197186882036,152
-7.6926,53.28823,2021/12/16 00:00:00+00,Thu 16 Dec 2021,1049,1549,8,3680962,3624227,241084,3922046,3865311,81.7345101686583,80.5521661996128,153
-7.6926,53.28823,2021/12/17 00:00:00+00,Fri 17 Dec 2021,1198,2459,1,3682160,3626686,241085,3923245,3867771,81.7594970448174,80.6034320172537,154
-7.6926,53.28823,2021/12/18 00:00:00+00,Sat 18 Dec 2021,1251,1185,0,3683411,3627871,241085,3924496,3868956,81.7855675886664,80.628127136727,155
-7.6926,53.28823,2021/12/19 00:00:00+00,Sun 19 Dec 2021,551,892,2,3683962,3628763,241087,3925049,3869850,81.797091977754,80.6467578850891,156
-7.6926,53.28823,2021/12/20 00:00:00+00,Mon 20 Dec 2021,516,621,1,3684478,3629384,241088,3925566,3870472,81.8078661353639,80.6597202178422,157
-7.6926,53.28823,2021/12/21 00:00:00+00,Tue 21 Dec 2021,1406,1822,3,3685884,3631206,241091,3926975,3872297,81.8372293618093,80.6977527858075,158
-7.6926,53.28823,2021/12/22 00:00:00+00,Wed 22 Dec 2021,1166,1602,2,3687050,3632808,241093,3928143,3873901,81.8615702053071,80.7311797660903,159
-7.6926,53.28823,2021/12/23 00:00:00+00,Thu 23 Dec 2021,930,1402,0,3687980,3634210,241093,3929073,3875303,81.8809511851469,80.7603971141929,160
-7.6926,53.28823,2021/12/24 00:00:00+00,Fri 24 Dec 2021,101,164,0,3688081,3634374,241093,3929174,3875467,81.8830560012371,80.763814835369,161
-7.6926,53.28823,2021/12/25 00:00:00+00,Sat 25 Dec 2021,1,6,0,3688082,3634380,241093,3929175,3875473,81.8830768410003,80.7639398739486,162
-7.6926,53.28823,2021/12/26 00:00:00+00,Sun 26 Dec 2021,12,13,0,3688094,3634393,241093,3929187,3875486,81.8833269181595,80.7642107908711,163
-7.6926,53.28823,2021/12/27 00:00:00+00,Mon 27 Dec 2021,392,591,0,3688486,3634984,241093,3929579,3876077,81.8914961053608,80.7765270909629,164
-7.6926,53.28823,2021/12/28 00:00:00+00,Tue 28 Dec 2021,469,752,0,3688955,3635736,241093,3930048,3876829,81.9012699543338,80.7921985929409,165
-7.6926,53.28823,2021/12/29 00:00:00+00,Wed 29 Dec 2021,1058,1313,0,3690013,3637049,241093,3931106,3878142,81.923318423872,80.8195612021126,166
-7.6926,53.28823,2021/12/30 00:00:00+00,Thu 30 Dec 2021,1051,1201,1,3691064,3638250,241094,3932158,3879344,81.9452418548306,80.8446105975615,167
-7.6926,53.28823,2021/12/31 00:00:00+00,Fri 31 Dec 2021,714,1681,0,3691778,3639931,241094,3932872,3881025,81.9601214458044,80.879642239616,168
-7.6926,53.28823,2022/01/01 00:00:00+00,Sat 01 Jan 2022,71,100,0,3691849,3640031,241094,3932943,3881125,81.9616010689965,80.8817262159429,169
-7.6926,53.28823,2022/01/02 00:00:00+00,Sun 02 Jan 2022,271,629,0,3692120,3640660,241094,3933214,3881754,81.9672486448423,80.8948344270388,170
-7.6926,53.28823,2022/01/03 00:00:00+00,Mon 03 Jan 2022,3632,729,1,3695752,3641389,241095,3936847,3882484,82.0429595047972,80.9100474542249,171
-7.6926,53.28823,2022/01/04 00:00:00+00,Tue 04 Jan 2022,1190,785,1,3696942,3642174,241096,3938038,3883270,82.0677796628501,80.9264275081541,172
-7.6926,53.28823,2022/01/05 00:00:00+00,Wed 05 Jan 2022,2139,914,0,3699081,3643088,241096,3940177,3884184,82.1123559164817,80.9454750517816,173
-7.6926,53.28823,2022/01/06 00:00:00+00,Thu 06 Jan 2022,2454,1700,1,3701535,3644788,241097,3942632,3885885,82.1635175353062,80.9809234891015,174
-7.6926,53.28823,2022/01/07 00:00:00+00,Fri 07 Jan 2022,4854,785,2,3706389,3645573,241099,3947488,3886672,82.2647154257387,80.9973243827939,175
-7.6926,53.28823,2022/01/08 00:00:00+00,Sat 08 Jan 2022,9789,745,2,3716178,3646318,241101,3957279,3887419,82.4687575479018,81.0128916859556,176
-7.6926,53.28823,2022/01/09 00:00:00+00,Sun 09 Jan 2022,7116,667,0,3723294,3646985,241101,3964395,3888086,82.6170533033213,81.0267918080558,177
-7.6926,53.28823,2022/01/10 00:00:00+00,Mon 10 Jan 2022,6666,510,1,3729960,3647495,241102,3971062,3888597,82.7559920050332,81.0374409270861,178
-7.6926,53.28823,2022/01/11 00:00:00+00,Tue 11 Jan 2022,4779,1372,1,3734739,3648867,241103,3975842,3889970,82.8556060734572,81.0660539220539,179
-7.6926,53.28823,2022/01/12 00:00:00+00,Wed 12 Jan 2022,7560,928,1,3742299,3649795,241104,3983403,3890899,83.0131755235313,81.0854140621304,180
-7.6926,53.28823,2022/01/13 00:00:00+00,Thu 13 Jan 2022,7322,818,0,3749621,3650613,241104,3990725,3891717,83.1657642701842,81.1024609884842,181
-7.6926,53.28823,2022/01/14 00:00:00+00,Fri 14 Jan 2022,10724,838,0,3760345,3651451,241104,4001449,3892555,83.3892498914769,81.1199247101033,182
-7.6926,53.28823,2022/01/15 00:00:00+00,Sat 15 Jan 2022,8363,653,2,3768708,3652104,241106,4009814,3893210,83.563574511219,81.1335747550442,183
-7.6926,53.28823,2022/01/16 00:00:00+00,Sun 16 Jan 2022,6965,1216,1,3775673,3653320,241107,4016780,3894427,83.7087443021482,81.1589367469421,184
-7.6926,53.28823,2022/01/17 00:00:00+00,Mon 17 Jan 2022,2565,562,0,3778238,3653882,241107,4019345,3894989,83.7621982949322,81.1706486938991,185
-7.6926,53.28823,2022/01/18 00:00:00+00,Tue 18 Jan 2022,4056,454,3,3782294,3654336,241110,4023404,3895446,83.8467868940396,81.1801724657129,186
-7.6926,53.28823,2022/01/19 00:00:00+00,Wed 19 Jan 2022,3487,623,0,3785781,3654959,241110,4026891,3896069,83.9194551485573,81.1931556382292,187
-7.6926,53.28823,2022/01/20 00:00:00+00,Thu 20 Jan 2022,3699,938,0,3789480,3655897,241110,4030590,3897007,83.9965414328879,81.2127033361752,188
-7.6926,53.28823,2022/01/21 00:00:00+00,Fri 21 Jan 2022,3252,977,0,3792732,3656874,241110,4033842,3897984,84.0643123430375,81.2330637848886,189
-7.6926,53.28823,2022/01/22 00:00:00+00,Sat 22 Jan 2022,4273,644,0,3797005,3657518,241110,4038115,3898628,84.1533606514843,81.2464845924336,190
-7.6926,53.28823,2022/01/23 00:00:00+00,Sun 23 Jan 2022,3094,680,0,3800099,3658198,241110,4041209,3899308,84.2178388790375,81.2606556314563,191
-7.6926,53.28823,2022/01/24 00:00:00+00,Mon 24 Jan 2022,646,469,0,3800745,3658667,241110,4041855,3899777,84.231301366109,81.2704294804293,192
-7.6926,53.28823,2022/01/25 00:00:00+00,Tue 25 Jan 2022,692,1837,1,3801437,3660504,241111,4042548,3901615,84.2457433220542,81.308732965317,193
-7.6926,53.28823,2022/01/26 00:00:00+00,Wed 26 Jan 2022,700,898,0,3802137,3661402,241111,4043248,3902513,84.2603311563422,81.3274470727322,194
-7.6926,53.28823,2022/01/27 00:00:00+00,Thu 27 Jan 2022,1277,1178,0,3803414,3662580,241111,4044525,3903691,84.2869435340362,81.3519963138627,195
-7.6926,53.28823,2022/01/28 00:00:00+00,Fri 28 Jan 2022,1029,3095,1,3804443,3665675,241112,4045555,3906787,84.3084084902029,81.4165162209423,196
-7.6926,53.28823,2022/01/29 00:00:00+00,Sat 29 Jan 2022,2329,3446,0,3806772,3669121,241112,4047884,3910233,84.3569442988555,81.488330045166,197
-7.6926,53.28823,2022/01/30 00:00:00+00,Sun 30 Jan 2022,1639,7538,0,3808411,3676659,241112,4049523,3917771,84.3911006708528,81.6454201806849,198
-7.6926,53.28823,2022/01/31 00:00:00+00,Mon 31 Jan 2022,482,1396,0,3808893,3678055,241112,4050005,3919167,84.4011454367483,81.6745124902079,199
-7.6926,53.28823,2022/02/01 00:00:00+00,Tue 01 Feb 2022,751,3421,1,3809644,3681476,241113,4050757,3922589,84.4168169387263,81.7458261601132,200
-7.6926,53.28823,2022/02/02 00:00:00+00,Wed 02 Feb 2022,653,2998,0,3810297,3684474,241113,4051410,3925587,84.4304253041407,81.8083037703925,201
-7.6926,53.28823,2022/02/03 00:00:00+00,Thu 03 Feb 2022,908,2436,1,3811205,3686910,241114,4052319,3928024,84.4493686489519,81.8590902734781,202
-7.6926,53.28823,2022/02/04 00:00:00+00,Fri 04 Feb 2022,1173,6523,0,3812378,3693433,241114,4053492,3934547,84.473813691266,81.9950280492794,203
-7.6926,53.28823,2022/02/05 00:00:00+00,Sat 05 Feb 2022,1777,5750,0,3814155,3699183,241114,4055269,3940297,84.5108459505943,82.114856688074,204
-7.6926,53.28823,2022/02/06 00:00:00+00,Sun 06 Feb 2022,1407,7556,0,3815562,3706739,241114,4056676,3947853,84.5401674975133,82.2723219393317,205
-7.6926,53.28823,2022/02/07 00:00:00+00,Mon 07 Feb 2022,440,1352,0,3816002,3708091,241114,4057116,3949205,84.5493369933515,82.3004972992709,206
-7.6926,53.28823,2022/02/08 00:00:00+00,Tue 08 Feb 2022,899,1238,0,3816901,3709329,241114,4058015,3950443,84.56807194053,82.3262969261974,207
-7.6926,53.28823,2022/02/09 00:00:00+00,Wed 09 Feb 2022,1335,1785,0,3818236,3711114,241114,4059350,3952228,84.5958930244936,82.3634959036319,208
-7.6926,53.28823,2022/02/10 00:00:00+00,Thu 10 Feb 2022,687,2554,1,3818923,3713668,241115,4060038,3954783,84.6102307816224,82.4167414987833,209
-7.6926,53.28823,2022/02/11 00:00:00+00,Fri 11 Feb 2022,546,4925,0,3819469,3718593,241115,4060584,3959708,84.6216092923671,82.5193773328812,210
-7.6926,53.28823,2022/02/12 00:00:00+00,Sat 12 Feb 2022,1397,5463,0,3820866,3724056,241115,4061981,3965171,84.6507224416533,82.6332249596177,211
-7.6926,53.28823,2022/02/13 00:00:00+00,Sun 13 Feb 2022,1566,4706,0,3822432,3728762,241115,4063547,3969877,84.683357510932,82.7312968855599,212
-7.6926,53.28823,2022/02/14 00:00:00+00,Mon 14 Feb 2022,175,954,0,3822607,3729716,241115,4063722,3970831,84.687004469504,82.7511780197182,213
-7.6926,53.28823,2022/02/15 00:00:00+00,Tue 15 Feb 2022,650,817,1,3823257,3730533,241116,4064373,3971649,84.7005711553919,82.7682249460719,214
-7.6926,53.28823,2022/02/16 00:00:00+00,Wed 16 Feb 2022,798,1787,0,3824055,3732320,241116,4065171,3973436,84.7172012864803,82.8054656030329,215
-7.6926,53.28823,2022/02/17 00:00:00+00,Thu 17 Feb 2022,791,1194,2,3824846,3733514,241118,4065964,3974632,84.7337272187523,82.8303899599022,216
-7.6926,53.28823,2022/02/18 00:00:00+00,Fri 18 Feb 2022,792,3295,0,3825638,3736809,241118,4066756,3977927,84.750232311261,82.8990569798723,217
-7.6926,53.28823,2022/02/19 00:00:00+00,Sat 19 Feb 2022,980,3556,0,3826618,3740365,241118,4067736,3981483,84.7706552792643,82.9731631780556,218
-7.6926,53.28823,2022/02/20 00:00:00+00,Sun 20 Feb 2022,1365,3588,0,3827983,3743953,241118,4069101,3985071,84.799101556126,83.0479362486634,219
-7.6926,53.28823,2022/02/21 00:00:00+00,Mon 21 Feb 2022,254,996,1,3828237,3744949,241119,4069356,3986068,84.8044156957595,83.0687134926422,220
-7.6926,53.28823,2022/02/22 00:00:00+00,Tue 22 Feb 2022,475,985,1,3828712,3745934,241120,4069832,3987054,84.8143354230753,83.0892614992251,221
-7.6926,53.28823,2022/02/23 00:00:00+00,Wed 23 Feb 2022,829,1273,1,3829541,3747207,241121,4070662,3988328,84.8316324265883,83.1158113576293,222
-7.6926,53.28823,2022/02/24 00:00:00+00,Thu 24 Feb 2022,653,1236,0,3830194,3748443,241121,4071315,3989564,84.8452407920027,83.1415693050293,223
-7.6926,53.28823,2022/02/25 00:00:00+00,Fri 25 Feb 2022,693,1228,0,3830887,3749671,241121,4072008,3990792,84.8596827479479,83.1671605343232,224
-7.6926,53.28823,2022/02/26 00:00:00+00,Sat 26 Feb 2022,960,2092,0,3831847,3751763,241121,4072968,3992884,84.8796889206857,83.2107573190812,225
-7.6926,53.28823,2022/02/27 00:00:00+00,Sun 27 Feb 2022,671,1783,0,3832518,3753546,241121,4073639,3994667,84.893672401839,83.2479146169891,226
-7.6926,53.28823,2022/02/28 00:00:00+00,Mon 28 Feb 2022,81,437,0,3832599,3753983,241121,4073720,3995104,84.8953604226637,83.2570215935375,227
-7.6926,53.28823,2022/03/01 00:00:00+00,Tue 01 Mar 2022,132,937,0,3832731,3754920,241121,4073852,3996041,84.8981112714152,83.2765484517202,228
-7.6926,53.28823,2022/03/02 00:00:00+00,Wed 02 Mar 2022,207,997,2,3832938,3755917,241123,4074061,3997040,84.9024667819383,83.2973673752256,229
-7.6926,53.28823,2022/03/03 00:00:00+00,Thu 03 Mar 2022,279,1277,0,3833217,3757194,241123,4074340,3998317,84.9082810758903,83.3239797529196,230
-7.6926,53.28823,2022/03/04 00:00:00+00,Fri 04 Mar 2022,735,1508,1,3833952,3758702,241124,4075076,3999826,84.923619141656,83.355426955692,231
-7.6926,53.28823,2022/06/29 23:00:00+00,Thu 30 Jun 2022,48,89,0,3855402,3808587,241152,4096554,4049739,85.3712155771395,84.3956020597188,232
-7.6926,53.28823,2022/10/14 23:00:00+00,Sat 15 Oct 2022,98,120,0,3861429,3815593,241161,4102590,4056754,85.4970043882289,84.5417929990483,233
-7.6926,53.28823,2022/10/15 23:00:00+00,Sun 16 Oct 2022,26,37,1,3861455,3815630,241162,4102617,4056792,85.4975670618372,84.5425849100525,234
-7.6926,53.28823,2022/10/16 23:00:00+00,Mon 17 Oct 2022,52,3,0,3861507,3815633,241162,4102669,4056795,85.4986507295272,84.5426474293423,235
-7.6926,53.28823,2022/10/17 23:00:00+00,Tue 18 Oct 2022,117,17,0,3861624,3815650,241162,4102786,4056812,85.5010889818296,84.5430017053178,236
-7.6926,53.28823,2022/10/18 23:00:00+00,Wed 19 Oct 2022,87,40,0,3861711,3815690,241162,4102873,4056852,85.502902041234,84.5438352958486,237
-7.6926,53.28823,2022/10/19 23:00:00+00,Thu 20 Oct 2022,97,10,0,3861808,3815700,241162,4102970,4056862,85.504923498271,84.5440436934813,238
-7.6926,53.28823,2022/10/20 23:00:00+00,Fri 21 Oct 2022,124,21,0,3861932,3815721,241162,4103094,4056883,85.5075076289163,84.5444813285099,239
-7.6926,53.28823,2022/10/21 23:00:00+00,Sat 22 Oct 2022,95,58,0,3862027,3815779,241162,4103189,4056941,85.5094874064269,84.5456900347795,240
-7.6926,53.28823,2022/06/30 23:00:00+00,Fri 01 Jul 2022,46,64,0,3855448,3808651,241152,4096600,4049803,85.3721742062499,84.396935804568,241
-7.6926,53.28823,2022/10/22 23:00:00+00,Sun 23 Oct 2022,80,48,0,3862107,3815827,241162,4103269,4056989,85.5111545874883,84.5466903434164,242
-7.6926,53.28823,2022/07/01 23:00:00+00,Sat 02 Jul 2022,182,228,0,3855630,3808879,241152,4096782,4050031,85.3759670431648,84.4016872705933,243
-7.6926,53.28823,2022/10/23 23:00:00+00,Mon 24 Oct 2022,65,4,0,3862172,3815831,241162,4103334,4056993,85.5125091721008,84.5467737024695,244
-7.6926,53.28823,2022/07/02 23:00:00+00,Sun 03 Jul 2022,108,273,0,3855738,3809152,241152,4096890,4050304,85.3782177375978,84.4073765259656,245
-7.6926,53.28823,2022/10/24 23:00:00+00,Tue 25 Oct 2022,75,28,0,3862247,3815859,241162,4103409,4057021,85.514072154346,84.547357215841,246
-7.6926,53.28823,2022/07/03 23:00:00+00,Mon 04 Jul 2022,14,15,0,3855752,3809167,241152,4096904,4050319,85.3785094942835,84.4076891224146,247
-7.6926,53.28823,2022/10/25 23:00:00+00,Wed 26 Oct 2022,45,25,0,3862292,3815884,241162,4103454,4057046,85.515009943693,84.5478782099227,248
-7.6926,53.28823,2022/07/04 23:00:00+00,Tue 05 Jul 2022,51,70,0,3855803,3809237,241152,4096955,4050389,85.3795723222103,84.4091479058435,249
-7.6926,53.28823,2022/10/26 23:00:00+00,Thu 27 Oct 2022,64,35,0,3862356,3815919,241162,4103518,4057081,85.5163436885422,84.5486076016371,250
-7.6926,53.28823,2022/07/05 23:00:00+00,Wed 06 Jul 2022,60,83,0,3855863,3809320,241152,4097015,4050472,85.3808227080064,84.4108776061947,251
-7.6926,53.28823,2022/10/27 23:00:00+00,Fri 28 Oct 2022,50,19,0,3862406,3815938,241162,4103568,4057100,85.5173856767057,84.5490035571392,252
-7.6926,53.28823,2022/07/06 23:00:00+00,Thu 07 Jul 2022,77,77,0,3855940,3809397,241152,4097092,4050549,85.382427369778,84.4124822679664,253
-7.6926,53.28823,2022/10/28 23:00:00+00,Sat 29 Oct 2022,87,64,0,3862493,3816002,241162,4103655,4057164,85.51919873611,84.5503373019884,254
-7.6926,53.28823,2022/07/07 23:00:00+00,Fri 08 Jul 2022,99,90,0,3856039,3809487,241152,4097191,4050639,85.3844905063416,84.4143578466606,255
-7.6926,53.28823,2022/10/29 23:00:00+00,Sun 30 Oct 2022,11,6,0,3862504,3816008,241162,4103666,4057170,85.519427973506,84.550462340568,256
-7.6926,53.28823,2022/07/08 23:00:00+00,Sat 09 Jul 2022,119,143,0,3856158,3809630,241152,4097310,4050782,85.3869704381706,84.417337932808,257
-7.6926,53.28823,2022/11/01 00:00:00+00,Tue 01 Nov 2022,98,25,0,3862602,3816033,241162,4103764,4057195,85.5214702703063,84.5509833346497,258
-7.6926,53.28823,2022/07/09 23:00:00+00,Sun 10 Jul 2022,134,219,0,3856292,3809849,241152,4097444,4051001,85.3897629664486,84.4219018409638,259
-7.6926,53.28823,2022/11/02 00:00:00+00,Wed 02 Nov 2022,108,13,0,3862710,3816046,241162,4103872,4057208,85.5237209647393,84.5512542515722,260
-7.6926,53.28823,2022/07/10 23:00:00+00,Mon 11 Jul 2022,11,16,0,3856303,3809865,241152,4097455,4051017,85.3899922038446,84.4222352771762,261
-7.6926,53.28823,2022/11/03 00:00:00+00,Thu 03 Nov 2022,91,28,0,3862801,3816074,241162,4103963,4057236,85.5256173831968,84.5518377649437,262
-7.6926,53.28823,2022/07/11 23:00:00+00,Tue 12 Jul 2022,44,81,0,3856347,3809946,241152,4097499,4051098,85.3909091534284,84.4239232980009,263
-7.6926,53.28823,2022/11/04 00:00:00+00,Fri 04 Nov 2022,61,22,0,3862862,3816096,241162,4104024,4057258,85.5268886087562,84.5522962397356,264
-7.6926,53.28823,2020/12/28 00:00:00+00,Mon 28 Dec 2020,291,24,4,291,24,4,295,28,0.00614773016424443,0.000583513371521505,265
-7.6926,53.28823,2022/11/05 00:00:00+00,Sat 05 Nov 2022,46,54,0,3862908,3816150,241162,4104070,4057312,85.5278472378665,84.5534215869521,266
-7.6926,53.28823,2022/11/06 00:00:00+00,Sun 06 Nov 2022,56,78,0,3862964,3816228,241162,4104126,4057390,85.5290142646096,84.5550470884871,267
-7.6926,53.28823,2022/11/07 00:00:00+00,Mon 07 Nov 2022,43,3,0,3863007,3816231,241162,4104169,4057393,85.5299103744301,84.5551096077769,268
-7.6926,53.28823,2022/11/08 00:00:00+00,Tue 08 Nov 2022,66,32,0,3863073,3816263,241162,4104235,4057425,85.5312857988058,84.5557764802015,269
-7.6926,53.28823,2022/11/09 00:00:00+00,Wed 09 Nov 2022,95,32,0,3863168,3816295,241162,4104330,4057457,85.5332655763164,84.5564433526261,270
-7.6926,53.28823,2022/11/10 00:00:00+00,Thu 10 Nov 2022,48,15,0,3863216,3816310,241162,4104378,4057472,85.5342658849533,84.5567559490751,271
-7.6926,53.28823,2022/11/11 00:00:00+00,Fri 11 Nov 2022,50,17,0,3863266,3816327,241162,4104428,4057489,85.5353078731167,84.5571102250507,272
-7.6926,53.28823,2022/11/12 00:00:00+00,Sat 12 Nov 2022,74,87,0,3863340,3816414,241162,4104502,4057576,85.5368500155986,84.5589232844551,273
-7.6926,53.28823,2022/11/13 00:00:00+00,Sun 13 Nov 2022,42,62,1,3863382,3816476,241163,4104545,4057639,85.5377461254191,84.560236189541,274
-7.6926,53.28823,2022/11/14 00:00:00+00,Mon 14 Nov 2022,15,2,0,3863397,3816478,241163,4104560,4057641,85.5380587218681,84.5602778690675,275
-7.6926,53.28823,2022/11/15 00:00:00+00,Tue 15 Nov 2022,57,8,0,3863454,3816486,241163,4104617,4057649,85.5392465883745,84.5604445871737,276
-7.6926,53.28823,2022/11/16 00:00:00+00,Wed 16 Nov 2022,46,20,0,3863500,3816506,241163,4104663,4057669,85.5402052174848,84.560861382439,277
-7.6926,53.28823,2022/11/17 00:00:00+00,Thu 17 Nov 2022,64,9,1,3863564,3816515,241164,4104728,4057679,85.5415598020973,84.5610697800717,278
-7.6926,53.28823,2022/11/18 00:00:00+00,Fri 18 Nov 2022,28,22,0,3863592,3816537,241164,4104756,4057701,85.5421433154688,84.5615282548636,279
-7.6926,53.28823,2022/11/19 00:00:00+00,Sat 19 Nov 2022,55,57,0,3863647,3816594,241164,4104811,4057758,85.5432895024486,84.5627161213699,280
-7.6926,53.28823,2022/11/20 00:00:00+00,Sun 20 Nov 2022,40,56,0,3863687,3816650,241164,4104851,4057814,85.5441230929793,84.563883148113,281
-7.6926,53.28823,2022/11/21 00:00:00+00,Mon 21 Nov 2022,17,3,0,3863704,3816653,241164,4104868,4057817,85.5444773689549,84.5639456674028,282
-7.6926,53.28823,2022/11/22 00:00:00+00,Tue 22 Nov 2022,48,22,0,3863752,3816675,241164,4104916,4057839,85.5454776775918,84.5644041421947,283
-7.6926,53.28823,2022/11/23 00:00:00+00,Wed 23 Nov 2022,23,16,0,3863775,3816691,241164,4104939,4057855,85.545956992147,84.564737578407,284
-7.6926,53.28823,2022/11/24 00:00:00+00,Thu 24 Nov 2022,25,18,0,3863800,3816709,241164,4104964,4057873,85.5464779862287,84.5651126941458,285
-7.6926,53.28823,2022/11/25 00:00:00+00,Fri 25 Nov 2022,18,11,0,3863818,3816720,241164,4104982,4057884,85.5468531019675,84.5653419315418,286
-7.6926,53.28823,2022/11/26 00:00:00+00,Sat 26 Nov 2022,65,63,0,3863883,3816783,241164,4105047,4057947,85.54820768658,84.5666548366277,287
-7.6926,53.28823,2022/11/27 00:00:00+00,Sun 27 Nov 2022,36,42,0,3863919,3816825,241164,4105083,4057989,85.5489579180576,84.567530106685,288
-7.6926,53.28823,2022/11/28 00:00:00+00,Mon 28 Nov 2022,16,1,0,3863935,3816826,241164,4105099,4057990,85.5492913542699,84.5675509464483,289
-7.6926,53.28823,2022/11/29 00:00:00+00,Tue 29 Nov 2022,32,18,0,3863967,3816844,241164,4105131,4058008,85.5499582266945,84.5679260621871,290
-7.6926,53.28823,2022/11/30 00:00:00+00,Wed 30 Nov 2022,46,13,0,3864013,3816857,241164,4105177,4058021,85.5509168558049,84.5681969791096,291
-7.6926,53.28823,2022/12/01 00:00:00+00,Thu 01 Dec 2022,21,11,0,3864034,3816868,241164,4105198,4058032,85.5513544908335,84.5684262165056,292
-7.6926,53.28823,2022/12/02 00:00:00+00,Fri 02 Dec 2022,17,18,0,3864051,3816886,241164,4105215,4058050,85.5517087668091,84.5688013322444,293
-7.6926,53.28823,2022/12/03 00:00:00+00,Sat 03 Dec 2022,41,71,0,3864092,3816957,241164,4105256,4058121,85.5525631971031,84.5702809554365,294
-7.6926,53.28823,2022/12/04 00:00:00+00,Sun 04 Dec 2022,44,47,0,3864136,3817004,241164,4105300,4058168,85.5534801466869,84.5712604243101,295
-7.6926,53.28823,2022/12/05 00:00:00+00,Mon 05 Dec 2022,20,5,0,3864156,3817009,241164,4105320,4058173,85.5538969419523,84.5713646231264,296
-7.6926,53.28823,2022/12/06 00:00:00+00,Tue 06 Dec 2022,35,29,0,3864191,3817038,241164,4105355,4058202,85.5546263336667,84.5719689762612,297
-7.6926,53.28823,2022/12/07 00:00:00+00,Wed 07 Dec 2022,22,23,0,3864213,3817061,241164,4105377,4058225,85.5550848084586,84.5724482908164,298
-7.6926,53.28823,2022/12/08 00:00:00+00,Thu 08 Dec 2022,16,13,1,3864229,3817074,241165,4105394,4058239,85.5554390844342,84.5727400475022,299
-7.6926,53.28823,2022/12/09 00:00:00+00,Fri 09 Dec 2022,24,17,0,3864253,3817091,241165,4105418,4058256,85.5559392387526,84.5730943234777,300
-7.6926,53.28823,2022/12/10 00:00:00+00,Sat 10 Dec 2022,49,44,0,3864302,3817135,241165,4105467,4058300,85.5569603871528,84.5740112730615,301
-7.6926,53.28823,2022/12/11 00:00:00+00,Sun 11 Dec 2022,28,41,0,3864330,3817176,241165,4105495,4058341,85.5575439005243,84.5748657033556,302
-7.6926,53.28823,2022/12/12 00:00:00+00,Mon 12 Dec 2022,15,2,0,3864345,3817178,241165,4105510,4058343,85.5578564969733,84.5749073828821,303
-7.6926,53.28823,2022/12/13 00:00:00+00,Tue 13 Dec 2022,30,15,0,3864375,3817193,241165,4105540,4058358,85.5584816898714,84.5752199793311,304
-7.6926,53.28823,2022/12/14 00:00:00+00,Wed 14 Dec 2022,20,20,0,3864395,3817213,241165,4105560,4058378,85.5588984851368,84.5756367745965,305
-7.6926,53.28823,2022/12/15 00:00:00+00,Thu 15 Dec 2022,13,9,0,3864408,3817222,241165,4105573,4058387,85.5591694020593,84.5758243324659,306
-7.6926,53.28823,2022/12/16 00:00:00+00,Fri 16 Dec 2022,14,4,0,3864422,3817226,241165,4105587,4058391,85.559461158745,84.575907691519,307
-7.6926,53.28823,2022/12/17 00:00:00+00,Sat 17 Dec 2022,20,43,0,3864442,3817269,241165,4105607,4058434,85.5598779540104,84.5768038013395,308
-7.6926,53.28823,2022/12/18 00:00:00+00,Sun 18 Dec 2022,29,35,0,3864471,3817304,241165,4105636,4058469,85.5604823071452,84.5775331930539,309
-7.6926,53.28823,2022/12/19 00:00:00+00,Mon 19 Dec 2022,9,1,0,3864480,3817305,241165,4105645,4058470,85.5606698650146,84.5775540328172,310
-7.6926,53.28823,2022/12/20 00:00:00+00,Tue 20 Dec 2022,20,18,0,3864500,3817323,241165,4105665,4058488,85.56108666028,84.577929148556,311
-7.6926,53.28823,2022/12/21 00:00:00+00,Wed 21 Dec 2022,17,29,0,3864517,3817352,241165,4105682,4058517,85.5614409362555,84.5785335016908,312
-7.6926,53.28823,2022/12/22 00:00:00+00,Thu 22 Dec 2022,7,15,0,3864524,3817367,241165,4105689,4058532,85.5615868145984,84.5788460981399,313
-7.6926,53.28823,2022/12/23 00:00:00+00,Fri 23 Dec 2022,20,6,0,3864544,3817373,241165,4105709,4058538,85.5620036098638,84.5789711367195,314
-7.6926,53.28823,2022/12/28 00:00:00+00,Wed 28 Dec 2022,20,24,0,3864564,3817397,241165,4105729,4058562,85.5624204051292,84.5794712910379,315
-7.6926,53.28823,2022/12/29 00:00:00+00,Thu 29 Dec 2022,18,12,0,3864582,3817409,241165,4105747,4058574,85.562795520868,84.5797213681971,316
-7.6926,53.28823,2022/12/30 00:00:00+00,Fri 30 Dec 2022,71,31,0,3864653,3817440,241165,4105818,4058605,85.5642751440601,84.5803674008585,317
-7.6926,53.28823,2022/12/31 00:00:00+00,Sat 31 Dec 2022,36,26,0,3864689,3817466,241165,4105854,4058631,85.5650253755377,84.5809092347035,318
-7.6926,53.28823,2023/01/03 00:00:00+00,Tue 03 Jan 2023,14,14,0,3864703,3817480,241165,4105868,4058645,85.5653171322235,84.5812009913892,319
-7.6926,53.28823,2023/01/04 00:00:00+00,Wed 04 Jan 2023,56,28,0,3864759,3817508,241165,4105924,4058673,85.5664841589665,84.5817845047607,320
-7.6926,53.28823,2023/01/05 00:00:00+00,Thu 05 Jan 2023,26,16,0,3864785,3817524,241165,4105950,4058689,85.5670259928115,84.582117940973,321
-7.6926,53.28823,2023/01/06 00:00:00+00,Fri 06 Jan 2023,36,22,0,3864821,3817546,241165,4105986,4058711,85.5677762242892,84.5825764157649,322
-7.6926,53.28823,2023/01/07 00:00:00+00,Sat 07 Jan 2023,135,74,0,3864956,3817620,241165,4106121,4058785,85.5705895923305,84.5841185582468,323
-7.6926,53.28823,2023/01/08 00:00:00+00,Sun 08 Jan 2023,51,45,0,3865007,3817665,241165,4106172,4058830,85.5716524202572,84.5850563475939,324
-7.6926,53.28823,2023/01/09 00:00:00+00,Mon 09 Jan 2023,1,1,0,3865008,3817666,241165,4106173,4058831,85.5716732600204,84.5850771873572,325
-7.6926,53.28823,2023/01/10 00:00:00+00,Tue 10 Jan 2023,43,13,0,3865051,3817679,241165,4106216,4058844,85.572569369841,84.5853481042797,326
-7.6926,53.28823,2023/01/11 00:00:00+00,Wed 11 Jan 2023,58,31,0,3865109,3817710,241165,4106274,4058875,85.5737780761106,84.585994136941,327
-7.6926,53.28823,2023/01/12 00:00:00+00,Thu 12 Jan 2023,14,12,0,3865123,3817722,241165,4106288,4058887,85.5740698327963,84.5862442141002,328
-7.6926,53.28823,2023/01/13 00:00:00+00,Fri 13 Jan 2023,30,12,0,3865153,3817734,241165,4106318,4058899,85.5746950256944,84.5864942912595,329
-7.6926,53.28823,2023/01/14 00:00:00+00,Sat 14 Jan 2023,72,39,0,3865225,3817773,241165,4106390,4058938,85.5761954886497,84.5873070420269,330
-7.6926,53.28823,2023/01/15 00:00:00+00,Sun 15 Jan 2023,60,30,0,3865285,3817803,241165,4106450,4058968,85.5774458744458,84.587932234925,331
-7.6926,53.28823,2023/01/16 00:00:00+00,Mon 16 Jan 2023,6,2,0,3865291,3817805,241165,4106456,4058970,85.5775709130255,84.5879739144515,332
-7.6926,53.28823,2023/01/17 00:00:00+00,Tue 17 Jan 2023,13,18,0,3865304,3817823,241165,4106469,4058988,85.577841829948,84.5883490301904,333
-7.6926,53.28823,2023/01/18 00:00:00+00,Wed 18 Jan 2023,36,13,0,3865340,3817836,241165,4106505,4059001,85.5785920614256,84.5886199471128,334
-7.6926,53.28823,2023/01/19 00:00:00+00,Thu 19 Jan 2023,23,5,0,3865363,3817841,241165,4106528,4059006,85.5790713759808,84.5887241459292,335
-7.6926,53.28823,2023/01/20 00:00:00+00,Fri 20 Jan 2023,20,5,0,3865383,3817846,241165,4106548,4059011,85.5794881712462,84.5888283447455,336
-7.6926,53.28823,2023/01/21 00:00:00+00,Sat 21 Jan 2023,75,26,0,3865458,3817872,241165,4106623,4059037,85.5810511534913,84.5893701785905,337
-7.6926,53.28823,2023/01/22 00:00:00+00,Sun 22 Jan 2023,21,12,0,3865479,3817884,241165,4106644,4059049,85.5814887885199,84.5896202557497,338
-7.6926,53.28823,2023/01/23 00:00:00+00,Mon 23 Jan 2023,7,2,0,3865486,3817886,241165,4106651,4059051,85.5816346668628,84.5896619352763,339
-7.6926,53.28823,2023/01/24 00:00:00+00,Tue 24 Jan 2023,16,12,0,3865502,3817898,241165,4106667,4059063,85.5819681030751,84.5899120124355,340
-7.6926,53.28823,2023/01/25 00:00:00+00,Wed 25 Jan 2023,22,13,0,3865524,3817911,241165,4106689,4059076,85.582426577867,84.590182929358,341
-7.6926,53.28823,2022/07/12 23:00:00+00,Wed 13 Jul 2022,99,74,0,3856446,3810020,241152,4097598,4051172,85.392972289992,84.4254654404828,342
-7.6926,53.28823,2022/07/13 23:00:00+00,Thu 14 Jul 2022,72,39,0,3856518,3810059,241152,4097670,4051211,85.3944727529473,84.4262781912503,343
-7.6926,53.28823,2020/12/29 00:00:00+00,Tue 29 Dec 2020,81,3,0,372,27,4,376,31,0.00783575098900307,0.00064603266132738,344
-7.6926,53.28823,2022/07/14 23:00:00+00,Fri 15 Jul 2022,80,118,1,3856598,3810177,241153,4097751,4051330,85.3961607737721,84.4287581230792,345
-7.6926,53.28823,2022/07/15 23:00:00+00,Sat 16 Jul 2022,124,209,0,3856722,3810386,241153,4097875,4051539,85.3987449044174,84.4331136336024,346
-7.6926,53.28823,2020/12/30 00:00:00+00,Wed 30 Dec 2020,1065,2,0,1437,29,4,1441,33,0.0300300988700889,0.000687712187864631,347
-7.6926,53.28823,2022/07/16 23:00:00+00,Sun 17 Jul 2022,119,165,0,3856841,3810551,241153,4097994,4051704,85.4012248362463,84.4365521945417,348
-7.6926,53.28823,2020/12/31 00:00:00+00,Thu 31 Dec 2020,1042,1,0,2479,30,4,2483,34,0.0517451321959963,0.000708551951133256,349
-7.6926,53.28823,2022/07/17 23:00:00+00,Mon 18 Jul 2022,14,18,0,3856855,3810569,241153,4098008,4051722,85.4015165929321,84.4369273102805,350
-7.6926,53.28823,2021/01/01 00:00:00+00,Fri 01 Jan 2021,823,0,0,3302,30,4,3306,34,0.0688962573660748,0.000708551951133256,351
-7.6926,53.28823,2022/07/18 23:00:00+00,Tue 19 Jul 2022,30,33,0,3856885,3810602,241153,4098038,4051755,85.4021417858302,84.4376150224684,352
-7.6926,53.28823,2021/01/02 00:00:00+00,Sat 02 Jan 2021,1021,0,0,4323,30,4,4327,34,0.0901736556633411,0.000708551951133256,353
-7.6926,53.28823,2022/07/19 23:00:00+00,Wed 20 Jul 2022,78,66,0,3856963,3810668,241153,4098116,4051821,85.4037672873651,84.4389904468441,354
-7.6926,53.28823,2021/01/03 00:00:00+00,Sun 03 Jan 2021,24,3,1,4347,33,5,4352,38,0.0906946497450568,0.000791911004207756,355
-7.6926,53.28823,2022/07/20 23:00:00+00,Thu 21 Jul 2022,52,30,0,3857015,3810698,241153,4098168,4051851,85.4048509550551,84.4396156397422,356
-7.6926,53.28823,2021/01/04 00:00:00+00,Mon 04 Jan 2021,1197,5,0,5544,38,5,5549,43,0.115639846377601,0.000896109820550883,357
-7.6926,53.28823,2022/07/21 23:00:00+00,Fri 22 Jul 2022,75,70,0,3857090,3810768,241153,4098243,4051921,85.4064139373002,84.441074423171,358
-7.6926,53.28823,2021/01/05 00:00:00+00,Tue 05 Jan 2021,3545,14,0,9089,52,5,9094,57,0.189516807164877,0.00118786650631163,359
-7.6926,53.28823,2022/07/22 23:00:00+00,Sat 23 Jul 2022,99,175,0,3857189,3810943,241153,4098342,4052096,85.4084770738638,84.444721381743,360
-7.6926,53.28823,2022/07/23 23:00:00+00,Sun 24 Jul 2022,108,231,0,3857297,3811174,241153,4098450,4052327,85.4107277682969,84.449535367058,361
-7.6926,53.28823,2022/07/24 23:00:00+00,Mon 25 Jul 2022,14,23,0,3857311,3811197,241153,4098464,4052350,85.4110195249826,84.4500146816132,362
-7.6926,53.28823,2022/07/25 23:00:00+00,Tue 26 Jul 2022,18,16,0,3857329,3811213,241153,4098482,4052366,85.4113946407214,84.4503481178255,363
-7.6926,53.28823,2022/07/26 23:00:00+00,Wed 27 Jul 2022,61,72,1,3857390,3811285,241154,4098544,4052439,85.4126867060441,84.4518694205441,364
-7.6926,53.28823,2022/07/27 23:00:00+00,Thu 28 Jul 2022,48,71,0,3857438,3811356,241154,4098592,4052510,85.413687014681,84.4533490437362,365
-7.6926,53.28823,2022/07/28 23:00:00+00,Fri 29 Jul 2022,71,105,0,3857509,3811461,241154,4098663,4052615,85.4151666378731,84.4555372188794,366
-7.6926,53.28823,2022/07/29 23:00:00+00,Sat 30 Jul 2022,100,119,0,3857609,3811580,241154,4098763,4052734,85.4172506141999,84.4580171507084,367
-7.6926,53.28823,2022/07/30 23:00:00+00,Sun 31 Jul 2022,32,57,0,3857641,3811637,241154,4098795,4052791,85.4179174866245,84.4592050172147,368
-7.6926,53.28823,2022/07/31 23:00:00+00,Mon 01 Aug 2022,10,15,0,3857651,3811652,241154,4098805,4052806,85.4181258842572,84.4595176136637,369
-7.6926,53.28823,2022/08/01 23:00:00+00,Tue 02 Aug 2022,36,29,0,3857687,3811681,241154,4098841,4052835,85.4188761157349,84.4601219667985,370
-7.6926,53.28823,2022/08/02 23:00:00+00,Wed 03 Aug 2022,93,139,0,3857780,3811820,241154,4098934,4052974,85.4208142137189,84.4630186938928,371
-7.6926,53.28823,2022/08/03 23:00:00+00,Thu 04 Aug 2022,45,52,0,3857825,3811872,241154,4098979,4053026,85.4217520030659,84.4641023615828,372
-7.6926,53.28823,2022/08/04 23:00:00+00,Fri 05 Aug 2022,96,91,0,3857921,3811963,241154,4099075,4053117,85.4237526203397,84.4659987800403,373
-7.6926,53.28823,2022/08/05 23:00:00+00,Sat 06 Aug 2022,74,130,0,3857995,3812093,241154,4099149,4053247,85.4252947628216,84.4687079492652,374
-7.6926,53.28823,2022/08/06 23:00:00+00,Sun 07 Aug 2022,28,80,0,3858023,3812173,241154,4099177,4053327,85.4258782761931,84.4703751303267,375
-7.6926,53.28823,2022/08/07 23:00:00+00,Mon 08 Aug 2022,11,15,0,3858034,3812188,241154,4099188,4053342,85.4261075135891,84.4706877267757,376
-7.6926,53.28823,2022/08/08 23:00:00+00,Tue 09 Aug 2022,47,42,0,3858081,3812230,241154,4099235,4053384,85.4270869824627,84.471562996833,377
-7.6926,53.28823,2022/08/09 23:00:00+00,Wed 10 Aug 2022,55,94,1,3858136,3812324,241155,4099291,4053479,85.4282540092058,84.4735427743435,378
-7.6926,53.28823,2022/08/10 23:00:00+00,Thu 11 Aug 2022,44,42,0,3858180,3812366,241155,4099335,4053521,85.4291709587896,84.4744180444008,379
-7.6926,53.28823,2022/08/11 23:00:00+00,Fri 12 Aug 2022,69,75,0,3858249,3812441,241155,4099404,4053596,85.4306089024551,84.4759810266459,380
-7.6926,53.28823,2022/08/12 23:00:00+00,Sat 13 Aug 2022,103,151,0,3858352,3812592,241155,4099507,4053747,85.4327553980718,84.4791278308995,381
-7.6926,53.28823,2022/08/13 23:00:00+00,Sun 14 Aug 2022,17,26,0,3858369,3812618,241155,4099524,4053773,85.4331096740473,84.4796696647445,382
-7.6926,53.28823,2022/08/14 23:00:00+00,Mon 15 Aug 2022,7,11,0,3858376,3812629,241155,4099531,4053784,85.4332555523902,84.4798989021404,383
-7.6926,53.28823,2022/08/15 23:00:00+00,Tue 16 Aug 2022,41,28,0,3858417,3812657,241155,4099572,4053812,85.4341099826842,84.4804824155119,384
-7.6926,53.28823,2022/08/16 23:00:00+00,Wed 17 Aug 2022,51,58,0,3858468,3812715,241155,4099623,4053870,85.4351728106109,84.4816911217815,385
-7.6926,53.28823,2022/08/17 23:00:00+00,Thu 18 Aug 2022,55,39,0,3858523,3812754,241155,4099678,4053909,85.4363189975907,84.482503872549,386
-7.6926,53.28823,2022/08/18 23:00:00+00,Fri 19 Aug 2022,74,56,0,3858597,3812810,241155,4099752,4053965,85.4378611400726,84.4836708992921,387
-7.6926,53.28823,2022/08/19 23:00:00+00,Sat 20 Aug 2022,109,127,1,3858706,3812937,241156,4099862,4054093,85.4401535140321,84.4863383889904,388
-7.6926,53.28823,2022/08/20 23:00:00+00,Sun 21 Aug 2022,39,36,0,3858745,3812973,241156,4099901,4054129,85.4409662647996,84.4870886204681,389
-7.6926,53.28823,2022/08/21 23:00:00+00,Mon 22 Aug 2022,12,13,0,3858757,3812986,241156,4099913,4054142,85.4412163419588,84.4873595373906,390
-7.6926,53.28823,2022/08/22 23:00:00+00,Tue 23 Aug 2022,78,73,0,3858835,3813059,241156,4099991,4054215,85.4428418434938,84.4888808401092,391
-7.6926,53.28823,2022/08/23 23:00:00+00,Wed 24 Aug 2022,53,56,0,3858888,3813115,241156,4100044,4054271,85.443946350947,84.4900478668523,392
-7.6926,53.28823,2022/08/24 23:00:00+00,Thu 25 Aug 2022,40,49,0,3858928,3813164,241156,4100084,4054320,85.4447799414778,84.4910690152524,393
-7.6926,53.28823,2022/08/25 23:00:00+00,Fri 26 Aug 2022,99,90,0,3859027,3813254,241156,4100183,4054410,85.4468430780414,84.4929445939466,394
-7.6926,53.28823,2022/08/26 23:00:00+00,Sat 27 Aug 2022,86,119,0,3859113,3813373,241156,4100269,4054529,85.4486352976825,84.4954245257755,395
-7.6926,53.28823,2022/08/27 23:00:00+00,Sun 28 Aug 2022,44,21,0,3859157,3813394,241156,4100313,4054550,85.4495522472663,84.4958621608042,396
-7.6926,53.28823,2022/08/28 23:00:00+00,Mon 29 Aug 2022,13,12,0,3859170,3813406,241156,4100326,4054562,85.4498231641888,84.4961122379634,397
-7.6926,53.28823,2022/08/29 23:00:00+00,Tue 30 Aug 2022,41,44,1,3859211,3813450,241157,4100368,4054607,85.4506984342461,84.4970500273105,398
-7.6926,53.28823,2022/08/30 23:00:00+00,Wed 31 Aug 2022,28,29,0,3859239,3813479,241157,4100396,4054636,85.4512819476176,84.4976543804453,399
-7.6926,53.28823,2022/08/31 23:00:00+00,Thu 01 Sep 2022,35,30,0,3859274,3813509,241157,4100431,4054666,85.452011339332,84.4982795733434,400
-7.6926,53.28823,2022/09/01 23:00:00+00,Fri 02 Sep 2022,48,51,0,3859322,3813560,241157,4100479,4054717,85.4530116479689,84.4993424012701,401
-7.6926,53.28823,2022/09/02 23:00:00+00,Sat 03 Sep 2022,73,101,0,3859395,3813661,241157,4100552,4054818,85.4545329506875,84.5014472173602,402
-7.6926,53.28823,2022/09/03 23:00:00+00,Sun 04 Sep 2022,58,82,0,3859453,3813743,241157,4100610,4054900,85.4557416569571,84.5031560779482,403
-7.6926,53.28823,2022/09/04 23:00:00+00,Mon 05 Sep 2022,9,5,0,3859462,3813748,241157,4100619,4054905,85.4559292148265,84.5032602767646,404
-7.6926,53.28823,2022/09/05 23:00:00+00,Tue 06 Sep 2022,42,22,0,3859504,3813770,241157,4100661,4054927,85.4568044848838,84.5037187515565,405
-7.6926,53.28823,2022/09/06 23:00:00+00,Wed 07 Sep 2022,48,42,0,3859552,3813812,241157,4100709,4054969,85.4578047935207,84.5045940216138,406
-7.6926,53.28823,2022/09/07 23:00:00+00,Thu 08 Sep 2022,39,50,2,3859591,3813862,241159,4100750,4055021,85.4586592238147,84.5056776893037,407
-7.6926,53.28823,2022/09/08 23:00:00+00,Fri 09 Sep 2022,64,61,0,3859655,3813923,241159,4100814,4055082,85.4599929686639,84.5069489148631,408
-7.6926,53.28823,2022/09/09 23:00:00+00,Sat 10 Sep 2022,94,135,0,3859749,3814058,241159,4100908,4055217,85.4619519064111,84.5097622829044,409
-7.6926,53.28823,2022/09/10 23:00:00+00,Sun 11 Sep 2022,58,58,0,3859807,3814116,241159,4100966,4055275,85.4631606126807,84.510970989174,410
-7.6926,53.28823,2022/09/11 23:00:00+00,Mon 12 Sep 2022,13,13,0,3859820,3814129,241159,4100979,4055288,85.4634315296032,84.5112419060964,411
-7.6926,53.28823,2022/09/12 23:00:00+00,Tue 13 Sep 2022,29,25,0,3859849,3814154,241159,4101008,4055313,85.464035882738,84.5117629001782,412
-7.6926,53.28823,2022/09/13 23:00:00+00,Wed 14 Sep 2022,36,33,0,3859885,3814187,241159,4101044,4055346,85.4647861142157,84.512450612366,413
-7.6926,53.28823,2022/09/14 23:00:00+00,Thu 15 Sep 2022,51,36,0,3859936,3814223,241159,4101095,4055382,85.4658489421424,84.5132008438437,414
-7.6926,53.28823,2022/09/15 23:00:00+00,Fri 16 Sep 2022,38,56,0,3859974,3814279,241159,4101133,4055438,85.4666408531466,84.5143678705867,415
-7.6926,53.28823,2022/09/16 23:00:00+00,Sat 17 Sep 2022,67,149,0,3860041,3814428,241159,4101200,4055587,85.4680371172856,84.5174729953138,416
-7.6926,53.28823,2022/09/17 23:00:00+00,Sun 18 Sep 2022,30,53,0,3860071,3814481,241159,4101230,4055640,85.4686623101836,84.518577502767,417
-7.6926,53.28823,2022/09/18 23:00:00+00,Mon 19 Sep 2022,11,11,0,3860082,3814492,241159,4101241,4055651,85.4688915475796,84.518806740163,418
-7.6926,53.28823,2022/09/19 23:00:00+00,Tue 20 Sep 2022,39,37,0,3860121,3814529,241159,4101280,4055688,85.4697042983471,84.5195778114039,419
-7.6926,53.28823,2022/09/20 23:00:00+00,Wed 21 Sep 2022,43,32,0,3860164,3814561,241159,4101323,4055720,85.4706004081676,84.5202446838285,420
-7.6926,53.28823,2022/09/21 23:00:00+00,Thu 22 Sep 2022,61,34,0,3860225,3814595,241159,4101384,4055754,85.471871633727,84.5209532357796,421
-7.6926,53.28823,2022/09/22 23:00:00+00,Fri 23 Sep 2022,38,39,0,3860263,3814634,241159,4101422,4055793,85.4726635447312,84.5217659865471,422
-7.6926,53.28823,2022/09/23 23:00:00+00,Sat 24 Sep 2022,56,104,0,3860319,3814738,241159,4101478,4055897,85.4738305714742,84.523933321927,423
-7.6926,53.28823,2022/09/24 23:00:00+00,Sun 25 Sep 2022,42,74,0,3860361,3814812,241159,4101520,4055971,85.4747058415315,84.5254754644089,424
-7.6926,53.28823,2022/09/25 23:00:00+00,Mon 26 Sep 2022,24,10,0,3860385,3814822,241159,4101544,4055981,85.47520599585,84.5256838620416,425
-7.6926,53.28823,2022/09/26 23:00:00+00,Tue 27 Sep 2022,30,33,2,3860415,3814855,241161,4101576,4056016,85.4758728682746,84.526413253756,426
-7.6926,53.28823,2022/09/27 23:00:00+00,Wed 28 Sep 2022,43,27,0,3860458,3814882,241161,4101619,4056043,85.4767689780951,84.5269759273643,427
-7.6926,53.28823,2022/09/28 23:00:00+00,Thu 29 Sep 2022,31,23,0,3860489,3814905,241161,4101650,4056066,85.4774150107564,84.5274552419194,428
-7.6926,53.28823,2022/09/29 23:00:00+00,Fri 30 Sep 2022,39,58,0,3860528,3814963,241161,4101689,4056124,85.4782277615239,84.528663948189,429
-7.6926,53.28823,2022/09/30 23:00:00+00,Sat 01 Oct 2022,53,105,0,3860581,3815068,241161,4101742,4056229,85.4793322689772,84.5308521233322,430
-7.6926,53.28823,2022/10/01 23:00:00+00,Sun 02 Oct 2022,26,47,0,3860607,3815115,241161,4101768,4056276,85.4798741028221,84.5318315922058,431
-7.6926,53.28823,2022/10/02 23:00:00+00,Mon 03 Oct 2022,22,1,0,3860629,3815116,241161,4101790,4056277,85.480332577614,84.5318524319691,432
-7.6926,53.28823,2022/10/03 23:00:00+00,Tue 04 Oct 2022,29,17,0,3860658,3815133,241161,4101819,4056294,85.4809369307488,84.5322067079447,433
-7.6926,53.28823,2022/10/04 23:00:00+00,Wed 05 Oct 2022,49,37,0,3860707,3815170,241161,4101868,4056331,85.481958079149,84.5329777791856,434
-7.6926,53.28823,2022/10/05 23:00:00+00,Thu 06 Oct 2022,56,27,0,3860763,3815197,241161,4101924,4056358,85.483125105892,84.5335404527939,435
-7.6926,53.28823,2022/10/06 23:00:00+00,Fri 07 Oct 2022,80,40,0,3860843,3815237,241161,4102004,4056398,85.4847922869535,84.5343740433246,436
-7.6926,53.28823,2021/01/06 00:00:00+00,Wed 06 Jan 2021,6796,14,0,15885,66,5,15890,71,0.331143838338454,0.00147962319207239,437
-7.6926,53.28823,2021/01/07 00:00:00+00,Thu 07 Jan 2021,11742,9,0,27627,75,5,27632,80,0.575844338638651,0.00166718106149001,438
-7.6926,53.28823,2021/01/08 00:00:00+00,Fri 08 Jan 2021,12690,8,0,40317,83,5,40322,88,0.840300934517504,0.00183389916763902,439
-7.6926,53.28823,2021/01/09 00:00:00+00,Sat 09 Jan 2021,8081,7,0,48398,90,5,48403,95,1.00870706149126,0.00197977751051939,440
-7.6926,53.28823,2021/01/10 00:00:00+00,Sun 10 Jan 2021,4790,6,1,53188,96,6,53194,102,1.10855036731125,0.00212565585339977,441
-7.6926,53.28823,2021/01/11 00:00:00+00,Mon 11 Jan 2021,8355,8,0,61543,104,6,61549,110,1.28266658942061,0.00229237395954877,442
-7.6926,53.28823,2021/01/12 00:00:00+00,Tue 12 Jan 2021,8901,15,0,70444,119,6,70450,125,1.46816132227464,0.00260497040857815,443
-7.6926,53.28823,2021/01/13 00:00:00+00,Wed 13 Jan 2021,9905,5,0,80349,124,6,80355,130,1.67457917745038,0.00270916922492127,444
-7.6926,53.28823,2021/01/14 00:00:00+00,Thu 14 Jan 2021,8099,6,0,88448,130,6,88454,136,1.84336042016297,0.00283420780453302,445
-7.6926,53.28823,2021/01/15 00:00:00+00,Fri 15 Jan 2021,7707,5,0,96155,135,6,96161,141,2.00397247567427,0.00293840662087615,446
-7.6926,53.28823,2021/01/16 00:00:00+00,Sat 16 Jan 2021,5248,3,0,101403,138,6,101409,144,2.11333955330801,0.00300092591068202,447
-7.6926,53.28823,2021/01/17 00:00:00+00,Sun 17 Jan 2021,1118,5,0,102521,143,6,102527,149,2.13663840864233,0.00310512472702515,448
-7.6926,53.28823,2021/01/18 00:00:00+00,Mon 18 Jan 2021,8731,9,1,111252,152,7,111259,159,2.31861122150397,0.0033135223597114,449
-7.6926,53.28823,2021/01/19 00:00:00+00,Tue 19 Jan 2021,8398,21,0,119650,173,7,119657,180,2.49362355343388,0.00375115738835253,450
-7.6926,53.28823,2021/01/20 00:00:00+00,Wed 20 Jan 2021,8458,965,0,128108,1138,7,128115,1145,2.66988627115991,0.0238615289425758,451
-7.6926,53.28823,2021/01/21 00:00:00+00,Thu 21 Jan 2021,9022,967,0,137130,2105,7,137137,2112,2.85790261536945,0.0440135800233364,452
-7.6926,53.28823,2021/01/22 00:00:00+00,Fri 22 Jan 2021,6794,971,0,143924,3076,7,143931,3083,2.99948796701649,0.0642489901571714,453
-7.6926,53.28823,2021/01/23 00:00:00+00,Sat 23 Jan 2021,4201,461,0,148125,3537,7,148132,3544,3.08703581250798,0.0738561210240076,454
-7.6926,53.28823,2021/01/24 00:00:00+00,Sun 24 Jan 2021,1190,399,0,149315,3936,7,149322,3943,3.11183513079765,0.0821711865681891,455
-7.6926,53.28823,2021/01/25 00:00:00+00,Mon 25 Jan 2021,1377,1294,0,150692,5230,7,150699,5237,3.14053148481855,0.10913784023779,456
-7.6926,53.28823,2021/01/26 00:00:00+00,Tue 26 Jan 2021,1012,3508,0,151704,8738,7,151711,8745,3.16162132524639,0.182243729784127,457
-7.6926,53.28823,2021/01/27 00:00:00+00,Wed 27 Jan 2021,2192,6710,0,153896,15448,7,153903,15455,3.20730208633122,0.322078541316602,458
-7.6926,53.28823,2021/01/28 00:00:00+00,Thu 28 Jan 2021,1028,11544,0,154924,26992,7,154931,26999,3.22872536297137,0.562652768489611,459
-7.6926,53.28823,2021/01/29 00:00:00+00,Fri 29 Jan 2021,1592,11526,0,156516,38518,7,156523,38525,3.26190226609502,0.802851879923785,460
-7.6926,53.28823,2021/01/30 00:00:00+00,Sat 30 Jan 2021,656,7795,0,157172,46313,7,157179,46320,3.27557315079924,0.965297834602718,461
-7.6926,53.28823,2021/01/31 00:00:00+00,Sun 31 Jan 2021,239,4088,0,157411,50401,7,157418,50408,3.28055385422044,1.05049078684486,462
-7.6926,53.28823,2021/02/01 00:00:00+00,Mon 01 Feb 2021,1044,8336,1,158455,58737,8,158463,58745,3.30233140683615,1.22423189321539,463
-7.6926,53.28823,2021/02/02 00:00:00+00,Tue 02 Feb 2021,850,5113,1,159305,63850,9,159314,63859,3.32006604537775,1.33080644257114,464
-7.6926,53.28823,2021/02/03 00:00:00+00,Wed 03 Feb 2021,1413,6873,0,160718,70723,9,160727,70732,3.34951263087632,1.4740381355164,465
-7.6926,53.28823,2021/02/04 00:00:00+00,Thu 04 Feb 2021,1458,10542,1,162176,81265,10,162186,81275,3.37991784548524,1.69375175965751,466
-7.6926,53.28823,2021/02/05 00:00:00+00,Fri 05 Feb 2021,3408,8616,0,165584,89881,10,165594,89891,3.45093975870472,1.87330715997999,467
-7.6926,53.28823,2021/02/06 00:00:00+00,Sat 06 Feb 2021,912,3871,0,166496,93752,10,166506,93762,3.4699456228057,1.95397788359283,468
-7.6926,53.28823,2021/02/07 00:00:00+00,Sun 07 Feb 2021,340,1301,2,166836,95053,12,166848,95065,3.47707282184357,1.98113209513185,469
-7.6926,53.28823,2021/02/08 00:00:00+00,Mon 08 Feb 2021,1197,882,0,168033,95935,12,168045,95947,3.50201801847612,1.99951276633478,470
-7.6926,53.28823,2021/02/09 00:00:00+00,Tue 09 Feb 2021,4276,555,3,172309,96490,15,172324,96505,3.59119136550256,2.01114135423867,471
-7.6926,53.28823,2021/02/10 00:00:00+00,Wed 10 Feb 2021,8835,585,0,181144,97075,15,181159,97090,3.77531067398087,2.02333261575082,472
-7.6926,53.28823,2021/02/11 00:00:00+00,Thu 11 Feb 2021,6207,452,0,187351,97527,15,187366,97542,3.90466308458922,2.03275218874824,473
-7.6926,53.28823,2021/02/12 00:00:00+00,Fri 12 Feb 2021,4407,527,0,191758,98054,15,191773,98069,3.99650392131406,2.0437347439908,474
-7.6926,53.28823,2021/02/13 00:00:00+00,Sat 13 Feb 2021,1224,1918,0,192982,99972,15,192997,99987,4.02201179155485,2.08370540994003,475
-7.6926,53.28823,2021/02/14 00:00:00+00,Sun 14 Feb 2021,2712,29,0,195694,100001,15,195709,100016,4.07852922953936,2.08430976307482,476
-7.6926,53.28823,2021/02/15 00:00:00+00,Mon 15 Feb 2021,1976,7896,0,197670,107897,15,197685,107912,4.11970860175817,2.24886053384388,477
-7.6926,53.28823,2021/02/16 00:00:00+00,Tue 16 Feb 2021,5663,8169,0,203333,116066,15,203348,116081,4.23772418114839,2.41910055998528,478
-7.6926,53.28823,2021/02/17 00:00:00+00,Wed 17 Feb 2021,9761,8467,0,213094,124533,15,213109,124548,4.44114111041344,2.59555083558073,479
-7.6926,53.28823,2021/02/18 00:00:00+00,Thu 18 Feb 2021,8478,8362,1,221572,132895,16,221588,132911,4.61784146316812,2.76983377579624,480
-7.6926,53.28823,2021/02/19 00:00:00+00,Fri 19 Feb 2021,9401,6593,2,230973,139488,18,230991,139506,4.813797757183,2.90727201455282,481
-7.6926,53.28823,2021/02/20 00:00:00+00,Sat 20 Feb 2021,5900,3581,2,236873,143069,20,236893,143089,4.93679403999442,2.98194088634431,482
-7.6926,53.28823,2021/02/21 00:00:00+00,Sun 21 Feb 2021,1118,1025,6,237991,144094,26,238017,144120,4.96021793390836,3.00342668227426,483
-7.6926,53.28823,2021/02/22 00:00:00+00,Mon 22 Feb 2021,3955,1129,2,241946,145223,28,241974,145251,5.04268087716231,3.02699645453108,484
-7.6926,53.28823,2021/02/23 00:00:00+00,Tue 23 Feb 2021,13379,1074,1,255325,146297,29,255354,146326,5.32151690969651,3.04939920004485,485
-7.6926,53.28823,2021/02/24 00:00:00+00,Wed 24 Feb 2021,16952,2110,6,272277,148407,35,272312,148442,5.67491761520586,3.09349613912126,486
-7.6926,53.28823,2021/02/25 00:00:00+00,Thu 25 Feb 2021,18110,1770,3,290387,150177,38,290425,150215,6.05238824729047,3.13044503939653,487
-7.6926,53.28823,2021/02/26 00:00:00+00,Fri 26 Feb 2021,16098,2779,1,306485,152956,39,306524,152995,6.38788759615206,3.18837958128331,488
-7.6926,53.28823,2021/02/27 00:00:00+00,Sat 27 Feb 2021,9013,707,1,315498,153663,40,315538,153703,6.57573722225545,3.2031341336775,489
-7.6926,53.28823,2021/02/28 00:00:00+00,Sun 28 Feb 2021,2455,61,2,317953,153724,42,317995,153766,6.62694052060646,3.20444703876342,490
-7.6926,53.28823,2021/03/01 00:00:00+00,Mon 01 Mar 2021,5633,809,0,323586,154533,42,323628,154575,6.74433090709863,3.22130640724774,491
-7.6926,53.28823,2021/03/02 00:00:00+00,Tue 02 Mar 2021,12212,1621,0,335798,156154,42,335840,156196,6.99882609613508,3.25508766350618,492
-7.6926,53.28823,2021/03/03 00:00:00+00,Wed 03 Mar 2021,12926,1514,1,348724,157668,43,348767,157711,7.2682217159086,3.28665990485814,493
-7.6926,53.28823,2021/03/04 00:00:00+00,Thu 04 Mar 2021,18743,1699,5,367467,159367,48,367515,159415,7.65892559766878,3.32217086146788,494
-7.6926,53.28823,2021/03/05 00:00:00+00,Fri 05 Mar 2021,18475,2407,6,385942,161774,54,385996,161828,8.04406526263624,3.37245721023507,495
-7.6926,53.28823,2021/03/06 00:00:00+00,Sat 06 Mar 2021,10414,149,5,396356,161923,59,396415,161982,8.26119475613205,3.37566653377844,496
-7.6926,53.28823,2021/03/07 00:00:00+00,Sun 07 Mar 2021,1539,18,4,397895,161941,63,397958,162004,8.29335051085554,3.37612500857035,497
-7.6926,53.28823,2021/03/08 00:00:00+00,Mon 08 Mar 2021,6685,1513,6,404580,163454,69,404649,163523,8.43278936688591,3.40778060897539,498
-7.6926,53.28823,2021/03/09 00:00:00+00,Tue 09 Mar 2021,13863,3115,6,418443,166569,75,418518,166644,8.72181604365847,3.47282151013677,499
-7.6926,53.28823,2021/03/10 00:00:00+00,Wed 10 Mar 2021,13763,4007,3,432206,170576,78,432284,170654,9.00869622481436,3.55638896084396,500
-7.6926,53.28823,2021/03/11 00:00:00+00,Thu 11 Mar 2021,18509,2108,4,450715,172684,82,450797,172766,9.39450276220642,3.6004025408673,501
-7.6926,53.28823,2021/03/12 00:00:00+00,Fri 12 Mar 2021,17361,1351,4,468076,174035,86,468162,174121,9.7563852513661,3.62864042009628,502
-7.6926,53.28823,2021/03/13 00:00:00+00,Sat 13 Mar 2021,8339,182,0,476415,174217,86,476501,174303,9.93016803726316,3.63243325701117,503
-7.6926,53.28823,2021/03/14 00:00:00+00,Sun 14 Mar 2021,399,23,2,476814,174240,88,476902,174328,9.93852478233388,3.63295425109289,504
-7.6926,53.28823,2021/03/15 00:00:00+00,Mon 15 Mar 2021,2678,1005,0,479492,175245,88,479580,175333,9.99433366836726,3.65389821317786,505
-7.6926,53.28823,2021/03/16 00:00:00+00,Tue 16 Mar 2021,8976,3832,2,488468,179077,90,488558,179167,10.181433062993,3.73379786554977,506
-7.6926,53.28823,2021/03/17 00:00:00+00,Wed 17 Mar 2021,4913,2429,8,493381,181506,98,493479,181604,10.2839855380379,3.78458436863541,507
-7.6926,53.28823,2021/03/18 00:00:00+00,Thu 18 Mar 2021,11750,4691,7,505131,186197,105,505236,186302,10.5289986347871,3.88248957647141,508
-7.6926,53.28823,2021/03/19 00:00:00+00,Fri 19 Mar 2021,10398,6142,2,515529,192339,107,515636,192446,10.7457321727808,4.01052908199384,509
-7.6926,53.28823,2021/03/20 00:00:00+00,Sat 20 Mar 2021,5261,3130,4,520790,195469,111,520901,195580,10.8554535263901,4.07584090007771,510
-7.6926,53.28823,2021/03/21 00:00:00+00,Sun 21 Mar 2021,3660,59,3,524450,195528,114,524564,195642,10.9317895792431,4.07713296540037,511
-7.6926,53.28823,2021/03/22 00:00:00+00,Mon 22 Mar 2021,7435,2420,1,531885,197948,115,532000,198063,11.0867540589086,4.12758603227371,512
-7.6926,53.28823,2021/03/23 00:00:00+00,Tue 23 Mar 2021,12583,7411,6,544468,205359,121,544589,205480,11.3491058386973,4.2821545564371,513
-7.6926,53.28823,2021/03/24 00:00:00+00,Wed 24 Mar 2021,13650,9786,2,558118,215145,123,558241,215268,11.6336102868406,4.4861341593104,514
-7.6926,53.28823,2021/03/25 00:00:00+00,Thu 25 Mar 2021,20896,10233,3,579014,225378,126,579140,225504,12.0691404993916,4.69944997612805,515
-7.6926,53.28823,2021/03/26 00:00:00+00,Fri 26 Mar 2021,19722,9515,1,598736,234893,127,598863,235020,12.4801631503387,4.89776116339229,516
-7.6926,53.28823,2021/03/27 00:00:00+00,Sat 27 Mar 2021,11774,5364,3,610510,240257,130,610640,240387,12.7255930423533,5.009608172855,517
-7.6926,53.28823,2021/03/28 00:00:00+00,Sun 28 Mar 2021,2505,490,0,613015,240747,130,613145,240877,12.7777966493412,5.01981965685663,518
-7.6926,53.28823,2021/03/28 23:00:00+00,Mon 29 Mar 2021,9294,3133,3,622309,243880,133,622442,244013,12.9715439284496,5.08517315446703,519
-7.6926,53.28823,2021/03/29 23:00:00+00,Tue 30 Mar 2021,13348,8684,4,635657,252564,137,635794,252701,13.2497964476123,5.26622901774485,520
-7.6926,53.28823,2021/03/30 23:00:00+00,Wed 31 Mar 2021,15858,10516,4,651515,263080,141,651656,263221,13.5803567725792,5.48546332733079,521
-7.6926,53.28823,2021/03/31 23:00:00+00,Thu 01 Apr 2021,19733,11593,9,671248,274673,150,671398,274823,13.9917753790284,5.72724626077338,522
-7.6926,53.28823,2021/04/01 23:00:00+00,Fri 02 Apr 2021,20166,13729,9,691414,288402,159,691573,288561,14.4122176029729,6.01354292855775,523
-7.6926,53.28823,2021/04/02 23:00:00+00,Sat 03 Apr 2021,7559,4644,7,698973,293046,166,699139,293212,14.5698912518633,6.11046866752012,524
-7.6926,53.28823,2021/04/03 23:00:00+00,Sun 04 Apr 2021,3048,174,3,702021,293220,169,702190,293389,14.6334733695959,6.11415730561867,525
-7.6926,53.28823,2021/04/04 23:00:00+00,Mon 05 Apr 2021,3455,618,6,705476,293838,175,705651,294013,14.7055997902686,6.12716131789829,526
-7.6926,53.28823,2021/04/05 23:00:00+00,Tue 06 Apr 2021,12012,8163,12,717488,302001,187,717675,302188,14.9561771038106,6.2975263826193,527
-7.6926,53.28823,2021/04/06 23:00:00+00,Wed 07 Apr 2021,18385,10499,12,735873,312500,199,736072,312699,15.3395662286635,6.51657313433582,528
-7.6926,53.28823,2021/04/07 23:00:00+00,Thu 08 Apr 2021,20207,10584,18,756080,323084,217,756297,323301,15.7610504407714,6.73751630450979,529
-7.6926,53.28823,2021/04/08 23:00:00+00,Fri 09 Apr 2021,20689,9174,16,776769,332258,233,777002,332491,16.1925377392483,6.92903372894845,530
-7.6926,53.28823,2021/04/09 23:00:00+00,Sat 10 Apr 2021,11194,4188,12,787963,336446,245,788208,336691,16.4260681264365,7.01656073467668,531
-7.6926,53.28823,2021/04/10 23:00:00+00,Sun 11 Apr 2021,2878,370,9,790841,336816,254,791095,337070,16.486232522993,7.02445900495549,532
-7.6926,53.28823,2021/04/11 23:00:00+00,Mon 12 Apr 2021,7794,2811,14,798635,339627,268,798903,339895,16.6489493945945,7.08333133618935,533
-7.6926,53.28823,2021/04/12 23:00:00+00,Tue 13 Apr 2021,11535,8598,1,810170,348225,269,810439,348494,16.8893569036613,7.26253246053626,534
-7.6926,53.28823,2021/04/13 23:00:00+00,Wed 14 Apr 2021,20357,6603,2,830527,354828,271,830798,355099,17.3136336440473,7.40017909692553,535
-7.6926,53.28823,2022/03/05 00:00:00+00,Sat 05 Mar 2022,963,3343,0,3834915,3762045,241124,4076039,4003169,84.9436878336837,83.425094284299,536
-7.6926,53.28823,2022/03/06 00:00:00+00,Sun 06 Mar 2022,455,1916,0,3835370,3763961,241124,4076494,4005085,84.9531699259709,83.4650232707216,537
-7.6926,53.28823,2022/03/07 00:00:00+00,Mon 07 Mar 2022,116,125,1,3835486,3764086,241125,4076611,4005211,84.9556081782733,83.4676490808935,538
-7.6926,53.28823,2022/03/08 00:00:00+00,Tue 08 Mar 2022,120,493,0,3835606,3764579,241125,4076731,4005704,84.9581089498656,83.4779230841849,539
-7.6926,53.28823,2022/03/09 00:00:00+00,Wed 09 Mar 2022,130,344,1,3835736,3764923,241126,4076862,4006049,84.9608389588538,83.4851128025126,540
-7.6926,53.28823,2022/03/10 00:00:00+00,Thu 10 Mar 2022,259,508,0,3835995,3765431,241126,4077121,4006557,84.9662364575403,83.4956994022531,541
-7.6926,53.28823,2022/03/11 00:00:00+00,Fri 11 Mar 2022,493,2183,0,3836488,3767614,241126,4077614,4008740,84.9765104608318,83.5411926054685,542
-7.6926,53.28823,2022/03/12 00:00:00+00,Sat 12 Mar 2022,473,2393,2,3836961,3770007,241128,4078089,4011135,84.9864093483844,83.5911038384968,543
-7.6926,53.28823,2022/03/13 00:00:00+00,Sun 13 Mar 2022,358,1082,0,3837319,3771089,241128,4078447,4012217,84.9938699836345,83.6136524623535,544
-7.6926,53.28823,2022/03/14 00:00:00+00,Mon 14 Mar 2022,109,122,0,3837428,3771211,241128,4078556,4012339,84.9961415178308,83.6161949134723,545
-7.6926,53.28823,2022/03/15 00:00:00+00,Tue 15 Mar 2022,222,755,1,3837650,3771966,241129,4078779,4013095,85.0007887850397,83.6319497745033,546
-7.6926,53.28823,2022/03/16 00:00:00+00,Wed 16 Mar 2022,195,798,0,3837845,3772764,241129,4078974,4013893,85.0048525388771,83.6485799055917,547
-7.6926,53.28823,2022/03/18 00:00:00+00,Fri 18 Mar 2022,4,6,0,3837849,3772770,241129,4078978,4013899,85.0049358979302,83.6487049441713,548
-7.6926,53.28823,2022/03/19 00:00:00+00,Sat 19 Mar 2022,743,2779,0,3838592,3775549,241129,4079721,4016678,85.0204198420388,83.7066186462948,549
-7.6926,53.28823,2022/03/20 00:00:00+00,Sun 20 Mar 2022,395,1402,0,3838987,3776951,241129,4080116,4018080,85.0286515485299,83.7358359943974,550
-7.6926,53.28823,2022/03/21 00:00:00+00,Mon 21 Mar 2022,56,112,0,3839043,3777063,241129,4080172,4018192,85.0298185752729,83.7381700478835,551
-7.6926,53.28823,2022/03/22 00:00:00+00,Tue 22 Mar 2022,141,575,0,3839184,3777638,241129,4080313,4018767,85.0327569818938,83.750152911763,552
-7.6926,53.28823,2022/03/23 00:00:00+00,Wed 23 Mar 2022,102,221,0,3839286,3777859,241129,4080415,4018988,85.0348826377472,83.7547584994453,553
-7.6926,53.28823,2022/03/24 00:00:00+00,Thu 24 Mar 2022,147,245,0,3839433,3778104,241129,4080562,4019233,85.0379460829477,83.7598642414462,554
-7.6926,53.28823,2022/03/25 00:00:00+00,Fri 25 Mar 2022,434,1625,0,3839867,3779729,241129,4080996,4020858,85.0469905402063,83.7937288567577,555
-7.6926,53.28823,2022/03/26 00:00:00+00,Sat 26 Mar 2022,874,1848,1,3840741,3781577,241130,4081871,4022707,85.0652253330663,83.8322615790414,556
-7.6926,53.28823,2022/03/27 00:00:00+00,Sun 27 Mar 2022,380,804,0,3841121,3782381,241130,4082251,4023511,85.0731444431084,83.8490167487093,557
-7.6926,53.28823,2022/03/27 23:00:00+00,Mon 28 Mar 2022,44,53,1,3841165,3782434,241131,4082296,4023565,85.0740822324555,83.8501420959258,558
-7.6926,53.28823,2022/03/28 23:00:00+00,Tue 29 Mar 2022,137,193,3,3841302,3782627,241134,4082436,4023761,85.0769997993131,83.8542266895265,559
-7.6926,53.28823,2022/03/29 23:00:00+00,Wed 30 Mar 2022,109,136,0,3841411,3782763,241134,4082545,4023897,85.0792713335094,83.857060897331,560
-7.6926,53.28823,2022/03/30 23:00:00+00,Thu 31 Mar 2022,227,360,0,3841638,3783123,241134,4082772,4024257,85.0840019597713,83.8645632121077,561
-7.6926,53.28823,2022/03/31 23:00:00+00,Fri 01 Apr 2022,307,905,0,3841945,3784028,241134,4083079,4025162,85.0903997670948,83.8834231978658,562
-7.6926,53.28823,2022/04/01 23:00:00+00,Sat 02 Apr 2022,729,1538,1,3842674,3785566,241135,4083809,4026701,85.1056127942809,83.9154955935363,563
-7.6926,53.28823,2022/04/02 23:00:00+00,Sun 03 Apr 2022,538,817,0,3843212,3786383,241135,4084347,4027518,85.1168245869194,83.9325216801267,564
-7.6926,53.28823,2022/04/03 23:00:00+00,Mon 04 Apr 2022,50,52,0,3843262,3786435,241135,4084397,4027570,85.1178665750829,83.9336053478167,565
-7.6926,53.28823,2022/04/04 23:00:00+00,Tue 05 Apr 2022,131,170,0,3843393,3786605,241135,4084528,4027740,85.120596584071,83.9371481075724,566
-7.6926,53.28823,2022/04/05 23:00:00+00,Wed 06 Apr 2022,158,210,0,3843551,3786815,241135,4084686,4027950,85.1238892666675,83.9415244578588,567
-7.6926,53.28823,2022/04/06 23:00:00+00,Thu 07 Apr 2022,117,179,0,3843668,3786994,241135,4084803,4028129,85.1263275189699,83.9452547754839,568
-7.6926,53.28823,2022/04/07 23:00:00+00,Fri 08 Apr 2022,256,422,2,3843924,3787416,241137,4085061,4028553,85.1317041778932,83.9540908351098,569
-7.6926,53.28823,2022/04/08 23:00:00+00,Sat 09 Apr 2022,558,1018,0,3844482,3788434,241137,4085619,4029571,85.1433327657971,83.9753057141172,570
-7.6926,53.28823,2022/04/09 23:00:00+00,Sun 10 Apr 2022,413,720,0,3844895,3789154,241137,4086032,4030291,85.1519395880271,83.9903103436706,571
-7.6926,53.28823,2022/04/10 23:00:00+00,Mon 11 Apr 2022,70,93,1,3844965,3789247,241138,4086103,4030385,85.1534192112191,83.9922692814179,572
-7.6926,53.28823,2022/04/11 23:00:00+00,Tue 12 Apr 2022,197,178,0,3845162,3789425,241138,4086300,4030563,85.157524644583,83.9959787592797,573
-7.6926,53.28823,2022/04/12 23:00:00+00,Wed 13 Apr 2022,142,235,0,3845304,3789660,241138,4086442,4030798,85.1604838909672,84.0008761036478,574
-7.6926,53.28823,2022/04/13 23:00:00+00,Thu 14 Apr 2022,359,431,0,3845663,3790091,241138,4086801,4031229,85.1679653659806,84.0098580416166,575
-7.6926,53.28823,2022/04/14 23:00:00+00,Fri 15 Apr 2022,446,990,0,3846109,3791081,241138,4087247,4032219,85.1772599003984,84.0304894072525,576
-7.6926,53.28823,2022/04/15 23:00:00+00,Sat 16 Apr 2022,43,88,0,3846152,3791169,241138,4087290,4032307,85.178156010219,84.0323233064202,577
-7.6926,53.28823,2022/04/16 23:00:00+00,Sun 17 Apr 2022,1,1,0,3846153,3791170,241138,4087291,4032308,85.1781768499823,84.0323441461834,578
-7.6926,53.28823,2022/04/17 23:00:00+00,Mon 18 Apr 2022,36,62,1,3846189,3791232,241139,4087328,4032371,85.1789479212232,84.0336570512694,579
-7.6926,53.28823,2022/04/18 23:00:00+00,Tue 19 Apr 2022,218,270,1,3846407,3791502,241140,4087547,4032642,85.183511829379,84.0393046271152,580
-7.6926,53.28823,2022/04/19 23:00:00+00,Wed 20 Apr 2022,251,607,0,3846658,3792109,241140,4087798,4033249,85.1887426099594,84.0519543634192,581
-7.6926,53.28823,2022/04/20 23:00:00+00,Thu 21 Apr 2022,170,236,0,3846828,3792345,241140,4087968,4033485,85.1922853697151,84.0568725475506,582
-7.6926,53.28823,2022/04/21 23:00:00+00,Fri 22 Apr 2022,195,254,0,3847023,3792599,241140,4088163,4033739,85.1963491235525,84.0621658474208,583
-7.6926,53.28823,2022/04/22 23:00:00+00,Sat 23 Apr 2022,325,1010,0,3847348,3793609,241140,4088488,4034749,85.2031220466148,84.0832140083221,584
-7.6926,53.28823,2022/04/23 23:00:00+00,Sun 24 Apr 2022,181,252,0,3847529,3793861,241140,4088669,4035001,85.2068940437664,84.0884656286658,585
-7.6926,53.28823,2022/04/24 23:00:00+00,Mon 25 Apr 2022,41,59,1,3847570,3793920,241141,4088711,4035061,85.2077693138237,84.089716014462,586
-7.6926,53.28823,2022/04/25 23:00:00+00,Tue 26 Apr 2022,144,238,0,3847714,3794158,241141,4088855,4035299,85.2107702397344,84.0946758781199,587
-7.6926,53.28823,2022/04/26 23:00:00+00,Wed 27 Apr 2022,122,208,0,3847836,3794366,241141,4088977,4035507,85.2133126908532,84.0990105488798,588
-7.6926,53.28823,2022/04/27 23:00:00+00,Thu 28 Apr 2022,100,130,0,3847936,3794496,241141,4089077,4035637,85.21539666718,84.1017197181047,589
-7.6926,53.28823,2022/04/28 23:00:00+00,Fri 29 Apr 2022,169,222,0,3848105,3794718,241141,4089246,4035859,85.2189185871724,84.1063461455503,590
-7.6926,53.28823,2022/04/29 23:00:00+00,Sat 30 Apr 2022,281,724,0,3848386,3795442,241141,4089527,4036583,85.2247745606509,84.1214341341568,591
-7.6926,53.28823,2022/04/30 23:00:00+00,Sun 01 May 2022,188,747,0,3848574,3796189,241141,4089715,4037330,85.2286924361454,84.1370014373185,592
-7.6926,53.28823,2022/05/01 23:00:00+00,Mon 02 May 2022,12,26,0,3848586,3796215,241141,4089727,4037356,85.2289425133046,84.1375432711635,593
-7.6926,53.28823,2022/05/02 23:00:00+00,Tue 03 May 2022,96,118,0,3848682,3796333,241141,4089823,4037474,85.2309431305784,84.1400023632291,594
-7.6926,53.28823,2022/05/03 23:00:00+00,Wed 04 May 2022,113,128,0,3848795,3796461,241141,4089936,4037602,85.2332980238278,84.1426698529275,595
-7.6926,53.28823,2022/05/04 23:00:00+00,Thu 05 May 2022,112,165,0,3848907,3796626,241141,4090048,4037767,85.2356320773139,84.1461084138669,596
-7.6926,53.28823,2022/05/05 23:00:00+00,Fri 06 May 2022,138,257,0,3849045,3796883,241141,4090186,4038024,85.2385079646449,84.1514642330269,597
-7.6926,53.28823,2022/05/06 23:00:00+00,Sat 07 May 2022,441,1088,0,3849486,3797971,241141,4090627,4039112,85.2476983002464,84.1741378954632,598
-7.6926,53.28823,2022/05/07 23:00:00+00,Sun 08 May 2022,274,437,0,3849760,3798408,241141,4090901,4039549,85.253408395382,84.1832448720116,599
-7.6926,53.28823,2022/05/08 23:00:00+00,Mon 09 May 2022,24,32,0,3849784,3798440,241141,4090925,4039581,85.2539085497004,84.1839117444361,600
-7.6926,53.28823,2022/05/09 23:00:00+00,Tue 10 May 2022,80,98,1,3849864,3798538,241142,4091006,4039680,85.2555965705252,84.1859748809997,601
-7.6926,53.28823,2022/05/10 23:00:00+00,Wed 11 May 2022,112,132,0,3849976,3798670,241142,4091118,4039812,85.2579306240113,84.1887257297512,602
-7.6926,53.28823,2022/05/11 23:00:00+00,Thu 12 May 2022,207,398,0,3850183,3799068,241142,4091325,4040210,85.2622444550079,84.1970199555321,603
-7.6926,53.28823,2022/05/12 23:00:00+00,Fri 13 May 2022,173,326,0,3850356,3799394,241142,4091498,4040536,85.2658497340534,84.2038137183577,604
-7.6926,53.28823,2022/05/13 23:00:00+00,Sat 14 May 2022,333,633,0,3850689,3800027,241142,4091831,4041169,85.2727893752218,84.2170052885067,605
-7.6926,53.28823,2022/05/14 23:00:00+00,Sun 15 May 2022,168,254,0,3850857,3800281,241142,4091999,4041423,85.2762904554509,84.222298588377,606
-7.6926,53.28823,2022/05/15 23:00:00+00,Mon 16 May 2022,31,41,0,3850888,3800322,241142,4092030,4041464,85.2769364881123,84.223153018671,607
-7.6926,53.28823,2022/05/16 23:00:00+00,Tue 17 May 2022,97,101,0,3850985,3800423,241142,4092127,4041565,85.2789579451493,84.2252578347611,608
-7.6926,53.28823,2022/05/17 23:00:00+00,Wed 18 May 2022,99,123,0,3851084,3800546,241142,4092226,4041688,85.2810210817129,84.2278211256431,609
-7.6926,53.28823,2022/05/18 23:00:00+00,Thu 19 May 2022,73,107,0,3851157,3800653,241142,4092299,4041795,85.2825423844315,84.2300509803129,610
-7.6926,53.28823,2022/05/19 23:00:00+00,Fri 20 May 2022,127,210,0,3851284,3800863,241142,4092426,4042005,85.2851890343667,84.2344273305993,611
-7.6926,53.28823,2022/05/20 23:00:00+00,Sat 21 May 2022,392,762,0,3851676,3801625,241142,4092818,4042767,85.293358221568,84.25030723021,612
-7.6926,53.28823,2022/05/21 23:00:00+00,Sun 22 May 2022,234,410,0,3851910,3802035,241142,4093052,4043177,85.2982347261728,84.2588515331501,613
-7.6926,53.28823,2022/05/22 23:00:00+00,Mon 23 May 2022,26,35,0,3851936,3802070,241142,4093078,4043212,85.2987765600178,84.2595809248645,614
-7.6926,53.28823,2022/05/23 23:00:00+00,Tue 24 May 2022,64,83,0,3852000,3802153,241142,4093142,4043295,85.300110304867,84.2613106252158,615
-7.6926,53.28823,2022/05/24 23:00:00+00,Wed 25 May 2022,87,134,1,3852087,3802287,241143,4093230,4043430,85.3019442040346,84.2641239932571,616
-7.6926,53.28823,2022/05/25 23:00:00+00,Thu 26 May 2022,97,155,0,3852184,3802442,241143,4093327,4043585,85.3039656610717,84.2673541565637,617
-7.6926,53.28823,2022/05/26 23:00:00+00,Fri 27 May 2022,95,152,1,3852279,3802594,241144,4093423,4043738,85.3059662783455,84.2705426403438,618
-7.6926,53.28823,2022/05/27 23:00:00+00,Sat 28 May 2022,335,580,0,3852614,3803174,241144,4093758,4044318,85.3129475990405,84.2826297030396,619
-7.6926,53.28823,2022/05/28 23:00:00+00,Sun 29 May 2022,181,349,0,3852795,3803523,241144,4093939,4044667,85.3167195961921,84.2899027804204,620
-7.6926,53.28823,2022/05/29 23:00:00+00,Mon 30 May 2022,9,24,0,3852804,3803547,241144,4093948,4044691,85.3169071540615,84.2904029347388,621
-7.6926,53.28823,2022/05/30 23:00:00+00,Tue 31 May 2022,65,80,2,3852869,3803627,241146,4094015,4044773,85.3183034182005,84.2921117953268,622
-7.6926,53.28823,2022/05/31 23:00:00+00,Wed 01 Jun 2022,69,102,0,3852938,3803729,241146,4094084,4044875,85.319741361866,84.2942374511803,623
-7.6926,53.28823,2022/06/01 23:00:00+00,Thu 02 Jun 2022,91,142,0,3853029,3803871,241146,4094175,4045017,85.3216377803235,84.2971966975644,624
-7.6926,53.28823,2022/06/02 23:00:00+00,Fri 03 Jun 2022,59,143,0,3853088,3804014,241146,4094234,4045160,85.3228673263563,84.3001767837118,625
-7.6926,53.28823,2022/06/03 23:00:00+00,Sat 04 Jun 2022,305,607,0,3853393,3804621,241146,4094539,4045767,85.3292234541533,84.3128265200159,626
-7.6926,53.28823,2022/06/04 23:00:00+00,Sun 05 Jun 2022,143,273,0,3853536,3804894,241146,4094682,4046040,85.3322035403007,84.3185157753882,627
-7.6926,53.28823,2022/06/05 23:00:00+00,Mon 06 Jun 2022,5,7,1,3853541,3804901,241147,4094688,4046048,85.3323285788803,84.3186824934944,628
-7.6926,53.28823,2022/06/06 23:00:00+00,Tue 07 Jun 2022,29,54,0,3853570,3804955,241147,4094717,4046102,85.3329329320151,84.3198078407109,629
-7.6926,53.28823,2022/06/07 23:00:00+00,Wed 08 Jun 2022,36,76,0,3853606,3805031,241147,4094753,4046178,85.3336831634927,84.3213916627193,630
-7.6926,53.28823,2022/06/08 23:00:00+00,Thu 09 Jun 2022,73,122,0,3853679,3805153,241147,4094826,4046300,85.3352044662114,84.323934113838,631
-7.6926,53.28823,2022/06/09 23:00:00+00,Fri 10 Jun 2022,56,108,0,3853735,3805261,241147,4094882,4046408,85.3363714929544,84.3261848082711,632
-7.6926,53.28823,2022/06/10 23:00:00+00,Sat 11 Jun 2022,190,562,0,3853925,3805823,241147,4095072,4046970,85.3403310479754,84.337896755228,633
-7.6926,53.28823,2022/06/11 23:00:00+00,Sun 12 Jun 2022,143,288,0,3854068,3806111,241147,4095215,4047258,85.3433111341228,84.3438986070494,634
-7.6926,53.28823,2022/06/12 23:00:00+00,Mon 13 Jun 2022,17,44,0,3854085,3806155,241147,4095232,4047302,85.3436654100984,84.3448155566332,635
-7.6926,53.28823,2022/06/13 23:00:00+00,Tue 14 Jun 2022,37,55,0,3854122,3806210,241147,4095269,4047357,85.3444364813393,84.345961743613,636
-7.6926,53.28823,2022/06/14 23:00:00+00,Wed 15 Jun 2022,66,123,0,3854188,3806333,241147,4095335,4047480,85.3458119057151,84.348525034495,637
-7.6926,53.28823,2022/06/15 23:00:00+00,Thu 16 Jun 2022,42,85,0,3854230,3806418,241147,4095377,4047565,85.3466871757724,84.3502964143728,638
-7.6926,53.28823,2022/06/16 23:00:00+00,Fri 17 Jun 2022,58,95,0,3854288,3806513,241147,4095435,4047660,85.3478958820419,84.3522761918834,639
-7.6926,53.28823,2022/06/17 23:00:00+00,Sat 18 Jun 2022,223,488,0,3854511,3807001,241147,4095658,4048148,85.3525431492508,84.3624459963585,640
-7.6926,53.28823,2022/06/18 23:00:00+00,Sun 19 Jun 2022,80,129,0,3854591,3807130,241147,4095738,4048277,85.3542103303123,84.3651343258201,641
-7.6926,53.28823,2022/06/19 23:00:00+00,Mon 20 Jun 2022,9,28,0,3854600,3807158,241147,4095747,4048305,85.3543978881818,84.3657178391916,642
-7.6926,53.28823,2022/06/20 23:00:00+00,Tue 21 Jun 2022,74,169,1,3854674,3807327,241148,4095822,4048475,85.3559608704269,84.3692605989473,643
-7.6926,53.28823,2021/07/31 23:00:00+00,Sun 01 Aug 2021,11160,9361,369,3176055,2625860,221969,3398024,2847829,70.8140157411068,59.3480821895256,644
-7.6926,53.28823,2021/08/01 23:00:00+00,Mon 02 Aug 2021,15042,16063,431,3191097,2641923,222400,3413497,2864323,71.1364693981622,59.6918132448783,645
-7.6926,53.28823,2021/08/02 23:00:00+00,Tue 03 Aug 2021,17366,25470,1111,3208463,2667393,223511,3431974,2890904,71.5215257040766,60.2457549923216,646
-7.6926,53.28823,2021/08/03 23:00:00+00,Wed 04 Aug 2021,22140,17336,1576,3230603,2684729,225087,3455690,2909816,72.0157615297553,60.6398765952578,647
-7.6926,53.28823,2021/08/04 23:00:00+00,Thu 05 Aug 2021,13557,30077,1421,3244160,2714806,226508,3470668,2941314,72.3278995039928,61.296287458693,648
-7.6926,53.28823,2021/08/05 23:00:00+00,Fri 06 Aug 2021,12236,24767,949,3256396,2739573,227457,3483853,2967030,72.6026717826896,61.832202810909,649
-7.6926,53.28823,2021/08/06 23:00:00+00,Sat 07 Aug 2021,6348,8481,585,3262744,2748054,228042,3490786,2976096,72.747153861431,62.0211361047023,650
-7.6926,53.28823,2021/08/07 23:00:00+00,Sun 08 Aug 2021,8636,11997,153,3271380,2760051,228195,3499575,2988246,72.9303145407989,62.2743392284161,651
-7.6926,53.28823,2021/08/08 23:00:00+00,Mon 09 Aug 2021,5569,23056,601,3276949,2783107,228796,3505745,3011903,73.0588958801664,62.767345508062,652
-7.6926,53.28823,2021/08/09 23:00:00+00,Tue 10 Aug 2021,9385,26038,718,3286334,2809145,229514,3515848,3038659,73.2694400084693,63.3249342140773,653
-7.6926,53.28823,2021/08/10 23:00:00+00,Wed 11 Aug 2021,7038,31253,668,3293372,2840398,230182,3523554,3070580,73.4300312242173,63.9901602973751,654
-7.6926,53.28823,2021/08/11 23:00:00+00,Thu 12 Aug 2021,6795,38317,865,3300167,2878715,231047,3531214,3109762,73.589663810855,64.8067039017664,655
-7.6926,53.28823,2021/08/12 23:00:00+00,Fri 13 Aug 2021,10954,28245,875,3311121,2906960,231922,3543043,3138882,73.8361773705595,65.4135578081487,656
-7.6926,53.28823,2021/08/13 23:00:00+00,Sat 14 Aug 2021,18152,5862,281,3329273,2912822,232203,3561476,3145025,74.2203167268901,65.5415764739079,657
-7.6926,53.28823,2021/08/14 23:00:00+00,Sun 15 Aug 2021,17006,3742,52,3346279,2916564,232255,3578534,3148819,74.5758014087263,65.6206425357491,658
-7.6926,53.28823,2021/08/15 23:00:00+00,Mon 16 Aug 2021,10208,23178,386,3356487,2939742,232641,3589128,3172383,74.7965778607941,66.1117107174109,659
-7.6926,53.28823,2021/08/16 23:00:00+00,Tue 17 Aug 2021,12886,26884,531,3369373,2966626,233172,3602545,3199798,75.0761849645693,66.6830328274203,660
-7.6926,53.28823,2021/08/17 23:00:00+00,Wed 18 Aug 2021,15248,25794,658,3384621,2992420,233830,3618451,3226250,75.40766223912,67.234286245402,661
-7.6926,53.28823,2021/08/18 23:00:00+00,Thu 19 Aug 2021,11381,25744,545,3396002,3018164,234375,3630377,3252539,75.6561972558617,67.7821427819709,662
-7.6926,53.28823,2021/08/19 23:00:00+00,Fri 20 Aug 2021,14868,22290,686,3410870,3040454,235061,3645931,3275515,75.9803389337418,68.2609571828308,663
-7.6926,53.28823,2021/08/20 23:00:00+00,Sat 21 Aug 2021,11914,8000,246,3422784,3048454,235307,3658091,3283761,76.2337504550883,68.4328018707439,664
-7.6926,53.28823,2021/08/21 23:00:00+00,Sun 22 Aug 2021,8007,12265,162,3430791,3060719,235469,3666260,3296188,76.4039904812297,68.6917776088831,665
-7.6926,53.28823,2021/08/22 23:00:00+00,Mon 23 Aug 2021,10888,15413,291,3441679,3076132,235760,3677439,3311892,76.6369581948097,69.0190452512536,666
-7.6926,53.28823,2021/08/23 23:00:00+00,Tue 24 Aug 2021,9724,22941,384,3451403,3099073,236144,3687547,3335217,76.847606521929,69.5051327294942,667
-7.6926,53.28823,2021/08/24 23:00:00+00,Wed 25 Aug 2021,9426,19554,318,3460829,3118627,236462,3697291,3355089,77.0506691752184,69.9192605051684,668
-7.6926,53.28823,2021/08/25 23:00:00+00,Thu 26 Aug 2021,8605,19467,370,3469434,3138094,236832,3706266,3374926,77.2377060505544,70.3326588891281,669
-7.6926,53.28823,2021/08/26 23:00:00+00,Fri 27 Aug 2021,9734,19244,432,3479168,3157338,237264,3716432,3394602,77.4495630839432,70.7427020712016,670
-7.6926,53.28823,2021/08/27 23:00:00+00,Sat 28 Aug 2021,9936,7945,155,3489104,3165283,237419,3726523,3402702,77.6598571350869,70.9115041536774,671
-7.6926,53.28823,2021/08/28 23:00:00+00,Sun 29 Aug 2021,8807,9204,30,3497911,3174487,237449,3735360,3411936,77.8440181230917,71.1039385276999,672
-7.6926,53.28823,2021/08/29 23:00:00+00,Mon 30 Aug 2021,5073,11170,85,3502984,3185657,237534,3740518,3423191,77.9515096220313,71.3384900632883,673
-7.6926,53.28823,2021/08/30 23:00:00+00,Tue 31 Aug 2021,4083,12918,146,3507067,3198575,237680,3744747,3436255,78.0396409808943,71.6107407306296,674
-7.6926,53.28823,2021/08/31 23:00:00+00,Wed 01 Sep 2021,5004,12573,184,3512071,3211148,237864,3749935,3449012,78.1477576727319,71.8765935906475,675
-7.6926,53.28823,2021/09/01 23:00:00+00,Thu 02 Sep 2021,5016,12388,249,3517087,3223536,238113,3755200,3461649,78.2574790263412,72.1399456790731,676
-7.6926,53.28823,2021/09/02 23:00:00+00,Fri 03 Sep 2021,4789,16117,167,3521876,3239653,238280,3760156,3477933,78.3607608931006,72.4793003841393,677
-7.6926,53.28823,2021/09/03 23:00:00+00,Sat 04 Sep 2021,4633,10596,136,3526509,3250249,238416,3764925,3488665,78.4601457241286,72.7029527235382,678
-7.6926,53.28823,2021/09/04 23:00:00+00,Sun 05 Sep 2021,5310,11914,1,3531819,3262163,238417,3770236,3500580,78.5708257068483,72.9512585028839,679
-7.6926,53.28823,2021/09/05 23:00:00+00,Mon 06 Sep 2021,2171,9706,76,3533990,3271869,238493,3772483,3510362,78.6176526549129,73.1551130671776,680
-7.6926,53.28823,2021/09/06 23:00:00+00,Tue 07 Sep 2021,3040,10044,162,3537030,3281913,238655,3775685,3520568,78.684381576899,73.3678036910972,681
-7.6926,53.28823,2021/09/07 23:00:00+00,Wed 08 Sep 2021,2615,14823,191,3539645,3296736,238846,3778491,3535582,78.7428579526308,73.6806918968123,682
-7.6926,53.28823,2021/09/08 23:00:00+00,Thu 09 Sep 2021,3131,14839,138,3542776,3311575,238984,3781760,3550559,78.8109831387559,73.9928090312865,683
-7.6926,53.28823,2021/09/09 23:00:00+00,Fri 10 Sep 2021,3395,13957,116,3546171,3325532,239100,3785271,3564632,78.8841515475921,74.2860870197659,684
-7.6926,53.28823,2021/09/10 23:00:00+00,Sat 11 Sep 2021,2564,11349,62,3548735,3336881,239162,3787897,3576043,78.9388767659355,74.5238895584242,685
-7.6926,53.28823,2021/09/11 23:00:00+00,Sun 12 Sep 2021,2045,12888,1,3550780,3349769,239163,3789943,3588932,78.9815149215831,74.7924932671935,686
-7.6926,53.28823,2021/09/12 23:00:00+00,Mon 13 Sep 2021,1624,7761,52,3552404,3357530,239215,3791619,3596745,79.0164423648213,74.9553143376112,687
-7.6926,53.28823,2021/09/13 23:00:00+00,Tue 14 Sep 2021,1558,10802,82,3553962,3368332,239297,3793259,3607629,79.0506195765819,75.182134321027,688
-7.6926,53.28823,2021/09/14 23:00:00+00,Wed 15 Sep 2021,3292,12381,138,3557254,3380713,239435,3796689,3620148,79.1220999645932,75.4430273173869,689
-7.6926,53.28823,2021/09/15 23:00:00+00,Thu 16 Sep 2021,1922,10588,115,3559176,3391301,239550,3798726,3630851,79.1645505623714,75.666075303651,690
-7.6926,53.28823,2021/09/16 23:00:00+00,Fri 17 Sep 2021,2564,14631,95,3561740,3405932,239645,3801385,3645577,79.2199634929027,75.9729616575448,691
-7.6926,53.28823,2021/09/17 23:00:00+00,Sat 18 Sep 2021,2292,11247,48,3564032,3417179,239693,3803725,3656872,79.2687285389513,76.2083467836639,692
-7.6926,53.28823,2021/09/18 23:00:00+00,Sun 19 Sep 2021,1865,8498,16,3565897,3425677,239709,3805606,3665386,79.3079281336596,76.385776528133,693
-7.6926,53.28823,2021/09/19 23:00:00+00,Mon 20 Sep 2021,968,5645,35,3566865,3431322,239744,3806609,3671066,79.328830416218,76.5041463834987,694
-7.6926,53.28823,2021/09/20 23:00:00+00,Tue 21 Sep 2021,1478,6692,90,3568343,3438014,239834,3808177,3677848,79.3615071650232,76.6454816579866,695
-7.6926,53.28823,2021/09/21 23:00:00+00,Wed 22 Sep 2021,1902,8172,97,3570245,3446186,239931,3810176,3686117,79.4031658517972,76.8178056604548,696
-7.6926,53.28823,2021/09/22 23:00:00+00,Thu 23 Sep 2021,1692,8742,89,3571937,3454928,240020,3811957,3694948,79.4402814701786,77.00184160988,697
-7.6926,53.28823,2021/09/23 23:00:00+00,Fri 24 Sep 2021,1916,7408,81,3573853,3462336,240101,3813954,3702437,79.4818984774261,77.1579105969988,698
-7.6926,53.28823,2021/09/24 23:00:00+00,Sat 25 Sep 2021,2426,6617,53,3576279,3468953,240154,3816433,3709107,79.533560250569,77.2969118180005,699
-7.6926,53.28823,2021/09/25 23:00:00+00,Sun 26 Sep 2021,1550,7102,0,3577829,3476055,240154,3817983,3716209,79.5658618836353,77.4449158167343,700
-7.6926,53.28823,2021/09/26 23:00:00+00,Mon 27 Sep 2021,1181,3844,45,3579010,3479899,240199,3819209,3720098,79.5914114334027,77.525961656086,701
-7.6926,53.28823,2021/09/27 23:00:00+00,Tue 28 Sep 2021,1455,5161,93,3580465,3485060,240292,3820757,3725352,79.6236713869425,77.6354537722993,702
-7.6926,53.28823,2021/09/28 23:00:00+00,Wed 29 Sep 2021,1654,3638,80,3582119,3488698,240372,3822491,3729070,79.6598075364503,77.7129360121321,703
-7.6926,53.28823,2021/09/29 23:00:00+00,Thu 30 Sep 2021,1276,3999,78,3583395,3492697,240450,3823845,3733147,79.688024575916,77.7978997269783,704
-7.6926,53.28823,2021/09/30 23:00:00+00,Fri 01 Oct 2021,1875,5208,42,3585270,3497905,240492,3825762,3738397,79.727974402102,77.9073084841386,705
-7.6926,53.28823,2021/10/01 23:00:00+00,Sat 02 Oct 2021,1684,4111,41,3586954,3502016,240533,3827487,3742549,79.7639229937404,77.9938351812299,706
-7.6926,53.28823,2021/10/02 23:00:00+00,Sun 03 Oct 2021,1197,3024,9,3588151,3505040,240542,3828693,3745582,79.7890557482423,78.0570421832236,707
-7.6926,53.28823,2021/10/03 23:00:00+00,Mon 04 Oct 2021,350,1244,18,3588501,3506284,240560,3829061,3746844,79.7967247811252,78.0833419644686,708
-7.6926,53.28823,2021/10/04 23:00:00+00,Tue 05 Oct 2021,961,2844,70,3589462,3509128,240630,3830092,3749758,79.8182105770551,78.1440690346334,709
-7.6926,53.28823,2021/10/05 23:00:00+00,Wed 06 Oct 2021,974,2584,40,3590436,3511712,240670,3831106,3752382,79.8393420970095,78.1987525734503,710
-7.6926,53.28823,2021/10/06 23:00:00+00,Thu 07 Oct 2021,1213,2721,44,3591649,3514433,240714,3832363,3755147,79.8655376794382,78.256374518888,711
-7.6926,53.28823,2021/10/07 23:00:00+00,Fri 08 Oct 2021,916,2762,48,3592565,3517195,240762,3833327,3757957,79.8856272112291,78.3149342536728,712
-7.6926,53.28823,2021/10/08 23:00:00+00,Sat 09 Oct 2021,725,2371,23,3593290,3519566,240785,3834075,3760351,79.9012153541541,78.3648246469379,713
-7.6926,53.28823,2021/10/09 23:00:00+00,Sun 10 Oct 2021,1520,3930,3,3594810,3523496,240788,3835598,3764284,79.9329543136122,78.4467874358734,714
-7.6926,53.28823,2021/10/10 23:00:00+00,Mon 11 Oct 2021,335,1148,19,3595145,3524644,240807,3835952,3765451,79.9403315898093,78.4711074396079,715
-7.6926,53.28823,2021/10/11 23:00:00+00,Tue 12 Oct 2021,563,1632,21,3595708,3526276,240828,3836536,3767104,79.9525020115582,78.505555568291,716
-7.6926,53.28823,2021/10/12 23:00:00+00,Wed 13 Oct 2021,991,2087,11,3596699,3528363,240839,3837538,3769202,79.9733834543533,78.5492773916286,717
-7.6926,53.28823,2021/10/13 23:00:00+00,Thu 14 Oct 2021,655,1621,9,3597354,3529984,240848,3838202,3770832,79.9872210571637,78.5832462057564,718
-7.6926,53.28823,2021/10/14 23:00:00+00,Fri 15 Oct 2021,957,2091,10,3598311,3532075,240858,3839169,3772933,80.0073731082444,78.6270305483838,719
-7.6926,53.28823,2021/10/15 23:00:00+00,Sat 16 Oct 2021,1384,2658,14,3599695,3534733,240872,3840567,3775605,80.036507097294,78.6827143958376,720
-7.6926,53.28823,2021/10/16 23:00:00+00,Sun 17 Oct 2021,1708,2894,3,3601403,3537627,240875,3842278,3778502,80.0721639322466,78.7430871900268,721
-7.6926,53.28823,2021/10/17 23:00:00+00,Mon 18 Oct 2021,679,1267,6,3602082,3538894,240881,3842963,3779775,80.0864391700856,78.7696162086677,722
-7.6926,53.28823,2021/10/18 23:00:00+00,Tue 19 Oct 2021,1343,1815,13,3603425,3540709,240894,3844319,3781603,80.1146978890779,78.8077112959228,723
-7.6926,53.28823,2021/10/19 23:00:00+00,Wed 20 Oct 2021,2263,2350,0,3605688,3543059,240894,3846582,3783953,80.1618582733548,78.856684739604,724
-7.6926,53.28823,2021/10/20 23:00:00+00,Thu 21 Oct 2021,1731,1862,11,3607419,3544921,240905,3848324,3785826,80.1981611409687,78.8957176162062,725
-7.6926,53.28823,2021/10/21 23:00:00+00,Fri 22 Oct 2021,1509,1944,3,3608928,3546865,240908,3849836,3787773,80.2296708630309,78.9362926352902,726
-7.6926,53.28823,2021/10/22 23:00:00+00,Sat 23 Oct 2021,2018,1715,1,3610946,3548580,240909,3851855,3789489,80.2717463450702,78.9720536690591,727
-7.6926,53.28823,2021/10/23 23:00:00+00,Sun 24 Oct 2021,1959,2192,2,3612905,3550772,240911,3853816,3791683,80.31261312084,79.0177761096705,728
-7.6926,53.28823,2021/10/24 23:00:00+00,Mon 25 Oct 2021,1239,869,2,3614144,3551641,240913,3855057,3792554,80.3384752670564,79.0359275434775,729
-7.6926,53.28823,2021/10/25 23:00:00+00,Tue 26 Oct 2021,1247,1243,6,3615391,3552884,240919,3856310,3793803,80.3645874904319,79.0619564078,730
-7.6926,53.28823,2021/10/26 23:00:00+00,Wed 27 Oct 2021,1568,1439,6,3616959,3554323,240925,3857884,3795248,80.3973892778168,79.0920698657232,731
-7.6926,53.28823,2021/10/27 23:00:00+00,Thu 28 Oct 2021,2159,1710,5,3619118,3556033,240930,3860048,3796963,80.4424865255301,79.1278100597288,732
-7.6926,53.28823,2021/10/28 23:00:00+00,Fri 29 Oct 2021,2148,1382,3,3621266,3557415,240933,3862199,3798348,80.4873128563209,79.1566731318559,733
-7.6926,53.28823,2021/10/29 23:00:00+00,Sat 30 Oct 2021,2021,1462,1,3623287,3558877,240934,3864221,3799811,80.52945085765,79.1871617055179,734
-7.6926,53.28823,2021/10/30 23:00:00+00,Sun 31 Oct 2021,1601,1322,0,3624888,3560199,240934,3865822,3801133,80.5628153186431,79.214711872559,735
-7.6926,53.28823,2021/11/01 00:00:00+00,Mon 01 Nov 2021,295,304,2,3625183,3560503,240936,3866119,3801439,80.5690047283339,79.2210888401192,736
-7.6926,53.28823,2021/11/02 00:00:00+00,Tue 02 Nov 2021,1100,1101,10,3626283,3561604,240946,3867229,3802550,80.5921368655621,79.2442418171106,737
-7.6926,53.28823,2021/11/03 00:00:00+00,Wed 03 Nov 2021,2540,1889,7,3628823,3563493,240953,3869776,3804446,80.6452157426072,79.283754008268,738
-7.6926,53.28823,2021/11/04 00:00:00+00,Thu 04 Nov 2021,1538,1296,2,3630361,3564789,240955,3871316,3805744,80.6773089780409,79.3108040209906,739
-7.6926,53.28823,2021/11/05 00:00:00+00,Fri 05 Nov 2021,1630,1107,4,3631991,3565896,240959,3872950,3806855,80.7113611512219,79.3339569979821,740
-7.6926,53.28823,2021/11/06 00:00:00+00,Sat 06 Nov 2021,1824,1366,6,3633815,3567262,240965,3874780,3808227,80.7494979180035,79.3625491531866,741
-7.6926,53.28823,2021/11/07 00:00:00+00,Sun 07 Nov 2021,698,775,0,3634513,3568037,240965,3875478,3809002,80.7640440727649,79.3786999697198,742
-7.6926,53.28823,2021/11/08 00:00:00+00,Mon 08 Nov 2021,520,537,4,3635033,3568574,240969,3876002,3809543,80.7749641087177,79.3899742816482,743
-7.6926,53.28823,2021/11/09 00:00:00+00,Tue 09 Nov 2021,1374,1077,4,3636407,3569651,240973,3877380,3810624,80.8036813025019,79.4125020657415,744
-7.6926,53.28823,2021/11/10 00:00:00+00,Wed 10 Nov 2021,1603,1370,2,3638010,3571021,240975,3878985,3811996,80.837129122548,79.4410942209461,745
-7.6926,53.28823,2021/11/11 00:00:00+00,Thu 11 Nov 2021,1395,1128,2,3639405,3572149,240977,3880382,3813126,80.8662422718343,79.4646431534396,746
-7.6926,53.28823,2021/11/12 00:00:00+00,Fri 12 Nov 2021,1143,1162,6,3640548,3573311,240983,3881531,3814294,80.8901871598299,79.4889839969374,747
-7.6926,53.28823,2021/11/13 00:00:00+00,Sat 13 Nov 2021,1396,1386,0,3641944,3574697,240983,3882927,3815680,80.9192794693529,79.5178679088277,748
-7.6926,53.28823,2021/11/14 00:00:00+00,Sun 14 Nov 2021,1646,1808,1,3643590,3576505,240984,3884574,3817489,80.9536025594564,79.5555670405806,749
-7.6926,53.28823,2021/11/15 00:00:00+00,Mon 15 Nov 2021,1244,598,1,3644834,3577103,240985,3885819,3818088,80.9795480647258,79.5680500587786,750
-7.6926,53.28823,2021/11/16 00:00:00+00,Tue 16 Nov 2021,1318,1084,5,3646152,3578187,240990,3887142,3819177,81.0071190715302,79.5907445609781,751
