X,Y,VaccinationDate,VaccineText,Dose1,Dose2,SingleDose,Dose1Cum,Dose2Cum,SingleDoseCum,PartiallyVacc,FullyVacc,PartialPercent,FullyPercent,ObjectId
-7.6926,53.28823,2021/11/17 00:00:00+00,Wed 17 Nov 2021,1519,1083,0,3629853,3561551,239239,3869092,3800790,82.1653942199326,80.7149090011759,1
-7.6926,53.28823,2021/11/18 00:00:00+00,Thu 18 Nov 2021,1665,2467,5,3631518,3564018,239244,3870762,3803262,82.2008589254364,80.7674052598618,2
-7.6926,53.28823,2021/11/19 00:00:00+00,Fri 19 Nov 2021,1184,1523,0,3632702,3565541,239244,3871946,3804785,82.2260027645481,80.7997482218273,3
-7.6926,53.28823,2021/11/20 00:00:00+00,Sat 20 Nov 2021,1543,2920,10,3634245,3568461,239254,3873499,3807715,82.2589828170316,80.8619707290885,4
-7.6926,53.28823,2021/11/21 00:00:00+00,Sun 21 Nov 2021,1786,2751,0,3636031,3571212,239254,3875285,3810466,82.2969109392052,80.9203919295922,5
-7.6926,53.28823,2021/11/22 00:00:00+00,Mon 22 Nov 2021,712,487,2,3636743,3571699,239256,3875999,3810955,82.3120736935344,80.9307765050361,6
-7.6926,53.28823,2021/11/23 00:00:00+00,Tue 23 Nov 2021,2160,1553,6,3638903,3573252,239262,3878165,3812514,82.3580716289364,80.9638839756232,7
-7.6926,53.28823,2021/11/24 00:00:00+00,Wed 24 Nov 2021,1622,3113,2,3640525,3576365,239264,3879789,3815629,82.3925594623126,81.0300352077457,8
-7.6926,53.28823,2021/11/25 00:00:00+00,Thu 25 Nov 2021,1002,1158,1,3641527,3577523,239265,3880792,3816788,82.4138595219655,81.0546481380923,9
-7.6926,53.28823,2021/11/26 00:00:00+00,Fri 26 Nov 2021,1292,1074,12,3642819,3578597,239277,3882096,3817874,82.4415517231493,81.0777108148451,10
-7.6926,53.28823,2021/11/27 00:00:00+00,Sat 27 Nov 2021,1225,1548,5,3644044,3580145,239282,3883326,3819427,82.4676724343887,81.1106908673287,11
-7.6926,53.28823,2021/11/28 00:00:00+00,Sun 28 Nov 2021,1969,2251,0,3646013,3582396,239282,3885295,3821678,82.5094868087223,81.1584938925318,12
-7.6926,53.28823,2021/11/29 00:00:00+00,Mon 29 Nov 2021,551,974,1,3646564,3583370,239283,3885847,3822653,82.5212092742541,81.1791993343678,13
-7.6926,53.28823,2021/11/30 00:00:00+00,Tue 30 Nov 2021,1928,1612,6,3648492,3584982,239289,3887781,3824271,82.5622803763166,81.2135597496404,14
-7.6926,53.28823,2021/12/01 00:00:00+00,Wed 01 Dec 2021,1085,1348,1,3649577,3586330,239290,3888867,3825620,82.5853430530694,81.2422075866013,15
-7.6926,53.28823,2021/12/02 00:00:00+00,Thu 02 Dec 2021,1775,1392,0,3651352,3587722,239290,3890642,3827012,82.6230375753864,81.271768586638,16
-7.6926,53.28823,2021/12/03 00:00:00+00,Fri 03 Dec 2021,1043,1158,3,3652395,3588880,239293,3891688,3828173,82.6452507981151,81.2964239896859,17
-7.6926,53.28823,2021/12/04 00:00:00+00,Sat 04 Dec 2021,1203,1690,0,3653598,3590570,239293,3892891,3829863,82.6707981278883,81.3323134222018,18
-7.6926,53.28823,2021/12/05 00:00:00+00,Sun 05 Dec 2021,1349,1769,0,3654947,3592339,239293,3894240,3831632,82.6994459648492,81.3698805264151,19
-7.6926,53.28823,2021/12/06 00:00:00+00,Mon 06 Dec 2021,934,1269,0,3655881,3593608,239293,3895174,3832901,82.7192807163106,81.396829455328,20
-7.6926,53.28823,2021/12/07 00:00:00+00,Tue 07 Dec 2021,483,727,1,3656364,3594335,239294,3895658,3833629,82.7295591100015,81.4122895185656,21
-7.6926,53.28823,2021/12/08 00:00:00+00,Wed 08 Dec 2021,815,1484,0,3657179,3595819,239294,3896473,3835113,82.7468667357414,81.4438042628576,22
-7.6926,53.28823,2021/12/09 00:00:00+00,Thu 09 Dec 2021,792,1176,0,3657971,3596995,239294,3897265,3836289,82.7636859254175,81.4687782111645,23
-7.6926,53.28823,2021/12/10 00:00:00+00,Fri 10 Dec 2021,888,1592,1,3658859,3598587,239295,3898154,3837882,82.7825650411019,81.5026077176721,24
-7.6926,53.28823,2021/12/11 00:00:00+00,Sat 11 Dec 2021,640,833,0,3659499,3599420,239295,3898794,3838715,82.7961563054866,81.5202975977228,25
-7.6926,53.28823,2021/12/12 00:00:00+00,Sun 12 Dec 2021,690,1188,0,3660189,3600608,239295,3899484,3839903,82.8108093874014,81.5455263822369,26
-7.6926,53.28823,2021/12/13 00:00:00+00,Mon 13 Dec 2021,720,1042,0,3660909,3601650,239295,3900204,3840945,82.8260995598342,81.5676546595632,27
-7.6926,53.28823,2021/12/14 00:00:00+00,Tue 14 Dec 2021,627,1176,1,3661536,3602826,239296,3900832,3842122,82.8394359880117,81.5926498442208,28
-7.6926,53.28823,2021/12/15 00:00:00+00,Wed 15 Dec 2021,792,1215,1,3662328,3604041,239297,3901625,3843338,82.8562764140383,81.6184732465517,29
-7.6926,53.28823,2021/12/16 00:00:00+00,Thu 16 Dec 2021,1058,1502,7,3663386,3605543,239304,3902690,3844847,82.8788931274285,81.6505188996088,30
-7.6926,53.28823,2021/12/17 00:00:00+00,Fri 17 Dec 2021,1205,2422,1,3664591,3607965,239305,3903896,3847270,82.9045041662534,81.7019745771152,31
-7.6926,53.28823,2021/12/18 00:00:00+00,Sat 18 Dec 2021,1265,1164,0,3665856,3609129,239305,3905161,3848434,82.9313681497638,81.7266936892149,32
-7.6926,53.28823,2021/12/19 00:00:00+00,Sun 19 Dec 2021,559,877,0,3666415,3610006,239305,3905720,3849311,82.9432392697499,81.7453179686921,33
-7.6926,53.28823,2021/12/20 00:00:00+00,Mon 20 Dec 2021,532,578,0,3666947,3610584,239305,3906252,3849889,82.9545370082697,81.7575925793395,34
-7.6926,53.28823,2021/12/21 00:00:00+00,Tue 21 Dec 2021,1459,1767,3,3668406,3612351,239308,3907714,3851659,82.9855845528485,81.7951809199035,35
-7.6926,53.28823,2021/12/22 00:00:00+00,Wed 22 Dec 2021,1236,1539,2,3669642,3613890,239310,3908952,3853200,83.0118751548926,81.8279061361798,36
-7.6926,53.28823,2021/04/14 23:00:00+00,Thu 15 Apr 2021,27097,10775,1,853314,364188,181,853495,364369,18.1251190562906,7.73786783217422,37
-7.6926,53.28823,2021/12/23 00:00:00+00,Thu 23 Dec 2021,959,1325,0,3670601,3615215,239310,3909911,3854525,83.0322408151191,81.8560443007263,38
-7.6926,53.28823,2021/12/24 00:00:00+00,Fri 24 Dec 2021,100,135,0,3670701,3615350,239310,3910011,3854660,83.0343644501792,81.8589112080574,39
-7.6926,53.28823,2021/04/15 23:00:00+00,Fri 16 Apr 2021,27941,9816,1,881255,374004,182,881437,374186,18.7185051647866,7.94634508602527,40
-7.6926,53.28823,2021/12/25 00:00:00+00,Sat 25 Dec 2021,1,0,0,3670702,3615350,239310,3910012,3854660,83.0343856865298,81.8589112080574,41
-7.6926,53.28823,2021/04/16 23:00:00+00,Sat 17 Apr 2021,15827,4533,2,897082,378537,184,897266,378721,19.0546553584515,8.04265193600128,42
-7.6926,53.28823,2021/12/26 00:00:00+00,Sun 26 Dec 2021,10,6,0,3670712,3615356,239310,3910022,3854666,83.0345980500358,81.859038626161,43
-7.6926,53.28823,2021/04/17 23:00:00+00,Sun 18 Apr 2021,1046,468,0,898128,379005,184,898312,379189,19.0768685811803,8.0525905480826,44
-7.6926,53.28823,2021/12/27 00:00:00+00,Mon 27 Dec 2021,386,581,0,3671098,3615937,239310,3910408,3855247,83.0427952813678,81.8713769458603,45
-7.6926,53.28823,2021/04/18 23:00:00+00,Mon 19 Apr 2021,6716,2231,0,904844,381236,184,905028,381420,19.2194919118173,8.09996884627367,46
-7.6926,53.28823,2021/12/28 00:00:00+00,Tue 28 Dec 2021,462,734,0,3671560,3616671,239310,3910870,3855981,83.0526064753455,81.8869644272015,47
-7.6926,53.28823,2021/04/19 23:00:00+00,Tue 20 Apr 2021,15045,7287,1,919889,388523,185,920074,388708,19.5390140429616,8.25473936945452,48
-7.6926,53.28823,2021/12/29 00:00:00+00,Wed 29 Dec 2021,1080,1272,0,3672640,3617943,239310,3911950,3857253,83.0755417339948,81.9139770651661,49
-7.6926,53.28823,2020/12/28 00:00:00+00,Mon 28 Dec 2020,183,22,0,183,22,0,183,22,0.00388625216000231,0.000467199713224322,50
-7.6926,53.28823,2021/04/20 23:00:00+00,Wed 21 Apr 2021,26666,9843,2,946555,398366,187,946742,398553,20.1053450407918,8.46381124112241,51
-7.6926,53.28823,2021/04/21 23:00:00+00,Thu 22 Apr 2021,31584,12161,1,978139,410527,188,978327,410715,20.7760951745278,8.72208773713305,52
-7.6926,53.28823,2021/04/22 23:00:00+00,Fri 23 Apr 2021,33558,12350,1,1011697,422877,189,1011886,423066,21.4887658643503,8.98437790340731,53
-7.6926,53.28823,2021/04/23 23:00:00+00,Sat 24 Apr 2021,23659,6976,1,1035356,429853,190,1035546,430043,21.9912179195724,9.13254392155122,54
-7.6926,53.28823,2021/04/24 23:00:00+00,Sun 25 Apr 2021,9721,283,2,1045077,430136,192,1045269,430328,22.197698956467,9.13859628147254,55
-7.6926,53.28823,2021/04/25 23:00:00+00,Mon 26 Apr 2021,15536,3031,1,1060613,433167,193,1060806,433360,22.5276481357563,9.20298489649509,56
-7.6926,53.28823,2021/04/26 23:00:00+00,Tue 27 Apr 2021,25879,7783,6,1086492,440950,199,1086691,441149,23.077351071066,9.3683948313271,57
-7.6926,53.28823,2021/04/27 23:00:00+00,Wed 28 Apr 2021,25995,8573,5,1112487,449523,204,1112691,449727,23.6294961866947,9.55056024678338,58
-7.6926,53.28823,2021/04/28 23:00:00+00,Thu 29 Apr 2021,31649,11318,4,1144136,460841,208,1144344,461049,24.3016903922715,9.7909982082891,59
-7.6926,53.28823,2021/04/29 23:00:00+00,Fri 30 Apr 2021,36080,13502,7,1180216,474343,215,1180431,474558,25.0680465764136,10.0778800685594,60
-7.6926,53.28823,2021/04/30 23:00:00+00,Sat 01 May 2021,16513,6667,16,1196729,481010,231,1196960,481241,25.4190622154993,10.2198025996266,61
-7.6926,53.28823,2021/05/01 23:00:00+00,Sun 02 May 2021,12407,895,11,1209136,481905,242,1209378,482147,25.6827752172638,10.2390427332712,62
-7.6926,53.28823,2021/05/02 23:00:00+00,Mon 03 May 2021,14214,903,16,1223350,482808,258,1223608,483066,25.9849684863175,10.2585589394736,63
-7.6926,53.28823,2021/05/03 23:00:00+00,Tue 04 May 2021,26588,6755,7,1249938,489563,265,1250203,489828,26.5497492305539,10.4021591422383,64
-7.6926,53.28823,2021/05/04 23:00:00+00,Wed 05 May 2021,32031,13425,68,1281969,502988,333,1282302,503321,27.2314148484988,10.688701220899,65
-7.6926,53.28823,2021/05/05 23:00:00+00,Thu 06 May 2021,37222,14358,130,1319191,517346,463,1319654,517809,28.0246350161513,10.9963734684078,66
-7.6926,53.28823,2021/05/06 23:00:00+00,Fri 07 May 2021,40541,15045,93,1359732,532391,556,1360288,532947,28.8875528864766,11.3178493438074,67
-7.6926,53.28823,2021/05/07 23:00:00+00,Sat 08 May 2021,25555,7017,9,1385287,539408,565,1385852,539973,29.4304389532433,11.4670559431308,68
-7.6926,53.28823,2021/05/08 23:00:00+00,Sun 09 May 2021,19626,903,1,1404913,540311,566,1405479,540877,29.8472448064912,11.4862536040742,69
-7.6926,53.28823,2021/05/09 23:00:00+00,Mon 10 May 2021,28763,4607,167,1433676,544918,733,1434409,545651,30.4616124293812,11.5876359418438,70
-7.6926,53.28823,2021/05/10 23:00:00+00,Tue 11 May 2021,33869,14793,149,1467545,559711,882,1468427,560593,31.1840306041296,11.9049494925255,71
-7.6926,53.28823,2021/05/11 23:00:00+00,Wed 12 May 2021,31225,20914,165,1498770,580625,1047,1499817,581672,31.8506396494983,12.3525905268463,72
-7.6926,53.28823,2021/05/12 23:00:00+00,Thu 13 May 2021,35928,25460,146,1534698,606085,1193,1535891,607278,32.6167197610826,12.8963685203382,73
-7.6926,53.28823,2021/05/13 23:00:00+00,Fri 14 May 2021,38140,27946,232,1572838,634031,1425,1574263,635456,33.4316010063482,13.4947664075761,74
-7.6926,53.28823,2021/05/14 23:00:00+00,Sat 15 May 2021,28799,12419,15,1601637,646450,1440,1603077,647890,34.0435052125684,13.7588191909503,75
-7.6926,53.28823,2021/05/15 23:00:00+00,Sun 16 May 2021,23116,1150,8,1624753,647600,1448,1626201,649048,34.5345745838684,13.7834108849463,76
-7.6926,53.28823,2021/05/16 23:00:00+00,Mon 17 May 2021,35331,3923,111,1660084,651523,1559,1661643,653082,35.2872333218728,13.8690783232712,77
-7.6926,53.28823,2021/05/17 23:00:00+00,Tue 18 May 2021,38982,12466,121,1699066,663989,1680,1700746,665669,36.1176383394278,14.1363802682873,78
-7.6926,53.28823,2021/05/18 23:00:00+00,Wed 19 May 2021,36950,17571,202,1736016,681560,1882,1737898,683442,36.9066112369601,14.5138139275208,79
-7.6926,53.28823,2021/05/19 23:00:00+00,Thu 20 May 2021,39013,19641,128,1775029,701201,2010,1777039,703211,37.737823235838,14.933635342554,80
-7.6926,53.28823,2021/05/20 23:00:00+00,Fri 21 May 2021,25760,23222,14930,1800789,724423,16940,1817729,741363,38.6019303417969,15.7438445906874,81
-7.6926,53.28823,2021/05/21 23:00:00+00,Sat 22 May 2021,16523,10233,13514,1817312,734656,30454,1847766,765110,39.2398066048023,16.2481442084118,82
-7.6926,53.28823,2021/05/22 23:00:00+00,Sun 23 May 2021,8172,5513,10200,1825484,740169,40654,1866138,780823,39.6299608380459,16.581830985407,83
-7.6926,53.28823,2021/05/23 23:00:00+00,Mon 24 May 2021,22471,8178,8443,1847955,748347,49097,1897052,797444,40.2864613805284,16.934800368748,84
-7.6926,53.28823,2021/05/24 23:00:00+00,Tue 25 May 2021,30230,16483,3217,1878185,764830,52314,1930499,817144,40.9967535990836,17.3531564755898,85
-7.6926,53.28823,2021/05/25 23:00:00+00,Wed 26 May 2021,19870,25401,3043,1898055,790231,55357,1953412,845588,41.4833421004067,17.9572032320876,86
-7.6926,53.28823,2021/05/26 23:00:00+00,Thu 27 May 2021,16934,35969,546,1914989,826200,55903,1970892,882103,41.8545535089141,18.732648574287,87
-7.6926,53.28823,2021/05/27 23:00:00+00,Fri 28 May 2021,26919,31785,1549,1941908,857985,57452,1999360,915437,42.4591099378263,19.4405410852242,88
-7.6926,53.28823,2021/05/28 23:00:00+00,Sat 29 May 2021,24392,7364,524,1966300,865349,57976,2024276,923325,42.9882348494035,19.6080534187658,89
-7.6926,53.28823,2021/05/29 23:00:00+00,Sun 30 May 2021,24179,1657,204,1990479,867006,58180,2048659,925186,43.5060407861102,19.6475742672344,90
-7.6926,53.28823,2021/05/30 23:00:00+00,Mon 31 May 2021,22472,7298,3434,2012951,874304,61614,2074565,935918,44.0561896847825,19.8754827818855,91
-7.6926,53.28823,2021/05/31 23:00:00+00,Tue 01 Jun 2021,27412,11472,3637,2040363,885776,65251,2105614,951027,44.7155571345962,20.1963428031176,92
-7.6926,53.28823,2021/06/01 23:00:00+00,Wed 02 Jun 2021,18586,20849,3992,2058949,906625,69243,2128192,975868,45.195031458468,20.7238749883996,93
-7.6926,53.28823,2021/06/02 23:00:00+00,Thu 03 Jun 2021,16587,30658,1968,2075536,937283,71211,2146747,1008494,45.5890719438715,21.4167321631113,94
-7.6926,53.28823,2021/06/03 23:00:00+00,Fri 04 Jun 2021,28930,23315,142,2104466,960598,71353,2175819,1031951,46.2064551285468,21.9148732391614,95
-7.6926,53.28823,2021/06/04 23:00:00+00,Sat 05 Jun 2021,20870,11450,26,2125336,972048,71379,2196715,1043427,46.6502099107075,22.1585815986597,96
-7.6926,53.28823,2021/06/05 23:00:00+00,Sun 06 Jun 2021,19863,3869,34,2145199,975917,71413,2216612,1047330,47.0727495786177,22.2414670750558,97
-7.6926,53.28823,2021/07/31 23:00:00+00,Sun 01 Aug 2021,11040,9242,360,3160895,2615586,220622,3381517,2836208,71.8110805755985,60.2307074656603,98
-7.6926,53.28823,2021/06/06 23:00:00+00,Mon 07 Jun 2021,19713,4528,36,2164912,980445,71449,2236361,1051894,47.4921462666389,22.3383897791993,99
-7.6926,53.28823,2021/06/07 23:00:00+00,Tue 08 Jun 2021,26330,18291,37,2191242,998736,71486,2262728,1070222,48.0520851229383,22.7276096130164,100
-7.6926,53.28823,2021/06/08 23:00:00+00,Wed 09 Jun 2021,32689,20055,163,2223931,1018791,71649,2295580,1090440,48.7497417128858,23.1569661494695,101
-7.6926,53.28823,2021/06/09 23:00:00+00,Thu 10 Jun 2021,27588,27423,257,2251519,1046214,71906,2323425,1118120,49.3410678953736,23.7447883341081,102
-7.6926,53.28823,2021/06/10 23:00:00+00,Fri 11 Jun 2021,26346,32841,25,2277865,1079055,71931,2349796,1150986,49.9010916970754,24.442742232964,103
-7.6926,53.28823,2021/06/11 23:00:00+00,Sat 12 Jun 2021,12122,19675,97,2289987,1098730,72028,2362015,1170758,50.1605786650703,24.8626273570491,104
-7.6926,53.28823,2021/06/12 23:00:00+00,Sun 13 Jun 2021,8501,18140,827,2298488,1116870,72855,2371343,1189725,50.3586713434774,25.2654172189003,105
-7.6926,53.28823,2021/06/13 23:00:00+00,Mon 14 Jun 2021,15945,31251,36,2314433,1148121,72891,2387324,1221012,50.6980494624336,25.9298389201571,106
-7.6926,53.28823,2021/06/14 23:00:00+00,Tue 15 Jun 2021,14608,41480,194,2329041,1189601,73085,2402126,1262686,51.0123899240312,26.8148425951075,107
-7.6926,53.28823,2021/06/15 23:00:00+00,Wed 16 Jun 2021,13336,48323,208,2342377,1237924,73293,2415670,1311217,51.3000150565726,27.8454639261298,108
-7.6926,53.28823,2021/06/16 23:00:00+00,Thu 17 Jun 2021,21492,42600,523,2363869,1280524,73816,2437685,1354340,51.7675333150559,28.7612390731013,109
-7.6926,53.28823,2021/06/17 23:00:00+00,Fri 18 Jun 2021,11943,49988,542,2375812,1330512,74358,2450170,1404870,52.0326691523107,29.8343118689751,110
-7.6926,53.28823,2021/06/18 23:00:00+00,Sat 19 Jun 2021,6240,32734,424,2382052,1363246,74782,2456834,1438028,52.1741881927165,30.5384667822066,111
-7.6926,53.28823,2021/06/19 23:00:00+00,Sun 20 Jun 2021,8457,26098,172,2390509,1389344,74954,2465463,1464298,52.3574366620534,31.0963457124976,112
-7.6926,53.28823,2021/06/20 23:00:00+00,Mon 21 Jun 2021,15396,32254,558,2405905,1421598,75512,2481417,1497110,52.6962413995435,31.7931528484211,113
-7.6926,53.28823,2021/06/21 23:00:00+00,Tue 22 Jun 2021,15060,43468,710,2420965,1465066,76222,2497187,1541288,53.0311386485229,32.7313323452767,114
-7.6926,53.28823,2021/06/22 23:00:00+00,Wed 23 Jun 2021,19997,39315,871,2440962,1504381,77093,2518055,1581474,53.4742988128668,33.5847363305328,115
-7.6926,53.28823,2021/06/23 23:00:00+00,Thu 24 Jun 2021,18932,44183,1026,2459894,1548564,78119,2538013,1626683,53.8981338981636,34.5448105048581,116
-7.6926,53.28823,2021/06/24 23:00:00+00,Fri 25 Jun 2021,15117,50068,818,2475011,1598632,78937,2553948,1677569,54.2365351449922,35.625443441546,117
-7.6926,53.28823,2021/06/25 23:00:00+00,Sat 26 Jun 2021,8978,30478,487,2483989,1629110,79424,2563413,1708534,54.4375372034317,36.2830270379092,118
-7.6926,53.28823,2021/06/26 23:00:00+00,Sun 27 Jun 2021,8671,30419,49,2492660,1659529,79473,2572133,1739002,54.6227181806733,36.9300561680237,119
-7.6926,53.28823,2021/06/27 23:00:00+00,Mon 28 Jun 2021,24142,24562,502,2516802,1684091,79975,2596777,1764066,55.146066804887,37.4623240594898,120
-7.6926,53.28823,2021/06/28 23:00:00+00,Tue 29 Jun 2021,28067,30915,793,2544869,1715006,80768,2625637,1795774,55.7589478832349,38.1356862643497,121
-7.6926,53.28823,2021/06/29 23:00:00+00,Wed 30 Jun 2021,22462,36756,564,2567331,1751762,81332,2648663,1833094,56.247936092176,38.9282268687829,122
-7.6926,53.28823,2021/06/30 23:00:00+00,Thu 01 Jul 2021,14847,48228,621,2582178,1799990,81953,2664131,1881943,56.5764199632739,39.9656013592963,123
-7.6926,53.28823,2021/07/01 23:00:00+00,Fri 02 Jul 2021,13556,47165,802,2595734,1847155,82755,2678489,1929910,56.8813314852045,40.9842453885796,124
-7.6926,53.28823,2021/07/02 23:00:00+00,Sat 03 Jul 2021,9237,30393,491,2604971,1877548,83246,2688217,1960794,57.0879187038521,41.6401088405441,125
-7.6926,53.28823,2021/07/03 23:00:00+00,Sun 04 Jul 2021,6385,27731,223,2611356,1905279,83469,2694825,1988748,57.2282485086242,42.2337497852474,126
-7.6926,53.28823,2021/07/04 23:00:00+00,Mon 05 Jul 2021,15471,33333,5322,2626827,1938612,88791,2715618,2027403,57.669815946673,43.0546409177331,127
-7.6926,53.28823,2021/07/05 23:00:00+00,Tue 06 Jul 2021,12293,48252,5469,2639120,1986864,94260,2733380,2081124,58.0470160060498,44.1954789083751,128
-7.6926,53.28823,2021/07/06 23:00:00+00,Wed 07 Jul 2021,19597,43649,5040,2658717,2030513,99300,2758017,2129813,58.5702159758092,45.2294555827924,129
-7.6926,53.28823,2021/07/07 23:00:00+00,Thu 08 Jul 2021,17669,45491,5977,2676386,2076004,105277,2781663,2181281,59.072370722123,46.3224480755301,130
-7.6926,53.28823,2021/07/08 23:00:00+00,Fri 09 Jul 2021,13436,45011,6515,2689822,2121015,111792,2801614,2232807,59.4960571529656,47.4166722766026,131
-7.6926,53.28823,2021/07/09 23:00:00+00,Sat 10 Jul 2021,8552,23761,4352,2698374,2144776,116144,2814518,2260920,59.7700910211223,48.0136898010515,132
-7.6926,53.28823,2021/07/10 23:00:00+00,Sun 11 Jul 2021,15176,16055,2146,2713550,2160831,118290,2831840,2279121,60.1379470862347,48.4002126183422,133
-7.6926,53.28823,2021/07/11 23:00:00+00,Mon 12 Jul 2021,17029,31635,6072,2730579,2192466,124362,2854941,2316828,60.6285280214708,49.2009716904581,134
-7.6926,53.28823,2021/07/12 23:00:00+00,Tue 13 Jul 2021,20015,36439,8472,2750594,2228905,132834,2883428,2361739,61.2334879410445,50.1547174323044,135
-7.6926,53.28823,2021/07/13 23:00:00+00,Wed 14 Jul 2021,20704,35580,9316,2771298,2264485,142150,2913448,2406635,61.8710031860897,51.1081446288916,136
-7.6926,53.28823,2021/07/14 23:00:00+00,Thu 15 Jul 2021,23535,28719,9555,2794833,2293204,151705,2946538,2444909,62.5737140274803,51.9209447117983,137
-7.6926,53.28823,2021/07/15 23:00:00+00,Fri 16 Jul 2021,23467,27295,9152,2818300,2320499,160857,2979157,2481356,63.2664225477377,52.6949459821568,138
-7.6926,53.28823,2021/07/16 23:00:00+00,Sat 17 Jul 2021,11432,19339,4665,2829732,2339838,165522,2995254,2505360,63.6082640833637,53.2047033419857,139
-7.6926,53.28823,2021/07/17 23:00:00+00,Sun 18 Jul 2021,16809,15738,1921,2846541,2355576,167443,3013984,2523019,64.0060209301224,53.5797160572506,140
-7.6926,53.28823,2021/07/18 23:00:00+00,Mon 19 Jul 2021,24798,18296,6226,2871339,2373872,173669,3045008,2547541,64.6648574711711,54.100473846691,141
-7.6926,53.28823,2021/07/19 23:00:00+00,Tue 20 Jul 2021,30492,18053,7685,2901831,2391925,181354,3083185,2573279,65.4755976280695,54.6470550384622,142
-7.6926,53.28823,2021/07/20 23:00:00+00,Wed 21 Jul 2021,30251,19713,6869,2932082,2411638,188223,3120305,2599861,66.2638909623826,55.2115597101408,143
-7.6926,53.28823,2021/07/21 23:00:00+00,Thu 22 Jul 2021,33448,15812,6915,2965530,2427450,195138,3160668,2622588,67.121053781695,55.6941982502521,144
-7.6926,53.28823,2021/07/22 23:00:00+00,Fri 23 Jul 2021,27009,20692,5592,2992539,2448142,200730,3193269,2648872,67.8133800476416,56.2523744894516,145
-7.6926,53.28823,2021/07/23 23:00:00+00,Sat 24 Jul 2021,15376,14709,2256,3007915,2462851,202986,3210901,2665837,68.1878193814403,56.6126491773993,146
-7.6926,53.28823,2021/07/24 23:00:00+00,Sun 25 Jul 2021,14673,13577,1029,3022588,2476428,204015,3226603,2680443,68.5212725585789,56.9228273142791,147
-7.6926,53.28823,2021/07/25 23:00:00+00,Mon 26 Jul 2021,23757,18130,3400,3046345,2494558,207415,3253760,2701973,69.0979881318531,57.3800459427209,148
-7.6926,53.28823,2021/07/26 23:00:00+00,Tue 27 Jul 2021,25403,23744,3651,3071748,2518302,211066,3282814,2729368,69.7149890622176,57.9618157674382,149
-7.6926,53.28823,2021/07/27 23:00:00+00,Wed 28 Jul 2021,23369,25135,3245,3095117,2543437,214311,3309428,2757748,70.2801732971154,58.5645033974975,150
-7.6926,53.28823,2021/07/28 23:00:00+00,Thu 29 Jul 2021,19189,27745,2944,3114306,2571182,217255,3331561,2788437,70.7501974449697,59.2162257610949,151
-7.6926,53.28823,2021/07/29 23:00:00+00,Fri 30 Jul 2021,21865,22795,2107,3136171,2593977,219362,3355533,2813339,71.2592752415794,59.7450533637636,152
-7.6926,53.28823,2021/07/30 23:00:00+00,Sat 31 Jul 2021,13684,12367,900,3149855,2606344,220262,3370117,2826606,71.5689861787459,60.0267960271885,153
-7.6926,53.28823,2021/12/30 00:00:00+00,Thu 30 Dec 2021,1065,1161,1,3673705,3619104,239311,3913016,3858415,83.0981796837355,81.9386537045646,154
-7.6926,53.28823,2021/12/31 00:00:00+00,Fri 31 Dec 2021,720,1663,0,3674425,3620767,239311,3913736,3860078,83.1134698561683,81.9739697556142,155
-7.6926,53.28823,2020/12/29 00:00:00+00,Tue 29 Dec 2020,72,1,0,255,23,0,255,23,0.00541526940328191,0.000488436063825427,156
-7.6926,53.28823,2022/01/01 00:00:00+00,Sat 01 Jan 2022,66,95,0,3674491,3620862,239311,3913802,3860173,83.114871455308,81.9759872089213,157
-7.6926,53.28823,2020/12/30 00:00:00+00,Wed 30 Dec 2020,1053,1,0,1308,24,0,1308,24,0.027777146586246,0.000509672414426533,158
-7.6926,53.28823,2022/01/02 00:00:00+00,Sun 02 Jan 2022,270,620,0,3674761,3621482,239311,3914072,3860793,83.1206052699703,81.989153746294,159
-7.6926,53.28823,2020/12/31 00:00:00+00,Thu 31 Dec 2020,1027,1,0,2335,25,0,2335,25,0.0495868786535814,0.000530908765027638,160
-7.6926,53.28823,2022/01/03 00:00:00+00,Mon 03 Jan 2022,3631,715,0,3678392,3622197,239311,3917703,3861508,83.1977144590029,82.0043377369738,161
-7.6926,53.28823,2022/01/04 00:00:00+00,Tue 04 Jan 2022,1191,751,0,3679583,3622948,239311,3918894,3862259,83.2230069525688,82.0202862362752,162
-7.6926,53.28823,2021/08/01 23:00:00+00,Mon 02 Aug 2021,14953,15884,419,3175848,2631470,221041,3396889,2852511,72.1375257570387,60.5769236895101,163
-7.6926,53.28823,2022/01/05 00:00:00+00,Wed 05 Jan 2022,2142,863,0,3681725,3623811,239311,3921036,3863122,83.2684952155564,82.038613206844,164
-7.6926,53.28823,2021/08/02 23:00:00+00,Tue 03 Aug 2021,17276,25314,1095,3193124,2656784,222136,3415260,2878920,72.5276587539316,61.1377544725347,165
-7.6926,53.28823,2022/01/06 00:00:00+00,Thu 06 Jan 2022,2465,1643,0,3684190,3625454,239311,3923501,3864765,83.3208428197881,82.0735045308816,166
-7.6926,53.28823,2021/08/03 23:00:00+00,Wed 04 Aug 2021,22038,17163,1569,3215162,2673947,223705,3438867,2897652,73.028985282572,61.5355537919946,167
-7.6926,53.28823,2022/01/07 00:00:00+00,Fri 07 Jan 2022,4842,746,0,3689032,3626200,239311,3928343,3865511,83.4236692293987,82.08934684843,168
-7.6926,53.28823,2021/08/04 23:00:00+00,Thu 05 Aug 2021,13462,29911,1415,3228624,2703858,225120,3453744,2928978,73.3449184704646,62.2008037109248,169
-7.6926,53.28823,2021/01/01 00:00:00+00,Fri 01 Jan 2021,806,0,0,3141,25,0,3141,25,0.0667033772380724,0.000530908765027638,170
-7.6926,53.28823,2022/01/08 00:00:00+00,Sat 08 Jan 2022,9790,726,1,3698822,3626926,239312,3938134,3866238,83.6315943381341,82.104785675317,171
-7.6926,53.28823,2021/08/05 23:00:00+00,Fri 06 Aug 2021,12126,24634,938,3240750,2728492,226058,3466808,2954550,73.6223501547174,62.7438596684963,172
-7.6926,53.28823,2021/01/02 00:00:00+00,Sat 02 Jan 2021,1014,0,0,4155,25,0,4155,25,0.0882370367475934,0.000530908765027638,173
-7.6926,53.28823,2022/01/09 00:00:00+00,Sun 09 Jan 2022,7117,662,0,3705939,3627588,239312,3945251,3866900,83.7827334453622,82.1188441394149,174
-7.6926,53.28823,2021/08/06 23:00:00+00,Sat 07 Aug 2021,6301,8360,574,3247051,2736852,226632,3473683,2963484,73.7683500651,62.9335852247666,175
-7.6926,53.28823,2021/01/03 00:00:00+00,Sun 03 Jan 2021,18,2,0,4173,27,0,4173,27,0.0886192910584133,0.000573381466229849,176
-7.6926,53.28823,2022/01/10 00:00:00+00,Mon 10 Jan 2022,6652,476,0,3712591,3628064,239312,3951903,3867376,83.9239976495607,82.1289526423011,177
-7.6926,53.28823,2021/08/07 23:00:00+00,Sun 08 Aug 2021,8585,11900,151,3255636,2748752,226783,3482419,2975535,73.9538708239513,63.1895044858605,178
-7.6926,53.28823,2021/01/04 00:00:00+00,Mon 04 Jan 2021,1186,3,0,5359,30,0,5359,30,0.113805602871325,0.000637090518033166,179
-7.6926,53.28823,2022/01/11 00:00:00+00,Tue 11 Jan 2022,4767,1320,1,3717358,3629384,239313,3956671,3868697,84.0252525692268,82.1570058614451,180
-7.6926,53.28823,2021/08/08 23:00:00+00,Mon 09 Aug 2021,5493,22902,594,3261129,2771654,227377,3488506,2999031,74.0831364900602,63.6884737795841,181
-7.6926,53.28823,2021/01/05 00:00:00+00,Tue 05 Jan 2021,3515,8,0,8874,38,0,8874,38,0.18845137523421,0.00080698132284201,182
-7.6926,53.28823,2022/01/12 00:00:00+00,Wed 12 Jan 2022,7551,862,1,3724909,3630246,239314,3964223,3869560,84.1856294889663,82.1753328320139,183
-7.6926,53.28823,2021/08/09 23:00:00+00,Tue 10 Aug 2021,9279,25875,700,3270408,2797529,228077,3498485,3025606,74.2950540327086,64.2528297968085,184
-7.6926,53.28823,2021/01/06 00:00:00+00,Wed 06 Jan 2021,6766,8,0,15640,46,0,15640,46,0.33213652340129,0.000976872127650854,185
-7.6926,53.28823,2022/01/13 00:00:00+00,Thu 13 Jan 2022,7319,767,0,3732228,3631013,239314,3971542,3870327,84.3410583390158,82.1916211129249,186
-7.6926,53.28823,2021/08/10 23:00:00+00,Wed 11 Aug 2021,6955,31097,650,3277363,2828626,228727,3506090,3057353,74.4565564790301,64.9270202193418,187
-7.6926,53.28823,2021/01/07 00:00:00+00,Thu 07 Jan 2021,11715,8,0,27355,54,0,27355,54,0.580920370693242,0.0011467629324597,188
-7.6926,53.28823,2022/01/14 00:00:00+00,Fri 14 Jan 2022,10722,795,0,3742950,3631808,239314,3982264,3871122,84.5687544901609,82.2085040116528,189
-7.6926,53.28823,2021/08/11 23:00:00+00,Thu 12 Aug 2021,6709,38183,855,3284072,2866809,229582,3513654,3096391,74.6171882349768,65.7560448741077,190
-7.6926,53.28823,2021/01/08 00:00:00+00,Fri 08 Jan 2021,12672,5,0,40027,59,0,40027,59,0.850027405510451,0.00125294468546523,191
-7.6926,53.28823,2022/01/15 00:00:00+00,Sat 15 Jan 2022,8349,635,0,3751299,3632443,239314,3990613,3871757,84.7460567813295,82.2219890942845,192
-7.6926,53.28823,2021/08/12 23:00:00+00,Fri 13 Aug 2021,10860,28129,854,3294932,2894938,230436,3525368,3125374,74.8659508459182,66.3715380235796,193
-7.6926,53.28823,2021/01/09 00:00:00+00,Sat 09 Jan 2021,8071,6,0,48098,65,0,48098,65,1.02142599121197,0.00138036278907186,194
-7.6926,53.28823,2022/01/16 00:00:00+00,Sun 16 Jan 2022,6966,1209,1,3758265,3633652,239315,3997580,3872967,84.8940104359674,82.2476850785119,195
-7.6926,53.28823,2022/01/17 00:00:00+00,Mon 17 Jan 2022,2558,539,0,3760823,3634191,239315,4000138,3873506,84.9483330208051,82.2591314714858,196
-7.6926,53.28823,2022/01/18 00:00:00+00,Tue 18 Jan 2022,4059,414,3,3764882,3634605,239318,4004200,3873923,85.0345950769467,82.2679870296865,197
-7.6926,53.28823,2022/01/19 00:00:00+00,Wed 19 Jan 2022,3479,595,0,3768361,3635200,239318,4007679,3874518,85.108476340688,82.2806226582942,198
-7.6926,53.28823,2022/01/20 00:00:00+00,Thu 20 Jan 2022,3685,910,0,3772046,3636110,239318,4011364,3875428,85.1867322926531,82.2999477373412,199
-7.6926,53.28823,2022/01/21 00:00:00+00,Fri 21 Jan 2022,3246,951,0,3775292,3637061,239318,4014610,3876379,85.2556654867042,82.3201435067628,200
-7.6926,53.28823,2022/01/22 00:00:00+00,Sat 22 Jan 2022,4271,630,0,3779563,3637691,239318,4018881,3877009,85.3463659401216,82.3335224076415,201
-7.6926,53.28823,2022/01/23 00:00:00+00,Sun 23 Jan 2022,3092,676,0,3782655,3638367,239318,4021973,3877685,85.4120287361802,82.3478781806479,202
-7.6926,53.28823,2022/01/24 00:00:00+00,Mon 24 Jan 2022,643,454,0,3783298,3638821,239318,4022616,3878139,85.4256837096167,82.3575194838208,203
-7.6926,53.28823,2022/01/25 00:00:00+00,Tue 25 Jan 2022,696,1823,0,3783994,3640644,239318,4023312,3879962,85.4404642096351,82.3962333509666,204
-7.6926,53.28823,2022/01/26 00:00:00+00,Wed 26 Jan 2022,699,876,0,3784693,3641520,239318,4024011,3880838,85.4553084187052,82.4148363940931,205
-7.6926,53.28823,2022/01/27 00:00:00+00,Thu 27 Jan 2022,1273,1152,0,3785966,3642672,239318,4025284,3881990,85.4823422930204,82.4393006699856,206
-7.6926,53.28823,2022/01/28 00:00:00+00,Fri 28 Jan 2022,1025,3076,0,3786991,3645748,239318,4026309,3885066,85.5041095523866,82.5046236844346,207
-7.6926,53.28823,2022/01/29 00:00:00+00,Sat 29 Jan 2022,2324,3440,0,3789315,3649188,239318,4028633,3888506,85.5534628311836,82.5776767305024,208
-7.6926,53.28823,2022/01/30 00:00:00+00,Sun 30 Jan 2022,1635,7533,0,3790950,3656721,239318,4030268,3896039,85.5881842644163,82.7376501595806,209
-7.6926,53.28823,2022/01/31 00:00:00+00,Mon 31 Jan 2022,478,1376,1,3791428,3658097,239319,4030747,3897416,85.5983564763543,82.7668926143583,210
-7.6926,53.28823,2022/02/01 00:00:00+00,Tue 01 Feb 2022,749,3402,1,3792177,3661499,239320,4031497,3900819,85.6142837393051,82.8391599154538,211
-7.6926,53.28823,2022/02/02 00:00:00+00,Wed 02 Feb 2022,642,2980,0,3792819,3664479,239320,4032139,3903799,85.627917476391,82.9024442402451,212
-7.6926,53.28823,2022/02/03 00:00:00+00,Thu 03 Feb 2022,908,2416,1,3793727,3666895,239321,4033048,3906216,85.6472213190874,82.953772499648,213
-7.6926,53.28823,2022/02/04 00:00:00+00,Fri 04 Feb 2022,1167,6494,0,3794894,3673389,239321,4034215,3912710,85.6720041402389,83.0916813604516,214
-7.6926,53.28823,2022/02/05 00:00:00+00,Sat 05 Feb 2022,1777,5744,0,3796671,3679133,239321,4035992,3918454,85.7097411352571,83.2136629583043,215
-7.6926,53.28823,2022/02/06 00:00:00+00,Sun 06 Feb 2022,1407,7555,0,3798078,3686688,239321,4037399,3926009,85.7396206805528,83.3741035870957,216
-7.6926,53.28823,2022/02/07 00:00:00+00,Mon 07 Feb 2022,432,1336,0,3798510,3688024,239321,4037831,3927345,85.7487947840125,83.4024753514988,217
-7.6926,53.28823,2022/02/08 00:00:00+00,Tue 08 Feb 2022,893,1215,0,3799403,3689239,239321,4038724,3928560,85.7677588450993,83.4282775174791,218
-7.6926,53.28823,2022/02/09 00:00:00+00,Wed 09 Feb 2022,1333,1745,0,3800736,3690984,239321,4040057,3930305,85.7960669004506,83.465334949278,219
-7.6926,53.28823,2022/02/10 00:00:00+00,Thu 10 Feb 2022,688,2531,0,3801424,3693515,239321,4040745,3932836,85.8106775096641,83.5190841526494,220
-7.6926,53.28823,2022/02/11 00:00:00+00,Fri 11 Feb 2022,550,4895,0,3801974,3698410,239321,4041295,3937731,85.8223575024947,83.6230360888419,221
-7.6926,53.28823,2022/02/12 00:00:00+00,Sat 12 Feb 2022,1395,5455,0,3803369,3703865,239321,4042690,3943186,85.8519822115833,83.7388803813709,222
-7.6926,53.28823,2022/02/13 00:00:00+00,Sun 13 Feb 2022,1567,4705,0,3804936,3708570,239321,4044257,3947891,85.8852595729752,83.8387974109491,223
-7.6926,53.28823,2022/02/14 00:00:00+00,Mon 14 Feb 2022,169,937,1,3805105,3709507,239322,4044427,3948829,85.8888697525774,83.8587171078129,224
-7.6926,53.28823,2022/02/15 00:00:00+00,Tue 15 Feb 2022,644,796,1,3805749,3710303,239323,4045072,3949626,85.9025671987151,83.875642479242,225
-7.6926,53.28823,2022/02/16 00:00:00+00,Wed 16 Feb 2022,788,1768,0,3806537,3712071,239323,4045860,3951394,85.9193014429888,83.9131883471048,226
-7.6926,53.28823,2022/02/17 00:00:00+00,Thu 17 Feb 2022,780,1151,2,3807317,3713222,239325,4046642,3952547,85.9359082691589,83.9376738593478,227
-7.6926,53.28823,2022/02/18 00:00:00+00,Fri 18 Feb 2022,790,3246,0,3808107,3716468,239325,4047432,3955793,85.9526849861337,84.006607053399,228
-7.6926,53.28823,2022/02/19 00:00:00+00,Sat 19 Feb 2022,975,3528,0,3809082,3719996,239325,4048407,3959321,85.9733904279698,84.0815288983197,229
-7.6926,53.28823,2022/02/20 00:00:00+00,Sun 20 Feb 2022,1362,3586,0,3810444,3723582,239325,4049769,3962907,86.0023143374885,84.1576824515753,230
-7.6926,53.28823,2022/02/21 00:00:00+00,Mon 21 Feb 2022,250,982,1,3810694,3724564,239326,4050020,3963890,86.0076446614894,84.1785577842162,231
-7.6926,53.28823,2022/02/22 00:00:00+00,Tue 22 Feb 2022,470,946,0,3811164,3725510,239326,4050490,3964836,86.0176257462719,84.1986473718848,232
-7.6926,53.28823,2022/02/23 00:00:00+00,Wed 23 Feb 2022,821,1236,1,3811985,3726746,239327,4051312,3966073,86.035082026466,84.2249167375784,233
-7.6926,53.28823,2022/02/24 00:00:00+00,Thu 24 Feb 2022,657,1189,0,3812642,3727935,239327,4051969,3967262,86.0490343088109,84.2501667584431,234
-7.6926,53.28823,2022/02/25 00:00:00+00,Fri 25 Feb 2022,684,1181,0,3813326,3729116,239327,4052653,3968443,86.0635599726221,84.275246888503,235
-7.6926,53.28823,2022/02/26 00:00:00+00,Sat 26 Feb 2022,956,2067,0,3814282,3731183,239327,4053609,3970510,86.0838619237968,84.3191424251955,236
-7.6926,53.28823,2022/02/27 00:00:00+00,Sun 27 Feb 2022,668,1781,0,3814950,3732964,239327,4054277,3972291,86.0980478059983,84.3569643656161,237
-7.6926,53.28823,2022/02/28 00:00:00+00,Mon 28 Feb 2022,82,400,0,3815032,3733364,239327,4054359,3972691,86.0997891867476,84.3654589058565,238
-7.6926,53.28823,2022/03/01 00:00:00+00,Tue 01 Mar 2022,116,908,0,3815148,3734272,239327,4054475,3973599,86.1022526034173,84.3847415122023,239
-7.6926,53.28823,2022/03/02 00:00:00+00,Wed 02 Mar 2022,196,958,2,3815344,3735230,239329,4054673,3974559,86.1064574008363,84.4051284087794,240
-7.6926,53.28823,2022/03/03 00:00:00+00,Thu 03 Mar 2022,257,1237,0,3815601,3736467,239329,4054930,3975796,86.1119151429408,84.4313977744729,241
-7.6926,53.28823,2021/01/10 00:00:00+00,Sun 10 Jan 2021,4770,3,1,52868,68,1,52869,69,1.12274461992985,0.00146530819147628,242
-7.6926,53.28823,2021/01/11 00:00:00+00,Mon 11 Jan 2021,8334,7,0,61202,75,1,61203,76,1.29972836583946,0.00161396264568402,243
-7.6926,53.28823,2021/01/12 00:00:00+00,Tue 12 Jan 2021,8866,8,0,70068,83,1,70069,84,1.48800985026886,0.00178385345049286,244
-7.6926,53.28823,2021/01/13 00:00:00+00,Wed 13 Jan 2021,9869,5,0,79937,88,1,79938,89,1.69759139435117,0.00189003520349839,245
-7.6926,53.28823,2021/01/14 00:00:00+00,Thu 14 Jan 2021,8066,4,0,88003,92,1,88004,93,1.86888379829969,0.00197498060590281,246
-7.6926,53.28823,2021/01/15 00:00:00+00,Fri 15 Jan 2021,7673,2,0,95676,94,1,95677,95,2.03183031646197,0.00201745330710502,247
-7.6926,53.28823,2021/01/16 00:00:00+00,Sat 16 Jan 2021,5215,2,0,100891,96,1,100892,97,2.14257788484674,0.00205992600830724,248
-7.6926,53.28823,2021/01/17 00:00:00+00,Sun 17 Jan 2021,1107,4,0,101998,100,1,101999,101,2.16608652496216,0.00214487141071166,249
-7.6926,53.28823,2021/01/18 00:00:00+00,Mon 18 Jan 2021,8693,7,0,110691,107,1,110692,108,2.35069412073757,0.0022935258649194,250
-7.6926,53.28823,2021/01/19 00:00:00+00,Tue 19 Jan 2021,8364,17,0,119055,124,1,119056,125,2.52831495716522,0.00265454382513819,251
-7.6926,53.28823,2021/01/20 00:00:00+00,Wed 20 Jan 2021,8436,958,0,127491,1082,1,127492,1083,2.70746481083615,0.0229989677009973,252
-7.6926,53.28823,2021/01/21 00:00:00+00,Thu 21 Jan 2021,8978,958,0,136469,2040,1,136470,2041,2.89812476653287,0.0433433915768564,253
-7.6926,53.28823,2021/01/22 00:00:00+00,Fri 22 Jan 2021,6761,965,0,143230,3005,1,143231,3006,3.04170373294694,0.0638364699069232,254
-7.6926,53.28823,2021/01/23 00:00:00+00,Sat 23 Jan 2021,4169,460,0,147399,3465,1,147400,3466,3.13023807860295,0.0736051911834317,255
-7.6926,53.28823,2021/01/24 00:00:00+00,Sun 24 Jan 2021,1177,397,0,148576,3862,1,148577,3863,3.15523326326046,0.0820360223720706,256
-7.6926,53.28823,2021/01/25 00:00:00+00,Mon 25 Jan 2021,1344,1284,0,149920,5146,1,149921,5147,3.18377491846834,0.10930349654389,257
-7.6926,53.28823,2021/01/26 00:00:00+00,Tue 26 Jan 2021,997,3495,0,150917,8641,1,150918,8642,3.20494756001764,0.183524541894754,258
-7.6926,53.28823,2021/01/27 00:00:00+00,Wed 27 Jan 2021,2152,6698,0,153069,15339,1,153070,15340,3.25064818651122,0.325765618220959,259
-7.6926,53.28823,2021/01/28 00:00:00+00,Thu 28 Jan 2021,977,11536,0,154046,26875,1,154047,26876,3.2713961010485,0.570748158755312,260
-7.6926,53.28823,2021/01/29 00:00:00+00,Fri 29 Jan 2021,1555,11525,0,155601,38400,1,155602,38401,3.30441862623322,0.815497099433053,261
-7.6926,53.28823,2021/01/30 00:00:00+00,Sat 30 Jan 2021,615,7793,0,156216,46193,1,156217,46194,3.3174789818529,0.980991979667468,262
-7.6926,53.28823,2021/01/31 00:00:00+00,Sun 31 Jan 2021,213,4084,0,156429,50277,1,156430,50278,3.32200232453094,1.06772123552238,263
-7.6926,53.28823,2021/02/01 00:00:00+00,Mon 01 Feb 2021,1001,8336,0,157430,58613,1,157431,58614,3.34325991148264,1.2447474541332,264
-7.6926,53.28823,2021/02/02 00:00:00+00,Tue 02 Feb 2021,818,5103,0,158248,63716,1,158249,63717,3.36063124627435,1.35311655125064,265
-7.6926,53.28823,2021/02/03 00:00:00+00,Wed 03 Feb 2021,1385,6861,0,159633,70577,1,159634,70578,3.39004359185688,1.49881915272483,266
-7.6926,53.28823,2021/02/04 00:00:00+00,Thu 04 Feb 2021,1411,10536,1,161044,81113,2,161046,81115,3.42002931890564,1.72258657900867,267
-7.6926,53.28823,2021/02/05 00:00:00+00,Fri 05 Feb 2021,3373,8609,0,164417,89722,2,164419,89724,3.49165952948317,1.90541032133359,268
-7.6926,53.28823,2021/02/06 00:00:00+00,Sat 06 Feb 2021,885,3864,0,165302,93586,2,165304,93588,3.51045369976515,1.98746758005626,269
-7.6926,53.28823,2021/02/07 00:00:00+00,Sun 07 Feb 2021,320,1296,1,165622,94882,3,165625,94885,3.5172705683081,2.0150111267859,270
-7.6926,53.28823,2021/02/08 00:00:00+00,Mon 08 Feb 2021,1153,874,0,166775,95756,3,166778,95759,3.54175608055118,2.03357169721126,271
-7.6926,53.28823,2021/02/09 00:00:00+00,Tue 09 Feb 2021,4231,533,2,171006,96289,5,171011,96294,3.63164955264566,2.04493314478285,272
-7.6926,53.28823,2021/02/10 00:00:00+00,Wed 10 Feb 2021,8807,578,0,179813,96867,5,179818,96872,3.81867809238959,2.05720775543029,273
-7.6926,53.28823,2021/02/11 00:00:00+00,Thu 11 Feb 2021,6162,441,0,185975,97308,5,185980,97313,3.94953648479361,2.06657298604538,274
-7.6926,53.28823,2021/02/12 00:00:00+00,Fri 12 Feb 2021,4375,520,0,190350,97828,5,190355,97833,4.04244551867344,2.07761588835796,275
-7.6926,53.28823,2021/02/13 00:00:00+00,Sat 13 Feb 2021,1198,1911,0,191548,99739,5,191553,99744,4.06788666669357,2.11819855435667,276
-7.6926,53.28823,2021/02/14 00:00:00+00,Sun 14 Feb 2021,2686,24,0,194234,99763,5,194239,99768,4.12492750440814,2.1187082267711,277
-7.6926,53.28823,2021/02/15 00:00:00+00,Mon 15 Feb 2021,1949,7879,0,196183,107642,5,196188,107647,4.16631715172969,2.28602943315721,278
-7.6926,53.28823,2021/02/16 00:00:00+00,Tue 16 Feb 2021,5624,8156,0,201807,115798,5,201812,115803,4.28575038751031,2.45923310865982,279
-7.6926,53.28823,2021/02/17 00:00:00+00,Wed 17 Feb 2021,9721,8460,0,211528,124258,5,211533,124263,4.49218895170365,2.63889263474518,280
-7.6926,53.28823,2021/02/18 00:00:00+00,Thu 18 Feb 2021,8448,8344,0,219976,132602,5,219981,132607,4.67159364158179,2.8160887441608,281
-7.6926,53.28823,2021/02/19 00:00:00+00,Fri 19 Feb 2021,9372,6579,0,229348,139181,5,229353,139186,4.87062071941535,2.95580269476547,282
-7.6926,53.28823,2021/02/20 00:00:00+00,Sat 20 Feb 2021,5878,3566,2,235226,142747,7,235233,142754,4.99549046094986,3.03157399371022,283
-7.6926,53.28823,2021/02/21 00:00:00+00,Sun 21 Feb 2021,1101,1020,4,236327,143767,11,236338,143778,5.01895662836408,3.05332001672575,284
-7.6926,53.28823,2021/02/22 00:00:00+00,Mon 22 Feb 2021,3932,1116,1,240259,144883,12,240271,144895,5.10247919527822,3.07704102034718,285
-7.6926,53.28823,2021/02/23 00:00:00+00,Tue 23 Feb 2021,13343,1058,0,253602,145941,12,253614,145953,5.38583582134878,3.09950907928315,286
-7.6926,53.28823,2021/02/24 00:00:00+00,Wed 24 Feb 2021,16921,2094,2,270523,148035,14,270537,148049,5.74521858257128,3.14402047014307,287
-7.6926,53.28823,2021/02/25 00:00:00+00,Thu 25 Feb 2021,18067,1746,2,288590,149781,16,288606,149797,6.12893820158266,3.1811416109938,288
-7.6926,53.28823,2021/02/26 00:00:00+00,Fri 26 Feb 2021,16068,2757,0,304658,152538,16,304674,152554,6.47016388304122,3.23969022960105,289
-7.6926,53.28823,2021/02/27 00:00:00+00,Sat 27 Feb 2021,8979,702,1,313637,153240,17,313654,153257,6.66086631143915,3.25461938407363,290
-7.6926,53.28823,2021/02/28 00:00:00+00,Sun 28 Feb 2021,2434,49,1,316071,153289,18,316089,153307,6.71257682515284,3.25568120160368,291
-7.6926,53.28823,2021/03/01 00:00:00+00,Mon 01 Mar 2021,5573,782,0,321644,154071,18,321662,154089,6.8309270070528,3.27228802777375,292
-7.6926,53.28823,2021/03/02 00:00:00+00,Tue 02 Mar 2021,12162,1602,0,333806,155673,18,333824,155691,7.08920350306345,3.30630866143672,293
-7.6926,53.28823,2021/03/03 00:00:00+00,Wed 03 Mar 2021,12867,1498,1,346673,157171,19,346692,157190,7.36247286259847,3.33814195098778,294
-7.6926,53.28823,2021/03/04 00:00:00+00,Thu 04 Mar 2021,18712,1681,3,365385,158852,22,365407,158874,7.75991116409817,3.37390396540004,295
-7.6926,53.28823,2021/03/05 00:00:00+00,Fri 05 Mar 2021,18418,2388,6,383803,161240,28,383831,161268,8.15116968757293,3.42474378873909,296
-7.6926,53.28823,2021/03/06 00:00:00+00,Sat 06 Mar 2021,10426,134,4,394229,161374,32,394261,161406,8.37266482434246,3.42767440512204,297
-7.6926,53.28823,2021/03/07 00:00:00+00,Sun 07 Mar 2021,1508,9,2,395737,161383,34,395771,161417,8.40473171375013,3.42790800497865,298
-7.6926,53.28823,2021/03/08 00:00:00+00,Mon 08 Mar 2021,6641,1490,3,402378,162873,37,402415,162910,8.54582602714388,3.4596138764261,299
-7.6926,53.28823,2021/03/09 00:00:00+00,Tue 09 Mar 2021,13797,3092,3,416175,165965,40,416215,166005,8.83888766543913,3.52534038153652,300
-7.6926,53.28823,2021/03/10 00:00:00+00,Wed 10 Mar 2021,13701,3975,3,429876,169940,43,429919,169983,9.12991061407669,3.60981858422772,301
-7.6926,53.28823,2021/03/11 00:00:00+00,Thu 11 Mar 2021,18442,2094,2,448318,172034,45,448363,172079,9.52159386456348,3.65432997508764,302
-7.6926,53.28823,2021/03/12 00:00:00+00,Fri 12 Mar 2021,17296,1327,3,465614,173361,48,465662,173409,9.888961493612,3.68257432138711,303
-7.6926,53.28823,2021/03/13 00:00:00+00,Sat 13 Mar 2021,8269,168,0,473883,173529,48,473931,173577,10.0645648767325,3.68614202828809,304
-7.6926,53.28823,2021/03/14 00:00:00+00,Sun 14 Mar 2021,368,16,1,474251,173545,49,474300,173594,10.0724010901043,3.68650304624831,305
-7.6926,53.28823,2021/03/15 00:00:00+00,Mon 15 Mar 2021,2616,985,0,476867,174530,49,476916,174579,10.1279553832768,3.7074208515904,306
-7.6926,53.28823,2021/03/16 00:00:00+00,Tue 16 Mar 2021,8916,3808,2,485783,178338,51,485834,178389,10.3173411579375,3.78833134738061,307
-7.6926,53.28823,2021/03/17 00:00:00+00,Wed 17 Mar 2021,4869,2407,6,490652,180745,57,490709,180802,10.4208683671179,3.83957466138108,308
-7.6926,53.28823,2021/03/18 00:00:00+00,Thu 18 Mar 2021,11693,4675,2,502345,185420,59,502404,185479,10.6692274873978,3.93889707314245,309
-7.6926,53.28823,2021/03/19 00:00:00+00,Fri 19 Mar 2021,10326,6108,2,512671,191528,61,512732,191589,10.888556516406,4.06865117531521,310
-7.6926,53.28823,2021/03/20 00:00:00+00,Sat 20 Mar 2021,5211,3112,2,517882,194640,63,517945,194703,10.9992616120896,4.13478117108705,311
-7.6926,53.28823,2021/03/21 00:00:00+00,Sun 21 Mar 2021,3617,50,3,521499,194690,66,521565,194756,11.0761372012656,4.13590669766891,312
-7.6926,53.28823,2021/03/22 00:00:00+00,Mon 22 Mar 2021,7375,2393,1,528874,197083,67,528941,197150,11.2327765232994,4.18674652100795,313
-7.6926,53.28823,2021/03/23 00:00:00+00,Tue 23 Mar 2021,12540,7378,3,541414,204461,70,541484,204531,11.499144068889,4.34349202479471,314
-7.6926,53.28823,2021/03/24 00:00:00+00,Wed 24 Mar 2021,13586,9771,1,555000,214232,71,555071,214303,11.7876823645062,4.55101364286872,315
-7.6926,53.28823,2021/03/25 00:00:00+00,Thu 25 Mar 2021,20829,10211,3,575829,224443,74,575903,224517,12.2300780202285,4.76792172790841,316
-7.6926,53.28823,2021/03/26 00:00:00+00,Fri 26 Mar 2021,19671,9483,1,595500,233926,75,595575,234001,12.6478395092534,4.96932727700929,317
-7.6926,53.28823,2021/03/27 00:00:00+00,Sat 27 Mar 2021,11715,5333,2,607215,239259,77,607292,239336,12.8966658292466,5.08262320746619,318
-7.6926,53.28823,2021/03/28 00:00:00+00,Sun 28 Mar 2021,2473,479,0,609688,239738,77,609765,239815,12.9491833242831,5.09279541940412,319
-7.6926,53.28823,2021/03/28 23:00:00+00,Mon 29 Mar 2021,9227,3101,3,618915,242839,80,618995,242919,13.1451948403313,5.15871305166995,320
-7.6926,53.28823,2021/03/29 23:00:00+00,Tue 30 Mar 2021,13300,8654,4,632215,251493,84,632299,251577,13.4277232487284,5.34257737517432,321
-7.6926,53.28823,2021/03/30 23:00:00+00,Wed 31 Mar 2021,15779,10495,3,647994,261988,87,648081,262075,13.7628753339151,5.56551658378473,322
-7.6926,53.28823,2021/03/31 23:00:00+00,Thu 01 Apr 2021,19651,11612,7,667645,273600,94,667739,273694,14.1803395140316,5.81226174141897,323
-7.6926,53.28823,2021/04/01 23:00:00+00,Fri 02 Apr 2021,20102,13711,7,687747,287311,101,687848,287412,14.6073812882692,6.10358199896494,324
-7.6926,53.28823,2021/04/02 23:00:00+00,Sat 03 Apr 2021,7519,4637,5,695266,291948,106,695372,292054,14.7671635901919,6.20216113845527,325
-7.6926,53.28823,2021/04/03 23:00:00+00,Sun 04 Apr 2021,3005,166,2,698271,292114,108,698379,292222,14.8310212964495,6.20572884535626,326
-7.6926,53.28823,2021/04/04 23:00:00+00,Mon 05 Apr 2021,3400,594,3,701671,292708,111,701782,292819,14.903288597545,6.21840694666512,327
-7.6926,53.28823,2021/04/05 23:00:00+00,Tue 06 Apr 2021,11940,8145,6,713611,300853,117,713728,300970,15.1569780418258,6.39150444041473,328
-7.6926,53.28823,2021/04/06 23:00:00+00,Wed 07 Apr 2021,18316,10446,6,731927,311299,123,732050,311422,15.5460704575393,6.61346677689748,329
-7.6926,53.28823,2021/04/07 23:00:00+00,Thu 08 Apr 2021,20146,10553,13,752073,321852,136,752209,321988,15.974174049307,6.83785005734876,330
-7.6926,53.28823,2021/04/08 23:00:00+00,Fri 09 Apr 2021,20666,9143,15,772739,330995,151,772890,331146,16.4133630160884,7.03233255615369,331
-7.6926,53.28823,2021/04/09 23:00:00+00,Sat 10 Apr 2021,11130,4146,12,783869,335141,163,784032,335304,16.649978434486,7.12063330195309,332
-7.6926,53.28823,2021/04/10 23:00:00+00,Sun 11 Apr 2021,2834,344,6,786703,335485,169,786872,335654,16.7102896701931,7.12806602466347,333
-7.6926,53.28823,2021/04/11 23:00:00+00,Mon 12 Apr 2021,7735,2775,8,794438,338260,177,794615,338437,16.8747227328975,7.18716678838635,334
-7.6926,53.28823,2021/04/12 23:00:00+00,Tue 13 Apr 2021,11462,8578,1,805900,346838,178,806078,347016,17.1181550198379,7.36935344019323,335
-7.6926,53.28823,2021/04/13 23:00:00+00,Wed 14 Apr 2021,20317,6575,2,826217,353413,180,826397,353593,17.5496564277018,7.5090249180967,336
-7.6926,53.28823,2021/08/13 23:00:00+00,Sat 14 Aug 2021,18084,5768,275,3313016,2900706,230711,3543727,3131417,75.2558290066039,66.4998692902621,337
-7.6926,53.28823,2021/08/14 23:00:00+00,Sun 15 Aug 2021,16972,3676,43,3329988,2904382,230754,3560742,3135136,75.6171655120817,66.5788472781476,338
-7.6926,53.28823,2021/08/15 23:00:00+00,Mon 16 Aug 2021,10143,23043,377,3340131,2927425,231131,3571262,3158556,75.8405719204053,67.0762026092255,339
-7.6926,53.28823,2021/08/16 23:00:00+00,Tue 17 Aug 2021,12847,26777,522,3352978,2954202,231653,3584631,3185855,76.1244806915915,67.655933744285,340
-7.6926,53.28823,2021/08/17 23:00:00+00,Wed 18 Aug 2021,15185,25678,651,3368163,2979880,232304,3600467,3212184,76.4607795397106,68.2150656192615,341
-7.6926,53.28823,2021/08/18 23:00:00+00,Thu 19 Aug 2021,11332,25604,536,3379495,3005484,232840,3612335,3238324,76.7128125486445,68.7701838239744,342
-7.6926,53.28823,2021/08/19 23:00:00+00,Fri 20 Aug 2021,14800,22147,680,3394295,3027631,233520,3627815,3261151,77.0415512559496,69.2549459991459,343
-7.6926,53.28823,2021/08/20 23:00:00+00,Sat 21 Aug 2021,11838,7906,238,3406133,3035537,233758,3639891,3269295,77.2980014258086,69.4278948384413,344
-7.6926,53.28823,2021/08/21 23:00:00+00,Sun 22 Aug 2021,7991,12210,159,3414124,3047747,233917,3648041,3281664,77.4710776832076,69.6905672590264,345
-7.6926,53.28823,2021/08/22 23:00:00+00,Mon 23 Aug 2021,10833,15282,281,3424957,3063029,234198,3659155,3297227,77.7070984837883,70.0210685834314,346
-7.6926,53.28823,2021/08/23 23:00:00+00,Tue 24 Aug 2021,9722,22839,382,3434679,3085868,234580,3669259,3320448,77.9216705702619,70.5141978807396,347
-7.6926,53.28823,2021/08/24 23:00:00+00,Wed 25 Aug 2021,9388,19423,308,3444067,3105291,234888,3678955,3340179,78.1275782256902,70.93321231445,348
-7.6926,53.28823,2021/08/25 23:00:00+00,Thu 26 Aug 2021,8545,19345,363,3452612,3124636,235251,3687863,3359887,78.3167516368448,71.3517383120966,349
-7.6926,53.28823,2021/08/26 23:00:00+00,Fri 27 Aug 2021,9684,19125,429,3462296,3143761,235680,3697976,3379441,78.5315148504738,71.7669939117506,350
-7.6926,53.28823,2021/08/27 23:00:00+00,Sat 28 Aug 2021,9903,7854,151,3472199,3151615,235831,3708030,3387446,78.7450251194173,71.9369908983125,351
-7.6926,53.28823,2021/08/28 23:00:00+00,Sun 29 Aug 2021,8786,9157,27,3480985,3160772,235858,3716843,3396630,78.9321810772649,72.1320255422331,352
-7.6926,53.28823,2021/08/29 23:00:00+00,Mon 30 Aug 2021,5037,11047,80,3486022,3171819,235938,3721960,3407757,79.0408474832907,72.3683224153716,353
-7.6926,53.28823,2021/08/30 23:00:00+00,Tue 31 Aug 2021,4040,12798,140,3490062,3184617,236078,3726140,3420695,79.1296154288033,72.6430783194486,354
-7.6926,53.28823,2021/08/31 23:00:00+00,Wed 01 Sep 2021,4919,12463,179,3494981,3197080,236257,3731238,3433337,79.2378783441678,72.9115482637478,355
-7.6926,53.28823,2021/09/01 23:00:00+00,Thu 02 Sep 2021,4987,12299,246,3499968,3209379,236503,3736471,3445882,79.3490081668634,73.1779582820387,356
-7.6926,53.28823,2021/09/02 23:00:00+00,Fri 03 Sep 2021,4745,15994,163,3504713,3225373,236666,3741379,3462039,79.4532361756136,73.5210739987008,357
-7.6926,53.28823,2021/09/03 23:00:00+00,Sat 04 Sep 2021,4610,10539,132,3509323,3235912,236798,3746121,3472710,79.553938950164,73.7476870959651,358
-7.6926,53.28823,2021/09/04 23:00:00+00,Sun 05 Sep 2021,5302,11871,1,3514625,3247783,236799,3751424,3484582,79.6665553174017,73.9998050503015,359
-7.6926,53.28823,2021/09/05 23:00:00+00,Mon 06 Sep 2021,2133,9635,73,3516758,3257418,236872,3753630,3494290,79.7134027068277,74.205967541937,360
-7.6926,53.28823,2021/09/06 23:00:00+00,Tue 07 Sep 2021,3020,9944,153,3519778,3267362,237025,3756803,3504387,79.780785647285,74.4203909739564,361
-7.6926,53.28823,2021/09/07 23:00:00+00,Wed 08 Sep 2021,2585,14753,184,3522363,3282115,237209,3759572,3519324,79.8395891020995,74.7375983428851,362
-7.6926,53.28823,2021/09/08 23:00:00+00,Thu 09 Sep 2021,3097,14751,136,3525460,3296866,237345,3762805,3534211,79.9082462235929,75.0537438942838,363
-7.6926,53.28823,2021/09/09 23:00:00+00,Fri 10 Sep 2021,3360,13902,114,3528820,3310768,237459,3766279,3548227,79.9820213055811,75.3513925843088,364
-7.6926,53.28823,2021/09/10 23:00:00+00,Sat 11 Sep 2021,2544,11287,60,3531364,3322055,237519,3768883,3559574,80.0373207625464,75.5923614545796,365
-7.6926,53.28823,2021/09/11 23:00:00+00,Sun 12 Sep 2021,2029,12857,1,3533393,3334912,237520,3770913,3572432,80.0804305542666,75.8654184506086,366
-7.6926,53.28823,2021/09/12 23:00:00+00,Mon 13 Sep 2021,1596,7696,50,3534989,3342608,237570,3772559,3580178,80.115385587356,76.0299152223648,367
-7.6926,53.28823,2021/09/13 23:00:00+00,Tue 14 Sep 2021,1531,10739,81,3536520,3353347,237651,3774171,3590998,80.149618584525,76.2596925358687,368
-7.6926,53.28823,2021/09/14 23:00:00+00,Wed 15 Sep 2021,3262,12366,134,3539782,3365713,237785,3777567,3603498,80.2217372311664,76.5251469183825,369
-7.6926,53.28823,2021/09/15 23:00:00+00,Thu 16 Sep 2021,1894,10566,112,3541676,3376279,237897,3779573,3614176,80.2643373504722,76.7519086701012,370
-7.6926,53.28823,2021/09/16 23:00:00+00,Fri 17 Sep 2021,2549,14577,90,3544225,3390856,237987,3782212,3628843,80.3203800797085,77.0633822243676,371
-7.6926,53.28823,2021/09/17 23:00:00+00,Sat 18 Sep 2021,2277,11204,43,3546502,3402060,238030,3784532,3640090,80.3696484131031,77.3022274595782,372
-7.6926,53.28823,2021/09/18 23:00:00+00,Sun 19 Sep 2021,1856,8479,12,3548358,3410539,238042,3786400,3648581,80.4093179160259,77.4825453125322,373
-7.6926,53.28823,2021/09/19 23:00:00+00,Mon 20 Sep 2021,943,5588,32,3549301,3416127,238074,3787375,3654201,80.430023357862,77.6018936029104,374
-7.6926,53.28823,2021/09/20 23:00:00+00,Tue 21 Sep 2021,1455,6635,90,3550756,3422762,238164,3788920,3660926,80.4628335195407,77.7447080607028,375
-7.6926,53.28823,2021/09/21 23:00:00+00,Wed 22 Sep 2021,1886,8112,96,3552642,3430874,238260,3790902,3669134,80.5049239664321,77.9190160264367,376
-7.6926,53.28823,2021/09/22 23:00:00+00,Thu 23 Sep 2021,1686,8733,87,3554328,3439607,238347,3792675,3677954,80.5425760160479,78.1063206387385,377
-7.6926,53.28823,2021/09/23 23:00:00+00,Fri 24 Sep 2021,1903,7361,79,3556231,3446968,238426,3794657,3685394,80.5846664629393,78.2643190872107,378
-7.6926,53.28823,2021/09/24 23:00:00+00,Sat 25 Sep 2021,2408,6565,51,3558639,3453533,238477,3797116,3692010,80.6368866490674,78.4048187827876,379
-7.6926,53.28823,2021/09/25 23:00:00+00,Sun 26 Sep 2021,1537,7086,0,3560176,3460619,238477,3798653,3699096,80.6695269199413,78.555299563147,380
-7.6926,53.28823,2021/09/26 23:00:00+00,Mon 27 Sep 2021,1167,3769,45,3561343,3464388,238522,3799865,3702910,80.6952653768698,78.6362950043397,381
-7.6926,53.28823,2021/09/27 23:00:00+00,Tue 28 Sep 2021,1437,5095,91,3562780,3469483,238613,3801393,3708096,80.7277145205883,78.746426718557,382
-7.6926,53.28823,2021/09/28 23:00:00+00,Wed 29 Sep 2021,1641,3581,77,3564421,3473064,238690,3803111,3711754,80.764198570921,78.8241092890558,383
-7.6926,53.28823,2021/09/29 23:00:00+00,Thu 30 Sep 2021,1280,3930,77,3565701,3476994,238767,3804468,3715761,80.7930162986867,78.9092033459145,384
-7.6926,53.28823,2021/09/30 23:00:00+00,Fri 01 Oct 2021,1834,5137,41,3567535,3482131,238808,3806343,3720939,80.8328344560638,79.019165169327,385
-7.6926,53.28823,2021/10/01 23:00:00+00,Sat 02 Oct 2021,1706,4064,39,3569241,3486195,238847,3808088,3725042,80.8698918878627,79.1062979158433,386
-7.6926,53.28823,2021/10/02 23:00:00+00,Sun 03 Oct 2021,1194,3002,9,3570435,3489197,238856,3809291,3728053,80.8954392176359,79.1702405675032,387
-7.6926,53.28823,2021/10/03 23:00:00+00,Mon 04 Oct 2021,333,1204,17,3570768,3490401,238873,3809641,3729274,80.9028719403462,79.1961701515872,388
-7.6926,53.28823,2021/10/04 23:00:00+00,Tue 05 Oct 2021,958,2794,69,3571726,3493195,238942,3810668,3732137,80.9246816724136,79.2569698233582,389
-7.6926,53.28823,2021/10/05 23:00:00+00,Wed 06 Oct 2021,971,2529,35,3572697,3495724,238977,3811674,3734701,80.9460454411183,79.3114198262994,390
-7.6926,53.28823,2021/10/06 23:00:00+00,Thu 07 Oct 2021,1197,2665,44,3573894,3498389,239021,3812915,3737410,80.9723997522143,79.3689491000778,391
-7.6926,53.28823,2021/10/07 23:00:00+00,Fri 08 Oct 2021,974,2751,45,3574868,3501140,239066,3813934,3740206,80.9940395934768,79.4283259363585,392
-7.6926,53.28823,2021/10/08 23:00:00+00,Sat 09 Oct 2021,729,2349,21,3575597,3503489,239087,3814684,3742576,81.0099668564276,79.4786560872831,393
-7.6926,53.28823,2021/10/09 23:00:00+00,Sun 10 Oct 2021,1499,3904,0,3577096,3507393,239087,3816183,3746480,81.0418001459787,79.5615628000298,394
-7.6926,53.28823,2021/10/10 23:00:00+00,Mon 11 Oct 2021,330,1089,15,3577426,3508482,239102,3816528,3747584,81.0491266869361,79.5850077310934,395
-7.6926,53.28823,2021/10/11 23:00:00+00,Tue 12 Oct 2021,561,1581,20,3577987,3510063,239122,3817109,3749185,81.0614650066353,79.6190071284058,396
-7.6926,53.28823,2021/10/12 23:00:00+00,Wed 13 Oct 2021,1027,2018,9,3579014,3512081,239131,3818145,3751212,81.083465865858,79.6620532110743,397
-7.6926,53.28823,2021/10/13 23:00:00+00,Thu 14 Oct 2021,687,1550,7,3579701,3513631,239138,3818839,3752769,81.0982038931752,79.6951182089602,398
-7.6926,53.28823,2021/10/14 23:00:00+00,Fri 15 Oct 2021,952,2036,7,3580653,3515667,239145,3819798,3754812,81.1185695534017,79.7385040732382,399
-7.6926,53.28823,2021/10/15 23:00:00+00,Sat 16 Oct 2021,1373,2611,12,3582026,3518278,239157,3821183,3757435,81.1479818989842,79.7942070208649,400
-7.6926,53.28823,2021/10/16 23:00:00+00,Sun 17 Oct 2021,1698,2882,2,3583724,3521160,239159,3822883,3760319,81.1840836950061,79.8554526559985,401
-7.6926,53.28823,2021/10/17 23:00:00+00,Mon 18 Oct 2021,666,1202,4,3584390,3522362,239163,3823553,3761525,81.1983120499088,79.8810636948235,402
-7.6926,53.28823,2021/10/18 23:00:00+00,Tue 19 Oct 2021,1329,1760,12,3585719,3524122,239175,3824894,3763297,81.2267899960649,79.9186945080886,403
-7.6926,53.28823,2021/10/19 23:00:00+00,Wed 20 Oct 2021,2242,2282,0,3587961,3526404,239175,3827136,3765579,81.2744018941126,79.9671558601603,404
-7.6926,53.28823,2021/10/20 23:00:00+00,Thu 21 Oct 2021,1744,1792,10,3589705,3528196,239185,3828890,3767381,81.3116504530669,80.0054237639435,405
-7.6926,53.28823,2021/10/21 23:00:00+00,Fri 22 Oct 2021,1491,1893,1,3591196,3530089,239186,3830382,3769275,81.3433350881638,80.045645411982,406
-7.6926,53.28823,2021/10/22 23:00:00+00,Sat 23 Oct 2021,2008,1673,0,3593204,3531762,239186,3832390,3770948,81.3859776801708,80.0811738265377,407
-7.6926,53.28823,2021/10/23 23:00:00+00,Sun 24 Oct 2021,1943,2177,2,3595147,3533939,239188,3834335,3773127,81.4272823820899,80.1274478344975,408
-7.6926,53.28823,2021/10/24 23:00:00+00,Mon 25 Oct 2021,1214,819,2,3596361,3534758,239190,3835551,3773948,81.4531057844209,80.144882878341,409
-7.6926,53.28823,2021/10/25 23:00:00+00,Tue 26 Oct 2021,1236,1187,6,3597597,3535945,239196,3836793,3775141,81.4794813318674,80.1702178446081,410
-7.6926,53.28823,2021/10/26 23:00:00+00,Wed 27 Oct 2021,1549,1393,5,3599146,3537338,239201,3838347,3776539,81.5124826207016,80.1999062627484,411
-7.6926,53.28823,2021/10/27 23:00:00+00,Thu 28 Oct 2021,2144,1662,2,3601290,3539000,239203,3840493,3778203,81.5580558290915,80.2352435501487,412
-7.6926,53.28823,2021/10/28 23:00:00+00,Fri 29 Oct 2021,2131,1333,0,3603421,3540333,239203,3842624,3779536,81.6033104922225,80.2635516055,413
-7.6926,53.28823,2021/10/29 23:00:00+00,Sat 30 Oct 2021,2007,1430,0,3605428,3541763,239203,3844631,3780966,81.6459318478789,80.2939195868595,414
-7.6926,53.28823,2021/10/30 23:00:00+00,Sun 31 Oct 2021,1624,1313,0,3607052,3543076,239203,3846255,3782279,81.6804196812551,80.3218029151988,415
-7.6926,53.28823,2021/11/01 00:00:00+00,Mon 01 Nov 2021,259,257,1,3607311,3543333,239204,3846515,3782537,81.6859411324114,80.3272818936539,416
-7.6926,53.28823,2021/11/02 00:00:00+00,Tue 02 Nov 2021,1087,1071,9,3608398,3544404,239213,3847611,3783617,81.7092161726702,80.3502171523031,417
-7.6926,53.28823,2021/11/03 00:00:00+00,Wed 03 Nov 2021,2532,1831,5,3610930,3546235,239218,3850148,3785453,81.7630927941452,80.3892070920067,418
-7.6926,53.28823,2021/11/04 00:00:00+00,Thu 04 Nov 2021,1542,1250,1,3612472,3547485,239219,3851691,3786704,81.7958604831227,80.4157737666087,419
-7.6926,53.28823,2021/11/05 00:00:00+00,Fri 05 Nov 2021,1627,1056,2,3614099,3548541,239221,3853320,3787762,81.8304544982519,80.4382418255447,420
-7.6926,53.28823,2021/11/06 00:00:00+00,Sat 06 Nov 2021,1818,1336,5,3615917,3549877,239226,3855143,3789103,81.8691683653978,80.4667197717007,421
-7.6926,53.28823,2021/11/07 00:00:00+00,Sun 07 Nov 2021,725,765,0,3616642,3550642,239226,3855868,3789868,81.8845647195835,80.4829655799106,422
-7.6926,53.28823,2021/11/08 00:00:00+00,Mon 08 Nov 2021,511,510,1,3617153,3551152,239227,3856380,3790379,81.8954377310913,80.4938173550677,423
-7.6926,53.28823,2021/11/09 00:00:00+00,Tue 09 Nov 2021,1377,1032,1,3618530,3552184,239228,3857758,3791412,81.9247014222196,80.5157545052387,424
-7.6926,53.28823,2021/11/10 00:00:00+00,Wed 10 Nov 2021,1626,1322,0,3620156,3553506,239228,3859384,3792734,81.959231728297,80.5438289607334,425
-7.6926,53.28823,2021/11/11 00:00:00+00,Thu 11 Nov 2021,1398,1087,1,3621554,3554593,239229,3860783,3793822,81.988941382788,80.5669341101873,426
-7.6926,53.28823,2021/11/12 00:00:00+00,Fri 12 Nov 2021,1154,1107,5,3622708,3555700,239234,3861942,3794934,82.0135543131347,80.5905489320558,427
-7.6926,53.28823,2021/11/13 00:00:00+00,Sat 13 Nov 2021,1412,1356,0,3624120,3557056,239234,3863354,3796290,82.0435400401834,80.6193454234709,428
-7.6926,53.28823,2021/11/14 00:00:00+00,Sun 14 Nov 2021,1649,1799,0,3625769,3558855,239234,3865003,3798089,82.0785587823246,80.6575496182023,429
-7.6926,53.28823,2021/11/15 00:00:00+00,Mon 15 Nov 2021,1245,565,0,3627014,3559420,239234,3866248,3798654,82.104998038823,80.6695481562919,430
-7.6926,53.28823,2021/11/16 00:00:00+00,Tue 16 Nov 2021,1320,1048,5,3628334,3560468,239239,3867573,3799707,82.1331362033695,80.6919100334749,431
