X,Y,VaccinationDate,VaccineText,Dose1,Dose2,SingleDose,Dose1Cum,Dose2Cum,SingleDoseCum,PartiallyVacc,FullyVacc,PartialPercent,FullyPercent,ObjectId
-7.6926,53.28823,2022/02/01 00:00:00+00,Tue 01 Feb 2022,753,3424,1,3812828,3684568,241220,4054048,3925788,79.487568107236,76.9727790654106,1
-7.6926,53.28823,2021/10/23 23:00:00+00,Sun 24 Oct 2021,1960,2195,2,3615960,3553439,241005,3856965,3794444,75.6233690683301,74.397522150476,2
-7.6926,53.28823,2022/02/02 00:00:00+00,Wed 02 Feb 2022,652,3003,0,3813480,3687571,241220,4054700,3928791,79.5003518469465,77.0316587745374,3
-7.6926,53.28823,2021/10/24 23:00:00+00,Mon 25 Oct 2021,1245,874,2,3617205,3554313,241007,3858212,3795320,75.6478189508746,74.4146978498416,4
-7.6926,53.28823,2022/02/03 00:00:00+00,Thu 03 Feb 2022,908,2438,1,3814388,3690009,241221,4055609,3931230,79.5181745760828,77.0794801566753,5
-7.6926,53.28823,2021/10/25 23:00:00+00,Tue 26 Oct 2021,1247,1254,6,3618452,3555567,241013,3859465,3796580,75.6723864751955,74.4394026229018,6
-7.6926,53.28823,2022/02/04 00:00:00+00,Fri 04 Feb 2022,1174,6525,0,3815562,3696534,241221,4056783,3937755,79.5411931503468,77.2074155885942,7
-7.6926,53.28823,2021/10/26 23:00:00+00,Wed 27 Oct 2021,1571,1446,6,3620023,3557013,241019,3861042,3798032,75.7033066554463,74.4678719328093,8
-7.6926,53.28823,2022/02/05 00:00:00+00,Sat 05 Feb 2022,1777,5751,0,3817339,3702285,241221,4058560,3943506,79.5760347231467,77.3201752313474,9
-7.6926,53.28823,2021/10/27 23:00:00+00,Thu 28 Oct 2021,2164,1719,5,3622187,3558732,241024,3863211,3799756,75.7458341576427,74.5016743365837,10
-7.6926,53.28823,2021/10/28 23:00:00+00,Fri 29 Oct 2021,2151,1395,3,3624338,3560127,241027,3865365,3801154,75.788067555398,74.5290848705029,11
-7.6926,53.28823,2022/02/06 00:00:00+00,Sun 06 Feb 2022,1407,7556,0,3818746,3709841,241221,4059967,3951062,79.6036217197306,77.4683254418576,12
-7.6926,53.28823,2021/10/29 23:00:00+00,Sat 30 Oct 2021,2024,1474,1,3626362,3561601,241028,3867390,3802629,75.827771654959,74.5580051405535,13
-7.6926,53.28823,2022/02/07 00:00:00+00,Mon 07 Feb 2022,443,1354,0,3819189,3711195,241221,4060410,3952416,79.6123076042272,77.4948732694159,14
-7.6926,53.28823,2021/07/15 23:00:00+00,Fri 16 Jul 2021,23545,27464,9168,2834268,2329906,161966,2996234,2491872,58.7470484168456,48.8580414722555,15
-7.6926,53.28823,2021/10/30 23:00:00+00,Sun 31 Oct 2021,1601,1325,0,3627963,3562926,241028,3868991,3803954,75.8591624023157,74.5839843661922,16
-7.6926,53.28823,2021/07/16 23:00:00+00,Sat 17 Jul 2021,11532,19464,4683,2845800,2349370,166649,3012449,2516019,59.064975317775,49.3314908016875,17
-7.6926,53.28823,2022/02/08 00:00:00+00,Tue 08 Feb 2022,900,1239,0,3820089,3712434,241221,4061310,3953655,79.6299538706987,77.5191662962585,18
-7.6926,53.28823,2021/11/01 00:00:00+00,Mon 01 Nov 2021,300,314,2,3628263,3563240,241030,3869293,3804270,75.865083705065,74.59018016642,19
-7.6926,53.28823,2021/07/17 23:00:00+00,Sun 18 Jul 2021,16881,15849,1934,2862681,2365219,168583,3031264,2533802,59.4338803218444,49.6801614202029,20
-7.6926,53.28823,2022/02/09 00:00:00+00,Wed 09 Feb 2022,1334,1785,0,3821423,3714219,241221,4062644,3955440,79.6561095590021,77.5541647247604,21
-7.6926,53.28823,2021/11/02 00:00:00+00,Tue 02 Nov 2021,1104,1104,10,3629367,3564344,241040,3870407,3805384,75.8869258615643,74.6120223229192,22
-7.6926,53.28823,2021/07/18 23:00:00+00,Mon 19 Jul 2021,24933,18482,6254,2887614,2383701,174837,3062451,2558538,60.0453626690096,50.1651592506925,23
-7.6926,53.28823,2022/02/10 00:00:00+00,Thu 10 Feb 2022,688,2555,1,3822111,3716774,241222,4063333,3957996,79.6696187563343,77.6042801215396,24
-7.6926,53.28823,2021/11/03 00:00:00+00,Wed 03 Nov 2021,2539,1895,7,3631906,3566239,241047,3872953,3807286,75.936845188716,74.6493147660625,25
-7.6926,53.28823,2021/07/19 23:00:00+00,Tue 20 Jul 2021,30626,18224,7700,2918240,2401925,182537,3100777,2584462,60.7968191232198,50.6734501529245,26
-7.6926,53.28823,2022/02/11 00:00:00+00,Fri 11 Feb 2022,546,4927,0,3822657,3721701,241222,4063879,3962923,79.6803241579937,77.7008836269901,27
-7.6926,53.28823,2021/11/04 00:00:00+00,Thu 04 Nov 2021,1538,1301,2,3633444,3567540,241049,3874493,3808589,75.9670399113452,74.6748626385208,28
-7.6926,53.28823,2021/07/20 23:00:00+00,Wed 21 Jul 2021,30392,19878,6895,2948632,2421803,189432,3138064,2611235,61.5279039431367,51.1983873665281,29
-7.6926,53.28823,2022/02/12 00:00:00+00,Sat 12 Feb 2022,1398,5465,0,3824055,3727166,241222,4065277,3968388,79.7077346919129,77.808035678398,30
-7.6926,53.28823,2021/11/05 00:00:00+00,Fri 05 Nov 2021,1629,1116,5,3635073,3568656,241054,3876127,3809710,75.9990776884724,74.6968420437592,31
-7.6926,53.28823,2021/07/21 23:00:00+00,Thu 22 Jul 2021,33577,15960,6939,2982209,2437763,196371,3178580,2634134,62.322299645761,51.6473672064529,32
-7.6926,53.28823,2022/02/13 00:00:00+00,Sun 13 Feb 2022,1566,4707,0,3825621,3731873,241222,4066843,3973095,79.7384391955734,77.9003256520443,33
-7.6926,53.28823,2021/11/06 00:00:00+00,Sat 06 Nov 2021,1827,1369,7,3636900,3570025,241061,3877961,3811086,76.0350368581489,74.723821224498,34
-7.6926,53.28823,2021/07/22 23:00:00+00,Fri 23 Jul 2021,27120,20885,5616,3009329,2458648,201987,3211316,2660635,62.96415317822,52.1669713261895,35
-7.6926,53.28823,2022/02/14 00:00:00+00,Mon 14 Feb 2022,175,954,0,3825796,3732827,241222,4067018,3974049,79.741870414054,77.9190306945041,36
-7.6926,53.28823,2021/11/07 00:00:00+00,Sun 07 Nov 2021,702,776,0,3637602,3570801,241061,3878663,3811862,76.0488009459967,74.739036227589,37
-7.6926,53.28823,2021/07/23 23:00:00+00,Sat 24 Jul 2021,15468,14836,2277,3024797,2473484,204264,3229061,2677748,63.312078732151,52.5025052796649,38
-7.6926,53.28823,2022/02/15 00:00:00+00,Tue 15 Feb 2022,649,820,1,3826445,3733647,241223,4067668,3974870,79.754614939839,77.9351280109187,39
-7.6926,53.28823,2021/11/08 00:00:00+00,Mon 08 Nov 2021,522,546,4,3638124,3571347,241065,3879189,3812412,76.0591142084012,74.7498200570994,40
-7.6926,53.28823,2021/07/24 23:00:00+00,Sun 25 Jul 2021,14750,13671,1046,3039547,2487155,205310,3244857,2692465,63.6217903156897,52.7910609504005,41
-7.6926,53.28823,2022/02/16 00:00:00+00,Wed 16 Feb 2022,799,1787,0,3827244,3735434,241223,4068467,3976657,79.7702809030732,77.9701656533462,42
-7.6926,53.28823,2021/11/09 00:00:00+00,Tue 09 Nov 2021,1375,1080,4,3639499,3572427,241069,3880568,3813496,76.0861522100282,74.7710740047163,43
-7.6926,53.28823,2021/07/25 23:00:00+00,Mon 26 Jul 2021,23882,18353,3424,3063429,2505508,208734,3272163,2714242,64.157178040437,53.2180417781241,44
-7.6926,53.28823,2022/02/17 00:00:00+00,Thu 17 Feb 2022,793,1197,2,3828037,3736631,241225,4069262,3977856,79.7858684384564,77.9936744016788,45
-7.6926,53.28823,2021/11/10 00:00:00+00,Wed 10 Nov 2021,1605,1376,2,3641104,3573803,241071,3882175,3814874,76.1176605991613,74.7980923993805,46
-7.6926,53.28823,2021/07/26 23:00:00+00,Tue 27 Jul 2021,25547,23947,3672,3088976,2529455,212406,3301382,2741861,64.7300738849177,53.7595664822109,47
-7.6926,53.28823,2021/11/11 00:00:00+00,Thu 11 Nov 2021,1398,1136,2,3642502,3574939,241073,3883575,3816012,76.145110347006,74.8204051229857,48
-7.6926,53.28823,2022/02/18 00:00:00+00,Fri 18 Feb 2022,793,3297,0,3828830,3739928,241225,4070055,3981153,79.8014167599141,78.058318557853,49
-7.6926,53.28823,2021/07/27 23:00:00+00,Wed 28 Jul 2021,23466,25335,3265,3112442,2554790,215671,3328113,2770461,65.2541876060859,54.3203256167517,50
-7.6926,53.28823,2021/11/12 00:00:00+00,Fri 12 Nov 2021,1145,1165,6,3643647,3576104,241079,3884726,3817183,76.1676779611268,74.8433648763614,51
-7.6926,53.28823,2021/11/13 00:00:00+00,Sat 13 Nov 2021,1397,1388,0,3645044,3577492,241079,3886123,3818571,76.1950688880833,74.8705793406531,52
-7.6926,53.28823,2021/11/14 00:00:00+00,Sun 14 Nov 2021,1647,1808,1,3646691,3579300,241080,3887771,3820380,76.227381162689,74.906048336261,53
-7.6926,53.28823,2021/11/15 00:00:00+00,Mon 15 Nov 2021,1248,604,1,3647939,3579904,241081,3889020,3820985,76.2518702591589,74.9179105487224,54
-7.6926,53.28823,2021/11/16 00:00:00+00,Tue 16 Nov 2021,1322,1090,5,3649261,3580994,241086,3890347,3822080,76.2778886987231,74.9393801729295,55
-7.6926,53.28823,2021/11/17 00:00:00+00,Wed 17 Nov 2021,1504,1132,3,3650765,3582126,241089,3891854,3823215,76.3074363915816,74.9616340756464,56
-7.6926,53.28823,2021/11/18 00:00:00+00,Thu 18 Nov 2021,1642,2528,5,3652407,3584654,241094,3893501,3825748,76.3397290592246,75.0112985122825,57
-7.6926,53.28823,2021/11/19 00:00:00+00,Fri 19 Nov 2021,1167,1570,1,3653574,3586224,241095,3894669,3827319,76.3626299917121,75.0421010507567,58
-7.6926,53.28823,2021/11/20 00:00:00+00,Sat 20 Nov 2021,1550,2954,12,3655124,3589178,241107,3896231,3830285,76.3932560675217,75.1002553022619,59
-7.6926,53.28823,2021/11/21 00:00:00+00,Sun 21 Nov 2021,1793,2775,0,3656917,3591953,241107,3898024,3833060,76.4284113517256,75.1546646238826,60
-7.6926,53.28823,2021/11/22 00:00:00+00,Mon 22 Nov 2021,726,524,3,3657643,3592477,241110,3898753,3833587,76.4427048275675,75.1649974932498,61
-7.6926,53.28823,2021/11/23 00:00:00+00,Tue 23 Nov 2021,2161,1608,8,3659804,3594085,241118,3900922,3835203,76.485232329764,75.1966823450476,62
-7.6926,53.28823,2021/11/24 00:00:00+00,Wed 24 Nov 2021,1615,3157,2,3661419,3597242,241120,3902539,3838362,76.5169367885246,75.2586207403628,63
-7.6926,53.28823,2021/11/25 00:00:00+00,Thu 25 Nov 2021,984,1193,2,3662403,3598435,241122,3903525,3839557,76.5362692537923,75.2820510608445,64
-7.6926,53.28823,2021/11/26 00:00:00+00,Fri 26 Nov 2021,1281,1119,12,3663684,3599554,241134,3904818,3840688,76.5616210566231,75.3042265357105,65
-7.6926,53.28823,2021/11/27 00:00:00+00,Sat 27 Nov 2021,1203,1571,6,3664887,3601125,241140,3906027,3842265,76.5853258745833,75.3351467159612,66
-7.6926,53.28823,2021/11/28 00:00:00+00,Sun 28 Nov 2021,1961,2268,1,3666848,3603393,241141,3907989,3844534,76.6237947354913,75.3796349144323,67
-7.6926,53.28823,2021/11/29 00:00:00+00,Mon 29 Nov 2021,536,1007,2,3667384,3604400,241143,3908527,3845543,76.6343432814487,75.3994183398432,68
-7.6926,53.28823,2021/11/30 00:00:00+00,Tue 30 Nov 2021,1899,1663,6,3669283,3606063,241149,3910432,3847212,76.6716945454802,75.4321423606666,69
-7.6926,53.28823,2021/12/01 00:00:00+00,Wed 01 Dec 2021,1077,1400,5,3670360,3607463,241154,3911514,3848617,76.6929092791716,75.4596901433249,70
-7.6926,53.28823,2021/12/02 00:00:00+00,Thu 02 Dec 2021,1737,1424,0,3672097,3608887,241154,3913251,3850041,76.7269665734617,75.4876104582755,71
-7.6926,53.28823,2021/12/03 00:00:00+00,Fri 03 Dec 2021,1016,1211,3,3673113,3610098,241157,3914270,3851255,76.7469460685001,75.5114133110494,72
-7.6926,53.28823,2021/12/04 00:00:00+00,Sat 04 Dec 2021,1206,1711,3,3674319,3611809,241160,3915479,3852969,76.7706508864602,75.5450196451963,73
-7.6926,53.28823,2021/12/05 00:00:00+00,Sun 05 Dec 2021,1352,1779,2,3675671,3613588,241162,3916833,3854750,76.7971987140185,75.5799396458473,74
-7.6926,53.28823,2021/12/06 00:00:00+00,Mon 06 Dec 2021,944,1308,0,3676615,3614896,241162,3917777,3856058,76.8157076868509,75.6055855531193,75
-7.6926,53.28823,2021/12/07 00:00:00+00,Tue 07 Dec 2021,489,756,2,3677104,3615652,241164,3918268,3856816,76.8253347055593,75.6204476308809,76
-7.6926,53.28823,2021/12/08 00:00:00+00,Wed 08 Dec 2021,800,1530,2,3677904,3617182,241166,3919070,3858348,76.8410594896817,75.650485497808,77
-7.6926,53.28823,2021/12/09 00:00:00+00,Thu 09 Dec 2021,788,1220,1,3678692,3618402,241167,3919859,3859569,76.8565293832885,75.6744255993211,78
-7.6926,53.28823,2021/12/10 00:00:00+00,Fri 10 Dec 2021,895,1625,1,3679587,3620027,241168,3920755,3861195,76.8740972219091,75.7063065207464,79
-7.6926,53.28823,2021/12/11 00:00:00+00,Sat 11 Dec 2021,645,853,2,3680232,3620880,241170,3921402,3862050,76.8867829268058,75.7230704738944,80
-7.6926,53.28823,2021/12/12 00:00:00+00,Sun 12 Dec 2021,687,1194,0,3680919,3622074,241170,3922089,3863244,76.9002529102125,75.7464811874134,81
-7.6926,53.28823,2021/12/13 00:00:00+00,Mon 13 Dec 2021,726,1074,1,3681645,3623148,241171,3922816,3864319,76.9145071721289,75.7675586723655,82
-7.6926,53.28823,2021/12/14 00:00:00+00,Tue 14 Dec 2021,631,1210,3,3682276,3624358,241174,3923450,3865532,76.92693798651,75.7913419181766,83
-7.6926,53.28823,2021/12/15 00:00:00+00,Wed 15 Dec 2021,790,1262,1,3683066,3625620,241175,3924241,3866795,76.9424470940422,75.816105512125,84
-7.6926,53.28823,2021/12/16 00:00:00+00,Thu 16 Dec 2021,1051,1556,8,3684117,3627176,241183,3925300,3868359,76.9632108675905,75.8467708018601,85
-7.6926,53.28823,2021/12/17 00:00:00+00,Fri 17 Dec 2021,1200,2463,2,3685317,3629639,241185,3926502,3870824,76.9867784368114,75.8951019650294,86
-7.6926,53.28823,2021/12/18 00:00:00+00,Sat 18 Dec 2021,1252,1189,0,3686569,3630828,241185,3927754,3872013,77.0113263541696,75.9184146437346,87
-7.6926,53.28823,2021/12/19 00:00:00+00,Sun 19 Dec 2021,553,894,3,3687122,3631722,241188,3928310,3872910,77.0222278254565,75.936002089318,88
-7.6926,53.28823,2021/12/20 00:00:00+00,Mon 20 Dec 2021,515,624,1,3687637,3632346,241189,3928826,3873535,77.0323450182335,75.9482564410343,89
-7.6926,53.28823,2021/12/21 00:00:00+00,Tue 21 Dec 2021,1400,1829,3,3689037,3634175,241192,3930229,3875367,77.0598535869664,75.9841763967853,90
-7.6926,53.28823,2021/12/22 00:00:00+00,Wed 22 Dec 2021,1161,1609,2,3690198,3635784,241194,3931392,3876978,77.0826564846402,76.0157632137694,91
-7.6926,53.28823,2021/12/23 00:00:00+00,Thu 23 Dec 2021,931,1406,0,3691129,3637190,241194,3932323,3878384,77.1009105669569,76.0433306033906,92
-7.6926,53.28823,2021/12/24 00:00:00+00,Fri 24 Dec 2021,101,166,0,3691230,3637356,241194,3932424,3878550,77.1028908701943,76.0465853592064,93
-7.6926,53.28823,2021/12/25 00:00:00+00,Sat 25 Dec 2021,2,7,0,3691232,3637363,241194,3932426,3878557,77.1029300841197,76.0467226079456,94
-7.6926,53.28823,2021/12/26 00:00:00+00,Sun 26 Dec 2021,12,15,0,3691244,3637378,241194,3932438,3878572,77.1031653676727,76.0470167123868,95
-7.6926,53.28823,2021/12/27 00:00:00+00,Mon 27 Dec 2021,393,593,0,3691637,3637971,241194,3932831,3879165,77.110870904032,76.0586436412953,96
-7.6926,53.28823,2021/12/28 00:00:00+00,Tue 28 Dec 2021,469,752,0,3692106,3638723,241194,3933300,3879917,77.1200665695599,76.0733880772804,97
-7.6926,53.28823,2021/12/29 00:00:00+00,Wed 29 Dec 2021,1060,1319,0,3693166,3640042,241194,3934360,3881236,77.1408499500709,76.0992496611427,98
-7.6926,53.28823,2021/12/30 00:00:00+00,Thu 30 Dec 2021,1049,1206,2,3694215,3641248,241196,3935411,3882444,77.1614568679171,76.1229348721401,99
-7.6926,53.28823,2021/12/31 00:00:00+00,Fri 31 Dec 2021,716,1682,0,3694931,3642930,241196,3936127,3884126,77.1754954532434,76.1559137834791,100
-7.6926,53.28823,2022/01/01 00:00:00+00,Sat 01 Jan 2022,73,104,1,3695004,3643034,241197,3936201,3884231,77.1769463684866,76.1579725145675,101
-7.6926,53.28823,2022/01/02 00:00:00+00,Sun 02 Jan 2022,271,629,0,3695275,3643663,241197,3936472,3884860,77.1822598553908,76.1703052941348,102
-7.6926,53.28823,2022/01/03 00:00:00+00,Mon 03 Jan 2022,3636,732,1,3698911,3644395,241198,3940109,3885593,77.2535703788987,76.1846771978278,103
-7.6926,53.28823,2022/01/04 00:00:00+00,Tue 04 Jan 2022,1190,795,1,3700101,3645190,241199,3941300,3886389,77.2769222715294,76.2002843401737,104
-7.6926,53.28823,2022/01/05 00:00:00+00,Wed 05 Jan 2022,2141,920,0,3702242,3646110,241199,3943441,3887309,77.3189007787689,76.2183227459002,105
-7.6926,53.28823,2022/01/06 00:00:00+00,Thu 06 Jan 2022,2455,1701,2,3704697,3647811,241201,3945898,3889012,77.3670750862363,76.251713403457,106
-7.6926,53.28823,2022/01/07 00:00:00+00,Fri 07 Jan 2022,4857,788,2,3709554,3648599,241203,3950757,3889802,77.46234531822,76.2672029040265,107
-7.6926,53.28823,2022/01/08 00:00:00+00,Sat 08 Jan 2022,9789,748,2,3719343,3649347,241205,3960548,3890552,77.6543170904679,76.2819081260861,108
-7.6926,53.28823,2022/01/09 00:00:00+00,Sun 09 Jan 2022,7117,667,0,3726460,3650014,241205,3967665,3891219,77.7938598443325,76.2949859702378,109
-7.6926,53.28823,2022/01/10 00:00:00+00,Mon 10 Jan 2022,6668,515,2,3733128,3650529,241207,3974335,3891736,77.9246382858495,76.3051227699776,110
-7.6926,53.28823,2022/01/11 00:00:00+00,Tue 11 Jan 2022,4780,1375,1,3737908,3651904,241208,3979116,3893112,78.018379174739,76.3321019507163,111
-7.6926,53.28823,2022/01/12 00:00:00+00,Wed 12 Jan 2022,7560,932,1,3745468,3652836,241209,3986677,3894045,78.1666274200629,76.3503952469585,112
-7.6926,53.28823,2022/01/13 00:00:00+00,Thu 13 Jan 2022,7323,820,0,3752791,3653656,241209,3994000,3894865,78.3102092082532,76.3664729564104,113
-7.6926,53.28823,2022/01/14 00:00:00+00,Fri 14 Jan 2022,10724,843,0,3763515,3654499,241209,4004724,3895708,78.5204742767433,76.3830016260054,114
-7.6926,53.28823,2022/01/15 00:00:00+00,Sat 15 Jan 2022,8361,657,2,3771876,3655156,241211,4013087,3896367,78.6844473061896,76.3959226144552,115
-7.6926,53.28823,2022/01/16 00:00:00+00,Sun 16 Jan 2022,6965,1216,1,3778841,3656372,241212,4020053,3897584,78.8210294086795,76.4197842881173,116
-7.6926,53.28823,2022/01/17 00:00:00+00,Mon 17 Jan 2022,2564,565,0,3781405,3656937,241212,4022617,3898149,78.8713016611607,76.4308622220689,117
-7.6926,53.28823,2022/01/18 00:00:00+00,Tue 18 Jan 2022,4057,458,3,3785462,3657395,241215,4026677,3898610,78.9509059299102,76.4399010318948,118
-7.6926,53.28823,2022/01/19 00:00:00+00,Wed 19 Jan 2022,3487,628,0,3788949,3658023,241215,4030164,3899238,79.0192754090061,76.4522142044994,119
-7.6926,53.28823,2022/01/20 00:00:00+00,Thu 20 Jan 2022,3700,941,2,3792649,3658964,241217,4033866,3900181,79.0918603850925,76.4707035703691,120
-7.6926,53.28823,2022/01/21 00:00:00+00,Fri 21 Jan 2022,3254,978,0,3795903,3659942,241217,4037120,3901159,79.1556614418686,76.4898791799349,121
-7.6926,53.28823,2022/01/22 00:00:00+00,Sat 22 Jan 2022,4273,646,0,3800176,3660588,241217,4041393,3901805,79.239441993683,76.5025452778689,122
-7.6926,53.28823,2022/01/23 00:00:00+00,Sun 23 Jan 2022,3094,681,0,3803270,3661269,241217,4044487,3902486,79.3001059364197,76.5158976194991,123
-7.6926,53.28823,2022/01/24 00:00:00+00,Mon 24 Jan 2022,646,470,0,3803916,3661739,241217,4045133,3902956,79.3127720343538,76.5251128919897,124
-7.6926,53.28823,2022/01/25 00:00:00+00,Tue 25 Jan 2022,692,1839,1,3804608,3663578,241218,4045826,3904796,79.3263596595369,76.5611897034427,125
-7.6926,53.28823,2022/01/26 00:00:00+00,Wed 26 Jan 2022,700,900,0,3805308,3664478,241218,4046526,3905696,79.3400845334592,76.5788359699143,126
-7.6926,53.28823,2022/01/27 00:00:00+00,Thu 27 Jan 2022,1281,1180,0,3806589,3665658,241218,4047807,3906876,79.365201052737,76.6019721859548,127
-7.6926,53.28823,2022/01/28 00:00:00+00,Fri 28 Jan 2022,1033,3098,1,3807622,3668756,241219,4048841,3909975,79.3854746522166,76.6627341635052,128
-7.6926,53.28823,2022/01/29 00:00:00+00,Sat 29 Jan 2022,2330,3449,0,3809952,3672205,241219,4051171,3913424,79.4311588754152,76.7303585780168,129
-7.6926,53.28823,2022/01/30 00:00:00+00,Sun 30 Jan 2022,1639,7540,0,3811591,3679745,241219,4052810,3920964,79.4632946873562,76.878195077123,130
-7.6926,53.28823,2022/01/31 00:00:00+00,Mon 31 Jan 2022,484,1399,0,3812075,3681144,241219,4053294,3922363,79.4727844573253,76.9056252180049,131
-7.6926,53.28823,2022/02/19 00:00:00+00,Sat 19 Feb 2022,980,3557,0,3829810,3743485,241225,4071035,3984710,79.8206315834054,78.1280605243412,132
-7.6926,53.28823,2022/02/20 00:00:00+00,Sun 20 Feb 2022,1366,3588,0,3831176,3747073,241225,4072401,3988298,79.8474146945167,78.1984103066745,133
-7.6926,53.28823,2022/02/21 00:00:00+00,Mon 21 Feb 2022,254,997,1,3831430,3748070,241226,4072656,3989296,79.8524144700169,78.2179780554952,134
-7.6926,53.28823,2022/02/22 00:00:00+00,Tue 22 Feb 2022,477,989,1,3831907,3749059,241227,4073134,3990286,79.8617865982096,78.2373889486139,135
-7.6926,53.28823,2022/02/23 00:00:00+00,Wed 23 Feb 2022,829,1275,1,3832736,3750334,241228,4073964,3991562,79.8780603772889,78.262407433078,136
-7.6926,53.28823,2022/02/24 00:00:00+00,Thu 24 Feb 2022,652,1237,0,3833388,3751571,241228,4074616,3992799,79.8908441169994,78.286661245995,137
-7.6926,53.28823,2022/02/25 00:00:00+00,Fri 25 Feb 2022,693,1229,0,3834081,3752800,241228,4075309,3994028,79.9044317421826,78.3107582032101,138
-7.6926,53.28823,2022/02/26 00:00:00+00,Sat 26 Feb 2022,959,2093,0,3835040,3754893,241228,4076268,3996121,79.9232348194561,78.3517955762378,139
-7.6926,53.28823,2021/07/28 23:00:00+00,Thu 29 Jul 2021,19312,27911,2966,3131754,2582701,218637,3350391,2801338,65.6909915221454,54.9257298054656,140
-7.6926,53.28823,2022/02/27 00:00:00+00,Sun 27 Feb 2022,671,1783,0,3835711,3756676,241228,4076939,3997904,79.9363910914588,78.3867547908143,141
-7.6926,53.28823,2022/02/28 00:00:00+00,Mon 28 Feb 2022,80,437,0,3835791,3757113,241228,4077019,3998341,79.9379596484785,78.3953230335344,142
-7.6926,53.28823,2021/07/29 23:00:00+00,Fri 30 Jul 2021,21992,22989,2126,3153746,2605690,220763,3374509,2826453,66.1638722496578,55.418158674836,143
-7.6926,53.28823,2022/03/01 00:00:00+00,Tue 01 Mar 2022,130,939,1,3835921,3758052,241229,4077150,3999281,79.9405281605983,78.4137535785158,144
-7.6926,53.28823,2021/07/30 23:00:00+00,Sat 31 Jul 2021,13778,12519,907,3167524,2618209,221670,3389194,2839879,66.4518004975855,55.6814017566662,145
-7.6926,53.28823,2022/03/02 00:00:00+00,Wed 02 Mar 2022,208,998,2,3836129,3759050,241231,4077360,4000281,79.944645622775,78.433360541262,146
-7.6926,53.28823,2022/03/03 00:00:00+00,Thu 03 Mar 2022,280,1278,0,3836409,3760328,241231,4077640,4001559,79.9501355723439,78.4584182396516,147
-7.6926,53.28823,2022/03/04 00:00:00+00,Fri 04 Mar 2022,735,1509,1,3837144,3761837,241232,4078376,4003069,79.9645662969251,78.4880247533983,148
-7.6926,53.28823,2022/03/05 00:00:00+00,Sat 05 Mar 2022,963,3343,0,3838107,3765180,241232,4079339,4006412,79.9834478020497,78.5535708298588,149
-7.6926,53.28823,2022/03/06 00:00:00+00,Sun 06 Mar 2022,455,1917,0,3838562,3767097,241232,4079794,4008329,79.9923689700992,78.5911573774432,150
-7.6926,53.28823,2022/03/07 00:00:00+00,Mon 07 Mar 2022,116,125,1,3838678,3767222,241233,4079911,4008455,79.9946629847405,78.5936278547493,151
-7.6926,53.28823,2022/03/08 00:00:00+00,Tue 08 Mar 2022,119,495,0,3838797,3767717,241233,4080030,4008950,79.9969962133073,78.6033333013086,152
-7.6926,53.28823,2022/03/09 00:00:00+00,Wed 09 Mar 2022,129,344,1,3838926,3768061,241234,4080160,4009295,79.9995451184643,78.6100977034561,153
-7.6926,53.28823,2022/03/10 00:00:00+00,Thu 10 Mar 2022,257,509,0,3839183,3768570,241234,4080417,4009804,80.0045841078901,78.6200776474939,154
-7.6926,53.28823,2022/03/11 00:00:00+00,Fri 11 Mar 2022,493,2184,0,3839676,3770754,241234,4080910,4011988,80.0142503405239,78.6628992541315,155
-7.6926,53.28823,2022/03/12 00:00:00+00,Sat 12 Mar 2022,473,2393,2,3840149,3773147,241236,4081385,4014383,80.0235636478284,78.7098579299086,156
-7.6926,53.28823,2022/03/13 00:00:00+00,Sun 13 Mar 2022,358,1082,0,3840507,3774229,241236,4081743,4015465,80.0305829404915,78.7310726636,157
-7.6926,53.28823,2022/03/14 00:00:00+00,Mon 14 Mar 2022,105,125,0,3840612,3774354,241236,4081848,4015590,80.0326416715798,78.7335235339433,158
-7.6926,53.28823,2022/03/15 00:00:00+00,Tue 15 Mar 2022,220,756,1,3840832,3775110,241237,4082069,4016347,80.0369748103467,78.7483660047421,159
-7.6926,53.28823,2022/03/16 00:00:00+00,Wed 16 Mar 2022,194,799,0,3841026,3775909,241237,4082263,4017146,80.0407785611195,78.7640319679764,160
-7.6926,53.28823,2022/03/17 00:00:00+00,Thu 17 Mar 2022,1,3,0,3841027,3775912,241237,4082264,4017149,80.0407981680823,78.7640907888646,161
-7.6926,53.28823,2022/03/18 00:00:00+00,Fri 18 Mar 2022,4,7,0,3841031,3775919,241237,4082268,4017156,80.0408765959332,78.7642280376038,162
-7.6926,53.28823,2022/03/19 00:00:00+00,Sat 19 Mar 2022,741,2781,0,3841772,3778700,241237,4083009,4019937,80.0554053553282,78.8187550010009,163
-7.6926,53.28823,2022/03/20 00:00:00+00,Sun 20 Mar 2022,395,1402,0,3842167,3780102,241237,4083404,4021339,80.0631501056129,78.8462439627711,164
-7.6926,53.28823,2022/03/21 00:00:00+00,Mon 21 Mar 2022,56,112,0,3842223,3780214,241237,4083460,4021451,80.0642480955267,78.8484399425987,165
-7.6926,53.28823,2022/03/22 00:00:00+00,Tue 22 Mar 2022,141,576,0,3842364,3780790,241237,4083601,4022027,80.0670126772739,78.8597335531405,166
-7.6926,53.28823,2022/03/23 00:00:00+00,Wed 23 Mar 2022,99,221,0,3842463,3781011,241237,4083700,4022248,80.0689537665858,78.8640666919074,167
-7.6926,53.28823,2022/03/24 00:00:00+00,Thu 24 Mar 2022,141,245,0,3842604,3781256,241237,4083841,4022493,80.071718348333,78.8688703977802,168
-7.6926,53.28823,2022/03/25 00:00:00+00,Fri 25 Mar 2022,433,1625,0,3843037,3782881,241237,4084274,4024118,80.0802081632021,78.9007317122427,169
-7.6926,53.28823,2022/03/26 00:00:00+00,Sat 26 Mar 2022,874,1848,1,3843911,3784729,241238,4085149,4025967,80.097364255605,78.9369849863604,170
-7.6926,53.28823,2022/03/27 00:00:00+00,Sun 27 Mar 2022,380,804,0,3844291,3785533,241238,4085529,4026771,80.1048149014485,78.9527489844083,171
-7.6926,53.28823,2022/03/27 23:00:00+00,Mon 28 Mar 2022,43,54,1,3844334,3785587,241239,4085573,4026826,80.1056776078094,78.9538273673594,172
-7.6926,53.28823,2022/03/28 23:00:00+00,Tue 29 Mar 2022,137,194,3,3844471,3785781,241242,4085713,4027023,80.1084225825938,78.9576899390204,173
-7.6926,53.28823,2022/03/29 23:00:00+00,Wed 30 Mar 2022,109,138,0,3844580,3785919,241242,4085822,4027161,80.1105597415332,78.9603956998794,174
-7.6926,53.28823,2022/03/30 23:00:00+00,Thu 31 Mar 2022,227,361,0,3844807,3786280,241242,4086049,4027522,80.1150105220766,78.9674738134307,175
-7.6926,53.28823,2022/03/31 23:00:00+00,Fri 01 Apr 2022,307,908,0,3845114,3787188,241242,4086356,4028430,80.1210298596396,78.9852769356043,176
-7.6926,53.28823,2022/04/01 23:00:00+00,Sat 02 Apr 2022,726,1538,1,3845840,3788726,241243,4087083,4029969,80.1352841215561,79.0154520512706,177
-7.6926,53.28823,2022/04/02 23:00:00+00,Sun 03 Apr 2022,538,817,0,3846378,3789543,241243,4087621,4030786,80.1458326675136,79.0314709398343,178
-7.6926,53.28823,2022/04/03 23:00:00+00,Mon 04 Apr 2022,47,53,0,3846425,3789596,241243,4087668,4030839,80.1467541947626,79.0325101088598,179
-7.6926,53.28823,2022/04/04 23:00:00+00,Tue 05 Apr 2022,130,170,0,3846555,3789766,241243,4087798,4031009,80.1493030999196,79.0358432925267,180
-7.6926,53.28823,2022/04/05 23:00:00+00,Wed 06 Apr 2022,157,211,0,3846712,3789977,241243,4087955,4031220,80.1523813930708,79.0399803616661,181
-7.6926,53.28823,2022/04/06 23:00:00+00,Thu 07 Apr 2022,116,181,0,3846828,3790158,241243,4088071,4031401,80.1546558007493,79.0435292219232,182
-7.6926,53.28823,2022/04/07 23:00:00+00,Fri 08 Apr 2022,252,422,2,3847080,3790580,241245,4088325,4031825,80.1596359692869,79.0518425741275,183
-7.6926,53.28823,2022/04/08 23:00:00+00,Sat 09 Apr 2022,559,1019,0,3847639,3791599,241245,4088884,4032844,80.170596261462,79.0718220691659,184
-7.6926,53.28823,2022/04/09 23:00:00+00,Sun 10 Apr 2022,413,720,0,3848052,3792319,241245,4089297,4033564,80.1786939370762,79.0859390823432,185
-7.6926,53.28823,2022/04/10 23:00:00+00,Mon 11 Apr 2022,69,93,1,3848121,3792412,241246,4089367,4033658,80.1800664244684,79.0877821368413,186
-7.6926,53.28823,2022/04/11 23:00:00+00,Tue 12 Apr 2022,193,180,1,3848314,3792592,241247,4089561,4033839,80.1838701752412,79.0913309970984,187
-7.6926,53.28823,2022/04/12 23:00:00+00,Wed 13 Apr 2022,140,235,0,3848454,3792827,241247,4089701,4034074,80.1866151500256,79.0959386333437,188
-7.6926,53.28823,2022/04/13 23:00:00+00,Thu 14 Apr 2022,358,431,0,3848812,3793258,241247,4090059,4034505,80.1936344426888,79.1043892342873,189
-7.6926,53.28823,2022/04/14 23:00:00+00,Fri 15 Apr 2022,446,990,0,3849258,3794248,241247,4090505,4035495,80.2023791480735,79.123800127406,190
-7.6926,53.28823,2022/04/15 23:00:00+00,Sat 16 Apr 2022,44,88,0,3849302,3794336,241247,4090549,4035583,80.2032418544344,79.1255255401277,191
-7.6926,53.28823,2022/04/16 23:00:00+00,Sun 17 Apr 2022,1,1,0,3849303,3794337,241247,4090550,4035584,80.2032614613971,79.1255451470905,192
-7.6926,53.28823,2021/07/31 23:00:00+00,Sun 01 Aug 2021,11182,9381,370,3178706,2627590,222040,3400746,2849630,66.6783001312294,55.8725892504042,193
-7.6926,53.28823,2021/08/01 23:00:00+00,Mon 02 Aug 2021,15055,16084,431,3193761,2643674,222471,3416232,2866145,66.9819335563168,56.1963982401574,194
-7.6926,53.28823,2021/08/02 23:00:00+00,Tue 03 Aug 2021,17372,25475,1111,3211133,2669149,223582,3434715,2892731,67.3443290487545,56.7176689517275,195
-7.6926,53.28823,2021/08/03 23:00:00+00,Wed 04 Aug 2021,22152,17354,1577,3233285,2686503,225159,3458444,2911662,67.8095826677586,57.0888483634754,196
-7.6926,53.28823,2021/08/04 23:00:00+00,Thu 05 Aug 2021,13568,30090,1422,3246853,2716593,226581,3473434,2943174,68.1034910393239,57.7067029735332,197
-7.6926,53.28823,2022/04/17 23:00:00+00,Mon 18 Apr 2022,36,63,1,3849339,3794400,241248,4090587,4035648,80.2039869190187,79.1267999927062,198
-7.6926,53.28823,2021/08/05 23:00:00+00,Fri 06 Aug 2021,12248,24785,949,3259101,2741378,227530,3486631,2968908,68.3622441266853,58.2112685528434,199
-7.6926,53.28823,2022/04/18 23:00:00+00,Tue 19 Apr 2022,218,272,1,3849557,3794672,241249,4090806,4035921,80.2082808438602,79.1321526935359,200
-7.6926,53.28823,2021/08/06 23:00:00+00,Sat 07 Aug 2021,6359,8499,586,3265460,2749877,228116,3493576,2977993,68.4984144829575,58.3893978093925,201
-7.6926,53.28823,2022/04/19 23:00:00+00,Wed 20 Apr 2022,254,607,0,3849811,3795279,241249,4091060,4036528,80.2132610123977,79.1440541199228,202
-7.6926,53.28823,2021/08/07 23:00:00+00,Sun 08 Aug 2021,8638,12016,154,3274098,2761893,228270,3502368,2990163,68.670798899422,58.6280145460135,203
-7.6926,53.28823,2022/04/20 23:00:00+00,Thu 21 Apr 2022,169,239,0,3849980,3795518,241249,4091229,4036767,80.2165745891018,79.1487401840192,204
-7.6926,53.28823,2021/08/08 23:00:00+00,Mon 09 Aug 2021,5580,23071,602,3279678,2784964,228872,3508550,3013836,68.7920091431189,59.0921701751039,205
-7.6926,53.28823,2022/04/21 23:00:00+00,Fri 22 Apr 2022,194,254,0,3850174,3795772,241249,4091423,4037021,80.2203783398745,79.1537203525567,206
-7.6926,53.28823,2021/08/09 23:00:00+00,Tue 10 Aug 2021,9393,26055,718,3289071,2811019,229590,3518661,3040609,68.9902551434455,59.6171073887074,207
-7.6926,53.28823,2022/04/22 23:00:00+00,Sat 23 Apr 2022,323,1010,0,3850497,3796782,241249,4091746,4038031,80.2267113888416,79.1735233849304,208
-7.6926,53.28823,2022/04/23 23:00:00+00,Sun 24 Apr 2022,181,252,0,3850678,3797034,241249,4091927,4038283,80.2302602490986,79.1784643395424,209
-7.6926,53.28823,2021/08/10 23:00:00+00,Wed 11 Aug 2021,7053,31269,669,3296124,2842288,230259,3526383,3072547,69.1416601097715,60.243314564895,210
-7.6926,53.28823,2022/04/24 23:00:00+00,Mon 25 Apr 2022,41,60,1,3850719,3797094,241250,4091969,4038344,80.231083741534,79.1796603642699,211
-7.6926,53.28823,2021/08/11 23:00:00+00,Thu 12 Aug 2021,6804,38329,865,3302928,2880617,231124,3534052,3111741,69.292025907072,61.0117898627689,212
-7.6926,53.28823,2022/04/25 23:00:00+00,Tue 26 Apr 2022,144,238,0,3850863,3797332,241250,4092113,4038582,80.2339071441694,79.1843268214035,213
-7.6926,53.28823,2021/08/12 23:00:00+00,Fri 13 Aug 2021,10960,28259,875,3313888,2908876,231999,3545887,3140875,69.5240743111731,61.5830191154162,214
-7.6926,53.28823,2022/04/26 23:00:00+00,Wed 27 Apr 2022,123,207,0,3850986,3797539,241250,4092236,4038789,80.2363188005872,79.188385462692,215
-7.6926,53.28823,2021/08/13 23:00:00+00,Sat 14 Aug 2021,18161,5871,281,3332049,2914747,232280,3564329,3147027,69.8856659181382,61.7036411502307,216
-7.6926,53.28823,2022/04/27 23:00:00+00,Thu 28 Apr 2022,99,130,0,3851085,3797669,241250,4092335,4038919,80.2382598898991,79.190934367849,217
-7.6926,53.28823,2021/08/14 23:00:00+00,Sun 15 Aug 2021,17011,3746,54,3349060,2918493,232334,3581394,3150827,70.2202587374018,61.7781476086662,218
-7.6926,53.28823,2022/04/28 23:00:00+00,Fri 29 Apr 2022,169,223,0,3851254,3797892,241250,4092504,4039142,80.2415734666032,79.1953067205414,219
-7.6926,53.28823,2021/08/15 23:00:00+00,Mon 16 Aug 2021,10215,23191,386,3359275,2941684,232720,3591995,3174404,70.4281121494741,62.2404209693329,220
-7.6926,53.28823,2022/04/29 23:00:00+00,Sat 30 Apr 2022,281,725,0,3851535,3798617,241250,4092785,4039867,80.2470830231348,79.2095217685324,221
-7.6926,53.28823,2021/08/16 23:00:00+00,Tue 17 Aug 2021,12892,26894,532,3372167,2968578,233252,3605419,3201830,70.6913160173788,62.7781615296097,222
-7.6926,53.28823,2022/04/30 23:00:00+00,Sun 01 May 2022,188,748,0,3851723,3799365,241250,4092973,4040615,80.2507691321311,79.2241877766665,223
-7.6926,53.28823,2021/08/17 23:00:00+00,Wed 18 Aug 2021,15255,25810,660,3387422,2994388,233912,3621334,3228300,71.0033608294843,63.2971578335012,224
-7.6926,53.28823,2022/05/01 23:00:00+00,Mon 02 May 2022,12,26,0,3851735,3799391,241250,4092985,4040641,80.2510044156841,79.2246975576979,225
-7.6926,53.28823,2021/08/18 23:00:00+00,Thu 19 Aug 2021,11394,25755,545,3398816,3020143,234457,3633273,3254600,71.237448357711,63.8128209537258,226
-7.6926,53.28823,2022/05/02 23:00:00+00,Tue 03 May 2022,95,117,0,3851830,3799508,241250,4093080,4040758,80.252867077145,79.2269915723392,227
-7.6926,53.28823,2021/08/19 23:00:00+00,Fri 20 Aug 2021,14874,22301,686,3413690,3042444,235143,3648833,3277587,71.5425326980416,64.2635262063723,228
-7.6926,53.28823,2022/05/03 23:00:00+00,Wed 04 May 2022,113,130,0,3851943,3799638,241250,4093193,4040888,80.2550826639353,79.2295404774962,229
-7.6926,53.28823,2021/08/20 23:00:00+00,Sat 21 Aug 2021,11920,8016,246,3425610,3050460,235389,3660999,3285849,71.7810710068117,64.4255189325813,230
-7.6926,53.28823,2022/05/04 23:00:00+00,Thu 05 May 2022,114,167,2,3852057,3799805,241252,4093309,4041057,80.2573570716138,79.2328540542003,231
-7.6926,53.28823,2021/08/21 23:00:00+00,Sun 22 Aug 2021,8013,12270,162,3433623,3062730,235551,3669174,3298281,71.9413579272617,64.6692726934418,232
-7.6926,53.28823,2022/05/05 23:00:00+00,Fri 06 May 2022,135,257,0,3852192,3800062,241252,4093444,4041314,80.2600040115846,79.2378930436261,233
-7.6926,53.28823,2021/08/22 23:00:00+00,Mon 23 Aug 2021,10896,15430,294,3444519,3078160,235845,3680364,3314005,72.1607598403915,64.9775725756628,234
-7.6926,53.28823,2022/05/06 23:00:00+00,Sat 07 May 2022,441,1088,0,3852633,3801150,241252,4093885,4042402,80.2686506821556,79.2592254190939,235
-7.6926,53.28823,2022/11/29 00:00:00+00,Tue 29 Nov 2022,17,17,0,3865355,3820085,241283,4106638,4061368,80.5186982780577,79.631091074538,236
-7.6926,53.28823,2021/08/23 23:00:00+00,Tue 24 Aug 2021,9731,22948,384,3454250,3101108,236229,3690479,3337337,72.3590842685691,65.4350422304567,237
-7.6926,53.28823,2022/05/07 23:00:00+00,Sun 08 May 2022,274,437,0,3852907,3801587,241252,4094159,4042839,80.2740229899481,79.267793661814,238
-7.6926,53.28823,2021/08/24 23:00:00+00,Wed 25 Aug 2021,9426,19568,319,3463676,3120676,236548,3700224,3357224,72.5501541205307,65.8249658985901,239
-7.6926,53.28823,2022/05/08 23:00:00+00,Mon 09 May 2022,23,32,0,3852930,3801619,241252,4094182,4042871,80.2744739500913,79.2684210846219,240
-7.6926,53.28823,2021/08/25 23:00:00+00,Thu 26 Aug 2021,8611,19474,370,3472287,3140150,236918,3709205,3377068,72.7262442529541,66.2140464673253,241
-7.6926,53.28823,2022/05/11 23:00:00+00,Thu 12 May 2022,207,398,0,3853330,3802249,241253,4094583,4043502,80.2823363421525,79.2807930781147,242
-7.6926,53.28823,2022/11/30 00:00:00+00,Wed 30 Nov 2022,26,14,0,3865381,3820099,241283,4106664,4061382,80.5192080590891,79.6313655720165,243
-7.6926,53.28823,2022/05/12 23:00:00+00,Fri 13 May 2022,172,327,0,3853502,3802576,241253,4094755,4043829,80.2857087397448,79.2872045549327,244
-7.6926,53.28823,2022/05/09 23:00:00+00,Tue 10 May 2022,82,100,1,3853012,3801719,241253,4094265,4042972,80.2761013279992,79.2704013878593,245
-7.6926,53.28823,2021/08/26 23:00:00+00,Fri 27 Aug 2021,9748,19259,432,3482035,3159409,237350,3719385,3396759,72.9258431337103,66.6001271707604,246
-7.6926,53.28823,2022/05/13 23:00:00+00,Sat 14 May 2022,332,635,0,3853834,3803211,241253,4095087,4044464,80.2922182513766,79.2996549762766,247
-7.6926,53.28823,2022/05/10 23:00:00+00,Wed 11 May 2022,111,132,0,3853123,3801851,241253,4094376,4043104,80.278277700864,79.2729895069418,248
-7.6926,53.28823,2022/12/01 00:00:00+00,Thu 01 Dec 2022,15,12,0,3865396,3820111,241283,4106679,4061394,80.5195021635303,79.6316008555694,249
-7.6926,53.28823,2021/08/27 23:00:00+00,Sat 28 Aug 2021,9940,7960,155,3491975,3167369,237505,3729480,3404874,73.123775422633,66.7592376734457,250
-7.6926,53.28823,2022/05/14 23:00:00+00,Sun 15 May 2022,168,254,0,3854002,3803465,241253,4095255,4044718,80.2955122211179,79.3046351448141,251
-7.6926,53.28823,2022/12/02 00:00:00+00,Fri 02 Dec 2022,8,18,0,3865404,3820129,241283,4106687,4061412,80.5196590192323,79.6319537808989,252
-7.6926,53.28823,2021/08/28 23:00:00+00,Sun 29 Aug 2021,8808,9212,30,3500783,3176581,237535,3738318,3414116,73.2970617593837,66.9404452231459,253
-7.6926,53.28823,2022/05/15 23:00:00+00,Mon 16 May 2022,29,41,0,3854031,3803506,241253,4095284,4044759,80.2960808230376,79.3054390302867,254
-7.6926,53.28823,2022/12/03 00:00:00+00,Sat 03 Dec 2022,40,71,0,3865444,3820200,241283,4106727,4061483,80.5204432977421,79.6333458752538,255
-7.6926,53.28823,2021/08/29 23:00:00+00,Mon 30 Aug 2021,5080,11186,85,3505863,3187767,237620,3743483,3425387,73.3983317219678,67.1614353002581,256
-7.6926,53.28823,2022/05/16 23:00:00+00,Tue 17 May 2022,94,101,0,3854125,3803607,241253,4095378,4044860,80.2979238775357,79.307419333524,257
-7.6926,53.28823,2022/12/04 00:00:00+00,Sun 04 Dec 2022,41,47,0,3865485,3820247,241283,4106768,4061530,80.5212471832147,79.6342674025029,258
-7.6926,53.28823,2021/08/30 23:00:00+00,Tue 31 Aug 2021,4095,12932,146,3509958,3200699,237766,3747724,3438465,73.4814848509743,67.4178551590527,259
-7.6926,53.28823,2022/05/17 23:00:00+00,Wed 18 May 2022,98,123,0,3854223,3803730,241253,4095476,4044983,80.2998453598848,79.3098309899418,260
-7.6926,53.28823,2022/12/05 00:00:00+00,Mon 05 Dec 2022,8,8,0,3865493,3820255,241283,4106776,4061538,80.5214040389167,79.6344242582049,261
-7.6926,53.28823,2021/08/31 23:00:00+00,Wed 01 Sep 2021,5012,12593,184,3514970,3213292,237950,3752920,3451242,73.5833626294035,67.6683733220606,262
-7.6926,53.28823,2022/05/18 23:00:00+00,Thu 19 May 2022,70,107,0,3854293,3803837,241253,4095546,4045090,80.301217847277,79.3119289349557,263
-7.6926,53.28823,2022/12/06 00:00:00+00,Tue 06 Dec 2022,25,30,0,3865518,3820285,241283,4106801,4061568,80.5218942129853,79.6350124670873,264
-7.6926,53.28823,2021/09/01 23:00:00+00,Thu 02 Sep 2021,5018,12404,249,3519988,3225696,238199,3758187,3463895,73.6866325021876,67.9164602216881,265
-7.6926,53.28823,2022/05/19 23:00:00+00,Fri 20 May 2022,126,210,0,3854419,3804047,241253,4095672,4045300,80.3036883245831,79.3160463971324,266
-7.6926,53.28823,2022/12/07 00:00:00+00,Wed 07 Dec 2022,15,25,0,3865533,3820310,241283,4106816,4061593,80.5221883174265,79.6355026411559,267
-7.6926,53.28823,2021/09/02 23:00:00+00,Fri 03 Sep 2021,4793,16133,167,3524781,3241829,238366,3763147,3480195,73.7838830374087,68.2360537144509,268
-7.6926,53.28823,2022/05/20 23:00:00+00,Sat 21 May 2022,392,763,0,3854811,3804810,241253,4096064,4046063,80.3113742539796,79.3310065097077,269
-7.6926,53.28823,2022/12/08 00:00:00+00,Thu 08 Dec 2022,11,13,1,3865544,3820323,241284,4106828,4061607,80.5224236009795,79.6357771386344,270
-7.6926,53.28823,2021/09/03 23:00:00+00,Sat 04 Sep 2021,4635,10603,136,3529416,3252432,238502,3767918,3490934,73.8774278566707,68.4466128873821,271
-7.6926,53.28823,2022/05/21 23:00:00+00,Sun 22 May 2022,234,410,0,3855045,3805220,241253,4096298,4046473,80.3159622832622,79.3390453644336,272
-7.6926,53.28823,2022/12/09 00:00:00+00,Fri 09 Dec 2022,12,17,0,3865556,3820340,241284,4106840,4061624,80.5226588845324,79.6361104570011,273
-7.6926,53.28823,2021/09/04 23:00:00+00,Sun 05 Sep 2021,5312,11917,1,3534728,3264349,238503,3773231,3502852,73.9815996497412,68.6802886693911,274
-7.6926,53.28823,2022/05/22 23:00:00+00,Mon 23 May 2022,25,35,0,3855070,3805255,241253,4096323,4046508,80.3164524573308,79.3397316081298,275
-7.6926,53.28823,2022/12/10 00:00:00+00,Sat 10 Dec 2022,44,44,0,3865600,3820384,241284,4106884,4061668,80.5235215908933,79.6369731633619,276
-7.6926,53.28823,2021/09/05 23:00:00+00,Mon 06 Sep 2021,2179,9720,76,3536907,3274069,238579,3775486,3512648,74.0258133507339,68.8723584764527,277
-7.6926,53.28823,2022/05/23 23:00:00+00,Tue 24 May 2022,62,84,0,3855132,3805339,241253,4096385,4046592,80.3176680890211,79.3413785930004,278
-7.6926,53.28823,2022/12/11 00:00:00+00,Sun 11 Dec 2022,27,42,0,3865627,3820426,241284,4106911,4061710,80.5240509788874,79.6377966557972,279
-7.6926,53.28823,2021/09/06 23:00:00+00,Tue 07 Sep 2021,3051,10063,162,3539958,3284132,238741,3778699,3522873,74.0888105220373,69.0728396705324,280
-7.6926,53.28823,2022/05/24 23:00:00+00,Wed 25 May 2022,83,134,1,3855215,3805473,241254,4096469,4046727,80.3193150738918,79.3440255329712,281
-7.6926,53.28823,2022/12/12 00:00:00+00,Mon 12 Dec 2022,4,2,1,3865631,3820428,241285,4106916,4061713,80.5241490137011,79.6378554766855,282
-7.6926,53.28823,2021/09/07 23:00:00+00,Wed 08 Sep 2021,2617,14832,191,3542575,3298964,238932,3781507,3537896,74.1438668734286,69.3673950718683,283
-7.6926,53.28823,2022/05/25 23:00:00+00,Thu 26 May 2022,98,155,0,3855313,3805628,241254,4096567,4046882,80.3212365562409,79.3470646121968,284
-7.6926,53.28823,2022/12/13 00:00:00+00,Tue 13 Dec 2022,16,15,0,3865647,3820443,241285,4106932,4061728,80.5244627251051,79.6381495811267,285
-7.6926,53.28823,2020/12/28 00:00:00+00,Mon 28 Dec 2020,348,32,4,348,32,4,352,36,0.00690165088665627,0.000705850658862573,286
-7.6926,53.28823,2021/09/08 23:00:00+00,Thu 09 Sep 2021,3134,14859,138,3545709,3313823,239070,3784779,3552893,74.2080208555341,69.6614406921728,287
-7.6926,53.28823,2022/05/26 23:00:00+00,Fri 27 May 2022,95,153,2,3855408,3805781,241256,4096664,4047037,80.3231384316273,79.3501036914225,288
-7.6926,53.28823,2022/12/14 00:00:00+00,Wed 14 Dec 2022,11,20,0,3865658,3820463,241285,4106943,4061748,80.5246784016953,79.6385417203816,289
-7.6926,53.28823,2021/09/09 23:00:00+00,Fri 10 Sep 2021,3402,13968,116,3549111,3327791,239186,3788297,3566977,74.2769981504752,69.9375851554901,290
-7.6926,53.28823,2020/12/29 00:00:00+00,Tue 29 Dec 2020,84,3,0,432,35,4,436,39,0.0085486357573356,0.00076467154710112,291
-7.6926,53.28823,2022/05/27 23:00:00+00,Sat 28 May 2022,335,580,0,3855743,3806361,241256,4096999,4047617,80.3297067641473,79.3614757298153,292
-7.6926,53.28823,2022/12/15 00:00:00+00,Thu 15 Dec 2022,9,9,0,3865667,3820472,241285,4106952,4061757,80.52485486436,79.6387181830463,293
-7.6926,53.28823,2021/09/10 23:00:00+00,Sat 11 Sep 2021,2575,11359,62,3551686,3339150,239248,3790934,3578398,74.3287017112369,70.1615162770142,294
-7.6926,53.28823,2020/12/30 00:00:00+00,Wed 30 Dec 2020,1072,3,0,1504,38,4,1508,42,0.0295672998212433,0.000823492435339668,295
-7.6926,53.28823,2022/05/28 23:00:00+00,Sun 29 May 2022,181,349,0,3855924,3806710,241256,4097180,4047966,80.3332556244043,79.3683185598137,296
-7.6926,53.28823,2022/12/16 00:00:00+00,Fri 16 Dec 2022,9,4,0,3865676,3820476,241285,4106961,4061761,80.5250313270247,79.6387966108973,297
-7.6926,53.28823,2021/09/11 23:00:00+00,Sun 12 Sep 2021,2047,12893,1,3553733,3352043,239249,3792982,3591292,74.3688567709411,70.4143284546635,298
-7.6926,53.28823,2021/04/06 23:00:00+00,Wed 07 Apr 2021,18394,10505,12,736959,312995,216,737175,313211,14.4537627624171,6.14111640869459,299
-7.6926,53.28823,2023/06/26 23:00:00+00,Tue 27 Jun 2023,2,5,0,3868792,3823147,241286,4110078,4064433,80.5861462299046,79.6911864153551,300
-7.6926,53.28823,2020/12/31 00:00:00+00,Thu 31 Dec 2020,1045,3,0,2549,41,4,2553,45,0.0500565758910041,0.000882313323578216,301
-7.6926,53.28823,2022/05/29 23:00:00+00,Mon 30 May 2022,10,24,0,3855934,3806734,241256,4097190,4047990,80.3334516940318,79.3687891269196,302
-7.6926,53.28823,2022/12/17 00:00:00+00,Sat 17 Dec 2022,21,43,0,3865697,3820519,241285,4106982,4061804,80.5254430732424,79.6396397102954,303
-7.6926,53.28823,2021/09/12 23:00:00+00,Mon 13 Sep 2021,1630,7770,53,3555363,3359813,239302,3794665,3599115,74.4018552892429,70.5677137242269,304
-7.6926,53.28823,2021/04/07 23:00:00+00,Thu 08 Apr 2021,20212,10596,18,757171,323591,234,757405,323825,14.8504116187724,6.34922471128257,305
-7.6926,53.28823,2023/06/27 23:00:00+00,Wed 28 Jun 2023,7,3,0,3868799,3823150,241286,4110085,4064436,80.5862834786438,79.6912452362433,306
-7.6926,53.28823,2021/01/01 00:00:00+00,Fri 01 Jan 2021,834,1,0,3383,42,4,3387,46,0.0664087828213204,0.000901920286324398,307
-7.6926,53.28823,2022/05/30 23:00:00+00,Tue 31 May 2022,62,80,2,3855996,3806814,241258,4097254,4048072,80.3347065396475,79.3703968978648,308
-7.6926,53.28823,2022/12/18 00:00:00+00,Sun 18 Dec 2022,30,35,0,3865727,3820554,241285,4107012,4061839,80.5260312821248,79.6403259539915,309
-7.6926,53.28823,2021/09/13 23:00:00+00,Tue 14 Sep 2021,1563,10814,82,3556926,3370627,239384,3796310,3610011,74.4341087429604,70.7813511903093,310
-7.6926,53.28823,2021/04/08 23:00:00+00,Fri 09 Apr 2021,20697,9179,16,777868,332770,250,778118,333020,15.2565306381341,6.52951073373372,311
-7.6926,53.28823,2023/06/28 23:00:00+00,Thu 29 Jun 2023,2,8,0,3868801,3823158,241286,4110087,4064444,80.5863226925693,79.6914020919453,312
-7.6926,53.28823,2021/01/02 00:00:00+00,Sat 02 Jan 2021,1025,0,0,4408,42,4,4412,46,0.0865059196361575,0.000901920286324398,313
-7.6926,53.28823,2022/05/31 23:00:00+00,Wed 01 Jun 2022,75,104,0,3856071,3806918,241258,4097329,4048176,80.3361770618535,79.3724360219904,314
-7.6926,53.28823,2023/03/13 00:00:00+00,Mon 13 Mar 2023,2,0,0,3867646,3822042,241285,4108931,4063327,80.5636570436347,79.6695011145578,315
-7.6926,53.28823,2022/06/01 23:00:00+00,Thu 02 Jun 2022,90,142,0,3856161,3807060,241258,4097419,4048318,80.3379416885007,79.3752202107003,316
-7.6926,53.28823,2023/03/14 00:00:00+00,Tue 14 Mar 2023,11,16,0,3867657,3822058,241285,4108942,4063343,80.5638727202249,79.6698148259617,317
-7.6926,53.28823,2021/04/09 23:00:00+00,Sat 10 Apr 2021,11197,4195,12,789065,336965,262,789327,337227,15.4763050835561,6.61199722600691,318
-7.6926,53.28823,2022/12/19 00:00:00+00,Mon 19 Dec 2022,3,1,0,3865730,3820555,241285,4107015,4061840,80.526090103013,79.6403455609542,319
-7.6926,53.28823,2022/06/02 23:00:00+00,Fri 03 Jun 2022,57,143,1,3856218,3807203,241259,4097477,4048462,80.3390788923399,79.3780436133358,320
-7.6926,53.28823,2023/03/15 00:00:00+00,Wed 15 Mar 2023,29,24,0,3867686,3822082,241285,4108971,4063367,80.5644413221445,79.6702853930676,321
-7.6926,53.28823,2023/06/29 23:00:00+00,Fri 30 Jun 2023,4,1,0,3868805,3823159,241286,4110091,4064445,80.5864011204203,79.691421698908,322
-7.6926,53.28823,2021/09/14 23:00:00+00,Wed 15 Sep 2021,3294,12397,138,3560220,3383024,239522,3799742,3622546,74.5013998391053,71.0271244683327,323
-7.6926,53.28823,2021/01/03 00:00:00+00,Sun 03 Jan 2021,27,4,1,4435,46,5,4440,51,0.0870549145930506,0.000999955100055311,324
-7.6926,53.28823,2022/06/03 23:00:00+00,Sat 04 Jun 2022,306,607,0,3856524,3807810,241259,4097783,4049069,80.3450786229403,79.3899450397227,325
-7.6926,53.28823,2023/03/16 00:00:00+00,Thu 16 Mar 2023,11,19,0,3867697,3822101,241285,4108982,4063386,80.5646569987348,79.6706579253598,326
-7.6926,53.28823,2021/09/15 23:00:00+00,Thu 16 Sep 2021,1924,10594,116,3562144,3393618,239638,3801782,3633256,74.5413980431075,71.2371150393443,327
-7.6926,53.28823,2021/04/10 23:00:00+00,Sun 11 Apr 2021,2881,376,9,791946,337341,271,792217,337612,15.5329692058925,6.61954590666419,328
-7.6926,53.28823,2022/12/20 00:00:00+00,Tue 20 Dec 2022,17,18,0,3865747,3820573,241285,4107032,4061858,80.5264234213797,79.6406984862837,329
-7.6926,53.28823,2023/06/30 23:00:00+00,Sat 01 Jul 2023,3,7,0,3868808,3823166,241286,4110094,4064452,80.5864599413085,79.6915589476473,330
-7.6926,53.28823,2021/01/04 00:00:00+00,Mon 04 Jan 2021,1202,7,0,5637,53,5,5642,58,0.110622483813962,0.00113720383927859,331
-7.6926,53.28823,2022/06/04 23:00:00+00,Sun 05 Jun 2022,143,274,0,3856667,3808084,241259,4097926,4049343,80.347882418613,79.3953173475152,332
-7.6926,53.28823,2023/03/18 00:00:00+00,Sat 18 Mar 2023,19,45,0,3867716,3822146,241285,4109001,4063431,80.5650295310269,79.6715402386834,333
-7.6926,53.28823,2021/09/16 23:00:00+00,Fri 17 Sep 2021,2567,14641,96,3564711,3408259,239734,3804445,3647993,74.5936113849006,71.5260628493348,334
-7.6926,53.28823,2021/04/11 23:00:00+00,Mon 12 Apr 2021,7803,2814,14,799749,340155,285,800034,340440,15.6862368336794,6.6749943973104,335
-7.6926,53.28823,2022/12/21 00:00:00+00,Wed 21 Dec 2022,17,28,0,3865764,3820601,241285,4107049,4061886,80.5267567397464,79.6412474812406,336
-7.6926,53.28823,2023/07/03 23:00:00+00,Tue 04 Jul 2023,1,2,0,3868809,3823168,241286,4110095,4064454,80.5864795482713,79.6915981615727,337
-7.6926,53.28823,2021/01/05 00:00:00+00,Tue 05 Jan 2021,3556,14,0,9193,67,5,9198,72,0.180344843339387,0.00141170131772515,338
-7.6926,53.28823,2022/06/05 23:00:00+00,Mon 06 Jun 2022,5,8,2,3856672,3808092,241261,4097933,4049353,80.3480196673522,79.3955134171426,339
-7.6926,53.28823,2023/03/19 00:00:00+00,Sun 19 Mar 2023,13,38,0,3867729,3822184,241285,4109014,4063469,80.5652844215426,79.6722853032678,340
-7.6926,53.28823,2021/09/17 23:00:00+00,Sat 18 Sep 2021,2294,11252,48,3567005,3419511,239782,3806787,3659293,74.6395308916521,71.7476215283667,341
-7.6926,53.28823,2021/04/12 23:00:00+00,Tue 13 Apr 2021,11543,8603,1,811292,348758,286,811578,349044,15.9125796116214,6.84369270477855,342
-7.6926,53.28823,2022/12/22 00:00:00+00,Thu 22 Dec 2022,6,17,0,3865770,3820618,241285,4107055,4061903,80.5268743815229,79.6415807996072,343
-7.6926,53.28823,2023/07/04 23:00:00+00,Wed 05 Jul 2023,6,9,0,3868815,3823177,241286,4110101,4064463,80.5865971900477,79.6917746242375,344
-7.6926,53.28823,2021/01/06 00:00:00+00,Wed 06 Jan 2021,6808,17,0,16001,84,5,16006,89,0.313829045715398,0.00174501968441025,345
-7.6926,53.28823,2022/06/06 23:00:00+00,Tue 07 Jun 2022,29,54,0,3856701,3808146,241261,4097962,4049407,80.3485882692718,79.3965721931309,346
-7.6926,53.28823,2023/03/20 00:00:00+00,Mon 20 Mar 2023,9,3,0,3867738,3822187,241285,4109023,4063472,80.5654608842074,79.672344124156,347
-7.6926,53.28823,2021/09/18 23:00:00+00,Sun 19 Sep 2021,1866,8503,16,3568871,3428014,239798,3808669,3667812,74.6764311955404,71.9146532440014,348
-7.6926,53.28823,2021/04/13 23:00:00+00,Wed 14 Apr 2021,20364,6618,2,831656,355376,288,831944,355664,16.3118950149101,6.97349079815828,349
-7.6926,53.28823,2022/12/23 00:00:00+00,Fri 23 Dec 2022,19,6,0,3865789,3820624,241285,4107074,4061909,80.527246913815,79.6416984413837,350
-7.6926,53.28823,2023/07/05 23:00:00+00,Thu 06 Jul 2023,6,6,0,3868821,3823183,241286,4110107,4064469,80.5867148318242,79.6918922660139,351
-7.6926,53.28823,2021/01/07 00:00:00+00,Thu 07 Jan 2021,11750,13,0,27751,97,5,27756,102,0.544210857983043,0.00199991020011062,352
-7.6926,53.28823,2022/06/07 23:00:00+00,Wed 08 Jun 2022,36,76,0,3856737,3808222,241261,4097998,4049483,80.3492941199307,79.3980623222997,353
-7.6926,53.28823,2023/03/21 00:00:00+00,Tue 21 Mar 2023,25,24,0,3867763,3822211,241285,4109048,4063496,80.565951058276,79.6728146912619,354
-7.6926,53.28823,2021/09/19 23:00:00+00,Mon 20 Sep 2021,969,5656,35,3569840,3433670,239833,3809673,3673503,74.6961165861376,72.0262364689899,355
-7.6926,53.28823,2021/04/14 23:00:00+00,Thu 15 Apr 2021,27132,10831,1,858788,366207,289,859077,366496,16.8438907351023,7.18587341862493,356
-7.6926,53.28823,2022/12/27 00:00:00+00,Tue 27 Dec 2022,1,0,0,3865790,3820624,241285,4107075,4061909,80.5272665207778,79.6416984413837,357
-7.6926,53.28823,2023/07/06 23:00:00+00,Fri 07 Jul 2023,5,1,0,3868826,3823184,241286,4110112,4064470,80.5868128666379,79.6919118729767,358
-7.6926,53.28823,2021/01/08 00:00:00+00,Fri 08 Jan 2021,12704,9,0,40455,106,5,40460,111,0.793297712710547,0.00217637286482627,359
-7.6926,53.28823,2022/06/08 23:00:00+00,Thu 09 Jun 2022,74,122,0,3856811,3808344,241261,4098072,4049605,80.3507450351739,79.4004543717547,360
-7.6926,53.28823,2023/03/22 00:00:00+00,Wed 22 Mar 2023,12,17,0,3867775,3822228,241285,4109060,4063513,80.566186341829,79.6731480096286,361
-7.6926,53.28823,2021/09/20 23:00:00+00,Tue 21 Sep 2021,1480,6701,90,3571320,3440371,239923,3811243,3680294,74.7268995176491,72.1593873529992,362
-7.6926,53.28823,2021/04/15 23:00:00+00,Fri 16 Apr 2021,27986,9864,1,886774,376071,290,887064,376361,17.3926308014797,7.37929610611602,363
-7.6926,53.28823,2021/04/16 23:00:00+00,Sat 17 Apr 2021,15864,4577,3,902638,380648,293,902931,380941,17.7037344793734,7.46909599549354,364
-7.6926,53.28823,2021/04/17 23:00:00+00,Sun 18 Apr 2021,1083,493,0,903721,381141,293,904014,381434,17.7249688200275,7.4787622281274,365
-7.6926,53.28823,2021/04/18 23:00:00+00,Mon 19 Apr 2021,6778,2274,0,910499,383415,293,910792,383708,17.8578648135211,7.52334846141222,366
-7.6926,53.28823,2021/04/19 23:00:00+00,Tue 20 Apr 2021,15111,7340,1,925610,390755,294,925904,391049,18.1541652345414,7.66728317493195,367
-7.6926,53.28823,2021/04/20 23:00:00+00,Wed 21 Apr 2021,26763,9917,4,952373,400672,298,952671,400970,18.6789848063685,7.86180385233683,368
-7.6926,53.28823,2021/04/21 23:00:00+00,Thu 22 Apr 2021,31653,12206,1,984026,412878,299,984325,413177,19.2996236051362,8.10114604657948,369
-7.6926,53.28823,2021/04/22 23:00:00+00,Fri 23 Apr 2021,33631,12374,3,1017657,425252,302,1017959,425554,19.9590841901413,8.34382142448898,370
-7.6926,53.28823,2021/04/23 23:00:00+00,Sat 24 Apr 2021,23717,7023,2,1041374,432275,304,1041678,432579,20.424141739518,8.48156033778091,371
-7.6926,53.28823,2021/04/24 23:00:00+00,Sun 25 Apr 2021,9765,314,3,1051139,432589,307,1051446,432896,20.6156625516227,8.48777574497145,372
-7.6926,53.28823,2021/04/25 23:00:00+00,Mon 26 Apr 2021,15612,3066,4,1066751,435655,311,1067062,435966,20.9218448818671,8.54796912060223,373
-7.6926,53.28823,2021/04/26 23:00:00+00,Tue 27 Apr 2021,25940,7832,11,1092691,443487,322,1093013,443809,21.4306651720933,8.70174652942054,374
-7.6926,53.28823,2021/04/27 23:00:00+00,Wed 28 Apr 2021,26070,8644,7,1118761,452131,329,1119090,452460,21.9419559396255,8.87136636413777,375
-7.6926,53.28823,2021/04/28 23:00:00+00,Thu 29 Apr 2021,31715,11341,8,1150476,463472,337,1150813,463809,22.5639476188226,9.09388578434419,376
-7.6926,53.28823,2021/04/29 23:00:00+00,Fri 30 Apr 2021,36126,13553,9,1186602,477025,346,1186948,477371,23.2724452176559,9.35979541310792,377
-7.6926,53.28823,2021/04/30 23:00:00+00,Sat 01 May 2021,16660,6706,21,1203262,483731,367,1203629,484098,23.599508963225,9.49169145150149,378
-7.6926,53.28823,2021/05/01 23:00:00+00,Sun 02 May 2021,12492,919,16,1215754,484650,383,1216137,485033,23.8447528532542,9.51002396166917,379
-7.6926,53.28823,2021/05/02 23:00:00+00,Mon 03 May 2021,14294,948,21,1230048,485598,404,1230452,486002,24.1254265249658,9.52902310857022,380
-7.6926,53.28823,2021/05/03 23:00:00+00,Tue 04 May 2021,26691,6818,11,1256739,492416,415,1257154,492831,24.6489716442144,9.6629190571639,381
-7.6926,53.28823,2021/05/04 23:00:00+00,Wed 05 May 2021,32161,13481,70,1288900,505897,485,1289385,506382,25.2809236604866,9.92861300933742,382
-7.6926,53.28823,2021/05/05 23:00:00+00,Thu 06 May 2021,37328,14398,133,1326228,520295,618,1326846,520913,26.0154200919214,10.2135217850022,383
-7.6926,53.28823,2021/05/06 23:00:00+00,Fri 07 May 2021,40628,15106,99,1366856,535401,717,1367573,536118,26.8139528636851,10.5116456535579,384
-7.6926,53.28823,2021/05/07 23:00:00+00,Sat 08 May 2021,25653,7074,10,1392509,542475,727,1393236,543202,27.3171263486404,10.6505413776519,385
-7.6926,53.28823,2021/05/08 23:00:00+00,Sun 09 May 2021,19689,938,5,1412198,543413,732,1412930,544145,27.7032658729637,10.6690307435215,386
-7.6926,53.28823,2021/05/09 23:00:00+00,Mon 10 May 2021,28883,4675,172,1441081,548088,904,1441985,548992,28.2729461755541,10.7640656919523,387
-7.6926,53.28823,2021/05/10 23:00:00+00,Tue 11 May 2021,33938,14834,153,1475019,562922,1057,1476076,563979,28.9413671425342,11.0579152426293,388
-7.6926,53.28823,2021/05/11 23:00:00+00,Wed 12 May 2021,31333,20943,176,1506352,583865,1233,1507585,585098,29.5591629317037,11.4719946888659,389
-7.6926,53.28823,2021/05/12 23:00:00+00,Thu 13 May 2021,36036,25493,153,1542388,609358,1386,1543774,610744,30.2687193065253,11.9748348554545,390
-7.6926,53.28823,2021/05/13 23:00:00+00,Fri 14 May 2021,38253,27963,237,1580641,637321,1623,1582264,638944,31.0233913026258,12.5277512048969,391
-7.6926,53.28823,2021/05/14 23:00:00+00,Sat 15 May 2021,28905,12475,22,1609546,649796,1645,1611191,651441,31.5905619139846,12.7727794183359,392
-7.6926,53.28823,2021/05/15 23:00:00+00,Sun 16 May 2021,23208,1189,11,1632754,650985,1656,1634410,652641,32.0458159819883,12.7963077736313,393
-7.6926,53.28823,2021/05/16 23:00:00+00,Mon 17 May 2021,35418,3970,120,1668172,654955,1776,1669948,656731,32.7426082240621,12.8765002512632,394
-7.6926,53.28823,2021/05/17 23:00:00+00,Tue 18 May 2021,39057,12522,127,1707229,667477,1903,1709132,669380,33.5108874523085,13.1245087230397,395
-7.6926,53.28823,2021/05/18 23:00:00+00,Wed 19 May 2021,37070,17625,212,1744299,685102,2115,1746414,687217,34.2418742374117,13.4742381175433,396
-7.6926,53.28823,2021/05/19 23:00:00+00,Thu 20 May 2021,39134,19654,138,1783433,704756,2253,1785686,707009,35.0118788783798,13.8622991242158,397
-7.6926,53.28823,2021/05/20 23:00:00+00,Fri 21 May 2021,25880,23276,14937,1809313,728032,17190,1826503,745222,35.8121762767907,14.6115399916357,398
-7.6926,53.28823,2021/05/21 23:00:00+00,Sat 22 May 2021,16629,10267,13524,1825942,738299,30714,1856656,769013,36.4033850244763,15.0780092423301,399
-7.6926,53.28823,2021/05/22 23:00:00+00,Sun 23 May 2021,8245,5550,10206,1834187,743849,40920,1875107,784769,36.7651530941062,15.386936547359,400
-7.6926,53.28823,2021/05/23 23:00:00+00,Mon 24 May 2021,22587,8260,8453,1856774,752109,49373,1906147,801482,37.3737532177477,15.7146277157359,401
-7.6926,53.28823,2021/05/24 23:00:00+00,Tue 25 May 2021,30395,16544,3225,1887169,768653,52598,1939767,821251,38.0329393052743,16.1022377622652,402
-7.6926,53.28823,2021/05/25 23:00:00+00,Wed 26 May 2021,20017,25502,3056,1907186,794155,55654,1962840,849809,38.485330756717,16.6621734043707,403
-7.6926,53.28823,2021/05/26 23:00:00+00,Thu 27 May 2021,17060,36082,550,1924246,830237,56204,1980450,886441,38.8306093706773,17.3804156636888,404
-7.6926,53.28823,2021/05/27 23:00:00+00,Fri 28 May 2021,27080,31862,1562,1951326,862099,57766,2009092,919865,39.3921919976534,18.0357587865172,405
-7.6926,53.28823,2021/05/28 23:00:00+00,Sat 29 May 2021,24522,7416,538,1975848,869515,58304,2034152,927819,39.8835424840728,18.1917125682004,406
-7.6926,53.28823,2021/05/29 23:00:00+00,Sun 30 May 2021,24280,1699,210,2000128,871214,58514,2058642,929728,40.3637170017268,18.2291422600828,407
-7.6926,53.28823,2021/05/30 23:00:00+00,Mon 31 May 2021,22636,7326,3446,2022764,878540,61960,2084724,940500,40.8751058040727,18.4403484627847,408
-7.6926,53.28823,2021/05/31 23:00:00+00,Tue 01 Jun 2021,27680,11560,3657,2050444,890100,65617,2116061,955717,41.4895291956498,18.7387076148934,409
-7.6926,53.28823,2021/06/01 23:00:00+00,Wed 02 Jun 2021,18747,20932,4010,2069191,911032,69627,2138818,980659,41.9357248468647,19.2277444797087,410
-7.6926,53.28823,2021/06/02 23:00:00+00,Thu 03 Jun 2021,16741,30731,1979,2085932,941763,71606,2157538,1013369,42.3027671894733,19.8690882311363,411
-7.6926,53.28823,2021/06/03 23:00:00+00,Fri 04 Jun 2021,29042,23373,155,2114974,965136,71761,2186735,1036897,42.8752316807736,20.3304008506285,412
-7.6926,53.28823,2021/06/04 23:00:00+00,Sat 05 Jun 2021,21005,11519,37,2135979,976655,71798,2207777,1048453,43.2878013908787,20.5569789121234,413
-7.6926,53.28823,2021/06/05 23:00:00+00,Sun 06 Jun 2021,19989,3931,47,2155968,980586,71845,2227813,1052431,43.6806464964612,20.6349754099277,414
-7.6926,53.28823,2021/06/06 23:00:00+00,Mon 07 Jun 2021,19867,4621,48,2175835,985207,71893,2247728,1057100,44.0711191595515,20.7265203189896,415
-7.6926,53.28823,2021/06/07 23:00:00+00,Tue 08 Jun 2021,26460,18368,48,2202295,1003575,71941,2274236,1075516,44.5908605280273,21.0876021449233,416
-7.6926,53.28823,2021/06/08 23:00:00+00,Wed 09 Jun 2021,32862,20150,178,2235157,1023725,72119,2307276,1095844,45.2386745771611,21.4861724836277,417
-7.6926,53.28823,2021/06/09 23:00:00+00,Thu 10 Jun 2021,27748,27529,273,2262905,1051254,72392,2335297,1123646,45.7880812802719,22.0312852618971,418
-7.6926,53.28823,2021/06/10 23:00:00+00,Fri 11 Jun 2021,26495,32930,44,2289400,1084184,72436,2361836,1156620,46.3084304645929,22.6778052514897,419
-7.6926,53.28823,2021/06/11 23:00:00+00,Sat 12 Jun 2021,12248,19750,105,2301648,1103934,72541,2374189,1176475,46.5506352753965,23.0671014968151,420
-7.6926,53.28823,2021/06/12 23:00:00+00,Sun 13 Jun 2021,8572,18195,835,2310220,1122129,73376,2383596,1195505,46.7350779739498,23.440221997875,421
-7.6926,53.28823,2021/06/13 23:00:00+00,Mon 14 Jun 2021,16064,31339,56,2326284,1153468,73432,2399716,1226900,47.0511422134183,24.0557825932914,422
-7.6926,53.28823,2021/06/14 23:00:00+00,Tue 15 Jun 2021,14755,41614,207,2341039,1195082,73639,2414678,1268721,47.3445015900266,24.8757653822995,423
-7.6926,53.28823,2021/06/15 23:00:00+00,Wed 16 Jun 2021,13522,48423,220,2354561,1243505,73859,2428420,1317364,47.6139404720847,25.8295068711621,424
-7.6926,53.28823,2021/06/16 23:00:00+00,Thu 17 Jun 2021,21619,42719,536,2376180,1286224,74395,2450575,1360619,48.0483327317264,26.6776060447482,425
-7.6926,53.28823,2021/06/17 23:00:00+00,Fri 18 Jun 2021,12044,50058,556,2388224,1336282,74951,2463175,1411233,48.2953804623283,27.6699928571835,426
-7.6926,53.28823,2021/06/18 23:00:00+00,Sat 19 Jun 2021,6355,32830,434,2394579,1369112,75385,2469964,1444497,48.4284921324121,28.3221988659725,427
-7.6926,53.28823,2021/06/19 23:00:00+00,Sun 20 Jun 2021,8546,26163,178,2403125,1395275,75563,2478688,1470838,48.5995432754098,28.8386658716697,428
-7.6926,53.28823,2021/06/20 23:00:00+00,Mon 21 Jun 2021,15532,32376,575,2418657,1427651,76138,2494795,1503789,48.9153526243626,29.4847349011191,429
-7.6926,53.28823,2021/06/21 23:00:00+00,Tue 22 Jun 2021,15180,43585,723,2433837,1471236,76861,2510698,1548097,49.2271621529151,30.353480206477,430
-7.6926,53.28823,2021/06/22 23:00:00+00,Wed 23 Jun 2021,20113,39428,887,2453950,1510664,77748,2531698,1588412,49.6389083705849,31.1439349095894,431
-7.6926,53.28823,2021/06/23 23:00:00+00,Thu 24 Jun 2021,19062,44294,1033,2473012,1554958,78781,2551793,1633739,50.0329102869695,32.0326597099856,432
-7.6926,53.28823,2021/06/24 23:00:00+00,Fri 25 Jun 2021,15245,50150,844,2488257,1605108,79625,2567882,1684733,50.3483667105928,33.0324971682644,433
-7.6926,53.28823,2021/06/25 23:00:00+00,Sat 26 Jun 2021,9098,30604,513,2497355,1635712,80138,2577493,1715850,50.5368092295464,33.6426070280374,434
-7.6926,53.28823,2021/06/26 23:00:00+00,Sun 27 Jun 2021,8755,30503,60,2506110,1666215,80198,2586308,1746413,50.709644606154,34.2418546304489,435
-7.6926,53.28823,2021/06/27 23:00:00+00,Mon 28 Jun 2021,24265,24694,528,2530375,1690909,80726,2611101,1771635,51.1957600335201,34.7363814448332,436
-7.6926,53.28823,2021/06/28 23:00:00+00,Tue 29 Jun 2021,28174,31083,814,2558549,1721992,81540,2640089,1803532,51.7641266696064,35.3617847355481,437
-7.6926,53.28823,2021/06/29 23:00:00+00,Wed 30 Jun 2021,22626,36923,593,2581175,1758915,82133,2663308,1841048,52.21938073761,36.0973595499339,438
-7.6926,53.28823,2021/06/30 23:00:00+00,Thu 01 Jul 2021,15089,48360,644,2596264,1807275,82777,2679041,1890052,52.5278570824957,37.0581791523479,439
-7.6926,53.28823,2021/07/01 23:00:00+00,Fri 02 Jul 2021,13722,47315,819,2609986,1854590,83596,2693582,1938186,52.812961927788,38.0019406971726,440
-7.6926,53.28823,2021/07/02 23:00:00+00,Sat 03 Jul 2021,9345,30508,507,2619331,1885098,84103,2703434,1969201,53.0061297247633,38.6100506467455,441
-7.6926,53.28823,2021/07/03 23:00:00+00,Sun 04 Jul 2021,6472,27801,233,2625803,1912899,84336,2710139,1997235,53.1375944099765,39.159712240372,442
-7.6926,53.28823,2021/07/04 23:00:00+00,Mon 05 Jul 2021,15664,33512,5344,2641467,1946411,89680,2731147,2036091,53.5494974833483,39.9215603848376,443
-7.6926,53.28823,2021/07/05 23:00:00+00,Tue 06 Jul 2021,12433,48333,5491,2653900,1994744,95171,2749071,2089915,53.9009326836109,40.9768855476882,444
-7.6926,53.28823,2021/07/06 23:00:00+00,Wed 07 Jul 2021,19738,43806,5061,2673638,2038550,100232,2773870,2138782,54.3871657527535,41.9350189962059,445
-7.6926,53.28823,2021/07/07 23:00:00+00,Thu 08 Jul 2021,17827,45638,6005,2691465,2084188,106237,2797702,2190425,54.8544388889205,42.947581373307,446
-7.6926,53.28823,2021/07/08 23:00:00+00,Fri 09 Jul 2021,13545,45136,6535,2705010,2129324,112772,2817782,2242096,55.2481467008638,43.960692745365,447
-7.6926,53.28823,2021/07/09 23:00:00+00,Sat 10 Jul 2021,8666,23909,4365,2713676,2153233,117137,2830813,2270370,55.5036450324093,44.5150600100505,448
-7.6926,53.28823,2021/07/10 23:00:00+00,Sun 11 Jul 2021,15253,16142,2153,2728929,2169375,119290,2848219,2288665,55.8449238259694,44.8737693934919,449
-7.6926,53.28823,2021/07/11 23:00:00+00,Mon 12 Jul 2021,17151,31806,6096,2746080,2201181,125386,2871466,2326567,56.3007268889299,45.6169124954978,450
-7.6926,53.28823,2021/07/12 23:00:00+00,Tue 13 Jul 2021,20134,36610,8490,2766214,2237791,133876,2900090,2371667,56.8619565905766,46.5011865153506,451
-7.6926,53.28823,2021/07/13 23:00:00+00,Wed 14 Jul 2021,20819,35761,9335,2787033,2273552,143211,2930244,2416763,57.453184945225,47.3853821073524,452
-7.6926,53.28823,2021/07/14 23:00:00+00,Thu 15 Jul 2021,23690,28890,9587,2810723,2302442,152798,2963521,2455240,58.1056458445297,48.1397992129373,453
-7.6926,53.28823,2022/12/28 00:00:00+00,Wed 28 Dec 2022,18,24,0,3865808,3820648,241285,4107093,4061933,80.5276194461072,79.6421690084896,454
-7.6926,53.28823,2022/06/09 23:00:00+00,Fri 10 Jun 2022,55,108,0,3856866,3808452,241261,4098127,4049713,80.351823418125,79.4025719237313,455
-7.6926,53.28823,2021/09/21 23:00:00+00,Wed 22 Sep 2021,1905,8184,97,3573225,3448555,240020,3813245,3688575,74.766152657067,72.3217526115004,456
-7.6926,53.28823,2023/03/23 00:00:00+00,Thu 23 Mar 2023,8,15,0,3867783,3822243,241285,4109068,4063528,80.5663431975309,79.6734421140698,457
-7.6926,53.28823,2023/07/08 23:00:00+00,Sun 09 Jul 2023,6,5,0,3868832,3823189,241286,4110118,4064475,80.5869305084144,79.6920099077904,458
-7.6926,53.28823,2022/06/10 23:00:00+00,Sat 11 Jun 2022,190,562,0,3857056,3809014,241261,4098317,4050275,80.3555487410467,79.4135910367946,459
-7.6926,53.28823,2022/12/29 00:00:00+00,Thu 29 Dec 2022,15,13,0,3865823,3820661,241285,4107108,4061946,80.5279135505484,79.6424238990053,460
-7.6926,53.28823,2021/09/22 23:00:00+00,Thu 23 Sep 2021,1694,8749,89,3574919,3457304,240109,3815028,3697413,74.8011118716434,72.4950389482511,461
-7.6926,53.28823,2023/03/24 00:00:00+00,Fri 24 Mar 2023,10,10,0,3867793,3822253,241285,4109078,4063538,80.5665392671584,79.6736381836972,462
-7.6926,53.28823,2022/06/11 23:00:00+00,Sun 12 Jun 2022,143,289,0,3857199,3809303,241261,4098460,4050564,80.3583525367194,79.4192574490283,463
-7.6926,53.28823,2023/07/09 23:00:00+00,Mon 10 Jul 2023,1,0,0,3868833,3823189,241286,4110119,4064475,80.5869501153772,79.6920099077904,464
-7.6926,53.28823,2022/12/30 00:00:00+00,Fri 30 Dec 2022,66,31,0,3865889,3820692,241285,4107174,4061977,80.5292076100897,79.6430317148505,465
-7.6926,53.28823,2021/09/23 23:00:00+00,Fri 24 Sep 2021,1918,7415,81,3576837,3464719,240190,3817027,3704909,74.840306190173,72.6420127409965,466
-7.6926,53.28823,2022/06/12 23:00:00+00,Mon 13 Jun 2022,17,42,0,3857216,3809345,241261,4098477,4050606,80.3586858550861,79.4200809414636,467
-7.6926,53.28823,2023/07/10 23:00:00+00,Tue 11 Jul 2023,4,2,0,3868837,3823191,241286,4110123,4064477,80.5870285432282,79.6920491217159,468
-7.6926,53.28823,2023/03/25 00:00:00+00,Sat 25 Mar 2023,21,44,0,3867814,3822297,241285,4109099,4063582,80.5669510133761,79.6745008900581,469
-7.6926,53.28823,2022/12/31 00:00:00+00,Sat 31 Dec 2022,34,26,0,3865923,3820718,241285,4107208,4062003,80.529874246823,79.6435414958818,470
-7.6926,53.28823,2021/09/24 23:00:00+00,Sat 25 Sep 2021,2429,6628,53,3579266,3471347,240243,3819509,3711590,74.8889706717091,72.7730068591038,471
-7.6926,53.28823,2022/06/13 23:00:00+00,Tue 14 Jun 2022,34,55,0,3857250,3809400,241261,4098511,4050661,80.3593524918195,79.4211593244146,472
-7.6926,53.28823,2023/07/11 23:00:00+00,Wed 12 Jul 2023,3,5,0,3868840,3823196,241286,4110126,4064482,80.5870873641164,79.6921471565296,473
-7.6926,53.28823,2023/03/26 00:00:00+00,Sun 26 Mar 2023,19,44,0,3867833,3822341,241285,4109118,4063626,80.5673235456682,79.6753635964189,474
-7.6926,53.28823,2021/01/09 00:00:00+00,Sat 09 Jan 2021,8085,7,0,48540,113,5,48545,118,0.951820006513433,0.00231362160404954,475
-7.6926,53.28823,2023/07/12 23:00:00+00,Thu 13 Jul 2023,2,8,0,3868842,3823204,241286,4110128,4064490,80.5871265780419,79.6923040122316,476
-7.6926,53.28823,2022/06/14 23:00:00+00,Wed 15 Jun 2022,64,127,0,3857314,3809527,241261,4098575,4050788,80.3606073374352,79.4236494086834,477
-7.6926,53.28823,2023/03/27 23:00:00+00,Tue 28 Mar 2023,13,25,0,3867846,3822366,241285,4109131,4063651,80.5675784361839,79.6758537704876,478
-7.6926,53.28823,2023/01/01 00:00:00+00,Sun 01 Jan 2023,2,0,0,3865925,3820718,241285,4107210,4062003,80.5299134607485,79.6435414958818,479
-7.6926,53.28823,2021/09/25 23:00:00+00,Sun 26 Sep 2021,1551,7107,0,3580817,3478454,240243,3821060,3718697,74.9193810709284,72.9123535433409,480
-7.6926,53.28823,2021/01/10 00:00:00+00,Sun 10 Jan 2021,4799,6,1,53339,119,6,53345,125,1.04593342769511,0.00245087034327282,481
-7.6926,53.28823,2022/08/19 23:00:00+00,Sat 20 Aug 2022,109,127,0,3861707,3816159,241274,4102981,4057433,80.4469956152949,79.5539376761318,482
-7.6926,53.28823,2023/07/13 23:00:00+00,Fri 14 Jul 2023,3,1,0,3868845,3823205,241286,4110131,4064491,80.5871853989301,79.6923236191944,483
-7.6926,53.28823,2022/06/15 23:00:00+00,Thu 16 Jun 2022,42,84,0,3857356,3809611,241261,4098617,4050872,80.3614308298706,79.4252963935541,484
-7.6926,53.28823,2023/03/28 23:00:00+00,Wed 29 Mar 2023,12,21,0,3867858,3822387,241285,4109143,4063672,80.5678137197369,79.6762655167052,485
-7.6926,53.28823,2021/09/26 23:00:00+00,Mon 27 Sep 2021,1181,3856,45,3581998,3482310,240288,3822286,3722598,74.9434192072552,72.9888403050138,486
-7.6926,53.28823,2023/01/03 00:00:00+00,Tue 03 Jan 2023,8,14,0,3865933,3820732,241285,4107218,4062017,80.5300703164505,79.6438159933603,487
-7.6926,53.28823,2023/07/14 23:00:00+00,Sat 15 Jul 2023,1,6,0,3868846,3823211,241286,4110132,4064497,80.5872050058929,79.6924412609708,488
-7.6926,53.28823,2022/06/16 23:00:00+00,Fri 17 Jun 2022,58,95,0,3857414,3809706,241261,4098675,4050967,80.3625680337099,79.427159055015,489
-7.6926,53.28823,2023/03/29 23:00:00+00,Thu 30 Mar 2023,7,16,1,3867865,3822403,241286,4109151,4063689,80.5679705754389,79.6765988350719,490
-7.6926,53.28823,2022/08/20 23:00:00+00,Sun 21 Aug 2022,39,36,0,3861746,3816195,241274,4103020,4057469,80.447760286842,79.5546435267907,491
-7.6926,53.28823,2021/01/11 00:00:00+00,Mon 11 Jan 2021,8359,8,0,61698,127,6,61704,133,1.20982802929045,0.00260772604524228,492
-7.6926,53.28823,2022/06/17 23:00:00+00,Sat 18 Jun 2022,223,488,0,3857637,3810194,241261,4098898,4051455,80.3669403864022,79.4367272528351,493
-7.6926,53.28823,2023/07/17 23:00:00+00,Tue 18 Jul 2023,5,2,0,3868851,3823213,241286,4110137,4064499,80.5873030407066,79.6924804748963,494
-7.6926,53.28823,2023/01/04 00:00:00+00,Wed 04 Jan 2023,52,28,0,3865985,3820760,241285,4107270,4062045,80.5310898785133,79.6443649883172,495
-7.6926,53.28823,2021/01/12 00:00:00+00,Tue 12 Jan 2021,8910,15,0,70608,142,6,70614,148,1.38452606735894,0.00290183048643502,496
-7.6926,53.28823,2022/08/21 23:00:00+00,Mon 22 Aug 2022,12,13,0,3861758,3816208,241274,4103032,4057482,80.447995570395,79.5548984173064,497
-7.6926,53.28823,2023/03/30 23:00:00+00,Fri 31 Mar 2023,10,12,0,3867875,3822415,241286,4109161,4063701,80.5681666450663,79.6768341186249,498
-7.6926,53.28823,2022/06/18 23:00:00+00,Sun 19 Jun 2022,79,129,0,3857716,3810323,241261,4098977,4051584,80.3684893364592,79.4392565510294,499
-7.6926,53.28823,2023/07/18 23:00:00+00,Wed 19 Jul 2023,4,3,0,3868855,3823216,241286,4110141,4064502,80.5873814685576,79.6925392957846,500
-7.6926,53.28823,2023/01/05 00:00:00+00,Thu 05 Jan 2023,22,16,0,3866007,3820776,241285,4107292,4062061,80.5315212316937,79.6446786997211,501
-7.6926,53.28823,2021/09/27 23:00:00+00,Tue 28 Sep 2021,1460,5172,94,3583458,3487482,240382,3823840,3727864,74.9738884273628,73.0920905708352,502
-7.6926,53.28823,2021/01/13 00:00:00+00,Wed 13 Jan 2021,9917,7,0,80525,149,6,80531,155,1.57896831691283,0.0030390792256583,503
-7.6926,53.28823,2022/08/22 23:00:00+00,Tue 23 Aug 2022,76,72,0,3861834,3816280,241274,4103108,4057554,80.4494856995637,79.5563101186241,504
-7.6926,53.28823,2023/03/31 23:00:00+00,Sat 01 Apr 2023,32,31,0,3867907,3822446,241286,4109193,4063732,80.5687940678742,79.67744193447,505
-7.6926,53.28823,2022/06/19 23:00:00+00,Mon 20 Jun 2022,9,28,0,3857725,3810351,241261,4098986,4051612,80.3686657991239,79.4398055459863,506
-7.6926,53.28823,2023/07/19 23:00:00+00,Thu 20 Jul 2023,1,4,0,3868856,3823220,241286,4110142,4064506,80.5874010755203,79.6926177236355,507
-7.6926,53.28823,2023/01/06 00:00:00+00,Fri 06 Jan 2023,34,21,0,3866041,3820797,241285,4107326,4062082,80.5321878684271,79.6450904459388,508
-7.6926,53.28823,2021/09/28 23:00:00+00,Wed 29 Sep 2021,1659,3650,80,3585117,3491132,240462,3825579,3731594,75.0079849355784,73.1652245418784,509
-7.6926,53.28823,2021/01/14 00:00:00+00,Thu 14 Jan 2021,8111,8,0,88636,157,6,88642,163,1.73800039174712,0.00319593492762776,510
-7.6926,53.28823,2022/08/23 23:00:00+00,Wed 24 Aug 2022,53,56,0,3861887,3816336,241274,4103161,4057610,80.4505248685892,79.5574081085379,511
-7.6926,53.28823,2023/04/01 23:00:00+00,Sun 02 Apr 2023,29,23,0,3867936,3822469,241286,4109222,4063755,80.5693626697938,79.6778928946132,512
-7.6926,53.28823,2022/06/20 23:00:00+00,Tue 21 Jun 2022,73,169,2,3857798,3810520,241263,4099061,4051783,80.3701363213299,79.4431583366159,513
-7.6926,53.28823,2023/07/21 23:00:00+00,Sat 22 Jul 2023,3,4,0,3868859,3823224,241286,4110145,4064510,80.5874598964086,79.6926961514865,514
-7.6926,53.28823,2023/01/07 00:00:00+00,Sat 07 Jan 2023,136,77,0,3866177,3820874,241285,4107462,4062159,80.5348544153606,79.6466001820703,515
-7.6926,53.28823,2021/09/29 23:00:00+00,Thu 30 Sep 2021,1279,4013,79,3586396,3495145,240541,3826937,3735686,75.0346111909877,73.2454562334358,516
-7.6926,53.28823,2021/01/15 00:00:00+00,Fri 15 Jan 2021,7715,8,0,96351,165,6,96357,171,1.88926810933391,0.00335279062959722,517
-7.6926,53.28823,2022/08/24 23:00:00+00,Thu 25 Aug 2022,38,49,0,3861925,3816385,241274,4103199,4057659,80.4512699331736,79.5583688497124,518
-7.6926,53.28823,2023/04/02 23:00:00+00,Mon 03 Apr 2023,2,0,0,3867938,3822469,241286,4109224,4063755,80.5694018837193,79.6778928946132,519
-7.6926,53.28823,2022/06/21 23:00:00+00,Wed 22 Jun 2022,60,97,0,3857858,3810617,241263,4099121,4051880,80.3713127390947,79.4450602120022,520
-7.6926,53.28823,2023/07/22 23:00:00+00,Sun 23 Jul 2023,1,0,0,3868860,3823224,241286,4110146,4064510,80.5874795033713,79.6926961514865,521
-7.6926,53.28823,2023/01/08 00:00:00+00,Sun 08 Jan 2023,51,45,0,3866228,3820919,241285,4107513,4062204,80.5358543704606,79.6474824953938,522
-7.6926,53.28823,2021/09/30 23:00:00+00,Fri 01 Oct 2021,1888,5228,42,3588284,3500373,240583,3828867,3740956,75.0724526290878,73.3487849271082,523
-7.6926,53.28823,2021/01/16 00:00:00+00,Sat 16 Jan 2021,5259,4,0,101610,169,6,101616,175,1.99238112641609,0.00343121848058195,524
-7.6926,53.28823,2022/08/25 23:00:00+00,Fri 26 Aug 2022,95,90,0,3862020,3816475,241274,4103294,4057749,80.4531325946345,79.5601334763596,525
-7.6926,53.28823,2023/04/03 23:00:00+00,Tue 04 Apr 2023,23,23,0,3867961,3822492,241286,4109247,4063778,80.5698528438625,79.6783438547563,526
-7.6926,53.28823,2022/06/22 23:00:00+00,Thu 23 Jun 2022,62,113,0,3857920,3810730,241263,4099183,4051993,80.3725283707849,79.4472757987926,527
-7.6926,53.28823,2023/07/23 23:00:00+00,Mon 24 Jul 2023,1,2,0,3868861,3823226,241286,4110147,4064512,80.5874991103341,79.692735365412,528
-7.6926,53.28823,2023/01/09 00:00:00+00,Mon 09 Jan 2023,1,2,0,3866229,3820921,241285,4107514,4062206,80.5358739774234,79.6475217093193,529
-7.6926,53.28823,2021/10/01 23:00:00+00,Sat 02 Oct 2021,1687,4120,41,3589971,3504493,240624,3830595,3745117,75.1063334607132,73.430369499095,530
-7.6926,53.28823,2021/01/17 00:00:00+00,Sun 17 Jan 2021,1118,6,0,102728,175,6,102734,181,2.01430171076632,0.00354886025705905,531
-7.6926,53.28823,2022/08/26 23:00:00+00,Sat 27 Aug 2022,86,119,0,3862106,3816594,241274,4103380,4057868,80.4548187934306,79.5624667049264,532
-7.6926,53.28823,2023/04/04 23:00:00+00,Wed 05 Apr 2023,6,26,0,3867967,3822518,241286,4109253,4063804,80.569970485639,79.6788536357877,533
-7.6926,53.28823,2023/04/05 23:00:00+00,Thu 06 Apr 2023,21,22,0,3867988,3822540,241286,4109274,4063826,80.5703822318567,79.6792849889681,534
-7.6926,53.28823,2023/04/06 23:00:00+00,Fri 07 Apr 2023,8,10,0,3867996,3822550,241286,4109282,4063836,80.5705390875586,79.6794810585956,535
-7.6926,53.28823,2023/04/07 23:00:00+00,Sat 08 Apr 2023,12,19,0,3868008,3822569,241286,4109294,4063855,80.5707743711116,79.6798535908878,536
-7.6926,53.28823,2023/04/08 23:00:00+00,Sun 09 Apr 2023,1,3,0,3868009,3822572,241286,4109295,4063858,80.5707939780743,79.679912411776,537
-7.6926,53.28823,2023/04/10 23:00:00+00,Tue 11 Apr 2023,11,15,0,3868020,3822587,241286,4109306,4063873,80.5710096546645,79.6802065162172,538
-7.6926,53.28823,2023/04/11 23:00:00+00,Wed 12 Apr 2023,7,12,0,3868027,3822599,241286,4109313,4063885,80.5711469034037,79.6804417997702,539
-7.6926,53.28823,2023/04/12 23:00:00+00,Thu 13 Apr 2023,13,17,0,3868040,3822616,241286,4109326,4063902,80.5714017939194,79.6807751181369,540
-7.6926,53.28823,2023/04/13 23:00:00+00,Fri 14 Apr 2023,6,7,0,3868046,3822623,241286,4109332,4063909,80.5715194356959,79.6809123668761,541
-7.6926,53.28823,2023/04/14 23:00:00+00,Sat 15 Apr 2023,22,32,0,3868068,3822655,241286,4109354,4063941,80.5719507888764,79.681539789684,542
-7.6926,53.28823,2023/04/15 23:00:00+00,Sun 16 Apr 2023,28,31,0,3868096,3822686,241286,4109382,4063972,80.5724997838332,79.6821476055291,543
-7.6926,53.28823,2023/04/16 23:00:00+00,Mon 17 Apr 2023,3,0,0,3868099,3822686,241286,4109385,4063972,80.5725586047215,79.6821476055291,544
-7.6926,53.28823,2023/04/17 23:00:00+00,Tue 18 Apr 2023,10,11,0,3868109,3822697,241286,4109395,4063983,80.5727546743489,79.6823632821193,545
-7.6926,53.28823,2023/04/18 23:00:00+00,Wed 19 Apr 2023,14,20,0,3868123,3822717,241286,4109409,4064003,80.5730291718274,79.6827554213742,546
-7.6926,53.28823,2023/04/19 23:00:00+00,Thu 20 Apr 2023,4,6,0,3868127,3822723,241286,4109413,4064009,80.5731075996784,79.6828730631507,547
-7.6926,53.28823,2023/04/20 23:00:00+00,Fri 21 Apr 2023,5,10,0,3868132,3822733,241286,4109418,4064019,80.5732056344921,79.6830691327781,548
-7.6926,53.28823,2023/04/21 23:00:00+00,Sat 22 Apr 2023,18,25,0,3868150,3822758,241286,4109436,4064044,80.5735585598215,79.6835593068468,549
-7.6926,53.28823,2023/04/22 23:00:00+00,Sun 23 Apr 2023,11,16,0,3868161,3822774,241286,4109447,4064060,80.5737742364117,79.6838730182508,550
-7.6926,53.28823,2023/04/23 23:00:00+00,Mon 24 Apr 2023,2,1,0,3868163,3822775,241286,4109449,4064061,80.5738134503372,79.6838926252135,551
-7.6926,53.28823,2023/04/25 23:00:00+00,Wed 26 Apr 2023,20,12,0,3868183,3822787,241286,4109469,4064073,80.5742055895922,79.6841279087664,552
-7.6926,53.28823,2023/04/26 23:00:00+00,Thu 27 Apr 2023,9,8,0,3868192,3822795,241286,4109478,4064081,80.5743820522569,79.6842847644684,553
-7.6926,53.28823,2023/04/27 23:00:00+00,Fri 28 Apr 2023,14,16,0,3868206,3822811,241286,4109492,4064097,80.5746565497353,79.6845984758724,554
-7.6926,53.28823,2023/04/28 23:00:00+00,Sat 29 Apr 2023,13,9,0,3868219,3822820,241286,4109505,4064106,80.574911440251,79.6847749385371,555
-7.6926,53.28823,2023/04/29 23:00:00+00,Sun 30 Apr 2023,6,11,0,3868225,3822831,241286,4109511,4064117,80.5750290820275,79.6849906151273,556
-7.6926,53.28823,2023/05/01 23:00:00+00,Tue 02 May 2023,7,13,0,3868232,3822844,241286,4109518,4064130,80.5751663307667,79.685245505643,557
-7.6926,53.28823,2023/05/02 23:00:00+00,Wed 03 May 2023,5,11,0,3868237,3822855,241286,4109523,4064141,80.5752643655805,79.6854611822332,558
-7.6926,53.28823,2023/05/03 23:00:00+00,Thu 04 May 2023,8,1,0,3868245,3822856,241286,4109531,4064142,80.5754212212824,79.6854807891959,559
-7.6926,53.28823,2023/05/04 23:00:00+00,Fri 05 May 2023,9,2,0,3868254,3822858,241286,4109540,4064144,80.5755976839471,79.6855200031214,560
-7.6926,53.28823,2023/05/05 23:00:00+00,Sat 06 May 2023,13,19,0,3868267,3822877,241286,4109553,4064163,80.5758525744628,79.6858925354136,561
-7.6926,53.28823,2023/05/06 23:00:00+00,Sun 07 May 2023,15,19,0,3868282,3822896,241286,4109568,4064182,80.576146678904,79.6862650677058,562
-7.6926,53.28823,2023/05/07 23:00:00+00,Mon 08 May 2023,2,1,0,3868284,3822897,241286,4109570,4064183,80.5761858928295,79.6862846746685,563
-7.6926,53.28823,2023/05/08 23:00:00+00,Tue 09 May 2023,13,6,0,3868297,3822903,241286,4109583,4064189,80.5764407833452,79.686402316445,564
-7.6926,53.28823,2023/05/09 23:00:00+00,Wed 10 May 2023,6,7,0,3868303,3822910,241286,4109589,4064196,80.5765584251217,79.6865395651842,565
-7.6926,53.28823,2023/05/10 23:00:00+00,Thu 11 May 2023,19,8,0,3868322,3822918,241286,4109608,4064204,80.5769309574139,79.6866964208862,566
-7.6926,53.28823,2023/05/11 23:00:00+00,Fri 12 May 2023,17,1,0,3868339,3822919,241286,4109625,4064205,80.5772642757806,79.6867160278489,567
-7.6926,53.28823,2023/05/12 23:00:00+00,Sat 13 May 2023,6,5,0,3868345,3822924,241286,4109631,4064210,80.577381917557,79.6868140626627,568
-7.6926,53.28823,2023/05/13 23:00:00+00,Sun 14 May 2023,11,13,0,3868356,3822937,241286,4109642,4064223,80.5775975941472,79.6870689531784,569
-7.6926,53.28823,2023/05/14 23:00:00+00,Mon 15 May 2023,7,5,0,3868363,3822942,241286,4109649,4064228,80.5777348428865,79.6871669879921,570
-7.6926,53.28823,2023/05/15 23:00:00+00,Tue 16 May 2023,12,6,0,3868375,3822948,241286,4109661,4064234,80.5779701264394,79.6872846297686,571
-7.6926,53.28823,2023/05/16 23:00:00+00,Wed 17 May 2023,17,2,0,3868392,3822950,241286,4109678,4064236,80.5783034448061,79.6873238436941,572
-7.6926,53.28823,2023/05/17 23:00:00+00,Thu 18 May 2023,20,4,0,3868412,3822954,241286,4109698,4064240,80.578695584061,79.6874022715451,573
-7.6926,53.28823,2023/05/18 23:00:00+00,Fri 19 May 2023,18,2,0,3868430,3822956,241286,4109716,4064242,80.5790485093905,79.6874414854706,574
-7.6926,53.28823,2023/05/19 23:00:00+00,Sat 20 May 2023,13,17,0,3868443,3822973,241286,4109729,4064259,80.5793033999062,79.6877748038372,575
-7.6926,53.28823,2023/05/20 23:00:00+00,Sun 21 May 2023,10,5,0,3868453,3822978,241286,4109739,4064264,80.5794994695336,79.687872838651,576
-7.6926,53.28823,2023/05/21 23:00:00+00,Mon 22 May 2023,8,1,0,3868461,3822979,241286,4109747,4064265,80.5796563252356,79.6878924456137,577
-7.6926,53.28823,2023/05/22 23:00:00+00,Tue 23 May 2023,22,9,0,3868483,3822988,241286,4109769,4064274,80.580087678416,79.6880689082784,578
-7.6926,53.28823,2023/05/23 23:00:00+00,Wed 24 May 2023,37,1,0,3868520,3822989,241286,4109806,4064275,80.5808131360376,79.6880885152412,579
-7.6926,53.28823,2023/05/24 23:00:00+00,Thu 25 May 2023,13,5,0,3868533,3822994,241286,4109819,4064280,80.5810680265533,79.6881865500549,580
-7.6926,53.28823,2023/05/25 23:00:00+00,Fri 26 May 2023,21,0,0,3868554,3822994,241286,4109840,4064280,80.581479772771,79.6881865500549,581
-7.6926,53.28823,2023/05/26 23:00:00+00,Sat 27 May 2023,7,13,0,3868561,3823007,241286,4109847,4064293,80.5816170215102,79.6884414405706,582
-7.6926,53.28823,2023/05/27 23:00:00+00,Sun 28 May 2023,4,6,0,3868565,3823013,241286,4109851,4064299,80.5816954493612,79.6885590823471,583
-7.6926,53.28823,2023/05/28 23:00:00+00,Mon 29 May 2023,25,5,0,3868590,3823018,241286,4109876,4064304,80.5821856234299,79.6886571171608,584
-7.6926,53.28823,2023/05/29 23:00:00+00,Tue 30 May 2023,29,8,0,3868619,3823026,241286,4109905,4064312,80.5827542253495,79.6888139728628,585
-7.6926,53.28823,2023/05/30 23:00:00+00,Wed 31 May 2023,8,4,0,3868627,3823030,241286,4109913,4064316,80.5829110810514,79.6888924007138,586
-7.6926,53.28823,2023/05/31 23:00:00+00,Thu 01 Jun 2023,13,7,0,3868640,3823037,241286,4109926,4064323,80.5831659715672,79.689029649453,587
-7.6926,53.28823,2023/06/01 23:00:00+00,Fri 02 Jun 2023,6,5,0,3868646,3823042,241286,4109932,4064328,80.5832836133436,79.6891276842667,588
-7.6926,53.28823,2023/06/02 23:00:00+00,Sat 03 Jun 2023,3,5,0,3868649,3823047,241286,4109935,4064333,80.5833424342319,79.6892257190805,589
-7.6926,53.28823,2023/06/03 23:00:00+00,Sun 04 Jun 2023,2,3,0,3868651,3823050,241286,4109937,4064336,80.5833816481574,79.6892845399687,590
-7.6926,53.28823,2023/06/04 23:00:00+00,Mon 05 Jun 2023,6,7,0,3868657,3823057,241286,4109943,4064343,80.5834992899338,79.6894217887079,591
-7.6926,53.28823,2023/06/05 23:00:00+00,Tue 06 Jun 2023,11,4,0,3868668,3823061,241286,4109954,4064347,80.5837149665241,79.6895002165589,592
-7.6926,53.28823,2023/06/06 23:00:00+00,Wed 07 Jun 2023,12,4,0,3868680,3823065,241286,4109966,4064351,80.583950250077,79.6895786444099,593
-7.6926,53.28823,2023/06/07 23:00:00+00,Thu 08 Jun 2023,4,2,0,3868684,3823067,241286,4109970,4064353,80.584028677928,79.6896178583354,594
-7.6926,53.28823,2023/06/08 23:00:00+00,Fri 09 Jun 2023,10,5,0,3868694,3823072,241286,4109980,4064358,80.5842247475555,79.6897158931491,595
-7.6926,53.28823,2023/06/09 23:00:00+00,Sat 10 Jun 2023,7,6,0,3868701,3823078,241286,4109987,4064364,80.5843619962947,79.6898335349256,596
-7.6926,53.28823,2023/06/10 23:00:00+00,Sun 11 Jun 2023,4,6,0,3868705,3823084,241286,4109991,4064370,80.5844404241457,79.6899511767021,597
-7.6926,53.28823,2023/06/11 23:00:00+00,Mon 12 Jun 2023,5,3,0,3868710,3823087,241286,4109996,4064373,80.5845384589594,79.6900099975903,598
-7.6926,53.28823,2023/06/12 23:00:00+00,Tue 13 Jun 2023,20,3,0,3868730,3823090,241286,4110016,4064376,80.5849305982143,79.6900688184785,599
-7.6926,53.28823,2023/06/13 23:00:00+00,Wed 14 Jun 2023,7,8,0,3868737,3823098,241286,4110023,4064384,80.5850678469535,79.6902256741805,600
-7.6926,53.28823,2023/06/14 23:00:00+00,Thu 15 Jun 2023,13,8,0,3868750,3823106,241286,4110036,4064392,80.5853227374692,79.6903825298825,601
-7.6926,53.28823,2023/06/15 23:00:00+00,Fri 16 Jun 2023,13,4,0,3868763,3823110,241286,4110049,4064396,80.5855776279849,79.6904609577335,602
-7.6926,53.28823,2023/06/16 23:00:00+00,Sat 17 Jun 2023,1,1,0,3868764,3823111,241286,4110050,4064397,80.5855972349477,79.6904805646962,603
-7.6926,53.28823,2023/06/17 23:00:00+00,Sun 18 Jun 2023,3,8,0,3868767,3823119,241286,4110053,4064405,80.5856560558359,79.6906374203982,604
-7.6926,53.28823,2023/06/18 23:00:00+00,Mon 19 Jun 2023,1,3,0,3868768,3823122,241286,4110054,4064408,80.5856756627987,79.6906962412864,605
-7.6926,53.28823,2023/06/19 23:00:00+00,Tue 20 Jun 2023,7,1,0,3868775,3823123,241286,4110061,4064409,80.5858129115379,79.6907158482492,606
-7.6926,53.28823,2023/06/20 23:00:00+00,Wed 21 Jun 2023,4,5,0,3868779,3823128,241286,4110065,4064414,80.5858913393889,79.6908138830629,607
-7.6926,53.28823,2023/06/21 23:00:00+00,Thu 22 Jun 2023,3,2,0,3868782,3823130,241286,4110068,4064416,80.5859501602771,79.6908530969884,608
-7.6926,53.28823,2023/06/22 23:00:00+00,Fri 23 Jun 2023,3,3,0,3868785,3823133,241286,4110071,4064419,80.5860089811654,79.6909119178766,609
-7.6926,53.28823,2023/06/23 23:00:00+00,Sat 24 Jun 2023,4,3,0,3868789,3823136,241286,4110075,4064422,80.5860874090163,79.6909707387649,610
-7.6926,53.28823,2023/06/25 23:00:00+00,Mon 26 Jun 2023,1,6,0,3868790,3823142,241286,4110076,4064428,80.5861070159791,79.6910883805413,611
-7.6926,53.28823,2022/06/23 23:00:00+00,Fri 24 Jun 2022,55,93,1,3857975,3810823,241264,4099239,4052087,80.3736263606987,79.4491188532907,612
-7.6926,53.28823,2021/10/02 23:00:00+00,Sun 03 Oct 2021,1199,3028,9,3591170,3507521,240633,3831803,3748154,75.1300186717106,73.4899158449552,613
-7.6926,53.28823,2023/01/10 00:00:00+00,Tue 10 Jan 2023,40,14,0,3866269,3820935,241285,4107554,4062220,80.5366582559332,79.6477962067978,614
-7.6926,53.28823,2023/07/24 23:00:00+00,Tue 25 Jul 2023,4,0,0,3868865,3823226,241286,4110151,4064512,80.587577538185,79.692735365412,615
-7.6926,53.28823,2022/06/24 23:00:00+00,Sat 25 Jun 2022,210,293,0,3858185,3811116,241264,4099449,4052380,80.3777438228754,79.4548636933753,616
-7.6926,53.28823,2021/10/03 23:00:00+00,Mon 04 Oct 2021,354,1253,18,3591524,3508774,240651,3832175,3749425,75.1373124618522,73.5148362946056,617
-7.6926,53.28823,2022/08/27 23:00:00+00,Sun 28 Aug 2022,45,21,0,3862151,3816615,241274,4103425,4057889,80.4557011067542,79.5628784511441,618
-7.6926,53.28823,2021/01/18 00:00:00+00,Mon 18 Jan 2021,8738,11,1,111466,186,7,111473,193,2.18564695820521,0.00378414381001324,619
-7.6926,53.28823,2023/01/11 00:00:00+00,Wed 11 Jan 2023,58,31,0,3866327,3820966,241285,4107612,4062251,80.5377954597725,79.6484040226429,620
-7.6926,53.28823,2023/07/25 23:00:00+00,Wed 26 Jul 2023,1,3,0,3868866,3823229,241286,4110152,4064515,80.5875971451478,79.6927941863003,621
-7.6926,53.28823,2021/10/04 23:00:00+00,Tue 05 Oct 2021,962,2850,70,3592486,3511624,240721,3833207,3752345,75.1575468474063,73.5720886258244,622
-7.6926,53.28823,2022/06/25 23:00:00+00,Sun 26 Jun 2022,174,403,0,3858359,3811519,241264,4099623,4052783,80.3811554343932,79.462765299362,623
-7.6926,53.28823,2021/01/19 00:00:00+00,Tue 19 Jan 2021,8411,25,0,119877,211,7,119884,218,2.35056112186335,0.0042743178786678,624
-7.6926,53.28823,2022/08/28 23:00:00+00,Mon 29 Aug 2022,11,13,0,3862162,3816628,241274,4103436,4057902,80.4559167833444,79.5631333416597,625
-7.6926,53.28823,2023/01/12 00:00:00+00,Thu 12 Jan 2023,14,12,0,3866341,3820978,241285,4107626,4062263,80.5380699572509,79.6486393061959,626
-7.6926,53.28823,2023/07/26 23:00:00+00,Thu 27 Jul 2023,1,3,0,3868867,3823232,241286,4110153,4064518,80.5876167521105,79.6928530071885,627
-7.6926,53.28823,2021/10/05 23:00:00+00,Wed 06 Oct 2021,974,2592,40,3593460,3514216,240761,3834221,3754977,75.1774283076309,73.6236941517724,628
-7.6926,53.28823,2022/06/26 23:00:00+00,Mon 27 Jun 2022,5,35,0,3858364,3811554,241264,4099628,4052818,80.381253469207,79.4634515430582,629
-7.6926,53.28823,2021/01/20 00:00:00+00,Wed 20 Jan 2021,8465,969,0,128342,1180,7,128349,1187,2.51653406150979,0.0232734647797187,630
-7.6926,53.28823,2022/08/29 23:00:00+00,Tue 30 Aug 2022,41,44,1,3862203,3816672,241275,4103478,4057947,80.4567402757798,79.5640156549833,631
-7.6926,53.28823,2023/07/27 23:00:00+00,Fri 28 Jul 2023,2,2,0,3868869,3823234,241286,4110155,4064520,80.587655966036,79.692892221114,632
-7.6926,53.28823,2021/10/06 23:00:00+00,Thu 07 Oct 2021,1215,2737,44,3594675,3516953,240805,3835480,3757758,75.2021134737283,73.6782211151695,633
-7.6926,53.28823,2023/01/13 00:00:00+00,Fri 13 Jan 2023,27,13,0,3866368,3820991,241285,4107653,4062276,80.5385993452451,79.6488941967116,634
-7.6926,53.28823,2022/06/27 23:00:00+00,Tue 28 Jun 2022,47,60,0,3858411,3811614,241264,4099675,4052878,80.382174996456,79.4646279608229,635
-7.6926,53.28823,2021/01/21 00:00:00+00,Thu 21 Jan 2021,9035,968,0,137377,2148,7,137384,2155,2.69368296992155,0.0422530047180234,636
-7.6926,53.28823,2022/08/30 23:00:00+00,Wed 31 Aug 2022,27,29,0,3862230,3816701,241275,4103505,4057976,80.4572696637739,79.564584256903,637
-7.6926,53.28823,2021/10/07 23:00:00+00,Fri 08 Oct 2021,919,2771,48,3595594,3519724,240853,3836447,3760577,75.2210734067039,73.733493143151,638
-7.6926,53.28823,2023/01/14 00:00:00+00,Sat 14 Jan 2023,74,40,0,3866442,3821031,241285,4107727,4062316,80.5400502604883,79.6496784752214,639
-7.6926,53.28823,2022/06/28 23:00:00+00,Wed 29 Jun 2022,62,81,4,3858473,3811695,241268,4099741,4052963,80.3834690559973,79.4662945526564,640
-7.6926,53.28823,2023/07/28 23:00:00+00,Sat 29 Jul 2023,7,9,0,3868876,3823243,241286,4110162,4064529,80.5877932147753,79.6930686837787,641
-7.6926,53.28823,2022/08/31 23:00:00+00,Thu 01 Sep 2022,31,33,0,3862261,3816734,241275,4103536,4058009,80.4578774796191,79.5652312866736,642
-7.6926,53.28823,2021/01/22 00:00:00+00,Fri 22 Jan 2021,6813,973,0,144190,3121,7,144197,3128,2.82726520711129,0.0613305794700591,643
-7.6926,53.28823,2021/10/08 23:00:00+00,Sat 09 Oct 2021,724,2379,24,3596318,3522103,240877,3837195,3762980,75.235739414838,73.7806086746301,644
-7.6926,53.28823,2023/01/15 00:00:00+00,Sun 15 Jan 2023,60,30,0,3866502,3821061,241285,4107787,4062346,80.5412266782531,79.6502666841038,645
-7.6926,53.28823,2022/06/29 23:00:00+00,Thu 30 Jun 2022,48,90,0,3858521,3811785,241268,4099789,4053053,80.3844101902091,79.4680591793035,646
-7.6926,53.28823,2023/07/30 23:00:00+00,Mon 31 Jul 2023,1,0,0,3868877,3823243,241286,4110163,4064529,80.587812821738,79.6930686837787,647
-7.6926,53.28823,2022/09/01 23:00:00+00,Fri 02 Sep 2022,46,51,0,3862307,3816785,241275,4103582,4058060,80.4587793999054,79.5662312417737,648
-7.6926,53.28823,2021/01/23 00:00:00+00,Sat 23 Jan 2021,4207,461,0,148397,3582,7,148404,3589,2.90975169938448,0.0703693892960493,649
-7.6926,53.28823,2021/10/09 23:00:00+00,Sun 10 Oct 2021,1522,3933,3,3597840,3526036,240880,3838720,3766916,75.265640033026,73.8577816799991,650
-7.6926,53.28823,2023/01/16 00:00:00+00,Mon 16 Jan 2023,6,2,0,3866508,3821063,241285,4107793,4062348,80.5413443200296,79.6503058980293,651
-7.6926,53.28823,2022/06/30 23:00:00+00,Fri 01 Jul 2022,47,67,0,3858568,3811852,241268,4099836,4053120,80.3853317174582,79.4693728458075,652
-7.6926,53.28823,2023/07/31 23:00:00+00,Tue 01 Aug 2023,6,1,0,3868883,3823244,241286,4110169,4064530,80.5879304635145,79.6930882907415,653
-7.6926,53.28823,2022/09/02 23:00:00+00,Sat 03 Sep 2022,66,101,0,3862373,3816886,241275,4103648,4058161,80.4600734594466,79.568211545011,654
-7.6926,53.28823,2021/01/24 00:00:00+00,Sun 24 Jan 2021,1193,401,0,149590,3983,7,149597,3990,2.93314280594067,0.0782317813572685,655
-7.6926,53.28823,2021/10/10 23:00:00+00,Mon 11 Oct 2021,338,1156,20,3598178,3527192,240900,3839078,3768092,75.2726593256891,73.8808394681886,656
-7.6926,53.28823,2023/01/17 00:00:00+00,Tue 17 Jan 2023,14,19,0,3866522,3821082,241285,4107807,4062367,80.541618817508,79.6506784303215,657
-7.6926,53.28823,2022/07/01 23:00:00+00,Sat 02 Jul 2022,181,228,0,3858749,3812080,241268,4100017,4053348,80.3888805777152,79.4738432333136,658
-7.6926,53.28823,2023/08/01 23:00:00+00,Wed 02 Aug 2023,2,0,0,3868885,3823244,241286,4110171,4064530,80.58796967744,79.6930882907415,659
-7.6926,53.28823,2022/09/03 23:00:00+00,Sun 04 Sep 2022,58,82,0,3862431,3816968,241275,4103706,4058243,80.4612106632859,79.5698193159562,660
-7.6926,53.28823,2021/01/25 00:00:00+00,Mon 25 Jan 2021,1389,1299,0,150979,5282,7,150986,5289,2.96037687719512,0.10370122596456,661
-7.6926,53.28823,2021/10/11 23:00:00+00,Tue 12 Oct 2021,566,1640,21,3598744,3528832,240921,3839665,3769753,75.2841686128211,73.91340663331,662
-7.6926,53.28823,2023/01/18 00:00:00+00,Wed 18 Jan 2023,34,16,0,3866556,3821098,241285,4107841,4062383,80.5422854542414,79.6509921417254,663
-7.6926,53.28823,2022/07/02 23:00:00+00,Sun 03 Jul 2022,108,274,0,3858857,3812354,241268,4100125,4053622,80.3909981296918,79.4792155411061,664
-7.6926,53.28823,2023/08/02 23:00:00+00,Thu 03 Aug 2023,2,2,0,3868887,3823246,241286,4110173,4064532,80.5880088913655,79.6931275046669,665
-7.6926,53.28823,2022/09/04 23:00:00+00,Mon 05 Sep 2022,10,7,0,3862441,3816975,241275,4103716,4058250,80.4614067329134,79.5699565646954,666
-7.6926,53.28823,2021/01/26 00:00:00+00,Tue 26 Jan 2021,1017,3509,0,151996,8791,7,152003,8798,2.98031715830799,0.172502058240914,667
-7.6926,53.28823,2021/10/12 23:00:00+00,Wed 13 Oct 2021,990,2096,11,3599734,3530928,240932,3840666,3771860,75.30379518253,73.9547185038162,668
-7.6926,53.28823,2023/01/19 00:00:00+00,Thu 19 Jan 2023,15,7,0,3866571,3821105,241285,4107856,4062390,80.5425795586826,79.6511293904646,669
-7.6926,53.28823,2022/07/03 23:00:00+00,Mon 04 Jul 2022,14,15,1,3858871,3812369,241269,4100140,4053638,80.391292234133,79.47952925251,670
-7.6926,53.28823,2023/08/03 23:00:00+00,Fri 04 Aug 2023,9,5,0,3868896,3823251,241286,4110182,4064537,80.5881853540302,79.6932255394807,671
-7.6926,53.28823,2022/09/05 23:00:00+00,Tue 06 Sep 2022,37,22,0,3862478,3816997,241275,4103753,4058272,80.462132190535,79.5703879178758,672
-7.6926,53.28823,2021/01/27 00:00:00+00,Wed 27 Jan 2021,2206,6717,0,154202,15508,7,154209,15515,3.02357011812607,0.304202027007023,673
-7.6926,53.28823,2021/10/13 23:00:00+00,Thu 14 Oct 2021,657,1634,9,3600391,3532562,240941,3841332,3773503,75.316853419719,73.9869327436082,674
-7.6926,53.28823,2023/01/20 00:00:00+00,Fri 20 Jan 2023,17,8,0,3866588,3821113,241285,4107873,4062398,80.5429128770492,79.6512862461666,675
-7.6926,53.28823,2022/07/04 23:00:00+00,Tue 05 Jul 2022,51,69,0,3858922,3812438,241269,4100191,4053707,80.3922921892331,79.4808821329395,676
-7.6926,53.28823,2023/08/07 23:00:00+00,Tue 08 Aug 2023,1,1,0,3868897,3823252,241286,4110183,4064538,80.5882049609929,79.6932451464434,677
-7.6926,53.28823,2022/09/06 23:00:00+00,Wed 07 Sep 2022,39,42,0,3862517,3817039,241275,4103792,4058314,80.4628968620821,79.5712114103112,678
-7.6926,53.28823,2021/01/28 00:00:00+00,Thu 28 Jan 2021,1041,11548,0,155243,27056,7,155250,27063,3.04398096634484,0.530623232799939,679
-7.6926,53.28823,2021/01/29 00:00:00+00,Fri 29 Jan 2021,1607,11529,0,156850,38585,7,156857,38592,3.07548935547796,0.756671906300678,680
-7.6926,53.28823,2021/01/30 00:00:00+00,Sat 30 Jan 2021,669,7798,0,157519,46383,7,157526,46390,3.08860641355516,0.90956700179541,681
-7.6926,53.28823,2021/01/31 00:00:00+00,Sun 31 Jan 2021,246,4089,0,157765,50472,7,157772,50479,3.09342972639072,0.98973987246455,682
-7.6926,53.28823,2021/02/01 00:00:00+00,Mon 01 Feb 2021,1061,8339,1,158826,58811,8,158834,58819,3.11425232082716,1.15326194176771,683
-7.6926,53.28823,2021/02/02 00:00:00+00,Tue 02 Feb 2021,861,5118,1,159687,63929,9,159696,63938,3.13115352271437,1.25362998406542,684
-7.6926,53.28823,2021/02/03 00:00:00+00,Wed 03 Feb 2021,1419,6876,0,161106,70805,9,161115,70814,3.15897580285121,1.38844745990817,685
-7.6926,53.28823,2021/02/04 00:00:00+00,Thu 04 Feb 2021,1474,10544,1,162580,81349,10,162590,81359,3.18789607290182,1.59520288206667,686
-7.6926,53.28823,2021/02/05 00:00:00+00,Fri 05 Feb 2021,3418,8618,0,165998,89967,10,166008,89977,3.25491267156828,1.76417568701327,687
-7.6926,53.28823,2021/02/06 00:00:00+00,Sat 06 Feb 2021,924,3875,0,166922,93842,10,166932,93852,3.27302950514575,1.84015266765473,688
-7.6926,53.28823,2021/02/07 00:00:00+00,Sun 07 Feb 2021,343,1301,2,167265,95143,12,167277,95155,3.27979390729318,1.865700540113,689
-7.6926,53.28823,2021/02/08 00:00:00+00,Mon 08 Feb 2021,1202,885,0,168467,96028,12,168479,96040,3.30336147651409,1.88305270214337,690
-7.6926,53.28823,2021/02/09 00:00:00+00,Tue 09 Feb 2021,4285,562,3,172752,96590,15,172767,96605,3.38743613276973,1.89413063609497,691
-7.6926,53.28823,2021/02/10 00:00:00+00,Wed 10 Feb 2021,8845,592,0,181597,97182,15,181612,97197,3.56085971825971,1.90573795804071,692
-7.6926,53.28823,2021/02/11 00:00:00+00,Thu 11 Feb 2021,6217,455,0,187814,97637,15,187829,97652,3.68275620565273,1.91465912609022,693
-7.6926,53.28823,2021/02/12 00:00:00+00,Fri 12 Feb 2021,4417,530,0,192231,98167,15,192246,98182,3.76936016010262,1.9250508163457,694
-7.6926,53.28823,2021/02/13 00:00:00+00,Sat 13 Feb 2021,1232,1920,0,193463,100087,15,193478,100102,3.79351593820591,1.96269618481837,695
-7.6926,53.28823,2021/02/14 00:00:00+00,Sun 14 Feb 2021,2714,33,0,196177,100120,15,196192,100135,3.84672923509905,1.96334321458899,696
-7.6926,53.28823,2021/02/15 00:00:00+00,Mon 15 Feb 2021,1981,7907,0,198158,108027,15,198173,108042,3.88557062829924,2.11837546902306,697
-7.6926,53.28823,2021/02/16 00:00:00+00,Tue 16 Feb 2021,5668,8181,0,203826,116208,15,203841,116223,3.9967028931446,2.27878003124958,698
-7.6926,53.28823,2021/02/17 00:00:00+00,Wed 17 Feb 2021,9770,8469,0,213596,124677,15,213611,124692,4.18826291917481,2.444831398747,699
-7.6926,53.28823,2021/02/18 00:00:00+00,Thu 18 Feb 2021,8481,8366,2,222077,133043,17,222094,133060,4.35458878415067,2.60890246300705,700
-7.6926,53.28823,2021/02/19 00:00:00+00,Fri 19 Feb 2021,9410,6603,3,231487,139646,20,231507,139666,4.53914912448049,2.73842605890834,701
-7.6926,53.28823,2021/02/20 00:00:00+00,Sat 20 Feb 2021,5906,3585,3,237393,143231,23,237416,143254,4.65500666734768,2.80877584124164,702
-7.6926,53.28823,2021/02/21 00:00:00+00,Sun 21 Feb 2021,1125,1027,7,238518,144258,30,238548,144288,4.67720174917636,2.82904944072119,703
-7.6926,53.28823,2021/02/22 00:00:00+00,Mon 22 Feb 2021,3966,1136,3,242484,145394,33,242517,145427,4.75502178431596,2.85138177128909,704
-7.6926,53.28823,2021/02/23 00:00:00+00,Tue 23 Feb 2021,13390,1078,2,255874,146472,35,255909,146507,5.01759822941284,2.87255729105497,705
-7.6926,53.28823,2021/02/24 00:00:00+00,Wed 24 Feb 2021,16964,2116,7,272838,148588,42,272880,148630,5.3503479941783,2.91418287296512,706
-7.6926,53.28823,2021/02/25 00:00:00+00,Thu 25 Feb 2021,18118,1781,3,290956,150369,45,291001,150414,5.70564576610187,2.94916169450431,707
-7.6926,53.28823,2021/02/26 00:00:00+00,Fri 26 Feb 2021,16110,2793,1,307066,153162,46,307112,153208,6.02153354290562,3.00394354841714,708
-7.6926,53.28823,2021/02/27 00:00:00+00,Sat 27 Feb 2021,9015,710,1,316081,153872,47,316128,153919,6.1983099190252,3.01788409892968,709
-7.6926,53.28823,2021/02/28 00:00:00+00,Sun 28 Feb 2021,2457,62,2,318538,153934,49,318587,153983,6.24652344041807,3.01913894454543,710
-7.6926,53.28823,2021/03/01 00:00:00+00,Mon 01 Mar 2021,5662,821,0,324200,154755,49,324249,154804,6.35753806348695,3.03523626096005,711
-7.6926,53.28823,2021/03/02 00:00:00+00,Tue 02 Mar 2021,12228,1627,0,336428,156382,49,336477,156431,6.59729200394727,3.06713678934809,712
-7.6926,53.28823,2021/03/03 00:00:00+00,Wed 03 Mar 2021,12948,1519,1,349376,157901,50,349426,157951,6.85118256454759,3.09693937272228,713
-7.6926,53.28823,2021/03/04 00:00:00+00,Thu 04 Mar 2021,18753,1708,6,368129,159609,56,368185,159665,7.21898957870323,3.13054570686924,714
-7.6926,53.28823,2021/03/05 00:00:00+00,Fri 05 Mar 2021,18487,2415,6,386616,162024,62,386678,162086,7.58158114076839,3.17801416367775,715
-7.6926,53.28823,2021/03/06 00:00:00+00,Sat 06 Mar 2021,10430,159,5,397046,162183,67,397113,162250,7.7861797970248,3.18122970556812,716
-7.6926,53.28823,2021/03/07 00:00:00+00,Sun 07 Mar 2021,1546,20,5,398592,162203,72,398664,162275,7.81659019624413,3.18171987963678,717
-7.6926,53.28823,2021/03/08 00:00:00+00,Mon 08 Mar 2021,6698,1520,6,405290,163723,78,405368,163801,7.94803527449454,3.21164010478745,718
-7.6926,53.28823,2021/03/09 00:00:00+00,Tue 09 Mar 2021,13881,3118,8,419171,166841,86,419257,166927,8.22035638007627,3.27293147033202,719
-7.6926,53.28823,2021/03/10 00:00:00+00,Wed 10 Mar 2021,13786,4013,3,432957,170854,89,433046,170943,8.49071678938338,3.35167303272069,720
-7.6926,53.28823,2021/03/11 00:00:00+00,Thu 11 Mar 2021,18536,2115,4,451493,172969,93,451586,173062,8.8542298786976,3.39322018677985,721
-7.6926,53.28823,2021/03/12 00:00:00+00,Fri 12 Mar 2021,17382,1358,4,468875,174327,97,468972,174424,9.19511653300273,3.41992487004015,722
-7.6926,53.28823,2021/03/13 00:00:00+00,Sat 13 Mar 2021,8349,184,0,477224,174511,97,477321,174608,9.35881506497061,3.42353255118545,723
-7.6926,53.28823,2021/03/14 00:00:00+00,Sun 14 Mar 2021,406,24,3,477630,174535,100,477730,174635,9.3668343127338,3.42406193917959,724
-7.6926,53.28823,2021/03/15 00:00:00+00,Mon 15 Mar 2021,2689,1010,0,480319,175545,100,480419,175645,9.41955743555829,3.44386497155324,725
-7.6926,53.28823,2021/03/16 00:00:00+00,Tue 16 Mar 2021,8990,3840,2,489309,179385,102,489411,179487,9.59586324457196,3.51919492242407,726
-7.6926,53.28823,2021/03/17 00:00:00+00,Wed 17 Mar 2021,4929,2439,8,494238,181824,110,494348,181934,9.69266281964986,3.56717316026398,727
-7.6926,53.28823,2021/03/18 00:00:00+00,Thu 18 Mar 2021,11768,4705,8,506006,186529,118,506124,186647,9.92355441294891,3.65958077568674,728
-7.6926,53.28823,2021/03/19 00:00:00+00,Fri 19 Mar 2021,10408,6149,2,516414,192678,120,516534,192798,10.1276628951367,3.78018320353851,729
-7.6926,53.28823,2021/03/20 00:00:00+00,Sat 20 Mar 2021,5276,3137,4,521690,195815,124,521814,195939,10.2311876584365,3.84176867352427,730
-7.6926,53.28823,2021/03/21 00:00:00+00,Sun 21 Mar 2021,3663,59,3,525353,195874,127,525480,196001,10.303066783864,3.84298430521453,731
-7.6926,53.28823,2021/03/22 00:00:00+00,Mon 22 Mar 2021,7443,2430,1,532796,198304,128,532924,198432,10.4490210145466,3.8906488316505,732
-7.6926,53.28823,2021/03/23 00:00:00+00,Tue 23 Mar 2021,12595,7418,6,545391,205722,134,545525,205856,10.6960883521112,4.03621092307816,733
-7.6926,53.28823,2021/03/24 00:00:00+00,Wed 24 Mar 2021,13662,9801,3,559053,215523,137,559190,215660,10.9640174980378,4.22843758584173,734
-7.6926,53.28823,2021/03/25 00:00:00+00,Thu 25 Mar 2021,20910,10241,4,579963,225764,141,580104,225905,11.3740775169115,4.42931091917637,735
-7.6926,53.28823,2021/03/26 00:00:00+00,Fri 26 Mar 2021,19732,9525,1,599695,235289,142,599837,235431,11.7609817127819,4.61608684629651,736
-7.6926,53.28823,2021/03/27 00:00:00+00,Sat 27 Mar 2021,11783,5377,3,611478,240666,145,611623,240811,11.9920693757084,4.72157230587097,737
-7.6926,53.28823,2021/03/28 00:00:00+00,Sun 28 Mar 2021,2509,495,0,613987,241161,145,614132,241306,12.0412632452386,4.73127775243033,738
-7.6926,53.28823,2021/03/28 23:00:00+00,Mon 29 Mar 2021,9306,3136,3,623293,244297,148,623441,244445,12.2237844614428,4.7928240084906,739
-7.6926,53.28823,2021/03/29 23:00:00+00,Tue 30 Mar 2021,13364,8694,4,636657,252991,152,636809,253143,12.4858903394338,4.96336537045689,740
-7.6926,53.28823,2021/03/30 23:00:00+00,Wed 31 Mar 2021,15871,10533,4,652528,263524,156,652684,263680,12.7971508730294,5.16996393691342,741
-7.6926,53.28823,2021/03/31 23:00:00+00,Thu 01 Apr 2021,19744,11611,9,672272,275135,165,672437,275300,13.1844472081548,5.39779684402406,742
-7.6926,53.28823,2021/04/01 23:00:00+00,Fri 02 Apr 2021,20176,13737,9,692448,288872,174,692622,289046,13.5802137511865,5.66731415393309,743
-7.6926,53.28823,2021/04/02 23:00:00+00,Sat 03 Apr 2021,7569,4646,7,700017,293518,181,700198,293699,13.7287561009515,5.75854535159108,744
-7.6926,53.28823,2021/04/03 23:00:00+00,Sun 04 Apr 2021,3056,177,3,703073,293695,184,703257,293879,13.7887337999921,5.76207460488539,745
-7.6926,53.28823,2021/04/04 23:00:00+00,Mon 05 Apr 2021,3466,624,6,706539,294319,190,706729,294509,13.8568091746469,5.77442699141548,746
-7.6926,53.28823,2021/04/05 23:00:00+00,Tue 06 Apr 2021,12026,8171,14,718565,302490,204,718769,302694,14.0928770061109,5.93490998149299,747
-7.6926,53.28823,2021/10/14 23:00:00+00,Fri 15 Oct 2021,958,2101,10,3601349,3534663,240951,3842300,3775614,75.3358329596573,74.0283230419654,748
-7.6926,53.28823,2023/01/21 00:00:00+00,Sat 21 Jan 2023,74,27,0,3866662,3821140,241285,4107947,4062425,80.5443637922925,79.6518156341607,749
-7.6926,53.28823,2022/07/05 23:00:00+00,Wed 06 Jul 2022,60,83,0,3858982,3812521,241269,4100251,4053790,80.3934686069978,79.4825095108474,750
-7.6926,53.28823,2023/08/08 23:00:00+00,Wed 09 Aug 2023,3,3,0,3868900,3823255,241286,4110186,4064541,80.5882637818812,79.6933039673317,751
-7.6926,53.28823,2023/01/22 00:00:00+00,Sun 22 Jan 2023,20,13,0,3866682,3821153,241285,4107967,4062438,80.5447559315474,79.6520705246764,752
-7.6926,53.28823,2021/10/15 23:00:00+00,Sat 16 Oct 2021,1385,2675,14,3602734,3537338,240965,3843699,3778303,75.3632631005392,74.0810461647899,753
-7.6926,53.28823,2022/07/06 23:00:00+00,Thu 07 Jul 2022,78,77,0,3859060,3812598,241269,4100329,4053867,80.394997950092,79.4840192469789,754
-7.6926,53.28823,2023/01/23 00:00:00+00,Mon 23 Jan 2023,3,2,0,3866685,3821155,241285,4107970,4062440,80.5448147524356,79.6521097386019,755
-7.6926,53.28823,2023/08/09 23:00:00+00,Thu 10 Aug 2023,6,2,0,3868906,3823257,241286,4110192,4064543,80.5883814236576,79.6933431812572,756
-7.6926,53.28823,2021/10/16 23:00:00+00,Sun 17 Oct 2021,1709,2897,3,3604443,3540235,240968,3845411,3781203,75.3968302207607,74.1379063567538,757
-7.6926,53.28823,2022/07/07 23:00:00+00,Fri 08 Jul 2022,98,91,0,3859158,3812689,241269,4100427,4053958,80.3969194324412,79.4858034805888,758
-7.6926,53.28823,2023/01/24 00:00:00+00,Tue 24 Jan 2023,16,13,0,3866701,3821168,241285,4107986,4062453,80.5451284638396,79.6523646291176,759
-7.6926,53.28823,2023/08/10 23:00:00+00,Fri 11 Aug 2023,1,0,0,3868907,3823257,241286,4110193,4064543,80.5884010306204,79.6933431812572,760
-7.6926,53.28823,2021/10/17 23:00:00+00,Mon 18 Oct 2021,684,1275,6,3605127,3541510,240974,3846101,3782484,75.4103590250555,74.1630228760316,761
-7.6926,53.28823,2022/09/07 23:00:00+00,Thu 08 Sep 2022,31,54,2,3862548,3817093,241277,4103825,4058370,80.4635438918527,79.572309400225,762
-7.6926,53.28823,2023/08/12 23:00:00+00,Sun 13 Aug 2023,4,5,0,3868911,3823262,241286,4110197,4064548,80.5884794584714,79.6934412160709,763
-7.6926,53.28823,2022/07/08 23:00:00+00,Sat 09 Jul 2022,119,144,0,3859277,3812833,241269,4100546,4054102,80.399252661008,79.4886268832243,764
-7.6926,53.28823,2021/10/18 23:00:00+00,Tue 19 Oct 2021,1342,1822,13,3606469,3543332,240987,3847456,3784319,75.4369264595766,74.1990016526709,765
-7.6926,53.28823,2023/01/25 00:00:00+00,Wed 25 Jan 2023,24,18,0,3866725,3821186,241285,4108010,4062471,80.5455990309455,79.6527175544471,766
-7.6926,53.28823,2022/09/08 23:00:00+00,Fri 09 Sep 2022,59,60,0,3862607,3817153,241277,4103884,4058430,80.4647007026547,79.5734858179897,767
-7.6926,53.28823,2023/08/13 23:00:00+00,Mon 14 Aug 2023,4,1,0,3868915,3823263,241286,4110201,4064549,80.5885578863223,79.6934608230336,768
-7.6926,53.28823,2022/07/09 23:00:00+00,Sun 10 Jul 2022,134,220,0,3859411,3813053,241269,4100680,4054322,80.401879994016,79.4929404150284,769
-7.6926,53.28823,2021/10/19 23:00:00+00,Wed 20 Oct 2021,2265,2361,1,3608734,3545693,240988,3849722,3786681,75.4813558371595,74.2453132986774,770
-7.6926,53.28823,2023/01/26 00:00:00+00,Thu 26 Jan 2023,12,12,0,3866737,3821198,241285,4108022,4062483,80.5458343144984,79.652952838,771
-7.6926,53.28823,2022/09/09 23:00:00+00,Sat 10 Sep 2022,94,135,0,3862701,3817288,241277,4103978,4058565,80.4665437571529,79.5761327579605,772
-7.6926,53.28823,2023/08/14 23:00:00+00,Tue 15 Aug 2023,4,5,0,3868919,3823268,241286,4110205,4064554,80.5886363141733,79.6935588578474,773
-7.6926,53.28823,2022/07/10 23:00:00+00,Mon 11 Jul 2022,10,16,0,3859421,3813069,241269,4100690,4054338,80.4020760636434,79.4932541264324,774
-7.6926,53.28823,2021/10/20 23:00:00+00,Thu 21 Oct 2021,1733,1877,11,3610467,3547570,240999,3851466,3788569,75.5155503801888,74.2823312443422,775
-7.6926,53.28823,2023/01/27 00:00:00+00,Fri 27 Jan 2023,12,9,0,3866749,3821207,241285,4108034,4062492,80.5460695980514,79.6531293006647,776
-7.6926,53.28823,2022/09/10 23:00:00+00,Sun 11 Sep 2022,58,58,0,3862759,3817346,241277,4104036,4058623,80.4676809609921,79.5772699617998,777
-7.6926,53.28823,2022/09/11 23:00:00+00,Mon 12 Sep 2022,11,13,0,3862770,3817359,241277,4104047,4058636,80.4678966375823,79.5775248523154,778
-7.6926,53.28823,2022/09/12 23:00:00+00,Tue 13 Sep 2022,25,25,0,3862795,3817384,241277,4104072,4058661,80.468386811651,79.5780150263841,779
-7.6926,53.28823,2022/09/13 23:00:00+00,Wed 14 Sep 2022,32,32,0,3862827,3817416,241277,4104104,4058693,80.4690142344589,79.578642449192,780
-7.6926,53.28823,2022/09/14 23:00:00+00,Thu 15 Sep 2022,33,38,0,3862860,3817454,241277,4104137,4058731,80.4696612642295,79.5793875137763,781
-7.6926,53.28823,2022/09/15 23:00:00+00,Fri 16 Sep 2022,36,56,0,3862896,3817510,241277,4104173,4058787,80.4703671148884,79.5804855036901,782
-7.6926,53.28823,2022/09/16 23:00:00+00,Sat 17 Sep 2022,64,149,0,3862960,3817659,241277,4104237,4058936,80.4716219605041,79.5834069411393,783
-7.6926,53.28823,2022/09/17 23:00:00+00,Sun 18 Sep 2022,30,54,0,3862990,3817713,241277,4104267,4058990,80.4722101693865,79.5844657171276,784
-7.6926,53.28823,2022/09/18 23:00:00+00,Mon 19 Sep 2022,10,11,0,3863000,3817724,241277,4104277,4059001,80.472406239014,79.5846813937178,785
-7.6926,53.28823,2022/09/19 23:00:00+00,Tue 20 Sep 2022,35,37,0,3863035,3817761,241277,4104312,4059038,80.4730924827101,79.5854068513394,786
-7.6926,53.28823,2022/09/20 23:00:00+00,Wed 21 Sep 2022,38,32,0,3863073,3817793,241277,4104350,4059070,80.4738375472945,79.5860342741473,787
-7.6926,53.28823,2022/09/21 23:00:00+00,Thu 22 Sep 2022,37,35,0,3863110,3817828,241277,4104387,4059105,80.474563004916,79.5867205178434,788
-7.6926,53.28823,2022/09/22 23:00:00+00,Fri 23 Sep 2022,35,40,0,3863145,3817868,241277,4104422,4059145,80.4752492486122,79.5875047963533,789
-7.6926,53.28823,2022/09/23 23:00:00+00,Sat 24 Sep 2022,54,104,0,3863199,3817972,241277,4104476,4059249,80.4763080246005,79.5895439204789,790
-7.6926,53.28823,2022/09/24 23:00:00+00,Sun 25 Sep 2022,42,75,0,3863241,3818047,241277,4104518,4059324,80.4771315170358,79.5910144426848,791
-7.6926,53.28823,2022/09/25 23:00:00+00,Mon 26 Sep 2022,20,10,0,3863261,3818057,241277,4104538,4059334,80.4775236562907,79.5912105123123,792
-7.6926,53.28823,2022/09/26 23:00:00+00,Tue 27 Sep 2022,24,33,2,3863285,3818090,241279,4104564,4059369,80.4780334373221,79.5918967560084,793
-7.6926,53.28823,2022/09/27 23:00:00+00,Wed 28 Sep 2022,27,29,0,3863312,3818119,241279,4104591,4059398,80.4785628253163,79.592465357928,794
-7.6926,53.28823,2022/09/28 23:00:00+00,Thu 29 Sep 2022,20,23,0,3863332,3818142,241279,4104611,4059421,80.4789549645712,79.5929163180712,795
-7.6926,53.28823,2022/09/29 23:00:00+00,Fri 30 Sep 2022,33,59,0,3863365,3818201,241279,4104644,4059480,80.4796019943418,79.5940731288732,796
-7.6926,53.28823,2022/09/30 23:00:00+00,Sat 01 Oct 2022,49,106,0,3863414,3818307,241279,4104693,4059586,80.4805627355164,79.5961514669243,797
-7.6926,53.28823,2022/10/01 23:00:00+00,Sun 02 Oct 2022,25,48,0,3863439,3818355,241279,4104718,4059634,80.481052909585,79.5970926011361,798
-7.6926,53.28823,2022/10/02 23:00:00+00,Mon 03 Oct 2022,7,1,0,3863446,3818356,241279,4104725,4059635,80.4811901583243,79.5971122080989,799
-7.6926,53.28823,2022/10/03 23:00:00+00,Tue 04 Oct 2022,13,17,0,3863459,3818373,241279,4104738,4059652,80.48144504884,79.5974455264656,800
-7.6926,53.28823,2022/10/04 23:00:00+00,Wed 05 Oct 2022,31,37,0,3863490,3818410,241279,4104769,4059689,80.4820528646851,79.5981709840872,801
-7.6926,53.28823,2022/10/05 23:00:00+00,Thu 06 Oct 2022,32,28,0,3863522,3818438,241279,4104801,4059717,80.482680287493,79.5987199790441,802
-7.6926,53.28823,2022/10/06 23:00:00+00,Fri 07 Oct 2022,32,40,0,3863554,3818478,241279,4104833,4059757,80.4833077103008,79.5995042575539,803
-7.6926,53.28823,2022/10/07 23:00:00+00,Sat 08 Oct 2022,94,102,0,3863648,3818580,241279,4104927,4059859,80.485150764799,79.601504167754,804
-7.6926,53.28823,2022/10/08 23:00:00+00,Sun 09 Oct 2022,37,29,0,3863685,3818609,241279,4104964,4059888,80.4858762224206,79.6020727696737,805
-7.6926,53.28823,2022/10/09 23:00:00+00,Mon 10 Oct 2022,2,3,0,3863687,3818612,241279,4104966,4059891,80.4859154363461,79.6021315905619,806
-7.6926,53.28823,2022/10/10 23:00:00+00,Tue 11 Oct 2022,35,16,0,3863722,3818628,241279,4105001,4059907,80.4866016800422,79.6024453019659,807
-7.6926,53.28823,2022/10/11 23:00:00+00,Wed 12 Oct 2022,35,38,0,3863757,3818666,241279,4105036,4059945,80.4872879237383,79.6031903665502,808
-7.6926,53.28823,2022/10/12 23:00:00+00,Thu 13 Oct 2022,32,29,0,3863789,3818695,241279,4105068,4059974,80.4879153465462,79.6037589684698,809
-7.6926,53.28823,2022/10/13 23:00:00+00,Fri 14 Oct 2022,60,23,0,3863849,3818718,241279,4105128,4059997,80.489091764311,79.604209928613,810
-7.6926,53.28823,2022/10/14 23:00:00+00,Sat 15 Oct 2022,86,121,0,3863935,3818839,241279,4105214,4060118,80.4907779631071,79.6065823711053,811
-7.6926,53.28823,2022/10/15 23:00:00+00,Sun 16 Oct 2022,26,37,1,3863961,3818876,241280,4105241,4060156,80.4913073511013,79.6073274356897,812
-7.6926,53.28823,2022/10/16 23:00:00+00,Mon 17 Oct 2022,11,3,0,3863972,3818879,241280,4105252,4060159,80.4915230276915,79.6073862565779,813
-7.6926,53.28823,2022/10/17 23:00:00+00,Tue 18 Oct 2022,49,17,0,3864021,3818896,241280,4105301,4060176,80.4924837688661,79.6077195749446,814
-7.6926,53.28823,2022/10/18 23:00:00+00,Wed 19 Oct 2022,34,42,0,3864055,3818938,241280,4105335,4060218,80.4931504055994,79.6085430673799,815
-7.6926,53.28823,2022/10/19 23:00:00+00,Thu 20 Oct 2022,53,10,0,3864108,3818948,241280,4105388,4060228,80.494189574625,79.6087391370074,816
-7.6926,53.28823,2022/10/20 23:00:00+00,Fri 21 Oct 2022,35,21,0,3864143,3818969,241280,4105423,4060249,80.4948758183211,79.609150883225,817
-7.6926,53.28823,2022/10/21 23:00:00+00,Sat 22 Oct 2022,84,58,0,3864227,3819027,241280,4105507,4060307,80.4965228031918,79.6102880870643,818
-7.6926,53.28823,2022/10/22 23:00:00+00,Sun 23 Oct 2022,79,48,0,3864306,3819075,241280,4105586,4060355,80.4980717532487,79.6112292212761,819
-7.6926,53.28823,2022/10/23 23:00:00+00,Mon 24 Oct 2022,16,4,0,3864322,3819079,241280,4105602,4060359,80.4983854646527,79.6113076491271,820
-7.6926,53.28823,2022/10/24 23:00:00+00,Tue 25 Oct 2022,28,21,0,3864350,3819100,241280,4105630,4060380,80.4989344596096,79.6117193953448,821
-7.6926,53.28823,2022/10/25 23:00:00+00,Wed 26 Oct 2022,23,23,0,3864373,3819123,241280,4105653,4060403,80.4993854197527,79.612170355488,822
-7.6926,53.28823,2022/10/26 23:00:00+00,Thu 27 Oct 2022,25,35,0,3864398,3819158,241280,4105678,4060438,80.4998755938214,79.6128565991841,823
-7.6926,53.28823,2022/10/27 23:00:00+00,Fri 28 Oct 2022,20,19,0,3864418,3819177,241280,4105698,4060457,80.5002677330763,79.6132291314762,824
-7.6926,53.28823,2022/10/28 23:00:00+00,Sat 29 Oct 2022,87,64,0,3864505,3819241,241280,4105785,4060521,80.5019735388352,79.614483977092,825
-7.6926,53.28823,2022/10/29 23:00:00+00,Sun 30 Oct 2022,11,6,0,3864516,3819247,241280,4105796,4060527,80.5021892154254,79.6146016188685,826
-7.6926,53.28823,2022/11/01 00:00:00+00,Tue 01 Nov 2022,40,24,0,3864556,3819271,241280,4105836,4060551,80.5029734939353,79.6150721859744,827
-7.6926,53.28823,2022/11/02 00:00:00+00,Wed 02 Nov 2022,58,14,0,3864614,3819285,241280,4105894,4060565,80.5041106977745,79.6153466834528,828
-7.6926,53.28823,2022/11/03 00:00:00+00,Thu 03 Nov 2022,43,28,0,3864657,3819313,241280,4105937,4060593,80.5049537971726,79.6158956784097,829
-7.6926,53.28823,2022/11/04 00:00:00+00,Fri 04 Nov 2022,32,22,0,3864689,3819335,241280,4105969,4060615,80.5055812199805,79.6163270315901,830
-7.6926,53.28823,2022/11/05 00:00:00+00,Sat 05 Nov 2022,34,54,0,3864723,3819389,241280,4106003,4060669,80.5062478567139,79.6173858075784,831
-7.6926,53.28823,2022/11/06 00:00:00+00,Sun 06 Nov 2022,56,78,0,3864779,3819467,241280,4106059,4060747,80.5073458466277,79.6189151506726,832
-7.6926,53.28823,2022/11/07 00:00:00+00,Mon 07 Nov 2022,11,3,0,3864790,3819470,241280,4106070,4060750,80.5075615232179,79.6189739715609,833
-7.6926,53.28823,2022/11/08 00:00:00+00,Tue 08 Nov 2022,17,32,0,3864807,3819502,241280,4106087,4060782,80.5078948415846,79.6196013943688,834
-7.6926,53.28823,2022/11/09 00:00:00+00,Wed 09 Nov 2022,34,32,0,3864841,3819534,241280,4106121,4060814,80.5085614783179,79.6202288171766,835
-7.6926,53.28823,2022/11/10 00:00:00+00,Thu 10 Nov 2022,19,15,0,3864860,3819549,241280,4106140,4060829,80.5089340106101,79.6205229216178,836
-7.6926,53.28823,2022/11/11 00:00:00+00,Fri 11 Nov 2022,23,15,0,3864883,3819564,241280,4106163,4060844,80.5093849707533,79.620817026059,837
-7.6926,53.28823,2022/11/12 00:00:00+00,Sat 12 Nov 2022,69,88,0,3864952,3819652,241280,4106232,4060932,80.5107378511828,79.6225424387807,838
-7.6926,53.28823,2022/11/13 00:00:00+00,Sun 13 Nov 2022,37,62,1,3864989,3819714,241281,4106270,4060995,80.5114829157671,79.6237776774337,839
-7.6926,53.28823,2022/11/14 00:00:00+00,Mon 14 Nov 2022,3,2,0,3864992,3819716,241281,4106273,4060997,80.5115417366554,79.6238168913592,840
-7.6926,53.28823,2022/11/15 00:00:00+00,Tue 15 Nov 2022,12,8,0,3865004,3819724,241281,4106285,4061005,80.5117770202083,79.6239737470612,841
-7.6926,53.28823,2022/11/16 00:00:00+00,Wed 16 Nov 2022,26,20,0,3865030,3819744,241281,4106311,4061025,80.5122868012397,79.6243658863161,842
-7.6926,53.28823,2022/11/17 00:00:00+00,Thu 17 Nov 2022,28,10,2,3865058,3819754,241283,4106341,4061037,80.5128750101221,79.624601169869,843
-7.6926,53.28823,2022/11/18 00:00:00+00,Fri 18 Nov 2022,13,22,0,3865071,3819776,241283,4106354,4061059,80.5131299006378,79.6250325230495,844
-7.6926,53.28823,2022/11/19 00:00:00+00,Sat 19 Nov 2022,52,58,0,3865123,3819834,241283,4106406,4061117,80.5141494627006,79.6261697268887,845
-7.6926,53.28823,2022/11/20 00:00:00+00,Sun 20 Nov 2022,39,56,0,3865162,3819890,241283,4106445,4061173,80.5149141342477,79.6272677168025,846
-7.6926,53.28823,2022/11/21 00:00:00+00,Mon 21 Nov 2022,4,4,0,3865166,3819894,241283,4106449,4061177,80.5149925620987,79.6273461446535,847
-7.6926,53.28823,2022/11/22 00:00:00+00,Tue 22 Nov 2022,32,22,0,3865198,3819916,241283,4106481,4061199,80.5156199849066,79.6277774978339,848
-7.6926,53.28823,2022/11/23 00:00:00+00,Wed 23 Nov 2022,12,16,0,3865210,3819932,241283,4106493,4061215,80.5158552684595,79.6280912092379,849
-7.6926,53.28823,2022/11/24 00:00:00+00,Thu 24 Nov 2022,18,18,0,3865228,3819950,241283,4106511,4061233,80.5162081937889,79.6284441345673,850
-7.6926,53.28823,2022/11/25 00:00:00+00,Fri 25 Nov 2022,6,11,0,3865234,3819961,241283,4106517,4061244,80.5163258355654,79.6286598111575,851
-7.6926,53.28823,2022/11/26 00:00:00+00,Sat 26 Nov 2022,64,63,0,3865298,3820024,241283,4106581,4061307,80.5175806811812,79.6298950498105,852
-7.6926,53.28823,2022/11/27 00:00:00+00,Sun 27 Nov 2022,36,42,0,3865334,3820066,241283,4106617,4061349,80.51828653184,79.6307185422458,853
-7.6926,53.28823,2022/11/28 00:00:00+00,Mon 28 Nov 2022,4,2,0,3865338,3820068,241283,4106621,4061351,80.518364959691,79.6307577561713,854
-7.6926,53.28823,2023/08/15 23:00:00+00,Wed 16 Aug 2023,3,1,0,3868922,3823269,241286,4110208,4064555,80.5886951350616,79.6935784648101,855
-7.6926,53.28823,2022/07/11 23:00:00+00,Tue 12 Jul 2022,39,82,0,3859460,3813151,241269,4100729,4054420,80.4028407351905,79.4948618973775,856
-7.6926,53.28823,2021/10/21 23:00:00+00,Fri 22 Oct 2021,1511,1952,3,3611978,3549522,241002,3852980,3790524,75.5452353217865,74.3206628565109,857
-7.6926,53.28823,2023/08/16 23:00:00+00,Thu 17 Aug 2023,7,1,0,3868929,3823270,241286,4110215,4064556,80.5888323838008,79.6935980717729,858
-7.6926,53.28823,2023/01/28 00:00:00+00,Sat 28 Jan 2023,24,57,0,3866773,3821264,241285,4108058,4062549,80.5465401651573,79.6542468975413,859
-7.6926,53.28823,2022/07/12 23:00:00+00,Wed 13 Jul 2022,93,74,1,3859553,3813225,241270,4100823,4054495,80.4046837896887,79.4963324195835,860
-7.6926,53.28823,2021/10/22 23:00:00+00,Sat 23 Oct 2021,2022,1722,1,3614000,3551244,241003,3855003,3792247,75.5849002074221,74.3544456533226,861
-7.6926,53.28823,2023/08/17 23:00:00+00,Fri 18 Aug 2023,1,0,0,3868930,3823270,241286,4110216,4064556,80.5888519907636,79.6935980717729,862
-7.6926,53.28823,2023/01/29 00:00:00+00,Sun 29 Jan 2023,28,28,0,3866801,3821292,241285,4108086,4062577,80.5470891601142,79.6547958924982,863
-7.6926,53.28823,2022/07/13 23:00:00+00,Thu 14 Jul 2022,47,40,0,3859600,3813265,241270,4100870,4054535,80.4056053169377,79.4971166980934,864
-7.6926,53.28823,2023/08/18 23:00:00+00,Sat 19 Aug 2023,12,5,0,3868942,3823275,241286,4110228,4064561,80.5890872743165,79.6936961065866,865
-7.6926,53.28823,2023/01/30 00:00:00+00,Mon 30 Jan 2023,6,2,0,3866807,3821294,241285,4108092,4062579,80.5472068018907,79.6548351064236,866
-7.6926,53.28823,2022/07/14 23:00:00+00,Fri 15 Jul 2022,75,119,1,3859675,3813384,241271,4100946,4054655,80.4070954461064,79.4994695336229,867
-7.6926,53.28823,2023/08/21 23:00:00+00,Tue 22 Aug 2023,6,0,0,3868948,3823275,241286,4110234,4064561,80.589204916093,79.6936961065866,868
-7.6926,53.28823,2023/01/31 00:00:00+00,Tue 31 Jan 2023,23,15,0,3866830,3821309,241285,4108115,4062594,80.5476577620338,79.6551292108649,869
-7.6926,53.28823,2022/07/15 23:00:00+00,Sat 16 Jul 2022,122,209,0,3859797,3813593,241271,4101068,4054864,80.4094874955615,79.5035673888368,870
-7.6926,53.28823,2023/08/22 23:00:00+00,Wed 23 Aug 2023,1,2,0,3868949,3823277,241286,4110235,4064563,80.5892245230557,79.6937353205121,871
-7.6926,53.28823,2023/02/01 00:00:00+00,Wed 01 Feb 2023,14,37,0,3866844,3821346,241285,4108129,4062631,80.5479322595123,79.6558546684865,872
-7.6926,53.28823,2022/07/16 23:00:00+00,Sun 17 Jul 2022,119,165,0,3859916,3813758,241271,4101187,4055029,80.4118207241283,79.50680253769,873
-7.6926,53.28823,2023/08/23 23:00:00+00,Thu 24 Aug 2023,12,4,0,3868961,3823281,241286,4110247,4064567,80.5894598066087,79.6938137483631,874
-7.6926,53.28823,2023/02/02 00:00:00+00,Thu 02 Feb 2023,13,13,0,3866857,3821359,241285,4108142,4062644,80.548187150028,79.6561095590021,875
-7.6926,53.28823,2022/07/17 23:00:00+00,Mon 18 Jul 2022,12,21,0,3859928,3813779,241271,4101199,4055050,80.4120560076812,79.5072142839076,876
-7.6926,53.28823,2023/08/24 23:00:00+00,Fri 25 Aug 2023,2,1,0,3868963,3823282,241286,4110249,4064568,80.5894990205342,79.6938333553258,877
-7.6926,53.28823,2023/02/03 00:00:00+00,Fri 03 Feb 2023,14,10,0,3866871,3821369,241285,4108156,4062654,80.5484616475064,79.6563056286296,878
-7.6926,53.28823,2022/07/18 23:00:00+00,Tue 19 Jul 2022,29,34,0,3859957,3813813,241271,4101228,4055084,80.4126246096009,79.507880920641,879
-7.6926,53.28823,2023/08/25 23:00:00+00,Sat 26 Aug 2023,4,1,0,3868967,3823283,241286,4110253,4064569,80.5895774483852,79.6938529622886,880
-7.6926,53.28823,2023/02/04 00:00:00+00,Sat 04 Feb 2023,38,44,0,3866909,3821413,241285,4108194,4062698,80.5492067120908,79.6571683349904,881
-7.6926,53.28823,2022/07/19 23:00:00+00,Wed 20 Jul 2022,75,66,1,3860032,3813879,241272,4101304,4055151,80.4141147387696,79.509194587145,882
-7.6926,53.28823,2023/08/27 23:00:00+00,Mon 28 Aug 2023,10,3,0,3868977,3823286,241286,4110263,4064572,80.5897735180126,79.6939117831768,883
-7.6926,53.28823,2023/02/05 00:00:00+00,Sun 05 Feb 2023,29,22,0,3866938,3821435,241285,4108223,4062720,80.5497753140104,79.6575996881709,884
-7.6926,53.28823,2022/07/20 23:00:00+00,Thu 21 Jul 2022,49,30,0,3860081,3813909,241272,4101353,4055181,80.4150754799441,79.5097827960274,885
-7.6926,53.28823,2023/08/28 23:00:00+00,Tue 29 Aug 2023,5,1,0,3868982,3823287,241286,4110268,4064573,80.5898715528264,79.6939313901395,886
-7.6926,53.28823,2023/02/06 00:00:00+00,Mon 06 Feb 2023,12,7,0,3866950,3821442,241285,4108235,4062727,80.5500105975634,79.6577369369101,887
-7.6926,53.28823,2022/07/21 23:00:00+00,Fri 22 Jul 2022,73,70,0,3860154,3813979,241272,4101426,4055251,80.4165067882246,79.5111552834196,888
-7.6926,53.28823,2023/08/30 23:00:00+00,Thu 31 Aug 2023,2,1,0,3868984,3823288,241286,4110270,4064574,80.5899107667518,79.6939509971023,889
-7.6926,53.28823,2023/02/07 00:00:00+00,Tue 07 Feb 2023,20,13,0,3866970,3821455,241285,4108255,4062740,80.5504027368183,79.6579918274258,890
-7.6926,53.28823,2022/07/22 23:00:00+00,Sat 23 Jul 2022,101,175,0,3860255,3814154,241272,4101527,4055426,80.418487091462,79.5145865019002,891
-7.6926,53.28823,2023/08/31 23:00:00+00,Fri 01 Sep 2023,2,1,0,3868986,3823289,241286,4110272,4064575,80.5899499806773,79.693970604065,892
-7.6926,53.28823,2023/02/08 00:00:00+00,Wed 08 Feb 2023,24,31,0,3866994,3821486,241285,4108279,4062771,80.5508733039242,79.6585996432709,893
-7.6926,53.28823,2022/07/23 23:00:00+00,Sun 24 Jul 2022,108,230,0,3860363,3814384,241272,4101635,4055656,80.4206046434386,79.5190961033318,894
-7.6926,53.28823,2023/09/01 23:00:00+00,Sat 02 Sep 2023,1,0,0,3868987,3823289,241286,4110273,4064575,80.5899695876401,79.693970604065,895
-7.6926,53.28823,2023/02/09 00:00:00+00,Thu 09 Feb 2023,7,15,0,3867001,3821501,241285,4108286,4062786,80.5510105526634,79.6588937477121,896
-7.6926,53.28823,2022/07/24 23:00:00+00,Mon 25 Jul 2022,14,23,0,3860377,3814407,241272,4101649,4055679,80.420879140917,79.519547063475,897
-7.6926,53.28823,2023/09/02 23:00:00+00,Sun 03 Sep 2023,14,6,0,3869001,3823295,241286,4110287,4064581,80.5902440851185,79.6940882458415,898
-7.6926,53.28823,2023/02/10 00:00:00+00,Fri 10 Feb 2023,7,15,0,3867008,3821516,241285,4108293,4062801,80.5511478014026,79.6591878521533,899
-7.6926,53.28823,2022/07/25 23:00:00+00,Tue 26 Jul 2022,17,16,0,3860394,3814423,241272,4101666,4055695,80.4212124592837,79.5198607748789,900
-7.6926,53.28823,2023/09/03 23:00:00+00,Mon 04 Sep 2023,1,2,0,3869002,3823297,241286,4110288,4064583,80.5902636920813,79.694127459767,901
-7.6926,53.28823,2023/02/11 00:00:00+00,Sat 11 Feb 2023,34,47,0,3867042,3821563,241285,4108327,4062848,80.551814438136,79.6601093794024,902
-7.6926,53.28823,2022/07/26 23:00:00+00,Wed 27 Jul 2022,58,72,1,3860452,3814495,241273,4101725,4055768,80.4223692700857,79.5212920831594,903
-7.6926,53.28823,2023/09/04 23:00:00+00,Tue 05 Sep 2023,1,2,0,3869003,3823299,241286,4110289,4064585,80.590283299044,79.6941666736925,904
-7.6926,53.28823,2023/02/12 00:00:00+00,Sun 12 Feb 2023,17,36,0,3867059,3821599,241285,4108344,4062884,80.5521477565027,79.6608152300612,905
-7.6926,53.28823,2022/07/27 23:00:00+00,Thu 28 Jul 2022,33,73,0,3860485,3814568,241273,4101758,4055841,80.4230162998563,79.5227233914399,906
-7.6926,53.28823,2023/09/05 23:00:00+00,Wed 06 Sep 2023,4,1,0,3869007,3823300,241286,4110293,4064586,80.590361726895,79.6941862806552,907
-7.6926,53.28823,2023/02/13 00:00:00+00,Mon 13 Feb 2023,1,1,0,3867060,3821600,241285,4108345,4062885,80.5521673634654,79.660834837024,908
-7.6926,53.28823,2022/07/28 23:00:00+00,Fri 29 Jul 2022,70,105,0,3860555,3814673,241273,4101828,4055946,80.4243887872486,79.5247821225282,909
-7.6926,53.28823,2023/09/06 23:00:00+00,Thu 07 Sep 2023,3,3,0,3869010,3823303,241286,4110296,4064589,80.5904205477833,79.6942451015435,910
-7.6926,53.28823,2023/02/14 00:00:00+00,Tue 14 Feb 2023,12,23,0,3867072,3821623,241285,4108357,4062908,80.5524026470184,79.6612857971672,911
-7.6926,53.28823,2022/07/29 23:00:00+00,Sat 30 Jul 2022,100,119,0,3860655,3814792,241273,4101928,4056065,80.4263494835232,79.527115351095,912
-7.6926,53.28823,2023/09/07 23:00:00+00,Fri 08 Sep 2023,1,2,0,3869011,3823305,241286,4110297,4064591,80.590440154746,79.694284315469,913
-7.6926,53.28823,2023/02/15 00:00:00+00,Wed 15 Feb 2023,14,12,0,3867086,3821635,241285,4108371,4062920,80.5526771444968,79.6615210807201,914
-7.6926,53.28823,2022/07/30 23:00:00+00,Sun 31 Jul 2022,32,57,0,3860687,3814849,241273,4101960,4056122,80.4269769063311,79.5282329479716,915
-7.6926,53.28823,2023/09/08 23:00:00+00,Sat 09 Sep 2023,3,4,0,3869014,3823309,241286,4110300,4064595,80.5904989756342,79.69436274332,916
-7.6926,53.28823,2023/02/16 00:00:00+00,Thu 16 Feb 2023,13,11,0,3867099,3821646,241285,4108384,4062931,80.5529320350125,79.6617367573103,917
-7.6926,53.28823,2022/07/31 23:00:00+00,Mon 01 Aug 2022,9,17,0,3860696,3814866,241273,4101969,4056139,80.4271533689958,79.5285662663382,918
-7.6926,53.28823,2023/09/09 23:00:00+00,Sun 10 Sep 2023,6,3,0,3869020,3823312,241286,4110306,4064598,80.5906166174107,79.6944215642082,919
-7.6926,53.28823,2023/02/17 00:00:00+00,Fri 17 Feb 2023,5,12,0,3867104,3821658,241285,4108389,4062943,80.5530300698263,79.6619720408633,920
-7.6926,53.28823,2022/08/01 23:00:00+00,Tue 02 Aug 2022,36,31,0,3860732,3814897,241273,4102005,4056170,80.4278592196546,79.5291740821834,921
-7.6926,53.28823,2023/09/11 23:00:00+00,Tue 12 Sep 2023,6,2,0,3869026,3823314,241286,4110312,4064600,80.5907342591872,79.6944607781337,922
-7.6926,53.28823,2022/08/02 23:00:00+00,Wed 03 Aug 2022,89,139,0,3860821,3815036,241273,4102094,4056309,80.4296042393391,79.5318994500051,923
-7.6926,53.28823,2023/02/18 00:00:00+00,Sat 18 Feb 2023,21,43,0,3867125,3821701,241285,4108410,4062986,80.5534418160439,79.6628151402613,924
-7.6926,53.28823,2023/09/13 23:00:00+00,Thu 14 Sep 2023,5,1,0,3869031,3823315,241286,4110317,4064601,80.5908322940009,79.6944803850964,925
-7.6926,53.28823,2022/08/03 23:00:00+00,Thu 04 Aug 2022,43,54,0,3860864,3815090,241273,4102137,4056363,80.4304473387371,79.5329582259934,926
-7.6926,53.28823,2023/02/19 00:00:00+00,Sun 19 Feb 2023,22,31,0,3867147,3821732,241285,4108432,4063017,80.5538731692244,79.6634229561065,927
-7.6926,53.28823,2023/09/14 23:00:00+00,Fri 15 Sep 2023,1,4,0,3869032,3823319,241286,4110318,4064605,80.5908519009637,79.6945588129474,928
-7.6926,53.28823,2022/08/04 23:00:00+00,Fri 05 Aug 2022,94,91,0,3860958,3815181,241273,4102231,4056454,80.4322903932353,79.5347424596033,929
-7.6926,53.28823,2023/02/20 00:00:00+00,Mon 20 Feb 2023,3,0,0,3867150,3821732,241285,4108435,4063017,80.5539319901126,79.6634229561065,930
-7.6926,53.28823,2023/09/15 23:00:00+00,Sat 16 Sep 2023,7,7,0,3869039,3823326,241286,4110325,4064612,80.5909891497029,79.6946960616866,931
-7.6926,53.28823,2022/08/05 23:00:00+00,Sat 06 Aug 2022,74,130,0,3861032,3815311,241273,4102305,4056584,80.4337413084785,79.5372913647603,932
-7.6926,53.28823,2023/02/21 00:00:00+00,Tue 21 Feb 2023,52,16,0,3867202,3821748,241285,4108487,4063033,80.5549515521754,79.6637366675104,933
-7.6926,53.28823,2023/09/17 23:00:00+00,Mon 18 Sep 2023,6,3,0,3869045,3823329,241286,4110331,4064615,80.5911067914794,79.6947548825749,934
-7.6926,53.28823,2022/08/06 23:00:00+00,Sun 07 Aug 2022,29,80,0,3861061,3815391,241273,4102334,4056664,80.4343099103981,79.53885992178,935
-7.6926,53.28823,2023/02/22 00:00:00+00,Wed 22 Feb 2023,22,17,0,3867224,3821765,241285,4108509,4063050,80.5553829053558,79.6640699858771,936
-7.6926,53.28823,2023/09/18 23:00:00+00,Tue 19 Sep 2023,2,0,0,3869047,3823329,241286,4110333,4064615,80.5911460054049,79.6947548825749,937
-7.6926,53.28823,2022/08/07 23:00:00+00,Mon 08 Aug 2022,11,16,0,3861072,3815407,241273,4102345,4056680,80.4345255869883,79.5391736331839,938
-7.6926,53.28823,2023/02/23 00:00:00+00,Thu 23 Feb 2023,21,11,0,3867245,3821776,241285,4108530,4063061,80.5557946515735,79.6642856624673,939
-7.6926,53.28823,2023/09/19 23:00:00+00,Wed 20 Sep 2023,4,6,0,3869051,3823335,241286,4110337,4064621,80.5912244332558,79.6948725243514,940
-7.6926,53.28823,2022/08/08 23:00:00+00,Tue 09 Aug 2022,46,42,0,3861118,3815449,241273,4102391,4056722,80.4354275072747,79.5399971256193,941
-7.6926,53.28823,2023/02/24 00:00:00+00,Fri 24 Feb 2023,13,13,0,3867258,3821789,241285,4108543,4063074,80.5560495420892,79.664540552983,942
-7.6926,53.28823,2023/09/20 23:00:00+00,Thu 21 Sep 2023,2,2,0,3869053,3823337,241286,4110339,4064623,80.5912636471813,79.6949117382769,943
-7.6926,53.28823,2022/08/09 23:00:00+00,Wed 10 Aug 2022,54,94,1,3861172,3815543,241274,4102446,4056817,80.4365058902257,79.5418597870801,944
-7.6926,53.28823,2023/02/25 00:00:00+00,Sat 25 Feb 2023,49,19,0,3867307,3821808,241285,4108592,4063093,80.5570102832638,79.6649130852752,945
-7.6926,53.28823,2023/09/21 23:00:00+00,Fri 22 Sep 2023,1,3,0,3869054,3823340,241286,4110340,4064626,80.5912832541441,79.6949705591651,946
-7.6926,53.28823,2022/08/10 23:00:00+00,Thu 11 Aug 2022,22,42,0,3861194,3815585,241274,4102468,4056859,80.4369372434061,79.5426832795155,947
-7.6926,53.28823,2023/02/26 00:00:00+00,Sun 26 Feb 2023,78,41,0,3867385,3821849,241285,4108670,4063134,80.558539626358,79.6657169707478,948
-7.6926,53.28823,2023/09/22 23:00:00+00,Sat 23 Sep 2023,6,4,0,3869060,3823344,241286,4110346,4064630,80.5914008959206,79.6950489870161,949
-7.6926,53.28823,2022/08/11 23:00:00+00,Fri 12 Aug 2022,66,75,0,3861260,3815660,241274,4102534,4056934,80.4382313029474,79.5441538017214,950
-7.6926,53.28823,2023/02/27 00:00:00+00,Mon 27 Feb 2023,1,2,0,3867386,3821851,241285,4108671,4063136,80.5585592333207,79.6657561846733,951
-7.6926,53.28823,2023/09/25 23:00:00+00,Tue 26 Sep 2023,1,1,0,3869061,3823345,241286,4110347,4064631,80.5914205028833,79.6950685939788,952
-7.6926,53.28823,2022/08/12 23:00:00+00,Sat 13 Aug 2022,102,151,0,3861362,3815811,241274,4102636,4057085,80.4402312131475,79.5471144530961,953
-7.6926,53.28823,2023/02/28 00:00:00+00,Tue 28 Feb 2023,33,11,0,3867419,3821862,241285,4108704,4063147,80.5592062630913,79.6659718612635,954
-7.6926,53.28823,2023/09/26 23:00:00+00,Wed 27 Sep 2023,2,1,0,3869063,3823346,241286,4110349,4064632,80.5914597168088,79.6950882009416,955
-7.6926,53.28823,2022/08/13 23:00:00+00,Sun 14 Aug 2022,17,26,0,3861379,3815837,241274,4102653,4057111,80.4405645315142,79.5476242341275,956
-7.6926,53.28823,2023/03/01 00:00:00+00,Wed 01 Mar 2023,21,19,0,3867440,3821881,241285,4108725,4063166,80.559618009309,79.6663443935557,957
-7.6926,53.28823,2023/09/27 23:00:00+00,Thu 28 Sep 2023,7,7,0,3869070,3823353,241286,4110356,4064639,80.591596965548,79.6952254496808,958
-7.6926,53.28823,2022/08/14 23:00:00+00,Mon 15 Aug 2022,6,12,0,3861385,3815849,241274,4102659,4057123,80.4406821732906,79.5478595176805,959
-7.6926,53.28823,2023/03/02 00:00:00+00,Thu 02 Mar 2023,20,14,0,3867460,3821895,241285,4108745,4063180,80.5600101485639,79.6666188910341,960
-7.6926,53.28823,2023/09/28 23:00:00+00,Fri 29 Sep 2023,5,1,0,3869075,3823354,241286,4110361,4064640,80.5916950003618,79.6952450566435,961
-7.6926,53.28823,2022/08/15 23:00:00+00,Tue 16 Aug 2022,41,29,0,3861426,3815878,241274,4102700,4057152,80.4414860587632,79.5484281196001,962
-7.6926,53.28823,2023/03/03 00:00:00+00,Fri 03 Mar 2023,11,12,0,3867471,3821907,241285,4108756,4063192,80.5602258251541,79.6668541745871,963
-7.6926,53.28823,2023/09/29 23:00:00+00,Sat 30 Sep 2023,1,0,0,3869076,3823354,241286,4110362,4064640,80.5917146073245,79.6952450566435,964
-7.6926,53.28823,2022/08/16 23:00:00+00,Wed 17 Aug 2022,49,58,0,3861475,3815936,241274,4102749,4057210,80.4424467999378,79.5495653234394,965
-7.6926,53.28823,2023/03/04 00:00:00+00,Sat 04 Mar 2023,39,25,0,3867510,3821932,241285,4108795,4063217,80.5609904967012,79.6673443486557,966
-7.6926,53.28823,2023/09/30 23:00:00+00,Sun 01 Oct 2023,16,11,0,3869092,3823365,241286,4110378,4064651,80.5920283187284,79.6954607332337,967
-7.6926,53.28823,2022/08/17 23:00:00+00,Thu 18 Aug 2022,53,40,0,3861528,3815976,241274,4102802,4057250,80.4434859689634,79.5503496019493,968
-7.6926,53.28823,2023/03/05 00:00:00+00,Sun 05 Mar 2023,27,19,0,3867537,3821951,241285,4108822,4063236,80.5615198846954,79.6677168809479,969
-7.6926,53.28823,2023/10/01 23:00:00+00,Mon 02 Oct 2023,4,1,0,3869096,3823366,241286,4110382,4064652,80.5921067465794,79.6954803401965,970
-7.6926,53.28823,2022/08/18 23:00:00+00,Fri 19 Aug 2022,70,56,0,3861598,3816032,241274,4102872,4057306,80.4448584563556,79.551447591863,971
-7.6926,53.28823,2023/03/06 00:00:00+00,Mon 06 Mar 2023,1,1,0,3867538,3821952,241285,4108823,4063237,80.5615394916581,79.6677364879106,972
-7.6926,53.28823,2023/10/02 23:00:00+00,Tue 03 Oct 2023,15,0,0,3869111,3823366,241286,4110397,4064652,80.5924008510206,79.6954803401965,973
-7.6926,53.28823,2023/03/07 00:00:00+00,Tue 07 Mar 2023,11,14,0,3867549,3821966,241285,4108834,4063251,80.5617551682483,79.6680109853891,974
-7.6926,53.28823,2023/10/03 23:00:00+00,Wed 04 Oct 2023,8,2,0,3869119,3823368,241286,4110405,4064654,80.5925577067226,79.695519554122,975
-7.6926,53.28823,2023/03/08 00:00:00+00,Wed 08 Mar 2023,27,27,0,3867576,3821993,241285,4108861,4063278,80.5622845562425,79.6685403733832,976
-7.6926,53.28823,2023/10/04 23:00:00+00,Thu 05 Oct 2023,5,2,0,3869124,3823370,241286,4110410,4064656,80.5926557415363,79.6955587680475,977
-7.6926,53.28823,2023/03/09 00:00:00+00,Thu 09 Mar 2023,13,8,0,3867589,3822001,241285,4108874,4063286,80.5625394467582,79.6686972290852,978
-7.6926,53.28823,2023/03/10 00:00:00+00,Fri 10 Mar 2023,11,4,0,3867600,3822005,241285,4108885,4063290,80.5627551233484,79.6687756569362,979
-7.6926,53.28823,2023/10/05 23:00:00+00,Fri 06 Oct 2023,4,4,0,3869128,3823374,241286,4110414,4064660,80.5927341693873,79.6956371958985,980
-7.6926,53.28823,2023/03/11 00:00:00+00,Sat 11 Mar 2023,28,23,0,3867628,3822028,241285,4108913,4063313,80.5633041183053,79.6692266170793,981
-7.6926,53.28823,2023/10/06 23:00:00+00,Sat 07 Oct 2023,1,0,0,3869129,3823374,241286,4110415,4064660,80.5927537763501,79.6956371958985,982
-7.6926,53.28823,2023/03/12 00:00:00+00,Sun 12 Mar 2023,16,14,0,3867644,3822042,241285,4108929,4063327,80.5636178297092,79.6695011145578,983
-7.6926,53.28823,2023/10/07 23:00:00+00,Sun 08 Oct 2023,2,2,0,3869131,3823376,241286,4110417,4064662,80.5927929902755,79.6956764098239,984
-7.6926,53.28823,2023/10/08 23:00:00+00,Mon 09 Oct 2023,8,0,0,3869139,3823376,241286,4110425,4064662,80.5929498459775,79.6956764098239,985
-7.6926,53.28823,2023/10/09 23:00:00+00,Tue 10 Oct 2023,9,1,0,3869148,3823377,241286,4110434,4064663,80.5931263086422,79.6956960167867,986
-7.6926,53.28823,2023/10/10 23:00:00+00,Wed 11 Oct 2023,11,3,0,3869159,3823380,241286,4110445,4064666,80.5933419852324,79.6957548376749,987
-7.6926,53.28823,2023/10/11 23:00:00+00,Thu 12 Oct 2023,14,2,0,3869173,3823382,241286,4110459,4064668,80.5936164827109,79.6957940516004,988
-7.6926,53.28823,2023/10/12 23:00:00+00,Fri 13 Oct 2023,2,0,0,3869175,3823382,241286,4110461,4064668,80.5936556966364,79.6957940516004,989
-7.6926,53.28823,2023/10/13 23:00:00+00,Sat 14 Oct 2023,16,8,0,3869191,3823390,241286,4110477,4064676,80.5939694080403,79.6959509073024,990
-7.6926,53.28823,2023/10/15 23:00:00+00,Mon 16 Oct 2023,5,1,0,3869196,3823391,241286,4110482,4064677,80.594067442854,79.6959705142651,991
-7.6926,53.28823,2023/10/16 23:00:00+00,Tue 17 Oct 2023,11,4,0,3869207,3823395,241286,4110493,4064681,80.5942831194442,79.6960489421161,992
-7.6926,53.28823,2023/10/17 23:00:00+00,Wed 18 Oct 2023,12,1,0,3869219,3823396,241286,4110505,4064682,80.5945184029972,79.6960685490789,993
-7.6926,53.28823,2023/10/18 23:00:00+00,Thu 19 Oct 2023,9,4,0,3869228,3823400,241286,4110514,4064686,80.5946948656619,79.6961469769299,994
-7.6926,53.28823,2023/10/19 23:00:00+00,Fri 20 Oct 2023,8,3,0,3869236,3823403,241286,4110522,4064689,80.5948517213639,79.6962057978181,995
-7.6926,53.28823,2023/10/20 23:00:00+00,Sat 21 Oct 2023,2,4,0,3869238,3823407,241286,4110524,4064693,80.5948909352894,79.6962842256691,996
-7.6926,53.28823,2023/10/21 23:00:00+00,Sun 22 Oct 2023,1,0,0,3869239,3823407,241286,4110525,4064693,80.5949105422521,79.6962842256691,997
-7.6926,53.28823,2023/10/22 23:00:00+00,Mon 23 Oct 2023,11,3,0,3869250,3823410,241286,4110536,4064696,80.5951262188423,79.6963430465573,998
-7.6926,53.28823,2023/10/23 23:00:00+00,Tue 24 Oct 2023,10,1,0,3869260,3823411,241286,4110546,4064697,80.5953222884698,79.6963626535201,999
-7.6926,53.28823,2023/10/24 23:00:00+00,Wed 25 Oct 2023,12,3,0,3869272,3823414,241286,4110558,4064700,80.5955575720227,79.6964214744083,1000
-7.6926,53.28823,2023/10/25 23:00:00+00,Thu 26 Oct 2023,10,2,0,3869282,3823416,241286,4110568,4064702,80.5957536416502,79.6964606883338,1001
-7.6926,53.28823,2023/10/26 23:00:00+00,Fri 27 Oct 2023,4,0,0,3869286,3823416,241286,4110572,4064702,80.5958320695012,79.6964606883338,1002
-7.6926,53.28823,2023/10/27 23:00:00+00,Sat 28 Oct 2023,14,3,0,3869300,3823419,241286,4110586,4064705,80.5961065669796,79.696519509222,1003
-7.6926,53.28823,2023/10/28 23:00:00+00,Sun 29 Oct 2023,11,14,0,3869311,3823433,241286,4110597,4064719,80.5963222435699,79.6967940067005,1004
-7.6926,53.28823,2023/10/31 00:00:00+00,Tue 31 Oct 2023,5,6,0,3869316,3823439,241286,4110602,4064725,80.5964202783836,79.696911648477,1005
-7.6926,53.28823,2023/11/01 00:00:00+00,Wed 01 Nov 2023,3,5,0,3869319,3823444,241286,4110605,4064730,80.5964790992718,79.6970096832907,1006
-7.6926,53.28823,2023/11/02 00:00:00+00,Thu 02 Nov 2023,9,1,0,3869328,3823445,241286,4110614,4064731,80.5966555619365,79.6970292902534,1007
-7.6926,53.28823,2023/11/03 00:00:00+00,Fri 03 Nov 2023,5,5,0,3869333,3823450,241286,4110619,4064736,80.5967535967503,79.6971273250672,1008
-7.6926,53.28823,2023/11/04 00:00:00+00,Sat 04 Nov 2023,4,0,0,3869337,3823450,241286,4110623,4064736,80.5968320246013,79.6971273250672,1009
-7.6926,53.28823,2023/11/05 00:00:00+00,Sun 05 Nov 2023,9,3,0,3869346,3823453,241286,4110632,4064739,80.597008487266,79.6971861459554,1010
-7.6926,53.28823,2023/11/06 00:00:00+00,Mon 06 Nov 2023,4,5,0,3869350,3823458,241286,4110636,4064744,80.5970869151169,79.6972841807691,1011
-7.6926,53.28823,2023/11/07 00:00:00+00,Tue 07 Nov 2023,6,2,0,3869356,3823460,241286,4110642,4064746,80.5972045568934,79.6973233946946,1012
-7.6926,53.28823,2023/11/08 00:00:00+00,Wed 08 Nov 2023,6,2,1,3869362,3823462,241287,4110649,4064749,80.5973418056327,79.6973822155829,1013
-7.6926,53.28823,2023/11/09 00:00:00+00,Thu 09 Nov 2023,5,5,0,3869367,3823467,241287,4110654,4064754,80.5974398404464,79.6974802503966,1014
-7.6926,53.28823,2023/11/10 00:00:00+00,Fri 10 Nov 2023,1,0,0,3869368,3823467,241287,4110655,4064754,80.5974594474091,79.6974802503966,1015
-7.6926,53.28823,2023/11/11 00:00:00+00,Sat 11 Nov 2023,8,16,0,3869376,3823483,241287,4110663,4064770,80.5976163031111,79.6977939618005,1016
-7.6926,53.28823,2023/11/13 00:00:00+00,Mon 13 Nov 2023,2,2,0,3869378,3823485,241287,4110665,4064772,80.5976555170366,79.697833175726,1017
-7.6926,53.28823,2023/11/14 00:00:00+00,Tue 14 Nov 2023,9,2,0,3869387,3823487,241287,4110674,4064774,80.5978319797013,79.6978723896515,1018
-7.6926,53.28823,2023/11/15 00:00:00+00,Wed 15 Nov 2023,21,1,0,3869408,3823488,241287,4110695,4064775,80.598243725919,79.6978919966143,1019
-7.6926,53.28823,2023/11/16 00:00:00+00,Thu 16 Nov 2023,20,9,0,3869428,3823497,241287,4110715,4064784,80.5986358651739,79.698068459279,1020
-7.6926,53.28823,2023/11/17 00:00:00+00,Fri 17 Nov 2023,7,7,0,3869435,3823504,241287,4110722,4064791,80.5987731139131,79.6982057080182,1021
-7.6926,53.28823,2023/11/18 00:00:00+00,Sat 18 Nov 2023,4,11,0,3869439,3823515,241287,4110726,4064802,80.5988515417641,79.6984213846084,1022
-7.6926,53.28823,2023/11/20 00:00:00+00,Mon 20 Nov 2023,1,0,0,3869440,3823515,241287,4110727,4064802,80.5988711487268,79.6984213846084,1023
-7.6926,53.28823,2023/11/21 00:00:00+00,Tue 21 Nov 2023,8,4,0,3869448,3823519,241287,4110735,4064806,80.5990280044288,79.6984998124594,1024
-7.6926,53.28823,2023/11/22 00:00:00+00,Wed 22 Nov 2023,8,2,0,3869456,3823521,241287,4110743,4064808,80.5991848601308,79.6985390263849,1025
-7.6926,53.28823,2023/11/23 00:00:00+00,Thu 23 Nov 2023,11,10,0,3869467,3823531,241287,4110754,4064818,80.599400536721,79.6987350960124,1026
-7.6926,53.28823,2023/11/24 00:00:00+00,Fri 24 Nov 2023,6,2,0,3869473,3823533,241287,4110760,4064820,80.5995181784975,79.6987743099378,1027
-7.6926,53.28823,2023/11/25 00:00:00+00,Sat 25 Nov 2023,1,0,0,3869474,3823533,241287,4110761,4064820,80.5995377854602,79.6987743099378,1028
-7.6926,53.28823,2023/11/26 00:00:00+00,Sun 26 Nov 2023,7,9,0,3869481,3823542,241287,4110768,4064829,80.5996750341994,79.6989507726026,1029
-7.6926,53.28823,2023/11/27 00:00:00+00,Mon 27 Nov 2023,3,2,0,3869484,3823544,241287,4110771,4064831,80.5997338550877,79.6989899865281,1030
-7.6926,53.28823,2023/11/28 00:00:00+00,Tue 28 Nov 2023,1,0,0,3869485,3823544,241287,4110772,4064831,80.5997534620504,79.6989899865281,1031
-7.6926,53.28823,2023/11/29 00:00:00+00,Wed 29 Nov 2023,6,5,0,3869491,3823549,241287,4110778,4064836,80.5998711038269,79.6990880213418,1032
-7.6926,53.28823,2023/11/30 00:00:00+00,Thu 30 Nov 2023,11,4,0,3869502,3823553,241287,4110789,4064840,80.6000867804171,79.6991664491928,1033
-7.6926,53.28823,2023/12/01 00:00:00+00,Fri 01 Dec 2023,7,1,0,3869509,3823554,241287,4110796,4064841,80.6002240291563,79.6991860561555,1034
-7.6926,53.28823,2023/12/02 00:00:00+00,Sat 02 Dec 2023,3,5,0,3869512,3823559,241287,4110799,4064846,80.6002828500446,79.6992840909692,1035
-7.6926,53.28823,2023/12/03 00:00:00+00,Sun 03 Dec 2023,1,0,0,3869513,3823559,241287,4110800,4064846,80.6003024570073,79.6992840909692,1036
-7.6926,53.28823,2023/12/04 00:00:00+00,Mon 04 Dec 2023,5,2,0,3869518,3823561,241287,4110805,4064848,80.6004004918211,79.6993233048947,1037
-7.6926,53.28823,2023/12/05 00:00:00+00,Tue 05 Dec 2023,6,1,0,3869524,3823562,241287,4110811,4064849,80.6005181335975,79.6993429118575,1038
-7.6926,53.28823,2023/12/06 00:00:00+00,Wed 06 Dec 2023,4,6,0,3869528,3823568,241287,4110815,4064855,80.6005965614485,79.699460553634,1039
