X,Y,VaccinationDate,VaccineText,Dose1,Dose2,SingleDose,Dose1Cum,Dose2Cum,SingleDoseCum,PartiallyVacc,FullyVacc,PartialPercent,FullyPercent,ObjectId
-7.6926,53.28823,2021/07/21 23:00:00+00,Thu 22 Jul 2021,33546,15940,6937,2978162,2435249,196245,3174407,2631494,66.1538903982666,54.8397120028075,1
-7.6926,53.28823,2020/12/28 00:00:00+00,Mon 28 Dec 2020,274,18,2,274,18,2,276,20,0.00575177466214055,0.000416795265372503,2
-7.6926,53.28823,2022/02/13 00:00:00+00,Sun 13 Feb 2022,1566,4706,0,3820485,3726830,241033,4061518,3967863,84.64107363126,82.6893256023369,3
-7.6926,53.28823,2021/07/22 23:00:00+00,Fri 23 Jul 2021,27088,20848,5616,3005250,2456097,201861,3207111,2657958,66.8354340162037,55.3912154979484,4
-7.6926,53.28823,2021/07/23 23:00:00+00,Sat 24 Jul 2021,15446,14820,2276,3020696,2470917,204137,3224833,2675054,67.2047563008503,55.7474920907888,5
-7.6926,53.28823,2022/02/14 00:00:00+00,Mon 14 Feb 2022,174,954,0,3820659,3727784,241033,4061692,3968817,84.6446997500687,82.7092067364952,6
-7.6926,53.28823,2020/12/29 00:00:00+00,Tue 29 Dec 2020,80,3,0,354,21,2,356,23,0.00741895572363056,0.000479314555178379,7
-7.6926,53.28823,2021/07/24 23:00:00+00,Sun 25 Jul 2021,14741,13652,1046,3035437,2484569,205183,3240620,2689752,67.5337536435721,56.0537949313111,8
-7.6926,53.28823,2022/02/15 00:00:00+00,Tue 15 Feb 2022,649,817,1,3821308,3728601,241034,4062342,3969635,84.6582455961933,82.7262536628489,9
-7.6926,53.28823,2020/12/30 00:00:00+00,Wed 30 Dec 2020,1063,2,0,1417,23,2,1419,25,0.0295716240781791,0.000520994081715629,10
-7.6926,53.28823,2021/07/25 23:00:00+00,Mon 26 Jul 2021,23853,18322,3422,3059290,2502891,208605,3267895,2711496,68.1021581867239,56.5069347438241,11
-7.6926,53.28823,2022/02/16 00:00:00+00,Wed 16 Feb 2022,798,1786,0,3822106,3730387,241034,4063140,3971421,84.6748757272817,82.7634734800467,12
-7.6926,53.28823,2020/12/31 00:00:00+00,Thu 31 Dec 2020,1041,1,0,2458,24,2,2460,26,0.0512658176408179,0.000541833844984254,13
-7.6926,53.28823,2021/01/01 00:00:00+00,Fri 01 Jan 2021,819,0,0,3277,24,2,3279,26,0.0683335837578219,0.000541833844984254,14
-7.6926,53.28823,2022/02/17 00:00:00+00,Thu 17 Feb 2022,791,1194,2,3822897,3731581,241036,4063933,3972617,84.6914016595537,82.7883978369159,15
-7.6926,53.28823,2021/07/26 23:00:00+00,Tue 27 Jul 2021,25529,23920,3672,3084819,2526811,212277,3297096,2739088,68.710700113931,57.081945491932,16
-7.6926,53.28823,2022/02/18 00:00:00+00,Fri 18 Feb 2022,792,3295,0,3823689,3734876,241036,4064725,3975912,84.7079067520625,82.8570648568861,17
-7.6926,53.28823,2021/07/27 23:00:00+00,Wed 28 Jul 2021,23449,25297,3265,3108268,2552108,215542,3323810,2767650,69.267413549889,57.6771708104105,18
-7.6926,53.28823,2021/01/02 00:00:00+00,Sat 02 Jan 2021,1021,0,0,4298,24,2,4300,26,0.0896109820550882,0.000541833844984254,19
-7.6926,53.28823,2022/02/19 00:00:00+00,Sat 19 Feb 2022,980,3555,0,3824669,3738431,241036,4065705,3979467,84.7283297200657,82.931150215306,20
-7.6926,53.28823,2021/07/28 23:00:00+00,Thu 29 Jul 2021,19295,27885,2962,3127563,2579993,218504,3346067,2798497,69.7312441609588,58.3200149879577,21
-7.6926,53.28823,2021/01/03 00:00:00+00,Sun 03 Jan 2021,24,3,1,4322,27,3,4325,30,0.0901319761368039,0.000625192898058755,22
-7.6926,53.28823,2022/02/20 00:00:00+00,Sun 20 Feb 2022,1365,3588,0,3826034,3742019,241036,4067070,3983055,84.7567759969274,83.0059232859138,23
-7.6926,53.28823,2021/07/29 23:00:00+00,Fri 30 Jul 2021,21964,22959,2123,3149527,2602952,220627,3370154,2823579,70.2332115388102,58.8427179302614,24
-7.6926,53.28823,2021/01/04 00:00:00+00,Mon 04 Jan 2021,1197,5,0,5519,32,3,5522,35,0.115077172769348,0.000729391714401881,25
-7.6926,53.28823,2022/02/21 00:00:00+00,Mon 21 Feb 2022,254,995,1,3826288,3743014,241037,4067325,3984051,84.7620901365609,83.0266796901294,26
-7.6926,53.28823,2021/07/30 23:00:00+00,Sat 31 Jul 2021,13756,12497,907,3163283,2615449,221534,3384817,2836983,70.5387849876181,59.1220541171141,27
-7.6926,53.28823,2021/01/05 00:00:00+00,Tue 05 Jan 2021,3544,14,0,9063,46,3,9066,49,0.188933293793356,0.00102114840016263,28
-7.6926,53.28823,2022/02/22 00:00:00+00,Tue 22 Feb 2022,475,982,1,3826763,3743996,241038,4067801,3985034,84.7720098638767,83.0471651774225,29
-7.6926,53.28823,2021/01/06 00:00:00+00,Wed 06 Jan 2021,6793,14,0,15856,60,3,15859,63,0.330497805677127,0.00131290508592339,30
-7.6926,53.28823,2021/07/31 23:00:00+00,Sun 01 Aug 2021,11146,9350,369,3174429,2624799,221903,3396332,2846702,70.7787548616563,59.3245957763218,31
-7.6926,53.28823,2022/02/23 00:00:00+00,Wed 23 Feb 2022,829,1273,1,3827592,3745269,241039,4068631,3986308,84.7893068673897,83.0737150358267,32
-7.6926,53.28823,2021/01/07 00:00:00+00,Thu 07 Jan 2021,11740,9,0,27596,69,3,27599,72,0.575156626450786,0.00150046295534101,33
-7.6926,53.28823,2021/08/01 23:00:00+00,Mon 02 Aug 2021,15033,16050,430,3189462,2640849,222333,3411795,2863182,71.101000121079,59.6680350749888,34
-7.6926,53.28823,2022/02/24 00:00:00+00,Thu 24 Feb 2022,653,1235,0,3828245,3746504,241039,4069284,3987543,84.8029152328041,83.0994521434634,35
-7.6926,53.28823,2021/01/08 00:00:00+00,Fri 08 Jan 2021,12689,6,0,40285,75,3,40288,78,0.839592382566371,0.00162550153495276,36
-7.6926,53.28823,2021/08/02 23:00:00+00,Tue 03 Aug 2021,17356,25462,1111,3206818,2666311,223444,3430262,2889755,71.4858480293607,60.2218101043259,37
-7.6926,53.28823,2022/02/25 00:00:00+00,Fri 25 Feb 2022,693,1228,0,3828938,3747732,241039,4069977,3988771,84.8173571887493,83.1250433727573,38
-7.6926,53.28823,2021/01/09 00:00:00+00,Sat 09 Jan 2021,8079,7,0,48364,82,3,48367,85,1.00795683001359,0.00177137987783314,39
-7.6926,53.28823,2021/08/03 23:00:00+00,Wed 04 Aug 2021,22131,17317,1575,3228949,2683628,225019,3453968,2908647,71.9798754574067,60.6155149119968,40
-7.6926,53.28823,2022/02/26 00:00:00+00,Sat 26 Feb 2022,960,2092,0,3829898,3749824,241039,4070937,3990863,84.8373633614872,83.1686401575153,41
-7.6926,53.28823,2021/01/10 00:00:00+00,Sun 10 Jan 2021,4789,5,1,53153,87,4,53157,91,1.10777929607031,0.00189641845744489,42
-7.6926,53.28823,2021/08/04 23:00:00+00,Thu 05 Aug 2021,13548,30062,1421,3242497,2713690,226440,3468937,2940130,72.2918258737748,61.2716131789829,43
-7.6926,53.28823,2022/02/27 00:00:00+00,Sun 27 Feb 2022,671,1783,0,3830569,3751607,241039,4071608,3992646,84.8513468426404,83.2057974554232,44
-7.6926,53.28823,2021/01/11 00:00:00+00,Mon 11 Jan 2021,8354,8,0,61507,95,4,61511,99,1.2818746784164,0.00206313656359389,45
-7.6926,53.28823,2021/08/05 23:00:00+00,Fri 06 Aug 2021,12224,24754,949,3254721,2738444,227389,3482110,2965833,72.5663480753124,61.8072576142764,46
-7.6926,53.28823,2022/02/28 00:00:00+00,Mon 28 Feb 2022,81,435,0,3830650,3752042,241039,4071689,3993081,84.8530348634652,83.2148627524451,47
-7.6926,53.28823,2021/01/12 00:00:00+00,Tue 12 Jan 2021,8897,14,0,70404,109,4,70408,113,1.46728605221736,0.00235489324935464,48
-7.6926,53.28823,2021/08/06 23:00:00+00,Sat 07 Aug 2021,6341,8471,584,3261062,2746915,227973,3489035,2974888,72.7106634359476,61.9959616706738,49
-7.6926,53.28823,2022/03/01 00:00:00+00,Tue 01 Mar 2022,132,937,0,3830782,3752979,241039,4071821,3994018,84.8557857122166,83.2343896106278,50
-7.6926,53.28823,2021/08/07 23:00:00+00,Sun 08 Aug 2021,8634,11990,153,3269696,2758905,228126,3497822,2987031,72.893782435789,62.2490189160447,51
-7.6926,53.28823,2021/08/08 23:00:00+00,Mon 09 Aug 2021,5560,23048,601,3275256,2781953,228727,3503983,3010680,73.022176217287,62.7418584775844,52
-7.6926,53.28823,2021/08/09 23:00:00+00,Tue 10 Aug 2021,9379,26022,717,3284635,2807975,229444,3514079,3037419,73.2325744672471,63.2990929076242,53
-7.6926,53.28823,2021/08/10 23:00:00+00,Wed 11 Aug 2021,7030,31246,666,3291665,2839221,230110,3521775,3069331,73.3929572853624,63.9641314330526,54
-7.6926,53.28823,2021/08/11 23:00:00+00,Thu 12 Aug 2021,6789,38308,865,3298454,2877529,230975,3529429,3108504,73.5524648334205,64.7804874795744,55
-7.6926,53.28823,2021/08/12 23:00:00+00,Fri 13 Aug 2021,10945,28231,875,3309399,2905760,231850,3541249,3137610,73.7987908352556,65.387049629271,56
-7.6926,53.28823,2021/08/13 23:00:00+00,Sat 14 Aug 2021,18149,5855,281,3327548,2911615,232131,3559679,3143746,74.1828676722964,65.5149224166873,57
-7.6926,53.28823,2021/08/14 23:00:00+00,Sun 15 Aug 2021,17003,3739,52,3344551,2915354,232183,3576734,3147537,74.5382898348428,65.5939259592387,58
-7.6926,53.28823,2021/08/15 23:00:00+00,Mon 16 Aug 2021,10201,23167,386,3354752,2938521,232569,3587321,3171090,74.7589204085677,66.0847649035046,59
-7.6926,53.28823,2021/08/16 23:00:00+00,Tue 17 Aug 2021,12879,26875,530,3367631,2965396,233099,3600730,3198495,75.0383607942367,66.6558786158813,60
-7.6926,53.28823,2021/08/17 23:00:00+00,Wed 18 Aug 2021,15244,25781,658,3382875,2991177,233757,3616632,3224934,75.3697547097344,67.2068611169405,61
-7.6926,53.28823,2021/08/18 23:00:00+00,Thu 19 Aug 2021,11373,25734,545,3394248,3016911,234302,3628550,3251213,75.6181230083699,67.7545092558767,62
-7.6926,53.28823,2021/08/19 23:00:00+00,Fri 20 Aug 2021,14859,22276,686,3409107,3039187,234988,3644095,3274175,75.9420771283806,68.2330319000508,63
-7.6926,53.28823,2021/08/20 23:00:00+00,Sat 21 Aug 2021,11906,7992,246,3421013,3047179,235234,3656247,3282413,76.195321931621,68.4047098698578,64
-7.6926,53.28823,2021/08/21 23:00:00+00,Sun 22 Aug 2021,8005,12261,162,3429018,3059440,235396,3664414,3294836,76.3655202782358,68.6636022489439,65
-7.6926,53.28823,2021/08/22 23:00:00+00,Mon 23 Aug 2021,10881,15399,291,3439899,3074839,235687,3675586,3310526,76.5983421134729,68.9905781346286,66
-7.6926,53.28823,2021/08/23 23:00:00+00,Tue 24 Aug 2021,9722,22934,384,3449621,3097773,236071,3685692,3333844,76.8089487610657,69.4765197345264,67
-7.6926,53.28823,2021/08/24 23:00:00+00,Wed 25 Aug 2021,9425,19549,318,3459046,3117322,236389,3695435,3353711,77.0119905745919,69.8905433113842,68
-7.6926,53.28823,2021/08/25 23:00:00+00,Thu 26 Aug 2021,8596,19453,369,3467642,3136775,236758,3704400,3373533,77.1988190522951,70.3036290988949,69
-7.6926,53.28823,2021/08/26 23:00:00+00,Fri 27 Aug 2021,9732,19227,432,3477374,3156002,237190,3714564,3393192,77.4106344061574,70.7133180049928,70
-7.6926,53.28823,2021/08/27 23:00:00+00,Sat 28 Aug 2021,9932,7942,155,3487306,3163944,237345,3724651,3401289,77.620845098248,70.8820575681789,71
-7.6926,53.28823,2021/08/28 23:00:00+00,Sun 29 Aug 2021,8804,9198,30,3496110,3173142,237375,3733485,3410517,77.8049435669631,71.0743669036217,72
-7.6926,53.28823,2021/08/29 23:00:00+00,Mon 30 Aug 2021,5071,11156,85,3501181,3184298,237460,3738641,3421758,77.9123933863761,71.3086266825243,73
-7.6926,53.28823,2021/08/30 23:00:00+00,Tue 31 Aug 2021,4076,12914,146,3505257,3197212,237606,3742863,3434818,78.0003788668962,71.5807939908126,74
-7.6926,53.28823,2021/08/31 23:00:00+00,Wed 01 Sep 2021,4990,12556,184,3510247,3209768,237790,3748037,3447558,78.1082038020481,71.8462925748549,75
-7.6926,53.28823,2021/09/01 23:00:00+00,Thu 02 Sep 2021,5014,12376,249,3515261,3222144,238039,3753300,3460183,78.2178834761309,72.1093945861213,76
-7.6926,53.28823,2021/09/02 23:00:00+00,Fri 03 Sep 2021,4783,16102,167,3520044,3238246,238206,3758250,3476452,78.3210403043106,72.4484366947385,77
-7.6926,53.28823,2021/09/03 23:00:00+00,Sat 04 Sep 2021,4632,10590,136,3524676,3248836,238342,3763018,3487178,78.4204042955754,72.6719639955578,78
-7.6926,53.28823,2021/09/04 23:00:00+00,Sun 05 Sep 2021,5310,11911,1,3529986,3260747,238343,3768329,3499090,78.531084278295,72.9202072556137,79
-7.6926,53.28823,2021/09/05 23:00:00+00,Mon 06 Sep 2021,2170,9697,76,3532156,3270444,238419,3770575,3508863,78.5778903865964,73.1238742620379,80
-7.6926,53.28823,2021/09/06 23:00:00+00,Tue 07 Sep 2021,3035,10037,160,3535191,3280481,238579,3773770,3519060,78.6444734302396,73.3363773280881,81
-7.6926,53.28823,2021/09/07 23:00:00+00,Wed 08 Sep 2021,2614,14806,191,3537805,3295287,238770,3776575,3534057,78.7029289662081,73.6489112578277,82
-7.6926,53.28823,2021/09/08 23:00:00+00,Thu 09 Sep 2021,3130,14825,138,3540935,3310112,238908,3779843,3549020,78.77103331257,73.9607366356161,83
-7.6926,53.28823,2021/09/09 23:00:00+00,Fri 10 Sep 2021,3391,13951,116,3544326,3324063,239024,3783350,3563087,78.8441183623531,74.2538895855159,84
-7.6926,53.28823,2021/09/10 23:00:00+00,Sat 11 Sep 2021,2563,11346,62,3546889,3335409,239086,3785975,3574495,78.8988227409332,74.4916296048843,85
-7.6926,53.28823,2021/09/11 23:00:00+00,Sun 12 Sep 2021,2043,12885,1,3548932,3348294,239087,3788019,3587381,78.9414192170543,74.7601707943638,86
-7.6926,53.28823,2021/09/12 23:00:00+00,Mon 13 Sep 2021,1624,7750,52,3550556,3356044,239139,3789695,3595183,78.9763466602925,74.9227626273857,87
-7.6926,53.28823,2021/09/13 23:00:00+00,Tue 14 Sep 2021,1557,10796,82,3552113,3366840,239221,3791334,3606061,79.0105030322898,75.1494575722218,88
-7.6926,53.28823,2021/09/14 23:00:00+00,Wed 15 Sep 2021,3290,12379,138,3555403,3379219,239359,3794762,3618578,79.0819417407746,75.4103088890551,89
-7.6926,53.28823,2021/09/15 23:00:00+00,Thu 16 Sep 2021,1920,10582,115,3557323,3389801,239474,3796797,3629275,79.1243506590262,75.6332318367396,90
-7.6926,53.28823,2021/09/16 23:00:00+00,Fri 17 Sep 2021,2563,14625,95,3559886,3404426,239569,3799455,3643995,79.1797427497943,75.9399931520538,91
-7.6926,53.28823,2021/09/17 23:00:00+00,Sat 18 Sep 2021,2292,11243,48,3562178,3415669,239617,3801795,3655286,79.2285077958428,76.1752949191198,92
-7.6926,53.28823,2021/09/18 23:00:00+00,Sun 19 Sep 2021,1864,8497,16,3564042,3424166,239633,3803675,3663799,79.2676865507879,76.3527038238256,93
-7.6926,53.28823,2021/09/19 23:00:00+00,Mon 20 Sep 2021,966,5636,35,3565008,3429802,239668,3804676,3669470,79.2885471538197,76.470886121322,94
-7.6926,53.28823,2021/09/20 23:00:00+00,Tue 21 Sep 2021,1477,6681,90,3566485,3436483,239758,3806243,3676241,79.3212030628617,76.6119921584139,95
-7.6926,53.28823,2021/09/21 23:00:00+00,Wed 22 Sep 2021,1902,8160,97,3568387,3444643,239855,3808242,3684498,79.3628617496357,76.7840660837229,96
-7.6926,53.28823,2021/09/22 23:00:00+00,Thu 23 Sep 2021,1691,8736,89,3570078,3453379,239944,3810022,3693323,79.3999565282538,76.9679769945685,97
-7.6926,53.28823,2021/09/23 23:00:00+00,Fri 24 Sep 2021,1915,7398,81,3571993,3460777,240025,3812018,3700802,79.441552695738,77.1238375840546,98
-7.6926,53.28823,2021/09/24 23:00:00+00,Sat 25 Sep 2021,2423,6609,53,3574416,3467386,240078,3814494,3707464,79.4931519495911,77.2626720869502,99
-7.6926,53.28823,2021/09/25 23:00:00+00,Sun 26 Sep 2021,1549,7101,0,3575965,3474487,240078,3816043,3714565,79.5254327428942,77.4106552459207,100
-7.6926,53.28823,2021/09/26 23:00:00+00,Mon 27 Sep 2021,1179,3834,45,3577144,3478321,240123,3817267,3718444,79.550940613135,77.4914926876397,101
-7.6926,53.28823,2021/09/27 23:00:00+00,Tue 28 Sep 2021,1455,5152,93,3578599,3483473,240216,3818815,3723689,79.5832005666748,77.6007972459836,102
-7.6926,53.28823,2021/09/28 23:00:00+00,Wed 29 Sep 2021,1654,3631,80,3580253,3487104,240296,3820549,3727400,79.6193367161826,77.6781336074735,103
-7.6926,53.28823,2021/09/29 23:00:00+00,Thu 30 Sep 2021,1275,3988,78,3581528,3491092,240374,3821902,3731466,79.6475329158851,77.7628680849237,104
-7.6926,53.28823,2021/09/30 23:00:00+00,Fri 01 Oct 2021,1872,5197,42,3583400,3496289,240416,3823816,3736705,79.6874202227812,77.872047604688,105
-7.6926,53.28823,2021/10/01 23:00:00+00,Sat 02 Oct 2021,1684,4103,41,3585084,3500392,240457,3825541,3740849,79.7233688144196,77.9584075836732,106
-7.6926,53.28823,2021/10/02 23:00:00+00,Sun 03 Oct 2021,1197,3022,9,3586281,3503414,240466,3826747,3743880,79.7485015689216,78.0215729061404,107
-7.6926,53.28823,2021/10/03 23:00:00+00,Mon 04 Oct 2021,349,1241,18,3586630,3504655,240484,3827114,3745139,79.7561497620412,78.0478101680956,108
-7.6926,53.28823,2021/10/04 23:00:00+00,Tue 05 Oct 2021,960,2837,70,3587590,3507492,240554,3828144,3748046,79.7776147182078,78.1083913599175,109
-7.6926,53.28823,2021/10/05 23:00:00+00,Wed 06 Oct 2021,972,2581,40,3588562,3510073,240594,3829156,3750667,79.7987045586357,78.1630123794446,110
-7.6926,53.28823,2021/10/06 23:00:00+00,Thu 07 Oct 2021,1213,2716,44,3589775,3512789,240638,3830413,3753427,79.8249001410644,78.220530126066,111
-7.6926,53.28823,2021/10/07 23:00:00+00,Fri 08 Oct 2021,916,2747,48,3590691,3515536,240686,3831377,3756222,79.8449896728553,78.2787772644018,112
-7.6926,53.28823,2021/10/08 23:00:00+00,Sat 09 Oct 2021,724,2368,23,3591415,3517904,240709,3832124,3758613,79.860556976017,78.3286051383771,113
-7.6926,53.28823,2021/10/09 23:00:00+00,Sun 10 Oct 2021,1518,3926,2,3592933,3521830,240711,3833644,3762541,79.8922334161853,78.4104637284962,114
-7.6926,53.28823,2021/10/10 23:00:00+00,Mon 11 Oct 2021,335,1139,19,3593268,3522969,240730,3833998,3763699,79.8996106923824,78.4345961743613,115
-7.6926,53.28823,2021/10/11 23:00:00+00,Tue 12 Oct 2021,563,1628,21,3593831,3524597,240751,3834582,3765348,79.9117811141313,78.4689609439913,116
-7.6926,53.28823,2021/10/12 23:00:00+00,Wed 13 Oct 2021,990,2081,11,3594821,3526678,240762,3835583,3767440,79.9326417171632,78.5125577287492,117
-7.6926,53.28823,2021/10/13 23:00:00+00,Thu 14 Oct 2021,654,1613,9,3595475,3528291,240771,3836246,3769062,79.9464584802103,78.5463598247709,118
-7.6926,53.28823,2021/10/14 23:00:00+00,Fri 15 Oct 2021,957,2081,10,3596432,3530372,240781,3837213,3771153,79.966610531291,78.5899357697656,119
-7.6926,53.28823,2021/10/15 23:00:00+00,Sat 16 Oct 2021,1384,2652,14,3597816,3533024,240795,3838611,3773819,79.9957445203406,78.6454945786398,120
-7.6926,53.28823,2021/10/16 23:00:00+00,Sun 17 Oct 2021,1706,2892,2,3599522,3535916,240797,3840319,3776713,80.0313388360034,78.7058048535392,121
-7.6926,53.28823,2021/10/17 23:00:00+00,Mon 18 Oct 2021,680,1260,6,3600202,3537176,240803,3841005,3777979,80.0456349136056,78.7321879938373,122
-7.6926,53.28823,2021/10/18 23:00:00+00,Tue 19 Oct 2021,1342,1811,13,3601544,3538987,240816,3842360,3779803,80.0738727928346,78.7701997220392,123
-7.6926,53.28823,2021/10/19 23:00:00+00,Wed 20 Oct 2021,2262,2339,0,3603806,3541326,240816,3844622,3782142,80.1210123373482,78.8189439283245,124
-7.6926,53.28823,2021/10/20 23:00:00+00,Thu 21 Oct 2021,1731,1856,11,3605537,3543182,240827,3846364,3784009,80.1573152049622,78.8578517663471,125
-7.6926,53.28823,2021/10/21 23:00:00+00,Fri 22 Oct 2021,1508,1937,3,3607045,3545119,240830,3847875,3785949,80.1888040872611,78.8982809070882,126
-7.6926,53.28823,2021/10/22 23:00:00+00,Sat 23 Oct 2021,2018,1711,1,3609063,3546830,240831,3849894,3787661,80.2308795693004,78.9339585818041,127
-7.6926,53.28823,2021/10/23 23:00:00+00,Sun 24 Oct 2021,1959,2190,2,3611022,3549020,240833,3851855,3789853,80.2717463450702,78.9796393428889,128
-7.6926,53.28823,2021/10/24 23:00:00+00,Mon 25 Oct 2021,1238,864,2,3612260,3549884,240835,3853095,3790719,80.2975876515233,78.9976865778795,129
-7.6926,53.28823,2021/10/25 23:00:00+00,Tue 26 Oct 2021,1247,1237,6,3613507,3551121,240841,3854348,3791962,80.3236998748989,79.0235904036224,130
-7.6926,53.28823,2021/10/26 23:00:00+00,Wed 27 Oct 2021,1568,1434,6,3615075,3552555,240847,3855922,3793402,80.3565016622837,79.0535996627293,131
-7.6926,53.28823,2021/10/27 23:00:00+00,Thu 28 Oct 2021,2159,1702,5,3617234,3554257,240852,3858086,3795109,80.401598909997,79.0891731386288,132
-7.6926,53.28823,2021/10/28 23:00:00+00,Fri 29 Oct 2021,2147,1381,2,3619381,3555638,240854,3860235,3796492,80.4463835612613,79.1179945312293,133
-7.6926,53.28823,2021/10/29 23:00:00+00,Sat 30 Oct 2021,2021,1456,1,3621402,3557094,240855,3862257,3797949,80.4885215625904,79.1483580663117,134
-7.6926,53.28823,2021/10/30 23:00:00+00,Sun 31 Oct 2021,1600,1320,0,3623002,3558414,240855,3863857,3799269,80.5218651838203,79.1758665538263,135
-7.6926,53.28823,2021/11/01 00:00:00+00,Mon 01 Nov 2021,291,298,2,3623293,3558712,240857,3864150,3799569,80.527971234458,79.1821184828069,136
-7.6926,53.28823,2022/03/02 00:00:00+00,Wed 02 Mar 2022,207,997,2,3830989,3753976,241041,4072030,3995017,84.8601412227398,83.2552085341331,137
-7.6926,53.28823,2022/03/03 00:00:00+00,Thu 03 Mar 2022,278,1277,0,3831267,3755253,241041,4072308,3996294,84.8659346769284,83.2818209118272,138
-7.6926,53.28823,2022/03/04 00:00:00+00,Fri 04 Mar 2022,735,1508,1,3832002,3756761,241042,4073044,3997803,84.8812727426942,83.3132681145995,139
-7.6926,53.28823,2022/03/05 00:00:00+00,Sat 05 Mar 2022,962,3341,0,3832964,3760102,241042,4074006,4001144,84.9013205949586,83.38289376368,140
-7.6926,53.28823,2022/03/06 00:00:00+00,Sun 06 Mar 2022,455,1916,0,3833419,3762018,241042,4074461,4003060,84.9108026872458,83.4228227501027,141
-7.6926,53.28823,2022/03/07 00:00:00+00,Mon 07 Mar 2022,116,124,1,3833535,3762142,241043,4074578,4003185,84.9132409395482,83.4254277205113,142
-7.6926,53.28823,2022/03/08 00:00:00+00,Tue 08 Mar 2022,120,493,0,3833655,3762635,241043,4074698,4003678,84.9157417111405,83.4357017238027,143
-7.6926,53.28823,2022/03/09 00:00:00+00,Wed 09 Mar 2022,129,345,1,3833784,3762980,241044,4074828,4004024,84.9184508803654,83.4429122818936,144
-7.6926,53.28823,2021/01/13 00:00:00+00,Wed 13 Jan 2021,9900,5,0,80304,114,4,80308,118,1.67359970857675,0.00245909206569777,145
-7.6926,53.28823,2022/03/10 00:00:00+00,Thu 10 Mar 2022,259,508,0,3834043,3763488,241044,4075087,4004532,84.923848379052,83.4534988816341,146
-7.6926,53.28823,2022/03/11 00:00:00+00,Fri 11 Mar 2022,493,2183,0,3834536,3765671,241044,4075580,4006715,84.9341223823434,83.4989920848495,147
-7.6926,53.28823,2022/03/12 00:00:00+00,Sat 12 Mar 2022,473,2392,2,3835009,3768063,241046,4076055,4009109,84.944021269896,83.5488824781146,148
-7.6926,53.28823,2022/03/13 00:00:00+00,Sun 13 Mar 2022,358,1082,0,3835367,3769145,241046,4076413,4010191,84.9514819051462,83.5714311019713,149
-7.6926,53.28823,2022/03/14 00:00:00+00,Mon 14 Mar 2022,109,122,0,3835476,3769267,241046,4076522,4010313,84.9537534393424,83.57397355309,150
-7.6926,53.28823,2022/03/15 00:00:00+00,Tue 15 Mar 2022,222,755,1,3835698,3770022,241047,4076745,4011069,84.9584007065513,83.5897284141211,151
-7.6926,53.28823,2022/03/16 00:00:00+00,Wed 16 Mar 2022,195,798,0,3835893,3770820,241047,4076940,4011867,84.9624644603887,83.6063585452095,152
-7.6926,53.28823,2022/03/18 00:00:00+00,Fri 18 Mar 2022,3,6,0,3835896,3770826,241047,4076943,4011873,84.9625269796785,83.6064835837891,153
-7.6926,53.28823,2022/03/19 00:00:00+00,Sat 19 Mar 2022,743,2778,0,3836639,3773604,241047,4077686,4014651,84.9780109237871,83.6643764461493,154
-7.6926,53.28823,2022/03/20 00:00:00+00,Sun 20 Mar 2022,395,1402,0,3837034,3775006,241047,4078081,4016053,84.9862426302782,83.6935937942519,155
-7.6926,53.28823,2022/03/21 00:00:00+00,Mon 21 Mar 2022,56,112,0,3837090,3775118,241047,4078137,4016165,84.9874096570213,83.695927847738,156
-7.6926,53.28823,2022/03/22 00:00:00+00,Tue 22 Mar 2022,141,575,0,3837231,3775693,241047,4078278,4016740,84.9903480636421,83.7079107116175,157
-7.6926,53.28823,2022/03/23 00:00:00+00,Wed 23 Mar 2022,101,221,0,3837332,3775914,241047,4078379,4016961,84.9924528797323,83.7125162992998,158
-7.6926,53.28823,2022/03/24 00:00:00+00,Thu 24 Mar 2022,147,245,0,3837479,3776159,241047,4078526,4017206,84.9955163249328,83.7176220413007,159
-7.6926,53.28823,2022/03/25 00:00:00+00,Fri 25 Mar 2022,434,1625,0,3837913,3777784,241047,4078960,4018831,85.0045607821913,83.7514866566122,160
-7.6926,53.28823,2022/03/26 00:00:00+00,Sat 26 Mar 2022,874,1848,1,3838787,3779632,241048,4079835,4020680,85.0227955750514,83.7900193788959,161
-7.6926,53.28823,2022/03/27 00:00:00+00,Sun 27 Mar 2022,380,803,0,3839167,3780435,241048,4080215,4021483,85.0307146850935,83.8067537088006,162
-7.6926,53.28823,2022/03/27 23:00:00+00,Mon 28 Mar 2022,44,53,1,3839211,3780488,241049,4080260,4021537,85.0316524744406,83.8078790560171,163
-7.6926,53.28823,2022/03/28 23:00:00+00,Tue 29 Mar 2022,137,193,3,3839348,3780681,241052,4080400,4021733,85.0345700412982,83.8119636496177,164
-7.6926,53.28823,2022/03/29 23:00:00+00,Wed 30 Mar 2022,109,135,0,3839457,3780816,241052,4080509,4021868,85.0368415754944,83.814777017659,165
-7.6926,53.28823,2022/03/30 23:00:00+00,Thu 31 Mar 2022,227,360,0,3839684,3781176,241052,4080736,4022228,85.0415722017564,83.8222793324357,166
-7.6926,53.28823,2022/03/31 23:00:00+00,Fri 01 Apr 2022,307,905,0,3839991,3782081,241052,4081043,4023133,85.0479700090799,83.8411393181938,167
-7.6926,53.28823,2022/04/01 23:00:00+00,Sat 02 Apr 2022,729,1538,1,3840720,3783619,241053,4081773,4024672,85.063183036266,83.8732117138642,168
-7.6926,53.28823,2022/04/02 23:00:00+00,Sun 03 Apr 2022,538,817,0,3841258,3784436,241053,4082311,4025489,85.0743948289045,83.8902378004547,169
-7.6926,53.28823,2022/04/03 23:00:00+00,Mon 04 Apr 2022,50,52,0,3841308,3784488,241053,4082361,4025541,85.0754368170679,83.8913214681447,170
-7.6926,53.28823,2022/04/04 23:00:00+00,Tue 05 Apr 2022,131,170,0,3841439,3784658,241053,4082492,4025711,85.0781668260561,83.8948642279003,171
-7.6926,53.28823,2022/04/05 23:00:00+00,Wed 06 Apr 2022,158,210,0,3841597,3784868,241053,4082650,4025921,85.0814595086526,83.8992405781867,172
-7.6926,53.28823,2022/04/06 23:00:00+00,Thu 07 Apr 2022,117,179,0,3841714,3785047,241053,4082767,4026100,85.083897760955,83.9029708958118,173
-7.6926,53.28823,2022/04/07 23:00:00+00,Fri 08 Apr 2022,256,422,2,3841970,3785469,241055,4083025,4026524,85.0892744198783,83.9118069554377,174
-7.6926,53.28823,2022/04/08 23:00:00+00,Sat 09 Apr 2022,558,1018,0,3842528,3786487,241055,4083583,4027542,85.1009030077822,83.9330218344452,175
-7.6926,53.28823,2022/04/09 23:00:00+00,Sun 10 Apr 2022,413,719,0,3842941,3787206,241055,4083996,4028261,85.1095098300121,83.9480056242353,176
-7.6926,53.28823,2022/04/10 23:00:00+00,Mon 11 Apr 2022,70,93,1,3843011,3787299,241056,4084067,4028355,85.1109894532042,83.9499645619826,177
-7.6926,53.28823,2022/04/11 23:00:00+00,Tue 12 Apr 2022,197,178,0,3843208,3787477,241056,4084264,4028533,85.1150948865681,83.9536740398444,178
-7.6926,53.28823,2022/04/12 23:00:00+00,Wed 13 Apr 2022,142,235,0,3843350,3787712,241056,4084406,4028768,85.1180541329523,83.9585713842125,179
-7.6926,53.28823,2022/04/13 23:00:00+00,Thu 14 Apr 2022,359,431,0,3843709,3788143,241056,4084765,4029199,85.1255356079657,83.9675533221813,180
-7.6926,53.28823,2022/04/14 23:00:00+00,Fri 15 Apr 2022,446,990,0,3844155,3789133,241056,4085211,4030189,85.1348301423835,83.9881846878172,181
-7.6926,53.28823,2022/04/15 23:00:00+00,Sat 16 Apr 2022,43,88,0,3844198,3789221,241056,4085254,4030277,85.1357262522041,83.9900185869849,182
-7.6926,53.28823,2022/04/16 23:00:00+00,Sun 17 Apr 2022,1,1,0,3844199,3789222,241056,4085255,4030278,85.1357470919673,83.9900394267481,183
-7.6926,53.28823,2022/04/17 23:00:00+00,Mon 18 Apr 2022,36,62,1,3844235,3789284,241057,4085292,4030341,85.1365181632083,83.9913523318341,184
-7.6926,53.28823,2022/04/18 23:00:00+00,Tue 19 Apr 2022,218,270,1,3844453,3789554,241058,4085511,4030612,85.1410820713641,83.9969999076799,185
-7.6926,53.28823,2022/04/19 23:00:00+00,Wed 20 Apr 2022,250,607,0,3844703,3790161,241058,4085761,4031219,85.1462920121813,84.0096496439839,186
-7.6926,53.28823,2022/04/20 23:00:00+00,Thu 21 Apr 2022,170,236,0,3844873,3790397,241058,4085931,4031455,85.1498347719369,84.0145678281153,187
-7.6926,53.28823,2022/04/21 23:00:00+00,Fri 22 Apr 2022,195,254,0,3845068,3790651,241058,4086126,4031709,85.1538985257743,84.0198611279855,188
-7.6926,53.28823,2022/04/22 23:00:00+00,Sat 23 Apr 2022,325,1010,0,3845393,3791661,241058,4086451,4032719,85.1606714488366,84.0409092888869,189
-7.6926,53.28823,2022/04/23 23:00:00+00,Sun 24 Apr 2022,181,252,0,3845574,3791913,241058,4086632,4032971,85.1644434459882,84.0461609092305,190
-7.6926,53.28823,2022/04/24 23:00:00+00,Mon 25 Apr 2022,41,59,1,3845615,3791972,241059,4086674,4033031,85.1653187160455,84.0474112950266,191
-7.6926,53.28823,2022/04/25 23:00:00+00,Tue 26 Apr 2022,144,238,0,3845759,3792210,241059,4086818,4033269,85.1683196419562,84.0523711586846,192
-7.6926,53.28823,2022/04/26 23:00:00+00,Wed 27 Apr 2022,122,208,0,3845881,3792418,241059,4086940,4033477,85.170862093075,84.0567058294445,193
-7.6926,53.28823,2022/04/27 23:00:00+00,Thu 28 Apr 2022,100,130,0,3845981,3792548,241059,4087040,4033607,85.1729460694018,84.0594149986694,194
-7.6926,53.28823,2022/04/28 23:00:00+00,Fri 29 Apr 2022,168,222,0,3846149,3792770,241059,4087208,4033829,85.176447149631,84.064041426115,195
-7.6926,53.28823,2022/04/29 23:00:00+00,Sat 30 Apr 2022,281,723,0,3846430,3793493,241059,4087489,4034552,85.1823031231094,84.0791085749582,196
-7.6926,53.28823,2022/04/30 23:00:00+00,Sun 01 May 2022,187,747,0,3846617,3794240,241059,4087676,4035299,85.1862001588407,84.0946758781199,197
-7.6926,53.28823,2022/05/01 23:00:00+00,Mon 02 May 2022,12,26,0,3846629,3794266,241059,4087688,4035325,85.1864502359999,84.0952177119649,198
-7.6926,53.28823,2022/05/02 23:00:00+00,Tue 03 May 2022,96,118,0,3846725,3794384,241059,4087784,4035443,85.1884508532737,84.0976768040306,199
-7.6926,53.28823,2022/05/03 23:00:00+00,Wed 04 May 2022,113,128,0,3846838,3794512,241059,4087897,4035571,85.190805746523,84.100344293729,200
-7.6926,53.28823,2022/05/04 23:00:00+00,Thu 05 May 2022,112,165,0,3846950,3794677,241059,4088009,4035736,85.1931398000091,84.1037828546683,201
-7.6926,53.28823,2022/05/05 23:00:00+00,Fri 06 May 2022,138,257,0,3847088,3794934,241059,4088147,4035993,85.1960156873402,84.1091386738283,202
-7.6926,53.28823,2022/05/06 23:00:00+00,Sat 07 May 2022,441,1088,0,3847529,3796022,241059,4088588,4037081,85.2052060229417,84.1318123362646,203
-7.6926,53.28823,2022/05/07 23:00:00+00,Sun 08 May 2022,274,437,0,3847803,3796459,241059,4088862,4037518,85.2109161180773,84.140919312813,204
-7.6926,53.28823,2022/05/08 23:00:00+00,Mon 09 May 2022,24,32,0,3847827,3796491,241059,4088886,4037550,85.2114162723957,84.1415861852376,205
-7.6926,53.28823,2022/05/09 23:00:00+00,Tue 10 May 2022,80,98,1,3847907,3796589,241060,4088967,4037649,85.2131042932205,84.1436493218012,206
-7.6926,53.28823,2022/05/10 23:00:00+00,Wed 11 May 2022,112,132,0,3848019,3796721,241060,4089079,4037781,85.2154383467065,84.1464001705526,207
-7.6926,53.28823,2022/05/11 23:00:00+00,Thu 12 May 2022,207,398,0,3848226,3797119,241060,4089286,4038179,85.2197521777032,84.1546943963335,208
-7.6926,53.28823,2022/05/12 23:00:00+00,Fri 13 May 2022,173,327,0,3848399,3797446,241060,4089459,4038506,85.2233574567486,84.1615089989224,209
-7.6926,53.28823,2022/05/13 23:00:00+00,Sat 14 May 2022,333,633,0,3848732,3798079,241060,4089792,4039139,85.2302970979171,84.1747005690714,210
-7.6926,53.28823,2022/05/14 23:00:00+00,Sun 15 May 2022,168,254,0,3848900,3798333,241060,4089960,4039393,85.2337981781462,84.1799938689417,211
-7.6926,53.28823,2022/05/15 23:00:00+00,Mon 16 May 2022,31,41,0,3848931,3798374,241060,4089991,4039434,85.2344442108076,84.1808482992356,212
-7.6926,53.28823,2022/05/16 23:00:00+00,Tue 17 May 2022,97,101,0,3849028,3798475,241060,4090088,4039535,85.2364656678446,84.1829531153258,213
-7.6926,53.28823,2022/05/17 23:00:00+00,Wed 18 May 2022,98,123,0,3849126,3798598,241060,4090186,4039658,85.2385079646449,84.1855164062078,214
-7.6926,53.28823,2022/05/18 23:00:00+00,Thu 19 May 2022,73,107,0,3849199,3798705,241060,4090259,4039765,85.2400292673635,84.1877462608776,215
-7.6926,53.28823,2022/05/19 23:00:00+00,Fri 20 May 2022,126,208,0,3849325,3798913,241060,4090385,4039973,85.2426550775354,84.1920809316374,216
-7.6926,53.28823,2022/05/20 23:00:00+00,Sat 21 May 2022,392,762,0,3849717,3799675,241060,4090777,4040735,85.2508242647367,84.2079608312481,217
-7.6926,53.28823,2022/05/21 23:00:00+00,Sun 22 May 2022,234,409,0,3849951,3800084,241060,4091011,4041144,85.2557007693415,84.216484294425,218
-7.6926,53.28823,2022/05/22 23:00:00+00,Mon 23 May 2022,26,35,0,3849977,3800119,241060,4091037,4041179,85.2562426031865,84.2172136861394,219
-7.6926,53.28823,2022/05/23 23:00:00+00,Tue 24 May 2022,64,83,0,3850041,3800202,241060,4091101,4041262,85.2575763480357,84.2189433864907,220
-7.6926,53.28823,2022/05/24 23:00:00+00,Wed 25 May 2022,87,134,1,3850128,3800336,241061,4091189,4041397,85.2594102472034,84.221756754532,221
-7.6926,53.28823,2022/05/25 23:00:00+00,Thu 26 May 2022,97,155,0,3850225,3800491,241061,4091286,4041552,85.2614317042404,84.2249869178386,222
-7.6926,53.28823,2022/05/26 23:00:00+00,Fri 27 May 2022,95,152,1,3850320,3800643,241062,4091382,4041705,85.2634323215142,84.2281754016187,223
-7.6926,53.28823,2021/01/14 00:00:00+00,Thu 14 Jan 2021,8096,6,0,88400,120,4,88404,124,1.84231843199954,0.00258413064530952,224
-7.6926,53.28823,2021/01/15 00:00:00+00,Fri 15 Jan 2021,7704,4,0,96104,124,4,96108,128,2.00286796822103,0.00266748969838402,225
-7.6926,53.28823,2021/01/16 00:00:00+00,Sat 16 Jan 2021,5247,2,0,101351,126,4,101355,130,2.1122142060915,0.00270916922492127,226
-7.6926,53.28823,2021/01/17 00:00:00+00,Sun 17 Jan 2021,1117,5,0,102468,131,4,102472,135,2.13549222166256,0.0028133680412644,227
-7.6926,53.28823,2021/01/18 00:00:00+00,Mon 18 Jan 2021,8728,9,1,111196,140,5,111201,145,2.31740251523439,0.00302176567395065,228
-7.6926,53.28823,2021/01/19 00:00:00+00,Tue 19 Jan 2021,8395,21,0,119591,161,5,119596,166,2.4923523278745,0.00345940070259178,229
-7.6926,53.28823,2021/01/20 00:00:00+00,Wed 20 Jan 2021,8453,965,0,128044,1126,5,128049,1131,2.66851084678418,0.0235697722568151,230
-7.6926,53.28823,2021/01/21 00:00:00+00,Thu 21 Jan 2021,9013,966,0,137057,2092,5,137062,2097,2.8563396331243,0.043700983574307,231
-7.6926,53.28823,2021/01/22 00:00:00+00,Fri 22 Jan 2021,6789,970,0,143846,3062,5,143851,3067,2.997820785955,0.0639155539448734,232
-7.6926,53.28823,2021/01/23 00:00:00+00,Sat 23 Jan 2021,4201,461,0,148047,3523,5,148052,3528,3.08536863144649,0.0735226848117096,233
-7.6926,53.28823,2021/01/24 00:00:00+00,Sun 24 Jan 2021,1187,399,0,149234,3922,5,149239,3927,3.11010543044635,0.0818377503558911,234
-7.6926,53.28823,2021/01/25 00:00:00+00,Mon 25 Jan 2021,1369,1293,0,150603,5215,5,150608,5220,3.1386350663611,0.108783564262223,235
-7.6926,53.28823,2021/01/26 00:00:00+00,Tue 26 Jan 2021,1011,3507,0,151614,8722,5,151619,8727,3.15970406702568,0.181868614045292,236
-7.6926,53.28823,2021/01/27 00:00:00+00,Wed 27 Jan 2021,2188,6709,0,153802,15431,5,153807,15436,3.20530146905743,0.321682585814498,237
-7.6926,53.28823,2021/01/28 00:00:00+00,Thu 28 Jan 2021,1024,11544,0,154826,26975,5,154831,26980,3.2266413866445,0.562256812987507,238
-7.6926,53.28823,2021/01/29 00:00:00+00,Fri 29 Jan 2021,1591,11526,0,156417,38501,5,156422,38506,3.25979745000489,0.802455924421681,239
-7.6926,53.28823,2021/01/30 00:00:00+00,Sat 30 Jan 2021,652,7793,0,157069,46294,5,157074,46299,3.27338497565603,0.964860199574077,240
-7.6926,53.28823,2021/01/31 00:00:00+00,Sun 31 Jan 2021,237,4087,0,157306,50381,5,157311,50386,3.27832399955069,1.05003231205295,241
-7.6926,53.28823,2021/02/01 00:00:00+00,Mon 01 Feb 2021,1038,8333,1,158344,58714,6,158350,58720,3.2999765135868,1.22371089913367,242
-7.6926,53.28823,2021/02/02 00:00:00+00,Tue 02 Feb 2021,843,5112,0,159187,63826,6,159193,63832,3.31754443402225,1.33024376896288,243
-7.6926,53.28823,2021/02/03 00:00:00+00,Wed 03 Feb 2021,1411,6872,0,160598,70698,6,160604,70704,3.34694933999428,1.47345462214487,244
-7.6926,53.28823,2021/02/04 00:00:00+00,Thu 04 Feb 2021,1454,10541,1,162052,81239,7,162059,81246,3.37727119555013,1.69314740652272,245
-7.6926,53.28823,2021/02/05 00:00:00+00,Fri 05 Feb 2021,3405,8617,0,165457,89856,7,165464,89863,3.4482305894798,1.87272364660846,246
-7.6926,53.28823,2021/02/06 00:00:00+00,Sat 06 Feb 2021,911,3870,0,166368,93726,7,166375,93733,3.46721561381751,1.95337353045804,247
-7.6926,53.28823,2021/02/07 00:00:00+00,Sun 07 Feb 2021,339,1301,2,166707,95027,9,166716,95036,3.47432197309211,1.98052774199706,248
-7.6926,53.28823,2021/02/08 00:00:00+00,Mon 08 Feb 2021,1195,881,0,167902,95908,9,167911,95917,3.49922549019812,1.99888757343672,249
-7.6926,53.28823,2021/02/09 00:00:00+00,Tue 09 Feb 2021,4274,553,3,172176,96461,12,172188,96473,3.58835715769803,2.01047448181408,250
-7.6926,53.28823,2021/02/10 00:00:00+00,Wed 10 Feb 2021,8833,584,0,181009,97045,12,181021,97057,3.7724347866498,2.02264490356295,251
-7.6926,53.28823,2021/02/11 00:00:00+00,Thu 11 Feb 2021,6200,450,0,187209,97495,12,187221,97507,3.90164131891527,2.03202279703383,252
-7.6926,53.28823,2021/02/12 00:00:00+00,Fri 12 Feb 2021,4402,527,0,191611,98022,12,191623,98034,3.99337795682376,2.0430053522764,253
-7.6926,53.28823,2021/02/13 00:00:00+00,Sat 13 Feb 2021,1222,1918,0,192833,99940,12,192845,99952,4.01884414753802,2.08297601822562,254
-7.6926,53.28823,2021/02/14 00:00:00+00,Sun 14 Feb 2021,2706,27,0,195539,99967,12,195551,99979,4.07523654694292,2.08353869183388,255
-7.6926,53.28823,2021/02/15 00:00:00+00,Mon 15 Feb 2021,1970,7894,0,197509,107861,12,197521,107873,4.11629088058211,2.2480477830764,256
-7.6926,53.28823,2021/02/16 00:00:00+00,Tue 16 Feb 2021,5659,8167,0,203168,116028,12,203180,116040,4.23422310091926,2.41824612969127,257
-7.6926,53.28823,2021/02/17 00:00:00+00,Wed 17 Feb 2021,9757,8466,0,212925,124494,12,212937,124506,4.43755667113124,2.59467556552345,258
-7.6926,53.28823,2021/02/18 00:00:00+00,Thu 18 Feb 2021,8471,8358,1,221396,132852,13,221409,132865,4.61411114554303,2.76887514668588,259
-7.6926,53.28823,2021/02/19 00:00:00+00,Fri 19 Feb 2021,9400,6591,2,230796,139443,15,230811,139458,4.81004659979464,2.90627170591593,260
-7.6926,53.28823,2021/02/20 00:00:00+00,Sat 20 Feb 2021,5899,3577,2,236695,143020,17,236712,143037,4.9330220428428,2.98085721865434,261
-7.6926,53.28823,2021/02/21 00:00:00+00,Sun 21 Feb 2021,1117,1025,6,237812,144045,23,237835,144068,4.95642509699347,3.00234301458429,262
-7.6926,53.28823,2021/02/22 00:00:00+00,Mon 22 Feb 2021,3954,1124,2,241766,145169,25,241791,145194,5.03886720048415,3.02580858802476,263
-7.6926,53.28823,2021/02/23 00:00:00+00,Tue 23 Feb 2021,13370,1074,1,255136,146243,26,255162,146269,5.31751567514894,3.04821133353854,264
-7.6926,53.28823,2021/02/24 00:00:00+00,Wed 24 Feb 2021,16949,2110,5,272085,148353,31,272116,148384,5.67083302160521,3.09228743285168,265
-7.6926,53.28823,2021/02/25 00:00:00+00,Thu 25 Feb 2021,18108,1764,3,290193,150117,34,290227,150151,6.04826197416328,3.12911129454734,266
-7.6926,53.28823,2021/02/26 00:00:00+00,Fri 26 Feb 2021,16093,2775,1,306286,152892,35,306321,152927,6.38365712420853,3.18696247738104,267
-7.6926,53.28823,2021/02/27 00:00:00+00,Sat 27 Feb 2021,9008,706,1,315294,153598,36,315330,153634,6.57140255149558,3.20169619001196,268
-7.6926,53.28823,2021/02/28 00:00:00+00,Sun 28 Feb 2021,2451,59,2,317745,153657,38,317783,153695,6.62252249079351,3.20296741557135,269
-7.6926,53.28823,2021/03/01 00:00:00+00,Mon 01 Mar 2021,5618,806,0,323363,154463,38,323401,154501,6.73960028083665,3.21976426476586,270
-7.6926,53.28823,2021/03/02 00:00:00+00,Tue 02 Mar 2021,12203,1619,0,335566,156082,38,335604,156120,6.99390791200368,3.25350384149776,271
-7.6926,53.28823,2021/03/03 00:00:00+00,Wed 03 Mar 2021,12918,1512,1,348484,157594,39,348523,157633,7.26313681367105,3.28503440332319,272
-7.6926,53.28823,2021/03/04 00:00:00+00,Thu 04 Mar 2021,18737,1697,5,367221,159291,44,367265,159335,7.65371565685162,3.32050368040639,273
-7.6926,53.28823,2021/03/05 00:00:00+00,Fri 05 Mar 2021,18468,2403,6,385689,161694,50,385739,161744,8.03870944347621,3.37070667012051,274
-7.6926,53.28823,2021/03/06 00:00:00+00,Sat 06 Mar 2021,10412,148,5,396101,161842,55,396156,161897,8.25579725744547,3.37389515390061,275
-7.6926,53.28823,2021/03/07 00:00:00+00,Sun 07 Mar 2021,1537,16,3,397638,161858,58,397696,161916,8.28789049287916,3.37429110940271,276
-7.6926,53.28823,2021/03/08 00:00:00+00,Mon 08 Mar 2021,6682,1510,6,404320,163368,64,404384,163432,8.42726682961972,3.40588419051795,277
-7.6926,53.28823,2021/03/09 00:00:00+00,Tue 09 Mar 2021,13853,3113,6,418173,166481,70,418243,166551,8.7160851087596,3.47088341215279,278
-7.6926,53.28823,2021/03/10 00:00:00+00,Wed 10 Mar 2021,13757,4000,3,431930,170481,73,432003,170554,9.00284025133588,3.5543049845171,279
-7.6926,53.28823,2021/03/11 00:00:00+00,Thu 11 Mar 2021,18504,2108,4,450434,172589,77,450511,172666,9.3885425899116,3.59831856454043,280
-7.6926,53.28823,2021/03/12 00:00:00+00,Fri 12 Mar 2021,17353,1348,4,467787,173937,81,467868,174018,9.75025836096512,3.62649392447962,281
-7.6926,53.28823,2021/03/13 00:00:00+00,Sat 13 Mar 2021,8331,180,0,476118,174117,81,476199,174198,9.92387442875604,3.63024508186797,282
-7.6926,53.28823,2021/03/14 00:00:00+00,Sun 14 Mar 2021,395,22,2,476513,174139,83,476596,174222,9.93214781477368,3.63074523618641,283
-7.6926,53.28823,2021/03/15 00:00:00+00,Mon 15 Mar 2021,2674,1002,0,479187,175141,83,479270,175224,9.98787334175399,3.65162667898158,284
-7.6926,53.28823,2021/03/16 00:00:00+00,Tue 16 Mar 2021,8970,3831,2,488157,178972,85,488242,179057,10.1748476978001,3.73150549159022,285
-7.6926,53.28823,2021/03/17 00:00:00+00,Wed 17 Mar 2021,4899,2426,7,493056,181398,92,493148,181490,10.277087576396,3.78220863562278,286
-7.6926,53.28823,2021/03/18 00:00:00+00,Thu 18 Mar 2021,11748,4690,7,504804,186088,99,504903,186187,10.5220589936187,3.88009300369552,287
-7.6926,53.28823,2021/03/19 00:00:00+00,Fri 19 Mar 2021,10393,6142,2,515197,192230,101,515298,192331,10.738688332796,4.00813250921795,288
-7.6926,53.28823,2021/03/20 00:00:00+00,Sat 20 Mar 2021,5259,3127,4,520456,195357,105,520561,195462,10.8483680068788,4.07338180801201,289
-7.6926,53.28823,2021/03/21 00:00:00+00,Sun 21 Mar 2021,3654,59,3,524110,195416,108,524218,195524,10.9245790211522,4.07467387333467,290
-7.6926,53.28823,2021/03/22 00:00:00+00,Mon 22 Mar 2021,7430,2417,1,531540,197833,109,531649,197942,11.0794393020013,4.1250644209182,291
-7.6926,53.28823,2021/03/23 00:00:00+00,Tue 23 Mar 2021,12579,7408,4,544119,205241,113,544232,205354,11.3416660432104,4.27952874626525,292
-7.6926,53.28823,2021/03/24 00:00:00+00,Wed 24 Mar 2021,13646,9786,2,557765,215027,115,557880,215142,11.6260871323006,4.48350834913856,293
-7.6926,53.28823,2021/03/25 00:00:00+00,Thu 25 Mar 2021,20889,10230,3,578654,225257,118,578772,225375,12.0614714665087,4.6967616466664,294
-7.6926,53.28823,2021/03/26 00:00:00+00,Fri 26 Mar 2021,19713,9507,1,598367,234764,119,598486,234883,12.4723065595864,4.89490611582449,295
-7.6926,53.28823,2021/03/27 00:00:00+00,Sat 27 Mar 2021,11766,5362,3,610133,240126,122,610255,240248,12.7175697334949,5.00671144576066,296
-7.6926,53.28823,2021/03/28 00:00:00+00,Sun 28 Mar 2021,2499,489,0,612632,240615,122,612754,240737,12.7696483019031,5.01690208999902,297
-7.6926,53.28823,2021/03/28 23:00:00+00,Mon 29 Mar 2021,9290,3130,3,621922,243745,125,622047,243870,12.9633122219585,5.08219306831962,298
-7.6926,53.28823,2021/03/29 23:00:00+00,Tue 30 Mar 2021,13346,8677,4,635268,252422,129,635397,252551,13.2415230615946,5.26310305325456,299
-7.6926,53.28823,2021/03/30 23:00:00+00,Wed 31 Mar 2021,15850,10510,4,651118,262932,133,651251,263065,13.5719166684554,5.48221232426088,300
-7.6926,53.28823,2021/03/31 23:00:00+00,Thu 01 Apr 2021,19723,11589,9,670841,274521,142,670983,274663,13.9831268772719,5.7239118986504,301
-7.6926,53.28823,2021/04/01 23:00:00+00,Fri 02 Apr 2021,20160,13728,9,691001,288249,151,691152,288400,14.4034440626368,6.0101877266715,302
-7.6926,53.28823,2021/04/02 23:00:00+00,Sat 03 Apr 2021,7556,4640,7,698557,292889,158,698715,293047,14.5610551922374,6.1070301065808,303
-7.6926,53.28823,2021/04/03 23:00:00+00,Sun 04 Apr 2021,3046,173,3,701603,293062,161,701764,293223,14.6245956304435,6.11069790491608,304
-7.6926,53.28823,2021/04/04 23:00:00+00,Mon 05 Apr 2021,3450,615,6,705053,293677,167,705220,293844,14.6966178522998,6.1236393979059,305
-7.6926,53.28823,2021/04/05 23:00:00+00,Tue 06 Apr 2021,12011,8162,12,717064,301839,179,717243,302018,14.9471743260785,6.29398362286364,306
-7.6926,53.28823,2021/04/06 23:00:00+00,Wed 07 Apr 2021,18380,10495,12,735444,312334,191,735635,312525,15.3304592521151,6.51294701552708,307
-7.6926,53.28823,2021/04/07 23:00:00+00,Thu 08 Apr 2021,20203,10576,18,755647,322910,209,755856,323119,15.7518601051699,6.7337234675949,308
-7.6926,53.28823,2021/04/08 23:00:00+00,Fri 09 Apr 2021,20684,9170,16,776331,332080,225,776556,332305,16.1832432048305,6.92515753298049,309
-7.6926,53.28823,2021/11/02 00:00:00+00,Tue 02 Nov 2021,1100,1099,10,3624393,3559811,240867,3865260,3800678,80.5511033716861,79.2052297802718,310
-7.6926,53.28823,2021/11/03 00:00:00+00,Wed 03 Nov 2021,2538,1885,7,3626931,3561696,240874,3867805,3802570,80.6041405692048,79.244658612376,311
-7.6926,53.28823,2021/11/04 00:00:00+00,Thu 04 Nov 2021,1537,1291,2,3628468,3562987,240876,3869344,3803863,80.6362129648752,79.2716044262824,312
-7.6926,53.28823,2021/11/05 00:00:00+00,Fri 05 Nov 2021,1630,1104,4,3630098,3564091,240880,3870978,3804971,80.6702651380561,79.294694883984,313
-7.6926,53.28823,2021/11/06 00:00:00+00,Sat 06 Nov 2021,1822,1360,6,3631920,3565451,240886,3872806,3806337,80.7083602253112,79.3231620006089,314
-7.6926,53.28823,2021/11/07 00:00:00+00,Sun 07 Nov 2021,698,775,0,3632618,3566226,240886,3873504,3807112,80.7229063800727,79.3393128171421,315
-7.6926,53.28823,2021/11/08 00:00:00+00,Mon 08 Nov 2021,516,536,4,3633134,3566762,240890,3874024,3807652,80.7337430569724,79.3505662893072,316
-7.6926,53.28823,2021/11/09 00:00:00+00,Tue 09 Nov 2021,1373,1071,4,3634507,3567833,240894,3875401,3808727,80.7624394109933,79.372969034821,317
-7.6926,53.28823,2021/11/10 00:00:00+00,Wed 10 Nov 2021,1602,1369,2,3636109,3569202,240896,3877005,3810098,80.7958663912761,79.4015403502622,318
-7.6926,53.28823,2021/11/11 00:00:00+00,Thu 11 Nov 2021,1394,1126,2,3637503,3570328,240898,3878401,3811226,80.8249587007991,79.4250476032292,319
-7.6926,53.28823,2021/11/12 00:00:00+00,Fri 12 Nov 2021,1143,1161,6,3638646,3571489,240904,3879550,3812393,80.8489035887948,79.4493676069637,320
-7.6926,53.28823,2021/11/13 00:00:00+00,Sat 13 Nov 2021,1396,1384,0,3640042,3572873,240904,3880946,3813777,80.8779958983178,79.4782098393275,321
-7.6926,53.28823,2021/11/14 00:00:00+00,Sun 14 Nov 2021,1646,1808,1,3641688,3574681,240905,3882593,3815586,80.9123189884212,79.5159089710804,322
-7.6926,53.28823,2021/11/15 00:00:00+00,Mon 15 Nov 2021,1243,598,1,3642931,3575279,240906,3883837,3816185,80.9382436539274,79.5283919892784,323
-7.6926,53.28823,2021/11/16 00:00:00+00,Tue 16 Nov 2021,1316,1082,5,3644247,3576361,240911,3885158,3817272,80.9657729812052,79.5510448119514,324
-7.6926,53.28823,2021/11/17 00:00:00+00,Wed 17 Nov 2021,1504,1123,3,3645751,3577484,240914,3886665,3818398,80.9971785044511,79.5745103853918,325
-7.6926,53.28823,2021/11/18 00:00:00+00,Thu 18 Nov 2021,1640,2514,5,3647391,3579998,240919,3888310,3820917,81.031459915028,79.6270057490655,326
-7.6926,53.28823,2021/11/19 00:00:00+00,Fri 19 Nov 2021,1166,1562,0,3648557,3581560,240919,3889476,3822479,81.0557590789992,79.6595574592911,327
-7.6926,53.28823,2021/11/20 00:00:00+00,Sat 20 Nov 2021,1547,2948,12,3650104,3584508,240931,3891035,3825439,81.088248269935,79.7212431585662,328
-7.6926,53.28823,2021/11/21 00:00:00+00,Sun 21 Nov 2021,1789,2771,0,3651893,3587279,240931,3892824,3828210,81.1255306064225,79.7789901425836,329
-7.6926,53.28823,2021/11/22 00:00:00+00,Mon 22 Nov 2021,725,521,3,3652618,3587800,240934,3893552,3828734,81.1407019540821,79.7899101785363,330
-7.6926,53.28823,2021/11/23 00:00:00+00,Tue 23 Nov 2021,2156,1598,8,3654774,3589398,240942,3895716,3830340,81.1857992017954,79.8233788383457,331
-7.6926,53.28823,2021/11/24 00:00:00+00,Wed 24 Nov 2021,1615,3153,2,3656389,3592551,240944,3897333,3833495,81.2194970990008,79.8891282914582,332
-7.6926,53.28823,2021/11/25 00:00:00+00,Thu 25 Nov 2021,982,1190,2,3657371,3593741,240946,3898317,3834687,81.2400034260571,79.9139692892745,333
-7.6926,53.28823,2021/11/26 00:00:00+00,Fri 26 Nov 2021,1279,1113,12,3658650,3594854,240958,3899608,3835812,81.2669075604369,79.9374140229517,334
-7.6926,53.28823,2021/11/27 00:00:00+00,Sat 27 Nov 2021,1201,1566,6,3659851,3596420,240964,3900815,3837384,81.2920611547021,79.97017413081,335
-7.6926,53.28823,2021/11/28 00:00:00+00,Sun 28 Nov 2021,1962,2262,1,3661813,3598682,240965,3902778,3839647,81.3329696099984,80.0173345150868,336
-7.6926,53.28823,2021/11/29 00:00:00+00,Mon 29 Nov 2021,536,1003,2,3662349,3599685,240967,3903316,3840652,81.3441814026369,80.0382784771718,337
-7.6926,53.28823,2021/11/30 00:00:00+00,Tue 30 Nov 2021,1895,1650,6,3664244,3601335,240973,3905217,3842308,81.3837977926106,80.0727891251447,338
-7.6926,53.28823,2021/12/01 00:00:00+00,Wed 01 Dec 2021,1071,1389,4,3665315,3602724,240977,3906292,3843701,81.4062005381244,80.1018189153778,339
-7.6926,53.28823,2021/12/02 00:00:00+00,Thu 02 Dec 2021,1737,1415,0,3667052,3604139,240977,3908029,3845116,81.442399206922,80.131307180403,340
-7.6926,53.28823,2021/12/03 00:00:00+00,Fri 03 Dec 2021,1016,1199,2,3668068,3605338,240979,3909047,3846317,81.4636140859294,80.1563357360886,341
-7.6926,53.28823,2021/12/04 00:00:00+00,Sat 04 Dec 2021,1204,1703,1,3669272,3607041,240980,3910252,3848021,81.4887260006681,80.1918466926983,342
-7.6926,53.28823,2021/12/05 00:00:00+00,Sun 05 Dec 2021,1348,1778,2,3670620,3608819,240982,3911602,3849801,81.5168596810808,80.2289414713165,343
-7.6926,53.28823,2021/12/06 00:00:00+00,Mon 06 Dec 2021,937,1304,0,3671557,3610123,240982,3912539,3851105,81.5363865392635,80.2561165226188,344
-7.6926,53.28823,2021/12/07 00:00:00+00,Tue 07 Dec 2021,483,749,2,3672040,3610872,240984,3913024,3851856,81.5464938244487,80.2717671848335,345
-7.6926,53.28823,2021/12/08 00:00:00+00,Wed 08 Dec 2021,797,1526,2,3672837,3612398,240986,3913823,3853384,81.5631447953004,80.3036103431079,346
-7.6926,53.28823,2021/12/09 00:00:00+00,Thu 09 Dec 2021,785,1213,1,3673622,3613611,240987,3914609,3854598,81.5795248492295,80.3289098157161,347
-7.6926,53.28823,2021/12/10 00:00:00+00,Fri 10 Dec 2021,895,1618,1,3674517,3615229,240988,3915505,3856217,81.5981972771182,80.362649392448,348
-7.6926,53.28823,2021/12/11 00:00:00+00,Sat 11 Dec 2021,644,845,2,3675161,3616074,240990,3916151,3857064,81.6116597641898,80.3803006719365,349
-7.6926,53.28823,2021/12/12 00:00:00+00,Sun 12 Dec 2021,686,1193,0,3675847,3617267,240990,3916837,3858257,81.625955841792,80.405162509516,350
-7.6926,53.28823,2021/12/13 00:00:00+00,Mon 13 Dec 2021,723,1071,1,3676570,3618338,240991,3917561,3859329,81.6410438303985,80.4275027357399,351
-7.6926,53.28823,2021/12/14 00:00:00+00,Tue 14 Dec 2021,631,1204,3,3677201,3619542,240994,3918195,3860536,81.6542562403108,80.4526563300052,352
-7.6926,53.28823,2021/12/15 00:00:00+00,Wed 15 Dec 2021,791,1258,1,3677992,3620800,240995,3918987,3861795,81.6707613328196,80.4788935919604,353
-7.6926,53.28823,2021/12/16 00:00:00+00,Thu 16 Dec 2021,1049,1547,8,3679041,3622347,241003,3920044,3863350,81.6927889625945,80.5112994238431,354
-7.6926,53.28823,2021/12/17 00:00:00+00,Fri 17 Dec 2021,1197,2459,1,3680238,3624806,241004,3921242,3865810,81.7177549989903,80.5625652414839,355
-7.6926,53.28823,2021/12/18 00:00:00+00,Sat 18 Dec 2021,1251,1185,0,3681489,3625991,241004,3922493,3866995,81.7438255428394,80.5872603609572,356
-7.6926,53.28823,2021/12/19 00:00:00+00,Sun 19 Dec 2021,550,890,2,3682039,3626881,241006,3923045,3867887,81.7553290921636,80.6058494297928,357
-7.6926,53.28823,2021/12/20 00:00:00+00,Mon 20 Dec 2021,516,620,1,3682555,3627501,241007,3923562,3868508,81.7661032497735,80.6187909227826,358
-7.6926,53.28823,2021/12/21 00:00:00+00,Tue 21 Dec 2021,1407,1820,3,3683962,3629321,241010,3924972,3870331,81.7954873159823,80.6567818112213,359
-7.6926,53.28823,2021/12/22 00:00:00+00,Wed 22 Dec 2021,1165,1601,2,3685127,3630922,241012,3926139,3871934,81.8198073197168,80.6901879517409,360
-7.6926,53.28823,2021/12/23 00:00:00+00,Thu 23 Dec 2021,930,1399,0,3686057,3632321,241012,3927069,3873333,81.8391882995566,80.7193427805537,361
-7.6926,53.28823,2021/12/24 00:00:00+00,Fri 24 Dec 2021,101,163,0,3686158,3632484,241012,3927170,3873496,81.8412931156467,80.7227396619665,362
-7.6926,53.28823,2021/12/25 00:00:00+00,Sat 25 Dec 2021,1,6,0,3686159,3632490,241012,3927171,3873502,81.84131395541,80.7228647005462,363
-7.6926,53.28823,2021/12/26 00:00:00+00,Sun 26 Dec 2021,12,13,0,3686171,3632503,241012,3927183,3873515,81.8415640325692,80.7231356174686,364
-7.6926,53.28823,2021/12/27 00:00:00+00,Mon 27 Dec 2021,391,590,0,3686562,3633093,241012,3927574,3874105,81.8497123800072,80.7354310777971,365
-7.6926,53.28823,2021/12/28 00:00:00+00,Tue 28 Dec 2021,467,750,0,3687029,3633843,241012,3928041,3874855,81.8594445494537,80.7510609002486,366
-7.6926,53.28823,2021/12/29 00:00:00+00,Wed 29 Dec 2021,1058,1312,0,3688087,3635155,241012,3929099,3876167,81.8814930189919,80.778402669657,367
-7.6926,53.28823,2021/12/30 00:00:00+00,Thu 30 Dec 2021,1051,1199,1,3689138,3636354,241013,3930151,3877367,81.9034164499505,80.8034103855794,368
-7.6926,53.28823,2021/12/31 00:00:00+00,Fri 31 Dec 2021,713,1682,0,3689851,3638036,241013,3930864,3879049,81.918275201161,80.8384628673972,369
-7.6926,53.28823,2022/01/01 00:00:00+00,Sat 01 Jan 2022,68,100,0,3689919,3638136,241013,3930932,3879149,81.9196923050633,80.8405468437241,370
-7.6926,53.28823,2022/01/02 00:00:00+00,Sun 02 Jan 2022,271,629,0,3690190,3638765,241013,3931203,3879778,81.9253398809091,80.85365505482,371
-7.6926,53.28823,2022/01/03 00:00:00+00,Mon 03 Jan 2022,3632,729,1,3693822,3639494,241014,3934836,3880508,82.001050740864,80.8688680820061,372
-7.6926,53.28823,2022/01/04 00:00:00+00,Tue 04 Jan 2022,1188,785,1,3695010,3640279,241015,3936025,3881294,82.0258292193904,80.8852481359353,373
-7.6926,53.28823,2022/01/05 00:00:00+00,Wed 05 Jan 2022,2139,913,0,3697149,3641192,241015,3938164,3882207,82.070405473022,80.9042748397995,374
-7.6926,53.28823,2022/01/06 00:00:00+00,Thu 06 Jan 2022,2455,1697,1,3699604,3642889,241016,3940620,3883905,82.1215879316097,80.9396607578297,375
-7.6926,53.28823,2022/01/07 00:00:00+00,Fri 07 Jan 2022,4854,783,2,3704458,3643672,241018,3945476,3884690,82.2227858220422,80.9560199719955,376
-7.6926,53.28823,2022/01/08 00:00:00+00,Sat 08 Jan 2022,9789,745,2,3714247,3644417,241020,3955267,3885437,82.4268279442053,80.9715872751572,377
-7.6926,53.28823,2022/01/09 00:00:00+00,Sun 09 Jan 2022,7116,667,0,3721363,3645084,241020,3962383,3886104,82.5751236996248,80.9854873972574,378
-7.6926,53.28823,2022/01/10 00:00:00+00,Mon 10 Jan 2022,6663,509,1,3728026,3645593,241021,3969047,3886614,82.7139998820469,80.9961156765244,379
-7.6926,53.28823,2022/01/11 00:00:00+00,Tue 11 Jan 2022,4780,1369,1,3732806,3646962,241022,3973828,3887984,82.8136347902342,81.0246661522024,380
-7.6926,53.28823,2022/01/12 00:00:00+00,Wed 12 Jan 2022,7560,927,1,3740366,3647889,241023,3981389,3888912,82.9712042403083,81.0440054525157,381
-7.6926,53.28823,2022/01/13 00:00:00+00,Thu 13 Jan 2022,7321,817,0,3747687,3648706,241023,3988710,3889729,83.1237721471979,81.0610315391061,382
-7.6926,53.28823,2022/01/14 00:00:00+00,Fri 14 Jan 2022,10723,835,0,3758410,3649541,241023,3999433,3890564,83.3472369287274,81.0784327414354,383
-7.6926,53.28823,2022/01/15 00:00:00+00,Sat 15 Jan 2022,8363,652,2,3766773,3650193,241025,4007798,3891218,83.5215615484694,81.0920619466131,384
-7.6926,53.28823,2022/01/16 00:00:00+00,Sun 16 Jan 2022,6965,1216,1,3773738,3651409,241026,4014764,3892435,83.6667313393987,81.117423938511,385
-7.6926,53.28823,2022/01/17 00:00:00+00,Mon 17 Jan 2022,2562,562,0,3776300,3651971,241026,4017326,3892997,83.7201228128929,81.129135885468,386
-7.6926,53.28823,2022/01/18 00:00:00+00,Tue 18 Jan 2022,4056,452,3,3780356,3652423,241029,4021385,3893452,83.8047114120002,81.1386179777552,387
-7.6926,53.28823,2022/01/19 00:00:00+00,Wed 19 Jan 2022,3487,623,0,3783843,3653046,241029,4024872,3894075,83.8773796665179,81.1516011502716,388
-7.6926,53.28823,2022/01/20 00:00:00+00,Thu 20 Jan 2022,3699,938,0,3787542,3653984,241029,4028571,3895013,83.9544659508486,81.1711488482175,389
-7.6926,53.28823,2022/01/21 00:00:00+00,Fri 21 Jan 2022,3252,977,0,3790794,3654961,241029,4031823,3895990,84.0222368609982,81.191509296931,390
-7.6926,53.28823,2022/01/22 00:00:00+00,Sat 22 Jan 2022,4272,644,0,3795066,3655605,241029,4036095,3896634,84.1112643296817,81.204930104476,391
-7.6926,53.28823,2022/01/23 00:00:00+00,Sun 23 Jan 2022,3094,680,0,3798160,3656285,241029,4039189,3897314,84.1757425572348,81.2191011434986,392
-7.6926,53.28823,2022/01/24 00:00:00+00,Mon 24 Jan 2022,646,468,0,3798806,3656753,241029,4039835,3897782,84.1892050443064,81.2288541527084,393
-7.6926,53.28823,2022/01/25 00:00:00+00,Tue 25 Jan 2022,692,1836,1,3799498,3658589,241030,4040528,3899619,84.2036470002515,81.2671367978328,394
-7.6926,53.28823,2022/01/26 00:00:00+00,Wed 26 Jan 2022,700,897,0,3800198,3659486,241030,4041228,3900516,84.2182348345396,81.2858300654848,395
-7.6926,53.28823,2022/01/27 00:00:00+00,Thu 27 Jan 2022,1274,1178,0,3801472,3660664,241030,4042502,3901694,84.2447846929438,81.3103793066152,396
-7.6926,53.28823,2022/01/28 00:00:00+00,Fri 28 Jan 2022,1028,3095,1,3802500,3663759,241031,4043531,3904790,84.2662288093472,81.3748992136949,397
-7.6926,53.28823,2022/01/29 00:00:00+00,Sat 29 Jan 2022,2328,3445,0,3804828,3667204,241031,4045859,3908235,84.3147437782366,81.4466921981553,398
-7.6926,53.28823,2022/01/30 00:00:00+00,Sun 30 Jan 2022,1639,7537,0,3806467,3674741,241031,4047498,3915772,84.3489001502338,81.6037614939109,399
-7.6926,53.28823,2022/01/31 00:00:00+00,Mon 31 Jan 2022,482,1395,0,3806949,3676136,241031,4047980,3917167,84.3589449161293,81.6328329636707,400
-7.6926,53.28823,2022/02/01 00:00:00+00,Tue 01 Feb 2022,749,3419,1,3807698,3679555,241032,4048730,3920587,84.3745747385808,81.7041049540494,401
-7.6926,53.28823,2022/02/02 00:00:00+00,Wed 02 Feb 2022,652,2996,0,3808350,3682551,241032,4049382,3923583,84.388162264232,81.7665408848022,402
-7.6926,53.28823,2022/02/03 00:00:00+00,Thu 03 Feb 2022,908,2436,1,3809258,3684987,241033,4050291,3926020,84.4071056090431,81.8173273878878,403
-7.6926,53.28823,2022/02/04 00:00:00+00,Fri 04 Feb 2022,1173,6523,0,3810431,3691510,241033,4051464,3932543,84.4315506513572,81.9532651636891,404
-7.6926,53.28823,2022/02/05 00:00:00+00,Sat 05 Feb 2022,1777,5750,0,3812208,3697260,241033,4053241,3938293,84.4685829106856,82.0730938024836,405
-7.6926,53.28823,2022/02/06 00:00:00+00,Sun 06 Feb 2022,1407,7555,0,3813615,3704815,241033,4054648,3945848,84.4979044576045,82.2305382139781,406
-7.6926,53.28823,2022/02/07 00:00:00+00,Mon 07 Feb 2022,440,1351,0,3814055,3706166,241033,4055088,3947199,84.5070739534427,82.258692734154,407
-7.6926,53.28823,2022/02/08 00:00:00+00,Tue 08 Feb 2022,899,1238,0,3814954,3707404,241033,4055987,3948437,84.5258089006212,82.2844923610806,408
-7.6926,53.28823,2022/02/09 00:00:00+00,Wed 09 Feb 2022,1335,1784,0,3816289,3709188,241033,4057322,3950221,84.5536299845848,82.3216704987518,409
-7.6926,53.28823,2022/02/10 00:00:00+00,Thu 10 Feb 2022,687,2552,0,3816976,3711740,241033,4058009,3952773,84.5679469019504,82.3748535746133,410
-7.6926,53.28823,2022/02/11 00:00:00+00,Fri 11 Feb 2022,546,4922,0,3817522,3716662,241033,4058555,3957695,84.579325412695,82.4774268894215,411
-7.6926,53.28823,2022/02/12 00:00:00+00,Sat 12 Feb 2022,1397,5462,0,3818919,3722124,241033,4059952,3963157,84.6084385619813,82.5912536763947,412
-7.6926,53.28823,2022/05/27 23:00:00+00,Sat 28 May 2022,335,580,0,3850655,3801223,241062,4091717,4042285,85.2704136422092,84.2402624643145,413
-7.6926,53.28823,2022/05/28 23:00:00+00,Sun 29 May 2022,182,349,0,3850837,3801572,241062,4091899,4042634,85.2742064791241,84.2475355416953,414
-7.6926,53.28823,2022/05/29 23:00:00+00,Mon 30 May 2022,8,23,0,3850845,3801595,241062,4091907,4042657,85.2743731972302,84.2480148562504,415
-7.6926,53.28823,2022/05/30 23:00:00+00,Tue 31 May 2022,65,80,2,3850910,3801675,241064,4091974,4042739,85.2757694613692,84.2497237168385,416
-7.6926,53.28823,2022/05/31 23:00:00+00,Wed 01 Jun 2022,68,102,0,3850978,3801777,241064,4092042,4042841,85.2771865652715,84.2518493726919,417
-7.6926,53.28823,2022/06/01 23:00:00+00,Thu 02 Jun 2022,91,141,0,3851069,3801918,241064,4092133,4042982,85.2790829837289,84.2547877793127,418
-7.6926,53.28823,2022/06/02 23:00:00+00,Fri 03 Jun 2022,60,143,0,3851129,3802061,241064,4092193,4043125,85.2803333695251,84.2577678654602,419
-7.6926,53.28823,2022/06/03 23:00:00+00,Sat 04 Jun 2022,305,607,0,3851434,3802668,241064,4092498,4043732,85.286689497322,84.2704176017642,420
-7.6926,53.28823,2022/06/04 23:00:00+00,Sun 05 Jun 2022,143,273,0,3851577,3802941,241064,4092641,4044005,85.2896695834694,84.2761068571365,421
-7.6926,53.28823,2022/06/05 23:00:00+00,Mon 06 Jun 2022,5,7,1,3851582,3802948,241065,4092647,4044013,85.289794622049,84.2762735752427,422
-7.6926,53.28823,2022/06/06 23:00:00+00,Tue 07 Jun 2022,29,53,0,3851611,3803001,241065,4092676,4044066,85.2903989751838,84.2773780826959,423
-7.6926,53.28823,2022/06/07 23:00:00+00,Wed 08 Jun 2022,36,76,0,3851647,3803077,241065,4092712,4044142,85.2911492066615,84.2789619047043,424
-7.6926,53.28823,2022/06/08 23:00:00+00,Thu 09 Jun 2022,73,122,0,3851720,3803199,241065,4092785,4044264,85.2926705093801,84.2815043558231,425
-7.6926,53.28823,2022/06/09 23:00:00+00,Fri 10 Jun 2022,56,108,0,3851776,3803307,241065,4092841,4044372,85.2938375361231,84.2837550502561,426
-7.6926,53.28823,2022/06/10 23:00:00+00,Sat 11 Jun 2022,189,562,0,3851965,3803869,241065,4093030,4044934,85.2977762513809,84.2954669972131,427
-7.6926,53.28823,2022/06/11 23:00:00+00,Sun 12 Jun 2022,143,288,0,3852108,3804157,241065,4093173,4045222,85.3007563375283,84.3014688490345,428
-7.6926,53.28823,2022/06/12 23:00:00+00,Mon 13 Jun 2022,17,44,0,3852125,3804201,241065,4093190,4045266,85.3011106135039,84.3023857986183,429
-7.6926,53.28823,2022/06/13 23:00:00+00,Tue 14 Jun 2022,37,55,0,3852162,3804256,241065,4093227,4045321,85.3018816847448,84.3035319855981,430
-7.6926,53.28823,2022/06/14 23:00:00+00,Wed 15 Jun 2022,66,123,0,3852228,3804379,241065,4093293,4045444,85.3032571091206,84.3060952764801,431
-7.6926,53.28823,2022/06/15 23:00:00+00,Thu 16 Jun 2022,42,85,0,3852270,3804464,241065,4093335,4045529,85.3041323791778,84.3078666563579,432
-7.6926,53.28823,2022/06/16 23:00:00+00,Fri 17 Jun 2022,58,95,0,3852328,3804559,241065,4093393,4045624,85.3053410854474,84.3098464338685,433
-7.6926,53.28823,2022/06/17 23:00:00+00,Sat 18 Jun 2022,223,488,0,3852551,3805047,241065,4093616,4046112,85.3099883526563,84.3200162383435,434
-7.6926,53.28823,2022/06/18 23:00:00+00,Sun 19 Jun 2022,80,129,0,3852631,3805176,241065,4093696,4046241,85.3116555337178,84.3227045678052,435
-7.6926,53.28823,2022/06/19 23:00:00+00,Mon 20 Jun 2022,9,28,0,3852640,3805204,241065,4093705,4046269,85.3118430915872,84.3232880811767,436
-7.6926,53.28823,2022/06/20 23:00:00+00,Tue 21 Jun 2022,74,169,1,3852714,3805373,241066,4093780,4046439,85.3134060738324,84.3268308409324,437
-7.6926,53.28823,2022/06/21 23:00:00+00,Wed 22 Jun 2022,60,94,0,3852774,3805467,241066,4093840,4046533,85.3146564596285,84.3287897786796,438
-7.6926,53.28823,2022/06/22 23:00:00+00,Thu 23 Jun 2022,64,113,0,3852838,3805580,241066,4093904,4046646,85.3159902044777,84.331144671929,439
-7.6926,53.28823,2022/06/23 23:00:00+00,Fri 24 Jun 2022,55,93,1,3852893,3805673,241067,4093960,4046740,85.3171572312207,84.3331036096762,440
-7.6926,53.28823,2022/06/24 23:00:00+00,Sat 25 Jun 2022,210,293,0,3853103,3805966,241067,4094170,4047033,85.3215335815071,84.3392096603139,441
-7.6926,53.28823,2022/06/25 23:00:00+00,Sun 26 Jun 2022,174,402,0,3853277,3806368,241067,4094344,4047435,85.3251597003159,84.3475872451479,442
-7.6926,53.28823,2022/06/26 23:00:00+00,Mon 27 Jun 2022,4,33,0,3853281,3806401,241067,4094348,4047468,85.3252430593689,84.3482749573358,443
-7.6926,53.28823,2022/06/27 23:00:00+00,Tue 28 Jun 2022,48,60,0,3853329,3806461,241067,4094396,4047528,85.3262433680058,84.3495253431319,444
-7.6926,53.28823,2022/06/28 23:00:00+00,Wed 29 Jun 2022,63,81,3,3853392,3806542,241070,4094462,4047612,85.3276187923816,84.3512758832465,445
-7.6926,53.28823,2022/06/29 23:00:00+00,Thu 30 Jun 2022,49,88,0,3853441,3806630,241070,4094511,4047700,85.3286399407817,84.3531097824141,446
-7.6926,53.28823,2022/06/30 23:00:00+00,Fri 01 Jul 2022,46,64,0,3853487,3806694,241070,4094557,4047764,85.3295985698921,84.3544435272633,447
-7.6926,53.28823,2022/07/01 23:00:00+00,Sat 02 Jul 2022,182,228,0,3853669,3806922,241070,4094739,4047992,85.333391406807,84.3591949932886,448
-7.6926,53.28823,2022/07/02 23:00:00+00,Sun 03 Jul 2022,108,273,0,3853777,3807195,241070,4094847,4048265,85.33564210124,84.3648842486609,449
-7.6926,53.28823,2022/07/03 23:00:00+00,Mon 04 Jul 2022,14,15,0,3853791,3807210,241070,4094861,4048280,85.3359338579258,84.3651968451099,450
-7.6926,53.28823,2022/07/04 23:00:00+00,Tue 05 Jul 2022,51,70,0,3853842,3807280,241070,4094912,4048350,85.3369966858525,84.3666556285387,451
-7.6926,53.28823,2022/07/05 23:00:00+00,Wed 06 Jul 2022,60,83,0,3853902,3807363,241070,4094972,4048433,85.3382470716486,84.36838532889,452
-7.6926,53.28823,2022/07/06 23:00:00+00,Thu 07 Jul 2022,77,77,0,3853979,3807440,241070,4095049,4048510,85.3398517334202,84.3699899906617,453
-7.6926,53.28823,2022/07/07 23:00:00+00,Fri 08 Jul 2022,99,90,0,3854078,3807530,241070,4095148,4048600,85.3419148699839,84.3718655693559,454
-7.6926,53.28823,2022/07/08 23:00:00+00,Sat 09 Jul 2022,119,143,0,3854197,3807673,241070,4095267,4048743,85.3443948018128,84.3748456555033,455
-7.6926,53.28823,2022/07/09 23:00:00+00,Sun 10 Jul 2022,133,219,0,3854330,3807892,241070,4095400,4048962,85.3471664903275,84.3794095636591,456
-7.6926,53.28823,2022/07/10 23:00:00+00,Mon 11 Jul 2022,11,16,0,3854341,3807908,241070,4095411,4048978,85.3473957277235,84.3797429998714,457
-7.6926,53.28823,2022/07/11 23:00:00+00,Tue 12 Jul 2022,44,81,0,3854385,3807989,241070,4095455,4049059,85.3483126773073,84.3814310206962,458
-7.6926,53.28823,2022/07/12 23:00:00+00,Wed 13 Jul 2022,99,74,0,3854484,3808063,241070,4095554,4049133,85.3503758138709,84.3829731631781,459
-7.6926,53.28823,2022/07/13 23:00:00+00,Thu 14 Jul 2022,72,39,0,3854556,3808102,241070,4095626,4049172,85.3518762768262,84.3837859139455,460
-7.6926,53.28823,2022/07/14 23:00:00+00,Fri 15 Jul 2022,80,118,1,3854636,3808220,241071,4095707,4049291,85.353564297651,84.3862658457745,461
-7.6926,53.28823,2022/07/15 23:00:00+00,Sat 16 Jul 2022,124,210,0,3854760,3808430,241071,4095831,4049501,85.3561484282963,84.3906421960609,462
-7.6926,53.28823,2022/07/16 23:00:00+00,Sun 17 Jul 2022,119,165,0,3854879,3808595,241071,4095950,4049666,85.3586283601253,84.3940807570002,463
-7.6926,53.28823,2022/07/17 23:00:00+00,Mon 18 Jul 2022,14,18,0,3854893,3808613,241071,4095964,4049684,85.358920116811,84.3944558727391,464
-7.6926,53.28823,2022/07/18 23:00:00+00,Tue 19 Jul 2022,30,33,0,3854923,3808646,241071,4095994,4049717,85.3595453097091,84.3951435849269,465
-7.6926,53.28823,2022/07/19 23:00:00+00,Wed 20 Jul 2022,78,66,0,3855001,3808712,241071,4096072,4049783,85.3611708112441,84.3965190093027,466
-7.6926,53.28823,2022/07/20 23:00:00+00,Thu 21 Jul 2022,52,30,0,3855053,3808742,241071,4096124,4049813,85.362254478934,84.3971442022007,467
-7.6926,53.28823,2022/07/21 23:00:00+00,Fri 22 Jul 2022,75,70,0,3855128,3808812,241071,4096199,4049883,85.3638174611792,84.3986029856295,468
-7.6926,53.28823,2022/07/22 23:00:00+00,Sat 23 Jul 2022,99,175,0,3855227,3808987,241071,4096298,4050058,85.3658805977428,84.4022499442015,469
-7.6926,53.28823,2022/07/23 23:00:00+00,Sun 24 Jul 2022,108,231,0,3855335,3809218,241071,4096406,4050289,85.3681312921758,84.4070639295166,470
-7.6926,53.28823,2022/07/24 23:00:00+00,Mon 25 Jul 2022,14,23,0,3855349,3809241,241071,4096420,4050312,85.3684230488615,84.4075432440718,471
-7.6926,53.28823,2022/07/25 23:00:00+00,Tue 26 Jul 2022,18,16,0,3855367,3809257,241071,4096438,4050328,85.3687981646004,84.4078766802841,472
-7.6926,53.28823,2022/07/26 23:00:00+00,Wed 27 Jul 2022,61,72,1,3855428,3809329,241072,4096500,4050401,85.370090229923,84.4093979830027,473
-7.6926,53.28823,2022/07/27 23:00:00+00,Thu 28 Jul 2022,49,71,0,3855477,3809400,241072,4096549,4050472,85.3711113783232,84.4108776061947,474
-7.6926,53.28823,2022/07/28 23:00:00+00,Fri 29 Jul 2022,71,105,0,3855548,3809505,241072,4096620,4050577,85.3725910015153,84.4130657813379,475
-7.6926,53.28823,2022/07/29 23:00:00+00,Sat 30 Jul 2022,100,119,0,3855648,3809624,241072,4096720,4050696,85.3746749778421,84.4155457131669,476
-7.6926,53.28823,2022/07/30 23:00:00+00,Sun 31 Jul 2022,32,57,0,3855680,3809681,241072,4096752,4050753,85.3753418502667,84.4167335796732,477
-7.6926,53.28823,2022/07/31 23:00:00+00,Mon 01 Aug 2022,9,15,0,3855689,3809696,241072,4096761,4050768,85.3755294081361,84.4170461761223,478
-7.6926,53.28823,2022/08/01 23:00:00+00,Tue 02 Aug 2022,36,28,0,3855725,3809724,241072,4096797,4050796,85.3762796396138,84.4176296894938,479
-7.6926,53.28823,2022/08/02 23:00:00+00,Wed 03 Aug 2022,93,139,0,3855818,3809863,241072,4096890,4050935,85.3782177375978,84.4205264165881,480
-7.6926,53.28823,2022/08/03 23:00:00+00,Thu 04 Aug 2022,45,52,0,3855863,3809915,241072,4096935,4050987,85.3791555269449,84.4216100842781,481
-7.6926,53.28823,2022/08/04 23:00:00+00,Fri 05 Aug 2022,96,91,0,3855959,3810006,241072,4097031,4051078,85.3811561442187,84.4235065027355,482
-7.6926,53.28823,2022/08/05 23:00:00+00,Sat 06 Aug 2022,74,130,0,3856033,3810136,241072,4097105,4051208,85.3826982867005,84.4262156719604,483
-7.6926,53.28823,2022/08/06 23:00:00+00,Sun 07 Aug 2022,28,80,0,3856061,3810216,241072,4097133,4051288,85.3832818000721,84.4278828530219,484
-7.6926,53.28823,2022/08/07 23:00:00+00,Mon 08 Aug 2022,11,15,0,3856072,3810231,241072,4097144,4051303,85.383511037468,84.428195449471,485
-7.6926,53.28823,2022/08/08 23:00:00+00,Tue 09 Aug 2022,47,42,0,3856119,3810273,241072,4097191,4051345,85.3844905063416,84.4290707195283,486
-7.6926,53.28823,2022/08/09 23:00:00+00,Wed 10 Aug 2022,55,94,1,3856174,3810367,241073,4097247,4051440,85.3856575330847,84.4310504970388,487
-7.6926,53.28823,2022/08/10 23:00:00+00,Thu 11 Aug 2022,45,41,0,3856219,3810408,241073,4097292,4051481,85.3865953224318,84.4319049273328,488
-7.6926,53.28823,2022/08/11 23:00:00+00,Fri 12 Aug 2022,70,75,0,3856289,3810483,241073,4097362,4051556,85.3880541058606,84.4334679095779,489
-7.6926,53.28823,2022/08/12 23:00:00+00,Sat 13 Aug 2022,103,151,0,3856392,3810634,241073,4097465,4051707,85.3902006014772,84.4366147138315,490
-7.6926,53.28823,2022/08/13 23:00:00+00,Sun 14 Aug 2022,17,26,0,3856409,3810660,241073,4097482,4051733,85.3905548774528,84.4371565476765,491
-7.6926,53.28823,2022/08/14 23:00:00+00,Mon 15 Aug 2022,7,11,0,3856416,3810671,241073,4097489,4051744,85.3907007557957,84.4373857850724,492
-7.6926,53.28823,2022/08/15 23:00:00+00,Tue 16 Aug 2022,41,28,0,3856457,3810699,241073,4097530,4051772,85.3915551860897,84.437969298444,493
-7.6926,53.28823,2022/08/16 23:00:00+00,Wed 17 Aug 2022,51,58,0,3856508,3810757,241073,4097581,4051830,85.3926180140164,84.4391780047135,494
-7.6926,53.28823,2022/08/17 23:00:00+00,Thu 18 Aug 2022,55,39,0,3856563,3810796,241073,4097636,4051869,85.3937642009962,84.439990755481,495
-7.6926,53.28823,2022/08/18 23:00:00+00,Fri 19 Aug 2022,73,56,0,3856636,3810852,241073,4097709,4051925,85.3952855037148,84.4411577822241,496
-7.6926,53.28823,2022/08/19 23:00:00+00,Sat 20 Aug 2022,109,127,0,3856745,3810979,241073,4097818,4052052,85.3975570379111,84.4438044321592,497
-7.6926,53.28823,2022/08/20 23:00:00+00,Sun 21 Aug 2022,39,36,0,3856784,3811015,241073,4097857,4052088,85.3983697886786,84.4445546636368,498
-7.6926,53.28823,2022/08/21 23:00:00+00,Mon 22 Aug 2022,12,13,0,3856796,3811028,241073,4097869,4052101,85.3986198658378,84.4448255805593,499
-7.6926,53.28823,2022/08/22 23:00:00+00,Tue 23 Aug 2022,78,72,0,3856874,3811100,241073,4097947,4052173,85.4002453673727,84.4463260435147,500
-7.6926,53.28823,2022/08/23 23:00:00+00,Wed 24 Aug 2022,53,56,0,3856927,3811156,241073,4098000,4052229,85.401349874826,84.4474930702577,501
-7.6926,53.28823,2022/08/24 23:00:00+00,Thu 25 Aug 2022,42,49,0,3856969,3811205,241073,4098042,4052278,85.4022251448832,84.4485142186579,502
-7.6926,53.28823,2022/08/25 23:00:00+00,Fri 26 Aug 2022,99,90,0,3857068,3811295,241073,4098141,4052368,85.4042882814468,84.4503897973521,503
-7.6926,53.28823,2022/08/26 23:00:00+00,Sat 27 Aug 2022,86,119,0,3857154,3811414,241073,4098227,4052487,85.4060805010879,84.452869729181,504
-7.6926,53.28823,2022/08/27 23:00:00+00,Sun 28 Aug 2022,44,20,0,3857198,3811434,241073,4098271,4052507,85.4069974506718,84.4532865244464,505
-7.6926,53.28823,2022/08/28 23:00:00+00,Mon 29 Aug 2022,13,12,0,3857211,3811446,241073,4098284,4052519,85.4072683675942,84.4535366016056,506
-7.6926,53.28823,2022/08/29 23:00:00+00,Tue 30 Aug 2022,41,44,0,3857252,3811490,241073,4098325,4052563,85.4081227978883,84.4544535511894,507
-7.6926,53.28823,2022/08/30 23:00:00+00,Wed 31 Aug 2022,28,30,0,3857280,3811520,241073,4098353,4052593,85.4087063112598,84.4550787440875,508
-7.6926,53.28823,2022/08/31 23:00:00+00,Thu 01 Sep 2022,33,29,0,3857313,3811549,241073,4098386,4052622,85.4093940234476,84.4556830972223,509
-7.6926,53.28823,2022/09/01 23:00:00+00,Fri 02 Sep 2022,48,51,0,3857361,3811600,241073,4098434,4052673,85.4103943320846,84.456745925149,510
-7.6926,53.28823,2022/09/02 23:00:00+00,Sat 03 Sep 2022,73,101,0,3857434,3811701,241073,4098507,4052774,85.4119156348032,84.4588507412391,511
-7.6926,53.28823,2022/09/03 23:00:00+00,Sun 04 Sep 2022,58,82,0,3857492,3811783,241073,4098565,4052856,85.4131243410727,84.4605596018271,512
-7.6926,53.28823,2022/09/04 23:00:00+00,Mon 05 Sep 2022,9,5,0,3857501,3811788,241073,4098574,4052861,85.4133118989422,84.4606638006435,513
-7.6926,53.28823,2022/09/05 23:00:00+00,Tue 06 Sep 2022,42,22,0,3857543,3811810,241073,4098616,4052883,85.4141871689994,84.4611222754354,514
-7.6926,53.28823,2022/09/06 23:00:00+00,Wed 07 Sep 2022,49,42,0,3857592,3811852,241073,4098665,4052925,85.4152083173996,84.4619975454927,515
-7.6926,53.28823,2022/09/07 23:00:00+00,Thu 08 Sep 2022,39,50,2,3857631,3811902,241075,4098706,4052977,85.4160627476936,84.4630812131827,516
-7.6926,53.28823,2022/09/08 23:00:00+00,Fri 09 Sep 2022,63,61,0,3857694,3811963,241075,4098769,4053038,85.4173756527795,84.464352438742,517
-7.6926,53.28823,2022/09/09 23:00:00+00,Sat 10 Sep 2022,94,135,0,3857788,3812098,241075,4098863,4053173,85.4193345905268,84.4671658067833,518
-7.6926,53.28823,2022/09/10 23:00:00+00,Sun 11 Sep 2022,58,58,0,3857846,3812156,241075,4098921,4053231,85.4205432967964,84.4683745130529,519
-7.6926,53.28823,2022/09/11 23:00:00+00,Mon 12 Sep 2022,13,13,0,3857859,3812169,241075,4098934,4053244,85.4208142137189,84.4686454299754,520
-7.6926,53.28823,2022/09/12 23:00:00+00,Tue 13 Sep 2022,29,25,0,3857888,3812194,241075,4098963,4053269,85.4214185668536,84.4691664240571,521
-7.6926,53.28823,2021/04/09 23:00:00+00,Sat 10 Apr 2021,11186,4185,12,787517,336265,237,787754,336502,16.4166068739126,7.01262201941891,522
-7.6926,53.28823,2022/09/13 23:00:00+00,Wed 14 Sep 2022,36,33,0,3857924,3812227,241075,4098999,4053302,85.4221687983313,84.4698541362449,523
-7.6926,53.28823,2022/09/14 23:00:00+00,Thu 15 Sep 2022,51,36,0,3857975,3812263,241075,4099050,4053338,85.423231626258,84.4706043677226,524
-7.6926,53.28823,2022/09/15 23:00:00+00,Fri 16 Sep 2022,38,56,0,3858013,3812319,241075,4099088,4053394,85.4240235372622,84.4717713944657,525
-7.6926,53.28823,2022/09/16 23:00:00+00,Sat 17 Sep 2022,67,149,0,3858080,3812468,241075,4099155,4053543,85.4254198014012,84.4748765191927,526
-7.6926,53.28823,2022/09/17 23:00:00+00,Sun 18 Sep 2022,30,54,0,3858110,3812522,241075,4099185,4053597,85.4260449942993,84.4760018664092,527
-7.6926,53.28823,2022/09/18 23:00:00+00,Mon 19 Sep 2022,11,11,0,3858121,3812533,241075,4099196,4053608,85.4262742316952,84.4762311038052,528
-7.6926,53.28823,2022/09/19 23:00:00+00,Tue 20 Sep 2022,39,37,0,3858160,3812570,241075,4099235,4053645,85.4270869824627,84.4770021750461,529
-7.6926,53.28823,2022/09/20 23:00:00+00,Wed 21 Sep 2022,41,32,0,3858201,3812602,241075,4099276,4053677,85.4279414127567,84.4776690474707,530
-7.6926,53.28823,2022/09/21 23:00:00+00,Thu 22 Sep 2022,61,34,0,3858262,3812636,241075,4099337,4053711,85.4292126383161,84.4783775994218,531
-7.6926,53.28823,2022/09/22 23:00:00+00,Fri 23 Sep 2022,38,39,0,3858300,3812675,241075,4099375,4053750,85.4300045493203,84.4791903501893,532
-7.6926,53.28823,2022/09/23 23:00:00+00,Sat 24 Sep 2022,56,104,0,3858356,3812779,241075,4099431,4053854,85.4311715760634,84.4813576855692,533
-7.6926,53.28823,2022/09/24 23:00:00+00,Sun 25 Sep 2022,42,74,0,3858398,3812853,241075,4099473,4053928,85.4320468461206,84.4828998280511,534
-7.6926,53.28823,2022/09/25 23:00:00+00,Mon 26 Sep 2022,25,10,0,3858423,3812863,241075,4099498,4053938,85.4325678402024,84.4831082256838,535
-7.6926,53.28823,2022/09/26 23:00:00+00,Tue 27 Sep 2022,30,33,2,3858453,3812896,241077,4099530,4053973,85.433234712627,84.4838376173982,536
-7.6926,53.28823,2022/09/27 23:00:00+00,Wed 28 Sep 2022,43,27,0,3858496,3812923,241077,4099573,4054000,85.4341308224475,84.4844002910065,537
-7.6926,53.28823,2022/09/28 23:00:00+00,Thu 29 Sep 2022,31,23,0,3858527,3812946,241077,4099604,4054023,85.4347768551088,84.4848796055616,538
-7.6926,53.28823,2022/09/29 23:00:00+00,Fri 30 Sep 2022,39,58,0,3858566,3813004,241077,4099643,4054081,85.4355896058763,84.4860883118312,539
-7.6926,53.28823,2022/09/30 23:00:00+00,Sat 01 Oct 2022,51,105,0,3858617,3813109,241077,4099694,4054186,85.436652433803,84.4882764869744,540
-7.6926,53.28823,2022/10/01 23:00:00+00,Sun 02 Oct 2022,26,47,0,3858643,3813156,241077,4099720,4054233,85.437194267648,84.489255955848,541
-7.6926,53.28823,2022/10/02 23:00:00+00,Mon 03 Oct 2022,23,1,0,3858666,3813157,241077,4099743,4054234,85.4376735822032,84.4892767956113,542
-7.6926,53.28823,2022/10/03 23:00:00+00,Tue 04 Oct 2022,31,17,0,3858697,3813174,241077,4099774,4054251,85.4383196148645,84.4896310715869,543
-7.6926,53.28823,2022/10/04 23:00:00+00,Wed 05 Oct 2022,49,37,0,3858746,3813211,241077,4099823,4054288,85.4393407632647,84.4904021428278,544
-7.6926,53.28823,2022/10/05 23:00:00+00,Thu 06 Oct 2022,58,26,0,3858804,3813237,241077,4099881,4054314,85.4405494695342,84.4909439766728,545
-7.6926,53.28823,2022/10/06 23:00:00+00,Fri 07 Oct 2022,82,40,0,3858886,3813277,241077,4099963,4054354,85.4422583301223,84.4917775672036,546
-7.6926,53.28823,2022/10/07 23:00:00+00,Sat 08 Oct 2022,100,102,0,3858986,3813379,241077,4100063,4054456,85.4443423064491,84.4939032230569,547
-7.6926,53.28823,2022/10/08 23:00:00+00,Sun 09 Oct 2022,38,28,0,3859024,3813407,241077,4100101,4054484,85.4451342174533,84.4944867364285,548
-7.6926,53.28823,2022/10/09 23:00:00+00,Mon 10 Oct 2022,19,2,0,3859043,3813409,241077,4100120,4054486,85.4455301729555,84.494528415955,549
-7.6926,53.28823,2022/10/10 23:00:00+00,Tue 11 Oct 2022,80,14,0,3859123,3813423,241077,4100200,4054500,85.4471973540169,84.4948201726408,550
-7.6926,53.28823,2022/10/11 23:00:00+00,Wed 12 Oct 2022,57,36,0,3859180,3813459,241077,4100257,4054536,85.4483852205232,84.4955704041184,551
-7.6926,53.28823,2022/10/12 23:00:00+00,Thu 13 Oct 2022,80,29,0,3859260,3813488,241077,4100337,4054565,85.4500524015847,84.4961747572532,552
-7.6926,53.28823,2022/10/13 23:00:00+00,Fri 14 Oct 2022,131,21,0,3859391,3813509,241077,4100468,4054586,85.4527824105729,84.4966123922819,553
-7.6926,53.28823,2022/10/14 23:00:00+00,Sat 15 Oct 2022,97,120,0,3859488,3813629,241077,4100565,4054706,85.45480386761,84.4991131638741,554
-7.6926,53.28823,2022/10/15 23:00:00+00,Sun 16 Oct 2022,26,37,1,3859514,3813666,241078,4100592,4054744,85.4553665412182,84.4999050748783,555
-7.6926,53.28823,2022/10/16 23:00:00+00,Mon 17 Oct 2022,57,3,0,3859571,3813669,241078,4100649,4054747,85.4565544077246,84.4999675941681,556
-7.6926,53.28823,2022/10/17 23:00:00+00,Tue 18 Oct 2022,118,17,0,3859689,3813686,241078,4100767,4054764,85.4590134997902,84.5003218701437,557
-7.6926,53.28823,2022/10/18 23:00:00+00,Wed 19 Oct 2022,89,40,0,3859778,3813726,241078,4100856,4054804,85.4608682387212,84.5011554606744,558
-7.6926,53.28823,2022/10/19 23:00:00+00,Thu 20 Oct 2022,125,10,0,3859903,3813736,241078,4100981,4054814,85.4634732091297,84.5013638583071,559
-7.6926,53.28823,2022/10/20 23:00:00+00,Fri 21 Oct 2022,133,18,0,3860036,3813754,241078,4101114,4054832,85.4662448976445,84.5017389740459,560
-7.6926,53.28823,2022/10/21 23:00:00+00,Sat 22 Oct 2022,101,56,0,3860137,3813810,241078,4101215,4054888,85.4683497137346,84.502906000789,561
-7.6926,53.28823,2022/10/22 23:00:00+00,Sun 23 Oct 2022,81,47,0,3860218,3813857,241078,4101296,4054935,85.4700377345593,84.5038854696626,562
-7.6926,53.28823,2022/10/23 23:00:00+00,Mon 24 Oct 2022,75,4,0,3860293,3813861,241078,4101371,4054939,85.4716007168045,84.5039688287157,563
-7.6926,53.28823,2022/10/24 23:00:00+00,Tue 25 Oct 2022,75,27,0,3860368,3813888,241078,4101446,4054966,85.4731636990496,84.5045315023239,564
-7.6926,53.28823,2022/10/25 23:00:00+00,Wed 26 Oct 2022,46,25,0,3860414,3813913,241078,4101492,4054991,85.47412232816,84.5050524964057,565
-7.6926,53.28823,2022/10/26 23:00:00+00,Thu 27 Oct 2022,64,35,0,3860478,3813948,241078,4101556,4055026,85.4754560730092,84.5057818881201,566
-7.6926,53.28823,2022/10/27 23:00:00+00,Fri 28 Oct 2022,59,19,0,3860537,3813967,241078,4101615,4055045,85.476685619042,84.5061778436222,567
-7.6926,53.28823,2022/10/28 23:00:00+00,Sat 29 Oct 2022,91,61,0,3860628,3814028,241078,4101706,4055106,85.4785820374995,84.5074490691815,568
-7.6926,53.28823,2022/10/29 23:00:00+00,Sun 30 Oct 2022,11,6,0,3860639,3814034,241078,4101717,4055112,85.4788112748954,84.5075741077612,569
-7.6926,53.28823,2022/10/31 00:00:00+00,Mon 31 Oct 2022,1,1,0,3860640,3814035,241078,4101718,4055113,85.4788321146587,84.5075949475244,570
-7.6926,53.28823,2022/11/01 00:00:00+00,Tue 01 Nov 2022,96,25,0,3860736,3814060,241078,4101814,4055138,85.4808327319325,84.5081159416061,571
-7.6926,53.28823,2022/11/02 00:00:00+00,Wed 02 Nov 2022,119,12,0,3860855,3814072,241078,4101933,4055150,85.4833126637615,84.5083660187654,572
-7.6926,53.28823,2022/11/03 00:00:00+00,Thu 03 Nov 2022,91,28,0,3860946,3814100,241078,4102024,4055178,85.4852090822189,84.5089495321369,573
-7.6926,53.28823,2022/11/04 00:00:00+00,Fri 04 Nov 2022,60,22,0,3861006,3814122,241078,4102084,4055200,85.486459468015,84.5094080069288,574
-7.6926,53.28823,2022/11/05 00:00:00+00,Sat 05 Nov 2022,47,54,0,3861053,3814176,241078,4102131,4055254,85.4874389368887,84.5105333541453,575
-7.6926,53.28823,2022/11/06 00:00:00+00,Sun 06 Nov 2022,56,78,0,3861109,3814254,241078,4102187,4055332,85.4886059636317,84.5121588556803,576
-7.6926,53.28823,2022/11/07 00:00:00+00,Mon 07 Nov 2022,44,3,0,3861153,3814257,241078,4102231,4055335,85.4895229132155,84.5122213749701,577
-7.6926,53.28823,2022/11/08 00:00:00+00,Tue 08 Nov 2022,70,29,0,3861223,3814286,241078,4102301,4055364,85.4909816966443,84.5128257281049,578
-7.6926,53.28823,2022/11/09 00:00:00+00,Wed 09 Nov 2022,90,32,0,3861313,3814318,241078,4102391,4055396,85.4928572753385,84.5134926005294,579
-7.6926,53.28823,2022/11/10 00:00:00+00,Thu 10 Nov 2022,48,15,0,3861361,3814333,241078,4102439,4055411,85.4938575839754,84.5138051969785,580
-7.6926,53.28823,2022/11/11 00:00:00+00,Fri 11 Nov 2022,50,16,0,3861411,3814349,241078,4102489,4055427,85.4948995721388,84.5141386331908,581
-7.6926,53.28823,2022/11/12 00:00:00+00,Sat 12 Nov 2022,74,87,0,3861485,3814436,241078,4102563,4055514,85.4964417146207,84.5159516925952,582
-7.6926,53.28823,2022/11/13 00:00:00+00,Sun 13 Nov 2022,43,61,1,3861528,3814497,241079,4102607,4055576,85.4973586642045,84.5172437579178,583
-7.6926,53.28823,2022/11/14 00:00:00+00,Mon 14 Nov 2022,16,2,0,3861544,3814499,241079,4102623,4055578,85.4976921004168,84.5172854374443,584
-7.6926,53.28823,2022/11/15 00:00:00+00,Tue 15 Nov 2022,58,6,0,3861602,3814505,241079,4102681,4055584,85.4989008066864,84.517410476024,585
-7.6926,53.28823,2022/11/16 00:00:00+00,Wed 16 Nov 2022,47,20,0,3861649,3814525,241079,4102728,4055604,85.49988027556,84.5178272712893,586
-7.6926,53.28823,2022/11/17 00:00:00+00,Thu 17 Nov 2022,65,8,1,3861714,3814533,241080,4102794,4055613,85.5012556999358,84.5180148291587,587
-7.6926,53.28823,2022/11/18 00:00:00+00,Fri 18 Nov 2022,27,22,0,3861741,3814555,241080,4102821,4055635,85.501818373544,84.5184733039507,588
-7.6926,53.28823,2022/11/19 00:00:00+00,Sat 19 Nov 2022,54,57,0,3861795,3814612,241080,4102875,4055692,85.5029437207605,84.519661170457,589
-7.6926,53.28823,2022/11/20 00:00:00+00,Sun 20 Nov 2022,42,54,0,3861837,3814666,241080,4102917,4055746,85.5038189908178,84.5207865176735,590
-7.6926,53.28823,2022/11/21 00:00:00+00,Mon 21 Nov 2022,18,3,0,3861855,3814669,241080,4102935,4055749,85.5041941065566,84.5208490369633,591
-7.6926,53.28823,2022/11/22 00:00:00+00,Tue 22 Nov 2022,49,22,0,3861904,3814691,241080,4102984,4055771,85.5052152549568,84.5213075117552,592
-7.6926,53.28823,2022/11/23 00:00:00+00,Wed 23 Nov 2022,23,16,0,3861927,3814707,241080,4103007,4055787,85.505694569512,84.5216409479675,593
-7.6926,53.28823,2022/11/24 00:00:00+00,Thu 24 Nov 2022,26,17,0,3861953,3814724,241080,4103033,4055804,85.506236403357,84.5219952239431,594
-7.6926,53.28823,2022/11/25 00:00:00+00,Fri 25 Nov 2022,19,9,0,3861972,3814733,241080,4103052,4055813,85.5066323588591,84.5221827818125,595
-7.6926,53.28823,2022/11/26 00:00:00+00,Sat 26 Nov 2022,66,62,0,3862038,3814795,241080,4103118,4055875,85.5080077832348,84.5234748471351,596
-7.6926,53.28823,2022/11/27 00:00:00+00,Sun 27 Nov 2022,35,42,0,3862073,3814837,241080,4103153,4055917,85.5087371749492,84.5243501171924,597
-7.6926,53.28823,2022/11/28 00:00:00+00,Mon 28 Nov 2022,17,0,0,3862090,3814837,241080,4103170,4055917,85.5090914509248,84.5243501171924,598
-7.6926,53.28823,2022/11/29 00:00:00+00,Tue 29 Nov 2022,33,18,0,3862123,3814855,241080,4103203,4055935,85.5097791631126,84.5247252329312,599
-7.6926,53.28823,2022/11/30 00:00:00+00,Wed 30 Nov 2022,48,11,0,3862171,3814866,241080,4103251,4055946,85.5107794717495,84.5249544703272,600
-7.6926,53.28823,2022/12/01 00:00:00+00,Thu 01 Dec 2022,20,8,0,3862191,3814874,241080,4103271,4055954,85.5111962670149,84.5251211884333,601
-7.6926,53.28823,2022/12/02 00:00:00+00,Fri 02 Dec 2022,20,14,0,3862211,3814888,241080,4103291,4055968,85.5116130622803,84.5254129451191,602
-7.6926,53.28823,2022/12/03 00:00:00+00,Sat 03 Dec 2022,44,68,0,3862255,3814956,241080,4103335,4056036,85.5125300118641,84.5268300490214,603
-7.6926,53.28823,2022/12/04 00:00:00+00,Sun 04 Dec 2022,44,45,0,3862299,3815001,241080,4103379,4056081,85.5134469614479,84.5277678383685,604
-7.6926,53.28823,2022/12/05 00:00:00+00,Mon 05 Dec 2022,20,4,0,3862319,3815005,241080,4103399,4056085,85.5138637567133,84.5278511974215,605
-7.6926,53.28823,2022/12/06 00:00:00+00,Tue 06 Dec 2022,38,24,0,3862357,3815029,241080,4103437,4056109,85.5146556677175,84.52835135174,606
-7.6926,53.28823,2022/12/07 00:00:00+00,Wed 07 Dec 2022,21,18,0,3862378,3815047,241080,4103458,4056127,85.5150933027461,84.5287264674788,607
-7.6926,53.28823,2022/12/08 00:00:00+00,Thu 08 Dec 2022,17,8,1,3862395,3815055,241081,4103476,4056136,85.515468418485,84.5289140253482,608
-7.6926,53.28823,2022/12/09 00:00:00+00,Fri 09 Dec 2022,27,16,0,3862422,3815071,241081,4103503,4056152,85.5160310920932,84.5292474615605,609
-7.6926,53.28823,2022/12/10 00:00:00+00,Sat 10 Dec 2022,51,42,0,3862473,3815113,241081,4103554,4056194,85.5170939200199,84.5301227316178,610
-7.6926,53.28823,2022/12/11 00:00:00+00,Sun 11 Dec 2022,29,37,0,3862502,3815150,241081,4103583,4056231,85.5176982731547,84.5308938028588,611
-7.6926,53.28823,2022/12/12 00:00:00+00,Mon 12 Dec 2022,16,2,0,3862518,3815152,241081,4103599,4056233,85.518031709367,84.5309354823853,612
-7.6926,53.28823,2022/12/13 00:00:00+00,Tue 13 Dec 2022,32,13,0,3862550,3815165,241081,4103631,4056246,85.5186985817916,84.5312063993078,613
-7.6926,53.28823,2022/12/14 00:00:00+00,Wed 14 Dec 2022,20,14,0,3862570,3815179,241081,4103651,4056260,85.519115377057,84.5314981559935,614
-7.6926,53.28823,2022/12/15 00:00:00+00,Thu 15 Dec 2022,12,4,0,3862582,3815183,241081,4103663,4056264,85.5193654542162,84.5315815150466,615
-7.6926,53.28823,2022/12/16 00:00:00+00,Fri 16 Dec 2022,13,3,0,3862595,3815186,241081,4103676,4056267,85.5196363711387,84.5316440343364,616
-7.6926,53.28823,2022/12/17 00:00:00+00,Sat 17 Dec 2022,19,39,0,3862614,3815225,241081,4103695,4056306,85.5200323266408,84.5324567851039,617
-7.6926,53.28823,2022/12/18 00:00:00+00,Sun 18 Dec 2022,29,31,0,3862643,3815256,241081,4103724,4056337,85.5206366797756,84.5331028177652,618
-7.6926,53.28823,2021/04/10 23:00:00+00,Sun 11 Apr 2021,2868,368,9,790385,336633,246,790631,336879,16.4765628728364,7.02047861017118,619
-7.6926,53.28823,2021/04/11 23:00:00+00,Mon 12 Apr 2021,7787,2809,13,798172,339442,259,798431,339701,16.6391130263317,7.07928842211524,620
-7.6926,53.28823,2021/04/12 23:00:00+00,Tue 13 Apr 2021,11529,8595,1,809701,348037,260,809961,348297,16.8793954968189,7.25842702717234,621
-7.6926,53.28823,2021/04/13 23:00:00+00,Wed 14 Apr 2021,20353,6600,2,830054,354637,262,830316,354899,17.3035888781518,7.3960111442718,622
-7.6926,53.28823,2021/04/14 23:00:00+00,Thu 15 Apr 2021,27117,10822,1,857171,365459,263,857434,365722,17.8687215784704,7.62155990212814,623
-7.6926,53.28823,2021/04/15 23:00:00+00,Fri 16 Apr 2021,27970,9845,1,885141,375304,264,885405,375568,18.4516305968571,7.82674821127102,624
-7.6926,53.28823,2021/04/16 23:00:00+00,Sat 17 Apr 2021,15856,4564,3,900997,379868,267,901264,380135,18.7821284025342,7.92192341011883,625
-7.6926,53.28823,2021/04/17 23:00:00+00,Sun 18 Apr 2021,1080,487,0,902077,380355,267,902344,380622,18.8046353468643,7.93207237483065,626
-7.6926,53.28823,2021/04/18 23:00:00+00,Mon 19 Apr 2021,6758,2266,0,908835,382621,267,909102,382888,18.9454704670337,7.97929527839736,627
-7.6926,53.28823,2021/04/19 23:00:00+00,Tue 20 Apr 2021,15100,7328,1,923935,389949,268,924203,390217,19.2601717321532,8.13202990339311,628
-7.6926,53.28823,2021/04/20 23:00:00+00,Wed 21 Apr 2021,26738,9898,4,950673,399847,272,950945,400119,19.8174686814828,8.33838523927904,629
-7.6926,53.28823,2021/04/21 23:00:00+00,Thu 22 Apr 2021,31637,12194,1,982310,412041,273,982583,412314,20.4767971117755,8.59252615233992,630
-7.6926,53.28823,2021/04/22 23:00:00+00,Fri 23 Apr 2021,33615,12362,3,1015925,424403,276,1016201,424679,21.1773882733402,8.85020982515647,631
-7.6926,53.28823,2021/04/23 23:00:00+00,Sat 24 Apr 2021,23707,7005,2,1039632,431408,278,1039910,431686,21.671478220676,8.99623404637973,632
-7.6926,53.28823,2021/04/24 23:00:00+00,Sun 25 Apr 2021,9755,310,3,1049387,431718,281,1049668,431999,21.8748326306512,9.00275689228281,633
-7.6926,53.28823,2021/04/25 23:00:00+00,Mon 26 Apr 2021,15601,3061,4,1064988,434779,285,1065273,435064,22.2000371364581,9.06663076670114,634
-7.6926,53.28823,2021/04/26 23:00:00+00,Tue 27 Apr 2021,25922,7826,9,1090910,442605,294,1091204,442899,22.7404330377769,9.22991031191082,635
-7.6926,53.28823,2021/04/27 23:00:00+00,Wed 28 Apr 2021,26048,8625,6,1116958,451230,300,1117258,451530,23.2833922299776,9.40977830868233,636
-7.6926,53.28823,2021/04/28 23:00:00+00,Thu 29 Apr 2021,31699,11334,6,1148657,462564,306,1148963,462870,23.9441169244094,9.64610122414853,637
-7.6926,53.28823,2021/04/29 23:00:00+00,Fri 30 Apr 2021,36103,13545,8,1184760,476109,314,1185074,476423,24.6966616158027,9.92854253572821,638
-7.6926,53.28823,2021/04/30 23:00:00+00,Sat 01 May 2021,16616,6702,21,1201376,482811,335,1201711,483146,25.0433727573028,10.0686482641832,639
-7.6926,53.28823,2021/05/01 23:00:00+00,Sun 02 May 2021,12472,912,16,1213848,483723,351,1214199,484074,25.3036197210014,10.0879875644965,640
-7.6926,53.28823,2021/05/02 23:00:00+00,Mon 03 May 2021,14276,934,21,1228124,484657,372,1228496,485029,25.601565816453,10.107889538418,641
-7.6926,53.28823,2021/05/03 23:00:00+00,Tue 04 May 2021,26669,6807,11,1254793,491464,383,1255176,491847,26.1575707004599,10.2499750443835,642
-7.6926,53.28823,2021/05/04 23:00:00+00,Wed 05 May 2021,32133,13468,70,1286926,504932,453,1287379,505385,26.8286735969994,10.5321037595141,643
-7.6926,53.28823,2021/05/05 23:00:00+00,Thu 06 May 2021,37302,14385,133,1324228,519317,586,1324814,519903,27.6088101349604,10.834655442648,644
-7.6926,53.28823,2021/05/06 23:00:00+00,Fri 07 May 2021,40606,15092,98,1364834,534409,684,1365518,535093,28.4570718590465,11.1512114466985,645
-7.6926,53.28823,2021/05/07 23:00:00+00,Sat 08 May 2021,25633,7065,10,1390467,541474,694,1391161,542168,28.9914659085439,11.298652771824,646
-7.6926,53.28823,2021/05/08 23:00:00+00,Sun 09 May 2021,19679,931,5,1410146,542405,699,1410845,543104,29.4016758087235,11.3181587902434,647
-7.6926,53.28823,2021/05/09 23:00:00+00,Mon 10 May 2021,28857,4659,171,1439003,547064,870,1439873,547934,30.0066124568851,11.4188148468309,648
-7.6926,53.28823,2021/05/10 23:00:00+00,Tue 11 May 2021,33925,14821,153,1472928,561885,1023,1473951,562908,30.7167899095533,11.7308694620153,649
-7.6926,53.28823,2021/05/11 23:00:00+00,Wed 12 May 2021,31300,20932,175,1504228,582817,1198,1505426,584015,31.3727214584333,12.1707343453261,650
-7.6926,53.28823,2021/05/12 23:00:00+00,Thu 13 May 2021,36011,25487,152,1540239,608304,1350,1541589,609654,32.1263498175166,12.7050450357704,651
-7.6926,53.28823,2021/05/13 23:00:00+00,Fri 14 May 2021,38234,27955,237,1578473,636259,1587,1580060,637846,32.9280763502239,13.2925596418395,652
-7.6926,53.28823,2021/05/14 23:00:00+00,Sat 15 May 2021,28878,12466,22,1607351,648725,1609,1608960,650334,33.5303455086872,13.5528066055381,653
-7.6926,53.28823,2021/05/15 23:00:00+00,Sun 16 May 2021,23188,1182,11,1630539,649907,1620,1632159,651527,34.013807176756,13.5776684431176,654
-7.6926,53.28823,2021/05/16 23:00:00+00,Mon 17 May 2021,35399,3961,120,1665938,653868,1740,1667678,655608,34.7540147282943,13.6627155170168,655
-7.6926,53.28823,2021/05/17 23:00:00+00,Tue 18 May 2021,39027,12514,127,1704965,666382,1867,1706832,668249,35.569974819314,13.9261509644955,656
-7.6926,53.28823,2021/05/18 23:00:00+00,Wed 19 May 2021,37044,17606,211,1742009,683988,2078,1744087,686066,36.3463601998867,14.2974530266526,657
-7.6926,53.28823,2021/05/19 23:00:00+00,Thu 20 May 2021,39100,19648,137,1781109,703636,2215,1783324,705851,37.1640499912577,14.7097677429223,658
-7.6926,53.28823,2021/05/20 23:00:00+00,Fri 21 May 2021,25848,23261,14935,1806957,726897,17150,1824107,744047,38.0139580566421,15.5057633407308,659
-7.6926,53.28823,2021/05/21 23:00:00+00,Sat 22 May 2021,16598,10260,13523,1823555,737157,30673,1854228,767830,38.6416725660563,16.0013954305485,660
-7.6926,53.28823,2021/05/22 23:00:00+00,Sun 23 May 2021,8226,5537,10205,1831781,742694,40878,1872659,783572,39.0257702428603,16.3294549839232,661
-7.6926,53.28823,2021/05/23 23:00:00+00,Mon 24 May 2021,22561,8240,8453,1854342,750934,49331,1903673,800265,39.6720946608735,16.6773331521663,662
-7.6926,53.28823,2021/05/24 23:00:00+00,Tue 25 May 2021,30364,16517,3224,1884706,767451,52555,1937261,820006,40.3720606295401,17.0887309188523,663
-7.6926,53.28823,2021/05/25 23:00:00+00,Wed 26 May 2021,19988,25479,3054,1904694,792930,55609,1960303,848539,40.8522504547757,17.6833518841959,664
-7.6926,53.28823,2021/05/26 23:00:00+00,Thu 27 May 2021,17023,36062,550,1921717,828992,56159,1977876,885151,41.2184676146953,18.4463372969868,665
-7.6926,53.28823,2021/05/27 23:00:00+00,Fri 28 May 2021,27054,31845,1562,1948771,860837,57721,2006492,918558,41.8148182803903,19.1425312685018,666
-7.6926,53.28823,2021/05/28 23:00:00+00,Sat 29 May 2021,24497,7401,537,1973268,868238,58258,2031526,926496,42.336520914057,19.3079573093281,667
-7.6926,53.28823,2021/05/29 23:00:00+00,Sun 30 May 2021,24260,1688,210,1997528,869926,58468,2055996,928394,42.8464699212403,19.347511180012,668
-7.6926,53.28823,2021/05/30 23:00:00+00,Mon 31 May 2021,22602,7319,3445,2020130,877245,61913,2082043,939158,43.3892832350982,19.5718303918355,669
-7.6926,53.28823,2021/05/31 23:00:00+00,Tue 01 Jun 2021,27606,11533,3655,2047736,888778,65568,2113304,954346,44.0407550746387,19.8883447163594,670
-7.6926,53.28823,2021/06/01 23:00:00+00,Wed 02 Jun 2021,18715,20921,4008,2066451,909699,69576,2136027,979275,44.5142970153916,20.4078591748829,671
-7.6926,53.28823,2021/06/02 23:00:00+00,Thu 03 Jun 2021,16700,30712,1978,2083151,940411,71554,2154705,1011965,44.903542113723,21.0891110361343,672
-7.6926,53.28823,2021/06/03 23:00:00+00,Fri 04 Jun 2021,28998,23352,153,2112149,963763,71707,2183856,1035470,45.5110420527667,21.5789496717633,673
-7.6926,53.28823,2021/06/04 23:00:00+00,Sat 05 Jun 2021,20976,11503,35,2133125,975266,71742,2204867,1047008,45.9489063188038,21.8193988603567,674
-7.6926,53.28823,2021/06/05 23:00:00+00,Sun 06 Jun 2021,19952,3918,47,2153077,979184,71789,2224866,1050973,46.365680744413,21.9020285217168,675
-7.6926,53.28823,2021/06/06 23:00:00+00,Mon 07 Jun 2021,19844,4606,47,2172921,983790,71836,2244757,1055626,46.7802044755892,21.9989959402057,676
-7.6926,53.28823,2021/06/07 23:00:00+00,Tue 08 Jun 2021,26428,18350,48,2199349,1002140,71884,2271233,1074024,47.3319580478894,22.3824059048219,677
-7.6926,53.28823,2021/06/08 23:00:00+00,Wed 09 Jun 2021,32822,20132,175,2232171,1022272,72059,2304230,1094331,48.0196077164642,22.8055989775179,678
-7.6926,53.28823,2021/06/09 23:00:00+00,Thu 10 Jun 2021,27711,27510,273,2259882,1049782,72332,2332214,1122114,48.6027876517734,23.3845901204101,679
-7.6926,53.28823,2021/06/10 23:00:00+00,Fri 11 Jun 2021,26456,32916,42,2286338,1082698,72374,2358712,1155072,49.1549996988654,24.0714270382174,680
-7.6926,53.28823,2021/06/11 23:00:00+00,Sat 12 Jun 2021,12225,19732,105,2298563,1102430,72479,2371042,1174909,49.4119539799676,24.4848254221771,681
-7.6926,53.28823,2021/06/12 23:00:00+00,Sun 13 Jun 2021,8559,18179,835,2307122,1120609,73314,2380436,1193923,49.607722716113,24.8810726809668,682
-7.6926,53.28823,2021/06/13 23:00:00+00,Mon 14 Jun 2021,16029,31318,52,2323151,1151927,73366,2396517,1225293,49.9428469492358,25.5348160547035,683
-7.6926,53.28823,2021/06/14 23:00:00+00,Tue 15 Jun 2021,14711,41598,206,2337862,1193525,73572,2411434,1267097,50.2537136979139,26.4060015183852,684
-7.6926,53.28823,2021/06/15 23:00:00+00,Wed 16 Jun 2021,13483,48407,219,2351345,1241932,73791,2425136,1315723,50.5392601342206,27.4193558470853,685
-7.6926,53.28823,2021/06/16 23:00:00+00,Thu 17 Jun 2021,21582,42700,535,2372927,1284632,74326,2447253,1358958,51.0001731784328,28.3203630120043,686
-7.6926,53.28823,2021/06/17 23:00:00+00,Fri 18 Jun 2021,12023,50031,554,2384950,1334663,74880,2459830,1409543,51.2622748810623,29.3745424369477,687
-7.6926,53.28823,2021/06/18 23:00:00+00,Sat 19 Jun 2021,6330,32822,434,2391280,1367485,75314,2466594,1442799,51.4032350398112,30.0675896042091,688
-7.6926,53.28823,2021/06/19 23:00:00+00,Sun 20 Jun 2021,8523,26147,178,2399803,1393632,75492,2475295,1469124,51.5845618200116,30.6161963722557,689
-7.6926,53.28823,2021/06/20 23:00:00+00,Mon 21 Jun 2021,15495,32350,575,2415298,1425982,76067,2491365,1502049,51.9194568157384,31.3023455778752,690
-7.6926,53.28823,2021/06/21 23:00:00+00,Tue 22 Jun 2021,15156,43561,722,2430454,1469543,76789,2507243,1546332,52.2503505769176,32.2251928146997,691
-7.6926,53.28823,2021/06/22 23:00:00+00,Wed 23 Jun 2021,20106,39409,885,2450560,1508952,77674,2528234,1586626,52.6877980476893,33.0649102358457,692
-7.6926,53.28823,2021/06/23 23:00:00+00,Thu 24 Jun 2021,19032,44280,1032,2469592,1553232,78706,2548298,1631938,53.105927057911,34.0092015890736,693
-7.6926,53.28823,2021/06/24 23:00:00+00,Fri 25 Jun 2021,15224,50132,843,2484816,1603364,79549,2564365,1682913,53.440759534348,35.0715085216918,694
-7.6926,53.28823,2021/06/25 23:00:00+00,Sat 26 Jun 2021,9074,30577,512,2493890,1633941,80061,2573951,1714002,53.640529505041,35.7193959219501,695
-7.6926,53.28823,2021/06/26 23:00:00+00,Sun 27 Jun 2021,8741,30486,59,2502631,1664427,80120,2582751,1744547,53.8239194218049,36.3559464909902,696
-7.6926,53.28823,2021/06/27 23:00:00+00,Mon 28 Jun 2021,24245,24664,527,2526876,1689091,80647,2607523,1769738,54.3401620374953,36.8809209674902,697
-7.6926,53.28823,2021/06/28 23:00:00+00,Tue 29 Jun 2021,28153,31062,812,2555029,1720153,81459,2636488,1801612,54.943785780571,37.5451675819143,698
-7.6926,53.28823,2021/06/29 23:00:00+00,Wed 30 Jun 2021,22589,36886,589,2577618,1757039,82048,2659666,1839087,55.4268098136112,38.3261377104061,699
-7.6926,53.28823,2021/06/30 23:00:00+00,Thu 01 Jul 2021,15049,48307,643,2592667,1805346,82691,2675358,1888037,55.7538273788225,39.3462441224053,700
-7.6926,53.28823,2021/07/01 23:00:00+00,Fri 02 Jul 2021,13694,47278,818,2606361,1852624,83509,2689870,1936133,56.0562540233768,40.3485533765731,701
-7.6926,53.28823,2021/07/02 23:00:00+00,Sat 03 Jul 2021,9322,30488,506,2615683,1883112,84015,2699698,1967127,56.2610672167808,40.9944609993208,702
-7.6926,53.28823,2021/07/03 23:00:00+00,Sun 04 Jul 2021,6460,27786,233,2622143,1910898,84248,2706391,1995146,56.4005477523378,41.5783703263444,703
-7.6926,53.28823,2021/07/04 23:00:00+00,Mon 05 Jul 2021,15635,33475,5342,2637778,1944373,89590,2727368,2033963,56.8377034664237,42.3873074171427,704
-7.6926,53.28823,2021/07/05 23:00:00+00,Tue 06 Jul 2021,12408,48308,5488,2650186,1992681,95078,2745264,2087759,57.210651869879,43.5084033219416,705
-7.6926,53.28823,2021/07/06 23:00:00+00,Wed 07 Jul 2021,19712,43771,5059,2669898,2036452,100137,2770035,2136589,57.7268736458061,44.5260089623486,706
-7.6926,53.28823,2021/07/07 23:00:00+00,Thu 08 Jul 2021,17799,45612,5997,2687697,2082064,106134,2793831,2188198,58.2227766525463,45.6015283048791,707
-7.6926,53.28823,2021/07/08 23:00:00+00,Fri 09 Jul 2021,13531,45098,6531,2701228,2127162,112665,2813893,2239827,58.6408639832415,46.6774644426749,708
-7.6926,53.28823,2021/07/09 23:00:00+00,Sat 10 Jul 2021,8645,23886,4365,2709873,2151048,117030,2826903,2268078,58.9119893033663,47.2662085947768,709
-7.6926,53.28823,2021/07/10 23:00:00+00,Sun 11 Jul 2021,15245,16121,2153,2725118,2167169,119183,2844301,2286352,59.2745595047138,47.6470344287477,710
-7.6926,53.28823,2021/07/11 23:00:00+00,Mon 12 Jul 2021,17125,31783,6092,2742243,2198952,125275,2867518,2324227,59.7583962885215,48.4363404625469,711
-7.6926,53.28823,2021/07/12 23:00:00+00,Tue 13 Jul 2021,20118,36578,8490,2762361,2235530,133765,2896126,2369295,60.3545802361103,49.3755469135373,712
-7.6926,53.28823,2021/07/13 23:00:00+00,Wed 14 Jul 2021,20804,35732,9335,2783165,2271262,143100,2926265,2414362,60.9826698612634,50.3147325247644,713
-7.6926,53.28823,2021/07/14 23:00:00+00,Thu 15 Jul 2021,23661,28846,9585,2806826,2300108,152685,2959511,2452793,61.6755086308922,51.1156254669409,714
-7.6926,53.28823,2021/07/15 23:00:00+00,Fri 16 Jul 2021,23519,27437,9168,2830345,2327545,161853,2992198,2489398,62.3566979728537,51.878465001389,715
-7.6926,53.28823,2021/07/16 23:00:00+00,Sat 17 Jul 2021,11518,19437,4678,2841863,2346982,166531,3008394,2513513,62.6942187787524,52.3810158926119,716
-7.6926,53.28823,2021/07/17 23:00:00+00,Sun 18 Jul 2021,16871,15826,1931,2858734,2362808,168462,3027196,2531270,63.0860480077291,52.7510675689728,717
-7.6926,53.28823,2021/07/18 23:00:00+00,Mon 19 Jul 2021,24908,18454,6253,2883642,2381262,174715,3058357,2555977,63.7354358709427,53.2659556000508,718
-7.6926,53.28823,2021/07/19 23:00:00+00,Tue 20 Jul 2021,30603,18194,7699,2914245,2399456,182414,3096659,2581870,64.5336404836576,53.8055595903653,719
-7.6926,53.28823,2021/07/20 23:00:00+00,Wed 21 Jul 2021,30371,19853,6894,2944616,2419309,189308,3133924,2608617,65.3102342618629,54.3629607385112,720
