X,Y,VaccinationDate,VaccineText,Dose1,Dose2,SingleDose,Dose1Cum,Dose2Cum,SingleDoseCum,PartiallyVacc,FullyVacc,PartialPercent,FullyPercent,ObjectId
-7.6926,53.28823,2021/12/08 00:00:00+00,Wed 08 Dec 2021,798,1528,2,3675890,3615313,241117,3917007,3856430,76.8006103255364,75.6128793432609,1
-7.6926,53.28823,2021/12/09 00:00:00+00,Thu 09 Dec 2021,787,1216,1,3676677,3616529,241118,3917795,3857647,76.8160606121804,75.636741016923,2
-7.6926,53.28823,2021/12/10 00:00:00+00,Fri 10 Dec 2021,895,1623,1,3677572,3618152,241119,3918691,3859271,76.8336284508009,75.6685827244228,3
-7.6926,53.28823,2021/12/11 00:00:00+00,Sat 11 Dec 2021,645,851,2,3678217,3619003,241121,3919338,3860124,76.8463141556977,75.6853074636453,4
-7.6926,53.28823,2021/12/12 00:00:00+00,Sun 12 Dec 2021,686,1193,0,3678903,3620196,241121,3920024,3861317,76.8597645321416,75.7086985702015,5
-7.6926,53.28823,2021/12/13 00:00:00+00,Mon 13 Dec 2021,725,1073,1,3679628,3621269,241122,3920750,3862391,76.8739991870953,75.7297564481909,6
-7.6926,53.28823,2021/12/14 00:00:00+00,Tue 14 Dec 2021,631,1206,3,3680259,3622475,241125,3921384,3863600,76.8864300014764,75.753461266151,7
-7.6926,53.28823,2021/12/15 00:00:00+00,Wed 15 Dec 2021,793,1260,1,3681052,3623735,241126,3922178,3864861,76.9019979298969,75.7781856461739,8
-7.6926,53.28823,2021/12/16 00:00:00+00,Thu 16 Dec 2021,1048,1553,8,3682100,3625288,241134,3923234,3866422,76.9227028825568,75.8087921150207,9
-7.6926,53.28823,2021/12/17 00:00:00+00,Fri 17 Dec 2021,1199,2461,2,3683299,3627749,241136,3924435,3868885,76.946250844815,75.8570840642646,10
-7.6926,53.28823,2021/12/18 00:00:00+00,Sat 18 Dec 2021,1252,1185,0,3684551,3628934,241136,3925687,3870070,76.9707987621732,75.8803183151188,11
-7.6926,53.28823,2021/12/19 00:00:00+00,Sun 19 Dec 2021,554,894,3,3685105,3629828,241139,3926244,3870967,76.9817198404228,75.8979057607021,12
-7.6926,53.28823,2021/12/20 00:00:00+00,Mon 20 Dec 2021,516,624,1,3685621,3630452,241140,3926761,3871592,76.9918566401626,75.9101601124185,13
-7.6926,53.28823,2021/12/21 00:00:00+00,Tue 21 Dec 2021,1406,1825,3,3687027,3632277,241143,3928170,3873420,77.019482850672,75.9460016403185,14
-7.6926,53.28823,2021/12/22 00:00:00+00,Wed 22 Dec 2021,1170,1606,2,3688197,3633883,241145,3929342,3875028,77.0424622110105,75.9775296364144,15
-7.6926,53.28823,2021/12/23 00:00:00+00,Thu 23 Dec 2021,932,1406,0,3689129,3635289,241145,3930274,3876434,77.06073590029,76.0050970260355,16
-7.6926,53.28823,2021/12/24 00:00:00+00,Fri 24 Dec 2021,101,165,0,3689230,3635454,241145,3930375,3876599,77.0627162035273,76.0083321748886,17
-7.6926,53.28823,2021/12/25 00:00:00+00,Sat 25 Dec 2021,2,7,0,3689232,3635461,241145,3930377,3876606,77.0627554174528,76.0084694236278,18
-7.6926,53.28823,2021/12/26 00:00:00+00,Sun 26 Dec 2021,12,13,0,3689244,3635474,241145,3930389,3876619,77.0629907010058,76.0087243141435,19
-7.6926,53.28823,2021/12/27 00:00:00+00,Mon 27 Dec 2021,393,591,0,3689637,3636065,241145,3930782,3877210,77.070696237365,76.0203120291265,20
-7.6926,53.28823,2021/12/28 00:00:00+00,Tue 28 Dec 2021,469,752,0,3690106,3636817,241145,3931251,3877962,77.079891902893,76.0350564651117,21
-7.6926,53.28823,2021/12/29 00:00:00+00,Wed 29 Dec 2021,1060,1318,0,3691166,3638135,241145,3932311,3879280,77.1006752834039,76.0608984420111,22
-7.6926,53.28823,2021/12/30 00:00:00+00,Thu 30 Dec 2021,1051,1204,1,3692217,3639339,241146,3933363,3880485,77.1213018082129,76.0845248321203,23
-7.6926,53.28823,2021/12/31 00:00:00+00,Fri 31 Dec 2021,716,1682,0,3692933,3641021,241146,3934079,3882167,77.1353403935392,76.1175037434594,24
-7.6926,53.28823,2022/01/01 00:00:00+00,Sat 01 Jan 2022,71,101,0,3693004,3641122,241146,3934150,3882268,77.1367324878942,76.1194840466967,25
-7.6926,53.28823,2022/01/02 00:00:00+00,Sun 02 Jan 2022,271,629,0,3693275,3641751,241146,3934421,3882897,77.1420459747984,76.1318168262641,26
-7.6926,53.28823,2022/01/03 00:00:00+00,Mon 03 Jan 2022,3634,730,1,3696909,3642481,241147,3938056,3883628,77.2133172843808,76.1461495160315,27
-7.6926,53.28823,2022/01/04 00:00:00+00,Tue 04 Jan 2022,1190,790,1,3698099,3643271,241148,3939247,3884419,77.2366691770115,76.1616586235638,28
-7.6926,53.28823,2022/01/05 00:00:00+00,Wed 05 Jan 2022,2139,917,0,3700238,3644188,241148,3941386,3885336,77.2786084703256,76.179638208402,29
-7.6926,53.28823,2022/01/06 00:00:00+00,Thu 06 Jan 2022,2454,1699,1,3702692,3645887,241149,3943841,3887036,77.3267435638674,76.2129700450705,30
-7.6926,53.28823,2022/01/07 00:00:00+00,Fri 07 Jan 2022,4857,785,2,3707549,3646672,241151,3948700,3887823,77.4220137958511,76.2284007247518,31
-7.6926,53.28823,2022/01/08 00:00:00+00,Sat 08 Jan 2022,9789,746,2,3717338,3647418,241153,3958491,3888571,77.613985568099,76.2430667328859,32
-7.6926,53.28823,2022/01/09 00:00:00+00,Sun 09 Jan 2022,7116,667,0,3724454,3648085,241153,3965607,3889238,77.7535087150008,76.2561445770376,33
-7.6926,53.28823,2022/01/10 00:00:00+00,Mon 10 Jan 2022,6668,512,1,3731122,3648597,241154,3972276,3889751,77.8842675495551,76.2662029489264,34
-7.6926,53.28823,2022/01/11 00:00:00+00,Tue 11 Jan 2022,4780,1372,1,3735902,3649969,241155,3977057,3891124,77.9780084384446,76.2931233087769,35
-7.6926,53.28823,2022/01/12 00:00:00+00,Wed 12 Jan 2022,7560,929,1,3743462,3650898,241156,3984618,3892054,78.1262566837685,76.3113577841309,36
-7.6926,53.28823,2022/01/13 00:00:00+00,Thu 13 Jan 2022,7322,819,0,3750784,3651717,241156,3991940,3892873,78.2698188649961,76.32741588662,37
-7.6926,53.28823,2022/01/14 00:00:00+00,Fri 14 Jan 2022,10725,839,0,3761509,3652556,241156,4002665,3893712,78.4801035404489,76.343866128364,38
-7.6926,53.28823,2022/01/15 00:00:00+00,Sat 15 Jan 2022,8363,654,2,3769872,3653210,241158,4011030,3894368,78.6441157838207,76.3567282959255,39
-7.6926,53.28823,2022/01/16 00:00:00+00,Sun 16 Jan 2022,6965,1216,1,3776837,3654426,241159,4017996,3895585,78.7806978863106,76.3805899695876,40
-7.6926,53.28823,2022/01/17 00:00:00+00,Mon 17 Jan 2022,2565,564,0,3779402,3654990,241159,4020561,3896149,78.8309897457546,76.3916482965765,41
-7.6926,53.28823,2022/01/18 00:00:00+00,Tue 18 Jan 2022,4056,456,3,3783458,3655446,241162,4024620,3896608,78.9105744075413,76.400647892477,42
-7.6926,53.28823,2022/01/19 00:00:00+00,Wed 19 Jan 2022,3487,626,0,3786945,3656072,241162,4028107,3897234,78.9789438866372,76.4129218511561,43
-7.6926,53.28823,2022/01/20 00:00:00+00,Thu 20 Jan 2022,3699,940,1,3790644,3657012,241163,4031807,3898175,79.0514896487981,76.4313720031003,44
-7.6926,53.28823,2022/01/21 00:00:00+00,Fri 21 Jan 2022,3253,977,0,3793897,3657989,241163,4035060,3899152,79.1152710986114,76.4505280057033,45
-7.6926,53.28823,2022/01/22 00:00:00+00,Sat 22 Jan 2022,4274,645,0,3798171,3658634,241163,4039334,3899797,79.1990712573886,76.4631744966746,46
-7.6926,53.28823,2022/01/23 00:00:00+00,Sun 23 Jan 2022,3094,680,0,3801265,3659314,241163,4042428,3900477,79.2597352001253,76.476507231342,47
-7.6926,53.28823,2022/01/24 00:00:00+00,Mon 24 Jan 2022,646,469,0,3801911,3659783,241163,4043074,3900946,79.2724012980594,76.4857028968699,48
-7.6926,53.28823,2022/01/25 00:00:00+00,Tue 25 Jan 2022,692,1838,1,3802603,3661621,241164,4043767,3902785,79.2859889232425,76.5217601013602,49
-7.6926,53.28823,2022/01/26 00:00:00+00,Wed 26 Jan 2022,700,898,0,3803303,3662519,241164,4044467,3903683,79.2997137971648,76.5393671539062,50
-7.6926,53.28823,2022/01/27 00:00:00+00,Thu 27 Jan 2022,1278,1179,0,3804581,3663698,241164,4045745,3904862,79.3247714955544,76.562483762984,51
-7.6926,53.28823,2022/01/28 00:00:00+00,Fri 28 Jan 2022,1031,3096,1,3805612,3666794,241165,4046777,3907959,79.3450058811085,76.6232065266089,52
-7.6926,53.28823,2022/01/29 00:00:00+00,Sat 29 Jan 2022,2330,3446,0,3807942,3670240,241165,4049107,3911405,79.3906901043071,76.6907721202323,53
-7.6926,53.28823,2022/01/30 00:00:00+00,Sun 30 Jan 2022,1639,7538,0,3809581,3677778,241165,4050746,3918943,79.4228259162481,76.838569405413,54
-7.6926,53.28823,2022/01/31 00:00:00+00,Mon 31 Jan 2022,483,1397,0,3810064,3679175,241165,4051229,3920340,79.4322960792545,76.8659603323694,55
-7.6926,53.28823,2022/02/01 00:00:00+00,Tue 01 Feb 2022,751,3422,1,3810815,3682597,241166,4051981,3923763,79.4470405152396,76.9330749658496,56
-7.6926,53.28823,2022/02/02 00:00:00+00,Wed 02 Feb 2022,653,2999,0,3811468,3685596,241166,4052634,3926762,79.4598438619129,76.9918762471254,57
-7.6926,53.28823,2022/02/03 00:00:00+00,Thu 03 Feb 2022,908,2436,1,3812376,3688032,241167,4053543,3929199,79.4776665910491,77.0396584153378,58
-7.6926,53.28823,2022/02/04 00:00:00+00,Fri 04 Feb 2022,1173,6524,0,3813549,3694556,241167,4054716,3935723,79.5006655583504,77.1675742402939,59
-7.6926,53.28823,2022/02/05 00:00:00+00,Sat 05 Feb 2022,1777,5750,0,3815326,3700306,241167,4056493,3941473,79.5355071311504,77.2803142760845,60
-7.6926,53.28823,2022/02/06 00:00:00+00,Sun 06 Feb 2022,1407,7556,0,3816733,3707862,241167,4057900,3949029,79.5630941277343,77.4284644865946,61
-7.6926,53.28823,2022/02/07 00:00:00+00,Mon 07 Feb 2022,443,1353,0,3817176,3709215,241167,4058343,3950382,79.5717800122308,77.4549927071902,62
-7.6926,53.28823,2022/02/08 00:00:00+00,Tue 08 Feb 2022,900,1239,0,3818076,3710454,241167,4059243,3951621,79.5894262787024,77.4792857340327,63
-7.6926,53.28823,2022/02/09 00:00:00+00,Wed 09 Feb 2022,1335,1785,0,3819411,3712239,241167,4060578,3953406,79.6156015739685,77.5142841625347,64
-7.6926,53.28823,2022/02/10 00:00:00+00,Thu 10 Feb 2022,687,2555,1,3820098,3714794,241168,4061266,3955962,79.6290911643379,77.5643995593139,65
-7.6926,53.28823,2022/02/11 00:00:00+00,Fri 11 Feb 2022,546,4927,0,3820644,3719721,241168,4061812,3960889,79.6397965659973,77.6610030647643,66
-7.6926,53.28823,2022/02/12 00:00:00+00,Sat 12 Feb 2022,1397,5463,0,3822041,3725184,241168,4063209,3966352,79.6671874929537,77.7681159022467,67
-7.6926,53.28823,2022/02/13 00:00:00+00,Sun 13 Feb 2022,1566,4706,0,3823607,3729890,241168,4064775,3971058,79.6978919966143,77.8603862689303,68
-7.6926,53.28823,2022/02/14 00:00:00+00,Mon 14 Feb 2022,175,954,0,3823782,3730844,241168,4064950,3972012,79.7013232150949,77.8790913113901,69
-7.6926,53.28823,2022/02/15 00:00:00+00,Tue 15 Feb 2022,650,817,1,3824432,3731661,241169,4065601,3972830,79.7140873478426,77.8951298069165,70
-7.6926,53.28823,2022/02/16 00:00:00+00,Wed 16 Feb 2022,799,1787,0,3825231,3733448,241169,4066400,3974617,79.7297533110768,77.9301674493439,71
-7.6926,53.28823,2022/02/17 00:00:00+00,Thu 17 Feb 2022,791,1194,2,3826022,3734642,241171,4067193,3975813,79.7453016325345,77.9536173767884,72
-7.6926,53.28823,2022/02/18 00:00:00+00,Fri 18 Feb 2022,792,3296,0,3826814,3737938,241171,4067985,3979109,79.7608303470295,78.0182419259998,73
-7.6926,53.28823,2022/02/19 00:00:00+00,Sat 19 Feb 2022,980,3556,0,3827794,3741494,241171,4068965,3982665,79.7800451705208,78.0879642855252,74
-7.6926,53.28823,2022/02/20 00:00:00+00,Sun 20 Feb 2022,1365,3588,0,3829159,3745082,241171,4070330,3986253,79.8068086746693,78.1583140678585,75
-7.6926,53.28823,2022/02/21 00:00:00+00,Mon 21 Feb 2022,255,997,1,3829414,3746079,241172,4070586,3987251,79.8118280571323,78.1778818166792,76
-7.6926,53.28823,2022/02/22 00:00:00+00,Tue 22 Feb 2022,476,988,1,3829890,3747067,241173,4071063,3988240,79.8211805783623,78.1972731028352,77
-7.6926,53.28823,2022/02/23 00:00:00+00,Wed 23 Feb 2022,829,1273,1,3830719,3748340,241174,4071893,3989514,79.8374543574416,78.2222523733738,78
-7.6926,53.28823,2022/02/24 00:00:00+00,Thu 24 Feb 2022,653,1237,0,3831372,3749577,241174,4072546,3990751,79.8502577041149,78.2465061862909,79
-7.6926,53.28823,2022/02/25 00:00:00+00,Fri 25 Feb 2022,693,1228,0,3832065,3750805,241174,4073239,3991979,79.863845329298,78.2705835365432,80
-7.6926,53.28823,2022/02/26 00:00:00+00,Sat 26 Feb 2022,960,2093,0,3833025,3752898,241174,4074199,3994072,79.8826680135343,78.3116209095709,81
-7.6926,53.28823,2022/02/27 00:00:00+00,Sun 27 Feb 2022,671,1783,0,3833696,3754681,241174,4074870,3995855,79.895824285537,78.3465801241474,82
-7.6926,53.28823,2022/02/28 00:00:00+00,Mon 28 Feb 2022,81,437,0,3833777,3755118,241174,4074951,3996292,79.8974124495194,78.3551483668674,83
-7.6926,53.28823,2022/03/01 00:00:00+00,Tue 01 Mar 2022,134,938,0,3833911,3756056,241174,4075085,3997230,79.9000397825274,78.3735396979234,84
-7.6926,53.28823,2022/03/02 00:00:00+00,Wed 02 Mar 2022,207,997,2,3834118,3757053,241176,4075294,3998229,79.9041376377414,78.3931270537068,85
-7.6926,53.28823,2022/03/03 00:00:00+00,Thu 03 Mar 2022,279,1278,0,3834397,3758331,241176,4075573,3999507,79.9096079803476,78.4181847520964,86
-7.6926,53.28823,2022/03/04 00:00:00+00,Fri 04 Mar 2022,735,1508,1,3835132,3759839,241177,4076309,4001016,79.9240387049287,78.4477716588804,87
-7.6926,53.28823,2022/03/05 00:00:00+00,Sat 05 Mar 2022,963,3343,0,3836095,3763182,241177,4077272,4004359,79.9429202100533,78.5133177353409,88
-7.6926,53.28823,2022/03/06 00:00:00+00,Sun 06 Mar 2022,455,1916,0,3836550,3765098,241177,4077727,4006275,79.9518413781028,78.5508846759626,89
-7.6926,53.28823,2022/03/07 00:00:00+00,Mon 07 Mar 2022,117,125,1,3836667,3765223,241178,4077845,4006401,79.9541549997069,78.5533551532686,90
-7.6926,53.28823,2022/03/08 00:00:00+00,Tue 08 Mar 2022,120,493,0,3836787,3765716,241178,4077965,4006894,79.9565078352364,78.5630213859025,91
-7.6926,53.28823,2022/03/09 00:00:00+00,Wed 09 Mar 2022,130,344,1,3836917,3766060,241179,4078096,4007239,79.9590763473562,78.5697857880499,92
-7.6926,53.28823,2022/03/10 00:00:00+00,Thu 10 Mar 2022,259,508,0,3837176,3766568,241179,4078355,4007747,79.9641545507074,78.579746125125,93
-7.6926,53.28823,2022/03/11 00:00:00+00,Fri 11 Mar 2022,493,2183,0,3837669,3768751,241179,4078848,4009930,79.9738207833413,78.6225481247999,94
-7.6926,53.28823,2022/03/12 00:00:00+00,Sat 12 Mar 2022,473,2393,2,3838142,3771144,241181,4079323,4012325,79.9831340906457,78.669506800577,95
-7.6926,53.28823,2022/03/13 00:00:00+00,Sun 13 Mar 2022,358,1082,0,3838500,3772226,241181,4079681,4013407,79.9901533833089,78.6907215342684,96
-7.6926,53.28823,2022/03/14 00:00:00+00,Mon 14 Mar 2022,109,123,0,3838609,3772349,241181,4079790,4013530,79.9922905422482,78.6931331906862,97
-7.6926,53.28823,2022/03/15 00:00:00+00,Tue 15 Mar 2022,222,755,1,3838831,3773104,241182,4080013,4014286,79.9966628949406,78.7079560545223,98
-7.6926,53.28823,2022/03/16 00:00:00+00,Wed 16 Mar 2022,195,799,0,3839026,3773903,241182,4080208,4015085,80.0004862526761,78.7236220177565,99
-7.6926,53.28823,2022/03/17 00:00:00+00,Thu 17 Mar 2022,1,3,0,3839027,3773906,241182,4080209,4015088,80.0005058596388,78.7236808386447,100
-7.6926,53.28823,2022/03/18 00:00:00+00,Fri 18 Mar 2022,4,7,0,3839031,3773913,241182,4080213,4015095,80.0005842874898,78.7238180873839,101
-7.6926,53.28823,2022/03/19 00:00:00+00,Sat 19 Mar 2022,743,2779,0,3839774,3776692,241182,4080956,4017874,80.0151522608103,78.7783058368556,102
-7.6926,53.28823,2022/03/20 00:00:00+00,Sun 20 Mar 2022,395,1402,0,3840169,3778094,241182,4081351,4019276,80.022897011095,78.8057947986257,103
-7.6926,53.28823,2022/03/21 00:00:00+00,Mon 21 Mar 2022,57,112,0,3840226,3778206,241182,4081408,4019388,80.0240146079715,78.8079907784533,104
-7.6926,53.28823,2022/03/22 00:00:00+00,Tue 22 Mar 2022,141,575,0,3840367,3778781,241182,4081549,4019963,80.0267791897187,78.8192647820323,105
-7.6926,53.28823,2022/03/23 00:00:00+00,Wed 23 Mar 2022,102,221,0,3840469,3779002,241182,4081651,4020184,80.0287790999189,78.8235979207992,106
-7.6926,53.28823,2022/03/24 00:00:00+00,Thu 24 Mar 2022,147,245,0,3840616,3779247,241182,4081798,4020429,80.0316613234425,78.8284016266721,107
-7.6926,53.28823,2022/03/25 00:00:00+00,Fri 25 Mar 2022,434,1625,0,3841050,3780872,241182,4082232,4022054,80.0401707452744,78.8602629411346,108
-7.6926,53.28823,2022/03/26 00:00:00+00,Sat 26 Mar 2022,874,1848,1,3841924,3782720,241183,4083107,4023903,80.0573268376773,78.8965162152523,109
-7.6926,53.28823,2022/03/27 00:00:00+00,Sun 27 Mar 2022,380,804,0,3842304,3783524,241183,4083487,4024707,80.0647774835208,78.9122802133002,110
-7.6926,53.28823,2022/03/27 23:00:00+00,Mon 28 Mar 2022,44,53,1,3842348,3783577,241184,4083532,4024761,80.0656597968444,78.9133389892885,111
-7.6926,53.28823,2022/03/28 23:00:00+00,Tue 29 Mar 2022,138,193,3,3842486,3783770,241187,4083673,4024957,80.0684243785916,78.9171819539868,112
-7.6926,53.28823,2022/03/29 23:00:00+00,Wed 30 Mar 2022,109,138,0,3842595,3783908,241187,4083782,4025095,80.070561537531,78.9198877148457,113
-7.6926,53.28823,2022/03/30 23:00:00+00,Thu 31 Mar 2022,227,361,0,3842822,3784269,241187,4084009,4025456,80.0750123180743,78.9269658283971,114
-7.6926,53.28823,2022/03/31 23:00:00+00,Fri 01 Apr 2022,307,905,0,3843129,3785174,241187,4084316,4026361,80.0810316556374,78.9447101296824,115
-7.6926,53.28823,2021/08/14 23:00:00+00,Sun 15 Aug 2021,17007,3745,53,3347269,2917185,232295,3579564,3149480,70.1843779955763,61.7517370298471,116
-7.6926,53.28823,2021/08/15 23:00:00+00,Mon 16 Aug 2021,10208,23184,386,3357477,2940369,232681,3590158,3173050,70.3920941589093,62.2138731417746,117
-7.6926,53.28823,2021/08/16 23:00:00+00,Tue 17 Aug 2021,12886,26890,532,3370363,2967259,233213,3603576,3200472,70.6551803850376,62.7515352742004,118
-7.6926,53.28823,2021/08/17 23:00:00+00,Wed 18 Aug 2021,15253,25802,658,3385616,2993061,233871,3619487,3226932,70.9671467692921,63.2703355084644,119
-7.6926,53.28823,2021/08/18 23:00:00+00,Thu 19 Aug 2021,11383,25747,545,3396999,3018808,234416,3631415,3253224,71.2010186209286,63.785841772987,120
-7.6926,53.28823,2021/08/19 23:00:00+00,Fri 20 Aug 2021,14873,22298,686,3411872,3041106,235102,3646974,3276208,71.5060833542965,64.2364882047453,121
-7.6926,53.28823,2021/08/20 23:00:00+00,Sat 21 Aug 2021,11920,8004,246,3423792,3049110,235348,3659140,3284458,71.7446216630665,64.3982456474013,122
-7.6926,53.28823,2021/08/21 23:00:00+00,Sun 22 Aug 2021,8011,12268,162,3431803,3061378,235510,3667313,3296888,71.9048693695911,64.6419601943364,123
-7.6926,53.28823,2021/08/22 23:00:00+00,Mon 23 Aug 2021,10892,15425,294,3442695,3076803,235804,3678499,3312607,72.1241928548698,64.9501620417436,124
-7.6926,53.28823,2022/04/01 23:00:00+00,Sat 02 Apr 2022,729,1538,1,3843858,3786712,241188,4085046,4027900,80.0953447384421,78.9748852453488,125
-7.6926,53.28823,2021/08/23 23:00:00+00,Tue 24 Aug 2021,9726,22944,384,3452421,3099747,236188,3688609,3335935,72.3224192482338,65.4075532686866,126
-7.6926,53.28823,2021/08/24 23:00:00+00,Wed 25 Aug 2021,9426,19561,318,3461847,3119308,236506,3698353,3355814,72.5134694932326,65.7973200811179,127
-7.6926,53.28823,2021/08/25 23:00:00+00,Thu 26 Aug 2021,8605,19471,370,3470452,3138779,236876,3707328,3375655,72.6894419838795,66.1863418289649,128
-7.6926,53.28823,2022/04/02 23:00:00+00,Sun 03 Apr 2022,538,817,0,3844396,3787529,241188,4085584,4028717,80.1058932843996,78.9909041339124,129
-7.6926,53.28823,2021/08/26 23:00:00+00,Fri 27 Aug 2021,9739,19251,432,3480191,3158030,237308,3717499,3395338,72.888864401971,66.5722656766981,130
-7.6926,53.28823,2021/04/21 23:00:00+00,Thu 22 Apr 2021,31648,12200,1,983093,412359,289,983382,412648,19.2811342392665,8.09077396328675,131
-7.6926,53.28823,2022/04/03 23:00:00+00,Mon 04 Apr 2022,50,53,0,3844446,3787582,241188,4085634,4028770,80.1068736325369,78.991943302938,132
-7.6926,53.28823,2021/08/27 23:00:00+00,Sat 28 Aug 2021,9939,7952,155,3490130,3165982,237463,3727593,3403445,73.0867770839309,66.7312193236813,133
-7.6926,53.28823,2021/04/22 23:00:00+00,Fri 23 Apr 2021,33626,12368,3,1016719,424727,292,1017011,425019,19.9404967894579,8.33333169941977,134
-7.6926,53.28823,2022/04/04 23:00:00+00,Tue 05 Apr 2022,132,170,0,3844578,3787752,241188,4085766,4028940,80.1094617516194,78.9952764866048,135
-7.6926,53.28823,2021/08/28 23:00:00+00,Sun 29 Aug 2021,8808,9206,30,3498938,3175188,237493,3736431,3412681,73.2600634206817,66.9123092316051,136
-7.6926,53.28823,2021/04/23 23:00:00+00,Sat 24 Apr 2021,23714,7018,2,1040433,431745,294,1040727,432039,20.4054955179464,8.47097257789797,137
-7.6926,53.28823,2022/04/05 23:00:00+00,Wed 06 Apr 2022,158,211,0,3844736,3787963,241188,4085924,4029151,80.1125596517333,78.9994135557443,138
-7.6926,53.28823,2021/08/29 23:00:00+00,Mon 30 Aug 2021,5077,11181,85,3504015,3186369,237578,3741593,3423947,73.3612745623775,67.1332012739036,139
-7.6926,53.28823,2021/04/24 23:00:00+00,Sun 25 Apr 2021,9760,312,3,1050193,432057,297,1050490,432354,20.5969182952373,8.47714877116302,140
-7.6926,53.28823,2022/04/06 23:00:00+00,Thu 07 Apr 2022,117,181,0,3844853,3788144,241188,4086041,4029332,80.1148536663746,79.0029624160013,141
-7.6926,53.28823,2021/08/30 23:00:00+00,Tue 31 Aug 2021,4086,12924,146,3508101,3199293,237724,3745825,3437017,73.4442512287193,67.3894642769962,142
-7.6926,53.28823,2021/04/25 23:00:00+00,Mon 26 Apr 2021,15608,3064,4,1065801,435121,301,1066102,435422,20.9030221976307,8.53730293286831,143
-7.6926,53.28823,2022/04/07 23:00:00+00,Fri 08 Apr 2022,256,422,2,3845109,3788566,241190,4086299,4029756,80.1199122627631,79.0112757682057,144
-7.6926,53.28823,2021/08/31 23:00:00+00,Wed 01 Sep 2021,5008,12580,184,3513109,3211873,237908,3751017,3449781,73.5460505792975,67.6397275494885,145
-7.6926,53.28823,2021/09/01 23:00:00+00,Thu 02 Sep 2021,5016,12395,249,3518125,3224268,238157,3756282,3462425,73.6492812381562,67.8876379864512,146
-7.6926,53.28823,2021/09/02 23:00:00+00,Fri 03 Sep 2021,4790,16126,167,3522915,3240394,238324,3761239,3478718,73.746472952489,68.2070942304748,147
-7.6926,53.28823,2021/09/03 23:00:00+00,Sat 04 Sep 2021,4635,10601,136,3527550,3250995,238460,3766010,3489455,73.840017771751,68.4176141894805,148
-7.6926,53.28823,2021/09/04 23:00:00+00,Sun 05 Sep 2021,5310,11914,1,3532860,3262909,238461,3771321,3501370,73.944150350896,68.6512311506013,149
-7.6926,53.28823,2021/09/05 23:00:00+00,Mon 06 Sep 2021,2174,9715,76,3535034,3272624,238537,3773571,3511161,73.9882660170749,68.8432029228492,150
-7.6926,53.28823,2021/09/06 23:00:00+00,Tue 07 Sep 2021,3043,10052,162,3538077,3282676,238699,3776776,3521375,74.0511063326764,69.0434684403387,151
-7.6926,53.28823,2021/09/07 23:00:00+00,Wed 08 Sep 2021,2616,14829,191,3540693,3297505,238890,3779583,3536395,74.106143077105,69.3379650207863,152
-7.6926,53.28823,2021/09/08 23:00:00+00,Thu 09 Sep 2021,3132,14846,138,3543825,3312351,239028,3782853,3551379,74.170257845285,69.6317557505751,153
-7.6926,53.28823,2021/09/09 23:00:00+00,Fri 10 Sep 2021,3398,13963,116,3547223,3326314,239144,3786367,3565458,74.2391567123751,69.9078021790786,154
-7.6926,53.28823,2021/09/10 23:00:00+00,Sat 11 Sep 2021,2567,11355,62,3549790,3337669,239206,3788996,3576875,74.2907034174348,70.1316548727518,155
-7.6926,53.28823,2021/09/11 23:00:00+00,Sun 12 Sep 2021,2045,12889,1,3551835,3350558,239207,3791042,3589765,74.3308192632135,70.3843886225501,156
-7.6926,53.28823,2021/09/12 23:00:00+00,Mon 13 Sep 2021,1628,7765,52,3553463,3358323,239259,3792722,3597582,74.3637589606271,70.537656250337,157
-7.6926,53.28823,2021/09/13 23:00:00+00,Tue 14 Sep 2021,1560,10808,82,3555023,3369131,239341,3794364,3608472,74.3959535934563,70.7511760746429,158
-7.6926,53.28823,2021/09/14 23:00:00+00,Wed 15 Sep 2021,3297,12395,138,3558320,3381526,239479,3797799,3621005,74.4633035104894,70.9969101387408,159
-7.6926,53.28823,2021/09/15 23:00:00+00,Thu 16 Sep 2021,1922,10591,116,3560242,3392117,239595,3799837,3631712,74.5032625005662,71.2068418888642,160
-7.6926,53.28823,2021/09/16 23:00:00+00,Fri 17 Sep 2021,2568,14634,96,3562810,3406751,239691,3802501,3646442,74.555495449322,71.4956524501155,161
-7.6926,53.28823,2021/09/17 23:00:00+00,Sat 18 Sep 2021,2292,11248,48,3565102,3417999,239739,3804841,3657738,74.6013757421481,71.7171327012964,162
-7.6926,53.28823,2021/09/18 23:00:00+00,Sun 19 Sep 2021,1866,8500,16,3566968,3426499,239755,3806723,3666254,74.6382760460364,71.8841055960428,163
-7.6926,53.28823,2021/09/19 23:00:00+00,Mon 20 Sep 2021,968,5651,35,3567936,3432150,239790,3807726,3671940,74.6579418296708,71.9955907862176,164
-7.6926,53.28823,2021/09/20 23:00:00+00,Tue 21 Sep 2021,1480,6695,90,3569416,3438845,239880,3809296,3678725,74.6887247611823,72.1286240284505,165
-7.6926,53.28823,2021/09/21 23:00:00+00,Wed 22 Sep 2021,1904,8174,97,3571320,3447019,239977,3811297,3686996,74.7279582936374,72.2907932173242,166
-7.6926,53.28823,2021/09/22 23:00:00+00,Thu 23 Sep 2021,1693,8745,89,3573013,3455764,240066,3813079,3695830,74.7628979012511,72.4640011262239,167
-7.6926,53.28823,2021/09/23 23:00:00+00,Fri 24 Sep 2021,1917,7411,81,3574930,3463175,240147,3815077,3703322,74.802072612818,72.6108964911183,168
-7.6926,53.28823,2021/09/24 23:00:00+00,Sat 25 Sep 2021,2426,6624,53,3577356,3469799,240200,3817556,3709999,74.8506782734658,72.7418121813746,169
-7.6926,53.28823,2021/09/25 23:00:00+00,Sun 26 Sep 2021,1550,7104,0,3578906,3476903,240200,3819106,3717103,74.8810690657223,72.8811000447235,170
-7.6926,53.28823,2021/09/26 23:00:00+00,Mon 27 Sep 2021,1181,3848,45,3580087,3480751,240245,3820332,3720996,74.9051072020492,72.9574299506944,171
-7.6926,53.28823,2021/09/27 23:00:00+00,Tue 28 Sep 2021,1459,5164,94,3581546,3485915,240339,3821885,3726254,74.935556815194,73.0605233608138,172
-7.6926,53.28823,2021/09/28 23:00:00+00,Wed 29 Sep 2021,1656,3644,80,3583202,3489559,240419,3823621,3729978,74.9695945025213,73.1335396900806,173
-7.6926,53.28823,2021/09/29 23:00:00+00,Thu 30 Sep 2021,1279,4005,79,3584481,3493564,240498,3824979,3734062,74.9962207579307,73.213614525936,174
-7.6926,53.28823,2021/09/30 23:00:00+00,Fri 01 Oct 2021,1875,5216,42,3586356,3498780,240540,3826896,3739320,75.0338073055151,73.3167079360554,175
-7.6926,53.28823,2021/10/01 23:00:00+00,Sat 02 Oct 2021,1684,4114,41,3588040,3502894,240581,3828621,3743475,75.0676293162523,73.3981748662658,176
-7.6926,53.28823,2021/10/02 23:00:00+00,Sun 03 Oct 2021,1197,3026,9,3589237,3505920,240590,3829827,3746510,75.0912753133242,73.4576819982005,177
-7.6926,53.28823,2021/10/03 23:00:00+00,Mon 04 Oct 2021,352,1248,18,3589589,3507168,240608,3830197,3747776,75.0985298895403,73.4825044130371,178
-7.6926,53.28823,2021/10/04 23:00:00+00,Tue 05 Oct 2021,961,2847,70,3590550,3510015,240678,3831228,3750693,75.1187446681316,73.5396979233678,179
-7.6926,53.28823,2021/10/05 23:00:00+00,Wed 06 Oct 2021,974,2587,40,3591524,3512602,240718,3832242,3753320,75.1386261283562,73.591205414502,180
-7.6926,53.28823,2021/10/06 23:00:00+00,Thu 07 Oct 2021,1214,2726,44,3592738,3515328,240762,3833500,3756090,75.1632916874909,73.6455167013089,181
-7.6926,53.28823,2021/10/07 23:00:00+00,Fri 08 Oct 2021,916,2767,48,3593654,3518095,240810,3834464,3758905,75.1821927995782,73.7007103014394,182
-7.6926,53.28823,2021/10/08 23:00:00+00,Sat 09 Oct 2021,725,2374,23,3594379,3520469,240833,3835212,3761302,75.1968588077124,73.747708191142,183
-7.6926,53.28823,2021/10/09 23:00:00+00,Sun 10 Oct 2021,1521,3931,3,3595900,3524400,240836,3836736,3765236,75.2267398189375,73.8248419825855,184
-7.6926,53.28823,2021/10/10 23:00:00+00,Mon 11 Oct 2021,335,1152,20,3596235,3525552,240856,3837091,3766408,75.2337002907124,73.847821342924,185
-7.6926,53.28823,2021/10/11 23:00:00+00,Tue 12 Oct 2021,563,1634,21,3596798,3527186,240877,3837675,3768063,75.2451507569562,73.8802708662689,186
-7.6926,53.28823,2021/10/12 23:00:00+00,Wed 13 Oct 2021,991,2093,11,3597789,3529279,240888,3838677,3770167,75.2647969336279,73.9215239158869,187
-7.6926,53.28823,2021/10/13 23:00:00+00,Thu 14 Oct 2021,656,1625,9,3598445,3530904,240897,3839342,3771801,75.2778355638541,73.9535616930142,188
-7.6926,53.28823,2021/10/14 23:00:00+00,Fri 15 Oct 2021,958,2095,10,3599403,3532999,240907,3840310,3773906,75.2968151037924,73.9948343495949,189
-7.6926,53.28823,2021/10/15 23:00:00+00,Sat 16 Oct 2021,1384,2667,14,3600787,3535666,240921,3841708,3776587,75.3242256377116,74.0474006167174,190
-7.6926,53.28823,2021/10/16 23:00:00+00,Sun 17 Oct 2021,1709,2894,3,3602496,3538560,240924,3843420,3779484,75.357792757933,74.1042019877931,191
-7.6926,53.28823,2021/10/17 23:00:00+00,Mon 18 Oct 2021,681,1268,6,3603177,3539828,240930,3844107,3780758,75.3712627413396,74.1291812583317,192
-7.6926,53.28823,2021/10/18 23:00:00+00,Tue 19 Oct 2021,1343,1821,13,3604520,3541649,240943,3845463,3782592,75.3978497828235,74.1651404280082,193
-7.6926,53.28823,2021/10/19 23:00:00+00,Wed 20 Oct 2021,2264,2355,1,3606784,3544004,240944,3847728,3784948,75.4422595534436,74.2113344322382,194
-7.6926,53.28823,2021/10/20 23:00:00+00,Thu 21 Oct 2021,1732,1869,11,3608516,3545873,240955,3849471,3786828,75.4764344895102,74.2481955222011,195
-7.6926,53.28823,2021/10/21 23:00:00+00,Fri 22 Oct 2021,1510,1947,3,3610026,3547820,240958,3850984,3788778,75.5060998241452,74.2864290995561,196
-7.6926,53.28823,2021/10/22 23:00:00+00,Sat 23 Oct 2021,2019,1716,1,3612045,3549536,240959,3853004,3790495,75.5457058888924,74.3200942545913,197
-7.6926,53.28823,2021/10/23 23:00:00+00,Sun 24 Oct 2021,1960,2194,2,3614005,3551730,240961,3854966,3792691,75.5841747498005,74.3631511447819,198
-7.6926,53.28823,2021/10/24 23:00:00+00,Mon 25 Oct 2021,1243,871,2,3615248,3552601,240963,3856211,3793564,75.6085854184195,74.3802680232593,199
-7.6926,53.28823,2021/10/25 23:00:00+00,Tue 26 Oct 2021,1247,1246,6,3616495,3553847,240969,3857464,3794816,75.6331529427404,74.4048159406176,200
-7.6926,53.28823,2021/10/26 23:00:00+00,Wed 27 Oct 2021,1569,1442,6,3618064,3555289,240975,3859039,3796264,75.6640339090657,74.433206822674,201
-7.6926,53.28823,2021/10/27 23:00:00+00,Thu 28 Oct 2021,2162,1715,5,3620226,3557004,240980,3861206,3797984,75.7065221973366,74.4669307985975,202
-7.6926,53.28823,2021/10/28 23:00:00+00,Fri 29 Oct 2021,2148,1390,3,3622374,3558394,240983,3863357,3799377,75.7486967742037,74.4942432977029,203
-7.6926,53.28823,2021/10/29 23:00:00+00,Sat 30 Oct 2021,2021,1465,1,3624395,3559859,240984,3865379,3800843,75.7883420528764,74.5229871050888,204
-7.6926,53.28823,2021/10/30 23:00:00+00,Sun 31 Oct 2021,1601,1321,0,3625996,3561180,240984,3866980,3802164,75.8197328002331,74.5488879028765,205
-7.6926,53.28823,2021/11/01 00:00:00+00,Mon 01 Nov 2021,297,307,2,3626293,3561487,240986,3867279,3802473,75.8255952820942,74.5549464543651,206
-7.6926,53.28823,2021/11/02 00:00:00+00,Tue 02 Nov 2021,1100,1101,10,3627393,3562588,240996,3868389,3803584,75.8473590107425,74.5767297899761,207
-7.6926,53.28823,2021/11/03 00:00:00+00,Wed 03 Nov 2021,2540,1889,7,3629933,3564477,241003,3870936,3805480,75.897297944857,74.6139045913429,208
-7.6926,53.28823,2021/11/04 00:00:00+00,Thu 04 Nov 2021,1539,1298,2,3631472,3565775,241005,3872477,3806780,75.9275122744488,74.6393936429129,209
-7.6926,53.28823,2021/11/05 00:00:00+00,Fri 05 Nov 2021,1630,1113,4,3633102,3566888,241009,3874111,3807897,75.9595500515761,74.6612946203004,210
-7.6926,53.28823,2021/11/06 00:00:00+00,Sat 06 Nov 2021,1825,1366,6,3634927,3568254,241015,3875942,3809269,75.9954504003644,74.6881953731882,211
-7.6926,53.28823,2021/11/07 00:00:00+00,Sun 07 Nov 2021,698,775,0,3635625,3569029,241015,3876640,3810044,76.0091360603612,74.7033907693164,212
-7.6926,53.28823,2021/11/08 00:00:00+00,Mon 08 Nov 2021,521,541,4,3636146,3569570,241019,3877165,3810589,76.019429715803,74.7140765640131,213
-7.6926,53.28823,2021/11/09 00:00:00+00,Tue 09 Nov 2021,1375,1077,4,3637521,3570647,241023,3878544,3811670,76.0464677174299,74.7352716907417,214
-7.6926,53.28823,2021/11/10 00:00:00+00,Wed 10 Nov 2021,1604,1371,2,3639125,3572018,241025,3880150,3813043,76.0779564996003,74.7621920505922,215
-7.6926,53.28823,2021/11/11 00:00:00+00,Thu 11 Nov 2021,1396,1129,2,3640521,3573147,241027,3881548,3814174,76.1053670335195,74.7843675254582,216
-7.6926,53.28823,2021/11/12 00:00:00+00,Fri 12 Nov 2021,1145,1162,6,3641666,3574309,241033,3882699,3815342,76.1279346476403,74.8072684579457,217
-7.6926,53.28823,2021/11/13 00:00:00+00,Sat 13 Nov 2021,1397,1386,0,3643063,3575695,241033,3884096,3816728,76.1553255745967,74.8344437083119,218
-7.6926,53.28823,2021/11/14 00:00:00+00,Sun 14 Nov 2021,1648,1808,1,3644711,3577503,241034,3885745,3818537,76.1876574561652,74.8699127039198,219
-7.6926,53.28823,2021/11/15 00:00:00+00,Mon 15 Nov 2021,1244,601,1,3645955,3578104,241035,3886990,3819139,76.2120681247842,74.881716095493,220
-7.6926,53.28823,2021/11/16 00:00:00+00,Tue 16 Nov 2021,1320,1086,5,3647275,3579190,241040,3888315,3820230,76.2380473504229,74.9031072918491,221
-7.6926,53.28823,2021/11/17 00:00:00+00,Wed 17 Nov 2021,1504,1130,3,3648779,3580320,241043,3889822,3821363,76.2675950432814,74.9253219806405,222
-7.6926,53.28823,2021/11/18 00:00:00+00,Thu 18 Nov 2021,1642,2521,5,3650421,3582841,241048,3891469,3823889,76.2998877109244,74.9748491685373,223
-7.6926,53.28823,2021/11/19 00:00:00+00,Fri 19 Nov 2021,1166,1568,0,3651587,3584409,241048,3892635,3825457,76.3227494294864,75.0055928861234,224
-7.6926,53.28823,2021/11/20 00:00:00+00,Sat 20 Nov 2021,1547,2954,12,3653134,3587363,241060,3894194,3828423,76.3533166844077,75.0637471376285,225
-7.6926,53.28823,2021/11/21 00:00:00+00,Sun 21 Nov 2021,1790,2772,0,3654924,3590135,241060,3895984,3831195,76.3884131477234,75.118097638361,226
-7.6926,53.28823,2021/11/22 00:00:00+00,Mon 22 Nov 2021,724,522,3,3655648,3590657,241063,3896711,3831720,76.4026674096398,75.1283912938027,227
-7.6926,53.28823,2021/11/23 00:00:00+00,Tue 23 Nov 2021,2160,1604,8,3657808,3592261,241071,3898879,3833332,76.4451753048736,75.1599977177495,228
-7.6926,53.28823,2021/11/24 00:00:00+00,Wed 24 Nov 2021,1615,3155,2,3659423,3595416,241073,3900496,3836489,76.4768797636341,75.2218968991392,229
-7.6926,53.28823,2021/11/25 00:00:00+00,Thu 25 Nov 2021,982,1193,2,3660405,3596609,241075,3901480,3837684,76.4961730149764,75.2453272196209,230
-7.6926,53.28823,2021/11/26 00:00:00+00,Fri 26 Nov 2021,1279,1116,12,3661684,3597725,241087,3902771,3838812,76.5214856038817,75.2674438735986,231
-7.6926,53.28823,2021/11/27 00:00:00+00,Sat 27 Nov 2021,1200,1569,6,3662884,3599294,241093,3903977,3840387,76.5451316009536,75.2983248399239,232
-7.6926,53.28823,2021/11/28 00:00:00+00,Sun 28 Nov 2021,1961,2265,1,3664845,3601559,241094,3905939,3842653,76.5836004618616,75.3427542175067,233
-7.6926,53.28823,2021/11/29 00:00:00+00,Mon 29 Nov 2021,537,1005,2,3665382,3602564,241096,3906478,3843660,76.5941686147818,75.3624984289921,234
-7.6926,53.28823,2021/11/30 00:00:00+00,Tue 30 Nov 2021,1899,1656,6,3667281,3604220,241102,3908383,3845322,76.6315198788133,75.3950852010763,235
-7.6926,53.28823,2021/12/01 00:00:00+00,Wed 01 Dec 2021,1075,1392,4,3668356,3605612,241106,3909462,3846718,76.6526757916164,75.4224565210699,236
-7.6926,53.28823,2021/12/02 00:00:00+00,Thu 02 Dec 2021,1738,1420,0,3670094,3607032,241106,3911200,3848138,76.6867526928693,75.4502984081695,237
-7.6926,53.28823,2021/12/03 00:00:00+00,Fri 03 Dec 2021,1016,1208,2,3671110,3608240,241108,3912218,3849348,76.7067125809449,75.4740228330924,238
-7.6926,53.28823,2021/12/04 00:00:00+00,Sat 04 Dec 2021,1205,1707,3,3672315,3609947,241111,3913426,3851058,76.7303977919423,75.5075507393884,239
-7.6926,53.28823,2021/12/05 00:00:00+00,Sun 05 Dec 2021,1349,1779,2,3673664,3611726,241113,3914777,3852839,76.7568867986124,75.5424707400393,240
-7.6926,53.28823,2021/12/06 00:00:00+00,Mon 06 Dec 2021,941,1306,0,3674605,3613032,241113,3915718,3854145,76.7753369505565,75.5680774333858,241
-7.6926,53.28823,2021/12/07 00:00:00+00,Tue 07 Dec 2021,487,753,2,3675092,3613785,241115,3916207,3854900,76.7849247553394,75.5828806902592,242
-7.6926,53.28823,2022/07/25 23:00:00+00,Tue 26 Jul 2022,18,16,0,3858528,3812372,241208,4099736,4053580,80.3833710211836,79.4783920486708,243
-7.6926,53.28823,2021/04/26 23:00:00+00,Tue 27 Apr 2021,25936,7829,9,1091737,442950,310,1092047,443260,21.4117248460804,8.69098230687289,244
-7.6926,53.28823,2022/04/08 23:00:00+00,Sat 09 Apr 2022,559,1019,0,3845668,3789585,241190,4086858,4030775,80.1308725549382,79.0312552632441,245
-7.6926,53.28823,2022/07/26 23:00:00+00,Wed 27 Jul 2022,61,72,1,3858589,3812444,241209,4099798,4053653,80.3845866528738,79.4798233569512,246
-7.6926,53.28823,2021/04/27 23:00:00+00,Wed 28 Apr 2021,26061,8635,7,1117798,451585,317,1118115,451902,21.9228391509479,8.8604256789254,247
-7.6926,53.28823,2022/04/09 23:00:00+00,Sun 10 Apr 2022,413,720,0,3846081,3790305,241190,4087271,4031495,80.1389702305524,79.0453722764213,248
-7.6926,53.28823,2022/07/27 23:00:00+00,Thu 28 Jul 2022,49,73,0,3858638,3812517,241209,4099847,4053726,80.3855473940484,79.4812546652317,249
-7.6926,53.28823,2021/04/28 23:00:00+00,Thu 29 Apr 2021,31709,11340,7,1149507,462925,324,1149831,463249,22.5446935814059,9.08290588520633,250
-7.6926,53.28823,2022/04/10 23:00:00+00,Mon 11 Apr 2022,70,93,1,3846151,3790398,241191,4087342,4031589,80.1403623249074,79.0472153309195,251
-7.6926,53.28823,2022/07/28 23:00:00+00,Fri 29 Jul 2022,71,105,0,3858709,3812622,241209,4099918,4053831,80.3869394884034,79.48331339632,252
-7.6926,53.28823,2021/04/29 23:00:00+00,Fri 30 Apr 2021,36119,13547,8,1185626,476472,332,1185958,476804,23.2530343245372,9.34867826523083,253
-7.6926,53.28823,2022/04/11 23:00:00+00,Tue 12 Apr 2022,196,178,0,3846347,3790576,241191,4087538,4031767,80.1442052896056,79.0507053702883,254
-7.6926,53.28823,2022/07/29 23:00:00+00,Sat 30 Jul 2022,100,119,0,3858809,3812741,241209,4100018,4053950,80.388900184678,79.4856466248868,255
-7.6926,53.28823,2021/04/30 23:00:00+00,Sat 01 May 2021,16648,6705,21,1202274,483177,353,1202627,483530,23.5798627865533,9.48055469666166,256
-7.6926,53.28823,2022/04/12 23:00:00+00,Wed 13 Apr 2022,142,235,0,3846489,3790811,241191,4087680,4032002,80.1469894783156,79.0553130065336,257
-7.6926,53.28823,2022/07/30 23:00:00+00,Sun 31 Jul 2022,32,57,0,3858841,3812798,241209,4100050,4054007,80.3895276074859,79.4867642217634,258
-7.6926,53.28823,2021/05/01 23:00:00+00,Sun 02 May 2021,12487,915,16,1214761,484092,369,1215130,484461,23.8250086417688,9.49880877897836,259
-7.6926,53.28823,2022/04/13 23:00:00+00,Thu 14 Apr 2022,359,431,0,3846848,3791242,241191,4088039,4032433,80.1540283779415,79.0637636074772,260
-7.6926,53.28823,2022/07/31 23:00:00+00,Mon 01 Aug 2022,10,15,0,3858851,3812813,241209,4100060,4054022,80.3897236771133,79.4870583262046,261
-7.6926,53.28823,2021/05/02 23:00:00+00,Mon 03 May 2021,14287,942,21,1229048,485034,390,1229438,485424,24.1055450647412,9.51769028410293,262
-7.6926,53.28823,2022/04/14 23:00:00+00,Fri 15 Apr 2022,446,990,0,3847294,3792232,241191,4088485,4033423,80.1627730833263,79.083174500596,263
-7.6926,53.28823,2022/08/01 23:00:00+00,Tue 02 Aug 2022,36,30,0,3858887,3812843,241209,4100096,4054052,80.3904295277722,79.487646535087,264
-7.6926,53.28823,2021/05/03 23:00:00+00,Tue 04 May 2021,26684,6814,11,1255732,491848,401,1256133,492249,24.6289529352506,9.65150780484563,265
-7.6926,53.28823,2022/04/15 23:00:00+00,Sat 16 Apr 2022,43,88,0,3847337,3792320,241191,4088528,4033511,80.1636161827243,79.0848999133176,266
-7.6926,53.28823,2022/08/02 23:00:00+00,Wed 03 Aug 2022,93,139,0,3858980,3812982,241209,4100189,4054191,80.3922529753076,79.4903719029087,267
-7.6926,53.28823,2021/05/04 23:00:00+00,Wed 05 May 2021,32157,13476,70,1287889,505324,471,1288360,505795,25.2608265236718,9.91710372220541,268
-7.6926,53.28823,2022/04/16 23:00:00+00,Sun 17 Apr 2022,1,1,0,3847338,3792321,241191,4088529,4033512,80.1636357896871,79.0849195202804,269
-7.6926,53.28823,2022/08/03 23:00:00+00,Thu 04 Aug 2022,46,53,0,3859026,3813035,241209,4100235,4054244,80.3931548955939,79.4914110719342,270
-7.6926,53.28823,2021/05/05 23:00:00+00,Thu 06 May 2021,37318,14389,133,1325207,519713,604,1325811,520317,25.9951268854791,10.2018360352055,271
-7.6926,53.28823,2022/04/17 23:00:00+00,Mon 18 Apr 2022,36,62,1,3847374,3792383,241192,4088566,4033575,80.1643612473087,79.0861547589334,272
-7.6926,53.28823,2022/08/04 23:00:00+00,Fri 05 Aug 2022,96,91,0,3859122,3813126,241209,4100331,4054335,80.3950371640175,79.4931953055441,273
-7.6926,53.28823,2021/05/06 23:00:00+00,Fri 07 May 2021,40619,15102,99,1365826,534815,703,1366529,535518,26.7934831945781,10.4998814759102,274
-7.6926,53.28823,2022/04/18 23:00:00+00,Tue 19 Apr 2022,218,271,1,3847592,3792654,241193,4088785,4033847,80.1686551721501,79.0914878528003,275
-7.6926,53.28823,2022/08/05 23:00:00+00,Sat 06 Aug 2022,74,130,0,3859196,3813256,241209,4100405,4054465,80.3964880792607,79.4957442107011,276
-7.6926,53.28823,2021/05/07 23:00:00+00,Sat 08 May 2021,25647,7073,10,1391473,541888,713,1392186,542601,27.2965390377569,10.6387575930414,277
-7.6926,53.28823,2022/04/19 23:00:00+00,Wed 20 Apr 2022,252,607,0,3847844,3793261,241193,4089037,4034454,80.1735961267621,79.1033892791873,278
-7.6926,53.28823,2022/08/06 23:00:00+00,Sun 07 Aug 2022,28,80,0,3859224,3813336,241209,4100433,4054545,80.3970370742176,79.4973127677208,279
-7.6926,53.28823,2021/05/08 23:00:00+00,Sun 09 May 2021,19688,936,5,1411161,542824,718,1411879,543542,27.6826589551175,10.6572077449856,280
-7.6926,53.28823,2022/04/20 23:00:00+00,Thu 21 Apr 2022,170,236,0,3848014,3793497,241193,4089207,4034690,80.176929310429,79.1080165223954,281
-7.6926,53.28823,2022/08/07 23:00:00+00,Mon 08 Aug 2022,11,16,0,3859235,3813352,241209,4100444,4054561,80.3972527508079,79.4976264791248,282
-7.6926,53.28823,2021/05/09 23:00:00+00,Mon 10 May 2021,28877,4667,172,1440038,547491,890,1440928,548381,28.2522216159314,10.7520858377143,283
-7.6926,53.28823,2022/04/21 23:00:00+00,Fri 22 Apr 2022,195,254,0,3848209,3793751,241193,4089402,4034944,80.1807526681645,79.1129966909329,284
-7.6926,53.28823,2022/08/08 23:00:00+00,Tue 09 Aug 2022,48,41,0,3859283,3813393,241209,4100492,4054602,80.3981938850197,79.4984303645974,285
-7.6926,53.28823,2021/05/10 23:00:00+00,Tue 11 May 2021,33936,14827,153,1473974,562318,1043,1475017,563361,28.920603368986,11.0457981396522,286
-7.6926,53.28823,2022/04/22 23:00:00+00,Sat 23 Apr 2022,323,1010,0,3848532,3794761,241193,4089725,4035954,80.1870857171315,79.1327997233065,287
-7.6926,53.28823,2022/08/09 23:00:00+00,Wed 10 Aug 2022,55,94,1,3859338,3813487,241210,4100548,4054697,80.3992918749335,79.5002930260582,288
-7.6926,53.28823,2022/08/10 23:00:00+00,Thu 11 Aug 2022,45,42,0,3859383,3813529,241210,4100593,4054739,80.400174188257,79.5011165184936,289
-7.6926,53.28823,2022/08/11 23:00:00+00,Fri 12 Aug 2022,69,75,0,3859452,3813604,241210,4100662,4054814,80.4015270686865,79.5025870406996,290
-7.6926,53.28823,2022/08/12 23:00:00+00,Sat 13 Aug 2022,103,151,0,3859555,3813755,241210,4100765,4054965,80.4035465858494,79.5055476920742,291
-7.6926,53.28823,2022/08/13 23:00:00+00,Sun 14 Aug 2022,17,26,0,3859572,3813781,241210,4100782,4054991,80.4038799042161,79.5060574731056,292
-7.6926,53.28823,2022/08/14 23:00:00+00,Mon 15 Aug 2022,7,11,0,3859579,3813792,241210,4100789,4055002,80.4040171529553,79.5062731496958,293
-7.6926,53.28823,2022/08/15 23:00:00+00,Tue 16 Aug 2022,41,28,0,3859620,3813820,241210,4100830,4055030,80.4048210384279,79.5068221446527,294
-7.6926,53.28823,2022/08/16 23:00:00+00,Wed 17 Aug 2022,51,58,0,3859671,3813878,241210,4100881,4055088,80.4058209935279,79.507959348492,295
-7.6926,53.28823,2022/08/17 23:00:00+00,Thu 18 Aug 2022,55,40,0,3859726,3813918,241210,4100936,4055128,80.406899376479,79.5087436270018,296
-7.6926,53.28823,2022/08/18 23:00:00+00,Fri 19 Aug 2022,74,56,0,3859800,3813974,241210,4101010,4055184,80.4083502917222,79.5098416169156,297
-7.6926,53.28823,2022/08/19 23:00:00+00,Sat 20 Aug 2022,109,127,0,3859909,3814101,241210,4101119,4055311,80.4104874506615,79.5123317011844,298
-7.6926,53.28823,2022/08/20 23:00:00+00,Sun 21 Aug 2022,39,36,0,3859948,3814137,241210,4101158,4055347,80.4112521222086,79.5130375518433,299
-7.6926,53.28823,2022/08/21 23:00:00+00,Mon 22 Aug 2022,12,13,0,3859960,3814150,241210,4101170,4055360,80.4114874057616,79.513292442359,300
-7.6926,53.28823,2022/08/22 23:00:00+00,Tue 23 Aug 2022,78,72,0,3860038,3814222,241210,4101248,4055432,80.4130167488558,79.5147041436767,301
-7.6926,53.28823,2022/08/23 23:00:00+00,Wed 24 Aug 2022,53,56,0,3860091,3814278,241210,4101301,4055488,80.4140559178813,79.5158021335905,302
-7.6926,53.28823,2022/08/24 23:00:00+00,Thu 25 Aug 2022,40,49,0,3860131,3814327,241210,4101341,4055537,80.4148401963912,79.516762874765,303
-7.6926,53.28823,2022/08/25 23:00:00+00,Fri 26 Aug 2022,99,90,0,3860230,3814417,241210,4101440,4055627,80.4167812857031,79.5185275014122,304
-7.6926,53.28823,2022/08/26 23:00:00+00,Sat 27 Aug 2022,86,119,0,3860316,3814536,241210,4101526,4055746,80.4184674844992,79.520860729979,305
-7.6926,53.28823,2022/08/27 23:00:00+00,Sun 28 Aug 2022,44,21,0,3860360,3814557,241210,4101570,4055767,80.4193301908601,79.5212724761967,306
-7.6926,53.28823,2022/08/28 23:00:00+00,Mon 29 Aug 2022,13,12,0,3860373,3814569,241210,4101583,4055779,80.4195850813758,79.5215077597496,307
-7.6926,53.28823,2022/08/29 23:00:00+00,Tue 30 Aug 2022,42,44,1,3860415,3814613,241211,4101626,4055824,80.4204281807738,79.5223900730732,308
-7.6926,53.28823,2022/08/30 23:00:00+00,Wed 31 Aug 2022,28,29,0,3860443,3814642,241211,4101654,4055853,80.4209771757307,79.5229586749928,309
-7.6926,53.28823,2022/08/31 23:00:00+00,Thu 01 Sep 2022,34,31,0,3860477,3814673,241211,4101688,4055884,80.4216438124641,79.523566490838,310
-7.6926,53.28823,2022/09/01 23:00:00+00,Fri 02 Sep 2022,48,51,0,3860525,3814724,241211,4101736,4055935,80.4225849466759,79.524566445938,311
-7.6926,53.28823,2022/09/02 23:00:00+00,Sat 03 Sep 2022,73,101,0,3860598,3814825,241211,4101809,4056036,80.4240162549564,79.5265467491754,312
-7.6926,53.28823,2022/09/03 23:00:00+00,Sun 04 Sep 2022,58,82,0,3860656,3814907,241211,4101867,4056118,80.4251534587957,79.5281545201206,313
-7.6926,53.28823,2022/09/04 23:00:00+00,Mon 05 Sep 2022,9,5,0,3860665,3814912,241211,4101876,4056123,80.4253299214604,79.5282525549343,314
-7.6926,53.28823,2022/09/05 23:00:00+00,Tue 06 Sep 2022,42,22,0,3860707,3814934,241211,4101918,4056145,80.4261534138957,79.5286839081147,315
-7.6926,53.28823,2022/09/06 23:00:00+00,Wed 07 Sep 2022,48,42,0,3860755,3814976,241211,4101966,4056187,80.4270945481075,79.5295074005501,316
-7.6926,53.28823,2022/09/07 23:00:00+00,Thu 08 Sep 2022,39,52,2,3860794,3815028,241213,4102007,4056241,80.4278984335801,79.5305661765384,317
-7.6926,53.28823,2022/09/08 23:00:00+00,Fri 09 Sep 2022,64,60,0,3860858,3815088,241213,4102071,4056301,80.4291532791959,79.5317425943031,318
-7.6926,53.28823,2022/09/09 23:00:00+00,Sat 10 Sep 2022,94,135,0,3860952,3815223,241213,4102165,4056436,80.430996333694,79.5343895342739,319
-7.6926,53.28823,2022/09/10 23:00:00+00,Sun 11 Sep 2022,58,58,0,3861010,3815281,241213,4102223,4056494,80.4321335375333,79.5355267381131,320
-7.6926,53.28823,2022/09/11 23:00:00+00,Mon 12 Sep 2022,13,13,0,3861023,3815294,241213,4102236,4056507,80.432388428049,79.5357816286288,321
-7.6926,53.28823,2022/09/12 23:00:00+00,Tue 13 Sep 2022,29,25,0,3861052,3815319,241213,4102265,4056532,80.4329570299686,79.5362718026975,322
-7.6926,53.28823,2022/09/13 23:00:00+00,Wed 14 Sep 2022,36,33,0,3861088,3815352,241213,4102301,4056565,80.4336628806275,79.5369188324681,323
-7.6926,53.28823,2022/09/14 23:00:00+00,Thu 15 Sep 2022,51,36,0,3861139,3815388,241213,4102352,4056601,80.4346628357276,79.537624683127,324
-7.6926,53.28823,2022/09/15 23:00:00+00,Fri 16 Sep 2022,38,56,0,3861177,3815444,241213,4102390,4056657,80.4354079003119,79.5387226730408,325
-7.6926,53.28823,2022/09/16 23:00:00+00,Sat 17 Sep 2022,66,149,0,3861243,3815593,241213,4102456,4056806,80.4367019598532,79.5416441104899,326
-7.6926,53.28823,2022/09/17 23:00:00+00,Sun 18 Sep 2022,30,53,0,3861273,3815646,241213,4102486,4056859,80.4372901687356,79.5426832795155,327
-7.6926,53.28823,2022/09/18 23:00:00+00,Mon 19 Sep 2022,11,11,0,3861284,3815657,241213,4102497,4056870,80.4375058453258,79.5428989561057,328
-7.6926,53.28823,2022/09/19 23:00:00+00,Tue 20 Sep 2022,39,37,0,3861323,3815694,241213,4102536,4056907,80.4382705168729,79.5436244137273,329
-7.6926,53.28823,2022/09/20 23:00:00+00,Wed 21 Sep 2022,42,32,0,3861365,3815726,241213,4102578,4056939,80.4390940093082,79.5442518365352,330
-7.6926,53.28823,2022/09/21 23:00:00+00,Thu 22 Sep 2022,59,34,0,3861424,3815760,241213,4102637,4056973,80.4402508201102,79.5449184732686,331
-7.6926,53.28823,2022/09/22 23:00:00+00,Fri 23 Sep 2022,38,39,0,3861462,3815799,241213,4102675,4057012,80.4409958846946,79.5456831448157,332
-7.6926,53.28823,2022/09/23 23:00:00+00,Sat 24 Sep 2022,56,104,0,3861518,3815903,241213,4102731,4057116,80.4420938746084,79.5477222689413,333
-7.6926,53.28823,2022/09/24 23:00:00+00,Sun 25 Sep 2022,42,75,0,3861560,3815978,241213,4102773,4057191,80.4429173670437,79.5491927911472,334
-7.6926,53.28823,2022/09/25 23:00:00+00,Mon 26 Sep 2022,23,10,0,3861583,3815988,241213,4102796,4057201,80.4433683271869,79.5493888607747,335
-7.6926,53.28823,2022/09/26 23:00:00+00,Tue 27 Sep 2022,28,33,2,3861611,3816021,241215,4102826,4057236,80.4439565360693,79.5500751044708,336
-7.6926,53.28823,2022/09/27 23:00:00+00,Wed 28 Sep 2022,28,28,0,3861639,3816049,241215,4102854,4057264,80.4445055310262,79.5506240994277,337
-7.6926,53.28823,2022/09/28 23:00:00+00,Thu 29 Sep 2022,30,23,0,3861669,3816072,241215,4102884,4057287,80.4450937399085,79.5510750595708,338
-7.6926,53.28823,2022/09/29 23:00:00+00,Fri 30 Sep 2022,37,58,0,3861706,3816130,241215,4102921,4057345,80.4458191975302,79.5522122634101,339
-7.6926,53.28823,2022/09/30 23:00:00+00,Sat 01 Oct 2022,51,106,0,3861757,3816236,241215,4102972,4057451,80.4468191526302,79.5542906014612,340
-7.6926,53.28823,2022/10/01 23:00:00+00,Sun 02 Oct 2022,26,47,0,3861783,3816283,241215,4102998,4057498,80.4473289336616,79.5552121287103,341
-7.6926,53.28823,2022/10/02 23:00:00+00,Mon 03 Oct 2022,10,1,0,3861793,3816284,241215,4103008,4057499,80.4475250032891,79.555231735673,342
-7.6926,53.28823,2022/10/03 23:00:00+00,Tue 04 Oct 2022,17,17,0,3861810,3816301,241215,4103025,4057516,80.4478583216558,79.5555650540397,343
-7.6926,53.28823,2022/10/04 23:00:00+00,Wed 05 Oct 2022,36,37,0,3861846,3816338,241215,4103061,4057553,80.4485641723146,79.5562905116613,344
-7.6926,53.28823,2022/10/05 23:00:00+00,Thu 06 Oct 2022,46,27,0,3861892,3816365,241215,4103107,4057580,80.4494660926009,79.5568198996555,345
-7.6926,53.28823,2022/10/06 23:00:00+00,Fri 07 Oct 2022,63,40,0,3861955,3816405,241215,4103170,4057620,80.450701331254,79.5576041781653,346
-7.6926,53.28823,2022/10/07 23:00:00+00,Sat 08 Oct 2022,97,102,0,3862052,3816507,241215,4103267,4057722,80.4526032066403,79.5596040883654,347
-7.6926,53.28823,2022/10/08 23:00:00+00,Sun 09 Oct 2022,37,29,0,3862089,3816536,241215,4103304,4057751,80.4533286642619,79.5601726902851,348
-7.6926,53.28823,2022/10/09 23:00:00+00,Mon 10 Oct 2022,5,3,0,3862094,3816539,241215,4103309,4057754,80.4534266990757,79.5602315111733,349
-7.6926,53.28823,2022/10/10 23:00:00+00,Tue 11 Oct 2022,41,16,0,3862135,3816555,241215,4103350,4057770,80.4542305845483,79.5605452225773,350
-7.6926,53.28823,2022/10/11 23:00:00+00,Wed 12 Oct 2022,38,36,0,3862173,3816591,241215,4103388,4057806,80.4549756491326,79.5612510732361,351
-7.6926,53.28823,2022/10/12 23:00:00+00,Thu 13 Oct 2022,54,29,0,3862227,3816620,241215,4103442,4057835,80.4560344251209,79.5618196751558,352
-7.6926,53.28823,2022/10/13 23:00:00+00,Fri 14 Oct 2022,76,21,0,3862303,3816641,241215,4103518,4057856,80.4575245542896,79.5622314213734,353
-7.6926,53.28823,2022/10/14 23:00:00+00,Sat 15 Oct 2022,93,120,0,3862396,3816761,241215,4103611,4057976,80.459348001825,79.564584256903,354
-7.6926,53.28823,2022/10/15 23:00:00+00,Sun 16 Oct 2022,26,37,1,3862422,3816798,241216,4103638,4058014,80.4598773898192,79.5653293214873,355
-7.6926,53.28823,2022/10/16 23:00:00+00,Mon 17 Oct 2022,26,3,0,3862448,3816801,241216,4103664,4058017,80.4603871708506,79.5653881423756,356
-7.6926,53.28823,2022/10/17 23:00:00+00,Tue 18 Oct 2022,56,17,0,3862504,3816818,241216,4103720,4058034,80.4614851607643,79.5657214607423,357
-7.6926,53.28823,2022/10/18 23:00:00+00,Wed 19 Oct 2022,51,40,0,3862555,3816858,241216,4103771,4058074,80.4624851158644,79.5665057392521,358
-7.6926,53.28823,2022/10/19 23:00:00+00,Thu 20 Oct 2022,56,10,0,3862611,3816868,241216,4103827,4058084,80.4635831057782,79.5667018088796,359
-7.6926,53.28823,2022/10/20 23:00:00+00,Fri 21 Oct 2022,41,21,0,3862652,3816889,241216,4103868,4058105,80.4643869912508,79.5671135550972,360
-7.6926,53.28823,2022/10/21 23:00:00+00,Sat 22 Oct 2022,88,58,0,3862740,3816947,241216,4103956,4058163,80.4661124039724,79.5682507589365,361
-7.6926,53.28823,2022/10/22 23:00:00+00,Sun 23 Oct 2022,79,48,0,3862819,3816995,241216,4104035,4058211,80.4676613540294,79.5691918931483,362
-7.6926,53.28823,2022/10/23 23:00:00+00,Mon 24 Oct 2022,27,4,0,3862846,3816999,241216,4104062,4058215,80.4681907420236,79.5692703209993,363
-7.6926,53.28823,2022/10/24 23:00:00+00,Tue 25 Oct 2022,36,22,0,3862882,3817021,241216,4104098,4058237,80.4688965926824,79.5697016741797,364
-7.6926,53.28823,2022/10/25 23:00:00+00,Wed 26 Oct 2022,24,23,0,3862906,3817044,241216,4104122,4058260,80.4693671597883,79.5701526343229,365
-7.6926,53.28823,2022/10/26 23:00:00+00,Thu 27 Oct 2022,50,35,0,3862956,3817079,241216,4104172,4058295,80.4703475079256,79.570838878019,366
-7.6926,53.28823,2022/10/27 23:00:00+00,Fri 28 Oct 2022,22,19,0,3862978,3817098,241216,4104194,4058314,80.470778861106,79.5712114103112,367
-7.6926,53.28823,2022/10/28 23:00:00+00,Sat 29 Oct 2022,87,64,0,3863065,3817162,241216,4104281,4058378,80.472484666865,79.5724662559269,368
-7.6926,53.28823,2022/10/29 23:00:00+00,Sun 30 Oct 2022,11,6,0,3863076,3817168,241216,4104292,4058384,80.4727003434552,79.5725838977034,369
-7.6926,53.28823,2022/11/01 00:00:00+00,Tue 01 Nov 2022,43,25,0,3863119,3817193,241216,4104335,4058409,80.4735434428533,79.5730740717721,370
-7.6926,53.28823,2022/11/02 00:00:00+00,Wed 02 Nov 2022,62,13,0,3863181,3817206,241216,4104397,4058422,80.4747590745435,79.5733289622878,371
-7.6926,53.28823,2022/11/03 00:00:00+00,Thu 03 Nov 2022,45,28,0,3863226,3817234,241216,4104442,4058450,80.4756413878671,79.5738779572447,372
-7.6926,53.28823,2022/11/04 00:00:00+00,Fri 04 Nov 2022,33,22,0,3863259,3817256,241216,4104475,4058472,80.4762884176377,79.5743093104251,373
-7.6926,53.28823,2022/11/05 00:00:00+00,Sat 05 Nov 2022,35,54,0,3863294,3817310,241216,4104510,4058526,80.4769746613338,79.5753680864134,374
-7.6926,53.28823,2022/11/06 00:00:00+00,Sun 06 Nov 2022,56,78,0,3863350,3817388,241216,4104566,4058604,80.4780726512476,79.5768974295076,375
-7.6926,53.28823,2022/11/07 00:00:00+00,Mon 07 Nov 2022,17,3,0,3863367,3817391,241216,4104583,4058607,80.4784059696143,79.5769562503958,376
-7.6926,53.28823,2022/11/08 00:00:00+00,Tue 08 Nov 2022,17,32,0,3863384,3817423,241216,4104600,4058639,80.478739287981,79.5775836732037,377
-7.6926,53.28823,2022/11/09 00:00:00+00,Wed 09 Nov 2022,36,32,0,3863420,3817455,241216,4104636,4058671,80.4794451386398,79.5782110960116,378
-7.6926,53.28823,2022/11/10 00:00:00+00,Thu 10 Nov 2022,25,15,0,3863445,3817470,241216,4104661,4058686,80.4799353127085,79.5785052004528,379
-7.6926,53.28823,2022/11/11 00:00:00+00,Fri 11 Nov 2022,25,15,0,3863470,3817485,241216,4104686,4058701,80.4804254867772,79.5787993048939,380
-7.6926,53.28823,2022/11/12 00:00:00+00,Sat 12 Nov 2022,70,87,0,3863540,3817572,241216,4104756,4058788,80.4817979741694,79.5805051106529,381
-7.6926,53.28823,2022/11/13 00:00:00+00,Sun 13 Nov 2022,40,62,1,3863580,3817634,241217,4104797,4058851,80.482601859642,79.5817403493059,382
-7.6926,53.28823,2022/11/14 00:00:00+00,Mon 14 Nov 2022,4,2,0,3863584,3817636,241217,4104801,4058853,80.482680287493,79.5817795632314,383
-7.6926,53.28823,2022/11/15 00:00:00+00,Tue 15 Nov 2022,18,8,0,3863602,3817644,241217,4104819,4058861,80.4830332128224,79.5819364189333,384
-7.6926,53.28823,2022/11/16 00:00:00+00,Wed 16 Nov 2022,28,20,0,3863630,3817664,241217,4104847,4058881,80.4835822077793,79.5823285581883,385
-7.6926,53.28823,2022/11/17 00:00:00+00,Thu 17 Nov 2022,29,9,1,3863659,3817673,241218,4104877,4058891,80.4841704166617,79.5825246278157,386
-7.6926,53.28823,2022/11/18 00:00:00+00,Fri 18 Nov 2022,16,22,0,3863675,3817695,241218,4104893,4058913,80.4844841280656,79.5829559809961,387
-7.6926,53.28823,2020/12/28 00:00:00+00,Mon 28 Dec 2020,298,23,4,298,23,4,302,27,0.00592130274934714,0.000529387994146929,388
-7.6926,53.28823,2022/04/23 23:00:00+00,Sun 24 Apr 2022,181,252,0,3848713,3795013,241193,4089906,4036206,80.1906345773886,79.1377406779186,389
-7.6926,53.28823,2022/04/24 23:00:00+00,Mon 25 Apr 2022,41,60,1,3848754,3795073,241194,4089948,4036267,80.1914580698239,79.1389367026461,390
-7.6926,53.28823,2022/04/25 23:00:00+00,Tue 26 Apr 2022,144,238,0,3848898,3795311,241194,4090092,4036505,80.1942814724594,79.1436031597797,391
-7.6926,53.28823,2022/04/26 23:00:00+00,Wed 27 Apr 2022,123,207,0,3849021,3795518,241194,4090215,4036712,80.1966931288771,79.1476618010682,392
-7.6926,53.28823,2022/04/27 23:00:00+00,Thu 28 Apr 2022,100,130,0,3849121,3795648,241194,4090315,4036842,80.1986538251518,79.1502107062252,393
-7.6926,53.28823,2022/04/28 23:00:00+00,Fri 29 Apr 2022,169,222,0,3849290,3795870,241194,4090484,4037064,80.2019674018559,79.1545634519548,394
-7.6926,53.28823,2022/04/29 23:00:00+00,Sat 30 Apr 2022,281,724,0,3849571,3796594,241194,4090765,4037788,80.2074769583876,79.168758892983,395
-7.6926,53.28823,2022/04/30 23:00:00+00,Sun 01 May 2022,187,748,0,3849758,3797342,241194,4090952,4038536,80.2111434604211,79.1834249011172,396
-7.6926,53.28823,2022/05/01 23:00:00+00,Mon 02 May 2022,12,26,0,3849770,3797368,241194,4090964,4038562,80.2113787439741,79.1839346821486,397
-7.6926,53.28823,2022/05/02 23:00:00+00,Tue 03 May 2022,96,117,0,3849866,3797485,241194,4091060,4038679,80.2132610123977,79.1862286967899,398
-7.6926,53.28823,2021/05/11 23:00:00+00,Wed 12 May 2021,31325,20940,176,1505299,583258,1219,1506518,584477,29.5382423024535,11.4598187650006,399
-7.6926,53.28823,2022/05/03 23:00:00+00,Wed 04 May 2022,113,129,0,3849979,3797614,241194,4091173,4038808,80.215476599188,79.1887579949841,400
-7.6926,53.28823,2021/05/12 23:00:00+00,Thu 13 May 2021,36025,25491,153,1541324,608749,1372,1542696,610121,30.2475830006849,11.9626197176637,401
-7.6926,53.28823,2022/05/04 23:00:00+00,Thu 05 May 2022,112,166,0,3850091,3797780,241194,4091285,4038974,80.2176725790156,79.1920127508,402
-7.6926,53.28823,2021/05/13 23:00:00+00,Fri 14 May 2021,38251,27960,237,1579575,636709,1609,1581184,638318,31.0022157828599,12.5154772462178,403
-7.6926,53.28823,2022/05/05 23:00:00+00,Fri 06 May 2022,138,257,0,3850229,3798037,241194,4091423,4039231,80.2203783398745,79.1970517402258,404
-7.6926,53.28823,2021/05/14 23:00:00+00,Sat 15 May 2021,28895,12471,22,1608470,649180,1631,1610101,650811,31.5691903245913,12.7604270318058,405
-7.6926,53.28823,2022/05/06 23:00:00+00,Sat 07 May 2022,441,1088,0,3850670,3799125,241194,4091864,4040319,80.2290250104456,79.2183841156936,406
-7.6926,53.28823,2021/05/15 23:00:00+00,Sun 16 May 2021,23200,1188,11,1631670,650368,1642,1633312,652010,32.024287536893,12.7839357801385,407
-7.6926,53.28823,2022/05/07 23:00:00+00,Sun 08 May 2022,274,437,0,3850944,3799562,241194,4092138,4040756,80.2343973182381,79.2269523584137,408
-7.6926,53.28823,2021/05/16 23:00:00+00,Mon 17 May 2021,35412,3967,120,1667082,654335,1762,1668844,656097,32.7209621371903,12.8640694368821,409
-7.6926,53.28823,2022/05/08 23:00:00+00,Mon 09 May 2022,24,32,0,3850968,3799594,241194,4092162,4040788,80.234867885344,79.2275797812216,410
-7.6926,53.28823,2021/05/17 23:00:00+00,Tue 18 May 2021,39051,12518,127,1706133,666853,1889,1708022,668742,33.4891237236602,13.1119994808076,411
-7.6926,53.28823,2022/05/09 23:00:00+00,Tue 10 May 2022,81,99,1,3851049,3799693,241195,4092244,4040888,80.2364756562892,79.2295404774962,412
-7.6926,53.28823,2021/05/18 23:00:00+00,Wed 19 May 2021,37056,17621,212,1743189,684474,2101,1745290,686575,34.219836011285,13.4616504474603,413
-7.6926,53.28823,2022/05/10 23:00:00+00,Wed 11 May 2022,112,132,0,3851161,3799825,241195,4092356,4041020,80.2386716361167,79.2321285965787,414
-7.6926,53.28823,2021/05/19 23:00:00+00,Thu 20 May 2021,39122,19647,138,1782311,704121,2239,1784550,706360,34.9896053687001,13.8495742053935,415
-7.6926,53.28823,2022/05/11 23:00:00+00,Thu 12 May 2022,207,398,0,3851368,3800223,241195,4092563,4041418,80.2427302774052,79.2399321677517,416
-7.6926,53.28823,2021/05/20 23:00:00+00,Fri 21 May 2021,25870,23270,14937,1808181,727391,17176,1825357,744567,35.7897066974836,14.5986974310369,417
-7.6926,53.28823,2022/05/12 23:00:00+00,Fri 13 May 2022,173,327,0,3851541,3800550,241195,4092736,4041745,80.2461222819603,79.2463436445697,418
-7.6926,53.28823,2021/05/21 23:00:00+00,Sat 22 May 2021,16621,10264,13524,1824802,737655,30700,1855502,768355,36.3807585894673,15.0651078608431,419
-7.6926,53.28823,2022/05/13 23:00:00+00,Sat 14 May 2022,333,633,0,3851874,3801183,241195,4093069,4042378,80.2526514005548,79.258754851988,420
-7.6926,53.28823,2021/05/22 23:00:00+00,Sun 23 May 2021,8239,5544,10205,1833041,743199,40905,1873946,784104,36.7423894103579,15.3738979171327,421
-7.6926,53.28823,2022/05/14 23:00:00+00,Sun 15 May 2022,168,254,0,3852042,3801437,241195,4093237,4042632,80.2559453702961,79.2637350205255,422
-7.6926,53.28823,2021/05/23 23:00:00+00,Mon 24 May 2021,22580,8254,8453,1855621,751453,49358,1904979,800811,37.3508522852601,15.7014714437332,423
-7.6926,53.28823,2022/05/15 23:00:00+00,Mon 16 May 2022,31,41,0,3852073,3801478,241195,4093268,4042673,80.2565531861413,79.2645389059981,424
-7.6926,53.28823,2021/05/24 23:00:00+00,Tue 25 May 2021,30391,16533,3225,1886012,767986,52583,1938595,820569,38.0099599449358,16.0888658136723,425
-7.6926,53.28823,2022/05/16 23:00:00+00,Tue 17 May 2022,97,101,0,3852170,3801579,241195,4093365,4042774,80.2584550615276,79.2665192092355,426
-7.6926,53.28823,2021/05/25 23:00:00+00,Wed 26 May 2021,20009,25492,3055,1906021,793478,55638,1961659,849116,38.4621749337138,16.6485857791876,427
-7.6926,53.28823,2022/05/17 23:00:00+00,Wed 18 May 2022,99,123,0,3852269,3801702,241195,4093464,4042897,80.2603961508395,79.2689308656533,428
-7.6926,53.28823,2021/05/26 23:00:00+00,Thu 27 May 2021,17048,36072,550,1923069,829550,56188,1979257,885738,38.8072182641211,17.3666319688783,429
-7.6926,53.28823,2022/05/18 23:00:00+00,Thu 19 May 2022,73,107,0,3852342,3801809,241195,4093537,4043004,80.26182745912,79.2710288106671,430
-7.6926,53.28823,2021/05/27 23:00:00+00,Fri 28 May 2021,27074,31852,1562,1950143,861402,57750,2007893,919152,39.3686832493208,18.0217790220792,431
-7.6926,53.28823,2021/05/28 23:00:00+00,Sat 29 May 2021,24516,7408,538,1974659,868810,58288,2032947,927098,39.8599160939636,18.1775759480604,432
-7.6926,53.28823,2021/05/29 23:00:00+00,Sun 30 May 2021,24278,1697,210,1998937,870507,58498,2057435,929005,40.3400513976921,18.2149664260173,433
-7.6926,53.28823,2021/05/30 23:00:00+00,Mon 31 May 2021,22626,7325,3445,2021563,877832,61943,2083506,939775,40.8512245234479,18.4261334147937,434
-7.6926,53.28823,2021/05/31 23:00:00+00,Tue 01 Jun 2021,27652,11543,3657,2049215,889375,65600,2114815,954975,41.4650989200681,18.7241592485357,435
-7.6926,53.28823,2021/06/01 23:00:00+00,Wed 02 Jun 2021,18738,20925,4010,2067953,910300,69610,2137563,979910,41.9111181086183,19.2130588646118,436
-7.6926,53.28823,2021/06/02 23:00:00+00,Thu 03 Jun 2021,16730,30720,1978,2084683,941020,71588,2156271,1012608,42.2779251676738,19.8541673324864,437
-7.6926,53.28823,2021/06/03 23:00:00+00,Fri 04 Jun 2021,29034,23358,155,2113717,964378,71743,2185460,1036121,42.8502328032722,20.3151858475374,438
-7.6926,53.28823,2021/06/04 23:00:00+00,Sat 05 Jun 2021,20996,11514,37,2134713,975892,71780,2206493,1047672,43.2626260507126,20.5416658742186,439
-7.6926,53.28823,2021/06/05 23:00:00+00,Sun 06 Jun 2021,19976,3927,47,2154689,979819,71827,2226516,1051646,43.6552162657794,20.6195839441719,440
-7.6926,53.28823,2021/06/06 23:00:00+00,Mon 07 Jun 2021,19862,4617,48,2174551,984436,71875,2246426,1056311,44.0455908940559,20.7110504253829,441
-7.6926,53.28823,2021/06/07 23:00:00+00,Tue 08 Jun 2021,26450,18360,48,2201001,1002796,71923,2272924,1074719,44.5651361929043,21.0719753956146,442
-7.6926,53.28823,2021/06/08 23:00:00+00,Wed 09 Jun 2021,32851,20142,178,2233852,1022938,72101,2305953,1095039,45.2127345654479,21.470388878617,443
-7.6926,53.28823,2021/06/09 23:00:00+00,Thu 10 Jun 2021,27733,27516,273,2261585,1050454,72374,2333959,1122828,45.7618471641175,22.0152467663707,444
-7.6926,53.28823,2021/06/10 23:00:00+00,Fri 11 Jun 2021,26486,32923,44,2288071,1083377,72418,2360489,1155795,46.2820198857738,22.6616295072241,445
-7.6926,53.28823,2021/06/11 23:00:00+00,Sat 12 Jun 2021,12243,19743,105,2300314,1103120,72523,2372837,1175643,46.5241266617636,23.0507885038103,446
-7.6926,53.28823,2021/06/12 23:00:00+00,Sun 13 Jun 2021,8566,18189,835,2308880,1121309,73358,2382238,1194667,46.7084517185405,23.4237913630937,447
-7.6926,53.28823,2021/06/13 23:00:00+00,Mon 14 Jun 2021,16051,31330,55,2324931,1152639,73413,2398344,1226052,47.0242414605305,24.0391558888826,448
-7.6926,53.28823,2021/06/14 23:00:00+00,Tue 15 Jun 2021,14744,41611,207,2339675,1194250,73620,2413295,1267870,47.3173851605487,24.8590798570025,449
-7.6926,53.28823,2021/06/15 23:00:00+00,Wed 16 Jun 2021,13511,48412,220,2353186,1242662,73840,2427026,1316502,47.5866083660165,25.8126056692749,450
-7.6926,53.28823,2021/06/16 23:00:00+00,Thu 17 Jun 2021,21607,42712,536,2374793,1285374,74376,2449169,1359750,48.0207653421052,26.6605675941218,451
-7.6926,53.28823,2021/06/17 23:00:00+00,Fri 18 Jun 2021,12039,50049,555,2386832,1335423,74931,2461763,1410354,48.2676954309307,27.6527583369296,452
-7.6926,53.28823,2021/06/18 23:00:00+00,Sat 19 Jun 2021,6349,32829,434,2393181,1368252,75365,2468546,1443617,48.400689459238,28.3049447387559,453
-7.6926,53.28823,2021/06/19 23:00:00+00,Sun 20 Jun 2021,8542,26158,178,2401723,1394410,75543,2477266,1469953,48.5716621743847,28.8213137096393,454
-7.6926,53.28823,2021/06/20 23:00:00+00,Mon 21 Jun 2021,15519,32365,575,2417242,1426775,76118,2493360,1502893,48.8872166328218,29.4671670624986,455
-7.6926,53.28823,2021/06/21 23:00:00+00,Tue 22 Jun 2021,15173,43578,723,2432415,1470353,76841,2509256,1547194,49.1988889126351,30.3357751191172,456
-7.6926,53.28823,2021/06/22 23:00:00+00,Wed 23 Jun 2021,20109,39417,887,2452524,1509770,77728,2530252,1587498,49.6105567024539,31.1260141456393,457
-7.6926,53.28823,2021/06/23 23:00:00+00,Thu 24 Jun 2021,19056,44288,1033,2471580,1554058,78761,2550341,1632819,50.004440977062,32.0146213042591,458
-7.6926,53.28823,2021/06/24 23:00:00+00,Fri 25 Jun 2021,15238,50143,844,2486818,1604201,79605,2566423,1683806,50.3197601519461,33.0143215137987,459
-7.6926,53.28823,2021/06/25 23:00:00+00,Sat 26 Jun 2021,9095,30599,513,2495913,1634800,80118,2576031,1714918,50.5081438500114,33.6243333387579,460
-7.6926,53.28823,2021/06/26 23:00:00+00,Sun 27 Jun 2021,8750,30497,59,2504663,1665297,80177,2584840,1745474,50.6808615848426,34.2234436924303,461
-7.6926,53.28823,2021/06/27 23:00:00+00,Mon 28 Jun 2021,24259,24685,528,2528922,1689982,80705,2609627,1770687,51.1668593704322,34.7177940441498,462
-7.6926,53.28823,2021/06/28 23:00:00+00,Tue 29 Jun 2021,28168,31075,812,2557090,1721057,81517,2638607,1802574,51.7350691508166,35.3430012652373,463
-7.6926,53.28823,2021/06/29 23:00:00+00,Wed 30 Jun 2021,22615,36910,593,2579705,1757967,82110,2661815,1840077,52.19010754223,36.0783211891074,464
-7.6926,53.28823,2021/06/30 23:00:00+00,Thu 01 Jul 2021,15079,48344,644,2594784,1806311,82754,2677538,1889065,52.4983878174882,37.0388270801174,465
-7.6926,53.28823,2021/07/01 23:00:00+00,Fri 02 Jul 2021,13718,47309,819,2608502,1853620,83573,2692075,1937193,52.7834142349295,37.9824709831657,466
-7.6926,53.28823,2021/07/02 23:00:00+00,Sat 03 Jul 2021,9337,30507,507,2617839,1884127,84080,2701919,1968207,52.9764251762029,38.5905613257758,467
-7.6926,53.28823,2021/07/03 23:00:00+00,Sun 04 Jul 2021,6469,27797,233,2624308,1911924,84313,2708621,1996237,53.1078310405278,39.1401444915513,468
-7.6926,53.28823,2021/07/04 23:00:00+00,Mon 05 Jul 2021,15654,33498,5344,2639962,1945422,89657,2729619,2035079,53.5195380442721,39.9017181385385,469
-7.6926,53.28823,2021/07/05 23:00:00+00,Tue 06 Jul 2021,12425,48325,5491,2652387,1993747,95148,2747535,2088895,53.8708163888327,40.956886445687,470
-7.6926,53.28823,2021/07/06 23:00:00+00,Wed 07 Jul 2021,19730,43796,5061,2672117,2037543,100209,2772326,2137752,54.3568926022733,41.9148238245773,471
-7.6926,53.28823,2021/07/07 23:00:00+00,Thu 08 Jul 2021,17814,45634,6003,2689931,2083177,106212,2796143,2189389,54.8238716339992,42.9272685599019,472
-7.6926,53.28823,2021/07/08 23:00:00+00,Fri 09 Jul 2021,13543,45127,6534,2703474,2128304,112746,2816220,2241050,55.2175206250543,43.9401838623325,473
-7.6926,53.28823,2021/07/09 23:00:00+00,Sat 10 Jul 2021,8667,23902,4365,2712141,2152206,117111,2829252,2269317,55.4730385635625,44.4944138782788,474
-7.6926,53.28823,2021/07/10 23:00:00+00,Sun 11 Jul 2021,15250,16136,2153,2727391,2168342,119264,2846655,2287606,55.8142585362343,44.8530056199437,475
-7.6926,53.28823,2021/07/11 23:00:00+00,Mon 12 Jul 2021,17140,31792,6095,2744531,2200134,125359,2869890,2325493,56.2698263156419,45.5958546175084,476
-7.6926,53.28823,2021/07/12 23:00:00+00,Tue 13 Jul 2021,20128,36602,8490,2764659,2236736,133849,2898508,2370585,56.8309383755122,46.4799717816592,477
-7.6926,53.28823,2021/07/13 23:00:00+00,Wed 14 Jul 2021,20812,35746,9335,2785471,2272482,143184,2928655,2415666,57.4220294814213,47.3638732692199,478
-7.6926,53.28823,2021/07/14 23:00:00+00,Thu 15 Jul 2021,23681,28875,9588,2809152,2301357,152772,2961924,2454129,58.0743335250241,48.1180158773263,479
-7.6926,53.28823,2021/07/15 23:00:00+00,Fri 16 Jul 2021,23536,27458,9169,2832688,2328815,161941,2994629,2490756,58.715579241638,48.8361601018307,480
-7.6926,53.28823,2021/07/16 23:00:00+00,Sat 17 Jul 2021,11525,19459,4681,2844213,2348274,166622,3010835,2514896,59.0333296799026,49.3094721825236,481
-7.6926,53.28823,2021/07/17 23:00:00+00,Sun 18 Jul 2021,16879,15843,1934,2861092,2364117,168556,3029648,2532673,59.4021954700465,49.6580251592625,482
-7.6926,53.28823,2021/07/18 23:00:00+00,Mon 19 Jul 2021,24927,18474,6254,2886019,2382591,174810,3060829,2557401,60.0135601754353,50.1428661340501,483
-7.6926,53.28823,2021/07/19 23:00:00+00,Tue 20 Jul 2021,30617,18213,7700,2916636,2400804,182510,3099146,2583314,60.7648401669807,50.6509413596919,484
-7.6926,53.28823,2021/07/20 23:00:00+00,Wed 21 Jul 2021,30387,19868,6895,2947023,2420672,189405,3136428,2610077,61.4958269520839,51.175682503668,485
-7.6926,53.28823,2021/07/21 23:00:00+00,Thu 22 Jul 2021,33563,15956,6938,2980586,2436628,196343,3176929,2632971,62.2899285502671,51.6245643087791,486
-7.6926,53.28823,2021/07/22 23:00:00+00,Fri 23 Jul 2021,27109,20873,5616,3007695,2457501,201959,3209654,2659460,62.9315664061359,52.1439331449627,487
-7.6926,53.28823,2021/07/23 23:00:00+00,Sat 24 Jul 2021,15459,14834,2277,3023154,2472335,204236,3227390,2676571,63.2793154974022,52.4794278845126,488
-7.6926,53.28823,2021/07/24 23:00:00+00,Sun 25 Jul 2021,14747,13663,1046,3037901,2485998,205282,3243183,2691280,63.5889682600526,52.7678266995462,489
-7.6926,53.28823,2021/07/25 23:00:00+00,Mon 26 Jul 2021,23871,18343,3422,3061772,2504341,208704,3270476,2713045,64.1241010942842,53.1945722437169,490
-7.6926,53.28823,2021/07/26 23:00:00+00,Tue 27 Jul 2021,25540,23942,3672,3087312,2528283,212376,3299688,2740659,64.6968596900257,53.73599891299,491
-7.6926,53.28823,2021/07/27 23:00:00+00,Wed 28 Jul 2021,23458,25326,3265,3110770,2553609,215641,3326411,2769250,65.2208165554919,54.2965815848661,492
-7.6926,53.28823,2021/07/28 23:00:00+00,Thu 29 Jul 2021,19307,27901,2966,3130077,2581510,218607,3348684,2800117,65.6575224367377,54.9017897039525,493
-7.6926,53.28823,2021/07/29 23:00:00+00,Fri 30 Jul 2021,21979,22979,2125,3152056,2604489,220732,3372788,2825221,66.1301286667716,55.3940028967327,494
-7.6926,53.28823,2021/07/30 23:00:00+00,Sat 31 Jul 2021,13769,12516,907,3165825,2617005,221639,3387464,2838644,66.4178804520346,55.6571871576747,495
-7.6926,53.28823,2021/07/31 23:00:00+00,Sun 01 Aug 2021,11167,9370,369,3176992,2626375,222008,3399000,2848383,66.6440663742746,55.8481393678598,496
-7.6926,53.28823,2021/08/01 23:00:00+00,Mon 02 Aug 2021,15047,16076,431,3192039,2642451,222439,3414478,2864890,66.94754294366,56.171791501911,497
-7.6926,53.28823,2021/08/02 23:00:00+00,Tue 03 Aug 2021,17366,25471,1111,3209405,2667922,223550,3432955,2891472,67.3098207943212,56.69298378563,498
-7.6926,53.28823,2021/08/03 23:00:00+00,Wed 04 Aug 2021,22148,17346,1576,3231553,2685268,225126,3456679,2910394,67.7749763785116,57.0639867347133,499
-7.6926,53.28823,2021/08/04 23:00:00+00,Thu 05 Aug 2021,13562,30084,1421,3245115,2715352,226547,3471662,2941899,68.0687475013377,57.6817040960318,500
-7.6926,53.28823,2021/08/05 23:00:00+00,Fri 06 Aug 2021,12242,24780,949,3257357,2740132,227496,3484853,2967628,68.3273829469226,58.1861716405283,501
-7.6926,53.28823,2021/08/06 23:00:00+00,Sat 07 Aug 2021,6351,8493,585,3263708,2748625,228081,3491789,2976706,68.4633768405301,58.3641636483381,502
-7.6926,53.28823,2021/08/07 23:00:00+00,Sun 08 Aug 2021,8636,12007,153,3272344,2760632,228234,3500578,2988866,68.6357024361063,58.6025843153317,503
-7.6926,53.28823,2021/08/08 23:00:00+00,Mon 09 Aug 2021,5573,23060,601,3277917,2783692,228835,3506752,3012527,68.7567558241012,59.0665046608691,504
-7.6926,53.28823,2021/08/09 23:00:00+00,Tue 10 Aug 2021,9387,26045,718,3287304,2809737,229553,3516857,3039290,68.9548841826514,59.5912458048452,505
-7.6926,53.28823,2021/08/10 23:00:00+00,Wed 11 Aug 2021,7046,31260,668,3294350,2840997,230221,3524571,3071218,69.1061322932755,60.2172569114054,506
-7.6926,53.28823,2021/08/11 23:00:00+00,Thu 12 Aug 2021,6799,38324,865,3301149,2879321,231086,3532235,3110407,69.2564000557622,60.9856341744655,507
-7.6926,53.28823,2021/08/12 23:00:00+00,Fri 13 Aug 2021,10957,28253,875,3312106,2907574,231961,3544067,3139535,69.488389638975,61.5567457853363,508
-7.6926,53.28823,2021/08/13 23:00:00+00,Sat 14 Aug 2021,18156,5866,281,3330262,2913440,232242,3562504,3145682,69.8498832111264,61.6772697853371,509
-7.6926,53.28823,2020/12/29 00:00:00+00,Tue 29 Dec 2020,81,3,0,379,26,4,383,30,0.00750946673178793,0.000588208882385477,510
-7.6926,53.28823,2022/05/19 23:00:00+00,Fri 20 May 2022,128,210,0,3852470,3802019,241195,4093665,4043214,80.2643371503515,79.2751462728438,511
-7.6926,53.28823,2022/05/20 23:00:00+00,Sat 21 May 2022,392,762,0,3852862,3802781,241195,4094057,4043976,80.272023079748,79.2900867784564,512
-7.6926,53.28823,2022/05/21 23:00:00+00,Sun 22 May 2022,234,410,0,3853096,3803191,241195,4094291,4044386,80.2766111090306,79.2981256331824,513
-7.6926,53.28823,2022/05/22 23:00:00+00,Mon 23 May 2022,26,35,0,3853122,3803226,241195,4094317,4044421,80.277120890062,79.2988118768785,514
-7.6926,53.28823,2022/05/23 23:00:00+00,Tue 24 May 2022,65,83,0,3853187,3803309,241195,4094382,4044504,80.2783953426405,79.3004392547864,515
-7.6926,53.28823,2022/05/24 23:00:00+00,Wed 25 May 2022,87,133,1,3853274,3803442,241196,4094470,4044638,80.2801207553622,79.3030665877944,516
-7.6926,53.28823,2022/05/25 23:00:00+00,Thu 26 May 2022,99,155,0,3853373,3803597,241196,4094569,4044793,80.282061844674,79.30610566702,517
-7.6926,53.28823,2022/05/26 23:00:00+00,Fri 27 May 2022,95,152,1,3853468,3803749,241197,4094665,4044946,80.2839441130977,79.3091055323202,518
-7.6926,53.28823,2022/05/27 23:00:00+00,Sat 28 May 2022,335,580,0,3853803,3804329,241197,4095000,4045526,80.2905124456176,79.320477570713,519
-7.6926,53.28823,2022/05/28 23:00:00+00,Sun 29 May 2022,181,349,0,3853984,3804678,241197,4095181,4045875,80.2940613058747,79.3273204007114,520
-7.6926,53.28823,2022/05/29 23:00:00+00,Mon 30 May 2022,9,24,0,3853993,3804702,241197,4095190,4045899,80.2942377685394,79.3277909678173,521
-7.6926,53.28823,2022/05/30 23:00:00+00,Tue 31 May 2022,65,80,2,3854058,3804782,241199,4095257,4045981,80.2955514350434,79.3293987387625,522
-7.6926,53.28823,2022/05/31 23:00:00+00,Wed 01 Jun 2022,73,102,0,3854131,3804884,241199,4095330,4046083,80.2969827433239,79.3313986489626,523
-7.6926,53.28823,2022/06/01 23:00:00+00,Thu 02 Jun 2022,92,142,0,3854223,3805026,241199,4095422,4046225,80.2987865838965,79.3341828376726,524
-7.6926,53.28823,2022/06/02 23:00:00+00,Fri 03 Jun 2022,59,143,0,3854282,3805169,241199,4095481,4046368,80.2999433946985,79.3369866333453,525
-7.6926,53.28823,2022/06/03 23:00:00+00,Sat 04 Jun 2022,305,607,0,3854587,3805776,241199,4095786,4046975,80.3059235183361,79.3488880597322,526
-7.6926,53.28823,2022/06/04 23:00:00+00,Sun 05 Jun 2022,143,273,0,3854730,3806049,241199,4095929,4047248,80.3087273140088,79.3542407605619,527
-7.6926,53.28823,2022/06/05 23:00:00+00,Mon 06 Jun 2022,5,7,1,3854735,3806056,241200,4095935,4047256,80.3088449557853,79.3543976162639,528
-7.6926,53.28823,2022/06/06 23:00:00+00,Tue 07 Jun 2022,29,54,0,3854764,3806110,241200,4095964,4047310,80.309413557705,79.3554563922522,529
-7.6926,53.28823,2022/06/07 23:00:00+00,Wed 08 Jun 2022,36,76,0,3854800,3806186,241200,4096000,4047386,80.3101194083638,79.3569465214209,530
-7.6926,53.28823,2022/06/08 23:00:00+00,Thu 09 Jun 2022,74,122,0,3854874,3806308,241200,4096074,4047508,80.311570323607,79.3593385708759,531
-7.6926,53.28823,2022/06/09 23:00:00+00,Fri 10 Jun 2022,56,108,0,3854930,3806416,241200,4096130,4047616,80.3126683135208,79.3614561228525,532
-7.6926,53.28823,2022/06/10 23:00:00+00,Sat 11 Jun 2022,190,562,0,3855120,3806978,241200,4096320,4048178,80.3163936364426,79.3724752359159,533
-7.6926,53.28823,2022/06/11 23:00:00+00,Sun 12 Jun 2022,143,288,0,3855263,3807266,241200,4096463,4048466,80.3191974321153,79.3781220411868,534
-7.6926,53.28823,2022/06/12 23:00:00+00,Mon 13 Jun 2022,17,42,0,3855280,3807308,241200,4096480,4048508,80.319530750482,79.3789455336221,535
-7.6926,53.28823,2022/06/13 23:00:00+00,Tue 14 Jun 2022,37,55,0,3855317,3807363,241200,4096517,4048563,80.3202562081036,79.3800239165732,536
-7.6926,53.28823,2022/06/14 23:00:00+00,Wed 15 Jun 2022,66,124,0,3855383,3807487,241200,4096583,4048687,80.3215502676449,79.3824551799537,537
-7.6926,53.28823,2022/06/15 23:00:00+00,Thu 16 Jun 2022,43,84,0,3855426,3807571,241200,4096626,4048771,80.3223933670429,79.3841021648244,538
-7.6926,53.28823,2022/06/16 23:00:00+00,Fri 17 Jun 2022,59,95,0,3855485,3807666,241200,4096685,4048866,80.323550177845,79.3859648262852,539
-7.6926,53.28823,2022/06/17 23:00:00+00,Sat 18 Jun 2022,223,488,0,3855708,3808154,241200,4096908,4049354,80.3279225305374,79.3955330241054,540
-7.6926,53.28823,2022/06/18 23:00:00+00,Sun 19 Jun 2022,79,129,0,3855787,3808283,241200,4096987,4049483,80.3294714805943,79.3980623222997,541
-7.6926,53.28823,2022/06/19 23:00:00+00,Mon 20 Jun 2022,9,28,0,3855796,3808311,241200,4096996,4049511,80.329647943259,79.3986113172565,542
-7.6926,53.28823,2022/06/20 23:00:00+00,Tue 21 Jun 2022,74,169,1,3855870,3808480,241201,4097071,4049681,80.331118465465,79.4019445009234,543
-7.6926,53.28823,2022/06/21 23:00:00+00,Wed 22 Jun 2022,60,96,0,3855930,3808576,241201,4097131,4049777,80.3322948832297,79.403826769347,544
-7.6926,53.28823,2022/06/22 23:00:00+00,Thu 23 Jun 2022,64,113,0,3855994,3808689,241201,4097195,4049890,80.3335497288455,79.4060423561373,545
-7.6926,53.28823,2022/06/23 23:00:00+00,Fri 24 Jun 2022,55,93,1,3856049,3808782,241202,4097251,4049984,80.3346477187593,79.4078854106355,546
-7.6926,53.28823,2022/06/24 23:00:00+00,Sat 25 Jun 2022,210,293,0,3856259,3809075,241202,4097461,4050277,80.338765180936,79.4136302507201,547
-7.6926,53.28823,2022/06/25 23:00:00+00,Sun 26 Jun 2022,174,402,0,3856433,3809477,241202,4097635,4050679,80.3421767924538,79.4215122497441,548
-7.6926,53.28823,2022/06/26 23:00:00+00,Mon 27 Jun 2022,5,35,0,3856438,3809512,241202,4097640,4050714,80.3422748272676,79.4221984934402,549
-7.6926,53.28823,2022/06/27 23:00:00+00,Tue 28 Jun 2022,49,60,0,3856487,3809572,241202,4097689,4050774,80.3432355684421,79.423374911205,550
-7.6926,53.28823,2022/06/28 23:00:00+00,Wed 29 Jun 2022,63,81,4,3856550,3809653,241206,4097756,4050859,80.3445492349461,79.4250415030384,551
-7.6926,53.28823,2022/06/29 23:00:00+00,Thu 30 Jun 2022,48,89,0,3856598,3809742,241206,4097804,4050948,80.3454903691579,79.4267865227228,552
-7.6926,53.28823,2022/06/30 23:00:00+00,Fri 01 Jul 2022,46,66,0,3856644,3809808,241206,4097850,4051014,80.3463922894443,79.428080582264,553
-7.6926,53.28823,2022/07/01 23:00:00+00,Sat 02 Jul 2022,182,228,0,3856826,3810036,241206,4098032,4051242,80.3499607566641,79.4325509697702,554
-7.6926,53.28823,2022/07/02 23:00:00+00,Sun 03 Jul 2022,108,274,0,3856934,3810310,241206,4098140,4051516,80.3520783086407,79.4379232775626,555
-7.6926,53.28823,2022/07/03 23:00:00+00,Mon 04 Jul 2022,15,15,0,3856949,3810325,241206,4098155,4051531,80.3523724130818,79.4382173820038,556
-7.6926,53.28823,2022/07/04 23:00:00+00,Tue 05 Jul 2022,51,69,0,3857000,3810394,241206,4098206,4051600,80.3533723681819,79.4395702624333,557
-7.6926,53.28823,2022/07/05 23:00:00+00,Wed 06 Jul 2022,60,83,0,3857060,3810477,241206,4098266,4051683,80.3545487859467,79.4411976403412,558
-7.6926,53.28823,2022/07/06 23:00:00+00,Thu 07 Jul 2022,77,77,0,3857137,3810554,241206,4098343,4051760,80.3560585220781,79.4427073764727,559
-7.6926,53.28823,2022/07/07 23:00:00+00,Fri 08 Jul 2022,99,91,0,3857236,3810645,241206,4098442,4051851,80.35799961139,79.4444916100826,560
-7.6926,53.28823,2022/07/08 23:00:00+00,Sat 09 Jul 2022,119,144,0,3857355,3810789,241206,4098561,4051995,80.3603328399568,79.4473150127181,561
-7.6926,53.28823,2022/07/09 23:00:00+00,Sun 10 Jul 2022,134,219,0,3857489,3811008,241206,4098695,4052214,80.3629601729648,79.4516089375595,562
-7.6926,53.28823,2022/07/10 23:00:00+00,Mon 11 Jul 2022,11,16,0,3857500,3811024,241206,4098706,4052230,80.363175849555,79.4519226489634,563
-7.6926,53.28823,2022/07/11 23:00:00+00,Tue 12 Jul 2022,44,81,0,3857544,3811105,241206,4098750,4052311,80.3640385559158,79.4535108129459,564
-7.6926,53.28823,2022/07/12 23:00:00+00,Wed 13 Jul 2022,99,74,1,3857643,3811179,241207,4098850,4052386,80.3659992521904,79.4549813351518,565
-7.6926,53.28823,2022/07/13 23:00:00+00,Thu 14 Jul 2022,73,39,0,3857716,3811218,241207,4098923,4052425,80.3674305604709,79.4557460066989,566
-7.6926,53.28823,2022/07/14 23:00:00+00,Fri 15 Jul 2022,80,118,1,3857796,3811336,241208,4099004,4052544,80.3690187244534,79.4580792352657,567
-7.6926,53.28823,2022/07/15 23:00:00+00,Sat 16 Jul 2022,124,209,0,3857920,3811545,241208,4099128,4052753,80.3714499878339,79.4621770904797,568
-7.6926,53.28823,2022/07/16 23:00:00+00,Sun 17 Jul 2022,119,165,0,3858039,3811710,241208,4099247,4052918,80.3737832164007,79.4654122393328,569
-7.6926,53.28823,2022/07/17 23:00:00+00,Mon 18 Jul 2022,14,18,0,3858053,3811728,241208,4099261,4052936,80.3740577138791,79.4657651646622,570
-7.6926,53.28823,2022/07/18 23:00:00+00,Tue 19 Jul 2022,30,34,0,3858083,3811762,241208,4099291,4052970,80.3746459227615,79.4664318013956,571
-7.6926,53.28823,2022/07/19 23:00:00+00,Wed 20 Jul 2022,78,66,0,3858161,3811828,241208,4099369,4053036,80.3761752658557,79.4677258609368,572
-7.6926,53.28823,2022/07/20 23:00:00+00,Thu 21 Jul 2022,52,30,0,3858213,3811858,241208,4099421,4053066,80.3771948279185,79.4683140698192,573
-7.6926,53.28823,2022/07/21 23:00:00+00,Fri 22 Jul 2022,75,70,0,3858288,3811928,241208,4099496,4053136,80.3786653501245,79.4696865572114,574
-7.6926,53.28823,2022/07/22 23:00:00+00,Sat 23 Jul 2022,100,175,0,3858388,3812103,241208,4099596,4053311,80.3806260463991,79.473117775692,575
-7.6926,53.28823,2022/07/23 23:00:00+00,Sun 24 Jul 2022,108,230,0,3858496,3812333,241208,4099704,4053541,80.3827435983757,79.4776273771237,576
-7.6926,53.28823,2022/07/24 23:00:00+00,Mon 25 Jul 2022,14,23,0,3858510,3812356,241208,4099718,4053564,80.3830180958541,79.4780783372668,577
-7.6926,53.28823,2022/11/19 00:00:00+00,Sat 19 Nov 2022,52,57,0,3863727,3817752,241218,4104945,4058970,80.4855036901284,79.5840735778727,578
-7.6926,53.28823,2020/12/30 00:00:00+00,Wed 30 Dec 2020,1066,2,0,1445,28,4,1449,32,0.0284104890192186,0.000627422807877842,579
-7.6926,53.28823,2022/11/20 00:00:00+00,Sun 20 Nov 2022,39,56,0,3863766,3817808,241218,4104984,4059026,80.4862683616755,79.5851715677865,580
-7.6926,53.28823,2022/11/21 00:00:00+00,Mon 21 Nov 2022,6,3,0,3863772,3817811,241218,4104990,4059029,80.486386003452,79.5852303886747,581
-7.6926,53.28823,2022/11/22 00:00:00+00,Tue 22 Nov 2022,34,22,0,3863806,3817833,241218,4105024,4059051,80.4870526401854,79.5856617418551,582
-7.6926,53.28823,2022/11/23 00:00:00+00,Wed 23 Nov 2022,13,16,0,3863819,3817849,241218,4105037,4059067,80.4873075307011,79.5859754532591,583
-7.6926,53.28823,2022/11/24 00:00:00+00,Thu 24 Nov 2022,16,18,0,3863835,3817867,241218,4105053,4059085,80.487621242105,79.5863283785885,584
-7.6926,53.28823,2022/11/25 00:00:00+00,Fri 25 Nov 2022,6,11,0,3863841,3817878,241218,4105059,4059096,80.4877388838815,79.5865440551787,585
-7.6926,53.28823,2022/11/26 00:00:00+00,Sat 26 Nov 2022,64,63,0,3863905,3817941,241218,4105123,4059159,80.4889937294973,79.5877792938317,586
-7.6926,53.28823,2022/11/27 00:00:00+00,Sun 27 Nov 2022,36,42,0,3863941,3817983,241218,4105159,4059201,80.4896995801561,79.588602786267,587
-7.6926,53.28823,2022/11/28 00:00:00+00,Mon 28 Nov 2022,4,1,0,3863945,3817984,241218,4105163,4059202,80.4897780080071,79.5886223932298,588
-7.6926,53.28823,2022/11/29 00:00:00+00,Tue 29 Nov 2022,26,18,0,3863971,3818002,241218,4105189,4059220,80.4902877890385,79.5889753185592,589
-7.6926,53.28823,2022/11/30 00:00:00+00,Wed 30 Nov 2022,29,13,0,3864000,3818015,241218,4105218,4059233,80.4908563909581,79.5892302090749,590
-7.6926,53.28823,2022/12/01 00:00:00+00,Thu 01 Dec 2022,16,11,0,3864016,3818026,241218,4105234,4059244,80.4911701023621,79.5894458856651,591
-7.6926,53.28823,2022/12/02 00:00:00+00,Fri 02 Dec 2022,8,18,0,3864024,3818044,241218,4105242,4059262,80.491326958064,79.5897988109946,592
-7.6926,53.28823,2022/12/03 00:00:00+00,Sat 03 Dec 2022,40,71,0,3864064,3818115,241218,4105282,4059333,80.4921112365739,79.5911909053495,593
-7.6926,53.28823,2022/12/04 00:00:00+00,Sun 04 Dec 2022,41,47,0,3864105,3818162,241218,4105323,4059380,80.4929151220465,79.5921124325986,594
-7.6926,53.28823,2022/12/05 00:00:00+00,Mon 05 Dec 2022,12,5,0,3864117,3818167,241218,4105335,4059385,80.4931504055994,79.5922104674123,595
-7.6926,53.28823,2022/12/06 00:00:00+00,Tue 06 Dec 2022,25,30,0,3864142,3818197,241218,4105360,4059415,80.4936405796681,79.5927986762947,596
-7.6926,53.28823,2022/12/07 00:00:00+00,Wed 07 Dec 2022,19,23,0,3864161,3818220,241218,4105379,4059438,80.4940131119603,79.5932496364379,597
-7.6926,53.28823,2022/12/08 00:00:00+00,Thu 08 Dec 2022,12,13,1,3864173,3818233,241219,4105392,4059452,80.494268002476,79.5935241339163,598
-7.6926,53.28823,2022/12/09 00:00:00+00,Fri 09 Dec 2022,13,17,0,3864186,3818250,241219,4105405,4059469,80.4945228929917,79.593857452283,599
-7.6926,53.28823,2022/12/10 00:00:00+00,Sat 10 Dec 2022,45,44,0,3864231,3818294,241219,4105450,4059513,80.4954052063152,79.5947201586439,600
-7.6926,53.28823,2022/12/11 00:00:00+00,Sun 11 Dec 2022,28,42,0,3864259,3818336,241219,4105478,4059555,80.4959542012721,79.5955436510792,601
-7.6926,53.28823,2022/12/12 00:00:00+00,Mon 12 Dec 2022,4,2,0,3864263,3818338,241219,4105482,4059557,80.4960326291231,79.5955828650047,602
-7.6926,53.28823,2022/12/13 00:00:00+00,Tue 13 Dec 2022,19,15,0,3864282,3818353,241219,4105501,4059572,80.4964051614153,79.5958769694459,603
-7.6926,53.28823,2022/12/14 00:00:00+00,Wed 14 Dec 2022,14,20,0,3864296,3818373,241219,4105515,4059592,80.4966796588937,79.5962691087008,604
-7.6926,53.28823,2022/12/15 00:00:00+00,Thu 15 Dec 2022,13,9,0,3864309,3818382,241219,4105528,4059601,80.4969345494094,79.5964455713655,605
-7.6926,53.28823,2022/12/16 00:00:00+00,Fri 16 Dec 2022,11,4,0,3864320,3818386,241219,4105539,4059605,80.4971502259997,79.5965239992165,606
-7.6926,53.28823,2022/12/17 00:00:00+00,Sat 17 Dec 2022,19,43,0,3864339,3818429,241219,4105558,4059648,80.4975227582918,79.5973670986146,607
-7.6926,53.28823,2022/12/18 00:00:00+00,Sun 18 Dec 2022,29,35,0,3864368,3818464,241219,4105587,4059683,80.4980913602115,79.5980533423107,608
-7.6926,53.28823,2022/12/19 00:00:00+00,Mon 19 Dec 2022,4,1,0,3864372,3818465,241219,4105591,4059684,80.4981697880625,79.5980729492735,609
-7.6926,53.28823,2022/12/20 00:00:00+00,Tue 20 Dec 2022,17,18,0,3864389,3818483,241219,4105608,4059702,80.4985031064291,79.5984258746029,610
-7.6926,53.28823,2022/12/21 00:00:00+00,Wed 21 Dec 2022,16,28,0,3864405,3818511,241219,4105624,4059730,80.4988168178331,79.5989748695598,611
-7.6926,53.28823,2022/12/22 00:00:00+00,Thu 22 Dec 2022,6,15,0,3864411,3818526,241219,4105630,4059745,80.4989344596096,79.599268974001,612
-7.6926,53.28823,2022/12/23 00:00:00+00,Fri 23 Dec 2022,19,6,0,3864430,3818532,241219,4105649,4059751,80.4993069919017,79.5993866157774,613
-7.6926,53.28823,2020/12/31 00:00:00+00,Thu 31 Dec 2020,1042,2,0,2487,30,4,2491,34,0.0488409442007408,0.000666636733370208,614
-7.6926,53.28823,2022/12/28 00:00:00+00,Wed 28 Dec 2022,19,24,0,3864449,3818556,241219,4105668,4059775,80.4996795241939,79.5998571828834,615
-7.6926,53.28823,2021/01/01 00:00:00+00,Fri 01 Jan 2021,827,1,0,3314,31,4,3318,35,0.0650559023918338,0.00068624369611639,616
-7.6926,53.28823,2022/12/29 00:00:00+00,Thu 29 Dec 2022,15,12,0,3864464,3818568,241219,4105683,4059787,80.4999736286351,79.6000924664363,617
-7.6926,53.28823,2021/01/02 00:00:00+00,Sat 02 Jan 2021,1021,0,0,4335,31,4,4339,35,0.0850746113556862,0.00068624369611639,618
-7.6926,53.28823,2022/12/30 00:00:00+00,Fri 30 Dec 2022,66,31,0,3864530,3818599,241219,4105749,4059818,80.5012676881764,79.6007002822815,619
-7.6926,53.28823,2021/01/03 00:00:00+00,Sun 03 Jan 2021,26,3,1,4361,34,5,4366,39,0.0856039993498331,0.00076467154710112,620
-7.6926,53.28823,2022/12/31 00:00:00+00,Sat 31 Dec 2022,34,26,0,3864564,3818625,241219,4105783,4059844,80.5019343249097,79.6012100633128,621
-7.6926,53.28823,2023/01/01 00:00:00+00,Sun 01 Jan 2023,1,0,0,3864565,3818625,241219,4105784,4059844,80.5019539318725,79.6012100633128,622
-7.6926,53.28823,2023/01/03 00:00:00+00,Tue 03 Jan 2023,8,14,0,3864573,3818639,241219,4105792,4059858,80.5021107875744,79.6014845607913,623
-7.6926,53.28823,2023/01/04 00:00:00+00,Wed 04 Jan 2023,52,28,0,3864625,3818667,241219,4105844,4059886,80.5031303496372,79.6020335557482,624
-7.6926,53.28823,2023/01/05 00:00:00+00,Thu 05 Jan 2023,24,16,0,3864649,3818683,241219,4105868,4059902,80.5036009167431,79.6023472671521,625
-7.6926,53.28823,2023/01/06 00:00:00+00,Fri 06 Jan 2023,34,21,0,3864683,3818704,241219,4105902,4059923,80.5042675534765,79.6027590133698,626
-7.6926,53.28823,2023/01/07 00:00:00+00,Sat 07 Jan 2023,136,74,0,3864819,3818778,241219,4106038,4059997,80.50693410041,79.604209928613,627
-7.6926,53.28823,2023/01/08 00:00:00+00,Sun 08 Jan 2023,51,45,0,3864870,3818823,241219,4106089,4060042,80.50793405551,79.6050922419366,628
-7.6926,53.28823,2023/01/09 00:00:00+00,Mon 09 Jan 2023,1,1,0,3864871,3818824,241219,4106090,4060043,80.5079536624728,79.6051118488993,629
-7.6926,53.28823,2023/01/10 00:00:00+00,Tue 10 Jan 2023,42,14,0,3864913,3818838,241219,4106132,4060057,80.5087771549081,79.6053863463778,630
-7.6926,53.28823,2023/01/11 00:00:00+00,Wed 11 Jan 2023,59,31,0,3864972,3818869,241219,4106191,4060088,80.5099339657102,79.6059941622229,631
-7.6926,53.28823,2023/01/12 00:00:00+00,Thu 12 Jan 2023,14,12,0,3864986,3818881,241219,4106205,4060100,80.5102084631886,79.6062294457759,632
-7.6926,53.28823,2023/01/13 00:00:00+00,Fri 13 Jan 2023,27,12,0,3865013,3818893,241219,4106232,4060112,80.5107378511828,79.6064647293288,633
-7.6926,53.28823,2023/01/14 00:00:00+00,Sat 14 Jan 2023,72,40,0,3865085,3818933,241219,4106304,4060152,80.5121495525005,79.6072490078387,634
-7.6926,53.28823,2023/01/15 00:00:00+00,Sun 15 Jan 2023,60,30,0,3865145,3818963,241219,4106364,4060182,80.5133259702653,79.6078372167211,635
-7.6926,53.28823,2023/01/16 00:00:00+00,Mon 16 Jan 2023,6,2,0,3865151,3818965,241219,4106370,4060184,80.5134436120417,79.6078764306465,636
-7.6926,53.28823,2023/01/17 00:00:00+00,Tue 17 Jan 2023,14,19,0,3865165,3818984,241219,4106384,4060203,80.5137181095202,79.6082489629387,637
-7.6926,53.28823,2023/01/18 00:00:00+00,Wed 18 Jan 2023,34,14,0,3865199,3818998,241219,4106418,4060217,80.5143847462536,79.6085234604172,638
-7.6926,53.28823,2023/01/19 00:00:00+00,Thu 19 Jan 2023,15,7,0,3865214,3819005,241219,4106433,4060224,80.5146788506947,79.6086607091564,639
-7.6926,53.28823,2023/01/20 00:00:00+00,Fri 20 Jan 2023,16,8,0,3865230,3819013,241219,4106449,4060232,80.5149925620987,79.6088175648584,640
-7.6926,53.28823,2023/01/21 00:00:00+00,Sat 21 Jan 2023,74,26,0,3865304,3819039,241219,4106523,4060258,80.5164434773419,79.6093273458898,641
-7.6926,53.28823,2023/01/22 00:00:00+00,Sun 22 Jan 2023,21,13,0,3865325,3819052,241219,4106544,4060271,80.5168552235596,79.6095822364055,642
-7.6926,53.28823,2023/01/23 00:00:00+00,Mon 23 Jan 2023,4,1,0,3865329,3819053,241219,4106548,4060272,80.5169336514106,79.6096018433682,643
-7.6926,53.28823,2023/01/24 00:00:00+00,Tue 24 Jan 2023,16,13,0,3865345,3819066,241219,4106564,4060285,80.5172473628145,79.6098567338839,644
-7.6926,53.28823,2023/01/25 00:00:00+00,Wed 25 Jan 2023,24,17,0,3865369,3819083,241219,4106588,4060302,80.5177179299204,79.6101900522506,645
-7.6926,53.28823,2023/01/26 00:00:00+00,Thu 26 Jan 2023,12,12,0,3865381,3819095,241219,4106600,4060314,80.5179532134734,79.6104253358035,646
-7.6926,53.28823,2023/01/27 00:00:00+00,Fri 27 Jan 2023,12,8,0,3865393,3819103,241219,4106612,4060322,80.5181884970263,79.6105821915055,647
-7.6926,53.28823,2023/01/28 00:00:00+00,Sat 28 Jan 2023,24,57,0,3865417,3819160,241219,4106636,4060379,80.5186590641322,79.6116997883821,648
-7.6926,53.28823,2023/01/29 00:00:00+00,Sun 29 Jan 2023,28,28,0,3865445,3819188,241219,4106664,4060407,80.5192080590891,79.6122487833389,649
-7.6926,53.28823,2023/01/30 00:00:00+00,Mon 30 Jan 2023,4,2,0,3865449,3819190,241219,4106668,4060409,80.5192864869401,79.6122879972644,650
-7.6926,53.28823,2023/01/31 00:00:00+00,Tue 31 Jan 2023,23,15,0,3865472,3819205,241219,4106691,4060424,80.5197374470833,79.6125821017056,651
-7.6926,53.28823,2023/02/01 00:00:00+00,Wed 01 Feb 2023,14,37,0,3865486,3819242,241219,4106705,4060461,80.5200119445617,79.6133075593272,652
-7.6926,53.28823,2023/02/02 00:00:00+00,Thu 02 Feb 2023,13,12,0,3865499,3819254,241219,4106718,4060473,80.5202668350774,79.6135428428802,653
-7.6926,53.28823,2023/02/03 00:00:00+00,Fri 03 Feb 2023,14,10,0,3865513,3819264,241219,4106732,4060483,80.5205413325559,79.6137389125077,654
-7.6926,53.28823,2023/02/04 00:00:00+00,Sat 04 Feb 2023,38,44,0,3865551,3819308,241219,4106770,4060527,80.5212863971402,79.6146016188685,655
-7.6926,53.28823,2023/02/05 00:00:00+00,Sun 05 Feb 2023,29,22,0,3865580,3819330,241219,4106799,4060549,80.5218549990599,79.6150329720489,656
-7.6926,53.28823,2023/02/06 00:00:00+00,Mon 06 Feb 2023,12,7,0,3865592,3819337,241219,4106811,4060556,80.5220902826128,79.6151702207881,657
-7.6926,53.28823,2023/02/07 00:00:00+00,Tue 07 Feb 2023,20,13,0,3865612,3819350,241219,4106831,4060569,80.5224824218677,79.6154251113038,658
-7.6926,53.28823,2023/02/08 00:00:00+00,Wed 08 Feb 2023,23,30,0,3865635,3819380,241219,4106854,4060599,80.5229333820109,79.6160133201862,659
-7.6926,53.28823,2023/02/09 00:00:00+00,Thu 09 Feb 2023,6,15,0,3865641,3819395,241219,4106860,4060614,80.5230510237874,79.6163074246274,660
-7.6926,53.28823,2023/02/10 00:00:00+00,Fri 10 Feb 2023,5,14,0,3865646,3819409,241219,4106865,4060628,80.5231490586011,79.6165819221059,661
-7.6926,53.28823,2023/02/11 00:00:00+00,Sat 11 Feb 2023,34,47,0,3865680,3819456,241219,4106899,4060675,80.5238156953345,79.6175034493549,662
-7.6926,53.28823,2023/02/12 00:00:00+00,Sun 12 Feb 2023,17,36,0,3865697,3819492,241219,4106916,4060711,80.5241490137011,79.6182093000138,663
-7.6926,53.28823,2023/02/13 00:00:00+00,Mon 13 Feb 2023,1,1,0,3865698,3819493,241219,4106917,4060712,80.5241686206639,79.6182289069765,664
-7.6926,53.28823,2023/02/14 00:00:00+00,Tue 14 Feb 2023,12,22,0,3865710,3819515,241219,4106929,4060734,80.5244039042168,79.6186602601569,665
-7.6926,53.28823,2023/02/15 00:00:00+00,Wed 15 Feb 2023,15,13,0,3865725,3819528,241219,4106944,4060747,80.524698008658,79.6189151506726,666
-7.6926,53.28823,2023/02/16 00:00:00+00,Thu 16 Feb 2023,13,11,0,3865738,3819539,241219,4106957,4060758,80.5249528991737,79.6191308272629,667
-7.6926,53.28823,2023/02/17 00:00:00+00,Fri 17 Feb 2023,5,12,0,3865743,3819551,241219,4106962,4060770,80.5250509339875,79.6193661108158,668
-7.6926,53.28823,2023/02/18 00:00:00+00,Sat 18 Feb 2023,21,43,0,3865764,3819594,241219,4106983,4060813,80.5254626802051,79.6202092102139,669
-7.6926,53.28823,2023/02/19 00:00:00+00,Sun 19 Feb 2023,22,31,0,3865786,3819625,241219,4107005,4060844,80.5258940333856,79.620817026059,670
-7.6926,53.28823,2023/02/20 00:00:00+00,Mon 20 Feb 2023,3,0,0,3865789,3819625,241219,4107008,4060844,80.5259528542738,79.620817026059,671
-7.6926,53.28823,2023/02/21 00:00:00+00,Tue 21 Feb 2023,52,16,0,3865841,3819641,241219,4107060,4060860,80.5269724163366,79.621130737463,672
-7.6926,53.28823,2023/02/22 00:00:00+00,Wed 22 Feb 2023,21,16,0,3865862,3819657,241219,4107081,4060876,80.5273841625543,79.6214444488669,673
-7.6926,53.28823,2023/02/23 00:00:00+00,Thu 23 Feb 2023,20,11,0,3865882,3819668,241219,4107101,4060887,80.5277763018092,79.6216601254571,674
-7.6926,53.28823,2023/02/24 00:00:00+00,Fri 24 Feb 2023,13,12,0,3865895,3819680,241219,4107114,4060899,80.5280311923249,79.6218954090101,675
-7.6926,53.28823,2023/02/25 00:00:00+00,Sat 25 Feb 2023,49,19,0,3865944,3819699,241219,4107163,4060918,80.5289919334995,79.6222679413022,676
-7.6926,53.28823,2023/02/26 00:00:00+00,Sun 26 Feb 2023,78,41,0,3866022,3819740,241219,4107241,4060959,80.5305212765937,79.6230718267748,677
-7.6926,53.28823,2023/02/27 00:00:00+00,Mon 27 Feb 2023,1,2,0,3866023,3819742,241219,4107242,4060961,80.5305408835564,79.6231110407003,678
-7.6926,53.28823,2023/02/28 00:00:00+00,Tue 28 Feb 2023,32,11,0,3866055,3819753,241219,4107274,4060972,80.5311683063643,79.6233267172905,679
-7.6926,53.28823,2023/03/01 00:00:00+00,Wed 01 Mar 2023,21,18,0,3866076,3819771,241219,4107295,4060990,80.531580052582,79.62367964262,680
-7.6926,53.28823,2023/03/02 00:00:00+00,Thu 02 Mar 2023,20,14,0,3866096,3819785,241219,4107315,4061004,80.5319721918369,79.6239541400984,681
-7.6926,53.28823,2023/03/03 00:00:00+00,Fri 03 Mar 2023,10,13,0,3866106,3819798,241219,4107325,4061017,80.5321682614643,79.6242090306141,682
-7.6926,53.28823,2023/03/04 00:00:00+00,Sat 04 Mar 2023,37,24,0,3866143,3819822,241219,4107362,4061041,80.5328937190859,79.62467959772,683
-7.6926,53.28823,2023/03/05 00:00:00+00,Sun 05 Mar 2023,26,19,0,3866169,3819841,241219,4107388,4061060,80.5334035001173,79.6250521300122,684
-7.6926,53.28823,2023/03/06 00:00:00+00,Mon 06 Mar 2023,1,1,0,3866170,3819842,241219,4107389,4061061,80.5334231070801,79.6250717369749,685
-7.6926,53.28823,2023/03/07 00:00:00+00,Tue 07 Mar 2023,12,13,0,3866182,3819855,241219,4107401,4061074,80.5336583906331,79.6253266274907,686
-7.6926,53.28823,2023/03/08 00:00:00+00,Wed 08 Mar 2023,29,26,0,3866211,3819881,241219,4107430,4061100,80.5342269925527,79.625836408522,687
-7.6926,53.28823,2023/03/09 00:00:00+00,Thu 09 Mar 2023,13,8,0,3866224,3819889,241219,4107443,4061108,80.5344818830684,79.625993264224,688
-7.6926,53.28823,2023/03/10 00:00:00+00,Fri 10 Mar 2023,10,3,0,3866234,3819892,241219,4107453,4061111,80.5346779526959,79.6260520851122,689
-7.6926,53.28823,2023/03/11 00:00:00+00,Sat 11 Mar 2023,28,23,0,3866262,3819915,241219,4107481,4061134,80.5352269476527,79.6265030452554,690
-7.6926,53.28823,2023/03/12 00:00:00+00,Sun 12 Mar 2023,16,13,0,3866278,3819928,241219,4107497,4061147,80.5355406590567,79.6267579357711,691
-7.6926,53.28823,2021/01/04 00:00:00+00,Mon 04 Jan 2021,1198,5,0,5559,39,5,5564,44,0.10909314071976,0.000862706360832033,692
-7.6926,53.28823,2021/01/05 00:00:00+00,Tue 05 Jan 2021,3546,14,0,9105,53,5,9110,58,0.178619430617723,0.00113720383927859,693
-7.6926,53.28823,2021/01/06 00:00:00+00,Wed 06 Jan 2021,6797,14,0,15902,67,5,15907,72,0.311887956403526,0.00141170131772515,694
-7.6926,53.28823,2021/01/07 00:00:00+00,Thu 07 Jan 2021,11743,9,0,27645,76,5,27650,81,0.542132519931948,0.00158816398244079,695
-7.6926,53.28823,2021/01/08 00:00:00+00,Fri 08 Jan 2021,12691,8,0,40336,84,5,40341,89,0.790964484143751,0.00174501968441025,696
-7.6926,53.28823,2021/01/09 00:00:00+00,Sat 09 Jan 2021,8081,7,0,48417,91,5,48422,96,0.949408350095652,0.00188226842363353,697
-7.6926,53.28823,2021/01/10 00:00:00+00,Sun 10 Jan 2021,4790,6,1,53207,97,6,53213,103,1.04334530861261,0.00201951716285681,698
-7.6926,53.28823,2021/01/11 00:00:00+00,Mon 11 Jan 2021,8356,8,0,61563,105,6,61569,111,1.20718108931971,0.00217637286482627,699
-7.6926,53.28823,2021/01/12 00:00:00+00,Tue 12 Jan 2021,8901,15,0,70464,120,6,70470,126,1.38170266472349,0.002470477306019,700
-7.6926,53.28823,2021/01/13 00:00:00+00,Wed 13 Jan 2021,9908,6,0,80372,126,6,80378,132,1.57596845161266,0.0025881190824961,701
-7.6926,53.28823,2021/01/14 00:00:00+00,Thu 14 Jan 2021,8101,6,0,88473,132,6,88479,138,1.73480445681949,0.00270576085897319,702
-7.6926,53.28823,2021/01/15 00:00:00+00,Fri 15 Jan 2021,7708,5,0,96181,137,6,96187,143,1.88593492566706,0.00280379567270411,703
-7.6926,53.28823,2021/01/16 00:00:00+00,Sat 16 Jan 2021,5249,3,0,101430,140,6,101436,146,1.98885187312178,0.00286261656094266,704
-7.6926,53.28823,2021/01/17 00:00:00+00,Sun 17 Jan 2021,1117,5,0,102547,145,6,102553,151,2.01075285050926,0.00296065137467357,705
-7.6926,53.28823,2021/01/18 00:00:00+00,Mon 18 Jan 2021,8732,9,1,111279,154,7,111286,161,2.18198045617167,0.00315672100213539,706
-7.6926,53.28823,2021/01/19 00:00:00+00,Tue 19 Jan 2021,8400,21,0,119679,175,7,119686,182,2.34667894323961,0.00356846721980523,707
-7.6926,53.28823,2021/01/20 00:00:00+00,Wed 20 Jan 2021,8459,966,0,128138,1141,7,128145,1148,2.51253424110957,0.0225087932326176,708
-7.6926,53.28823,2021/01/21 00:00:00+00,Thu 21 Jan 2021,9025,967,0,137163,2108,7,137170,2115,2.68948707989386,0.0414687262081761,709
-7.6926,53.28823,2021/01/22 00:00:00+00,Fri 22 Jan 2021,6800,972,0,143963,3080,7,143970,3087,2.82281442656791,0.0605266939974656,710
-7.6926,53.28823,2021/01/23 00:00:00+00,Sat 23 Jan 2021,4201,461,0,148164,3541,7,148171,3548,2.90518327706462,0.0695655038234558,711
-7.6926,53.28823,2021/01/24 00:00:00+00,Sun 24 Jan 2021,1191,400,0,149355,3941,7,149362,3948,2.92853516969532,0.0774082889219288,712
-7.6926,53.28823,2021/01/25 00:00:00+00,Mon 25 Jan 2021,1378,1295,0,150733,5236,7,150740,5243,2.95555356435956,0.102799305678235,713
-7.6926,53.28823,2021/01/26 00:00:00+00,Tue 26 Jan 2021,1012,3508,0,151745,8744,7,151752,8751,2.9753958106587,0.171580530991844,714
-7.6926,53.28823,2021/01/27 00:00:00+00,Wed 27 Jan 2021,2195,6711,0,153940,15455,7,153947,15462,3.01843309388657,0.303162857981475,715
-7.6926,53.28823,2021/01/28 00:00:00+00,Thu 28 Jan 2021,1028,11545,0,154968,27000,7,154975,27007,3.03858905158964,0.529525242886153,716
-7.6926,53.28823,2021/01/29 00:00:00+00,Fri 29 Jan 2021,1597,11526,0,156565,38526,7,156572,38533,3.0699013710953,0.755515095498653,717
-7.6926,53.28823,2021/01/30 00:00:00+00,Sat 30 Jan 2021,657,7794,0,157222,46320,7,157229,46327,3.08278314561954,0.9083317631424,718
-7.6926,53.28823,2021/01/31 00:00:00+00,Sun 31 Jan 2021,241,4088,0,157463,50408,7,157470,50415,3.08750842364137,0.988485026848794,719
-7.6926,53.28823,2021/02/01 00:00:00+00,Mon 01 Feb 2021,1046,8337,1,158509,58745,8,158517,58753,3.10803691363662,1.15196788222646,720
-7.6926,53.28823,2021/02/02 00:00:00+00,Tue 02 Feb 2021,851,5113,1,159360,63858,9,159369,63867,3.12474204589637,1.25223788971044,721
-7.6926,53.28823,2021/02/03 00:00:00+00,Wed 03 Feb 2021,1415,6873,0,160775,70731,9,160784,70740,3.15248589818222,1.38699654466496,722
-7.6926,53.28823,2021/02/04 00:00:00+00,Thu 04 Feb 2021,1459,10542,1,162234,81273,10,162244,81283,3.18111206379165,1.59371275289796,723
-7.6926,53.28823,2021/02/05 00:00:00+00,Fri 05 Feb 2021,3411,8616,0,165645,89889,10,165655,89899,3.24799141371887,1.76264634391907,724
-7.6926,53.28823,2021/02/06 00:00:00+00,Sat 06 Feb 2021,916,3871,0,166561,93760,10,166571,93770,3.26595139159438,1.83854489670954,725
-7.6926,53.28823,2021/02/07 00:00:00+00,Sun 07 Feb 2021,341,1300,2,166902,95060,12,166914,95072,3.27267657981632,1.86407316220507,726
-7.6926,53.28823,2021/02/08 00:00:00+00,Mon 08 Feb 2021,1197,883,0,168099,95943,12,168111,95955,3.2961461142235,1.88138611030995,727
-7.6926,53.28823,2021/02/09 00:00:00+00,Tue 09 Feb 2021,4277,556,3,172376,96499,15,172391,96514,3.38006391477716,1.89234640248507,728
-7.6926,53.28823,2021/02/10 00:00:00+00,Wed 10 Feb 2021,8837,586,0,181213,97085,15,181228,97100,3.55333064456518,1.90383608265433,729
-7.6926,53.28823,2021/02/11 00:00:00+00,Thu 11 Feb 2021,6209,452,0,187422,97537,15,187437,97552,3.67507027625622,1.9126984298156,730
-7.6926,53.28823,2021/02/12 00:00:00+00,Fri 12 Feb 2021,4409,528,0,191831,98065,15,191846,98080,3.76151737500414,1.92305090614559,731
-7.6926,53.28823,2021/02/13 00:00:00+00,Sat 13 Feb 2021,1225,1919,0,193056,99984,15,193071,99999,3.78553590436822,1.96067666765551,732
-7.6926,53.28823,2021/02/14 00:00:00+00,Sun 14 Feb 2021,2712,29,0,195768,100013,15,195783,100028,3.83870998733586,1.96124526957515,733
-7.6926,53.28823,2021/02/15 00:00:00+00,Mon 15 Feb 2021,1977,7898,0,197745,107911,15,197760,107926,3.87747295268507,2.1161010613445,734
-7.6926,53.28823,2021/02/16 00:00:00+00,Tue 16 Feb 2021,5664,8171,0,203409,116082,15,203424,116097,3.98852678967944,2.27630955394356,735
-7.6926,53.28823,2021/02/17 00:00:00+00,Wed 17 Feb 2021,9763,8467,0,213172,124549,15,213187,124564,4.17994956697042,2.44232170751549,736
-7.6926,53.28823,2021/02/18 00:00:00+00,Thu 18 Feb 2021,8478,8362,1,221650,132911,16,221666,132927,4.34619700409531,2.60629473696181,737
-7.6926,53.28823,2021/02/19 00:00:00+00,Fri 19 Feb 2021,9405,6595,2,231055,139506,18,231073,139524,4.53063970264865,2.73564187019838,738
-7.6926,53.28823,2021/02/20 00:00:00+00,Sat 20 Feb 2021,5900,3581,2,236955,143087,20,236975,143107,4.64635999677662,2.80589361771795,739
-7.6926,53.28823,2021/02/21 00:00:00+00,Sun 21 Feb 2021,1121,1026,7,238076,144113,27,238103,144140,4.66847665075431,2.82614761023476,740
-7.6926,53.28823,2021/02/22 00:00:00+00,Mon 22 Feb 2021,3956,1131,2,242032,145244,29,242061,145273,4.7460810093037,2.84836229902618,741
-7.6926,53.28823,2021/02/23 00:00:00+00,Tue 23 Feb 2021,13380,1074,1,255412,146318,30,255442,146348,5.00844177781037,2.86943978397833,742
-7.6926,53.28823,2021/02/24 00:00:00+00,Wed 24 Feb 2021,16958,2113,6,272370,148431,36,272406,148467,5.34105429383661,2.91098693803749,743
-7.6926,53.28823,2021/02/25 00:00:00+00,Thu 25 Feb 2021,18111,1770,3,290481,150201,39,290520,150240,5.69621481702096,2.94575008298647,744
-7.6926,53.28823,2021/02/26 00:00:00+00,Fri 26 Feb 2021,16102,2783,1,306583,152984,40,306623,153024,6.01194573812274,3.00033586727184,745
-7.6926,53.28823,2021/02/27 00:00:00+00,Sat 27 Feb 2021,9012,707,1,315595,153691,41,315636,153732,6.18866329335408,3.01421759689614,746
-7.6926,53.28823,2021/02/28 00:00:00+00,Sun 28 Feb 2021,2455,61,2,318050,153752,43,318093,153795,6.23683760082145,3.01545283554915,747
-7.6926,53.28823,2021/03/01 00:00:00+00,Mon 01 Mar 2021,5640,810,0,323690,154562,43,323733,154605,6.34742087070992,3.03133447537356,748
-7.6926,53.28823,2021/03/02 00:00:00+00,Tue 02 Mar 2021,12214,1622,0,335904,156184,43,335947,156227,6.5869003136918,3.06313696894787,749
-7.6926,53.28823,2021/03/03 00:00:00+00,Wed 03 Mar 2021,12930,1515,1,348834,157699,44,348878,157743,6.84043794896268,3.09286112447108,750
-7.6926,53.28823,2021/03/04 00:00:00+00,Thu 04 Mar 2021,18746,1700,5,367580,159399,49,367629,159448,7.20808810741635,3.12629099595332,751
-7.6926,53.28823,2021/03/05 00:00:00+00,Fri 05 Mar 2021,18480,2408,6,386060,161807,55,386115,161862,7.57054242074229,3.1736222040226,752
-7.6926,53.28823,2021/03/06 00:00:00+00,Sat 06 Mar 2021,10417,151,5,396477,161958,60,396537,162018,7.774886186483,3.17668089021101,753
-7.6926,53.28823,2021/03/07 00:00:00+00,Sun 07 Mar 2021,1540,18,5,398017,161976,65,398082,162041,7.80517894392585,3.17713185035417,754
-7.6926,53.28823,2021/03/08 00:00:00+00,Mon 08 Mar 2021,6687,1514,6,404704,163490,71,404775,163561,7.93640834558605,3.20693443372837,755
-7.6926,53.28823,2021/03/09 00:00:00+00,Tue 09 Mar 2021,13866,3116,7,418570,166606,78,418648,166684,8.20841573976384,3.2681669783847,756
-7.6926,53.28823,2021/03/10 00:00:00+00,Wed 10 Mar 2021,13767,4008,3,432337,170614,81,432418,170695,8.47840361677878,3.34681050595963,757
-7.6926,53.28823,2021/03/11 00:00:00+00,Thu 11 Mar 2021,18515,2109,4,450852,172723,85,450937,172808,8.84150495987533,3.38824001824232,758
-7.6926,53.28823,2021/03/12 00:00:00+00,Fri 12 Mar 2021,17366,1353,4,468218,174076,89,468307,174165,9.18207790277652,3.41484666668889,759
-7.6926,53.28823,2021/03/13 00:00:00+00,Sat 13 Mar 2021,8340,181,0,476558,174257,89,476647,174346,9.34559997207968,3.41839552694595,760
-7.6926,53.28823,2021/03/14 00:00:00+00,Sun 14 Mar 2021,400,23,3,476958,174280,92,477050,174372,9.3535015780664,3.41890530797735,761
-7.6926,53.28823,2021/03/15 00:00:00+00,Mon 15 Mar 2021,2681,1007,0,479639,175287,92,479731,175379,9.40606784518891,3.43864951946275,762
-7.6926,53.28823,2021/03/16 00:00:00+00,Tue 16 Mar 2021,8980,3834,2,488619,179121,94,488713,179215,9.58217758457512,3.51386182855711,763
-7.6926,53.28823,2021/03/17 00:00:00+00,Wed 17 Mar 2021,4915,2430,8,493534,181551,102,493636,181653,9.67870266217458,3.5616636037323,764
-7.6926,53.28823,2021/03/18 00:00:00+00,Thu 18 Mar 2021,11756,4693,8,505290,186244,110,505400,186354,9.90935897192067,3.65383593560211,765
-7.6926,53.28823,2021/03/19 00:00:00+00,Fri 19 Mar 2021,10400,6144,2,515690,192388,112,515802,192500,10.1133105984065,3.77434032864015,766
-7.6926,53.28823,2021/03/20 00:00:00+00,Sat 20 Mar 2021,5266,3131,4,520956,195519,116,521072,195635,10.2166392920788,3.83580815684943,767
-7.6926,53.28823,2021/03/21 00:00:00+00,Sun 21 Mar 2021,3661,59,3,524617,195578,119,524736,195697,10.2884792035809,3.83702378853969,768
-7.6926,53.28823,2021/03/22 00:00:00+00,Mon 22 Mar 2021,7436,2422,1,532053,198000,120,532173,198120,10.4342961855242,3.88453145927369,769
-7.6926,53.28823,2021/03/23 00:00:00+00,Tue 23 Mar 2021,12584,7412,6,544637,205412,126,544763,205538,10.6811478464987,4.02997590892487,770
-7.6926,53.28823,2021/03/24 00:00:00+00,Wed 24 Mar 2021,13652,9790,2,558289,215202,128,558417,215330,10.948861315835,4.22196728813549,771
-7.6926,53.28823,2021/03/25 00:00:00+00,Thu 25 Mar 2021,20901,10236,3,579190,225438,131,579321,225569,11.3587252650812,4.42272297969366,772
-7.6926,53.28823,2021/03/26 00:00:00+00,Fri 26 Mar 2021,19722,9517,1,598912,234955,132,599044,235087,11.7454333913242,4.60934205111182,773
-7.6926,53.28823,2021/03/27 00:00:00+00,Sat 27 Mar 2021,11777,5365,3,610689,240320,135,610824,240455,11.9764034124742,4.71459222713333,774
-7.6926,53.28823,2021/03/28 00:00:00+00,Sun 28 Mar 2021,2505,490,0,613194,240810,135,613329,240945,12.0255188541534,4.72419963887896,775
-7.6926,53.28823,2021/03/28 23:00:00+00,Mon 29 Mar 2021,9298,3132,3,622492,243942,138,622630,244080,12.2078832146557,4.78566746708824,776
-7.6926,53.28823,2021/03/29 23:00:00+00,Tue 30 Mar 2021,13356,8684,4,635848,252626,142,635990,252768,12.4698322369447,4.95601275942708,777
-7.6926,53.28823,2021/03/30 23:00:00+00,Wed 31 Mar 2021,15860,10518,4,651708,263144,146,651854,263290,12.7808770939501,5.16231722144241,778
-7.6926,53.28823,2021/03/31 23:00:00+00,Thu 01 Apr 2021,19737,11597,9,671445,274741,155,671600,274896,13.1680361803362,5.3898756310746,779
-7.6926,53.28823,2021/04/01 23:00:00+00,Fri 02 Apr 2021,20167,13731,9,691612,288472,164,691776,288636,13.5636262607032,5.65927529920715,780
-7.6926,53.28823,2021/04/02 23:00:00+00,Sat 03 Apr 2021,7564,4644,7,699176,293116,171,699347,293287,13.7120705756545,5.75046728293965,781
-7.6926,53.28823,2021/04/03 23:00:00+00,Sun 04 Apr 2021,3051,175,3,702227,293291,174,702401,293465,13.7719502398814,5.75395732230847,782
-7.6926,53.28823,2021/04/04 23:00:00+00,Mon 05 Apr 2021,3456,618,6,705683,293909,180,705863,294089,13.8398295449087,5.76619206706209,783
-7.6926,53.28823,2021/04/05 23:00:00+00,Tue 06 Apr 2021,12020,8162,14,717703,302071,194,717897,302265,14.0757797345962,5.92649859447488,784
-7.6926,53.28823,2021/04/06 23:00:00+00,Wed 07 Apr 2021,18388,10500,12,736091,312571,206,736297,312777,14.436547849126,6.13260698686275,785
-7.6926,53.28823,2021/04/07 23:00:00+00,Thu 08 Apr 2021,20208,10585,18,756299,323156,224,756523,323380,14.8331182776303,6.34049961286052,786
-7.6926,53.28823,2021/04/08 23:00:00+00,Fri 09 Apr 2021,20690,9174,16,776989,332330,240,777229,332570,15.2391000482527,6.52068760049794,787
-7.6926,53.28823,2021/04/09 23:00:00+00,Sat 10 Apr 2021,11195,4191,12,788184,336521,252,788436,336773,15.4588352797492,6.60309566492014,788
-7.6926,53.28823,2021/04/10 23:00:00+00,Sun 11 Apr 2021,2878,371,9,791062,336892,261,791323,337153,15.5154405811974,6.61054631076369,789
-7.6926,53.28823,2021/04/11 23:00:00+00,Mon 12 Apr 2021,7798,2811,14,798860,339703,275,799135,339978,15.6686101741706,6.66593598052166,790
-7.6926,53.28823,2021/04/12 23:00:00+00,Tue 13 Apr 2021,11536,8599,1,810396,348302,276,810672,348578,15.8948157033733,6.83455586013883,791
-7.6926,53.28823,2021/04/13 23:00:00+00,Wed 14 Apr 2021,20362,6604,2,830758,354906,278,831036,355184,16.2940918927366,6.96407945604011,792
-7.6926,53.28823,2021/04/14 23:00:00+00,Thu 15 Apr 2021,27125,10826,1,857883,365732,279,858162,366011,16.8259503641895,7.17636404169303,793
-7.6926,53.28823,2021/04/15 23:00:00+00,Fri 16 Apr 2021,27982,9853,1,885865,375585,280,886145,375865,17.374612002716,7.36957105259391,794
-7.6926,53.28823,2021/04/16 23:00:00+00,Sat 17 Apr 2021,15864,4569,3,901729,380154,283,902012,380437,17.6857156806096,7.45921408626946,795
-7.6926,53.28823,2021/04/17 23:00:00+00,Sun 18 Apr 2021,1082,490,0,902811,380644,283,903094,380927,17.706930414301,7.46882149801509,796
-7.6926,53.28823,2021/04/18 23:00:00+00,Mon 19 Apr 2021,6774,2271,0,909585,382915,283,909868,383198,17.8397479799436,7.51334891041167,797
-7.6926,53.28823,2021/04/19 23:00:00+00,Tue 20 Apr 2021,15107,7336,1,924692,390251,284,924976,390535,18.135969973113,7.65720519608041,798
-7.6926,53.28823,2021/04/20 23:00:00+00,Wed 21 Apr 2021,26753,9908,4,951445,400159,288,951733,400447,18.6605934753126,7.85154941082057,799
