X,Y,VaccinationDate,VaccineText,Dose1,Dose2,SingleDose,Dose1Cum,Dose2Cum,SingleDoseCum,PartiallyVacc,FullyVacc,PartialPercent,FullyPercent,ObjectId
-7.6926,53.28823,2020/12/28 00:00:00+00,Mon 28 Dec 2020,298,23,4,298,23,4,302,27,0.00592130274934714,0.000529387994146929,1
-7.6926,53.28823,2020/12/29 00:00:00+00,Tue 29 Dec 2020,81,3,0,379,26,4,383,30,0.00750946673178793,0.000588208882385477,2
-7.6926,53.28823,2020/12/30 00:00:00+00,Wed 30 Dec 2020,1066,2,0,1445,28,4,1449,32,0.0284104890192186,0.000627422807877842,3
-7.6926,53.28823,2020/12/31 00:00:00+00,Thu 31 Dec 2020,1042,2,0,2487,30,4,2491,34,0.0488409442007408,0.000666636733370208,4
-7.6926,53.28823,2021/01/01 00:00:00+00,Fri 01 Jan 2021,827,1,0,3314,31,4,3318,35,0.0650559023918338,0.00068624369611639,5
-7.6926,53.28823,2021/01/02 00:00:00+00,Sat 02 Jan 2021,1021,0,0,4335,31,4,4339,35,0.0850746113556862,0.00068624369611639,6
-7.6926,53.28823,2021/01/03 00:00:00+00,Sun 03 Jan 2021,26,3,1,4361,34,5,4366,39,0.0856039993498331,0.00076467154710112,7
-7.6926,53.28823,2021/01/04 00:00:00+00,Mon 04 Jan 2021,1198,5,0,5559,39,5,5564,44,0.10909314071976,0.000862706360832033,8
-7.6926,53.28823,2021/01/05 00:00:00+00,Tue 05 Jan 2021,3546,14,0,9105,53,5,9110,58,0.178619430617723,0.00113720383927859,9
-7.6926,53.28823,2021/01/06 00:00:00+00,Wed 06 Jan 2021,6798,14,0,15903,67,5,15908,72,0.311907563366272,0.00141170131772515,10
-7.6926,53.28823,2021/01/07 00:00:00+00,Thu 07 Jan 2021,11743,9,0,27646,76,5,27651,81,0.542152126894694,0.00158816398244079,11
-7.6926,53.28823,2021/01/08 00:00:00+00,Fri 08 Jan 2021,12692,8,0,40338,84,5,40343,89,0.791003698069244,0.00174501968441025,12
-7.6926,53.28823,2021/01/09 00:00:00+00,Sat 09 Jan 2021,8083,7,0,48421,91,5,48426,96,0.949486777946637,0.00188226842363353,13
-7.6926,53.28823,2021/01/10 00:00:00+00,Sun 10 Jan 2021,4790,6,1,53211,97,6,53217,103,1.0434237364636,0.00201951716285681,14
-7.6926,53.28823,2021/01/11 00:00:00+00,Mon 11 Jan 2021,8356,8,0,61567,105,6,61573,111,1.2072595171707,0.00217637286482627,15
-7.6926,53.28823,2021/01/12 00:00:00+00,Tue 12 Jan 2021,8902,15,0,70469,120,6,70475,126,1.38180069953722,0.002470477306019,16
-7.6926,53.28823,2021/01/13 00:00:00+00,Wed 13 Jan 2021,9908,6,0,80377,126,6,80383,132,1.57606648642639,0.0025881190824961,17
-7.6926,53.28823,2021/01/14 00:00:00+00,Thu 14 Jan 2021,8102,6,0,88479,132,6,88485,138,1.73492209859597,0.00270576085897319,18
-7.6926,53.28823,2021/01/15 00:00:00+00,Fri 15 Jan 2021,7708,5,0,96187,137,6,96193,143,1.88605256744354,0.00280379567270411,19
-7.6926,53.28823,2021/01/16 00:00:00+00,Sat 16 Jan 2021,5249,3,0,101436,140,6,101442,146,1.98896951489825,0.00286261656094266,20
-7.6926,53.28823,2021/01/17 00:00:00+00,Sun 17 Jan 2021,1117,5,0,102553,145,6,102559,151,2.01087049228574,0.00296065137467357,21
-7.6926,53.28823,2021/01/18 00:00:00+00,Mon 18 Jan 2021,8732,9,1,111285,154,7,111292,161,2.18209809794815,0.00315672100213539,22
-7.6926,53.28823,2021/01/19 00:00:00+00,Tue 19 Jan 2021,8401,21,0,119686,175,7,119693,182,2.34681619197883,0.00356846721980523,23
-7.6926,53.28823,2021/01/20 00:00:00+00,Wed 20 Jan 2021,8459,966,0,128145,1141,7,128152,1148,2.51267148984879,0.0225087932326176,24
-7.6926,53.28823,2021/01/21 00:00:00+00,Thu 21 Jan 2021,9025,967,0,137170,2108,7,137177,2115,2.68962432863309,0.0414687262081761,25
-7.6926,53.28823,2021/01/22 00:00:00+00,Fri 22 Jan 2021,6800,972,0,143970,3080,7,143977,3087,2.82295167530713,0.0605266939974656,26
-7.6926,53.28823,2021/01/23 00:00:00+00,Sat 23 Jan 2021,4201,461,0,148171,3541,7,148178,3548,2.90532052580384,0.0695655038234558,27
-7.6926,53.28823,2021/01/24 00:00:00+00,Sun 24 Jan 2021,1191,400,0,149362,3941,7,149369,3948,2.92867241843454,0.0774082889219288,28
-7.6926,53.28823,2021/01/25 00:00:00+00,Mon 25 Jan 2021,1378,1295,0,150740,5236,7,150747,5243,2.95569081309878,0.102799305678235,29
-7.6926,53.28823,2021/01/26 00:00:00+00,Tue 26 Jan 2021,1012,3508,0,151752,8744,7,151759,8751,2.97553305939792,0.171580530991844,30
-7.6926,53.28823,2021/01/27 00:00:00+00,Wed 27 Jan 2021,2195,6712,0,153947,15456,7,153954,15463,3.01857034262579,0.303182464944221,31
-7.6926,53.28823,2021/01/28 00:00:00+00,Thu 28 Jan 2021,1028,11545,0,154975,27001,7,154982,27008,3.03872630032887,0.529544849848899,32
-7.6926,53.28823,2021/01/29 00:00:00+00,Fri 29 Jan 2021,1597,11527,0,156572,38528,7,156579,38535,3.07003861983452,0.755554309424145,33
-7.6926,53.28823,2021/01/30 00:00:00+00,Sat 30 Jan 2021,660,7796,0,157232,46324,7,157239,46331,3.082979215247,0.908410190993385,34
-7.6926,53.28823,2021/01/31 00:00:00+00,Sun 31 Jan 2021,241,4088,0,157473,50412,7,157480,50419,3.08770449326883,0.988563454699779,35
-7.6926,53.28823,2021/02/01 00:00:00+00,Mon 01 Feb 2021,1047,8337,1,158520,58749,8,158528,58757,3.10825259022683,1.15204631007745,36
-7.6926,53.28823,2021/02/02 00:00:00+00,Tue 02 Feb 2021,854,5113,1,159374,63862,9,159383,63871,3.12501654337482,1.25231631756143,37
-7.6926,53.28823,2021/02/03 00:00:00+00,Wed 03 Feb 2021,1416,6873,0,160790,70735,9,160799,70744,3.15278000262341,1.38707497251594,38
-7.6926,53.28823,2021/02/04 00:00:00+00,Thu 04 Feb 2021,1460,10543,1,162250,81278,10,162260,81288,3.18142577519558,1.59381078771169,39
-7.6926,53.28823,2021/02/05 00:00:00+00,Fri 05 Feb 2021,3411,8616,0,165661,89894,10,165671,89904,3.24830512512281,1.7627443787328,40
-7.6926,53.28823,2021/02/06 00:00:00+00,Sat 06 Feb 2021,916,3871,0,166577,93765,10,166587,93775,3.26626510299832,1.83864293152327,41
-7.6926,53.28823,2021/02/07 00:00:00+00,Sun 07 Feb 2021,341,1300,2,166918,95065,12,166930,95077,3.27299029122026,1.8641711970188,42
-7.6926,53.28823,2021/02/08 00:00:00+00,Mon 08 Feb 2021,1197,883,0,168115,95948,12,168127,95960,3.29645982562744,1.88148414512368,43
-7.6926,53.28823,2021/02/09 00:00:00+00,Tue 09 Feb 2021,4279,556,3,172394,96504,15,172409,96519,3.38041684010659,1.8924444372988,44
-7.6926,53.28823,2021/02/10 00:00:00+00,Wed 10 Feb 2021,8838,586,0,181232,97090,15,181247,97105,3.55370317685735,1.90393411746806,45
-7.6926,53.28823,2021/02/11 00:00:00+00,Thu 11 Feb 2021,6209,452,0,187441,97542,15,187456,97557,3.6754428085484,1.91279646462933,46
-7.6926,53.28823,2021/02/12 00:00:00+00,Fri 12 Feb 2021,4409,528,0,191850,98070,15,191865,98085,3.76188990729632,1.92314894095932,47
-7.6926,53.28823,2021/02/13 00:00:00+00,Sat 13 Feb 2021,1227,1920,0,193077,99990,15,193092,100005,3.78594765058589,1.96079430943199,48
-7.6926,53.28823,2021/02/14 00:00:00+00,Sun 14 Feb 2021,2712,29,0,195789,100019,15,195804,100034,3.83912173355353,1.96136291135163,49
-7.6926,53.28823,2021/02/15 00:00:00+00,Mon 15 Feb 2021,1978,7898,0,197767,107917,15,197782,107932,3.87790430586548,2.11621870312098,50
-7.6926,53.28823,2021/02/16 00:00:00+00,Tue 16 Feb 2021,5665,8171,0,203432,116088,15,203447,116103,3.98897774982261,2.27642719572004,51
-7.6926,53.28823,2021/02/17 00:00:00+00,Wed 17 Feb 2021,9763,8467,0,213195,124555,15,213210,124570,4.18040052711359,2.44243934929196,52
-7.6926,53.28823,2021/02/18 00:00:00+00,Thu 18 Feb 2021,8478,8362,1,221673,132917,16,221689,132933,4.34664796423847,2.60641237873829,53
-7.6926,53.28823,2021/02/19 00:00:00+00,Fri 19 Feb 2021,9405,6595,3,231078,139512,19,231097,139531,4.53111026975455,2.7357791189376,54
-7.6926,53.28823,2021/02/20 00:00:00+00,Sat 20 Feb 2021,5899,3581,2,236977,143093,21,236998,143114,4.64681095691978,2.80603086645717,55
-7.6926,53.28823,2021/02/21 00:00:00+00,Sun 21 Feb 2021,1121,1026,7,238098,144119,28,238126,144147,4.66892761089747,2.82628485897398,56
-7.6926,53.28823,2021/02/22 00:00:00+00,Mon 22 Feb 2021,3957,1131,3,242055,145250,31,242086,145281,4.74657118337235,2.84851915472815,57
-7.6926,53.28823,2021/02/23 00:00:00+00,Tue 23 Feb 2021,13381,1074,1,255436,146324,32,255468,146356,5.00895155884177,2.8695966396803,58
-7.6926,53.28823,2021/02/24 00:00:00+00,Wed 24 Feb 2021,16958,2113,6,272394,148437,38,272432,148475,5.34156407486801,2.91114379373946,59
-7.6926,53.28823,2021/02/25 00:00:00+00,Thu 25 Feb 2021,18111,1770,3,290505,150207,41,290546,150248,5.69672459805236,2.94590693868844,60
-7.6926,53.28823,2021/02/26 00:00:00+00,Fri 26 Feb 2021,16102,2783,1,306607,152990,42,306649,153032,6.01245551915414,3.00049272297381,61
-7.6926,53.28823,2021/02/27 00:00:00+00,Sat 27 Feb 2021,9012,707,1,315619,153697,43,315662,153740,6.18917307438548,3.01437445259811,62
-7.6926,53.28823,2021/02/28 00:00:00+00,Sun 28 Feb 2021,2454,61,2,318073,153758,45,318118,153803,6.23732777489011,3.01560969125112,63
-7.6926,53.28823,2021/03/01 00:00:00+00,Mon 01 Mar 2021,5643,811,0,323716,154569,45,323761,154614,6.34796986566682,3.03151093803827,64
-7.6926,53.28823,2021/03/02 00:00:00+00,Tue 02 Mar 2021,12215,1623,0,335931,156192,45,335976,156237,6.58746891561144,3.06333303857533,65
-7.6926,53.28823,2021/03/03 00:00:00+00,Wed 03 Mar 2021,12930,1516,1,348861,157708,46,348907,157754,6.84100655088232,3.09307680106129,66
-7.6926,53.28823,2021/03/04 00:00:00+00,Thu 04 Mar 2021,18746,1701,5,367607,159409,51,367658,159460,7.20865670933599,3.12652627950627,67
-7.6926,53.28823,2021/03/05 00:00:00+00,Fri 05 Mar 2021,18481,2408,6,386088,161817,57,386145,161874,7.57113062962467,3.17385748757556,68
-7.6926,53.28823,2021/03/06 00:00:00+00,Sat 06 Mar 2021,10418,152,5,396506,161969,62,396568,162031,7.77549400232813,3.17693578072671,69
-7.6926,53.28823,2021/03/07 00:00:00+00,Sun 07 Mar 2021,1541,19,5,398047,161988,67,398114,162055,7.80580636673373,3.17740634783262,70
-7.6926,53.28823,2021/03/08 00:00:00+00,Mon 08 Mar 2021,6688,1513,6,404735,163501,73,404808,163574,7.93705537535667,3.20718932424407,71
-7.6926,53.28823,2021/03/09 00:00:00+00,Tue 09 Mar 2021,13868,3116,7,418603,166617,80,418683,166697,8.20910198345996,3.2684218689004,72
-7.6926,53.28823,2021/03/10 00:00:00+00,Wed 10 Mar 2021,13767,4009,3,432370,170626,83,432453,170709,8.47908986047489,3.34708500343808,73
-7.6926,53.28823,2021/03/11 00:00:00+00,Thu 11 Mar 2021,18516,2110,4,450886,172736,87,450973,172823,8.84221081053419,3.38853412268351,74
-7.6926,53.28823,2021/03/12 00:00:00+00,Fri 12 Mar 2021,17366,1353,4,468252,174089,91,468343,174180,9.18278375343538,3.41514077113008,75
-7.6926,53.28823,2021/03/13 00:00:00+00,Sat 13 Mar 2021,8342,181,0,476594,174270,91,476685,174361,9.34634503666404,3.41868963138714,76
-7.6926,53.28823,2021/03/14 00:00:00+00,Sun 14 Mar 2021,400,23,3,476994,174293,94,477088,174387,9.35424664265075,3.41919941241854,77
-7.6926,53.28823,2021/03/15 00:00:00+00,Mon 15 Mar 2021,2682,1007,0,479676,175300,94,479770,175394,9.40683251673601,3.43894362390395,78
-7.6926,53.28823,2021/03/16 00:00:00+00,Tue 16 Mar 2021,8980,3834,2,488656,179134,96,488752,179230,9.58294225612222,3.5141559329983,79
-7.6926,53.28823,2021/03/17 00:00:00+00,Wed 17 Mar 2021,4915,2430,8,493571,181564,104,493675,181668,9.67946733372168,3.5619577081735,80
-7.6926,53.28823,2021/03/18 00:00:00+00,Thu 18 Mar 2021,11761,4694,8,505332,186258,112,505444,186370,9.9102216782815,3.65414964700605,81
-7.6926,53.28823,2021/03/19 00:00:00+00,Fri 19 Mar 2021,10400,6145,2,515732,192403,114,515846,192517,10.1141733047673,3.77467364700683,82
-7.6926,53.28823,2021/03/20 00:00:00+00,Sat 20 Mar 2021,5267,3131,4,520999,195534,118,521117,195652,10.2175216054024,3.83614147521611,83
-7.6926,53.28823,2021/03/21 00:00:00+00,Sun 21 Mar 2021,3661,59,3,524660,195593,121,524781,195714,10.2893615169044,3.83735710690638,84
-7.6926,53.28823,2021/03/22 00:00:00+00,Mon 22 Mar 2021,7438,2424,1,532098,198017,122,532220,198139,10.4352177127733,3.88490399156587,85
-7.6926,53.28823,2021/03/23 00:00:00+00,Tue 23 Mar 2021,12584,7412,6,544682,205429,128,544810,205557,10.6820693737477,4.03034844121705,86
-7.6926,53.28823,2021/03/24 00:00:00+00,Wed 24 Mar 2021,13652,9791,2,558334,215220,130,558464,215350,10.9497828430841,4.22235942739042,87
-7.6926,53.28823,2021/03/25 00:00:00+00,Thu 25 Mar 2021,20901,10236,3,579235,225456,133,579368,225589,11.3596467923303,4.42311511894858,88
-7.6926,53.28823,2021/03/26 00:00:00+00,Fri 26 Mar 2021,19724,9517,1,598959,234973,134,599093,235107,11.7463941324988,4.60973419036675,89
-7.6926,53.28823,2021/03/27 00:00:00+00,Sat 27 Mar 2021,11777,5365,3,610736,240338,137,610873,240475,11.9773641536488,4.71498436638825,90
-7.6926,53.28823,2021/03/28 00:00:00+00,Sun 28 Mar 2021,2505,490,0,613241,240828,137,613378,240965,12.026479595328,4.72459177813388,91
-7.6926,53.28823,2021/03/28 23:00:00+00,Mon 29 Mar 2021,9298,3133,3,622539,243961,140,622679,244101,12.2088439558302,4.78607921330591,92
-7.6926,53.28823,2021/03/29 23:00:00+00,Tue 30 Mar 2021,13356,8685,4,635895,252646,144,636039,252790,12.4707929781192,4.95644411260749,93
-7.6926,53.28823,2021/03/30 23:00:00+00,Wed 31 Mar 2021,15863,10519,4,651758,263165,148,651906,263313,12.7818966560129,5.16276818158557,94
-7.6926,53.28823,2021/03/31 23:00:00+00,Thu 01 Apr 2021,19739,11596,9,671497,274761,157,671654,274918,13.1690949563245,5.39030698425502,95
-7.6926,53.28823,2021/04/01 23:00:00+00,Fri 02 Apr 2021,20167,13731,9,691664,288492,166,691830,288658,13.5646850366915,5.65970665238757,96
-7.6926,53.28823,2021/04/02 23:00:00+00,Sat 03 Apr 2021,7565,4644,7,699229,293136,173,699402,293309,13.7131489586056,5.75089863612006,97
-7.6926,53.28823,2021/04/03 23:00:00+00,Sun 04 Apr 2021,3051,175,3,702280,293311,176,702456,293487,13.7730286228324,5.75438867548888,98
-7.6926,53.28823,2021/04/04 23:00:00+00,Mon 05 Apr 2021,3459,619,6,705739,293930,182,705921,294112,13.8409667487479,5.76664302720525,99
-7.6926,53.28823,2021/04/05 23:00:00+00,Tue 06 Apr 2021,12022,8162,14,717761,302092,196,717957,302288,14.076956152361,5.92694955461804,100
-7.6926,53.28823,2021/04/06 23:00:00+00,Wed 07 Apr 2021,18390,10500,12,736151,312592,208,736359,312800,14.4377634808163,6.13305794700591,101
-7.6926,53.28823,2021/04/07 23:00:00+00,Thu 08 Apr 2021,20208,10586,18,756359,323178,226,756585,323404,14.8343339093205,6.34097017996643,102
-7.6926,53.28823,2021/04/08 23:00:00+00,Fri 09 Apr 2021,20690,9174,16,777049,332352,242,777291,332594,15.240315679943,6.52115816760385,103
-7.6926,53.28823,2021/07/21 23:00:00+00,Thu 22 Jul 2021,33568,15959,6939,2980771,2436737,196355,3177126,2633092,62.2937911219281,51.6269367512714,104
-7.6926,53.28823,2021/07/22 23:00:00+00,Fri 23 Jul 2021,27111,20876,5616,3007882,2457613,201971,3209853,2659584,62.9354681917224,52.1463644083432,105
-7.6926,53.28823,2021/07/23 23:00:00+00,Sat 24 Jul 2021,15460,14835,2277,3023342,2472448,204248,3227590,2676696,63.2832368899514,52.4818787548559,106
-7.6926,53.28823,2021/07/24 23:00:00+00,Sun 25 Jul 2021,14748,13664,1046,3038090,2486112,205294,3243384,2691406,63.5929092595646,52.7702971768523,107
-7.6926,53.28823,2021/07/25 23:00:00+00,Mon 26 Jul 2021,23872,18347,3422,3061962,2504459,208716,3270678,2713175,64.1280617007589,53.1971211488739,108
-7.6926,53.28823,2021/07/26 23:00:00+00,Tue 27 Jul 2021,25540,23942,3672,3087502,2528401,212388,3299890,2740789,64.7008202965004,53.738547818147,109
-7.6926,53.28823,2022/02/13 00:00:00+00,Sun 13 Feb 2022,1566,4706,0,3823863,3730145,241187,4065050,3971332,79.7032839113695,77.8657585767227,110
-7.6926,53.28823,2021/07/27 23:00:00+00,Wed 28 Jul 2021,23460,25331,3265,3110962,2553732,215653,3326615,2769385,65.2248163758921,54.2992285248368,111
-7.6926,53.28823,2021/07/28 23:00:00+00,Thu 29 Jul 2021,19308,27905,2966,3130270,2581637,218619,3348889,2800256,65.6615418641006,54.9045150717742,112
-7.6926,53.28823,2022/02/14 00:00:00+00,Mon 14 Feb 2022,175,954,0,3824038,3731099,241187,4065225,3972286,79.7067151298501,77.8844636191826,113
-7.6926,53.28823,2021/07/29 23:00:00+00,Fri 30 Jul 2021,21983,22980,2125,3152253,2604617,220744,3372997,2825361,66.1342265219856,55.3967478715171,114
-7.6926,53.28823,2022/02/15 00:00:00+00,Tue 15 Feb 2022,650,819,1,3824688,3731918,241188,4065876,3973106,79.7194792625978,77.9005413286345,115
-7.6926,53.28823,2021/07/30 23:00:00+00,Sat 31 Jul 2021,13772,12516,907,3166025,2617133,221651,3387676,2838784,66.4220371281368,55.6599321324592,116
-7.6926,53.28823,2022/02/16 00:00:00+00,Wed 16 Feb 2022,799,1787,0,3825487,3733705,241188,4066675,3974893,79.735145225832,77.9355789710619,117
-7.6926,53.28823,2021/07/31 23:00:00+00,Sun 01 Aug 2021,11167,9372,370,3177192,2626505,222021,3399213,2848526,66.6482426573395,55.8509431635325,118
-7.6926,53.28823,2022/02/17 00:00:00+00,Thu 17 Feb 2022,791,1194,2,3826278,3734899,241190,4067468,3976089,79.7506935472897,77.9590288985063,119
-7.6926,53.28823,2021/08/01 23:00:00+00,Mon 02 Aug 2021,15048,16076,431,3192240,2642581,222452,3414692,2865033,66.9517388336877,56.1745952975837,120
-7.6926,53.28823,2022/02/18 00:00:00+00,Fri 18 Feb 2022,792,3296,0,3827070,3738195,241190,4068260,3979385,79.7662222617847,78.0236534477177,121
-7.6926,53.28823,2021/08/02 23:00:00+00,Tue 03 Aug 2021,17366,25471,1111,3209606,2668052,223563,3433169,2891615,67.3140166843489,56.6957875813027,122
-7.6926,53.28823,2022/02/19 00:00:00+00,Sat 19 Feb 2022,980,3557,0,3828050,3741752,241190,4069240,3982942,79.785437085276,78.0933954142059,123
-7.6926,53.28823,2021/08/03 23:00:00+00,Wed 04 Aug 2021,22152,17350,1576,3231758,2685402,225139,3456897,2910541,67.7792506963903,57.066868958237,124
-7.6926,53.28823,2022/02/20 00:00:00+00,Sun 20 Feb 2022,1365,3588,0,3829415,3745340,241190,4070605,3986530,79.8122005894245,78.1637451965392,125
-7.6926,53.28823,2021/08/04 23:00:00+00,Thu 05 Aug 2021,13564,30086,1421,3245322,2715488,226560,3471882,2942048,68.0730610331418,57.6846255334809,126
-7.6926,53.28823,2022/02/21 00:00:00+00,Mon 21 Feb 2022,255,997,1,3829670,3746337,241191,4070861,3987528,79.8172199718875,78.1833129453599,127
-7.6926,53.28823,2021/08/05 23:00:00+00,Fri 06 Aug 2021,12243,24780,949,3257565,2740268,227509,3485074,2967777,68.3317160856895,58.1890930779775,128
-7.6926,53.28823,2022/02/22 00:00:00+00,Tue 22 Feb 2022,477,988,1,3830147,3747325,241192,4071339,3988517,79.8265921000802,78.2027042315159,129
-7.6926,53.28823,2021/08/06 23:00:00+00,Sat 07 Aug 2021,6353,8494,585,3263918,2748762,228094,3492012,2976856,68.4677491932225,58.3671046927501,130
-7.6926,53.28823,2022/02/23 00:00:00+00,Wed 23 Feb 2022,829,1273,1,3830976,3748598,241193,4072169,3989791,79.8428658791595,78.2276835020545,131
-7.6926,53.28823,2021/08/07 23:00:00+00,Sun 08 Aug 2021,8637,12009,153,3272555,2760771,228247,3500802,2989018,68.6400943957614,58.6055645736691,132
-7.6926,53.28823,2022/02/24 00:00:00+00,Thu 24 Feb 2022,653,1237,0,3831629,3749835,241193,4072822,3991028,79.8556692258328,78.2519373149715,133
-7.6926,53.28823,2021/08/08 23:00:00+00,Mon 09 Aug 2021,5573,23061,601,3278128,2783832,228848,3506976,3012680,68.7611477837564,59.0695045261693,134
-7.6926,53.28823,2022/02/25 00:00:00+00,Fri 25 Feb 2022,693,1228,0,3832322,3751063,241193,4073515,3992256,79.8692568510159,78.2760146652239,135
-7.6926,53.28823,2021/08/09 23:00:00+00,Tue 10 Aug 2021,9387,26046,718,3287515,2809878,229566,3517081,3039444,68.9592761423065,59.5942652771081,136
-7.6926,53.28823,2022/02/26 00:00:00+00,Sat 26 Feb 2022,960,2094,0,3833282,3753157,241193,4074475,3994350,79.8880795352522,78.3170716452144,137
-7.6926,53.28823,2021/08/10 23:00:00+00,Wed 11 Aug 2021,7047,31261,668,3294562,2841139,230234,3524796,3071373,69.1105438598933,60.220295990631,138
-7.6926,53.28823,2022/02/27 00:00:00+00,Sun 27 Feb 2022,671,1783,0,3833953,3754940,241193,4075146,3996133,79.9012358072549,78.3520308597908,139
-7.6926,53.28823,2021/08/11 23:00:00+00,Thu 12 Aug 2021,6799,38324,865,3301361,2879463,231099,3532460,3110562,69.2608116223801,60.9886732536912,140
-7.6926,53.28823,2022/02/28 00:00:00+00,Mon 28 Feb 2022,81,437,0,3834034,3755377,241193,4075227,3996570,79.9028239712374,78.3605991025109,141
-7.6926,53.28823,2021/08/12 23:00:00+00,Fri 13 Aug 2021,10958,28254,875,3312319,2907717,231974,3544293,3139691,69.4928208125557,61.5598044715247,142
-7.6926,53.28823,2022/03/01 00:00:00+00,Tue 01 Mar 2022,131,937,1,3834165,3756314,241194,4075359,3997508,79.9054120903199,78.3789904335668,143
-7.6926,53.28823,2022/09/06 23:00:00+00,Wed 07 Sep 2022,48,42,0,3861015,3815248,241234,4102249,4056482,80.4326433185647,79.5352914545602,144
-7.6926,53.28823,2021/08/13 23:00:00+00,Sat 14 Aug 2021,18156,5866,281,3330475,2913583,232255,3562730,3145838,69.854314384707,61.6803284715255,145
-7.6926,53.28823,2021/08/14 23:00:00+00,Sun 15 Aug 2021,17008,3745,54,3347483,2917328,232309,3579792,3149637,70.1888483830824,61.7548153229982,146
-7.6926,53.28823,2021/08/15 23:00:00+00,Mon 16 Aug 2021,10210,23187,386,3357693,2940515,232695,3590388,3173210,70.396603760341,62.217010255814,147
-7.6926,53.28823,2021/08/16 23:00:00+00,Tue 17 Aug 2021,12887,26890,532,3370580,2967405,233227,3603807,3200632,70.659709593432,62.7546723882398,148
-7.6926,53.28823,2021/08/17 23:00:00+00,Wed 18 Aug 2021,15253,25804,659,3385833,2993209,233886,3619719,3227095,70.9716955846492,63.2735314433921,149
-7.6926,53.28823,2021/08/18 23:00:00+00,Thu 19 Aug 2021,11384,25749,545,3397217,3018958,234431,3631648,3253389,71.2055870432485,63.7890769218402,150
-7.6926,53.28823,2021/08/19 23:00:00+00,Fri 20 Aug 2021,14873,22299,686,3412090,3041257,235117,3647207,3276374,71.5106517766163,64.2397429605612,151
-7.6926,53.28823,2021/08/20 23:00:00+00,Sat 21 Aug 2021,11920,8006,246,3424010,3049263,235363,3659373,3284626,71.7491900853864,64.4015396171427,152
-7.6926,53.28823,2021/08/21 23:00:00+00,Sun 22 Aug 2021,8011,12269,162,3432021,3061532,235525,3667546,3297057,71.9094377919109,64.6452737710405,153
-7.6926,53.28823,2021/08/22 23:00:00+00,Mon 23 Aug 2021,10892,15425,294,3442913,3076957,235819,3678732,3312776,72.1287612771897,64.9534756184477,154
-7.6926,53.28823,2021/08/23 23:00:00+00,Tue 24 Aug 2021,9727,22948,384,3452640,3099905,236203,3688843,3336108,72.3270072775164,65.4109452732417,155
-7.6926,53.28823,2021/08/24 23:00:00+00,Wed 25 Aug 2021,9426,19563,318,3462066,3119468,236521,3698587,3355989,72.5180575225152,65.8007512995985,156
-7.6926,53.28823,2021/08/25 23:00:00+00,Thu 26 Aug 2021,8605,19471,370,3470671,3138939,236891,3707562,3375830,72.6940300131622,66.1897730474455,157
-7.6926,53.28823,2021/08/26 23:00:00+00,Fri 27 Aug 2021,9739,19254,432,3480410,3158193,237323,3717733,3395516,72.8934524312536,66.5757557160669,158
-7.6926,53.28823,2021/08/27 23:00:00+00,Sat 28 Aug 2021,9939,7952,155,3490349,3166145,237478,3727827,3403623,73.0913651132135,66.7347093630502,159
-7.6926,53.28823,2021/08/28 23:00:00+00,Sun 29 Aug 2021,8808,9207,30,3499157,3175352,237508,3736665,3412860,73.2646514499643,66.9158188779367,160
-7.6926,53.28823,2021/08/29 23:00:00+00,Mon 30 Aug 2021,5077,11182,85,3504234,3186534,237593,3741827,3424127,73.3658625916601,67.1367305271979,161
-7.6926,53.28823,2021/08/30 23:00:00+00,Tue 31 Aug 2021,4088,12926,146,3508322,3199460,237739,3746061,3437199,73.4488784719274,67.393032744216,162
-7.6926,53.28823,2021/08/31 23:00:00+00,Wed 01 Sep 2021,5010,12584,184,3513332,3212044,237923,3751255,3449967,73.5507170364311,67.6433744445593,163
-7.6926,53.28823,2021/09/01 23:00:00+00,Thu 02 Sep 2021,5016,12397,249,3518348,3224441,238172,3756520,3462613,73.6539476952898,67.8913240954475,164
-7.6926,53.28823,2021/09/02 23:00:00+00,Fri 03 Sep 2021,4790,16126,167,3523138,3240567,238339,3761477,3478906,73.7511394096226,68.210780339471,165
-7.6926,53.28823,2021/09/03 23:00:00+00,Sat 04 Sep 2021,4635,10601,136,3527773,3251168,238475,3766248,3489643,73.8446842288846,68.4213002984768,166
-7.6926,53.28823,2021/09/04 23:00:00+00,Sun 05 Sep 2021,5310,11914,1,3533083,3263082,238476,3771559,3501558,73.9488168080296,68.6549172595976,167
-7.6926,53.28823,2021/09/05 23:00:00+00,Mon 06 Sep 2021,2175,9715,76,3535258,3272797,238552,3773810,3511349,73.9929520811713,68.8468890318454,168
-7.6926,53.28823,2021/09/06 23:00:00+00,Tue 07 Sep 2021,3043,10053,162,3538301,3282850,238714,3777015,3521564,74.0557923967728,69.0471741562977,169
-7.6926,53.28823,2021/09/07 23:00:00+00,Wed 08 Sep 2021,2617,14829,191,3540918,3297679,238905,3779823,3536584,74.110848748164,69.3416707367454,170
-7.6926,53.28823,2021/09/08 23:00:00+00,Thu 09 Sep 2021,3133,14850,138,3544051,3312529,239043,3783094,3551572,74.1749831233068,69.6355398943851,171
-7.6926,53.28823,2021/09/09 23:00:00+00,Fri 10 Sep 2021,3398,13963,116,3547449,3326492,239159,3786608,3565651,74.2438819903969,69.9115863228886,172
-7.6926,53.28823,2021/09/10 23:00:00+00,Sat 11 Sep 2021,2570,11356,62,3550019,3337848,239221,3789240,3577069,74.2954875163448,70.1354586235246,173
-7.6926,53.28823,2021/09/11 23:00:00+00,Sun 12 Sep 2021,2045,12890,1,3552064,3350738,239222,3791286,3589960,74.3356033621235,70.3882119802856,174
-7.6926,53.28823,2021/09/12 23:00:00+00,Mon 13 Sep 2021,1628,7765,52,3553692,3358503,239274,3792966,3597777,74.3685430595371,70.5414796080725,175
-7.6926,53.28823,2021/09/13 23:00:00+00,Tue 14 Sep 2021,1561,10808,82,3555253,3369311,239356,3794609,3608667,74.4007572993291,70.7549994323784,176
-7.6926,53.28823,2021/09/14 23:00:00+00,Wed 15 Sep 2021,3294,12396,138,3558547,3381707,239494,3798041,3621201,74.468048395474,71.0007531034391,177
-7.6926,53.28823,2021/09/15 23:00:00+00,Thu 16 Sep 2021,1922,10592,116,3560469,3392299,239610,3800079,3631909,74.5080073855507,71.2107044605252,178
-7.6926,53.28823,2021/09/16 23:00:00+00,Fri 17 Sep 2021,2568,14636,96,3563037,3406935,239706,3802743,3646641,74.5602403343066,71.499554235702,179
-7.6926,53.28823,2021/09/17 23:00:00+00,Sat 18 Sep 2021,2292,11250,48,3565329,3418185,239754,3805083,3657939,74.6061206271326,71.7210737008083,180
-7.6926,53.28823,2021/09/18 23:00:00+00,Sun 19 Sep 2021,1866,8500,16,3567195,3426685,239770,3806965,3666455,74.6430209310209,71.8880465955548,181
-7.6926,53.28823,2021/09/19 23:00:00+00,Mon 20 Sep 2021,969,5651,35,3568164,3432336,239805,3807969,3672141,74.6627063216181,71.9995317857296,182
-7.6926,53.28823,2021/09/20 23:00:00+00,Tue 21 Sep 2021,1480,6696,90,3569644,3439032,239895,3809539,3678927,74.6934892531296,72.1325846349252,183
-7.6926,53.28823,2021/09/21 23:00:00+00,Wed 22 Sep 2021,1904,8176,97,3571548,3447208,239992,3811540,3687200,74.7327227855847,72.2947930377244,184
-7.6926,53.28823,2021/09/22 23:00:00+00,Thu 23 Sep 2021,1693,8745,89,3573241,3455953,240081,3813322,3696034,74.7676623931984,72.4680009466242,185
-7.6926,53.28823,2021/09/23 23:00:00+00,Fri 24 Sep 2021,1917,7414,81,3575158,3463367,240162,3815320,3703529,74.8068371047653,72.6149551324068,186
-7.6926,53.28823,2021/09/24 23:00:00+00,Sat 25 Sep 2021,2428,6625,53,3577586,3469992,240215,3817801,3710207,74.8554819793386,72.7458904296258,187
-7.6926,53.28823,2021/09/25 23:00:00+00,Sun 26 Sep 2021,1550,7105,0,3579136,3477097,240215,3819351,3717312,74.8858727715952,72.8851978999374,188
-7.6926,53.28823,2021/09/26 23:00:00+00,Mon 27 Sep 2021,1181,3850,45,3580317,3480947,240260,3820577,3721207,74.909910907922,72.9615670198338,189
-7.6926,53.28823,2021/09/27 23:00:00+00,Tue 28 Sep 2021,1459,5164,94,3581776,3486111,240354,3822130,3726465,74.9403605210668,73.0646604299532,190
-7.6926,53.28823,2021/09/28 23:00:00+00,Wed 29 Sep 2021,1656,3646,80,3583432,3489757,240434,3823866,3730191,74.9743982083942,73.1377159731455,191
-7.6926,53.28823,2021/09/29 23:00:00+00,Thu 30 Sep 2021,1279,4006,79,3584711,3493763,240513,3825224,3734276,75.0010244638035,73.2178104159637,192
-7.6926,53.28823,2021/09/30 23:00:00+00,Fri 01 Oct 2021,1877,5218,42,3586588,3498981,240555,3827143,3739536,75.0386502253134,73.3209430400086,193
-7.6926,53.28823,2021/10/01 23:00:00+00,Sat 02 Oct 2021,1685,4114,41,3588273,3503095,240596,3828869,3743691,75.0724918430133,73.402409970219,194
-7.6926,53.28823,2021/10/02 23:00:00+00,Sun 03 Oct 2021,1198,3027,9,3589471,3506122,240605,3830076,3746727,75.096157447048,73.4619367091164,195
-7.6926,53.28823,2021/10/03 23:00:00+00,Mon 04 Oct 2021,352,1249,18,3589823,3507371,240623,3830446,3747994,75.103412023264,73.4867787309158,196
-7.6926,53.28823,2021/10/04 23:00:00+00,Tue 05 Oct 2021,961,2847,70,3590784,3510218,240693,3831477,3750911,75.1236268018554,73.5439722412464,197
-7.6926,53.28823,2021/10/05 23:00:00+00,Wed 06 Oct 2021,974,2588,40,3591758,3512806,240733,3832491,3753539,75.14350826208,73.5954993393434,198
-7.6926,53.28823,2021/10/06 23:00:00+00,Thu 07 Oct 2021,1214,2726,44,3592972,3515532,240777,3833749,3756309,75.1681738212147,73.6498106261503,199
-7.6926,53.28823,2021/10/07 23:00:00+00,Fri 08 Oct 2021,916,2767,48,3593888,3518299,240825,3834713,3759124,75.187074933302,73.7050042262808,200
-7.6926,53.28823,2021/10/08 23:00:00+00,Sat 09 Oct 2021,725,2374,24,3594613,3520673,240849,3835462,3761522,75.2017605483989,73.7520217229462,201
-7.6926,53.28823,2021/10/09 23:00:00+00,Sun 10 Oct 2021,1521,3931,3,3596134,3524604,240852,3836986,3765456,75.2316415596241,73.8291555143896,202
-7.6926,53.28823,2021/10/10 23:00:00+00,Mon 11 Oct 2021,335,1152,20,3596469,3525756,240872,3837341,3766628,75.238602031399,73.8521348747282,203
-7.6926,53.28823,2021/10/11 23:00:00+00,Tue 12 Oct 2021,563,1635,21,3597032,3527391,240893,3837925,3768284,75.2500524976428,73.8846040050359,204
-7.6926,53.28823,2021/10/12 23:00:00+00,Wed 13 Oct 2021,991,2093,11,3598023,3529484,240904,3838927,3770388,75.2696986743144,73.9258570546538,205
-7.6926,53.28823,2021/10/13 23:00:00+00,Thu 14 Oct 2021,656,1626,9,3598679,3531110,240913,3839592,3772023,75.2827373045406,73.9579144387438,206
-7.6926,53.28823,2021/10/14 23:00:00+00,Fri 15 Oct 2021,958,2097,10,3599637,3533207,240923,3840560,3774130,75.3017168444789,73.99922630925,207
-7.6926,53.28823,2021/10/15 23:00:00+00,Sat 16 Oct 2021,1384,2670,14,3601021,3535877,240937,3841958,3776814,75.3291273783981,74.0518513972608,208
-7.6926,53.28823,2021/10/16 23:00:00+00,Sun 17 Oct 2021,1709,2894,3,3602730,3538771,240940,3843670,3779711,75.3626944986196,74.1086527683365,209
-7.6926,53.28823,2021/10/17 23:00:00+00,Mon 18 Oct 2021,681,1269,6,3603411,3540040,240946,3844357,3780986,75.3761644820262,74.1336516458379,210
-7.6926,53.28823,2021/10/18 23:00:00+00,Tue 19 Oct 2021,1342,1821,13,3604753,3541861,240959,3845712,3782820,75.4027319165473,74.1696108155144,211
-7.6926,53.28823,2021/10/19 23:00:00+00,Wed 20 Oct 2021,2265,2357,1,3607018,3544218,240960,3847978,3785178,75.4471612941301,74.2158440336699,212
-7.6926,53.28823,2021/10/20 23:00:00+00,Thu 21 Oct 2021,1732,1869,11,3608750,3546087,240971,3849721,3787058,75.4813362301967,74.2527051236327,213
-7.6926,53.28823,2021/10/21 23:00:00+00,Fri 22 Oct 2021,1511,1948,3,3610261,3548035,240974,3851235,3789009,75.5110211717944,74.2909583079505,214
-7.6926,53.28823,2021/10/22 23:00:00+00,Sat 23 Oct 2021,2019,1717,1,3612280,3549752,240975,3853255,3790727,75.5506272365417,74.3246430699484,215
-7.6926,53.28823,2021/10/23 23:00:00+00,Sun 24 Oct 2021,1960,2194,2,3614240,3551946,240977,3855217,3792923,75.5890960974497,74.367699960139,216
-7.6926,53.28823,2021/10/24 23:00:00+00,Mon 25 Oct 2021,1245,872,2,3615485,3552818,240979,3856464,3793797,75.6135459799942,74.3848364455792,217
-7.6926,53.28823,2021/10/25 23:00:00+00,Tue 26 Oct 2021,1247,1249,6,3616732,3554067,240985,3857717,3795052,75.6381135043152,74.4094431838257,218
-7.6926,53.28823,2021/10/26 23:00:00+00,Wed 27 Oct 2021,1570,1442,6,3618302,3555509,240991,3859293,3796500,75.6690140776032,74.4378340658821,219
-7.6926,53.28823,2021/10/27 23:00:00+00,Thu 28 Oct 2021,2163,1716,5,3620465,3557225,240996,3861461,3798221,75.7115219728369,74.4715776487683,220
-7.6926,53.28823,2021/10/28 23:00:00+00,Fri 29 Oct 2021,2149,1391,3,3622614,3558616,240999,3863613,3799615,75.7537161566667,74.4989097548365,221
-7.6926,53.28823,2021/10/29 23:00:00+00,Sat 30 Oct 2021,2022,1466,1,3624636,3560082,241000,3865636,3801082,75.7933810423022,74.5276731691851,222
-7.6926,53.28823,2021/10/30 23:00:00+00,Sun 31 Oct 2021,1601,1321,0,3626237,3561403,241000,3867237,3802403,75.8247717896589,74.5535739669728,223
-7.6926,53.28823,2021/11/01 00:00:00+00,Mon 01 Nov 2021,299,309,2,3626536,3561712,241002,3867538,3802714,75.8306734854455,74.5596717323869,224
-7.6926,53.28823,2022/09/07 23:00:00+00,Thu 08 Sep 2022,39,52,2,3861054,3815300,241236,4102290,4056536,80.4334472040373,79.5363502305485,225
-7.6926,53.28823,2022/09/08 23:00:00+00,Fri 09 Sep 2022,64,60,0,3861118,3815360,241236,4102354,4056596,80.4347020496531,79.5375266483132,226
-7.6926,53.28823,2022/09/09 23:00:00+00,Sat 10 Sep 2022,94,135,0,3861212,3815495,241236,4102448,4056731,80.4365451041512,79.540173588284,227
-7.6926,53.28823,2022/09/10 23:00:00+00,Sun 11 Sep 2022,58,58,0,3861270,3815553,241236,4102506,4056789,80.4376823079905,79.5413107921233,228
-7.6926,53.28823,2022/09/11 23:00:00+00,Mon 12 Sep 2022,13,13,0,3861283,3815566,241236,4102519,4056802,80.4379371985062,79.541565682639,229
-7.6926,53.28823,2022/09/12 23:00:00+00,Tue 13 Sep 2022,29,25,0,3861312,3815591,241236,4102548,4056827,80.4385058004258,79.5420558567076,230
-7.6926,53.28823,2022/09/13 23:00:00+00,Wed 14 Sep 2022,36,33,0,3861348,3815624,241236,4102584,4056860,80.4392116510847,79.5427028864782,231
-7.6926,53.28823,2022/03/02 00:00:00+00,Wed 02 Mar 2022,207,997,2,3834372,3757311,241196,4075568,3998507,79.9095099455338,78.3985777893502,232
-7.6926,53.28823,2022/09/14 23:00:00+00,Thu 15 Sep 2022,51,36,0,3861399,3815660,241236,4102635,4056896,80.4402116061847,79.5434087371371,233
-7.6926,53.28823,2022/09/15 23:00:00+00,Fri 16 Sep 2022,38,56,0,3861437,3815716,241236,4102673,4056952,80.4409566707691,79.5445067270509,234
-7.6926,53.28823,2022/03/03 00:00:00+00,Thu 03 Mar 2022,279,1278,0,3834651,3758589,241196,4075847,3999785,79.91498028814,78.4236354877399,235
-7.6926,53.28823,2022/09/16 23:00:00+00,Sat 17 Sep 2022,66,149,0,3861503,3815865,241236,4102739,4057101,80.4422507303103,79.5474281645001,236
-7.6926,53.28823,2022/03/04 00:00:00+00,Fri 04 Mar 2022,735,1509,1,3835386,3760098,241197,4076583,4001295,79.9294110127212,78.4532420014866,237
-7.6926,53.28823,2022/09/17 23:00:00+00,Sun 18 Sep 2022,30,53,0,3861533,3815918,241236,4102769,4057154,80.4428389391927,79.5484673335256,238
-7.6926,53.28823,2022/03/05 00:00:00+00,Sat 05 Mar 2022,963,3343,0,3836349,3763441,241197,4077546,4004638,79.9482925178458,78.5187880779471,239
-7.6926,53.28823,2022/09/18 23:00:00+00,Mon 19 Sep 2022,11,11,0,3861544,3815929,241236,4102780,4057165,80.4430546157829,79.5486830101158,240
-7.6926,53.28823,2022/09/19 23:00:00+00,Tue 20 Sep 2022,39,37,0,3861583,3815966,241236,4102819,4057202,80.44381928733,79.5494084677374,241
-7.6926,53.28823,2022/03/06 00:00:00+00,Sun 06 Mar 2022,455,1916,0,3836804,3765357,241197,4078001,4006554,79.9572136858953,78.5563550185688,242
-7.6926,53.28823,2022/09/20 23:00:00+00,Wed 21 Sep 2022,42,32,0,3861625,3815998,241236,4102861,4057234,80.4446427797654,79.5500358905453,243
-7.6926,53.28823,2022/03/07 00:00:00+00,Mon 07 Mar 2022,117,125,1,3836921,3765482,241198,4078119,4006680,79.9595273074993,78.5588254958748,244
-7.6926,53.28823,2022/09/21 23:00:00+00,Thu 22 Sep 2022,59,35,0,3861684,3816033,241236,4102920,4057269,80.4457995905674,79.5507221342414,245
-7.6926,53.28823,2022/03/08 00:00:00+00,Tue 08 Mar 2022,120,493,0,3837041,3765975,241198,4078239,4007173,79.9618801430289,78.5684917285087,246
-7.6926,53.28823,2022/09/22 23:00:00+00,Fri 23 Sep 2022,40,40,0,3861724,3816073,241236,4102960,4057309,80.4465838690772,79.5515064127513,247
-7.6926,53.28823,2022/03/09 00:00:00+00,Wed 09 Mar 2022,130,344,1,3837171,3766319,241199,4078370,4007518,79.9644486551486,78.5752561306561,248
-7.6926,53.28823,2022/09/23 23:00:00+00,Sat 24 Sep 2022,56,104,0,3861780,3816177,241236,4103016,4057413,80.447681858991,79.5535455368769,249
-7.6926,53.28823,2022/03/10 00:00:00+00,Thu 10 Mar 2022,259,508,0,3837430,3766827,241199,4078629,4008026,79.9695268584999,78.5852164677312,250
-7.6926,53.28823,2022/09/24 23:00:00+00,Sun 25 Sep 2022,42,75,0,3861822,3816252,241236,4103058,4057488,80.4485053514264,79.5550160590828,251
-7.6926,53.28823,2022/03/11 00:00:00+00,Fri 11 Mar 2022,493,2184,0,3837923,3769011,241199,4079122,4010210,79.9791930911338,78.6280380743688,252
-7.6926,53.28823,2022/09/25 23:00:00+00,Mon 26 Sep 2022,23,10,0,3861845,3816262,241236,4103081,4057498,80.4489563115695,79.5552121287103,253
-7.6926,53.28823,2022/03/12 00:00:00+00,Sat 12 Mar 2022,473,2393,2,3838396,3771404,241201,4079597,4012605,79.9885063984382,78.6749967501459,254
-7.6926,53.28823,2022/09/26 23:00:00+00,Tue 27 Sep 2022,28,33,2,3861873,3816295,241238,4103111,4057533,80.4495445204519,79.5558983724064,255
-7.6926,53.28823,2022/03/13 00:00:00+00,Sun 13 Mar 2022,358,1082,0,3838754,3772486,241201,4079955,4013687,79.9955256911013,78.6962114838373,256
-7.6926,53.28823,2022/09/27 23:00:00+00,Wed 28 Sep 2022,28,28,0,3861901,3816323,241238,4103139,4057561,80.4500935154088,79.5564473673633,257
-7.6926,53.28823,2022/03/14 00:00:00+00,Mon 14 Mar 2022,109,123,0,3838863,3772609,241201,4080064,4013810,79.9976628500407,78.6986231402551,258
-7.6926,53.28823,2022/09/28 23:00:00+00,Thu 29 Sep 2022,30,23,0,3861931,3816346,241238,4103169,4057584,80.4506817242912,79.5568983275065,259
-7.6926,53.28823,2022/03/15 00:00:00+00,Tue 15 Mar 2022,222,755,1,3839085,3773364,241202,4080287,4014566,80.0020352027331,78.7134460040912,260
-7.6926,53.28823,2022/09/29 23:00:00+00,Fri 30 Sep 2022,37,59,0,3861968,3816405,241238,4103206,4057643,80.4514071819128,79.5580551383085,261
-7.6926,53.28823,2022/03/16 00:00:00+00,Wed 16 Mar 2022,195,799,0,3839280,3774163,241202,4080482,4015365,80.0058585604686,78.7291119673254,262
-7.6926,53.28823,2022/09/30 23:00:00+00,Sat 01 Oct 2022,51,106,0,3862019,3816511,241238,4103257,4057749,80.4524071370129,79.5601334763596,263
-7.6926,53.28823,2022/03/17 00:00:00+00,Thu 17 Mar 2022,1,4,0,3839281,3774167,241202,4080483,4015369,80.0058781674313,78.7291903951764,264
-7.6926,53.28823,2022/10/01 23:00:00+00,Sun 02 Oct 2022,26,47,0,3862045,3816558,241238,4103283,4057796,80.4529169180443,79.5610550036087,265
-7.6926,53.28823,2022/03/18 00:00:00+00,Fri 18 Mar 2022,4,8,0,3839285,3774175,241202,4080487,4015377,80.0059565952823,78.7293472508783,266
-7.6926,53.28823,2022/10/02 23:00:00+00,Mon 03 Oct 2022,10,1,0,3862055,3816559,241238,4103293,4057797,80.4531129876717,79.5610746105714,267
-7.6926,53.28823,2022/03/19 00:00:00+00,Sat 19 Mar 2022,743,2780,0,3840028,3776955,241202,4081230,4018157,80.0205245686027,78.7838546073127,268
-7.6926,53.28823,2022/10/03 23:00:00+00,Tue 04 Oct 2022,17,17,0,3862072,3816576,241238,4103310,4057814,80.4534463060384,79.5614079289381,269
-7.6926,53.28823,2022/03/20 00:00:00+00,Sun 20 Mar 2022,395,1402,0,3840423,3778357,241202,4081625,4019559,80.0282693188875,78.8113435690829,270
-7.6926,53.28823,2022/10/04 23:00:00+00,Wed 05 Oct 2022,36,37,0,3862108,3816613,241238,4103346,4057851,80.4541521566973,79.5621333865597,271
-7.6926,53.28823,2022/03/21 00:00:00+00,Mon 21 Mar 2022,57,112,0,3840480,3778469,241202,4081682,4019671,80.029386915764,78.8135395489105,272
-7.6926,53.28823,2022/10/05 23:00:00+00,Thu 06 Oct 2022,46,27,0,3862154,3816640,241238,4103392,4057878,80.4550540769836,79.5626627745538,273
-7.6926,53.28823,2022/03/22 00:00:00+00,Tue 22 Mar 2022,141,575,0,3840621,3779044,241202,4081823,4020246,80.0321514975112,78.8248135524895,274
-7.6926,53.28823,2022/10/06 23:00:00+00,Fri 07 Oct 2022,63,40,0,3862217,3816680,241238,4103455,4057918,80.4562893156366,79.5634470530637,275
-7.6926,53.28823,2022/03/23 00:00:00+00,Wed 23 Mar 2022,102,221,0,3840723,3779265,241202,4081925,4020467,80.0341514077113,78.8291466912564,276
-7.6926,53.28823,2022/10/07 23:00:00+00,Sat 08 Oct 2022,97,102,0,3862314,3816782,241238,4103552,4058020,80.458191191023,79.5654469632638,277
-7.6926,53.28823,2022/03/24 00:00:00+00,Thu 24 Mar 2022,147,245,0,3840870,3779510,241202,4082072,4020712,80.037033631235,78.8339503971292,278
-7.6926,53.28823,2022/10/08 23:00:00+00,Sun 09 Oct 2022,37,29,0,3862351,3816811,241238,4103589,4058049,80.4589166486446,79.5660155651834,279
-7.6926,53.28823,2022/03/25 00:00:00+00,Fri 25 Mar 2022,434,1625,0,3841304,3781135,241202,4082506,4022337,80.0455430530668,78.8658117115918,280
-7.6926,53.28823,2022/10/09 23:00:00+00,Mon 10 Oct 2022,5,3,0,3862356,3816814,241238,4103594,4058052,80.4590146834583,79.5660743860717,281
-7.6926,53.28823,2022/03/26 00:00:00+00,Sat 26 Mar 2022,874,1848,1,3842178,3782983,241203,4083381,4024186,80.0626991454697,78.9020649857095,282
-7.6926,53.28823,2022/10/10 23:00:00+00,Tue 11 Oct 2022,41,16,0,3862397,3816830,241238,4103635,4058068,80.4598185689309,79.5663880974756,283
-7.6926,53.28823,2022/03/27 00:00:00+00,Sun 27 Mar 2022,380,804,0,3842558,3783787,241203,4083761,4024990,80.0701497913133,78.9178289837574,284
-7.6926,53.28823,2022/10/11 23:00:00+00,Wed 12 Oct 2022,38,36,0,3862435,3816866,241238,4103673,4058104,80.4605636335153,79.5670939481345,285
-7.6926,53.28823,2022/03/27 23:00:00+00,Mon 28 Mar 2022,44,53,1,3842602,3783840,241204,4083806,4025044,80.0710321046369,78.9188877597457,286
-7.6926,53.28823,2022/10/12 23:00:00+00,Thu 13 Oct 2022,54,29,0,3862489,3816895,241238,4103727,4058133,80.4616224095036,79.5676625500541,287
-7.6926,53.28823,2022/03/28 23:00:00+00,Tue 29 Mar 2022,138,193,3,3842740,3784033,241207,4083947,4025240,80.0737966863841,78.922730724444,288
-7.6926,53.28823,2022/10/13 23:00:00+00,Fri 14 Oct 2022,76,23,0,3862565,3816918,241238,4103803,4058156,80.4631125386723,79.5681135101973,289
-7.6926,53.28823,2022/03/29 23:00:00+00,Wed 30 Mar 2022,109,138,0,3842849,3784171,241207,4084056,4025378,80.0759338453234,78.9254364853029,290
-7.6926,53.28823,2022/10/14 23:00:00+00,Sat 15 Oct 2022,92,120,0,3862657,3817038,241238,4103895,4058276,80.4649163792449,79.5704663457268,291
-7.6926,53.28823,2022/03/30 23:00:00+00,Thu 31 Mar 2022,227,361,0,3843076,3784532,241207,4084283,4025739,80.0803846258668,78.9325145988543,292
-7.6926,53.28823,2022/10/15 23:00:00+00,Sun 16 Oct 2022,26,37,1,3862683,3817075,241239,4103922,4058314,80.4654457672391,79.5712114103112,293
-7.6926,53.28823,2022/03/31 23:00:00+00,Fri 01 Apr 2022,309,906,0,3843385,3785438,241207,4084592,4026645,80.0864431773554,78.9502785071023,294
-7.6926,53.28823,2022/10/16 23:00:00+00,Mon 17 Oct 2022,26,3,0,3862709,3817078,241239,4103948,4058317,80.4659555482705,79.5712702311994,295
-7.6926,53.28823,2022/04/01 23:00:00+00,Sat 02 Apr 2022,729,1538,1,3844114,3786976,241208,4085322,4028184,80.1007562601601,78.9804536227687,296
-7.6926,53.28823,2022/10/17 23:00:00+00,Tue 18 Oct 2022,56,17,0,3862765,3817095,241239,4104004,4058334,80.4670535381843,79.5716035495661,297
-7.6926,53.28823,2022/04/02 23:00:00+00,Sun 03 Apr 2022,538,817,0,3844652,3787793,241208,4085860,4029001,80.1113048061175,78.9964725113323,298
-7.6926,53.28823,2022/10/18 23:00:00+00,Wed 19 Oct 2022,51,41,0,3862816,3817136,241239,4104055,4058375,80.4680534932843,79.5724074350387,299
-7.6926,53.28823,2022/04/03 23:00:00+00,Mon 04 Apr 2022,50,53,0,3844702,3787846,241208,4085910,4029054,80.1122851542548,78.9975116803579,300
-7.6926,53.28823,2022/10/19 23:00:00+00,Thu 20 Oct 2022,57,10,0,3862873,3817146,241239,4104112,4058385,80.4691710901609,79.5726035046662,301
-7.6926,53.28823,2022/04/04 23:00:00+00,Tue 05 Apr 2022,132,170,0,3844834,3788016,241208,4086042,4029224,80.1148732733373,79.0008448640247,302
-7.6926,53.28823,2022/10/20 23:00:00+00,Fri 21 Oct 2022,41,21,0,3862914,3817167,241239,4104153,4058406,80.4699749756334,79.5730152508838,303
-7.6926,53.28823,2022/04/05 23:00:00+00,Wed 06 Apr 2022,158,211,0,3844992,3788227,241208,4086200,4029435,80.1179711734512,79.0049819331642,304
-7.6926,53.28823,2022/10/21 23:00:00+00,Sat 22 Oct 2022,88,58,0,3863002,3817225,241239,4104241,4058464,80.4717003883551,79.5741524547231,305
-7.6926,53.28823,2022/04/06 23:00:00+00,Thu 07 Apr 2022,117,181,0,3845109,3788408,241208,4086317,4029616,80.1202651880925,79.0085307934212,306
-7.6926,53.28823,2022/10/22 23:00:00+00,Sun 23 Oct 2022,79,48,0,3863081,3817273,241239,4104320,4058512,80.4732493384121,79.5750935889349,307
-7.6926,53.28823,2022/04/07 23:00:00+00,Fri 08 Apr 2022,256,422,2,3845365,3788830,241210,4086575,4030040,80.1253237844811,79.0168441456256,308
-7.6926,53.28823,2022/10/23 23:00:00+00,Mon 24 Oct 2022,27,4,0,3863108,3817277,241239,4104347,4058516,80.4737787264062,79.5751720167859,309
-7.6926,53.28823,2022/04/08 23:00:00+00,Sat 09 Apr 2022,559,1019,0,3845924,3789849,241210,4087134,4031059,80.1362840766562,79.036823640664,310
-7.6926,53.28823,2022/10/24 23:00:00+00,Tue 25 Oct 2022,36,22,0,3863144,3817299,241239,4104383,4058538,80.4744845770651,79.5756033699663,311
-7.6926,53.28823,2022/04/09 23:00:00+00,Sun 10 Apr 2022,413,720,0,3846337,3790569,241210,4087547,4031779,80.1443817522703,79.0509406538412,312
-7.6926,53.28823,2022/10/25 23:00:00+00,Wed 26 Oct 2022,24,23,0,3863168,3817322,241239,4104407,4058561,80.474955144171,79.5760543301095,313
-7.6926,53.28823,2022/04/10 23:00:00+00,Mon 11 Apr 2022,70,93,1,3846407,3790662,241211,4087618,4031873,80.1457738466253,79.0527837083394,314
-7.6926,53.28823,2022/10/26 23:00:00+00,Thu 27 Oct 2022,50,35,0,3863218,3817357,241239,4104457,4058596,80.4759354923083,79.5767405738056,315
-7.6926,53.28823,2022/04/11 23:00:00+00,Tue 12 Apr 2022,196,178,0,3846603,3790840,241211,4087814,4032051,80.1496168113236,79.0562737477082,316
-7.6926,53.28823,2022/10/27 23:00:00+00,Fri 28 Oct 2022,22,19,0,3863240,3817376,241239,4104479,4058615,80.4763668454887,79.5771131060978,317
-7.6926,53.28823,2022/04/12 23:00:00+00,Wed 13 Apr 2022,142,235,0,3846745,3791075,241211,4087956,4032286,80.1524010000335,79.0608813839535,318
-7.6926,53.28823,2022/10/28 23:00:00+00,Sat 29 Oct 2022,87,64,0,3863327,3817440,241239,4104566,4058679,80.4780726512476,79.5783679517135,319
-7.6926,53.28823,2022/04/13 23:00:00+00,Thu 14 Apr 2022,359,431,0,3847104,3791506,241211,4088315,4032717,80.1594398996594,79.0693319848971,320
-7.6926,53.28823,2022/10/29 23:00:00+00,Sun 30 Oct 2022,11,6,0,3863338,3817446,241239,4104577,4058685,80.4782883278378,79.57848559349,321
-7.6926,53.28823,2022/04/14 23:00:00+00,Fri 15 Apr 2022,446,990,0,3847550,3792496,241211,4088761,4033707,80.1681846050442,79.0887428780159,322
-7.6926,53.28823,2022/11/01 00:00:00+00,Tue 01 Nov 2022,43,25,0,3863381,3817471,241239,4104620,4058710,80.4791314272359,79.5789757675587,323
-7.6926,53.28823,2022/04/15 23:00:00+00,Sat 16 Apr 2022,43,88,0,3847593,3792584,241211,4088804,4033795,80.1690277044423,79.0904682907375,324
-7.6926,53.28823,2022/11/02 00:00:00+00,Wed 02 Nov 2022,62,13,0,3863443,3817484,241239,4104682,4058723,80.4803470589262,79.5792306580744,325
-7.6926,53.28823,2022/04/16 23:00:00+00,Sun 17 Apr 2022,1,1,0,3847594,3792585,241211,4088805,4033796,80.169047311405,79.0904878977003,326
-7.6926,53.28823,2022/11/03 00:00:00+00,Thu 03 Nov 2022,45,28,0,3863488,3817512,241239,4104727,4058751,80.4812293722498,79.5797796530313,327
-7.6926,53.28823,2022/04/17 23:00:00+00,Mon 18 Apr 2022,36,62,1,3847630,3792647,241212,4088842,4033859,80.1697727690267,79.0917231363533,328
-7.6926,53.28823,2022/11/04 00:00:00+00,Fri 04 Nov 2022,33,22,0,3863521,3817534,241239,4104760,4058773,80.4818764020204,79.5802110062117,329
-7.6926,53.28823,2022/04/18 23:00:00+00,Tue 19 Apr 2022,218,271,1,3847848,3792918,241213,4089061,4034131,80.1740666938681,79.0970562302202,330
-7.6926,53.28823,2022/11/05 00:00:00+00,Sat 05 Nov 2022,35,54,0,3863556,3817588,241239,4104795,4058827,80.4825626457165,79.5812697822,331
-7.6926,53.28823,2022/04/19 23:00:00+00,Wed 20 Apr 2022,252,607,0,3848100,3793525,241213,4089313,4034738,80.1790076484801,79.1089576566072,332
-7.6926,53.28823,2022/11/06 00:00:00+00,Sun 06 Nov 2022,56,78,0,3863612,3817666,241239,4104851,4058905,80.4836606356303,79.5827991252942,333
-7.6926,53.28823,2022/04/20 23:00:00+00,Thu 21 Apr 2022,170,236,0,3848270,3793761,241213,4089483,4034974,80.1823408321469,79.1135848998153,334
-7.6926,53.28823,2022/04/21 23:00:00+00,Fri 22 Apr 2022,195,254,0,3848465,3794015,241213,4089678,4035228,80.1861641898825,79.1185650683528,335
-7.6926,53.28823,2022/04/22 23:00:00+00,Sat 23 Apr 2022,323,1010,0,3848788,3795025,241213,4090001,4036238,80.1924972388495,79.1383681007265,336
-7.6926,53.28823,2022/04/23 23:00:00+00,Sun 24 Apr 2022,181,252,0,3848969,3795277,241213,4090182,4036490,80.1960460991065,79.1433090553385,337
-7.6926,53.28823,2022/04/24 23:00:00+00,Mon 25 Apr 2022,41,60,1,3849010,3795337,241214,4090224,4036551,80.1968695915419,79.144505080066,338
-7.6926,53.28823,2022/04/25 23:00:00+00,Tue 26 Apr 2022,144,238,0,3849154,3795575,241214,4090368,4036789,80.1996929941773,79.1491715371996,339
-7.6926,53.28823,2022/04/26 23:00:00+00,Wed 27 Apr 2022,123,207,0,3849277,3795782,241214,4090491,4036996,80.2021046505951,79.1532301784881,340
-7.6926,53.28823,2022/04/27 23:00:00+00,Thu 28 Apr 2022,100,130,0,3849377,3795912,241214,4090591,4037126,80.2040653468697,79.1557790836451,341
-7.6926,53.28823,2022/04/28 23:00:00+00,Fri 29 Apr 2022,169,222,0,3849546,3796134,241214,4090760,4037348,80.2073789235738,79.1601318293747,342
-7.6926,53.28823,2022/04/29 23:00:00+00,Sat 30 Apr 2022,281,726,0,3849827,3796860,241214,4091041,4038074,80.2128884801055,79.1743664843284,343
-7.6926,53.28823,2022/04/30 23:00:00+00,Sun 01 May 2022,188,748,0,3850015,3797608,241214,4091229,4038822,80.2165745891018,79.1890324924626,344
-7.6926,53.28823,2022/05/01 23:00:00+00,Mon 02 May 2022,12,26,0,3850027,3797634,241214,4091241,4038848,80.2168098726547,79.189542273494,345
-7.6926,53.28823,2022/05/02 23:00:00+00,Tue 03 May 2022,96,117,0,3850123,3797751,241214,4091337,4038965,80.2186921410784,79.1918362881353,346
-7.6926,53.28823,2022/05/03 23:00:00+00,Wed 04 May 2022,113,129,0,3850236,3797880,241214,4091450,4039094,80.2209077278687,79.1943655863296,347
-7.6926,53.28823,2022/05/04 23:00:00+00,Thu 05 May 2022,112,166,0,3850348,3798046,241214,4091562,4039260,80.2231037076963,79.1976203421454,348
-7.6926,53.28823,2022/05/05 23:00:00+00,Fri 06 May 2022,136,257,0,3850484,3798303,241214,4091698,4039517,80.2257702546298,79.2026593315712,349
-7.6926,53.28823,2022/05/06 23:00:00+00,Sat 07 May 2022,441,1088,0,3850925,3799391,241214,4092139,4040605,80.2344169252008,79.223991707039,350
-7.6926,53.28823,2022/05/07 23:00:00+00,Sun 08 May 2022,274,437,0,3851199,3799828,241214,4092413,4041042,80.2397892329933,79.2325599497591,351
-7.6926,53.28823,2022/05/08 23:00:00+00,Mon 09 May 2022,24,32,0,3851223,3799860,241214,4092437,4041074,80.2402598000992,79.233187372567,352
-7.6926,53.28823,2022/05/09 23:00:00+00,Tue 10 May 2022,81,99,1,3851304,3799959,241215,4092519,4041174,80.2418675710444,79.2351480688416,353
-7.6926,53.28823,2022/05/10 23:00:00+00,Wed 11 May 2022,112,132,0,3851416,3800091,241215,4092631,4041306,80.2440635508719,79.2377361879241,354
-7.6926,53.28823,2022/05/11 23:00:00+00,Thu 12 May 2022,207,398,0,3851623,3800489,241215,4092838,4041704,80.2481221921604,79.2455397590971,355
-7.6926,53.28823,2022/05/12 23:00:00+00,Fri 13 May 2022,173,327,0,3851796,3800816,241215,4093011,4042031,80.2515141967155,79.2519512359151,356
-7.6926,53.28823,2022/05/13 23:00:00+00,Sat 14 May 2022,333,633,0,3852129,3801449,241215,4093344,4042664,80.25804331531,79.2643624433334,357
-7.6926,53.28823,2022/05/14 23:00:00+00,Sun 15 May 2022,168,254,0,3852297,3801703,241215,4093512,4042918,80.2613372850513,79.269342611871,358
-7.6926,53.28823,2022/05/15 23:00:00+00,Mon 16 May 2022,31,41,0,3852328,3801744,241215,4093543,4042959,80.2619451008965,79.2701464973435,359
-7.6926,53.28823,2022/05/16 23:00:00+00,Tue 17 May 2022,97,101,0,3852425,3801845,241215,4093640,4043060,80.2638469762828,79.2721268005809,360
-7.6926,53.28823,2022/05/17 23:00:00+00,Wed 18 May 2022,99,123,0,3852524,3801968,241215,4093739,4043183,80.2657880655947,79.2745384569987,361
-7.6926,53.28823,2022/05/18 23:00:00+00,Thu 19 May 2022,73,107,0,3852597,3802075,241215,4093812,4043290,80.2672193738752,79.2766364020125,362
-7.6926,53.28823,2022/05/19 23:00:00+00,Fri 20 May 2022,128,210,0,3852725,3802285,241215,4093940,4043500,80.2697290651067,79.2807538641892,363
-7.6926,53.28823,2022/05/20 23:00:00+00,Sat 21 May 2022,392,762,0,3853117,3803047,241215,4094332,4044262,80.2774149945032,79.2956943698018,364
-7.6926,53.28823,2022/05/21 23:00:00+00,Sun 22 May 2022,234,410,0,3853351,3803457,241215,4094566,4044672,80.2820030237858,79.3037332245278,365
-7.6926,53.28823,2022/05/22 23:00:00+00,Mon 23 May 2022,26,35,0,3853377,3803492,241215,4094592,4044707,80.2825128048172,79.3044194682239,366
-7.6926,53.28823,2022/05/23 23:00:00+00,Tue 24 May 2022,64,84,0,3853441,3803576,241215,4094656,4044791,80.2837676504329,79.3060664530946,367
-7.6926,53.28823,2022/05/24 23:00:00+00,Wed 25 May 2022,87,133,1,3853528,3803709,241216,4094744,4044925,80.2854930631546,79.3086937861026,368
-7.6926,53.28823,2022/05/25 23:00:00+00,Thu 26 May 2022,99,155,0,3853627,3803864,241216,4094843,4045080,80.2874341524665,79.3117328653282,369
-7.6926,53.28823,2021/11/02 00:00:00+00,Tue 02 Nov 2021,1100,1102,10,3627636,3562814,241012,3868648,3803826,75.8524372140937,74.5814746749607,370
-7.6926,53.28823,2022/11/07 00:00:00+00,Mon 07 Nov 2022,17,3,0,3863629,3817669,241239,4104868,4058908,80.483993953997,79.5828579461824,371
-7.6926,53.28823,2021/11/03 00:00:00+00,Wed 03 Nov 2021,2540,1891,7,3630176,3564705,241019,3871195,3805724,75.9023761482082,74.6186886902529,372
-7.6926,53.28823,2022/11/08 00:00:00+00,Tue 08 Nov 2022,17,32,0,3863646,3817701,241239,4104885,4058940,80.4843272723637,79.5834853689903,373
-7.6926,53.28823,2021/11/04 00:00:00+00,Thu 04 Nov 2021,1540,1298,2,3631716,3566003,241021,3872737,3807024,75.9326100847629,74.644177741823,374
-7.6926,53.28823,2022/11/09 00:00:00+00,Wed 09 Nov 2022,36,32,0,3863682,3817733,241239,4104921,4058972,80.4850331230225,79.5841127917982,375
-7.6926,53.28823,2021/11/05 00:00:00+00,Fri 05 Nov 2021,1630,1113,4,3633346,3567116,241025,3874371,3808141,75.9646478618901,74.6660787192104,376
-7.6926,53.28823,2022/11/10 00:00:00+00,Thu 10 Nov 2022,25,15,0,3863707,3817748,241239,4104946,4058987,80.4855232970912,79.5844068962394,377
-7.6926,53.28823,2021/11/06 00:00:00+00,Sat 06 Nov 2021,1826,1366,6,3635172,3568482,241031,3876203,3809513,76.0005678176411,74.6929794720982,378
-7.6926,53.28823,2022/11/11 00:00:00+00,Fri 11 Nov 2022,25,15,0,3863732,3817763,241239,4104971,4059002,80.4860134711598,79.5847010006806,379
-7.6926,53.28823,2021/11/07 00:00:00+00,Sun 07 Nov 2021,700,775,0,3635872,3569257,241031,3876903,3810288,76.0142926915635,74.7081748682265,380
-7.6926,53.28823,2022/11/12 00:00:00+00,Sat 12 Nov 2022,69,87,0,3863801,3817850,241239,4105040,4059089,80.4873663515893,79.5864068064395,381
-7.6926,53.28823,2021/11/08 00:00:00+00,Mon 08 Nov 2021,521,541,4,3636393,3569798,241035,3877428,3810833,76.0245863470052,74.7188606629232,382
-7.6926,53.28823,2022/11/13 00:00:00+00,Sun 13 Nov 2022,40,62,1,3863841,3817912,241240,4105081,4059152,80.4881702370619,79.5876420450925,383
-7.6926,53.28823,2021/11/09 00:00:00+00,Tue 09 Nov 2021,1375,1077,4,3637768,3570875,241039,3878807,3811914,76.0516243486322,74.7400557896518,384
-7.6926,53.28823,2022/11/14 00:00:00+00,Mon 14 Nov 2022,4,2,0,3863845,3817914,241240,4105085,4059154,80.4882486649129,79.587681259018,385
-7.6926,53.28823,2021/11/10 00:00:00+00,Wed 10 Nov 2021,1604,1372,2,3639372,3572247,241041,3880413,3813288,76.0831131308026,74.7669957564651,386
-7.6926,53.28823,2022/11/15 00:00:00+00,Tue 15 Nov 2022,18,8,0,3863863,3817922,241240,4105103,4059162,80.4886015902423,79.5878381147199,387
-7.6926,53.28823,2021/11/11 00:00:00+00,Thu 11 Nov 2021,1396,1130,2,3640768,3573377,241043,3881811,3814420,76.1105236647217,74.7891908382937,388
-7.6926,53.28823,2022/11/16 00:00:00+00,Wed 16 Nov 2022,29,20,0,3863892,3817942,241240,4105132,4059182,80.489170192162,79.5882302539749,389
-7.6926,53.28823,2021/11/12 00:00:00+00,Fri 12 Nov 2021,1145,1163,6,3641913,3574540,241049,3882962,3815589,76.1330912788426,74.812111377744,390
-7.6926,53.28823,2022/11/17 00:00:00+00,Thu 17 Nov 2022,29,9,1,3863921,3817951,241241,4105162,4059192,80.4897584010443,79.5884263236023,391
-7.6926,53.28823,2021/11/13 00:00:00+00,Sat 13 Nov 2021,1397,1386,0,3643310,3575926,241049,3884359,3816975,76.160482205799,74.8392866281102,392
-7.6926,53.28823,2022/05/26 23:00:00+00,Fri 27 May 2022,95,152,2,3853722,3804016,241218,4094940,4045234,80.2893360278529,79.3147523375911,393
-7.6926,53.28823,2022/11/18 00:00:00+00,Fri 18 Nov 2022,16,22,0,3863937,3817973,241241,4105178,4059214,80.4900721124483,79.5888576767828,394
-7.6926,53.28823,2021/11/14 00:00:00+00,Sun 14 Nov 2021,1648,1808,1,3644958,3577734,241050,3886008,3818784,76.1928140873674,74.8747556237181,395
-7.6926,53.28823,2022/05/27 23:00:00+00,Sat 28 May 2022,335,580,0,3854057,3804596,241218,4095275,4045814,80.2959043603728,79.3261243759839,396
-7.6926,53.28823,2022/11/19 00:00:00+00,Sat 19 Nov 2022,52,57,0,3863989,3818030,241241,4105230,4059271,80.4910916745111,79.5899752736593,397
-7.6926,53.28823,2021/11/15 00:00:00+00,Mon 15 Nov 2021,1244,601,1,3646202,3578335,241051,3887253,3819386,76.2172247559865,74.8865590152913,398
-7.6926,53.28823,2022/05/28 23:00:00+00,Sun 29 May 2022,181,349,0,3854238,3804945,241218,4095456,4046163,80.2994532206299,79.3329672059823,399
-7.6926,53.28823,2022/11/20 00:00:00+00,Sun 20 Nov 2022,39,56,0,3864028,3818086,241241,4105269,4059327,80.4918563460582,79.5910732635731,400
-7.6926,53.28823,2021/11/16 00:00:00+00,Tue 16 Nov 2021,1320,1087,5,3647522,3579422,241056,3888578,3820478,76.2432039816251,74.9079698186101,401
-7.6926,53.28823,2022/05/29 23:00:00+00,Mon 30 May 2022,9,24,0,3854247,3804969,241218,4095465,4046187,80.2996296832946,79.3334377730882,402
-7.6926,53.28823,2022/11/21 00:00:00+00,Mon 21 Nov 2022,6,3,0,3864034,3818089,241241,4105275,4059330,80.4919739878347,79.5911320844613,403
-7.6926,53.28823,2021/11/17 00:00:00+00,Wed 17 Nov 2021,1505,1130,3,3649027,3580552,241059,3890086,3821611,76.2727712814464,74.9301845074015,404
-7.6926,53.28823,2022/05/30 23:00:00+00,Tue 31 May 2022,65,80,2,3854312,3805049,241220,4095532,4046269,80.3009433497986,79.3350455440334,405
-7.6926,53.28823,2022/11/22 00:00:00+00,Tue 22 Nov 2022,34,22,0,3864068,3818111,241241,4105309,4059352,80.492640624568,79.5915634376417,406
-7.6926,53.28823,2021/11/18 00:00:00+00,Thu 18 Nov 2021,1642,2521,5,3650669,3583073,241064,3891733,3824137,76.3050639490893,74.9797116952984,407
-7.6926,53.28823,2022/05/31 23:00:00+00,Wed 01 Jun 2022,73,102,0,3854385,3805151,241220,4095605,4046371,80.3023746580791,79.3370454542335,408
-7.6926,53.28823,2022/11/23 00:00:00+00,Wed 23 Nov 2022,13,16,0,3864081,3818127,241241,4105322,4059368,80.4928955150837,79.5918771490457,409
-7.6926,53.28823,2021/11/19 00:00:00+00,Fri 19 Nov 2021,1166,1568,0,3651835,3584641,241064,3892899,3825705,76.3279256676514,75.0104554128844,410
-7.6926,53.28823,2022/06/01 23:00:00+00,Thu 02 Jun 2022,92,142,0,3854477,3805293,241220,4095697,4046513,80.3041784986517,79.3398296429435,411
-7.6926,53.28823,2022/11/24 00:00:00+00,Thu 24 Nov 2022,16,18,0,3864097,3818145,241241,4105338,4059386,80.4932092264877,79.5922300743751,412
-7.6926,53.28823,2021/11/20 00:00:00+00,Sat 20 Nov 2021,1548,2955,12,3653383,3587596,241076,3894459,3828672,76.3585125295354,75.0686292713523,413
-7.6926,53.28823,2022/06/02 23:00:00+00,Fri 03 Jun 2022,59,143,0,3854536,3805436,241220,4095756,4046656,80.3053353094538,79.3426334386162,414
-7.6926,53.28823,2022/11/25 00:00:00+00,Fri 25 Nov 2022,6,11,0,3864103,3818156,241241,4105344,4059397,80.4933268682641,79.5924457509653,415
-7.6926,53.28823,2021/11/21 00:00:00+00,Sun 21 Nov 2021,1790,2773,0,3655173,3590369,241076,3896249,3831445,76.3936089928511,75.1229993790475,416
-7.6926,53.28823,2022/06/03 23:00:00+00,Sat 04 Jun 2022,305,607,0,3854841,3806043,241220,4096061,4047263,80.3113154330913,79.3545348650031,417
-7.6926,53.28823,2022/11/26 00:00:00+00,Sat 26 Nov 2022,64,63,0,3864167,3818219,241241,4105408,4059460,80.4945817138799,79.5936809896183,418
-7.6926,53.28823,2021/11/22 00:00:00+00,Mon 22 Nov 2021,724,522,3,3655897,3590891,241079,3896976,3831970,76.4078632547676,75.1332930344892,419
-7.6926,53.28823,2022/06/04 23:00:00+00,Sun 05 Jun 2022,143,273,0,3854984,3806316,241220,4096204,4047536,80.314119228764,79.3598875658328,420
-7.6926,53.28823,2022/11/27 00:00:00+00,Sun 27 Nov 2022,36,42,0,3864203,3818261,241241,4105444,4059502,80.4952875645388,79.5945044820537,421
-7.6926,53.28823,2021/11/23 00:00:00+00,Tue 23 Nov 2021,2159,1605,8,3658056,3592496,241087,3899143,3833583,76.4503515430386,75.1649190653988,422
-7.6926,53.28823,2022/06/05 23:00:00+00,Mon 06 Jun 2022,5,7,1,3854989,3806323,241221,4096210,4047544,80.3142368705405,79.3600444215348,423
-7.6926,53.28823,2022/11/28 00:00:00+00,Mon 28 Nov 2022,4,1,0,3864207,3818262,241241,4105448,4059503,80.4953659923898,79.5945240890164,424
-7.6926,53.28823,2021/11/24 00:00:00+00,Wed 24 Nov 2021,1616,3155,2,3659672,3595651,241089,3900761,3836740,76.4820756087619,75.2268182467885,425
-7.6926,53.28823,2022/06/06 23:00:00+00,Tue 07 Jun 2022,29,54,0,3855018,3806377,241221,4096239,4047598,80.3148054724602,79.3611031975231,426
-7.6926,53.28823,2022/11/29 00:00:00+00,Tue 29 Nov 2022,26,18,0,3864233,3818280,241241,4105474,4059521,80.4958757734212,79.5948770143458,427
-7.6926,53.28823,2021/11/25 00:00:00+00,Thu 25 Nov 2021,982,1193,2,3660654,3596844,241091,3901745,3837935,76.5013688601041,75.2502485672702,428
-7.6926,53.28823,2022/06/07 23:00:00+00,Wed 08 Jun 2022,36,76,0,3855054,3806453,241221,4096275,4047674,80.315511323119,79.3625933266918,429
-7.6926,53.28823,2022/06/08 23:00:00+00,Thu 09 Jun 2022,74,122,0,3855128,3806575,241221,4096349,4047796,80.3169622383622,79.3649853761468,430
-7.6926,53.28823,2022/06/09 23:00:00+00,Fri 10 Jun 2022,56,108,0,3855184,3806683,241221,4096405,4047904,80.318060228276,79.3671029281234,431
-7.6926,53.28823,2022/06/10 23:00:00+00,Sat 11 Jun 2022,190,562,0,3855374,3807245,241221,4096595,4048466,80.3217855511978,79.3781220411868,432
-7.6926,53.28823,2022/06/11 23:00:00+00,Sun 12 Jun 2022,143,288,0,3855517,3807533,241221,4096738,4048754,80.3245893468705,79.3837688464577,433
-7.6926,53.28823,2022/06/12 23:00:00+00,Mon 13 Jun 2022,17,42,0,3855534,3807575,241221,4096755,4048796,80.3249226652372,79.384592338893,434
-7.6926,53.28823,2022/06/13 23:00:00+00,Tue 14 Jun 2022,37,55,0,3855571,3807630,241221,4096792,4048851,80.3256481228588,79.3856707218441,435
-7.6926,53.28823,2022/06/14 23:00:00+00,Wed 15 Jun 2022,66,124,0,3855637,3807754,241221,4096858,4048975,80.3269421824,79.3881019852246,436
-7.6926,53.28823,2022/06/15 23:00:00+00,Thu 16 Jun 2022,43,84,0,3855680,3807838,241221,4096901,4049059,80.3277852817981,79.3897489700953,437
-7.6926,53.28823,2022/06/16 23:00:00+00,Fri 17 Jun 2022,59,95,0,3855739,3807933,241221,4096960,4049154,80.3289420926002,79.3916116315561,438
-7.6926,53.28823,2022/06/17 23:00:00+00,Sat 18 Jun 2022,223,488,0,3855962,3808421,241221,4097183,4049642,80.3333144452926,79.4011798293763,439
-7.6926,53.28823,2022/06/18 23:00:00+00,Sun 19 Jun 2022,79,129,0,3856041,3808550,241221,4097262,4049771,80.3348633953495,79.4037091275705,440
-7.6926,53.28823,2022/06/19 23:00:00+00,Mon 20 Jun 2022,9,28,0,3856050,3808578,241221,4097271,4049799,80.3350398580142,79.4042581225274,441
-7.6926,53.28823,2022/06/20 23:00:00+00,Tue 21 Jun 2022,74,169,2,3856124,3808747,241223,4097347,4049970,80.3365299871829,79.407610913157,442
-7.6926,53.28823,2022/06/21 23:00:00+00,Wed 22 Jun 2022,60,96,0,3856184,3808843,241223,4097407,4050066,80.3377064049477,79.4094931815807,443
-7.6926,53.28823,2022/06/22 23:00:00+00,Thu 23 Jun 2022,64,113,0,3856248,3808956,241223,4097471,4050179,80.3389612505635,79.411708768371,444
-7.6926,53.28823,2022/06/23 23:00:00+00,Fri 24 Jun 2022,55,93,1,3856303,3809049,241224,4097527,4050273,80.3400592404772,79.4135518228691,445
-7.6926,53.28823,2022/06/24 23:00:00+00,Sat 25 Jun 2022,210,293,0,3856513,3809342,241224,4097737,4050566,80.3441767026539,79.4192966629538,446
-7.6926,53.28823,2022/06/25 23:00:00+00,Sun 26 Jun 2022,174,402,0,3856687,3809744,241224,4097911,4050968,80.3475883141718,79.4271786619777,447
-7.6926,53.28823,2022/06/26 23:00:00+00,Mon 27 Jun 2022,5,35,0,3856692,3809779,241224,4097916,4051003,80.3476863489855,79.4278649056738,448
-7.6926,53.28823,2022/06/27 23:00:00+00,Tue 28 Jun 2022,49,60,0,3856741,3809839,241224,4097965,4051063,80.3486470901601,79.4290413234386,449
-7.6926,53.28823,2022/06/28 23:00:00+00,Wed 29 Jun 2022,63,81,4,3856804,3809920,241228,4098032,4051148,80.3499607566641,79.430707915272,450
-7.6926,53.28823,2022/06/29 23:00:00+00,Thu 30 Jun 2022,48,89,0,3856852,3810009,241228,4098080,4051237,80.3509018908759,79.4324529349565,451
-7.6926,53.28823,2022/06/30 23:00:00+00,Fri 01 Jul 2022,46,67,0,3856898,3810076,241228,4098126,4051304,80.3518038111622,79.4337666014604,452
-7.6926,53.28823,2022/07/01 23:00:00+00,Sat 02 Jul 2022,182,228,0,3857080,3810304,241228,4098308,4051532,80.355372278382,79.4382369889666,453
-7.6926,53.28823,2022/07/02 23:00:00+00,Sun 03 Jul 2022,108,274,0,3857188,3810578,241228,4098416,4051806,80.3574898303586,79.443609296759,454
-7.6926,53.28823,2022/07/03 23:00:00+00,Mon 04 Jul 2022,15,15,1,3857203,3810593,241229,4098432,4051822,80.3578035417625,79.443923008163,455
-7.6926,53.28823,2022/07/04 23:00:00+00,Tue 05 Jul 2022,51,69,0,3857254,3810662,241229,4098483,4051891,80.3588034968626,79.4452758885924,456
-7.6926,53.28823,2022/07/05 23:00:00+00,Wed 06 Jul 2022,60,83,0,3857314,3810745,241229,4098543,4051974,80.3599799146274,79.4469032665004,457
-7.6926,53.28823,2022/07/06 23:00:00+00,Thu 07 Jul 2022,78,77,0,3857392,3810822,241229,4098621,4052051,80.3615092577216,79.4484130026319,458
-7.6926,53.28823,2022/07/07 23:00:00+00,Fri 08 Jul 2022,99,91,0,3857491,3810913,241229,4098720,4052142,80.3634503470334,79.4501972362417,459
-7.6926,53.28823,2022/07/08 23:00:00+00,Sat 09 Jul 2022,119,144,0,3857610,3811057,241229,4098839,4052286,80.3657835756002,79.4530206388772,460
-7.6926,53.28823,2022/07/09 23:00:00+00,Sun 10 Jul 2022,135,219,0,3857745,3811276,241229,4098974,4052505,80.368430515571,79.4573145637186,461
-7.6926,53.28823,2022/07/10 23:00:00+00,Mon 11 Jul 2022,11,16,0,3857756,3811292,241229,4098985,4052521,80.3686461921612,79.4576282751225,462
-7.6926,53.28823,2022/07/11 23:00:00+00,Tue 12 Jul 2022,44,81,0,3857800,3811373,241229,4099029,4052602,80.369508898522,79.459216439105,463
-7.6926,53.28823,2022/07/12 23:00:00+00,Wed 13 Jul 2022,99,74,1,3857899,3811447,241230,4099129,4052677,80.3714695947966,79.460686961311,464
-7.6926,53.28823,2022/07/13 23:00:00+00,Thu 14 Jul 2022,73,39,0,3857972,3811486,241230,4099202,4052716,80.3729009030771,79.461451632858,465
-7.6926,53.28823,2022/07/14 23:00:00+00,Fri 15 Jul 2022,80,118,1,3858052,3811604,241231,4099283,4052835,80.3744890670595,79.4637848614248,466
-7.6926,53.28823,2022/07/15 23:00:00+00,Sat 16 Jul 2022,124,209,0,3858176,3811813,241231,4099407,4053044,80.3769203304401,79.4678827166388,467
-7.6926,53.28823,2022/07/16 23:00:00+00,Sun 17 Jul 2022,119,165,0,3858295,3811978,241231,4099526,4053209,80.3792535590069,79.4711178654919,468
-7.6926,53.28823,2022/07/17 23:00:00+00,Mon 18 Jul 2022,14,18,0,3858309,3811996,241231,4099540,4053227,80.3795280564853,79.4714707908214,469
-7.6926,53.28823,2022/07/18 23:00:00+00,Tue 19 Jul 2022,30,34,0,3858339,3812030,241231,4099570,4053261,80.3801162653677,79.4721374275547,470
-7.6926,53.28823,2022/07/19 23:00:00+00,Wed 20 Jul 2022,78,66,0,3858417,3812096,241231,4099648,4053327,80.3816456084619,79.473431487096,471
-7.6926,53.28823,2022/07/20 23:00:00+00,Thu 21 Jul 2022,53,30,0,3858470,3812126,241231,4099701,4053357,80.3826847774874,79.4740196959784,472
-7.6926,53.28823,2022/07/21 23:00:00+00,Fri 22 Jul 2022,75,70,0,3858545,3812196,241231,4099776,4053427,80.3841552996934,79.4753921833706,473
-7.6926,53.28823,2022/07/22 23:00:00+00,Sat 23 Jul 2022,100,175,0,3858645,3812371,241231,4099876,4053602,80.386115995968,79.4788234018512,474
-7.6926,53.28823,2022/07/23 23:00:00+00,Sun 24 Jul 2022,108,230,0,3858753,3812601,241231,4099984,4053832,80.3882335479446,79.4833330032828,475
-7.6926,53.28823,2022/07/24 23:00:00+00,Mon 25 Jul 2022,14,23,0,3858767,3812624,241231,4099998,4053855,80.3885080454231,79.483783963426,476
-7.6926,53.28823,2022/07/25 23:00:00+00,Tue 26 Jul 2022,18,16,0,3858785,3812640,241231,4100016,4053871,80.3888609707525,79.4840976748299,477
-7.6926,53.28823,2022/07/26 23:00:00+00,Wed 27 Jul 2022,61,72,1,3858846,3812712,241232,4100078,4053944,80.3900766024427,79.4855289831104,478
-7.6926,53.28823,2022/07/27 23:00:00+00,Thu 28 Jul 2022,49,73,0,3858895,3812785,241232,4100127,4054017,80.3910373436173,79.4869602913908,479
-7.6926,53.28823,2022/07/28 23:00:00+00,Fri 29 Jul 2022,71,105,0,3858966,3812890,241232,4100198,4054122,80.3924294379723,79.4890190224792,480
-7.6926,53.28823,2022/07/29 23:00:00+00,Sat 30 Jul 2022,100,119,0,3859066,3813009,241232,4100298,4054241,80.3943901342469,79.491352251046,481
-7.6926,53.28823,2022/07/30 23:00:00+00,Sun 31 Jul 2022,32,57,0,3859098,3813066,241232,4100330,4054298,80.3950175570548,79.4924698479225,482
-7.6926,53.28823,2022/07/31 23:00:00+00,Mon 01 Aug 2022,9,15,0,3859107,3813081,241232,4100339,4054313,80.3951940197195,79.4927639523637,483
-7.6926,53.28823,2022/08/01 23:00:00+00,Tue 02 Aug 2022,36,30,0,3859143,3813111,241232,4100375,4054343,80.3958998703784,79.4933521612461,484
-7.6926,53.28823,2022/08/02 23:00:00+00,Wed 03 Aug 2022,93,139,0,3859236,3813250,241232,4100468,4054482,80.3977233179138,79.4960775290678,485
-7.6926,53.28823,2022/08/03 23:00:00+00,Thu 04 Aug 2022,46,55,0,3859282,3813305,241232,4100514,4054537,80.3986252382001,79.4971559120189,486
-7.6926,53.28823,2022/08/04 23:00:00+00,Fri 05 Aug 2022,96,91,0,3859378,3813396,241232,4100610,4054628,80.4005075066237,79.4989401456288,487
-7.6926,53.28823,2022/08/05 23:00:00+00,Sat 06 Aug 2022,74,130,0,3859452,3813526,241232,4100684,4054758,80.4019584218669,79.5014890507858,488
-7.6926,53.28823,2022/08/06 23:00:00+00,Sun 07 Aug 2022,28,80,0,3859480,3813606,241232,4100712,4054838,80.4025074168238,79.5030576078054,489
-7.6926,53.28823,2022/08/07 23:00:00+00,Mon 08 Aug 2022,11,16,0,3859491,3813622,241232,4100723,4054854,80.402723093414,79.5033713192094,490
-7.6926,53.28823,2022/08/08 23:00:00+00,Tue 09 Aug 2022,48,41,0,3859539,3813663,241232,4100771,4054895,80.4036642276259,79.504175204682,491
-7.6926,53.28823,2022/08/09 23:00:00+00,Wed 10 Aug 2022,55,94,1,3859594,3813757,241233,4100827,4054990,80.4047622175397,79.5060378661429,492
-7.6926,53.28823,2022/08/10 23:00:00+00,Thu 11 Aug 2022,45,42,0,3859639,3813799,241233,4100872,4055032,80.4056445308632,79.5068613585782,493
-7.6926,53.28823,2022/08/11 23:00:00+00,Fri 12 Aug 2022,69,75,0,3859708,3813874,241233,4100941,4055107,80.4069974112927,79.5083318807842,494
-7.6926,53.28823,2022/08/12 23:00:00+00,Sat 13 Aug 2022,103,151,0,3859811,3814025,241233,4101044,4055258,80.4090169284556,79.5112925321588,495
-7.6926,53.28823,2022/08/13 23:00:00+00,Sun 14 Aug 2022,17,26,0,3859828,3814051,241233,4101061,4055284,80.4093502468223,79.5118023131902,496
-7.6926,53.28823,2022/08/14 23:00:00+00,Mon 15 Aug 2022,7,11,0,3859835,3814062,241233,4101068,4055295,80.4094874955615,79.5120179897805,497
-7.6926,53.28823,2022/08/15 23:00:00+00,Tue 16 Aug 2022,41,29,0,3859876,3814091,241233,4101109,4055324,80.4102913810341,79.5125865917001,498
-7.6926,53.28823,2022/08/16 23:00:00+00,Wed 17 Aug 2022,51,58,0,3859927,3814149,241233,4101160,4055382,80.4112913361341,79.5137237955394,499
-7.6926,53.28823,2022/08/17 23:00:00+00,Thu 18 Aug 2022,55,40,0,3859982,3814189,241233,4101215,4055422,80.4123697190852,79.5145080740492,500
-7.6926,53.28823,2022/08/18 23:00:00+00,Fri 19 Aug 2022,74,56,0,3860056,3814245,241233,4101289,4055478,80.4138206343284,79.515606063963,501
-7.6926,53.28823,2022/08/19 23:00:00+00,Sat 20 Aug 2022,109,127,0,3860165,3814372,241233,4101398,4055605,80.4159577932677,79.5180961482318,502
-7.6926,53.28823,2022/08/20 23:00:00+00,Sun 21 Aug 2022,39,36,0,3860204,3814408,241233,4101437,4055641,80.4167224648148,79.5188019988906,503
-7.6926,53.28823,2022/08/21 23:00:00+00,Mon 22 Aug 2022,12,13,0,3860216,3814421,241233,4101449,4055654,80.4169577483678,79.5190568894063,504
-7.6926,53.28823,2022/08/22 23:00:00+00,Tue 23 Aug 2022,78,72,0,3860294,3814493,241233,4101527,4055726,80.418487091462,79.5204685907241,505
-7.6926,53.28823,2022/08/23 23:00:00+00,Wed 24 Aug 2022,53,56,0,3860347,3814549,241233,4101580,4055782,80.4195262604875,79.5215665806379,506
-7.6926,53.28823,2022/08/24 23:00:00+00,Thu 25 Aug 2022,40,49,0,3860387,3814598,241233,4101620,4055831,80.4203105389974,79.5225273218124,507
-7.6926,53.28823,2022/08/25 23:00:00+00,Fri 26 Aug 2022,99,90,0,3860486,3814688,241233,4101719,4055921,80.4222516283092,79.5242919484596,508
-7.6926,53.28823,2022/08/26 23:00:00+00,Sat 27 Aug 2022,86,119,0,3860572,3814807,241233,4101805,4056040,80.4239378271054,79.5266251770264,509
-7.6926,53.28823,2022/08/27 23:00:00+00,Sun 28 Aug 2022,44,21,0,3860616,3814828,241233,4101849,4056061,80.4248005334662,79.527036923244,510
-7.6926,53.28823,2022/08/28 23:00:00+00,Mon 29 Aug 2022,13,12,0,3860629,3814840,241233,4101862,4056073,80.4250554239819,79.527272206797,511
-7.6926,53.28823,2022/08/29 23:00:00+00,Tue 30 Aug 2022,42,44,1,3860671,3814884,241234,4101905,4056118,80.42589852338,79.5281545201206,512
-7.6926,53.28823,2022/08/30 23:00:00+00,Wed 31 Aug 2022,29,29,0,3860700,3814913,241234,4101934,4056147,80.4264671252997,79.5287231220402,513
-7.6926,53.28823,2022/08/31 23:00:00+00,Thu 01 Sep 2022,35,32,0,3860735,3814945,241234,4101969,4056179,80.4271533689958,79.5293505448481,514
-7.6926,53.28823,2022/09/01 23:00:00+00,Fri 02 Sep 2022,49,51,0,3860784,3814996,241234,4102018,4056230,80.4281141101703,79.5303504999481,515
-7.6926,53.28823,2022/09/02 23:00:00+00,Sat 03 Sep 2022,73,101,0,3860857,3815097,241234,4102091,4056331,80.4295454184508,79.5323308031855,516
-7.6926,53.28823,2022/09/03 23:00:00+00,Sun 04 Sep 2022,58,82,0,3860915,3815179,241234,4102149,4056413,80.4306826222901,79.5339385741307,517
-7.6926,53.28823,2022/09/04 23:00:00+00,Mon 05 Sep 2022,10,5,0,3860925,3815184,241234,4102159,4056418,80.4308786919176,79.5340366089444,518
-7.6926,53.28823,2022/09/05 23:00:00+00,Tue 06 Sep 2022,42,22,0,3860967,3815206,241234,4102201,4056440,80.4317021843529,79.5344679621248,519
-7.6926,53.28823,2021/04/09 23:00:00+00,Sat 10 Apr 2021,11195,4191,12,788244,336543,254,788498,336797,15.4600509114395,6.60356623202605,520
-7.6926,53.28823,2021/04/10 23:00:00+00,Sun 11 Apr 2021,2878,371,9,791122,336914,263,791385,337177,15.5166562128877,6.6110168778696,521
-7.6926,53.28823,2022/11/30 00:00:00+00,Wed 30 Nov 2022,29,13,0,3864262,3818293,241241,4105503,4059534,80.4964443753408,79.5951319048615,522
-7.6926,53.28823,2021/04/11 23:00:00+00,Mon 12 Apr 2021,7798,2811,14,798920,339725,277,799197,340002,15.6698258058609,6.66640654762757,523
-7.6926,53.28823,2021/11/26 00:00:00+00,Fri 26 Nov 2021,1279,1117,12,3661933,3597961,241103,3903036,3839064,76.5266814490094,75.2723848282107,524
-7.6926,53.28823,2021/04/12 23:00:00+00,Tue 13 Apr 2021,11537,8600,1,810457,348325,278,810735,348603,15.8960509420263,6.83504603420748,525
-7.6926,53.28823,2021/04/13 23:00:00+00,Wed 14 Apr 2021,20362,6605,2,830819,354930,280,831099,355210,16.2953271313896,6.96458923707151,526
-7.6926,53.28823,2021/04/14 23:00:00+00,Thu 15 Apr 2021,27127,10826,1,857946,365756,281,858227,366037,16.827224816768,7.17687382272443,527
-7.6926,53.28823,2021/04/15 23:00:00+00,Fri 16 Apr 2021,27982,9853,1,885928,375609,282,886210,375891,17.3758864552945,7.37008083362531,528
-7.6926,53.28823,2021/04/16 23:00:00+00,Sat 17 Apr 2021,15864,4569,3,901792,380178,285,902077,380463,17.6869901331881,7.45972386730086,529
-7.6926,53.28823,2021/04/17 23:00:00+00,Sun 18 Apr 2021,1082,490,0,902874,380668,285,903159,380953,17.7082048668795,7.46933127904649,530
-7.6926,53.28823,2021/04/18 23:00:00+00,Mon 19 Apr 2021,6775,2271,0,909649,382939,285,909934,383224,17.8410420394849,7.51385869144307,531
-7.6926,53.28823,2021/04/19 23:00:00+00,Tue 20 Apr 2021,15107,7337,1,924756,390276,286,925042,390562,18.1372640326542,7.65773458407456,532
-7.6926,53.28823,2021/04/20 23:00:00+00,Wed 21 Apr 2021,26755,9910,4,951511,400186,290,951801,400476,18.6619267487793,7.85211801274021,533
-7.6926,53.28823,2021/04/21 23:00:00+00,Thu 22 Apr 2021,31649,12200,1,983160,412386,291,983451,412677,19.282487119696,8.09134256520639,534
-7.6926,53.28823,2021/04/22 23:00:00+00,Fri 23 Apr 2021,33626,12369,3,1016786,424755,294,1017080,425049,19.9418496698874,8.33391990830216,535
-7.6926,53.28823,2021/04/23 23:00:00+00,Sat 24 Apr 2021,23714,7019,2,1040500,431774,296,1040796,432070,20.4068483983758,8.4715803937431,536
-7.6926,53.28823,2021/04/24 23:00:00+00,Sun 25 Apr 2021,9762,312,3,1050262,432086,299,1050561,432385,20.5983103895923,8.47775658700815,537
-7.6926,53.28823,2021/04/25 23:00:00+00,Mon 26 Apr 2021,15609,3064,4,1065871,435150,303,1066174,435453,20.9044338989485,8.53791074871344,538
-7.6926,53.28823,2021/04/26 23:00:00+00,Tue 27 Apr 2021,25938,7830,9,1091809,442980,312,1092121,443292,21.4131757613237,8.69160972968077,539
-7.6926,53.28823,2021/04/27 23:00:00+00,Wed 28 Apr 2021,26061,8636,7,1117870,451616,319,1118189,451935,21.9242900661911,8.86107270869602,540
-7.6926,53.28823,2021/04/28 23:00:00+00,Thu 29 Apr 2021,31711,11340,7,1149581,462956,326,1149907,463282,22.5461837105746,9.08355291497696,541
-7.6926,53.28823,2021/04/29 23:00:00+00,Fri 30 Apr 2021,36121,13548,9,1185702,476504,335,1186037,476839,23.2545832745941,9.34936450892695,542
-7.6926,53.28823,2021/04/30 23:00:00+00,Sat 01 May 2021,16649,6705,21,1202351,483209,356,1202707,483565,23.581431343573,9.48124094035778,543
-7.6926,53.28823,2021/05/01 23:00:00+00,Sun 02 May 2021,12487,915,16,1214838,484124,372,1215210,484496,23.8265771987885,9.49949502267447,544
-7.6926,53.28823,2021/05/02 23:00:00+00,Mon 03 May 2021,14288,944,21,1229126,485068,393,1229519,485461,24.1071332287237,9.51841574172454,545
-7.6926,53.28823,2021/05/03 23:00:00+00,Tue 04 May 2021,26685,6815,11,1255811,491883,404,1256215,492287,24.6305607061957,9.65225286942998,546
-7.6926,53.28823,2021/05/04 23:00:00+00,Wed 05 May 2021,32157,13478,70,1287968,505361,474,1288442,505835,25.262434294617,9.91788800071526,547
-7.6926,53.28823,2021/05/05 23:00:00+00,Thu 06 May 2021,37318,14389,133,1325286,519750,607,1325893,520357,25.9967346564243,10.2026203137153,548
-7.6926,53.28823,2021/05/06 23:00:00+00,Fri 07 May 2021,40620,15102,99,1365906,534852,706,1366612,535558,26.7951105724861,10.50066575442,549
-7.6926,53.28823,2021/05/07 23:00:00+00,Sat 08 May 2021,25647,7073,10,1391553,541925,716,1392269,542641,27.2981664156649,10.6395418715513,550
-7.6926,53.28823,2021/05/08 23:00:00+00,Sun 09 May 2021,19688,936,5,1411241,542861,721,1411962,543582,27.6842863330254,10.6579920234954,551
-7.6926,53.28823,2021/05/09 23:00:00+00,Mon 10 May 2021,28878,4668,172,1440119,547529,893,1441012,548422,28.253868600802,10.7528897231869,552
-7.6926,53.28823,2021/05/10 23:00:00+00,Tue 11 May 2021,33937,14829,153,1474056,562358,1046,1475102,563404,28.9222699608194,11.0466412390502,553
-7.6926,53.28823,2021/05/11 23:00:00+00,Wed 12 May 2021,31326,20941,176,1505382,583299,1222,1506604,584521,29.5399285012497,11.4606814713614,554
-7.6926,53.28823,2021/05/12 23:00:00+00,Thu 13 May 2021,36025,25491,153,1541407,608790,1375,1542782,610165,30.249269199481,11.9634824240245,555
-7.6926,53.28823,2021/05/13 23:00:00+00,Fri 14 May 2021,38251,27960,237,1579658,636750,1612,1581270,638362,31.0039019816561,12.5163399525786,556
-7.6926,53.28823,2021/05/14 23:00:00+00,Sat 15 May 2021,28895,12472,22,1608553,649222,1634,1610187,650856,31.5708765233875,12.7613093451294,557
-7.6926,53.28823,2021/05/15 23:00:00+00,Sun 16 May 2021,23201,1188,11,1631754,650410,1645,1633399,652055,32.0259933426519,12.7848180934621,558
-7.6926,53.28823,2021/05/16 23:00:00+00,Mon 17 May 2021,35413,3968,120,1667167,654378,1765,1668932,656143,32.722687549912,12.8649713571685,559
-7.6926,53.28823,2021/05/17 23:00:00+00,Tue 18 May 2021,39051,12519,127,1706218,666897,1892,1708110,668789,33.4908491363819,13.1129210080567,560
-7.6926,53.28823,2021/05/18 23:00:00+00,Wed 19 May 2021,37058,17622,212,1743276,684519,2104,1745380,686623,34.2216006379321,13.4625915816721,561
-7.6926,53.28823,2021/05/19 23:00:00+00,Thu 20 May 2021,39123,19648,138,1782399,704167,2242,1784641,706409,34.99138960231,13.8505349465681,562
-7.6926,53.28823,2021/05/20 23:00:00+00,Fri 21 May 2021,25871,23270,14937,1808270,727437,17179,1825449,744616,35.7915105380562,14.5996581722115,563
-7.6926,53.28823,2021/05/21 23:00:00+00,Sat 22 May 2021,16622,10266,13524,1824892,737703,30703,1855595,768406,36.3825820370027,15.0661078159432,564
-7.6926,53.28823,2021/05/22 23:00:00+00,Sun 23 May 2021,8240,5544,10206,1833132,743247,40909,1874041,784156,36.7442520718187,15.3749174791955,565
-7.6926,53.28823,2021/05/23 23:00:00+00,Mon 24 May 2021,22582,8254,8453,1855714,751501,49362,1905076,800863,37.3527541606465,15.702491005796,566
-7.6926,53.28823,2021/05/24 23:00:00+00,Tue 25 May 2021,30392,16535,3225,1886106,768036,52587,1938693,820623,38.0118814272849,16.0899245896606,567
-7.6926,53.28823,2021/05/25 23:00:00+00,Wed 26 May 2021,20009,25492,3055,1906115,793528,55642,1961757,849170,38.4640964160629,16.6496445551759,568
-7.6926,53.28823,2021/05/26 23:00:00+00,Thu 27 May 2021,17052,36073,550,1923167,829601,56192,1979359,885793,38.8092181743212,17.3677103518293,569
-7.6926,53.28823,2021/05/27 23:00:00+00,Fri 28 May 2021,27076,31852,1562,1950243,861453,57754,2007997,919207,39.3707223734464,18.0228574050302,570
-7.6926,53.28823,2021/05/28 23:00:00+00,Sat 29 May 2021,24517,7408,538,1974760,868861,58292,2033052,927153,39.861974825052,18.1786543310114,571
-7.6926,53.28823,2021/05/29 23:00:00+00,Sun 30 May 2021,24279,1697,210,1999039,870558,58502,2057541,929060,40.3421297357432,18.2160448089684,572
-7.6926,53.28823,2021/05/30 23:00:00+00,Mon 31 May 2021,22627,7325,3445,2021666,877883,61947,2083613,939830,40.8533224684617,18.4272117977448,573
-7.6926,53.28823,2021/05/31 23:00:00+00,Tue 01 Jun 2021,27654,11543,3657,2049320,889426,65604,2114924,955030,41.4672360790074,18.7252376314867,574
-7.6926,53.28823,2021/06/01 23:00:00+00,Wed 02 Jun 2021,18739,20926,4010,2068059,910352,69614,2137673,979966,41.9132748745203,19.2141568545256,575
-7.6926,53.28823,2021/06/02 23:00:00+00,Thu 03 Jun 2021,16731,30720,1978,2084790,941072,71592,2156382,1012664,42.2801015405387,19.8552653224002,576
-7.6926,53.28823,2021/06/03 23:00:00+00,Fri 04 Jun 2021,29035,23360,155,2113825,964432,71747,2185572,1036179,42.8524287830997,20.3163230513767,577
-7.6926,53.28823,2022/12/01 00:00:00+00,Thu 01 Dec 2022,16,11,0,3864278,3818304,241241,4105519,4059545,80.4967580867447,79.5953475814517,578
-7.6926,53.28823,2021/06/04 23:00:00+00,Sat 05 Jun 2021,20996,11514,37,2134821,975946,71784,2206605,1047730,43.2648220305402,20.5428030780579,579
-7.6926,53.28823,2021/06/05 23:00:00+00,Sun 06 Jun 2021,19977,3927,47,2154798,979873,71831,2226629,1051704,43.6574318525698,20.6207211480112,580
-7.6926,53.28823,2021/06/06 23:00:00+00,Mon 07 Jun 2021,19863,4617,48,2174661,984490,71879,2246540,1056369,44.047826087809,20.7121876292221,581
-7.6926,53.28823,2021/06/07 23:00:00+00,Tue 08 Jun 2021,26453,18361,48,2201114,1002851,71927,2273041,1074778,44.5674302075456,21.0731322064166,582
-7.6926,53.28823,2021/06/08 23:00:00+00,Wed 09 Jun 2021,32856,20143,178,2233970,1022994,72105,2306075,1095099,45.215126614903,21.4715652963818,583
-7.6926,53.28823,2021/06/09 23:00:00+00,Thu 10 Jun 2021,27737,27518,273,2261707,1050512,72378,2334085,1122890,45.7643176414236,22.0164623980609,584
-7.6926,53.28823,2021/06/10 23:00:00+00,Fri 11 Jun 2021,26491,32923,44,2288198,1083435,72422,2360620,1155857,46.2845883978935,22.6628451389143,585
-7.6926,53.28823,2021/06/11 23:00:00+00,Sat 12 Jun 2021,12243,19744,105,2300441,1103179,72527,2372968,1175706,46.5266951738834,23.0520237424633,586
-7.6926,53.28823,2021/06/12 23:00:00+00,Sun 13 Jun 2021,8567,18190,835,2309008,1121369,73362,2382370,1194731,46.711039837623,23.4250462087095,587
-7.6926,53.28823,2021/06/13 23:00:00+00,Mon 14 Jun 2021,16053,31331,56,2325061,1152700,73418,2398479,1226118,47.0268884005012,24.0404499484239,588
-7.6926,53.28823,2021/06/14 23:00:00+00,Tue 15 Jun 2021,14748,41611,207,2339809,1194311,73625,2413434,1267936,47.3201105283704,24.8603739165438,589
-7.6926,53.28823,2021/06/15 23:00:00+00,Wed 16 Jun 2021,13512,48412,220,2353321,1242723,73845,2427166,1316568,47.589353340801,25.8138997288161,590
-7.6926,53.28823,2021/06/16 23:00:00+00,Thu 17 Jun 2021,21609,42713,536,2374930,1285436,74381,2449311,1359817,48.0235495308152,26.6618812606257,591
-7.6926,53.28823,2021/06/17 23:00:00+00,Fri 18 Jun 2021,12041,50051,555,2386971,1335487,74936,2461907,1410423,48.2705188335661,27.6541112173591,592
-7.6926,53.28823,2021/06/18 23:00:00+00,Sat 19 Jun 2021,6350,32830,434,2393321,1368317,75370,2468691,1443687,48.4035324688362,28.3063172261481,593
-7.6926,53.28823,2021/06/19 23:00:00+00,Sun 20 Jun 2021,8543,26158,178,2401864,1394475,75548,2477412,1470023,48.5745247909457,28.8226861970315,594
-7.6926,53.28823,2021/06/20 23:00:00+00,Mon 21 Jun 2021,15523,32367,575,2417387,1426842,76123,2493510,1502965,48.8901576772337,29.4685787638163,595
-7.6926,53.28823,2021/06/21 23:00:00+00,Tue 22 Jun 2021,15176,43578,723,2432563,1470420,76846,2509409,1547266,49.2018887779353,30.3371868204349,596
-7.6926,53.28823,2021/06/22 23:00:00+00,Wed 23 Jun 2021,20110,39418,887,2452673,1509838,77733,2530406,1587571,49.6135761747169,31.1274454539198,597
-7.6926,53.28823,2021/06/23 23:00:00+00,Thu 24 Jun 2021,19056,44290,1033,2471729,1554128,78766,2550495,1632894,50.0074604493249,32.0160918264651,598
-7.6926,53.28823,2021/06/24 23:00:00+00,Fri 25 Jun 2021,15238,50145,844,2486967,1604273,79610,2566577,1683883,50.322779624209,33.0158312499302,599
-7.6926,53.28823,2021/06/25 23:00:00+00,Sat 26 Jun 2021,9096,30599,513,2496063,1634872,80123,2576186,1714995,50.5111829292371,33.6258430748894,600
-7.6926,53.28823,2021/06/26 23:00:00+00,Sun 27 Jun 2021,8752,30498,60,2504815,1665370,80183,2584998,1745553,50.6839594849565,34.2249926424872,601
-7.6926,53.28823,2021/06/27 23:00:00+00,Mon 28 Jun 2021,24261,24686,528,2529076,1690056,80711,2609787,1770767,51.1699964844716,34.7193626011695,602
-7.6926,53.28823,2021/06/28 23:00:00+00,Tue 29 Jun 2021,28169,31075,813,2557245,1721131,81524,2638769,1802655,51.7382454787814,35.3445894292197,603
-7.6926,53.28823,2021/06/29 23:00:00+00,Wed 30 Jun 2021,22618,36911,593,2579863,1758042,82117,2661980,1840159,52.1933426910831,36.0799289600526,604
-7.6926,53.28823,2021/06/30 23:00:00+00,Thu 01 Jul 2021,15084,48348,644,2594947,1806390,82761,2677708,1889151,52.501721001155,37.0405132789136,605
-7.6926,53.28823,2021/07/01 23:00:00+00,Fri 02 Jul 2021,13719,47312,819,2608666,1853702,83580,2692246,1937282,52.786767025559,37.9842160028501,606
-7.6926,53.28823,2021/07/02 23:00:00+00,Sat 03 Jul 2021,9337,30507,507,2618003,1884209,84087,2702090,1968296,52.9797779668325,38.5923063454602,607
-7.6926,53.28823,2021/07/03 23:00:00+00,Sun 04 Jul 2021,6469,27798,233,2624472,1912007,84320,2708792,1996327,53.1111838311574,39.1419091181984,608
-7.6926,53.28823,2021/07/04 23:00:00+00,Mon 05 Jul 2021,15656,33499,5344,2640128,1945506,89664,2729792,2035170,53.5229300488272,39.9035023721484,609
-7.6926,53.28823,2021/07/05 23:00:00+00,Tue 06 Jul 2021,12428,48325,5491,2652556,1993831,95155,2747711,2088986,53.8742672142761,40.958670679297,610
-7.6926,53.28823,2021/07/06 23:00:00+00,Wed 07 Jul 2021,19730,43798,5061,2672286,2037629,100216,2772502,2137845,54.3603434277167,41.9166472721127,611
-7.6926,53.28823,2021/07/07 23:00:00+00,Thu 08 Jul 2021,17814,45635,6004,2690100,2083264,106220,2796320,2189484,54.8273420664053,42.9291312213628,612
-7.6926,53.28823,2021/07/08 23:00:00+00,Fri 09 Jul 2021,13544,45129,6534,2703644,2128393,112754,2816398,2241147,55.2210106644231,43.9420857377188,613
-7.6926,53.28823,2021/07/09 23:00:00+00,Sat 10 Jul 2021,8666,23903,4365,2712310,2152296,117119,2829429,2269415,55.4765089959686,44.4963353606279,614
-7.6926,53.28823,2021/07/10 23:00:00+00,Sun 11 Jul 2021,15251,16137,2153,2727561,2168433,119272,2846833,2287705,55.8177485756032,44.8549467092556,615
-7.6926,53.28823,2021/07/11 23:00:00+00,Mon 12 Jul 2021,17141,31794,6096,2744702,2200227,125368,2870070,2325595,56.2733555689362,45.5978545277085,616
-7.6926,53.28823,2021/07/12 23:00:00+00,Tue 13 Jul 2021,20128,36605,8490,2764830,2236832,133858,2898688,2370690,56.8344676288065,46.4820305127476,617
-7.6926,53.28823,2021/07/13 23:00:00+00,Wed 14 Jul 2021,20813,35746,9335,2785643,2272578,143193,2928836,2415771,57.4255783416784,47.3659320003082,618
-7.6926,53.28823,2021/07/14 23:00:00+00,Thu 15 Jul 2021,23683,28877,9588,2809326,2301455,152781,2962107,2454236,58.0779215992066,48.1201138223401,619
-7.6926,53.28823,2021/07/15 23:00:00+00,Fri 16 Jul 2021,23537,27459,9169,2832863,2328914,161950,2994813,2490864,58.7191869227833,48.8382776538073,620
-7.6926,53.28823,2021/07/16 23:00:00+00,Sat 17 Jul 2021,11528,19459,4683,2844391,2348373,166633,3011024,2515006,59.0370353958616,49.3116289484256,621
-7.6926,53.28823,2021/07/17 23:00:00+00,Sun 18 Jul 2021,16879,15844,1934,2861270,2364217,168567,3029837,2532784,59.4059011860056,49.6602015321273,622
-7.6926,53.28823,2021/07/18 23:00:00+00,Mon 19 Jul 2021,24928,18476,6254,2886198,2382693,174821,3061019,2557514,60.017285498357,50.1450817208404,623
-7.6926,53.28823,2021/07/19 23:00:00+00,Tue 20 Jul 2021,30618,18216,7700,2916816,2400909,182521,3099337,2583430,60.7685850968653,50.6532157673704,624
-7.6926,53.28823,2021/07/20 23:00:00+00,Wed 21 Jul 2021,30387,19869,6895,2947203,2420778,189416,3136619,2610194,61.4995718819684,51.1779765183093,625
-7.6926,53.28823,2022/12/20 00:00:00+00,Tue 20 Dec 2022,17,18,0,3864651,3818762,241242,4105893,4060004,80.5040910908118,79.6043471773522,626
-7.6926,53.28823,2021/11/27 00:00:00+00,Sat 27 Nov 2021,1200,1569,6,3663133,3599530,241109,3904242,3840639,76.5503274460813,75.3032657945359,627
-7.6926,53.28823,2022/12/02 00:00:00+00,Fri 02 Dec 2022,8,18,0,3864286,3818322,241241,4105527,4059563,80.4969149424467,79.5957005067812,628
-7.6926,53.28823,2021/11/28 00:00:00+00,Sun 28 Nov 2021,1961,2267,1,3665094,3601797,241110,3906204,3842907,76.5887963069894,75.3477343860442,629
-7.6926,53.28823,2022/12/21 00:00:00+00,Wed 21 Dec 2022,17,28,0,3864668,3818790,241242,4105910,4060032,80.5044244091785,79.6048961723091,630
-7.6926,53.28823,2021/11/29 00:00:00+00,Mon 29 Nov 2021,537,1005,2,3665631,3602802,241112,3906743,3843914,76.5993644599096,75.3674785975296,631
-7.6926,53.28823,2022/12/03 00:00:00+00,Sat 03 Dec 2022,40,71,0,3864326,3818393,241241,4105567,4059634,80.4976992209565,79.5970926011361,632
-7.6926,53.28823,2022/12/22 00:00:00+00,Thu 22 Dec 2022,6,15,0,3864674,3818805,241242,4105916,4060047,80.504542050955,79.6051902767503,633
-7.6926,53.28823,2021/11/30 00:00:00+00,Tue 30 Nov 2021,1899,1658,6,3667530,3604460,241118,3908648,3845578,76.636715723941,75.4001045835393,634
-7.6926,53.28823,2022/12/04 00:00:00+00,Sun 04 Dec 2022,41,47,0,3864367,3818440,241241,4105608,4059681,80.4985031064291,79.5980141283852,635
-7.6926,53.28823,2022/12/23 00:00:00+00,Fri 23 Dec 2022,19,6,0,3864693,3818811,241242,4105935,4060053,80.5049145832471,79.6053079185268,636
-7.6926,53.28823,2021/12/01 00:00:00+00,Wed 01 Dec 2021,1075,1393,4,3668605,3605853,241122,3909727,3846975,76.6578716367442,75.4274955104957,637
-7.6926,53.28823,2022/12/05 00:00:00+00,Mon 05 Dec 2022,12,5,0,3864379,3818445,241241,4105620,4059686,80.4987383899821,79.5981121631989,638
-7.6926,53.28823,2022/12/28 00:00:00+00,Wed 28 Dec 2022,19,24,0,3864712,3818835,241242,4105954,4060077,80.5052871155393,79.6057784856327,639
-7.6926,53.28823,2021/12/02 00:00:00+00,Thu 02 Dec 2021,1738,1420,0,3670343,3607273,241122,3911465,3848395,76.691948537997,75.4553373975953,640
-7.6926,53.28823,2022/12/06 00:00:00+00,Tue 06 Dec 2022,25,30,0,3864404,3818475,241241,4105645,4059716,80.4992285640508,79.5987003720813,641
-7.6926,53.28823,2022/12/29 00:00:00+00,Thu 29 Dec 2022,15,12,0,3864727,3818847,241242,4105969,4060089,80.5055812199805,79.6060137691857,642
-7.6926,53.28823,2021/12/03 00:00:00+00,Fri 03 Dec 2021,1017,1208,3,3671360,3608481,241125,3912485,3849606,76.7119476399981,75.4790814294809,643
-7.6926,53.28823,2022/12/07 00:00:00+00,Wed 07 Dec 2022,19,24,0,3864423,3818499,241241,4105664,4059740,80.4996010963429,79.5991709391872,644
-7.6926,53.28823,2022/12/30 00:00:00+00,Fri 30 Dec 2022,66,31,0,3864793,3818878,241242,4106035,4060120,80.5068752795218,79.6066215850308,645
-7.6926,53.28823,2021/12/04 00:00:00+00,Sat 04 Dec 2021,1206,1707,3,3672566,3610188,241128,3913694,3851316,76.7356524579583,75.5126093357769,646
-7.6926,53.28823,2022/12/08 00:00:00+00,Thu 08 Dec 2022,12,13,1,3864435,3818512,241242,4105677,4059754,80.4998559868586,79.5994454366657,647
-7.6926,53.28823,2022/12/31 00:00:00+00,Sat 31 Dec 2022,34,26,0,3864827,3818904,241242,4106069,4060146,80.5075419162551,79.6071313660622,648
-7.6926,53.28823,2021/12/05 00:00:00+00,Sun 05 Dec 2021,1349,1779,2,3673915,3611967,241130,3915045,3853097,76.7621414646284,75.5475293364278,649
-7.6926,53.28823,2022/12/09 00:00:00+00,Fri 09 Dec 2022,13,17,0,3864448,3818529,241242,4105690,4059771,80.5001108773743,79.5997787550324,650
-7.6926,53.28823,2023/01/01 00:00:00+00,Sun 01 Jan 2023,1,0,0,3864828,3818904,241242,4106070,4060146,80.5075615232179,79.6071313660622,651
-7.6926,53.28823,2021/12/06 00:00:00+00,Mon 06 Dec 2021,941,1307,0,3674856,3613274,241130,3915986,3854404,76.7805916165725,75.5731556367371,652
-7.6926,53.28823,2022/12/10 00:00:00+00,Sat 10 Dec 2022,45,44,0,3864493,3818573,241242,4105735,4059815,80.5009931906979,79.6006414613932,653
-7.6926,53.28823,2023/01/03 00:00:00+00,Tue 03 Jan 2023,8,14,0,3864836,3818918,241242,4106078,4060160,80.5077183789198,79.6074058635406,654
-7.6926,53.28823,2021/12/07 00:00:00+00,Tue 07 Dec 2021,488,753,2,3675344,3614027,241132,3916476,3855159,76.7901990283181,75.5879588936105,655
-7.6926,53.28823,2022/12/11 00:00:00+00,Sun 11 Dec 2022,28,42,0,3864521,3818615,241242,4105763,4059857,80.5015421856548,79.6014649538286,656
-7.6926,53.28823,2023/01/04 00:00:00+00,Wed 04 Jan 2023,52,28,0,3864888,3818946,241242,4106130,4060188,80.5087379409827,79.6079548584975,657
-7.6926,53.28823,2021/12/08 00:00:00+00,Wed 08 Dec 2021,799,1528,2,3676143,3615555,241134,3917277,3856689,76.8059042054778,75.6179575466121,658
-7.6926,53.28823,2022/12/12 00:00:00+00,Mon 12 Dec 2022,4,2,0,3864525,3818617,241242,4105767,4059859,80.5016206135058,79.601504167754,659
-7.6926,53.28823,2023/01/05 00:00:00+00,Thu 05 Jan 2023,24,16,0,3864912,3818962,241242,4106154,4060204,80.5092085080886,79.6082685699015,660
-7.6926,53.28823,2021/12/09 00:00:00+00,Thu 09 Dec 2021,787,1217,1,3676930,3616772,241135,3918065,3857907,76.8213544921218,75.641838827237,661
-7.6926,53.28823,2022/12/13 00:00:00+00,Tue 13 Dec 2022,19,15,0,3864544,3818632,241242,4105786,4059874,80.501993145798,79.6017982721952,662
-7.6926,53.28823,2023/01/06 00:00:00+00,Fri 06 Jan 2023,35,21,0,3864947,3818983,241242,4106189,4060225,80.5098947517847,79.6086803161191,663
-7.6926,53.28823,2021/12/10 00:00:00+00,Fri 10 Dec 2021,895,1623,1,3677825,3618395,241136,3918961,3859531,76.8389223307424,75.6736805347368,664
-7.6926,53.28823,2022/12/14 00:00:00+00,Wed 14 Dec 2022,14,20,0,3864558,3818652,241242,4105800,4059894,80.5022676432764,79.6021904114502,665
-7.6926,53.28823,2023/01/07 00:00:00+00,Sat 07 Jan 2023,136,74,0,3865083,3819057,241242,4106325,4060299,80.5125612987182,79.6101312313624,666
-7.6926,53.28823,2021/12/11 00:00:00+00,Sat 11 Dec 2021,645,851,2,3678470,3619246,241138,3919608,3860384,76.8516080356392,75.6904052739593,667
-7.6926,53.28823,2022/12/15 00:00:00+00,Thu 15 Dec 2022,13,9,0,3864571,3818661,241242,4105813,4059903,80.5025225337921,79.6023668741149,668
-7.6926,53.28823,2023/01/08 00:00:00+00,Sun 08 Jan 2023,51,45,0,3865134,3819102,241242,4106376,4060344,80.5135612538182,79.6110135446859,669
-7.6926,53.28823,2023/01/09 00:00:00+00,Mon 09 Jan 2023,1,1,0,3865135,3819103,241242,4106377,4060345,80.5135808607809,79.6110331516487,670
-7.6926,53.28823,2023/01/10 00:00:00+00,Tue 10 Jan 2023,42,14,0,3865177,3819117,241242,4106419,4060359,80.5144043532163,79.6113076491271,671
-7.6926,53.28823,2023/01/11 00:00:00+00,Wed 11 Jan 2023,59,31,0,3865236,3819148,241242,4106478,4060390,80.5155611640183,79.6119154649723,672
-7.6926,53.28823,2023/01/12 00:00:00+00,Thu 12 Jan 2023,14,12,0,3865250,3819160,241242,4106492,4060402,80.5158356614968,79.6121507485252,673
-7.6926,53.28823,2023/01/13 00:00:00+00,Fri 13 Jan 2023,27,12,0,3865277,3819172,241242,4106519,4060414,80.5163650494909,79.6123860320782,674
-7.6926,53.28823,2023/01/14 00:00:00+00,Sat 14 Jan 2023,72,40,0,3865349,3819212,241242,4106591,4060454,80.5177767508087,79.613170310588,675
-7.6926,53.28823,2023/01/15 00:00:00+00,Sun 15 Jan 2023,60,30,0,3865409,3819242,241242,4106651,4060484,80.5189531685734,79.6137585194704,676
-7.6926,53.28823,2023/01/16 00:00:00+00,Mon 16 Jan 2023,6,2,0,3865415,3819244,241242,4106657,4060486,80.5190708103499,79.6137977333959,677
-7.6926,53.28823,2023/01/17 00:00:00+00,Tue 17 Jan 2023,14,19,0,3865429,3819263,241242,4106671,4060505,80.5193453078283,79.6141702656881,678
-7.6926,53.28823,2023/01/18 00:00:00+00,Wed 18 Jan 2023,34,15,0,3865463,3819278,241242,4106705,4060520,80.5200119445617,79.6144643701293,679
-7.6926,53.28823,2023/01/19 00:00:00+00,Thu 19 Jan 2023,15,7,0,3865478,3819285,241242,4106720,4060527,80.5203060490029,79.6146016188685,680
-7.6926,53.28823,2023/01/20 00:00:00+00,Fri 20 Jan 2023,17,8,0,3865495,3819293,241242,4106737,4060535,80.5206393673696,79.6147584745705,681
-7.6926,53.28823,2023/01/21 00:00:00+00,Sat 21 Jan 2023,74,26,0,3865569,3819319,241242,4106811,4060561,80.5220902826128,79.6152682556019,682
-7.6926,53.28823,2023/01/22 00:00:00+00,Sun 22 Jan 2023,21,13,0,3865590,3819332,241242,4106832,4060574,80.5225020288305,79.6155231461176,683
-7.6926,53.28823,2023/01/23 00:00:00+00,Mon 23 Jan 2023,4,1,0,3865594,3819333,241242,4106836,4060575,80.5225804566815,79.6155427530803,684
-7.6926,53.28823,2023/01/24 00:00:00+00,Tue 24 Jan 2023,16,13,0,3865610,3819346,241242,4106852,4060588,80.5228941680854,79.615797643596,685
-7.6926,53.28823,2023/01/25 00:00:00+00,Wed 25 Jan 2023,24,17,0,3865634,3819363,241242,4106876,4060605,80.5233647351913,79.6161309619627,686
-7.6926,53.28823,2023/01/26 00:00:00+00,Thu 26 Jan 2023,12,12,0,3865646,3819375,241242,4106888,4060617,80.5236000187443,79.6163662455156,687
-7.6926,53.28823,2023/01/27 00:00:00+00,Fri 27 Jan 2023,12,8,0,3865658,3819383,241242,4106900,4060625,80.5238353022972,79.6165231012176,688
-7.6926,53.28823,2023/01/28 00:00:00+00,Sat 28 Jan 2023,24,57,0,3865682,3819440,241242,4106924,4060682,80.5243058694031,79.6176406980941,689
-7.6926,53.28823,2023/01/29 00:00:00+00,Sun 29 Jan 2023,28,28,0,3865710,3819468,241242,4106952,4060710,80.52485486436,79.618189693051,690
-7.6926,53.28823,2023/01/30 00:00:00+00,Mon 30 Jan 2023,5,2,0,3865715,3819470,241242,4106957,4060712,80.5249528991737,79.6182289069765,691
-7.6926,53.28823,2023/01/31 00:00:00+00,Tue 31 Jan 2023,23,15,0,3865738,3819485,241242,4106980,4060727,80.5254038593169,79.6185230114177,692
-7.6926,53.28823,2023/02/01 00:00:00+00,Wed 01 Feb 2023,14,37,0,3865752,3819522,241242,4106994,4060764,80.5256783567954,79.6192484690393,693
-7.6926,53.28823,2023/02/02 00:00:00+00,Thu 02 Feb 2023,13,12,0,3865765,3819534,241242,4107007,4060776,80.5259332473111,79.6194837525923,694
-7.6926,53.28823,2023/02/03 00:00:00+00,Fri 03 Feb 2023,14,10,0,3865779,3819544,241242,4107021,4060786,80.5262077447895,79.6196798222198,695
-7.6926,53.28823,2023/02/04 00:00:00+00,Sat 04 Feb 2023,38,44,0,3865817,3819588,241242,4107059,4060830,80.5269528093739,79.6205425285806,696
-7.6926,53.28823,2023/02/05 00:00:00+00,Sun 05 Feb 2023,29,22,0,3865846,3819610,241242,4107088,4060852,80.5275214112935,79.620973881761,697
-7.6926,53.28823,2023/02/06 00:00:00+00,Mon 06 Feb 2023,12,7,0,3865858,3819617,241242,4107100,4060859,80.5277566948464,79.6211111305002,698
-7.6926,53.28823,2023/02/07 00:00:00+00,Tue 07 Feb 2023,20,13,0,3865878,3819630,241242,4107120,4060872,80.5281488341014,79.6213660210159,699
-7.6926,53.28823,2023/02/08 00:00:00+00,Wed 08 Feb 2023,23,30,0,3865901,3819660,241242,4107143,4060902,80.5285997942445,79.6219542298983,700
-7.6926,53.28823,2023/02/09 00:00:00+00,Thu 09 Feb 2023,6,15,0,3865907,3819675,241242,4107149,4060917,80.528717436021,79.6222483343395,701
-7.6926,53.28823,2023/02/10 00:00:00+00,Fri 10 Feb 2023,6,15,0,3865913,3819690,241242,4107155,4060932,80.5288350777975,79.6225424387807,702
-7.6926,53.28823,2023/02/11 00:00:00+00,Sat 11 Feb 2023,34,47,0,3865947,3819737,241242,4107189,4060979,80.5295017145309,79.6234639660298,703
-7.6926,53.28823,2023/02/12 00:00:00+00,Sun 12 Feb 2023,17,36,0,3865964,3819773,241242,4107206,4061015,80.5298350328976,79.6241698166886,704
-7.6926,53.28823,2023/02/13 00:00:00+00,Mon 13 Feb 2023,1,1,0,3865965,3819774,241242,4107207,4061016,80.5298546398603,79.6241894236514,705
-7.6926,53.28823,2023/02/14 00:00:00+00,Tue 14 Feb 2023,11,23,0,3865976,3819797,241242,4107218,4061039,80.5300703164505,79.6246403837945,706
-7.6926,53.28823,2023/02/15 00:00:00+00,Wed 15 Feb 2023,15,13,0,3865991,3819810,241242,4107233,4061052,80.5303644208917,79.6248952743102,707
-7.6926,53.28823,2023/02/16 00:00:00+00,Thu 16 Feb 2023,13,11,0,3866004,3819821,241242,4107246,4061063,80.5306193114074,79.6251109509004,708
-7.6926,53.28823,2023/02/17 00:00:00+00,Fri 17 Feb 2023,5,12,0,3866009,3819833,241242,4107251,4061075,80.5307173462211,79.6253462344534,709
-7.6926,53.28823,2023/02/18 00:00:00+00,Sat 18 Feb 2023,21,43,0,3866030,3819876,241242,4107272,4061118,80.5311290924388,79.6261893338515,710
-7.6926,53.28823,2023/02/19 00:00:00+00,Sun 19 Feb 2023,22,31,0,3866052,3819907,241242,4107294,4061149,80.5315604456192,79.6267971496966,711
-7.6926,53.28823,2023/02/20 00:00:00+00,Mon 20 Feb 2023,3,0,0,3866055,3819907,241242,4107297,4061149,80.5316192665074,79.6267971496966,712
-7.6926,53.28823,2023/02/21 00:00:00+00,Tue 21 Feb 2023,52,16,0,3866107,3819923,241242,4107349,4061165,80.5326388285702,79.6271108611005,713
-7.6926,53.28823,2023/02/22 00:00:00+00,Wed 22 Feb 2023,21,17,0,3866128,3819940,241242,4107370,4061182,80.5330505747879,79.6274441794672,714
-7.6926,53.28823,2023/02/23 00:00:00+00,Thu 23 Feb 2023,21,11,0,3866149,3819951,241242,4107391,4061193,80.5334623210056,79.6276598560574,715
-7.6926,53.28823,2023/02/24 00:00:00+00,Fri 24 Feb 2023,13,13,0,3866162,3819964,241242,4107404,4061206,80.5337172115213,79.6279147465732,716
-7.6926,53.28823,2023/02/25 00:00:00+00,Sat 25 Feb 2023,49,19,0,3866211,3819983,241242,4107453,4061225,80.5346779526959,79.6282872788653,717
-7.6926,53.28823,2023/02/26 00:00:00+00,Sun 26 Feb 2023,78,41,0,3866289,3820024,241242,4107531,4061266,80.53620729579,79.6290911643379,718
-7.6926,53.28823,2023/02/27 00:00:00+00,Mon 27 Feb 2023,1,2,0,3866290,3820026,241242,4107532,4061268,80.5362269027528,79.6291303782634,719
-7.6926,53.28823,2023/02/28 00:00:00+00,Tue 28 Feb 2023,32,11,0,3866322,3820037,241242,4107564,4061279,80.5368543255607,79.6293460548536,720
-7.6926,53.28823,2023/03/01 00:00:00+00,Wed 01 Mar 2023,21,18,0,3866343,3820055,241242,4107585,4061297,80.5372660717783,79.6296989801831,721
-7.6926,53.28823,2023/03/02 00:00:00+00,Thu 02 Mar 2023,20,14,0,3866363,3820069,241242,4107605,4061311,80.5376582110333,79.6299734776615,722
-7.6926,53.28823,2023/03/03 00:00:00+00,Fri 03 Mar 2023,11,13,0,3866374,3820082,241242,4107616,4061324,80.5378738876235,79.6302283681772,723
-7.6926,53.28823,2023/03/04 00:00:00+00,Sat 04 Mar 2023,39,24,0,3866413,3820106,241242,4107655,4061348,80.5386385591706,79.6306989352831,724
-7.6926,53.28823,2023/03/05 00:00:00+00,Sun 05 Mar 2023,27,19,0,3866440,3820125,241242,4107682,4061367,80.5391679471647,79.6310714675753,725
-7.6926,53.28823,2023/03/06 00:00:00+00,Mon 06 Mar 2023,1,1,0,3866441,3820126,241242,4107683,4061368,80.5391875541275,79.631091074538,726
-7.6926,53.28823,2023/03/07 00:00:00+00,Tue 07 Mar 2023,12,14,0,3866453,3820140,241242,4107695,4061382,80.5394228376804,79.6313655720165,727
-7.6926,53.28823,2023/03/08 00:00:00+00,Wed 08 Mar 2023,28,27,0,3866481,3820167,241242,4107723,4061409,80.5399718326373,79.6318949600106,728
-7.6926,53.28823,2023/03/09 00:00:00+00,Thu 09 Mar 2023,13,8,0,3866494,3820175,241242,4107736,4061417,80.540226723153,79.6320518157126,729
-7.6926,53.28823,2023/03/10 00:00:00+00,Fri 10 Mar 2023,10,3,0,3866504,3820178,241242,4107746,4061420,80.5404227927805,79.6321106366008,730
-7.6926,53.28823,2023/03/11 00:00:00+00,Sat 11 Mar 2023,28,23,0,3866532,3820201,241242,4107774,4061443,80.5409717877374,79.632561596744,731
-7.6926,53.28823,2023/03/12 00:00:00+00,Sun 12 Mar 2023,16,13,0,3866548,3820214,241242,4107790,4061456,80.5412854991413,79.6328164872597,732
-7.6926,53.28823,2023/03/13 00:00:00+00,Mon 13 Mar 2023,2,0,0,3866550,3820214,241242,4107792,4061456,80.5413247130668,79.6328164872597,733
-7.6926,53.28823,2023/03/14 00:00:00+00,Tue 14 Mar 2023,11,16,0,3866561,3820230,241242,4107803,4061472,80.541540389657,79.6331301986636,734
-7.6926,53.28823,2023/03/15 00:00:00+00,Wed 15 Mar 2023,29,23,0,3866590,3820253,241242,4107832,4061495,80.5421089915767,79.6335811588068,735
-7.6926,53.28823,2023/03/16 00:00:00+00,Thu 16 Mar 2023,10,16,0,3866600,3820269,241242,4107842,4061511,80.5423050612041,79.6338948702107,736
-7.6926,53.28823,2023/03/18 00:00:00+00,Sat 18 Mar 2023,20,45,0,3866620,3820314,241242,4107862,4061556,80.542697200459,79.6347771835343,737
-7.6926,53.28823,2023/03/19 00:00:00+00,Sun 19 Mar 2023,12,38,0,3866632,3820352,241242,4107874,4061594,80.542932484012,79.6355222481187,738
-7.6926,53.28823,2023/03/20 00:00:00+00,Mon 20 Mar 2023,6,3,0,3866638,3820355,241242,4107880,4061597,80.5430501257885,79.6355810690069,739
-7.6926,53.28823,2023/03/21 00:00:00+00,Tue 21 Mar 2023,26,23,0,3866664,3820378,241242,4107906,4061620,80.5435599068199,79.6360320291501,740
-7.6926,53.28823,2023/03/22 00:00:00+00,Wed 22 Mar 2023,12,17,0,3866676,3820395,241242,4107918,4061637,80.5437951903728,79.6363653475167,741
-7.6926,53.28823,2023/03/23 00:00:00+00,Thu 23 Mar 2023,7,15,0,3866683,3820410,241242,4107925,4061652,80.543932439112,79.6366594519579,742
-7.6926,53.28823,2023/03/24 00:00:00+00,Fri 24 Mar 2023,10,9,0,3866693,3820419,241242,4107935,4061661,80.5441285087395,79.6368359146227,743
-7.6926,53.28823,2023/03/25 00:00:00+00,Sat 25 Mar 2023,20,44,0,3866713,3820463,241242,4107955,4061705,80.5445206479944,79.6376986209835,744
-7.6926,53.28823,2023/03/26 00:00:00+00,Sun 26 Mar 2023,20,43,0,3866733,3820506,241242,4107975,4061748,80.5449127872494,79.6385417203816,745
-7.6926,53.28823,2023/03/27 23:00:00+00,Tue 28 Mar 2023,14,24,0,3866747,3820530,241242,4107989,4061772,80.5451872847278,79.6390122874875,746
-7.6926,53.28823,2023/03/28 23:00:00+00,Wed 29 Mar 2023,11,21,0,3866758,3820551,241242,4108000,4061793,80.545402961318,79.6394240337052,747
-7.6926,53.28823,2023/03/29 23:00:00+00,Thu 30 Mar 2023,6,15,1,3866764,3820566,241243,4108007,4061809,80.5455402100572,79.6397377451091,748
-7.6926,53.28823,2023/03/30 23:00:00+00,Fri 31 Mar 2023,10,12,0,3866774,3820578,241243,4108017,4061821,80.5457362796847,79.639973028662,749
-7.6926,53.28823,2023/03/31 23:00:00+00,Sat 01 Apr 2023,31,31,0,3866805,3820609,241243,4108048,4061852,80.5463440955298,79.6405808445072,750
-7.6926,53.28823,2023/04/01 23:00:00+00,Sun 02 Apr 2023,28,23,0,3866833,3820632,241243,4108076,4061875,80.5468930904867,79.6410318046503,751
-7.6926,53.28823,2021/12/12 00:00:00+00,Sun 12 Dec 2021,686,1193,0,3679156,3620439,241138,3920294,3861577,76.8650584120831,75.7137963805155,752
-7.6926,53.28823,2021/12/13 00:00:00+00,Mon 13 Dec 2021,725,1073,1,3679881,3621512,241139,3921020,3862651,76.8792930670368,75.7348542585049,753
-7.6926,53.28823,2022/12/16 00:00:00+00,Fri 16 Dec 2022,11,4,0,3864582,3818665,241242,4105824,4059907,80.5027382103823,79.6024453019659,754
-7.6926,53.28823,2021/12/14 00:00:00+00,Tue 14 Dec 2021,631,1206,3,3680512,3622718,241142,3921654,3863860,76.8917238814179,75.758559076465,755
-7.6926,53.28823,2022/12/17 00:00:00+00,Sat 17 Dec 2022,19,43,0,3864601,3818708,241242,4105843,4059950,80.5031107426745,79.6032884013639,756
-7.6926,53.28823,2021/12/15 00:00:00+00,Wed 15 Dec 2021,793,1260,1,3681305,3623978,241143,3922448,3865121,76.9072918098383,75.7832834564879,757
-7.6926,53.28823,2022/12/18 00:00:00+00,Sun 18 Dec 2022,29,35,0,3864630,3818743,241242,4105872,4059985,80.5036793445941,79.6039746450601,758
-7.6926,53.28823,2021/12/16 00:00:00+00,Thu 16 Dec 2021,1048,1553,8,3682353,3625531,241151,3923504,3866682,76.9279967624983,75.8138899253347,759
-7.6926,53.28823,2022/12/19 00:00:00+00,Mon 19 Dec 2022,4,1,0,3864634,3818744,241242,4105876,4059986,80.5037577724451,79.6039942520228,760
-7.6926,53.28823,2021/12/17 00:00:00+00,Fri 17 Dec 2021,1199,2461,2,3683552,3627992,241153,3924705,3869145,76.9515447247565,75.8621818745786,761
-7.6926,53.28823,2021/12/18 00:00:00+00,Sat 18 Dec 2021,1252,1185,0,3684804,3629177,241153,3925957,3870330,76.9760926421147,75.8854161254328,762
-7.6926,53.28823,2021/12/19 00:00:00+00,Sun 19 Dec 2021,554,894,3,3685358,3630071,241156,3926514,3871227,76.9870137203643,75.9030035710161,763
-7.6926,53.28823,2021/12/20 00:00:00+00,Mon 20 Dec 2021,517,624,1,3685875,3630695,241157,3927032,3871852,76.9971701270668,75.9152579227325,764
-7.6926,53.28823,2021/12/21 00:00:00+00,Tue 21 Dec 2021,1406,1825,3,3687281,3632520,241160,3928441,3873680,77.0247963375762,75.9510994506325,765
-7.6926,53.28823,2021/12/22 00:00:00+00,Wed 22 Dec 2021,1170,1606,2,3688451,3634126,241162,3929613,3875288,77.0477756979147,75.9826274467284,766
-7.6926,53.28823,2021/12/23 00:00:00+00,Thu 23 Dec 2021,932,1406,0,3689383,3635532,241162,3930545,3876694,77.0660493871942,76.0101948363495,767
-7.6926,53.28823,2021/12/24 00:00:00+00,Fri 24 Dec 2021,101,166,0,3689484,3635698,241162,3930646,3876860,77.0680296904315,76.0134495921654,768
-7.6926,53.28823,2021/12/25 00:00:00+00,Sat 25 Dec 2021,2,7,0,3689486,3635705,241162,3930648,3876867,77.068068904357,76.0135868409046,769
-7.6926,53.28823,2021/12/26 00:00:00+00,Sun 26 Dec 2021,12,13,0,3689498,3635718,241162,3930660,3876880,77.06830418791,76.0138417314203,770
-7.6926,53.28823,2021/12/27 00:00:00+00,Mon 27 Dec 2021,393,591,0,3689891,3636309,241162,3931053,3877471,77.0760097242692,76.0254294464033,771
-7.6926,53.28823,2021/12/28 00:00:00+00,Tue 28 Dec 2021,469,752,0,3690360,3637061,241162,3931522,3878223,77.0852053897972,76.0401738823884,772
-7.6926,53.28823,2021/12/29 00:00:00+00,Wed 29 Dec 2021,1061,1318,0,3691421,3638379,241162,3932583,3879541,77.1060083772709,76.0660158592879,773
-7.6926,53.28823,2021/12/30 00:00:00+00,Thu 30 Dec 2021,1051,1205,1,3692472,3639584,241163,3933635,3880747,77.1266349020799,76.0896618563598,774
-7.6926,53.28823,2021/12/31 00:00:00+00,Fri 31 Dec 2021,716,1682,0,3693188,3641266,241163,3934351,3882429,77.1406734874061,76.1226407676989,775
-7.6926,53.28823,2022/01/01 00:00:00+00,Sat 01 Jan 2022,70,101,1,3693258,3641367,241164,3934422,3882531,77.1420655817611,76.124640677899,776
-7.6926,53.28823,2022/01/02 00:00:00+00,Sun 02 Jan 2022,271,629,0,3693529,3641996,241164,3934693,3883160,77.1473790686653,76.1369734574663,777
-7.6926,53.28823,2022/01/03 00:00:00+00,Mon 03 Jan 2022,3634,730,1,3697163,3642726,241165,3938328,3883891,77.2186503782477,76.1513061472338,778
-7.6926,53.28823,2022/01/04 00:00:00+00,Tue 04 Jan 2022,1190,791,1,3698353,3643517,241166,3939519,3884683,77.2420022708784,76.1668348617288,779
-7.6926,53.28823,2022/01/05 00:00:00+00,Wed 05 Jan 2022,2140,918,0,3700493,3644435,241166,3941659,3885601,77.2839611711553,76.1848340535298,780
-7.6926,53.28823,2022/01/06 00:00:00+00,Thu 06 Jan 2022,2454,1699,1,3702947,3646134,241167,3944114,3887301,77.3320962646971,76.2181658901983,781
-7.6926,53.28823,2022/01/07 00:00:00+00,Fri 07 Jan 2022,4857,785,2,3707804,3646919,241169,3948973,3888088,77.4273664966808,76.2335965698795,782
-7.6926,53.28823,2022/01/08 00:00:00+00,Sat 08 Jan 2022,9789,747,2,3717593,3647666,241171,3958764,3888837,77.6193382689287,76.2482821849764,783
-7.6926,53.28823,2022/01/09 00:00:00+00,Sun 09 Jan 2022,7116,667,0,3724709,3648333,241171,3965880,3889504,77.7588614158306,76.2613600291281,784
-7.6926,53.28823,2022/01/10 00:00:00+00,Mon 10 Jan 2022,6668,512,1,3731377,3648845,241172,3972549,3890017,77.8896202503848,76.2714184010169,785
-7.6926,53.28823,2022/01/11 00:00:00+00,Tue 11 Jan 2022,4781,1372,1,3736158,3650217,241173,3977331,3891390,77.9833807462371,76.2983387608674,786
-7.6926,53.28823,2022/01/12 00:00:00+00,Wed 12 Jan 2022,7560,928,1,3743718,3651145,241174,3984892,3892319,78.131628991561,76.3165536292586,787
-7.6926,53.28823,2022/01/13 00:00:00+00,Thu 13 Jan 2022,7322,821,0,3751040,3651966,241174,3992214,3893140,78.2751911727885,76.3326509456732,788
-7.6926,53.28823,2022/01/14 00:00:00+00,Fri 14 Jan 2022,10725,839,0,3761765,3652805,241174,4002939,3893979,78.4854758482413,76.3491011874173,789
-7.6926,53.28823,2022/01/15 00:00:00+00,Sat 15 Jan 2022,8363,654,2,3770128,3653459,241176,4011304,3894635,78.6494880916131,76.3619633549788,790
-7.6926,53.28823,2022/01/16 00:00:00+00,Sun 16 Jan 2022,6965,1216,1,3777093,3654675,241177,4018270,3895852,78.786070194103,76.3858250286409,791
-7.6926,53.28823,2022/01/17 00:00:00+00,Mon 17 Jan 2022,2565,564,0,3779658,3655239,241177,4020835,3896416,78.836362053547,76.3968833556297,792
-7.6926,53.28823,2022/01/18 00:00:00+00,Tue 18 Jan 2022,4056,456,3,3783714,3655695,241180,4024894,3896875,78.9159467153338,76.4058829515302,793
-7.6926,53.28823,2022/01/19 00:00:00+00,Wed 19 Jan 2022,3487,626,0,3787201,3656321,241180,4028381,3897501,78.9843161944297,76.4181569102093,794
-7.6926,53.28823,2022/01/20 00:00:00+00,Thu 20 Jan 2022,3699,940,2,3790900,3657261,241182,4032082,3898443,79.0568815635533,76.4366266691162,795
-7.6926,53.28823,2022/01/21 00:00:00+00,Fri 21 Jan 2022,3253,978,0,3794153,3658239,241182,4035335,3899421,79.1206630133667,76.455802278682,796
-7.6926,53.28823,2022/01/22 00:00:00+00,Sat 22 Jan 2022,4274,645,0,3798427,3658884,241182,4039609,3900066,79.2044631721438,76.4684487696533,797
-7.6926,53.28823,2022/01/23 00:00:00+00,Sun 23 Jan 2022,3094,680,0,3801521,3659564,241182,4042703,3900746,79.2651271148805,76.4817815043207,798
-7.6926,53.28823,2022/01/24 00:00:00+00,Mon 24 Jan 2022,646,469,0,3802167,3660033,241182,4043349,3901215,79.2777932128146,76.4909771698486,799
-7.6926,53.28823,2022/01/25 00:00:00+00,Tue 25 Jan 2022,692,1838,1,3802859,3661871,241183,4044042,3903054,79.2913808379977,76.5270343743389,800
-7.6926,53.28823,2022/01/26 00:00:00+00,Wed 26 Jan 2022,700,898,0,3803559,3662769,241183,4044742,3903952,79.30510571192,76.544641426885,801
-7.6926,53.28823,2022/01/27 00:00:00+00,Thu 27 Jan 2022,1279,1179,0,3804838,3663948,241183,4046021,3905131,79.3301830172724,76.5677580359627,802
-7.6926,53.28823,2022/01/28 00:00:00+00,Fri 28 Jan 2022,1031,3096,1,3805869,3667044,241184,4047053,3908228,79.3504174028264,76.6284807995876,803
-7.6926,53.28823,2022/01/29 00:00:00+00,Sat 29 Jan 2022,2330,3446,0,3808199,3670490,241184,4049383,3911674,79.396101626025,76.696046393211,804
-7.6926,53.28823,2022/01/30 00:00:00+00,Sun 30 Jan 2022,1639,7538,0,3809838,3678028,241184,4051022,3919212,79.428237437966,76.8438436783917,805
-7.6926,53.28823,2022/01/31 00:00:00+00,Mon 31 Jan 2022,483,1397,0,3810321,3679425,241184,4051505,3920609,79.4377076009724,76.8712346053481,806
-7.6926,53.28823,2022/02/01 00:00:00+00,Tue 01 Feb 2022,751,3422,1,3811072,3682847,241185,4052257,3924032,79.4524520369576,76.9383492388283,807
-7.6926,53.28823,2022/02/02 00:00:00+00,Wed 02 Feb 2022,652,3000,0,3811724,3685847,241185,4052909,3927032,79.4652357766681,76.9971701270668,808
-7.6926,53.28823,2022/02/03 00:00:00+00,Thu 03 Feb 2022,908,2438,1,3812632,3688285,241186,4053818,3929471,79.4830585058044,77.0449915092048,809
-7.6926,53.28823,2022/02/04 00:00:00+00,Fri 04 Feb 2022,1173,6524,0,3813805,3694809,241186,4054991,3935995,79.5060574731056,77.1729073341609,810
-7.6926,53.28823,2022/02/05 00:00:00+00,Sat 05 Feb 2022,1777,5751,0,3815582,3700560,241186,4056768,3941746,79.5408990459056,77.2856669769142,811
-7.6926,53.28823,2022/02/06 00:00:00+00,Sun 06 Feb 2022,1407,7556,0,3816989,3708116,241186,4058175,3949302,79.5684860424895,77.4338171874243,812
-7.6926,53.28823,2022/02/07 00:00:00+00,Mon 07 Feb 2022,443,1354,0,3817432,3709470,241186,4058618,3950656,79.577171926986,77.4603650149827,813
-7.6926,53.28823,2022/02/08 00:00:00+00,Tue 08 Feb 2022,900,1239,0,3818332,3710709,241186,4059518,3951895,79.5948181934576,77.4846580418252,814
-7.6926,53.28823,2022/02/09 00:00:00+00,Wed 09 Feb 2022,1335,1785,0,3819667,3712494,241186,4060853,3953680,79.6209934887237,77.5196564703271,815
-7.6926,53.28823,2022/02/10 00:00:00+00,Thu 10 Feb 2022,687,2555,1,3820354,3715049,241187,4061541,3956236,79.6344830790931,77.5697718671064,816
-7.6926,53.28823,2022/02/11 00:00:00+00,Fri 11 Feb 2022,546,4927,0,3820900,3719976,241187,4062087,3961163,79.6451884807525,77.6663753725568,817
-7.6926,53.28823,2022/02/12 00:00:00+00,Sat 12 Feb 2022,1397,5463,0,3822297,3725439,241187,4063484,3966626,79.6725794077089,77.7734882100392,818
