X,Y,VaccinationDate,VaccineText,Dose1,Dose2,SingleDose,Dose1Cum,Dose2Cum,SingleDoseCum,PartiallyVacc,FullyVacc,PartialPercent,FullyPercent,ObjectId
-7.6926,53.28823,2020/12/28 00:00:00+00,Mon 28 Dec 2020,200,21,0,200,21,0,200,21,0.0042472701202211,0.000445963362623216,1
-7.6926,53.28823,2020/12/29 00:00:00+00,Tue 29 Dec 2020,74,2,0,274,23,0,274,23,0.00581876006470291,0.000488436063825427,2
-7.6926,53.28823,2020/12/30 00:00:00+00,Wed 30 Dec 2020,1057,1,0,1331,24,0,1331,24,0.0282655826500714,0.000509672414426533,3
-7.6926,53.28823,2020/12/31 00:00:00+00,Thu 31 Dec 2020,1031,1,0,2362,25,0,2362,25,0.0501602601198112,0.000530908765027638,4
-7.6926,53.28823,2021/01/01 00:00:00+00,Fri 01 Jan 2021,806,0,0,3168,25,0,3168,25,0.0672767587043023,0.000530908765027638,5
-7.6926,53.28823,2021/01/02 00:00:00+00,Sat 02 Jan 2021,1015,0,0,4183,25,0,4183,25,0.0888316545644244,0.000530908765027638,6
-7.6926,53.28823,2021/01/03 00:00:00+00,Sun 03 Jan 2021,19,2,1,4202,27,1,4203,28,0.0892563815764465,0.000594617816830955,7
-7.6926,53.28823,2021/01/04 00:00:00+00,Mon 04 Jan 2021,1187,3,0,5389,30,1,5390,31,0.114463929739959,0.000658326868634271,8
-7.6926,53.28823,2021/01/05 00:00:00+00,Tue 05 Jan 2021,3524,9,0,8913,39,1,8914,40,0.189300829258255,0.000849454024044221,9
-7.6926,53.28823,2021/01/06 00:00:00+00,Wed 06 Jan 2021,6769,8,0,15682,47,1,15683,48,0.333049686477138,0.00101934482885307,10
-7.6926,53.28823,2021/01/07 00:00:00+00,Thu 07 Jan 2021,11718,8,0,27400,55,1,27401,56,0.581897242820892,0.00118923563366191,11
-7.6926,53.28823,2021/01/08 00:00:00+00,Fri 08 Jan 2021,12674,5,0,40074,60,1,40075,61,0.851046750339304,0.00129541738666744,12
-7.6926,53.28823,2021/01/09 00:00:00+00,Sat 09 Jan 2021,8073,6,0,48147,66,1,48148,67,1.02248780874203,0.00142283549027407,13
-7.6926,53.28823,2021/01/10 00:00:00+00,Sun 10 Jan 2021,4776,3,1,52923,69,2,52925,71,1.12393385556351,0.00150778089267849,14
-7.6926,53.28823,2021/01/11 00:00:00+00,Mon 11 Jan 2021,8337,7,0,61260,76,2,61262,78,1.30098131052493,0.00165643534688623,15
-7.6926,53.28823,2021/01/12 00:00:00+00,Tue 12 Jan 2021,8876,9,0,70136,85,2,70138,87,1.48947515846034,0.00184756250229618,16
-7.6926,53.28823,2021/01/13 00:00:00+00,Wed 13 Jan 2021,9876,5,0,80012,90,2,80014,92,1.69920535699686,0.00195374425530171,17
-7.6926,53.28823,2021/01/14 00:00:00+00,Thu 14 Jan 2021,8077,5,0,88089,95,2,88091,97,1.87073136080199,0.00205992600830724,18
-7.6926,53.28823,2021/01/15 00:00:00+00,Fri 15 Jan 2021,7682,2,0,95771,97,2,95773,99,2.03386900611968,0.00210239870950945,19
-7.6926,53.28823,2021/01/16 00:00:00+00,Sat 16 Jan 2021,5224,3,0,100995,100,2,100997,102,2.14480770165985,0.00216610776131276,20
-7.6926,53.28823,2021/01/17 00:00:00+00,Sun 17 Jan 2021,1109,4,0,102104,104,2,102106,106,2.16835881447648,0.00225105316371719,21
-7.6926,53.28823,2021/01/18 00:00:00+00,Mon 18 Jan 2021,8704,7,0,110808,111,2,110810,113,2.3532000101085,0.00239970761792492,22
-7.6926,53.28823,2021/01/19 00:00:00+00,Tue 19 Jan 2021,8372,18,0,119180,129,2,119182,131,2.53099073734096,0.00278196192874482,23
-7.6926,53.28823,2021/01/20 00:00:00+00,Wed 20 Jan 2021,8441,961,0,127621,1090,2,127623,1092,2.71024677276489,0.0231900948564072,24
-7.6926,53.28823,2021/01/21 00:00:00+00,Thu 21 Jan 2021,8989,962,0,136610,2052,2,136612,2054,2.90114032831823,0.0436194641346707,25
-7.6926,53.28823,2021/01/22 00:00:00+00,Fri 22 Jan 2021,6767,968,0,143377,3020,2,143379,3022,3.04484671283591,0.0641762515165409,26
-7.6926,53.28823,2021/01/23 00:00:00+00,Sat 23 Jan 2021,4177,460,0,147554,3480,2,147556,3482,3.13355094929673,0.0739449727930494,27
-7.6926,53.28823,2021/01/24 00:00:00+00,Sun 24 Jan 2021,1180,397,0,148734,3877,2,148736,3879,3.15860984300603,0.0823758039816883,28
-7.6926,53.28823,2021/01/25 00:00:00+00,Mon 25 Jan 2021,1348,1286,0,150082,5163,2,150084,5165,3.18723644361632,0.10968575085471,29
-7.6926,53.28823,2021/01/26 00:00:00+00,Tue 26 Jan 2021,999,3498,0,151081,8661,2,151083,8663,3.20845155786683,0.183970505257377,30
-7.6926,53.28823,2021/01/27 00:00:00+00,Wed 27 Jan 2021,2161,6698,0,153242,15359,2,153244,15361,3.25434331151581,0.326211581583582,31
-7.6926,53.28823,2021/01/28 00:00:00+00,Thu 28 Jan 2021,984,11538,0,154226,26897,2,154228,26899,3.2752398805073,0.571236594819137,32
-7.6926,53.28823,2021/01/29 00:00:00+00,Fri 29 Jan 2021,1567,11525,0,155793,38422,2,155795,38424,3.30851724189924,0.815985535496879,33
-7.6926,53.28823,2021/01/30 00:00:00+00,Sat 30 Jan 2021,624,7793,0,156417,46215,2,156419,46217,3.32176872467432,0.981480415731294,34
-7.6926,53.28823,2021/01/31 00:00:00+00,Sun 31 Jan 2021,217,4086,0,156634,50301,2,156636,50303,3.32637701275476,1.06825214428741,35
-7.6926,53.28823,2021/02/01 00:00:00+00,Mon 01 Feb 2021,1010,8336,0,157644,58637,2,157646,58639,3.34782572686188,1.24527836289823,36
-7.6926,53.28823,2021/02/02 00:00:00+00,Tue 02 Feb 2021,824,5107,0,158468,63744,2,158470,63746,3.36532447975719,1.35373240541807,37
-7.6926,53.28823,2021/02/03 00:00:00+00,Wed 03 Feb 2021,1390,6862,0,159858,70606,2,159860,70608,3.39484300709273,1.49945624324286,38
-7.6926,53.28823,2021/02/04 00:00:00+00,Thu 04 Feb 2021,1415,10541,1,161273,81147,3,161276,81150,3.42491367954389,1.72332985127971,39
-7.6926,53.28823,2021/02/05 00:00:00+00,Fri 05 Feb 2021,3377,8612,0,164650,89759,3,164653,89762,3.49662883552383,1.90621730265643,40
-7.6926,53.28823,2021/02/06 00:00:00+00,Sat 06 Feb 2021,890,3866,0,165540,93625,3,165543,93628,3.51552918755881,1.98831703408031,41
-7.6926,53.28823,2021/02/07 00:00:00+00,Sun 07 Feb 2021,323,1299,1,165863,94924,4,165867,94928,3.52240976515357,2.01592428986174,42
-7.6926,53.28823,2021/02/08 00:00:00+00,Mon 08 Feb 2021,1160,878,0,167023,95802,4,167027,95806,3.54704393185085,2.03456980568952,43
-7.6926,53.28823,2021/02/09 00:00:00+00,Tue 09 Feb 2021,4243,537,2,171266,96339,6,171272,96345,3.63719224015255,2.04601619866351,44
-7.6926,53.28823,2021/02/10 00:00:00+00,Wed 10 Feb 2021,8815,579,0,180081,96918,6,180087,96924,3.82439067070129,2.05831204566155,45
-7.6926,53.28823,2021/02/11 00:00:00+00,Thu 11 Feb 2021,6173,442,0,186254,97360,6,186260,97366,3.95548266296191,2.06769851262724,46
-7.6926,53.28823,2021/02/12 00:00:00+00,Fri 12 Feb 2021,4384,522,0,190638,97882,6,190644,97888,4.04858282399716,2.07878388764102,47
-7.6926,53.28823,2021/02/13 00:00:00+00,Sat 13 Feb 2021,1203,1913,0,191841,99795,6,191847,99801,4.07413015377029,2.11940902634093,48
-7.6926,53.28823,2021/02/14 00:00:00+00,Sun 14 Feb 2021,2691,25,0,194532,99820,6,194538,99826,4.13127717323787,2.11993993510596,49
-7.6926,53.28823,2021/02/15 00:00:00+00,Mon 15 Feb 2021,1955,7884,0,196487,107704,6,196493,107710,4.17279423866303,2.28736732324508,50
-7.6926,53.28823,2021/02/16 00:00:00+00,Tue 16 Feb 2021,5636,8159,0,202123,115863,6,202129,115869,4.29248231065086,2.4606347077995,51
-7.6926,53.28823,2021/02/17 00:00:00+00,Wed 17 Feb 2021,9731,8463,0,211854,124326,6,211860,124332,4.49913323835022,2.64035794293665,52
-7.6926,53.28823,2021/02/18 00:00:00+00,Thu 18 Feb 2021,8453,8349,0,220307,132675,6,220313,132681,4.67864410998136,2.81766023410528,53
-7.6926,53.28823,2021/02/19 00:00:00+00,Fri 19 Feb 2021,9386,6582,0,229693,139257,6,229699,139263,4.87796849672334,2.95743789376176,54
-7.6926,53.28823,2021/02/20 00:00:00+00,Sat 20 Feb 2021,5884,3567,2,235577,142824,8,235585,142832,5.00296565636144,3.0332304290571,55
-7.6926,53.28823,2021/02/21 00:00:00+00,Sun 21 Feb 2021,1106,1021,4,236683,143845,12,236695,143857,5.02653800552867,3.05499768842324,56
-7.6926,53.28823,2021/02/22 00:00:00+00,Mon 22 Feb 2021,3937,1119,1,240620,144964,13,240633,144977,5.11016675419583,3.07878240109648,57
-7.6926,53.28823,2021/02/23 00:00:00+00,Tue 23 Feb 2021,13356,1061,0,253976,146025,13,253989,146038,5.39379945282419,3.10131416908425,58
-7.6926,53.28823,2021/02/24 00:00:00+00,Wed 24 Feb 2021,16931,2102,3,270907,148127,16,270923,148143,5.75341581390331,3.14601668709958,59
-7.6926,53.28823,2021/02/25 00:00:00+00,Thu 25 Feb 2021,18079,1749,2,288986,149876,18,289004,149894,6.1373902691219,3.18320153700211,60
-7.6926,53.28823,2021/02/26 00:00:00+00,Fri 26 Feb 2021,16083,2764,0,305069,152640,18,305087,152658,6.47893449583948,3.24189881006357,61
-7.6926,53.28823,2021/02/27 00:00:00+00,Sat 27 Feb 2021,8989,703,1,314058,153343,19,314077,153362,6.66984928774342,3.25684920088675,62
-7.6926,53.28823,2021/02/28 00:00:00+00,Sun 28 Feb 2021,2440,51,1,316498,153394,20,316518,153414,6.72168721956072,3.257953491118,63
-7.6926,53.28823,2021/03/01 00:00:00+00,Mon 01 Mar 2021,5582,786,0,322080,154180,20,322100,154200,6.84022852861609,3.27464526269047,64
-7.6926,53.28823,2021/03/02 00:00:00+00,Tue 02 Mar 2021,12172,1603,0,334252,155783,20,334272,155803,7.09871738813275,3.30868713270404,65
-7.6926,53.28823,2021/03/03 00:00:00+00,Wed 03 Mar 2021,12885,1502,1,347137,157285,21,347158,157306,7.37236900197859,3.3406053676575,66
-7.6926,53.28823,2021/03/04 00:00:00+00,Thu 04 Mar 2021,18728,1686,3,365865,158971,24,365889,158995,7.7701470850879,3.37647356382277,67
-7.6926,53.28823,2021/03/05 00:00:00+00,Fri 05 Mar 2021,18435,2391,6,384300,161362,30,384330,161392,8.16176662652289,3.42737709621362,68
-7.6926,53.28823,2021/03/06 00:00:00+00,Sat 06 Mar 2021,10425,136,4,394725,161498,34,394759,161532,8.38324052694182,3.43035018529778,69
-7.6926,53.28823,2021/03/07 00:00:00+00,Sun 07 Mar 2021,1518,10,2,396243,161508,36,396279,161544,8.41551977985549,3.43060502150499,70
-7.6926,53.28823,2021/03/08 00:00:00+00,Mon 08 Mar 2021,6657,1493,4,402900,163001,40,402940,163041,8.55697511120946,3.46239583835485,71
-7.6926,53.28823,2021/03/09 00:00:00+00,Tue 09 Mar 2021,13811,3100,5,416711,166101,45,416756,166146,8.85037653111433,3.52833470697128,72
-7.6926,53.28823,2021/03/10 00:00:00+00,Wed 10 Mar 2021,13720,3982,3,430431,170083,48,430479,170131,9.1418029704133,3.61296156411668,73
-7.6926,53.28823,2021/03/11 00:00:00+00,Thu 11 Mar 2021,18465,2096,3,448896,172179,51,448947,172230,9.53399589331452,3.6575366640284,74
-7.6926,53.28823,2021/03/12 00:00:00+00,Fri 12 Mar 2021,17315,1332,3,466211,173511,54,466265,173565,9.90176701302447,3.68588719208088,75
-7.6926,53.28823,2021/03/13 00:00:00+00,Sat 13 Mar 2021,8293,172,0,474504,173683,54,474558,173737,10.0778800685594,3.68953984438427,76
-7.6926,53.28823,2021/03/14 00:00:00+00,Sun 14 Mar 2021,374,17,1,474878,173700,55,474933,173755,10.0858437000349,3.68992209869509,77
-7.6926,53.28823,2021/03/15 00:00:00+00,Mon 15 Mar 2021,2640,988,0,477518,174688,55,477573,174743,10.1419076656218,3.71090361308898,78
-7.6926,53.28823,2021/03/16 00:00:00+00,Tue 16 Mar 2021,8928,3813,2,486446,178501,57,486503,178558,10.3315482764896,3.7919202906322,79
-7.6926,53.28823,2021/03/17 00:00:00+00,Wed 17 Mar 2021,4884,2416,6,491330,180917,63,491393,180980,10.435394030929,3.84335473178808,80
-7.6926,53.28823,2021/03/18 00:00:00+00,Thu 18 Mar 2021,11709,4678,3,503039,185595,66,503105,185661,10.6841141691692,3.94276208895185,81
-7.6926,53.28823,2021/03/19 00:00:00+00,Fri 19 Mar 2021,10355,6121,2,513394,191716,68,513462,191784,10.9040590523448,4.07279226368242,82
-7.6926,53.28823,2021/03/20 00:00:00+00,Sat 20 Mar 2021,5228,3115,2,518622,194831,70,518692,194901,11.0151251659886,4.13898596850607,83
-7.6926,53.28823,2021/03/21 00:00:00+00,Sun 21 Mar 2021,3628,53,3,522250,194884,73,522323,194957,11.0922343550212,4.14017520413973,84
-7.6926,53.28823,2021/03/22 00:00:00+00,Mon 22 Mar 2021,7394,2397,1,529644,197281,74,529718,197355,11.2492771677164,4.19109997288118,85
-7.6926,53.28823,2021/03/23 00:00:00+00,Tue 23 Mar 2021,12563,7382,3,542207,204663,77,542284,204740,11.5161331493699,4.34793042207034,86
-7.6926,53.28823,2021/03/24 00:00:00+00,Wed 24 Mar 2021,13609,9780,1,555816,214443,78,555894,214521,11.805159881051,4.55564316729976,87
-7.6926,53.28823,2021/03/25 00:00:00+00,Thu 25 Mar 2021,20853,10219,3,576669,224662,81,576750,224743,12.2480652091876,4.77272114314426,88
-7.6926,53.28823,2021/03/26 00:00:00+00,Fri 26 Mar 2021,19691,9495,1,596360,234157,82,596442,234239,12.6662514252246,4.97438152845236,89
-7.6926,53.28823,2021/03/27 00:00:00+00,Sat 27 Mar 2021,11728,5341,3,608088,239498,85,608173,239583,12.9153750541261,5.08786858606466,90
-7.6926,53.28823,2021/03/28 00:00:00+00,Sun 28 Mar 2021,2481,481,0,610569,239979,85,610654,240064,12.9680624399675,5.0980832707038,91
-7.6926,53.28823,2021/03/28 23:00:00+00,Mon 29 Mar 2021,9245,3113,3,619814,243092,88,619902,243180,13.1644562103265,5.16425573917684,92
-7.6926,53.28823,2021/03/29 23:00:00+00,Tue 30 Mar 2021,13315,8659,4,633129,251751,92,633221,251843,13.4473031639826,5.34822624443422,93
-7.6926,53.28823,2021/03/30 23:00:00+00,Wed 31 Mar 2021,15814,10502,3,648943,262253,95,649038,262348,13.7831985214403,5.57131410749883,94
-7.6926,53.28823,2021/03/31 23:00:00+00,Thu 01 Apr 2021,19673,11603,7,668616,273856,102,668718,273958,14.2011299012701,5.81786813797767,95
-7.6926,53.28823,2021/04/01 23:00:00+00,Fri 02 Apr 2021,20119,13717,7,688735,287573,109,688844,287682,14.6285326934679,6.10931581362724,96
-7.6926,53.28823,2021/04/02 23:00:00+00,Sat 03 Apr 2021,7536,4650,5,696271,292223,114,696385,292337,14.7886760133509,6.20817102567539,97
-7.6926,53.28823,2021/04/03 23:00:00+00,Sun 04 Apr 2021,3022,168,3,699293,292391,117,699410,292508,14.8529159739192,6.21180244162817,98
-7.6926,53.28823,2021/04/04 23:00:00+00,Mon 05 Apr 2021,3418,602,4,702711,292993,121,702832,293114,14.9255867656762,6.22467167009244,99
-7.6926,53.28823,2021/04/05 23:00:00+00,Tue 06 Apr 2021,11970,8156,10,714681,301149,131,714812,301280,15.1799982458774,6.39808770910107,100
-7.6926,53.28823,2021/04/06 23:00:00+00,Wed 07 Apr 2021,18336,10460,9,733017,311609,140,733157,311749,15.5695790976547,6.62041106354404,101
-7.6926,53.28823,2021/04/07 23:00:00+00,Thu 08 Apr 2021,20167,10567,14,753184,322176,154,753338,322330,15.9981498891356,6.84511288925434,102
-7.6926,53.28823,2021/04/08 23:00:00+00,Fri 09 Apr 2021,20679,9154,16,773863,331330,170,774033,331500,16.4376361648255,7.03985022426648,103
-7.6926,53.28823,2021/04/09 23:00:00+00,Sat 10 Apr 2021,11150,4158,12,785013,335488,182,785195,335670,16.674676310235,7.12840580627309,104
-7.6926,53.28823,2021/04/10 23:00:00+00,Sun 11 Apr 2021,2849,352,6,787862,335840,188,788050,336028,16.7353060912012,7.13600841978829,105
-7.6926,53.28823,2021/04/11 23:00:00+00,Mon 12 Apr 2021,7756,2781,11,795618,338621,199,795817,338820,16.90024882632,7.19530031066657,106
-7.6926,53.28823,2021/04/12 23:00:00+00,Tue 13 Apr 2021,11489,8587,1,807107,347208,200,807307,347408,17.1442544947267,7.37767808962887,107
-7.6926,53.28823,2021/04/13 23:00:00+00,Wed 14 Apr 2021,20333,6586,2,827440,353794,202,827642,353996,17.5760956842002,7.51758316738895,108
-7.6926,53.28823,2021/04/14 23:00:00+00,Thu 15 Apr 2021,27111,10788,1,854551,364582,203,854754,364785,18.1518556216974,7.74670215402428,109
-7.6926,53.28823,2021/04/15 23:00:00+00,Fri 16 Apr 2021,27964,9826,1,882515,374408,204,882719,374612,18.7457301662573,7.95539177138134,110
-7.6926,53.28823,2021/04/16 23:00:00+00,Sat 17 Apr 2021,15838,4544,2,898353,378952,206,898559,379158,19.0821139597788,8.05193222121397,111
-7.6926,53.28823,2021/04/17 23:00:00+00,Sun 18 Apr 2021,1064,476,0,899417,379428,206,899623,379634,19.1047094368184,8.06204072410009,112
-7.6926,53.28823,2021/04/18 23:00:00+00,Mon 19 Apr 2021,6729,2244,0,906146,381672,206,906352,381878,19.2476088400132,8.10969509484898,113
-7.6926,53.28823,2021/04/19 23:00:00+00,Tue 20 Apr 2021,15070,7299,1,921216,388971,207,921423,389178,19.5676618799225,8.26472045423704,114
-7.6926,53.28823,2021/12/05 00:00:00+00,Sun 05 Dec 2021,1348,1770,0,3660051,3597609,239884,3899935,3837493,82.8203869815225,81.4943467772882,115
-7.6926,53.28823,2021/12/06 00:00:00+00,Mon 06 Dec 2021,935,1277,0,3660986,3598886,239884,3900870,3838770,82.8402429693345,81.5214655970058,116
-7.6926,53.28823,2021/12/07 00:00:00+00,Tue 07 Dec 2021,485,729,1,3661471,3599615,239885,3901356,3839500,82.8505638357266,81.5369681329447,117
-7.6926,53.28823,2021/12/08 00:00:00+00,Wed 08 Dec 2021,812,1488,0,3662283,3601103,239885,3902168,3840988,82.8678077524147,81.5685678226391,118
-7.6926,53.28823,2021/12/09 00:00:00+00,Thu 09 Dec 2021,796,1187,0,3663079,3602290,239885,3902964,3842175,82.8847118874932,81.5937753708026,119
-7.6926,53.28823,2021/12/10 00:00:00+00,Fri 10 Dec 2021,892,1589,1,3663971,3603879,239886,3903857,3843765,82.90367594858,81.6275411682584,120
-7.6926,53.28823,2021/12/11 00:00:00+00,Sat 11 Dec 2021,636,835,0,3664607,3604714,239886,3904493,3844600,82.9171822675623,81.6452735210103,121
-7.6926,53.28823,2021/12/12 00:00:00+00,Sun 12 Dec 2021,691,1188,0,3665298,3605902,239886,3905184,3845788,82.9318565858277,81.6705023055244,122
-7.6926,53.28823,2021/12/13 00:00:00+00,Mon 13 Dec 2021,721,1045,0,3666019,3606947,239886,3905905,3846833,82.9471679946111,81.6926942919026,123
-7.6926,53.28823,2021/12/14 00:00:00+00,Tue 14 Dec 2021,630,1180,1,3666649,3608127,239887,3906536,3848014,82.9605681318404,81.7177744219625,124
-7.6926,53.28823,2021/12/15 00:00:00+00,Wed 15 Dec 2021,794,1227,1,3667443,3609354,239888,3907331,3849242,82.9774510305682,81.7438526605006,125
-7.6926,53.28823,2021/12/16 00:00:00+00,Thu 16 Dec 2021,1065,1516,7,3668508,3610870,239895,3908403,3850765,83.0002163984126,81.7761956224661,126
-7.6926,53.28823,2021/12/17 00:00:00+00,Fri 17 Dec 2021,1213,2433,1,3669721,3613303,239896,3909617,3853199,83.0259973280424,81.8278848998292,127
-7.6926,53.28823,2021/12/18 00:00:00+00,Sat 18 Dec 2021,1264,1168,0,3670985,3614471,239896,3910881,3854367,83.0528400752022,81.8526889573313,128
-7.6926,53.28823,2021/12/19 00:00:00+00,Sun 19 Dec 2021,558,877,0,3671543,3615348,239896,3911439,3855244,83.0646899588376,81.8713132368084,129
-7.6926,53.28823,2021/12/20 00:00:00+00,Mon 20 Dec 2021,540,588,0,3672083,3615936,239896,3911979,3855832,83.0761575881622,81.8838002109619,130
-7.6926,53.28823,2021/12/21 00:00:00+00,Tue 21 Dec 2021,1468,1776,3,3673551,3617712,239899,3913450,3857611,83.1073962598964,81.9215796786813,131
-7.6926,53.28823,2021/12/22 00:00:00+00,Wed 22 Dec 2021,1237,1551,2,3674788,3619263,239901,3914689,3859164,83.1337080982912,81.9545597311648,132
-7.6926,53.28823,2021/12/23 00:00:00+00,Thu 23 Dec 2021,966,1341,0,3675754,3620604,239901,3915655,3860505,83.1542224129718,81.9830376773209,133
-7.6926,53.28823,2021/12/24 00:00:00+00,Fri 24 Dec 2021,102,137,0,3675856,3620741,239901,3915757,3860642,83.1563885207332,81.9859470573532,134
-7.6926,53.28823,2021/12/25 00:00:00+00,Sat 25 Dec 2021,1,0,0,3675857,3620741,239901,3915758,3860642,83.1564097570838,81.9859470573532,135
-7.6926,53.28823,2021/12/26 00:00:00+00,Sun 26 Dec 2021,10,6,0,3675867,3620747,239901,3915768,3860648,83.1566221205898,81.9860744754568,136
-7.6926,53.28823,2021/12/27 00:00:00+00,Mon 27 Dec 2021,388,581,0,3676255,3621328,239901,3916156,3861229,83.164861824623,81.9984127951561,137
-7.6926,53.28823,2021/12/28 00:00:00+00,Tue 28 Dec 2021,463,736,0,3676718,3622064,239901,3916619,3861965,83.1746942549513,82.0140427491985,138
-7.6926,53.28823,2021/12/29 00:00:00+00,Wed 29 Dec 2021,1083,1277,0,3677801,3623341,239901,3917702,3863242,83.1976932226523,82.0411615689161,139
-7.6926,53.28823,2021/12/30 00:00:00+00,Thu 30 Dec 2021,1074,1170,1,3678875,3624511,239902,3918777,3864413,83.2205222995485,82.06602933547,140
-7.6926,53.28823,2021/12/31 00:00:00+00,Fri 31 Dec 2021,721,1666,0,3679596,3626177,239902,3919498,3866079,83.2358337083319,82.1014090955714,141
-7.6926,53.28823,2022/01/01 00:00:00+00,Sat 01 Jan 2022,67,95,0,3679663,3626272,239902,3919565,3866174,83.2372565438222,82.1034265488785,142
-7.6926,53.28823,2022/01/02 00:00:00+00,Sun 02 Jan 2022,270,622,0,3679933,3626894,239902,3919835,3866796,83.2429903584845,82.1166355589524,143
-7.6926,53.28823,2022/01/03 00:00:00+00,Mon 03 Jan 2022,3631,715,0,3683564,3627609,239902,3923466,3867511,83.3200995475171,82.1318195496322,144
-7.6926,53.28823,2022/01/04 00:00:00+00,Tue 04 Jan 2022,1191,759,0,3684755,3628368,239902,3924657,3868270,83.345392041083,82.1479379397385,145
-7.6926,53.28823,2022/01/05 00:00:00+00,Wed 05 Jan 2022,2142,880,0,3686897,3629248,239902,3926799,3869150,83.3908803040706,82.1666259282674,146
-7.6926,53.28823,2022/01/06 00:00:00+00,Thu 06 Jan 2022,2465,1661,1,3689362,3630909,239903,3929265,3870812,83.4432491446529,82.2019207429665,147
-7.6926,53.28823,2022/01/07 00:00:00+00,Fri 07 Jan 2022,4854,759,0,3694216,3631668,239903,3934119,3871571,83.5463303904707,82.2180391330727,148
-7.6926,53.28823,2022/01/08 00:00:00+00,Sat 08 Jan 2022,9792,730,1,3704008,3632398,239904,3943912,3872302,83.7542979719073,82.2335629053621,149
-7.6926,53.28823,2022/01/09 00:00:00+00,Sun 09 Jan 2022,7115,665,0,3711123,3633063,239904,3951027,3872967,83.9053946064341,82.2476850785119,150
-7.6926,53.28823,2022/01/10 00:00:00+00,Mon 10 Jan 2022,6654,487,0,3717777,3633550,239904,3957681,3873454,84.0467012833339,82.2580271812546,151
-7.6926,53.28823,2022/01/11 00:00:00+00,Tue 11 Jan 2022,4771,1338,1,3722548,3634888,239905,3962453,3874793,84.1480411484024,82.2864626547095,152
-7.6926,53.28823,2022/01/12 00:00:00+00,Wed 12 Jan 2022,7560,883,1,3730108,3635771,239906,3970014,3875677,84.3086091952973,82.3052355886408,153
-7.6926,53.28823,2022/01/13 00:00:00+00,Thu 13 Jan 2022,7323,786,0,3737431,3636557,239906,3977337,3876463,84.4641229907492,82.3219273602133,154
-7.6926,53.28823,2022/01/14 00:00:00+00,Fri 14 Jan 2022,10731,813,0,3748162,3637370,239906,3988068,3877276,84.6920102690497,82.339192513252,155
-7.6926,53.28823,2022/01/15 00:00:00+00,Sat 15 Jan 2022,8354,636,0,3756516,3638006,239906,3996422,3877912,84.8694187419713,82.3526988322343,156
-7.6926,53.28823,2022/01/16 00:00:00+00,Sun 16 Jan 2022,6966,1211,1,3763482,3639217,239907,4003389,3879124,85.0173723966092,82.3784372891629,157
-7.6926,53.28823,2022/01/17 00:00:00+00,Mon 17 Jan 2022,2564,545,0,3766046,3639762,239907,4005953,3879669,85.0718223995505,82.3900111002405,158
-7.6926,53.28823,2022/01/18 00:00:00+00,Tue 18 Jan 2022,4061,425,3,3770107,3640187,239910,4010017,3880097,85.1581269283934,82.3991002582977,159
-7.6926,53.28823,2022/01/19 00:00:00+00,Wed 19 Jan 2022,3482,612,0,3773589,3640799,239910,4013499,3880709,85.2320719011864,82.4120969048656,160
-7.6926,53.28823,2022/01/20 00:00:00+00,Thu 20 Jan 2022,3692,920,1,3777281,3641719,239911,4017192,3881630,85.3104977439563,82.4316555837692,161
-7.6926,53.28823,2022/01/21 00:00:00+00,Fri 21 Jan 2022,3251,963,0,3780532,3642682,239911,4020443,3882593,85.3795371197605,82.4521061893981,162
-7.6926,53.28823,2022/01/22 00:00:00+00,Sat 22 Jan 2022,4271,636,0,3784803,3643318,239911,4024714,3883229,85.4702375731778,82.4656125083804,163
-7.6926,53.28823,2022/01/23 00:00:00+00,Sun 23 Jan 2022,3092,677,0,3787895,3643995,239911,4027806,3883906,85.5359003692364,82.4799895177373,164
-7.6926,53.28823,2022/01/24 00:00:00+00,Mon 24 Jan 2022,645,457,0,3788540,3644452,239911,4028451,3884363,85.5495978153741,82.489694529962,165
-7.6926,53.28823,2022/01/25 00:00:00+00,Tue 25 Jan 2022,698,1828,0,3789238,3646280,239911,4029149,3886191,85.5644207880937,82.5285145788609,166
-7.6926,53.28823,2022/01/26 00:00:00+00,Wed 26 Jan 2022,701,880,0,3789939,3647160,239911,4029850,3887071,85.5793074698651,82.5472025673898,167
-7.6926,53.28823,2022/01/27 00:00:00+00,Thu 27 Jan 2022,1273,1159,0,3791212,3648319,239911,4031123,3888230,85.6063413441803,82.5718154977365,168
-7.6926,53.28823,2022/01/28 00:00:00+00,Fri 28 Jan 2022,1028,3090,0,3792240,3651409,239911,4032151,3891320,85.6281723125982,82.6374358210939,169
-7.6926,53.28823,2022/01/29 00:00:00+00,Sat 29 Jan 2022,2325,3441,0,3794565,3654850,239911,4034476,3894761,85.6775468277458,82.7105101035123,170
-7.6926,53.28823,2022/01/30 00:00:00+00,Sun 30 Jan 2022,1634,7536,0,3796199,3662386,239911,4036110,3902297,85.712247024628,82.8705472416423,171
-7.6926,53.28823,2022/01/31 00:00:00+00,Mon 31 Jan 2022,480,1379,0,3796679,3663765,239911,4036590,3903676,85.7224404729165,82.8998321691212,172
-7.6926,53.28823,2022/02/01 00:00:00+00,Tue 01 Feb 2022,751,3410,1,3797430,3667175,239912,4037342,3907087,85.7384102085686,82.9722693610216,173
-7.6926,53.28823,2022/02/02 00:00:00+00,Wed 02 Feb 2022,643,2988,0,3798073,3670163,239912,4037985,3910075,85.7520651820051,83.0357235766177,174
-7.6926,53.28823,2022/02/03 00:00:00+00,Thu 03 Feb 2022,912,2423,1,3798985,3672586,239913,4038898,3912499,85.7714539701039,83.0872004904748,175
-7.6926,53.28823,2022/02/04 00:00:00+00,Fri 04 Feb 2022,1170,6509,0,3800155,3679095,239913,4040068,3919008,85.7963005003072,83.2254278965374,176
-7.6926,53.28823,2022/02/05 00:00:00+00,Sat 05 Feb 2022,1778,5745,0,3801933,3684840,239913,4041846,3924753,85.8340587316759,83.3474307307407,177
-7.6926,53.28823,2022/02/06 00:00:00+00,Sun 06 Feb 2022,1408,7555,0,3803341,3692395,239913,4043254,3932308,85.8639595133223,83.507871359532,178
-7.6926,53.28823,2022/02/07 00:00:00+00,Mon 07 Feb 2022,435,1347,0,3803776,3693742,239913,4043689,3933655,85.8731973258338,83.5364767237917,179
-7.6926,53.28823,2022/02/08 00:00:00+00,Tue 08 Feb 2022,897,1225,0,3804673,3694967,239913,4044586,3934880,85.892246332323,83.5624912532781,180
-7.6926,53.28823,2022/02/09 00:00:00+00,Wed 09 Feb 2022,1332,1770,0,3806005,3696737,239913,4045918,3936650,85.9205331513237,83.6000795938421,181
-7.6926,53.28823,2022/02/10 00:00:00+00,Thu 10 Feb 2022,688,2539,0,3806693,3699276,239913,4046606,3939189,85.9351437605372,83.6539986880183,182
-7.6926,53.28823,2022/02/11 00:00:00+00,Fri 11 Feb 2022,557,4907,0,3807250,3704183,239913,4047163,3944096,85.946972407822,83.7582054604179,183
-7.6926,53.28823,2022/02/12 00:00:00+00,Sat 12 Feb 2022,1395,5459,0,3808645,3709642,239913,4048558,3949555,85.9765971169106,83.8741346983493,184
-7.6926,53.28823,2022/02/13 00:00:00+00,Sun 13 Feb 2022,1567,4706,0,3810212,3714348,239913,4050125,3954261,86.0098744783025,83.9740729642781,185
-7.6926,53.28823,2022/02/14 00:00:00+00,Mon 14 Feb 2022,172,948,1,3810384,3715296,239914,4050298,3955210,86.0135483669565,83.9942262609986,186
-7.6926,53.28823,2022/02/15 00:00:00+00,Tue 15 Feb 2022,646,805,1,3811030,3716101,239915,4050945,3956016,86.0272882857954,84.0113427595831,187
-7.6926,53.28823,2022/02/16 00:00:00+00,Wed 16 Feb 2022,795,1780,0,3811825,3717881,239915,4051740,3957796,86.0441711845233,84.049143463653,188
-7.6926,53.28823,2022/02/17 00:00:00+00,Thu 17 Feb 2022,789,1179,2,3812614,3719060,239917,4052531,3958977,86.0609691378488,84.0742235937129,189
-7.6926,53.28823,2022/02/18 00:00:00+00,Fri 18 Feb 2022,798,3282,0,3813412,3722342,239917,4053329,3962259,86.0779157456284,84.1439212963858,190
-7.6926,53.28823,2022/02/19 00:00:00+00,Sat 19 Feb 2022,976,3548,0,3814388,3725890,239917,4054305,3965807,86.0986424238151,84.2192678683185,191
-7.6926,53.28823,2022/02/20 00:00:00+00,Sun 20 Feb 2022,1367,3587,0,3815755,3729477,239917,4055672,3969394,86.1276725150868,84.2954426579247,192
-7.6926,53.28823,2022/02/21 00:00:00+00,Mon 21 Feb 2022,251,986,1,3816006,3730463,239918,4055924,3970381,86.1330240754383,84.3164029359679,193
-7.6926,53.28823,2022/02/22 00:00:00+00,Tue 22 Feb 2022,476,963,0,3816482,3731426,239918,4056400,3971344,86.1431325783244,84.3368535415968,194
-7.6926,53.28823,2022/02/23 00:00:00+00,Wed 23 Feb 2022,828,1259,1,3817310,3732685,239919,4057229,3972604,86.1607375129728,84.3636113433542,195
-7.6926,53.28823,2022/02/24 00:00:00+00,Thu 24 Feb 2022,658,1219,0,3817968,3733904,239919,4057887,3973823,86.1747110316683,84.3894984547369,196
-7.6926,53.28823,2022/02/25 00:00:00+00,Fri 25 Feb 2022,690,1212,0,3818658,3735116,239919,4058577,3975035,86.189364113583,84.4152369116655,197
-7.6926,53.28823,2022/02/26 00:00:00+00,Sat 26 Feb 2022,956,2086,0,3819614,3737202,239919,4059533,3977121,86.2096660647577,84.4595359390194,198
-7.6926,53.28823,2022/02/27 00:00:00+00,Sun 27 Feb 2022,670,1781,0,3820284,3738983,239919,4060203,3978902,86.2238944196604,84.49735787944,199
-7.6926,53.28823,2022/02/28 00:00:00+00,Mon 28 Feb 2022,83,421,0,3820367,3739404,239919,4060286,3979323,86.2256570367603,84.506298383043,200
-7.6926,53.28823,2022/03/01 00:00:00+00,Tue 01 Mar 2022,122,935,0,3820489,3740339,239919,4060408,3980258,86.2282478715337,84.5261543708551,201
-7.6926,53.28823,2022/03/02 00:00:00+00,Wed 02 Mar 2022,200,988,2,3820689,3741327,239921,4060610,3981248,86.2325376143551,84.5471783579502,202
-7.6926,53.28823,2022/03/03 00:00:00+00,Thu 03 Mar 2022,269,1269,0,3820958,3742596,239921,4060879,3982517,86.2382501926668,84.574127286863,203
-7.6926,53.28823,2022/03/04 00:00:00+00,Fri 04 Mar 2022,728,1485,2,3821686,3744081,239923,4061609,3984004,86.2537527286056,84.6057057402068,204
-7.6926,53.28823,2022/03/05 00:00:00+00,Sat 05 Mar 2022,961,3331,0,3822647,3747412,239923,4062570,3987335,86.2741608615333,84.6764440240591,205
-7.6926,53.28823,2022/03/06 00:00:00+00,Sun 06 Mar 2022,455,1914,0,3823102,3749326,239923,4063025,3989249,86.2838234010568,84.7170903991096,206
-7.6926,53.28823,2022/03/07 00:00:00+00,Mon 07 Mar 2022,112,112,0,3823214,3749438,239923,4063137,3989361,86.2862018723241,84.7194688703769,207
-7.6926,53.28823,2022/03/08 00:00:00+00,Tue 08 Mar 2022,117,484,0,3823331,3749922,239923,4063254,3989845,86.2886865253444,84.7297472640679,208
-7.6926,53.28823,2022/03/09 00:00:00+00,Wed 09 Mar 2022,117,320,0,3823448,3750242,239923,4063371,3990165,86.2911711783647,84.7365428962602,209
-7.6926,53.28823,2022/03/10 00:00:00+00,Thu 10 Mar 2022,253,500,0,3823701,3750742,239923,4063624,3990665,86.2965439750668,84.7471610715608,210
-7.6926,53.28823,2022/03/11 00:00:00+00,Fri 11 Mar 2022,496,2163,0,3824197,3752905,239923,4064120,3992828,86.307077204965,84.793095297911,211
-7.6926,53.28823,2022/03/12 00:00:00+00,Sat 12 Mar 2022,472,2378,2,3824669,3755283,239925,4064594,3995208,86.3171432351499,84.8436378123416,212
-7.6926,53.28823,2022/03/13 00:00:00+00,Sun 13 Mar 2022,362,1078,0,3825031,3756361,239925,4064956,3996286,86.3248307940675,84.8665305982896,213
-7.6926,53.28823,2022/03/14 00:00:00+00,Mon 14 Mar 2022,99,109,0,3825130,3756470,239925,4065055,3996395,86.326933192777,84.8688453605051,214
-7.6926,53.28823,2022/03/15 00:00:00+00,Tue 15 Mar 2022,215,741,0,3825345,3757211,239925,4065270,3997136,86.3314990081562,84.8845814963005,215
-7.6926,53.28823,2022/03/16 00:00:00+00,Wed 16 Mar 2022,187,780,1,3825532,3757991,239926,4065458,3997917,86.3354914420693,84.90116708612,216
-7.6926,53.28823,2022/03/18 00:00:00+00,Fri 18 Mar 2022,2,6,0,3825534,3757997,239926,4065460,3997923,86.3355339147705,84.9012945042236,217
-7.6926,53.28823,2022/03/19 00:00:00+00,Sat 19 Mar 2022,741,2775,0,3826275,3760772,239926,4066201,4000698,86.3512700505659,84.9602253771417,218
-7.6926,53.28823,2022/03/20 00:00:00+00,Sun 20 Mar 2022,387,1392,0,3826662,3762164,239926,4066588,4002090,86.3594885182485,84.9897863771784,219
-7.6926,53.28823,2022/03/21 00:00:00+00,Mon 21 Mar 2022,53,97,0,3826715,3762261,239926,4066641,4002187,86.3606140448304,84.9918463031867,220
-7.6926,53.28823,2022/03/22 00:00:00+00,Tue 22 Mar 2022,129,557,0,3826844,3762818,239926,4066770,4002744,86.3633535340579,85.0036749504715,221
-7.6926,53.28823,2022/03/23 00:00:00+00,Wed 23 Mar 2022,94,207,0,3826938,3763025,239926,4066864,4002951,86.3653497510144,85.0080708750459,222
-7.6926,53.28823,2022/03/24 00:00:00+00,Thu 24 Mar 2022,132,209,0,3827070,3763234,239926,4066996,4003160,86.3681529492938,85.0125092723216,223
-7.6926,53.28823,2022/03/25 00:00:00+00,Fri 25 Mar 2022,409,1547,0,3827479,3764781,239926,4067405,4004707,86.3768386166896,85.0453619067015,224
-7.6926,53.28823,2022/03/26 00:00:00+00,Sat 26 Mar 2022,842,1825,0,3828321,3766606,239926,4068247,4006532,86.3947196238957,85.0841182465485,225
-7.6926,53.28823,2022/03/27 00:00:00+00,Sun 27 Mar 2022,377,796,0,3828698,3767402,239926,4068624,4007328,86.4027257280724,85.101022381627,226
-7.6926,53.28823,2021/08/12 23:00:00+00,Fri 13 Aug 2021,10878,28175,861,3299822,2899020,230968,3530790,3129988,74.9810943388774,66.4695225452531,227
-7.6926,53.28823,2021/08/13 23:00:00+00,Sat 14 Aug 2021,18097,5803,277,3317919,2904823,231245,3549164,3136068,75.3712910448221,66.5986395569078,228
-7.6926,53.28823,2021/08/14 23:00:00+00,Sun 15 Aug 2021,16979,3693,47,3334898,2908516,231292,3566190,3139808,75.7328611501565,66.6780635081559,229
-7.6926,53.28823,2021/08/15 23:00:00+00,Mon 16 Aug 2021,10156,23073,379,3345054,2931589,231671,3576725,3163260,75.9565861037391,67.1760984024531,230
-7.6926,53.28823,2021/08/16 23:00:00+00,Tue 17 Aug 2021,12854,26812,523,3357908,2958401,232194,3590102,3190595,76.2406647657301,67.7565940461343,231
-7.6926,53.28823,2021/08/17 23:00:00+00,Wed 18 Aug 2021,15193,25717,654,3373101,2984118,232848,3605949,3216966,76.5771972137059,68.316617847836,232
-7.6926,53.28823,2021/08/18 23:00:00+00,Thu 19 Aug 2021,11337,25635,537,3384438,3009753,233385,3617823,3243138,76.8293576407434,68.8724156157682,233
-7.6926,53.28823,2021/08/19 23:00:00+00,Fri 20 Aug 2021,14818,22180,683,3399256,3031933,234068,3633324,3266001,77.1585423114111,69.3579422995612,234
-7.6926,53.28823,2021/08/20 23:00:00+00,Sat 21 Aug 2021,11849,7931,241,3411105,3039864,234309,3645414,3274173,77.4152897901785,69.5314857566735,235
-7.6926,53.28823,2021/08/21 23:00:00+00,Sun 22 Aug 2021,7994,12221,160,3419099,3052085,234469,3653568,3286554,77.5884509929799,69.7944130134658,236
-7.6926,53.28823,2021/08/22 23:00:00+00,Mon 23 Aug 2021,10841,15320,285,3429940,3067405,234754,3664694,3302159,77.8247266297678,70.125806264596,237
-7.6926,53.28823,2021/08/23 23:00:00+00,Tue 24 Aug 2021,9725,22872,382,3439665,3090277,235136,3674801,3325413,78.0393624252932,70.6196363614741,238
-7.6926,53.28823,2021/08/24 23:00:00+00,Wed 25 Aug 2021,9397,19458,310,3449062,3109735,235446,3684508,3345181,78.2455036805781,71.0394365401568,239
-7.6926,53.28823,2021/08/25 23:00:00+00,Thu 26 Aug 2021,8556,19377,363,3457618,3129112,235809,3693427,3364921,78.4349106915894,71.4586421010226,240
-7.6926,53.28823,2021/08/26 23:00:00+00,Fri 27 Aug 2021,9699,19153,430,3467317,3148265,236239,3703556,3384504,78.650013686828,71.874513554844,241
-7.6926,53.28823,2021/08/27 23:00:00+00,Sat 28 Aug 2021,9906,7872,152,3477223,3156137,236391,3713614,3392528,78.8636089011739,72.0449140320673,242
-7.6926,53.28823,2021/08/28 23:00:00+00,Sun 29 Aug 2021,8790,9167,28,3486013,3165304,236419,3722432,3401723,79.0508710407744,72.2401822758445,243
-7.6926,53.28823,2021/08/29 23:00:00+00,Mon 30 Aug 2021,5039,11070,82,3491052,3176374,236501,3727553,3412875,79.1596223922027,72.477010057748,244
-7.6926,53.28823,2021/08/30 23:00:00+00,Tue 31 Aug 2021,4045,12819,140,3495097,3189193,236641,3731738,3425834,79.2484965194683,72.7522119251877,245
-7.6926,53.28823,2021/08/31 23:00:00+00,Wed 01 Sep 2021,4927,12490,179,3500024,3201683,236820,3736844,3438503,79.3569293256376,73.0212552509531,246
-7.6926,53.28823,2021/09/01 23:00:00+00,Thu 02 Sep 2021,4996,12318,246,3505020,3214001,237066,3742086,3451067,79.4682502754886,73.2880687599054,247
-7.6926,53.28823,2021/09/02 23:00:00+00,Fri 03 Sep 2021,4753,16016,163,3509773,3230017,237229,3747002,3467246,79.5726481750436,73.6316516762807,248
-7.6926,53.28823,2021/09/03 23:00:00+00,Sat 04 Sep 2021,4617,10546,132,3514390,3240563,237361,3751751,3477924,79.6734996040482,73.8584134279993,249
-7.6926,53.28823,2021/09/04 23:00:00+00,Sun 05 Sep 2021,5303,11879,1,3519693,3252442,237362,3757055,3489804,79.7861372076365,74.1107012731404,250
-7.6926,53.28823,2021/09/05 23:00:00+00,Mon 06 Sep 2021,2135,9643,75,3521828,3262085,237437,3759265,3499522,79.833069542465,74.317076128282,251
-7.6926,53.28823,2021/09/06 23:00:00+00,Tue 07 Sep 2021,3020,9971,153,3524848,3272056,237590,3762438,3509646,79.9004524829223,74.5320729417676,252
-7.6926,53.28823,2021/09/07 23:00:00+00,Wed 08 Sep 2021,2590,14773,185,3527438,3286829,237775,3765213,3524604,79.9593833558403,74.8497262740589,253
-7.6926,53.28823,2021/09/08 23:00:00+00,Thu 09 Sep 2021,3106,14766,137,3530544,3301595,237912,3768456,3539507,80.0282528408397,75.1662116070672,254
-7.6926,53.28823,2021/09/09 23:00:00+00,Fri 10 Sep 2021,3363,13918,115,3533907,3315513,238027,3771934,3553540,80.1021128682304,75.4642213150525,255
-7.6926,53.28823,2021/09/10 23:00:00+00,Sat 11 Sep 2021,2548,11301,62,3536455,3326814,238089,3774544,3564903,80.1575397432992,75.7055299669329,256
-7.6926,53.28823,2021/09/11 23:00:00+00,Sun 12 Sep 2021,2032,12864,1,3538487,3339678,238090,3776577,3577768,80.2007132440713,75.9787356174161,257
-7.6926,53.28823,2021/09/12 23:00:00+00,Mon 13 Sep 2021,1597,7705,50,3540084,3347383,238140,3778224,3585523,80.2356895135113,76.1434235163277,258
-7.6926,53.28823,2021/09/13 23:00:00+00,Tue 14 Sep 2021,1535,10758,81,3541619,3358141,238221,3779840,3596362,80.2700074560827,76.3736043204931,259
-7.6926,53.28823,2021/09/14 23:00:00+00,Wed 15 Sep 2021,3268,12374,136,3544887,3370515,238357,3783244,3608872,80.3422959935289,76.6392710665129,260
-7.6926,53.28823,2021/09/15 23:00:00+00,Thu 16 Sep 2021,1897,10573,113,3546784,3381088,238470,3785254,3619558,80.3849810582371,76.8662027090363,261
-7.6926,53.28823,2021/09/16 23:00:00+00,Fri 17 Sep 2021,2554,14592,92,3549338,3395680,238562,3787900,3634242,80.4411724419276,77.1780372812629,262
-7.6926,53.28823,2021/09/17 23:00:00+00,Sat 18 Sep 2021,2278,11211,43,3551616,3406891,238605,3790221,3645496,80.4904620116728,77.4170311709278,263
-7.6926,53.28823,2021/09/18 23:00:00+00,Sun 19 Sep 2021,1856,8484,13,3553472,3415375,238618,3792090,3653993,80.5301527509462,77.5974764419854,264
-7.6926,53.28823,2021/09/19 23:00:00+00,Mon 20 Sep 2021,945,5595,33,3554417,3420970,238651,3793068,3659621,80.5509219018341,77.7169946231684,265
-7.6926,53.28823,2021/09/20 23:00:00+00,Tue 21 Sep 2021,1459,6648,90,3555876,3427618,238741,3794617,3666359,80.5838170089152,77.8600851535186,266
-7.6926,53.28823,2021/09/21 23:00:00+00,Wed 22 Sep 2021,1891,8119,96,3557767,3435737,238837,3796604,3674574,80.6260136375596,78.0345417737067,267
-7.6926,53.28823,2021/09/22 23:00:00+00,Thu 23 Sep 2021,1690,8741,88,3559457,3444478,238925,3798382,3683403,80.6637718689284,78.2220375131639,268
-7.6926,53.28823,2021/09/23 23:00:00+00,Fri 24 Sep 2021,1904,7367,79,3561361,3451845,239004,3800365,3690849,80.7058835521704,78.3801633797397,269
-7.6926,53.28823,2021/09/24 23:00:00+00,Sat 25 Sep 2021,2410,6572,51,3563771,3458417,239055,3802826,3697472,80.7581462109997,78.5208117297708,270
-7.6926,53.28823,2021/09/25 23:00:00+00,Sun 26 Sep 2021,1537,7089,0,3565308,3465506,239055,3804363,3704561,80.7907864818736,78.6713562191821,271
-7.6926,53.28823,2021/09/26 23:00:00+00,Mon 27 Sep 2021,1169,3775,45,3566477,3469281,239100,3805577,3708381,80.8165674115033,78.7524790784783,272
-7.6926,53.28823,2021/09/27 23:00:00+00,Tue 28 Sep 2021,1441,5105,91,3567918,3474386,239191,3807109,3713577,80.8491015006242,78.8628231562016,273
-7.6926,53.28823,2021/09/28 23:00:00+00,Wed 29 Sep 2021,1643,3594,78,3569561,3477980,239269,3808830,3717249,80.8856492600087,78.9408030356089,274
-7.6926,53.28823,2021/09/29 23:00:00+00,Thu 30 Sep 2021,1280,3939,77,3570841,3481919,239346,3810187,3721265,80.9144669877744,79.0260882196229,275
-7.6926,53.28823,2021/09/30 23:00:00+00,Fri 01 Oct 2021,1835,5143,41,3572676,3487062,239387,3812063,3726449,80.9543063815021,79.1361774611391,276
-7.6926,53.28823,2021/10/01 23:00:00+00,Sat 02 Oct 2021,1705,4071,40,3574381,3491133,239427,3813808,3730560,80.991363813301,79.2234800984602,277
-7.6926,53.28823,2021/10/02 23:00:00+00,Sun 03 Oct 2021,1194,3009,9,3575575,3494142,239436,3815011,3733578,81.0169111430742,79.2875714045744,278
-7.6926,53.28823,2021/10/03 23:00:00+00,Mon 04 Oct 2021,335,1210,18,3575910,3495352,239454,3815364,3734806,81.0244075748364,79.3136496431125,279
-7.6926,53.28823,2021/10/04 23:00:00+00,Tue 05 Oct 2021,959,2805,69,3576869,3498157,239523,3816392,3737680,81.0462385432543,79.3746829147401,280
-7.6926,53.28823,2021/10/05 23:00:00+00,Wed 06 Oct 2021,970,2542,35,3577839,3500699,239558,3817397,3740257,81.0675810756084,79.4294089902391,281
-7.6926,53.28823,2021/10/06 23:00:00+00,Thu 07 Oct 2021,1202,2670,44,3579041,3503369,239602,3818643,3742971,81.0940415684574,79.4870444457705,282
-7.6926,53.28823,2021/10/07 23:00:00+00,Fri 08 Oct 2021,975,2765,45,3580016,3506134,239647,3819663,3745781,81.1157026460705,79.5467185909596,283
-7.6926,53.28823,2021/10/08 23:00:00+00,Sat 09 Oct 2021,729,2359,23,3580745,3508493,239670,3820415,3748163,81.1316723817226,79.5973035780915,284
-7.6926,53.28823,2021/10/09 23:00:00+00,Sun 10 Oct 2021,1499,3904,1,3582244,3512397,239671,3821915,3752068,81.1635269076242,79.6802315271888,285
-7.6926,53.28823,2021/10/10 23:00:00+00,Mon 11 Oct 2021,330,1100,15,3582574,3513497,239686,3822260,3753183,81.1708534485816,79.703910058109,286
-7.6926,53.28823,2021/10/11 23:00:00+00,Tue 12 Oct 2021,562,1589,20,3583136,3515086,239706,3822842,3754792,81.1832130046314,79.7380793462262,287
-7.6926,53.28823,2021/10/12 23:00:00+00,Wed 13 Oct 2021,1001,2033,9,3584137,3517119,239715,3823852,3756834,81.2046617187386,79.7814439741537,288
-7.6926,53.28823,2021/10/13 23:00:00+00,Thu 14 Oct 2021,688,1567,7,3584825,3518686,239722,3824547,3758408,81.2194209824063,79.8148699899998,289
-7.6926,53.28823,2021/10/14 23:00:00+00,Fri 15 Oct 2021,954,2044,7,3585779,3520730,239729,3825508,3760459,81.239829115334,79.8584257450827,290
-7.6926,53.28823,2021/10/15 23:00:00+00,Sat 16 Oct 2021,1373,2617,13,3587152,3523347,239742,3826894,3763089,81.2692626972671,79.9142773471636,291
-7.6926,53.28823,2021/10/16 23:00:00+00,Sun 17 Oct 2021,1698,2881,2,3588850,3526228,239744,3828594,3765972,81.305364493289,79.9755017459466,292
-7.6926,53.28823,2021/10/17 23:00:00+00,Mon 18 Oct 2021,667,1215,4,3589517,3527443,239748,3829265,3767191,81.3196140845423,80.0013888573293,293
-7.6926,53.28823,2021/10/18 23:00:00+00,Tue 19 Oct 2021,1330,1771,12,3590847,3529214,239760,3830607,3768974,81.348113267049,80.0392532704511,294
-7.6926,53.28823,2021/10/19 23:00:00+00,Wed 20 Oct 2021,2243,2290,0,3593090,3531504,239760,3832850,3771264,81.3957464014473,80.0878845133276,295
-7.6926,53.28823,2021/10/20 23:00:00+00,Thu 21 Oct 2021,1748,1799,10,3594838,3533303,239770,3834608,3773073,81.433079905804,80.126301071565,296
-7.6926,53.28823,2021/10/21 23:00:00+00,Fri 22 Oct 2021,1491,1901,2,3596329,3535204,239772,3836101,3774976,81.4647857772515,80.1667138467589,297
-7.6926,53.28823,2021/10/22 23:00:00+00,Sat 23 Oct 2021,2009,1674,1,3598338,3536878,239773,3838111,3776651,81.5074708419597,80.2022847340158,298
-7.6926,53.28823,2021/10/23 23:00:00+00,Sun 24 Oct 2021,1943,2179,2,3600281,3539057,239775,3840056,3778832,81.5487755438789,80.2486012146768,299
-7.6926,53.28823,2021/10/24 23:00:00+00,Mon 25 Oct 2021,1216,827,2,3601497,3539884,239777,3841274,3779661,81.574641418911,80.2662061493251,300
-7.6926,53.28823,2021/10/25 23:00:00+00,Tue 26 Oct 2021,1235,1193,6,3602732,3541077,239783,3842515,3780860,81.600995730007,80.2916685336958,301
-7.6926,53.28823,2021/10/26 23:00:00+00,Wed 27 Oct 2021,1550,1400,5,3604282,3542477,239788,3844070,3782265,81.6340182551917,80.3215056062904,302
-7.6926,53.28823,2021/10/27 23:00:00+00,Thu 28 Oct 2021,2145,1667,3,3606427,3544144,239791,3846218,3783935,81.6796339362829,80.3569703117942,303
-7.6926,53.28823,2021/10/28 23:00:00+00,Fri 29 Oct 2021,2132,1341,0,3608559,3545485,239791,3848350,3785276,81.7249098357644,80.3854482579503,304
-7.6926,53.28823,2021/10/29 23:00:00+00,Sat 30 Oct 2021,2008,1433,0,3610567,3546918,239791,3850358,3786709,81.7675524277714,80.4158799483617,305
-7.6926,53.28823,2021/10/30 23:00:00+00,Sun 31 Oct 2021,1623,1314,0,3612190,3548232,239791,3851981,3788023,81.802019024797,80.4437845130515,306
-7.6926,53.28823,2021/11/01 00:00:00+00,Mon 01 Nov 2021,260,261,2,3612450,3548493,239793,3852243,3788286,81.8075829486545,80.4493696732596,307
-7.6926,53.28823,2021/11/02 00:00:00+00,Tue 02 Nov 2021,1087,1074,9,3613537,3549567,239802,3853339,3789369,81.8308579889134,80.4723686409606,308
-7.6926,53.28823,2021/11/03 00:00:00+00,Wed 03 Nov 2021,2533,1837,5,3616070,3551404,239807,3855877,3791211,81.884755846739,80.5114859987679,309
-7.6926,53.28823,2021/11/04 00:00:00+00,Thu 04 Nov 2021,1542,1250,1,3617612,3552654,239808,3857420,3792462,81.9175235357165,80.5380526733698,310
-7.6926,53.28823,2021/11/05 00:00:00+00,Fri 05 Nov 2021,1626,1064,2,3619238,3553718,239810,3859048,3793528,81.9520963144951,80.5606906231106,311
-7.6926,53.28823,2021/11/06 00:00:00+00,Sat 06 Nov 2021,1817,1337,5,3621055,3555055,239815,3860870,3794870,81.9907889452903,80.5891898056173,312
-7.6926,53.28823,2021/11/07 00:00:00+00,Sun 07 Nov 2021,725,765,0,3621780,3555820,239815,3861595,3795635,82.0061852994761,80.6054356138272,313
-7.6926,53.28823,2021/11/08 00:00:00+00,Mon 08 Nov 2021,514,513,2,3622294,3556333,239817,3862111,3796150,82.0171432563862,80.6163723343867,314
-7.6926,53.28823,2021/11/09 00:00:00+00,Tue 09 Nov 2021,1373,1040,1,3623667,3557373,239818,3863485,3797191,82.0463220021122,80.6384793753625,315
-7.6926,53.28823,2021/11/10 00:00:00+00,Wed 10 Nov 2021,1626,1323,0,3625293,3558696,239818,3865111,3798514,82.0808523081896,80.6665750672077,316
-7.6926,53.28823,2021/11/11 00:00:00+00,Thu 11 Nov 2021,1397,1086,1,3626690,3559782,239819,3866509,3799601,82.1105407263299,80.6896589803111,317
-7.6926,53.28823,2021/11/12 00:00:00+00,Fri 12 Nov 2021,1150,1117,5,3627840,3560899,239824,3867664,3800723,82.1350687112742,80.7134861656856,318
-7.6926,53.28823,2021/11/13 00:00:00+00,Sat 13 Nov 2021,1411,1358,0,3629251,3562257,239824,3869075,3802081,82.1650332019723,80.7423251298019,319
-7.6926,53.28823,2021/11/14 00:00:00+00,Sun 14 Nov 2021,1648,1800,0,3630899,3564057,239824,3870723,3803881,82.200030707763,80.7805505608839,320
-7.6926,53.28823,2021/11/15 00:00:00+00,Mon 15 Nov 2021,1244,568,0,3632143,3564625,239824,3871967,3804449,82.2264487279107,80.7926128080253,321
-7.6926,53.28823,2021/11/16 00:00:00+00,Tue 16 Nov 2021,1317,1050,5,3633460,3565675,239829,3873289,3805504,82.2545231834054,80.8150171579095,322
-7.6926,53.28823,2021/11/17 00:00:00+00,Wed 17 Nov 2021,1518,1087,0,3634978,3566762,239829,3874807,3806591,82.2867599636179,80.8381010710129,323
-7.6926,53.28823,2021/11/18 00:00:00+00,Thu 18 Nov 2021,1663,2472,5,3636641,3569234,239834,3876475,3809068,82.3221821964205,80.8907035114518,324
-7.6926,53.28823,2021/11/19 00:00:00+00,Fri 19 Nov 2021,1181,1524,0,3637822,3570758,239834,3877656,3810592,82.3472623264804,80.9230677097679,325
-7.6926,53.28823,2021/11/20 00:00:00+00,Sat 20 Nov 2021,1540,2922,11,3639362,3573680,239845,3879207,3813525,82.3801999062627,80.9853539260809,326
-7.6926,53.28823,2021/11/21 00:00:00+00,Sun 21 Nov 2021,1787,2752,0,3641149,3576432,239845,3880994,3816277,82.4181492647869,81.0437963629352,327
-7.6926,53.28823,2021/11/22 00:00:00+00,Mon 22 Nov 2021,710,491,2,3641859,3576923,239847,3881706,3816770,82.4332695464149,81.0542658837815,328
-7.6926,53.28823,2021/11/23 00:00:00+00,Tue 23 Nov 2021,2162,1556,6,3644021,3578479,239853,3883874,3818332,82.4793099545181,81.0874370634205,329
-7.6926,53.28823,2021/11/24 00:00:00+00,Wed 24 Nov 2021,1626,3118,2,3645647,3581597,239855,3885502,3821452,82.5138827332967,81.1536944772959,330
-7.6926,53.28823,2021/11/25 00:00:00+00,Thu 25 Nov 2021,999,1160,1,3646646,3582757,239856,3886502,3822613,82.5351190838978,81.1783498803438,331
-7.6926,53.28823,2021/11/26 00:00:00+00,Fri 26 Nov 2021,1289,1076,12,3647935,3583833,239868,3887803,3823701,82.5627475760298,81.2014550297978,332
-7.6926,53.28823,2021/11/27 00:00:00+00,Sat 27 Nov 2021,1224,1551,5,3649159,3585384,239873,3889032,3825257,82.5888470509186,81.2344987913331,333
-7.6926,53.28823,2021/11/28 00:00:00+00,Sun 28 Nov 2021,1966,2251,0,3651125,3587635,239873,3890998,3827508,82.6305977162004,81.2823018165362,334
-7.6926,53.28823,2021/11/29 00:00:00+00,Mon 29 Nov 2021,553,977,1,3651678,3588612,239874,3891552,3828486,82.6423626544334,81.3030709674241,335
-7.6926,53.28823,2021/11/30 00:00:00+00,Tue 30 Nov 2021,1924,1619,6,3653602,3590231,239880,3893482,3830111,82.6833488110935,81.3375800371509,336
-7.6926,53.28823,2021/12/01 00:00:00+00,Wed 01 Dec 2021,1083,1352,1,3654685,3591583,239881,3894566,3831464,82.7063690151451,81.3663128195142,337
-7.6926,53.28823,2021/12/02 00:00:00+00,Thu 02 Dec 2021,1775,1398,0,3656460,3592981,239881,3896341,3832862,82.7440635374621,81.3960012376545,338
-7.6926,53.28823,2021/12/03 00:00:00+00,Fri 03 Dec 2021,1042,1163,3,3657502,3594144,239884,3897386,3834028,82.7662555238402,81.4207628224554,339
-7.6926,53.28823,2021/12/04 00:00:00+00,Sat 04 Dec 2021,1201,1695,0,3658703,3595839,239884,3898587,3835723,82.7917603809122,81.4567584367243,340
-7.6926,53.28823,2021/04/20 23:00:00+00,Wed 21 Apr 2021,26697,9871,3,947913,398842,210,948123,399052,20.134672440972,8.47440818007236,341
-7.6926,53.28823,2021/04/21 23:00:00+00,Thu 22 Apr 2021,31615,12177,1,979528,411019,211,979739,411230,20.8060809015765,8.73302445769262,342
-7.6926,53.28823,2021/04/22 23:00:00+00,Fri 23 Apr 2021,33578,12363,1,1013106,423382,212,1013318,423594,21.519176318411,8.99559069652469,343
-7.6926,53.28823,2021/04/23 23:00:00+00,Sat 24 Apr 2021,23692,6979,2,1036798,430361,214,1037012,430575,22.0223504095536,9.14384166007101,344
-7.6926,53.28823,2021/04/24 23:00:00+00,Sun 25 Apr 2021,9736,297,2,1046534,430658,216,1046750,430874,22.2291499917072,9.15019132890074,345
-7.6926,53.28823,2021/04/25 23:00:00+00,Mon 26 Apr 2021,15554,3039,3,1062088,433697,219,1062307,433916,22.5595238980086,9.2147923074293,346
-7.6926,53.28823,2021/04/26 23:00:00+00,Tue 27 Apr 2021,25897,7801,8,1087985,441498,227,1088212,441725,23.1096515603302,9.38062696927334,347
-7.6926,53.28823,2021/04/27 23:00:00+00,Wed 28 Apr 2021,26018,8586,5,1114003,450084,232,1114235,450316,23.6622851120228,9.56306845728743,348
-7.6926,53.28823,2021/04/28 23:00:00+00,Thu 29 Apr 2021,31671,11333,5,1145674,461417,237,1145911,461654,24.3349677536634,9.80384620040277,349
-7.6926,53.28823,2021/04/29 23:00:00+00,Fri 30 Apr 2021,36105,13514,8,1181779,474931,245,1182024,475176,25.1018760829212,10.0910041332309,350
-7.6926,53.28823,2021/04/30 23:00:00+00,Sat 01 May 2021,16542,6680,18,1198321,481611,263,1198584,481874,25.4535500488755,10.2332452095571,351
-7.6926,53.28823,2021/05/01 23:00:00+00,Sun 02 May 2021,12421,903,13,1210742,482514,276,1211018,482790,25.7176028322496,10.2526977067077,352
-7.6926,53.28823,2021/05/02 23:00:00+00,Mon 03 May 2021,14239,911,18,1224981,483425,294,1225275,483719,26.0203694827696,10.2724262764162,353
-7.6926,53.28823,2021/05/03 23:00:00+00,Tue 04 May 2021,26624,6773,9,1251605,490198,303,1251908,490501,26.5859572083288,10.4164512061929,354
-7.6926,53.28823,2021/05/04 23:00:00+00,Wed 05 May 2021,32077,13444,69,1283682,503642,372,1284054,504014,27.268620934752,10.7034180118656,355
-7.6926,53.28823,2021/05/05 23:00:00+00,Thu 06 May 2021,37254,14369,132,1320936,518011,504,1321440,518515,28.0625631383249,11.0113663319322,356
-7.6926,53.28823,2021/05/06 23:00:00+00,Fri 07 May 2021,40573,15063,95,1361509,533074,599,1362108,533673,28.9262030445706,11.3332669343438,357
-7.6926,53.28823,2021/05/07 23:00:00+00,Sat 08 May 2021,25583,7030,10,1387092,540104,609,1387701,540713,29.4697049655047,11.4827708425756,358
-7.6926,53.28823,2021/05/08 23:00:00+00,Sun 09 May 2021,19645,914,3,1406737,541018,612,1407349,541630,29.8869567821153,11.5022445760768,359
-7.6926,53.28823,2021/05/09 23:00:00+00,Mon 10 May 2021,28799,4629,171,1435536,545647,783,1436319,546430,30.5021738590293,11.6041790589621,360
-7.6926,53.28823,2021/05/10 23:00:00+00,Tue 11 May 2021,33907,14807,150,1469443,560454,933,1470376,561387,31.2254202514511,11.9218111549028,361
-7.6926,53.28823,2021/05/11 23:00:00+00,Wed 12 May 2021,31264,20925,167,1500707,581379,1100,1501807,582479,31.8928999871945,12.3697282617813,362
-7.6926,53.28823,2021/05/12 23:00:00+00,Thu 13 May 2021,35966,25482,150,1536673,606861,1250,1537923,608111,32.659872025504,12.9140584003889,363
-7.6926,53.28823,2021/05/13 23:00:00+00,Fri 14 May 2021,38187,27958,235,1574860,634819,1485,1576345,636304,33.4758150882997,13.5127748328858,364
-7.6926,53.28823,2021/05/14 23:00:00+00,Sat 15 May 2021,28824,12434,19,1603684,647253,1504,1605188,648757,34.0883351486874,13.7772311069214,365
-7.6926,53.28823,2021/05/15 23:00:00+00,Sun 16 May 2021,23147,1161,9,1626831,648414,1513,1628344,649927,34.5800840832066,13.8020776371247,366
-7.6926,53.28823,2021/05/16 23:00:00+00,Mon 17 May 2021,35364,3932,112,1662195,652346,1625,1663820,653971,35.3334648571314,13.8879574389556,367
-7.6926,53.28823,2021/05/17 23:00:00+00,Tue 18 May 2021,39012,12476,123,1701207,664822,1748,1702955,666570,36.1645494379056,14.1555142201789,368
-7.6926,53.28823,2021/05/18 23:00:00+00,Wed 19 May 2021,36990,17582,203,1738197,682404,1951,1740148,684355,36.9543930258126,14.5332027156196,369
-7.6926,53.28823,2021/05/19 23:00:00+00,Thu 20 May 2021,39055,19659,131,1777252,702063,2082,1779334,704145,37.7865606604675,14.9534700940154,370
-7.6926,53.28823,2021/05/20 23:00:00+00,Fri 21 May 2021,25796,23235,14931,1803048,725298,17013,1820061,742311,38.6514535113987,15.7639766510572,371
-7.6926,53.28823,2021/05/21 23:00:00+00,Sat 22 May 2021,16560,10244,13522,1819608,735542,30535,1850143,766077,39.2902854101812,16.2686797594431,372
-7.6926,53.28823,2021/05/22 23:00:00+00,Sun 23 May 2021,8193,5516,10203,1827801,741058,40738,1868539,781796,39.6809493158391,16.6024939545419,373
-7.6926,53.28823,2021/05/23 23:00:00+00,Mon 24 May 2021,22503,8201,8446,1850304,749259,49184,1899488,798443,40.3381931305927,16.9560154829985,374
-7.6926,53.28823,2021/05/24 23:00:00+00,Tue 25 May 2021,30281,16504,3220,1880585,765763,52404,1932989,818167,41.0496321120804,17.3748812622547,375
-7.6926,53.28823,2021/05/25 23:00:00+00,Wed 26 May 2021,19930,25426,3048,1900515,791189,55452,1955967,846641,41.5376009761926,17.9795651092706,376
-7.6926,53.28823,2021/05/26 23:00:00+00,Thu 27 May 2021,16967,36004,550,1917482,827193,56002,1973484,883195,41.9095981296721,18.7558386691434,377
-7.6926,53.28823,2021/05/27 23:00:00+00,Fri 28 May 2021,26981,31810,1557,1944463,859003,57559,2002022,916562,42.5156411031265,19.4644319796505,378
-7.6926,53.28823,2021/05/28 23:00:00+00,Sat 29 May 2021,24429,7376,533,1968892,866379,58092,2026984,924471,43.0457428868313,19.6323902765546,379
-7.6926,53.28823,2021/05/29 23:00:00+00,Sun 30 May 2021,24205,1663,207,1993097,868042,58299,2051396,926341,43.5641646777055,19.6721022521787,380
-7.6926,53.28823,2021/05/30 23:00:00+00,Mon 31 May 2021,22528,7311,3436,2015625,875353,61735,2077360,937088,44.1155452847126,19.9003293120888,381
-7.6926,53.28823,2021/05/31 23:00:00+00,Tue 01 Jun 2021,27469,11493,3646,2043094,886846,65381,2108475,952227,44.776314333666,20.2218264238389,382
-7.6926,53.28823,2021/06/01 23:00:00+00,Wed 02 Jun 2021,18630,20874,4000,2061724,907720,69381,2131105,977101,45.256892947769,20.7500594086908,383
-7.6926,53.28823,2021/06/02 23:00:00+00,Thu 03 Jun 2021,16628,30696,1970,2078352,938416,71351,2149703,1009767,45.6518465962483,21.4437660374265,384
-7.6926,53.28823,2021/06/03 23:00:00+00,Fri 04 Jun 2021,28961,23334,148,2107313,961750,71499,2178812,1033249,46.2700155258959,21.9424380222417,385
-7.6926,53.28823,2021/06/04 23:00:00+00,Sat 05 Jun 2021,20910,11472,32,2128223,973222,71531,2199754,1044753,46.7147471801843,22.1867409995568,386
-7.6926,53.28823,2021/06/05 23:00:00+00,Sun 06 Jun 2021,19896,3889,39,2148119,977111,71570,2219689,1048681,47.1380938294173,22.2701573847179,387
-7.6926,53.28823,2021/06/06 23:00:00+00,Mon 07 Jun 2021,19755,4556,37,2167874,981667,71607,2239481,1053274,47.5584036805144,22.3676959430288,388
-7.6926,53.28823,2021/06/07 23:00:00+00,Tue 08 Jun 2021,26355,18325,39,2194229,999992,71646,2265875,1071638,48.11891591828,22.7576802854675,389
-7.6926,53.28823,2021/06/08 23:00:00+00,Wed 09 Jun 2021,32732,20082,168,2226961,1020074,71814,2298775,1091888,48.8175918530563,23.1877163851399,390
-7.6926,53.28823,2021/06/09 23:00:00+00,Thu 10 Jun 2021,27623,27463,267,2254584,1047537,72081,2326665,1119618,49.4098736713212,23.7766003873086,391
-7.6926,53.28823,2021/06/10 23:00:00+00,Fri 11 Jun 2021,26383,32869,37,2280967,1080406,72118,2353085,1152524,49.9709380542024,24.4754037401885,392
-7.6926,53.28823,2021/06/11 23:00:00+00,Sat 12 Jun 2021,12166,19699,101,2293133,1100105,72219,2365352,1172324,50.2314443670261,24.8958834820904,393
-7.6926,53.28823,2021/06/12 23:00:00+00,Sun 13 Jun 2021,8521,18155,829,2301654,1118260,73048,2374702,1191308,50.4300042451465,25.2990343619018,394
-7.6926,53.28823,2021/06/13 23:00:00+00,Mon 14 Jun 2021,15974,31276,44,2317628,1149536,73092,2390720,1222628,50.770168109075,25.9641568627284,395
-7.6926,53.28823,2021/06/14 23:00:00+00,Tue 15 Jun 2021,14647,41537,201,2332275,1191073,73293,2405568,1264366,51.0854854428002,26.8505196641174,396
-7.6926,53.28823,2021/06/15 23:00:00+00,Wed 16 Jun 2021,13399,48363,211,2345674,1239436,73504,2419178,1312940,51.3745121744813,27.8820541582155,397
-7.6926,53.28823,2021/06/16 23:00:00+00,Thu 17 Jun 2021,21530,42643,532,2367204,1282079,74036,2441240,1356115,51.8430285414428,28.7989335954182,398
-7.6926,53.28823,2021/06/17 23:00:00+00,Fri 18 Jun 2021,11978,50016,545,2379182,1332095,74581,2453763,1406676,52.1089713600205,29.8726647181607,399
-7.6926,53.28823,2021/06/18 23:00:00+00,Sat 19 Jun 2021,6269,32764,430,2385451,1364859,75011,2460462,1439870,52.2512336726973,30.5775841400138,400
-7.6926,53.28823,2021/06/19 23:00:00+00,Sun 20 Jun 2021,8478,26117,172,2393929,1390976,75183,2469112,1466159,52.4349281053969,31.1358665609663,401
-7.6926,53.28823,2021/06/20 23:00:00+00,Mon 21 Jun 2021,15419,32298,564,2409348,1423274,75747,2485095,1499021,52.7743486970543,31.8337355144198,402
-7.6926,53.28823,2021/06/21 23:00:00+00,Tue 22 Jun 2021,15089,43503,714,2424437,1466777,76461,2500898,1543238,53.1099467456036,32.7727432289489,403
-7.6926,53.28823,2021/06/22 23:00:00+00,Wed 23 Jun 2021,20037,39348,877,2444474,1506125,77338,2521812,1583463,53.5540837820751,33.6269754318783,404
-7.6926,53.28823,2021/06/23 23:00:00+00,Thu 24 Jun 2021,18972,44219,1028,2463446,1550344,78366,2541812,1628710,53.9788107940972,34.5878565875266,405
-7.6926,53.28823,2021/06/24 23:00:00+00,Fri 25 Jun 2021,15162,50095,830,2478608,1600439,79196,2557804,1679635,54.3184225129101,35.6693177418879,406
-7.6926,53.28823,2021/06/25 23:00:00+00,Sat 26 Jun 2021,9007,30522,492,2487615,1630961,79688,2567303,1710649,54.52014660727,36.3279419194306,407
-7.6926,53.28823,2021/06/26 23:00:00+00,Sun 27 Jun 2021,8692,30445,52,2496307,1661406,79740,2576047,1741146,54.7058372569261,36.9755869037125,408
-7.6926,53.28823,2021/06/27 23:00:00+00,Mon 28 Jun 2021,24178,24601,512,2520485,1686007,80252,2600737,1766259,55.2301627532674,37.508895376358,409
-7.6926,53.28823,2021/06/28 23:00:00+00,Tue 29 Jun 2021,28104,30973,804,2548589,1716980,81056,2629645,1798036,55.8440631764441,38.1837228894094,410
-7.6926,53.28823,2021/06/29 23:00:00+00,Wed 30 Jun 2021,22504,36822,570,2571093,1753802,81626,2652719,1835428,56.334070730214,38.9777925110859,411
-7.6926,53.28823,2021/06/30 23:00:00+00,Thu 01 Jul 2021,14916,48277,629,2586009,1802079,82255,2668264,1884334,56.6641898003082,40.0163774735836,412
-7.6926,53.28823,2021/07/01 23:00:00+00,Fri 02 Jul 2021,13599,47209,811,2599608,1849288,83066,2682674,1932354,56.9702056124702,41.0361470294487,413
-7.6926,53.28823,2021/07/02 23:00:00+00,Sat 03 Jul 2021,9268,30433,498,2608876,1879721,83564,2692440,1963285,57.1775998124405,41.6930085898915,414
-7.6926,53.28823,2021/07/03 23:00:00+00,Sun 04 Jul 2021,6405,27751,228,2615281,1907472,83792,2699073,1991264,57.3184605259777,42.2871804433598,415
-7.6926,53.28823,2021/07/04 23:00:00+00,Mon 05 Jul 2021,15525,33381,5330,2630806,1940853,89122,2719928,2029975,57.7613446177637,43.1092608114792,416
-7.6926,53.28823,2021/07/05 23:00:00+00,Tue 06 Jul 2021,12340,48261,5477,2643146,1989114,94599,2737745,2083713,58.1397126764236,44.2504598200814,417
-7.6926,53.28823,2021/07/06 23:00:00+00,Wed 07 Jul 2021,19635,43707,5044,2662781,2032821,99643,2762424,2132464,58.6638045729083,45.2857531482359,418
-7.6926,53.28823,2021/07/07 23:00:00+00,Thu 08 Jul 2021,17702,45538,5984,2680483,2078359,105627,2786110,2183986,59.1668087732461,46.379892403906,419
-7.6926,53.28823,2021/07/08 23:00:00+00,Fri 09 Jul 2021,13468,45048,6520,2693951,2123407,112147,2806098,2235554,59.591280949061,47.4750085317039,420
-7.6926,53.28823,2021/07/09 23:00:00+00,Sat 10 Jul 2021,8581,23823,4355,2702532,2147230,116502,2819034,2263732,59.8659943804369,48.0734064189418,421
-7.6926,53.28823,2021/07/10 23:00:00+00,Sun 11 Jul 2021,15199,16082,2149,2717731,2163312,118651,2836382,2281963,60.2344025906649,48.4605663267506,422
-7.6926,53.28823,2021/07/11 23:00:00+00,Mon 12 Jul 2021,17055,31679,6080,2734786,2194991,124731,2859517,2319722,60.7257055618215,49.2624296890977,423
-7.6926,53.28823,2021/07/12 23:00:00+00,Tue 13 Jul 2021,20043,36508,8479,2754829,2231499,133210,2888039,2364709,61.3314087536662,50.2177893935896,424
-7.6926,53.28823,2021/07/13 23:00:00+00,Wed 14 Jul 2021,20737,35636,9321,2775566,2267135,142531,2918097,2409666,61.9697309800342,51.1725120075635,425
-7.6926,53.28823,2021/07/14 23:00:00+00,Thu 15 Jul 2021,23568,28780,9562,2799134,2295915,152093,2951227,2448008,62.6732912754488,51.9867561623111,426
-7.6926,53.28823,2021/07/15 23:00:00+00,Fri 16 Jul 2021,23492,27354,9156,2822626,2323269,161249,2983875,2484518,63.3666156498737,52.7620953227575,427
-7.6926,53.28823,2021/07/16 23:00:00+00,Sat 17 Jul 2021,11456,19381,4669,2834082,2342650,165918,3000000,2508568,63.7090518033166,53.2728295547141,428
-7.6926,53.28823,2021/07/17 23:00:00+00,Sun 18 Jul 2021,16822,15767,1922,2850904,2358417,167840,3018744,2526257,64.1071059589837,53.648479360497,429
-7.6926,53.28823,2021/07/18 23:00:00+00,Mon 19 Jul 2021,24826,18350,6234,2875730,2376767,174074,3049804,2550841,64.766707008654,54.1705538036746,430
-7.6926,53.28823,2021/07/19 23:00:00+00,Tue 20 Jul 2021,30516,18099,7688,2906246,2394866,181762,3088008,2576628,65.5780205470187,54.7181755766253,431
-7.6926,53.28823,2021/07/20 23:00:00+00,Wed 21 Jul 2021,30294,19772,6880,2936540,2414638,188642,3125182,2603280,66.3674606442642,55.284166792846,432
-7.6926,53.28823,2021/07/21 23:00:00+00,Thu 22 Jul 2021,33480,15865,6925,2970020,2430503,195567,3165587,2626070,67.2255153903018,55.7681432230452,433
-7.6926,53.28823,2021/07/22 23:00:00+00,Fri 23 Jul 2021,27038,20751,5602,2997058,2451254,201169,3198227,2652423,67.9186698739219,56.3277847704361,434
-7.6926,53.28823,2021/07/23 23:00:00+00,Sat 24 Jul 2021,15397,14751,2261,3012455,2466005,203430,3215885,2669435,68.2936613528362,56.6890575668621,435
-7.6926,53.28823,2021/07/24 23:00:00+00,Sun 25 Jul 2021,14679,13602,1033,3027134,2479607,204463,3231597,2684070,68.6273268934808,56.9998515579093,436
-7.6926,53.28823,2021/07/25 23:00:00+00,Mon 26 Jul 2021,23779,18206,3404,3050913,2497813,207867,3258780,2705680,69.2045946118706,57.4587690943992,437
-7.6926,53.28823,2021/07/26 23:00:00+00,Tue 27 Jul 2021,25431,23802,3660,3076344,2521615,211527,3287871,2733142,69.8223812872074,58.0419617546068,438
-7.6926,53.28823,2021/07/27 23:00:00+00,Wed 28 Jul 2021,23381,25203,3250,3099725,2546818,214777,3314502,2761595,70.3879265400655,58.64619963826,439
-7.6926,53.28823,2021/07/28 23:00:00+00,Thu 29 Jul 2021,19209,27792,2952,3118934,2574610,217729,3336663,2792339,70.8585453057366,59.2990900011404,440
-7.6926,53.28823,2021/07/29 23:00:00+00,Fri 30 Jul 2021,21893,22856,2110,3140827,2597466,219839,3360666,2817305,71.3682814292149,59.8292767302476,441
-7.6926,53.28823,2021/07/30 23:00:00+00,Sat 31 Jul 2021,13698,12413,900,3154525,2609879,220739,3375264,2830618,71.6782896752898,60.1119962658001,442
-7.6926,53.28823,2021/07/31 23:00:00+00,Sun 01 Aug 2021,11060,9268,367,3165585,2619147,221106,3386691,2840253,71.9209574536087,60.3166085038418,443
-7.6926,53.28823,2021/08/01 23:00:00+00,Mon 02 Aug 2021,14966,15929,420,3180551,2635076,221526,3402077,2856602,72.2476999439573,60.6638015998192,444
-7.6926,53.28823,2021/08/02 23:00:00+00,Tue 03 Aug 2021,17292,25367,1103,3197843,2660443,222629,3420472,2883072,72.6383426132646,61.2259278002305,445
-7.6926,53.28823,2021/08/03 23:00:00+00,Wed 04 Aug 2021,22060,17211,1571,3219903,2677654,224200,3444103,2901854,73.1401788143193,61.6247889372205,446
-7.6926,53.28823,2021/08/04 23:00:00+00,Thu 05 Aug 2021,13481,29955,1418,3233384,2707609,225618,3459002,2933227,73.4565792019252,62.2910369646289,447
-7.6926,53.28823,2021/08/05 23:00:00+00,Fri 06 Aug 2021,12150,24677,942,3245534,2732286,226560,3472094,2958846,73.7346055039949,62.8350910306787,448
-7.6926,53.28823,2021/08/06 23:00:00+00,Sat 07 Aug 2021,6310,8394,578,3251844,2740680,227138,3478982,2967818,73.8808814869353,63.0256235682718,449
-7.6926,53.28823,2021/08/07 23:00:00+00,Sun 08 Aug 2021,8595,11924,153,3260439,2752604,227291,3487730,2979895,74.0666570819938,63.2820949744813,450
-7.6926,53.28823,2021/08/08 23:00:00+00,Mon 09 Aug 2021,5506,22950,597,3265945,2775554,227888,3493833,3003442,74.1962625297123,63.7821473220856,451
-7.6926,53.28823,2021/08/09 23:00:00+00,Tue 10 Aug 2021,9298,25919,708,3275243,2801473,228596,3503839,3030069,74.408753453827,64.3476076295412,452
-7.6926,53.28823,2021/08/10 23:00:00+00,Wed 11 Aug 2021,6974,31157,654,3282217,2832630,229250,3511467,3061880,74.5707443362122,65.023157178513,453
-7.6926,53.28823,2021/08/11 23:00:00+00,Thu 12 Aug 2021,6727,38215,857,3288944,2870845,230107,3519051,3100952,74.731800819171,65.8529038691994,454
