X,Y,VaccinationDate,VaccineText,Dose1,Dose2,SingleDose,Dose1Cum,Dose2Cum,SingleDoseCum,PartiallyVacc,FullyVacc,PartialPercent,FullyPercent,ObjectId
-7.6926,53.28823,2021/04/12 23:00:00+00,Tue 13 Apr 2021,11533,8597,1,810019,348152,264,810283,348416,16.8861059005914,7.26090695900131,1
-7.6926,53.28823,2020/12/28 00:00:00+00,Mon 28 Dec 2020,285,22,2,285,22,2,287,24,0.00598101205809543,0.000500154318447004,2
-7.6926,53.28823,2021/04/13 23:00:00+00,Wed 14 Apr 2021,20355,6602,2,830374,354754,266,830640,355020,17.3103409614508,7.39853275562731,3
-7.6926,53.28823,2020/12/29 00:00:00+00,Tue 29 Dec 2020,80,3,0,365,25,2,367,27,0.00764819311958544,0.00056267360825288,4
-7.6926,53.28823,2020/12/30 00:00:00+00,Wed 30 Dec 2020,1064,2,0,1429,27,2,1431,29,0.0298217012374026,0.00060435313479013,5
-7.6926,53.28823,2021/04/14 23:00:00+00,Thu 15 Apr 2021,27120,10824,1,857494,365578,267,857761,365845,17.8755361810592,7.62412319301018,6
-7.6926,53.28823,2020/12/31 00:00:00+00,Thu 31 Dec 2020,1042,1,0,2471,28,2,2473,30,0.0515367345633101,0.000625192898058755,7
-7.6926,53.28823,2021/01/01 00:00:00+00,Fri 01 Jan 2021,822,0,0,3293,28,2,3295,30,0.06866701997012,0.000625192898058755,8
-7.6926,53.28823,2021/04/15 23:00:00+00,Fri 16 Apr 2021,27979,9850,1,885473,375428,268,885741,375696,18.4586327573153,7.8294157009694,9
-7.6926,53.28823,2021/01/02 00:00:00+00,Sat 02 Jan 2021,1021,0,0,4314,28,2,4316,30,0.0899444182673863,0.000625192898058755,10
-7.6926,53.28823,2021/04/16 23:00:00+00,Sat 17 Apr 2021,15860,4566,3,901333,379994,271,901604,380265,18.7892139220455,7.92463257934375,11
-7.6926,53.28823,2021/01/03 00:00:00+00,Sun 03 Jan 2021,24,3,1,4338,31,3,4341,34,0.0904654123491019,0.000708551951133256,12
-7.6926,53.28823,2021/04/17 23:00:00+00,Sun 18 Apr 2021,1080,487,0,902413,380481,271,902684,380752,18.8117208663756,7.93478154405557,13
-7.6926,53.28823,2021/01/04 00:00:00+00,Mon 04 Jan 2021,1197,5,0,5535,36,3,5538,39,0.115410608981646,0.000812750767476382,14
-7.6926,53.28823,2021/04/18 23:00:00+00,Mon 19 Apr 2021,6765,2269,0,909178,382750,271,909449,383021,18.9527018648879,7.98206696691208,15
-7.6926,53.28823,2021/01/05 00:00:00+00,Tue 05 Jan 2021,3545,14,0,9080,50,3,9083,53,0.189287569768922,0.00110450745323713,16
-7.6926,53.28823,2021/04/19 23:00:00+00,Tue 20 Apr 2021,15103,7331,1,924281,390081,272,924553,390353,19.2674656492972,8.13486411119764,17
-7.6926,53.28823,2021/01/06 00:00:00+00,Wed 06 Jan 2021,6795,14,0,15875,64,3,15878,67,0.330893761179231,0.00139626413899789,18
-7.6926,53.28823,2021/04/20 23:00:00+00,Wed 21 Apr 2021,26743,9906,4,951024,399987,276,951300,400263,19.8248667974431,8.34138616518972,19
-7.6926,53.28823,2021/01/07 00:00:00+00,Thu 07 Jan 2021,11741,9,0,27616,73,3,27619,76,0.575573421716159,0.00158382200841551,20
-7.6926,53.28823,2021/04/21 23:00:00+00,Thu 22 Apr 2021,31642,12198,1,982666,412185,277,982943,412462,20.4842994265522,8.59561043730368,21
-7.6926,53.28823,2021/01/08 00:00:00+00,Fri 08 Jan 2021,12690,7,0,40306,80,3,40309,83,0.840030017595012,0.00172970035129589,22
-7.6926,53.28823,2021/04/22 23:00:00+00,Fri 23 Apr 2021,33624,12364,3,1016290,424549,280,1016570,424829,21.1850781459863,8.85333578964676,23
-7.6926,53.28823,2021/01/09 00:00:00+00,Sat 09 Jan 2021,8081,7,0,48387,87,3,48390,90,1.00843614456877,0.00187557869417627,24
-7.6926,53.28823,2021/04/23 23:00:00+00,Sat 24 Apr 2021,23711,7009,2,1040001,431558,282,1040283,431840,21.6792514523752,8.99944336992309,25
-7.6926,53.28823,2021/01/10 00:00:00+00,Sun 10 Jan 2021,4790,5,1,53177,92,4,53181,96,1.10827945038876,0.00200061727378802,26
-7.6926,53.28823,2021/04/24 23:00:00+00,Sun 25 Apr 2021,9758,312,3,1049759,431870,285,1050044,432155,21.8826683816403,9.00600789535271,27
-7.6926,53.28823,2021/01/11 00:00:00+00,Mon 11 Jan 2021,8354,8,0,61531,100,4,61535,104,1.28237483273485,0.00216733537993702,28
-7.6926,53.28823,2021/04/25 23:00:00+00,Mon 26 Apr 2021,15606,3064,4,1065365,434934,289,1065654,435223,22.2079770862635,9.06994428906085,29
-7.6926,53.28823,2021/01/12 00:00:00+00,Tue 12 Jan 2021,8900,15,0,70431,115,4,70435,119,1.46784872582561,0.0024799318289664,30
-7.6926,53.28823,2021/04/26 23:00:00+00,Tue 27 Apr 2021,25930,7827,9,1091295,442761,298,1091593,443059,22.7485397056884,9.2332446740338,31
-7.6926,53.28823,2021/01/13 00:00:00+00,Wed 13 Jan 2021,9903,5,0,80334,120,4,80338,124,1.67422490147481,0.00258413064530952,32
-7.6926,53.28823,2021/04/27 23:00:00+00,Wed 28 Apr 2021,26054,8627,6,1117349,451388,304,1117653,451692,23.2916239364687,9.41315435033184,33
-7.6926,53.28823,2021/01/14 00:00:00+00,Thu 14 Jan 2021,8097,6,0,88431,126,4,88435,130,1.84296446466087,0.00270916922492127,34
-7.6926,53.28823,2021/04/28 23:00:00+00,Thu 29 Apr 2021,31705,11336,7,1149054,462724,311,1149365,463035,23.9524945092434,9.64953978508786,35
-7.6926,53.28823,2021/01/15 00:00:00+00,Fri 15 Jan 2021,7705,4,0,96136,130,4,96140,134,2.00353484064562,0.00279252827799577,36
-7.6926,53.28823,2021/01/16 00:00:00+00,Sat 16 Jan 2021,5247,2,0,101383,132,4,101387,136,2.1128810785161,0.00283420780453302,37
-7.6926,53.28823,2021/04/29 23:00:00+00,Fri 30 Apr 2021,36114,13545,8,1185168,476269,319,1185487,476588,24.7052684380327,9.93198109666753,38
-7.6926,53.28823,2021/01/17 00:00:00+00,Sun 17 Jan 2021,1118,5,0,102501,137,4,102505,141,2.13617993385042,0.00293840662087615,39
-7.6926,53.28823,2021/04/30 23:00:00+00,Sat 01 May 2021,16634,6703,21,1201802,482972,340,1202142,483312,25.0523546952716,10.0721076648858,40
-7.6926,53.28823,2021/01/18 00:00:00+00,Mon 18 Jan 2021,8731,9,1,111232,146,5,111237,151,2.31815274671206,0.0031468042535624,41
-7.6926,53.28823,2021/05/01 23:00:00+00,Sun 02 May 2021,12478,914,16,1214280,483886,356,1214636,484242,25.3127266975498,10.0914886447256,42
-7.6926,53.28823,2021/01/19 00:00:00+00,Tue 19 Jan 2021,8396,21,0,119628,167,5,119633,172,2.49312339911544,0.00358443928220353,43
-7.6926,53.28823,2021/05/02 23:00:00+00,Mon 03 May 2021,14279,936,21,1228559,484822,377,1228936,485199,25.6107353122911,10.1114322981737,44
-7.6926,53.28823,2021/01/20 00:00:00+00,Wed 20 Jan 2021,8458,965,0,128086,1132,5,128091,1137,2.66938611684147,0.0236948108364268,45
-7.6926,53.28823,2021/05/03 23:00:00+00,Tue 04 May 2021,26674,6810,11,1255233,491632,388,1255621,492020,26.1668443951144,10.253580323429,46
-7.6926,53.28823,2021/01/21 00:00:00+00,Thu 21 Jan 2021,9020,966,0,137106,2098,5,137111,2103,2.85736078152447,0.0438260221539187,47
-7.6926,53.28823,2021/05/04 23:00:00+00,Wed 05 May 2021,32144,13474,70,1287377,505106,458,1287835,505564,26.8381765290499,10.5358340771392,48
-7.6926,53.28823,2021/01/22 00:00:00+00,Fri 22 Jan 2021,6791,970,0,143897,3068,5,143902,3073,2.9988836138817,0.0640405925244852,49
-7.6926,53.28823,2021/05/05 23:00:00+00,Thu 06 May 2021,37310,14388,133,1324687,519494,591,1325278,520085,27.618479785117,10.8384482795629,50
-7.6926,53.28823,2021/05/06 23:00:00+00,Fri 07 May 2021,40611,15100,98,1365298,534594,689,1365987,535283,28.4668457080195,11.1551710017195,51
-7.6926,53.28823,2021/05/07 23:00:00+00,Sat 08 May 2021,25642,7066,10,1390940,541660,699,1391639,542359,29.0014273153863,11.3026331666083,52
-7.6926,53.28823,2021/05/08 23:00:00+00,Sun 09 May 2021,19683,934,5,1410623,542594,704,1411327,543298,29.411720574619,11.3222017043175,53
-7.6926,53.28823,2021/05/09 23:00:00+00,Mon 10 May 2021,28861,4664,172,1439484,547258,876,1440360,548134,30.016761421597,11.4229827994846,54
-7.6926,53.28823,2021/05/10 23:00:00+00,Tue 11 May 2021,33930,14824,153,1473414,562082,1029,1474443,563111,30.7270430730815,11.7350999339588,55
-7.6926,53.28823,2021/05/11 23:00:00+00,Wed 12 May 2021,31311,20934,175,1504725,583016,1204,1505929,584220,31.3832038593574,12.1750064967962,56
-7.6926,53.28823,2021/05/12 23:00:00+00,Thu 13 May 2021,36020,25488,153,1540745,608504,1357,1542102,609861,32.1370406160734,12.709358866767,57
-7.6926,53.28823,2021/05/13 23:00:00+00,Fri 14 May 2021,38242,27958,237,1578987,636462,1594,1580581,638056,32.9389338668868,13.2969359921259,58
-7.6926,53.28823,2021/05/14 23:00:00+00,Sat 15 May 2021,28891,12468,22,1607878,648930,1616,1609494,650546,33.5414739422726,13.557224635351,59
-7.6926,53.28823,2021/05/15 23:00:00+00,Sun 16 May 2021,23194,1184,11,1631072,650114,1627,1632699,651741,34.025060648921,13.582128152457,60
-7.6926,53.28823,2021/05/16 23:00:00+00,Mon 17 May 2021,35407,3965,120,1666479,654079,1747,1668226,655826,34.7654349185655,13.6672585854094,61
-7.6926,53.28823,2021/05/17 23:00:00+00,Tue 18 May 2021,39040,12518,127,1705519,666597,1874,1707393,668471,35.5816659265077,13.9307773919411,62
-7.6926,53.28823,2021/05/18 23:00:00+00,Wed 19 May 2021,37050,17614,211,1742569,684211,2085,1744654,686296,36.35817634566,14.3022461722044,63
-7.6926,53.28823,2021/05/19 23:00:00+00,Thu 20 May 2021,39109,19650,137,1781678,703861,2222,1783900,706083,37.1760536949004,14.7146025680007,64
-7.6926,53.28823,2021/05/20 23:00:00+00,Fri 21 May 2021,25857,23266,14935,1807535,727127,17157,1824692,744284,38.0261493181542,15.5107023646254,65
-7.6926,53.28823,2021/05/21 23:00:00+00,Sat 22 May 2021,16608,10262,13524,1824143,737389,30681,1854824,768070,38.6540930649644,16.0063969737329,66
-7.6926,53.28823,2021/05/22 23:00:00+00,Sun 23 May 2021,8234,5543,10205,1832377,742932,40886,1873263,783818,39.0383574598746,16.3345815656872,67
-7.6926,53.28823,2021/05/23 23:00:00+00,Mon 24 May 2021,22568,8244,8453,1854945,751176,49339,1904284,800515,39.6848277562306,16.6825430929835,68
-7.6926,53.28823,2021/05/24 23:00:00+00,Tue 25 May 2021,30381,16523,3224,1885326,767699,52563,1937889,820262,40.3851480008728,17.094065898249,69
-7.6926,53.28823,2021/05/25 23:00:00+00,Wed 26 May 2021,19996,25486,3054,1905322,793185,55617,1960939,848802,40.8655045442146,17.6888327419356,70
-7.6926,53.28823,2021/05/26 23:00:00+00,Thu 27 May 2021,17034,36066,550,1922356,829251,56167,1978523,885418,41.2319509415301,18.4519015137796,71
-7.6926,53.28823,2021/05/27 23:00:00+00,Fri 28 May 2021,27060,31849,1562,1949416,861100,57729,2007145,918829,41.8284266458047,19.1481788443476,72
-7.6926,53.28823,2021/05/28 23:00:00+00,Sat 29 May 2021,24505,7406,537,1973921,868506,58266,2032187,926772,42.3502959975776,19.3137090839903,73
-7.6926,53.28823,2021/05/29 23:00:00+00,Sun 30 May 2021,24269,1694,210,1998190,870200,58476,2056666,928676,42.8604325626303,19.3533879932538,74
-7.6926,53.28823,2021/05/30 23:00:00+00,Mon 31 May 2021,22614,7322,3445,2020804,877522,61921,2082725,939443,43.4034959536474,19.577769724367,75
-7.6926,53.28823,2021/05/31 23:00:00+00,Tue 01 Jun 2021,27623,11538,3657,2048427,889060,65578,2114005,954638,44.05536374869,19.8944299272338,76
-7.6926,53.28823,2021/06/01 23:00:00+00,Wed 02 Jun 2021,18722,20925,4008,2067149,909985,69586,2136735,979571,44.5290515677858,20.4140277448104,77
-7.6926,53.28823,2021/06/02 23:00:00+00,Thu 03 Jun 2021,16713,30717,1978,2083862,940702,71564,2155426,1012266,44.9185675830397,21.0953838048781,78
-7.6926,53.28823,2021/06/03 23:00:00+00,Fri 04 Jun 2021,29013,23355,154,2112875,964057,71718,2184593,1035775,45.5264009582957,21.5853057995602,79
-7.6926,53.28823,2021/06/04 23:00:00+00,Sat 05 Jun 2021,20983,11510,35,2133858,975567,71753,2205611,1047320,45.9644111026756,21.8259008664965,80
-7.6926,53.28823,2021/06/05 23:00:00+00,Sun 06 Jun 2021,19965,3922,47,2153823,979489,71800,2225623,1051289,46.3814564452074,21.9086138869097,81
-7.6926,53.28823,2021/06/06 23:00:00+00,Mon 07 Jun 2021,19853,4612,47,2173676,984101,71847,2245523,1055948,46.796167734253,22.0057063439782,82
-7.6926,53.28823,2021/06/07 23:00:00+00,Tue 08 Jun 2021,26433,18353,48,2200109,1002454,71895,2272004,1074349,47.3480255053695,22.3891788278842,83
-7.6926,53.28823,2021/06/08 23:00:00+00,Wed 09 Jun 2021,32835,20138,175,2232944,1022592,72070,2305014,1094662,48.0359460908668,22.8124969391598,84
-7.6926,53.28823,2021/06/09 23:00:00+00,Thu 10 Jun 2021,27720,27513,273,2260664,1050105,72343,2333007,1122448,48.6193135840454,23.3915506013418,85
-7.6926,53.28823,2021/06/10 23:00:00+00,Fri 11 Jun 2021,26468,32918,43,2287132,1083023,72386,2359518,1155409,49.1717965480599,24.0784500384389,86
-7.6926,53.28823,2021/06/11 23:00:00+00,Sat 12 Jun 2021,12232,19735,105,2299364,1102758,72491,2371855,1175249,49.428896707505,24.4919109416885,87
-7.6926,53.28823,2021/06/12 23:00:00+00,Sun 13 Jun 2021,8562,18184,835,2307926,1120942,73326,2381252,1194268,49.6247279629402,24.8882623992945,88
-7.6926,53.28823,2021/06/13 23:00:00+00,Mon 14 Jun 2021,16035,31324,53,2323961,1152266,73379,2397340,1225645,49.9599980744059,25.5421516513741,89
-7.6926,53.28823,2021/06/14 23:00:00+00,Tue 15 Jun 2021,14721,41601,206,2338682,1193867,73585,2412267,1267452,50.2710732207166,26.4133996343455,90
-7.6926,53.28823,2021/06/15 23:00:00+00,Wed 16 Jun 2021,13493,48412,220,2352175,1242279,73805,2425980,1316084,50.5568488944193,27.4268790016253,91
-7.6926,53.28823,2021/06/16 23:00:00+00,Thu 17 Jun 2021,21588,42707,535,2373763,1284986,74340,2448103,1359326,51.0178869772111,28.3280320448872,92
-7.6926,53.28823,2021/06/17 23:00:00+00,Fri 18 Jun 2021,12028,50038,555,2385791,1335024,74895,2460686,1409919,51.2801137184202,29.3823781879367,93
-7.6926,53.28823,2021/06/18 23:00:00+00,Sat 19 Jun 2021,6342,32827,434,2392133,1367851,75329,2467462,1443180,51.4213239543284,30.0755295540145,94
-7.6926,53.28823,2021/06/19 23:00:00+00,Sun 20 Jun 2021,8528,26153,178,2400661,1394004,75507,2476168,1469511,51.6027549333451,30.6242613606406,95
-7.6926,53.28823,2021/06/20 23:00:00+00,Mon 21 Jun 2021,15501,32360,575,2416162,1426364,76082,2492244,1502446,51.9377749676515,31.3106189638928,96
-7.6926,53.28823,2021/06/21 23:00:00+00,Tue 22 Jun 2021,15159,43570,723,2431321,1469934,76805,2508126,1546739,52.2687520878838,32.23367459835,97
-7.6926,53.28823,2021/06/22 23:00:00+00,Wed 23 Jun 2021,20109,39414,886,2451430,1509348,77691,2529121,1587039,52.7062829177086,33.0735170580756,98
-7.6926,53.28823,2021/06/23 23:00:00+00,Thu 24 Jun 2021,19045,44284,1033,2470475,1553632,78724,2549199,1632356,53.124703684616,34.0179126101199,99
-7.6926,53.28823,2021/06/24 23:00:00+00,Fri 25 Jun 2021,15232,50141,843,2485707,1603773,79567,2565274,1683340,53.4597028791592,35.0804071006075,100
-7.6926,53.28823,2021/06/25 23:00:00+00,Sat 26 Jun 2021,9082,30589,513,2494789,1634362,80080,2574869,1714442,53.6596604077216,35.7285654177883,101
-7.6926,53.28823,2021/06/26 23:00:00+00,Sun 27 Jun 2021,8745,30493,59,2503534,1664855,80139,2583673,1744994,53.8431336835386,36.3652618651713,102
-7.6926,53.28823,2021/06/27 23:00:00+00,Mon 28 Jun 2021,24251,24675,528,2527785,1689530,80667,2608452,1770197,54.3595221775719,36.8904864188305,103
-7.6926,53.28823,2021/06/28 23:00:00+00,Tue 29 Jun 2021,28161,31067,812,2555946,1720597,81479,2637425,1802076,54.9633126387537,37.554837232071,104
-7.6926,53.28823,2021/06/29 23:00:00+00,Wed 30 Jun 2021,22596,36894,591,2578542,1757491,82070,2660612,1839561,55.4465242296634,38.3360157581954,105
-7.6926,53.28823,2021/06/30 23:00:00+00,Thu 01 Jul 2021,15062,48320,644,2593604,1805811,82714,2676318,1888525,55.7738335515604,39.3564139268804,106
-7.6926,53.28823,2021/07/01 23:00:00+00,Fri 02 Jul 2021,13702,47292,818,2607306,1853103,83532,2690838,1936635,56.0764269142208,40.3590149377339,107
-7.6926,53.28823,2021/07/02 23:00:00+00,Sat 03 Jul 2021,9329,30498,506,2616635,1883601,84038,2700673,1967639,56.2813859859678,41.0051309581144,108
-7.6926,53.28823,2021/07/03 23:00:00+00,Sun 04 Jul 2021,6464,27792,233,2623099,1911393,84271,2707370,1995664,56.4209498805777,41.5891653237176,109
-7.6926,53.28823,2021/07/04 23:00:00+00,Mon 05 Jul 2021,15638,33484,5343,2638737,1944877,89614,2728351,2034491,56.8581889537168,42.3983108121485,110
-7.6926,53.28823,2021/07/05 23:00:00+00,Tue 06 Jul 2021,12409,48316,5489,2651146,1993193,95103,2746249,2088296,57.2311790366986,43.5195942748169,111
-7.6926,53.28823,2021/07/06 23:00:00+00,Wed 07 Jul 2021,19719,43777,5061,2670865,2036970,100164,2771029,2137134,57.7475883704952,44.53736663333,112
-7.6926,53.28823,2021/07/07 23:00:00+00,Thu 08 Jul 2021,17802,45624,5999,2688667,2082594,106163,2794830,2188757,58.2435955760517,45.6131777325462,113
-7.6926,53.28823,2021/07/08 23:00:00+00,Fri 09 Jul 2021,13534,45116,6531,2702201,2127710,112694,2814895,2240404,58.6617454260367,46.6894889860809,114
-7.6926,53.28823,2021/07/09 23:00:00+00,Sat 10 Jul 2021,8654,23890,4365,2710855,2151600,117059,2827914,2268659,58.9330583040309,47.2783164972359,115
-7.6926,53.28823,2021/07/10 23:00:00+00,Sun 11 Jul 2021,15247,16131,2153,2726102,2167731,119212,2845314,2286943,59.295670184905,47.6593507288395,116
-7.6926,53.28823,2021/07/11 23:00:00+00,Mon 12 Jul 2021,17131,31787,6095,2743233,2199518,125307,2868540,2324825,59.7796945265821,48.4488026409815,117
-7.6926,53.28823,2021/07/12 23:00:00+00,Tue 13 Jul 2021,20122,36589,8490,2763355,2236107,133797,2897152,2369904,60.375961833224,49.3882383293679,118
-7.6926,53.28823,2021/07/13 23:00:00+00,Wed 14 Jul 2021,20806,35734,9335,2784161,2271841,143132,2927293,2414973,61.0040931379036,50.3274656201215,119
-7.6926,53.28823,2021/07/14 23:00:00+00,Thu 15 Jul 2021,23665,28862,9586,2807826,2300703,152718,2960544,2453421,61.6970361063486,51.1287128382736,120
-7.6926,53.28823,2021/07/15 23:00:00+00,Fri 16 Jul 2021,23524,27446,9168,2831350,2328149,161886,2993236,2490035,62.3783296471265,51.8917399305911,121
-7.6926,53.28823,2021/07/16 23:00:00+00,Sat 17 Jul 2021,11520,19447,4678,2842870,2347596,166564,3009434,2514160,62.7158921325517,52.3944992194467,122
-7.6926,53.28823,2021/07/17 23:00:00+00,Sun 18 Jul 2021,16872,15832,1931,2859742,2363428,168495,3028237,2531923,63.1077422012917,52.7646759343872,123
-7.6926,53.28823,2021/07/18 23:00:00+00,Mon 19 Jul 2021,24913,18464,6253,2884655,2381892,174748,3059403,2556640,63.7572342633217,53.2797723630979,124
-7.6926,53.28823,2021/07/19 23:00:00+00,Tue 20 Jul 2021,30610,18202,7700,2915265,2400094,182448,3097713,2582542,64.5556055941427,53.8195639112818,125
-7.6926,53.28823,2021/07/20 23:00:00+00,Wed 21 Jul 2021,30374,19858,6894,2945639,2419952,189342,3134981,2609294,65.3322618916378,54.3770692582441,126
-7.6926,53.28823,2021/07/21 23:00:00+00,Thu 22 Jul 2021,33549,15948,6937,2979188,2435900,196279,3175467,2632179,66.1759805473314,54.8539872406465,127
-7.6926,53.28823,2021/07/22 23:00:00+00,Fri 23 Jul 2021,27095,20860,5616,3006283,2456760,201895,3208178,2658655,66.8576700436114,55.4057408129467,128
-7.6926,53.28823,2021/07/23 23:00:00+00,Sat 24 Jul 2021,15449,14829,2277,3021732,2471589,204172,3225904,2675761,67.227075687311,55.7622258034198,129
-7.6926,53.28823,2021/07/24 23:00:00+00,Sun 25 Jul 2021,14744,13655,1046,3036476,2485244,205218,3241694,2690462,67.5561355493226,56.0685911632318,130
-7.6926,53.28823,2021/07/25 23:00:00+00,Mon 26 Jul 2021,23858,18329,3422,3060334,2503573,208640,3268974,2712213,68.1246442912907,56.5218768540877,131
-7.6926,53.28823,2021/07/26 23:00:00+00,Tue 27 Jul 2021,25532,23930,3672,3085866,2527503,212312,3298178,2739815,68.7332487377876,57.0970959998283,132
-7.6926,53.28823,2021/01/23 00:00:00+00,Sat 23 Jan 2021,4201,461,0,148098,3529,5,148103,3534,3.08643145937319,0.0736477233913214,133
-7.6926,53.28823,2021/01/24 00:00:00+00,Sun 24 Jan 2021,1188,399,0,149286,3928,5,149291,3933,3.11118909813632,0.0819627889355028,134
-7.6926,53.28823,2021/01/25 00:00:00+00,Mon 25 Jan 2021,1374,1294,0,150660,5222,5,150665,5227,3.13982293286741,0.108929442605104,135
-7.6926,53.28823,2021/01/26 00:00:00+00,Tue 26 Jan 2021,1012,3507,0,151672,8729,5,151677,8734,3.16091277329526,0.182014492388172,136
-7.6926,53.28823,2021/01/27 00:00:00+00,Wed 27 Jan 2021,2191,6709,0,153863,15438,5,153868,15443,3.20657269461682,0.321828464157379,137
-7.6926,53.28823,2021/01/28 00:00:00+00,Thu 28 Jan 2021,1026,11544,0,154889,26982,5,154894,26987,3.22795429173043,0.562402691330388,138
-7.6926,53.28823,2021/01/29 00:00:00+00,Fri 29 Jan 2021,1591,11526,0,156480,38508,5,156485,38513,3.26111035509081,0.802601802764561,139
-7.6926,53.28823,2021/01/30 00:00:00+00,Sat 30 Jan 2021,656,7795,0,157136,46303,5,157141,46308,3.27478123979503,0.965047757443494,140
-7.6926,53.28823,2021/01/31 00:00:00+00,Sun 31 Jan 2021,238,4088,0,157374,50391,5,157379,50396,3.27974110345296,1.05024070968563,141
-7.6926,53.28823,2021/02/01 00:00:00+00,Mon 01 Feb 2021,1042,8335,1,158416,58726,6,158422,58732,3.30147697654214,1.22396097629289,142
-7.6926,53.28823,2021/02/02 00:00:00+00,Tue 02 Feb 2021,847,5112,0,159263,63838,6,159269,63844,3.31912825603066,1.33049384612211,143
-7.6926,53.28823,2021/02/03 00:00:00+00,Wed 03 Feb 2021,1412,6872,0,160675,70710,6,160681,70716,3.34855400176596,1.4737046993041,144
-7.6926,53.28823,2021/02/04 00:00:00+00,Thu 04 Feb 2021,1456,10541,1,162131,81251,7,162138,81258,3.37891753684835,1.69339748368194,145
-7.6926,53.28823,2021/02/05 00:00:00+00,Fri 05 Feb 2021,3408,8616,0,165539,89867,7,165546,89874,3.44993945006782,1.87295288400442,146
-7.6926,53.28823,2021/02/06 00:00:00+00,Sat 06 Feb 2021,912,3871,0,166451,93738,7,166458,93745,3.46894531416881,1.95362360761727,147
-7.6926,53.28823,2021/02/07 00:00:00+00,Sun 07 Feb 2021,339,1301,2,166790,95039,9,166799,95048,3.47605167344341,1.98077781915629,148
-7.6926,53.28823,2021/02/08 00:00:00+00,Mon 08 Feb 2021,1196,882,0,167986,95921,9,167995,95930,3.50097603031269,1.99915849035921,149
-7.6926,53.28823,2021/02/09 00:00:00+00,Tue 09 Feb 2021,4275,554,3,172261,96475,12,172273,96487,3.59012853757586,2.01076623849984,150
-7.6926,53.28823,2021/02/10 00:00:00+00,Wed 10 Feb 2021,8834,585,0,181095,97060,12,181107,97072,3.7742270062909,2.02295750001198,151
-7.6926,53.28823,2021/02/11 00:00:00+00,Thu 11 Feb 2021,6206,452,0,187301,97512,12,187313,97524,3.90355857713599,2.0323770730094,152
-7.6926,53.28823,2021/02/12 00:00:00+00,Fri 12 Feb 2021,4406,527,0,191707,98039,12,191719,98051,3.99537857409755,2.04335962825197,153
-7.6926,53.28823,2021/02/13 00:00:00+00,Sat 13 Feb 2021,1224,1918,0,192931,99957,12,192943,99969,4.02088644433835,2.08333029420119,154
-7.6926,53.28823,2021/02/14 00:00:00+00,Sun 14 Feb 2021,2709,27,0,195640,99984,12,195652,99996,4.07734136303305,2.08389296780944,155
-7.6926,53.28823,2021/02/15 00:00:00+00,Mon 15 Feb 2021,1972,7896,0,197612,107880,12,197624,107892,4.11843737619878,2.24844373857851,156
-7.6926,53.28823,2021/02/16 00:00:00+00,Tue 16 Feb 2021,5661,8168,0,203273,116048,12,203285,116060,4.23641127606247,2.41866292495664,157
-7.6926,53.28823,2021/02/17 00:00:00+00,Wed 17 Feb 2021,9760,8467,0,213033,124515,12,213045,124527,4.43980736556425,2.59511320055209,158
-7.6926,53.28823,2021/02/18 00:00:00+00,Thu 18 Feb 2021,8477,8361,1,221510,132876,13,221523,132889,4.61648687855565,2.76937530100433,159
-7.6926,53.28823,2021/02/19 00:00:00+00,Fri 19 Feb 2021,9401,6592,2,230911,139468,15,230926,139483,4.81244317257054,2.90679269999765,160
-7.6926,53.28823,2021/02/20 00:00:00+00,Sat 20 Feb 2021,5900,3581,2,236811,143049,17,236828,143066,4.93543945538196,2.98146157178913,161
-7.6926,53.28823,2021/02/21 00:00:00+00,Sun 21 Feb 2021,1118,1025,6,237929,144074,23,237952,144097,4.9588633492959,3.00294736771908,162
-7.6926,53.28823,2021/02/22 00:00:00+00,Mon 22 Feb 2021,3953,1125,2,241882,145199,25,241907,145224,5.04128461302331,3.02643378092282,163
-7.6926,53.28823,2021/02/23 00:00:00+00,Tue 23 Feb 2021,13376,1074,1,255258,146273,26,255284,146299,5.32005812626771,3.04883652643659,164
-7.6926,53.28823,2021/02/24 00:00:00+00,Wed 24 Feb 2021,16951,2110,6,272209,148383,32,272241,148415,5.67343799201379,3.092933465513,165
-7.6926,53.28823,2021/02/25 00:00:00+00,Thu 25 Feb 2021,18110,1767,3,290319,150150,35,290354,150185,6.05090862409839,3.12981984649847,166
-7.6926,53.28823,2021/02/26 00:00:00+00,Fri 26 Feb 2021,16096,2778,1,306415,152928,36,306451,152964,6.38636629343345,3.18773354862198,167
-7.6926,53.28823,2021/02/27 00:00:00+00,Sat 27 Feb 2021,9011,706,1,315426,153634,37,315463,153671,6.5741742400103,3.2024672612529,168
-7.6926,53.28823,2021/02/28 00:00:00+00,Sun 28 Feb 2021,2454,61,2,317880,153695,39,317919,153734,6.62535669859805,3.20378016633882,169
-7.6926,53.28823,2021/03/01 00:00:00+00,Mon 01 Mar 2021,5628,809,0,323508,154504,39,323547,154543,6.74264288627387,3.22063953482314,170
-7.6926,53.28823,2021/03/02 00:00:00+00,Tue 02 Mar 2021,12210,1621,0,335718,156125,39,335757,156164,6.99709639578378,3.25442079108158,171
-7.6926,53.28823,2021/03/03 00:00:00+00,Wed 03 Mar 2021,12923,1514,1,348641,157639,40,348681,157679,7.26642949626749,3.28599303243355,172
-7.6926,53.28823,2021/03/04 00:00:00+00,Thu 04 Mar 2021,18741,1697,5,367382,159336,45,367427,159381,7.65709169850114,3.32146230951675,173
-7.6926,53.28823,2021/03/05 00:00:00+00,Fri 05 Mar 2021,18471,2405,6,385853,161741,51,385904,161792,8.04214800441553,3.3717069787574,174
-7.6926,53.28823,2021/03/06 00:00:00+00,Sat 06 Mar 2021,10414,149,5,396267,161890,56,396323,161946,8.25927749791134,3.37491630230077,175
-7.6926,53.28823,2021/03/07 00:00:00+00,Sun 07 Mar 2021,1538,17,3,397805,161907,59,397864,161966,8.29139157310829,3.37533309756614,176
-7.6926,53.28823,2021/03/08 00:00:00+00,Mon 08 Mar 2021,6684,1511,6,404489,163418,65,404554,163483,8.43080958937539,3.40694701844465,177
-7.6926,53.28823,2021/03/09 00:00:00+00,Tue 09 Mar 2021,13859,3115,6,418348,166533,71,418419,166604,8.71975290709488,3.47198791960603,178
-7.6926,53.28823,2021/03/10 00:00:00+00,Wed 10 Mar 2021,13761,4004,3,432109,170537,74,432183,170611,9.00659140872423,3.55549285102341,179
-7.6926,53.28823,2021/03/11 00:00:00+00,Thu 11 Mar 2021,18506,2108,4,450615,172645,78,450693,172723,9.39233542682649,3.59950643104675,180
-7.6926,53.28823,2021/03/12 00:00:00+00,Fri 12 Mar 2021,17359,1350,4,467974,173995,82,468056,174077,9.75417623645962,3.62772347051246,181
-7.6926,53.28823,2021/03/13 00:00:00+00,Sat 13 Mar 2021,8336,182,0,476310,174177,82,476392,174259,9.92789650306688,3.63151630742735,182
-7.6926,53.28823,2021/03/14 00:00:00+00,Sun 14 Mar 2021,396,23,2,476706,174200,84,476790,174284,9.9361907288478,3.63203730150907,183
-7.6926,53.28823,2021/03/15 00:00:00+00,Mon 15 Mar 2021,2677,1004,0,479383,175204,84,479467,175288,9.99197877511791,3.65296042383077,184
-7.6926,53.28823,2021/03/16 00:00:00+00,Tue 16 Mar 2021,8975,3831,2,488358,179035,86,488444,179121,10.1790573299804,3.73283923643941,185
-7.6926,53.28823,2021/03/17 00:00:00+00,Wed 17 Mar 2021,4911,2428,7,493269,181463,93,493362,181556,10.2815472857355,3.78358405999851,186
-7.6926,53.28823,2021/03/18 00:00:00+00,Thu 18 Mar 2021,11750,4690,7,505019,186153,100,505119,186253,10.5265603824847,3.88146842807124,187
-7.6926,53.28823,2021/03/19 00:00:00+00,Fri 19 Mar 2021,10394,6142,2,515413,192295,102,515515,192397,10.7432105614253,4.00950793359368,188
-7.6926,53.28823,2021/03/20 00:00:00+00,Sat 20 Mar 2021,5260,3129,4,520673,195424,106,520779,195530,10.8529110752713,4.07479891191428,189
-7.6926,53.28823,2021/03/21 00:00:00+00,Sun 21 Mar 2021,3659,59,3,524332,195483,109,524441,195592,10.9292262883611,4.07609097723693,190
-7.6926,53.28823,2021/03/22 00:00:00+00,Mon 22 Mar 2021,7435,2419,1,531767,197902,110,531877,198012,11.0841907680266,4.12652320434701,191
-7.6926,53.28823,2021/03/23 00:00:00+00,Tue 23 Mar 2021,12583,7411,6,544350,205313,116,544466,205429,11.3465425478153,4.2810917285104,192
-7.6926,53.28823,2021/03/24 00:00:00+00,Wed 24 Mar 2021,13649,9786,2,557999,215099,118,558117,215217,11.6310261561953,4.4850713313837,193
-7.6926,53.28823,2021/03/25 00:00:00+00,Thu 25 Mar 2021,20893,10232,3,578892,225331,121,579013,225452,12.0664938494565,4.69836630843808,194
-7.6926,53.28823,2021/03/26 00:00:00+00,Fri 26 Mar 2021,19718,9513,1,598610,234844,122,598732,234966,12.4774331413505,4.89663581617578,195
-7.6926,53.28823,2021/03/27 00:00:00+00,Sat 27 Mar 2021,11771,5363,3,610381,240207,125,610506,240332,12.7228005140753,5.00846198587523,196
-7.6926,53.28823,2021/03/28 00:00:00+00,Sun 28 Mar 2021,2503,489,0,612884,240696,125,613009,240821,12.7749624415366,5.01865263011358,197
-7.6926,53.28823,2021/03/28 23:00:00+00,Mon 29 Mar 2021,9294,3131,3,622178,243827,128,622306,243955,12.9687097206451,5.08396444819745,198
-7.6926,53.28823,2021/03/29 23:00:00+00,Tue 30 Mar 2021,13347,8680,4,635525,252507,132,635657,252639,13.2469414000445,5.26493695242219,199
-7.6926,53.28823,2021/03/30 23:00:00+00,Wed 31 Mar 2021,15857,10514,4,651382,263021,136,651518,263157,13.5774808852481,5.48412958248159,200
-7.6926,53.28823,2021/03/31 23:00:00+00,Thu 01 Apr 2021,19729,11592,9,671111,274613,145,671256,274758,13.9888161326443,5.72589167616092,201
-7.6926,53.28823,2021/04/01 23:00:00+00,Fri 02 Apr 2021,20166,13729,9,691277,288342,154,691431,288496,14.4092583565888,6.01218834394529,202
-7.6926,53.28823,2021/04/02 23:00:00+00,Sat 03 Apr 2021,7559,4644,7,698836,292986,161,698997,293147,14.5669320054792,6.10911408290766,203
-7.6926,53.28823,2021/04/03 23:00:00+00,Sun 04 Apr 2021,3047,174,3,701883,293160,164,702047,293324,14.6304932834485,6.11280272100621,204
-7.6926,53.28823,2021/04/04 23:00:00+00,Mon 05 Apr 2021,3454,618,6,705337,293778,170,705507,293948,14.7025988643579,6.12580673328583,205
-7.6926,53.28823,2021/04/05 23:00:00+00,Tue 06 Apr 2021,12012,8162,12,717349,301940,182,717531,302122,14.9531761778999,6.29615095824358,206
-7.6926,53.28823,2021/04/06 23:00:00+00,Wed 07 Apr 2021,18383,10499,12,735732,312439,194,735926,312633,15.3365236232263,6.51519770996009,207
-7.6926,53.28823,2021/04/07 23:00:00+00,Thu 08 Apr 2021,20206,10579,18,755938,323018,212,756150,323230,15.7579869955709,6.73603668131772,208
-7.6926,53.28823,2021/04/08 23:00:00+00,Fri 09 Apr 2021,20689,9172,16,776627,332190,228,776855,332418,16.1894742940478,6.92751242622984,209
-7.6926,53.28823,2021/04/09 23:00:00+00,Sat 10 Apr 2021,11193,4186,12,787820,336376,240,788060,336616,16.4229838414728,7.01499775243153,210
-7.6926,53.28823,2021/04/10 23:00:00+00,Sun 11 Apr 2021,2874,369,9,790694,336745,249,790943,336994,16.4830648789762,7.02287518294707,211
-7.6926,53.28823,2021/04/11 23:00:00+00,Mon 12 Apr 2021,7792,2810,14,798486,339555,263,798749,339818,16.6457400710511,7.08172667441767,212
-7.6926,53.28823,2021/07/27 23:00:00+00,Wed 28 Jul 2021,23455,25310,3265,3109321,2552813,215577,3324898,2768390,69.2900872123253,57.6925922352292,213
-7.6926,53.28823,2021/07/28 23:00:00+00,Thu 29 Jul 2021,19299,27892,2963,3128620,2580705,218540,3347160,2799245,69.7540220222114,58.3356031308827,214
-7.6926,53.28823,2021/07/29 23:00:00+00,Fri 30 Jul 2021,21968,22971,2123,3150588,2603676,220663,3371251,2824339,70.2560727591159,58.8585561503456,215
-7.6926,53.28823,2021/07/30 23:00:00+00,Sat 31 Jul 2021,13762,12503,907,3164350,2616179,221570,3385920,2837749,70.5617712465033,59.1380173757778,216
-7.6926,53.28823,2021/07/31 23:00:00+00,Sun 01 Aug 2021,11152,9355,369,3175502,2625534,221939,3397441,2847473,70.8018661591212,59.3406632338019,217
-7.6926,53.28823,2021/08/01 23:00:00+00,Mon 02 Aug 2021,15038,16057,431,3190540,2641591,222370,3412910,2863961,71.1242364571235,59.684269250575,218
-7.6926,53.28823,2021/08/02 23:00:00+00,Tue 03 Aug 2021,17358,25467,1111,3207898,2667058,223481,3431379,2890539,71.5091260449318,60.2381484787285,219
-7.6926,53.28823,2021/08/03 23:00:00+00,Wed 04 Aug 2021,22135,17327,1576,3230033,2684385,225057,3455090,2909442,72.0032576717941,60.6320825237954,220
-7.6926,53.28823,2021/08/04 23:00:00+00,Thu 05 Aug 2021,13553,30068,1421,3243586,2714453,226478,3470064,2940931,72.3153122869786,61.2883058293611,221
-7.6926,53.28823,2021/08/05 23:00:00+00,Fri 06 Aug 2021,12232,24766,949,3255818,2739219,227427,3483245,2966646,72.5900012066223,61.8242003418138,222
-7.6926,53.28823,2021/08/06 23:00:00+00,Sat 07 Aug 2021,6342,8475,585,3262160,2747694,228012,3490172,2975706,72.7343582467841,62.0130085970275,223
-7.6926,53.28823,2021/08/07 23:00:00+00,Sun 08 Aug 2021,8634,11994,153,3270794,2759688,228165,3498959,2987853,72.9174772466255,62.2661492014515,224
-7.6926,53.28823,2021/08/08 23:00:00+00,Mon 09 Aug 2021,5565,23054,601,3276359,2782742,228766,3505125,3011508,73.0459752269398,62.7591138015709,225
-7.6926,53.28823,2021/08/09 23:00:00+00,Tue 10 Aug 2021,9383,26030,718,3285742,2808772,229484,3515226,3038256,73.2564776757162,63.31653578948,226
-7.6926,53.28823,2021/08/10 23:00:00+00,Wed 11 Aug 2021,7035,31250,668,3292777,2840022,230152,3522929,3070174,73.4170063721744,63.981699353488,227
-7.6926,53.28823,2021/08/11 23:00:00+00,Thu 12 Aug 2021,6792,38312,865,3299569,2878334,231017,3530586,3109351,73.5765764395223,64.798138759063,228
-7.6926,53.28823,2021/08/12 23:00:00+00,Fri 13 Aug 2021,10951,28239,875,3310520,2906573,231892,3542412,3138465,73.823027479937,65.4048676268657,229
-7.6926,53.28823,2021/08/13 23:00:00+00,Sat 14 Aug 2021,18151,5859,281,3328671,2912432,232173,3560844,3144605,74.2071459965043,65.5328237733351,230
-7.6926,53.28823,2021/08/14 23:00:00+00,Sun 15 Aug 2021,17004,3742,52,3345675,2916174,232225,3577900,3148399,74.562588998814,65.6118898351762,231
-7.6926,53.28823,2021/08/15 23:00:00+00,Mon 16 Aug 2021,10207,23173,386,3355882,2939347,232611,3588493,3171958,74.7833446111186,66.1028538180218,232
-7.6926,53.28823,2021/08/16 23:00:00+00,Tue 17 Aug 2021,12880,26881,531,3368762,2966228,233142,3601904,3199370,75.0628266763141,66.6741134087413,233
-7.6926,53.28823,2021/08/17 23:00:00+00,Wed 18 Aug 2021,15247,25787,658,3384009,2992015,233800,3617809,3225815,75.3942831111016,67.2252209483801,234
-7.6926,53.28823,2021/08/18 23:00:00+00,Thu 19 Aug 2021,11376,25743,545,3395385,3017758,234345,3629730,3252103,75.6427139290269,67.7730566451857,235
-7.6926,53.28823,2021/08/19 23:00:00+00,Fri 20 Aug 2021,14865,22286,686,3410250,3040044,235031,3645281,3275075,75.9667930876172,68.2517876869926,236
-7.6926,53.28823,2021/08/20 23:00:00+00,Sat 21 Aug 2021,11911,7999,246,3422161,3048043,235277,3657438,3283320,76.2201420896739,68.4236115351424,237
-7.6926,53.28823,2021/08/21 23:00:00+00,Sun 22 Aug 2021,8006,12265,162,3430167,3060308,235439,3665606,3295747,76.390361276052,68.6825872732816,238
-7.6926,53.28823,2021/08/22 23:00:00+00,Mon 23 Aug 2021,10882,15408,291,3441049,3075716,235730,3676779,3311446,76.6232039510524,69.0097507168358,239
-7.6926,53.28823,2021/08/23 23:00:00+00,Tue 24 Aug 2021,9723,22940,384,3450772,3098656,236114,3686886,3334770,76.8338314384084,69.4958173553132,240
-7.6926,53.28823,2021/08/24 23:00:00+00,Wed 25 Aug 2021,9426,19552,318,3460198,3118208,236432,3696630,3354640,77.0368940916979,69.9099034514607,241
-7.6926,53.28823,2021/08/25 23:00:00+00,Thu 26 Aug 2021,8600,19464,370,3468798,3137672,236802,3705600,3374474,77.2238267682174,70.3232393161307,242
-7.6926,53.28823,2021/08/26 23:00:00+00,Fri 27 Aug 2021,9734,19239,432,3478532,3156911,237234,3715766,3394145,77.4356838016063,70.7331782993878,243
-7.6926,53.28823,2021/08/27 23:00:00+00,Sat 28 Aug 2021,9934,7944,155,3488466,3164855,237389,3725855,3402244,77.6459361732234,70.9019595421004,244
-7.6926,53.28823,2021/08/28 23:00:00+00,Sun 29 Aug 2021,8805,9203,30,3497271,3174058,237419,3734690,3411477,77.8300554817017,71.0943730763596,245
-7.6926,53.28823,2021/08/29 23:00:00+00,Mon 30 Aug 2021,5071,11165,85,3502342,3185223,237504,3739846,3422727,77.9375053011148,71.3288204131316,246
-7.6926,53.28823,2021/08/30 23:00:00+00,Tue 31 Aug 2021,4080,12917,146,3506422,3198140,237650,3744072,3435790,78.025574140688,71.6010502407097,247
-7.6926,53.28823,2021/08/31 23:00:00+00,Wed 01 Sep 2021,4999,12566,184,3511421,3210706,237834,3749255,3448540,78.1335866337093,71.8667572223847,248
-7.6926,53.28823,2021/09/01 23:00:00+00,Thu 02 Sep 2021,5015,12385,249,3516436,3223091,238083,3754519,3461174,78.2432871475553,72.1300467915205,249
-7.6926,53.28823,2021/09/02 23:00:00+00,Fri 03 Sep 2021,4786,16112,167,3521222,3239203,238250,3759472,3477453,78.3465064950248,72.4692972977704,250
-7.6926,53.28823,2021/09/03 23:00:00+00,Sat 04 Sep 2021,4632,10594,136,3525854,3249797,238386,3764240,3488183,78.4458704862896,72.6929079576428,251
-7.6926,53.28823,2021/09/04 23:00:00+00,Sun 05 Sep 2021,5310,11915,1,3531164,3261712,238387,3769551,3500099,78.5565504690093,72.9412345767517,252
-7.6926,53.28823,2021/09/05 23:00:00+00,Mon 06 Sep 2021,2171,9701,76,3533335,3271413,238463,3771798,3509876,78.6033774170739,73.1449849422291,253
-7.6926,53.28823,2021/09/06 23:00:00+00,Tue 07 Sep 2021,3039,10039,161,3536374,3281452,238624,3774998,3520076,78.6700646595335,73.357550527569,254
-7.6926,53.28823,2021/09/07 23:00:00+00,Wed 08 Sep 2021,2614,14811,191,3538988,3296263,238815,3777803,3535078,78.728520195502,73.6701886561249,255
-7.6926,53.28823,2021/09/08 23:00:00+00,Thu 09 Sep 2021,3130,14834,138,3542118,3311097,238953,3781071,3550050,78.7966245418639,73.9822015917828,256
-7.6926,53.28823,2021/09/09 23:00:00+00,Fri 10 Sep 2021,3393,13954,116,3545511,3325051,239069,3784580,3564120,78.8697512711735,74.2754170609724,257
-7.6926,53.28823,2021/09/10 23:00:00+00,Sat 11 Sep 2021,2563,11346,62,3548074,3336397,239131,3787205,3575528,78.9244556497536,74.5131570803408,258
-7.6926,53.28823,2021/09/11 23:00:00+00,Sun 12 Sep 2021,2045,12887,1,3550119,3349284,239132,3789251,3588416,78.9670938054012,74.7817399493469,259
-7.6926,53.28823,2021/09/12 23:00:00+00,Mon 13 Sep 2021,1624,7753,52,3551743,3357037,239184,3790927,3596221,79.0020212486394,74.9443943016585,260
-7.6926,53.28823,2021/09/13 23:00:00+00,Tue 14 Sep 2021,1557,10798,82,3553300,3367835,239266,3792566,3607101,79.0361776206367,75.1711309260211,261
-7.6926,53.28823,2021/09/14 23:00:00+00,Wed 15 Sep 2021,3291,12380,138,3556591,3380215,239404,3795995,3619619,79.1076371688848,75.4320030826178,262
-7.6926,53.28823,2021/09/15 23:00:00+00,Thu 16 Sep 2021,1920,10586,115,3558511,3390801,239519,3798030,3630320,79.1500460871365,75.6550093893553,263
-7.6926,53.28823,2021/09/16 23:00:00+00,Fri 17 Sep 2021,2564,14630,95,3561075,3405431,239614,3800689,3645045,79.2054590176677,75.9618749034858,264
-7.6926,53.28823,2021/09/17 23:00:00+00,Sat 18 Sep 2021,2292,11246,48,3563367,3416677,239662,3803029,3656339,79.2542240637163,76.1972391898417,265
-7.6926,53.28823,2021/09/18 23:00:00+00,Sun 19 Sep 2021,1864,8498,16,3565231,3425175,239678,3804909,3664853,79.2934028186613,76.3746689343108,266
-7.6926,53.28823,2021/09/19 23:00:00+00,Mon 20 Sep 2021,967,5642,35,3566198,3430817,239713,3805911,3670530,79.3142842614565,76.4929762703868,267
-7.6926,53.28823,2021/09/20 23:00:00+00,Tue 21 Sep 2021,1477,6688,90,3567675,3437505,239803,3807478,3677308,79.3469401704984,76.6342281858215,268
-7.6926,53.28823,2021/09/21 23:00:00+00,Wed 22 Sep 2021,1902,8166,97,3569577,3445671,239900,3809477,3685571,79.3885988572724,76.8064271497102,269
-7.6926,53.28823,2021/09/22 23:00:00+00,Thu 23 Sep 2021,1692,8740,89,3571269,3454411,239989,3811258,3694400,79.4257144756538,76.9904214196089,270
-7.6926,53.28823,2021/09/23 23:00:00+00,Fri 24 Sep 2021,1915,7402,81,3573184,3461813,240070,3813254,3701883,79.467310643138,77.146365368148,271
-7.6926,53.28823,2021/09/24 23:00:00+00,Sat 25 Sep 2021,2425,6614,53,3575609,3468427,240123,3815732,3708550,79.5189515765177,77.2853040698599,272
-7.6926,53.28823,2021/09/25 23:00:00+00,Sun 26 Sep 2021,1550,7101,0,3577159,3475528,240123,3817282,3715651,79.551253209584,77.4332872288304,273
-7.6926,53.28823,2021/09/26 23:00:00+00,Mon 27 Sep 2021,1180,3837,45,3578339,3479365,240168,3818507,3719533,79.5767819195881,77.5141871898392,274
-7.6926,53.28823,2021/09/27 23:00:00+00,Tue 28 Sep 2021,1455,5159,93,3579794,3484524,240261,3820055,3724785,79.6090418731279,77.623637626526,275
-7.6926,53.28823,2021/09/28 23:00:00+00,Wed 29 Sep 2021,1654,3635,80,3581448,3488159,240341,3821789,3728500,79.6451780226357,77.701057347069,276
-7.6926,53.28823,2021/09/29 23:00:00+00,Thu 30 Sep 2021,1275,3991,78,3582723,3492150,240419,3823142,3732569,79.6733742223382,77.785854343809,277
-7.6926,53.28823,2021/09/30 23:00:00+00,Fri 01 Oct 2021,1875,5204,42,3584598,3497354,240461,3825059,3737815,79.7133240485241,77.8951797419162,278
-7.6926,53.28823,2021/10/01 23:00:00+00,Sat 02 Oct 2021,1684,4106,41,3586282,3501460,240502,3826784,3741962,79.7492726401625,77.9816022401912,279
-7.6926,53.28823,2021/10/02 23:00:00+00,Sun 03 Oct 2021,1197,3023,9,3587479,3504483,240511,3827990,3744994,79.7744053946645,78.0447884024217,280
-7.6926,53.28823,2021/10/03 23:00:00+00,Mon 04 Oct 2021,350,1243,18,3587829,3505726,240529,3828358,3746255,79.7820744275473,78.0710673439034,281
-7.6926,53.28823,2021/10/04 23:00:00+00,Tue 05 Oct 2021,960,2839,70,3588789,3508565,240599,3829388,3749164,79.803539383714,78.1316902152518,282
-7.6926,53.28823,2021/10/05 23:00:00+00,Wed 06 Oct 2021,974,2583,40,3589763,3511148,240639,3830402,3751787,79.8246709036684,78.1863529143054,283
-7.6926,53.28823,2021/10/06 23:00:00+00,Thu 07 Oct 2021,1213,2718,44,3590976,3513866,240683,3831659,3754549,79.8508664860971,78.2439123404534,284
-7.6926,53.28823,2021/10/07 23:00:00+00,Fri 08 Oct 2021,916,2756,48,3591892,3516622,240731,3832623,3757353,79.870956017888,78.3023470366586,285
-7.6926,53.28823,2021/10/08 23:00:00+00,Sat 09 Oct 2021,725,2369,23,3592617,3518991,240754,3833371,3759745,79.886544160813,78.3521957503972,286
-7.6926,53.28823,2021/10/09 23:00:00+00,Sun 10 Oct 2021,1520,3927,3,3594137,3522918,240757,3834894,3763675,79.9182831202711,78.4340960200429,287
-7.6926,53.28823,2021/10/10 23:00:00+00,Mon 11 Oct 2021,335,1144,19,3594472,3524062,240776,3835248,3764838,79.9256603964682,78.4583326647243,288
-7.6926,53.28823,2021/10/11 23:00:00+00,Tue 12 Oct 2021,563,1629,21,3595035,3525691,240797,3835832,3766488,79.937830818217,78.4927182741175,289
-7.6926,53.28823,2021/10/12 23:00:00+00,Wed 13 Oct 2021,990,2083,11,3596025,3527774,240808,3836833,3768582,79.9586914212489,78.536356738402,290
-7.6926,53.28823,2021/10/13 23:00:00+00,Thu 14 Oct 2021,654,1617,9,3596679,3529391,240817,3837496,3770208,79.972508184296,78.5702421934768,291
-7.6926,53.28823,2021/10/14 23:00:00+00,Fri 15 Oct 2021,957,2088,10,3597636,3531479,240827,3838463,3772306,79.9926602353768,78.6139640168144,292
-7.6926,53.28823,2021/10/15 23:00:00+00,Sat 16 Oct 2021,1384,2654,14,3599020,3534133,240841,3839861,3774974,80.0217942244263,78.669564505215,293
-7.6926,53.28823,2021/10/16 23:00:00+00,Sun 17 Oct 2021,1708,2893,3,3600728,3537026,240844,3841572,3777870,80.0574510593789,78.729916459641,294
-7.6926,53.28823,2021/10/17 23:00:00+00,Mon 18 Oct 2021,679,1265,6,3601407,3538291,240850,3842257,3779141,80.0717262972179,78.7564037987554,295
-7.6926,53.28823,2021/10/18 23:00:00+00,Tue 19 Oct 2021,1343,1814,13,3602750,3540105,240863,3843613,3780968,80.0999850162102,78.7944780462472,296
-7.6926,53.28823,2021/10/19 23:00:00+00,Wed 20 Oct 2021,2263,2348,0,3605013,3542453,240863,3845876,3783316,80.1471454004871,78.8434098104019,297
-7.6926,53.28823,2021/10/20 23:00:00+00,Thu 21 Oct 2021,1731,1859,11,3606744,3544312,240874,3847618,3785186,80.1834482681011,78.8823801677142,298
-7.6926,53.28823,2021/10/21 23:00:00+00,Fri 22 Oct 2021,1509,1940,3,3608253,3546252,240877,3849130,3787129,80.2149579901632,78.9228718277452,299
-7.6926,53.28823,2021/10/22 23:00:00+00,Sat 23 Oct 2021,2018,1713,1,3610271,3547965,240878,3851149,3788843,80.2570334722026,78.9585911819876,300
-7.6926,53.28823,2021/10/23 23:00:00+00,Sun 24 Oct 2021,1959,2191,2,3612230,3550156,240880,3853110,3791036,80.2979002479723,79.0042927828357,301
-7.6926,53.28823,2021/10/24 23:00:00+00,Mon 25 Oct 2021,1239,868,2,3613469,3551024,240882,3854351,3791906,80.3237623941887,79.0224233768794,302
-7.6926,53.28823,2021/10/25 23:00:00+00,Tue 26 Oct 2021,1247,1239,6,3614716,3552263,240888,3855604,3793151,80.3498746175643,79.0483688821488,303
-7.6926,53.28823,2021/10/26 23:00:00+00,Wed 27 Oct 2021,1568,1436,6,3616284,3553699,240894,3857178,3794593,80.3826764049491,79.0784198207822,304
-7.6926,53.28823,2021/10/27 23:00:00+00,Thu 28 Oct 2021,2159,1706,5,3618443,3555405,240899,3859342,3796304,80.4277736526624,79.1140766557348,305
-7.6926,53.28823,2021/10/28 23:00:00+00,Fri 29 Oct 2021,2148,1382,2,3620591,3556787,240901,3861492,3797688,80.47257914369,79.1429188880986,306
-7.6926,53.28823,2021/10/29 23:00:00+00,Sat 30 Oct 2021,2021,1458,1,3622612,3558245,240902,3863514,3799147,80.5147171450191,79.1733241027075,307
-7.6926,53.28823,2021/10/30 23:00:00+00,Sun 31 Oct 2021,1600,1322,0,3624212,3559567,240902,3865114,3800469,80.5480607662489,79.2008742697486,308
-7.6926,53.28823,2021/11/01 00:00:00+00,Mon 01 Nov 2021,294,303,2,3624506,3559870,240904,3865410,3800774,80.5542293361764,79.2072303975456,309
-7.6926,53.28823,2021/11/02 00:00:00+00,Tue 02 Nov 2021,1100,1100,10,3625606,3560970,240914,3866520,3801884,80.5773614734046,79.2303625347737,310
-7.6926,53.28823,2021/11/03 00:00:00+00,Wed 03 Nov 2021,2540,1888,7,3628146,3562858,240921,3869067,3803779,80.6304403504498,79.2698538861678,311
-7.6926,53.28823,2021/11/04 00:00:00+00,Thu 04 Nov 2021,1537,1292,2,3629683,3564150,240923,3870606,3805073,80.6625127461202,79.2968205398374,312
-7.6926,53.28823,2021/11/05 00:00:00+00,Fri 05 Nov 2021,1630,1105,4,3631313,3565255,240927,3872240,3806182,80.6965649193011,79.3199318373023,313
-7.6926,53.28823,2021/11/06 00:00:00+00,Sat 06 Nov 2021,1822,1365,6,3633135,3566620,240933,3874068,3807553,80.7346600065562,79.3485031527436,314
-7.6926,53.28823,2021/11/07 00:00:00+00,Sun 07 Nov 2021,698,775,0,3633833,3567395,240933,3874766,3808328,80.7492061613177,79.3646539692768,315
-7.6926,53.28823,2021/11/08 00:00:00+00,Mon 08 Nov 2021,518,537,4,3634351,3567932,240937,3875288,3808869,80.7600845177439,79.3759282812051,316
-7.6926,53.28823,2021/11/09 00:00:00+00,Tue 09 Nov 2021,1373,1075,4,3635724,3569007,240941,3876665,3809948,80.7887808717648,79.3984143857719,317
-7.6926,53.28823,2021/11/10 00:00:00+00,Wed 10 Nov 2021,1602,1369,2,3637326,3570376,240943,3878269,3811319,80.8222078520477,79.4269857012132,318
-7.6926,53.28823,2022/06/11 23:00:00+00,Sun 12 Jun 2022,143,288,0,3853351,3805404,241113,4094464,4046517,85.3276604719081,84.3284563424673,319
-7.6926,53.28823,2022/02/25 00:00:00+00,Fri 25 Feb 2022,693,1228,0,3830174,3748971,241087,4071261,3990058,84.8441154447862,83.151864148084,320
-7.6926,53.28823,2022/02/26 00:00:00+00,Sat 26 Feb 2022,960,2092,0,3831134,3751063,241087,4072221,3992150,84.8641216175241,83.195460932842,321
-7.6926,53.28823,2022/02/27 00:00:00+00,Sun 27 Feb 2022,671,1783,0,3831805,3752846,241087,4072892,3993933,84.8781050986773,83.2326182307499,322
-7.6926,53.28823,2022/02/28 00:00:00+00,Mon 28 Feb 2022,81,435,0,3831886,3753281,241087,4072973,3994368,84.8797931195021,83.2416835277718,323
-7.6926,53.28823,2022/03/01 00:00:00+00,Tue 01 Mar 2022,132,937,0,3832018,3754218,241087,4073105,3995305,84.8825439682535,83.2612103859545,324
-7.6926,53.28823,2022/03/02 00:00:00+00,Wed 02 Mar 2022,207,997,2,3832225,3755215,241089,4073314,3996304,84.8868994787767,83.2820293094599,325
-7.6926,53.28823,2022/03/03 00:00:00+00,Thu 03 Mar 2022,279,1277,0,3832504,3756492,241089,4073593,3997581,84.8927137727286,83.3086416871539,326
-7.6926,53.28823,2022/03/04 00:00:00+00,Fri 04 Mar 2022,735,1508,1,3833239,3758000,241090,4074329,3999090,84.9080518384943,83.3400888899262,327
-7.6926,53.28823,2022/03/05 00:00:00+00,Sat 05 Mar 2022,963,3341,0,3834202,3761341,241090,4075292,4002431,84.928120530522,83.4097145390067,328
-7.6926,53.28823,2022/03/06 00:00:00+00,Sun 06 Mar 2022,455,1916,0,3834657,3763257,241090,4075747,4004347,84.9376026228093,83.4496435254294,329
-7.6926,53.28823,2022/03/07 00:00:00+00,Mon 07 Mar 2022,116,125,1,3834773,3763382,241091,4075864,4004473,84.9400408751117,83.4522693356013,330
-7.6926,53.28823,2022/03/08 00:00:00+00,Tue 08 Mar 2022,120,493,0,3834893,3763875,241091,4075984,4004966,84.9425416467039,83.4625433388927,331
-7.6926,53.28823,2022/03/09 00:00:00+00,Wed 09 Mar 2022,129,345,1,3835022,3764220,241092,4076114,4005312,84.9452508159288,83.4697538969836,332
-7.6926,53.28823,2022/03/10 00:00:00+00,Thu 10 Mar 2022,259,508,0,3835281,3764728,241092,4076373,4005820,84.9506483146154,83.4803404967241,333
-7.6926,53.28823,2022/03/11 00:00:00+00,Fri 11 Mar 2022,493,2183,0,3835774,3766911,241092,4076866,4008003,84.9609223179068,83.5258336999395,334
-7.6926,53.28823,2022/03/12 00:00:00+00,Sat 12 Mar 2022,473,2393,2,3836247,3769304,241094,4077341,4010398,84.9708212054594,83.5757449329679,335
-7.6926,53.28823,2022/03/13 00:00:00+00,Sun 13 Mar 2022,358,1082,0,3836605,3770386,241094,4077699,4011480,84.9782818407096,83.5982935568245,336
-7.6926,53.28823,2022/03/14 00:00:00+00,Mon 14 Mar 2022,109,122,0,3836714,3770508,241094,4077808,4011602,84.9805533749059,83.6008360079433,337
-7.6926,53.28823,2022/03/15 00:00:00+00,Tue 15 Mar 2022,222,755,1,3836936,3771263,241095,4078031,4012358,84.9852006421148,83.6165908689744,338
-7.6926,53.28823,2022/03/16 00:00:00+00,Wed 16 Mar 2022,195,798,0,3837131,3772061,241095,4078226,4013156,84.9892643959522,83.6332210000627,339
-7.6926,53.28823,2022/03/18 00:00:00+00,Fri 18 Mar 2022,4,6,0,3837135,3772067,241095,4078230,4013162,84.9893477550052,83.6333460386423,340
-7.6926,53.28823,2022/03/19 00:00:00+00,Sat 19 Mar 2022,743,2779,0,3837878,3774846,241095,4078973,4015941,85.0048316991138,83.6912597407658,341
-7.6926,53.28823,2022/03/20 00:00:00+00,Sun 20 Mar 2022,395,1402,0,3838273,3776248,241095,4079368,4017343,85.0130634056049,83.7204770888685,342
-7.6926,53.28823,2022/03/21 00:00:00+00,Mon 21 Mar 2022,56,112,0,3838329,3776360,241095,4079424,4017455,85.014230432348,83.7228111423545,343
-7.6926,53.28823,2022/03/22 00:00:00+00,Tue 22 Mar 2022,141,575,0,3838470,3776935,241095,4079565,4018030,85.0171688389689,83.734794006234,344
-7.6926,53.28823,2022/03/23 00:00:00+00,Wed 23 Mar 2022,101,221,0,3838571,3777156,241095,4079666,4018251,85.019273655059,83.7393995939164,345
-7.6926,53.28823,2022/03/24 00:00:00+00,Thu 24 Mar 2022,147,245,0,3838718,3777401,241095,4079813,4018496,85.0223371002595,83.7445053359172,346
-7.6926,53.28823,2022/03/25 00:00:00+00,Fri 25 Mar 2022,434,1625,0,3839152,3779026,241095,4080247,4020121,85.0313815575181,83.7783699512287,347
-7.6926,53.28823,2022/03/26 00:00:00+00,Sat 26 Mar 2022,874,1848,1,3840026,3780874,241096,4081122,4021970,85.0496163503781,83.8169026735124,348
-7.6926,53.28823,2022/03/27 00:00:00+00,Sun 27 Mar 2022,380,803,0,3840406,3781677,241096,4081502,4022773,85.0575354604202,83.8336370034171,349
-7.6926,53.28823,2022/03/27 23:00:00+00,Mon 28 Mar 2022,44,53,1,3840450,3781730,241097,4081547,4022827,85.0584732497673,83.8347623506336,350
-7.6926,53.28823,2022/03/28 23:00:00+00,Tue 29 Mar 2022,137,193,3,3840587,3781923,241100,4081687,4023023,85.0613908166249,83.8388469442343,351
-7.6926,53.28823,2022/03/29 23:00:00+00,Wed 30 Mar 2022,109,136,0,3840696,3782059,241100,4081796,4023159,85.0636623508212,83.8416811520388,352
-7.6926,53.28823,2022/03/30 23:00:00+00,Thu 31 Mar 2022,227,360,0,3840923,3782419,241100,4082023,4023519,85.0683929770831,83.8491834668155,353
-7.6926,53.28823,2022/03/31 23:00:00+00,Fri 01 Apr 2022,307,905,0,3841230,3783324,241100,4082330,4024424,85.0747907844066,83.8680434525736,354
-7.6926,53.28823,2022/04/01 23:00:00+00,Sat 02 Apr 2022,729,1538,1,3841959,3784862,241101,4083060,4025963,85.0900038115927,83.900115848244,355
-7.6926,53.28823,2022/04/02 23:00:00+00,Sun 03 Apr 2022,538,817,0,3842497,3785679,241101,4083598,4026780,85.1012156042312,83.9171419348345,356
-7.6926,53.28823,2022/04/03 23:00:00+00,Mon 04 Apr 2022,50,52,0,3842547,3785731,241101,4083648,4026832,85.1022575923947,83.9182256025244,357
-7.6926,53.28823,2022/04/04 23:00:00+00,Tue 05 Apr 2022,131,170,0,3842678,3785901,241101,4083779,4027002,85.1049876013828,83.9217683622801,358
-7.6926,53.28823,2022/04/05 23:00:00+00,Wed 06 Apr 2022,158,210,0,3842836,3786111,241101,4083937,4027212,85.1082802839793,83.9261447125665,359
-7.6926,53.28823,2022/04/06 23:00:00+00,Thu 07 Apr 2022,117,179,0,3842953,3786290,241101,4084054,4027391,85.1107185362817,83.9298750301916,360
-7.6926,53.28823,2022/04/07 23:00:00+00,Fri 08 Apr 2022,256,422,2,3843209,3786712,241103,4084312,4027815,85.116095195205,83.9387110898175,361
-7.6926,53.28823,2022/04/08 23:00:00+00,Sat 09 Apr 2022,558,1018,0,3843767,3787730,241103,4084870,4028833,85.1277237831089,83.959925968825,362
-7.6926,53.28823,2022/04/09 23:00:00+00,Sun 10 Apr 2022,413,719,0,3844180,3788449,241103,4085283,4029552,85.1363306053389,83.9749097586151,363
-7.6926,53.28823,2022/04/10 23:00:00+00,Mon 11 Apr 2022,70,93,1,3844250,3788542,241104,4085354,4029646,85.1378102285309,83.9768686963624,364
-7.6926,53.28823,2022/04/11 23:00:00+00,Tue 12 Apr 2022,197,178,0,3844447,3788720,241104,4085551,4029824,85.1419156618949,83.9805781742242,365
-7.6926,53.28823,2022/04/12 23:00:00+00,Wed 13 Apr 2022,141,235,0,3844588,3788955,241104,4085692,4030059,85.1448540685157,83.9854755185923,366
-7.6926,53.28823,2022/04/13 23:00:00+00,Thu 14 Apr 2022,359,431,0,3844947,3789386,241104,4086051,4030490,85.1523355435292,83.9944574565611,367
-7.6926,53.28823,2022/04/14 23:00:00+00,Fri 15 Apr 2022,446,990,0,3845393,3790376,241104,4086497,4031480,85.161630077947,84.015088822197,368
-7.6926,53.28823,2022/04/15 23:00:00+00,Sat 16 Apr 2022,43,88,0,3845436,3790464,241104,4086540,4031568,85.1625261877675,84.0169227213647,369
-7.6926,53.28823,2022/04/16 23:00:00+00,Sun 17 Apr 2022,1,1,0,3845437,3790465,241104,4086541,4031569,85.1625470275308,84.0169435611279,370
-7.6926,53.28823,2022/04/17 23:00:00+00,Mon 18 Apr 2022,36,62,1,3845473,3790527,241105,4086578,4031632,85.1633180987717,84.0182564662138,371
-7.6926,53.28823,2022/04/18 23:00:00+00,Tue 19 Apr 2022,218,270,1,3845691,3790797,241106,4086797,4031903,85.1678820069276,84.0239040420596,372
-7.6926,53.28823,2022/04/19 23:00:00+00,Wed 20 Apr 2022,250,607,0,3845941,3791404,241106,4087047,4032510,85.1730919477447,84.0365537783637,373
-7.6926,53.28823,2022/04/20 23:00:00+00,Thu 21 Apr 2022,170,236,0,3846111,3791640,241106,4087217,4032746,85.1766347075004,84.0414719624951,374
-7.6926,53.28823,2022/04/21 23:00:00+00,Fri 22 Apr 2022,195,254,0,3846306,3791894,241106,4087412,4033000,85.1806984613378,84.0467652623653,375
-7.6926,53.28823,2022/04/22 23:00:00+00,Sat 23 Apr 2022,325,1010,0,3846631,3792904,241106,4087737,4034010,85.1874713844001,84.0678134232666,376
-7.6926,53.28823,2022/04/23 23:00:00+00,Sun 24 Apr 2022,181,252,0,3846812,3793156,241106,4087918,4034262,85.1912433815517,84.0730650436103,377
-7.6926,53.28823,2022/04/24 23:00:00+00,Mon 25 Apr 2022,41,59,1,3846853,3793215,241107,4087960,4034322,85.192118651609,84.0743154294064,378
-7.6926,53.28823,2022/04/25 23:00:00+00,Tue 26 Apr 2022,144,238,0,3846997,3793453,241107,4088104,4034560,85.1951195775196,84.0792752930644,379
-7.6926,53.28823,2022/06/12 23:00:00+00,Mon 13 Jun 2022,17,44,0,3853368,3805448,241113,4094481,4046561,85.3280147478837,84.3293732920511,380
-7.6926,53.28823,2022/04/26 23:00:00+00,Wed 27 Apr 2022,122,208,0,3847119,3793661,241107,4088226,4034768,85.1976620286384,84.0836099638243,381
-7.6926,53.28823,2022/04/27 23:00:00+00,Thu 28 Apr 2022,100,130,0,3847219,3793791,241107,4088326,4034898,85.1997460049653,84.0863191330492,382
-7.6926,53.28823,2022/04/28 23:00:00+00,Fri 29 Apr 2022,169,222,0,3847388,3794013,241107,4088495,4035120,85.2032679249577,84.0909455604948,383
-7.6926,53.28823,2022/04/29 23:00:00+00,Sat 30 Apr 2022,281,724,0,3847669,3794737,241107,4088776,4035844,85.2091238984362,84.1060335491013,384
-7.6926,53.28823,2022/04/30 23:00:00+00,Sun 01 May 2022,187,747,0,3847856,3795484,241107,4088963,4036591,85.2130209341674,84.121600852263,385
-7.6926,53.28823,2022/05/01 23:00:00+00,Mon 02 May 2022,12,26,0,3847868,3795510,241107,4088975,4036617,85.2132710113266,84.1221426861079,386
-7.6926,53.28823,2022/05/02 23:00:00+00,Tue 03 May 2022,96,118,0,3847964,3795628,241107,4089071,4036735,85.2152716286004,84.1246017781736,387
-7.6926,53.28823,2022/05/03 23:00:00+00,Wed 04 May 2022,113,128,0,3848077,3795756,241107,4089184,4036863,85.2176265218498,84.127269267872,388
-7.6926,53.28823,2022/05/04 23:00:00+00,Thu 05 May 2022,112,165,0,3848189,3795921,241107,4089296,4037028,85.2199605753358,84.1307078288114,389
-7.6926,53.28823,2022/05/05 23:00:00+00,Fri 06 May 2022,138,257,0,3848327,3796178,241107,4089434,4037285,85.2228364626669,84.1360636479714,390
-7.6926,53.28823,2022/05/06 23:00:00+00,Sat 07 May 2022,441,1088,0,3848768,3797266,241107,4089875,4038373,85.2320267982684,84.1587373104076,391
-7.6926,53.28823,2022/05/07 23:00:00+00,Sun 08 May 2022,274,437,0,3849042,3797703,241107,4090149,4038810,85.237736893404,84.167844286956,392
-7.6926,53.28823,2022/05/08 23:00:00+00,Mon 09 May 2022,24,32,0,3849066,3797735,241107,4090173,4038842,85.2382370477224,84.1685111593806,393
-7.6926,53.28823,2022/05/09 23:00:00+00,Tue 10 May 2022,80,98,1,3849146,3797833,241108,4090254,4038941,85.2399250685472,84.1705742959442,394
-7.6926,53.28823,2022/05/10 23:00:00+00,Wed 11 May 2022,112,132,0,3849258,3797965,241108,4090366,4039073,85.2422591220333,84.1733251446957,395
-7.6926,53.28823,2022/05/11 23:00:00+00,Thu 12 May 2022,207,398,0,3849465,3798363,241108,4090573,4039471,85.2465729530299,84.1816193704766,396
-7.6926,53.28823,2022/05/12 23:00:00+00,Fri 13 May 2022,173,326,0,3849638,3798689,241108,4090746,4039797,85.2501782320754,84.1884131333022,397
-7.6926,53.28823,2022/05/13 23:00:00+00,Sat 14 May 2022,333,633,0,3849971,3799322,241108,4091079,4040430,85.2571178732438,84.2016047034512,398
-7.6926,53.28823,2022/05/14 23:00:00+00,Sun 15 May 2022,168,254,0,3850139,3799576,241108,4091247,4040684,85.2606189534729,84.2068980033214,399
-7.6926,53.28823,2022/05/15 23:00:00+00,Mon 16 May 2022,31,41,0,3850170,3799617,241108,4091278,4040725,85.2612649861343,84.2077524336155,400
-7.6926,53.28823,2022/05/16 23:00:00+00,Tue 17 May 2022,97,101,0,3850267,3799718,241108,4091375,4040826,85.2632864431713,84.2098572497056,401
-7.6926,53.28823,2022/05/17 23:00:00+00,Wed 18 May 2022,99,123,0,3850366,3799841,241108,4091474,4040949,85.2653495797349,84.2124205405876,402
-7.6926,53.28823,2022/05/18 23:00:00+00,Thu 19 May 2022,73,107,0,3850439,3799948,241108,4091547,4041056,85.2668708824535,84.2146503952574,403
-7.6926,53.28823,2022/05/19 23:00:00+00,Fri 20 May 2022,126,209,0,3850565,3800157,241108,4091673,4041265,85.2694966926254,84.2190059057805,404
-7.6926,53.28823,2022/05/20 23:00:00+00,Sat 21 May 2022,392,762,0,3850957,3800919,241108,4092065,4042027,85.2776658798267,84.2348858053912,405
-7.6926,53.28823,2022/05/21 23:00:00+00,Sun 22 May 2022,234,409,0,3851191,3801328,241108,4092299,4042436,85.2825423844315,84.2434092685681,406
-7.6926,53.28823,2022/05/22 23:00:00+00,Mon 23 May 2022,26,35,0,3851217,3801363,241108,4092325,4042471,85.2830842182765,84.2441386602825,407
-7.6926,53.28823,2022/05/23 23:00:00+00,Tue 24 May 2022,64,83,0,3851281,3801446,241108,4092389,4042554,85.2844179631257,84.2458683606338,408
-7.6926,53.28823,2022/05/24 23:00:00+00,Wed 25 May 2022,87,134,1,3851368,3801580,241109,4092477,4042689,85.2862518622934,84.248681728675,409
-7.6926,53.28823,2022/05/25 23:00:00+00,Thu 26 May 2022,97,155,0,3851465,3801735,241109,4092574,4042844,85.2882733193304,84.2519118919817,410
-7.6926,53.28823,2022/05/26 23:00:00+00,Fri 27 May 2022,95,152,1,3851560,3801887,241110,4092670,4042997,85.2902739366042,84.2551003757618,411
-7.6926,53.28823,2022/05/27 23:00:00+00,Sat 28 May 2022,335,580,0,3851895,3802467,241110,4093005,4043577,85.2972552572992,84.2671874384576,412
-7.6926,53.28823,2022/05/28 23:00:00+00,Sun 29 May 2022,182,349,0,3852077,3802816,241110,4093187,4043926,85.3010480942141,84.2744605158383,413
-7.6926,53.28823,2022/05/29 23:00:00+00,Mon 30 May 2022,9,24,0,3852086,3802840,241110,4093196,4043950,85.3012356520835,84.2749606701568,414
-7.6926,53.28823,2022/05/30 23:00:00+00,Tue 31 May 2022,65,80,2,3852151,3802920,241112,4093263,4044032,85.3026319162225,84.2766695307448,415
-7.6926,53.28823,2022/05/31 23:00:00+00,Wed 01 Jun 2022,69,102,0,3852220,3803022,241112,4093332,4044134,85.304069859888,84.2787951865982,416
-7.6926,53.28823,2022/06/01 23:00:00+00,Thu 02 Jun 2022,91,142,0,3852311,3803164,241112,4093423,4044276,85.3059662783455,84.2817544329824,417
-7.6926,53.28823,2022/06/02 23:00:00+00,Fri 03 Jun 2022,60,143,0,3852371,3803307,241112,4093483,4044419,85.3072166641416,84.2847345191298,418
-7.6926,53.28823,2022/06/03 23:00:00+00,Sat 04 Jun 2022,305,607,0,3852676,3803914,241112,4093788,4045026,85.3135727919385,84.2973842554338,419
-7.6926,53.28823,2022/06/04 23:00:00+00,Sun 05 Jun 2022,143,273,0,3852819,3804187,241112,4093931,4045299,85.3165528780859,84.3030735108061,420
-7.6926,53.28823,2022/06/05 23:00:00+00,Mon 06 Jun 2022,5,7,1,3852824,3804194,241113,4093937,4045307,85.3166779166655,84.3032402289123,421
-7.6926,53.28823,2022/06/06 23:00:00+00,Tue 07 Jun 2022,29,54,0,3852853,3804248,241113,4093966,4045361,85.3172822698003,84.3043655761288,422
-7.6926,53.28823,2022/06/07 23:00:00+00,Wed 08 Jun 2022,36,76,0,3852889,3804324,241113,4094002,4045437,85.318032501278,84.3059493981372,423
-7.6926,53.28823,2022/06/08 23:00:00+00,Thu 09 Jun 2022,73,122,0,3852962,3804446,241113,4094075,4045559,85.3195538039966,84.308491849256,424
-7.6926,53.28823,2022/06/09 23:00:00+00,Fri 10 Jun 2022,56,108,0,3853018,3804554,241113,4094131,4045667,85.3207208307396,84.310742543689,425
-7.6926,53.28823,2022/06/10 23:00:00+00,Sat 11 Jun 2022,190,562,0,3853208,3805116,241113,4094321,4046229,85.3246803857607,84.322454490646,426
-7.6926,53.28823,2021/11/11 00:00:00+00,Thu 11 Nov 2021,1394,1127,2,3638720,3571503,240945,3879665,3812448,80.8513001615707,79.4505137939435,427
-7.6926,53.28823,2022/09/25 23:00:00+00,Mon 26 Sep 2022,24,10,0,3859669,3814111,241124,4100793,4055235,85.4595553336352,84.5101373986432,428
-7.6926,53.28823,2022/06/13 23:00:00+00,Tue 14 Jun 2022,37,55,0,3853405,3805503,241113,4094518,4046616,85.3287858191246,84.3305194790309,429
-7.6926,53.28823,2021/11/12 00:00:00+00,Fri 12 Nov 2021,1143,1162,6,3639863,3572665,240951,3880814,3813616,80.8752450495663,79.4748546374413,430
-7.6926,53.28823,2022/06/14 23:00:00+00,Wed 15 Jun 2022,66,123,0,3853471,3805626,241113,4094584,4046739,85.3301612435003,84.333082769913,431
-7.6926,53.28823,2021/11/13 00:00:00+00,Sat 13 Nov 2021,1396,1386,0,3641259,3574051,240951,3882210,3815002,80.9043373590893,79.5037385493316,432
-7.6926,53.28823,2022/06/15 23:00:00+00,Thu 16 Jun 2022,42,85,0,3853513,3805711,241113,4094626,4046824,85.3310365135576,84.3348541497908,433
-7.6926,53.28823,2021/11/14 00:00:00+00,Sun 14 Nov 2021,1646,1808,1,3642905,3575859,240952,3883857,3816811,80.9386604491928,79.5414376810845,434
-7.6926,53.28823,2022/06/16 23:00:00+00,Fri 17 Jun 2022,58,95,0,3853571,3805806,241113,4094684,4046919,85.3322452198272,84.3368339273013,435
-7.6926,53.28823,2021/11/15 00:00:00+00,Mon 15 Nov 2021,1244,598,1,3644149,3576457,240953,3885102,3817410,80.9646059544622,79.5539206992824,436
-7.6926,53.28823,2022/06/17 23:00:00+00,Sat 18 Jun 2022,223,488,0,3853794,3806294,241113,4094907,4047407,85.3368924870361,84.3470037317764,437
-7.6926,53.28823,2021/11/16 00:00:00+00,Tue 16 Nov 2021,1316,1082,5,3645465,3577539,240958,3886423,3818497,80.99213528174,79.5765735219554,438
-7.6926,53.28823,2022/06/18 23:00:00+00,Sun 19 Jun 2022,80,129,0,3853874,3806423,241113,4094987,4047536,85.3385596680976,84.3496920612381,439
-7.6926,53.28823,2021/11/17 00:00:00+00,Wed 17 Nov 2021,1503,1124,3,3646968,3578663,240961,3887929,3819624,81.0235199652226,79.6000599351592,440
-7.6926,53.28823,2022/06/19 23:00:00+00,Mon 20 Jun 2022,9,28,0,3853883,3806451,241113,4094996,4047564,85.338747225967,84.3502755746096,441
-7.6926,53.28823,2021/11/18 00:00:00+00,Thu 18 Nov 2021,1640,2515,5,3648608,3581178,240966,3889574,3822144,81.0578013757995,79.6525761385961,442
-7.6926,53.28823,2022/06/20 23:00:00+00,Tue 21 Jun 2022,74,169,1,3853957,3806620,241114,4095071,4047734,85.3403102082122,84.3538183343652,443
-7.6926,53.28823,2021/11/19 00:00:00+00,Fri 19 Nov 2021,1166,1565,0,3649774,3582743,240966,3890740,3823709,81.0821005397707,79.6851903681115,444
-7.6926,53.28823,2022/06/21 23:00:00+00,Wed 22 Jun 2022,60,94,0,3854017,3806714,241114,4095131,4047828,85.3415605940083,84.3557772721125,445
-7.6926,53.28823,2021/11/20 00:00:00+00,Sat 20 Nov 2021,1547,2950,12,3651321,3585693,240978,3892299,3826671,81.1145897307065,79.7469177469132,446
-7.6926,53.28823,2022/06/22 23:00:00+00,Thu 23 Jun 2022,64,113,0,3854081,3806827,241114,4095195,4047941,85.3428943388575,84.3581321653619,447
-7.6926,53.28823,2021/11/21 00:00:00+00,Sun 21 Nov 2021,1789,2771,0,3653110,3588464,240978,3894088,3829442,81.1518720671941,79.8046647309305,448
-7.6926,53.28823,2022/06/23 23:00:00+00,Fri 24 Jun 2022,55,93,1,3854136,3806920,241115,4095251,4048035,85.3440613656005,84.3600911031091,449
-7.6926,53.28823,2021/11/22 00:00:00+00,Mon 22 Nov 2021,725,521,3,3653835,3588985,240981,3894816,3829966,81.1670434148536,79.8155847668833,450
-7.6926,53.28823,2022/06/24 23:00:00+00,Sat 25 Jun 2022,210,293,0,3854346,3807213,241115,4095461,4048328,85.3484377158869,84.3661971537468,451
-7.6926,53.28823,2021/11/23 00:00:00+00,Tue 23 Nov 2021,2156,1600,8,3655991,3590585,240989,3896980,3831574,81.2121406625669,79.8490951062192,452
-7.6926,53.28823,2021/11/24 00:00:00+00,Wed 24 Nov 2021,1615,3153,2,3657606,3593738,240991,3898597,3834729,81.2458385597723,79.9148445593317,453
-7.6926,53.28823,2021/11/25 00:00:00+00,Thu 25 Nov 2021,982,1190,2,3658588,3594928,240993,3899581,3835921,81.2663448868286,79.9396855571479,454
-7.6926,53.28823,2021/11/26 00:00:00+00,Fri 26 Nov 2021,1279,1115,12,3659867,3596043,241005,3900872,3837048,81.2932490212084,79.9631719703517,455
-7.6926,53.28823,2021/11/27 00:00:00+00,Sat 27 Nov 2021,1200,1566,6,3661067,3597609,241011,3902078,3838620,81.3183817757104,79.99593207821,456
-7.6926,53.28823,2021/11/28 00:00:00+00,Sun 28 Nov 2021,1961,2263,1,3663028,3599872,241012,3904040,3840884,81.3592693912434,80.0431133022501,457
-7.6926,53.28823,2021/11/29 00:00:00+00,Mon 29 Nov 2021,536,1004,2,3663564,3600876,241014,3904578,3841890,81.3704811838819,80.0640781040984,458
-7.6926,53.28823,2021/11/30 00:00:00+00,Tue 30 Nov 2021,1896,1650,6,3665460,3602526,241020,3906480,3843546,81.4101184136189,80.0985887520712,459
-7.6926,53.28823,2021/12/01 00:00:00+00,Wed 01 Dec 2021,1073,1392,4,3666533,3603918,241024,3907557,3844942,81.4325628386592,80.1276810615942,460
-7.6926,53.28823,2021/12/02 00:00:00+00,Thu 02 Dec 2021,1737,1416,0,3668270,3605334,241024,3909294,3846358,81.4687615074568,80.1571901663826,461
-7.6926,53.28823,2021/12/03 00:00:00+00,Fri 03 Dec 2021,1016,1200,2,3669286,3606534,241026,3910312,3847560,81.4899763864642,80.1822395618315,462
-7.6926,53.28823,2021/12/04 00:00:00+00,Sat 04 Dec 2021,1204,1703,2,3670490,3608237,241028,3911518,3849265,81.5151091409662,80.2177713582045,463
-7.6926,53.28823,2021/12/05 00:00:00+00,Sun 05 Dec 2021,1349,1778,2,3671839,3610015,241030,3912869,3851045,81.5432636611421,80.2548661368226,464
-7.6926,53.28823,2021/12/06 00:00:00+00,Mon 06 Dec 2021,938,1306,0,3672777,3611321,241030,3913807,3852351,81.5628113590881,80.2820828676515,465
-7.6926,53.28823,2021/12/07 00:00:00+00,Tue 07 Dec 2021,485,750,2,3673262,3612071,241032,3914294,3853103,81.5729603237999,80.2977543696295,466
-7.6926,53.28823,2021/12/08 00:00:00+00,Wed 08 Dec 2021,797,1527,2,3674059,3613598,241034,3915093,3854632,81.5896112946515,80.3296183676672,467
-7.6926,53.28823,2021/12/09 00:00:00+00,Thu 09 Dec 2021,787,1213,1,3674846,3614811,241035,3915881,3855846,81.6060330281072,80.3549178402753,468
-7.6926,53.28823,2021/12/10 00:00:00+00,Fri 10 Dec 2021,894,1618,1,3675740,3616429,241036,3916776,3857465,81.6246846162326,80.3886574170072,469
-7.6926,53.28823,2021/12/11 00:00:00+00,Sat 11 Dec 2021,644,847,2,3676384,3617276,241038,3917422,3858314,81.6381471033042,80.4063503760223,470
-7.6926,53.28823,2021/12/12 00:00:00+00,Sun 12 Dec 2021,686,1193,0,3677070,3618469,241038,3918108,3859507,81.6524431809064,80.4312122136017,471
-7.6926,53.28823,2021/12/13 00:00:00+00,Mon 13 Dec 2021,724,1071,1,3677794,3619540,241039,3918833,3860579,81.6675520092762,80.4535524398257,472
-7.6926,53.28823,2021/12/14 00:00:00+00,Tue 14 Dec 2021,631,1204,3,3678425,3620744,241042,3919467,3861786,81.6807644191885,80.4787060340909,473
-7.6926,53.28823,2021/12/15 00:00:00+00,Wed 15 Dec 2021,792,1258,1,3679217,3622002,241043,3920260,3863045,81.6972903514605,80.5049432960461,474
-7.6926,53.28823,2021/12/16 00:00:00+00,Thu 16 Dec 2021,1049,1548,8,3680266,3623550,241051,3921317,3864601,81.7193179812355,80.5373699676921,475
-7.6926,53.28823,2021/12/17 00:00:00+00,Fri 17 Dec 2021,1198,2460,1,3681464,3626010,241052,3922516,3867062,81.7443048573945,80.5886566250962,476
-7.6926,53.28823,2021/12/18 00:00:00+00,Sat 18 Dec 2021,1251,1185,0,3682715,3627195,241052,3923767,3868247,81.7703754012436,80.6133517445695,477
-7.6926,53.28823,2021/12/19 00:00:00+00,Sun 19 Dec 2021,550,892,2,3683265,3628087,241054,3924319,3869141,81.7818789505679,80.6319824929317,478
-7.6926,53.28823,2021/12/20 00:00:00+00,Mon 20 Dec 2021,516,621,1,3683781,3628708,241055,3924836,3869763,81.7926531081777,80.6449448256848,479
-7.6926,53.28823,2021/12/21 00:00:00+00,Tue 21 Dec 2021,1407,1822,3,3685188,3630530,241058,3926246,3871588,81.8220371743865,80.68297739365,480
-7.6926,53.28823,2021/12/22 00:00:00+00,Wed 22 Dec 2021,1165,1602,2,3686353,3632132,241060,3927413,3873192,81.846357178121,80.7164043739329,481
-7.6926,53.28823,2021/12/23 00:00:00+00,Thu 23 Dec 2021,930,1400,0,3687283,3633532,241060,3928343,3874592,81.8657381579608,80.7455800425089,482
-7.6926,53.28823,2021/12/24 00:00:00+00,Fri 24 Dec 2021,101,164,0,3687384,3633696,241060,3928444,3874756,81.867842974051,80.748997763685,483
-7.6926,53.28823,2021/12/25 00:00:00+00,Sat 25 Dec 2021,1,6,0,3687385,3633702,241060,3928445,3874762,81.8678638138142,80.7491228022646,484
-7.6926,53.28823,2021/12/26 00:00:00+00,Sun 26 Dec 2021,12,13,0,3687397,3633715,241060,3928457,3874775,81.8681138909734,80.7493937191871,485
-7.6926,53.28823,2021/12/27 00:00:00+00,Mon 27 Dec 2021,391,590,0,3687788,3634305,241060,3928848,3875365,81.8762622384115,80.7616891795156,486
-7.6926,53.28823,2021/12/28 00:00:00+00,Tue 28 Dec 2021,468,750,0,3688256,3635055,241060,3929316,3876115,81.8860152476212,80.7773190019671,487
-7.6926,53.28823,2021/12/29 00:00:00+00,Wed 29 Dec 2021,1058,1313,0,3689314,3636368,241060,3930374,3877428,81.9080637171594,80.8046816111388,488
-7.6926,53.28823,2021/12/30 00:00:00+00,Thu 30 Dec 2021,1051,1199,1,3690365,3637567,241061,3931426,3878628,81.929987148118,80.8296893270611,489
-7.6926,53.28823,2021/12/31 00:00:00+00,Fri 31 Dec 2021,713,1682,0,3691078,3639249,241061,3932139,3880310,81.9448458993285,80.8647418088789,490
-7.6926,53.28823,2022/01/01 00:00:00+00,Sat 01 Jan 2022,70,100,0,3691148,3639349,241061,3932209,3880410,81.9463046827573,80.8668257852058,491
-7.6926,53.28823,2022/01/02 00:00:00+00,Sun 02 Jan 2022,271,629,0,3691419,3639978,241061,3932480,3881039,81.9519522586031,80.8799339963018,492
-7.6926,53.28823,2022/01/03 00:00:00+00,Mon 03 Jan 2022,3632,729,1,3695051,3640707,241062,3936113,3881769,82.027663118558,80.8951470234879,493
-7.6926,53.28823,2022/01/04 00:00:00+00,Tue 04 Jan 2022,1188,785,1,3696239,3641492,241063,3937302,3882555,82.0524415970844,80.911527077417,494
-7.6926,53.28823,2022/01/05 00:00:00+00,Wed 05 Jan 2022,2139,913,0,3698378,3642405,241063,3939441,3883468,82.097017850716,80.9305537812813,495
-7.6926,53.28823,2022/01/06 00:00:00+00,Thu 06 Jan 2022,2455,1700,1,3700833,3644105,241064,3941897,3885169,82.1482003093038,80.9660022186012,496
-7.6926,53.28823,2022/01/07 00:00:00+00,Fri 07 Jan 2022,4854,783,2,3705687,3644888,241066,3946753,3885954,82.2493981997362,80.9823614327671,497
-7.6926,53.28823,2022/01/08 00:00:00+00,Sat 08 Jan 2022,9789,745,2,3715476,3645633,241068,3956544,3886701,82.4534403218993,80.9979287359287,498
-7.6926,53.28823,2022/01/09 00:00:00+00,Sun 09 Jan 2022,7116,667,0,3722592,3646300,241068,3963660,3887368,82.6017360773189,81.0118288580289,499
-7.6926,53.28823,2022/01/10 00:00:00+00,Mon 10 Jan 2022,6664,510,1,3729256,3646810,241069,3970325,3887879,82.7406330995043,81.0224779770592,500
-7.6926,53.28823,2022/01/11 00:00:00+00,Tue 11 Jan 2022,4779,1372,1,3734035,3648182,241070,3975105,3889252,82.8402471679283,81.051090972027,501
-7.6926,53.28823,2022/01/12 00:00:00+00,Wed 12 Jan 2022,7560,927,1,3741595,3649109,241071,3982666,3890180,82.9978166180023,81.0704302723403,502
-7.6926,53.28823,2022/01/13 00:00:00+00,Thu 13 Jan 2022,7321,817,0,3748916,3649926,241071,3989987,3890997,83.1503845248919,81.0874563589307,503
-7.6926,53.28823,2022/01/14 00:00:00+00,Fri 14 Jan 2022,10723,837,0,3759639,3650763,241071,4000710,3891834,83.3738493064214,81.1048992407866,504
-7.6926,53.28823,2022/01/15 00:00:00+00,Sat 15 Jan 2022,8363,652,2,3768002,3651415,241073,4009075,3892488,83.5481739261635,81.1185284459643,505
-7.6926,53.28823,2022/01/16 00:00:00+00,Sun 16 Jan 2022,6965,1216,1,3774967,3652631,241074,4016041,3893705,83.6933437170927,81.1438904378622,506
-7.6926,53.28823,2022/01/17 00:00:00+00,Mon 17 Jan 2022,2562,562,0,3777529,3653193,241074,4018603,3894267,83.7467351905869,81.1556023848191,507
-7.6926,53.28823,2022/01/18 00:00:00+00,Tue 18 Jan 2022,4056,453,3,3781585,3653646,241077,4022662,3894723,83.8313237896943,81.1651053168696,508
-7.6926,53.28823,2022/01/19 00:00:00+00,Wed 19 Jan 2022,3487,623,0,3785072,3654269,241077,4026149,3895346,83.903992044212,81.178088489386,509
-7.6926,53.28823,2022/01/20 00:00:00+00,Thu 20 Jan 2022,3699,938,0,3788771,3655207,241077,4029848,3896284,83.9810783285426,81.197636187332,510
-7.6926,53.28823,2022/01/21 00:00:00+00,Fri 21 Jan 2022,3252,977,0,3792023,3656184,241077,4033100,3897261,84.0488492386922,81.2179966360454,511
-7.6926,53.28823,2022/01/22 00:00:00+00,Sat 22 Jan 2022,4272,644,0,3796295,3656828,241077,4037372,3897905,84.1378767073758,81.2314174435904,512
-7.6926,53.28823,2022/01/23 00:00:00+00,Sun 23 Jan 2022,3094,680,0,3799389,3657508,241077,4040466,3898585,84.2023549349289,81.2455884826131,513
-7.6926,53.28823,2022/01/24 00:00:00+00,Mon 24 Jan 2022,646,468,0,3800035,3657976,241077,4041112,3899053,84.2158174220004,81.2553414918228,514
-7.6926,53.28823,2022/01/25 00:00:00+00,Tue 25 Jan 2022,692,1837,1,3800727,3659813,241078,4041805,3900891,84.2302593779456,81.2936449767105,515
-7.6926,53.28823,2022/01/26 00:00:00+00,Wed 26 Jan 2022,700,898,0,3801427,3660711,241078,4042505,3901789,84.2448472122336,81.3123590841257,516
-7.6926,53.28823,2022/01/27 00:00:00+00,Thu 27 Jan 2022,1276,1178,0,3802703,3661889,241078,4043781,3902967,84.2714387501644,81.3369083252562,517
-7.6926,53.28823,2022/01/28 00:00:00+00,Fri 28 Jan 2022,1029,3095,1,3803732,3664984,241079,4044811,3906063,84.2929037063311,81.4014282323358,518
-7.6926,53.28823,2022/01/29 00:00:00+00,Sat 29 Jan 2022,2329,3446,0,3806061,3668430,241079,4047140,3909509,84.3414395149837,81.4732420565595,519
-7.6926,53.28823,2022/01/30 00:00:00+00,Sun 30 Jan 2022,1639,7538,0,3807700,3675968,241079,4048779,3917047,84.375595886981,81.6303321920784,520
-7.6926,53.28823,2022/01/31 00:00:00+00,Mon 31 Jan 2022,482,1396,0,3808182,3677364,241079,4049261,3918443,84.3856406528764,81.6594245016014,521
-7.6926,53.28823,2022/02/01 00:00:00+00,Tue 01 Feb 2022,750,3420,1,3808932,3680784,241080,4050012,3921864,84.4012913150912,81.7307173317434,522
-7.6926,53.28823,2022/02/02 00:00:00+00,Wed 02 Feb 2022,653,2998,0,3809585,3683782,241080,4050665,3924862,84.4148996805056,81.7931949420227,523
-7.6926,53.28823,2022/02/03 00:00:00+00,Thu 03 Feb 2022,908,2436,1,3810493,3686218,241081,4051574,3927299,84.4338430253168,81.8439814451084,524
-7.6926,53.28823,2022/02/04 00:00:00+00,Fri 04 Feb 2022,1173,6523,0,3811666,3692741,241081,4052747,3933822,84.4582880676309,81.9799192209096,525
-7.6926,53.28823,2022/02/05 00:00:00+00,Sat 05 Feb 2022,1777,5750,0,3813443,3698491,241081,4054524,3939572,84.4953203269592,82.0997478597042,526
-7.6926,53.28823,2022/02/06 00:00:00+00,Sun 06 Feb 2022,1407,7556,0,3814850,3706047,241081,4055931,3947128,84.5246418738782,82.2572131109619,527
-7.6926,53.28823,2022/02/07 00:00:00+00,Mon 07 Feb 2022,439,1351,0,3815289,3707398,241081,4056370,3948479,84.5337905299531,82.2853676311379,528
-7.6926,53.28823,2022/02/08 00:00:00+00,Tue 08 Feb 2022,899,1238,0,3816188,3708636,241081,4057269,3949717,84.5525254771316,82.3111672580644,529
-7.6926,53.28823,2022/02/09 00:00:00+00,Wed 09 Feb 2022,1335,1784,0,3817523,3710420,241081,4058604,3951501,84.5803465610952,82.3483453957356,530
-7.6926,53.28823,2022/02/10 00:00:00+00,Thu 10 Feb 2022,687,2554,0,3818210,3712974,241081,4059291,3954055,84.5946634784607,82.4015701511237,531
-7.6926,53.28823,2022/02/11 00:00:00+00,Fri 11 Feb 2022,546,4922,0,3818756,3717896,241081,4059837,3958977,84.6060419892054,82.5041434659319,532
-7.6926,53.28823,2022/02/12 00:00:00+00,Sat 12 Feb 2022,1397,5462,0,3820153,3723358,241081,4061234,3964439,84.6351551384917,82.6179702529051,533
-7.6926,53.28823,2022/02/13 00:00:00+00,Sun 13 Feb 2022,1566,4706,0,3821719,3728064,241081,4062800,3969145,84.6677902077704,82.7160421788473,534
-7.6926,53.28823,2022/02/14 00:00:00+00,Mon 14 Feb 2022,175,954,0,3821894,3729018,241081,4062975,3970099,84.6714371663424,82.7359233130055,535
-7.6926,53.28823,2022/02/15 00:00:00+00,Tue 15 Feb 2022,650,817,1,3822544,3729835,241082,4063626,3970917,84.6850038522302,82.7529702393593,536
-7.6926,53.28823,2022/02/16 00:00:00+00,Wed 16 Feb 2022,798,1787,0,3823342,3731622,241082,4064424,3972704,84.7016339833186,82.7902108963203,537
-7.6926,53.28823,2022/02/17 00:00:00+00,Thu 17 Feb 2022,791,1194,2,3824133,3732816,241084,4065217,3973900,84.7181599155906,82.8151352531896,538
-7.6926,53.28823,2022/02/18 00:00:00+00,Fri 18 Feb 2022,792,3295,0,3824925,3736111,241084,4066009,3977195,84.7346650080994,82.8838022731597,539
-7.6926,53.28823,2022/02/19 00:00:00+00,Sat 19 Feb 2022,980,3556,0,3825905,3739667,241084,4066989,3980751,84.7550879761026,82.9579084713429,540
-7.6926,53.28823,2022/02/20 00:00:00+00,Sun 20 Feb 2022,1365,3588,0,3827270,3743255,241084,4068354,3984339,84.7835342529643,83.0326815419508,541
-7.6926,53.28823,2022/02/21 00:00:00+00,Mon 21 Feb 2022,254,996,1,3827524,3744251,241085,4068609,3985336,84.7888483925978,83.0534587859296,542
-7.6926,53.28823,2022/02/22 00:00:00+00,Tue 22 Feb 2022,475,983,1,3827999,3745234,241086,4069085,3986320,84.7987681199137,83.0739651129859,543
-7.6926,53.28823,2022/02/23 00:00:00+00,Wed 23 Feb 2022,829,1273,1,3828828,3746507,241087,4069915,3987594,84.8160651234266,83.1005149713901,544
-7.6926,53.28823,2022/02/24 00:00:00+00,Thu 24 Feb 2022,653,1236,0,3829481,3747743,241087,4070568,3988830,84.829673488841,83.1262729187901,545
-7.6926,53.28823,2022/09/26 23:00:00+00,Tue 27 Sep 2022,30,33,2,3859699,3814144,241126,4100825,4055270,85.4602222060598,84.5108667903576,546
-7.6926,53.28823,2022/06/25 23:00:00+00,Sun 26 Jun 2022,174,402,0,3854520,3807615,241115,4095635,4048730,85.3520638346957,84.3745747385808,547
-7.6926,53.28823,2022/06/26 23:00:00+00,Mon 27 Jun 2022,5,34,0,3854525,3807649,241115,4095640,4048764,85.352168033512,84.3752832905319,548
-7.6926,53.28823,2022/06/27 23:00:00+00,Tue 28 Jun 2022,49,60,0,3854574,3807709,241115,4095689,4048824,85.3531891819122,84.3765336763281,549
-7.6926,53.28823,2022/06/28 23:00:00+00,Wed 29 Jun 2022,63,81,3,3854637,3807790,241118,4095755,4048908,85.3545646062879,84.3782842164426,550
-7.6926,53.28823,2022/06/29 23:00:00+00,Thu 30 Jun 2022,49,88,0,3854686,3807878,241118,4095804,4048996,85.3555857546881,84.3801181156103,551
-7.6926,53.28823,2022/06/30 23:00:00+00,Fri 01 Jul 2022,46,64,0,3854732,3807942,241118,4095850,4049060,85.3565443837984,84.3814518604594,552
-7.6926,53.28823,2022/07/01 23:00:00+00,Sat 02 Jul 2022,182,228,0,3854914,3808170,241118,4096032,4049288,85.3603372207133,84.3862033264847,553
-7.6926,53.28823,2022/07/02 23:00:00+00,Sun 03 Jul 2022,108,273,0,3855022,3808443,241118,4096140,4049561,85.3625879151463,84.391892581857,554
-7.6926,53.28823,2022/07/03 23:00:00+00,Mon 04 Jul 2022,14,15,0,3855036,3808458,241118,4096154,4049576,85.3628796718321,84.3922051783061,555
-7.6926,53.28823,2022/07/04 23:00:00+00,Tue 05 Jul 2022,51,70,0,3855087,3808528,241118,4096205,4049646,85.3639424997588,84.3936639617349,556
-7.6926,53.28823,2022/07/05 23:00:00+00,Wed 06 Jul 2022,60,83,0,3855147,3808611,241118,4096265,4049729,85.3651928855549,84.3953936620862,557
-7.6926,53.28823,2022/07/06 23:00:00+00,Thu 07 Jul 2022,77,77,0,3855224,3808688,241118,4096342,4049806,85.3667975473266,84.3969983238578,558
-7.6926,53.28823,2022/07/07 23:00:00+00,Fri 08 Jul 2022,99,90,0,3855323,3808778,241118,4096441,4049896,85.3688606838902,84.398873902552,559
-7.6926,53.28823,2022/07/08 23:00:00+00,Sat 09 Jul 2022,119,143,0,3855442,3808921,241118,4096560,4050039,85.3713406157191,84.4018539886994,560
-7.6926,53.28823,2022/07/09 23:00:00+00,Sun 10 Jul 2022,133,219,0,3855575,3809140,241118,4096693,4050258,85.3741123042339,84.4064178968553,561
-7.6926,53.28823,2022/07/10 23:00:00+00,Mon 11 Jul 2022,11,16,0,3855586,3809156,241118,4096704,4050274,85.3743415416298,84.4067513330675,562
-7.6926,53.28823,2022/07/11 23:00:00+00,Tue 12 Jul 2022,44,81,0,3855630,3809237,241118,4096748,4050355,85.3752584912136,84.4084393538923,563
-7.6926,53.28823,2022/07/12 23:00:00+00,Wed 13 Jul 2022,99,74,0,3855729,3809311,241118,4096847,4050429,85.3773216277772,84.4099814963742,564
-7.6926,53.28823,2022/07/13 23:00:00+00,Thu 14 Jul 2022,72,39,0,3855801,3809350,241118,4096919,4050468,85.3788220907326,84.4107942471417,565
-7.6926,53.28823,2022/07/14 23:00:00+00,Fri 15 Jul 2022,80,118,1,3855881,3809468,241119,4097000,4050587,85.3805101115573,84.4132741789706,566
-7.6926,53.28823,2022/07/15 23:00:00+00,Sat 16 Jul 2022,124,209,0,3856005,3809677,241119,4097124,4050796,85.3830942422026,84.4176296894938,567
-7.6926,53.28823,2022/07/16 23:00:00+00,Sun 17 Jul 2022,119,165,0,3856124,3809842,241119,4097243,4050961,85.3855741740316,84.4210682504331,568
-7.6926,53.28823,2022/07/17 23:00:00+00,Mon 18 Jul 2022,14,18,0,3856138,3809860,241119,4097257,4050979,85.3858659307174,84.4214433661719,569
-7.6926,53.28823,2022/07/18 23:00:00+00,Tue 19 Jul 2022,30,33,0,3856168,3809893,241119,4097287,4051012,85.3864911236154,84.4221310783598,570
-7.6926,53.28823,2022/07/19 23:00:00+00,Wed 20 Jul 2022,78,66,0,3856246,3809959,241119,4097365,4051078,85.3881166251504,84.4235065027355,571
-7.6926,53.28823,2022/07/20 23:00:00+00,Thu 21 Jul 2022,52,30,0,3856298,3809989,241119,4097417,4051108,85.3892002928404,84.4241316956336,572
-7.6926,53.28823,2022/07/21 23:00:00+00,Fri 22 Jul 2022,75,70,0,3856373,3810059,241119,4097492,4051178,85.3907632750855,84.4255904790624,573
-7.6926,53.28823,2022/07/22 23:00:00+00,Sat 23 Jul 2022,99,175,0,3856472,3810234,241119,4097591,4051353,85.3928264116491,84.4292374376344,574
-7.6926,53.28823,2022/07/23 23:00:00+00,Sun 24 Jul 2022,108,231,0,3856580,3810465,241119,4097699,4051584,85.3950771060821,84.4340514229495,575
-7.6926,53.28823,2022/07/24 23:00:00+00,Mon 25 Jul 2022,14,23,0,3856594,3810488,241119,4097713,4051607,85.3953688627679,84.4345307375046,576
-7.6926,53.28823,2022/07/25 23:00:00+00,Tue 26 Jul 2022,18,16,0,3856612,3810504,241119,4097731,4051623,85.3957439785067,84.4348641737169,577
-7.6926,53.28823,2022/07/26 23:00:00+00,Wed 27 Jul 2022,61,72,1,3856673,3810576,241120,4097793,4051696,85.3970360438294,84.4363854764355,578
-7.6926,53.28823,2022/07/27 23:00:00+00,Thu 28 Jul 2022,49,71,0,3856722,3810647,241120,4097842,4051767,85.3980571922295,84.4378650996276,579
-7.6926,53.28823,2022/07/28 23:00:00+00,Fri 29 Jul 2022,71,105,0,3856793,3810752,241120,4097913,4051872,85.3995368154216,84.4400532747708,580
-7.6926,53.28823,2022/07/29 23:00:00+00,Sat 30 Jul 2022,100,119,0,3856893,3810871,241120,4098013,4051991,85.4016207917485,84.4425332065998,581
-7.6926,53.28823,2022/07/30 23:00:00+00,Sun 31 Jul 2022,32,57,0,3856925,3810928,241120,4098045,4052048,85.402287664173,84.4437210731061,582
-7.6926,53.28823,2022/07/31 23:00:00+00,Mon 01 Aug 2022,10,15,0,3856935,3810943,241120,4098055,4052063,85.4024960618057,84.4440336695551,583
-7.6926,53.28823,2022/08/01 23:00:00+00,Tue 02 Aug 2022,36,29,0,3856971,3810972,241120,4098091,4052092,85.4032462932834,84.4446380226899,584
-7.6926,53.28823,2022/08/02 23:00:00+00,Wed 03 Aug 2022,93,139,0,3857064,3811111,241120,4098184,4052231,85.4051843912674,84.4475347497843,585
-7.6926,53.28823,2022/08/03 23:00:00+00,Thu 04 Aug 2022,45,52,0,3857109,3811163,241120,4098229,4052283,85.4061221806145,84.4486184174742,586
-7.6926,53.28823,2022/08/04 23:00:00+00,Fri 05 Aug 2022,96,91,0,3857205,3811254,241120,4098325,4052374,85.4081227978883,84.4505148359317,587
-7.6926,53.28823,2022/08/05 23:00:00+00,Sat 06 Aug 2022,74,130,0,3857279,3811384,241120,4098399,4052504,85.4096649403701,84.4532240051566,588
-7.6926,53.28823,2022/08/06 23:00:00+00,Sun 07 Aug 2022,28,80,0,3857307,3811464,241120,4098427,4052584,85.4102484537417,84.4548911862181,589
-7.6926,53.28823,2022/08/07 23:00:00+00,Mon 08 Aug 2022,11,15,0,3857318,3811479,241120,4098438,4052599,85.4104776911376,84.4552037826671,590
-7.6926,53.28823,2022/08/08 23:00:00+00,Tue 09 Aug 2022,47,42,0,3857365,3811521,241120,4098485,4052641,85.4114571600113,84.4560790527244,591
-7.6926,53.28823,2022/08/09 23:00:00+00,Wed 10 Aug 2022,55,94,1,3857420,3811615,241121,4098541,4052736,85.4126241867543,84.4580588302349,592
-7.6926,53.28823,2022/08/10 23:00:00+00,Thu 11 Aug 2022,45,41,0,3857465,3811656,241121,4098586,4052777,85.4135619761014,84.4589132605289,593
-7.6926,53.28823,2022/08/11 23:00:00+00,Fri 12 Aug 2022,70,75,0,3857535,3811731,241121,4098656,4052852,85.4150207595302,84.4604762427741,594
-7.6926,53.28823,2022/08/12 23:00:00+00,Sat 13 Aug 2022,103,151,0,3857638,3811882,241121,4098759,4053003,85.4171672551469,84.4636230470276,595
-7.6926,53.28823,2022/08/13 23:00:00+00,Sun 14 Aug 2022,17,26,0,3857655,3811908,241121,4098776,4053029,85.4175215311224,84.4641648808726,596
-7.6926,53.28823,2022/08/14 23:00:00+00,Mon 15 Aug 2022,7,11,0,3857662,3811919,241121,4098783,4053040,85.4176674094653,84.4643941182686,597
-7.6926,53.28823,2022/08/15 23:00:00+00,Tue 16 Aug 2022,41,28,0,3857703,3811947,241121,4098824,4053068,85.4185218397593,84.4649776316401,598
-7.6926,53.28823,2022/08/16 23:00:00+00,Wed 17 Aug 2022,51,58,0,3857754,3812005,241121,4098875,4053126,85.419584667686,84.4661863379097,599
-7.6926,53.28823,2022/08/17 23:00:00+00,Thu 18 Aug 2022,55,39,0,3857809,3812044,241121,4098930,4053165,85.4207308546658,84.4669990886772,600
-7.6926,53.28823,2022/08/18 23:00:00+00,Fri 19 Aug 2022,74,56,0,3857883,3812100,241121,4099004,4053221,85.4222729971477,84.4681661154202,601
-7.6926,53.28823,2022/08/19 23:00:00+00,Sat 20 Aug 2022,109,127,0,3857992,3812227,241121,4099113,4053348,85.4245445313439,84.4708127653553,602
-7.6926,53.28823,2022/08/20 23:00:00+00,Sun 21 Aug 2022,39,36,0,3858031,3812263,241121,4099152,4053384,85.4253572821114,84.471562996833,603
-7.6926,53.28823,2022/08/21 23:00:00+00,Mon 22 Aug 2022,12,13,0,3858043,3812276,241121,4099164,4053397,85.4256073592706,84.4718339137555,604
-7.6926,53.28823,2022/08/22 23:00:00+00,Tue 23 Aug 2022,78,72,0,3858121,3812348,241121,4099242,4053469,85.4272328608056,84.4733343767108,605
-7.6926,53.28823,2022/08/23 23:00:00+00,Wed 24 Aug 2022,53,56,0,3858174,3812404,241121,4099295,4053525,85.4283373682588,84.4745014034539,606
-7.6926,53.28823,2022/08/24 23:00:00+00,Thu 25 Aug 2022,42,49,0,3858216,3812453,241121,4099337,4053574,85.4292126383161,84.475522551854,607
-7.6926,53.28823,2022/08/25 23:00:00+00,Fri 26 Aug 2022,99,90,0,3858315,3812543,241121,4099436,4053664,85.4312757748797,84.4773981305482,608
-7.6926,53.28823,2022/08/26 23:00:00+00,Sat 27 Aug 2022,86,119,0,3858401,3812662,241121,4099522,4053783,85.4330679945208,84.4798780623772,609
-7.6926,53.28823,2022/08/27 23:00:00+00,Sun 28 Aug 2022,44,21,0,3858445,3812683,241121,4099566,4053804,85.4339849441046,84.4803156974058,610
-7.6926,53.28823,2022/08/28 23:00:00+00,Mon 29 Aug 2022,13,12,0,3858458,3812695,241121,4099579,4053816,85.4342558610271,84.480565774565,611
-7.6926,53.28823,2022/08/29 23:00:00+00,Tue 30 Aug 2022,41,44,1,3858499,3812739,241122,4099621,4053861,85.4351311310844,84.4815035639121,612
-7.6926,53.28823,2022/08/30 23:00:00+00,Wed 31 Aug 2022,28,29,0,3858527,3812768,241122,4099649,4053890,85.4357146444559,84.4821079170469,613
-7.6926,53.28823,2022/08/31 23:00:00+00,Thu 01 Sep 2022,33,30,0,3858560,3812798,241122,4099682,4053920,85.4364023566438,84.482733109945,614
-7.6926,53.28823,2022/09/01 23:00:00+00,Fri 02 Sep 2022,48,51,0,3858608,3812849,241122,4099730,4053971,85.4374026652807,84.4837959378717,615
-7.6926,53.28823,2022/09/02 23:00:00+00,Sat 03 Sep 2022,73,101,0,3858681,3812950,241122,4099803,4054072,85.4389239679993,84.4859007539618,616
-7.6926,53.28823,2022/09/03 23:00:00+00,Sun 04 Sep 2022,58,82,0,3858739,3813032,241122,4099861,4054154,85.4401326742689,84.4876096145498,617
-7.6926,53.28823,2022/09/04 23:00:00+00,Mon 05 Sep 2022,9,5,0,3858748,3813037,241122,4099870,4054159,85.4403202321383,84.4877138133662,618
-7.6926,53.28823,2022/09/05 23:00:00+00,Tue 06 Sep 2022,42,22,0,3858790,3813059,241122,4099912,4054181,85.4411955021956,84.4881722881581,619
-7.6926,53.28823,2022/09/06 23:00:00+00,Wed 07 Sep 2022,49,42,0,3858839,3813101,241122,4099961,4054223,85.4422166505957,84.4890475582154,620
-7.6926,53.28823,2022/09/07 23:00:00+00,Thu 08 Sep 2022,39,50,2,3858878,3813151,241124,4100002,4054275,85.4430710808898,84.4901312259053,621
-7.6926,53.28823,2022/09/08 23:00:00+00,Fri 09 Sep 2022,63,61,0,3858941,3813212,241124,4100065,4054336,85.4443839859757,84.4914024514647,622
-7.6926,53.28823,2022/09/09 23:00:00+00,Sat 10 Sep 2022,94,135,0,3859035,3813347,241124,4100159,4054471,85.4463429237229,84.494215819506,623
-7.6926,53.28823,2022/09/10 23:00:00+00,Sun 11 Sep 2022,58,58,0,3859093,3813405,241124,4100217,4054529,85.4475516299925,84.4954245257755,624
-7.6926,53.28823,2022/09/11 23:00:00+00,Mon 12 Sep 2022,13,13,0,3859106,3813418,241124,4100230,4054542,85.447822546915,84.4956954426981,625
-7.6926,53.28823,2022/09/12 23:00:00+00,Tue 13 Sep 2022,29,25,0,3859135,3813443,241124,4100259,4054567,85.4484269000498,84.4962164367798,626
-7.6926,53.28823,2022/09/13 23:00:00+00,Wed 14 Sep 2022,35,33,0,3859170,3813476,241124,4100294,4054600,85.4491562917642,84.4969041489676,627
-7.6926,53.28823,2022/09/14 23:00:00+00,Thu 15 Sep 2022,51,36,0,3859221,3813512,241124,4100345,4054636,85.4502191196909,84.4976543804453,628
-7.6926,53.28823,2022/09/15 23:00:00+00,Fri 16 Sep 2022,38,56,0,3859259,3813568,241124,4100383,4054692,85.4510110306951,84.4988214071883,629
-7.6926,53.28823,2022/09/16 23:00:00+00,Sat 17 Sep 2022,67,149,0,3859326,3813717,241124,4100450,4054841,85.4524072948341,84.5019265319154,630
-7.6926,53.28823,2022/09/17 23:00:00+00,Sun 18 Sep 2022,30,53,0,3859356,3813770,241124,4100480,4054894,85.4530324877321,84.5030310393686,631
-7.6926,53.28823,2022/09/18 23:00:00+00,Mon 19 Sep 2022,11,11,0,3859367,3813781,241124,4100491,4054905,85.4532617251281,84.5032602767646,632
-7.6926,53.28823,2022/09/19 23:00:00+00,Tue 20 Sep 2022,39,37,0,3859406,3813818,241124,4100530,4054942,85.4540744758956,84.5040313480055,633
-7.6926,53.28823,2022/09/20 23:00:00+00,Wed 21 Sep 2022,42,32,0,3859448,3813850,241124,4100572,4054974,85.4549497459529,84.5046982204301,634
-7.6926,53.28823,2022/09/21 23:00:00+00,Thu 22 Sep 2022,61,34,0,3859509,3813884,241124,4100633,4055008,85.4562209715123,84.5054067723812,635
-7.6926,53.28823,2022/09/22 23:00:00+00,Fri 23 Sep 2022,38,39,0,3859547,3813923,241124,4100671,4055047,85.4570128825165,84.5062195231487,636
-7.6926,53.28823,2022/09/23 23:00:00+00,Sat 24 Sep 2022,56,104,0,3859603,3814027,241124,4100727,4055151,85.4581799092595,84.5083868585286,637
-7.6926,53.28823,2022/09/24 23:00:00+00,Sun 25 Sep 2022,42,74,0,3859645,3814101,241124,4100769,4055225,85.4590551793168,84.5099290010105,638
-7.6926,53.28823,2022/09/27 23:00:00+00,Wed 28 Sep 2022,43,27,0,3859742,3814171,241126,4100868,4055297,85.4611183158804,84.5114294639659,639
-7.6926,53.28823,2022/09/28 23:00:00+00,Thu 29 Sep 2022,31,23,0,3859773,3814194,241126,4100899,4055320,85.4617643485417,84.511908778521,640
-7.6926,53.28823,2022/09/29 23:00:00+00,Fri 30 Sep 2022,39,58,0,3859812,3814252,241126,4100938,4055378,85.4625770993092,84.5131174847906,641
-7.6926,53.28823,2022/09/30 23:00:00+00,Sat 01 Oct 2022,52,105,0,3859864,3814357,241126,4100990,4055483,85.4636607669992,84.5153056599338,642
-7.6926,53.28823,2022/10/01 23:00:00+00,Sun 02 Oct 2022,26,47,0,3859890,3814404,241126,4101016,4055530,85.4642026008441,84.5162851288075,643
-7.6926,53.28823,2022/10/02 23:00:00+00,Mon 03 Oct 2022,22,1,0,3859912,3814405,241126,4101038,4055531,85.464661075636,84.5163059685707,644
-7.6926,53.28823,2022/10/03 23:00:00+00,Tue 04 Oct 2022,31,17,0,3859943,3814422,241126,4101069,4055548,85.4653071082974,84.5166602445463,645
-7.6926,53.28823,2022/10/04 23:00:00+00,Wed 05 Oct 2022,49,37,0,3859992,3814459,241126,4101118,4055585,85.4663282566975,84.5174313157872,646
-7.6926,53.28823,2022/10/05 23:00:00+00,Thu 06 Oct 2022,55,26,0,3860047,3814485,241126,4101173,4055611,85.4674744436773,84.5179731496322,647
-7.6926,53.28823,2022/10/06 23:00:00+00,Fri 07 Oct 2022,80,40,0,3860127,3814525,241126,4101253,4055651,85.4691416247388,84.518806740163,648
-7.6926,53.28823,2022/10/07 23:00:00+00,Sat 08 Oct 2022,100,102,0,3860227,3814627,241126,4101353,4055753,85.4712256010657,84.5209323960164,649
-7.6926,53.28823,2022/10/08 23:00:00+00,Sun 09 Oct 2022,37,29,0,3860264,3814656,241126,4101390,4055782,85.4719966723066,84.5215367491512,650
-7.6926,53.28823,2022/10/09 23:00:00+00,Mon 10 Oct 2022,19,3,0,3860283,3814659,241126,4101409,4055785,85.4723926278087,84.521599268441,651
-7.6926,53.28823,2022/10/10 23:00:00+00,Tue 11 Oct 2022,76,15,0,3860359,3814674,241126,4101485,4055800,85.4739764498171,84.52191186489,652
-7.6926,53.28823,2022/10/11 23:00:00+00,Wed 12 Oct 2022,55,36,0,3860414,3814710,241126,4101540,4055836,85.4751226367969,84.5226620963677,653
-7.6926,53.28823,2022/10/12 23:00:00+00,Thu 13 Oct 2022,80,29,0,3860494,3814739,241126,4101620,4055865,85.4767898178584,84.5232664495024,654
-7.6926,53.28823,2022/10/13 23:00:00+00,Fri 14 Oct 2022,120,21,0,3860614,3814760,241126,4101740,4055886,85.4792905894506,84.5237040845311,655
-7.6926,53.28823,2022/10/14 23:00:00+00,Sat 15 Oct 2022,98,120,0,3860712,3814880,241126,4101838,4056006,85.481332886251,84.5262048561233,656
-7.6926,53.28823,2022/10/15 23:00:00+00,Sun 16 Oct 2022,26,37,1,3860738,3814917,241127,4101865,4056044,85.4818955598592,84.5269967671275,657
-7.6926,53.28823,2022/10/16 23:00:00+00,Mon 17 Oct 2022,52,3,0,3860790,3814920,241127,4101917,4056047,85.4829792275492,84.5270592864173,658
-7.6926,53.28823,2022/10/17 23:00:00+00,Tue 18 Oct 2022,116,17,0,3860906,3814937,241127,4102033,4056064,85.4853966400883,84.5274135623929,659
-7.6926,53.28823,2022/10/18 23:00:00+00,Wed 19 Oct 2022,87,40,0,3860993,3814977,241127,4102120,4056104,85.4872096994927,84.5282471529236,660
-7.6926,53.28823,2022/10/19 23:00:00+00,Thu 20 Oct 2022,97,10,0,3861090,3814987,241127,4102217,4056114,85.4892311565298,84.5284555505563,661
-7.6926,53.28823,2022/10/20 23:00:00+00,Fri 21 Oct 2022,124,21,0,3861214,3815008,241127,4102341,4056135,85.4918152871751,84.528893185585,662
-7.6926,53.28823,2022/10/21 23:00:00+00,Sat 22 Oct 2022,94,58,0,3861308,3815066,241127,4102435,4056193,85.4937742249223,84.5301018918545,663
-7.6926,53.28823,2022/10/22 23:00:00+00,Sun 23 Oct 2022,80,48,0,3861388,3815114,241127,4102515,4056241,85.4954414059838,84.5311022004914,664
-7.6926,53.28823,2022/10/23 23:00:00+00,Mon 24 Oct 2022,65,4,0,3861453,3815118,241127,4102580,4056245,85.4967959905963,84.5311855595445,665
-7.6926,53.28823,2022/10/24 23:00:00+00,Tue 25 Oct 2022,75,28,0,3861528,3815146,241127,4102655,4056273,85.4983589728414,84.531769072916,666
-7.6926,53.28823,2022/10/25 23:00:00+00,Wed 26 Oct 2022,45,25,0,3861573,3815171,241127,4102700,4056298,85.4992967621885,84.5322900669977,667
-7.6926,53.28823,2022/10/26 23:00:00+00,Thu 27 Oct 2022,64,34,0,3861637,3815205,241127,4102764,4056332,85.5006305070377,84.5329986189489,668
-7.6926,53.28823,2022/10/27 23:00:00+00,Fri 28 Oct 2022,50,19,0,3861687,3815224,241127,4102814,4056351,85.5016724952011,84.533394574451,669
-7.6926,53.28823,2022/10/28 23:00:00+00,Sat 29 Oct 2022,88,64,0,3861775,3815288,241127,4102902,4056415,85.5035063943688,84.5347283193002,670
-7.6926,53.28823,2022/10/29 23:00:00+00,Sun 30 Oct 2022,11,6,0,3861786,3815294,241127,4102913,4056421,85.5037356317647,84.5348533578798,671
-7.6926,53.28823,2022/11/01 00:00:00+00,Tue 01 Nov 2022,96,25,0,3861882,3815319,241127,4103009,4056446,85.5057362490385,84.5353743519615,672
-7.6926,53.28823,2022/11/02 00:00:00+00,Wed 02 Nov 2022,109,12,0,3861991,3815331,241127,4103118,4056458,85.5080077832348,84.5356244291207,673
-7.6926,53.28823,2022/11/03 00:00:00+00,Thu 03 Nov 2022,91,28,0,3862082,3815359,241127,4103209,4056486,85.5099042016922,84.5362079424923,674
-7.6926,53.28823,2022/11/04 00:00:00+00,Fri 04 Nov 2022,61,22,0,3862143,3815381,241127,4103270,4056508,85.5111754272516,84.5366664172842,675
-7.6926,53.28823,2022/11/05 00:00:00+00,Sat 05 Nov 2022,46,54,0,3862189,3815435,241127,4103316,4056562,85.512134056362,84.5377917645007,676
-7.6926,53.28823,2022/11/06 00:00:00+00,Sun 06 Nov 2022,56,78,0,3862245,3815513,241127,4103372,4056640,85.513301083105,84.5394172660356,677
-7.6926,53.28823,2022/11/07 00:00:00+00,Mon 07 Nov 2022,43,3,0,3862288,3815516,241127,4103415,4056643,85.5141971929256,84.5394797853254,678
-7.6926,53.28823,2022/11/08 00:00:00+00,Tue 08 Nov 2022,66,32,0,3862354,3815548,241127,4103481,4056675,85.5155726173013,84.54014665775,679
-7.6926,53.28823,2022/11/09 00:00:00+00,Wed 09 Nov 2022,93,32,0,3862447,3815580,241127,4103574,4056707,85.5175107152853,84.5408135301746,680
-7.6926,53.28823,2022/11/10 00:00:00+00,Thu 10 Nov 2022,48,15,0,3862495,3815595,241127,4103622,4056722,85.5185110239222,84.5411261266237,681
-7.6926,53.28823,2022/11/11 00:00:00+00,Fri 11 Nov 2022,50,17,0,3862545,3815612,241127,4103672,4056739,85.5195530120856,84.5414804025992,682
-7.6926,53.28823,2022/11/12 00:00:00+00,Sat 12 Nov 2022,74,87,0,3862619,3815699,241127,4103746,4056826,85.5210951545675,84.5432934620036,683
-7.6926,53.28823,2022/11/13 00:00:00+00,Sun 13 Nov 2022,41,62,1,3862660,3815761,241128,4103788,4056889,85.5219704246248,84.5446063670895,684
-7.6926,53.28823,2022/11/14 00:00:00+00,Mon 14 Nov 2022,15,2,0,3862675,3815763,241128,4103803,4056891,85.5222830210738,84.544648046616,685
-7.6926,53.28823,2022/11/15 00:00:00+00,Tue 15 Nov 2022,57,6,0,3862732,3815769,241128,4103860,4056897,85.5234708875801,84.5447730851957,686
-7.6926,53.28823,2022/11/16 00:00:00+00,Wed 16 Nov 2022,46,20,0,3862778,3815789,241128,4103906,4056917,85.5244295166905,84.545189880461,687
-7.6926,53.28823,2022/11/17 00:00:00+00,Thu 17 Nov 2022,64,9,1,3862842,3815798,241129,4103971,4056927,85.5257841013029,84.5453982780937,688
-7.6926,53.28823,2022/11/18 00:00:00+00,Fri 18 Nov 2022,27,22,0,3862869,3815820,241129,4103998,4056949,85.5263467749112,84.5458567528856,689
-7.6926,53.28823,2022/11/19 00:00:00+00,Sat 19 Nov 2022,55,57,0,3862924,3815877,241129,4104053,4057006,85.5274929618909,84.5470446193919,690
-7.6926,53.28823,2022/11/20 00:00:00+00,Sun 20 Nov 2022,40,56,0,3862964,3815933,241129,4104093,4057062,85.5283265524217,84.548211646135,691
-7.6926,53.28823,2022/11/21 00:00:00+00,Mon 21 Nov 2022,18,3,0,3862982,3815936,241129,4104111,4057065,85.5287016681605,84.5482741654248,692
-7.6926,53.28823,2022/11/22 00:00:00+00,Tue 22 Nov 2022,48,22,0,3863030,3815958,241129,4104159,4057087,85.5297019767974,84.5487326402167,693
-7.6926,53.28823,2022/11/23 00:00:00+00,Wed 23 Nov 2022,23,16,0,3863053,3815974,241129,4104182,4057103,85.5301812913526,84.549066076429,694
-7.6926,53.28823,2022/11/24 00:00:00+00,Thu 24 Nov 2022,25,18,0,3863078,3815992,241129,4104207,4057121,85.5307022854343,84.5494411921678,695
-7.6926,53.28823,2022/11/25 00:00:00+00,Fri 25 Nov 2022,18,11,0,3863096,3816003,241129,4104225,4057132,85.5310774011731,84.5496704295638,696
-7.6926,53.28823,2022/11/26 00:00:00+00,Sat 26 Nov 2022,66,62,0,3863162,3816065,241129,4104291,4057194,85.5324528255489,84.5509624948864,697
-7.6926,53.28823,2022/11/27 00:00:00+00,Sun 27 Nov 2022,35,42,0,3863197,3816107,241129,4104326,4057236,85.5331822172633,84.5518377649437,698
-7.6926,53.28823,2022/11/28 00:00:00+00,Mon 28 Nov 2022,17,1,0,3863214,3816108,241129,4104343,4057237,85.5335364932388,84.551858604707,699
-7.6926,53.28823,2022/11/29 00:00:00+00,Tue 29 Nov 2022,32,18,0,3863246,3816126,241129,4104375,4057255,85.5342033656635,84.5522337204458,700
-7.6926,53.28823,2022/11/30 00:00:00+00,Wed 30 Nov 2022,45,12,0,3863291,3816138,241129,4104420,4057267,85.5351411550105,84.552483797605,701
-7.6926,53.28823,2022/12/01 00:00:00+00,Thu 01 Dec 2022,20,11,0,3863311,3816149,241129,4104440,4057278,85.5355579502759,84.552713035001,702
-7.6926,53.28823,2022/12/02 00:00:00+00,Fri 02 Dec 2022,17,18,0,3863328,3816167,241129,4104457,4057296,85.5359122262515,84.5530881507398,703
-7.6926,53.28823,2022/12/03 00:00:00+00,Sat 03 Dec 2022,41,71,0,3863369,3816238,241129,4104498,4057367,85.5367666565455,84.5545677739319,704
-7.6926,53.28823,2022/12/04 00:00:00+00,Sun 04 Dec 2022,44,47,0,3863413,3816285,241129,4104542,4057414,85.5376836061293,84.5555472428055,705
-7.6926,53.28823,2022/12/05 00:00:00+00,Mon 05 Dec 2022,19,5,0,3863432,3816290,241129,4104561,4057419,85.5380795616314,84.5556514416219,706
-7.6926,53.28823,2022/12/06 00:00:00+00,Tue 06 Dec 2022,35,29,0,3863467,3816319,241129,4104596,4057448,85.5388089533458,84.5562557947567,707
-7.6926,53.28823,2022/12/07 00:00:00+00,Wed 07 Dec 2022,22,23,0,3863489,3816342,241129,4104618,4057471,85.5392674281377,84.5567351093119,708
-7.6926,53.28823,2022/12/08 00:00:00+00,Thu 08 Dec 2022,16,13,1,3863505,3816355,241130,4104635,4057485,85.5396217041133,84.5570268659976,709
-7.6926,53.28823,2022/12/09 00:00:00+00,Fri 09 Dec 2022,27,17,0,3863532,3816372,241130,4104662,4057502,85.5401843777215,84.5573811419732,710
-7.6926,53.28823,2022/12/10 00:00:00+00,Sat 10 Dec 2022,49,43,0,3863581,3816415,241130,4104711,4057545,85.5412055261217,84.5582772517937,711
-7.6926,53.28823,2022/12/11 00:00:00+00,Sun 11 Dec 2022,28,40,0,3863609,3816455,241130,4104739,4057585,85.5417890394932,84.5591108423245,712
-7.6926,53.28823,2022/12/12 00:00:00+00,Mon 12 Dec 2022,15,2,0,3863624,3816457,241130,4104754,4057587,85.5421016359423,84.559152521851,713
-7.6926,53.28823,2022/12/13 00:00:00+00,Tue 13 Dec 2022,29,15,0,3863653,3816472,241130,4104783,4057602,85.542705989077,84.5594651183,714
-7.6926,53.28823,2022/12/14 00:00:00+00,Wed 14 Dec 2022,20,19,0,3863673,3816491,241130,4104803,4057621,85.5431227843424,84.5598610738021,715
-7.6926,53.28823,2022/12/15 00:00:00+00,Thu 15 Dec 2022,12,9,0,3863685,3816500,241130,4104815,4057630,85.5433728615016,84.5600486316716,716
-7.6926,53.28823,2022/12/16 00:00:00+00,Fri 16 Dec 2022,13,4,0,3863698,3816504,241130,4104828,4057634,85.5436437784241,84.5601319907246,717
-7.6926,53.28823,2022/12/17 00:00:00+00,Sat 17 Dec 2022,21,42,0,3863719,3816546,241130,4104849,4057676,85.5440814134528,84.5610072607819,718
-7.6926,53.28823,2022/12/18 00:00:00+00,Sun 18 Dec 2022,29,35,0,3863748,3816581,241130,4104878,4057711,85.5446857665876,84.5617366524963,719
-7.6926,53.28823,2022/12/19 00:00:00+00,Mon 19 Dec 2022,9,1,0,3863757,3816582,241130,4104887,4057712,85.544873324457,84.5617574922596,720
-7.6926,53.28823,2022/12/20 00:00:00+00,Tue 20 Dec 2022,21,17,0,3863778,3816599,241130,4104908,4057729,85.5453109594856,84.5621117682352,721
-7.6926,53.28823,2022/12/21 00:00:00+00,Wed 21 Dec 2022,18,24,0,3863796,3816623,241130,4104926,4057753,85.5456860752245,84.5626119225536,722
-7.6926,53.28823,2022/12/22 00:00:00+00,Thu 22 Dec 2022,7,15,0,3863803,3816638,241130,4104933,4057768,85.5458319535673,84.5629245190026,723
-7.6926,53.28823,2022/12/23 00:00:00+00,Fri 23 Dec 2022,20,6,0,3863823,3816644,241130,4104953,4057774,85.5462487488327,84.5630495575822,724
-7.6926,53.28823,2022/12/28 00:00:00+00,Wed 28 Dec 2022,20,23,0,3863843,3816667,241130,4104973,4057797,85.5466655440981,84.5635288721374,725
-7.6926,53.28823,2022/12/29 00:00:00+00,Thu 29 Dec 2022,18,12,0,3863861,3816679,241130,4104991,4057809,85.5470406598369,84.5637789492966,726
-7.6926,53.28823,2022/12/30 00:00:00+00,Fri 30 Dec 2022,71,31,0,3863932,3816710,241130,4105062,4057840,85.548520283029,84.564424981958,727
-7.6926,53.28823,2022/12/31 00:00:00+00,Sat 31 Dec 2022,36,26,0,3863968,3816736,241130,4105098,4057866,85.5492705145067,84.564966815803,728
-7.6926,53.28823,2023/01/02 00:00:00+00,Mon 02 Jan 2023,1,1,0,3863969,3816737,241130,4105099,4057867,85.5492913542699,84.5649876555662,729
-7.6926,53.28823,2023/01/03 00:00:00+00,Tue 03 Jan 2023,14,14,0,3863983,3816751,241130,4105113,4057881,85.5495831109557,84.565279412252,730
-7.6926,53.28823,2023/01/04 00:00:00+00,Wed 04 Jan 2023,56,28,0,3864039,3816779,241130,4105169,4057909,85.5507501376987,84.5658629256235,731
-7.6926,53.28823,2023/01/05 00:00:00+00,Thu 05 Jan 2023,26,16,0,3864065,3816795,241130,4105195,4057925,85.5512919715437,84.5661963618358,732
-7.6926,53.28823,2023/01/06 00:00:00+00,Fri 06 Jan 2023,36,22,0,3864101,3816817,241130,4105231,4057947,85.5520422030214,84.5666548366277,733
-7.6926,53.28823,2023/01/07 00:00:00+00,Sat 07 Jan 2023,135,73,0,3864236,3816890,241130,4105366,4058020,85.5548555710627,84.5681761393463,734
-7.6926,53.28823,2023/01/08 00:00:00+00,Sun 08 Jan 2023,53,42,0,3864289,3816932,241130,4105419,4058062,85.5559600785159,84.5690514094036,735
-7.6926,53.28823,2023/01/09 00:00:00+00,Mon 09 Jan 2023,1,1,0,3864290,3816933,241130,4105420,4058063,85.5559809182792,84.5690722491669,736
-7.6926,53.28823,2023/01/10 00:00:00+00,Tue 10 Jan 2023,43,13,0,3864333,3816946,241130,4105463,4058076,85.5568770280997,84.5693431660894,737
-7.6926,53.28823,2023/01/11 00:00:00+00,Wed 11 Jan 2023,51,28,0,3864384,3816974,241130,4105514,4058104,85.5579398560264,84.5699266794609,738
