X,Y,VaccinationDate,VaccineText,Dose1,Dose2,SingleDose,Dose1Cum,Dose2Cum,SingleDoseCum,PartiallyVacc,FullyVacc,PartialPercent,FullyPercent,ObjectId
-7.6926,53.28823,2021/12/17 00:00:00+00,Fri 17 Dec 2021,1214,2433,1,3671227,3614915,240119,3911346,3855034,83.0627149782317,81.8668536031822,1
-7.6926,53.28823,2021/12/18 00:00:00+00,Sat 18 Dec 2021,1263,1172,0,3672490,3616087,240119,3912609,3856206,83.0895364890409,81.8917426060867,2
-7.6926,53.28823,2021/12/19 00:00:00+00,Sun 19 Dec 2021,560,877,0,3673050,3616964,240119,3913169,3857083,83.1014288453775,81.9103668855639,3
-7.6926,53.28823,2021/12/20 00:00:00+00,Mon 20 Dec 2021,539,591,0,3673589,3617555,240119,3913708,3857674,83.1128752383515,81.9229175687691,4
-7.6926,53.28823,2021/12/21 00:00:00+00,Tue 21 Dec 2021,1459,1780,3,3675048,3619335,240122,3915170,3859457,83.1439227829303,81.9607819818909,5
-7.6926,53.28823,2021/12/22 00:00:00+00,Wed 22 Dec 2021,1232,1555,2,3676280,3620890,240124,3916404,3861014,83.1701284395721,81.9938469797768,6
-7.6926,53.28823,2021/12/23 00:00:00+00,Thu 23 Dec 2021,959,1344,0,3677239,3622234,240124,3917363,3862358,83.1904940997985,82.0223886349847,7
-7.6926,53.28823,2021/12/24 00:00:00+00,Fri 24 Dec 2021,104,140,0,3677343,3622374,240124,3917467,3862498,83.192702680261,82.0253617240689,8
-7.6926,53.28823,2021/12/25 00:00:00+00,Sat 25 Dec 2021,2,0,0,3677345,3622374,240124,3917469,3862498,83.1927451529622,82.0253617240689,9
-7.6926,53.28823,2021/12/26 00:00:00+00,Sun 26 Dec 2021,10,7,0,3677355,3622381,240124,3917479,3862505,83.1929575164683,82.0255103785231,10
-7.6926,53.28823,2021/12/27 00:00:00+00,Mon 27 Dec 2021,388,581,0,3677743,3622962,240124,3917867,3863086,83.2011972205015,82.0378486982223,11
-7.6926,53.28823,2021/12/28 00:00:00+00,Tue 28 Dec 2021,464,737,0,3678207,3623699,240124,3918331,3863823,83.2110508871804,82.0534998886153,12
-7.6926,53.28823,2021/12/29 00:00:00+00,Wed 29 Dec 2021,1080,1285,0,3679287,3624984,240124,3919411,3865108,83.2339861458296,82.0807885991378,13
-7.6926,53.28823,2021/12/30 00:00:00+00,Thu 30 Dec 2021,1070,1173,1,3680357,3626157,240125,3920482,3866282,83.2567302773234,82.1057200747435,14
-7.6926,53.28823,2021/12/31 00:00:00+00,Fri 31 Dec 2021,721,1668,0,3681078,3627825,240125,3921203,3867950,83.2720416861068,82.1411423075461,15
-7.6926,53.28823,2022/01/01 00:00:00+00,Sat 01 Jan 2022,67,95,0,3681145,3627920,240125,3921270,3868045,83.273464521597,82.1431597608532,16
-7.6926,53.28823,2022/01/02 00:00:00+00,Sun 02 Jan 2022,270,623,0,3681415,3628543,240125,3921540,3868668,83.2791983362594,82.1563900072777,17
-7.6926,53.28823,2022/01/03 00:00:00+00,Mon 03 Jan 2022,3632,717,0,3685047,3629260,240125,3925172,3869385,83.3563287616426,82.1716164706587,18
-7.6926,53.28823,2022/01/04 00:00:00+00,Tue 04 Jan 2022,1192,763,0,3686239,3630023,240125,3926364,3870148,83.3816424915591,82.1878198061673,19
-7.6926,53.28823,2022/01/05 00:00:00+00,Wed 05 Jan 2022,2143,884,0,3688382,3630907,240125,3928507,3871032,83.4271519908973,82.2065927400987,20
-7.6926,53.28823,2022/01/06 00:00:00+00,Thu 06 Jan 2022,2464,1667,0,3690846,3632574,240125,3930971,3872699,83.4794783587784,82.2419937365508,21
-7.6926,53.28823,2022/01/07 00:00:00+00,Fri 07 Jan 2022,4859,765,0,3695705,3633339,240125,3935830,3873464,83.5826657863491,82.2582395447606,22
-7.6926,53.28823,2022/01/08 00:00:00+00,Sat 08 Jan 2022,9792,733,1,3705497,3634072,240126,3945623,3874198,83.7906333677858,82.2738270261018,23
-7.6926,53.28823,2022/01/09 00:00:00+00,Sun 09 Jan 2022,7115,662,0,3712612,3634734,240126,3952738,3874860,83.9417300023126,82.2878854901997,24
-7.6926,53.28823,2022/01/10 00:00:00+00,Mon 10 Jan 2022,6656,489,0,3719268,3635223,240126,3959394,3875349,84.0830791519136,82.2982700656437,25
-7.6926,53.28823,2022/01/11 00:00:00+00,Tue 11 Jan 2022,4775,1344,1,3724043,3636567,240127,3964170,3876694,84.1845039623845,82.3268329572022,26
-7.6926,53.28823,2022/01/12 00:00:00+00,Wed 12 Jan 2022,7560,887,1,3731603,3637454,240128,3971731,3877582,84.3450720092794,82.345690836536,27
-7.6926,53.28823,2022/01/13 00:00:00+00,Thu 13 Jan 2022,7328,788,0,3738931,3638242,240128,3979059,3878370,84.5006919864843,82.3624250808096,28
-7.6926,53.28823,2022/01/14 00:00:00+00,Fri 14 Jan 2022,10729,818,0,3749660,3639060,240128,3989788,3879188,84.7285367920836,82.3797964156013,29
-7.6926,53.28823,2022/01/15 00:00:00+00,Sat 15 Jan 2022,8354,637,0,3758014,3639697,240128,3998142,3879825,84.9059452650052,82.3933239709342,30
-7.6926,53.28823,2022/01/16 00:00:00+00,Sun 16 Jan 2022,6966,1212,1,3764980,3640909,240129,4005109,3881038,85.0538989196431,82.4190836642134,31
-7.6926,53.28823,2022/01/17 00:00:00+00,Mon 17 Jan 2022,2565,546,0,3767545,3641455,240129,4007674,3881584,85.108370158935,82.4306787116416,32
-7.6926,53.28823,2022/01/18 00:00:00+00,Tue 18 Jan 2022,4064,426,3,3771609,3641881,240132,4011741,3882013,85.1947383968297,82.4397891060495,33
-7.6926,53.28823,2022/01/19 00:00:00+00,Wed 19 Jan 2022,3488,611,0,3775097,3642492,240132,4015229,3882624,85.2688107877263,82.4527645162667,34
-7.6926,53.28823,2022/01/20 00:00:00+00,Thu 20 Jan 2022,3697,924,1,3778794,3643416,240133,4018927,3883549,85.3473428122492,82.4724081405728,35
-7.6926,53.28823,2022/01/21 00:00:00+00,Fri 21 Jan 2022,3254,965,0,3782048,3644381,240133,4022181,3884514,85.4164458971052,82.4929012189028,36
-7.6926,53.28823,2022/01/22 00:00:00+00,Sat 22 Jan 2022,4271,637,0,3786319,3645018,240133,4026452,3885151,85.5071463505225,82.5064287742357,37
-7.6926,53.28823,2022/01/23 00:00:00+00,Sun 23 Jan 2022,3092,677,0,3789411,3645695,240133,4029544,3885828,85.5728091465812,82.5208057835927,38
-7.6926,53.28823,2022/01/24 00:00:00+00,Mon 24 Jan 2022,645,457,0,3790056,3646152,240133,4030189,3886285,85.5865065927189,82.5305107958174,39
-7.6926,53.28823,2022/01/25 00:00:00+00,Tue 25 Jan 2022,697,1829,0,3790753,3647981,240133,4030886,3888114,85.6013083290878,82.5693520810668,40
-7.6926,53.28823,2022/01/26 00:00:00+00,Wed 26 Jan 2022,701,884,0,3791454,3648865,240133,4031587,3888998,85.6161950108592,82.5881250149982,41
-7.6926,53.28823,2022/01/27 00:00:00+00,Thu 27 Jan 2022,1275,1162,0,3792729,3650027,240133,4032862,3890160,85.6432713578756,82.6128016543967,42
-7.6926,53.28823,2022/01/28 00:00:00+00,Fri 28 Jan 2022,1031,3090,0,3793760,3653117,240133,4033893,3893250,85.6651660353454,82.6784219777541,43
-7.6926,53.28823,2022/01/29 00:00:00+00,Sat 29 Jan 2022,2325,3441,0,3796085,3656558,240133,4036218,3896691,85.7145405504929,82.7514962601725,44
-7.6926,53.28823,2022/01/30 00:00:00+00,Sun 30 Jan 2022,1634,7536,0,3797719,3664094,240133,4037852,3904227,85.7492407473751,82.9115333983024,45
-7.6926,53.28823,2022/01/31 00:00:00+00,Mon 31 Jan 2022,480,1384,0,3798199,3665478,240133,4038332,3905611,85.7594341956637,82.9409245075343,46
-7.6926,53.28823,2022/02/01 00:00:00+00,Tue 01 Feb 2022,754,3411,1,3798953,3668889,240134,4039087,3909023,85.7754676403675,83.0133829357853,47
-7.6926,53.28823,2020/12/28 00:00:00+00,Mon 28 Dec 2020,202,17,0,202,17,0,202,17,0.00428974282142332,0.000361017960218794,48
-7.6926,53.28823,2022/02/02 00:00:00+00,Wed 02 Feb 2022,644,2991,0,3799597,3671880,240134,4039731,3912014,85.7891438501546,83.0769008604332,49
-7.6926,53.28823,2021/08/20 23:00:00+00,Sat 21 Aug 2021,11856,7942,243,3412595,3040905,234503,3647098,3275408,77.4510518045907,69.5577126496658,50
-7.6926,53.28823,2022/02/03 00:00:00+00,Thu 03 Feb 2022,911,2427,1,3800508,3674307,240135,4040643,3914442,85.8085114019028,83.1284627196927,51
-7.6926,53.28823,2022/02/04 00:00:00+00,Fri 04 Feb 2022,1170,6513,0,3801678,3680820,240135,4041813,3920955,85.8333579321061,83.2667750711577,52
-7.6926,53.28823,2022/02/05 00:00:00+00,Sat 05 Feb 2022,1778,5746,0,3803456,3686566,240135,4043591,3926701,85.8711161634749,83.3887991417117,53
-7.6926,53.28823,2022/02/06 00:00:00+00,Sun 06 Feb 2022,1408,7555,0,3804864,3694121,240135,4044999,3934256,85.9010169451212,83.549239770503,54
-7.6926,53.28823,2022/02/07 00:00:00+00,Mon 07 Feb 2022,439,1348,0,3805303,3695469,240135,4045438,3935604,85.9103397030351,83.5778663711133,55
-7.6926,53.28823,2022/02/08 00:00:00+00,Tue 08 Feb 2022,897,1231,0,3806200,3696700,240135,4046335,3936835,85.9293887095243,83.6040083187033,56
-7.6926,53.28823,2022/02/09 00:00:00+00,Wed 09 Feb 2022,1332,1779,0,3807532,3698479,240135,4047667,3938614,85.957675528525,83.6417877864226,57
-7.6926,53.28823,2022/02/10 00:00:00+00,Thu 10 Feb 2022,690,2540,0,3808222,3701019,240135,4048357,3941154,85.9723286104397,83.6957281169494,58
-7.6926,53.28823,2022/02/11 00:00:00+00,Fri 11 Feb 2022,557,4909,0,3808779,3705928,240135,4048914,3946063,85.9841572577246,83.7999773620503,59
-7.6926,53.28823,2022/02/12 00:00:00+00,Sat 12 Feb 2022,1394,5460,0,3810173,3711388,240135,4050308,3951523,86.0137607304625,83.9159278363323,60
-7.6926,53.28823,2022/02/13 00:00:00+00,Sun 13 Feb 2022,1567,4707,0,3811740,3716095,240135,4051875,3956230,86.0470380918544,84.0158873386117,61
-7.6926,53.28823,2022/02/14 00:00:00+00,Mon 14 Feb 2022,175,948,1,3811915,3717043,240136,4052051,3957179,86.0507756895602,84.0360406353321,62
-7.6926,53.28823,2022/02/15 00:00:00+00,Tue 15 Feb 2022,649,811,1,3812564,3717854,240137,4052701,3957991,86.0645793174509,84.0532845520202,63
-7.6926,53.28823,2022/02/16 00:00:00+00,Wed 16 Feb 2022,793,1782,0,3813357,3719636,240137,4053494,3959773,86.0814197434776,84.0911277287914,64
-7.6926,53.28823,2022/02/17 00:00:00+00,Thu 17 Feb 2022,795,1183,2,3814152,3720819,240139,4054291,3960958,86.0983451149067,84.1162928042537,65
-7.6926,53.28823,2022/02/18 00:00:00+00,Fri 18 Feb 2022,797,3288,0,3814949,3724107,240139,4055088,3964246,86.1152704863358,84.1861179250302,66
-7.6926,53.28823,2022/02/19 00:00:00+00,Sat 19 Feb 2022,977,3550,0,3815926,3727657,240139,4056065,3967796,86.1360184008731,84.2615069696641,67
-7.6926,53.28823,2022/02/20 00:00:00+00,Sun 20 Feb 2022,1367,3587,0,3817293,3731244,240139,4057432,3971383,86.1650484921448,84.3376817592703,68
-7.6926,53.28823,2022/02/21 00:00:00+00,Mon 21 Feb 2022,252,988,2,3817545,3732232,240141,4057686,3972373,86.1704425251975,84.3587057463653,69
-7.6926,53.28823,2022/02/22 00:00:00+00,Tue 22 Feb 2022,475,971,0,3818020,3733203,240141,4058161,3973344,86.180529791733,84.379326242799,70
-7.6926,53.28823,2022/02/23 00:00:00+00,Wed 23 Feb 2022,830,1270,1,3818850,3734473,240142,4058992,3974615,86.1981771990825,84.406317644413,71
-7.6926,53.28823,2022/02/24 00:00:00+00,Thu 24 Feb 2022,658,1226,0,3819508,3735699,240142,4059650,3975841,86.212150717778,84.43235341025,72
-7.6926,53.28823,2022/02/25 00:00:00+00,Fri 25 Feb 2022,690,1219,0,3820198,3736918,240142,4060340,3977060,86.2268037996928,84.4582405216327,73
-7.6926,53.28823,2022/02/26 00:00:00+00,Sat 26 Feb 2022,959,2088,0,3821157,3739006,240142,4061299,3979148,86.2471694599193,84.5025820216878,74
-7.6926,53.28823,2022/02/27 00:00:00+00,Sun 27 Feb 2022,671,1780,0,3821828,3740786,240142,4061970,3980928,86.2614190511726,84.5403827257578,75
-7.6926,53.28823,2022/02/28 00:00:00+00,Mon 28 Feb 2022,86,424,0,3821914,3741210,240142,4062056,3981352,86.2632453773243,84.5493869384127,76
-7.6926,53.28823,2022/03/01 00:00:00+00,Tue 01 Mar 2022,125,938,0,3822039,3742148,240142,4062181,3982290,86.2658999211494,84.5693066352765,77
-7.6926,53.28823,2022/03/02 00:00:00+00,Wed 02 Mar 2022,206,988,2,3822245,3743136,240144,4062389,3983280,86.2703170820745,84.5903306223716,78
-7.6926,53.28823,2022/03/03 00:00:00+00,Thu 03 Mar 2022,274,1274,0,3822519,3744410,240144,4062663,3984554,86.2761358421392,84.6173857330374,79
-7.6926,53.28823,2022/03/04 00:00:00+00,Fri 04 Mar 2022,731,1500,2,3823250,3745910,240146,4063396,3986056,86.2917020871298,84.6492827316403,80
-7.6926,53.28823,2022/03/05 00:00:00+00,Sat 05 Mar 2022,962,3340,0,3824212,3749250,240146,4064358,3989396,86.312131456408,84.720212142648,81
-7.6926,53.28823,2022/03/06 00:00:00+00,Sun 06 Mar 2022,456,1914,0,3824668,3751164,240146,4064814,3991310,86.3218152322821,84.7608585176985,82
-7.6926,53.28823,2022/03/07 00:00:00+00,Mon 07 Mar 2022,111,119,0,3824779,3751283,240146,4064925,3991429,86.3241724671989,84.76338564342,83
-7.6926,53.28823,2022/03/08 00:00:00+00,Tue 08 Mar 2022,119,492,0,3824898,3751775,240146,4065044,3991921,86.3266995929204,84.7738339279158,84
-7.6926,53.28823,2022/03/09 00:00:00+00,Wed 09 Mar 2022,124,334,0,3825022,3752109,240146,4065168,3992255,86.3293329003949,84.7809268690165,85
-7.6926,53.28823,2022/03/10 00:00:00+00,Thu 10 Mar 2022,254,507,0,3825276,3752616,240146,4065422,3992762,86.3347269334476,84.7916936987713,86
-7.6926,53.28823,2022/03/11 00:00:00+00,Fri 11 Mar 2022,496,2175,0,3825772,3754791,240146,4065918,3994937,86.3452601633458,84.8378827613287,87
-7.6926,53.28823,2022/03/12 00:00:00+00,Sat 12 Mar 2022,473,2388,2,3826245,3757179,240148,4066393,3997327,86.3553474298813,84.8886376392653,88
-7.6926,53.28823,2022/03/13 00:00:00+00,Sun 13 Mar 2022,359,1081,0,3826604,3758260,240148,4066752,3998408,86.3629712797471,84.9115941342651,89
-7.6926,53.28823,2022/03/14 00:00:00+00,Mon 14 Mar 2022,106,120,0,3826710,3758380,240148,4066858,3998528,86.3652223329108,84.9141424963373,90
-7.6926,53.28823,2022/03/15 00:00:00+00,Tue 15 Mar 2022,222,755,0,3826932,3759135,240148,4067080,3999283,86.3699368027442,84.9301759410411,91
-7.6926,53.28823,2022/03/16 00:00:00+00,Wed 16 Mar 2022,197,793,0,3827129,3759928,240148,4067277,4000076,86.3741203638127,84.9470163670678,92
-7.6926,53.28823,2022/03/18 00:00:00+00,Fri 18 Mar 2022,2,6,0,3827131,3759934,240148,4067279,4000082,86.3741628365139,84.9471437851714,93
-7.6926,53.28823,2022/03/19 00:00:00+00,Sat 19 Mar 2022,742,2777,0,3827873,3762711,240148,4068021,4002859,86.3899202086599,85.0061171307906,94
-7.6926,53.28823,2022/03/20 00:00:00+00,Sun 20 Mar 2022,393,1399,0,3828266,3764110,240148,4068414,4004258,86.3982660944461,85.0358267852816,95
-7.6926,53.28823,2022/03/21 00:00:00+00,Mon 21 Mar 2022,52,109,0,3828318,3764219,240148,4068466,4004367,86.3993703846774,85.0381415474971,96
-7.6926,53.28823,2022/03/22 00:00:00+00,Tue 22 Mar 2022,138,568,0,3828456,3764787,240148,4068604,4004935,86.4023010010603,85.0502037946385,97
-7.6926,53.28823,2022/03/23 00:00:00+00,Wed 23 Mar 2022,95,218,0,3828551,3765005,240148,4068699,4005153,86.4043184543674,85.0548333190696,98
-7.6926,53.28823,2022/03/24 00:00:00+00,Thu 24 Mar 2022,148,235,0,3828699,3765240,240148,4068847,4005388,86.4074614342564,85.0598238614608,99
-7.6926,53.28823,2022/03/25 00:00:00+00,Fri 25 Mar 2022,433,1613,0,3829132,3766853,240148,4069280,4007001,86.4166567740667,85.0940780949804,100
-7.6926,53.28823,2022/03/26 00:00:00+00,Sat 26 Mar 2022,871,1847,0,3830003,3768700,240148,4070151,4008848,86.4351536354402,85.1333016345407,101
-7.6926,53.28823,2022/03/27 00:00:00+00,Sun 27 Mar 2022,379,801,0,3830382,3769501,240148,4070530,4009649,86.4432022123181,85.1503119513722,102
-7.6926,53.28823,2022/03/27 23:00:00+00,Mon 28 Mar 2022,37,51,0,3830419,3769552,240148,4070567,4009700,86.4439879572903,85.1513950052528,103
-7.6926,53.28823,2022/03/28 23:00:00+00,Tue 29 Mar 2022,136,183,3,3830555,3769735,240151,4070706,4009886,86.4469398100239,85.1553449664646,104
-7.6926,53.28823,2022/03/29 23:00:00+00,Wed 30 Mar 2022,107,133,0,3830662,3769868,240151,4070813,4010019,86.4492120995382,85.1581694010946,105
-7.6926,53.28823,2022/03/30 23:00:00+00,Thu 31 Mar 2022,215,342,0,3830877,3770210,240151,4071028,4010361,86.4537779149174,85.1654322330001,106
-7.6926,53.28823,2022/03/31 23:00:00+00,Fri 01 Apr 2022,308,897,0,3831185,3771107,240151,4071336,4011258,86.4603187109026,85.1844812394893,107
-7.6926,53.28823,2022/04/01 23:00:00+00,Sat 02 Apr 2022,726,1537,0,3831911,3772644,240151,4072062,4012795,86.475736301439,85.2171215103632,108
-7.6926,53.28823,2022/04/02 23:00:00+00,Sun 03 Apr 2022,533,818,0,3832444,3773462,240151,4072595,4013613,86.4870552763093,85.2344928451549,109
-7.6926,53.28823,2022/04/03 23:00:00+00,Mon 04 Apr 2022,45,47,0,3832489,3773509,240151,4072640,4013660,86.4880109120864,85.2354909536332,110
-7.6926,53.28823,2022/04/04 23:00:00+00,Tue 05 Apr 2022,127,163,0,3832616,3773672,240151,4072767,4013823,86.4907079286127,85.2389524787812,111
-7.6926,53.28823,2022/04/05 23:00:00+00,Wed 06 Apr 2022,155,200,0,3832771,3773872,240151,4072922,4014023,86.4939995629559,85.2431997489014,112
-7.6926,53.28823,2022/04/06 23:00:00+00,Thu 07 Apr 2022,112,150,0,3832883,3774022,240151,4073034,4014173,86.4963780342232,85.2463852014916,113
-7.6926,53.28823,2022/04/07 23:00:00+00,Fri 08 Apr 2022,257,391,0,3833140,3774413,240151,4073291,4014564,86.5018357763277,85.2546886145766,114
-7.6926,53.28823,2022/04/08 23:00:00+00,Sat 09 Apr 2022,557,1007,0,3833697,3775420,240151,4073848,4015571,86.5136644236125,85.2760736196319,115
-7.6926,53.28823,2022/04/09 23:00:00+00,Sun 10 Apr 2022,410,718,0,3834107,3776138,240151,4074258,4016289,86.522371327359,85.2913213193635,116
-7.6926,53.28823,2022/04/10 23:00:00+00,Mon 11 Apr 2022,60,78,0,3834167,3776216,240151,4074318,4016367,86.523645508395,85.2929777547104,117
-7.6926,53.28823,2021/08/21 23:00:00+00,Sun 22 Aug 2021,7999,12231,161,3420594,3053136,234664,3655258,3287800,77.6243404254958,69.8208735063147,118
-7.6926,53.28823,2021/04/24 23:00:00+00,Sun 25 Apr 2021,9740,298,2,1046758,430672,234,1046992,430906,22.2342891885527,9.15087089211998,119
-7.6926,53.28823,2021/08/22 23:00:00+00,Mon 23 Aug 2021,10844,15330,288,3431438,3068466,234952,3666390,3303418,77.8607434803873,70.1525428300028,120
-7.6926,53.28823,2020/12/29 00:00:00+00,Tue 29 Dec 2020,74,2,0,276,19,0,276,19,0.00586123276590512,0.000403490661421005,121
-7.6926,53.28823,2021/04/25 23:00:00+00,Mon 26 Apr 2021,15561,3040,3,1062319,433712,237,1062556,433949,22.5648117493083,9.21549310699914,122
-7.6926,53.28823,2021/08/23 23:00:00+00,Tue 24 Aug 2021,9688,22874,383,3441126,3091340,235335,3676461,3326675,78.074614767291,70.6464366359327,123
-7.6926,53.28823,2020/12/30 00:00:00+00,Wed 30 Dec 2020,1057,1,0,1333,20,0,1333,20,0.0283080553512737,0.00042472701202211,124
-7.6926,53.28823,2021/04/26 23:00:00+00,Tue 27 Apr 2021,25906,7802,9,1088225,441514,246,1088471,441760,23.1151517751359,9.38137024154437,125
-7.6926,53.28823,2021/08/24 23:00:00+00,Wed 25 Aug 2021,9401,19476,311,3450527,3110816,235646,3686173,3346462,78.280862204329,71.0666403052768,126
-7.6926,53.28823,2020/12/31 00:00:00+00,Thu 31 Dec 2020,1031,1,0,2364,21,0,2364,21,0.0502027328210135,0.000445963362623216,127
-7.6926,53.28823,2021/04/27 23:00:00+00,Wed 28 Apr 2021,26018,8586,5,1114243,450100,251,1114494,450351,23.6677853268285,9.56381172955847,128
-7.6926,53.28823,2021/08/25 23:00:00+00,Thu 26 Aug 2021,8559,19391,365,3459086,3130207,236011,3695097,3366218,78.4703753970932,71.4861856477522,129
-7.6926,53.28823,2021/01/01 00:00:00+00,Fri 01 Jan 2021,808,0,0,3172,21,0,3172,21,0.0673617041067067,0.000445963362623216,130
-7.6926,53.28823,2021/04/28 23:00:00+00,Thu 29 Apr 2021,31680,11331,6,1145923,461431,257,1146180,461688,24.3406803319751,9.80456823632321,131
-7.6926,53.28823,2021/08/26 23:00:00+00,Fri 27 Aug 2021,9703,19162,430,3468789,3149369,236441,3705230,3385810,78.6855633377342,71.9022482287291,132
-7.6926,53.28823,2021/01/02 00:00:00+00,Sat 02 Jan 2021,1015,0,0,4187,21,0,4187,21,0.0889165999668288,0.000445963362623216,133
-7.6926,53.28823,2021/04/29 23:00:00+00,Fri 30 Apr 2021,36110,13517,8,1182033,474948,265,1182298,475213,25.1076948429859,10.0917898782032,134
-7.6926,53.28823,2021/08/27 23:00:00+00,Sat 28 Aug 2021,9907,7880,152,3478696,3157249,236593,3715289,3393842,78.8991797884307,72.0728185967572,135
-7.6926,53.28823,2021/01/03 00:00:00+00,Sun 03 Jan 2021,20,2,1,4207,23,1,4208,24,0.089362563329452,0.000509672414426533,136
-7.6926,53.28823,2021/04/30 23:00:00+00,Sat 01 May 2021,16549,6683,18,1198582,481631,283,1198865,481914,25.4595174633944,10.2340946635812,137
-7.6926,53.28823,2021/08/28 23:00:00+00,Sun 29 Aug 2021,8789,9170,28,3487485,3166419,236621,3724106,3403040,79.0864206916807,72.2681505495861,138
-7.6926,53.28823,2021/01/04 00:00:00+00,Mon 04 Jan 2021,1186,3,0,5393,26,1,5394,27,0.114548875142363,0.000573381466229849,139
-7.6926,53.28823,2021/05/01 23:00:00+00,Sun 02 May 2021,12429,907,14,1211011,482538,297,1211308,482835,25.7237613739239,10.2536533424848,140
-7.6926,53.28823,2021/08/29 23:00:00+00,Mon 30 Aug 2021,5042,11082,82,3492527,3177501,236703,3729230,3414204,79.1952357521607,72.5052331676969,141
-7.6926,53.28823,2021/01/05 00:00:00+00,Tue 05 Jan 2021,3524,9,0,8917,35,1,8918,36,0.189385774660659,0.000764508621639799,142
-7.6926,53.28823,2021/05/02 23:00:00+00,Mon 03 May 2021,14242,912,20,1225253,483450,317,1225570,483767,26.0266342061969,10.273445621245,143
-7.6926,53.28823,2021/08/30 23:00:00+00,Tue 31 Aug 2021,4048,12837,141,3496575,3190338,236844,3733419,3427182,79.2841948248288,72.780838525798,144
-7.6926,53.28823,2021/01/06 00:00:00+00,Wed 06 Jan 2021,6771,8,0,15688,43,1,15689,44,0.333177104580745,0.000934399426448643,145
-7.6926,53.28823,2021/05/03 23:00:00+00,Tue 04 May 2021,26635,6779,9,1251888,490229,326,1252214,490555,26.5924555316128,10.4175979691253,146
-7.6926,53.28823,2021/08/31 23:00:00+00,Wed 01 Sep 2021,4933,12501,179,3501508,3202839,237023,3738531,3439862,79.3927550491016,73.05011545142,147
-7.6926,53.28823,2021/09/01 23:00:00+00,Thu 02 Sep 2021,4999,12327,246,3506507,3215166,237269,3743776,3452435,79.5041397080044,73.3171200875277,148
-7.6926,53.28823,2021/09/02 23:00:00+00,Fri 03 Sep 2021,4758,16024,165,3511265,3231190,237434,3748699,3468624,79.6086862620137,73.660915367409,149
-7.6926,53.28823,2021/09/03 23:00:00+00,Sat 04 Sep 2021,4618,10552,133,3515883,3241742,237567,3753450,3479309,79.7095801637195,73.8878257735819,150
-7.6926,53.28823,2021/09/04 23:00:00+00,Sun 05 Sep 2021,5304,11886,1,3521187,3253628,237568,3758755,3491196,79.8222390036584,74.1402622731772,151
-7.6926,53.28823,2021/09/05 23:00:00+00,Mon 06 Sep 2021,2139,9650,75,3523326,3263278,237643,3760969,3500921,79.8692562838892,74.3467857827729,152
-7.6926,53.28823,2021/09/06 23:00:00+00,Tue 07 Sep 2021,3013,9984,154,3526339,3273262,237797,3764136,3511059,79.9365118062429,74.562079905167,153
-7.6926,53.28823,2021/09/07 23:00:00+00,Wed 08 Sep 2021,2592,14788,186,3528931,3288050,237983,3766914,3526033,79.9955063882128,74.8800730190679,154
-7.6926,53.28823,2021/09/08 23:00:00+00,Thu 09 Sep 2021,3105,14775,137,3532036,3302825,238120,3770156,3540945,80.0643546368616,75.1967494792316,155
-7.6926,53.28823,2021/09/09 23:00:00+00,Fri 10 Sep 2021,3370,13924,115,3535406,3316749,238235,3773641,3554984,80.1383633187064,75.4948866053205,156
-7.6926,53.28823,2021/09/10 23:00:00+00,Sat 11 Sep 2021,2549,11307,62,3537955,3328056,238297,3776252,3566353,80.1938114301259,75.7363226753045,157
-7.6926,53.28823,2021/09/11 23:00:00+00,Sun 12 Sep 2021,2036,12872,1,3539991,3340928,238298,3778289,3579226,80.2370698763004,76.0096982165925,158
-7.6926,53.28823,2021/09/12 23:00:00+00,Mon 13 Sep 2021,1600,7710,51,3541591,3348638,238349,3779940,3586987,80.2721310911428,76.1745135336077,159
-7.6926,53.28823,2021/09/13 23:00:00+00,Tue 14 Sep 2021,1539,10768,81,3543130,3359406,238430,3781560,3597836,80.3065339791166,76.4049067012791,160
-7.6926,53.28823,2021/09/14 23:00:00+00,Wed 15 Sep 2021,3268,12378,136,3546398,3371784,238566,3784964,3610350,80.3788225165628,76.6706583927013,161
-7.6926,53.28823,2021/09/15 23:00:00+00,Thu 16 Sep 2021,1900,10579,113,3548298,3382363,238679,3786977,3621042,80.4215712903228,76.8977174533283,162
-7.6926,53.28823,2021/09/16 23:00:00+00,Fri 17 Sep 2021,2555,14602,92,3550853,3396965,238771,3789624,3635736,80.4777839103639,77.209764389061,163
-7.6926,53.28823,2021/09/17 23:00:00+00,Sat 18 Sep 2021,2281,11216,45,3553134,3408181,238816,3791950,3646997,80.5271796618621,77.44890693318,164
-7.6926,53.28823,2021/09/18 23:00:00+00,Sun 19 Sep 2021,1858,8484,13,3554992,3416665,238829,3793821,3655494,80.5669128738367,77.6293522042376,165
-7.6926,53.28823,2021/09/19 23:00:00+00,Mon 20 Sep 2021,947,5598,33,3555939,3422263,238862,3794801,3661125,80.5877244974258,77.7489340944725,166
-7.6926,53.28823,2021/09/20 23:00:00+00,Tue 21 Sep 2021,1460,6653,90,3557399,3428916,238952,3796351,3667868,80.6206408408575,77.8921308065757,167
-7.6926,53.28823,2021/09/21 23:00:00+00,Wed 22 Sep 2021,1893,8122,96,3559292,3437038,239048,3798340,3676086,80.6628799422031,78.0666511358156,168
-7.6926,53.28823,2021/09/22 23:00:00+00,Thu 23 Sep 2021,1692,8745,88,3560984,3445783,239136,3800120,3684919,80.7006806462731,78.2542318206752,169
-7.6926,53.28823,2021/09/23 23:00:00+00,Fri 24 Sep 2021,1902,7380,79,3562886,3453163,239215,3802101,3692378,80.7427498568139,78.4126337598088,170
-7.6926,53.28823,2021/09/24 23:00:00+00,Sat 25 Sep 2021,2411,6579,51,3565297,3459742,239266,3804563,3699008,80.7950337519938,78.5534307642941,171
-7.6926,53.28823,2021/09/25 23:00:00+00,Sun 26 Sep 2021,1537,7091,0,3566834,3466833,239266,3806100,3706099,80.8276740228677,78.7040177264066,172
-7.6926,53.28823,2021/09/26 23:00:00+00,Mon 27 Sep 2021,1171,3781,45,3568005,3470614,239311,3807316,3709925,80.8534974251987,78.7852680038064,173
-7.6926,53.28823,2021/09/27 23:00:00+00,Tue 28 Sep 2021,1441,5114,91,3569446,3475728,239402,3808848,3715130,80.8860315143196,78.8958032086852,174
-7.6926,53.28823,2021/09/28 23:00:00+00,Wed 29 Sep 2021,1649,3603,78,3571095,3479331,239480,3810575,3718811,80.9227066918077,78.9739742152478,175
-7.6926,53.28823,2021/09/29 23:00:00+00,Thu 30 Sep 2021,1279,3942,77,3572374,3483273,239557,3811931,3722830,80.9515031832228,79.0593231083137,176
-7.6926,53.28823,2021/09/30 23:00:00+00,Fri 01 Oct 2021,1837,5154,42,3574211,3488427,239599,3813810,3728026,80.9914062860023,79.169667186037,177
-7.6926,53.28823,2021/10/01 23:00:00+00,Sat 02 Oct 2021,1707,4075,40,3575918,3492502,239639,3815557,3732141,81.0285061905024,79.2570547687606,178
-7.6926,53.28823,2021/10/02 23:00:00+00,Sun 03 Oct 2021,1194,3012,9,3577112,3495514,239648,3816760,3735162,81.0540535202755,79.3212097839265,179
-7.6926,53.28823,2021/10/03 23:00:00+00,Mon 04 Oct 2021,336,1218,18,3577448,3496732,239666,3817114,3736398,81.0615711883883,79.3474579132695,180
-7.6926,53.28823,2021/10/04 23:00:00+00,Tue 05 Oct 2021,960,2811,69,3578408,3499543,239735,3818143,3739278,81.0834233931568,79.4086186030007,181
-7.6926,53.28823,2021/10/05 23:00:00+00,Wed 06 Oct 2021,970,2548,36,3579378,3502091,239771,3819149,3741862,81.1047871618616,79.4634933329539,182
-7.6926,53.28823,2021/10/06 23:00:00+00,Thu 07 Oct 2021,1205,2677,44,3580583,3504768,239815,3820398,3744583,81.1313113637623,79.5212774429395,183
-7.6926,53.28823,2021/10/07 23:00:00+00,Fri 08 Oct 2021,974,2769,46,3581557,3507537,239861,3821418,3747398,81.1529724413755,79.5810577698816,184
-7.6926,53.28823,2021/10/08 23:00:00+00,Sat 09 Oct 2021,730,2365,23,3582287,3509902,239884,3822171,3749786,81.1689634133781,79.6317701751171,185
-7.6926,53.28823,2021/10/09 23:00:00+00,Sun 10 Oct 2021,1501,3909,1,3583788,3513811,239885,3823673,3753696,81.200860411981,79.7148043059674,186
-7.6926,53.28823,2021/10/10 23:00:00+00,Mon 11 Oct 2021,329,1106,16,3584117,3514917,239901,3824018,3754818,81.2081869529383,79.7386314913418,187
-7.6926,53.28823,2021/10/11 23:00:00+00,Tue 12 Oct 2021,562,1598,20,3584679,3516515,239921,3824600,3756436,81.2205465089882,79.7729919066144,188
-7.6926,53.28823,2021/10/12 23:00:00+00,Wed 13 Oct 2021,1001,2045,11,3585680,3518560,239932,3825612,3758492,81.2420376957965,79.8166538434503,189
-7.6926,53.28823,2021/10/13 23:00:00+00,Thu 14 Oct 2021,689,1572,7,3586369,3520132,239939,3826308,3760071,81.2568181958149,79.8501860410494,190
-7.6926,53.28823,2021/10/14 23:00:00+00,Fri 15 Oct 2021,948,2055,7,3587317,3522187,239946,3827263,3762133,81.2770989106389,79.8939753959889,191
-7.6926,53.28823,2021/10/15 23:00:00+00,Sat 16 Oct 2021,1371,2625,13,3588688,3524812,239959,3828647,3764771,81.3064900198709,79.9499968888746,192
-7.6926,53.28823,2021/10/16 23:00:00+00,Sun 17 Oct 2021,1700,2883,2,3590388,3527695,239961,3830349,3767656,81.3426342885939,80.0112637603588,193
-7.6926,53.28823,2021/10/17 23:00:00+00,Mon 18 Oct 2021,668,1221,4,3591056,3528916,239965,3831021,3768881,81.3569051161979,80.0372782898452,194
-7.6926,53.28823,2021/10/18 23:00:00+00,Tue 19 Oct 2021,1329,1777,14,3592385,3530693,239979,3832364,3770672,81.3854255350552,80.0753125937718,195
-7.6926,53.28823,2021/10/19 23:00:00+00,Wed 20 Oct 2021,2245,2300,0,3594630,3532993,239979,3834609,3772972,81.4331011421546,80.1241562001543,196
-7.6926,53.28823,2021/10/20 23:00:00+00,Thu 21 Oct 2021,1743,1802,11,3596373,3534795,239990,3836363,3774785,81.470349701109,80.1626577037941,197
-7.6926,53.28823,2021/10/21 23:00:00+00,Fri 22 Oct 2021,1496,1905,2,3597869,3536700,239992,3837861,3776692,81.5021617543094,80.2031554243904,198
-7.6926,53.28823,2021/10/22 23:00:00+00,Sat 23 Oct 2021,2009,1677,1,3599878,3538377,239993,3839871,3778370,81.5448468190177,80.2387900206991,199
-7.6926,53.28823,2021/10/23 23:00:00+00,Sun 24 Oct 2021,1945,2181,2,3601823,3540558,239995,3841818,3780553,81.586193993638,80.2851489740613,200
-7.6926,53.28823,2021/10/24 23:00:00+00,Mon 25 Oct 2021,1216,833,2,3603039,3541391,239997,3843036,3781388,81.6120598686702,80.3028813268132,201
-7.6926,53.28823,2021/10/25 23:00:00+00,Tue 26 Oct 2021,1235,1196,6,3604274,3542587,240003,3844277,3782590,81.6384141797661,80.3284074202357,202
-7.6926,53.28823,2021/10/26 23:00:00+00,Wed 27 Oct 2021,1555,1403,5,3605829,3543990,240008,3845837,3783998,81.6715428867038,80.3583082018821,203
-7.6926,53.28823,2021/10/27 23:00:00+00,Thu 28 Oct 2021,2144,1670,3,3607973,3545660,240011,3847984,3785671,81.7171373314444,80.3938366164377,204
-7.6926,53.28823,2021/10/28 23:00:00+00,Fri 29 Oct 2021,2134,1346,0,3610107,3547006,240011,3850118,3787017,81.7624557036272,80.4224207443468,205
-7.6926,53.28823,2021/10/29 23:00:00+00,Sat 30 Oct 2021,2008,1435,0,3612115,3548441,240011,3852126,3788452,81.8050982956342,80.4528949074594,206
-7.6926,53.28823,2021/10/30 23:00:00+00,Sun 31 Oct 2021,1624,1315,0,3613739,3549756,240011,3853750,3789767,81.8395861290104,80.4808207084999,207
-7.6926,53.28823,2021/11/01 00:00:00+00,Mon 01 Nov 2021,263,262,2,3614002,3550018,240013,3854015,3790031,81.8452137619197,80.4864271050586,208
-7.6926,53.28823,2021/11/02 00:00:00+00,Tue 02 Nov 2021,1088,1076,9,3615090,3551094,240022,3855112,3791116,81.8685100385291,80.5094685454608,209
-7.6926,53.28823,2021/11/03 00:00:00+00,Wed 03 Nov 2021,2534,1841,5,3617624,3552935,240027,3857651,3792962,81.9224291327053,80.5486708486704,210
-7.6926,53.28823,2021/11/04 00:00:00+00,Thu 04 Nov 2021,1541,1253,1,3619165,3554188,240028,3859193,3794216,81.9551755853322,80.5753012323242,211
-7.6926,53.28823,2021/11/05 00:00:00+00,Fri 05 Nov 2021,1628,1065,2,3620793,3555253,240030,3860823,3795283,81.989790836812,80.5979604184156,212
-7.6926,53.28823,2021/11/06 00:00:00+00,Sat 06 Nov 2021,1816,1337,5,3622609,3556590,240035,3862644,3796625,82.0284622312566,80.6264596009222,213
-7.6926,53.28823,2021/11/07 00:00:00+00,Sun 07 Nov 2021,724,767,0,3623333,3557357,240035,3863368,3797392,82.0438373490918,80.6427478818333,214
-7.6926,53.28823,2021/11/08 00:00:00+00,Mon 08 Nov 2021,513,516,2,3623846,3557873,240037,3863883,3797910,82.0547740696514,80.6537483114447,215
-7.6926,53.28823,2021/11/09 00:00:00+00,Tue 09 Nov 2021,1373,1042,1,3625219,3558915,240038,3865257,3798953,82.0839528153773,80.6758978251216,216
-7.6926,53.28823,2021/11/10 00:00:00+00,Wed 10 Nov 2021,1624,1329,0,3626843,3560244,240038,3866881,3800282,82.1184406487535,80.7041209350705,217
-7.6926,53.28823,2021/11/11 00:00:00+00,Thu 11 Nov 2021,1395,1089,1,3628238,3561333,240039,3868277,3801372,82.1480865941927,80.7272685572257,218
-7.6926,53.28823,2021/11/12 00:00:00+00,Fri 12 Nov 2021,1150,1120,5,3629388,3562453,240044,3869432,3802497,82.1726145791369,80.7511594516519,219
-7.6926,53.28823,2021/11/13 00:00:00+00,Sat 13 Nov 2021,1409,1358,0,3630797,3563811,240044,3870841,3803855,82.2025365971339,80.7799984157682,220
-7.6926,53.28823,2021/11/14 00:00:00+00,Sun 14 Nov 2021,1646,1801,0,3632443,3565612,240044,3872487,3805656,82.2374916302233,80.8182450832008,221
-7.6926,53.28823,2021/11/15 00:00:00+00,Mon 15 Nov 2021,1245,573,0,3633688,3566185,240044,3873732,3806229,82.2639308867217,80.8304135120953,222
-7.6926,53.28823,2021/11/16 00:00:00+00,Tue 16 Nov 2021,1316,1052,5,3635004,3567237,240049,3875053,3807286,82.2919841058658,80.8528603346806,223
-7.6926,53.28823,2021/11/17 00:00:00+00,Wed 17 Nov 2021,1517,1089,0,3636521,3568326,240049,3876570,3808375,82.3241996497276,80.8759867204852,224
-7.6926,53.28823,2021/11/18 00:00:00+00,Thu 18 Nov 2021,1662,2475,5,3638183,3570801,240054,3878237,3810855,82.3596006461797,80.928652869976,225
-7.6926,53.28823,2021/11/19 00:00:00+00,Fri 19 Nov 2021,1175,1526,0,3639358,3572327,240054,3879412,3812381,82.384553358136,80.9610595409933,226
-7.6926,53.28823,2021/11/20 00:00:00+00,Sat 20 Nov 2021,1541,2922,12,3640899,3575249,240066,3880965,3815315,82.4175334106195,81.0233669936569,227
-7.6926,53.28823,2021/11/21 00:00:00+00,Sun 21 Nov 2021,1786,2753,0,3642685,3578002,240066,3882751,3818068,82.4554615327931,81.0818306668617,228
-7.6926,53.28823,2021/11/22 00:00:00+00,Mon 22 Nov 2021,707,494,2,3643392,3578496,240068,3883460,3818564,82.4705181053693,81.0923638967599,229
-7.6926,53.28823,2021/11/23 00:00:00+00,Tue 23 Nov 2021,2163,1560,6,3645555,3580056,240074,3885629,3820130,82.5165797498231,81.1256200218012,230
-7.6926,53.28823,2021/11/24 00:00:00+00,Wed 24 Nov 2021,1625,3118,2,3647180,3583174,240076,3887256,3823250,82.551131292251,81.1918774356767,231
-7.6926,53.28823,2021/11/25 00:00:00+00,Thu 25 Nov 2021,993,1164,1,3648173,3584338,240077,3888250,3824415,82.5722402247486,81.216617784127,232
-7.6926,53.28823,2021/11/26 00:00:00+00,Fri 26 Nov 2021,1287,1080,12,3649460,3585418,240089,3889549,3825507,82.5998262441794,81.2398078789834,233
-7.6926,53.28823,2021/11/27 00:00:00+00,Sat 27 Nov 2021,1221,1553,5,3650681,3586971,240094,3890775,3827065,82.6258620100163,81.2728941132199,234
-7.6926,53.28823,2021/11/28 00:00:00+00,Sun 28 Nov 2021,1966,2251,0,3652647,3589222,240094,3892741,3829316,82.6676126752981,81.320697138423,235
-7.6926,53.28823,2021/11/29 00:00:00+00,Mon 29 Nov 2021,545,978,1,3653192,3590200,240095,3893287,3830295,82.6792077227263,81.3414875256615,236
-7.6926,53.28823,2021/11/30 00:00:00+00,Tue 30 Nov 2021,1924,1622,6,3655116,3591822,240101,3895217,3831923,82.7201938793864,81.3760603044401,237
-7.6926,53.28823,2021/12/01 00:00:00+00,Wed 01 Dec 2021,1079,1352,1,3656195,3593174,240102,3896297,3833276,82.7431291380356,81.4047930868034,238
-7.6926,53.28823,2021/12/02 00:00:00+00,Thu 02 Dec 2021,1771,1399,0,3657966,3594573,240102,3898068,3834675,82.7807387149502,81.4345027412943,239
-7.6926,53.28823,2021/12/03 00:00:00+00,Fri 03 Dec 2021,1043,1166,3,3659009,3595739,240105,3899114,3835844,82.802951937679,81.459328035147,240
-7.6926,53.28823,2021/12/04 00:00:00+00,Sat 04 Dec 2021,1201,1695,1,3660210,3597434,240106,3900316,3837540,82.8284780311015,81.4953448857665,241
-7.6926,53.28823,2021/12/05 00:00:00+00,Sun 05 Dec 2021,1348,1770,1,3661558,3599204,240107,3901665,3839311,82.8571258680624,81.532954462681,242
-7.6926,53.28823,2021/12/06 00:00:00+00,Mon 06 Dec 2021,932,1278,0,3662490,3600482,240107,3902597,3840589,82.8769181468226,81.5600945187493,243
-7.6926,53.28823,2021/12/07 00:00:00+00,Tue 07 Dec 2021,485,731,1,3662975,3601213,240108,3903083,3841321,82.8872390132147,81.5756395273893,244
-7.6926,53.28823,2021/12/08 00:00:00+00,Wed 08 Dec 2021,812,1491,0,3663787,3602704,240108,3903895,3842812,82.9044829299028,81.6073029261355,245
-7.6926,53.28823,2021/12/09 00:00:00+00,Thu 09 Dec 2021,796,1190,0,3664583,3603894,240108,3904691,3844002,82.9213870649813,81.6325741833508,246
-7.6926,53.28823,2021/12/10 00:00:00+00,Fri 10 Dec 2021,892,1592,1,3665475,3605486,240109,3905584,3845595,82.9403511260681,81.6664036898584,247
-7.6926,53.28823,2021/12/11 00:00:00+00,Sat 11 Dec 2021,637,834,0,3666112,3606320,240109,3906221,3846429,82.953878681401,81.6841148062597,248
-7.6926,53.28823,2021/12/12 00:00:00+00,Sun 12 Dec 2021,691,1188,0,3666803,3607508,240109,3906912,3847617,82.9685529996664,81.7093435907738,249
-7.6926,53.28823,2021/12/13 00:00:00+00,Mon 13 Dec 2021,722,1044,0,3667525,3608552,240109,3907634,3848661,82.9838856448004,81.7315143408014,250
-7.6926,53.28823,2021/12/14 00:00:00+00,Tue 14 Dec 2021,627,1186,1,3668152,3609738,240110,3908262,3849848,82.9972220729779,81.7567218889649,251
-7.6926,53.28823,2021/12/15 00:00:00+00,Wed 15 Dec 2021,796,1228,1,3668948,3610966,240111,3909059,3851077,83.0141474444069,81.7828213638537,252
-7.6926,53.28823,2021/12/16 00:00:00+00,Thu 16 Dec 2021,1065,1516,7,3670013,3612482,240118,3910131,3852600,83.0369128122513,81.8151643258191,253
-7.6926,53.28823,2021/01/07 00:00:00+00,Thu 07 Jan 2021,11719,8,0,27407,51,1,27408,52,0.5820458972751,0.00110429023125749,254
-7.6926,53.28823,2021/01/08 00:00:00+00,Fri 08 Jan 2021,12675,5,0,40082,56,1,40083,57,0.851216641144113,0.00121047198426301,255
-7.6926,53.28823,2021/05/04 23:00:00+00,Wed 05 May 2021,32082,13448,69,1283970,503677,395,1284365,504072,27.2752254397889,10.7046497202005,256
-7.6926,53.28823,2021/01/09 00:00:00+00,Sat 09 Jan 2021,8072,6,0,48154,62,1,48155,63,1.02263646319624,0.00133789008786965,257
-7.6926,53.28823,2021/05/05 23:00:00+00,Thu 06 May 2021,37255,14371,132,1321225,518048,527,1321752,518575,28.0691888797124,11.0126405129683,258
-7.6926,53.28823,2021/01/10 00:00:00+00,Sun 10 Jan 2021,4777,4,1,52931,66,2,52933,68,1.12410374636832,0.00144407184087518,259
-7.6926,53.28823,2021/05/06 23:00:00+00,Fri 07 May 2021,40577,15065,97,1361802,533113,624,1362426,533737,28.9329562040618,11.3346260607823,260
-7.6926,53.28823,2021/01/11 00:00:00+00,Mon 11 Jan 2021,8336,7,0,61267,73,2,61269,75,1.30112996497913,0.00159272629508291,261
-7.6926,53.28823,2021/05/07 23:00:00+00,Sat 08 May 2021,25597,7034,10,1387399,540147,634,1388033,540781,29.4767554339043,11.4842149144164,262
-7.6926,53.28823,2021/01/12 00:00:00+00,Tue 12 Jan 2021,8876,9,0,70143,82,2,70145,84,1.48962381291455,0.00178385345049286,263
-7.6926,53.28823,2021/05/08 23:00:00+00,Sun 09 May 2021,19657,920,4,1407056,541067,638,1407694,541705,29.8942833230726,11.5038373023719,264
-7.6926,53.28823,2021/01/13 00:00:00+00,Wed 13 Jan 2021,9876,5,0,80019,87,2,80021,89,1.69935401145106,0.00189003520349839,265
-7.6926,53.28823,2021/05/09 23:00:00+00,Mon 10 May 2021,28812,4631,170,1435868,545698,808,1436676,546506,30.5097552361939,11.6057930216078,266
-7.6926,53.28823,2021/01/14 00:00:00+00,Thu 14 Jan 2021,8075,5,0,88094,92,2,88096,94,1.87083754255499,0.00199621695650392,267
-7.6926,53.28823,2021/05/10 23:00:00+00,Tue 11 May 2021,33910,14805,151,1469778,560503,959,1470737,561462,31.2330865740181,11.9234038811979,268
-7.6926,53.28823,2021/01/15 00:00:00+00,Fri 15 Jan 2021,7685,2,0,95779,94,2,95781,96,2.03403889692449,0.00203868965770613,269
-7.6926,53.28823,2021/05/11 23:00:00+00,Wed 12 May 2021,31269,20925,169,1501047,581428,1128,1502175,582556,31.9007149642157,12.3713634607776,270
-7.6926,53.28823,2021/01/16 00:00:00+00,Sat 16 Jan 2021,5226,3,0,101005,97,2,101007,99,2.14502006516587,0.00210239870950945,271
-7.6926,53.28823,2021/05/12 23:00:00+00,Thu 13 May 2021,35977,25479,151,1537024,606907,1279,1538303,608186,32.6679418387324,12.915651126684,272
-7.6926,53.28823,2021/01/17 00:00:00+00,Sun 17 Jan 2021,1110,4,0,102115,101,2,102117,103,2.16859241433309,0.00218734411191387,273
-7.6926,53.28823,2021/05/13 23:00:00+00,Fri 14 May 2021,38199,27960,235,1575223,634867,1514,1576737,636381,33.4841397377353,13.5144100318821,274
-7.6926,53.28823,2021/01/18 00:00:00+00,Mon 18 Jan 2021,8704,7,1,110819,108,3,110822,111,2.35345484631572,0.00235723491672271,275
-7.6926,53.28823,2021/05/14 23:00:00+00,Sat 15 May 2021,28840,12440,20,1604063,647307,1534,1605597,648841,34.0970208160832,13.7790149603719,276
-7.6926,53.28823,2021/01/19 00:00:00+00,Tue 19 Jan 2021,8371,18,0,119190,126,3,119193,129,2.53122433719757,0.00273948922754261,277
-7.6926,53.28823,2021/05/15 23:00:00+00,Sun 16 May 2021,23159,1166,9,1627222,648473,1543,1628765,650016,34.5890245868096,13.8039676723282,278
-7.6926,53.28823,2021/01/20 00:00:00+00,Wed 20 Jan 2021,8440,961,0,127630,1087,3,127633,1090,2.7104591362709,0.023147622155205,279
-7.6926,53.28823,2021/05/16 23:00:00+00,Mon 17 May 2021,35371,3936,113,1662593,652409,1656,1664249,654065,35.3425752515393,13.8899536559121,280
-7.6926,53.28823,2021/01/21 00:00:00+00,Thu 21 Jan 2021,8994,962,0,136624,2049,3,136627,2052,2.90145887357724,0.0435769914334685,281
-7.6926,53.28823,2021/05/17 23:00:00+00,Tue 18 May 2021,39026,12481,124,1701619,664890,1780,1703399,666670,36.1739783775725,14.157637855239,282
-7.6926,53.28823,2021/01/22 00:00:00+00,Fri 22 Jan 2021,6768,968,0,143392,3017,3,143395,3020,3.04518649444553,0.0641337788153387,283
-7.6926,53.28823,2021/05/18 23:00:00+00,Wed 19 May 2021,37007,17585,204,1738626,682475,1984,1740610,684459,36.9642042197903,14.5354112960821,284
-7.6926,53.28823,2021/01/23 00:00:00+00,Sat 23 Jan 2021,4179,460,0,147571,3477,3,147574,3480,3.13393320360755,0.0739025000918472,285
-7.6926,53.28823,2021/05/19 23:00:00+00,Thu 20 May 2021,39060,19642,134,1777686,702117,2118,1779804,704235,37.79654174525,14.9553813655695,286
-7.6926,53.28823,2021/01/24 00:00:00+00,Sun 24 Jan 2021,1180,397,0,148751,3874,3,148754,3877,3.15899209731685,0.0823333312804861,287
-7.6926,53.28823,2021/05/20 23:00:00+00,Fri 21 May 2021,25808,23247,14932,1803494,725364,17050,1820544,742414,38.6617106687391,15.7661639951692,288
-7.6926,53.28823,2021/01/25 00:00:00+00,Mon 25 Jan 2021,1350,1285,0,150101,5159,3,150104,5162,3.18766117062834,0.109622041802907,289
-7.6926,53.28823,2021/01/26 00:00:00+00,Tue 26 Jan 2021,1000,3498,0,151101,8657,3,151104,8660,3.20889752122945,0.183906796205574,290
-7.6926,53.28823,2021/01/27 00:00:00+00,Wed 27 Jan 2021,2161,6698,0,153262,15355,3,153265,15358,3.25478927487844,0.326147872531779,291
-7.6926,53.28823,2021/01/28 00:00:00+00,Thu 28 Jan 2021,990,11538,0,154252,26893,3,154255,26896,3.27581326197353,0.571172885767334,292
-7.6926,53.28823,2021/01/29 00:00:00+00,Fri 29 Jan 2021,1566,11526,0,155818,38419,3,155821,38422,3.30906938701486,0.815943062795676,293
-7.6926,53.28823,2021/01/30 00:00:00+00,Sat 30 Jan 2021,625,7792,0,156443,46211,3,156446,46214,3.32234210614055,0.981416706679491,294
-7.6926,53.28823,2021/01/31 00:00:00+00,Sun 31 Jan 2021,219,4086,0,156662,50297,3,156665,50300,3.3269928669222,1.06818843523561,295
-7.6926,53.28823,2021/02/01 00:00:00+00,Mon 01 Feb 2021,1012,8334,0,157674,58631,3,157677,58634,3.34848405373052,1.24517218114522,296
-7.6926,53.28823,2021/02/02 00:00:00+00,Tue 02 Feb 2021,822,5106,0,158496,63737,3,158499,63740,3.36594033392462,1.35360498731447,297
-7.6926,53.28823,2021/02/03 00:00:00+00,Wed 03 Feb 2021,1390,6862,0,159886,70599,3,159889,70602,3.39545886126016,1.49932882513925,298
-7.6926,53.28823,2021/02/04 00:00:00+00,Thu 04 Feb 2021,1417,10541,1,161303,81140,4,161307,81144,3.42557200641253,1.72320243317611,299
-7.6926,53.28823,2021/02/05 00:00:00+00,Fri 05 Feb 2021,3379,8611,0,164682,89751,4,164686,89755,3.49732963509366,1.90606864820223,300
-7.6926,53.28823,2021/02/06 00:00:00+00,Sat 06 Feb 2021,890,3866,0,165572,93617,4,165576,93621,3.51622998712865,1.9881683796261,301
-7.6926,53.28823,2021/02/07 00:00:00+00,Sun 07 Feb 2021,324,1299,2,165896,94916,6,165902,94922,3.52315303742461,2.01579687175814,302
-7.6926,53.28823,2021/02/08 00:00:00+00,Mon 08 Feb 2021,1161,878,0,167057,95794,6,167063,95800,3.54780844047249,2.03444238758591,303
-7.6926,53.28823,2021/02/09 00:00:00+00,Tue 09 Feb 2021,4248,536,2,171305,96330,8,171313,96338,3.63806293052719,2.0458675442093,304
-7.6926,53.28823,2021/02/10 00:00:00+00,Wed 10 Feb 2021,8817,580,0,180122,96910,8,180130,96918,3.82530383377714,2.05818462755794,305
-7.6926,53.28823,2021/02/11 00:00:00+00,Thu 11 Feb 2021,6176,444,0,186298,97354,8,186306,97362,3.95645953508957,2.06761356722484,306
-7.6926,53.28823,2021/02/12 00:00:00+00,Fri 12 Feb 2021,4386,522,0,190684,97876,8,190692,97884,4.04960216882601,2.07869894223861,307
-7.6926,53.28823,2021/02/13 00:00:00+00,Sat 13 Feb 2021,1204,1914,0,191888,99790,8,191896,99798,4.07517073494974,2.11934531728913,308
-7.6926,53.28823,2021/02/14 00:00:00+00,Sun 14 Feb 2021,2692,25,0,194580,99815,8,194588,99823,4.13233899076792,2.11987622605416,309
-7.6926,53.28823,2021/02/15 00:00:00+00,Mon 15 Feb 2021,1955,7885,0,196535,107700,8,196543,107708,4.17385605619308,2.28732485054387,310
-7.6926,53.28823,2021/02/16 00:00:00+00,Tue 16 Feb 2021,5643,8157,0,202178,115857,8,202186,115865,4.29369278263512,2.46054976239709,311
-7.6926,53.28823,2021/02/17 00:00:00+00,Wed 17 Feb 2021,9735,8462,0,211913,124319,8,211921,124327,4.50042865573688,2.64025176118365,312
-7.6926,53.28823,2021/02/18 00:00:00+00,Thu 18 Feb 2021,8453,8349,1,220366,132668,9,220375,132677,4.67996076371863,2.81757528870288,313
-7.6926,53.28823,2021/02/19 00:00:00+00,Fri 19 Feb 2021,9384,6581,0,229750,139249,9,229759,139258,4.8792426777594,2.95733171200875,314
-7.6926,53.28823,2021/02/20 00:00:00+00,Sat 20 Feb 2021,5883,3567,2,235633,142816,11,235644,142827,5.00421860104691,3.0331242473041,315
-7.6926,53.28823,2021/02/21 00:00:00+00,Sun 21 Feb 2021,1107,1021,5,236740,143837,16,236756,143853,5.02783342291534,3.05491274302083,316
-7.6926,53.28823,2021/02/22 00:00:00+00,Mon 22 Feb 2021,3937,1120,1,240677,144957,17,240694,144974,5.11146217158249,3.07871869204467,317
-7.6926,53.28823,2021/02/23 00:00:00+00,Tue 23 Feb 2021,13353,1062,0,254030,146019,17,254047,146036,5.39503116115905,3.10127169638305,318
-7.6926,53.28823,2021/02/24 00:00:00+00,Wed 24 Feb 2021,16934,2101,3,270964,148120,20,270984,148140,5.75471123128998,3.14595297804777,319
-7.6926,53.28823,2021/02/25 00:00:00+00,Thu 25 Feb 2021,18080,1750,2,289044,149870,22,289066,149892,6.13870692285917,3.18315906430091,320
-7.6926,53.28823,2021/02/26 00:00:00+00,Fri 26 Feb 2021,16076,2765,0,305120,152635,22,305142,152657,6.48010249512254,3.24187757371297,321
-7.6926,53.28823,2021/02/27 00:00:00+00,Sat 27 Feb 2021,8985,703,1,314105,153338,23,314128,153361,6.67093234162408,3.25682796453614,322
-7.6926,53.28823,2021/02/28 00:00:00+00,Sun 28 Feb 2021,2440,52,2,316545,153390,25,316570,153415,6.72279150979198,3.2579747274686,323
-7.6926,53.28823,2021/03/01 00:00:00+00,Mon 01 Mar 2021,5585,787,0,322130,154177,25,322155,154202,6.84139652789915,3.27468773539167,324
-7.6926,53.28823,2021/03/02 00:00:00+00,Tue 02 Mar 2021,12171,1605,0,334301,155782,25,334326,155807,7.0998641510652,3.30877207810645,325
-7.6926,53.28823,2021/03/03 00:00:00+00,Wed 03 Mar 2021,12883,1502,1,347184,157284,26,347210,157310,7.37347329220985,3.34069031305991,326
-7.6926,53.28823,2021/03/04 00:00:00+00,Thu 04 Mar 2021,18729,1685,3,365913,158969,29,365942,158998,7.77127261166976,3.37653727287458,327
-7.6926,53.28823,2021/03/05 00:00:00+00,Fri 05 Mar 2021,18434,2391,6,384347,161360,35,384382,161395,8.16287091675414,3.42744080526543,328
-7.6926,53.28823,2021/03/06 00:00:00+00,Sat 06 Mar 2021,10391,137,4,394738,161497,39,394777,161536,8.38362278125263,3.43043513070018,329
-7.6926,53.28823,2021/03/07 00:00:00+00,Sun 07 Mar 2021,1519,10,3,396257,161507,42,396299,161549,8.41594450686752,3.430711203258,330
-7.6926,53.28823,2021/03/08 00:00:00+00,Mon 08 Mar 2021,6661,1494,5,402918,163001,47,402965,163048,8.55750601997449,3.46254449280905,331
-7.6926,53.28823,2021/03/09 00:00:00+00,Tue 09 Mar 2021,13809,3100,5,416727,166101,52,416779,166153,8.85086496717816,3.52848336142549,332
-7.6926,53.28823,2021/03/10 00:00:00+00,Wed 10 Mar 2021,13723,3982,3,430450,170083,55,430505,170138,9.14235511552893,3.61311021857089,333
-7.6926,53.28823,2021/03/11 00:00:00+00,Thu 11 Mar 2021,18465,2094,3,448915,172177,58,448973,172235,9.53454803843015,3.65764284578141,334
-7.6926,53.28823,2021/03/12 00:00:00+00,Fri 12 Mar 2021,17319,1334,3,466234,173511,61,466295,173572,9.9024041035425,3.68603584653509,335
-7.6926,53.28823,2021/03/13 00:00:00+00,Sat 13 Mar 2021,8296,171,0,474530,173682,61,474591,173743,10.0785808681293,3.68966726248788,336
-7.6926,53.28823,2021/03/14 00:00:00+00,Sun 14 Mar 2021,378,18,2,474908,173700,63,474971,173763,10.0866506813577,3.6900919894999,337
-7.6926,53.28823,2021/03/15 00:00:00+00,Mon 15 Mar 2021,2649,989,0,477557,174689,63,477620,174752,10.1429057741,3.71109474024439,338
-7.6926,53.28823,2021/03/16 00:00:00+00,Tue 16 Mar 2021,8931,3815,2,486488,178504,65,486553,178569,10.3326100940197,3.79215389048881,339
-7.6926,53.28823,2021/03/17 00:00:00+00,Wed 17 Mar 2021,4893,2417,6,491381,180921,71,491452,180992,10.4366469756145,3.84360956799529,340
-7.6926,53.28823,2021/03/18 00:00:00+00,Thu 18 Mar 2021,11718,4675,5,503099,185596,76,503175,185672,10.6856007137113,3.94299568880846,341
-7.6926,53.28823,2021/03/19 00:00:00+00,Fri 19 Mar 2021,10355,6123,2,513454,191719,78,513532,191797,10.9055455968869,4.07306833624024,342
-7.6926,53.28823,2021/03/20 00:00:00+00,Sat 20 Mar 2021,5236,3116,3,518690,194835,81,518771,194916,11.0168028376861,4.13930451376508,343
-7.6926,53.28823,2021/03/21 00:00:00+00,Sun 21 Mar 2021,3631,53,3,522321,194888,84,522405,194972,11.0939757357705,4.14049374939875,344
-7.6926,53.28823,2021/03/22 00:00:00+00,Mon 22 Mar 2021,7401,2398,1,529722,197286,85,529807,197371,11.2511672029199,4.1914397544908,345
-7.6926,53.28823,2021/03/23 00:00:00+00,Tue 23 Mar 2021,12556,7377,3,542278,204663,88,542366,204751,11.5178745301192,4.34816402192696,346
-7.6926,53.28823,2021/03/24 00:00:00+00,Wed 24 Mar 2021,13618,9780,2,555896,214443,90,555986,214533,11.8071136253063,4.55589800350697,347
-7.6926,53.28823,2021/03/25 00:00:00+00,Thu 25 Mar 2021,20855,10217,3,576751,224660,93,576844,224753,12.2500614261441,4.77293350665027,348
-7.6926,53.28823,2021/03/26 00:00:00+00,Fri 26 Mar 2021,19692,9492,1,596443,234152,94,596537,234246,12.6682688785317,4.97453018290656,349
-7.6926,53.28823,2021/03/27 00:00:00+00,Sat 27 Mar 2021,11733,5341,3,608176,239493,97,608273,239590,12.9174986891863,5.08801724051887,350
-7.6926,53.28823,2021/03/28 00:00:00+00,Sun 28 Mar 2021,2486,482,0,610662,239975,97,610759,240072,12.9702922567806,5.09825316150861,351
-7.6926,53.28823,2021/03/28 23:00:00+00,Mon 29 Mar 2021,9252,3113,3,619914,243088,100,620014,243188,13.1668346815938,5.16442562998165,352
-7.6926,53.28823,2021/03/29 23:00:00+00,Tue 30 Mar 2021,13316,8660,4,633230,251748,104,633334,251852,13.4497028716006,5.34841737158963,353
-7.6926,53.28823,2021/03/30 23:00:00+00,Wed 31 Mar 2021,15821,10502,3,649051,262250,107,649158,262357,13.7857468835125,5.57150523465424,354
-7.6926,53.28823,2021/03/31 23:00:00+00,Thu 01 Apr 2021,19680,11579,8,668731,273829,115,668846,273944,14.203848154147,5.81757082906925,355
-7.6926,53.28823,2021/04/01 23:00:00+00,Fri 02 Apr 2021,20126,13716,7,688857,287545,122,688979,287667,14.6313996007991,6.10899726836822,356
-7.6926,53.28823,2021/04/02 23:00:00+00,Sat 03 Apr 2021,7537,4640,5,696394,292185,127,696521,292312,14.7915641570326,6.20764011691036,357
-7.6926,53.28823,2021/04/03 23:00:00+00,Sun 04 Apr 2021,3023,169,3,699417,292354,130,699547,292484,14.8558253539516,6.21129276921375,358
-7.6926,53.28823,2021/04/04 23:00:00+00,Mon 05 Apr 2021,3421,607,4,702838,292961,134,702972,293095,14.9285598547604,6.22426817943102,359
-7.6926,53.28823,2021/04/05 23:00:00+00,Tue 06 Apr 2021,11975,8157,11,714813,301118,145,714958,301263,15.1830987530652,6.39772669114085,360
-7.6926,53.28823,2021/04/06 23:00:00+00,Wed 07 Apr 2021,18344,10462,9,733157,311580,154,733311,311734,15.5728494956473,6.62009251828503,361
-7.6926,53.28823,2021/04/07 23:00:00+00,Thu 08 Apr 2021,20171,10568,14,753328,322148,168,753496,322316,16.0015052325306,6.84481558034593,362
-7.6926,53.28823,2021/04/08 23:00:00+00,Fri 09 Apr 2021,20682,9152,16,774010,331300,184,774194,331484,16.4410552172723,7.03951044265686,363
-7.6926,53.28823,2021/04/09 23:00:00+00,Sat 10 Apr 2021,11155,4160,12,785165,335460,196,785361,335656,16.6782015444348,7.12810849736468,364
-7.6926,53.28823,2021/04/10 23:00:00+00,Sun 11 Apr 2021,2855,354,7,788020,335814,203,788223,336017,16.7389799798552,7.13577481993167,365
-7.6926,53.28823,2021/04/11 23:00:00+00,Mon 12 Apr 2021,7762,2787,13,795782,338601,216,795998,338817,16.9040926057788,7.19523660161477,366
-7.6926,53.28823,2021/04/12 23:00:00+00,Tue 13 Apr 2021,11493,8587,1,807275,347188,217,807492,347405,17.1481832195879,7.37761438057706,367
-7.6926,53.28823,2021/04/13 23:00:00+00,Wed 14 Apr 2021,20338,6592,2,827613,353780,219,827832,353999,17.5801305908144,7.51764687644075,368
-7.6926,53.28823,2021/04/14 23:00:00+00,Thu 15 Apr 2021,27109,10791,1,854722,364571,220,854942,364791,18.1558480556104,7.74682957212788,369
-7.6926,53.28823,2021/04/15 23:00:00+00,Fri 16 Apr 2021,27967,9825,1,882689,374396,221,882910,374617,18.7497863092221,7.95549795313435,370
-7.6926,53.28823,2021/04/16 23:00:00+00,Sat 17 Apr 2021,15839,4549,2,898528,378945,223,898751,379168,19.0861913390942,8.05214458471998,371
-7.6926,53.28823,2021/04/17 23:00:00+00,Sun 18 Apr 2021,1065,479,0,899593,379424,223,899816,379647,19.1088080524844,8.06231679665791,372
-7.6926,53.28823,2021/04/18 23:00:00+00,Mon 19 Apr 2021,6732,2246,0,906325,381670,223,906548,381893,19.251771164731,8.11001364010799,373
-7.6926,53.28823,2021/04/19 23:00:00+00,Tue 20 Apr 2021,15074,7308,1,921399,388978,224,921623,389202,19.5719091500427,8.26523012665147,374
-7.6926,53.28823,2021/04/20 23:00:00+00,Wed 21 Apr 2021,26700,9871,4,948099,398849,228,948327,399077,20.1390046564946,8.47493908883739,375
-7.6926,53.28823,2021/04/21 23:00:00+00,Thu 22 Apr 2021,31612,12179,1,979711,411028,229,979940,411257,20.8103494080473,8.73359783915885,376
-7.6926,53.28823,2021/04/22 23:00:00+00,Fri 23 Apr 2021,33613,12363,1,1013324,423391,230,1013554,423621,21.5241880971529,8.99616407799092,377
-7.6926,53.28823,2021/04/23 23:00:00+00,Sat 24 Apr 2021,23694,6983,2,1037018,430374,232,1037250,430606,22.0274046609967,9.14449998693964,378
-7.6926,53.28823,2021/05/21 23:00:00+00,Sat 22 May 2021,16569,10246,13522,1820063,735610,30572,1850635,766182,39.3007336946769,16.2709095762562,379
-7.6926,53.28823,2021/05/22 23:00:00+00,Sun 23 May 2021,8202,5517,10204,1828265,741127,40776,1869041,781903,39.6916099638409,16.6047662440562,380
-7.6926,53.28823,2021/05/23 23:00:00+00,Mon 24 May 2021,22519,8205,8447,1850784,749332,49223,1900007,798555,40.3492147965547,16.9583939542658,381
-7.6926,53.28823,2021/05/24 23:00:00+00,Tue 25 May 2021,30294,16478,3221,1881078,765810,52444,1933522,818254,41.0609510869508,17.376728824757,382
-7.6926,53.28823,2021/05/25 23:00:00+00,Wed 26 May 2021,19939,25383,3048,1901017,791193,55492,1956509,846685,41.5491110782184,17.980499508697,383
-7.6926,53.28823,2021/05/26 23:00:00+00,Thu 27 May 2021,16972,36013,551,1917989,827206,56043,1974032,883249,41.9212356498015,18.7569854320759,384
-7.6926,53.28823,2021/05/27 23:00:00+00,Fri 28 May 2021,26996,31811,1558,1944985,859017,57601,2002586,916618,42.5276184048655,19.4656212152841,385
-7.6926,53.28823,2021/05/28 23:00:00+00,Sat 29 May 2021,24442,7382,533,1969427,866399,58134,2027561,924533,43.0579962611281,19.6337069302919,386
-7.6926,53.28823,2021/05/29 23:00:00+00,Sun 30 May 2021,24218,1667,209,1993645,868066,58343,2051988,926409,43.5767365972613,19.6735463240196,387
-7.6926,53.28823,2021/05/30 23:00:00+00,Mon 31 May 2021,22544,7311,3438,2016189,875377,61781,2077970,937158,44.1284994585792,19.9018158566309,388
-7.6926,53.28823,2021/05/31 23:00:00+00,Tue 01 Jun 2021,27491,11500,3647,2043680,886877,65428,2109108,952305,44.7897569435965,20.2234828591858,389
-7.6926,53.28823,2021/06/01 23:00:00+00,Wed 02 Jun 2021,18649,20879,4003,2062329,907756,69431,2131760,977187,45.2708027574127,20.7518857348425,390
-7.6926,53.28823,2021/06/02 23:00:00+00,Thu 03 Jun 2021,16642,30698,1972,2078971,938454,71403,2150374,1009857,45.6660961875017,21.4456773089806,391
-7.6926,53.28823,2021/06/03 23:00:00+00,Fri 04 Jun 2021,28973,23335,150,2107944,961789,71553,2179497,1033342,46.2845624260577,21.9444130028476,392
-7.6926,53.28823,2021/06/04 23:00:00+00,Sat 05 Jun 2021,20924,11478,33,2128868,973267,71586,2200454,1044853,46.729612625605,22.1888646346169,393
-7.6926,53.28823,2021/06/05 23:00:00+00,Sun 06 Jun 2021,19905,3893,39,2148773,977160,71625,2220398,1048785,47.1531504019935,22.2723659651805,394
-7.6926,53.28823,2021/06/06 23:00:00+00,Mon 07 Jun 2021,19772,4562,39,2168545,981722,71664,2240209,1053386,47.573863743752,22.3700744142961,395
-7.6926,53.28823,2021/06/07 23:00:00+00,Tue 08 Jun 2021,26365,18331,40,2194910,1000053,71704,2266614,1071757,48.1346095813742,22.7602074111891,396
-7.6926,53.28823,2021/06/08 23:00:00+00,Wed 09 Jun 2021,32745,20092,172,2227655,1020145,71876,2299531,1092021,48.8336465341108,23.1905408197699,397
-7.6926,53.28823,2021/06/09 23:00:00+00,Thu 10 Jun 2021,27639,27474,268,2255294,1047619,72144,2327438,1119763,49.4262893703358,23.7796796581457,398
-7.6926,53.28823,2021/06/10 23:00:00+00,Fri 11 Jun 2021,26393,32881,38,2281687,1080500,72182,2353869,1152682,49.9875873530737,24.4787590835835,399
-7.6926,53.28823,2021/06/11 23:00:00+00,Sat 12 Jun 2021,12179,19703,103,2293866,1100203,72285,2366151,1172488,50.2484122111564,24.899366243589,400
-7.6926,53.28823,2021/06/12 23:00:00+00,Sun 13 Jun 2021,8527,18158,829,2302393,1118361,73114,2375507,1191475,50.4470995073804,25.3025808324522,401
-7.6926,53.28823,2021/06/13 23:00:00+00,Mon 14 Jun 2021,15984,31287,45,2318377,1149648,73159,2391536,1222807,50.7874969711655,25.967958169486,402
-7.6926,53.28823,2021/06/14 23:00:00+00,Tue 15 Jun 2021,14661,41554,201,2333038,1191202,73360,2406398,1264562,51.1031116137991,26.8546819888352,403
-7.6926,53.28823,2021/06/15 23:00:00+00,Wed 16 Jun 2021,13422,48367,211,2346460,1239569,73571,2420031,1313140,51.392626781544,27.8863014283357,404
-7.6926,53.28823,2021/06/16 23:00:00+00,Thu 17 Jun 2021,21538,42655,534,2367998,1282224,74105,2442103,1356329,51.8613555120116,28.8034781744469,405
-7.6926,53.28823,2021/06/17 23:00:00+00,Fri 18 Jun 2021,11983,50021,548,2379981,1332245,74653,2454634,1406898,52.127468221394,29.8773791879942,406
-7.6926,53.28823,2021/06/18 23:00:00+00,Sat 19 Jun 2021,6281,32775,431,2386262,1365020,75084,2461346,1440104,52.2700066066287,30.5825534460545,407
-7.6926,53.28823,2021/06/19 23:00:00+00,Sun 20 Jun 2021,8487,26127,172,2394749,1391147,75256,2470005,1466403,52.4538921664836,31.1410482305129,408
-7.6926,53.28823,2021/06/20 23:00:00+00,Mon 21 Jun 2021,15437,32307,567,2410186,1423454,75823,2486009,1499277,52.7937587215037,31.8391720201737,409
-7.6926,53.28823,2021/06/21 23:00:00+00,Tue 22 Jun 2021,15102,43513,716,2425288,1466967,76539,2501827,1543506,53.129675315312,32.77843457091,410
-7.6926,53.28823,2021/06/22 23:00:00+00,Wed 23 Jun 2021,20051,39358,878,2445339,1506325,77417,2522756,1583742,53.5741308970426,33.6329003736961,411
-7.6926,53.28823,2021/06/23 23:00:00+00,Thu 24 Jun 2021,18987,44235,1030,2464326,1550560,78447,2542773,1629007,53.9992189270249,34.5941637836551,412
-7.6926,53.28823,2021/06/24 23:00:00+00,Fri 25 Jun 2021,15171,50106,833,2479497,1600666,79280,2558777,1679946,54.339085482045,35.6759222469248,413
-7.6926,53.28823,2021/06/25 23:00:00+00,Sat 26 Jun 2021,9015,30528,497,2488512,1631194,79777,2568289,1710971,54.5410856489627,36.3347800243241,414
-7.6926,53.28823,2021/06/26 23:00:00+00,Sun 27 Jun 2021,8700,30450,54,2497212,1661644,79831,2577043,1741475,54.7269886621248,36.9825736630602,415
-7.6926,53.28823,2021/06/27 23:00:00+00,Mon 28 Jun 2021,24189,24614,514,2521401,1686258,80345,2601746,1766603,55.2515902310239,37.5162006809648,416
-7.6926,53.28823,2021/06/28 23:00:00+00,Tue 29 Jun 2021,28116,30982,805,2549517,1717240,81150,2630667,1798390,55.8657667267585,38.1912405575222,417
-7.6926,53.28823,2021/06/29 23:00:00+00,Wed 30 Jun 2021,22517,36828,573,2572034,1754068,81723,2653757,1835791,56.356114062138,38.9855013063541,418
-7.6926,53.28823,2021/06/30 23:00:00+00,Thu 01 Jul 2021,14937,48288,632,2586971,1802356,82355,2669326,1884711,56.6867428046466,40.0243835777602,419
-7.6926,53.28823,2021/07/01 23:00:00+00,Fri 02 Jul 2021,13619,47223,811,2600590,1849579,83166,2683756,1932745,56.9931833438206,41.0444504425337,420
-7.6926,53.28823,2021/07/02 23:00:00+00,Sat 03 Jul 2021,9277,30447,503,2609867,1880026,83669,2693536,1963695,57.2008748526994,41.7017154936379,421
-7.6926,53.28823,2021/07/03 23:00:00+00,Sun 04 Jul 2021,6413,27761,230,2616280,1907787,83899,2700179,1991686,57.3419479297425,42.2961421833134,422
-7.6926,53.28823,2021/07/04 23:00:00+00,Mon 05 Jul 2021,15545,33399,5331,2631825,1941186,89230,2721055,2030416,57.7852779848912,43.1186260420943,423
-7.6926,53.28823,2021/07/05 23:00:00+00,Tue 06 Jul 2021,12362,48263,5479,2644187,1989449,94709,2738896,2084158,58.1641557159655,44.2599099960989,424
-7.6926,53.28823,2021/07/06 23:00:00+00,Wed 07 Jul 2021,19652,43717,5049,2663839,2033166,99758,2763597,2132924,58.6887148121634,45.2955218695124,425
-7.6926,53.28823,2021/07/07 23:00:00+00,Thu 08 Jul 2021,17721,45556,5987,2681560,2078722,105745,2787305,2184467,59.1921862122144,46.3901070885452,426
-7.6926,53.28823,2021/07/08 23:00:00+00,Fri 09 Jul 2021,13481,45069,6522,2695041,2123791,112267,2807308,2236058,59.6169769332883,47.4857116524068,427
-7.6926,53.28823,2021/07/09 23:00:00+00,Sat 10 Jul 2021,8593,23838,4357,2703634,2147629,116624,2820258,2264253,59.8919876735727,48.084470557605,428
-7.6926,53.28823,2021/07/10 23:00:00+00,Sun 11 Jul 2021,15207,16093,2149,2718841,2163722,118773,2837614,2282495,60.2605657746054,48.4718640652703,429
-7.6926,53.28823,2021/07/11 23:00:00+00,Mon 12 Jul 2021,17070,31707,6085,2735911,2195429,124858,2860769,2320287,60.752293472774,49.2744282271873,430
-7.6926,53.28823,2021/07/12 23:00:00+00,Tue 13 Jul 2021,20058,36523,8479,2755969,2231952,133337,2889306,2365289,61.3583152098778,50.2301064769383,431
-7.6926,53.28823,2021/07/13 23:00:00+00,Wed 14 Jul 2021,20751,35653,9323,2776720,2267605,142660,2919380,2410265,61.9969772178554,51.1852325815736,432
-7.6926,53.28823,2021/07/14 23:00:00+00,Thu 15 Jul 2021,23575,28790,9567,2800295,2296395,152227,2952522,2448622,62.7007923494773,51.9997952815802,433
-7.6926,53.28823,2021/07/15 23:00:00+00,Fri 16 Jul 2021,23504,27364,9156,2823799,2323759,161383,2985182,2485142,63.3943715601094,52.7753468055326,434
-7.6926,53.28823,2021/07/16 23:00:00+00,Sat 17 Jul 2021,11465,19393,4671,2835264,2343152,166054,3001318,2509206,63.7370413134088,53.2863783463976,435
-7.6926,53.28823,2021/07/17 23:00:00+00,Sun 18 Jul 2021,16828,15780,1922,2852092,2358932,167976,3020068,2526908,64.1352228871796,53.6623042247384,436
-7.6926,53.28823,2021/07/18 23:00:00+00,Mon 19 Jul 2021,24838,18367,6237,2876930,2377299,174213,3051143,2551512,64.7951424821089,54.1848033949279,437
-7.6926,53.28823,2021/07/19 23:00:00+00,Tue 20 Jul 2021,30526,18118,7688,2907456,2395417,181901,3089357,2577318,65.6066683839796,54.7328286585401,438
-7.6926,53.28823,2021/07/20 23:00:00+00,Wed 21 Jul 2021,30307,19790,6880,2937763,2415207,188781,3126544,2603988,66.3963845537829,55.2992021290716,439
-7.6926,53.28823,2021/07/21 23:00:00+00,Thu 22 Jul 2021,33491,15879,6928,2971254,2431086,195709,3166963,2626795,67.2547366087289,55.783539577231,440
-7.6926,53.28823,2021/07/22 23:00:00+00,Fri 23 Jul 2021,27051,20771,5608,2998305,2451857,201317,3199622,2653174,67.9482945830105,56.3437332697375,441
-7.6926,53.28823,2021/07/23 23:00:00+00,Sat 24 Jul 2021,15406,14766,2263,3013711,2466623,203580,3217291,2670203,68.3235196617814,56.7053670841238,442
-7.6926,53.28823,2021/07/24 23:00:00+00,Sun 25 Jul 2021,14691,13613,1035,3028402,2480236,204615,3233017,2684851,68.6574825113344,57.0164371477288,443
-7.6926,53.28823,2021/07/25 23:00:00+00,Mon 26 Jul 2021,23788,18228,3413,3052190,2498464,208028,3260218,2706492,69.235132484035,57.4760130110873,444
-7.6926,53.28823,2021/07/26 23:00:00+00,Tue 27 Jul 2021,25449,23826,3659,3077639,2522290,211687,3289326,2733977,69.853280177332,58.0596941073587,445
-7.6926,53.28823,2021/07/27 23:00:00+00,Wed 28 Jul 2021,23397,25225,3254,3101036,2547515,214941,3315977,2762456,70.4192501572021,58.6644841361276,446
-7.6926,53.28823,2021/07/28 23:00:00+00,Thu 29 Jul 2021,19222,27806,2953,3120258,2575321,217894,3338152,2793215,70.8901662317816,59.317693044267,447
-7.6926,53.28823,2021/07/29 23:00:00+00,Fri 30 Jul 2021,21905,22876,2113,3142163,2598197,220007,3362170,2818204,71.4002209005189,59.848368209438,448
-7.6926,53.28823,2021/07/30 23:00:00+00,Sat 31 Jul 2021,13706,12424,901,3155869,2610621,220908,3376777,2831529,71.7104202737493,60.1313425811977,449
-7.6926,53.28823,2021/07/31 23:00:00+00,Sun 01 Aug 2021,11070,9281,368,3166939,2619902,221276,3388215,2841178,71.9533216519248,60.3362521281478,450
-7.6926,53.28823,2021/08/01 23:00:00+00,Mon 02 Aug 2021,14980,15948,423,3181919,2635850,221699,3403618,2857549,72.2804251602336,60.6839124238385,451
-7.6926,53.28823,2021/08/02 23:00:00+00,Tue 03 Aug 2021,17301,25381,1103,3199220,2661231,222802,3422022,2884033,72.6712589566963,61.2463359331582,452
-7.6926,53.28823,2021/08/03 23:00:00+00,Wed 04 Aug 2021,22068,17233,1571,3221288,2678464,224373,3445661,2902837,73.1732650485559,61.6456642698614,453
-7.6926,53.28823,2021/08/04 23:00:00+00,Thu 05 Aug 2021,13493,29977,1419,3234781,2708441,225792,3460573,2934233,73.4899415087195,62.3124007333337,454
-7.6926,53.28823,2021/08/05 23:00:00+00,Fri 06 Aug 2021,12162,24696,946,3246943,2733137,226738,3473681,2959875,73.7683075923988,62.8569432354472,455
-7.6926,53.28823,2021/08/06 23:00:00+00,Sat 07 Aug 2021,6313,8410,580,3253256,2741547,227318,3480574,2968865,73.9146897570923,63.0478580273511,456
-7.6926,53.28823,2021/08/07 23:00:00+00,Sun 08 Aug 2021,8601,11933,153,3261857,2753480,227471,3489328,2980951,74.1005927702543,63.3045205607161,457
-7.6926,53.28823,2021/08/08 23:00:00+00,Mon 09 Aug 2021,5509,22971,597,3267366,2776451,228068,3495434,3004519,74.2302619270247,63.805018871683,458
-7.6926,53.28823,2021/08/09 23:00:00+00,Tue 10 Aug 2021,9311,25933,708,3276677,2802384,228776,3505453,3031160,74.4430289236972,64.370776488047,459
-7.6926,53.28823,2021/08/10 23:00:00+00,Wed 11 Aug 2021,6978,31185,656,3283655,2833569,229432,3513087,3063001,74.605147224186,65.0469631275368,460
-7.6926,53.28823,2021/08/11 23:00:00+00,Thu 12 Aug 2021,6732,38230,857,3290387,2871799,230289,3520676,3102088,74.7663098888978,65.8770283634822,461
-7.6926,53.28823,2021/08/12 23:00:00+00,Fri 13 Aug 2021,10887,28188,864,3301274,2899987,231153,3532427,3131140,75.0158582448114,66.4939868211455,462
-7.6926,53.28823,2021/08/13 23:00:00+00,Sat 14 Aug 2021,18108,5810,277,3319382,2905797,231430,3550812,3137227,75.4062885506127,66.6232524872545,463
-7.6926,53.28823,2021/08/14 23:00:00+00,Sun 15 Aug 2021,16988,3701,47,3336370,2909498,231477,3567847,3140975,75.7680497831025,66.7028463293074,464
-7.6926,53.28823,2021/08/15 23:00:00+00,Mon 16 Aug 2021,10158,23083,381,3346528,2932581,231858,3578386,3164439,75.9918596820876,67.2011360598118,465
-7.6926,53.28823,2021/08/16 23:00:00+00,Tue 17 Aug 2021,12845,26810,524,3359373,2959391,232382,3591755,3191773,76.2757684532738,67.7816104671424,466
-7.6926,53.28823,2021/08/17 23:00:00+00,Wed 18 Aug 2021,15203,25727,655,3374576,2985118,233037,3607613,3218155,76.6125345011061,68.3418678687007,467
-7.6926,53.28823,2021/08/18 23:00:00+00,Thu 19 Aug 2021,11341,25647,539,3385917,3010765,233576,3619493,3244341,76.8648223462472,68.8979629455413,468
-7.6926,53.28823,2021/08/19 23:00:00+00,Fri 20 Aug 2021,14822,22198,684,3400739,3032963,234260,3634999,3267223,77.194113198668,69.3838931199958,469
