X,Y,VaccinationDate,VaccineText,Dose1,Dose2,SingleDose,Dose1Cum,Dose2Cum,SingleDoseCum,PartiallyVacc,FullyVacc,PartialPercent,FullyPercent,ObjectId
-7.6926,53.28823,2020/12/28 00:00:00+00,Mon 28 Dec 2020,271,18,2,271,18,2,273,20,0.00568925537233467,0.000416795265372503,1
-7.6926,53.28823,2021/07/19 23:00:00+00,Tue 20 Jul 2021,30603,18193,7699,2914122,2399366,182412,3096534,2581778,64.531035513249,53.8036423321446,2
-7.6926,53.28823,2020/12/29 00:00:00+00,Tue 29 Dec 2020,80,3,0,351,21,2,353,23,0.00735643643382469,0.000479314555178379,3
-7.6926,53.28823,2021/07/20 23:00:00+00,Wed 21 Jul 2021,30371,19852,6894,2944493,2419218,189306,3133799,2608524,65.3076292914543,54.3610226405272,4
-7.6926,53.28823,2021/07/21 23:00:00+00,Thu 22 Jul 2021,33546,15940,6937,2978039,2435158,196243,3174282,2631401,66.1512854278581,54.8377739048235,5
-7.6926,53.28823,2020/12/30 00:00:00+00,Wed 30 Dec 2020,1063,2,0,1414,23,2,1416,25,0.0295091047883732,0.000520994081715629,6
-7.6926,53.28823,2020/12/31 00:00:00+00,Thu 31 Dec 2020,1041,1,0,2455,24,2,2457,26,0.051203298351012,0.000541833844984254,7
-7.6926,53.28823,2021/07/22 23:00:00+00,Fri 23 Jul 2021,27086,20847,5616,3005125,2456005,201859,3206984,2657864,66.8327873662686,55.3892565602012,8
-7.6926,53.28823,2021/07/23 23:00:00+00,Sat 24 Jul 2021,15446,14819,2276,3020571,2470824,204135,3224706,2674959,67.2021096509152,55.7455123132783,9
-7.6926,53.28823,2021/01/01 00:00:00+00,Fri 01 Jan 2021,819,0,0,3274,24,2,3276,26,0.0682710644680161,0.000541833844984254,10
-7.6926,53.28823,2021/07/24 23:00:00+00,Sun 25 Jul 2021,14741,13652,1046,3035312,2484476,205181,3240493,2689657,67.531106993637,56.0518151538006,11
-7.6926,53.28823,2021/01/02 00:00:00+00,Sat 02 Jan 2021,1020,0,0,4294,24,2,4296,26,0.0895276230020138,0.000541833844984254,12
-7.6926,53.28823,2021/01/03 00:00:00+00,Sun 03 Jan 2021,24,3,1,4318,27,3,4321,30,0.0900486170837294,0.000625192898058755,13
-7.6926,53.28823,2021/07/25 23:00:00+00,Mon 26 Jul 2021,23851,18322,3422,3059163,2502798,208603,3267766,2711401,68.0994698572622,56.5049549663136,14
-7.6926,53.28823,2021/01/04 00:00:00+00,Mon 04 Jan 2021,1197,5,0,5515,32,3,5518,35,0.114993813716274,0.000729391714401881,15
-7.6926,53.28823,2021/01/05 00:00:00+00,Tue 05 Jan 2021,3542,14,0,9057,46,3,9060,49,0.188808255213744,0.00102114840016263,16
-7.6926,53.28823,2021/07/26 23:00:00+00,Tue 27 Jul 2021,25527,23920,3672,3084690,2526718,212275,3296965,2738993,68.7079701049428,57.0799657144215,17
-7.6926,53.28823,2021/01/06 00:00:00+00,Wed 06 Jan 2021,6791,14,0,15848,60,3,15851,63,0.330331087570978,0.00131290508592339,18
-7.6926,53.28823,2021/07/27 23:00:00+00,Wed 28 Jul 2021,23448,25297,3265,3108138,2552015,215540,3323678,2767555,69.2646627011376,57.6751910328999,19
-7.6926,53.28823,2021/01/07 00:00:00+00,Thu 07 Jan 2021,11739,9,0,27587,69,3,27590,72,0.574969068581369,0.00150046295534101,20
-7.6926,53.28823,2021/07/28 23:00:00+00,Thu 29 Jul 2021,19295,27883,2962,3127433,2579898,218502,3345935,2798400,69.7284933122074,58.3179935309207,21
-7.6926,53.28823,2021/01/08 00:00:00+00,Fri 08 Jan 2021,12688,6,0,40275,75,3,40278,78,0.839383984933685,0.00162550153495276,22
-7.6926,53.28823,2021/07/29 23:00:00+00,Fri 30 Jul 2021,21964,22957,2123,3149397,2602855,220625,3370022,2823480,70.2304606900587,58.8406547936978,23
-7.6926,53.28823,2021/01/09 00:00:00+00,Sat 09 Jan 2021,8078,7,0,48353,82,3,48356,85,1.00772759261764,0.00177137987783314,24
-7.6926,53.28823,2021/07/30 23:00:00+00,Sat 31 Jul 2021,13755,12496,907,3163152,2615351,221532,3384684,2836883,70.5360132991033,59.1199701407872,25
-7.6926,53.28823,2021/01/10 00:00:00+00,Sun 10 Jan 2021,4788,5,1,53141,87,4,53145,91,1.10752921891108,0.00189641845744489,26
-7.6926,53.28823,2021/07/31 23:00:00+00,Sun 01 Aug 2021,11146,9350,369,3174298,2624701,221901,3396199,2846602,70.7759831731415,59.322511799995,27
-7.6926,53.28823,2021/01/11 00:00:00+00,Mon 11 Jan 2021,8352,8,0,61493,95,4,61497,99,1.28158292173064,0.00206313656359389,28
-7.6926,53.28823,2021/08/01 23:00:00+00,Mon 02 Aug 2021,15033,16047,430,3189331,2640748,222331,3411662,2863079,71.0982284325643,59.6658885793721,29
-7.6926,53.28823,2021/01/12 00:00:00+00,Tue 12 Jan 2021,8897,14,0,70390,109,4,70394,113,1.4669942955316,0.00235489324935464,30
-7.6926,53.28823,2021/08/02 23:00:00+00,Tue 03 Aug 2021,17355,25462,1111,3206686,2666210,223442,3430128,2889652,71.4830555010827,60.2196636087093,31
-7.6926,53.28823,2021/01/13 00:00:00+00,Wed 13 Jan 2021,9900,4,0,80290,113,4,80294,117,1.67330795189099,0.00243825230242915,32
-7.6926,53.28823,2021/08/03 23:00:00+00,Wed 04 Aug 2021,22131,17316,1575,3228817,2683526,225017,3453834,2908543,71.9770829291288,60.6133475766169,33
-7.6926,53.28823,2021/01/14 00:00:00+00,Thu 14 Jan 2021,8096,6,0,88386,119,4,88390,123,1.84202667531378,0.0025632908820409,34
-7.6926,53.28823,2021/08/04 23:00:00+00,Thu 05 Aug 2021,13547,30062,1421,3242364,2713588,226438,3468802,2940026,72.2890125057335,61.269445843603,35
-7.6926,53.28823,2021/01/15 00:00:00+00,Fri 15 Jan 2021,7703,4,0,96089,123,4,96093,127,2.002555371772,0.0026466499351154,36
-7.6926,53.28823,2021/08/05 23:00:00+00,Fri 06 Aug 2021,12223,24754,949,3254587,2738342,227387,3481974,2965729,72.5635138675079,61.8050902788965,37
-7.6926,53.28823,2021/01/16 00:00:00+00,Sat 16 Jan 2021,5247,2,0,101336,125,4,101340,129,2.11190160964248,0.00268832946165265,38
-7.6926,53.28823,2021/08/06 23:00:00+00,Sat 07 Aug 2021,6341,8469,584,3260928,2746811,227971,3488899,2974782,72.7078292281431,61.9937526557673,39
-7.6926,53.28823,2021/01/17 00:00:00+00,Sun 17 Jan 2021,1116,5,0,102452,130,4,102456,134,2.13515878545026,0.00279252827799577,40
-7.6926,53.28823,2021/08/07 23:00:00+00,Sun 08 Aug 2021,8634,11990,153,3269562,2758801,228124,3497686,2986925,72.8909482279845,62.2468099011382,41
-7.6926,53.28823,2021/01/18 00:00:00+00,Mon 18 Jan 2021,8728,9,1,111180,139,5,111185,144,2.31706907902209,0.00300092591068202,42
-7.6926,53.28823,2021/08/08 23:00:00+00,Mon 09 Aug 2021,5558,23048,601,3275120,2781849,228725,3503845,3010574,73.019300329956,62.739649462678,43
-7.6926,53.28823,2021/08/09 23:00:00+00,Tue 10 Aug 2021,9379,26022,717,3284499,2807871,229442,3513941,3037313,73.229698579916,63.2968838927177,44
-7.6926,53.28823,2021/01/19 00:00:00+00,Tue 19 Jan 2021,8395,21,0,119575,160,5,119580,165,2.4920188916622,0.00343856093932315,45
-7.6926,53.28823,2021/08/10 23:00:00+00,Wed 11 Aug 2021,7028,31246,666,3291527,2839117,230108,3521635,3069225,73.3900397185048,63.9619224181461,46
-7.6926,53.28823,2021/08/11 23:00:00+00,Thu 12 Aug 2021,6788,38308,865,3298315,2877425,230973,3529288,3108398,73.5495264267996,64.7782784646679,47
-7.6926,53.28823,2021/01/20 00:00:00+00,Wed 20 Jan 2021,8453,965,0,128028,1125,5,128033,1130,2.66817741057189,0.0235489324935464,48
-7.6926,53.28823,2021/08/12 23:00:00+00,Fri 13 Aug 2021,10944,28231,875,3309259,2905656,231848,3541107,3137504,73.7958315888715,65.3848406143646,49
-7.6926,53.28823,2021/01/21 00:00:00+00,Thu 21 Jan 2021,9012,966,0,137040,2091,5,137045,2096,2.85598535714874,0.0436801438110384,50
-7.6926,53.28823,2021/01/22 00:00:00+00,Fri 22 Jan 2021,6789,970,0,143829,3061,5,143834,3066,2.99746650997943,0.0638947141816048,51
-7.6926,53.28823,2021/01/23 00:00:00+00,Sat 23 Jan 2021,4202,461,0,148031,3522,5,148036,3527,3.0850351952342,0.073501845048441,52
-7.6926,53.28823,2021/01/24 00:00:00+00,Sun 24 Jan 2021,1187,399,0,149218,3921,5,149223,3926,3.10977199423405,0.0818169105926224,53
-7.6926,53.28823,2021/01/25 00:00:00+00,Mon 25 Jan 2021,1370,1293,0,150588,5214,5,150593,5219,3.13832246991207,0.108762724498955,54
-7.6926,53.28823,2021/01/26 00:00:00+00,Tue 26 Jan 2021,1010,3507,0,151598,8721,5,151603,8726,3.15937063081338,0.181847774282023,55
-7.6926,53.28823,2021/01/27 00:00:00+00,Wed 27 Jan 2021,2188,6708,0,153786,15429,5,153791,15434,3.20496803284513,0.321640906287961,56
-7.6926,53.28823,2021/01/28 00:00:00+00,Thu 28 Jan 2021,1024,11544,0,154810,26973,5,154815,26978,3.22630795043221,0.56221513346097,57
-7.6926,53.28823,2021/01/29 00:00:00+00,Fri 29 Jan 2021,1591,11526,0,156401,38499,5,156406,38504,3.25946401379259,0.802414244895144,58
-7.6926,53.28823,2021/01/30 00:00:00+00,Sat 30 Jan 2021,652,7793,0,157053,46292,5,157058,46297,3.27305153944373,0.96481852004754,59
-7.6926,53.28823,2021/01/31 00:00:00+00,Sun 31 Jan 2021,236,4086,0,157289,50378,5,157294,50383,3.27796972357513,1.04996979276314,60
-7.6926,53.28823,2021/02/01 00:00:00+00,Mon 01 Feb 2021,1037,8333,1,158326,58711,6,158332,58717,3.29960139784796,1.22364837984386,61
-7.6926,53.28823,2021/02/02 00:00:00+00,Tue 02 Feb 2021,843,5112,0,159169,63823,6,159175,63829,3.31716931828341,1.33018124967308,62
-7.6926,53.28823,2021/02/03 00:00:00+00,Wed 03 Feb 2021,1411,6870,0,160580,70693,6,160586,70699,3.34657422425544,1.47335042332853,63
-7.6926,53.28823,2021/02/04 00:00:00+00,Thu 04 Feb 2021,1454,10541,1,162034,81234,7,162041,81241,3.37689607981129,1.69304320770638,64
-7.6926,53.28823,2021/02/05 00:00:00+00,Fri 05 Feb 2021,3404,8616,0,165438,89850,7,165445,89857,3.44783463397769,1.87259860802885,65
-7.6926,53.28823,2021/02/06 00:00:00+00,Sat 06 Feb 2021,910,3870,0,166348,93720,7,166355,93727,3.46679881855214,1.95324849187843,66
-7.6926,53.28823,2021/02/07 00:00:00+00,Sun 07 Feb 2021,339,1301,2,166687,95021,9,166696,95030,3.47390517782674,1.98040270341745,67
-7.6926,53.28823,2021/02/08 00:00:00+00,Mon 08 Feb 2021,1195,881,0,167882,95902,9,167891,95911,3.49880869493275,1.99876253485711,68
-7.6926,53.28823,2021/02/09 00:00:00+00,Tue 09 Feb 2021,4274,553,3,172156,96455,12,172168,96467,3.58794036243266,2.01034944323446,69
-7.6926,53.28823,2021/02/10 00:00:00+00,Wed 10 Feb 2021,8832,584,0,180988,97039,12,181000,97051,3.77199715162116,2.02251986498334,70
-7.6926,53.28823,2021/02/11 00:00:00+00,Thu 11 Feb 2021,6199,449,0,187187,97488,12,187199,97500,3.90118284412336,2.03187691869095,71
-7.6926,53.28823,2021/02/12 00:00:00+00,Fri 12 Feb 2021,4401,527,0,191588,98015,12,191600,98027,3.99289864226858,2.04285947393352,72
-7.6926,53.28823,2021/02/13 00:00:00+00,Sat 13 Feb 2021,1220,1918,0,192808,99933,12,192820,99945,4.01832315345631,2.08283013988274,73
-7.6926,53.28823,2021/02/14 00:00:00+00,Sun 14 Feb 2021,2706,27,0,195514,99960,12,195526,99972,4.07471555286121,2.083392813491,74
-7.6926,53.28823,2021/02/15 00:00:00+00,Mon 15 Feb 2021,1970,7895,0,197484,107855,12,197496,107867,4.1157698865004,2.24792274449679,75
-7.6926,53.28823,2021/02/16 00:00:00+00,Tue 16 Feb 2021,5658,8167,0,203142,116022,12,203154,116034,4.23368126707428,2.41812109111165,76
-7.6926,53.28823,2021/02/17 00:00:00+00,Wed 17 Feb 2021,9757,8466,0,212899,124488,12,212911,124500,4.43701483728625,2.59455052694383,77
-7.6926,53.28823,2021/02/18 00:00:00+00,Thu 18 Feb 2021,8471,8358,1,221370,132846,13,221383,132859,4.61356931169805,2.76875010810627,78
-7.6926,53.28823,2021/02/19 00:00:00+00,Fri 19 Feb 2021,9400,6590,2,230770,139436,15,230785,139451,4.80950476594966,2.90612582757305,79
-7.6926,53.28823,2021/02/20 00:00:00+00,Sat 20 Feb 2021,5898,3576,2,236668,143012,17,236685,143029,4.93245936923455,2.98069050054819,80
-7.6926,53.28823,2021/02/21 00:00:00+00,Sun 21 Feb 2021,1117,1025,6,237785,144037,23,237808,144060,4.95586242338522,3.00217629647814,81
-7.6926,53.28823,2021/02/22 00:00:00+00,Mon 22 Feb 2021,3954,1124,2,241739,145161,25,241764,145186,5.0383045268759,3.02564186991861,82
-7.6926,53.28823,2021/02/23 00:00:00+00,Tue 23 Feb 2021,13370,1074,1,255109,146235,26,255135,146261,5.31695300154068,3.04804461543239,83
-7.6926,53.28823,2021/02/24 00:00:00+00,Wed 24 Feb 2021,16949,2110,5,272058,148345,31,272089,148376,5.67027034799696,3.09212071474553,84
-7.6926,53.28823,2021/02/25 00:00:00+00,Thu 25 Feb 2021,18107,1763,3,290165,150108,34,290199,150142,6.04767846079176,3.12892373667792,85
-7.6926,53.28823,2021/02/26 00:00:00+00,Fri 26 Feb 2021,16093,2775,1,306258,152883,35,306293,152918,6.38307361083701,3.18677491951162,86
-7.6926,53.28823,2021/02/27 00:00:00+00,Sat 27 Feb 2021,9008,706,1,315266,153589,36,315302,153625,6.57081903812405,3.20150863214254,87
-7.6926,53.28823,2021/02/28 00:00:00+00,Sun 28 Feb 2021,2451,59,2,317717,153648,38,317755,153686,6.62193897742199,3.20277985770193,88
-7.6926,53.28823,2021/03/01 00:00:00+00,Mon 01 Mar 2021,5616,806,0,323333,154454,38,323371,154492,6.73897508793859,3.21957670689644,89
-7.6926,53.28823,2021/03/02 00:00:00+00,Tue 02 Mar 2021,12202,1617,0,335535,156071,38,335573,156109,6.99326187934235,3.25327460410181,90
-7.6926,53.28823,2021/03/03 00:00:00+00,Wed 03 Mar 2021,12917,1512,1,348452,157583,39,348491,157622,7.26246994124646,3.28480516592724,91
-7.6926,53.28823,2021/03/04 00:00:00+00,Thu 04 Mar 2021,18734,1697,5,367186,159280,44,367230,159324,7.65298626513722,3.32027444301044,92
-7.6926,53.28823,2021/03/05 00:00:00+00,Fri 05 Mar 2021,18466,2403,6,385652,161683,50,385702,161733,8.03793837223527,3.37047743272456,93
-7.6926,53.28823,2021/03/06 00:00:00+00,Sat 06 Mar 2021,10412,148,5,396064,161831,55,396119,161886,8.25502618620454,3.37366591650465,94
-7.6926,53.28823,2021/03/07 00:00:00+00,Sun 07 Mar 2021,1537,16,3,397601,161847,58,397659,161905,8.28711942163822,3.37406187200676,95
-7.6926,53.28823,2021/03/08 00:00:00+00,Mon 08 Mar 2021,6682,1510,6,404283,163357,64,404347,163421,8.42649575837878,3.40565495312199,96
-7.6926,53.28823,2021/03/09 00:00:00+00,Tue 09 Mar 2021,13852,3112,6,418135,166469,70,418205,166539,8.71529319775539,3.47063333499357,97
-7.6926,53.28823,2021/03/10 00:00:00+00,Wed 10 Mar 2021,13756,3999,3,431891,170468,73,431964,170541,9.0020275005684,3.55403406759461,98
-7.6926,53.28823,2021/03/11 00:00:00+00,Thu 11 Mar 2021,18503,2108,4,450394,172576,77,450471,172653,9.38770899938085,3.59804764761794,99
-7.6926,53.28823,2021/03/12 00:00:00+00,Fri 12 Mar 2021,17349,1348,4,467743,173924,81,467824,174005,9.7493414113813,3.62622300755712,100
-7.6926,53.28823,2021/03/13 00:00:00+00,Sat 13 Mar 2021,8331,180,0,476074,174104,81,476155,174185,9.92295747917222,3.62997416494548,101
-7.6926,53.28823,2021/03/14 00:00:00+00,Sun 14 Mar 2021,392,22,2,476466,174126,83,476549,174209,9.93116834590006,3.63047431926392,102
-7.6926,53.28823,2021/03/15 00:00:00+00,Mon 15 Mar 2021,2672,1002,0,479138,175128,83,479221,175211,9.98685219335382,3.65135576205909,103
-7.6926,53.28823,2021/03/16 00:00:00+00,Tue 16 Mar 2021,8970,3830,2,488108,178958,85,488193,179043,10.1738265493999,3.73121373490446,104
-7.6926,53.28823,2021/03/17 00:00:00+00,Wed 17 Mar 2021,4899,2426,7,493007,181384,92,493099,181476,10.2760664279958,3.78191687893702,105
-7.6926,53.28823,2021/03/18 00:00:00+00,Thu 18 Mar 2021,11748,4690,7,504755,186074,99,504854,186173,10.5210378452185,3.87980124700975,106
-7.6926,53.28823,2021/03/19 00:00:00+00,Fri 19 Mar 2021,10393,6142,2,515148,192216,101,515249,192317,10.7376671843959,4.00784075253219,107
-7.6926,53.28823,2021/03/20 00:00:00+00,Sat 20 Mar 2021,5259,3127,4,520407,195343,105,520512,195448,10.8473468584786,4.07309005132625,108
-7.6926,53.28823,2021/03/21 00:00:00+00,Sun 21 Mar 2021,3654,59,3,524061,195402,108,524169,195510,10.923557872752,4.07438211664891,109
-7.6926,53.28823,2021/03/22 00:00:00+00,Mon 22 Mar 2021,7428,2416,1,531489,197818,109,531598,197927,11.0783764740746,4.12475182446918,110
-7.6926,53.28823,2021/03/23 00:00:00+00,Tue 23 Mar 2021,12579,7406,4,544068,205224,113,544181,205337,11.3406032152837,4.27917447028969,111
-7.6926,53.28823,2021/03/24 00:00:00+00,Wed 24 Mar 2021,13645,9786,2,557713,215010,115,557828,215125,11.6250034646106,4.48315407316299,112
-7.6926,53.28823,2021/03/25 00:00:00+00,Thu 25 Mar 2021,20888,10230,3,578601,225240,118,578719,225358,12.0603669590555,4.69640737069083,113
-7.6926,53.28823,2021/03/26 00:00:00+00,Fri 26 Mar 2021,19713,9507,1,598314,234747,119,598433,234866,12.4712020521332,4.89455183984892,114
-7.6926,53.28823,2021/03/27 00:00:00+00,Sat 27 Mar 2021,11766,5362,3,610080,240109,122,610202,240231,12.7164652260416,5.00635716978509,115
-7.6926,53.28823,2021/03/28 00:00:00+00,Sun 28 Mar 2021,2498,489,0,612578,240598,122,612700,240720,12.7685229546866,5.01654781402345,116
-7.6926,53.28823,2021/03/28 23:00:00+00,Mon 29 Mar 2021,9290,3130,3,621868,243728,125,621993,243853,12.962186874742,5.08183879234405,117
-7.6926,53.28823,2021/03/29 23:00:00+00,Tue 30 Mar 2021,13346,8677,4,635214,252405,129,635343,252534,13.2403977143781,5.26274877727899,118
-7.6926,53.28823,2021/03/30 23:00:00+00,Wed 31 Mar 2021,15849,10510,4,651063,262915,133,651196,263048,13.5707704814756,5.48185804828531,119
-7.6926,53.28823,2021/03/31 23:00:00+00,Thu 01 Apr 2021,19721,11589,9,670784,274504,142,670926,274646,13.9819390107656,5.72355762267483,120
-7.6926,53.28823,2021/04/01 23:00:00+00,Fri 02 Apr 2021,20160,13727,9,690944,288231,151,691095,288382,14.4022561961305,6.00981261093266,121
-7.6926,53.28823,2021/04/02 23:00:00+00,Sat 03 Apr 2021,7556,4640,7,698500,292871,158,698658,293029,14.5598673257311,6.10665499084197,122
-7.6926,53.28823,2021/04/03 23:00:00+00,Sun 04 Apr 2021,3046,171,3,701546,293042,161,701707,293203,14.6234077639372,6.11028110965071,123
-7.6926,53.28823,2021/04/04 23:00:00+00,Mon 05 Apr 2021,3450,615,6,704996,293657,167,705163,293824,14.6954299857935,6.12322260264052,124
-7.6926,53.28823,2021/04/05 23:00:00+00,Tue 06 Apr 2021,12011,8161,12,717007,301818,179,717186,301997,14.9459864595722,6.293545987835,125
-7.6926,53.28823,2021/04/06 23:00:00+00,Wed 07 Apr 2021,18378,10495,12,735385,312313,191,735576,312504,15.3292297060822,6.51250938049844,126
-7.6926,53.28823,2021/04/07 23:00:00+00,Thu 08 Apr 2021,20202,10575,17,755587,322888,208,755795,323096,15.7505888796106,6.73324415303972,127
-7.6926,53.28823,2021/04/08 23:00:00+00,Fri 09 Apr 2021,20684,9170,16,776271,332058,224,776495,332282,16.1819719792711,6.92467821842531,128
-7.6926,53.28823,2021/08/13 23:00:00+00,Sat 14 Aug 2021,18146,5855,281,3327405,2911511,232129,3559534,3143640,74.1798459066224,65.5127134017808,129
-7.6926,53.28823,2021/04/09 23:00:00+00,Sat 10 Apr 2021,11186,4184,12,787457,336242,236,787693,336478,16.4153356483532,7.01212186510046,130
-7.6926,53.28823,2021/08/14 23:00:00+00,Sun 15 Aug 2021,17003,3739,52,3344408,2915250,232181,3576589,3147431,74.5352680691688,65.5917169443322,131
-7.6926,53.28823,2021/04/10 23:00:00+00,Sun 11 Apr 2021,2868,368,9,790325,336610,245,790570,336855,16.475291647277,7.01997845585273,132
-7.6926,53.28823,2021/08/15 23:00:00+00,Mon 16 Aug 2021,10201,23167,386,3354609,2938417,232567,3587176,3170984,74.7558986428938,66.0825558885981,133
-7.6926,53.28823,2021/04/11 23:00:00+00,Mon 12 Apr 2021,7787,2807,13,798112,339417,258,798370,339675,16.6378418007723,7.07874658827026,134
-7.6926,53.28823,2021/08/16 23:00:00+00,Tue 17 Aug 2021,12878,26875,530,3367487,2965292,233097,3600584,3198389,75.0353181887995,66.6536696009748,135
-7.6926,53.28823,2021/04/12 23:00:00+00,Tue 13 Apr 2021,11528,8594,1,809640,348011,259,809899,348270,16.8781034314963,7.25786435356409,136
-7.6926,53.28823,2021/08/17 23:00:00+00,Wed 18 Aug 2021,15243,25781,658,3382730,2991073,233755,3616485,3224828,75.3666912645339,67.204652102034,137
-7.6926,53.28823,2021/04/13 23:00:00+00,Wed 14 Apr 2021,20353,6600,2,829993,354611,261,830254,354872,17.3022968128291,7.39544847066355,138
-7.6926,53.28823,2021/08/18 23:00:00+00,Thu 19 Aug 2021,11373,25734,545,3394103,3016807,234300,3628403,3251107,75.6150595631694,67.7523002409702,139
-7.6926,53.28823,2021/04/14 23:00:00+00,Thu 15 Apr 2021,27115,10820,1,857108,365431,262,857370,365693,17.8673878336212,7.62095554899335,140
-7.6926,53.28823,2021/08/19 23:00:00+00,Fri 20 Aug 2021,14859,22276,686,3408962,3039083,234986,3643948,3274069,75.9390136831802,68.2308228851443,141
-7.6926,53.28823,2021/04/15 23:00:00+00,Fri 16 Apr 2021,27968,9845,1,885076,375276,263,885339,375539,18.4502551724813,7.82614385813623,142
-7.6926,53.28823,2021/08/20 23:00:00+00,Sat 21 Aug 2021,11904,7992,246,3420866,3047075,235232,3656098,3282307,76.192216806894,68.4025008549513,143
-7.6926,53.28823,2021/04/16 23:00:00+00,Sat 17 Apr 2021,15856,4564,3,900932,379840,266,901198,380106,18.7807529781585,7.92131905698404,144
-7.6926,53.28823,2021/08/21 23:00:00+00,Sun 22 Aug 2021,8005,12260,162,3428871,3059335,235394,3664265,3294729,76.3624151535088,68.6613723942741,145
-7.6926,53.28823,2021/08/22 23:00:00+00,Mon 23 Aug 2021,10881,15397,291,3439752,3074732,235685,3675437,3310417,76.5952369887459,68.9883066004323,146
-7.6926,53.28823,2021/08/23 23:00:00+00,Tue 24 Aug 2021,9722,22933,384,3449474,3097665,236069,3685543,3333734,76.8058436363386,69.4742273605669,147
-7.6926,53.28823,2021/08/24 23:00:00+00,Wed 25 Aug 2021,9425,19548,318,3458899,3117213,236387,3695286,3353600,77.0088854498648,69.8882300976614,148
-7.6926,53.28823,2021/08/25 23:00:00+00,Thu 26 Aug 2021,8596,19453,369,3467495,3136666,236756,3704251,3373422,77.1957139275681,70.3013158851721,149
-7.6926,53.28823,2021/08/26 23:00:00+00,Fri 27 Aug 2021,9732,19226,432,3477227,3155892,237188,3714415,3393080,77.4075292814304,70.7109839515067,150
-7.6926,53.28823,2021/08/27 23:00:00+00,Sat 28 Aug 2021,9932,7942,155,3487159,3163834,237343,3724502,3401177,77.617739973521,70.8797235146928,151
-7.6926,53.28823,2021/08/28 23:00:00+00,Sun 29 Aug 2021,8803,9198,30,3495962,3173032,237373,3733335,3410405,77.8018176024728,71.0720328501356,152
-7.6926,53.28823,2021/08/29 23:00:00+00,Mon 30 Aug 2021,5071,11156,85,3501033,3184188,237458,3738491,3421646,77.9092674218858,71.3062926290383,153
-7.6926,53.28823,2021/08/30 23:00:00+00,Tue 31 Aug 2021,4076,12914,145,3505109,3197102,237603,3742712,3434705,77.9972320626427,71.5784390975632,154
-7.6926,53.28823,2021/08/31 23:00:00+00,Wed 01 Sep 2021,4988,12556,184,3510097,3209658,237787,3747884,3447445,78.105015318268,71.8439376816055,155
-7.6926,53.28823,2021/09/01 23:00:00+00,Thu 02 Sep 2021,5014,12376,249,3515111,3222034,238036,3753147,3460070,78.2146949923508,72.1070396928719,156
-7.6926,53.28823,2021/09/02 23:00:00+00,Fri 03 Sep 2021,4783,16099,167,3519894,3238133,238203,3758097,3476336,78.3178518205305,72.4460192821994,157
-7.6926,53.28823,2021/09/03 23:00:00+00,Sat 04 Sep 2021,4632,10590,136,3524526,3248723,238339,3762865,3487062,78.4172158117953,72.6695465830186,158
-7.6926,53.28823,2021/09/04 23:00:00+00,Sun 05 Sep 2021,5310,11911,1,3529836,3260634,238340,3768176,3498974,78.5278957945149,72.9177898430745,159
-7.6926,53.28823,2021/09/05 23:00:00+00,Mon 06 Sep 2021,2170,9697,76,3532006,3270331,238416,3770422,3508747,78.5747019028163,73.1214568494988,160
-7.6926,53.28823,2021/09/06 23:00:00+00,Tue 07 Sep 2021,3035,10037,160,3535041,3280368,238576,3773617,3518944,78.6412849464595,73.3339599155489,161
-7.6926,53.28823,2021/09/07 23:00:00+00,Wed 08 Sep 2021,2614,14806,191,3537655,3295174,238767,3776422,3533941,78.699740482428,73.6464938452885,162
-7.6926,53.28823,2021/09/08 23:00:00+00,Thu 09 Sep 2021,3129,14824,138,3540784,3309998,238905,3779689,3548903,78.7678239890266,73.9582983833137,163
-7.6926,53.28823,2021/09/09 23:00:00+00,Fri 10 Sep 2021,3391,13950,116,3544175,3323948,239021,3783196,3562969,78.8409090388097,74.2514304934502,164
-7.6926,53.28823,2021/09/10 23:00:00+00,Sat 11 Sep 2021,2563,11346,62,3546738,3335294,239083,3785821,3574377,78.8956134173898,74.4891705128186,165
-7.6926,53.28823,2021/09/11 23:00:00+00,Sun 12 Sep 2021,2043,12884,1,3548781,3348178,239084,3787865,3587262,78.9382098935109,74.7576908625349,166
-7.6926,53.28823,2021/09/12 23:00:00+00,Mon 13 Sep 2021,1624,7750,52,3550405,3355928,239136,3789541,3595064,78.9731373367491,74.9202826955567,167
-7.6926,53.28823,2021/09/13 23:00:00+00,Tue 14 Sep 2021,1556,10796,82,3551961,3366724,239218,3791179,3605942,79.0072728689831,75.1469776403928,168
-7.6926,53.28823,2021/09/14 23:00:00+00,Wed 15 Sep 2021,3290,12379,138,3555251,3379103,239356,3794607,3618459,79.078711577468,75.4078289572262,169
-7.6926,53.28823,2021/09/15 23:00:00+00,Thu 16 Sep 2021,1920,10582,115,3557171,3389685,239471,3796642,3629156,79.1211204957196,75.6307519049107,170
-7.6926,53.28823,2021/09/16 23:00:00+00,Fri 17 Sep 2021,2563,14624,95,3559734,3404309,239566,3799300,3643875,79.1765125864876,75.9374923804616,171
-7.6926,53.28823,2021/09/17 23:00:00+00,Sat 18 Sep 2021,2292,11242,48,3562026,3415551,239614,3801640,3655165,79.2252776325362,76.1727733077643,172
-7.6926,53.28823,2021/09/18 23:00:00+00,Sun 19 Sep 2021,1864,8496,16,3563890,3424047,239630,3803520,3663677,79.2644563874812,76.3501613727069,173
-7.6926,53.28823,2021/09/19 23:00:00+00,Mon 20 Sep 2021,965,5635,35,3564855,3429682,239665,3804520,3669347,79.2852961507499,76.46832283044,174
-7.6926,53.28823,2021/09/20 23:00:00+00,Tue 21 Sep 2021,1477,6681,90,3566332,3436363,239755,3806087,3676118,79.3179520597918,76.6094288675318,175
-7.6926,53.28823,2021/09/21 23:00:00+00,Wed 22 Sep 2021,1902,8160,97,3568234,3444523,239852,3808086,3684375,79.3596107465658,76.7815027928409,176
-7.6926,53.28823,2021/09/22 23:00:00+00,Thu 23 Sep 2021,1691,8736,89,3569925,3453259,239941,3809866,3693200,79.3967055251839,76.9654137036865,177
-7.6926,53.28823,2021/09/23 23:00:00+00,Fri 24 Sep 2021,1915,7397,81,3571840,3460656,240022,3811862,3700678,79.4383016926681,77.1212534534093,178
-7.6926,53.28823,2021/09/24 23:00:00+00,Sat 25 Sep 2021,2422,6609,53,3574262,3467265,240075,3814337,3707340,79.4898801067579,77.2600879563049,179
-7.6926,53.28823,2021/09/25 23:00:00+00,Sun 26 Sep 2021,1549,7101,0,3575811,3474366,240075,3815886,3714441,79.522160900061,77.4080711152754,180
-7.6926,53.28823,2021/09/26 23:00:00+00,Mon 27 Sep 2021,1179,3833,45,3576990,3478199,240120,3817110,3718319,79.5476687703018,77.4888877172311,181
-7.6926,53.28823,2021/09/27 23:00:00+00,Tue 28 Sep 2021,1455,5152,93,3578445,3483351,240213,3818658,3723564,79.5799287238417,77.598192275575,182
-7.6926,53.28823,2021/09/28 23:00:00+00,Wed 29 Sep 2021,1654,3630,80,3580099,3486981,240293,3820392,3727274,79.6160648733495,77.6755077973016,183
-7.6926,53.28823,2021/09/29 23:00:00+00,Thu 30 Sep 2021,1275,3988,78,3581374,3490969,240371,3821745,3731340,79.6442610730519,77.7602422747519,184
-7.6926,53.28823,2021/09/30 23:00:00+00,Fri 01 Oct 2021,1871,5197,42,3583245,3496166,240413,3823658,3736579,79.6841275401848,77.8694217945162,185
-7.6926,53.28823,2021/10/01 23:00:00+00,Sat 02 Oct 2021,1684,4103,41,3584929,3500269,240454,3825383,3740723,79.7200761318232,77.9557817735014,186
-7.6926,53.28823,2021/10/02 23:00:00+00,Sun 03 Oct 2021,1197,3022,9,3586126,3503291,240463,3826589,3743754,79.7452088863251,78.0189470959686,187
-7.6926,53.28823,2021/10/03 23:00:00+00,Mon 04 Oct 2021,349,1241,18,3586475,3504532,240481,3826956,3745013,79.7528570794447,78.0451843579238,188
-7.6926,53.28823,2021/10/04 23:00:00+00,Tue 05 Oct 2021,960,2837,70,3587435,3507369,240551,3827986,3747920,79.7743220356114,78.1057655497457,189
-7.6926,53.28823,2021/10/05 23:00:00+00,Wed 06 Oct 2021,971,2581,40,3588406,3509950,240591,3828997,3750541,79.795391036276,78.1603865692727,190
-7.6926,53.28823,2021/10/06 23:00:00+00,Thu 07 Oct 2021,1213,2715,44,3589619,3512665,240635,3830254,3753300,79.8215866187046,78.2178834761309,191
-7.6926,53.28823,2021/10/07 23:00:00+00,Fri 08 Oct 2021,916,2747,48,3590535,3515412,240683,3831218,3756095,79.8416761504956,78.2761306144667,192
-7.6926,53.28823,2021/10/08 23:00:00+00,Sat 09 Oct 2021,724,2368,23,3591259,3517780,240706,3831965,3758486,79.8572434536573,78.325958488442,193
-7.6926,53.28823,2021/10/09 23:00:00+00,Sun 10 Oct 2021,1518,3926,2,3592777,3521706,240708,3833485,3762414,79.8889198938256,78.4078170785611,194
-7.6926,53.28823,2021/10/10 23:00:00+00,Mon 11 Oct 2021,334,1139,19,3593111,3522845,240727,3833838,3763572,79.8962763302594,78.4319495244262,195
-7.6926,53.28823,2021/10/11 23:00:00+00,Tue 12 Oct 2021,563,1627,21,3593674,3524472,240748,3834422,3765220,79.9084467520083,78.4662934542929,196
-7.6926,53.28823,2021/10/12 23:00:00+00,Wed 13 Oct 2021,990,2081,11,3594664,3526553,240759,3835423,3767312,79.9293073550402,78.5098902390508,197
-7.6926,53.28823,2021/10/13 23:00:00+00,Thu 14 Oct 2021,654,1613,9,3595318,3528166,240768,3836086,3768934,79.9431241180873,78.5436923350725,198
-7.6926,53.28823,2021/10/14 23:00:00+00,Fri 15 Oct 2021,957,2081,10,3596275,3530247,240778,3837053,3771025,79.963276169168,78.5872682800672,199
-7.6926,53.28823,2021/10/15 23:00:00+00,Sat 16 Oct 2021,1384,2652,14,3597659,3532899,240792,3838451,3773691,79.9924101582176,78.6428270889414,200
-7.6926,53.28823,2021/10/16 23:00:00+00,Sun 17 Oct 2021,1706,2892,2,3599365,3535791,240794,3840159,3776585,80.0280044738804,78.7031373638408,201
-7.6926,53.28823,2021/10/17 23:00:00+00,Mon 18 Oct 2021,680,1259,6,3600045,3537050,240800,3840845,3777850,80.0423005514827,78.7294996643756,202
-7.6926,53.28823,2021/10/18 23:00:00+00,Tue 19 Oct 2021,1342,1810,13,3601387,3538860,240813,3842200,3779673,80.0705384307117,78.7674905528143,203
-7.6926,53.28823,2021/10/19 23:00:00+00,Wed 20 Oct 2021,2262,2339,0,3603649,3541199,240813,3844462,3782012,80.1176779752253,78.8162347590996,204
-7.6926,53.28823,2021/10/20 23:00:00+00,Thu 21 Oct 2021,1731,1856,11,3605380,3543055,240824,3846204,3783879,80.1539808428392,78.8551425971222,205
-7.6926,53.28823,2021/10/21 23:00:00+00,Fri 22 Oct 2021,1508,1937,3,3606888,3544992,240827,3847715,3785819,80.1854697251381,78.8955717378633,206
-7.6926,53.28823,2021/10/22 23:00:00+00,Sat 23 Oct 2021,2018,1710,1,3608906,3546702,240828,3849734,3787530,80.2275452071775,78.9312285728159,207
-7.6926,53.28823,2021/10/23 23:00:00+00,Sun 24 Oct 2021,1958,2190,2,3610864,3548892,240830,3851694,3789722,80.268391143184,78.9769093339007,208
-7.6926,53.28823,2021/10/24 23:00:00+00,Mon 25 Oct 2021,1238,863,2,3612102,3549755,240832,3852934,3790587,80.2942324496371,78.9949357291281,209
-7.6926,53.28823,2021/10/25 23:00:00+00,Tue 26 Oct 2021,1247,1237,6,3613349,3550992,240838,3854187,3791830,80.3203446730127,79.020839554871,210
-7.6926,53.28823,2021/10/26 23:00:00+00,Wed 27 Oct 2021,1568,1433,6,3614917,3552425,240844,3855761,3793269,80.3531464603975,79.0508279742145,211
-7.6926,53.28823,2021/10/27 23:00:00+00,Thu 28 Oct 2021,2159,1701,5,3617076,3554126,240849,3857925,3794975,80.3982437081108,79.0863806103508,212
-7.6926,53.28823,2021/10/28 23:00:00+00,Fri 29 Oct 2021,2145,1378,2,3619221,3555504,240851,3860072,3796355,80.4429866798485,79.1151394836615,213
-7.6926,53.28823,2022/09/01 23:00:00+00,Fri 02 Sep 2022,48,51,0,3857183,3811440,241070,4098253,4052510,85.4066223349329,84.4533490437362,214
-7.6926,53.28823,2022/02/09 00:00:00+00,Wed 09 Feb 2022,1335,1784,0,3816117,3709031,241030,4057147,3950061,84.5499830260128,82.3183361366288,215
-7.6926,53.28823,2022/05/22 23:00:00+00,Mon 23 May 2022,26,35,0,3849801,3799959,241057,4090858,4041016,85.2525122855614,84.2138168047266,216
-7.6926,53.28823,2022/02/10 00:00:00+00,Thu 10 Feb 2022,686,2552,0,3816803,3711583,241030,4057833,3952613,84.5642791036151,82.3715192124904,217
-7.6926,53.28823,2022/05/23 23:00:00+00,Tue 24 May 2022,64,83,0,3849865,3800042,241057,4090922,4041099,85.2538460304106,84.2155465050779,218
-7.6926,53.28823,2022/02/11 00:00:00+00,Fri 11 Feb 2022,546,4923,0,3817349,3716506,241030,4058379,3957536,84.5756576143598,82.4741133670618,219
-7.6926,53.28823,2022/09/02 23:00:00+00,Sat 03 Sep 2022,73,101,0,3857256,3811541,241070,4098326,4052611,85.4081436376515,84.4554538598263,220
-7.6926,53.28823,2022/05/24 23:00:00+00,Wed 25 May 2022,87,134,1,3849952,3800176,241058,4091010,4041234,85.2556799295783,84.2183598731192,221
-7.6926,53.28823,2022/02/12 00:00:00+00,Sat 12 Feb 2022,1397,5462,0,3818746,3721968,241030,4059776,3962998,84.604770763646,82.587940154035,222
-7.6926,53.28823,2022/09/03 23:00:00+00,Sun 04 Sep 2022,58,82,0,3857314,3811623,241070,4098384,4052693,85.4093523439211,84.4571627204144,223
-7.6926,53.28823,2022/05/25 23:00:00+00,Thu 26 May 2022,97,155,0,3850049,3800331,241058,4091107,4041389,85.2577013866153,84.2215900364258,224
-7.6926,53.28823,2022/02/13 00:00:00+00,Sun 13 Feb 2022,1566,4706,0,3820312,3726674,241030,4061342,3967704,84.6374058329247,82.6860120799772,225
-7.6926,53.28823,2022/09/04 23:00:00+00,Mon 05 Sep 2022,9,5,0,3857323,3811628,241070,4098393,4052698,85.4095399017905,84.4572669192307,226
-7.6926,53.28823,2022/05/26 23:00:00+00,Fri 27 May 2022,95,152,1,3850144,3800483,241059,4091203,4041542,85.2597020038891,84.2247785202059,227
-7.6926,53.28823,2022/02/14 00:00:00+00,Mon 14 Feb 2022,174,954,0,3820486,3727628,241030,4061516,3968658,84.6410319517334,82.7058932141354,228
-7.6926,53.28823,2022/09/05 23:00:00+00,Tue 06 Sep 2022,42,22,0,3857365,3811650,241070,4098435,4052720,85.4104151718478,84.4577253940226,229
-7.6926,53.28823,2022/05/27 23:00:00+00,Sat 28 May 2022,335,580,0,3850479,3801063,241059,4091538,4042122,85.2666833245841,84.2368655829017,230
-7.6926,53.28823,2022/02/15 00:00:00+00,Tue 15 Feb 2022,649,817,1,3821135,3728445,241031,4062166,3969476,84.654577797858,82.7229401404892,231
-7.6926,53.28823,2022/09/06 23:00:00+00,Wed 07 Sep 2022,49,42,0,3857414,3811692,241070,4098484,4052762,85.411436320248,84.4586006640799,232
-7.6926,53.28823,2022/05/28 23:00:00+00,Sun 29 May 2022,182,349,0,3850661,3801412,241059,4091720,4042471,85.270476161499,84.2441386602825,233
-7.6926,53.28823,2022/02/16 00:00:00+00,Wed 16 Feb 2022,798,1786,0,3821933,3730231,241031,4062964,3971262,84.6712079289464,82.7601599576869,234
-7.6926,53.28823,2022/09/07 23:00:00+00,Thu 08 Sep 2022,39,49,2,3857453,3811741,241072,4098525,4052813,85.412290750542,84.4596634920066,235
-7.6926,53.28823,2022/05/29 23:00:00+00,Mon 30 May 2022,8,23,0,3850669,3801435,241059,4091728,4042494,85.2706428796051,84.2446179748377,236
-7.6926,53.28823,2022/02/17 00:00:00+00,Thu 17 Feb 2022,790,1194,2,3822723,3731425,241033,4063756,3972458,84.6877130214552,82.7850843145562,237
-7.6926,53.28823,2022/09/08 23:00:00+00,Fri 09 Sep 2022,63,61,0,3857516,3811802,241072,4098588,4052874,85.4136036556279,84.460934717566,238
-7.6926,53.28823,2022/05/30 23:00:00+00,Tue 31 May 2022,65,80,2,3850734,3801515,241061,4091795,4042576,85.2720391437441,84.2463268354257,239
-7.6926,53.28823,2022/02/18 00:00:00+00,Fri 18 Feb 2022,792,3295,0,3823515,3734720,241033,4064548,3975753,84.7042181139639,82.8537513345263,240
-7.6926,53.28823,2022/09/09 23:00:00+00,Sat 10 Sep 2022,94,135,0,3857610,3811937,241072,4098682,4053009,85.4155625933752,84.4637480856073,241
-7.6926,53.28823,2022/09/10 23:00:00+00,Sun 11 Sep 2022,58,58,0,3857668,3811995,241072,4098740,4053067,85.4167712996448,84.4649567918768,242
-7.6926,53.28823,2022/09/11 23:00:00+00,Mon 12 Sep 2022,13,13,0,3857681,3812008,241072,4098753,4053080,85.4170422165672,84.4652277087993,243
-7.6926,53.28823,2022/09/12 23:00:00+00,Tue 13 Sep 2022,29,25,0,3857710,3812033,241072,4098782,4053105,85.417646569702,84.465748702881,244
-7.6926,53.28823,2022/09/13 23:00:00+00,Wed 14 Sep 2022,36,33,0,3857746,3812066,241072,4098818,4053138,85.4183968011797,84.4664364150689,245
-7.6926,53.28823,2022/09/14 23:00:00+00,Thu 15 Sep 2022,51,35,0,3857797,3812101,241072,4098869,4053173,85.4194596291064,84.4671658067833,246
-7.6926,53.28823,2022/09/15 23:00:00+00,Fri 16 Sep 2022,38,56,0,3857835,3812157,241072,4098907,4053229,85.4202515401106,84.4683328335263,247
-7.6926,53.28823,2022/09/16 23:00:00+00,Sat 17 Sep 2022,67,149,0,3857902,3812306,241072,4098974,4053378,85.4216478042496,84.4714379582534,248
-7.6926,53.28823,2022/09/17 23:00:00+00,Sun 18 Sep 2022,30,53,0,3857932,3812359,241072,4099004,4053431,85.4222729971477,84.4725424657066,249
-7.6926,53.28823,2022/09/18 23:00:00+00,Mon 19 Sep 2022,11,11,0,3857943,3812370,241072,4099015,4053442,85.4225022345436,84.4727717031026,250
-7.6926,53.28823,2022/09/19 23:00:00+00,Tue 20 Sep 2022,39,37,0,3857982,3812407,241072,4099054,4053479,85.4233149853111,84.4735427743435,251
-7.6926,53.28823,2022/09/20 23:00:00+00,Wed 21 Sep 2022,41,32,0,3858023,3812439,241072,4099095,4053511,85.4241694156051,84.4742096467681,252
-7.6926,53.28823,2022/09/21 23:00:00+00,Thu 22 Sep 2022,61,34,0,3858084,3812473,241072,4099156,4053545,85.4254406411645,84.4749181987192,253
-7.6926,53.28823,2022/09/22 23:00:00+00,Fri 23 Sep 2022,38,39,0,3858122,3812512,241072,4099194,4053584,85.4262325521687,84.4757309494867,254
-7.6926,53.28823,2022/09/23 23:00:00+00,Sat 24 Sep 2022,56,104,0,3858178,3812616,241072,4099250,4053688,85.4273995789117,84.4778982848667,255
-7.6926,53.28823,2022/09/24 23:00:00+00,Sun 25 Sep 2022,42,74,0,3858220,3812690,241072,4099292,4053762,85.428274848969,84.4794404273485,256
-7.6926,53.28823,2022/09/25 23:00:00+00,Mon 26 Sep 2022,25,10,0,3858245,3812700,241072,4099317,4053772,85.4287958430507,84.4796488249812,257
-7.6926,53.28823,2022/09/26 23:00:00+00,Tue 27 Sep 2022,30,33,2,3858275,3812733,241074,4099349,4053807,85.4294627154753,84.4803782166956,258
-7.6926,53.28823,2022/09/27 23:00:00+00,Wed 28 Sep 2022,43,27,0,3858318,3812760,241074,4099392,4053834,85.4303588252959,84.4809408903039,259
-7.6926,53.28823,2022/09/28 23:00:00+00,Thu 29 Sep 2022,31,23,0,3858349,3812783,241074,4099423,4053857,85.4310048579572,84.481420204859,260
-7.6926,53.28823,2022/09/29 23:00:00+00,Fri 30 Sep 2022,39,58,0,3858388,3812841,241074,4099462,4053915,85.4318176087247,84.4826289111286,261
-7.6926,53.28823,2022/09/30 23:00:00+00,Sat 01 Oct 2022,51,106,0,3858439,3812947,241074,4099513,4054021,85.4328804366514,84.4848379260351,262
-7.6926,53.28823,2022/10/01 23:00:00+00,Sun 02 Oct 2022,26,47,0,3858465,3812994,241074,4099539,4054068,85.4334222704964,84.4858173949087,263
-7.6926,53.28823,2022/10/02 23:00:00+00,Mon 03 Oct 2022,24,1,0,3858489,3812995,241074,4099563,4054069,85.4339224248148,84.485838234672,264
-7.6926,53.28823,2022/10/03 23:00:00+00,Tue 04 Oct 2022,31,17,0,3858520,3813012,241074,4099594,4054086,85.4345684574761,84.4861925106476,265
-7.6926,53.28823,2022/10/04 23:00:00+00,Wed 05 Oct 2022,49,37,0,3858569,3813049,241074,4099643,4054123,85.4355896058763,84.4869635818885,266
-7.6926,53.28823,2022/10/05 23:00:00+00,Thu 06 Oct 2022,58,26,0,3858627,3813075,241074,4099701,4054149,85.4367983121459,84.4875054157335,267
-7.6926,53.28823,2022/10/06 23:00:00+00,Fri 07 Oct 2022,82,40,0,3858709,3813115,241074,4099783,4054189,85.4385071727339,84.4883390062642,268
-7.6926,53.28823,2022/10/07 23:00:00+00,Sat 08 Oct 2022,100,102,0,3858809,3813217,241074,4099883,4054291,85.4405911490608,84.4904646621176,269
-7.6926,53.28823,2022/10/08 23:00:00+00,Sun 09 Oct 2022,38,28,0,3858847,3813245,241074,4099921,4054319,85.441383060065,84.4910481754891,270
-7.6926,53.28823,2022/10/09 23:00:00+00,Mon 10 Oct 2022,19,2,0,3858866,3813247,241074,4099940,4054321,85.4417790155671,84.4910898550157,271
-7.6926,53.28823,2022/10/10 23:00:00+00,Tue 11 Oct 2022,80,14,0,3858946,3813261,241074,4100020,4054335,85.4434461966286,84.4913816117014,272
-7.6926,53.28823,2022/10/11 23:00:00+00,Wed 12 Oct 2022,57,36,0,3859003,3813297,241074,4100077,4054371,85.4446340631349,84.4921318431791,273
-7.6926,53.28823,2022/10/12 23:00:00+00,Thu 13 Oct 2022,80,29,0,3859083,3813326,241074,4100157,4054400,85.4463012441964,84.4927361963139,274
-7.6926,53.28823,2022/10/13 23:00:00+00,Fri 14 Oct 2022,131,21,0,3859214,3813347,241074,4100288,4054421,85.4490312531846,84.4931738313425,275
-7.6926,53.28823,2022/10/14 23:00:00+00,Sat 15 Oct 2022,97,120,0,3859311,3813467,241074,4100385,4054541,85.4510527102216,84.4956746029348,276
-7.6926,53.28823,2022/10/15 23:00:00+00,Sun 16 Oct 2022,26,37,1,3859337,3813504,241075,4100412,4054579,85.4516153838299,84.496466513939,277
-7.6926,53.28823,2022/10/16 23:00:00+00,Mon 17 Oct 2022,57,3,0,3859394,3813507,241075,4100469,4054582,85.4528032503362,84.4965290332288,278
-7.6926,53.28823,2022/10/17 23:00:00+00,Tue 18 Oct 2022,119,17,0,3859513,3813524,241075,4100588,4054599,85.4552831821652,84.4968833092044,279
-7.6926,53.28823,2022/10/18 23:00:00+00,Wed 19 Oct 2022,89,40,0,3859602,3813564,241075,4100677,4054639,85.4571379210961,84.4977168997351,280
-7.6926,53.28823,2022/10/19 23:00:00+00,Thu 20 Oct 2022,125,10,0,3859727,3813574,241075,4100802,4054649,85.4597428915046,84.4979252973678,281
-7.6926,53.28823,2022/10/20 23:00:00+00,Fri 21 Oct 2022,133,18,0,3859860,3813592,241075,4100935,4054667,85.4625145800194,84.4983004131066,282
-7.6926,53.28823,2022/10/21 23:00:00+00,Sat 22 Oct 2022,101,56,0,3859961,3813648,241075,4101036,4054723,85.4646193961095,84.4994674398497,283
-7.6926,53.28823,2022/10/22 23:00:00+00,Sun 23 Oct 2022,81,47,0,3860042,3813695,241075,4101117,4054770,85.4663074169343,84.5004469087233,284
-7.6926,53.28823,2022/10/23 23:00:00+00,Mon 24 Oct 2022,76,4,0,3860118,3813699,241075,4101193,4054774,85.4678912389427,84.5005302677764,285
-7.6926,53.28823,2022/10/24 23:00:00+00,Tue 25 Oct 2022,75,27,0,3860193,3813726,241075,4101268,4054801,85.4694542211878,84.5010929413846,286
-7.6926,53.28823,2022/10/25 23:00:00+00,Wed 26 Oct 2022,46,25,0,3860239,3813751,241075,4101314,4054826,85.4704128502982,84.5016139354663,287
-7.6926,53.28823,2022/10/26 23:00:00+00,Thu 27 Oct 2022,64,35,0,3860303,3813786,241075,4101378,4054861,85.4717465951474,84.5023433271807,288
-7.6926,53.28823,2022/10/27 23:00:00+00,Fri 28 Oct 2022,59,19,0,3860362,3813805,241075,4101437,4054880,85.4729761411802,84.5027392826829,289
-7.6926,53.28823,2022/10/28 23:00:00+00,Sat 29 Oct 2022,91,61,0,3860453,3813866,241075,4101528,4054941,85.4748725596377,84.5040105082422,290
-7.6926,53.28823,2022/10/29 23:00:00+00,Sun 30 Oct 2022,11,6,0,3860464,3813872,241075,4101539,4054947,85.4751017970336,84.5041355468218,291
-7.6926,53.28823,2022/10/31 00:00:00+00,Mon 31 Oct 2022,1,1,0,3860465,3813873,241075,4101540,4054948,85.4751226367969,84.5041563865851,292
-7.6926,53.28823,2022/11/01 00:00:00+00,Tue 01 Nov 2022,96,25,0,3860561,3813898,241075,4101636,4054973,85.4771232540707,84.5046773806668,293
-7.6926,53.28823,2022/11/02 00:00:00+00,Wed 02 Nov 2022,119,12,0,3860680,3813910,241075,4101755,4054985,85.4796031858996,84.5049274578261,294
-7.6926,53.28823,2022/11/03 00:00:00+00,Thu 03 Nov 2022,92,28,0,3860772,3813938,241075,4101847,4055013,85.4815204441204,84.5055109711976,295
-7.6926,53.28823,2022/11/04 00:00:00+00,Fri 04 Nov 2022,60,22,0,3860832,3813960,241075,4101907,4055035,85.4827708299165,84.5059694459895,296
-7.6926,53.28823,2022/11/05 00:00:00+00,Sat 05 Nov 2022,47,54,0,3860879,3814014,241075,4101954,4055089,85.4837502987901,84.507094793206,297
-7.6926,53.28823,2022/11/06 00:00:00+00,Sun 06 Nov 2022,56,77,0,3860935,3814091,241075,4102010,4055166,85.4849173255331,84.5086994549777,298
-7.6926,53.28823,2022/11/07 00:00:00+00,Mon 07 Nov 2022,44,3,0,3860979,3814094,241075,4102054,4055169,85.485834275117,84.5087619742675,299
-7.6926,53.28823,2022/11/08 00:00:00+00,Tue 08 Nov 2022,70,29,0,3861049,3814123,241075,4102124,4055198,85.4872930585458,84.5093663274023,300
-7.6926,53.28823,2022/11/09 00:00:00+00,Wed 09 Nov 2022,90,32,0,3861139,3814155,241075,4102214,4055230,85.4891686372399,84.5100331998269,301
-7.6926,53.28823,2022/11/10 00:00:00+00,Thu 10 Nov 2022,48,15,0,3861187,3814170,241075,4102262,4055245,85.4901689458768,84.5103457962759,302
-7.6926,53.28823,2022/11/11 00:00:00+00,Fri 11 Nov 2022,50,16,0,3861237,3814186,241075,4102312,4055261,85.4912109340403,84.5106792324882,303
-7.6926,53.28823,2022/11/12 00:00:00+00,Sat 12 Nov 2022,74,87,0,3861311,3814273,241075,4102386,4055348,85.4927530765221,84.5124922918926,304
-7.6926,53.28823,2022/11/13 00:00:00+00,Sun 13 Nov 2022,43,61,1,3861354,3814334,241076,4102430,4055410,85.493670026106,84.5137843572152,305
-7.6926,53.28823,2022/11/14 00:00:00+00,Mon 14 Nov 2022,16,2,0,3861370,3814336,241076,4102446,4055412,85.4940034623183,84.5138260367418,306
-7.6926,53.28823,2022/11/15 00:00:00+00,Tue 15 Nov 2022,58,6,0,3861428,3814342,241076,4102504,4055418,85.4952121685879,84.5139510753214,307
-7.6926,53.28823,2022/11/16 00:00:00+00,Wed 16 Nov 2022,47,20,0,3861475,3814362,241076,4102551,4055438,85.4961916374615,84.5143678705867,308
-7.6926,53.28823,2022/11/17 00:00:00+00,Thu 17 Nov 2022,65,8,1,3861540,3814370,241077,4102617,4055447,85.4975670618372,84.5145554284561,309
-7.6926,53.28823,2022/11/18 00:00:00+00,Fri 18 Nov 2022,28,22,0,3861568,3814392,241077,4102645,4055469,85.4981505752087,84.5150139032481,310
-7.6926,53.28823,2022/11/19 00:00:00+00,Sat 19 Nov 2022,54,57,0,3861622,3814449,241077,4102699,4055526,85.4992759224252,84.5162017697544,311
-7.6926,53.28823,2022/11/20 00:00:00+00,Sun 20 Nov 2022,42,54,0,3861664,3814503,241077,4102741,4055580,85.5001511924825,84.5173271169709,312
-7.6926,53.28823,2022/11/21 00:00:00+00,Mon 21 Nov 2022,18,3,0,3861682,3814506,241077,4102759,4055583,85.5005263082214,84.5173896362607,313
-7.6926,53.28823,2022/11/22 00:00:00+00,Tue 22 Nov 2022,49,22,0,3861731,3814528,241077,4102808,4055605,85.5015474566215,84.5178481110526,314
-7.6926,53.28823,2022/11/23 00:00:00+00,Wed 23 Nov 2022,23,16,0,3861754,3814544,241077,4102831,4055621,85.5020267711767,84.5181815472649,315
-7.6926,53.28823,2022/11/24 00:00:00+00,Thu 24 Nov 2022,26,17,0,3861780,3814561,241077,4102857,4055638,85.5025686050217,84.5185358232405,316
-7.6926,53.28823,2022/11/25 00:00:00+00,Fri 25 Nov 2022,19,9,0,3861799,3814570,241077,4102876,4055647,85.5029645605238,84.5187233811099,317
-7.6926,53.28823,2022/11/26 00:00:00+00,Sat 26 Nov 2022,66,62,0,3861865,3814632,241077,4102942,4055709,85.5043399848995,84.5200154464325,318
-7.6926,53.28823,2022/11/27 00:00:00+00,Sun 27 Nov 2022,35,42,0,3861900,3814674,241077,4102977,4055751,85.5050693766139,84.5208907164898,319
-7.6926,53.28823,2022/11/28 00:00:00+00,Mon 28 Nov 2022,17,0,0,3861917,3814674,241077,4102994,4055751,85.5054236525895,84.5208907164898,320
-7.6926,53.28823,2022/11/29 00:00:00+00,Tue 29 Nov 2022,33,18,0,3861950,3814692,241077,4103027,4055769,85.5061113647773,84.5212658322287,321
-7.6926,53.28823,2022/11/30 00:00:00+00,Wed 30 Nov 2022,48,9,0,3861998,3814701,241077,4103075,4055778,85.5071116734142,84.5214533900981,322
-7.6926,53.28823,2022/12/01 00:00:00+00,Thu 01 Dec 2022,20,7,0,3862018,3814708,241077,4103095,4055785,85.5075284686796,84.521599268441,323
-7.6926,53.28823,2022/12/02 00:00:00+00,Fri 02 Dec 2022,20,14,0,3862038,3814722,241077,4103115,4055799,85.507945263945,84.5218910251267,324
-7.6926,53.28823,2022/12/03 00:00:00+00,Sat 03 Dec 2022,44,61,0,3862082,3814783,241077,4103159,4055860,85.5088622135288,84.5231622506861,325
-7.6926,53.28823,2022/12/04 00:00:00+00,Sun 04 Dec 2022,66,44,0,3862148,3814827,241077,4103225,4055904,85.5102376379045,84.5240792002699,326
-7.6926,53.28823,2022/12/05 00:00:00+00,Mon 05 Dec 2022,20,5,0,3862168,3814832,241077,4103245,4055909,85.5106544331699,84.5241833990863,327
-7.6926,53.28823,2022/12/06 00:00:00+00,Tue 06 Dec 2022,38,24,0,3862206,3814856,241077,4103283,4055933,85.5114463441741,84.5246835534047,328
-7.6926,53.28823,2022/12/07 00:00:00+00,Wed 07 Dec 2022,21,18,0,3862227,3814874,241077,4103304,4055951,85.5118839792028,84.5250586691435,329
-7.6926,53.28823,2022/12/08 00:00:00+00,Thu 08 Dec 2022,17,8,1,3862244,3814882,241078,4103322,4055960,85.5122590949416,84.525246227013,330
-7.6926,53.28823,2022/12/09 00:00:00+00,Fri 09 Dec 2022,27,16,0,3862271,3814898,241078,4103349,4055976,85.5128217685498,84.5255796632253,331
-7.6926,53.28823,2022/12/10 00:00:00+00,Sat 10 Dec 2022,51,42,0,3862322,3814940,241078,4103400,4056018,85.5138845964765,84.5264549332825,332
-7.6926,53.28823,2022/12/11 00:00:00+00,Sun 11 Dec 2022,29,37,0,3862351,3814977,241078,4103429,4056055,85.5144889496113,84.5272260045235,333
-7.6926,53.28823,2022/12/12 00:00:00+00,Mon 12 Dec 2022,16,2,0,3862367,3814979,241078,4103445,4056057,85.5148223858236,84.52726768405,334
-7.6926,53.28823,2022/05/31 23:00:00+00,Wed 01 Jun 2022,70,102,0,3850804,3801617,241061,4091865,4042678,85.273497927173,84.2484524912791,335
-7.6926,53.28823,2022/06/01 23:00:00+00,Thu 02 Jun 2022,91,141,0,3850895,3801758,241061,4091956,4042819,85.2753943456304,84.2513908979,336
-7.6926,53.28823,2022/02/19 00:00:00+00,Sat 19 Feb 2022,980,3555,0,3824495,3738275,241033,4065528,3979308,84.7246410819672,82.9278366929463,337
-7.6926,53.28823,2022/06/02 23:00:00+00,Fri 03 Jun 2022,60,143,0,3850955,3801901,241061,4092016,4042962,85.2766447314265,84.2543709840474,338
-7.6926,53.28823,2022/06/03 23:00:00+00,Sat 04 Jun 2022,305,607,0,3851260,3802508,241061,4092321,4043569,85.2830008592234,84.2670207203514,339
-7.6926,53.28823,2022/02/20 00:00:00+00,Sun 20 Feb 2022,1365,3588,0,3825860,3741863,241033,4066893,3982896,84.7530873588288,83.0026097635541,340
-7.6926,53.28823,2022/06/04 23:00:00+00,Sun 05 Jun 2022,143,273,0,3851403,3802781,241061,4092464,4043842,85.2859809453709,84.2727099757238,341
-7.6926,53.28823,2022/02/21 00:00:00+00,Mon 21 Feb 2022,254,995,1,3826114,3742858,241034,4067148,3983892,84.7584014984623,83.0233661677697,342
-7.6926,53.28823,2022/06/05 23:00:00+00,Mon 06 Jun 2022,5,7,1,3851408,3802788,241062,4092470,4043850,85.2861059839505,84.2728766938299,343
-7.6926,53.28823,2022/02/22 00:00:00+00,Tue 22 Feb 2022,475,981,1,3826589,3743839,241035,4067624,3984874,84.7683212257782,83.0438308152995,344
-7.6926,53.28823,2022/06/06 23:00:00+00,Tue 07 Jun 2022,29,52,0,3851437,3802840,241062,4092499,4043902,85.2867103370853,84.2739603615199,345
-7.6926,53.28823,2022/02/23 00:00:00+00,Wed 23 Feb 2022,829,1273,1,3827418,3745112,241036,4068454,3986148,84.7856182292912,83.0703806737037,346
-7.6926,53.28823,2022/06/07 23:00:00+00,Wed 08 Jun 2022,36,76,0,3851473,3802916,241062,4092535,4043978,85.2874605685629,84.2755441835283,347
-7.6926,53.28823,2022/02/24 00:00:00+00,Thu 24 Feb 2022,653,1234,0,3828071,3746346,241036,4069107,3987382,84.7992265947056,83.0960969415772,348
-7.6926,53.28823,2022/06/08 23:00:00+00,Thu 09 Jun 2022,73,122,0,3851546,3803038,241062,4092608,4044100,85.2889818712815,84.2780866346471,349
-7.6926,53.28823,2022/02/25 00:00:00+00,Fri 25 Feb 2022,692,1228,0,3828763,3747574,241036,4069799,3988610,84.8136477108875,83.1216881708711,350
-7.6926,53.28823,2022/06/09 23:00:00+00,Fri 10 Jun 2022,56,108,0,3851602,3803146,241062,4092664,4044208,85.2901488980246,84.2803373290801,351
-7.6926,53.28823,2022/02/26 00:00:00+00,Sat 26 Feb 2022,960,2092,0,3829723,3749666,241036,4070759,3990702,84.8336538836253,83.165284955629,352
-7.6926,53.28823,2022/06/10 23:00:00+00,Sat 11 Jun 2022,189,562,0,3851791,3803708,241062,4092853,4044770,85.2940876132823,84.292049276037,353
-7.6926,53.28823,2022/02/27 00:00:00+00,Sun 27 Feb 2022,671,1783,0,3830394,3751449,241036,4071430,3992485,84.8476373647786,83.202442253537,354
-7.6926,53.28823,2022/06/11 23:00:00+00,Sun 12 Jun 2022,143,288,0,3851934,3803996,241062,4092996,4045058,85.2970676994298,84.2980511278584,355
-7.6926,53.28823,2022/02/28 00:00:00+00,Mon 28 Feb 2022,81,435,0,3830475,3751884,241036,4071511,3992920,84.8493253856034,83.2115075505588,356
-7.6926,53.28823,2022/06/12 23:00:00+00,Mon 13 Jun 2022,17,44,0,3851951,3804040,241062,4093013,4045102,85.2974219754053,84.2989680774422,357
-7.6926,53.28823,2022/03/01 00:00:00+00,Tue 01 Mar 2022,132,936,0,3830607,3752820,241036,4071643,3993856,84.8520762343548,83.2310135689783,358
-7.6926,53.28823,2022/06/13 23:00:00+00,Tue 14 Jun 2022,37,55,0,3851988,3804095,241062,4093050,4045157,85.2981930466463,84.300114264422,359
-7.6926,53.28823,2022/03/02 00:00:00+00,Wed 02 Mar 2022,206,997,2,3830813,3753817,241038,4071851,3994855,84.8564109051147,83.2518324924836,360
-7.6926,53.28823,2022/06/14 23:00:00+00,Wed 15 Jun 2022,66,123,0,3852054,3804218,241062,4093116,4045280,85.299568471022,84.302677555304,361
-7.6926,53.28823,2022/03/03 00:00:00+00,Thu 03 Mar 2022,278,1277,0,3831091,3755094,241038,4072129,3996132,84.8622043593034,83.2784448701777,362
-7.6926,53.28823,2022/06/15 23:00:00+00,Thu 16 Jun 2022,42,85,0,3852096,3804303,241062,4093158,4045365,85.3004437410793,84.3044489351819,363
-7.6926,53.28823,2022/03/04 00:00:00+00,Fri 04 Mar 2022,735,1508,1,3831826,3756602,241039,4072865,3997641,84.8775424250691,83.30989207295,364
-7.6926,53.28823,2022/03/05 00:00:00+00,Sat 05 Mar 2022,962,3341,0,3832788,3759943,241039,4073827,4000982,84.8975902773335,83.3795177220305,365
-7.6926,53.28823,2022/03/06 00:00:00+00,Sun 06 Mar 2022,455,1916,0,3833243,3761859,241039,4074282,4002898,84.9070723696207,83.4194467084532,366
-7.6926,53.28823,2022/06/16 23:00:00+00,Fri 17 Jun 2022,58,95,0,3852154,3804398,241062,4093216,4045460,85.3016524473489,84.3064287126924,367
-7.6926,53.28823,2022/03/07 00:00:00+00,Mon 07 Mar 2022,116,124,1,3833359,3761983,241040,4074399,4003023,84.9095106219231,83.4220516788617,368
-7.6926,53.28823,2022/06/17 23:00:00+00,Sat 18 Jun 2022,223,488,0,3852377,3804886,241062,4093439,4045948,85.3062997145578,84.3165985171675,369
-7.6926,53.28823,2022/03/08 00:00:00+00,Tue 08 Mar 2022,120,493,0,3833479,3762476,241040,4074519,4003516,84.9120113935154,83.4323256821532,370
-7.6926,53.28823,2022/06/18 23:00:00+00,Sun 19 Jun 2022,80,129,0,3852457,3805015,241062,4093519,4046077,85.3079668956192,84.3192868466291,371
-7.6926,53.28823,2022/03/09 00:00:00+00,Wed 09 Mar 2022,129,345,1,3833608,3762821,241041,4074649,4003862,84.9147205627403,83.4395362402441,372
-7.6926,53.28823,2022/06/19 23:00:00+00,Mon 20 Jun 2022,9,28,0,3852466,3805043,241062,4093528,4046105,85.3081544534887,84.3198703600007,373
-7.6926,53.28823,2022/03/10 00:00:00+00,Thu 10 Mar 2022,259,508,0,3833867,3763329,241041,4074908,4004370,84.9201180614269,83.4501228399846,374
-7.6926,53.28823,2022/06/20 23:00:00+00,Tue 21 Jun 2022,74,169,1,3852540,3805212,241063,4093603,4046275,85.3097174357338,84.3234131197563,375
-7.6926,53.28823,2022/03/11 00:00:00+00,Fri 11 Mar 2022,492,2183,0,3834359,3765512,241041,4075400,4006553,84.930371224955,83.4956160432,376
-7.6926,53.28823,2022/06/21 23:00:00+00,Wed 22 Jun 2022,60,94,0,3852600,3805306,241063,4093663,4046369,85.3109678215299,84.3253720575036,377
-7.6926,53.28823,2022/03/12 00:00:00+00,Sat 12 Mar 2022,473,2391,2,3834832,3767903,241043,4075875,4008946,84.9402701125076,83.5454855967018,378
-7.6926,53.28823,2022/06/22 23:00:00+00,Thu 23 Jun 2022,64,113,0,3852664,3805419,241063,4093727,4046482,85.3123015663791,84.3277269507529,379
-7.6926,53.28823,2022/03/13 00:00:00+00,Sun 13 Mar 2022,358,1082,0,3835190,3768985,241043,4076233,4010028,84.9477307477578,83.5680342205585,380
-7.6926,53.28823,2022/06/23 23:00:00+00,Fri 24 Jun 2022,55,93,1,3852719,3805512,241064,4093783,4046576,85.3134685931222,84.3296858885002,381
-7.6926,53.28823,2022/03/14 00:00:00+00,Mon 14 Mar 2022,109,122,0,3835299,3769107,241043,4076342,4010150,84.9500022819541,83.5705766716772,382
-7.6926,53.28823,2022/06/24 23:00:00+00,Sat 25 Jun 2022,210,293,0,3852929,3805805,241064,4093993,4046869,85.3178449434086,84.3357919391379,383
-7.6926,53.28823,2022/06/25 23:00:00+00,Sun 26 Jun 2022,174,402,0,3853103,3806207,241064,4094167,4047271,85.3214710622173,84.3441695239719,384
-7.6926,53.28823,2022/06/26 23:00:00+00,Mon 27 Jun 2022,4,33,0,3853107,3806240,241064,4094171,4047304,85.3215544212704,84.3448572361597,385
-7.6926,53.28823,2022/06/27 23:00:00+00,Tue 28 Jun 2022,48,60,0,3853155,3806300,241064,4094219,4047364,85.3225547299073,84.3461076219559,386
-7.6926,53.28823,2022/06/28 23:00:00+00,Wed 29 Jun 2022,63,81,3,3853218,3806381,241067,4094285,4047448,85.323930154283,84.3478581620704,387
-7.6926,53.28823,2022/06/29 23:00:00+00,Thu 30 Jun 2022,49,88,0,3853267,3806469,241067,4094334,4047536,85.3249513026832,84.3496920612381,388
-7.6926,53.28823,2022/06/30 23:00:00+00,Fri 01 Jul 2022,46,65,0,3853313,3806534,241067,4094380,4047601,85.3259099317935,84.3510466458505,389
-7.6926,53.28823,2022/07/01 23:00:00+00,Sat 02 Jul 2022,182,228,0,3853495,3806762,241067,4094562,4047829,85.3297027687084,84.3557981118758,390
-7.6926,53.28823,2022/07/02 23:00:00+00,Sun 03 Jul 2022,108,273,0,3853603,3807035,241067,4094670,4048102,85.3319534631414,84.3614873672481,391
-7.6926,53.28823,2022/07/03 23:00:00+00,Mon 04 Jul 2022,14,15,0,3853617,3807050,241067,4094684,4048117,85.3322452198272,84.3617999636971,392
-7.6926,53.28823,2022/07/04 23:00:00+00,Tue 05 Jul 2022,51,70,0,3853668,3807120,241067,4094735,4048187,85.3333080477539,84.3632587471259,393
-7.6926,53.28823,2022/07/05 23:00:00+00,Wed 06 Jul 2022,60,83,0,3853728,3807203,241067,4094795,4048270,85.33455843355,84.3649884474772,394
-7.6926,53.28823,2022/07/06 23:00:00+00,Thu 07 Jul 2022,77,77,0,3853805,3807280,241067,4094872,4048347,85.3361630953217,84.3665931092489,395
-7.6926,53.28823,2022/07/07 23:00:00+00,Fri 08 Jul 2022,99,90,0,3853904,3807370,241067,4094971,4048437,85.3382262318853,84.3684686879431,396
-7.6926,53.28823,2022/07/08 23:00:00+00,Sat 09 Jul 2022,119,143,0,3854023,3807513,241067,4095090,4048580,85.3407061637143,84.3714487740905,397
-7.6926,53.28823,2022/07/09 23:00:00+00,Sun 10 Jul 2022,132,219,0,3854155,3807732,241067,4095222,4048799,85.3434570124657,84.3760126822463,398
-7.6926,53.28823,2022/07/10 23:00:00+00,Mon 11 Jul 2022,11,16,0,3854166,3807748,241067,4095233,4048815,85.3436862498617,84.3763461184586,399
-7.6926,53.28823,2022/07/11 23:00:00+00,Tue 12 Jul 2022,44,81,0,3854210,3807829,241067,4095277,4048896,85.3446031994455,84.3780341392834,400
-7.6926,53.28823,2022/07/12 23:00:00+00,Wed 13 Jul 2022,99,74,0,3854309,3807903,241067,4095376,4048970,85.3466663360091,84.3795762817653,401
-7.6926,53.28823,2022/07/13 23:00:00+00,Thu 14 Jul 2022,71,39,0,3854380,3807942,241067,4095447,4049009,85.3481459592012,84.3803890325327,402
-7.6926,53.28823,2022/07/14 23:00:00+00,Fri 15 Jul 2022,80,118,1,3854460,3808060,241068,4095528,4049128,85.3498339800259,84.3828689643617,403
-7.6926,53.28823,2022/07/15 23:00:00+00,Sat 16 Jul 2022,124,210,0,3854584,3808270,241068,4095652,4049338,85.3524181106712,84.3872453146481,404
-7.6926,53.28823,2022/07/16 23:00:00+00,Sun 17 Jul 2022,119,165,0,3854703,3808435,241068,4095771,4049503,85.3548980425002,84.3906838755874,405
-7.6926,53.28823,2022/07/17 23:00:00+00,Mon 18 Jul 2022,14,19,0,3854717,3808454,241068,4095785,4049522,85.355189799186,84.3910798310896,406
-7.6926,53.28823,2022/07/18 23:00:00+00,Tue 19 Jul 2022,30,33,0,3854747,3808487,241068,4095815,4049555,85.355814992084,84.3917675432774,407
-7.6926,53.28823,2022/07/19 23:00:00+00,Wed 20 Jul 2022,78,66,0,3854825,3808553,241068,4095893,4049621,85.357440493619,84.3931429676531,408
-7.6926,53.28823,2022/07/20 23:00:00+00,Thu 21 Jul 2022,52,30,0,3854877,3808583,241068,4095945,4049651,85.3585241613089,84.3937681605512,409
-7.6926,53.28823,2022/07/21 23:00:00+00,Fri 22 Jul 2022,74,70,0,3854951,3808653,241068,4096019,4049721,85.3600663037908,84.39522694398,410
-7.6926,53.28823,2022/07/22 23:00:00+00,Sat 23 Jul 2022,99,175,0,3855050,3808828,241068,4096118,4049896,85.3621294403544,84.398873902552,411
-7.6926,53.28823,2022/07/23 23:00:00+00,Sun 24 Jul 2022,108,231,0,3855158,3809059,241068,4096226,4050127,85.3643801347874,84.4036878878671,412
-7.6926,53.28823,2022/07/24 23:00:00+00,Mon 25 Jul 2022,14,23,0,3855172,3809082,241068,4096240,4050150,85.3646718914732,84.4041672024222,413
-7.6926,53.28823,2022/07/25 23:00:00+00,Tue 26 Jul 2022,18,16,0,3855190,3809098,241068,4096258,4050166,85.365047007212,84.4045006386345,414
-7.6926,53.28823,2022/07/26 23:00:00+00,Wed 27 Jul 2022,61,72,1,3855251,3809170,241069,4096320,4050239,85.3663390725347,84.4060219413532,415
-7.6926,53.28823,2022/07/27 23:00:00+00,Thu 28 Jul 2022,49,71,0,3855300,3809241,241069,4096369,4050310,85.3673602209348,84.4075015645452,416
-7.6926,53.28823,2022/07/28 23:00:00+00,Fri 29 Jul 2022,71,105,0,3855371,3809346,241069,4096440,4050415,85.3688398441269,84.4096897396884,417
-7.6926,53.28823,2022/07/29 23:00:00+00,Sat 30 Jul 2022,100,119,0,3855471,3809465,241069,4096540,4050534,85.3709238204538,84.4121696715174,418
-7.6926,53.28823,2022/07/30 23:00:00+00,Sun 31 Jul 2022,32,57,0,3855503,3809522,241069,4096572,4050591,85.3715906928784,84.4133575380237,419
-7.6926,53.28823,2022/07/31 23:00:00+00,Mon 01 Aug 2022,10,15,0,3855513,3809537,241069,4096582,4050606,85.371799090511,84.4136701344727,420
-7.6926,53.28823,2022/08/01 23:00:00+00,Tue 02 Aug 2022,36,28,0,3855549,3809565,241069,4096618,4050634,85.3725493219887,84.4142536478443,421
-7.6926,53.28823,2022/08/02 23:00:00+00,Wed 03 Aug 2022,93,139,0,3855642,3809704,241069,4096711,4050773,85.3744874199727,84.4171503749386,422
-7.6926,53.28823,2022/08/03 23:00:00+00,Thu 04 Aug 2022,45,52,0,3855687,3809756,241069,4096756,4050825,85.3754252093198,84.4182340426286,423
-7.6926,53.28823,2022/08/04 23:00:00+00,Fri 05 Aug 2022,96,91,0,3855783,3809847,241069,4096852,4050916,85.3774258265936,84.420130461086,424
-7.6926,53.28823,2022/08/05 23:00:00+00,Sat 06 Aug 2022,74,130,0,3855857,3809977,241069,4096926,4051046,85.3789679690755,84.4228396303109,425
-7.6926,53.28823,2022/08/06 23:00:00+00,Sun 07 Aug 2022,28,80,0,3855885,3810057,241069,4096954,4051126,85.379551482447,84.4245068113724,426
-7.6926,53.28823,2022/08/07 23:00:00+00,Mon 08 Aug 2022,11,15,0,3855896,3810072,241069,4096965,4051141,85.3797807198429,84.4248194078214,427
-7.6926,53.28823,2022/08/08 23:00:00+00,Tue 09 Aug 2022,47,42,0,3855943,3810114,241069,4097012,4051183,85.3807601887166,84.4256946778787,428
-7.6926,53.28823,2022/08/09 23:00:00+00,Wed 10 Aug 2022,55,94,1,3855998,3810208,241070,4097068,4051278,85.3819272154596,84.4276744553893,429
-7.6926,53.28823,2022/08/10 23:00:00+00,Thu 11 Aug 2022,45,40,0,3856043,3810248,241070,4097113,4051318,85.3828650048067,84.42850804592,430
-7.6926,53.28823,2022/08/11 23:00:00+00,Fri 12 Aug 2022,70,75,0,3856113,3810323,241070,4097183,4051393,85.3843237882355,84.4300710281651,431
-7.6926,53.28823,2022/08/12 23:00:00+00,Sat 13 Aug 2022,103,151,0,3856216,3810474,241070,4097286,4051544,85.3864702838522,84.4332178324187,432
-7.6926,53.28823,2022/08/13 23:00:00+00,Sun 14 Aug 2022,17,26,0,3856233,3810500,241070,4097303,4051570,85.3868245598277,84.4337596662637,433
-7.6926,53.28823,2022/08/14 23:00:00+00,Mon 15 Aug 2022,7,11,0,3856240,3810511,241070,4097310,4051581,85.3869704381706,84.4339889036597,434
-7.6926,53.28823,2022/08/15 23:00:00+00,Tue 16 Aug 2022,41,28,0,3856281,3810539,241070,4097351,4051609,85.3878248684646,84.4345724170312,435
-7.6926,53.28823,2022/08/16 23:00:00+00,Wed 17 Aug 2022,51,58,0,3856332,3810597,241070,4097402,4051667,85.3888876963913,84.4357811233008,436
-7.6926,53.28823,2022/08/17 23:00:00+00,Thu 18 Aug 2022,55,39,0,3856387,3810636,241070,4097457,4051706,85.3900338833711,84.4365938740682,437
-7.6926,53.28823,2022/08/18 23:00:00+00,Fri 19 Aug 2022,73,56,0,3856460,3810692,241070,4097530,4051762,85.3915551860897,84.4377609008113,438
-7.6926,53.28823,2022/08/19 23:00:00+00,Sat 20 Aug 2022,109,127,0,3856569,3810819,241070,4097639,4051889,85.393826720286,84.4404075507464,439
-7.6926,53.28823,2022/08/20 23:00:00+00,Sun 21 Aug 2022,39,36,0,3856608,3810855,241070,4097678,4051925,85.3946394710535,84.4411577822241,440
-7.6926,53.28823,2022/08/21 23:00:00+00,Mon 22 Aug 2022,12,13,0,3856620,3810868,241070,4097690,4051938,85.3948895482127,84.4414286991465,441
-7.6926,53.28823,2022/08/22 23:00:00+00,Tue 23 Aug 2022,78,72,0,3856698,3810940,241070,4097768,4052010,85.3965150497476,84.4429291621019,442
-7.6926,53.28823,2022/08/23 23:00:00+00,Wed 24 Aug 2022,53,56,0,3856751,3810996,241070,4097821,4052066,85.3976195572009,84.4440961888449,443
-7.6926,53.28823,2022/08/24 23:00:00+00,Thu 25 Aug 2022,40,49,0,3856791,3811045,241070,4097861,4052115,85.3984531477316,84.4451173372451,444
-7.6926,53.28823,2022/08/25 23:00:00+00,Fri 26 Aug 2022,99,90,0,3856890,3811135,241070,4097960,4052205,85.4005162842952,84.4469929159393,445
-7.6926,53.28823,2022/08/26 23:00:00+00,Sat 27 Aug 2022,86,119,0,3856976,3811254,241070,4098046,4052324,85.4023085039363,84.4494728477682,446
-7.6926,53.28823,2022/08/27 23:00:00+00,Sun 28 Aug 2022,44,20,0,3857020,3811274,241070,4098090,4052344,85.4032254535201,84.4498896430336,447
-7.6926,53.28823,2022/08/28 23:00:00+00,Mon 29 Aug 2022,13,12,0,3857033,3811286,241070,4098103,4052356,85.4034963704426,84.4501397201928,448
-7.6926,53.28823,2022/08/29 23:00:00+00,Tue 30 Aug 2022,41,44,0,3857074,3811330,241070,4098144,4052400,85.4043508007366,84.4510566697767,449
-7.6926,53.28823,2022/08/30 23:00:00+00,Wed 31 Aug 2022,28,30,0,3857102,3811360,241070,4098172,4052430,85.4049343141082,84.4516818626747,450
-7.6926,53.28823,2022/08/31 23:00:00+00,Thu 01 Sep 2022,33,29,0,3857135,3811389,241070,4098205,4052459,85.405622026296,84.4522862158095,451
-7.6926,53.28823,2022/03/15 00:00:00+00,Tue 15 Mar 2022,222,755,1,3835521,3769862,241044,4076565,4010906,84.954649549163,83.5863315327083,452
-7.6926,53.28823,2022/03/16 00:00:00+00,Wed 16 Mar 2022,195,798,0,3835716,3770660,241044,4076760,4011704,84.9587133030004,83.6029616637967,453
-7.6926,53.28823,2022/03/18 00:00:00+00,Fri 18 Mar 2022,3,6,0,3835719,3770666,241044,4076763,4011710,84.9587758222902,83.6030867023763,454
-7.6926,53.28823,2022/03/19 00:00:00+00,Sat 19 Mar 2022,743,2778,0,3836462,3773444,241044,4077506,4014488,84.9742597663988,83.6609795647365,455
-7.6926,53.28823,2022/03/20 00:00:00+00,Sun 20 Mar 2022,395,1402,0,3836857,3774846,241044,4077901,4015890,84.9824914728899,83.6901969128392,456
-7.6926,53.28823,2022/03/21 00:00:00+00,Mon 21 Mar 2022,56,112,0,3836913,3774958,241044,4077957,4016002,84.9836584996329,83.6925309663252,457
-7.6926,53.28823,2022/03/22 00:00:00+00,Tue 22 Mar 2022,141,575,0,3837054,3775533,241044,4078098,4016577,84.9865969062538,83.7045138302047,458
-7.6926,53.28823,2022/03/23 00:00:00+00,Wed 23 Mar 2022,101,221,0,3837155,3775754,241044,4078199,4016798,84.9887017223439,83.7091194178871,459
-7.6926,53.28823,2022/03/24 00:00:00+00,Thu 24 Mar 2022,147,245,0,3837302,3775999,241044,4078346,4017043,84.9917651675444,83.7142251598879,460
-7.6926,53.28823,2022/03/25 00:00:00+00,Fri 25 Mar 2022,434,1625,0,3837736,3777624,241044,4078780,4018668,85.000809624803,83.7480897751994,461
-7.6926,53.28823,2022/03/26 00:00:00+00,Sat 26 Mar 2022,874,1848,1,3838610,3779472,241045,4079655,4020517,85.019044417663,83.7866224974831,462
-7.6926,53.28823,2022/03/27 00:00:00+00,Sun 27 Mar 2022,380,803,0,3838990,3780275,241045,4080035,4021320,85.0269635277051,83.8033568273878,463
-7.6926,53.28823,2022/03/27 23:00:00+00,Mon 28 Mar 2022,44,53,1,3839034,3780328,241046,4080080,4021374,85.0279013170522,83.8044821746043,464
-7.6926,53.28823,2022/03/28 23:00:00+00,Tue 29 Mar 2022,137,193,3,3839171,3780521,241049,4080220,4021570,85.0308188839098,83.8085667682049,465
-7.6926,53.28823,2022/03/29 23:00:00+00,Wed 30 Mar 2022,109,135,0,3839280,3780656,241049,4080329,4021705,85.0330904181061,83.8113801362462,466
-7.6926,53.28823,2022/03/30 23:00:00+00,Thu 31 Mar 2022,227,360,0,3839507,3781016,241049,4080556,4022065,85.0378210443681,83.8188824510229,467
-7.6926,53.28823,2022/03/31 23:00:00+00,Fri 01 Apr 2022,307,905,0,3839814,3781921,241049,4080863,4022970,85.0442188516915,83.837742436781,468
-7.6926,53.28823,2022/04/01 23:00:00+00,Sat 02 Apr 2022,729,1538,1,3840543,3783459,241050,4081593,4024509,85.0594318788776,83.8698148324514,469
-7.6926,53.28823,2022/04/02 23:00:00+00,Sun 03 Apr 2022,538,817,0,3841081,3784276,241050,4082131,4025326,85.0706436715161,83.8868409190419,470
-7.6926,53.28823,2022/04/03 23:00:00+00,Mon 04 Apr 2022,50,52,0,3841131,3784328,241050,4082181,4025378,85.0716856596796,83.8879245867319,471
-7.6926,53.28823,2022/04/04 23:00:00+00,Tue 05 Apr 2022,131,170,0,3841262,3784498,241050,4082312,4025548,85.0744156686678,83.8914673464875,472
-7.6926,53.28823,2022/04/05 23:00:00+00,Wed 06 Apr 2022,158,210,0,3841420,3784708,241050,4082470,4025758,85.0777083512642,83.8958436967739,473
-7.6926,53.28823,2022/04/06 23:00:00+00,Thu 07 Apr 2022,117,178,0,3841537,3784886,241050,4082587,4025936,85.0801466035666,83.8995531746358,474
-7.6926,53.28823,2022/04/07 23:00:00+00,Fri 08 Apr 2022,256,422,2,3841793,3785308,241052,4082845,4026360,85.0855232624899,83.9083892342617,475
-7.6926,53.28823,2022/04/08 23:00:00+00,Sat 09 Apr 2022,558,1018,0,3842351,3786326,241052,4083403,4027378,85.0971518503938,83.9296041132691,476
-7.6926,53.28823,2022/04/09 23:00:00+00,Sun 10 Apr 2022,413,719,0,3842764,3787045,241052,4083816,4028097,85.1057586726238,83.9445879030593,477
-7.6926,53.28823,2022/04/10 23:00:00+00,Mon 11 Apr 2022,70,93,1,3842834,3787138,241053,4083887,4028191,85.1072382958159,83.9465468408065,478
-7.6926,53.28823,2022/04/11 23:00:00+00,Tue 12 Apr 2022,197,178,0,3843031,3787316,241053,4084084,4028369,85.1113437291798,83.9502563186683,479
-7.6926,53.28823,2022/04/12 23:00:00+00,Wed 13 Apr 2022,142,235,0,3843173,3787551,241053,4084226,4028604,85.1143029755639,83.9551536630365,480
-7.6926,53.28823,2022/04/13 23:00:00+00,Thu 14 Apr 2022,359,431,0,3843532,3787982,241053,4084585,4029035,85.1217844505774,83.9641356010052,481
-7.6926,53.28823,2022/04/14 23:00:00+00,Fri 15 Apr 2022,446,990,0,3843978,3788972,241053,4085031,4030025,85.1310789849952,83.9847669666412,482
-7.6926,53.28823,2022/04/15 23:00:00+00,Sat 16 Apr 2022,43,88,0,3844021,3789060,241053,4085074,4030113,85.1319750948157,83.9866008658088,483
-7.6926,53.28823,2022/04/16 23:00:00+00,Sun 17 Apr 2022,1,1,0,3844022,3789061,241053,4085075,4030114,85.131995934579,83.9866217055721,484
-7.6926,53.28823,2022/04/17 23:00:00+00,Mon 18 Apr 2022,36,62,1,3844058,3789123,241054,4085112,4030177,85.1327670058199,83.987934610658,485
-7.6926,53.28823,2022/04/18 23:00:00+00,Tue 19 Apr 2022,218,270,1,3844276,3789393,241055,4085331,4030448,85.1373309139757,83.9935821865038,486
-7.6926,53.28823,2022/04/19 23:00:00+00,Wed 20 Apr 2022,250,607,0,3844526,3790000,241055,4085581,4031055,85.1425408547929,84.0062319228079,487
-7.6926,53.28823,2022/04/20 23:00:00+00,Thu 21 Apr 2022,170,236,0,3844696,3790236,241055,4085751,4031291,85.1460836145486,84.0111501069393,488
-7.6926,53.28823,2022/04/21 23:00:00+00,Fri 22 Apr 2022,195,254,0,3844891,3790490,241055,4085946,4031545,85.150147368386,84.0164434068095,489
-7.6926,53.28823,2022/04/22 23:00:00+00,Sat 23 Apr 2022,325,1010,0,3845216,3791500,241055,4086271,4032555,85.1569202914483,84.0374915677108,490
-7.6926,53.28823,2022/04/23 23:00:00+00,Sun 24 Apr 2022,181,252,0,3845397,3791752,241055,4086452,4032807,85.1606922885999,84.0427431880545,491
-7.6926,53.28823,2022/04/24 23:00:00+00,Mon 25 Apr 2022,41,59,1,3845438,3791811,241056,4086494,4032867,85.1615675586572,84.0439935738506,492
-7.6926,53.28823,2022/04/25 23:00:00+00,Tue 26 Apr 2022,144,238,0,3845582,3792049,241056,4086638,4033105,85.1645684845678,84.0489534375085,493
-7.6926,53.28823,2022/04/26 23:00:00+00,Wed 27 Apr 2022,122,208,0,3845704,3792257,241056,4086760,4033313,85.1671109356866,84.0532881082684,494
-7.6926,53.28823,2022/04/27 23:00:00+00,Thu 28 Apr 2022,100,130,0,3845804,3792387,241056,4086860,4033443,85.1691949120135,84.0559972774933,495
-7.6926,53.28823,2022/04/28 23:00:00+00,Fri 29 Apr 2022,168,222,0,3845972,3792609,241056,4087028,4033665,85.1726959922426,84.060623704939,496
-7.6926,53.28823,2022/04/29 23:00:00+00,Sat 30 Apr 2022,281,723,0,3846253,3793332,241056,4087309,4034388,85.1785519657211,84.0756908537822,497
-7.6926,53.28823,2022/04/30 23:00:00+00,Sun 01 May 2022,187,747,0,3846440,3794079,241056,4087496,4035135,85.1824490014523,84.0912581569438,498
-7.6926,53.28823,2022/05/01 23:00:00+00,Mon 02 May 2022,12,26,0,3846452,3794105,241056,4087508,4035161,85.1826990786115,84.0917999907888,499
-7.6926,53.28823,2022/05/02 23:00:00+00,Tue 03 May 2022,96,119,0,3846548,3794224,241056,4087604,4035280,85.1846996958853,84.0942799226178,500
-7.6926,53.28823,2022/05/03 23:00:00+00,Wed 04 May 2022,113,128,0,3846661,3794352,241056,4087717,4035408,85.1870545891347,84.0969474123162,501
-7.6926,53.28823,2022/05/04 23:00:00+00,Thu 05 May 2022,112,165,0,3846773,3794517,241056,4087829,4035573,85.1893886426208,84.1003859732555,502
-7.6926,53.28823,2022/05/05 23:00:00+00,Fri 06 May 2022,138,257,0,3846911,3794774,241056,4087967,4035830,85.1922645299518,84.1057417924155,503
-7.6926,53.28823,2022/05/06 23:00:00+00,Sat 07 May 2022,441,1088,0,3847352,3795862,241056,4088408,4036918,85.2014548655533,84.1284154548518,504
-7.6926,53.28823,2022/05/07 23:00:00+00,Sun 08 May 2022,274,437,0,3847626,3796299,241056,4088682,4037355,85.2071649606889,84.1375224314002,505
-7.6926,53.28823,2022/05/08 23:00:00+00,Mon 09 May 2022,24,32,0,3847650,3796331,241056,4088706,4037387,85.2076651150074,84.1381893038248,506
-7.6926,53.28823,2022/05/09 23:00:00+00,Tue 10 May 2022,80,98,1,3847730,3796429,241057,4088787,4037486,85.2093531358321,84.1402524403884,507
-7.6926,53.28823,2022/05/10 23:00:00+00,Wed 11 May 2022,112,132,0,3847842,3796561,241057,4088899,4037618,85.2116871893182,84.1430032891398,508
-7.6926,53.28823,2022/05/11 23:00:00+00,Thu 12 May 2022,207,398,0,3848049,3796959,241057,4089106,4038016,85.2160010203148,84.1512975149208,509
-7.6926,53.28823,2022/05/12 23:00:00+00,Fri 13 May 2022,173,327,0,3848222,3797286,241057,4089279,4038343,85.2196062993603,84.1581121175096,510
-7.6926,53.28823,2022/05/13 23:00:00+00,Sat 14 May 2022,333,633,0,3848555,3797919,241057,4089612,4038976,85.2265459405287,84.1713036876586,511
-7.6926,53.28823,2022/05/14 23:00:00+00,Sun 15 May 2022,168,254,0,3848723,3798173,241057,4089780,4039230,85.2300470207579,84.1765969875289,512
-7.6926,53.28823,2022/05/15 23:00:00+00,Mon 16 May 2022,31,41,0,3848754,3798214,241057,4089811,4039271,85.2306930534192,84.1774514178229,513
-7.6926,53.28823,2022/05/16 23:00:00+00,Tue 17 May 2022,97,101,0,3848851,3798315,241057,4089908,4039372,85.2327145104562,84.179556233913,514
-7.6926,53.28823,2022/05/17 23:00:00+00,Wed 18 May 2022,98,123,0,3848949,3798438,241057,4090006,4039495,85.2347568072566,84.1821195247951,515
-7.6926,53.28823,2022/05/18 23:00:00+00,Thu 19 May 2022,73,107,0,3849022,3798545,241057,4090079,4039602,85.2362781099752,84.1843493794648,516
-7.6926,53.28823,2022/05/19 23:00:00+00,Fri 20 May 2022,127,208,0,3849149,3798753,241057,4090206,4039810,85.2389247599103,84.1886840502247,517
-7.6926,53.28823,2022/05/20 23:00:00+00,Sat 21 May 2022,392,762,0,3849541,3799515,241057,4090598,4040572,85.2470939471116,84.2045639498353,518
-7.6926,53.28823,2022/05/21 23:00:00+00,Sun 22 May 2022,234,409,0,3849775,3799924,241057,4090832,4040981,85.2519704517164,84.2130874130122,519
-7.6926,53.28823,2021/04/17 23:00:00+00,Sun 18 Apr 2021,1080,486,0,902012,380326,266,902278,380592,18.8032599224886,7.93144718193259,520
-7.6926,53.28823,2021/04/18 23:00:00+00,Mon 19 Apr 2021,6758,2264,0,908770,382590,266,909036,382856,18.944095042658,7.97862840597276,521
-7.6926,53.28823,2021/04/19 23:00:00+00,Tue 20 Apr 2021,15097,7326,1,923867,389916,267,924134,390183,19.2587337884877,8.13132135144198,522
-7.6926,53.28823,2021/04/20 23:00:00+00,Wed 21 Apr 2021,26738,9898,4,950605,399814,271,950876,400085,19.8160307378172,8.3376766873279,523
-7.6926,53.28823,2021/04/21 23:00:00+00,Thu 22 Apr 2021,31637,12193,1,982242,412007,272,982514,412279,20.47535916811,8.59179676062552,524
-7.6926,53.28823,2021/04/22 23:00:00+00,Fri 23 Apr 2021,33613,12362,3,1015855,424369,275,1016130,424644,21.1759086501481,8.84948043344207,525
-7.6926,53.28823,2021/04/23 23:00:00+00,Sat 24 Apr 2021,23707,7005,2,1039562,431374,277,1039839,431651,21.6699985974839,8.99550465466533,526
-7.6926,53.28823,2021/04/24 23:00:00+00,Sun 25 Apr 2021,9755,310,3,1049317,431684,280,1049597,431964,21.8733530074592,9.0020275005684,527
-7.6926,53.28823,2021/04/25 23:00:00+00,Mon 26 Apr 2021,15601,3061,4,1064918,434745,284,1065202,435029,22.1985575132661,9.06590137498674,528
-7.6926,53.28823,2021/04/26 23:00:00+00,Tue 27 Apr 2021,25922,7826,9,1090840,442571,293,1091133,442864,22.7389534145848,9.22918092019642,529
-7.6926,53.28823,2021/04/27 23:00:00+00,Wed 28 Apr 2021,26047,8623,5,1116887,451194,298,1117185,451492,23.281870927259,9.40898639767812,530
-7.6926,53.28823,2021/04/28 23:00:00+00,Thu 29 Apr 2021,31698,11333,6,1148585,462527,304,1148889,462831,23.9425747819275,9.64528847338106,531
-7.6926,53.28823,2021/04/29 23:00:00+00,Fri 30 Apr 2021,36102,13545,8,1184687,476072,312,1184999,476384,24.6950986335576,9.92772978496073,532
-7.6926,53.28823,2021/04/30 23:00:00+00,Sat 01 May 2021,16614,6699,21,1201301,482771,333,1201634,483104,25.0417680955311,10.0677729941259,533
-7.6926,53.28823,2021/05/01 23:00:00+00,Sun 02 May 2021,12471,912,16,1213772,483683,349,1214121,484032,25.3019942194665,10.0871122944392,534
-7.6926,53.28823,2021/05/02 23:00:00+00,Mon 03 May 2021,14274,933,21,1228046,484616,370,1228416,484986,25.5998986353915,10.1069934285974,535
-7.6926,53.28823,2021/05/03 23:00:00+00,Tue 04 May 2021,26669,6806,11,1254715,491422,381,1255096,491803,26.1559035193984,10.2490580947997,536
-7.6926,53.28823,2021/05/04 23:00:00+00,Wed 05 May 2021,32132,13468,70,1286847,504890,451,1287298,505341,26.8269855761746,10.5311868099303,537
-7.6926,53.28823,2021/05/05 23:00:00+00,Thu 06 May 2021,37300,14385,133,1324147,519275,584,1324731,519859,27.6070804346091,10.8337384930642,538
-7.6926,53.28823,2021/05/06 23:00:00+00,Fri 07 May 2021,40601,15092,98,1364748,534367,682,1365430,535049,28.4552379598789,11.1502944971146,539
-7.6926,53.28823,2021/05/07 23:00:00+00,Sat 08 May 2021,25632,7065,10,1390380,541432,692,1391072,542124,28.989611169613,11.2977358222402,540
-7.6926,53.28823,2021/05/08 23:00:00+00,Sun 09 May 2021,19677,931,5,1410057,542363,697,1410754,543060,29.399779390266,11.3172418406596,541
-7.6926,53.28823,2021/05/09 23:00:00+00,Mon 10 May 2021,28857,4659,171,1438914,547022,868,1439782,547890,30.0047160384277,11.417897897247,542
-7.6926,53.28823,2021/05/10 23:00:00+00,Tue 11 May 2021,33925,14820,153,1472839,561842,1021,1473860,562863,30.7148934910959,11.7299316726682,543
-7.6926,53.28823,2021/05/11 23:00:00+00,Wed 12 May 2021,31300,20931,175,1504139,582773,1196,1505335,583969,31.3708250399759,12.1697757162158,544
-7.6926,53.28823,2021/05/12 23:00:00+00,Thu 13 May 2021,36010,25486,152,1540149,608259,1348,1541497,609607,32.1244325592959,12.7040655668968,545
-7.6926,53.28823,2021/05/13 23:00:00+00,Fri 14 May 2021,38234,27955,237,1578383,636214,1585,1579968,637799,32.9261590920032,13.2915801729659,546
-7.6926,53.28823,2021/05/14 23:00:00+00,Sat 15 May 2021,28878,12465,22,1607261,648679,1607,1608868,650286,33.5284282504664,13.5518062969012,547
-7.6926,53.28823,2021/05/15 23:00:00+00,Sun 16 May 2021,23187,1181,11,1630448,649860,1618,1632066,651478,34.011869078772,13.5766472947174,548
-7.6926,53.28823,2021/05/16 23:00:00+00,Mon 17 May 2021,35399,3961,120,1665847,653821,1738,1667585,655559,34.7520766303103,13.6616943686167,549
-7.6926,53.28823,2021/05/17 23:00:00+00,Tue 18 May 2021,39026,12513,127,1704873,666334,1865,1706738,668199,35.5680158815668,13.9251089763321,550
-7.6926,53.28823,2021/05/18 23:00:00+00,Wed 19 May 2021,37044,17606,211,1741917,683940,2076,1743993,686016,36.3444012621394,14.2964110384892,551
-7.6926,53.28823,2021/05/19 23:00:00+00,Thu 20 May 2021,39100,19649,137,1781017,703589,2213,1783230,705802,37.1620910535105,14.7087465945222,552
-7.6926,53.28823,2021/05/20 23:00:00+00,Fri 21 May 2021,25848,23261,14935,1806865,726850,17148,1824013,743998,38.0119991188948,15.5047421923306,553
-7.6926,53.28823,2021/05/21 23:00:00+00,Sat 22 May 2021,16596,10260,13523,1823461,737110,30671,1854132,767781,38.6396719487825,16.0003742821483,554
-7.6926,53.28823,2021/05/22 23:00:00+00,Sun 23 May 2021,8226,5536,10205,1831687,742646,40876,1872563,783522,39.0237696255866,16.3284129957597,555
-7.6926,53.28823,2021/05/23 23:00:00+00,Mon 24 May 2021,22561,8240,8453,1854248,750886,49329,1903577,800215,39.6700940435997,16.6762911640029,556
-7.6926,53.28823,2021/05/24 23:00:00+00,Tue 25 May 2021,30364,16516,3224,1884612,767402,52553,1937165,819955,40.3700600122663,17.0876680909256,557
-7.6926,53.28823,2021/05/25 23:00:00+00,Wed 26 May 2021,19988,25478,3054,1904600,792880,55607,1960207,848487,40.8502498375019,17.682268216506,558
-7.6926,53.28823,2021/05/26 23:00:00+00,Thu 27 May 2021,17023,36062,550,1921623,828942,56157,1977780,885099,41.2164669974215,18.4452536292969,559
-7.6926,53.28823,2021/05/27 23:00:00+00,Fri 28 May 2021,27053,31844,1562,1948676,860786,57719,2006395,918505,41.8127968233532,19.1414267610486,560
-7.6926,53.28823,2021/05/28 23:00:00+00,Sat 29 May 2021,24495,7401,537,1973171,868187,58256,2031427,926443,42.3344577774934,19.3068528018749,561
-7.6926,53.28823,2021/05/29 23:00:00+00,Sun 30 May 2021,24260,1688,210,1997431,869875,58466,2055897,928341,42.8444067846767,19.3464066725588,562
-7.6926,53.28823,2021/05/30 23:00:00+00,Mon 31 May 2021,22601,7319,3445,2020032,877194,61911,2081943,939105,43.3871992587713,19.5707258843822,563
-7.6926,53.28823,2021/05/31 23:00:00+00,Tue 01 Jun 2021,27606,11533,3655,2047638,888727,65566,2113204,954293,44.0386710983118,19.8872402089061,564
-7.6926,53.28823,2021/06/01 23:00:00+00,Wed 02 Jun 2021,18715,20920,4008,2066353,909647,69574,2135927,979221,44.5122130390648,20.4067338276664,565
-7.6926,53.28823,2021/06/02 23:00:00+00,Thu 03 Jun 2021,16699,30711,1978,2083052,940358,71552,2154604,1011910,44.9014372976329,21.0879648491545,566
-7.6926,53.28823,2021/06/03 23:00:00+00,Fri 04 Jun 2021,28996,23351,153,2112048,963709,71705,2183753,1035414,45.50889555715,21.5777826450203,567
-7.6926,53.28823,2021/06/04 23:00:00+00,Sat 05 Jun 2021,20975,11502,35,2133023,975211,71740,2204763,1046951,45.9467389834238,21.8182109938504,568
-7.6926,53.28823,2021/06/05 23:00:00+00,Sun 06 Jun 2021,19952,3918,47,2152975,979129,71787,2224762,1050916,46.3635134090331,21.9008406552105,569
-7.6926,53.28823,2021/06/06 23:00:00+00,Mon 07 Jun 2021,19844,4606,47,2172819,983735,71834,2244653,1055569,46.7780371402093,21.9978080736994,570
-7.6926,53.28823,2021/06/07 23:00:00+00,Tue 08 Jun 2021,26426,18348,48,2199245,1002083,71882,2271127,1073965,47.3297490329829,22.381176358789,571
-7.6926,53.28823,2021/06/08 23:00:00+00,Wed 09 Jun 2021,32821,20131,175,2232066,1022214,72057,2304123,1094271,48.0173778617944,22.8043485917217,572
-7.6926,53.28823,2021/06/09 23:00:00+00,Thu 10 Jun 2021,27711,27509,273,2259777,1049723,72330,2332107,1122053,48.6005577971036,23.3833188948507,573
-7.6926,53.28823,2021/06/10 23:00:00+00,Fri 11 Jun 2021,26455,32915,42,2286232,1082638,72372,2358604,1155010,49.1527490044324,24.0701349728948,574
-7.6926,53.28823,2021/06/11 23:00:00+00,Sat 12 Jun 2021,12223,19732,105,2298455,1102370,72477,2370932,1174847,49.409661606008,24.4835333568545,575
-7.6926,53.28823,2021/06/12 23:00:00+00,Sun 13 Jun 2021,8559,18179,835,2307014,1120549,73312,2380326,1193861,49.6054303421535,24.8797806156441,576
-7.6926,53.28823,2021/06/13 23:00:00+00,Mon 14 Jun 2021,16029,31318,52,2323043,1151867,73364,2396407,1225231,49.9405545752762,25.5335239893809,577
-7.6926,53.28823,2021/06/14 23:00:00+00,Tue 15 Jun 2021,14710,41598,206,2337753,1193465,73570,2411323,1267035,50.2514004841911,26.4047094530625,578
-7.6926,53.28823,2021/06/15 23:00:00+00,Wed 16 Jun 2021,13482,48403,219,2351235,1241868,73789,2425024,1315657,50.5369260807345,27.4179804227096,579
-7.6926,53.28823,2021/06/16 23:00:00+00,Thu 17 Jun 2021,21582,42700,535,2372817,1284568,74324,2447141,1358892,50.9978391249467,28.3189875876286,580
-7.6926,53.28823,2021/06/17 23:00:00+00,Fri 18 Jun 2021,12023,50030,554,2384840,1334598,74878,2459718,1409476,51.2599408275762,29.3731461728087,581
-7.6926,53.28823,2021/06/18 23:00:00+00,Sat 19 Jun 2021,6329,32821,434,2391169,1367419,75312,2466481,1442731,51.4008801465619,30.0661725003069,582
-7.6926,53.28823,2021/06/19 23:00:00+00,Sun 20 Jun 2021,8523,26146,178,2399692,1393565,75490,2475182,1469055,51.5822069267622,30.6147584285902,583
-7.6926,53.28823,2021/06/20 23:00:00+00,Mon 21 Jun 2021,15495,32349,575,2415187,1425914,76065,2491252,1501979,51.917101922489,31.3008867944464,584
-7.6926,53.28823,2021/06/21 23:00:00+00,Tue 22 Jun 2021,15154,43559,722,2430341,1469473,76787,2507128,1546260,52.2479540041417,32.2236923517444,585
-7.6926,53.28823,2021/06/22 23:00:00+00,Wed 23 Jun 2021,20106,39409,885,2450447,1508882,77672,2528119,1586554,52.6854014749134,33.0634097728903,586
-7.6926,53.28823,2021/06/23 23:00:00+00,Thu 24 Jun 2021,19031,44279,1032,2469478,1553161,78704,2548182,1631865,53.1035096453718,34.007680286355,587
-7.6926,53.28823,2021/06/24 23:00:00+00,Fri 25 Jun 2021,15222,50131,843,2484700,1603292,79547,2564247,1682839,53.4383004422823,35.0699663792099,588
-7.6926,53.28823,2021/06/25 23:00:00+00,Sat 26 Jun 2021,9074,30576,512,2493774,1633868,80059,2573833,1713927,53.6380704129753,35.7178329397049,589
-7.6926,53.28823,2021/06/26 23:00:00+00,Sun 27 Jun 2021,8741,30486,59,2502515,1664354,80118,2582633,1744472,53.8214603297392,36.3543835087451,590
-7.6926,53.28823,2021/06/27 23:00:00+00,Mon 28 Jun 2021,24245,24664,527,2526760,1689018,80645,2607405,1769663,54.3377029454296,36.879357985245,591
-7.6926,53.28823,2021/06/28 23:00:00+00,Tue 29 Jun 2021,28152,31061,812,2554912,1720079,81457,2636369,1801536,54.9413058487421,37.5435837599059,592
-7.6926,53.28823,2021/06/29 23:00:00+00,Wed 30 Jun 2021,22587,36883,589,2577499,1756962,82046,2659545,1839008,55.4242882022557,38.3244913691078,593
-7.6926,53.28823,2021/06/30 23:00:00+00,Thu 01 Jul 2021,15049,48307,643,2592548,1805269,82689,2675237,1887958,55.751305767467,39.344597781107,594
-7.6926,53.28823,2021/07/01 23:00:00+00,Fri 02 Jul 2021,13694,47276,818,2606242,1852545,83507,2689749,1936052,56.0537324120213,40.3468653557483,595
-7.6926,53.28823,2021/07/02 23:00:00+00,Sat 03 Jul 2021,9322,30486,506,2615564,1883031,84013,2699577,1967044,56.2585456054253,40.9927312989695,596
-7.6926,53.28823,2021/07/03 23:00:00+00,Sun 04 Jul 2021,6460,27786,233,2622024,1910817,84246,2706270,1995063,56.3980261409822,41.5766406259931,597
-7.6926,53.28823,2021/07/04 23:00:00+00,Mon 05 Jul 2021,15634,33475,5342,2637658,1944292,89588,2727246,2033880,56.8351610153049,42.3855777167914,598
-7.6926,53.28823,2021/07/05 23:00:00+00,Tue 06 Jul 2021,12408,48307,5488,2650066,1992599,95076,2745142,2087675,57.2081094187602,43.5066527818271,599
-7.6926,53.28823,2021/07/06 23:00:00+00,Wed 07 Jul 2021,19712,43771,5059,2669778,2036370,100135,2769913,2136505,57.7243311946874,44.524258422234,600
-7.6926,53.28823,2021/07/07 23:00:00+00,Thu 08 Jul 2021,17798,45612,5997,2687576,2081982,106132,2793708,2188114,58.2202133616643,45.5997777647645,601
-7.6926,53.28823,2021/07/08 23:00:00+00,Fri 09 Jul 2021,13531,45098,6531,2701107,2127080,112663,2813770,2239743,58.6383006923595,46.6757139025604,602
-7.6926,53.28823,2021/07/09 23:00:00+00,Sat 10 Jul 2021,8645,23884,4365,2709752,2150964,117028,2826780,2267992,58.9094260124843,47.2644163751357,603
-7.6926,53.28823,2021/07/10 23:00:00+00,Sun 11 Jul 2021,15244,16121,2153,2724996,2167085,119181,2844177,2286266,59.2719753740685,47.6452422091066,604
-7.6926,53.28823,2021/07/11 23:00:00+00,Mon 12 Jul 2021,17125,31783,6092,2742121,2198868,125273,2867394,2324141,59.7558121578762,48.4345482429058,605
-7.6926,53.28823,2021/07/12 23:00:00+00,Tue 13 Jul 2021,20118,36578,8490,2762239,2235446,133763,2896002,2369209,60.351996105465,49.3737546938962,606
-7.6926,53.28823,2021/07/13 23:00:00+00,Wed 14 Jul 2021,20804,35731,9335,2783043,2271177,143098,2926141,2414275,60.9800857306181,50.31291946536,607
-7.6926,53.28823,2021/07/14 23:00:00+00,Thu 15 Jul 2021,23660,28845,9585,2806703,2300022,152683,2959386,2452705,61.6729036604836,51.1137915677733,608
-7.6926,53.28823,2021/07/15 23:00:00+00,Fri 16 Jul 2021,23519,27437,9168,2830222,2327459,161851,2992073,2489310,62.3540930024451,51.8766311022213,609
-7.6926,53.28823,2021/07/16 23:00:00+00,Sat 17 Jul 2021,11518,19435,4678,2841740,2346894,166529,3008269,2513423,62.6916138083438,52.3791403139177,610
-7.6926,53.28823,2021/07/17 23:00:00+00,Sun 18 Jul 2021,16871,15826,1931,2858611,2362720,168460,3027071,2531180,63.0834430373205,52.7491919902787,611
-7.6926,53.28823,2021/07/18 23:00:00+00,Mon 19 Jul 2021,24908,18453,6253,2883519,2381173,174713,3058232,2555886,63.7328309005341,53.2640591815933,612
-7.6926,53.28823,2021/10/29 23:00:00+00,Sat 30 Oct 2021,2020,1455,1,3621241,3556959,240852,3862093,3797811,80.4851038414144,79.1454821789806,613
-7.6926,53.28823,2021/10/30 23:00:00+00,Sun 31 Oct 2021,1599,1320,0,3622840,3558279,240852,3863692,3799131,80.5184266228809,79.1729906664952,614
-7.6926,53.28823,2021/11/01 00:00:00+00,Mon 01 Nov 2021,291,298,2,3623131,3558577,240854,3863985,3799431,80.5245326735186,79.1792425954758,615
-7.6926,53.28823,2021/11/02 00:00:00+00,Tue 02 Nov 2021,1100,1099,10,3624231,3559676,240864,3865095,3800540,80.5476648107468,79.2023538929407,616
-7.6926,53.28823,2021/11/03 00:00:00+00,Wed 03 Nov 2021,2538,1883,7,3626769,3561559,240871,3867640,3802430,80.6007020082655,79.2417410455184,617
-7.6926,53.28823,2021/11/04 00:00:00+00,Thu 04 Nov 2021,1537,1288,2,3628306,3562847,240873,3869179,3803720,80.6327744039359,79.2686243401349,618
-7.6926,53.28823,2021/11/05 00:00:00+00,Fri 05 Nov 2021,1630,1102,4,3629936,3563949,240877,3870813,3804826,80.6668265771168,79.29167311831,619
-7.6926,53.28823,2021/11/06 00:00:00+00,Sat 06 Nov 2021,1822,1359,6,3631758,3565308,240883,3872641,3806191,80.7049216643719,79.3201193951717,620
-7.6926,53.28823,2021/11/07 00:00:00+00,Sun 07 Nov 2021,698,775,0,3632456,3566083,240883,3873339,3806966,80.7194678191334,79.3362702117049,621
-7.6926,53.28823,2021/11/08 00:00:00+00,Mon 08 Nov 2021,516,536,4,3632972,3566619,240887,3873859,3807506,80.730304496033,79.34752368387,622
-7.6926,53.28823,2021/11/09 00:00:00+00,Tue 09 Nov 2021,1373,1071,4,3634345,3567690,240891,3875236,3808581,80.7590008500539,79.3699264293837,623
-7.6926,53.28823,2021/11/10 00:00:00+00,Wed 10 Nov 2021,1602,1369,2,3635947,3569059,240893,3876840,3809952,80.7924278303368,79.398497744825,624
-7.6926,53.28823,2021/11/11 00:00:00+00,Thu 11 Nov 2021,1394,1126,2,3637341,3570185,240895,3878236,3811080,80.8215201398598,79.422004997792,625
-7.6926,53.28823,2021/11/12 00:00:00+00,Fri 12 Nov 2021,1143,1161,6,3638484,3571346,240901,3879385,3812247,80.8454650278555,79.4463250015265,626
-7.6926,53.28823,2021/11/13 00:00:00+00,Sat 13 Nov 2021,1396,1384,0,3639880,3572730,240901,3880781,3813631,80.8745573373785,79.4751672338903,627
-7.6926,53.28823,2021/11/14 00:00:00+00,Sun 14 Nov 2021,1646,1808,1,3641526,3574538,240902,3882428,3815440,80.9088804274819,79.5128663656432,628
-7.6926,53.28823,2021/11/15 00:00:00+00,Mon 15 Nov 2021,1242,598,1,3642768,3575136,240903,3883671,3816039,80.9347842532248,79.5253493838411,629
-7.6926,53.28823,2021/11/16 00:00:00+00,Tue 16 Nov 2021,1316,1082,5,3644084,3576218,240908,3884992,3817126,80.9623135805027,79.5480022065141,630
-7.6926,53.28823,2021/11/17 00:00:00+00,Wed 17 Nov 2021,1504,1123,3,3645588,3577341,240911,3886499,3818252,80.9937191037485,79.5714677799546,631
-7.6926,53.28823,2021/11/18 00:00:00+00,Thu 18 Nov 2021,1640,2513,5,3647228,3579854,240916,3888144,3820770,81.0280005143254,79.623942303865,632
-7.6926,53.28823,2021/11/19 00:00:00+00,Fri 19 Nov 2021,1165,1561,0,3648393,3581415,240916,3889309,3822331,81.0522788385333,79.6564731743273,633
-7.6926,53.28823,2021/11/20 00:00:00+00,Sat 20 Nov 2021,1547,2948,12,3649940,3584363,240928,3890868,3825291,81.0847680294691,79.7181588736025,634
-7.6926,53.28823,2021/11/21 00:00:00+00,Sun 21 Nov 2021,1789,2770,0,3651729,3587133,240928,3892657,3828061,81.1220503659567,79.7758850178566,635
-7.6926,53.28823,2021/11/22 00:00:00+00,Mon 22 Nov 2021,725,521,3,3652454,3587654,240931,3893385,3828585,81.1372217136162,79.7868050538093,636
-7.6926,53.28823,2021/11/23 00:00:00+00,Tue 23 Nov 2021,2156,1598,8,3654610,3589252,240939,3895549,3830191,81.1823189613295,79.8202737136187,637
-7.6926,53.28823,2021/11/24 00:00:00+00,Wed 24 Nov 2021,1615,3152,2,3656225,3592404,240941,3897166,3833345,81.2160168585349,79.886002326968,638
-7.6926,53.28823,2021/11/25 00:00:00+00,Thu 25 Nov 2021,982,1190,2,3657207,3593594,240943,3898150,3834537,81.2365231855912,79.9108433247842,639
-7.6926,53.28823,2021/11/26 00:00:00+00,Fri 26 Nov 2021,1279,1112,12,3658486,3594706,240955,3899441,3835661,81.263427319971,79.9342672186981,640
-7.6926,53.28823,2021/11/27 00:00:00+00,Sat 27 Nov 2021,1201,1566,6,3659687,3596272,240961,3900648,3837233,81.2885809142362,79.9670273265564,641
-7.6926,53.28823,2021/11/28 00:00:00+00,Sun 28 Nov 2021,1962,2262,1,3661649,3598534,240962,3902611,3839496,81.3294893695326,80.0141877108333,642
-7.6926,53.28823,2021/11/29 00:00:00+00,Mon 29 Nov 2021,536,1000,2,3662185,3599534,240964,3903149,3840498,81.3407011621711,80.0350691536284,643
-7.6926,53.28823,2021/11/30 00:00:00+00,Tue 30 Nov 2021,1895,1650,6,3664080,3601184,240970,3905050,3842154,81.3803175521447,80.0695798016013,644
-7.6926,53.28823,2021/12/01 00:00:00+00,Wed 01 Dec 2021,1071,1389,4,3665151,3602573,240974,3906125,3843547,81.4027202976585,80.0986095918345,645
-7.6926,53.28823,2021/12/02 00:00:00+00,Thu 02 Dec 2021,1737,1415,0,3666888,3603988,240974,3907862,3844962,81.4389189664561,80.1280978568596,646
-7.6926,53.28823,2021/12/03 00:00:00+00,Fri 03 Dec 2021,1016,1199,2,3667904,3605187,240976,3908880,3846163,81.4601338454636,80.1531264125452,647
-7.6926,53.28823,2021/12/04 00:00:00+00,Sat 04 Dec 2021,1204,1703,1,3669108,3606890,240977,3910085,3847867,81.4852457602023,80.1886373691549,648
-7.6926,53.28823,2021/12/05 00:00:00+00,Sun 05 Dec 2021,1348,1777,2,3670456,3608667,240979,3911435,3849646,81.5133794406149,80.2257113080098,649
-7.6926,53.28823,2021/12/06 00:00:00+00,Mon 06 Dec 2021,937,1304,0,3671393,3609971,240979,3912372,3850950,81.5329062987976,80.2528863593121,650
-7.6926,53.28823,2021/12/07 00:00:00+00,Tue 07 Dec 2021,483,749,2,3671876,3610720,240981,3912857,3851701,81.5430135839829,80.2685370215269,651
-7.6926,53.28823,2021/12/08 00:00:00+00,Wed 08 Dec 2021,796,1526,2,3672672,3612246,240983,3913655,3853229,81.5596437150712,80.3003801798013,652
-7.6926,53.28823,2021/12/09 00:00:00+00,Thu 09 Dec 2021,785,1213,1,3673457,3613459,240984,3914441,3854443,81.5760237690004,80.3256796524094,653
-7.6926,53.28823,2021/12/10 00:00:00+00,Fri 10 Dec 2021,895,1618,1,3674352,3615077,240985,3915337,3856062,81.5946961968891,80.3594192291413,654
-7.6926,53.28823,2021/12/11 00:00:00+00,Sat 11 Dec 2021,643,845,2,3674995,3615922,240987,3915982,3856909,81.6081378441973,80.3770705086299,655
-7.6926,53.28823,2021/12/12 00:00:00+00,Sun 12 Dec 2021,685,1193,0,3675680,3617115,240987,3916667,3858102,81.6224130820363,80.4019323462093,656
-7.6926,53.28823,2021/12/13 00:00:00+00,Mon 13 Dec 2021,723,1071,1,3676403,3618186,240988,3917391,3859174,81.6375010706428,80.4242725724333,657
-7.6926,53.28823,2021/12/14 00:00:00+00,Tue 14 Dec 2021,631,1204,3,3677034,3619390,240991,3918025,3860381,81.6507134805552,80.4494261666985,658
-7.6926,53.28823,2021/12/15 00:00:00+00,Wed 15 Dec 2021,790,1258,1,3677824,3620648,240992,3918816,3861640,81.6671977333006,80.4756634286537,659
-7.6926,53.28823,2021/12/16 00:00:00+00,Thu 16 Dec 2021,1049,1547,8,3678873,3622195,241000,3919873,3863195,81.6892253630756,80.5080692605364,660
-7.6926,53.28823,2021/12/17 00:00:00+00,Fri 17 Dec 2021,1197,2459,1,3680070,3624654,241001,3921071,3865655,81.7141913994714,80.5593350781772,661
-7.6926,53.28823,2021/12/18 00:00:00+00,Sat 18 Dec 2021,1251,1185,0,3681321,3625839,241001,3922322,3866840,81.7402619433204,80.5840301976506,662
-7.6926,53.28823,2021/12/19 00:00:00+00,Sun 19 Dec 2021,550,890,2,3681871,3626729,241003,3922874,3867732,81.7517654926447,80.6026192664862,663
-7.6926,53.28823,2021/12/20 00:00:00+00,Mon 20 Dec 2021,516,620,1,3682387,3627349,241004,3923391,3868353,81.7625396502546,80.615560759476,664
-7.6926,53.28823,2021/12/21 00:00:00+00,Tue 21 Dec 2021,1406,1819,3,3683793,3629168,241007,3924800,3870175,81.7919028767001,80.6535308081514,665
-7.6926,53.28823,2021/12/22 00:00:00+00,Wed 22 Dec 2021,1165,1601,2,3684958,3630769,241009,3925967,3871778,81.8162228804346,80.686936948671,666
-7.6926,53.28823,2021/12/23 00:00:00+00,Thu 23 Dec 2021,930,1399,0,3685888,3632168,241009,3926897,3873177,81.8356038602744,80.7160917774838,667
-7.6926,53.28823,2021/12/24 00:00:00+00,Fri 24 Dec 2021,101,163,0,3685989,3632331,241009,3926998,3873340,81.8377086763645,80.7194886588966,668
-7.6926,53.28823,2021/12/25 00:00:00+00,Sat 25 Dec 2021,1,6,0,3685990,3632337,241009,3926999,3873346,81.8377295161278,80.7196136974762,669
-7.6926,53.28823,2021/12/26 00:00:00+00,Sun 26 Dec 2021,12,13,0,3686002,3632350,241009,3927011,3873359,81.837979593287,80.7198846143987,670
-7.6926,53.28823,2021/12/27 00:00:00+00,Mon 27 Dec 2021,391,590,0,3686393,3632940,241009,3927402,3873949,81.846127940725,80.7321800747272,671
-7.6926,53.28823,2021/12/28 00:00:00+00,Tue 28 Dec 2021,467,750,0,3686860,3633690,241009,3927869,3874699,81.8558601101715,80.7478098971787,672
-7.6926,53.28823,2021/12/29 00:00:00+00,Wed 29 Dec 2021,1058,1312,0,3687918,3635002,241009,3928927,3876011,81.8779085797097,80.7751516665871,673
-7.6926,53.28823,2021/12/30 00:00:00+00,Thu 30 Dec 2021,1051,1199,1,3688969,3636201,241010,3929979,3877211,81.8998320106683,80.8001593825095,674
-7.6926,53.28823,2021/12/31 00:00:00+00,Fri 31 Dec 2021,713,1682,0,3689682,3637883,241010,3930692,3878893,81.9146907618788,80.8352118643273,675
-7.6926,53.28823,2022/01/01 00:00:00+00,Sat 01 Jan 2022,68,100,0,3689750,3637983,241010,3930760,3878993,81.9161078657811,80.8372958406542,676
-7.6926,53.28823,2022/01/02 00:00:00+00,Sun 02 Jan 2022,271,629,0,3690021,3638612,241010,3931031,3879622,81.9217554416269,80.8504040517501,677
-7.6926,53.28823,2022/01/03 00:00:00+00,Mon 03 Jan 2022,3632,728,1,3693653,3639340,241011,3934664,3880351,81.9974663015818,80.865596239173,678
-7.6926,53.28823,2022/01/04 00:00:00+00,Tue 04 Jan 2022,1187,785,1,3694840,3640125,241012,3935852,3881137,82.0222239403449,80.8819762931021,679
-7.6926,53.28823,2022/01/05 00:00:00+00,Wed 05 Jan 2022,2139,913,0,3696979,3641038,241012,3937991,3882050,82.0668001939765,80.9010029969664,680
-7.6926,53.28823,2022/01/06 00:00:00+00,Thu 06 Jan 2022,2455,1697,1,3699434,3642735,241013,3940447,3883748,82.1179826525643,80.9363889149965,681
-7.6926,53.28823,2022/01/07 00:00:00+00,Fri 07 Jan 2022,4854,782,2,3704288,3643517,241015,3945303,3884532,82.2191805429967,80.9527272893991,682
-7.6926,53.28823,2022/01/08 00:00:00+00,Sat 08 Jan 2022,9789,745,2,3714077,3644262,241017,3955094,3885279,82.4232226651598,80.9682945925607,683
-7.6926,53.28823,2022/01/09 00:00:00+00,Sun 09 Jan 2022,7116,667,0,3721193,3644929,241017,3962210,3885946,82.5715184205794,80.9821947146609,684
-7.6926,53.28823,2022/01/10 00:00:00+00,Mon 10 Jan 2022,6663,509,1,3727856,3645438,241018,3968874,3886456,82.7103946030015,80.9928229939279,685
-7.6926,53.28823,2022/01/11 00:00:00+00,Tue 11 Jan 2022,4780,1369,1,3732636,3646807,241019,3973655,3887826,82.8100295111888,81.0213734696059,686
-7.6926,53.28823,2022/01/12 00:00:00+00,Wed 12 Jan 2022,7560,927,1,3740196,3647734,241020,3981216,3888754,82.9675989612629,81.0407127699192,687
-7.6926,53.28823,2022/01/13 00:00:00+00,Thu 13 Jan 2022,7321,817,0,3747517,3648551,241020,3988537,3889571,83.1201668681524,81.0577388565097,688
-7.6926,53.28823,2022/01/14 00:00:00+00,Fri 14 Jan 2022,10723,835,0,3758240,3649386,241020,3999260,3890406,83.3436316496819,81.075140058839,689
-7.6926,53.28823,2022/01/15 00:00:00+00,Sat 15 Jan 2022,8363,652,2,3766603,3650038,241022,4007625,3891060,83.517956269424,81.0887692640167,690
-7.6926,53.28823,2022/01/16 00:00:00+00,Sun 16 Jan 2022,6965,1216,1,3773568,3651254,241023,4014591,3892277,83.6631260603532,81.1141312559146,691
-7.6926,53.28823,2022/01/17 00:00:00+00,Mon 17 Jan 2022,2562,562,0,3776130,3651816,241023,4017153,3892839,83.7165175338474,81.1258432028716,692
-7.6926,53.28823,2022/01/18 00:00:00+00,Tue 18 Jan 2022,4056,452,3,3780186,3652268,241026,4021212,3893294,83.8011061329548,81.1353252951588,693
-7.6926,53.28823,2022/01/19 00:00:00+00,Wed 19 Jan 2022,3487,623,0,3783673,3652891,241026,4024699,3893917,83.8737743874725,81.1483084676751,694
-7.6926,53.28823,2022/01/20 00:00:00+00,Thu 20 Jan 2022,3699,938,0,3787372,3653829,241026,4028398,3894855,83.9508606718031,81.1678561656211,695
-7.6926,53.28823,2022/01/21 00:00:00+00,Fri 21 Jan 2022,3252,977,0,3790624,3654806,241026,4031650,3895832,84.0186315819527,81.1882166143346,696
-7.6926,53.28823,2022/01/22 00:00:00+00,Sat 22 Jan 2022,4272,644,0,3794896,3655450,241026,4035922,3896476,84.1076590506363,81.2016374218796,697
-7.6926,53.28823,2022/01/23 00:00:00+00,Sun 23 Jan 2022,3094,680,0,3797990,3656130,241026,4039016,3897156,84.1721372781894,81.2158084609022,698
-7.6926,53.28823,2022/01/24 00:00:00+00,Mon 24 Jan 2022,646,467,0,3798636,3656597,241026,4039662,3897623,84.1855997652609,81.2255406303487,699
-7.6926,53.28823,2022/01/25 00:00:00+00,Tue 25 Jan 2022,692,1836,1,3799328,3658433,241027,4040355,3899460,84.2000417212061,81.2638232754731,700
-7.6926,53.28823,2022/01/26 00:00:00+00,Wed 26 Jan 2022,700,897,0,3800028,3659330,241027,4041055,3900357,84.2146295554941,81.2825165431251,701
-7.6926,53.28823,2022/01/27 00:00:00+00,Thu 27 Jan 2022,1274,1178,0,3801302,3660508,241027,4042329,3901535,84.2411794138983,81.3070657842555,702
-7.6926,53.28823,2022/01/28 00:00:00+00,Fri 28 Jan 2022,1028,3095,1,3802330,3663603,241028,4043358,3904631,84.2626235303018,81.3715856913352,703
-7.6926,53.28823,2022/01/29 00:00:00+00,Sat 29 Jan 2022,2328,3445,0,3804658,3667048,241028,4045686,3908076,84.3111384991911,81.4433786757956,704
-7.6926,53.28823,2022/01/30 00:00:00+00,Sun 30 Jan 2022,1639,7537,0,3806297,3674585,241028,4047325,3915613,84.3452948711884,81.6004479715512,705
-7.6926,53.28823,2022/01/31 00:00:00+00,Mon 31 Jan 2022,481,1395,0,3806778,3675980,241028,4047806,3917008,84.3553187973206,81.6295194413109,706
-7.6926,53.28823,2022/02/01 00:00:00+00,Tue 01 Feb 2022,749,3418,1,3807527,3679398,241029,4048556,3920427,84.3709486197721,81.7007705919264,707
-7.6926,53.28823,2022/02/02 00:00:00+00,Wed 02 Feb 2022,652,2996,0,3808179,3682394,241029,4049208,3923423,84.3845361454232,81.7632065226792,708
-7.6926,53.28823,2022/02/03 00:00:00+00,Thu 03 Feb 2022,907,2436,1,3809086,3684830,241030,4050116,3925860,84.4034586504711,81.8139930257648,709
-7.6926,53.28823,2022/02/04 00:00:00+00,Fri 04 Feb 2022,1173,6523,0,3810259,3691353,241030,4051289,3932383,84.4279036927852,81.9499308015661,710
-7.6926,53.28823,2022/02/05 00:00:00+00,Sat 05 Feb 2022,1777,5750,0,3812036,3697103,241030,4053066,3938133,84.4649359521136,82.0697594403607,711
-7.6926,53.28823,2022/02/06 00:00:00+00,Sun 06 Feb 2022,1407,7555,0,3813443,3704658,241030,4054473,3945688,84.4942574990325,82.2272038518551,712
-7.6926,53.28823,2022/02/07 00:00:00+00,Mon 07 Feb 2022,440,1351,0,3813883,3706009,241030,4054913,3947039,84.5034269948707,82.255358372031,713
-7.6926,53.28823,2022/02/08 00:00:00+00,Tue 08 Feb 2022,899,1238,0,3814782,3707247,241030,4055812,3948277,84.5221619420492,82.2811579989576,714
