X,Y,VaccinationDate,VaccineText,Dose1,Dose2,SingleDose,Dose1Cum,Dose2Cum,SingleDoseCum,PartiallyVacc,FullyVacc,PartialPercent,FullyPercent,ObjectId
-7.6926,53.28823,2022/06/06 23:00:00+00,Tue 07 Jun 2022,29,50,0,3848981,3800710,240958,4089939,4041668,85.2333605431176,84.2274043303778,1
-7.6926,53.28823,2022/06/07 23:00:00+00,Wed 08 Jun 2022,36,76,0,3849017,3800786,240958,4089975,4041744,85.2341107745952,84.2289881523862,2
-7.6926,53.28823,2021/04/11 23:00:00+00,Mon 12 Apr 2021,7781,2800,13,797254,339032,241,797495,339273,16.6196070079122,7.07036900343627,3
-7.6926,53.28823,2021/07/25 23:00:00+00,Mon 26 Jul 2021,23841,18310,3422,3057615,2501590,208539,3266154,2710129,68.0658761588732,56.4784467874359,4
-7.6926,53.28823,2020/12/28 00:00:00+00,Mon 28 Dec 2020,235,15,1,235,15,1,236,16,0.00491818413139554,0.000333436212298003,5
-7.6926,53.28823,2021/04/12 23:00:00+00,Tue 13 Apr 2021,11524,8590,1,808778,347622,242,809020,347864,16.8597852795831,7.24940340967703,6
-7.6926,53.28823,2022/06/08 23:00:00+00,Thu 09 Jun 2022,71,123,0,3849088,3800909,240958,4090046,4041867,85.2355903977873,84.2315514432682,7
-7.6926,53.28823,2020/12/29 00:00:00+00,Tue 29 Dec 2020,78,3,0,313,18,1,314,19,0.0065436856663483,0.000395955502103878,8
-7.6926,53.28823,2021/07/26 23:00:00+00,Tue 27 Jul 2021,25516,23914,3674,3083131,2525504,212213,3295344,2737717,68.6741888486844,57.0533741764907,9
-7.6926,53.28823,2021/04/13 23:00:00+00,Wed 14 Apr 2021,20345,6589,2,829123,354211,244,829367,354455,17.2838119428099,7.38675828938054,10
-7.6926,53.28823,2022/06/09 23:00:00+00,Fri 10 Jun 2022,56,108,0,3849144,3801017,240958,4090102,4041975,85.2367574245304,84.2338021377012,11
-7.6926,53.28823,2020/12/30 00:00:00+00,Wed 30 Dec 2020,1060,1,0,1373,19,1,1374,20,0.028633834731091,0.000416795265372503,12
-7.6926,53.28823,2021/07/27 23:00:00+00,Wed 28 Jul 2021,23444,25292,3264,3106575,2550796,215477,3322052,2766273,69.2307772460628,57.6484744563896,13
-7.6926,53.28823,2021/04/14 23:00:00+00,Thu 15 Apr 2021,27105,10815,1,856228,365026,245,856473,365271,17.8486945659692,7.61216116889399,14
-7.6926,53.28823,2022/06/10 23:00:00+00,Sat 11 Jun 2022,189,561,0,3849333,3801578,240958,4090291,4042536,85.2406961397881,84.2454932448949,15
-7.6926,53.28823,2020/12/31 00:00:00+00,Thu 31 Dec 2020,1037,1,0,2410,20,1,2411,21,0.0502446692406553,0.000437635028641129,16
-7.6926,53.28823,2021/07/28 23:00:00+00,Thu 29 Jul 2021,19280,27870,2963,3125855,2578666,218440,3344295,2797106,69.6943161004468,58.2910268772511,17
-7.6926,53.28823,2021/04/15 23:00:00+00,Fri 16 Apr 2021,27965,9838,1,884193,374864,246,884439,375110,18.4314993855396,7.81720359969399,18
-7.6926,53.28823,2022/06/11 23:00:00+00,Sun 12 Jun 2022,143,288,0,3849476,3801866,240958,4090434,4042824,85.2436762259355,84.2514950967163,19
-7.6926,53.28823,2021/01/01 00:00:00+00,Fri 01 Jan 2021,817,0,0,3227,20,1,3228,21,0.0672707558311221,0.000437635028641129,20
-7.6926,53.28823,2021/07/29 23:00:00+00,Fri 30 Jul 2021,21958,22948,2122,3147813,2601614,220562,3368375,2822176,70.1961375999553,58.8134797423955,21
-7.6926,53.28823,2021/04/16 23:00:00+00,Sat 17 Apr 2021,15852,4558,3,900045,379422,249,900294,379671,18.7619138321636,7.91225375996219,22
-7.6926,53.28823,2022/06/12 23:00:00+00,Mon 13 Jun 2022,17,44,0,3849493,3801910,240958,4090451,4042868,85.2440305019111,84.2524120463001,23
-7.6926,53.28823,2021/01/02 00:00:00+00,Sat 02 Jan 2021,1017,0,0,4244,20,1,4245,21,0.0884647950753139,0.000437635028641129,24
-7.6926,53.28823,2021/07/30 23:00:00+00,Sat 31 Jul 2021,13750,12490,907,3161563,2614104,221469,3383032,2835573,70.5015860101836,59.0926700509053,25
-7.6926,53.28823,2021/04/17 23:00:00+00,Sun 18 Apr 2021,1074,484,0,901119,379906,249,901368,380155,18.7842957379141,7.9223402053842,26
-7.6926,53.28823,2022/06/13 23:00:00+00,Tue 14 Jun 2022,37,54,0,3849530,3801964,240958,4090488,4042922,85.244801573152,84.2535373935166,27
-7.6926,53.28823,2021/01/03 00:00:00+00,Sun 03 Jan 2021,20,2,1,4264,22,2,4266,24,0.088902430103955,0.000500154318447004,28
-7.6926,53.28823,2021/07/31 23:00:00+00,Sun 01 Aug 2021,11133,9340,369,3172696,2623444,221838,3394534,2845282,70.7412849672993,59.2950033124804,29
-7.6926,53.28823,2021/04/18 23:00:00+00,Mon 19 Apr 2021,6748,2260,0,907867,382166,249,908116,382415,18.9249224604508,7.9694380703713,30
-7.6926,53.28823,2022/06/14 23:00:00+00,Wed 15 Jun 2022,66,122,0,3849596,3802086,240958,4090554,4043044,85.2461769975278,84.2560798446354,31
-7.6926,53.28823,2021/01/04 00:00:00+00,Mon 04 Jan 2021,1194,3,0,5458,25,2,5460,27,0.113785107446693,0.00056267360825288,32
-7.6926,53.28823,2021/08/01 23:00:00+00,Mon 02 Aug 2021,15026,16033,430,3187722,2639477,222268,3409990,2861745,71.0633843483792,59.6380883351717,33
-7.6926,53.28823,2021/04/19 23:00:00+00,Tue 20 Apr 2021,15089,7321,1,922956,389487,250,923206,389737,19.2393944881744,8.12202681702417,34
-7.6926,53.28823,2022/06/15 23:00:00+00,Thu 16 Jun 2022,42,87,0,3849638,3802173,240958,4090596,4043131,85.2470522675851,84.2578929040398,35
-7.6926,53.28823,2021/01/05 00:00:00+00,Tue 05 Jan 2021,3535,13,0,8993,38,2,8995,40,0.187453670601283,0.000833590530745007,36
-7.6926,53.28823,2021/08/02 23:00:00+00,Tue 03 Aug 2021,17348,25457,1111,3205070,2664934,223379,3428449,2888313,71.4480655385547,60.1917591656926,37
-7.6926,53.28823,2021/04/20 23:00:00+00,Wed 21 Apr 2021,26728,9891,4,949684,399378,254,949938,399632,19.7964830398713,8.32823627456722,38
-7.6926,53.28823,2022/06/16 23:00:00+00,Fri 17 Jun 2022,57,95,0,3849695,3802268,240958,4090653,4043226,85.2482401340914,84.2598726815503,39
-7.6926,53.28823,2021/01/06 00:00:00+00,Wed 06 Jan 2021,6778,13,0,15771,51,2,15773,53,0.328705586036025,0.00110450745323713,40
-7.6926,53.28823,2021/08/03 23:00:00+00,Wed 04 Aug 2021,22120,17311,1576,3227190,2682245,224955,3452145,2907200,71.941884568968,60.5853597745471,41
-7.6926,53.28823,2021/04/21 23:00:00+00,Thu 22 Apr 2021,31624,12185,1,981308,411563,255,981563,411818,20.4555405532415,8.58218962975868,42
-7.6926,53.28823,2022/06/17 23:00:00+00,Sat 18 Jun 2022,223,487,0,3849918,3802755,240958,4090876,4043713,85.2528874013003,84.2700216462621,43
-7.6926,53.28823,2021/01/07 00:00:00+00,Thu 07 Jan 2021,11729,9,0,27500,60,2,27502,62,0.57313516941373,0.00129206532265476,44
-7.6926,53.28823,2021/08/04 23:00:00+00,Thu 05 Aug 2021,13537,30054,1421,3240727,2712299,226376,3467103,2938675,72.2536057479401,61.2412913234271,45
-7.6926,53.28823,2021/04/22 23:00:00+00,Fri 23 Apr 2021,33615,12358,3,1014923,423921,258,1015181,424179,21.1561317148062,8.83978994352216,46
-7.6926,53.28823,2022/06/18 23:00:00+00,Sun 19 Jun 2022,80,129,0,3849998,3802884,240958,4090956,4043842,85.2545545823618,84.2727099757238,47
-7.6926,53.28823,2021/01/08 00:00:00+00,Fri 08 Jan 2021,12682,5,0,40182,65,2,40184,67,0.837425047186434,0.00139626413899789,48
-7.6926,53.28823,2021/08/05 23:00:00+00,Fri 06 Aug 2021,12214,24756,948,3252941,2737055,227324,3480265,2964379,72.5278987120818,61.7769565984838,49
-7.6926,53.28823,2021/04/23 23:00:00+00,Sat 24 Apr 2021,23704,6996,2,1038627,430917,260,1038887,431177,21.6501591428522,8.985626606876,50
-7.6926,53.28823,2022/06/19 23:00:00+00,Mon 20 Jun 2022,8,27,0,3850006,3802911,240958,4090964,4043869,85.2547213004679,84.273272649332,51
-7.6926,53.28823,2021/01/09 00:00:00+00,Sat 09 Jan 2021,8074,7,0,48256,72,2,48258,74,1.00568529581731,0.00154214248187826,52
-7.6926,53.28823,2021/01/10 00:00:00+00,Sun 10 Jan 2021,4783,4,1,53039,76,3,53042,79,1.10538272329442,0.00164634129822139,53
-7.6926,53.28823,2021/01/11 00:00:00+00,Mon 11 Jan 2021,8343,7,0,61382,83,3,61385,86,1.27924886824456,0.00179221964110177,54
-7.6926,53.28823,2021/01/12 00:00:00+00,Tue 12 Jan 2021,8887,11,0,70269,94,3,70272,97,1.46445184441283,0.00202145703705664,55
-7.6926,53.28823,2021/01/13 00:00:00+00,Wed 13 Jan 2021,9892,4,0,80161,98,3,80164,101,1.67059878266607,0.00210481609013114,56
-7.6926,53.28823,2021/01/14 00:00:00+00,Thu 14 Jan 2021,8088,5,0,88249,103,3,88252,106,1.83915078798271,0.00220901490647427,57
-7.6926,53.28823,2021/01/15 00:00:00+00,Fri 15 Jan 2021,7697,3,0,95946,106,3,95949,109,1.99955444586132,0.00227153419628014,58
-7.6926,53.28823,2021/01/16 00:00:00+00,Sat 16 Jan 2021,5241,2,0,101187,108,3,101190,111,2.10877564515218,0.00231321372281739,59
-7.6926,53.28823,2021/01/17 00:00:00+00,Sun 17 Jan 2021,1114,4,0,102301,112,3,102304,115,2.13199114143343,0.0023965727758919,60
-7.6926,53.28823,2021/01/18 00:00:00+00,Mon 18 Jan 2021,8717,8,1,111018,120,4,111022,124,2.3136721976093,0.00258413064530952,61
-7.6926,53.28823,2021/01/19 00:00:00+00,Tue 19 Jan 2021,8385,21,0,119403,141,4,119407,145,2.48841361261673,0.00302176567395065,62
-7.6926,53.28823,2021/01/20 00:00:00+00,Wed 20 Jan 2021,8450,963,0,127853,1104,4,127857,1108,2.66450961223661,0.0230904577016367,63
-7.6926,53.28823,2021/01/21 00:00:00+00,Thu 21 Jan 2021,9006,964,0,136859,2068,4,136863,2072,2.85219252023385,0.0431799894925914,64
-7.6926,53.28823,2021/01/22 00:00:00+00,Fri 22 Jan 2021,6786,967,0,143645,3035,4,143649,3039,2.99361115377474,0.0633320405733519,65
-7.6926,53.28823,2021/01/23 00:00:00+00,Sat 23 Jan 2021,4193,460,0,147838,3495,4,147842,3499,3.08099228116008,0.0729183316769195,66
-7.6926,53.28823,2021/01/24 00:00:00+00,Sun 24 Jan 2021,1186,398,0,149024,3893,4,149028,3897,3.10570824039667,0.0812125574578323,67
-7.6926,53.28823,2021/01/25 00:00:00+00,Mon 25 Jan 2021,1366,1290,0,150390,5183,4,150394,5187,3.13417535702161,0.108095852074359,68
-7.6926,53.28823,2021/01/26 00:00:00+00,Tue 26 Jan 2021,1003,3502,0,151393,8685,4,151397,8689,3.15507763958005,0.181076703041084,69
-7.6926,53.28823,2021/01/27 00:00:00+00,Wed 27 Jan 2021,2181,6700,0,153574,15385,4,153578,15389,3.20052916326892,0.320703116940873,70
-7.6926,53.28823,2021/01/28 00:00:00+00,Thu 28 Jan 2021,1015,11542,0,154589,26927,4,154593,26931,3.22168152298657,0.561235664587345,71
-7.6926,53.28823,2021/01/29 00:00:00+00,Fri 29 Jan 2021,1580,11526,0,156169,38453,4,156173,38457,3.254608348951,0.801434776021518,72
-7.6926,53.28823,2021/01/30 00:00:00+00,Sat 30 Jan 2021,648,7794,0,156817,46247,4,156821,46251,3.26811251554907,0.963859890937183,73
-7.6926,53.28823,2021/01/31 00:00:00+00,Sun 31 Jan 2021,233,4086,0,157050,50333,4,157054,50337,3.27296818039066,1.04901116365279,74
-7.6926,53.28823,2021/02/01 00:00:00+00,Mon 01 Feb 2021,1029,8332,1,158079,58665,5,158084,58670,3.29443313655734,1.22266891097024,75
-7.6926,53.28823,2021/02/02 00:00:00+00,Tue 02 Feb 2021,837,5107,0,158916,63772,5,158921,63777,3.31187601841318,1.32909758198311,76
-7.6926,53.28823,2021/02/03 00:00:00+00,Wed 03 Feb 2021,1405,6869,0,160321,70641,5,160326,70646,3.3411558858056,1.47224591587529,77
-7.6926,53.28823,2021/02/04 00:00:00+00,Thu 04 Feb 2021,1442,10541,1,161763,81182,6,161769,81188,3.37122766420223,1.69193870025314,78
-7.6926,53.28823,2021/02/05 00:00:00+00,Fri 05 Feb 2021,3398,8616,0,165161,89798,6,165167,89804,3.44204117978901,1.87149410057562,79
-7.6926,53.28823,2021/02/06 00:00:00+00,Sat 06 Feb 2021,903,3870,0,166064,93668,6,166070,93674,3.46085948602058,1.95214398442519,80
-7.6926,53.28823,2021/02/07 00:00:00+00,Sun 07 Feb 2021,333,1301,2,166397,94969,8,166405,94977,3.46784080671557,1.97929819596421,81
-7.6926,53.28823,2021/02/08 00:00:00+00,Mon 08 Feb 2021,1189,879,0,167586,95848,8,167594,95856,3.49261928524197,1.99761634787733,82
-7.6926,53.28823,2021/02/09 00:00:00+00,Tue 09 Feb 2021,4265,547,3,171851,96395,11,171862,96406,3.58156339487246,2.00907821767508,83
-7.6926,53.28823,2021/02/10 00:00:00+00,Wed 10 Feb 2021,8828,579,0,180679,96974,11,180690,96985,3.76553682500788,2.02114444060761,84
-7.6926,53.28823,2021/02/11 00:00:00+00,Thu 11 Feb 2021,6190,446,0,186869,97420,11,186880,97431,3.89453495964067,2.03043897502542,85
-7.6926,53.28823,2021/02/12 00:00:00+00,Fri 12 Feb 2021,4398,525,0,191267,97945,11,191278,97956,3.98618823849609,2.04137985074145,86
-7.6926,53.28823,2021/02/13 00:00:00+00,Sat 13 Feb 2021,1214,1915,0,192481,99860,11,192492,99871,4.0114877111042,2.08128799740086,87
-7.6926,53.28823,2021/02/14 00:00:00+00,Sun 14 Feb 2021,2702,27,0,195183,99887,11,195194,99898,4.06779675145602,2.08185067100912,88
-7.6926,53.28823,2021/02/15 00:00:00+00,Mon 15 Feb 2021,1965,7893,0,197148,107780,11,197159,107791,4.10874688627887,2.24633892248838,89
-7.6926,53.28823,2021/02/16 00:00:00+00,Tue 16 Feb 2021,5656,8164,0,202804,115944,11,202815,115955,4.22661658732621,2.41647474981343,90
-7.6926,53.28823,2021/02/17 00:00:00+00,Wed 17 Feb 2021,9748,8464,0,212552,124408,11,212563,124419,4.42976259966877,2.59286250611908,91
-7.6926,53.28823,2021/02/18 00:00:00+00,Thu 18 Feb 2021,8468,8354,1,221020,132762,12,221032,132774,4.60625455479076,2.76697872822844,92
-7.6926,53.28823,2021/02/19 00:00:00+00,Fri 19 Feb 2021,9395,6583,0,230415,139345,12,230427,139357,4.80204413069949,2.9041668898258,93
-7.6926,53.28823,2021/02/20 00:00:00+00,Sat 20 Feb 2021,5893,3573,2,236308,142918,14,236322,142932,4.92489453516804,2.97866904351113,94
-7.6926,53.28823,2021/02/21 00:00:00+00,Sun 21 Feb 2021,1114,1024,6,237422,143942,20,237442,143962,4.9482350700289,3.00013399967782,95
-7.6926,53.28823,2021/02/22 00:00:00+00,Mon 22 Feb 2021,3946,1123,1,241368,145065,21,241389,145086,5.03048961565016,3.02355789359175,96
-7.6926,53.28823,2021/02/23 00:00:00+00,Tue 23 Feb 2021,13363,1070,1,254731,146135,22,254753,146157,5.30899221197207,3.04587728005245,97
-7.6926,53.28823,2021/02/24 00:00:00+00,Wed 24 Feb 2021,16943,2106,5,271674,148241,27,271701,148268,5.66218451984873,3.08987002031252,98
-7.6926,53.28823,2021/02/25 00:00:00+00,Thu 25 Feb 2021,18096,1758,2,289770,149999,29,289799,150028,6.03934255548431,3.1265480036653,99
-7.6926,53.28823,2021/02/26 00:00:00+00,Fri 26 Feb 2021,16081,2771,0,305851,152770,29,305880,152799,6.37446678860707,3.18429498768266,100
-7.6926,53.28823,2021/02/27 00:00:00+00,Sat 27 Feb 2021,8999,705,1,314850,153475,30,314880,153505,6.56202465802469,3.19900786055031,101
-7.6926,53.28823,2021/02/28 00:00:00+00,Sun 28 Feb 2021,2446,59,2,317296,153534,32,317328,153566,6.61304039850629,3.20027908610969,102
-7.6926,53.28823,2021/03/01 00:00:00+00,Mon 01 Mar 2021,5607,797,0,322903,154331,32,322935,154363,6.72988895115347,3.21688837743479,103
-7.6926,53.28823,2021/03/02 00:00:00+00,Tue 02 Mar 2021,12187,1613,0,335090,155944,32,335122,155976,6.98386314610821,3.25050291558708,104
-7.6926,53.28823,2021/03/03 00:00:00+00,Wed 03 Mar 2021,12905,1506,1,347995,157450,33,348028,157483,7.25282113085308,3.2819084388329,105
-7.6926,53.28823,2021/03/04 00:00:00+00,Thu 04 Mar 2021,18725,1692,5,366720,159142,38,366758,159180,7.64314989687443,3.31727351709976,106
-7.6926,53.28823,2021/03/05 00:00:00+00,Fri 05 Mar 2021,18451,2402,6,385171,161544,44,385215,161588,8.02778940752345,3.3674556670506,107
-7.6926,53.28823,2021/03/06 00:00:00+00,Sat 06 Mar 2021,10406,142,4,395577,161686,48,395625,161734,8.24473134314983,3.37049827248782,108
-7.6926,53.28823,2021/03/07 00:00:00+00,Sun 07 Mar 2021,1523,12,3,397100,161698,51,397151,161749,8.27653282189776,3.37081086893685,109
-7.6926,53.28823,2021/03/08 00:00:00+00,Mon 08 Mar 2021,6671,1501,5,403771,163199,56,403827,163255,8.4156590814791,3.4021955524194,110
-7.6926,53.28823,2021/03/09 00:00:00+00,Tue 09 Mar 2021,13841,3106,6,417612,166305,62,417674,166367,8.70422728345975,3.46704889571136,111
-7.6926,53.28823,2021/03/10 00:00:00+00,Wed 10 Mar 2021,13744,3990,3,431356,170295,65,431421,170360,8.99071150911354,3.55026207044298,112
-7.6926,53.28823,2021/03/11 00:00:00+00,Thu 11 Mar 2021,18493,2102,3,449849,172397,68,449917,172465,9.37616377053003,3.59412977212344,113
-7.6926,53.28823,2021/03/12 00:00:00+00,Fri 12 Mar 2021,17339,1341,4,467188,173738,72,467260,173810,9.7375877848978,3.62215925371974,114
-7.6926,53.28823,2021/03/13 00:00:00+00,Sat 13 Mar 2021,8316,176,0,475504,173914,72,475576,173986,9.91089125623969,3.62582705205502,115
-7.6926,53.28823,2021/03/14 00:00:00+00,Sun 14 Mar 2021,384,20,2,475888,173934,74,475962,174008,9.91893540486137,3.62628552684693,116
-7.6926,53.28823,2021/03/15 00:00:00+00,Mon 15 Mar 2021,2663,994,0,478551,174928,74,478625,175002,9.97443169444572,3.64700025153594,117
-7.6926,53.28823,2021/03/16 00:00:00+00,Tue 16 Mar 2021,8950,3824,2,487501,178752,76,487577,178828,10.1609892552265,3.7267331858017,118
-7.6926,53.28823,2021/03/17 00:00:00+00,Wed 17 Mar 2021,4885,2418,7,492386,181170,83,492469,181253,10.2629373771366,3.77726961172812,119
-7.6926,53.28823,2021/03/18 00:00:00+00,Thu 18 Mar 2021,11728,4683,5,504114,185853,88,504202,185941,10.5074503195674,3.87496642193143,120
-7.6926,53.28823,2021/03/19 00:00:00+00,Fri 19 Mar 2021,10382,6135,2,514496,191988,90,514586,192078,10.7238504213488,4.00286004911099,121
-7.6926,53.28823,2021/03/20 00:00:00+00,Sat 20 Mar 2021,5252,3120,4,519748,195108,94,519842,195202,10.8333842170886,4.06796346956217,122
-7.6926,53.28823,2021/03/21 00:00:00+00,Sun 21 Mar 2021,3644,54,3,523392,195162,97,523489,195259,10.9093868337293,4.06915133606848,123
-7.6926,53.28823,2021/03/22 00:00:00+00,Mon 22 Mar 2021,7418,2410,1,530810,197572,98,530908,197670,11.0639970374193,4.11939600530914,124
-7.6926,53.28823,2021/03/23 00:00:00+00,Tue 23 Mar 2021,12573,7397,4,543383,204969,102,543485,205071,11.3260987400488,4.27363109326023,125
-7.6926,53.28823,2021/03/24 00:00:00+00,Wed 24 Mar 2021,13632,9782,2,557015,214751,104,557119,214855,11.6102280724532,4.47752733708046,126
-7.6926,53.28823,2021/03/25 00:00:00+00,Thu 25 Mar 2021,20876,10225,3,577891,224976,107,577998,225083,12.0453414897388,4.69067643579196,127
-7.6926,53.28823,2021/03/26 00:00:00+00,Fri 26 Mar 2021,19704,9499,1,597595,234475,108,597703,234583,12.4559890249471,4.8886541868439,128
-7.6926,53.28823,2021/03/27 00:00:00+00,Sat 27 Mar 2021,11763,5359,3,609358,239834,111,609469,239945,12.7011896795657,5.00039699749027,129
-7.6926,53.28823,2021/03/28 00:00:00+00,Sun 28 Mar 2021,2492,484,0,611850,240318,111,611961,240429,12.7531223696311,5.01048344291228,130
-7.6926,53.28823,2021/03/28 23:00:00+00,Mon 29 Mar 2021,9282,3123,3,621132,243441,114,621246,243555,12.9466195715803,5.07562854289,131
-7.6926,53.28823,2021/03/29 23:00:00+00,Tue 30 Mar 2021,13338,8671,4,634470,252112,118,634588,252230,13.2246636931103,5.25641348924533,132
-7.6926,53.28823,2021/03/30 23:00:00+00,Wed 31 Mar 2021,15840,10505,4,650310,262617,122,650432,262739,13.5548489023384,5.47541856143531,133
-7.6926,53.28823,2021/03/31 23:00:00+00,Thu 01 Apr 2021,19698,11575,9,670008,274192,131,670139,274323,13.9655381170732,5.71682637913906,134
-7.6926,53.28823,2021/04/01 23:00:00+00,Fri 02 Apr 2021,20154,13723,9,690162,287915,140,690302,288055,14.3857302638585,6.00299800834383,135
-7.6926,53.28823,2021/04/02 23:00:00+00,Sat 03 Apr 2021,7547,4636,6,697709,292551,146,697855,292697,14.5431329958264,6.09973618943678,136
-7.6926,53.28823,2021/04/03 23:00:00+00,Sun 04 Apr 2021,3042,170,3,700751,292721,149,700900,292870,14.6065900749794,6.10334146848226,137
-7.6926,53.28823,2021/04/04 23:00:00+00,Mon 05 Apr 2021,3439,608,4,704190,293329,153,704343,293482,14.6783413799133,6.11609540360265,138
-7.6926,53.28823,2021/04/05 23:00:00+00,Tue 06 Apr 2021,11999,8154,11,716189,301483,164,716353,301647,14.9286269367694,6.28625207069098,139
-7.6926,53.28823,2021/04/06 23:00:00+00,Wed 07 Apr 2021,18372,10475,12,734561,311958,176,734737,312134,15.3117451446999,6.50479866808905,140
-7.6926,53.28823,2021/04/07 23:00:00+00,Thu 08 Apr 2021,20190,10567,16,754751,322525,192,754943,322717,15.7328334013057,6.72534588276091,141
-7.6926,53.28823,2021/04/08 23:00:00+00,Fri 09 Apr 2021,20678,9161,16,775429,331686,208,775637,331894,16.1640914623866,6.91659239027708,142
-7.6926,53.28823,2021/04/09 23:00:00+00,Sat 10 Apr 2021,11180,4180,12,786609,335866,220,786829,336086,16.3973300928891,7.00395267789916,143
-7.6926,53.28823,2021/04/10 23:00:00+00,Sun 11 Apr 2021,2864,366,8,789473,336232,228,789701,336460,16.4571818929966,7.01174674936163,144
-7.6926,53.28823,2021/11/08 00:00:00+00,Mon 08 Nov 2021,515,532,3,3630866,3564756,240792,3871658,3805548,80.6844361770788,79.30671942739,145
-7.6926,53.28823,2021/08/06 23:00:00+00,Sat 07 Aug 2021,6337,8465,583,3259278,2745520,227907,3487185,2973427,72.6721098739007,61.9655147765383,146
-7.6926,53.28823,2022/06/20 23:00:00+00,Tue 21 Jun 2022,73,168,1,3850079,3803079,240959,4091038,4044038,85.2562634429498,84.2767945693244,147
-7.6926,53.28823,2021/04/24 23:00:00+00,Sun 25 Apr 2021,9753,305,2,1048380,431222,262,1048642,431484,21.8534510335376,8.99202441419946,148
-7.6926,53.28823,2022/06/21 23:00:00+00,Wed 22 Jun 2022,60,95,0,3850139,3803174,240959,4091098,4044133,85.2575138287459,84.2787743468349,149
-7.6926,53.28823,2022/06/22 23:00:00+00,Thu 23 Jun 2022,64,114,0,3850203,3803288,240959,4091162,4044247,85.2588475735951,84.2811500798475,150
-7.6926,53.28823,2022/06/23 23:00:00+00,Fri 24 Jun 2022,56,92,1,3850259,3803380,240960,4091219,4044340,85.2600354401014,84.2830881778315,151
-7.6926,53.28823,2022/06/24 23:00:00+00,Sat 25 Jun 2022,210,291,0,3850469,3803671,240960,4091429,4044631,85.2644117903878,84.2891525489427,152
-7.6926,53.28823,2022/06/25 23:00:00+00,Sun 26 Jun 2022,174,403,0,3850643,3804074,240960,4091603,4045034,85.2680379091966,84.29755097354,153
-7.6926,53.28823,2022/06/26 23:00:00+00,Mon 27 Jun 2022,4,33,0,3850647,3804107,240960,4091607,4045067,85.2681212682496,84.2982386857278,154
-7.6926,53.28823,2022/06/27 23:00:00+00,Tue 28 Jun 2022,47,60,0,3850694,3804167,240960,4091654,4045127,85.2691007371233,84.299489071524,155
-7.6926,53.28823,2022/06/28 23:00:00+00,Wed 29 Jun 2022,63,81,3,3850757,3804248,240963,4091720,4045211,85.270476161499,84.3012396116385,156
-7.6926,53.28823,2022/06/29 23:00:00+00,Thu 30 Jun 2022,49,86,0,3850806,3804334,240963,4091769,4045297,85.2714973098992,84.3030318312796,157
-7.6926,53.28823,2022/06/30 23:00:00+00,Fri 01 Jul 2022,46,62,0,3850852,3804396,240963,4091815,4045359,85.2724559390095,84.3043238966023,158
-7.6926,53.28823,2022/07/01 23:00:00+00,Sat 02 Jul 2022,182,228,0,3851034,3804624,240963,4091997,4045587,85.2762487759244,84.3090753626275,159
-7.6926,53.28823,2022/07/02 23:00:00+00,Sun 03 Jul 2022,108,274,0,3851142,3804898,240963,4092105,4045861,85.2784994703574,84.3147854577631,160
-7.6926,53.28823,2022/07/03 23:00:00+00,Mon 04 Jul 2022,13,15,0,3851155,3804913,240963,4092118,4045876,85.2787703872799,84.3150980542121,161
-7.6926,53.28823,2022/07/04 23:00:00+00,Tue 05 Jul 2022,51,69,0,3851206,3804982,240963,4092169,4045945,85.2798332152066,84.3165359978777,162
-7.6926,53.28823,2022/07/05 23:00:00+00,Wed 06 Jul 2022,61,83,0,3851267,3805065,240963,4092230,4046028,85.281104440766,84.318265698229,163
-7.6926,53.28823,2022/07/06 23:00:00+00,Thu 07 Jul 2022,77,75,0,3851344,3805140,240963,4092307,4046103,85.2827091025377,84.3198286804741,164
-7.6926,53.28823,2022/07/07 23:00:00+00,Fri 08 Jul 2022,99,89,0,3851443,3805229,240963,4092406,4046192,85.2847722391013,84.321683419405,165
-7.6926,53.28823,2022/07/08 23:00:00+00,Sat 09 Jul 2022,119,143,0,3851562,3805372,240963,4092525,4046335,85.2872521709302,84.3246635055525,166
-7.6926,53.28823,2022/07/09 23:00:00+00,Sun 10 Jul 2022,131,219,0,3851693,3805591,240963,4092656,4046554,85.2899821799184,84.3292274137083,167
-7.6926,53.28823,2022/07/10 23:00:00+00,Mon 11 Jul 2022,11,16,0,3851704,3805607,240963,4092667,4046570,85.2902114173144,84.3295608499206,168
-7.6926,53.28823,2022/07/11 23:00:00+00,Tue 12 Jul 2022,43,80,0,3851747,3805687,240963,4092710,4046650,85.2911075271349,84.3312280309821,169
-7.6926,53.28823,2022/07/12 23:00:00+00,Wed 13 Jul 2022,99,73,0,3851846,3805760,240963,4092809,4046723,85.2931706636985,84.3327493337007,170
-7.6926,53.28823,2022/07/13 23:00:00+00,Thu 14 Jul 2022,70,39,0,3851916,3805799,240963,4092879,4046762,85.2946294471273,84.3335620844682,171
-7.6926,53.28823,2022/07/14 23:00:00+00,Fri 15 Jul 2022,79,117,1,3851995,3805916,240964,4092959,4046880,85.2962966281888,84.3360211765338,172
-7.6926,53.28823,2022/07/15 23:00:00+00,Sat 16 Jul 2022,124,209,0,3852119,3806125,240964,4093083,4047089,85.2988807588341,84.340376687057,173
-7.6926,53.28823,2022/07/16 23:00:00+00,Sun 17 Jul 2022,119,165,0,3852238,3806290,240964,4093202,4047254,85.3013606906631,84.3438152479963,174
-7.6926,53.28823,2022/07/17 23:00:00+00,Mon 18 Jul 2022,14,17,0,3852252,3806307,240964,4093216,4047271,85.3016524473489,84.3441695239719,175
-7.6926,53.28823,2022/07/18 23:00:00+00,Tue 19 Jul 2022,29,33,0,3852281,3806340,240964,4093245,4047304,85.3022568004836,84.3448572361597,176
-7.6926,53.28823,2022/07/19 23:00:00+00,Wed 20 Jul 2022,78,66,0,3852359,3806406,240964,4093323,4047370,85.3038823020186,84.3462326605355,177
-7.6926,53.28823,2022/07/20 23:00:00+00,Thu 21 Jul 2022,52,30,0,3852411,3806436,240964,4093375,4047400,85.3049659697086,84.3468578534335,178
-7.6926,53.28823,2022/07/21 23:00:00+00,Fri 22 Jul 2022,73,70,0,3852484,3806506,240964,4093448,4047470,85.3064872724272,84.3483166368623,179
-7.6926,53.28823,2022/07/22 23:00:00+00,Sat 23 Jul 2022,97,175,0,3852581,3806681,240964,4093545,4047645,85.3085087294642,84.3519635954343,180
-7.6926,53.28823,2022/07/23 23:00:00+00,Sun 24 Jul 2022,108,231,0,3852689,3806912,240964,4093653,4047876,85.3107594238973,84.3567775807494,181
-7.6926,53.28823,2022/07/24 23:00:00+00,Mon 25 Jul 2022,13,23,0,3852702,3806935,240964,4093666,4047899,85.3110303408197,84.3572568953046,182
-7.6926,53.28823,2022/07/25 23:00:00+00,Tue 26 Jul 2022,18,16,0,3852720,3806951,240964,4093684,4047915,85.3114054565586,84.3575903315169,183
-7.6926,53.28823,2022/07/26 23:00:00+00,Wed 27 Jul 2022,61,72,1,3852781,3807023,240965,4093746,4047988,85.3126975218812,84.3591116342355,184
-7.6926,53.28823,2022/07/27 23:00:00+00,Thu 28 Jul 2022,48,71,0,3852829,3807094,240965,4093794,4048059,85.3136978305181,84.3605912574276,185
-7.6926,53.28823,2022/07/28 23:00:00+00,Fri 29 Jul 2022,70,105,0,3852899,3807199,240965,4093864,4048164,85.3151566139469,84.3627794325708,186
-7.6926,53.28823,2022/07/29 23:00:00+00,Sat 30 Jul 2022,100,118,0,3852999,3807317,240965,4093964,4048282,85.3172405902738,84.3652385246365,187
-7.6926,53.28823,2022/07/30 23:00:00+00,Sun 31 Jul 2022,32,57,0,3853031,3807374,240965,4093996,4048339,85.3179074626984,84.3664263911428,188
-7.6926,53.28823,2022/07/31 23:00:00+00,Mon 01 Aug 2022,9,14,0,3853040,3807388,240965,4094005,4048353,85.3180950205678,84.3667181478285,189
-7.6926,53.28823,2022/08/01 23:00:00+00,Tue 02 Aug 2022,36,28,0,3853076,3807416,240965,4094041,4048381,85.3188452520455,84.3673016612,190
-7.6926,53.28823,2022/08/02 23:00:00+00,Wed 03 Aug 2022,93,139,0,3853169,3807555,240965,4094134,4048520,85.3207833500295,84.3701983882944,191
-7.6926,53.28823,2022/08/03 23:00:00+00,Thu 04 Aug 2022,45,51,0,3853214,3807606,240965,4094179,4048571,85.3217211393765,84.3712612162211,192
-7.6926,53.28823,2022/08/04 23:00:00+00,Fri 05 Aug 2022,96,91,0,3853310,3807697,240965,4094275,4048662,85.3237217566503,84.3731576346785,193
-7.6926,53.28823,2022/08/05 23:00:00+00,Sat 06 Aug 2022,72,130,0,3853382,3807827,240965,4094347,4048792,85.3252222196057,84.3758668039034,194
-7.6926,53.28823,2022/08/06 23:00:00+00,Sun 07 Aug 2022,28,80,0,3853410,3807907,240965,4094375,4048872,85.3258057329772,84.3775339849649,195
-7.6926,53.28823,2022/08/07 23:00:00+00,Mon 08 Aug 2022,10,16,0,3853420,3807923,240965,4094385,4048888,85.3260141306099,84.3778674211772,196
-7.6926,53.28823,2022/08/08 23:00:00+00,Tue 09 Aug 2022,47,42,0,3853467,3807965,240965,4094432,4048930,85.3269935994835,84.3787426912345,197
-7.6926,53.28823,2022/08/09 23:00:00+00,Wed 10 Aug 2022,54,94,0,3853521,3808059,240965,4094486,4049024,85.3281189467,84.3807016289818,198
-7.6926,53.28823,2022/08/10 23:00:00+00,Thu 11 Aug 2022,45,38,0,3853566,3808097,240965,4094531,4049062,85.3290567360471,84.381493539986,199
-7.6926,53.28823,2022/08/11 23:00:00+00,Fri 12 Aug 2022,70,75,0,3853636,3808172,240965,4094601,4049137,85.3305155194759,84.3830565222311,200
-7.6926,53.28823,2022/08/12 23:00:00+00,Sat 13 Aug 2022,103,151,0,3853739,3808323,240965,4094704,4049288,85.3326620150926,84.3862033264847,201
-7.6926,53.28823,2022/08/13 23:00:00+00,Sun 14 Aug 2022,18,26,0,3853757,3808349,240965,4094722,4049314,85.3330371308314,84.3867451603297,202
-7.6926,53.28823,2022/08/14 23:00:00+00,Mon 15 Aug 2022,7,11,0,3853764,3808360,240965,4094729,4049325,85.3331830091743,84.3869743977256,203
-7.6926,53.28823,2022/08/15 23:00:00+00,Tue 16 Aug 2022,41,28,0,3853805,3808388,240965,4094770,4049353,85.3340374394683,84.3875579110972,204
-7.6926,53.28823,2022/08/16 23:00:00+00,Wed 17 Aug 2022,51,57,0,3853856,3808445,240965,4094821,4049410,85.335100267395,84.3887457776035,205
-7.6926,53.28823,2022/08/17 23:00:00+00,Thu 18 Aug 2022,56,38,0,3853912,3808483,240965,4094877,4049448,85.336267294138,84.3895376886077,206
-7.6926,53.28823,2022/08/18 23:00:00+00,Fri 19 Aug 2022,70,57,0,3853982,3808540,240965,4094947,4049505,85.3377260775668,84.390725555114,207
-7.6926,53.28823,2022/08/19 23:00:00+00,Sat 20 Aug 2022,108,127,0,3854090,3808667,240965,4095055,4049632,85.3399767719999,84.3933722050491,208
-7.6926,53.28823,2022/08/20 23:00:00+00,Sun 21 Aug 2022,38,36,0,3854128,3808703,240965,4095093,4049668,85.3407686830041,84.3941224365268,209
-7.6926,53.28823,2022/08/21 23:00:00+00,Mon 22 Aug 2022,11,13,0,3854139,3808716,240965,4095104,4049681,85.3409979204,84.3943933534493,210
-7.6926,53.28823,2022/08/22 23:00:00+00,Tue 23 Aug 2022,77,72,0,3854216,3808788,240965,4095181,4049753,85.3426025821717,84.3958938164046,211
-7.6926,53.28823,2022/08/23 23:00:00+00,Wed 24 Aug 2022,53,54,0,3854269,3808842,240965,4095234,4049807,85.3437070896249,84.3970191636211,212
-7.6926,53.28823,2022/08/24 23:00:00+00,Thu 25 Aug 2022,40,48,0,3854309,3808890,240965,4095274,4049855,85.3445406801557,84.398019472258,213
-7.6926,53.28823,2022/08/25 23:00:00+00,Fri 26 Aug 2022,95,87,0,3854404,3808977,240965,4095369,4049942,85.3465204576662,84.3998325316624,214
-7.6926,53.28823,2022/08/26 23:00:00+00,Sat 27 Aug 2022,86,119,0,3854490,3809096,240965,4095455,4050061,85.3483126773073,84.4023124634913,215
-7.6926,53.28823,2022/08/27 23:00:00+00,Sun 28 Aug 2022,44,20,0,3854534,3809116,240965,4095499,4050081,85.3492296268911,84.4027292587567,216
-7.6926,53.28823,2022/08/28 23:00:00+00,Mon 29 Aug 2022,14,12,0,3854548,3809128,240965,4095513,4050093,85.3495213835769,84.4029793359159,217
-7.6926,53.28823,2022/08/29 23:00:00+00,Tue 30 Aug 2022,40,44,0,3854588,3809172,240965,4095553,4050137,85.3503549741076,84.4038962854998,218
-7.6926,53.28823,2022/08/30 23:00:00+00,Wed 31 Aug 2022,28,28,0,3854616,3809200,240965,4095581,4050165,85.3509384874792,84.4044797988713,219
-7.6926,53.28823,2022/08/31 23:00:00+00,Thu 01 Sep 2022,29,27,0,3854645,3809227,240965,4095610,4050192,85.3515428406139,84.4050424724795,220
-7.6926,53.28823,2022/09/01 23:00:00+00,Fri 02 Sep 2022,50,48,0,3854695,3809275,240965,4095660,4050240,85.3525848287774,84.4060427811164,221
-7.6926,53.28823,2022/09/02 23:00:00+00,Sat 03 Sep 2022,73,101,0,3854768,3809376,240965,4095733,4050341,85.354106131496,84.4081475972066,222
-7.6926,53.28823,2022/09/03 23:00:00+00,Sun 04 Sep 2022,58,82,0,3854826,3809458,240965,4095791,4050423,85.3553148377656,84.4098564577946,223
-7.6926,53.28823,2022/09/04 23:00:00+00,Mon 05 Sep 2022,6,4,0,3854832,3809462,240965,4095797,4050427,85.3554398763452,84.4099398168477,224
-7.6926,53.28823,2022/09/05 23:00:00+00,Tue 06 Sep 2022,39,22,0,3854871,3809484,240965,4095836,4050449,85.3562526271127,84.4103982916396,225
-7.6926,53.28823,2022/09/06 23:00:00+00,Wed 07 Sep 2022,46,42,0,3854917,3809526,240965,4095882,4050491,85.357211256223,84.4112735616969,226
-7.6926,53.28823,2022/09/07 23:00:00+00,Thu 08 Sep 2022,38,49,2,3854955,3809575,240967,4095922,4050542,85.3580448467538,84.4123363896235,227
-7.6926,53.28823,2022/09/08 23:00:00+00,Fri 09 Sep 2022,62,59,0,3855017,3809634,240967,4095984,4050601,85.3593369120764,84.4135659356564,228
-7.6926,53.28823,2022/09/09 23:00:00+00,Sat 10 Sep 2022,93,135,0,3855110,3809769,240967,4096077,4050736,85.3612750100604,84.4163793036977,229
-7.6926,53.28823,2022/09/10 23:00:00+00,Sun 11 Sep 2022,57,58,0,3855167,3809827,240967,4096134,4050794,85.3624628765667,84.4175880099672,230
-7.6926,53.28823,2022/09/11 23:00:00+00,Mon 12 Sep 2022,12,12,0,3855179,3809839,240967,4096146,4050806,85.3627129537259,84.4178380871265,231
-7.6926,53.28823,2022/09/12 23:00:00+00,Tue 13 Sep 2022,27,24,0,3855206,3809863,240967,4096173,4050830,85.3632756273342,84.4183382414449,232
-7.6926,53.28823,2022/09/13 23:00:00+00,Wed 14 Sep 2022,35,31,0,3855241,3809894,240967,4096208,4050861,85.3640050190486,84.4189842741062,233
-7.6926,53.28823,2022/09/14 23:00:00+00,Thu 15 Sep 2022,39,35,0,3855280,3809929,240967,4096247,4050896,85.3648177698161,84.4197136658206,234
-7.6926,53.28823,2022/09/15 23:00:00+00,Fri 16 Sep 2022,36,49,0,3855316,3809978,240967,4096283,4050945,85.3655680012937,84.4207348142208,235
-7.6926,53.28823,2022/09/16 23:00:00+00,Sat 17 Sep 2022,63,148,0,3855379,3810126,240967,4096346,4051093,85.3668809063797,84.4238190991846,236
-7.6926,53.28823,2022/09/17 23:00:00+00,Sun 18 Sep 2022,30,52,0,3855409,3810178,240967,4096376,4051145,85.3675060992777,84.4249027668745,237
-7.6926,53.28823,2022/09/18 23:00:00+00,Mon 19 Sep 2022,8,9,0,3855417,3810187,240967,4096384,4051154,85.3676728173839,84.4250903247439,238
-7.6926,53.28823,2022/02/21 00:00:00+00,Mon 21 Feb 2022,252,994,1,3823702,3740774,240933,4064635,3981707,84.7060311733683,82.9778312850277,239
-7.6926,53.28823,2022/02/22 00:00:00+00,Tue 22 Feb 2022,475,981,1,3824177,3741755,240934,4065111,3982689,84.7159509006841,82.9982959325575,240
-7.6926,53.28823,2021/04/25 23:00:00+00,Mon 26 Apr 2021,15598,3056,3,1063978,434278,265,1064243,434543,22.1785721802915,9.05577325003819,241
-7.6926,53.28823,2021/04/26 23:00:00+00,Tue 27 Apr 2021,25919,7821,9,1089897,442099,274,1090171,442373,22.7189055623204,9.21894859643152,242
-7.6926,53.28823,2021/08/07 23:00:00+00,Sun 08 Aug 2021,8631,11982,153,3267909,2757502,228060,3495969,2985562,72.8551663544523,62.2184053038031,243
-7.6926,53.28823,2022/02/23 00:00:00+00,Wed 23 Feb 2022,832,1272,1,3825009,3743027,240935,4065944,3983962,84.7333104234869,83.0248249511985,244
-7.6926,53.28823,2021/11/09 00:00:00+00,Tue 09 Nov 2021,1367,1066,3,3632233,3565822,240795,3873028,3806617,80.7129866527568,79.3289971343242,245
-7.6926,53.28823,2021/04/27 23:00:00+00,Wed 28 Apr 2021,26042,8614,5,1115939,450713,279,1116218,450992,23.2617188761783,9.3985665160438,246
-7.6926,53.28823,2021/11/10 00:00:00+00,Wed 10 Nov 2021,1596,1361,2,3633829,3567183,240797,3874626,3807980,80.7462885944601,79.3574017316593,247
-7.6926,53.28823,2021/08/08 23:00:00+00,Mon 09 Aug 2021,5552,23041,600,3273461,2780543,228660,3502121,3009203,72.9833725780809,62.7110781472367,248
-7.6926,53.28823,2022/02/24 00:00:00+00,Thu 24 Feb 2022,655,1232,0,3825664,3744259,240935,4066599,3985194,84.7469604684279,83.0504995395454,249
-7.6926,53.28823,2021/08/09 23:00:00+00,Tue 10 Aug 2021,9360,26016,716,3282821,2806559,229376,3512197,3035935,73.1933540327755,63.2681666989336,250
-7.6926,53.28823,2021/04/28 23:00:00+00,Thu 29 Apr 2021,31690,11322,6,1147629,462035,285,1147914,462320,23.9222560127406,9.63463935435079,251
-7.6926,53.28823,2022/02/25 00:00:00+00,Fri 25 Feb 2022,692,1227,0,3826356,3745486,240935,4067291,3986421,84.7613815846098,83.076069929076,252
-7.6926,53.28823,2021/11/11 00:00:00+00,Thu 11 Nov 2021,1385,1119,2,3635214,3568302,240799,3876013,3809101,80.7751933461137,79.3807631062834,253
-7.6926,53.28823,2021/08/10 23:00:00+00,Wed 11 Aug 2021,7018,31249,666,3289839,2837808,230042,3519881,3067850,73.3534867737316,63.9332677436517,254
-7.6926,53.28823,2021/04/29 23:00:00+00,Fri 30 Apr 2021,36099,13540,8,1183728,475575,293,1184021,475868,24.6747173450808,9.91697646711413,255
-7.6926,53.28823,2022/02/26 00:00:00+00,Sat 26 Feb 2022,959,2092,0,3827315,3747578,240935,4068250,3988513,84.7813669175844,83.119666713834,256
-7.6926,53.28823,2021/11/12 00:00:00+00,Fri 12 Nov 2021,1141,1157,6,3636355,3569459,240805,3877160,3810264,80.7990965545828,79.4049997509648,257
-7.6926,53.28823,2021/08/11 23:00:00+00,Thu 12 Aug 2021,6784,38303,865,3296623,2876111,230907,3527530,3107018,73.5128901229734,64.7495195913573,258
-7.6926,53.28823,2021/04/30 23:00:00+00,Sat 01 May 2021,16592,6692,18,1200320,482267,311,1200631,482578,25.0208658129727,10.0568112786466,259
-7.6926,53.28823,2022/02/27 00:00:00+00,Sun 27 Feb 2022,671,1783,0,3827986,3749361,240935,4068921,3990296,84.7953503987376,83.156824011742,260
-7.6926,53.28823,2021/11/13 00:00:00+00,Sat 13 Nov 2021,1396,1383,0,3637751,3570842,240805,3878556,3811647,80.8281888641058,79.4338211435653,261
-7.6926,53.28823,2021/08/12 23:00:00+00,Fri 13 Aug 2021,10934,28253,873,3307557,2904364,231780,3539337,3136144,73.758945207886,65.3564985363192,262
-7.6926,53.28823,2021/05/01 23:00:00+00,Sun 02 May 2021,12468,911,16,1212788,483178,327,1213115,483505,25.2810294176182,10.0761297391966,263
-7.6926,53.28823,2022/02/28 00:00:00+00,Mon 28 Feb 2022,82,431,0,3828068,3749792,240935,4069003,3990727,84.7970592593256,83.1658059497107,264
-7.6926,53.28823,2021/11/14 00:00:00+00,Sun 14 Nov 2021,1646,1807,1,3639397,3572649,240806,3880203,3813455,80.8625119542092,79.471499435555,265
-7.6926,53.28823,2021/08/13 23:00:00+00,Sat 14 Aug 2021,18141,5851,281,3325698,2910215,232061,3557759,3142276,74.1428553268206,65.4842879646824,266
-7.6926,53.28823,2021/05/02 23:00:00+00,Mon 03 May 2021,14269,929,21,1227057,484107,348,1227405,484455,25.5788296347269,10.0959275143018,267
-7.6926,53.28823,2022/03/01 00:00:00+00,Tue 01 Mar 2022,130,936,0,3828198,3750728,240935,4069133,3991663,84.7997684285506,83.1853119681302,268
-7.6926,53.28823,2021/11/15 00:00:00+00,Mon 15 Nov 2021,1240,597,1,3640637,3573246,240807,3881444,3814053,80.8883741004256,79.4839616139896,269
-7.6926,53.28823,2021/11/16 00:00:00+00,Tue 16 Nov 2021,1311,1076,5,3641948,3574322,240812,3882760,3815134,80.9157992288871,79.506489398083,270
-7.6926,53.28823,2021/11/17 00:00:00+00,Wed 17 Nov 2021,1495,1119,2,3643443,3575441,240814,3884257,3816255,80.9469963545002,79.5298507727072,271
-7.6926,53.28823,2021/11/18 00:00:00+00,Thu 18 Nov 2021,1637,2503,5,3645080,3577944,240819,3885899,3818763,80.9812152457873,79.5821168989849,272
-7.6926,53.28823,2021/11/19 00:00:00+00,Fri 19 Nov 2021,1160,1556,0,3646240,3579500,240819,3887059,3820319,81.0053893711789,79.6145435706309,273
-7.6926,53.28823,2021/11/20 00:00:00+00,Sat 20 Nov 2021,1544,2943,12,3647784,3582443,240831,3888615,3823274,81.0378160428249,79.6761250710896,274
-7.6926,53.28823,2021/11/21 00:00:00+00,Sun 21 Nov 2021,1787,2768,0,3649571,3585211,240831,3890402,3826042,81.0750566997859,79.7338095358172,275
-7.6926,53.28823,2021/11/22 00:00:00+00,Mon 22 Nov 2021,719,519,3,3650290,3585730,240834,3891124,3826564,81.0901030088659,79.7446878922434,276
-7.6926,53.28823,2021/11/23 00:00:00+00,Tue 23 Nov 2021,2152,1596,8,3652442,3587326,240842,3893284,3828168,81.1351168975261,79.7781148725263,277
-7.6926,53.28823,2021/11/24 00:00:00+00,Wed 24 Nov 2021,1607,3149,2,3654049,3590475,240844,3894893,3831319,81.1686480766253,79.8437809665857,278
-7.6926,53.28823,2021/11/25 00:00:00+00,Thu 25 Nov 2021,974,1186,1,3655023,3591661,240845,3895868,3832506,81.1889668458122,79.8685177655856,279
-7.6926,53.28823,2021/11/26 00:00:00+00,Fri 26 Nov 2021,1279,1108,12,3656302,3592769,240857,3897159,3833626,81.215870980192,79.8918583004464,280
-7.6926,53.28823,2021/11/27 00:00:00+00,Sat 27 Nov 2021,1198,1564,6,3657500,3594333,240863,3898363,3835196,81.2409620551674,79.9245767287782,281
-7.6926,53.28823,2021/11/28 00:00:00+00,Sun 28 Nov 2021,1950,2258,1,3659450,3596591,240864,3900314,3837455,81.2816204333045,79.971653754002,282
-7.6926,53.28823,2021/11/29 00:00:00+00,Mon 29 Nov 2021,532,995,2,3659982,3597586,240866,3900848,3838452,81.29274886689,79.9924309979808,283
-7.6926,53.28823,2021/11/30 00:00:00+00,Tue 30 Nov 2021,1888,1647,6,3661870,3599233,240872,3902742,3840105,81.3322193785207,80.0268791266639,284
-7.6926,53.28823,2021/12/01 00:00:00+00,Wed 01 Dec 2021,1030,1386,4,3662900,3600619,240876,3903776,3841495,81.3537676937405,80.0558463976073,285
-7.6926,53.28823,2021/12/02 00:00:00+00,Thu 02 Dec 2021,1728,1411,0,3664628,3602030,240876,3905504,3842906,81.3897788046687,80.0852513035793,286
-7.6926,53.28823,2021/12/03 00:00:00+00,Fri 03 Dec 2021,1006,1190,2,3665634,3603220,240878,3906512,3844098,81.4107852860435,80.1100923013955,287
-7.6926,53.28823,2021/12/04 00:00:00+00,Sat 04 Dec 2021,1201,1700,1,3666835,3604920,240879,3907714,3845799,81.4358346814924,80.1455407387154,288
-7.6926,53.28823,2021/12/05 00:00:00+00,Sun 05 Dec 2021,1347,1776,2,3668182,3606696,240881,3909063,3847577,81.4639475221417,80.182593837807,289
-7.6926,53.28823,2021/12/06 00:00:00+00,Mon 06 Dec 2021,931,1300,0,3669113,3607996,240881,3909994,3848877,81.4833493417448,80.2096855300562,290
-7.6926,53.28823,2021/12/07 00:00:00+00,Tue 07 Dec 2021,482,743,2,3669595,3608739,240883,3910478,3849622,81.4934357871668,80.2252111536914,291
-7.6926,53.28823,2021/12/08 00:00:00+00,Wed 08 Dec 2021,782,1523,2,3670377,3610262,240885,3911262,3851147,81.5097741615694,80.256991792676,292
-7.6926,53.28823,2021/12/09 00:00:00+00,Thu 09 Dec 2021,783,1210,1,3671160,3611472,240886,3912046,3852358,81.526112535972,80.2822287459943,293
-7.6926,53.28823,2021/12/10 00:00:00+00,Fri 10 Dec 2021,887,1615,1,3672047,3613087,240887,3912934,3853974,81.5446182457546,80.3159058034364,294
-7.6926,53.28823,2021/12/11 00:00:00+00,Sat 11 Dec 2021,639,845,2,3672686,3613932,240889,3913575,3854821,81.5579765340098,80.333557082925,295
-7.6926,53.28823,2021/12/12 00:00:00+00,Sun 12 Dec 2021,686,1193,0,3673372,3615125,240889,3914261,3856014,81.572272611612,80.3584189205044,296
-7.6926,53.28823,2021/12/13 00:00:00+00,Mon 13 Dec 2021,719,1069,1,3674091,3616194,240890,3914981,3857084,81.5872772411655,80.3807174672019,297
-7.6926,53.28823,2021/12/14 00:00:00+00,Tue 14 Dec 2021,626,1202,3,3674717,3617396,240893,3915610,3858289,81.6003854522614,80.4058293819405,298
-7.6926,53.28823,2021/12/15 00:00:00+00,Wed 15 Dec 2021,789,1259,1,3675506,3618655,240894,3916400,3859549,81.6168488652436,80.432087483659,299
-7.6926,53.28823,2021/12/16 00:00:00+00,Thu 16 Dec 2021,1042,1543,7,3676548,3620198,240901,3917449,3861099,81.6387097769124,80.4643891167254,300
-7.6926,53.28823,2021/12/17 00:00:00+00,Fri 17 Dec 2021,1196,2459,1,3677744,3622657,240902,3918646,3863559,81.663654973545,80.5156549343662,301
-7.6926,53.28823,2021/12/18 00:00:00+00,Sat 18 Dec 2021,1247,1183,0,3678991,3623840,240902,3919893,3864742,81.6896421583409,80.540308374313,302
-7.6926,53.28823,2021/12/19 00:00:00+00,Sun 19 Dec 2021,544,888,1,3679535,3624728,240903,3920438,3865631,81.7009998293223,80.5588349238588,303
-7.6926,53.28823,2021/12/20 00:00:00+00,Mon 20 Dec 2021,506,616,1,3680041,3625344,240904,3920945,3866248,81.7115655892995,80.5716930577955,304
-7.6926,53.28823,2021/12/21 00:00:00+00,Tue 21 Dec 2021,1398,1816,3,3681439,3627160,240907,3922346,3868067,81.7407620976389,80.6096005871812,305
-7.6926,53.28823,2021/12/22 00:00:00+00,Wed 22 Dec 2021,1155,1595,2,3682594,3628755,240909,3923503,3869664,81.7648737037407,80.6428816891212,306
-7.6926,53.28823,2021/12/23 00:00:00+00,Thu 23 Dec 2021,923,1395,0,3683517,3630150,240909,3924426,3871059,81.7841088052376,80.6719531588809,307
-7.6926,53.28823,2021/12/24 00:00:00+00,Fri 24 Dec 2021,102,157,0,3683619,3630307,240909,3924528,3871216,81.786234461091,80.6752250017141,308
-7.6926,53.28823,2021/12/25 00:00:00+00,Sat 25 Dec 2021,1,6,0,3683620,3630313,240909,3924529,3871222,81.7862553008543,80.6753500402937,309
-7.6926,53.28823,2021/12/26 00:00:00+00,Sun 26 Dec 2021,12,11,0,3683632,3630324,240909,3924541,3871233,81.7865053780135,80.6755792776896,310
-7.6926,53.28823,2021/12/27 00:00:00+00,Mon 27 Dec 2021,389,589,0,3684021,3630913,240909,3924930,3871822,81.794612045925,80.6878538982549,311
-7.6926,53.28823,2021/12/28 00:00:00+00,Tue 28 Dec 2021,466,747,0,3684487,3631660,240909,3925396,3872569,81.8043233756082,80.7034212014165,312
-7.6926,53.28823,2021/12/29 00:00:00+00,Wed 29 Dec 2021,1057,1310,0,3685544,3632970,240909,3926453,3873879,81.8263510053831,80.7307212912984,313
-7.6926,53.28823,2021/12/30 00:00:00+00,Thu 30 Dec 2021,1046,1197,1,3686590,3634167,240910,3927500,3875077,81.8481702375254,80.7556873276942,314
-7.6926,53.28823,2021/12/31 00:00:00+00,Fri 31 Dec 2021,711,1681,0,3687301,3635848,240910,3928211,3876758,81.8629873092094,80.7907189697488,315
-7.6926,53.28823,2022/01/01 00:00:00+00,Sat 01 Jan 2022,65,99,0,3687366,3635947,240910,3928276,3876857,81.8643418938218,80.7927821063124,316
-7.6926,53.28823,2022/01/02 00:00:00+00,Sun 02 Jan 2022,270,629,0,3687636,3636576,240910,3928546,3877486,81.8699686299043,80.8058903174083,317
-7.6926,53.28823,2022/01/03 00:00:00+00,Mon 03 Jan 2022,3630,728,1,3691266,3637304,240911,3932177,3878215,81.9456378103327,80.8210825048312,318
-7.6926,53.28823,2022/01/04 00:00:00+00,Tue 04 Jan 2022,1186,783,1,3692452,3638087,240912,3933364,3878999,81.9703746093326,80.8374208792338,319
-7.6926,53.28823,2022/01/05 00:00:00+00,Wed 05 Jan 2022,2141,910,0,3694593,3638997,240912,3935505,3879909,82.0149925424907,80.8563850638082,320
-7.6926,53.28823,2022/01/06 00:00:00+00,Thu 06 Jan 2022,2455,1695,1,3697048,3640692,240913,3937961,3881605,82.0661750010785,80.8917293023118,321
-7.6926,53.28823,2022/01/07 00:00:00+00,Fri 07 Jan 2022,4853,784,2,3701901,3641476,240915,3942816,3882391,82.1673520517476,80.908109356241,322
-7.6926,53.28823,2022/01/08 00:00:00+00,Sat 08 Jan 2022,9789,740,2,3711690,3642216,240917,3952607,3883133,82.3713941739107,80.9235724605863,323
-7.6926,53.28823,2022/01/09 00:00:00+00,Sun 09 Jan 2022,7115,666,0,3718805,3642882,240917,3959722,3883799,82.519669089567,80.9374517429232,324
-7.6926,53.28823,2022/01/10 00:00:00+00,Mon 10 Jan 2022,6661,508,1,3725466,3643390,240918,3966384,3884308,82.6585035924626,80.9480591824269,325
-7.6926,53.28823,2022/01/11 00:00:00+00,Tue 11 Jan 2022,4784,1367,1,3730250,3644757,240919,3971169,3885676,82.758221859703,80.9765679785784,326
-7.6926,53.28823,2022/01/12 00:00:00+00,Wed 12 Jan 2022,7556,921,1,3737806,3645678,240920,3978726,3886598,82.915707950724,80.9957822403121,327
-7.6926,53.28823,2022/01/13 00:00:00+00,Thu 13 Jan 2022,7322,816,0,3745128,3646494,240920,3986048,3887414,83.0682966973768,81.0127874871393,328
-7.6926,53.28823,2022/01/14 00:00:00+00,Fri 14 Jan 2022,10721,835,0,3755849,3647329,240920,3996769,3888249,83.2917197993798,81.0301886894686,329
-7.6926,53.28823,2022/01/15 00:00:00+00,Sat 15 Jan 2022,8361,652,2,3764210,3647981,240922,4005132,3888903,83.4660027395953,81.0438178946462,330
-7.6926,53.28823,2022/01/16 00:00:00+00,Sun 16 Jan 2022,6965,1215,1,3771175,3649196,240923,4012098,3890119,83.6111725305245,81.0691590467809,331
-7.6926,53.28823,2022/01/17 00:00:00+00,Mon 17 Jan 2022,2561,560,0,3773736,3649756,240923,4014659,3890679,83.6645431642555,81.0808293142113,332
-7.6926,53.28823,2022/01/18 00:00:00+00,Tue 18 Jan 2022,4056,452,3,3777792,3650208,240926,4018718,3891134,83.7491317633628,81.0903114064985,333
-7.6926,53.28823,2022/01/19 00:00:00+00,Wed 19 Jan 2022,3486,622,0,3781278,3650830,240926,4022204,3891756,83.8217791781173,81.1032737392516,334
-7.6926,53.28823,2022/01/20 00:00:00+00,Thu 20 Jan 2022,3693,935,0,3784971,3651765,240926,4025897,3892691,83.8987404238683,81.1227589179078,335
-7.6926,53.28823,2022/01/21 00:00:00+00,Fri 21 Jan 2022,3252,978,0,3788223,3652743,240926,4029149,3893669,83.9665113340179,81.1431402063845,336
-7.6926,53.28823,2022/01/22 00:00:00+00,Sat 22 Jan 2022,4270,644,0,3792493,3653387,240926,4033419,3894313,84.0554971231749,81.1565610139295,337
-7.6926,53.28823,2022/01/23 00:00:00+00,Sun 23 Jan 2022,3092,677,0,3795585,3654064,240926,4036511,3894990,84.1199336712015,81.1706695336624,338
-7.6926,53.28823,2022/01/24 00:00:00+00,Mon 24 Jan 2022,646,464,0,3796231,3654528,240926,4037157,3895454,84.133396158273,81.180339183819,339
-7.6926,53.28823,2022/01/25 00:00:00+00,Tue 25 Jan 2022,692,1836,0,3796923,3656364,240926,4037849,3897290,84.1478172744549,81.2186009891802,340
-7.6926,53.28823,2022/01/26 00:00:00+00,Wed 26 Jan 2022,700,897,0,3797623,3657261,240926,4038549,3898187,84.1624051087429,81.2372942568322,341
-7.6926,53.28823,2022/01/27 00:00:00+00,Thu 27 Jan 2022,1274,1178,0,3798897,3658439,240926,4039823,3899365,84.1889549671472,81.2618434979626,342
-7.6926,53.28823,2022/01/28 00:00:00+00,Fri 28 Jan 2022,1028,3094,1,3799925,3661533,240927,4040852,3902460,84.2103990835506,81.326342565279,343
-7.6926,53.28823,2022/01/29 00:00:00+00,Sat 29 Jan 2022,2328,3445,0,3802253,3664978,240927,4043180,3905905,84.2589140524399,81.3981355497394,344
-7.6926,53.28823,2022/01/30 00:00:00+00,Sun 30 Jan 2022,1639,7537,0,3803892,3672515,240927,4044819,3913442,84.2930704244372,81.555204845495,345
-7.6926,53.28823,2022/01/31 00:00:00+00,Mon 31 Jan 2022,480,1392,0,3804372,3673907,240927,4045299,3914834,84.3030735108061,81.584213795965,346
-7.6926,53.28823,2022/02/01 00:00:00+00,Tue 01 Feb 2022,748,3418,1,3805120,3677325,240928,4046048,3918253,84.3186824934944,81.6554649465804,347
-7.6926,53.28823,2022/02/02 00:00:00+00,Wed 02 Feb 2022,650,2997,0,3805770,3680322,240928,4046698,3921250,84.332228339619,81.7179217170965,348
-7.6926,53.28823,2022/02/03 00:00:00+00,Thu 03 Feb 2022,905,2435,1,3806675,3682757,240929,4047604,3923686,84.3511091651403,81.7686873804188,349
-7.6926,53.28823,2022/02/04 00:00:00+00,Fri 04 Feb 2022,1172,6522,0,3807847,3689279,240929,4048776,3930208,84.3755333676912,81.9046043164568,350
-7.6926,53.28823,2022/02/05 00:00:00+00,Sat 05 Feb 2022,1777,5749,0,3809624,3695028,240929,4050553,3935957,84.4125656270195,82.0244121154881,351
-7.6926,53.28823,2022/02/06 00:00:00+00,Sun 06 Feb 2022,1407,7555,0,3811031,3702583,240929,4051960,3943512,84.4418871739385,82.1818565269826,352
-7.6926,53.28823,2022/02/07 00:00:00+00,Mon 07 Feb 2022,441,1351,0,3811472,3703934,240929,4052401,3944863,84.4510775095399,82.2100110471585,353
-7.6926,53.28823,2022/02/08 00:00:00+00,Tue 08 Feb 2022,899,1237,0,3812371,3705171,240929,4053300,3946100,84.4698124567184,82.2357898343218,354
-7.6926,53.28823,2022/02/09 00:00:00+00,Wed 09 Feb 2022,1334,1784,0,3813705,3706955,240929,4054634,3947884,84.4976127009188,82.272967971993,355
-7.6926,53.28823,2022/02/10 00:00:00+00,Thu 10 Feb 2022,685,2550,0,3814390,3709505,240929,4055319,3950434,84.5118879387578,82.326109368328,356
-7.6926,53.28823,2022/02/11 00:00:00+00,Fri 11 Feb 2022,548,4921,0,3814938,3714426,240929,4055867,3955355,84.523308129029,82.4286618433729,357
-7.6926,53.28823,2022/02/12 00:00:00+00,Sat 12 Feb 2022,1397,5462,0,3816335,3719888,240929,4057264,3960817,84.5524212783153,82.5424886303462,358
-7.6926,53.28823,2022/02/13 00:00:00+00,Sun 13 Feb 2022,1566,4706,0,3817901,3724594,240929,4058830,3965523,84.5850563475939,82.6405605562883,359
-7.6926,53.28823,2022/02/14 00:00:00+00,Mon 14 Feb 2022,173,954,0,3818074,3725548,240929,4059003,3966477,84.5886616266394,82.6604416904466,360
-7.6926,53.28823,2022/02/15 00:00:00+00,Tue 15 Feb 2022,650,817,1,3818724,3726365,240930,4059654,3967295,84.6022283125273,82.6774886168003,361
-7.6926,53.28823,2022/02/16 00:00:00+00,Wed 16 Feb 2022,799,1786,0,3819523,3728151,240930,4060453,3969081,84.6188792833789,82.7147084339981,362
-7.6926,53.28823,2022/02/17 00:00:00+00,Thu 17 Feb 2022,790,1192,2,3820313,3729343,240932,4061245,3970275,84.6353843758876,82.7395911113408,363
-7.6926,53.28823,2022/02/18 00:00:00+00,Fri 18 Feb 2022,791,3294,0,3821104,3732637,240932,4062036,3973569,84.6518686286331,82.8082372915477,364
-7.6926,53.28823,2022/02/19 00:00:00+00,Sat 19 Feb 2022,980,3555,0,3822084,3736192,240932,4063016,3977124,84.6722915966364,82.8823226499676,365
-7.6926,53.28823,2022/02/20 00:00:00+00,Sun 20 Feb 2022,1366,3588,0,3823450,3739780,240932,4064382,3980712,84.7007587132613,82.9570957205755,366
-7.6926,53.28823,2021/08/14 23:00:00+00,Sun 15 Aug 2021,17001,3736,52,3342699,2913951,232113,3574812,3146064,74.4982358098405,65.563228987944,367
-7.6926,53.28823,2021/08/15 23:00:00+00,Mon 16 Aug 2021,10196,23158,384,3352895,2937109,232497,3585392,3169606,74.7187205052225,66.053838694814,368
-7.6926,53.28823,2021/05/03 23:00:00+00,Tue 04 May 2021,26662,6801,10,1253719,490908,358,1254077,491266,26.1346678006277,10.2378671419244,369
-7.6926,53.28823,2021/08/16 23:00:00+00,Tue 17 Aug 2021,12873,26868,528,3365768,2963977,233025,3598793,3197002,74.9979941727854,66.6247648493212,370
-7.6926,53.28823,2021/05/04 23:00:00+00,Wed 05 May 2021,32121,13459,69,1285840,504367,427,1286267,504794,26.8054997802447,10.5197874594224,371
-7.6926,53.28823,2021/08/17 23:00:00+00,Wed 18 Aug 2021,15238,25773,658,3381006,2989750,233683,3614689,3223433,75.3292630497035,67.1755806322742,372
-7.6926,53.28823,2021/05/05 23:00:00+00,Thu 06 May 2021,37297,14376,132,1323137,518743,559,1323696,519302,27.5855112796261,10.8221307449236,373
-7.6926,53.28823,2021/08/18 23:00:00+00,Thu 19 Aug 2021,11365,25718,544,3392371,3015468,234227,3626598,3249695,75.5774437904695,67.7228744952349,374
-7.6926,53.28823,2021/05/06 23:00:00+00,Fri 07 May 2021,40596,15078,98,1363733,533821,657,1364390,534478,28.4335646060795,11.1383949922882,375
-7.6926,53.28823,2022/03/02 00:00:00+00,Wed 02 Mar 2022,205,997,2,3828403,3751725,240937,4069340,3992662,84.8040822595472,83.2061308916355,376
-7.6926,53.28823,2021/08/19 23:00:00+00,Fri 20 Aug 2021,14854,22254,686,3407225,3037722,234913,3642138,3272635,75.901293711664,68.2009386646172,377
-7.6926,53.28823,2021/05/07 23:00:00+00,Sat 08 May 2021,25628,7057,10,1389361,540878,667,1390028,541545,28.9678544567605,11.2856695993076,378
-7.6926,53.28823,2022/03/03 00:00:00+00,Thu 03 Mar 2022,279,1276,0,3828682,3753001,240937,4069619,3993938,84.8098965534991,83.2327224295663,379
-7.6926,53.28823,2021/08/20 23:00:00+00,Sat 21 Aug 2021,11896,7987,246,3419121,3045709,235159,3654280,3280868,76.1543301172716,68.3725124356077,380
-7.6926,53.28823,2021/05/08 23:00:00+00,Sun 09 May 2021,19674,930,5,1409035,541808,672,1409707,542480,29.3779601581238,11.3051547779638,381
-7.6926,53.28823,2022/03/04 00:00:00+00,Fri 04 Mar 2022,736,1507,1,3829418,3754508,240938,4070356,3995446,84.8252554590281,83.2641487925754,382
-7.6926,53.28823,2021/08/21 23:00:00+00,Sun 22 Aug 2021,8004,12256,161,3427125,3057965,235320,3662445,3293285,76.3244867843599,68.6312797761143,383
-7.6926,53.28823,2021/05/09 23:00:00+00,Mon 10 May 2021,28847,4654,171,1437882,546462,843,1438725,547305,29.9826884086528,11.4057066357349,384
-7.6926,53.28823,2022/03/05 00:00:00+00,Sat 05 Mar 2022,962,3341,0,3830380,3757849,240938,4071318,3998787,84.8453033112925,83.3337744416558,385
-7.6926,53.28823,2021/08/22 23:00:00+00,Mon 23 Aug 2021,10872,15390,291,3437997,3073355,235611,3673608,3308966,76.5571210617276,68.9580681039296,386
-7.6926,53.28823,2021/05/10 23:00:00+00,Tue 11 May 2021,33930,14810,153,1471812,561272,996,1472808,562268,30.6929700601373,11.7175320135233,387
-7.6926,53.28823,2022/03/06 00:00:00+00,Sun 06 Mar 2022,455,1915,0,3830835,3759764,240938,4071773,4000702,84.8547854035797,83.3736825883153,388
-7.6926,53.28823,2021/08/23 23:00:00+00,Tue 24 Aug 2021,9718,22927,384,3447715,3096282,235995,3683710,3332277,76.7676443502672,69.4438638254845,389
-7.6926,53.28823,2021/05/11 23:00:00+00,Wed 12 May 2021,31296,20924,173,1503108,582196,1169,1504277,583365,31.3487765704377,12.1571884992015,390
-7.6926,53.28823,2022/03/07 00:00:00+00,Mon 07 Mar 2022,114,124,1,3830949,3759888,240939,4071888,4000827,84.8571819763556,83.3762875587238,391
-7.6926,53.28823,2021/08/24 23:00:00+00,Wed 25 Aug 2021,9421,19537,316,3457136,3115819,236311,3693447,3352130,76.9705611252138,69.8575956456565,392
-7.6926,53.28823,2021/05/12 23:00:00+00,Thu 13 May 2021,36004,25473,152,1539112,607669,1321,1540433,608990,32.1022590511781,12.69120743296,393
-7.6926,53.28823,2022/03/08 00:00:00+00,Tue 08 Mar 2022,120,493,0,3831069,3760381,240939,4072008,4001320,84.8596827479479,83.3865615620153,394
-7.6926,53.28823,2021/08/25 23:00:00+00,Thu 26 Aug 2021,8591,19446,369,3465727,3135265,236680,3702407,3371945,77.1572854041007,70.2705355548243,395
-7.6926,53.28823,2021/05/13 23:00:00+00,Fri 14 May 2021,38225,27952,237,1577337,635621,1558,1578895,637179,32.9037980260159,13.2786595197393,396
-7.6926,53.28823,2022/03/09 00:00:00+00,Wed 09 Mar 2022,130,345,1,3831199,3760726,240940,4072139,4001666,84.862412756936,83.3937721201062,397
-7.6926,53.28823,2021/08/26 23:00:00+00,Fri 27 Aug 2021,9728,19217,432,3475455,3154482,237112,3712567,3391594,77.36901739891,70.6800160632895,398
-7.6926,53.28823,2021/05/14 23:00:00+00,Sat 15 May 2021,28862,12455,22,1606199,648076,1580,1607779,649656,33.5057337482669,13.538677246042,399
-7.6926,53.28823,2022/03/10 00:00:00+00,Thu 10 Mar 2022,258,509,0,3831457,3761235,240940,4072397,4002175,84.8677894158593,83.4043795596099,400
-7.6926,53.28823,2021/08/27 23:00:00+00,Sat 28 Aug 2021,9925,7933,153,3485380,3162415,237265,3722645,3399680,77.5790405331312,70.8485263890796,401
-7.6926,53.28823,2021/05/15 23:00:00+00,Sun 16 May 2021,23184,1175,10,1629383,649251,1590,1630973,650841,33.9890912175194,13.5633723655153,402
-7.6926,53.28823,2022/03/11 00:00:00+00,Fri 11 Mar 2022,492,2182,0,3831949,3763417,240940,4072889,4004357,84.8780425793875,83.4498519230621,403
-7.6926,53.28823,2021/08/28 23:00:00+00,Sun 29 Aug 2021,8800,9193,30,3494180,3171608,237295,3731475,3408903,77.7630556427931,71.0407315257062,404
-7.6926,53.28823,2021/05/16 23:00:00+00,Mon 17 May 2021,35393,3954,120,1664776,653205,1710,1666486,654915,34.7291737304781,13.6482735610717,405
-7.6926,53.28823,2022/03/12 00:00:00+00,Sat 12 Mar 2022,473,2391,2,3832422,3765808,240942,4073364,4006750,84.8879414669401,83.4997214765639,406
-7.6926,53.28823,2021/08/29 23:00:00+00,Mon 30 Aug 2021,5067,11143,84,3499247,3182751,237379,3736626,3420130,77.8704012633898,71.274699547923,407
-7.6926,53.28823,2021/05/17 23:00:00+00,Tue 18 May 2021,39014,12506,128,1703790,665711,1838,1705628,667549,35.5448837443386,13.9115631302075,408
-7.6926,53.28823,2022/03/13 00:00:00+00,Sun 13 Mar 2022,358,1082,0,3832780,3766890,240942,4073722,4007832,84.8954021021903,83.5222701004206,409
-7.6926,53.28823,2021/08/30 23:00:00+00,Tue 31 Aug 2021,4071,12900,145,3503318,3195651,237524,3740842,3433175,77.9582617053303,71.5465542597622,410
-7.6926,53.28823,2021/05/18 23:00:00+00,Wed 19 May 2021,37030,17595,211,1740820,683306,2049,1742869,685355,36.3209773682255,14.2826359549686,411
-7.6926,53.28823,2022/03/14 00:00:00+00,Mon 14 Mar 2022,109,121,0,3832889,3767011,240942,4073831,4007953,84.8976736363866,83.5247917117761,412
-7.6926,53.28823,2022/03/15 00:00:00+00,Tue 15 Mar 2022,220,756,1,3833109,3767767,240943,4074052,4008710,84.9022792240689,83.5405674125704,413
-7.6926,53.28823,2022/03/16 00:00:00+00,Wed 16 Mar 2022,196,797,0,3833305,3768564,240943,4074248,4009507,84.9063638176696,83.5571767038955,414
-7.6926,53.28823,2022/03/18 00:00:00+00,Fri 18 Mar 2022,2,6,0,3833307,3768570,240943,4074250,4009513,84.9064054971961,83.5573017424751,415
-7.6926,53.28823,2022/03/19 00:00:00+00,Sat 19 Mar 2022,743,2778,0,3834050,3771348,240943,4074993,4012291,84.9218894413047,83.6151946048354,416
-7.6926,53.28823,2022/03/20 00:00:00+00,Sun 20 Mar 2022,395,1402,0,3834445,3772750,240943,4075388,4013693,84.9301211477958,83.644411952938,417
-7.6926,53.28823,2022/03/21 00:00:00+00,Mon 21 Mar 2022,56,112,0,3834501,3772862,240943,4075444,4013805,84.9312881745388,83.6467460064241,418
-7.6926,53.28823,2022/03/22 00:00:00+00,Tue 22 Mar 2022,140,574,0,3834641,3773436,240943,4075584,4014379,84.9342057413965,83.6587080305403,419
-7.6926,53.28823,2022/03/23 00:00:00+00,Wed 23 Mar 2022,102,221,0,3834743,3773657,240943,4075686,4014600,84.9363313972499,83.6633136182226,420
-7.6926,53.28823,2022/03/24 00:00:00+00,Thu 24 Mar 2022,147,244,0,3834890,3773901,240943,4075833,4014844,84.9393948424503,83.6683985204602,421
-7.6926,53.28823,2022/03/25 00:00:00+00,Fri 25 Mar 2022,435,1625,0,3835325,3775526,240943,4076268,4016469,84.9484601394722,83.7022631357717,422
-7.6926,53.28823,2022/03/26 00:00:00+00,Sat 26 Mar 2022,874,1848,1,3836199,3777374,240944,4077143,4018318,84.9666949323322,83.7407958580554,423
-7.6926,53.28823,2022/03/27 00:00:00+00,Sun 27 Mar 2022,380,803,0,3836579,3778177,240944,4077523,4019121,84.9746140423743,83.7575301879601,424
-7.6926,53.28823,2022/03/27 23:00:00+00,Mon 28 Mar 2022,44,53,1,3836623,3778230,240945,4077568,4019175,84.9755518317214,83.7586555351766,425
-7.6926,53.28823,2022/03/28 23:00:00+00,Tue 29 Mar 2022,137,193,3,3836760,3778423,240948,4077708,4019371,84.978469398579,83.7627401287772,426
-7.6926,53.28823,2022/03/29 23:00:00+00,Wed 30 Mar 2022,109,135,0,3836869,3778558,240948,4077817,4019506,84.9807409327753,83.7655534968185,427
-7.6926,53.28823,2022/03/30 23:00:00+00,Thu 31 Mar 2022,227,359,0,3837096,3778917,240948,4078044,4019865,84.9854715590373,83.7730349718319,428
-7.6926,53.28823,2022/03/31 23:00:00+00,Fri 01 Apr 2022,304,904,0,3837400,3779821,240948,4078348,4020769,84.9918068470709,83.7918741178268,429
-7.6926,53.28823,2022/04/01 23:00:00+00,Sat 02 Apr 2022,729,1539,0,3838129,3781360,240948,4079077,4022308,85.0069990344938,83.8239465134972,430
-7.6926,53.28823,2022/04/02 23:00:00+00,Sun 03 Apr 2022,538,815,0,3838667,3782175,240948,4079615,4023123,85.0182108271323,83.8409309205611,431
-7.6926,53.28823,2022/04/03 23:00:00+00,Mon 04 Apr 2022,50,52,0,3838717,3782227,240948,4079665,4023175,85.0192528152957,83.8420145882511,432
-7.6926,53.28823,2022/04/04 23:00:00+00,Tue 05 Apr 2022,129,169,0,3838846,3782396,240948,4079794,4023344,85.0219411447574,83.8455365082435,433
-7.6926,53.28823,2022/04/05 23:00:00+00,Wed 06 Apr 2022,158,210,0,3839004,3782606,240948,4079952,4023554,85.0252338273538,83.8499128585299,434
-7.6926,53.28823,2022/04/06 23:00:00+00,Thu 07 Apr 2022,117,178,0,3839121,3782784,240948,4080069,4023732,85.0276720796562,83.8536223363917,435
-7.6926,53.28823,2022/04/07 23:00:00+00,Fri 08 Apr 2022,257,421,2,3839378,3783205,240950,4080328,4024155,85.0330695783428,83.8624375562543,436
-7.6926,53.28823,2022/04/08 23:00:00+00,Sat 09 Apr 2022,558,1018,0,3839936,3784223,240950,4080886,4025173,85.0446981662467,83.8836524352618,437
-7.6926,53.28823,2022/04/09 23:00:00+00,Sun 10 Apr 2022,412,719,0,3840348,3784942,240950,4081298,4025892,85.0532841487134,83.8986362250519,438
-7.6926,53.28823,2022/04/10 23:00:00+00,Mon 11 Apr 2022,70,93,1,3840418,3785035,240951,4081369,4025986,85.0547637719055,83.9005951627992,439
-7.6926,53.28823,2022/04/11 23:00:00+00,Tue 12 Apr 2022,197,177,0,3840615,3785212,240951,4081566,4026163,85.0588692052694,83.9042838008977,440
-7.6926,53.28823,2022/04/12 23:00:00+00,Wed 13 Apr 2022,143,233,0,3840758,3785445,240951,4081709,4026396,85.0618492914168,83.9091394657393,441
-7.6926,53.28823,2022/04/13 23:00:00+00,Thu 14 Apr 2022,357,431,0,3841115,3785876,240951,4082066,4026827,85.0692890869037,83.9181214037081,442
-7.6926,53.28823,2022/04/14 23:00:00+00,Fri 15 Apr 2022,445,991,0,3841560,3786867,240951,4082511,4027818,85.0785627815582,83.9387736091073,443
-7.6926,53.28823,2022/04/15 23:00:00+00,Sat 16 Apr 2022,42,88,0,3841602,3786955,240951,4082553,4027906,85.0794380516155,83.940607508275,444
-7.6926,53.28823,2022/04/16 23:00:00+00,Sun 17 Apr 2022,1,0,0,3841603,3786955,240951,4082554,4027906,85.0794588913788,83.940607508275,445
-7.6926,53.28823,2022/04/17 23:00:00+00,Mon 18 Apr 2022,36,62,1,3841639,3787017,240952,4082591,4027969,85.0802299626197,83.9419204133609,446
-7.6926,53.28823,2022/04/18 23:00:00+00,Tue 19 Apr 2022,218,269,1,3841857,3787286,240953,4082810,4028239,85.0847938707755,83.9475471494434,447
-7.6926,53.28823,2022/04/19 23:00:00+00,Wed 20 Apr 2022,250,606,0,3842107,3787892,240953,4083060,4028845,85.0900038115927,83.9601760459842,448
-7.6926,53.28823,2022/04/20 23:00:00+00,Thu 21 Apr 2022,169,236,0,3842276,3788128,240953,4083229,4029081,85.0935257315851,83.9650942301156,449
-7.6926,53.28823,2022/04/21 23:00:00+00,Fri 22 Apr 2022,192,254,0,3842468,3788382,240953,4083421,4029335,85.0975269661327,83.9703875299858,450
-7.6926,53.28823,2022/04/22 23:00:00+00,Sat 23 Apr 2022,320,1010,0,3842788,3789392,240953,4083741,4030345,85.1041956903786,83.9914356908871,451
-7.6926,53.28823,2022/04/23 23:00:00+00,Sun 24 Apr 2022,181,252,0,3842969,3789644,240953,4083922,4030597,85.1079676875303,83.9966873112308,452
-7.6926,53.28823,2022/04/24 23:00:00+00,Mon 25 Apr 2022,41,58,1,3843010,3789702,240954,4083964,4030656,85.1088429575875,83.9979168572637,453
-7.6926,53.28823,2022/04/25 23:00:00+00,Tue 26 Apr 2022,144,238,0,3843154,3789940,240954,4084108,4030894,85.1118438834982,84.0028767209216,454
-7.6926,53.28823,2022/04/26 23:00:00+00,Wed 27 Apr 2022,120,208,0,3843274,3790148,240954,4084228,4031102,85.1143446550905,84.0072113916815,455
-7.6926,53.28823,2022/04/27 23:00:00+00,Thu 28 Apr 2022,99,130,0,3843373,3790278,240954,4084327,4031232,85.116407791654,84.0099205609064,456
-7.6926,53.28823,2022/04/28 23:00:00+00,Fri 29 Apr 2022,168,223,0,3843541,3790501,240954,4084495,4031455,85.1199088718832,84.0145678281153,457
-7.6926,53.28823,2022/04/29 23:00:00+00,Sat 30 Apr 2022,281,723,0,3843822,3791224,240954,4084776,4032178,85.1257648453617,84.0296349769585,458
-7.6926,53.28823,2022/04/30 23:00:00+00,Sun 01 May 2022,187,746,0,3844009,3791970,240954,4084963,4032924,85.1296618810929,84.0451814403569,459
-7.6926,53.28823,2022/05/01 23:00:00+00,Mon 02 May 2022,12,26,0,3844021,3791996,240954,4084975,4032950,85.1299119582521,84.0457232742019,460
-7.6926,53.28823,2022/05/02 23:00:00+00,Tue 03 May 2022,95,118,0,3844116,3792114,240954,4085070,4033068,85.1318917357627,84.0481823662676,461
-7.6926,53.28823,2022/05/03 23:00:00+00,Wed 04 May 2022,113,128,0,3844229,3792242,240954,4085183,4033196,85.134246629012,84.050849855966,462
-7.6926,53.28823,2022/05/04 23:00:00+00,Thu 05 May 2022,111,164,0,3844340,3792406,240954,4085294,4033360,85.1365598427348,84.054267577142,463
-7.6926,53.28823,2022/05/05 23:00:00+00,Fri 06 May 2022,137,257,0,3844477,3792663,240954,4085431,4033617,85.1394148903026,84.0596233963021,464
-7.6926,53.28823,2022/05/06 23:00:00+00,Sat 07 May 2022,441,1087,0,3844918,3793750,240954,4085872,4034704,85.1486052259041,84.0822762189751,465
-7.6926,53.28823,2022/05/07 23:00:00+00,Sun 08 May 2022,273,437,0,3845191,3794187,240954,4086145,4035141,85.1542944812764,84.0913831955234,466
-7.6926,53.28823,2022/05/08 23:00:00+00,Mon 09 May 2022,23,32,0,3845214,3794219,240954,4086168,4035173,85.1547737958316,84.092050067948,467
-7.6926,53.28823,2022/05/09 23:00:00+00,Tue 10 May 2022,80,98,1,3845294,3794317,240955,4086249,4035272,85.1564618166563,84.0941132045116,468
-7.6926,53.28823,2022/05/10 23:00:00+00,Wed 11 May 2022,110,132,0,3845404,3794449,240955,4086359,4035404,85.1587541906159,84.0968640532631,469
-7.6926,53.28823,2022/05/11 23:00:00+00,Thu 12 May 2022,207,398,0,3845611,3794847,240955,4086566,4035802,85.1630680216125,84.105158279044,470
-7.6926,53.28823,2022/05/12 23:00:00+00,Fri 13 May 2022,175,326,0,3845786,3795173,240955,4086741,4036128,85.1667149801845,84.1119520418696,471
-7.6926,53.28823,2022/05/13 23:00:00+00,Sat 14 May 2022,333,633,0,3846119,3795806,240955,4087074,4036761,85.173654621353,84.1251436120186,472
-7.6926,53.28823,2022/05/14 23:00:00+00,Sun 15 May 2022,168,254,0,3846287,3796060,240955,4087242,4037015,85.1771557015821,84.1304369118889,473
-7.6926,53.28823,2022/05/15 23:00:00+00,Mon 16 May 2022,31,42,0,3846318,3796102,240955,4087273,4037057,85.1778017342434,84.1313121819461,474
-7.6926,53.28823,2022/05/16 23:00:00+00,Tue 17 May 2022,94,99,0,3846412,3796201,240955,4087367,4037156,85.1797606719907,84.1333753185097,475
-7.6926,53.28823,2022/05/17 23:00:00+00,Wed 18 May 2022,93,122,0,3846505,3796323,240955,4087460,4037278,85.1816987699747,84.1359177696285,476
-7.6926,53.28823,2022/05/18 23:00:00+00,Thu 19 May 2022,73,105,0,3846578,3796428,240955,4087533,4037383,85.1832200726933,84.1381059447717,477
-7.6926,53.28823,2022/05/19 23:00:00+00,Fri 20 May 2022,126,209,0,3846704,3796637,240955,4087659,4037592,85.1858458828651,84.1424614552948,478
-7.6926,53.28823,2022/05/20 23:00:00+00,Sat 21 May 2022,392,762,0,3847096,3797399,240955,4088051,4038354,85.1940150700664,84.1583413549055,479
-7.6926,53.28823,2022/05/21 23:00:00+00,Sun 22 May 2022,234,409,0,3847330,3797808,240955,4088285,4038763,85.1988915746713,84.1668648180824,480
-7.6926,53.28823,2022/05/22 23:00:00+00,Mon 23 May 2022,26,36,0,3847356,3797844,240955,4088311,4038799,85.1994334085163,84.1676150495601,481
-7.6926,53.28823,2022/05/23 23:00:00+00,Tue 24 May 2022,62,83,0,3847418,3797927,240955,4088373,4038882,85.2007254738389,84.1693447499114,482
-7.6926,53.28823,2022/05/24 23:00:00+00,Wed 25 May 2022,83,133,1,3847501,3798060,240956,4088457,4039016,85.2024760139535,84.1721372781894,483
-7.6926,53.28823,2022/05/25 23:00:00+00,Thu 26 May 2022,98,155,0,3847599,3798215,240956,4088555,4039171,85.2045183107538,84.175367441496,484
-7.6926,53.28823,2022/05/26 23:00:00+00,Fri 27 May 2022,94,151,0,3847693,3798366,240956,4088649,4039322,85.206477248501,84.1785142457496,485
-7.6926,53.28823,2022/05/27 23:00:00+00,Sat 28 May 2022,334,578,0,3848027,3798944,240956,4088983,4039900,85.2134377294328,84.1905596289188,486
-7.6926,53.28823,2022/05/28 23:00:00+00,Sun 29 May 2022,182,349,0,3848209,3799293,240956,4089165,4040249,85.2172305663477,84.1978327062996,487
-7.6926,53.28823,2022/05/29 23:00:00+00,Mon 30 May 2022,9,23,0,3848218,3799316,240956,4089174,4040272,85.2174181242171,84.1983120208548,488
-7.6926,53.28823,2022/05/30 23:00:00+00,Tue 31 May 2022,64,79,1,3848282,3799395,240957,4089239,4040352,85.2187727088295,84.1999792019162,489
-7.6926,53.28823,2022/05/31 23:00:00+00,Wed 01 Jun 2022,67,100,0,3848349,3799495,240957,4089306,4040452,85.2201689729685,84.2020631782431,490
-7.6926,53.28823,2022/06/01 23:00:00+00,Thu 02 Jun 2022,91,136,0,3848440,3799631,240957,4089397,4040588,85.222065391426,84.2048973860476,491
-7.6926,53.28823,2022/06/02 23:00:00+00,Fri 03 Jun 2022,60,143,0,3848500,3799774,240957,4089457,4040731,85.2233157772221,84.2078774721951,492
-7.6926,53.28823,2022/06/03 23:00:00+00,Sat 04 Jun 2022,305,606,0,3848805,3800380,240957,4089762,4041337,85.229671905019,84.2205063687359,493
-7.6926,53.28823,2022/06/04 23:00:00+00,Sun 05 Jun 2022,143,273,0,3848948,3800653,240957,4089905,4041610,85.2326519911664,84.2261956241082,494
-7.6926,53.28823,2022/06/05 23:00:00+00,Mon 06 Jun 2022,4,7,1,3848952,3800660,240958,4089910,4041618,85.2327561899828,84.2263623422143,495
-7.6926,53.28823,2021/08/31 23:00:00+00,Wed 01 Sep 2021,4974,12548,181,3508292,3208199,237705,3745997,3445904,78.0656906849801,71.8118236064086,496
-7.6926,53.28823,2021/09/01 23:00:00+00,Thu 02 Sep 2021,5011,12364,248,3513303,3220563,237953,3751256,3458516,78.1752870000098,72.0746547007525,497
-7.6926,53.28823,2021/05/19 23:00:00+00,Thu 20 May 2021,39091,19644,136,1779911,702950,2185,1782096,705135,37.1384587619638,14.694846472422,498
-7.6926,53.28823,2021/09/02 23:00:00+00,Fri 03 Sep 2021,4779,16081,166,3518082,3236644,238119,3756201,3474763,78.2783396293731,72.4132383345778,499
-7.6926,53.28823,2021/05/20 23:00:00+00,Fri 21 May 2021,25840,23252,14934,1805751,726202,17119,1822870,743321,37.9881792694788,15.4906336725977,500
-7.6926,53.28823,2021/09/03 23:00:00+00,Sat 04 Sep 2021,4630,10586,135,3522712,3247230,238254,3760966,3485484,78.3776411013481,72.6366614365807,501
-7.6926,53.28823,2021/05/21 23:00:00+00,Sat 22 May 2021,16589,10253,13523,1822340,736455,30642,1852982,767097,38.6157062210236,15.9861198840726,502
-7.6926,53.28823,2021/09/04 23:00:00+00,Sun 05 Sep 2021,5309,11904,1,3528021,3259134,238255,3766276,3497389,78.4883002443045,72.8847588182937,503
-7.6926,53.28823,2021/05/22 23:00:00+00,Sun 23 May 2021,8219,5529,10205,1830559,741984,40847,1871406,782831,38.9996580194848,16.3140127193411,504
-7.6926,53.28823,2021/09/05 23:00:00+00,Mon 06 Sep 2021,2164,9689,75,3530185,3268823,238330,3768515,3507153,78.534960474263,73.0882382668486,505
-7.6926,53.28823,2021/05/23 23:00:00+00,Mon 24 May 2021,22552,8220,8450,1853111,750204,49297,1902408,799501,39.6457323603387,16.6614115730291,506
-7.6926,53.28823,2021/09/06 23:00:00+00,Tue 07 Sep 2021,3032,10028,160,3533217,3278851,238490,3771707,3517341,78.6014809986165,73.3005537750293,507
-7.6926,53.28823,2021/09/07 23:00:00+00,Wed 08 Sep 2021,2612,14799,191,3535829,3293650,238681,3774510,3532331,78.6598948550584,73.612941826426,508
-7.6926,53.28823,2021/09/08 23:00:00+00,Thu 09 Sep 2021,3121,14815,138,3538950,3308465,238819,3777769,3547284,78.7278116435509,73.9245588065818,509
-7.6926,53.28823,2021/09/09 23:00:00+00,Fri 10 Sep 2021,3387,13948,116,3542337,3322413,238935,3781272,3561348,78.8008133342808,74.2176492371917,510
-7.6926,53.28823,2021/09/10 23:00:00+00,Sat 11 Sep 2021,2561,11341,62,3544898,3333754,238997,3783895,3572751,78.8554760333345,74.4552850577439,511
-7.6926,53.28823,2021/09/11 23:00:00+00,Sun 12 Sep 2021,2043,12884,1,3546941,3346638,238998,3785939,3585636,78.8980725094555,74.7238054074601,512
-7.6926,53.28823,2021/09/12 23:00:00+00,Mon 13 Sep 2021,1618,7746,52,3548559,3354384,239050,3787609,3593434,78.9328749141141,74.8863138814288,513
-7.6926,53.28823,2021/09/13 23:00:00+00,Tue 14 Sep 2021,1548,10787,82,3550107,3365171,239132,3789239,3604303,78.966843728242,75.1128212683955,514
-7.6926,53.28823,2021/09/14 23:00:00+00,Wed 15 Sep 2021,3284,12372,138,3553391,3377543,239270,3792661,3616813,79.0381573981472,75.373526706886,515
-7.6926,53.28823,2021/09/15 23:00:00+00,Thu 16 Sep 2021,1919,10581,115,3555310,3388124,239385,3794695,3627509,79.0805454766356,75.5964288148072,516
-7.6926,53.28823,2021/09/16 23:00:00+00,Fri 17 Sep 2021,2564,14616,94,3557874,3402740,239479,3797353,3642219,79.1359375674036,75.9029817324887,517
-7.6926,53.28823,2021/09/17 23:00:00+00,Sat 18 Sep 2021,2291,11237,47,3560165,3413977,239526,3799691,3653503,79.1846609339257,76.1381376212119,518
-7.6926,53.28823,2021/09/18 23:00:00+00,Sun 19 Sep 2021,1863,8492,16,3562028,3422469,239542,3801570,3662011,79.2238188491074,76.3154423271014,519
-7.6926,53.28823,2021/09/19 23:00:00+00,Mon 20 Sep 2021,959,5630,35,3562987,3428099,239577,3802564,3667676,79.2445335737964,76.4334995860181,520
-7.6926,53.28823,2021/09/20 23:00:00+00,Tue 21 Sep 2021,1472,6676,90,3564459,3434775,239667,3804126,3674442,79.277085284022,76.5745014242936,521
-7.6926,53.28823,2021/09/21 23:00:00+00,Wed 22 Sep 2021,1898,8157,97,3566357,3442932,239764,3806121,3682696,79.3186606117429,76.7465128303129,522
-7.6926,53.28823,2021/09/22 23:00:00+00,Thu 23 Sep 2021,1689,8729,89,3568046,3451661,239853,3807899,3691514,79.3557137108345,76.9302778628156,523
-7.6926,53.28823,2021/09/23 23:00:00+00,Fri 24 Sep 2021,1912,7392,79,3569958,3459053,239932,3809890,3698985,79.3972056795024,77.0859717341955,524
-7.6926,53.28823,2021/09/24 23:00:00+00,Sat 25 Sep 2021,2422,6607,53,3572380,3465660,239985,3812365,3705645,79.4487840935922,77.2247645575645,525
-7.6926,53.28823,2021/09/25 23:00:00+00,Sun 26 Sep 2021,1549,7100,0,3573929,3472760,239985,3813914,3712745,79.4810648868953,77.3727268767718,526
-7.6926,53.28823,2021/09/26 23:00:00+00,Mon 27 Sep 2021,1175,3829,45,3575104,3476589,240030,3815134,3716619,79.506489398083,77.4534601196744,527
-7.6926,53.28823,2021/09/27 23:00:00+00,Tue 28 Sep 2021,1451,5139,93,3576555,3481728,240123,3816678,3721851,79.5386659925698,77.5624937610959,528
-7.6926,53.28823,2021/09/28 23:00:00+00,Wed 29 Sep 2021,1650,3628,80,3578205,3485356,240203,3818408,3725559,79.5747187830245,77.6397676032959,529
-7.6926,53.28823,2021/09/29 23:00:00+00,Thu 30 Sep 2021,1277,3977,78,3579482,3489333,240281,3819763,3729614,79.6029566622535,77.7242728433502,530
-7.6926,53.28823,2021/09/30 23:00:00+00,Fri 01 Oct 2021,1860,5187,42,3581342,3494520,240323,3821665,3734843,79.6425938919904,77.8332439654818,531
-7.6926,53.28823,2021/10/01 23:00:00+00,Sat 02 Oct 2021,1682,4098,40,3583024,3498618,240363,3823387,3738981,79.678479964339,77.9194789058874,532
-7.6926,53.28823,2021/10/02 23:00:00+00,Sun 03 Oct 2021,1197,3021,9,3584221,3501639,240372,3824593,3742011,79.703612718841,77.9826233885913,533
-7.6926,53.28823,2021/10/03 23:00:00+00,Mon 04 Oct 2021,340,1225,18,3584561,3502864,240390,3824951,3743254,79.7110733540911,78.0085272143343,534
-7.6926,53.28823,2021/10/04 23:00:00+00,Tue 05 Oct 2021,943,2828,70,3585504,3505692,240460,3825964,3746152,79.7321840342823,78.0689208482867,535
-7.6926,53.28823,2021/10/05 23:00:00+00,Wed 06 Oct 2021,965,2577,40,3586469,3508269,240500,3826969,3748769,79.7531279963672,78.1234585087607,536
-7.6926,53.28823,2021/10/06 23:00:00+00,Thu 07 Oct 2021,1212,2704,44,3587681,3510973,240544,3828225,3751517,79.7793027390326,78.1807261782229,537
-7.6926,53.28823,2021/10/07 23:00:00+00,Fri 08 Oct 2021,908,2743,48,3588589,3513716,240592,3829181,3754308,79.7992255527174,78.2388899575056,538
-7.6926,53.28823,2021/10/08 23:00:00+00,Sat 09 Oct 2021,720,2364,23,3589309,3516080,240615,3829924,3756695,79.814709496826,78.2886344724278,539
-7.6926,53.28823,2021/10/09 23:00:00+00,Sun 10 Oct 2021,1510,3922,2,3590819,3520002,240617,3831436,3760619,79.8462192188882,78.3704097034939,540
-7.6926,53.28823,2021/10/10 23:00:00+00,Mon 11 Oct 2021,334,1133,19,3591153,3521135,240636,3831789,3761771,79.853575655322,78.3944171107794,541
-7.6926,53.28823,2021/10/11 23:00:00+00,Tue 12 Oct 2021,562,1620,20,3591715,3522755,240656,3832371,3763411,79.8657043975443,78.4285943225399,542
-7.6926,53.28823,2021/10/12 23:00:00+00,Wed 13 Oct 2021,986,2075,11,3592701,3524830,240667,3833368,3765497,79.8864816415231,78.4720660687183,543
-7.6926,53.28823,2021/10/13 23:00:00+00,Thu 14 Oct 2021,648,1605,8,3593349,3526435,240675,3834024,3767110,79.9001525262274,78.5056806068706,544
-7.6926,53.28823,2021/10/14 23:00:00+00,Fri 15 Oct 2021,956,2075,9,3594305,3528510,240684,3834989,3769194,79.9202628977816,78.5491106735224,545
-7.6926,53.28823,2021/10/15 23:00:00+00,Sat 16 Oct 2021,1374,2645,14,3595679,3531155,240698,3836377,3771853,79.9491884891984,78.6045236040537,546
-7.6926,53.28823,2021/10/16 23:00:00+00,Sun 17 Oct 2021,1700,2892,2,3597379,3534047,240700,3838079,3774747,79.9846577662816,78.6648338789531,547
-7.6926,53.28823,2021/10/17 23:00:00+00,Mon 18 Oct 2021,675,1248,6,3598054,3535295,240706,3838760,3776001,79.9988496450676,78.6909669420919,548
-7.6926,53.28823,2021/10/18 23:00:00+00,Tue 19 Oct 2021,1335,1804,13,3599389,3537099,240719,3840108,3777818,80.0269416459537,78.728832791951,549
-7.6926,53.28823,2021/10/19 23:00:00+00,Wed 20 Oct 2021,2250,2331,0,3601639,3539430,240719,3842358,3780149,80.0738311133081,78.7774102801302,550
-7.6926,53.28823,2021/10/20 23:00:00+00,Thu 21 Oct 2021,1724,1845,11,3603363,3541275,240730,3844093,3782005,80.1099881025792,78.8160888807568,551
-7.6926,53.28823,2021/10/21 23:00:00+00,Fri 22 Oct 2021,1504,1931,3,3604867,3543206,240733,3845600,3783939,80.141393625825,78.8563929829183,552
-7.6926,53.28823,2021/10/22 23:00:00+00,Sat 23 Oct 2021,2018,1702,1,3606885,3544908,240734,3847619,3785642,80.1834691078643,78.8918830997647,553
-7.6926,53.28823,2021/10/23 23:00:00+00,Sun 24 Oct 2021,1954,2186,2,3608839,3547094,240736,3849575,3787830,80.2242316848178,78.9374805017965,554
-7.6926,53.28823,2021/10/24 23:00:00+00,Mon 25 Oct 2021,1229,854,2,3610068,3547948,240738,3850806,3788686,80.2498854334014,78.9553193391544,555
-7.6926,53.28823,2021/10/25 23:00:00+00,Tue 26 Oct 2021,1235,1234,6,3611303,3549182,240744,3852047,3789926,80.2757475796178,78.9811606456075,556
-7.6926,53.28823,2021/10/26 23:00:00+00,Wed 27 Oct 2021,1555,1425,6,3612858,3550607,240750,3853608,3791357,80.3082784500801,79.0109823468449,557
-7.6926,53.28823,2021/10/27 23:00:00+00,Thu 28 Oct 2021,2150,1694,5,3615008,3552301,240755,3855763,3793056,80.353188139924,79.0463891046383,558
-7.6926,53.28823,2021/10/28 23:00:00+00,Fri 29 Oct 2021,2139,1366,2,3617147,3553667,240757,3857904,3794424,80.3978060730821,79.0748979007898,559
-7.6926,53.28823,2021/10/29 23:00:00+00,Sat 30 Oct 2021,2019,1454,1,3619166,3555121,240758,3859924,3795879,80.4399023948848,79.1052197563457,560
-7.6926,53.28823,2021/10/30 23:00:00+00,Sun 31 Oct 2021,1596,1320,0,3620762,3556441,240758,3861520,3797199,80.4731626570615,79.1327282438602,561
-7.6926,53.28823,2021/11/01 00:00:00+00,Mon 01 Nov 2021,283,290,2,3621045,3556731,240760,3861805,3797491,80.479101989593,79.1388134547347,562
-7.6926,53.28823,2021/11/02 00:00:00+00,Tue 02 Nov 2021,1099,1096,10,3622144,3557827,240770,3862914,3798597,80.5022132870579,79.1618622329098,563
-7.6926,53.28823,2021/11/03 00:00:00+00,Wed 03 Nov 2021,2535,1882,7,3624679,3559709,240777,3865456,3800486,80.5551879652868,79.2012285457242,564
-7.6926,53.28823,2021/11/04 00:00:00+00,Thu 04 Nov 2021,1532,1286,2,3626211,3560995,240779,3866990,3801774,80.5871561621409,79.2280701608142,565
-7.6926,53.28823,2021/11/05 00:00:00+00,Fri 05 Nov 2021,1627,1099,4,3627838,3562094,240783,3868621,3802877,80.621145816032,79.2510564196995,566
-7.6926,53.28823,2021/11/06 00:00:00+00,Sat 06 Nov 2021,1817,1356,6,3629655,3563450,240789,3870444,3804239,80.6591367044707,79.2794401772714,567
-7.6926,53.28823,2021/11/07 00:00:00+00,Sun 07 Nov 2021,696,774,0,3630351,3564224,240789,3871140,3805013,80.6736411797057,79.2955701540413,568
-7.6926,53.28823,2021/05/24 23:00:00+00,Tue 25 May 2021,30349,16507,3224,1883460,766711,52521,1935981,819232,40.3453857325562,17.0726009420823,569
-7.6926,53.28823,2021/05/25 23:00:00+00,Wed 26 May 2021,19981,25460,3054,1903441,792171,55575,1959016,847746,40.825429679449,17.6668259519239,570
-7.6926,53.28823,2021/05/26 23:00:00+00,Thu 27 May 2021,17018,36046,550,1920459,828217,56125,1976584,884342,41.1915426405522,18.4294779285025,571
-7.6926,53.28823,2021/05/27 23:00:00+00,Fri 28 May 2021,27046,31832,1559,1947505,860049,57684,2005189,917733,41.7876640688512,19.1253384638052,572
-7.6926,53.28823,2021/05/28 23:00:00+00,Sat 29 May 2021,24484,7390,537,1971989,867439,58221,2030210,925660,42.3090957855955,19.2905352672356,573
-7.6926,53.28823,2021/05/29 23:00:00+00,Sun 30 May 2021,24258,1681,209,1996247,869120,58430,2054677,927550,42.818982273489,19.3299224198133,574
-7.6926,53.28823,2021/05/30 23:00:00+00,Mon 31 May 2021,22591,7310,3444,2018838,876430,61874,2080712,938304,43.3615455101876,19.5540332340041,575
-7.6926,53.28823,2021/05/31 23:00:00+00,Tue 01 Jun 2021,27588,11518,3653,2046426,887948,65527,2111953,953475,44.0126005544627,19.8701932825524,576
-7.6926,53.28823,2021/06/01 23:00:00+00,Wed 02 Jun 2021,18705,20909,4008,2065131,908857,69535,2134666,978392,44.485934097583,20.3894576639167,577
-7.6926,53.28823,2021/06/02 23:00:00+00,Thu 03 Jun 2021,16691,30705,1978,2081822,939562,71513,2153335,1011075,44.874991638045,21.0705636468252,578
-7.6926,53.28823,2021/06/03 23:00:00+00,Fri 04 Jun 2021,28989,23343,153,2110811,962905,71666,2182477,1034571,45.4823040192193,21.5602147245848,579
-7.6926,53.28823,2021/06/04 23:00:00+00,Sat 05 Jun 2021,20969,11495,33,2131780,974400,71699,2203479,1046099,45.9199807273869,21.8004555155455,580
-7.6926,53.28823,2021/06/05 23:00:00+00,Sun 06 Jun 2021,19948,3916,47,2151728,978316,71746,2223474,1050062,46.3366717939431,21.8830434973791,581
-7.6926,53.28823,2021/06/06 23:00:00+00,Mon 07 Jun 2021,19826,4597,45,2171554,982913,71791,2243345,1054704,46.7507787298539,21.979781678472,582
-7.6926,53.28823,2021/06/07 23:00:00+00,Tue 08 Jun 2021,26414,18346,45,2197968,1001259,71836,2269804,1073095,47.3021780261785,22.3630457647453,583
-7.6926,53.28823,2021/06/08 23:00:00+00,Wed 09 Jun 2021,32807,20120,174,2230775,1021379,72010,2302785,1093389,47.989494258541,22.7859679205188,584
-7.6926,53.28823,2021/06/09 23:00:00+00,Thu 10 Jun 2021,27704,27497,273,2258479,1048876,72283,2330762,1121159,48.5725283155073,23.3646881464885,585
-7.6926,53.28823,2021/06/10 23:00:00+00,Fri 11 Jun 2021,26444,32907,42,2284923,1081783,72325,2357248,1154108,49.1244902854402,24.0513375064265,586
-7.6926,53.28823,2021/06/11 23:00:00+00,Sat 12 Jun 2021,12219,19721,105,2297142,1101504,72430,2369572,1173934,49.3813195279627,24.4645066529902,587
-7.6926,53.28823,2021/06/12 23:00:00+00,Sun 13 Jun 2021,8554,18175,835,2305696,1119679,73265,2378961,1192944,49.5769840652918,24.8606705527268,588
-7.6926,53.28823,2021/06/13 23:00:00+00,Mon 14 Jun 2021,16024,31309,52,2321720,1150988,73317,2395037,1224305,49.9120040995982,25.5142263685941,589
-7.6926,53.28823,2021/06/14 23:00:00+00,Tue 15 Jun 2021,14705,41592,205,2336425,1192580,73522,2409947,1266102,50.2227249699334,26.3852659539329,590
-7.6926,53.28823,2021/06/15 23:00:00+00,Wed 16 Jun 2021,13477,48391,217,2349902,1240971,73739,2423641,1314710,50.508104688134,27.3982451668942,591
-7.6926,53.28823,2021/06/16 23:00:00+00,Thu 17 Jun 2021,21574,42691,535,2371476,1283662,74274,2445750,1357936,50.96885101424,28.2990647739438,592
-7.6926,53.28823,2021/06/17 23:00:00+00,Fri 18 Jun 2021,12022,50022,554,2383498,1333684,74828,2458326,1408512,51.2309318771062,29.3530566410178,593
-7.6926,53.28823,2021/06/18 23:00:00+00,Sat 19 Jun 2021,6326,32811,433,2389824,1366495,75261,2465085,1441756,51.3717878370389,30.04585373112,594
-7.6926,53.28823,2021/06/19 23:00:00+00,Sun 20 Jun 2021,8519,26143,177,2398343,1392638,75438,2473781,1468076,51.5530104184229,30.5943563003502,595
-7.6926,53.28823,2021/06/20 23:00:00+00,Mon 21 Jun 2021,15483,32336,574,2413826,1424974,76012,2489838,1500986,51.8876344972272,31.2801929095206,596
-7.6926,53.28823,2021/06/21 23:00:00+00,Tue 22 Jun 2021,15149,43548,722,2428975,1468522,76734,2505709,1545256,52.2183823800635,32.2027692294227,597
-7.6926,53.28823,2021/06/22 23:00:00+00,Wed 23 Jun 2021,20095,39397,883,2449070,1507919,77617,2526687,1585536,52.6555589339127,33.0421948938829,598
-7.6926,53.28823,2021/06/23 23:00:00+00,Thu 24 Jun 2021,19024,44278,1032,2468094,1552197,78649,2546743,1630846,53.0735212260283,33.9864445675843,599
-7.6926,53.28823,2021/06/24 23:00:00+00,Fri 25 Jun 2021,15213,50123,843,2483307,1602320,79492,2562799,1681812,53.4081244650693,35.048563942333,600
-7.6926,53.28823,2021/06/25 23:00:00+00,Sat 26 Jun 2021,9069,30567,511,2492376,1632887,80003,2572379,1712890,53.6077693971828,35.6962221051954,601
-7.6926,53.28823,2021/06/26 23:00:00+00,Sun 27 Jun 2021,8736,30479,59,2501112,1663366,80062,2581174,1743428,53.7910551151303,36.3326267958927,602
-7.6926,53.28823,2021/06/27 23:00:00+00,Mon 28 Jun 2021,24240,24653,525,2525352,1688019,80587,2605939,1768606,54.3071518524778,36.8573303554701,603
-7.6926,53.28823,2021/06/28 23:00:00+00,Tue 29 Jun 2021,28147,31048,811,2553499,1719067,81398,2634897,1800465,54.9106297172107,37.5212643734452,604
-7.6926,53.28823,2021/06/29 23:00:00+00,Wed 30 Jun 2021,22579,36870,590,2576078,1755937,81988,2658066,1837925,55.3934661923814,38.3019219054879,605
-7.6926,53.28823,2021/06/30 23:00:00+00,Thu 01 Jul 2021,15034,48305,642,2591112,1804242,82630,2673742,1886872,55.7201503213804,39.3219657981973,606
-7.6926,53.28823,2021/07/01 23:00:00+00,Fri 02 Jul 2021,13692,47271,818,2604804,1851513,83448,2688252,1934961,56.0225352864082,40.3241291740222,607
-7.6926,53.28823,2021/07/02 23:00:00+00,Sat 03 Jul 2021,9319,30481,505,2614123,1881994,83953,2698076,1965947,56.2272651207591,40.9698700786639,608
-7.6926,53.28823,2021/07/03 23:00:00+00,Sun 04 Jul 2021,6458,27784,233,2620581,1909778,84186,2704767,1993964,56.3667039767895,41.5537377261609,609
-7.6926,53.28823,2021/07/04 23:00:00+00,Mon 05 Jul 2021,15618,33469,5343,2636199,1943247,89529,2725728,2032776,56.8035262546632,42.3625706181428,610
-7.6926,53.28823,2021/07/05 23:00:00+00,Tue 06 Jul 2021,12416,48301,5487,2648615,1991548,95016,2743631,2086564,57.1766205364614,43.4834998048356,611
-7.6926,53.28823,2021/07/06 23:00:00+00,Wed 07 Jul 2021,19711,43766,5060,2668326,2035314,100076,2768402,2135390,57.6928423123885,44.5010220861895,612
-7.6926,53.28823,2021/07/07 23:00:00+00,Thu 08 Jul 2021,17787,45601,5997,2686113,2080915,106073,2792186,2186988,58.1884952419694,45.576312191324,613
-7.6926,53.28823,2021/07/08 23:00:00+00,Fri 09 Jul 2021,13532,45093,6531,2699645,2126008,112604,2812249,2238612,58.6066034124279,46.6521441303035,614
-7.6926,53.28823,2021/07/09 23:00:00+00,Sat 10 Jul 2021,8639,23876,4364,2708284,2149884,116968,2825252,2266852,58.8775828542098,47.2406590450095,615
-7.6926,53.28823,2021/07/10 23:00:00+00,Sun 11 Jul 2021,15240,16114,2153,2723524,2165998,119121,2842645,2285119,59.240048856741,47.6213390006375,616
-7.6926,53.28823,2021/07/11 23:00:00+00,Mon 12 Jul 2021,17111,31776,6092,2740635,2197774,125213,2865848,2322987,59.7235938838629,48.4104991560938,617
-7.6926,53.28823,2021/07/12 23:00:00+00,Tue 13 Jul 2021,20112,36569,8491,2760747,2234343,133704,2894451,2368047,60.3196736326354,49.349538888978,618
-7.6926,53.28823,2021/07/13 23:00:00+00,Wed 14 Jul 2021,20802,35713,9335,2781549,2270056,143039,2924588,2413095,60.947721578262,50.2883285447031,619
-7.6926,53.28823,2021/07/14 23:00:00+00,Thu 15 Jul 2021,23654,28834,9586,2805203,2298890,152625,2957828,2451515,61.6404353093111,51.0889922494836,620
-7.6926,53.28823,2021/07/15 23:00:00+00,Fri 16 Jul 2021,23530,27430,9167,2828733,2326320,161792,2990525,2488112,62.3218330489053,51.8516650658255,621
-7.6926,53.28823,2021/07/16 23:00:00+00,Sat 17 Jul 2021,11509,19431,4677,2840242,2345751,166469,3006711,2512220,62.6591454571713,52.3540700787055,622
-7.6926,53.28823,2021/07/17 23:00:00+00,Sun 18 Jul 2021,16867,15821,1932,2857109,2361572,168401,3025510,2529973,63.0509121668582,52.7240383960134,623
-7.6926,53.28823,2021/07/18 23:00:00+00,Mon 19 Jul 2021,24895,18442,6255,2882004,2380014,174656,3056660,2554670,63.7000707926758,53.2387180294587,624
-7.6926,53.28823,2021/07/19 23:00:00+00,Tue 20 Jul 2021,30590,18185,7699,2912594,2398199,182355,3094949,2580554,64.4980044884682,53.7781344619038,625
-7.6926,53.28823,2021/07/20 23:00:00+00,Wed 21 Jul 2021,30368,19843,6891,2942962,2418042,189246,3132208,2607288,65.2744732280939,54.3352646931272,626
-7.6926,53.28823,2021/07/21 23:00:00+00,Thu 22 Jul 2021,33545,15936,6935,2976507,2433978,196181,3172688,2630159,66.1180668452079,54.8118909188439,627
-7.6926,53.28823,2021/07/22 23:00:00+00,Fri 23 Jul 2021,27094,20839,5615,3003601,2454817,201796,3205397,2656613,66.7997146619613,55.3631860163521,628
-7.6926,53.28823,2021/07/23 23:00:00+00,Sat 24 Jul 2021,15443,14813,2275,3019044,2469630,204071,3223115,2673701,67.1689535875548,55.7192958910864,629
-7.6926,53.28823,2021/07/24 23:00:00+00,Sun 25 Jul 2021,14730,13650,1046,3033774,2483280,205117,3238891,2688397,67.4977216928806,56.0255570520821,630
