X,Y,VaccinationDate,VaccineText,Dose1,Dose2,SingleDose,Dose1Cum,Dose2Cum,SingleDoseCum,PartiallyVacc,FullyVacc,PartialPercent,FullyPercent,ObjectId
-7.6926,53.28823,2021/04/21 23:00:00+00,Thu 22 Apr 2021,31624,12180,1,980848,411409,250,981098,411659,20.8349411020434,8.7421348521005,1
-7.6926,53.28823,2021/04/22 23:00:00+00,Fri 23 Apr 2021,33613,12350,3,1014461,423759,253,1014714,424012,21.5488222638502,9.00446749107596,2
-7.6926,53.28823,2021/04/23 23:00:00+00,Sat 24 Apr 2021,23701,6993,2,1038162,430752,255,1038417,431007,22.0521874821482,9.15301576353069,3
-7.6926,53.28823,2021/04/24 23:00:00+00,Sun 25 Apr 2021,9752,301,2,1047914,431053,257,1048171,431310,22.2593268459114,9.15945037776282,4
-7.6926,53.28823,2021/04/25 23:00:00+00,Mon 26 Apr 2021,15594,3056,3,1063508,434109,260,1063768,434369,22.5905502062368,9.2244123742516,5
-7.6926,53.28823,2021/04/26 23:00:00+00,Tue 27 Apr 2021,25913,7813,9,1089421,441922,269,1089690,442191,23.1410388865187,9.39052310865345,6
-7.6926,53.28823,2021/04/27 23:00:00+00,Wed 28 Apr 2021,26036,8610,5,1115457,450532,274,1115731,450806,23.6940546925221,9.57347426908198,7
-7.6926,53.28823,2020/12/28 00:00:00+00,Mon 28 Dec 2020,220,14,1,220,14,1,221,15,0.00469323348284432,0.000318545259016583,8
-7.6926,53.28823,2021/04/28 23:00:00+00,Thu 29 Apr 2021,31691,11331,6,1147148,461863,280,1147428,462143,24.3671832975253,9.81423077584671,9
-7.6926,53.28823,2021/04/29 23:00:00+00,Fri 30 Apr 2021,36111,13527,8,1183259,475390,288,1183547,475678,25.1342190448866,10.1016647812327,10
-7.6926,53.28823,2021/04/30 23:00:00+00,Sat 01 May 2021,16579,6691,18,1199838,482081,306,1200144,482387,25.4866787558132,10.2441394574155,11
-7.6926,53.28823,2020/12/29 00:00:00+00,Tue 29 Dec 2020,77,2,0,297,16,1,298,17,0.00632843247912945,0.000361017960218794,12
-7.6926,53.28823,2021/05/01 23:00:00+00,Sun 02 May 2021,12463,909,15,1212301,482990,321,1212622,483311,25.7516659386138,10.2637618453709,13
-7.6926,53.28823,2021/05/02 23:00:00+00,Mon 03 May 2021,14264,922,21,1226565,483912,342,1226907,484254,26.0550272069506,10.2837877239878,14
-7.6926,53.28823,2020/12/30 00:00:00+00,Wed 30 Dec 2020,1057,1,0,1354,17,1,1355,18,0.028775255064498,0.000382254310819899,15
-7.6926,53.28823,2021/05/03 23:00:00+00,Tue 04 May 2021,26659,6791,10,1253224,490703,352,1253576,491055,26.6213794411315,10.4282161444259,16
-7.6926,53.28823,2020/12/31 00:00:00+00,Thu 31 Dec 2020,1033,1,0,2387,18,1,2388,19,0.05071240523544,0.000403490661421005,17
-7.6926,53.28823,2021/05/04 23:00:00+00,Wed 05 May 2021,32110,13458,69,1285334,504161,421,1285755,504582,27.3047439671244,10.715480259007,18
-7.6926,53.28823,2021/05/05 23:00:00+00,Thu 06 May 2021,37291,14374,132,1322625,518535,553,1323178,519088,28.0994719156696,11.0235347608267,19
-7.6926,53.28823,2021/01/01 00:00:00+00,Fri 01 Jan 2021,814,0,0,3201,18,1,3202,19,0.0679987946247399,0.000403490661421005,20
-7.6926,53.28823,2021/05/06 23:00:00+00,Fri 07 May 2021,40598,15071,97,1363223,533606,650,1363873,534256,28.9636852033816,11.3456477267442,21
-7.6926,53.28823,2021/01/02 00:00:00+00,Sat 02 Jan 2021,1016,0,0,4217,18,1,4218,19,0.0895749268354631,0.000403490661421005,22
-7.6926,53.28823,2021/05/07 23:00:00+00,Sat 08 May 2021,25623,7054,10,1388846,540660,660,1389506,541320,29.5080365783397,11.4956613073904,23
-7.6926,53.28823,2021/01/03 00:00:00+00,Sun 03 Jan 2021,20,2,1,4237,20,2,4239,22,0.0900208901980863,0.000467199713224322,24
-7.6926,53.28823,2021/05/08 23:00:00+00,Sun 09 May 2021,19674,925,5,1408520,541585,665,1409185,542250,29.9259467218189,11.5154111134495,25
-7.6926,53.28823,2021/01/04 00:00:00+00,Mon 04 Jan 2021,1188,3,0,5425,23,2,5427,25,0.1152496747122,0.000530908765027638,26
-7.6926,53.28823,2021/05/09 23:00:00+00,Mon 10 May 2021,28843,4645,171,1437363,546230,836,1438199,547066,30.5420981981594,11.6176853779444,27
-7.6926,53.28823,2021/01/05 00:00:00+00,Tue 05 Jan 2021,3531,13,0,8956,36,2,8958,38,0.190235228684703,0.00080698132284201,28
-7.6926,53.28823,2021/08/14 23:00:00+00,Sun 15 Aug 2021,16998,3728,51,3341386,2913040,232037,3573423,3145077,75.8864636740543,66.7899578394731,29
-7.6926,53.28823,2021/05/10 23:00:00+00,Tue 11 May 2021,33922,14823,153,1471285,561053,989,1472274,562042,31.265726844892,11.9357209645465,30
-7.6926,53.28823,2021/01/06 00:00:00+00,Wed 06 Jan 2021,6777,12,0,15733,48,2,15735,50,0.334153976708395,0.00106181753005528,31
-7.6926,53.28823,2021/05/11 23:00:00+00,Wed 12 May 2021,31292,20942,173,1502577,581995,1162,1503739,583157,31.9339286165558,12.3841265074889,32
-7.6926,53.28823,2021/08/15 23:00:00+00,Mon 16 Aug 2021,10182,23152,384,3351568,2936192,232421,3583989,3168613,76.1108469545056,67.2897765872208,33
-7.6926,53.28823,2021/01/07 00:00:00+00,Thu 07 Jan 2021,11726,8,0,27459,56,2,27461,58,0.583171423856959,0.00123170833486412,34
-7.6926,53.28823,2021/05/12 23:00:00+00,Thu 13 May 2021,35996,25479,152,1538573,607474,1314,1539887,608788,32.7015802180846,12.9284354097458,35
-7.6926,53.28823,2021/08/16 23:00:00+00,Tue 17 Aug 2021,12865,26863,528,3364433,2963055,232949,3597382,3196004,76.3952653981062,67.8714614665356,36
-7.6926,53.28823,2021/01/08 00:00:00+00,Fri 08 Jan 2021,12681,5,0,40140,61,2,40142,63,0.852469585829578,0.00133789008786965,37
-7.6926,53.28823,2021/05/13 23:00:00+00,Fri 14 May 2021,38219,27943,236,1576792,635417,1550,1578342,636967,33.5182240804501,13.5268545333344,38
-7.6926,53.28823,2021/08/17 23:00:00+00,Wed 18 Aug 2021,15231,25761,658,3379664,2988816,233607,3613271,3222423,76.7326897728071,68.4325046130663,39
-7.6926,53.28823,2021/01/09 00:00:00+00,Sat 09 Jan 2021,8074,8,0,48214,69,2,48216,71,1.0239318805829,0.00150778089267849,40
-7.6926,53.28823,2021/05/14 23:00:00+00,Sat 15 May 2021,28855,12449,22,1605647,647866,1572,1607219,649438,34.1314661767582,13.7916930616808,41
-7.6926,53.28823,2021/08/18 23:00:00+00,Thu 19 Aug 2021,11362,25702,544,3391026,3014518,234151,3625177,3248669,76.9855297630639,68.9898738709429,42
-7.6926,53.28823,2021/01/10 00:00:00+00,Sun 10 Jan 2021,4780,4,1,52994,73,3,52997,76,1.12546287280679,0.00161396264568402,43
-7.6926,53.28823,2021/05/15 23:00:00+00,Sun 16 May 2021,23174,1173,9,1628821,649039,1581,1630402,650620,34.6237884927436,13.8167944280913,44
-7.6926,53.28823,2021/08/19 23:00:00+00,Fri 20 Aug 2021,14846,22247,686,3405872,3036765,234837,3640709,3271602,77.3153727606003,69.476887099278,45
-7.6926,53.28823,2021/01/11 00:00:00+00,Mon 11 Jan 2021,8343,7,0,61337,80,3,61340,83,1.30263774587181,0.00176261709989176,46
-7.6926,53.28823,2021/05/16 23:00:00+00,Mon 17 May 2021,35381,3950,118,1664202,652989,1699,1665901,654688,35.3776577027323,13.9031839023366,47
-7.6926,53.28823,2021/08/20 23:00:00+00,Sat 21 Aug 2021,11891,7976,246,3417763,3044741,235083,3652846,3279824,77.5731183478459,69.6514923739203,48
-7.6926,53.28823,2021/01/12 00:00:00+00,Tue 12 Jan 2021,8885,10,0,70222,90,3,70225,93,1.49132272096264,0.00197498060590281,49
-7.6926,53.28823,2021/05/17 23:00:00+00,Tue 18 May 2021,39009,12493,127,1703211,665482,1826,1705037,667308,36.2087635198572,14.1711866469225,50
-7.6926,53.28823,2021/08/21 23:00:00+00,Sun 22 Aug 2021,8004,12251,161,3425767,3056992,235244,3661011,3292236,77.7465131505039,69.9150779575812,51
-7.6926,53.28823,2021/08/22 23:00:00+00,Mon 23 Aug 2021,10867,15376,290,3436634,3072368,235534,3672168,3307902,77.9834471141605,70.2477666260982,52
-7.6926,53.28823,2021/08/23 23:00:00+00,Tue 24 Aug 2021,9710,22921,383,3446344,3095289,235917,3682261,3331206,78.1977856007774,70.7426585405063,53
-7.6926,53.28823,2021/08/24 23:00:00+00,Wed 25 Aug 2021,9414,19522,315,3455758,3114811,236232,3691990,3351043,78.4043940557756,71.1639240273805,54
-7.6926,53.28823,2021/08/25 23:00:00+00,Thu 26 Aug 2021,8583,19438,368,3464341,3134249,236600,3700941,3370849,78.5944806300061,71.5845311873859,55
-7.6926,53.28823,2021/08/26 23:00:00+00,Fri 27 Aug 2021,9724,19209,431,3474065,3153458,237031,3711096,3390489,78.8101357703603,72.0016131131917,56
-7.6926,53.28823,2021/08/27 23:00:00+00,Sat 28 Aug 2021,9919,7922,153,3483984,3161380,237184,3721168,3398564,79.0240282936146,72.1730966442956,57
-7.6926,53.28823,2021/08/28 23:00:00+00,Sun 29 Aug 2021,8799,9188,30,3492783,3170568,237214,3729997,3407782,79.2115240330718,72.3688533241366,58
-7.6926,53.28823,2021/08/29 23:00:00+00,Mon 30 Aug 2021,5058,11131,84,3497841,3181699,237298,3735139,3418997,79.3207213478627,72.607018996128,59
-7.6926,53.28823,2021/08/30 23:00:00+00,Tue 31 Aug 2021,4061,12888,142,3501902,3194587,237440,3739342,3432027,79.4099777294391,72.8837286444604,60
-7.6926,53.28823,2021/08/31 23:00:00+00,Wed 01 Sep 2021,4964,12527,181,3506866,3207114,237621,3744487,3444735,79.5192387532818,73.1536001878992,61
-7.6926,53.28823,2021/09/01 23:00:00+00,Thu 02 Sep 2021,5006,12359,247,3511872,3219473,237868,3749740,3457341,79.6307933029894,73.4213056235768,62
-7.6926,53.28823,2021/09/02 23:00:00+00,Fri 03 Sep 2021,4774,16067,166,3516646,3235540,238034,3754680,3473574,79.7357008749589,73.7660353028845,63
-7.6926,53.28823,2021/09/03 23:00:00+00,Sat 04 Sep 2021,4627,10581,133,3521273,3246121,238167,3759440,3484288,79.8367859038201,73.9935615632248,64
-7.6926,53.28823,2021/09/04 23:00:00+00,Sun 05 Sep 2021,5305,11901,1,3526578,3258022,238168,3764746,3496190,79.9494659801096,74.2463166080791,65
-7.6926,53.28823,2021/09/05 23:00:00+00,Mon 06 Sep 2021,2158,9671,75,3528736,3267693,238243,3766979,3505936,79.9968867510019,74.4532860810375,66
-7.6926,53.28823,2021/09/06 23:00:00+00,Tue 07 Sep 2021,3029,10020,158,3531765,3277713,238401,3770166,3516114,80.0645670003676,74.6694296574555,67
-7.6926,53.28823,2021/09/07 23:00:00+00,Wed 08 Sep 2021,2610,14795,187,3534375,3292508,238588,3772963,3531096,80.1239650729989,74.9875926621613,68
-7.6926,53.28823,2021/09/08 23:00:00+00,Thu 09 Sep 2021,3116,14807,138,3537491,3307315,238726,3776217,3546041,80.1930681578549,75.3049699218948,69
-7.6926,53.28823,2021/09/09 23:00:00+00,Fri 10 Sep 2021,3380,13942,115,3540871,3321257,238841,3779712,3560098,80.2672892032057,75.6034893022946,70
-7.6926,53.28823,2021/09/10 23:00:00+00,Sat 11 Sep 2021,2558,11333,62,3543429,3332590,238903,3782332,3571493,80.3229284417806,75.8454775173942,71
-7.6926,53.28823,2021/09/11 23:00:00+00,Sun 12 Sep 2021,2041,12882,1,3545470,3345472,238904,3784374,3584376,80.3662930697081,76.1190654221882,72
-7.6926,53.28823,2021/09/12 23:00:00+00,Mon 13 Sep 2021,1614,7740,52,3547084,3353212,238956,3786040,3592168,80.4016728298095,76.284539066072,73
-7.6926,53.28823,2021/09/13 23:00:00+00,Tue 14 Sep 2021,1547,10782,82,3548631,3363994,239038,3787669,3603032,80.4362668449388,76.5152507790024,74
-7.6926,53.28823,2021/09/14 23:00:00+00,Wed 15 Sep 2021,3282,12366,137,3551913,3376360,239175,3791088,3615535,80.5088739276439,76.7807688705681,75
-7.6926,53.28823,2021/09/15 23:00:00+00,Thu 16 Sep 2021,1913,10572,115,3553826,3386932,239290,3793116,3626222,80.551941246663,77.0077217494421,76
-7.6926,53.28823,2021/09/16 23:00:00+00,Fri 17 Sep 2021,2561,14614,94,3556387,3401546,239384,3795771,3640930,80.6083237575089,77.3200659940831,77
-7.6926,53.28823,2021/09/17 23:00:00+00,Sat 18 Sep 2021,2288,11231,47,3558675,3412777,239431,3798106,3652208,80.6579106361625,77.5595695561624,78
-7.6926,53.28823,2021/09/18 23:00:00+00,Sun 19 Sep 2021,1862,8490,15,3560537,3421267,239446,3799983,3660713,80.6977712662408,77.7401847180248,79
-7.6926,53.28823,2021/09/19 23:00:00+00,Mon 20 Sep 2021,956,5620,35,3561493,3426887,239481,3800974,3666368,80.7188164896865,77.860276280674,80
-7.6926,53.28823,2021/09/20 23:00:00+00,Tue 21 Sep 2021,1464,6670,90,3562957,3433557,239571,3802528,3673128,80.7518177785206,78.0038340107375,81
-7.6926,53.28823,2021/09/21 23:00:00+00,Wed 22 Sep 2021,1897,8151,97,3564854,3441708,239668,3804522,3681376,80.7941630616192,78.1789914304954,82
-7.6926,53.28823,2021/09/22 23:00:00+00,Thu 23 Sep 2021,1702,8725,89,3566556,3450433,239757,3806313,3690190,80.8321973655458,78.3661686246936,83
-7.6926,53.28823,2021/09/23 23:00:00+00,Fri 24 Sep 2021,1912,7375,79,3568468,3457808,239836,3808304,3697644,80.8744789395926,78.5244643820742,84
-7.6926,53.28823,2021/09/24 23:00:00+00,Sat 25 Sep 2021,2421,6599,53,3570889,3464407,239889,3810778,3704296,80.9270176709797,78.6657285862728,85
-7.6926,53.28823,2021/09/25 23:00:00+00,Sun 26 Sep 2021,1549,7097,0,3572438,3471504,239889,3812327,3711393,80.9599127780608,78.8164429664888,86
-7.6926,53.28823,2021/09/26 23:00:00+00,Mon 27 Sep 2021,1178,3820,45,3573616,3475324,239934,3813550,3715258,80.985884834846,78.8985214615621,87
-7.6926,53.28823,2021/09/27 23:00:00+00,Tue 28 Sep 2021,1451,5135,93,3575067,3480459,240027,3815094,3720486,81.0186737601741,79.0095451025047,88
-7.6926,53.28823,2021/09/28 23:00:00+00,Wed 29 Sep 2021,1652,3629,79,3576719,3484088,240106,3816825,3724194,81.0554338830646,79.0882894905336,89
-7.6926,53.28823,2021/09/29 23:00:00+00,Thu 30 Sep 2021,1283,3972,78,3578002,3488060,240184,3818186,3728244,81.0843365562327,79.1742967104681,90
-7.6926,53.28823,2021/09/30 23:00:00+00,Fri 01 Oct 2021,1853,5185,42,3579855,3493245,240226,3820081,3733471,81.1245794406218,79.28529911506,91
-7.6926,53.28823,2021/10/01 23:00:00+00,Sat 02 Oct 2021,1710,4090,40,3581565,3497335,240266,3821831,3737601,81.1617430541737,79.3730052430426,92
-7.6926,53.28823,2021/10/02 23:00:00+00,Sun 03 Oct 2021,1196,3018,9,3582761,3500353,240275,3823036,3740628,81.1873328566481,79.4372876763122,93
-7.6926,53.28823,2021/10/03 23:00:00+00,Mon 04 Oct 2021,339,1239,18,3583100,3501592,240293,3823393,3741885,81.1949142338126,79.4639817690177,94
-7.6926,53.28823,2021/10/04 23:00:00+00,Tue 05 Oct 2021,964,2827,70,3584064,3504419,240363,3824427,3744782,81.2168726203342,79.5255034767091,95
-7.6926,53.28823,2021/10/05 23:00:00+00,Wed 06 Oct 2021,979,2573,40,3585043,3506992,240403,3825446,3747395,81.2385124615967,79.5809940608298,96
-7.6926,53.28823,2021/10/06 23:00:00+00,Thu 07 Oct 2021,1216,2699,44,3586259,3509691,240447,3826706,3750138,81.2652702633541,79.6392453705287,97
-7.6926,53.28823,2021/10/07 23:00:00+00,Fri 08 Oct 2021,966,2791,48,3587225,3512482,240495,3827720,3752977,81.2868039228636,79.6995353698852,98
-7.6926,53.28823,2021/10/08 23:00:00+00,Sat 09 Oct 2021,735,2382,23,3587960,3514864,240518,3828478,3755382,81.3029010766193,79.7506087930809,99
-7.6926,53.28823,2021/10/09 23:00:00+00,Sun 10 Oct 2021,1505,3915,2,3589465,3518779,240520,3829985,3759299,81.3349042569751,79.8337915783854,100
-7.6926,53.28823,2021/10/10 23:00:00+00,Mon 11 Oct 2021,333,1124,19,3589798,3519903,240539,3830337,3760442,81.3423794523867,79.8580647271224,101
-7.6926,53.28823,2021/10/11 23:00:00+00,Tue 12 Oct 2021,561,1612,20,3590359,3521515,240559,3830918,3762074,81.354717772086,79.8927224513035,102
-7.6926,53.28823,2021/10/12 23:00:00+00,Wed 13 Oct 2021,997,2073,11,3591356,3523588,240570,3831926,3764158,81.3761240134919,79.9369790059562,103
-7.6926,53.28823,2021/10/13 23:00:00+00,Thu 14 Oct 2021,682,1603,8,3592038,3525191,240578,3832616,3765769,81.3907770954066,79.9711907667745,104
-7.6926,53.28823,2021/10/14 23:00:00+00,Fri 15 Oct 2021,951,2070,8,3592989,3527261,240586,3833575,3767847,81.4111427556331,80.0153199033236,105
-7.6926,53.28823,2021/10/15 23:00:00+00,Sat 16 Oct 2021,1370,2645,14,3594359,3529906,240600,3834959,3770506,81.440533864865,80.071787359572,106
-7.6926,53.28823,2021/10/16 23:00:00+00,Sun 17 Oct 2021,1702,2891,2,3596061,3532797,240602,3836663,3773399,81.4767206062893,80.133224121861,107
-7.6926,53.28823,2021/10/17 23:00:00+00,Mon 18 Oct 2021,670,1245,6,3596731,3534042,240608,3837339,3774650,81.4910763792957,80.159790796463,108
-7.6926,53.28823,2021/10/18 23:00:00+00,Tue 19 Oct 2021,1334,1799,13,3598065,3535841,240621,3838686,3776462,81.5196817435554,80.1982710637522,109
-7.6926,53.28823,2021/10/19 23:00:00+00,Wed 20 Oct 2021,2260,2327,0,3600325,3538168,240621,3840946,3778789,81.5676758959139,80.2476880516009,110
-7.6926,53.28823,2021/10/20 23:00:00+00,Thu 21 Oct 2021,1740,1838,11,3602065,3540006,240632,3842697,3780638,81.6048607458164,80.2869540638624,111
-7.6926,53.28823,2021/10/21 23:00:00+00,Fri 22 Oct 2021,1505,1925,3,3603570,3541931,240635,3844205,3782566,81.6368851625229,80.3278977478213,112
-7.6926,53.28823,2021/10/22 23:00:00+00,Sat 23 Oct 2021,2013,1700,1,3605583,3543631,240636,3846219,3784267,81.6796551726335,80.3640207801938,113
-7.6926,53.28823,2021/10/23 23:00:00+00,Sun 24 Oct 2021,1949,2186,2,3607532,3545817,240638,3848170,3786455,81.7210872926562,80.410485915309,114
-7.6926,53.28823,2021/10/24 23:00:00+00,Mon 25 Oct 2021,1220,850,2,3608752,3546667,240640,3849392,3787307,81.7470381130908,80.4285792860211,115
-7.6926,53.28823,2021/10/25 23:00:00+00,Tue 26 Oct 2021,1240,1224,6,3609992,3547891,240646,3850638,3788537,81.7734986059398,80.4546999972605,116
-7.6926,53.28823,2021/10/26 23:00:00+00,Wed 27 Oct 2021,1554,1421,5,3611546,3549312,240651,3852197,3789963,81.8066060765269,80.4849830332177,117
-7.6926,53.28823,2021/10/27 23:00:00+00,Thu 28 Oct 2021,2151,1687,5,3613697,3550999,240656,3854353,3791655,81.8523916484229,80.5209149384348,118
-7.6926,53.28823,2021/10/28 23:00:00+00,Fri 29 Oct 2021,2136,1361,2,3615833,3552360,240658,3856491,3793018,81.897794966008,80.5498600843041,119
-7.6926,53.28823,2021/10/29 23:00:00+00,Sat 30 Oct 2021,2015,1447,1,3617848,3553807,240659,3858507,3794466,81.9406074488199,80.5806103199745,120
-7.6926,53.28823,2021/10/30 23:00:00+00,Sun 31 Oct 2021,1593,1319,0,3619441,3555126,240659,3860100,3795785,81.9744369553274,80.6086210664173,121
-7.6926,53.28823,2021/11/01 00:00:00+00,Mon 01 Nov 2021,273,285,2,3619714,3555411,240661,3860375,3796072,81.9802769517427,80.6147158990399,122
-7.6926,53.28823,2021/11/02 00:00:00+00,Tue 02 Nov 2021,1096,1093,10,3620810,3556504,240671,3861481,3797175,82.0037643555075,80.6381395937529,123
-7.6926,53.28823,2021/11/03 00:00:00+00,Wed 03 Nov 2021,2533,1876,6,3623343,3558380,240677,3864020,3799057,82.0576834496838,80.6781064055841,124
-7.6926,53.28823,2021/11/04 00:00:00+00,Thu 04 Nov 2021,1539,1279,1,3624882,3559659,240678,3865560,3800337,82.0903874296095,80.7052889343536,125
-7.6926,53.28823,2021/11/05 00:00:00+00,Fri 05 Nov 2021,1630,1089,3,3626512,3560748,240681,3867193,3801429,82.1250663901411,80.72847902921,126
-7.6926,53.28823,2021/11/06 00:00:00+00,Sat 06 Nov 2021,1814,1349,6,3628326,3562097,240687,3869013,3802784,82.1637165482351,80.7572542842745,127
-7.6926,53.28823,2021/11/07 00:00:00+00,Sun 07 Nov 2021,695,774,0,3629021,3562871,240687,3869708,3803558,82.1784758119029,80.7736912196397,128
-7.6926,53.28823,2021/11/08 00:00:00+00,Mon 08 Nov 2021,517,529,3,3629538,3563400,240690,3870228,3804090,82.1895187142154,80.7849889581595,129
-7.6926,53.28823,2021/11/09 00:00:00+00,Tue 09 Nov 2021,1369,1061,3,3630907,3564461,240693,3871600,3805154,82.2186549872401,80.8075844351991,130
-7.6926,53.28823,2021/11/10 00:00:00+00,Wed 10 Nov 2021,1618,1359,1,3632525,3565820,240694,3873219,3806514,82.2530366388633,80.8364658720166,131
-7.6926,53.28823,2021/11/11 00:00:00+00,Thu 11 Nov 2021,1389,1109,2,3633914,3566929,240696,3874610,3807625,82.2825764025495,80.8600594575344,132
-7.6926,53.28823,2021/11/12 00:00:00+00,Fri 12 Nov 2021,1144,1154,6,3635058,3568083,240702,3875760,3808785,82.3069982057407,80.8846936242317,133
-7.6926,53.28823,2021/11/13 00:00:00+00,Sat 13 Nov 2021,1401,1373,0,3636459,3569456,240702,3877161,3810158,82.3367503329329,80.913851133607,134
-7.6926,53.28823,2021/11/14 00:00:00+00,Sun 14 Nov 2021,1648,1805,0,3638107,3571261,240702,3878809,3811963,82.3717478387235,80.952182746442,135
-7.6926,53.28823,2021/11/15 00:00:00+00,Mon 15 Nov 2021,1243,588,1,3639350,3571849,240703,3880053,3812552,82.3981658588713,80.9646909569461,136
-7.6926,53.28823,2021/11/16 00:00:00+00,Tue 16 Nov 2021,1317,1070,5,3640667,3572919,240708,3881375,3813627,82.426240314366,80.9875200338423,137
-7.6926,53.28823,2021/11/17 00:00:00+00,Wed 17 Nov 2021,1510,1109,0,3642177,3574028,240708,3882885,3814736,82.4583072037736,81.0110711466589,138
-7.6926,53.28823,2021/11/18 00:00:00+00,Thu 18 Nov 2021,1654,2502,5,3643831,3576530,240713,3884544,3817243,82.4935383094208,81.0643106776159,139
-7.6926,53.28823,2021/11/19 00:00:00+00,Fri 19 Nov 2021,1170,1551,0,3645001,3578081,240713,3885714,3818794,82.5183848396241,81.0972482573982,140
-7.6926,53.28823,2021/11/20 00:00:00+00,Sat 20 Nov 2021,1545,2937,12,3646546,3581018,240725,3887271,3821743,82.5514498375101,81.1598742553208,141
-7.6926,53.28823,2021/11/21 00:00:00+00,Sun 21 Nov 2021,1787,2760,0,3648333,3583778,240725,3889058,3824503,82.5893991960342,81.2184865829799,142
-7.6926,53.28823,2021/11/22 00:00:00+00,Mon 22 Nov 2021,718,516,2,3649051,3584294,240727,3889778,3825021,82.604689368467,81.2294870125912,143
-7.6926,53.28823,2021/11/23 00:00:00+00,Tue 23 Nov 2021,2161,1589,7,3651212,3585883,240734,3891946,3826617,82.6507297765702,81.2633802281506,144
-7.6926,53.28823,2021/11/24 00:00:00+00,Wed 24 Nov 2021,1620,3142,2,3652832,3589025,240736,3893568,3829761,82.6851751372452,81.3301473144405,145
-7.6926,53.28823,2021/11/25 00:00:00+00,Thu 25 Nov 2021,988,1183,1,3653820,3590208,240737,3894557,3830945,82.7061778879897,81.3552911535522,146
-7.6926,53.28823,2021/11/26 00:00:00+00,Fri 26 Nov 2021,1290,1104,12,3655110,3591312,240749,3895859,3832061,82.7338276164724,81.378990920823,147
-7.6926,53.28823,2021/11/27 00:00:00+00,Sat 27 Nov 2021,1202,1563,6,3656312,3592875,240755,3897067,3833630,82.7594811279985,81.4123107549162,148
-7.6926,53.28823,2021/11/28 00:00:00+00,Sun 28 Nov 2021,1958,2257,0,3658270,3595132,240755,3899025,3835887,82.8010619024755,81.4602411982229,149
-7.6926,53.28823,2021/11/29 00:00:00+00,Mon 29 Nov 2021,539,993,1,3658809,3596125,240756,3899565,3836881,82.8125295318001,81.4813501307204,150
-7.6926,53.28823,2021/11/30 00:00:00+00,Tue 30 Nov 2021,1919,1642,6,3660728,3597767,240762,3901490,3838529,82.8534095067072,81.516347636511,151
-7.6926,53.28823,2021/12/01 00:00:00+00,Wed 01 Dec 2021,1078,1377,3,3661806,3599144,240765,3902571,3839909,82.876366001707,81.5456538003405,152
-7.6926,53.28823,2021/12/02 00:00:00+00,Thu 02 Dec 2021,1764,1410,0,3663570,3600554,240765,3904335,3841319,82.9138269241673,81.5755970546881,153
-7.6926,53.28823,2021/12/03 00:00:00+00,Fri 03 Dec 2021,1042,1184,2,3664612,3601738,240767,3905379,3842505,82.9359976741949,81.600783366501,154
-7.6926,53.28823,2021/12/04 00:00:00+00,Sat 04 Dec 2021,1204,1700,1,3665816,3603438,240768,3906584,3844206,82.9615874766692,81.6369063988734,155
-7.6926,53.28823,2021/12/05 00:00:00+00,Sun 05 Dec 2021,1347,1773,2,3667163,3605211,240770,3907933,3845981,82.9902353136301,81.6746009211904,156
-7.6926,53.28823,2021/12/06 00:00:00+00,Mon 06 Dec 2021,935,1292,0,3668098,3606503,240770,3908868,3847273,83.0100913014421,81.702038286167,157
-7.6926,53.28823,2021/12/07 00:00:00+00,Tue 07 Dec 2021,487,741,2,3668585,3607244,240772,3909357,3848016,83.0204758768861,81.7178168946637,158
-7.6926,53.28823,2021/12/08 00:00:00+00,Wed 08 Dec 2021,802,1515,2,3669387,3608759,240774,3910161,3849533,83.0375499027694,81.7500324385256,159
-7.6926,53.28823,2022/04/02 23:00:00+00,Sun 03 Apr 2022,537,816,0,3838041,3780549,240834,4078875,4021383,86.6204195580843,85.3994992893255,160
-7.6926,53.28823,2021/05/18 23:00:00+00,Wed 19 May 2021,37021,17589,211,1740232,683071,2037,1742269,685108,36.9994353254375,14.5491936876222,161
-7.6926,53.28823,2022/04/03 23:00:00+00,Mon 04 Apr 2022,49,53,0,3838090,3780602,240834,4078924,4021436,86.6214601392637,85.4006248159074,162
-7.6926,53.28823,2021/12/09 00:00:00+00,Thu 09 Dec 2021,798,1209,1,3670185,3609968,240775,3910960,3850743,83.0545177468996,81.7757284227529,163
-7.6926,53.28823,2021/05/19 23:00:00+00,Thu 20 May 2021,39087,19642,136,1779319,702713,2173,1781492,704886,37.8323887050647,14.9692062298109,164
-7.6926,53.28823,2022/04/04 23:00:00+00,Tue 05 Apr 2022,130,169,0,3838220,3780771,240834,4079054,4021605,86.6242208648419,85.404213759159,165
-7.6926,53.28823,2021/01/13 00:00:00+00,Wed 13 Jan 2021,9880,4,0,80102,94,3,80105,97,1.70113786490156,0.00205992600830724,166
-7.6926,53.28823,2021/05/20 23:00:00+00,Fri 21 May 2021,25836,23247,14934,1805155,725960,17107,1822262,743067,38.6981947190718,15.7800313321117,167
-7.6926,53.28823,2021/12/10 00:00:00+00,Fri 10 Dec 2021,891,1612,1,3671076,3611580,240776,3911852,3852356,83.0734605716358,81.8099826562725,168
-7.6926,53.28823,2021/05/21 23:00:00+00,Sat 22 May 2021,16585,10249,13522,1821740,736209,30629,1852369,766838,39.3375575266192,16.2848406222506,169
-7.6926,53.28823,2021/01/14 00:00:00+00,Thu 14 Jan 2021,8084,4,0,88186,98,3,88189,101,1.87281252316089,0.00214487141071166,170
-7.6926,53.28823,2022/04/05 23:00:00+00,Wed 06 Apr 2022,159,209,0,3838379,3780980,240834,4079213,4021814,86.6275974445875,85.4086521564346,171
-7.6926,53.28823,2021/12/11 00:00:00+00,Sat 11 Dec 2021,641,841,2,3671717,3612421,240778,3912495,3853199,83.0871155450724,81.8278848998292,172
-7.6926,53.28823,2021/05/22 23:00:00+00,Sun 23 May 2021,8216,5525,10205,1829956,741734,40834,1870790,782568,39.7287523410422,16.6188884172059,173
-7.6926,53.28823,2021/01/15 00:00:00+00,Fri 15 Jan 2021,7691,2,0,95877,100,3,95880,103,2.036141295634,0.00218734411191387,174
-7.6926,53.28823,2022/04/06 23:00:00+00,Thu 07 Apr 2022,120,178,0,3838499,3781158,240834,4079333,4021992,86.6301458066596,85.4124322268416,175
-7.6926,53.28823,2021/12/12 00:00:00+00,Sun 12 Dec 2021,689,1192,0,3672406,3613613,240778,3913184,3854391,83.1017473906365,81.8531986297457,176
-7.6926,53.28823,2021/05/23 23:00:00+00,Mon 24 May 2021,22547,8216,8450,1852503,749950,49284,1901787,799234,40.3870155006247,16.972813436324,177
-7.6926,53.28823,2021/01/16 00:00:00+00,Sat 16 Jan 2021,5237,3,0,101114,103,3,101117,106,2.14735606373199,0.00225105316371719,178
-7.6926,53.28823,2022/04/07 23:00:00+00,Fri 08 Apr 2022,267,421,2,3838766,3781579,240836,4079602,4022415,86.6358583849713,85.4214152031459,179
-7.6926,53.28823,2021/12/13 00:00:00+00,Mon 13 Dec 2021,727,1067,1,3673133,3614680,240779,3913912,3855459,83.1172074538741,81.8758790521877,180
-7.6926,53.28823,2021/05/24 23:00:00+00,Tue 25 May 2021,30343,16497,3223,1882846,766447,52507,1935353,818954,41.0998348449014,17.3915942701778,181
-7.6926,53.28823,2021/01/17 00:00:00+00,Sun 17 Jan 2021,1113,4,0,102227,107,3,102230,110,2.17099212195102,0.00233599856612161,182
-7.6926,53.28823,2022/04/08 23:00:00+00,Sat 09 Apr 2022,561,1018,0,3839327,3782597,240836,4080163,4023433,86.6477719776585,85.4430338080578,183
-7.6926,53.28823,2021/12/14 00:00:00+00,Tue 14 Dec 2021,629,1202,3,3673762,3615882,240782,3914544,3856664,83.130628827454,81.901468854662,184
-7.6926,53.28823,2021/05/25 23:00:00+00,Wed 26 May 2021,19974,25447,3054,1902820,791894,55561,1958381,847455,41.5888655265436,17.9968514986599,185
-7.6926,53.28823,2021/01/18 00:00:00+00,Mon 18 Jan 2021,8714,8,1,110941,115,4,110945,119,2.35606691743965,0.00252712572153156,186
-7.6926,53.28823,2022/04/09 23:00:00+00,Sun 10 Apr 2022,413,719,0,3839740,3783316,240836,4080576,4024152,86.6565425904568,85.45830274414,187
-7.6926,53.28823,2021/12/15 00:00:00+00,Wed 15 Dec 2021,797,1254,1,3674559,3617136,240783,3915342,3857919,83.1475754352337,81.9281204746664,188
-7.6926,53.28823,2021/05/26 23:00:00+00,Thu 27 May 2021,17011,36034,550,1919831,827928,56111,1975942,884039,41.9617970794496,18.7737621490507,189
-7.6926,53.28823,2021/01/19 00:00:00+00,Tue 19 Jan 2021,8381,19,0,119322,134,4,119326,138,2.53404877182752,0.00293061638295256,190
-7.6926,53.28823,2022/04/10 23:00:00+00,Mon 11 Apr 2022,70,92,1,3839810,3783408,240837,4080647,4024245,86.6580503713494,85.4602777247459,191
-7.6926,53.28823,2021/12/16 00:00:00+00,Thu 16 Dec 2021,1056,1541,7,3675615,3618677,240790,3916405,3859467,83.1701496759227,81.9609943453969,192
-7.6926,53.28823,2021/05/27 23:00:00+00,Fri 28 May 2021,27041,31824,1558,1946872,859752,57669,2004541,917421,42.5691354702907,19.4826740048168,193
-7.6926,53.28823,2021/01/20 00:00:00+00,Wed 20 Jan 2021,8446,962,0,127768,1096,4,127772,1100,2.71341098900445,0.0233599856612161,194
-7.6926,53.28823,2022/04/11 23:00:00+00,Tue 12 Apr 2022,197,177,0,3840007,3783585,240837,4080844,4024422,86.6622339324179,85.4640365588023,195
-7.6926,53.28823,2022/04/12 23:00:00+00,Wed 13 Apr 2022,146,232,0,3840153,3783817,240837,4080990,4024654,86.6653344396056,85.4689633921417,196
-7.6926,53.28823,2022/04/13 23:00:00+00,Thu 14 Apr 2022,360,429,0,3840513,3784246,240837,4081350,4025083,86.672979525822,85.4780737865496,197
-7.6926,53.28823,2022/04/14 23:00:00+00,Fri 15 Apr 2022,448,990,0,3840961,3785236,240837,4081798,4026073,86.6824934108913,85.4990977736447,198
-7.6926,53.28823,2022/04/15 23:00:00+00,Sat 16 Apr 2022,42,88,0,3841003,3785324,240837,4081840,4026161,86.6833853376166,85.5009665724976,199
-7.6926,53.28823,2022/04/16 23:00:00+00,Sun 17 Apr 2022,1,0,0,3841004,3785324,240837,4081841,4026161,86.6834065739672,85.5009665724976,200
-7.6926,53.28823,2022/04/17 23:00:00+00,Mon 18 Apr 2022,36,61,1,3841040,3785385,240838,4081878,4026223,86.6841923189394,85.5022832262349,201
-7.6926,53.28823,2022/04/18 23:00:00+00,Tue 19 Apr 2022,219,269,1,3841259,3785654,240839,4082098,4026493,86.6888643160716,85.5080170408972,202
-7.6926,53.28823,2022/04/19 23:00:00+00,Wed 20 Apr 2022,251,606,0,3841510,3786260,240839,4082349,4027099,86.6941946400725,85.5208862693615,203
-7.6926,53.28823,2022/04/20 23:00:00+00,Thu 21 Apr 2022,172,236,0,3841682,3786496,240839,4082521,4027335,86.6978472923759,85.5258980481033,204
-7.6926,53.28823,2022/04/21 23:00:00+00,Fri 22 Apr 2022,198,254,0,3841880,3786750,240839,4082719,4027589,86.7020520897949,85.531292081156,205
-7.6926,53.28823,2022/04/22 23:00:00+00,Sat 23 Apr 2022,324,1010,0,3842204,3787760,240839,4083043,4028599,86.7089326673897,85.5527407952631,206
-7.6926,53.28823,2022/04/23 23:00:00+00,Sun 24 Apr 2022,181,253,0,3842385,3788013,240839,4083224,4028852,86.7127764468485,85.5581135919652,207
-7.6926,53.28823,2022/04/24 23:00:00+00,Mon 25 Apr 2022,42,58,0,3842427,3788071,240839,4083266,4028910,86.7136683735737,85.5593453003001,208
-7.6926,53.28823,2022/04/25 23:00:00+00,Tue 26 Apr 2022,145,238,0,3842572,3788309,240839,4083411,4029148,86.7167476444109,85.5643995517431,209
-7.6926,53.28823,2022/04/26 23:00:00+00,Wed 27 Apr 2022,122,208,0,3842694,3788517,240839,4083533,4029356,86.7193384791842,85.5688167126681,210
-7.6926,53.28823,2022/04/27 23:00:00+00,Thu 28 Apr 2022,104,129,0,3842798,3788646,240839,4083637,4029485,86.7215470596468,85.5715562018957,211
-7.6926,53.28823,2022/04/28 23:00:00+00,Fri 29 Apr 2022,172,222,0,3842970,3788868,240839,4083809,4029707,86.7251997119501,85.5762706717291,212
-7.6926,53.28823,2022/04/29 23:00:00+00,Sat 30 Apr 2022,281,723,0,3843251,3789591,240839,4084090,4030430,86.7311671264691,85.5916245532137,213
-7.6926,53.28823,2022/04/30 23:00:00+00,Sun 01 May 2022,187,746,0,3843438,3790337,240839,4084277,4031176,86.7351383240315,85.6074668707622,214
-7.6926,53.28823,2022/05/01 23:00:00+00,Mon 02 May 2022,13,26,0,3843451,3790363,240839,4084290,4031202,86.7354143965893,85.6080190158778,215
-7.6926,53.28823,2022/05/02 23:00:00+00,Tue 03 May 2022,101,117,0,3843552,3790480,240839,4084391,4031319,86.737559268,85.6105036688981,216
-7.6926,53.28823,2022/05/03 23:00:00+00,Wed 04 May 2022,119,129,0,3843671,3790609,240839,4084510,4031448,86.7400863937215,85.6132431581257,217
-7.6926,53.28823,2022/05/04 23:00:00+00,Thu 05 May 2022,117,164,0,3843788,3790773,240839,4084627,4031612,86.7425710467418,85.6167259196242,218
-7.6926,53.28823,2022/05/05 23:00:00+00,Fri 06 May 2022,141,257,0,3843929,3791030,240839,4084768,4031869,86.7455653721766,85.6221836617287,219
-7.6926,53.28823,2022/05/06 23:00:00+00,Sat 07 May 2022,440,1087,0,3844369,3792117,240839,4085208,4032956,86.7549093664411,85.6452675748321,220
-7.6926,53.28823,2022/05/07 23:00:00+00,Sun 08 May 2022,275,437,0,3844644,3792554,240839,4085483,4033393,86.7607493628564,85.6545478600448,221
-7.6926,53.28823,2022/05/08 23:00:00+00,Mon 09 May 2022,27,32,0,3844671,3792586,240839,4085510,4033425,86.7613227443226,85.655227423264,222
-7.6926,53.28823,2022/05/09 23:00:00+00,Tue 10 May 2022,90,99,1,3844761,3792685,240840,4085601,4033525,86.7632552522273,85.6573510583242,223
-7.6926,53.28823,2022/05/10 23:00:00+00,Wed 11 May 2022,126,132,0,3844887,3792817,240840,4085727,4033657,86.7659310324031,85.6601542566035,224
-7.6926,53.28823,2022/05/11 23:00:00+00,Thu 12 May 2022,250,396,0,3845137,3793213,240840,4085977,4034053,86.7712401200533,85.6685638514415,225
-7.6926,53.28823,2022/05/12 23:00:00+00,Fri 13 May 2022,183,326,0,3845320,3793539,240840,4086160,4034379,86.7751263722133,85.6754869017375,226
-7.6926,53.28823,2022/05/13 23:00:00+00,Sat 14 May 2022,334,632,0,3845654,3794171,240840,4086494,4035011,86.7822193133141,85.6889082753174,227
-7.6926,53.28823,2022/05/14 23:00:00+00,Sun 15 May 2022,169,254,0,3845823,3794425,240840,4086663,4035265,86.7858082565657,85.6943023083701,228
-7.6926,53.28823,2022/05/15 23:00:00+00,Mon 16 May 2022,32,40,0,3845855,3794465,240840,4086695,4035305,86.7864878197849,85.6951517623941,229
-7.6926,53.28823,2022/05/16 23:00:00+00,Tue 17 May 2022,103,96,0,3845958,3794561,240840,4086798,4035401,86.7886751638968,85.6971904520518,230
-7.6926,53.28823,2022/05/17 23:00:00+00,Wed 18 May 2022,105,121,0,3846063,3794682,240840,4086903,4035522,86.79090498071,85.6997600504746,231
-7.6926,53.28823,2022/05/18 23:00:00+00,Thu 19 May 2022,101,104,0,3846164,3794786,240840,4087004,4035626,86.7930498521207,85.7019686309371,232
-7.6926,53.28823,2022/05/19 23:00:00+00,Fri 20 May 2022,130,208,0,3846294,3794994,240840,4087134,4035834,86.7958105776988,85.7063857918621,233
-7.6926,53.28823,2022/05/20 23:00:00+00,Sat 21 May 2022,393,761,0,3846687,3795755,240840,4087527,4036595,86.804156463485,85.7225466546695,234
-7.6926,53.28823,2022/05/21 23:00:00+00,Sun 22 May 2022,233,409,0,3846920,3796164,240840,4087760,4037004,86.8091045331751,85.7312323220654,235
-7.6926,53.28823,2022/05/22 23:00:00+00,Mon 23 May 2022,30,35,0,3846950,3796199,240840,4087790,4037039,86.8097416236931,85.7319755943364,236
-7.6926,53.28823,2022/05/23 23:00:00+00,Tue 24 May 2022,79,83,0,3847029,3796282,240840,4087869,4037122,86.8114192953906,85.7337382114363,237
-7.6926,53.28823,2022/05/24 23:00:00+00,Wed 25 May 2022,89,133,0,3847118,3796415,240840,4087958,4037255,86.8133093305941,85.7365626460663,238
-7.6926,53.28823,2022/05/25 23:00:00+00,Thu 26 May 2022,136,155,0,3847254,3796570,240840,4088094,4037410,86.8161974742759,85.7398542804094,239
-7.6926,53.28823,2022/05/26 23:00:00+00,Fri 27 May 2022,98,151,0,3847352,3796721,240840,4088192,4037561,86.8182786366348,85.7430609693502,240
-7.6926,53.28823,2022/05/27 23:00:00+00,Sat 28 May 2022,335,578,0,3847687,3797299,240840,4088527,4038139,86.8253928140862,85.7553355799976,241
-7.6926,53.28823,2022/05/28 23:00:00+00,Sun 29 May 2022,181,348,0,3847868,3797647,240840,4088708,4038487,86.829236593545,85.7627258300068,242
-7.6926,53.28823,2022/05/29 23:00:00+00,Mon 30 May 2022,14,21,0,3847882,3797668,240840,4088722,4038508,86.8295339024534,85.7631717933695,243
-7.6926,53.28823,2022/05/30 23:00:00+00,Tue 31 May 2022,67,79,1,3847949,3797747,240841,4088790,4038588,86.8309779742942,85.7648707014175,244
-7.6926,53.28823,2022/05/31 23:00:00+00,Wed 01 Jun 2022,72,100,0,3848021,3797847,240841,4088862,4038688,86.8325069915375,85.7669943364777,245
-7.6926,53.28823,2022/06/01 23:00:00+00,Thu 02 Jun 2022,121,138,0,3848142,3797985,240841,4088983,4038826,86.8350765899603,85.7699249528606,246
-7.6926,53.28823,2022/06/02 23:00:00+00,Fri 03 Jun 2022,65,144,0,3848207,3798129,240841,4089048,4038970,86.8364569527493,85.7729829873472,247
-7.6926,53.28823,2022/06/03 23:00:00+00,Sat 04 Jun 2022,306,606,0,3848513,3798735,240841,4089354,4039576,86.8429552760333,85.7858522158114,248
-7.6926,53.28823,2022/06/04 23:00:00+00,Sun 05 Jun 2022,142,273,0,3848655,3799008,240841,4089496,4039849,86.8459708378186,85.7916497395255,249
-7.6926,53.28823,2022/06/05 23:00:00+00,Mon 06 Jun 2022,3,6,0,3848658,3799014,240841,4089499,4039855,86.8460345468704,85.7917771576291,250
-7.6926,53.28823,2022/06/06 23:00:00+00,Tue 07 Jun 2022,29,50,0,3848687,3799064,240841,4089528,4039905,86.8466504010379,85.7928389751592,251
-7.6926,53.28823,2022/06/07 23:00:00+00,Wed 08 Jun 2022,41,76,0,3848728,3799140,240841,4089569,4039981,86.8475210914125,85.7944529378049,252
-7.6926,53.28823,2022/06/08 23:00:00+00,Thu 09 Jun 2022,83,123,0,3848811,3799263,240841,4089652,4040104,86.8492837085124,85.7970650089288,253
-7.6926,53.28823,2022/06/09 23:00:00+00,Fri 10 Jun 2022,58,108,0,3848869,3799371,240841,4089710,4040212,86.8505154168473,85.7993585347937,254
-7.6926,53.28823,2022/06/10 23:00:00+00,Sat 11 Jun 2022,191,559,0,3849060,3799930,240841,4089901,4040771,86.8545715598121,85.8112296547798,255
-7.6926,53.28823,2022/06/11 23:00:00+00,Sun 12 Jun 2022,143,287,0,3849203,3800217,240841,4090044,4041058,86.857608357948,85.8173244874023,256
-7.6926,53.28823,2022/06/12 23:00:00+00,Mon 13 Jun 2022,20,45,0,3849223,3800262,240841,4090064,4041103,86.8580330849601,85.8182801231793,257
-7.6926,53.28823,2022/06/13 23:00:00+00,Tue 14 Jun 2022,39,53,0,3849262,3800315,240841,4090103,4041156,86.8588613026335,85.8194056497612,258
-7.6926,53.28823,2022/06/14 23:00:00+00,Wed 15 Jun 2022,70,122,0,3849332,3800437,240841,4090173,4041278,86.8603478471756,85.8219964845345,259
-7.6926,53.28823,2022/06/15 23:00:00+00,Thu 16 Jun 2022,82,85,0,3849414,3800522,240841,4090255,4041363,86.8620892279249,85.8238015743356,260
-7.6926,53.28823,2022/06/16 23:00:00+00,Fri 17 Jun 2022,63,93,0,3849477,3800615,240841,4090318,4041456,86.8634271180127,85.8257765549415,261
-7.6926,53.28823,2022/06/17 23:00:00+00,Sat 18 Jun 2022,224,487,0,3849701,3801102,240841,4090542,4041943,86.8681840605474,85.8361186576843,262
-7.6926,53.28823,2022/06/18 23:00:00+00,Sun 19 Jun 2022,78,129,0,3849779,3801231,240841,4090620,4042072,86.8698404958943,85.8388581469118,263
-7.6926,53.28823,2022/06/19 23:00:00+00,Mon 20 Jun 2022,8,27,0,3849787,3801258,240841,4090628,4042099,86.8700103866991,85.839431528378,264
-7.6926,53.28823,2022/06/20 23:00:00+00,Tue 21 Jun 2022,79,167,1,3849866,3801425,240842,4090708,4042267,86.8717092947472,85.842999235279,265
-7.6926,53.28823,2022/06/21 23:00:00+00,Wed 22 Jun 2022,61,95,0,3849927,3801520,240842,4090769,4042362,86.8730047121338,85.8450166885861,266
-7.6926,53.28823,2022/06/22 23:00:00+00,Thu 23 Jun 2022,67,111,0,3849994,3801631,240842,4090836,4042473,86.8744275476241,85.8473739235028,267
-7.6926,53.28823,2022/06/23 23:00:00+00,Fri 24 Jun 2022,58,89,1,3850052,3801720,240843,4090895,4042563,86.8756804923096,85.849285195057,268
-7.6926,53.28823,2022/06/24 23:00:00+00,Sat 25 Jun 2022,209,291,0,3850261,3802011,240843,4091104,4042854,86.8801188895852,85.8554649730819,269
-7.6926,53.28823,2022/06/25 23:00:00+00,Sun 26 Jun 2022,175,403,0,3850436,3802414,240843,4091279,4043257,86.8838352509404,85.8640232223741,270
-7.6926,53.28823,2022/06/26 23:00:00+00,Mon 27 Jun 2022,2,32,0,3850438,3802446,240843,4091281,4043289,86.8838777236416,85.8647027855934,271
-7.6926,53.28823,2022/06/27 23:00:00+00,Tue 28 Jun 2022,49,59,0,3850487,3802505,240843,4091330,4043348,86.8849183048211,85.8659557302788,272
-7.6926,53.28823,2022/06/28 23:00:00+00,Wed 29 Jun 2022,66,81,3,3850553,3802586,240846,4091399,4043432,86.8863836130125,85.8677395837293,273
-7.6926,53.28823,2022/06/29 23:00:00+00,Thu 30 Jun 2022,70,86,0,3850623,3802672,240846,4091469,4043518,86.8878701575546,85.869565909881,274
-7.6926,53.28823,2022/06/30 23:00:00+00,Fri 01 Jul 2022,49,62,0,3850672,3802734,240846,4091518,4043580,86.8889107387341,85.8708825636183,275
-7.6926,53.28823,2022/07/01 23:00:00+00,Sat 02 Jul 2022,182,227,0,3850854,3802961,240846,4091700,4043807,86.8927757545435,85.8757032152047,276
-7.6926,53.28823,2022/07/02 23:00:00+00,Sun 03 Jul 2022,107,272,0,3850961,3803233,240846,4091807,4044079,86.8950480440578,85.8814795025682,277
-7.6926,53.28823,2022/07/03 23:00:00+00,Mon 04 Jul 2022,14,14,0,3850975,3803247,240846,4091821,4044093,86.8953453529662,85.8817768114766,278
-7.6926,53.28823,2022/07/04 23:00:00+00,Tue 05 Jul 2022,55,68,0,3851030,3803315,240846,4091876,4044161,86.8965133522493,85.8832208833175,279
-7.6926,53.28823,2022/07/05 23:00:00+00,Wed 06 Jul 2022,62,81,0,3851092,3803396,240846,4091938,4044242,86.8978300059865,85.8849410277162,280
-7.6926,53.28823,2022/07/06 23:00:00+00,Thu 07 Jul 2022,76,72,0,3851168,3803468,240846,4092014,4044314,86.8994439686322,85.8864700449595,281
-7.6926,53.28823,2022/07/07 23:00:00+00,Fri 08 Jul 2022,102,88,0,3851270,3803556,240846,4092116,4044402,86.9016100763935,85.8883388438124,282
-7.6926,53.28823,2022/07/08 23:00:00+00,Sat 09 Jul 2022,118,141,0,3851388,3803697,240846,4092234,4044543,86.9041159657644,85.8913331692471,283
-7.6926,53.28823,2022/07/09 23:00:00+00,Sun 10 Jul 2022,132,218,0,3851520,3803915,240846,4092366,4044761,86.9069191640438,85.8959626936782,284
-7.6926,53.28823,2022/07/10 23:00:00+00,Mon 11 Jul 2022,10,13,0,3851530,3803928,240846,4092376,4044774,86.9071315275498,85.896238766236,285
-7.6926,53.28823,2022/07/11 23:00:00+00,Tue 12 Jul 2022,44,80,0,3851574,3804008,240846,4092420,4044854,86.9080659269763,85.8979376742841,286
-7.6926,53.28823,2022/07/12 23:00:00+00,Wed 13 Jul 2022,97,71,0,3851671,3804079,240846,4092517,4044925,86.9101258529846,85.8994454551767,287
-7.6926,53.28823,2022/07/13 23:00:00+00,Thu 14 Jul 2022,41,34,0,3851712,3804113,240846,4092558,4044959,86.9109965433592,85.9001674910972,288
-7.6926,53.28823,2022/07/14 23:00:00+00,Fri 15 Jul 2022,80,111,1,3851792,3804224,240847,4092639,4045071,86.9127166877579,85.9025459623645,289
-7.6926,53.28823,2022/07/15 23:00:00+00,Sat 16 Jul 2022,124,206,0,3851916,3804430,240847,4092763,4045277,86.9153499952324,85.9069206505883,290
-7.6926,53.28823,2022/07/16 23:00:00+00,Sun 17 Jul 2022,119,165,0,3852035,3804595,240847,4092882,4045442,86.917877120954,85.9104246484375,291
-7.6926,53.28823,2022/07/17 23:00:00+00,Mon 18 Jul 2022,9,16,0,3852044,3804611,240847,4092891,4045458,86.9180682481094,85.9107644300471,292
-7.6926,53.28823,2022/07/18 23:00:00+00,Tue 19 Jul 2022,29,31,0,3852073,3804642,240847,4092920,4045489,86.9186841022768,85.9114227569158,293
-7.6926,53.28823,2022/07/19 23:00:00+00,Wed 20 Jul 2022,69,63,0,3852142,3804705,240847,4092989,4045552,86.9201494104683,85.9127606470037,294
-7.6926,53.28823,2022/07/20 23:00:00+00,Thu 21 Jul 2022,45,27,0,3852187,3804732,240847,4093034,4045579,86.9211050462453,85.9133340284699,295
-7.6926,53.28823,2022/07/21 23:00:00+00,Fri 22 Jul 2022,71,66,0,3852258,3804798,240847,4093105,4045645,86.922612827138,85.9147356276095,296
-7.6926,53.28823,2022/07/22 23:00:00+00,Sat 23 Jul 2022,98,171,0,3852356,3804969,240847,4093203,4045816,86.9246939894969,85.9183670435623,297
-7.6926,53.28823,2022/07/23 23:00:00+00,Sun 24 Jul 2022,106,232,0,3852462,3805201,240847,4093309,4046048,86.9269450426606,85.9232938769018,298
-7.6926,53.28823,2021/12/17 00:00:00+00,Fri 17 Dec 2021,1215,2457,1,3676830,3621134,240791,3917621,3861925,83.1959730782536,82.0131932951744,299
-7.6926,53.28823,2021/12/18 00:00:00+00,Sat 18 Dec 2021,1257,1184,0,3678087,3622318,240791,3918878,3863109,83.2226671709592,82.0383371342862,300
-7.6926,53.28823,2021/05/28 23:00:00+00,Sat 29 May 2021,24476,7386,534,1971348,867138,58203,2029551,925341,43.1002565988243,19.6508659015776,301
-7.6926,53.28823,2021/01/21 00:00:00+00,Thu 21 Jan 2021,9006,962,0,136774,2058,4,136778,2062,2.90466556251801,0.0437893549394796,302
-7.6926,53.28823,2021/12/19 00:00:00+00,Sun 19 Dec 2021,551,888,1,3678638,3623206,240792,3919430,3863998,83.234389636491,82.0572162499705,303
-7.6926,53.28823,2021/05/29 23:00:00+00,Sun 30 May 2021,24248,1676,209,1995596,868814,58412,2054008,927226,43.6196340254755,19.6908964224607,304
-7.6926,53.28823,2021/01/22 00:00:00+00,Fri 22 Jan 2021,6781,967,0,143555,3025,4,143559,3029,3.04866925594411,0.0643249059707486,305
-7.6926,53.28823,2021/12/20 00:00:00+00,Mon 20 Dec 2021,526,614,0,3679164,3623820,240792,3919956,3864612,83.2455599569072,82.0702553692396,306
-7.6926,53.28823,2021/05/30 23:00:00+00,Mon 31 May 2021,22585,7320,3443,2018181,876134,61855,2080036,937989,44.1723737589211,19.9194632639804,307
-7.6926,53.28823,2021/01/23 00:00:00+00,Sat 23 Jan 2021,4186,460,0,147741,3485,4,147745,3489,3.13756461956034,0.0740936272472572,308
-7.6926,53.28823,2021/12/21 00:00:00+00,Tue 21 Dec 2021,1444,1815,3,3680608,3625635,240795,3921403,3866430,83.276288956227,82.1088630546324,309
-7.6926,53.28823,2021/05/31 23:00:00+00,Tue 01 Jun 2021,27559,11512,3653,2045740,887646,65508,2111248,953154,44.8352027338828,20.2415125208461,310
-7.6926,53.28823,2021/01/24 00:00:00+00,Sun 24 Jan 2021,1182,398,0,148923,3883,4,148927,3887,3.16266598597084,0.0825456947864972,311
-7.6926,53.28823,2021/12/22 00:00:00+00,Wed 22 Dec 2021,1198,1592,2,3681806,3627227,240797,3922603,3868024,83.3017725769483,82.1427137974906,312
-7.6926,53.28823,2021/06/01 23:00:00+00,Wed 02 Jun 2021,18693,20897,4008,2064433,908543,69516,2133949,978059,45.3172891288785,20.7704038325667,313
-7.6926,53.28823,2021/01/25 00:00:00+00,Mon 25 Jan 2021,1359,1289,0,150282,5172,4,150286,5176,3.19152618643774,0.109919350711322,314
-7.6926,53.28823,2021/12/23 00:00:00+00,Thu 23 Dec 2021,953,1388,0,3682759,3628615,240797,3923556,3869412,83.3220108190712,82.1721898521249,315
-7.6926,53.28823,2021/06/02 23:00:00+00,Thu 03 Jun 2021,16690,30703,1977,2081123,939246,71493,2152616,1010739,45.7137080855494,21.4644077702108,316
-7.6926,53.28823,2021/01/26 00:00:00+00,Tue 26 Jan 2021,1002,3500,0,151284,8672,4,151288,8676,3.21280500974005,0.184246577815191,317
-7.6926,53.28823,2021/12/24 00:00:00+00,Fri 24 Dec 2021,104,155,0,3682863,3628770,240797,3923660,3869567,83.3242193995337,82.1754814864681,318
-7.6926,53.28823,2021/06/03 23:00:00+00,Fri 04 Jun 2021,28978,23341,153,2110101,962587,71646,2181747,1034233,46.3323442149102,21.9633345912332,319
-7.6926,53.28823,2021/01/27 00:00:00+00,Wed 27 Jan 2021,2177,6700,0,153461,15372,4,153465,15376,3.25903654499866,0.326530126842599,320
-7.6926,53.28823,2021/12/25 00:00:00+00,Sat 25 Dec 2021,1,5,0,3682864,3628775,240797,3923661,3869572,83.3242406358843,82.1755876682211,321
-7.6926,53.28823,2021/06/04 23:00:00+00,Sat 05 Jun 2021,20961,11492,33,2131062,974079,71679,2202741,1045758,46.7781801594298,22.2080835319109,322
-7.6926,53.28823,2021/01/28 00:00:00+00,Thu 28 Jan 2021,1009,11541,0,154470,26913,4,154474,26917,3.28046402275517,0.571618849129957,323
-7.6926,53.28823,2021/12/26 00:00:00+00,Sun 26 Dec 2021,11,10,0,3682875,3628785,240797,3923672,3869582,83.3244742357409,82.1758000317271,324
-7.6926,53.28823,2021/06/05 23:00:00+00,Sun 06 Jun 2021,19943,3907,46,2151005,977986,71725,2222730,1049711,47.2026735715953,22.2920308258371,325
-7.6926,53.28823,2021/01/29 00:00:00+00,Fri 29 Jan 2021,1577,11526,0,156047,38439,4,156051,38443,3.31395374765312,0.8163890261583,326
-7.6926,53.28823,2021/12/27 00:00:00+00,Mon 27 Dec 2021,390,587,0,3683265,3629372,240797,3924062,3870169,83.3327564124753,82.1882657695299,327
-7.6926,53.28823,2021/06/06 23:00:00+00,Mon 07 Jun 2021,19813,4589,45,2170818,982575,71770,2242588,1054345,47.624385021832,22.3904400745226,328
-7.6926,53.28823,2021/01/30 00:00:00+00,Sat 30 Jan 2021,641,7793,0,156688,46232,4,156692,46236,3.32756624838843,0.981883906392715,329
-7.6926,53.28823,2021/12/28 00:00:00+00,Tue 28 Dec 2021,471,744,0,3683736,3630116,240797,3924533,3870913,83.3427587336085,82.2040656143772,330
-7.6926,53.28823,2021/06/07 23:00:00+00,Tue 08 Jun 2021,26402,18337,45,2197220,1000912,71815,2269035,1072727,48.1860227861795,22.7808066712721,331
-7.6926,53.28823,2021/01/31 00:00:00+00,Sun 31 Jan 2021,228,4086,0,156916,50318,4,156920,50322,3.33240813632548,1.06865563494883,332
-7.6926,53.28823,2021/12/29 00:00:00+00,Wed 29 Dec 2021,1074,1306,0,3684810,3631422,240797,3925607,3872219,83.365566574154,82.2318002882622,333
-7.6926,53.28823,2021/06/08 23:00:00+00,Wed 09 Jun 2021,32799,20108,174,2230019,1021020,71989,2302008,1093009,48.8862489745497,23.2115223341637,334
-7.6926,53.28823,2021/02/01 00:00:00+00,Mon 01 Feb 2021,1027,8334,1,157943,58652,5,157948,58657,3.35423910474342,1.24566061720905,335
-7.6926,53.28823,2021/12/30 00:00:00+00,Thu 30 Dec 2021,1064,1193,1,3685874,3632615,240798,3926672,3873413,83.3881832875442,82.25715649088,336
-7.6926,53.28823,2021/06/09 23:00:00+00,Thu 10 Jun 2021,27690,27487,272,2257709,1048507,72261,2329970,1120768,49.4800598100578,23.8010221904998,337
-7.6926,53.28823,2021/02/02 00:00:00+00,Tue 02 Feb 2021,828,5109,0,158771,63761,5,158776,63766,3.37182280304113,1.35415713243009,338
-7.6926,53.28823,2021/02/03 00:00:00+00,Wed 03 Feb 2021,1400,6865,0,160171,70626,5,160176,70631,3.40155369388268,1.49994467930668,339
-7.6926,53.28823,2021/02/04 00:00:00+00,Thu 04 Feb 2021,1434,10541,1,161605,81167,6,161611,81173,3.43202785699526,1.72381828734354,340
-7.6926,53.28823,2021/02/05 00:00:00+00,Fri 05 Feb 2021,3393,8614,0,164998,89781,6,165004,89787,3.50408279458482,1.90674821142146,341
-7.6926,53.28823,2021/02/06 00:00:00+00,Sat 06 Feb 2021,900,3869,0,165898,93650,6,165904,93656,3.52319551012581,1.98891165189714,342
-7.6926,53.28823,2021/02/07 00:00:00+00,Sun 07 Feb 2021,331,1300,2,166229,94950,8,166237,94958,3.53026721487598,2.01656138037978,343
-7.6926,53.28823,2021/02/08 00:00:00+00,Mon 08 Feb 2021,1185,879,0,167414,95829,8,167422,95837,3.55543229033829,2.03522813255815,344
-7.6926,53.28823,2021/02/09 00:00:00+00,Tue 09 Feb 2021,4262,543,3,171676,96372,11,171687,96383,3.646005325652,2.04682317998635,345
-7.6926,53.28823,2021/02/10 00:00:00+00,Wed 10 Feb 2021,8825,579,0,180501,96951,11,180512,96962,3.83341611970676,2.05911902698439,346
-7.6926,53.28823,2021/02/11 00:00:00+00,Thu 11 Feb 2021,6184,445,0,186685,97396,11,186696,97407,3.964741711824,2.06856920300189,347
-7.6926,53.28823,2021/02/12 00:00:00+00,Fri 12 Feb 2021,4395,524,0,191080,97920,11,191091,97931,4.05807547271586,2.07969705071686,348
-7.6926,53.28823,2021/02/13 00:00:00+00,Sat 13 Feb 2021,1209,1914,0,192289,99834,11,192300,99845,4.08375022059259,2.12034342576738,349
-7.6926,53.28823,2021/02/14 00:00:00+00,Sun 14 Feb 2021,2700,27,0,194989,99861,11,195000,99872,4.14108836721558,2.12091680723361,350
-7.6926,53.28823,2021/02/15 00:00:00+00,Mon 15 Feb 2021,1965,7889,0,196954,107750,11,196965,107761,4.18281779614675,2.28845037712573,351
-7.6926,53.28823,2021/02/16 00:00:00+00,Tue 16 Feb 2021,5650,8160,0,202604,115910,11,202615,115921,4.302803177043,2.46173899803075,352
-7.6926,53.28823,2021/02/17 00:00:00+00,Wed 17 Feb 2021,9745,8465,0,212349,124375,11,212360,124386,4.50975141365077,2.64150470586911,353
-7.6926,53.28823,2021/02/18 00:00:00+00,Thu 18 Feb 2021,8463,8354,1,220812,132729,12,220824,132741,4.68949588513853,2.81893441514135,354
-7.6926,53.28823,2021/02/19 00:00:00+00,Fri 19 Feb 2021,9386,6582,0,230198,139311,12,230210,139323,4.8888202718805,2.95871207479782,355
-7.6926,53.28823,2021/02/20 00:00:00+00,Sat 20 Feb 2021,5886,3569,2,236084,142880,14,236098,142894,5.01385990421981,3.03454708279437,356
-7.6926,53.28823,2021/02/21 00:00:00+00,Sun 21 Feb 2021,1112,1024,6,237196,143904,20,237216,143924,5.03760214419185,3.05642052391351,357
-7.6926,53.28823,2021/02/22 00:00:00+00,Mon 22 Feb 2021,3943,1122,1,241139,145026,21,241160,145047,5.12135831096261,3.08026894563855,358
-7.6926,53.28823,2021/02/23 00:00:00+00,Tue 23 Feb 2021,13362,1066,1,254501,146092,22,254523,146114,5.40513966404518,3.10292813172993,359
-7.6926,53.28823,2021/02/24 00:00:00+00,Wed 24 Feb 2021,16937,2104,3,271438,148196,25,271463,148221,5.76488344322791,3.14767312244646,360
-7.6926,53.28823,2021/02/25 00:00:00+00,Thu 25 Feb 2021,18092,1757,2,289530,149953,27,289557,149980,6.14913397100431,3.18502786315381,361
-7.6926,53.28823,2021/02/26 00:00:00+00,Fri 26 Feb 2021,16078,2769,0,305608,152722,27,305635,152749,6.49057201596889,3.24383131796827,362
-7.6926,53.28823,2021/02/27 00:00:00+00,Sat 27 Feb 2021,8995,704,1,314603,153426,28,314631,153454,6.68161422597643,3.25880294514205,363
-7.6926,53.28823,2021/02/28 00:00:00+00,Sun 28 Feb 2021,2444,57,2,317047,153483,30,317077,153513,6.73355833954674,3.26005588982751,364
-7.6926,53.28823,2021/03/01 00:00:00+00,Mon 01 Mar 2021,5598,793,0,322645,154276,30,322675,154306,6.85243943021172,3.27689631585419,365
-7.6926,53.28823,2021/03/02 00:00:00+00,Tue 02 Mar 2021,12178,1611,0,334823,155887,30,334853,155917,7.11105570783199,3.31110807667257,366
-7.6926,53.28823,2021/03/03 00:00:00+00,Wed 03 Mar 2021,12911,1505,1,347734,157392,31,347765,157423,7.38525946679346,3.34309002067783,367
-7.6926,53.28823,2021/03/04 00:00:00+00,Thu 04 Mar 2021,18739,1690,5,366473,159082,36,366509,159118,7.78331362246058,3.37908563494671,368
-7.6926,53.28823,2021/03/05 00:00:00+00,Fri 05 Mar 2021,18447,2396,6,384920,161478,42,384962,161520,8.17518800010278,3.43009534909056,369
-7.6926,53.28823,2021/03/06 00:00:00+00,Sat 06 Mar 2021,10397,140,4,395317,161618,46,395363,161664,8.39606728270488,3.43315338357712,370
-7.6926,53.28823,2021/03/07 00:00:00+00,Sun 07 Mar 2021,1521,13,3,396838,161631,49,396887,161680,8.42843148102097,3.43349316518674,371
-7.6926,53.28823,2021/03/08 00:00:00+00,Mon 08 Mar 2021,6667,1497,5,403505,163128,54,403559,163182,8.57012041223154,3.4653901637896,372
-7.6926,53.28823,2021/03/09 00:00:00+00,Tue 09 Mar 2021,13826,3105,6,417331,166233,60,417391,166293,8.86386161374604,3.53145645050964,373
-7.6926,53.28823,2021/03/10 00:00:00+00,Wed 10 Mar 2021,13735,3990,3,431066,170223,63,431129,170286,9.15560659830402,3.61625319845985,374
-7.6926,53.28823,2021/03/11 00:00:00+00,Thu 11 Mar 2021,18480,2101,3,449546,172324,66,449612,172390,9.54811806646426,3.66093448012458,375
-7.6926,53.28823,2021/03/12 00:00:00+00,Fri 12 Mar 2021,17330,1338,4,466876,173662,70,466946,173732,9.91622896778382,3.68943366263126,376
-7.6926,53.28823,2021/03/13 00:00:00+00,Sat 13 Mar 2021,8307,174,0,475183,173836,70,475253,173906,10.0926393322272,3.69312878763586,377
-7.6926,53.28823,2021/03/14 00:00:00+00,Sun 14 Mar 2021,383,20,2,475566,173856,72,475638,173928,10.1008153272086,3.69359598734908,378
-7.6926,53.28823,2021/03/15 00:00:00+00,Mon 15 Mar 2021,2654,992,0,478220,174848,72,478292,174920,10.157176601704,3.71466244714538,379
-7.6926,53.28823,2021/03/16 00:00:00+00,Tue 16 Mar 2021,8943,3823,2,487163,178671,74,487237,178745,10.3471357578309,3.79589148819461,380
-7.6926,53.28823,2021/03/17 00:00:00+00,Wed 17 Mar 2021,4899,2415,6,492062,181086,80,492142,181166,10.4513000575293,3.84730469299988,381
-7.6926,53.28823,2021/03/18 00:00:00+00,Thu 18 Mar 2021,11730,4682,5,503792,185768,85,503877,185853,10.7005086318332,3.94683946826726,382
-7.6926,53.28823,2021/03/19 00:00:00+00,Fri 19 Mar 2021,10368,6132,2,514160,191900,87,514247,191987,10.9207295875667,4.07710324285445,383
-7.6926,53.28823,2021/03/20 00:00:00+00,Sat 20 Mar 2021,5242,3117,4,519402,195017,91,519493,195108,11.0321354828201,4.1433818930805,384
-7.6926,53.28823,2021/03/21 00:00:00+00,Sun 21 Mar 2021,3638,55,3,523040,195072,94,523134,195166,11.1094570353587,4.14461360141536,385
-7.6926,53.28823,2021/03/22 00:00:00+00,Mon 22 Mar 2021,7414,2406,1,530454,197478,95,530549,197573,11.2669245750659,4.19572949731222,386
-7.6926,53.28823,2021/03/23 00:00:00+00,Tue 23 Mar 2021,12565,7392,4,543019,204870,99,543118,204969,11.5338442657712,4.352793546358,387
-7.6926,53.28823,2021/03/24 00:00:00+00,Wed 24 Mar 2021,13625,9779,2,556644,214649,101,556745,214750,11.8232320154125,4.56050629158741,388
-7.6926,53.28823,2021/03/25 00:00:00+00,Thu 25 Mar 2021,20872,10225,3,577516,224874,104,577620,224978,12.2665408342106,4.77771168553552,389
-7.6926,53.28823,2021/03/26 00:00:00+00,Fri 26 Mar 2021,19699,9497,1,597215,234371,105,597320,234476,12.6848969410524,4.97941454354482,390
-7.6926,53.28823,2021/03/27 00:00:00+00,Sat 27 Mar 2021,11756,5353,3,608971,239724,108,609079,239832,12.9346151877708,5.09315643736434,391
-7.6926,53.28823,2021/03/28 00:00:00+00,Sun 28 Mar 2021,2492,483,0,611463,240207,108,611571,240315,12.9875361734687,5.10341359470467,392
-7.6926,53.28823,2021/03/28 23:00:00+00,Mon 29 Mar 2021,9273,3121,3,620736,243328,111,620847,243439,13.1845245616446,5.16975595398253,393
-7.6926,53.28823,2021/03/29 23:00:00+00,Tue 30 Mar 2021,13327,8668,4,634063,251996,115,634178,252111,13.4676263515079,5.35391758639531,394
-7.6926,53.28823,2021/03/30 23:00:00+00,Wed 31 Mar 2021,15838,10515,4,649901,262511,119,650020,262630,13.8040526177306,5.57730275836834,395
-7.6926,53.28823,2021/03/31 23:00:00+00,Thu 01 Apr 2021,19709,11578,8,669610,274089,127,669737,274216,14.2227697425326,5.82334711643275,396
-7.6926,53.28823,2021/04/01 23:00:00+00,Fri 02 Apr 2021,20141,13722,9,689751,287811,136,689887,287947,14.6506822071449,6.11494344653653,397
-7.6926,53.28823,2021/04/02 23:00:00+00,Sat 03 Apr 2021,7547,4636,6,697298,292447,142,697440,292589,14.811080363235,6.21352258602686,398
-7.6926,53.28823,2021/04/03 23:00:00+00,Sun 04 Apr 2021,3039,169,3,700337,292616,145,700482,292761,14.8756813417636,6.21717523833025,399
-7.6926,53.28823,2021/04/04 23:00:00+00,Mon 05 Apr 2021,3432,608,4,703769,293224,149,703918,293373,14.948649442429,6.23017188489813,400
-7.6926,53.28823,2021/04/05 23:00:00+00,Tue 06 Apr 2021,11992,8148,11,715761,301372,160,715921,301532,15.2035493586941,6.40343926945255,401
-7.6926,53.28823,2021/04/06 23:00:00+00,Wed 07 Apr 2021,18364,10470,11,734125,311842,171,734296,312013,15.5937673009894,6.62601746010274,402
-7.6926,53.28823,2021/04/07 23:00:00+00,Thu 08 Apr 2021,20180,10562,16,754305,322404,187,754492,322591,16.0226566377293,6.85065557676123,403
-7.6926,53.28823,2021/04/08 23:00:00+00,Fri 09 Apr 2021,20673,9157,16,774978,331561,203,775181,331764,16.4620154953156,7.04545662082517,404
-7.6926,53.28823,2021/04/09 23:00:00+00,Sat 10 Apr 2021,11176,4173,12,786154,335734,215,786369,335949,16.6996077858407,7.1343307480908,405
-7.6926,53.28823,2021/04/10 23:00:00+00,Sun 11 Apr 2021,2860,364,8,789014,336098,223,789237,336321,16.7605136393647,7.14223067051441,406
-7.6926,53.28823,2021/04/11 23:00:00+00,Mon 12 Apr 2021,7776,2795,13,796790,338893,236,797026,339129,16.9259235741967,7.20186234300231,407
-7.6926,53.28823,2021/04/12 23:00:00+00,Tue 13 Apr 2021,11513,8599,1,808303,347492,237,808540,347729,17.1704389150179,7.38449495817182,408
-7.6926,53.28823,2021/04/13 23:00:00+00,Wed 14 Apr 2021,20353,6596,2,828656,354088,239,828895,354327,17.6027048315034,7.52461239943792,409
-7.6926,53.28823,2021/04/14 23:00:00+00,Thu 15 Apr 2021,27128,10812,1,855784,364900,240,856024,365140,18.1788257869608,7.75424105848767,410
-7.6926,53.28823,2021/04/15 23:00:00+00,Fri 16 Apr 2021,27976,9835,1,883760,374735,241,884001,374976,18.7729551677279,7.96312180300014,411
-7.6926,53.28823,2021/04/16 23:00:00+00,Sat 17 Apr 2021,15845,4555,3,899605,379290,244,899849,379534,19.1095088520542,8.05991708903998,412
-7.6926,53.28823,2021/04/17 23:00:00+00,Sun 18 Apr 2021,1072,483,0,900677,379773,244,900921,380017,19.1322742198986,8.07017424638032,413
-7.6926,53.28823,2021/04/18 23:00:00+00,Mon 19 Apr 2021,6742,2258,0,907419,382031,244,907663,382275,19.2754496956512,8.11812592603761,414
-7.6926,53.28823,2021/04/19 23:00:00+00,Tue 20 Apr 2021,15086,7317,1,922505,389348,245,922750,389593,19.5958425171701,8.2735335397365,415
-7.6926,53.28823,2021/04/20 23:00:00+00,Wed 21 Apr 2021,26719,9881,4,949224,399229,249,949473,399478,20.1633415142835,8.48345486542843,416
-7.6926,53.28823,2021/06/10 23:00:00+00,Fri 11 Jun 2021,26438,32896,40,2284147,1081403,72301,2356448,1153704,50.0423559012739,24.5004626338978,417
-7.6926,53.28823,2021/06/11 23:00:00+00,Sat 12 Jun 2021,12212,19720,105,2296359,1101123,72406,2368765,1173529,50.3039240316277,24.9214732845648,418
-7.6926,53.28823,2021/12/31 00:00:00+00,Fri 31 Dec 2021,718,1679,0,3686592,3634294,240798,3927390,3875092,83.4034309872758,82.2928123235392,419
-7.6926,53.28823,2021/06/12 23:00:00+00,Sun 13 Jun 2021,8550,18173,833,2304909,1119296,73239,2378148,1192535,50.5031847093179,25.3250913640894,420
-7.6926,53.28823,2022/01/01 00:00:00+00,Sat 01 Jan 2022,66,98,0,3686658,3634392,240798,3927456,3875190,83.4048325864155,82.2948934858981,421
-7.6926,53.28823,2021/06/13 23:00:00+00,Mon 14 Jun 2021,16017,31302,50,2320926,1150598,73289,2394215,1223887,50.8443891544259,25.9908934281352,422
-7.6926,53.28823,2022/01/02 00:00:00+00,Sun 02 Jan 2022,270,627,0,3686928,3635019,240798,3927726,3875817,83.4105664010778,82.308208677725,423
-7.6926,53.28823,2021/06/14 23:00:00+00,Tue 15 Jun 2021,14695,41586,205,2335621,1192184,73494,2409115,1265678,51.1608107783823,26.878381756106,424
-7.6926,53.28823,2022/01/03 00:00:00+00,Mon 03 Jan 2022,3630,724,1,3690558,3635743,240799,3931357,3876542,83.4876755901104,82.3236050319108,425
-7.6926,53.28823,2021/06/15 23:00:00+00,Wed 16 Jun 2021,13468,48385,216,2349089,1240569,73710,2422799,1314279,51.4514090000078,27.9104896316704,426
-7.6926,53.28823,2022/01/04 00:00:00+00,Tue 04 Jan 2022,1192,778,0,3691750,3636521,240799,3932549,3877320,83.5129893200269,82.3401269126785,427
-7.6926,53.28823,2021/06/16 23:00:00+00,Thu 17 Jun 2021,21568,42688,534,2370657,1283257,74244,2444901,1357501,51.9207748209935,28.8283671773513,428
-7.6926,53.28823,2022/01/05 00:00:00+00,Wed 05 Jan 2022,2145,900,0,3693895,3637421,240799,3934694,3878220,83.5585412920663,82.3592396282195,429
-7.6926,53.28823,2021/06/17 23:00:00+00,Fri 18 Jun 2021,12016,50013,554,2382673,1333270,74798,2457471,1408068,52.1877157480494,29.9022257181974,430
-7.6926,53.28823,2022/01/06 00:00:00+00,Thu 06 Jan 2022,2461,1693,1,3696356,3639114,240800,3937156,3879914,83.6108251872462,82.3952140061377,431
-7.6926,53.28823,2021/06/18 23:00:00+00,Sat 19 Jun 2021,6317,32801,433,2388990,1366071,75231,2464221,1441302,52.3310611146068,30.6079945940746,432
-7.6926,53.28823,2022/01/07 00:00:00+00,Fri 07 Jan 2022,4857,784,2,3701213,3639898,240802,3942015,3880700,83.714012614817,82.4119057777102,433
-7.6926,53.28823,2022/01/08 00:00:00+00,Sat 08 Jan 2022,9791,738,2,3711004,3640636,240804,3951808,3881440,83.9219801962536,82.427620677155,434
-7.6926,53.28823,2022/01/09 00:00:00+00,Sun 09 Jan 2022,7115,664,0,3718119,3641300,240804,3958923,3882104,84.0730768307805,82.4417216139542,435
-7.6926,53.28823,2022/01/10 00:00:00+00,Mon 10 Jan 2022,6660,505,1,3724779,3641805,240805,3965584,3882610,84.2145321621344,82.4524672073583,436
-7.6926,53.28823,2022/01/11 00:00:00+00,Tue 11 Jan 2022,4780,1366,1,3729559,3643171,240806,3970365,3883977,84.3160631543583,82.48149729863,437
-7.6926,53.28823,2022/01/12 00:00:00+00,Wed 12 Jan 2022,7565,918,1,3737124,3644089,240807,3977931,3884896,84.4767373830063,82.5010135048324,438
-7.6926,53.28823,2022/01/13 00:00:00+00,Thu 13 Jan 2022,7327,815,0,3744451,3644904,240807,3985258,3885711,84.6323361238606,82.5183211305723,439
-7.6926,53.28823,2022/01/14 00:00:00+00,Fri 14 Jan 2022,10730,833,0,3755181,3645737,240807,3995988,3886544,84.8602021658104,82.5360110106231,440
-7.6926,53.28823,2022/01/15 00:00:00+00,Sat 15 Jan 2022,8358,652,2,3763539,3646389,240809,4004348,3887198,85.0377380568357,82.5498995839162,441
-7.6926,53.28823,2022/01/16 00:00:00+00,Sun 16 Jan 2022,6965,1215,1,3770504,3647604,240810,4011314,3888414,85.185670475123,82.5757229862471,442
-7.6926,53.28823,2022/01/17 00:00:00+00,Mon 17 Jan 2022,2567,559,0,3773071,3648163,240810,4013881,3888973,85.240184187116,82.5875941062331,443
-7.6926,53.28823,2022/01/18 00:00:00+00,Tue 18 Jan 2022,4057,447,3,3777128,3648610,240813,4017941,3889423,85.3264037705565,82.5971504640036,444
-7.6926,53.28823,2022/01/19 00:00:00+00,Wed 19 Jan 2022,3490,622,0,3780618,3649232,240813,4021431,3890045,85.4005186341544,82.6103594740775,445
-7.6926,53.28823,2022/01/20 00:00:00+00,Thu 20 Jan 2022,3699,934,0,3784317,3650166,240813,4025130,3890979,85.4790718950279,82.630194225539,446
-7.6926,53.28823,2022/01/21 00:00:00+00,Fri 21 Jan 2022,3258,976,0,3787575,3651142,240813,4028388,3891955,85.5482599252863,82.6509209037256,447
-7.6926,53.28823,2022/01/22 00:00:00+00,Sat 22 Jan 2022,4270,643,0,3791845,3651785,240813,4032658,3892598,85.638939142353,82.6645758771622,448
-7.6926,53.28823,2022/01/23 00:00:00+00,Sun 23 Jan 2022,3092,677,0,3794937,3652462,240813,4035750,3893275,85.7046019384116,82.6789528865191,449
-7.6926,53.28823,2022/01/24 00:00:00+00,Mon 24 Jan 2022,647,461,0,3795584,3652923,240813,4036397,3893736,85.7183418572505,82.6887428441462,450
-7.6926,53.28823,2022/01/25 00:00:00+00,Tue 25 Jan 2022,694,1838,0,3796278,3654761,240813,4037091,3895574,85.7330798845677,82.727775256551,451
-7.6926,53.28823,2022/01/26 00:00:00+00,Wed 26 Jan 2022,699,897,0,3796977,3655658,240813,4037790,3896471,85.7479240936379,82.7468242630402,452
-7.6926,53.28823,2022/01/27 00:00:00+00,Thu 27 Jan 2022,1275,1175,0,3798252,3656833,240813,4039065,3897646,85.7750004406543,82.7717769749965,453
-7.6926,53.28823,2022/01/28 00:00:00+00,Fri 28 Jan 2022,1031,3094,1,3799283,3659927,240814,4040097,3900741,85.7969163544746,82.837503480107,454
-7.6926,53.28823,2022/01/29 00:00:00+00,Sat 29 Jan 2022,2328,3444,0,3801611,3663371,240814,4042425,3904185,85.846354578674,82.9106414715772,455
-7.6926,53.28823,2022/01/30 00:00:00+00,Sun 30 Jan 2022,1637,7537,0,3803248,3670908,240814,4044062,3911722,85.881118484608,83.0706998460577,456
-7.6926,53.28823,2022/01/31 00:00:00+00,Mon 31 Jan 2022,481,1392,0,3803729,3672300,240814,4044543,3913114,85.8913331692471,83.1002608460944,457
-7.6926,53.28823,2022/02/01 00:00:00+00,Tue 01 Feb 2022,754,3416,1,3804483,3675716,240815,4045298,3916531,85.907366613951,83.1728254560984,458
-7.6926,53.28823,2022/02/02 00:00:00+00,Wed 02 Feb 2022,650,2996,0,3805133,3678712,240815,4045948,3919527,85.9211702418417,83.2364495624993,459
-7.6926,53.28823,2022/02/03 00:00:00+00,Thu 03 Feb 2022,905,2434,1,3806038,3681146,240816,4046854,3921962,85.9404103754863,83.288160076213,460
-7.6926,53.28823,2022/02/04 00:00:00+00,Fri 04 Feb 2022,1174,6522,0,3807212,3687668,240816,4048028,3928484,85.965341851092,83.4266635548334,461
-7.6926,53.28823,2022/02/05 00:00:00+00,Sat 05 Feb 2022,1777,5750,0,3808989,3693418,240816,4049805,3934234,86.0030788461101,83.5487725707898,462
-7.6926,53.28823,2022/02/06 00:00:00+00,Sun 06 Feb 2022,1408,7555,0,3810397,3700973,240816,4051213,3941789,86.0329796277565,83.7092131995811,463
-7.6926,53.28823,2022/02/07 00:00:00+00,Mon 07 Feb 2022,440,1351,0,3810837,3702324,240816,4051653,3943140,86.042323622021,83.7379035092432,464
-7.6926,53.28823,2022/02/08 00:00:00+00,Tue 08 Feb 2022,901,1236,0,3811738,3703560,240816,4052554,3944376,86.0614575739126,83.7641516385862,465
-7.6926,53.28823,2022/02/09 00:00:00+00,Wed 09 Feb 2022,1332,1782,0,3813070,3705342,240816,4053886,3946158,86.0897443929133,83.8019948153574,466
-7.6926,53.28823,2022/02/10 00:00:00+00,Thu 10 Feb 2022,686,2548,0,3813756,3707890,240816,4054572,3948706,86.1043125294256,83.856105036689,467
-7.6926,53.28823,2022/02/11 00:00:00+00,Fri 11 Feb 2022,547,4920,0,3814303,3712810,240816,4055119,3953626,86.1159288132044,83.9605878816464,468
-7.6926,53.28823,2022/02/12 00:00:00+00,Sat 12 Feb 2022,1399,5462,0,3815702,3718272,240816,4056518,3959088,86.1456384676954,84.0765808286297,469
-7.6926,53.28823,2022/02/13 00:00:00+00,Sun 13 Feb 2022,1567,4706,0,3817269,3722978,240816,4058085,3963794,86.1789158290873,84.1765190945585,470
-7.6926,53.28823,2022/02/14 00:00:00+00,Mon 14 Feb 2022,172,953,0,3817441,3723931,240816,4058257,3964747,86.1825684813907,84.1967573366813,471
-7.6926,53.28823,2022/02/15 00:00:00+00,Tue 15 Feb 2022,650,818,1,3818091,3724749,240817,4058908,3965566,86.196393345632,84.2141499078236,472
-7.6926,53.28823,2022/02/16 00:00:00+00,Wed 16 Feb 2022,801,1785,0,3818892,3726534,240817,4059709,3967351,86.2134036624635,84.2520567936466,473
-7.6926,53.28823,2022/02/17 00:00:00+00,Thu 17 Feb 2022,793,1191,2,3819685,3727725,240819,4060504,3968544,86.2302865611914,84.2773917599137,474
-7.6926,53.28823,2022/02/18 00:00:00+00,Fri 18 Feb 2022,792,3293,0,3820477,3731018,240819,4061296,3971837,86.2471057508674,84.3473230624432,475
-7.6926,53.28823,2022/02/19 00:00:00+00,Sat 19 Feb 2022,981,3555,0,3821458,3734573,240819,4062277,3975392,86.2679386108071,84.4228182888301,476
-7.6926,53.28823,2022/02/20 00:00:00+00,Sun 20 Feb 2022,1366,3587,0,3822824,3738160,240819,4063643,3978979,86.2969474657283,84.4989930784362,477
-7.6926,53.28823,2022/02/21 00:00:00+00,Mon 21 Feb 2022,252,994,1,3823076,3739154,240820,4063896,3979974,86.3023202624303,84.5201232472843,478
-7.6926,53.28823,2022/02/22 00:00:00+00,Tue 22 Feb 2022,476,981,0,3823552,3740135,240820,4064372,3980955,86.3124287653165,84.540956107224,479
-7.6926,53.28823,2022/02/23 00:00:00+00,Wed 23 Feb 2022,830,1272,1,3824382,3741407,240821,4065203,3982228,86.330076172666,84.5679899815392,480
-7.6926,53.28823,2022/02/24 00:00:00+00,Thu 24 Feb 2022,657,1233,0,3825039,3742640,240821,4065860,3983461,86.3440284550109,84.5941744018304,481
-7.6926,53.28823,2022/02/25 00:00:00+00,Fri 25 Feb 2022,691,1228,0,3825730,3743868,240821,4066551,3984689,86.3587027732763,84.6202526403686,482
-7.6926,53.28823,2022/02/26 00:00:00+00,Sat 26 Feb 2022,959,2092,0,3826689,3745960,240821,4067510,3986781,86.3790684335027,84.6646790858261,483
-7.6926,53.28823,2022/02/27 00:00:00+00,Sun 27 Feb 2022,671,1783,0,3827360,3747743,240821,4068181,3988564,86.3933180247561,84.7025434989478,484
-7.6926,53.28823,2022/02/28 00:00:00+00,Mon 28 Feb 2022,81,428,0,3827441,3748171,240821,4068262,3988992,86.3950381691547,84.7116326570051,485
-7.6926,53.28823,2022/03/01 00:00:00+00,Tue 01 Mar 2022,129,939,1,3827570,3749110,240822,4068392,3989932,86.3977988947329,84.7315948265702,486
-7.6926,53.28823,2022/03/02 00:00:00+00,Wed 02 Mar 2022,207,996,2,3827777,3750106,240824,4068601,3990930,86.4022372920085,84.7527887044701,487
-7.6926,53.28823,2022/03/03 00:00:00+00,Thu 03 Mar 2022,278,1273,0,3828055,3751379,240824,4068879,3992203,86.4081409974756,84.7798225787853,488
-7.6926,53.28823,2022/03/04 00:00:00+00,Fri 04 Mar 2022,734,1506,1,3828789,3752885,240825,4069614,3993710,86.4237497151674,84.8118257591411,489
-7.6926,53.28823,2022/03/05 00:00:00+00,Sat 05 Mar 2022,963,3341,0,3829752,3756226,240825,4070577,3997051,86.4442003207963,84.8827764064994,490
-7.6926,53.28823,2022/03/06 00:00:00+00,Sun 06 Mar 2022,455,1915,0,3830207,3758141,240825,4071032,3998966,86.4538628603198,84.9234440179005,491
-7.6926,53.28823,2022/03/07 00:00:00+00,Mon 07 Mar 2022,114,123,1,3830321,3758264,240826,4071147,3999090,86.456305040639,84.9260773253751,492
-7.6926,53.28823,2022/03/08 00:00:00+00,Tue 08 Mar 2022,120,492,0,3830441,3758756,240826,4071267,3999582,86.4588534027111,84.9365256098708,493
-7.6926,53.28823,2022/03/09 00:00:00+00,Wed 09 Mar 2022,128,343,1,3830569,3759099,240827,4071396,3999926,86.4615928919386,84.9438309144776,494
-7.6926,53.28823,2022/03/10 00:00:00+00,Thu 10 Mar 2022,258,508,0,3830827,3759607,240827,4071654,4000434,86.4670718703937,84.954618980583,495
-7.6926,53.28823,2022/03/11 00:00:00+00,Fri 11 Mar 2022,493,2182,0,3831320,3761789,240827,4072147,4002616,86.47754139124,85.0009566975946,496
-7.6926,53.28823,2022/03/12 00:00:00+00,Sat 12 Mar 2022,473,2391,2,3831793,3764180,240829,4072622,4005009,86.4876286577756,85.051775284583,497
-7.6926,53.28823,2022/03/13 00:00:00+00,Sun 13 Mar 2022,358,1082,0,3832151,3765262,240829,4072980,4006091,86.4952312712908,85.0747530159334,498
-7.6926,53.28823,2022/03/14 00:00:00+00,Mon 14 Mar 2022,109,121,0,3832260,3765383,240829,4073089,4006212,86.4975460335063,85.0773226143561,499
-7.6926,53.28823,2022/03/15 00:00:00+00,Tue 15 Mar 2022,219,757,1,3832479,3766140,240830,4073309,4006970,86.5022180306385,85.0934197681118,500
-7.6926,53.28823,2022/03/16 00:00:00+00,Wed 16 Mar 2022,196,797,0,3832675,3766937,240830,4073505,4007767,86.5063803553564,85.1103451395409,501
-7.6926,53.28823,2022/03/18 00:00:00+00,Fri 18 Mar 2022,1,6,0,3832676,3766943,240830,4073506,4007773,86.5064015917069,85.1104725576445,502
-7.6926,53.28823,2022/03/19 00:00:00+00,Sat 19 Mar 2022,743,2779,0,3833419,3769722,240830,4074249,4010552,86.5221802002036,85.1694883759649,503
-7.6926,53.28823,2022/03/20 00:00:00+00,Sun 20 Mar 2022,395,1402,0,3833814,3771124,240830,4074644,4011954,86.530568558691,85.1992617395077,504
-7.6926,53.28823,2022/03/21 00:00:00+00,Mon 21 Mar 2022,54,112,0,3833868,3771236,240830,4074698,4012066,86.5317153216235,85.201640210775,505
-7.6926,53.28823,2022/03/22 00:00:00+00,Tue 22 Mar 2022,139,575,0,3834007,3771811,240830,4074837,4012641,86.534667174357,85.2138511123707,506
-7.6926,53.28823,2022/03/23 00:00:00+00,Wed 23 Mar 2022,102,221,0,3834109,3772032,240830,4074939,4012862,86.5368332821183,85.2185443458535,507
-7.6926,53.28823,2022/03/24 00:00:00+00,Thu 24 Mar 2022,148,245,0,3834257,3772277,240830,4075087,4013107,86.5399762620073,85.2237472517508,508
-7.6926,53.28823,2022/03/25 00:00:00+00,Fri 25 Mar 2022,435,1625,0,3834692,3773902,240830,4075522,4014732,86.5492140745188,85.2582563214776,509
-7.6926,53.28823,2022/03/26 00:00:00+00,Sat 26 Mar 2022,874,1848,0,3835566,3775750,240830,4076396,4016580,86.5677746449441,85.2975010973884,510
-7.6926,53.28823,2022/03/27 00:00:00+00,Sun 27 Mar 2022,380,803,0,3835946,3776553,240830,4076776,4017383,86.5758444581726,85.3145538869211,511
-7.6926,53.28823,2022/03/27 23:00:00+00,Mon 28 Mar 2022,45,53,1,3835991,3776606,240831,4076822,4017437,86.5768213303002,85.3157006498536,512
-7.6926,53.28823,2022/03/28 23:00:00+00,Tue 29 Mar 2022,140,192,3,3836131,3776798,240834,4076965,4017632,86.5798581284362,85.3198417382208,513
-7.6926,53.28823,2022/03/29 23:00:00+00,Wed 30 Mar 2022,109,135,0,3836240,3776933,240834,4077074,4017767,86.5821728906517,85.3227086455519,514
-7.6926,53.28823,2022/03/30 23:00:00+00,Thu 31 Mar 2022,227,358,0,3836467,3777291,240834,4077301,4018125,86.5869935422381,85.3303112590671,515
-7.6926,53.28823,2022/03/31 23:00:00+00,Fri 01 Apr 2022,308,903,0,3836775,3778194,240834,4077609,4019028,86.5935343382233,85.3494876836599,516
-7.6926,53.28823,2022/04/01 23:00:00+00,Sat 02 Apr 2022,729,1539,0,3837504,3779733,240834,4078338,4020567,86.6090156378115,85.382170427235,517
-7.6926,53.28823,2021/06/19 23:00:00+00,Sun 20 Jun 2021,8514,26141,177,2397504,1392212,75408,2472912,1467620,52.5156262376811,31.1668928691945,518
-7.6926,53.28823,2021/06/20 23:00:00+00,Mon 21 Jun 2021,15474,32334,573,2412978,1424546,75981,2488959,1500527,52.856405955777,31.8657174584251,519
-7.6926,53.28823,2021/06/21 23:00:00+00,Tue 22 Jun 2021,15141,43539,722,2428119,1468085,76703,2504822,1544788,53.1932781853623,32.8056595723806,520
-7.6926,53.28823,2021/06/22 23:00:00+00,Wed 23 Jun 2021,20083,39387,883,2448202,1507472,77586,2525788,1585058,53.6385195120651,33.6608474110871,521
-7.6926,53.28823,2021/06/23 23:00:00+00,Thu 24 Jun 2021,19022,44271,1032,2467224,1551743,78618,2545842,1630361,54.0643932870197,34.622917802369,522
-7.6926,53.28823,2021/06/24 23:00:00+00,Fri 25 Jun 2021,15208,50119,843,2482432,1601862,79461,2561893,1681323,54.405257950518,35.7051647017025,523
-7.6926,53.28823,2021/06/25 23:00:00+00,Sat 26 Jun 2021,9065,30558,510,2491497,1632420,79971,2571468,1712391,54.6085960075236,36.3649356421777,524
-7.6926,53.28823,2021/06/26 23:00:00+00,Sun 27 Jun 2021,8730,30475,59,2500227,1662895,80030,2580257,1742925,54.7952422929567,37.0133663714318,525
-7.6926,53.28823,2021/06/27 23:00:00+00,Mon 28 Jun 2021,24229,24641,522,2524456,1687536,80552,2605008,1768088,55.3208632066847,37.5477366616075,526
-7.6926,53.28823,2021/06/28 23:00:00+00,Tue 29 Jun 2021,28142,31035,810,2552598,1718571,81362,2633960,1799933,55.9356980292879,38.2240082464997,527
-7.6926,53.28823,2021/06/29 23:00:00+00,Wed 30 Jun 2021,22573,36865,590,2575171,1755436,81952,2657123,1837388,56.4275956182613,39.0194157582641,528
-7.6926,53.28823,2021/06/30 23:00:00+00,Thu 01 Jul 2021,15019,48297,640,2590190,1803733,82592,2672782,1886325,56.760135632324,40.0586590476304,529
-7.6926,53.28823,2021/07/01 23:00:00+00,Fri 02 Jul 2021,13679,47263,817,2603869,1850996,83409,2687278,1934405,57.0679777706376,41.0797027845315,530
-7.6926,53.28823,2021/07/02 23:00:00+00,Sat 03 Jul 2021,9312,30474,505,2613181,1881470,83914,2697095,1965384,57.2764550244887,41.7375836898032,531
-7.6926,53.28823,2021/07/03 23:00:00+00,Sun 04 Jul 2021,6448,27783,233,2619629,1909253,84147,2703776,1993400,57.4183350828547,42.3325412882437,532
-7.6926,53.28823,2021/07/04 23:00:00+00,Mon 05 Jul 2021,15614,33456,5343,2635243,1942709,89490,2724733,2032199,57.863385282402,43.156490455216,533
-7.6926,53.28823,2021/07/05 23:00:00+00,Tue 06 Jul 2021,12407,48290,5486,2647650,1990999,94976,2742626,2085975,58.2433673037076,44.2984964451411,534
-7.6926,53.28823,2021/07/06 23:00:00+00,Wed 07 Jul 2021,19703,43755,5059,2667353,2034754,100035,2767388,2134789,58.7692218172922,45.3351276633835,535
-7.6926,53.28823,2021/07/07 23:00:00+00,Thu 08 Jul 2021,17776,45586,5997,2685129,2080340,106032,2791161,2186372,59.2740735801323,46.4305623364403,536
-7.6926,53.28823,2021/07/08 23:00:00+00,Fri 09 Jul 2021,13521,45086,6531,2698650,2125426,112563,2811213,2237989,59.6999048823857,47.5267190454176,537
-7.6926,53.28823,2021/07/09 23:00:00+00,Sat 10 Jul 2021,8631,23867,4364,2707281,2149293,116927,2824208,2266220,59.975871258447,48.1262424592374,538
-7.6926,53.28823,2021/07/10 23:00:00+00,Sun 11 Jul 2021,15235,16110,2153,2722516,2165403,119080,2841596,2284483,60.345128922699,48.5140819302653,539
-7.6926,53.28823,2021/07/11 23:00:00+00,Mon 12 Jul 2021,17108,31759,6092,2739624,2197162,125172,2864796,2322334,60.8378122566447,49.3178990368678,540
-7.6926,53.28823,2021/07/12 23:00:00+00,Tue 13 Jul 2021,20104,36565,8490,2759728,2233727,133662,2893390,2367389,61.4450444657327,50.2747028132006,541
-7.6926,53.28823,2021/07/13 23:00:00+00,Wed 14 Jul 2021,20799,35706,9334,2780527,2269433,142996,2923523,2412429,62.0849594183958,51.2311880442744,542
-7.6926,53.28823,2021/07/14 23:00:00+00,Thu 15 Jul 2021,23636,28834,9585,2804163,2298267,152581,2956744,2450848,62.7904522217151,52.0470673980183,543
-7.6926,53.28823,2021/07/15 23:00:00+00,Fri 16 Jul 2021,23528,27424,9165,2827691,2325691,161746,2989437,2487437,63.4847322319171,52.8240842301621,544
-7.6926,53.28823,2021/07/16 23:00:00+00,Sat 17 Jul 2021,11500,19424,4676,2839191,2345115,166422,3005613,2511537,63.8282514392406,53.3358802796488,545
-7.6926,53.28823,2021/07/17 23:00:00+00,Sun 18 Jul 2021,16863,15817,1932,2856054,2360932,168354,3024408,2529286,64.2273886487883,53.7128042664678,546
-7.6926,53.28823,2021/07/18 23:00:00+00,Mon 19 Jul 2021,24883,18430,6253,2880937,2379362,174607,3055544,2553969,64.8886036611044,54.2369811083549,547
-7.6926,53.28823,2021/07/19 23:00:00+00,Tue 20 Jul 2021,30582,18180,7699,2911519,2397542,182306,3093825,2579848,65.7015523984653,54.7865566255609,548
-7.6926,53.28823,2021/07/20 23:00:00+00,Wed 21 Jul 2021,30354,19838,6888,2941873,2417380,189194,3131067,2606574,66.4924365675517,55.354119331726,549
-7.6926,53.28823,2021/07/21 23:00:00+00,Thu 22 Jul 2021,33534,15921,6934,2975407,2433301,196128,3171535,2629429,67.3518292036772,55.8394761247143,550
-7.6926,53.28823,2021/07/22 23:00:00+00,Fri 23 Jul 2021,27087,20831,5615,3002494,2454132,201743,3204237,2655875,68.0463003410346,56.4010926527111,551
-7.6926,53.28823,2021/07/23 23:00:00+00,Sat 24 Jul 2021,15437,14811,2275,3017931,2468943,204018,3221949,2672961,68.4224385828813,56.7639369390816,552
-7.6926,53.28823,2021/07/24 23:00:00+00,Sun 25 Jul 2021,14718,13640,1043,3032649,2482583,205061,3237710,2687644,68.7571447047054,57.0757502749576,553
-7.6926,53.28823,2021/07/25 23:00:00+00,Mon 26 Jul 2021,23832,18293,3422,3056481,2500876,208483,3264964,2709359,69.3359202039879,57.5368976282607,554
-7.6926,53.28823,2021/07/26 23:00:00+00,Tue 27 Jul 2021,25504,23904,3670,3081985,2524780,212153,3294138,2736933,69.9554694964245,58.1224687597355,555
-7.6926,53.28823,2021/07/27 23:00:00+00,Wed 28 Jul 2021,23435,25283,3262,3105420,2550063,215415,3320835,2765478,70.5224163484223,58.7286603876441,556
-7.6926,53.28823,2021/07/28 23:00:00+00,Thu 29 Jul 2021,19267,27864,2962,3124687,2577927,218377,3343064,2796304,70.9944791859342,59.3832921312738,557
-7.6926,53.28823,2021/07/29 23:00:00+00,Fri 30 Jul 2021,21952,22937,2119,3146639,2600864,220496,3367135,2821360,71.5056593812534,59.9153901319351,558
-7.6926,53.28823,2021/07/30 23:00:00+00,Sat 31 Jul 2021,13739,12483,907,3160378,2613347,221403,3381781,2834750,71.8166869721572,60.1997448664839,559
-7.6926,53.28823,2021/07/31 23:00:00+00,Sun 01 Aug 2021,11112,9326,368,3171490,2622673,221771,3393261,2844444,72.0604802770579,60.405610049211,560
-7.6926,53.28823,2021/08/01 23:00:00+00,Mon 02 Aug 2021,15020,16017,430,3186510,2638690,222201,3408711,2860891,72.388581893845,60.7548843075474,561
-7.6926,53.28823,2021/08/02 23:00:00+00,Tue 03 Aug 2021,17341,25446,1111,3203851,2664136,223312,3427163,2887448,72.7804350351366,61.3188580704609,562
-7.6926,53.28823,2021/08/03 23:00:00+00,Wed 04 Aug 2021,22109,17303,1577,3225960,2681439,224889,3450849,2906328,73.2834392354744,61.7198003698098,563
-7.6926,53.28823,2021/08/04 23:00:00+00,Thu 05 Aug 2021,13528,30041,1421,3239488,2711480,226310,3465798,2937790,73.6009014406103,62.3879384324218,564
-7.6926,53.28823,2021/08/05 23:00:00+00,Fri 06 Aug 2021,12206,24745,948,3251694,2736225,227258,3478952,2963483,73.8802443964173,62.933563988416,565
-7.6926,53.28823,2021/08/06 23:00:00+00,Sat 07 Aug 2021,6333,8459,583,3258027,2744684,227841,3485868,2972525,74.0271149971745,63.1255830705512,566
-7.6926,53.28823,2021/08/07 23:00:00+00,Sun 08 Aug 2021,8626,11975,153,3266653,2756659,227994,3494647,2984653,74.2135489191016,63.3831375306414,567
-7.6926,53.28823,2021/08/08 23:00:00+00,Mon 09 Aug 2021,5541,23031,600,3272194,2779690,228594,3500788,3008284,74.343961348143,63.8849737316961,568
-7.6926,53.28823,2021/08/09 23:00:00+00,Tue 10 Aug 2021,9353,26005,716,3281547,2805695,229310,3510857,3035005,74.5577901623455,64.4524302561083,569
-7.6926,53.28823,2021/08/10 23:00:00+00,Wed 11 Aug 2021,7011,31240,664,3288558,2836935,229974,3518532,3066909,74.720779153209,65.1299547856859,570
-7.6926,53.28823,2021/08/11 23:00:00+00,Thu 12 Aug 2021,6769,38292,862,3295327,2875227,230836,3526163,3106063,74.882833744646,65.9614428571216,571
-7.6926,53.28823,2021/08/12 23:00:00+00,Fri 13 Aug 2021,10927,28242,870,3306254,2903469,231706,3537960,3135175,75.1333589726873,66.579675495821,572
-7.6926,53.28823,2021/08/13 23:00:00+00,Sat 14 Aug 2021,18134,5843,280,3324388,2909312,231986,3556374,3141298,75.524405132656,66.7097056705516,573
