X,Y,VaccinationDate,VaccineText,Dose1,Dose2,SingleDose,Dose1Cum,Dose2Cum,SingleDoseCum,PartiallyVacc,FullyVacc,PartialPercent,FullyPercent,ObjectId
-7.6926,53.28823,2020/12/28 00:00:00+00,Mon 28 Dec 2020,297,24,4,297,24,4,301,28,0.00627276874385618,0.000583513371521505,1
-7.6926,53.28823,2020/12/29 00:00:00+00,Tue 29 Dec 2020,81,3,0,378,27,4,382,31,0.00796078956861482,0.00064603266132738,2
-7.6926,53.28823,2021/08/06 23:00:00+00,Sat 07 Aug 2021,6351,8485,585,3263198,2748341,228063,3491261,2976404,72.7570527489836,62.027554751789,3
-7.6926,53.28823,2020/12/30 00:00:00+00,Wed 30 Dec 2020,1066,2,0,1444,29,4,1448,33,0.0301759772129692,0.000687712187864631,4
-7.6926,53.28823,2021/08/07 23:00:00+00,Sun 08 Aug 2021,8636,12001,153,3271834,2760342,228216,3500050,2988558,72.9402134283515,62.2808412345559,5
-7.6926,53.28823,2021/08/08 23:00:00+00,Mon 09 Aug 2021,5572,23058,601,3277406,2783400,228817,3506223,3012217,73.0688572870088,62.7738891937283,6
-7.6926,53.28823,2020/12/31 00:00:00+00,Thu 31 Dec 2020,1042,1,0,2486,30,4,2490,34,0.0518910105388767,0.000708551951133256,7
-7.6926,53.28823,2021/01/01 00:00:00+00,Fri 01 Jan 2021,823,0,0,3309,30,4,3313,34,0.0690421357089552,0.000708551951133256,8
-7.6926,53.28823,2021/08/09 23:00:00+00,Tue 10 Aug 2021,9386,26042,718,3286792,2809442,229535,3516327,3038977,73.279422255075,63.3315612587967,9
-7.6926,53.28823,2021/08/10 23:00:00+00,Wed 11 Aug 2021,7041,31255,668,3293833,2840697,230203,3524036,3070900,73.4400759901128,63.996829021621,10
-7.6926,53.28823,2021/01/02 00:00:00+00,Sat 02 Jan 2021,1021,0,0,4330,30,4,4334,34,0.0903195340062215,0.000708551951133256,11
-7.6926,53.28823,2021/08/11 23:00:00+00,Thu 12 Aug 2021,6795,38319,865,3300628,2879016,231068,3531696,3110084,73.5997085767505,64.8134143055389,12
-7.6926,53.28823,2021/01/03 00:00:00+00,Sun 03 Jan 2021,25,3,1,4355,33,5,4360,38,0.0908613678512058,0.000791911004207756,13
-7.6926,53.28823,2021/08/12 23:00:00+00,Fri 13 Aug 2021,10954,28251,875,3311582,2907267,231943,3543525,3139210,73.846222136455,65.4203932505008,14
-7.6926,53.28823,2021/01/04 00:00:00+00,Mon 04 Jan 2021,1198,5,0,5553,38,5,5558,43,0.115827404247019,0.000896109820550883,15
-7.6926,53.28823,2021/01/05 00:00:00+00,Tue 05 Jan 2021,3546,14,0,9099,52,5,9104,57,0.189725204797564,0.00118786650631163,16
-7.6926,53.28823,2021/08/13 23:00:00+00,Sat 14 Aug 2021,18155,5864,281,3329737,2913131,232224,3561961,3145355,74.2304240120754,65.5484535957865,17
-7.6926,53.28823,2021/01/06 00:00:00+00,Wed 06 Jan 2021,6797,14,0,15896,66,5,15901,71,0.331373075734409,0.00147962319207239,18
-7.6926,53.28823,2021/08/14 23:00:00+00,Sun 15 Aug 2021,17007,3743,52,3346744,2916874,232276,3579020,3149150,74.5859295336749,65.627540497391,19
-7.6926,53.28823,2021/01/07 00:00:00+00,Thu 07 Jan 2021,11743,9,0,27639,75,5,27644,80,0.576094415797874,0.00166718106149001,20
-7.6926,53.28823,2021/08/15 23:00:00+00,Mon 16 Aug 2021,10208,23181,386,3356952,2940055,232662,3589614,3172717,74.8067059857427,66.1186711983427,21
-7.6926,53.28823,2021/01/08 00:00:00+00,Fri 08 Jan 2021,12691,8,0,40330,83,5,40335,88,0.840571851439996,0.00183389916763902,22
-7.6926,53.28823,2021/08/16 23:00:00+00,Tue 17 Aug 2021,12886,26886,532,3369838,2966941,233194,3603032,3200135,75.0863339292811,66.6900558276418,23
-7.6926,53.28823,2021/01/09 00:00:00+00,Sat 09 Jan 2021,8081,7,0,48411,90,5,48416,95,1.00897797841376,0.00197977751051939,24
-7.6926,53.28823,2021/08/17 23:00:00+00,Wed 18 Aug 2021,15251,25795,658,3385089,2992736,233852,3618941,3226588,75.4178737231217,67.2413300853868,25
-7.6926,53.28823,2021/01/10 00:00:00+00,Sun 10 Jan 2021,4790,6,1,53201,96,6,53207,102,1.10882128423374,0.00212565585339977,26
-7.6926,53.28823,2021/08/18 23:00:00+00,Thu 19 Aug 2021,11381,25745,545,3396470,3018481,234397,3630867,3252878,75.6664087398633,67.7892074617189,27
-7.6926,53.28823,2021/01/11 00:00:00+00,Mon 11 Jan 2021,8356,8,0,61557,104,6,61563,110,1.28295834610637,0.00229237395954877,28
-7.6926,53.28823,2021/08/19 23:00:00+00,Fri 20 Aug 2021,14870,22294,686,3411340,3040775,235083,3646423,3275858,75.99059209727,68.2681052216319,29
-7.6926,53.28823,2021/08/20 23:00:00+00,Sat 21 Aug 2021,11917,8001,246,3423257,3048776,235329,3658586,3284105,76.2440661379063,68.4399707493083,30
-7.6926,53.28823,2021/01/12 00:00:00+00,Tue 12 Jan 2021,8901,15,0,70458,119,6,70464,125,1.4684530789604,0.00260497040857815,31
-7.6926,53.28823,2021/01/13 00:00:00+00,Wed 13 Jan 2021,9908,5,0,80366,124,6,80372,130,1.67493345342594,0.00270916922492127,32
-7.6926,53.28823,2021/08/21 23:00:00+00,Sun 22 Aug 2021,8009,12267,162,3431266,3061043,235491,3666757,3296534,76.4143478435742,68.698988166974,33
-7.6926,53.28823,2021/01/14 00:00:00+00,Thu 14 Jan 2021,8099,6,0,88465,130,6,88471,136,1.84371469613854,0.00283420780453302,34
-7.6926,53.28823,2021/08/22 23:00:00+00,Mon 23 Aug 2021,10889,15418,294,3442155,3076461,235785,3677940,3312246,76.6473989162073,69.0264225274507,35
-7.6926,53.28823,2021/01/15 00:00:00+00,Fri 15 Jan 2021,7708,5,0,96173,135,6,96179,141,2.0043475914131,0.00293840662087615,36
-7.6926,53.28823,2021/08/23 23:00:00+00,Tue 24 Aug 2021,9726,22943,384,3451881,3099404,236169,3688050,3335573,76.8580889228531,69.5125516852179,37
-7.6926,53.28823,2021/01/16 00:00:00+00,Sat 16 Jan 2021,5248,3,0,101421,138,6,101427,144,2.11371466904685,0.00300092591068202,38
-7.6926,53.28823,2021/08/24 23:00:00+00,Wed 25 Aug 2021,9426,19558,318,3461307,3118962,236487,3697794,3355449,77.0611515761425,69.9267628199451,39
-7.6926,53.28823,2021/01/17 00:00:00+00,Sun 17 Jan 2021,1117,5,0,102538,143,6,102544,149,2.1369926846179,0.00310512472702515,40
-7.6926,53.28823,2021/08/25 23:00:00+00,Thu 26 Aug 2021,8605,19468,370,3469912,3138430,236857,3706769,3375287,77.2481884514785,70.3401820436681,41
-7.6926,53.28823,2021/01/18 00:00:00+00,Mon 18 Jan 2021,8731,9,1,111269,152,7,111276,159,2.31896549747953,0.0033135223597114,42
-7.6926,53.28823,2021/01/19 00:00:00+00,Tue 19 Jan 2021,8399,21,0,119668,173,7,119675,180,2.49399866917272,0.00375115738835253,43
-7.6926,53.28823,2021/08/26 23:00:00+00,Fri 27 Aug 2021,9736,19247,432,3479648,3157677,237289,3716937,3394966,77.4600871643938,70.7502877450313,44
-7.6926,53.28823,2021/01/20 00:00:00+00,Wed 20 Jan 2021,8459,966,0,128127,1139,7,128134,1146,2.67028222666202,0.0238823687058444,45
-7.6926,53.28823,2021/01/21 00:00:00+00,Thu 21 Jan 2021,9023,967,0,137150,2106,7,137157,2113,2.85831941063482,0.044034419786605,46
-7.6926,53.28823,2021/08/27 23:00:00+00,Sat 28 Aug 2021,9937,7949,155,3489585,3165626,237444,3727029,3403070,77.6704020553008,70.9191731865603,47
-7.6926,53.28823,2021/08/28 23:00:00+00,Sun 29 Aug 2021,8808,9205,30,3498393,3174831,237474,3735867,3412305,77.8545838830689,71.111628400346,48
-7.6926,53.28823,2021/01/22 00:00:00+00,Fri 22 Jan 2021,6798,971,0,143948,3077,7,143955,3084,2.99998812133494,0.06426982992044,49
-7.6926,53.28823,2021/08/29 23:00:00+00,Mon 30 Aug 2021,5075,11176,85,3503468,3186007,237559,3741027,3423566,77.962117061535,71.346304974514,50
-7.6926,53.28823,2021/01/23 00:00:00+00,Sat 23 Jan 2021,4201,461,0,148149,3538,7,148156,3545,3.08753596682643,0.0738769607872762,51
-7.6926,53.28823,2021/08/30 23:00:00+00,Tue 31 Aug 2021,4085,12919,146,3507553,3198926,237705,3745258,3436631,78.0502900999246,71.6185764816186,52
-7.6926,53.28823,2021/01/24 00:00:00+00,Sun 24 Jan 2021,1190,400,0,149339,3938,7,149346,3945,3.1123352851161,0.0822128660947263,53
-7.6926,53.28823,2021/08/31 23:00:00+00,Wed 01 Sep 2021,5004,12573,184,3512557,3211499,237889,3750446,3449388,78.1584067917622,71.8844293416364,54
-7.6926,53.28823,2021/01/25 00:00:00+00,Mon 25 Jan 2021,1377,1294,0,150716,5232,7,150723,5239,3.14103163913699,0.109179519764327,55
-7.6926,53.28823,2021/09/01 23:00:00+00,Thu 02 Sep 2021,5016,12392,249,3517573,3223891,238138,3755711,3462029,78.2681281453715,72.1478647891151,56
-7.6926,53.28823,2021/01/26 00:00:00+00,Tue 26 Jan 2021,1012,3508,0,151728,8740,7,151735,8747,3.16212147956484,0.182285409310664,57
-7.6926,53.28823,2021/09/02 23:00:00+00,Fri 03 Sep 2021,4790,16121,167,3522363,3240012,238305,3760668,3478317,78.3714308518941,72.4873028532345,58
-7.6926,53.28823,2021/01/27 00:00:00+00,Wed 27 Jan 2021,2194,6711,0,153922,15451,7,153929,15458,3.2078439201762,0.322141060606408,59
-7.6926,53.28823,2021/09/03 23:00:00+00,Sat 04 Sep 2021,4634,10597,136,3526997,3250609,238441,3765438,3489050,78.4708365226854,72.7109760323967,60
-7.6926,53.28823,2021/01/28 00:00:00+00,Thu 28 Jan 2021,1028,11545,0,154950,26996,7,154957,27003,3.22926719681635,0.562736127542686,61
-7.6926,53.28823,2021/09/04 23:00:00+00,Sun 05 Sep 2021,5310,11914,1,3532307,3262523,238442,3770749,3500965,78.5815165054051,72.9592818117423,62
-7.6926,53.28823,2021/01/29 00:00:00+00,Fri 29 Jan 2021,1596,11526,0,156546,38522,7,156553,38529,3.26252745899308,0.802935238976859,63
-7.6926,53.28823,2021/09/05 23:00:00+00,Mon 06 Sep 2021,2172,9713,76,3534479,3272236,238518,3772997,3510754,78.628364293233,73.1632822543789,64
-7.6926,53.28823,2021/01/30 00:00:00+00,Sat 30 Jan 2021,657,7795,0,157203,46317,7,157210,46324,3.27621918346056,0.965381193655792,65
-7.6926,53.28823,2021/09/06 23:00:00+00,Tue 07 Sep 2021,3040,10047,162,3537519,3282283,238680,3776199,3520963,78.6950932152191,73.3760353975883,66
-7.6926,53.28823,2021/01/31 00:00:00+00,Sun 31 Jan 2021,240,4088,0,157443,50405,7,157450,50412,3.28122072664503,1.05057414589793,67
-7.6926,53.28823,2021/09/07 23:00:00+00,Wed 08 Sep 2021,2615,14828,191,3540134,3297111,238871,3779005,3535982,78.7535695909509,73.6890278021198,68
-7.6926,53.28823,2021/02/01 00:00:00+00,Mon 01 Feb 2021,1045,8337,1,158488,58742,8,158496,58750,3.30301911902402,1.22433609203173,69
-7.6926,53.28823,2021/09/08 23:00:00+00,Thu 09 Sep 2021,3131,14842,138,3543265,3311953,239009,3782274,3550962,78.821694777076,74.0012074558838,70
-7.6926,53.28823,2021/02/02 00:00:00+00,Tue 02 Feb 2021,851,5113,1,159339,63855,9,159348,63864,3.32077459732888,1.33091064138748,71
-7.6926,53.28823,2021/09/09 23:00:00+00,Fri 10 Sep 2021,3398,13962,116,3546663,3325915,239125,3785788,3565040,78.894925705202,74.2945896431795,72
-7.6926,53.28823,2021/02/03 00:00:00+00,Wed 03 Feb 2021,1414,6873,0,160753,70728,9,160762,70737,3.35024202259072,1.47414233433274,73
-7.6926,53.28823,2021/02/04 00:00:00+00,Thu 04 Feb 2021,1458,10542,1,162211,81270,10,162221,81280,3.38064723719964,1.69385595847385,74
-7.6926,53.28823,2021/02/05 00:00:00+00,Fri 05 Feb 2021,3409,8616,0,165620,89886,10,165630,89896,3.45168999018239,1.87341135879633,75
-7.6926,53.28823,2021/02/06 00:00:00+00,Sat 06 Feb 2021,915,3871,0,166535,93757,10,166545,93767,3.47075837357318,1.95408208240918,76
-7.6926,53.28823,2021/02/07 00:00:00+00,Sun 07 Feb 2021,341,1300,2,166876,95057,12,166888,95069,3.47790641237432,1.98121545418493,77
-7.6926,53.28823,2021/02/08 00:00:00+00,Mon 08 Feb 2021,1197,882,0,168073,95939,12,168085,95951,3.50285160900686,1.99959612538785,78
-7.6926,53.28823,2021/02/09 00:00:00+00,Tue 09 Feb 2021,4276,556,3,172349,96495,15,172364,96510,3.59202495603331,2.01124555305502,79
-7.6926,53.28823,2021/02/10 00:00:00+00,Wed 10 Feb 2021,8836,586,0,181185,97081,15,181200,97096,3.77616510427488,2.02345765433043,80
-7.6926,53.28823,2021/02/11 00:00:00+00,Thu 11 Feb 2021,6208,452,0,187393,97533,15,187408,97548,3.90553835464651,2.03287722732785,81
-7.6926,53.28823,2021/02/12 00:00:00+00,Fri 12 Feb 2021,4409,528,0,191802,98061,15,191817,98076,3.99742087089787,2.04388062233368,82
-7.6926,53.28823,2021/02/13 00:00:00+00,Sat 13 Feb 2021,1224,1918,0,193026,99979,15,193041,99994,4.02292874113867,2.08385128828291,83
-7.6926,53.28823,2021/02/14 00:00:00+00,Sun 14 Feb 2021,2712,29,0,195738,100008,15,195753,100023,4.07944617912318,2.0844556414177,84
-7.6926,53.28823,2021/02/15 00:00:00+00,Mon 15 Feb 2021,1977,7897,0,197715,107905,15,197730,107920,4.12064639110526,2.24902725195003,85
-7.6926,53.28823,2021/02/16 00:00:00+00,Tue 16 Feb 2021,5663,8170,0,203378,116075,15,203393,116090,4.23866197049548,2.4192881178547,86
-7.6926,53.28823,2021/02/17 00:00:00+00,Wed 17 Feb 2021,9761,8467,0,213139,124542,15,213154,124557,4.44207889976053,2.59573839345015,87
-7.6926,53.28823,2021/02/18 00:00:00+00,Thu 18 Feb 2021,8478,8362,1,221617,132904,16,221633,132920,4.6187792525152,2.77002133366566,88
-7.6926,53.28823,2021/02/19 00:00:00+00,Fri 19 Feb 2021,9402,6594,2,231019,139498,18,231037,139516,4.81475638629335,2.90748041218551,89
-7.6926,53.28823,2021/02/20 00:00:00+00,Sat 20 Feb 2021,5900,3581,2,236919,143079,20,236939,143099,4.93775266910478,2.98214928397699,90
-7.6926,53.28823,2021/02/21 00:00:00+00,Sun 21 Feb 2021,1121,1025,6,238040,144104,26,238066,144130,4.96123908230852,3.00363507990695,91
-7.6926,53.28823,2021/02/22 00:00:00+00,Mon 22 Feb 2021,3956,1129,2,241996,145233,28,242024,145261,5.04372286532574,3.02720485216376,92
-7.6926,53.28823,2021/02/23 00:00:00+00,Tue 23 Feb 2021,13380,1075,1,255376,146308,29,255405,146337,5.32257973762321,3.0496284374408,93
-7.6926,53.28823,2021/02/24 00:00:00+00,Wed 24 Feb 2021,16955,2111,6,272331,148419,35,272366,148454,5.67604296242236,3.09374621628048,94
-7.6926,53.28823,2021/02/25 00:00:00+00,Thu 25 Feb 2021,18110,1770,3,290441,150189,38,290479,150227,6.05351359450697,3.13069511655575,95
-7.6926,53.28823,2021/02/26 00:00:00+00,Fri 26 Feb 2021,16102,2782,1,306543,152971,39,306582,153010,6.38909630242164,3.18869217773234,96
-7.6926,53.28823,2021/02/27 00:00:00+00,Sat 27 Feb 2021,9013,707,1,315556,153678,40,315596,153718,6.57694592852503,3.20344673012652,97
-7.6926,53.28823,2021/02/28 00:00:00+00,Sun 28 Feb 2021,2455,61,2,318011,153739,42,318053,153781,6.62814922687604,3.20475963521245,98
-7.6926,53.28823,2021/03/01 00:00:00+00,Mon 01 Mar 2021,5634,810,0,323645,154549,42,323687,154591,6.74556045313148,3.22163984346003,99
-7.6926,53.28823,2021/03/02 00:00:00+00,Tue 02 Mar 2021,12213,1622,0,335858,156171,42,335900,156213,7.0000764819312,3.25544193948174,100
-7.6926,53.28823,2021/03/03 00:00:00+00,Wed 03 Mar 2021,12928,1514,1,348786,157685,43,348829,157728,7.26951378123125,3.28701418083371,101
-7.6926,53.28823,2021/03/04 00:00:00+00,Thu 04 Mar 2021,18744,1700,5,367530,159385,48,367578,159433,7.6602385027547,3.32254597720672,102
-7.6926,53.28823,2021/03/05 00:00:00+00,Fri 05 Mar 2021,18477,2407,6,386007,161792,54,386061,161846,8.0454198472487,3.37283232597391,103
-7.6926,53.28823,2021/03/06 00:00:00+00,Sat 06 Mar 2021,10416,150,5,396423,161942,59,396482,162001,8.26259102027105,3.37606248928055,104
-7.6926,53.28823,2021/03/07 00:00:00+00,Sun 07 Mar 2021,1539,18,5,397962,161960,64,398026,162024,8.2947676147578,3.37654180383573,105
-7.6926,53.28823,2021/03/08 00:00:00+00,Mon 08 Mar 2021,6686,1514,6,404648,163474,70,404718,163544,8.43422731055144,3.40821824400404,106
-7.6926,53.28823,2021/03/09 00:00:00+00,Tue 09 Mar 2021,13866,3115,6,418514,166589,76,418590,166665,8.72331650661381,3.47325914516541,107
-7.6926,53.28823,2021/03/10 00:00:00+00,Wed 10 Mar 2021,13765,4007,3,432279,170596,79,432358,170675,9.01023836729624,3.5568265958726,108
-7.6926,53.28823,2021/03/11 00:00:00+00,Thu 11 Mar 2021,18512,2108,4,450791,172704,83,450874,172787,9.39610742397811,3.60084017589594,109
-7.6926,53.28823,2021/03/12 00:00:00+00,Fri 12 Mar 2021,17363,1353,4,468154,174057,87,468241,174144,9.75803159266432,3.62911973465146,110
-7.6926,53.28823,2021/03/13 00:00:00+00,Sat 13 Mar 2021,8340,181,0,476494,174238,87,476581,174325,9.93183521832465,3.63289173180308,111
-7.6926,53.28823,2021/03/14 00:00:00+00,Sun 14 Mar 2021,399,23,3,476893,174261,90,476983,174351,9.94021280315864,3.63343356564807,112
-7.6926,53.28823,2021/03/15 00:00:00+00,Mon 15 Mar 2021,2680,1006,0,479573,175267,90,479663,175357,9.99606336871856,3.6543983674963,113
-7.6926,53.28823,2021/03/16 00:00:00+00,Tue 16 Mar 2021,8978,3833,2,488551,179100,92,488643,179192,10.1832044428708,3.73431885963148,114
-7.6926,53.28823,2021/03/17 00:00:00+00,Wed 17 Mar 2021,4913,2430,8,493464,181530,100,493564,181630,10.2857569179157,3.78512620248039,115
-7.6926,53.28823,2021/03/18 00:00:00+00,Thu 18 Mar 2021,11754,4692,7,505218,186222,107,505325,186329,10.530853373718,3.88305225007966,116
-7.6926,53.28823,2021/03/19 00:00:00+00,Fri 19 Mar 2021,10398,6143,2,515616,192365,109,515725,192474,10.7475869117117,4.01111259536536,117
-7.6926,53.28823,2021/03/20 00:00:00+00,Sat 20 Mar 2021,5264,3131,4,520880,195496,113,520993,195609,10.8573707846108,4.0764452532125,118
-7.6926,53.28823,2021/03/21 00:00:00+00,Sun 21 Mar 2021,3662,59,3,524542,195555,116,524658,195671,10.9337485169903,4.07773731853516,119
-7.6926,53.28823,2021/03/22 00:00:00+00,Mon 22 Mar 2021,7436,2420,1,531978,197975,117,532095,198092,11.0887338364191,4.1281903854085,120
-7.6926,53.28823,2021/03/23 00:00:00+00,Tue 23 Mar 2021,12584,7411,6,544562,205386,123,544685,205509,11.3511064559711,4.28275890957189,121
-7.6926,53.28823,2021/03/24 00:00:00+00,Wed 24 Mar 2021,13651,9787,2,558213,215173,125,558338,215298,11.6356317438776,4.48675935220846,122
-7.6926,53.28823,2021/03/25 00:00:00+00,Thu 25 Mar 2021,20896,10234,3,579109,225407,128,579237,225535,12.0711619564286,4.70009600878938,123
-7.6926,53.28823,2021/03/26 00:00:00+00,Fri 26 Mar 2021,19722,9517,1,598831,234924,129,598960,235053,12.4821846073757,4.89844887558015,124
-7.6926,53.28823,2021/03/27 00:00:00+00,Sat 27 Mar 2021,11775,5365,3,610606,240289,132,610738,240421,12.7276353391536,5.01031672480613,125
-7.6926,53.28823,2021/03/28 00:00:00+00,Sun 28 Mar 2021,2504,490,0,613110,240779,132,613242,240911,12.7798181063782,5.02052820880776,126
-7.6926,53.28823,2021/03/28 23:00:00+00,Mon 29 Mar 2021,9296,3133,3,622406,243912,135,622541,244047,12.9736070650132,5.08588170641817,127
-7.6926,53.28823,2021/03/29 23:00:00+00,Tue 30 Mar 2021,13352,8684,4,635758,252596,139,635897,252735,13.2519429432289,5.26693756969598,128
-7.6926,53.28823,2021/03/30 23:00:00+00,Wed 31 Mar 2021,15858,10519,4,651616,263115,143,651759,263258,13.5825032681959,5.48623439857173,129
-7.6926,53.28823,2021/03/31 23:00:00+00,Thu 01 Apr 2021,19736,11596,9,671352,274711,152,671504,274863,13.9939843939349,5.72807985130412,130
-7.6926,53.28823,2021/04/01 23:00:00+00,Fri 02 Apr 2021,20166,13730,9,691518,288441,161,691679,288602,14.4144266178794,6.01439735885176,131
-7.6926,53.28823,2021/04/02 23:00:00+00,Sat 03 Apr 2021,7560,4644,7,699078,293085,168,699246,293253,14.5721211065331,6.11132309781414,132
-7.6926,53.28823,2021/04/03 23:00:00+00,Sun 04 Apr 2021,3050,175,3,702128,293260,171,702299,293431,14.6357449037922,6.11503257567595,133
-7.6926,53.28823,2021/04/04 23:00:00+00,Mon 05 Apr 2021,3456,618,6,705584,293878,177,705761,294055,14.7078921642282,6.12803658795558,134
-7.6926,53.28823,2021/04/05 23:00:00+00,Tue 06 Apr 2021,12013,8164,13,717597,302042,190,717787,302232,14.9585111572967,6.29844333220312,135
-7.6926,53.28823,2021/04/06 23:00:00+00,Wed 07 Apr 2021,18386,10500,12,735983,312542,202,736185,312744,15.3419211219128,6.51751092368291,136
-7.6926,53.28823,2021/04/07 23:00:00+00,Thu 08 Apr 2021,20207,10585,18,756190,323127,220,756410,323347,15.7634053340208,6.73847493362014,137
-7.6926,53.28823,2021/04/08 23:00:00+00,Fri 09 Apr 2021,20691,9174,16,776881,332301,236,777117,332537,16.1949343120242,6.92999235805881,138
-7.6926,53.28823,2021/04/09 23:00:00+00,Sat 10 Apr 2021,11194,4188,12,788075,336489,248,788323,336737,16.4284646992124,7.01751936378704,139
-7.6926,53.28823,2021/04/10 23:00:00+00,Sun 11 Apr 2021,2878,370,9,790953,336859,257,791210,337116,16.4886290957689,7.02541763406584,140
-7.6926,53.28823,2021/04/11 23:00:00+00,Mon 12 Apr 2021,7798,2811,14,798751,339670,271,799022,339941,16.6514293264234,7.08428996529971,141
-7.6926,53.28823,2021/04/12 23:00:00+00,Tue 13 Apr 2021,11536,8598,1,810287,348268,272,810559,348540,16.8918576752536,7.26349108964662,142
-7.6926,53.28823,2021/04/13 23:00:00+00,Wed 14 Apr 2021,20359,6603,2,830646,354871,274,830920,355145,17.316176095166,7.40113772603589,143
-7.6926,53.28823,2021/04/14 23:00:00+00,Thu 15 Apr 2021,27122,10825,1,857768,365696,275,858043,365971,17.8814129943009,7.62674900318202,144
-7.6926,53.28823,2021/04/15 23:00:00+00,Fri 16 Apr 2021,27982,9853,1,885750,375549,276,886026,375825,18.4645720898469,7.83210403043106,145
-7.6926,53.28823,2021/04/16 23:00:00+00,Sat 17 Apr 2021,15864,4569,3,901614,380118,279,901893,380397,18.7952366136302,7.92738342809521,146
-7.6926,53.28823,2021/09/10 23:00:00+00,Sat 11 Sep 2021,2567,11352,62,3549230,3337267,239187,3788417,3576454,78.9497134428352,74.5324547011276,147
-7.6926,53.28823,2021/09/11 23:00:00+00,Sun 12 Sep 2021,2045,12888,1,3551275,3350155,239188,3790463,3589343,78.9923515984828,74.8010584098969,148
-7.6926,53.28823,2021/09/12 23:00:00+00,Mon 13 Sep 2021,1624,7763,52,3552899,3357918,239240,3792139,3597158,79.027279041721,74.9639211598412,149
-7.6926,53.28823,2021/09/13 23:00:00+00,Tue 14 Sep 2021,1559,10806,82,3554458,3368724,239322,3793780,3608046,79.0614770932448,75.19082450231,150
-7.6926,53.28823,2021/09/14 23:00:00+00,Wed 15 Sep 2021,3294,12390,138,3557752,3381114,239460,3797212,3620574,79.1329991607827,75.4519050565393,151
-7.6926,53.28823,2021/09/15 23:00:00+00,Thu 16 Sep 2021,1922,10590,116,3559674,3391704,239576,3799250,3631280,79.1754705983242,75.6750155620932,152
-7.6926,53.28823,2021/09/16 23:00:00+00,Fri 17 Sep 2021,2566,14634,95,3562240,3406338,239671,3801911,3646009,79.230925208382,75.9819644352768,153
-7.6926,53.28823,2021/09/17 23:00:00+00,Sat 18 Sep 2021,2292,11247,48,3564532,3417585,239719,3804251,3657304,79.2796902544306,76.2173495613959,154
-7.6926,53.28823,2021/09/18 23:00:00+00,Sun 19 Sep 2021,1865,8500,16,3566397,3426085,239735,3806132,3665820,79.3188898491389,76.3948209853915,155
-7.6926,53.28823,2021/09/19 23:00:00+00,Mon 20 Sep 2021,968,5649,35,3567365,3431734,239770,3807135,3671504,79.3397921316973,76.5132741998104,156
-7.6926,53.28823,2021/09/20 23:00:00+00,Tue 21 Sep 2021,1479,6694,90,3568844,3438428,239860,3808704,3678288,79.3724897202658,76.6546511538247,157
-7.6926,53.28823,2021/09/21 23:00:00+00,Wed 22 Sep 2021,1904,8174,97,3570748,3446602,239957,3810705,3686559,79.4141900865663,76.8270168358195,158
-7.6926,53.28823,2021/09/22 23:00:00+00,Thu 23 Sep 2021,1693,8745,89,3572441,3455347,240046,3812487,3695393,79.451326544711,77.0111153045346,159
-7.6926,53.28823,2021/09/23 23:00:00+00,Fri 24 Sep 2021,1917,7410,81,3574358,3462757,240127,3814485,3702884,79.4929643917217,77.1672259711799,160
-7.6926,53.28823,2021/09/24 23:00:00+00,Sat 25 Sep 2021,2426,6619,53,3576784,3469376,240180,3816964,3709556,79.5446261648646,77.3062688717081,161
-7.6926,53.28823,2021/09/25 23:00:00+00,Sun 26 Sep 2021,1550,7102,0,3578334,3476478,240180,3818514,3716658,79.576927797931,77.4542728704419,162
-7.6926,53.28823,2021/09/26 23:00:00+00,Mon 27 Sep 2021,1181,3845,45,3579515,3480323,240225,3819740,3720548,79.6024773476983,77.5353395495569,163
-7.6926,53.28823,2021/09/27 23:00:00+00,Tue 28 Sep 2021,1458,5163,94,3580973,3485486,240319,3821292,3725805,79.6348206602912,77.64489418506,164
-7.6926,53.28823,2021/09/28 23:00:00+00,Wed 29 Sep 2021,1654,3640,80,3582627,3489126,240399,3823026,3729525,79.670956809799,77.7224181044193,165
-7.6926,53.28823,2021/09/29 23:00:00+00,Thu 30 Sep 2021,1278,4003,78,3583905,3493129,240477,3824382,3733606,79.6992155287913,77.8074651783186,166
-7.6926,53.28823,2021/09/30 23:00:00+00,Fri 01 Oct 2021,1874,5213,42,3585779,3498342,240519,3826298,3738861,79.739144515214,77.9169781342952,167
-7.6926,53.28823,2021/10/01 23:00:00+00,Sat 02 Oct 2021,1684,4112,41,3587463,3502454,240560,3828023,3743014,79.7750931068524,78.0035256711498,168
-7.6926,53.28823,2021/10/02 23:00:00+00,Sun 03 Oct 2021,1197,3026,9,3588660,3505480,240569,3829229,3746049,79.8002258613543,78.0667743526701,169
-7.6926,53.28823,2021/10/03 23:00:00+00,Mon 04 Oct 2021,350,1244,18,3589010,3506724,240587,3829597,3747311,79.8078948942372,78.0930741339151,170
-7.6926,53.28823,2021/10/04 23:00:00+00,Tue 05 Oct 2021,960,2847,70,3589970,3509571,240657,3830627,3750228,79.8293598504038,78.1538637233696,171
-7.6926,53.28823,2021/10/05 23:00:00+00,Wed 06 Oct 2021,974,2586,40,3590944,3512157,240697,3831641,3752854,79.8504913703582,78.2085889417131,172
-7.6926,53.28823,2021/10/06 23:00:00+00,Thu 07 Oct 2021,1214,2724,44,3592158,3514881,240741,3832899,3755622,79.8767077925502,78.2662734064406,173
-7.6926,53.28823,2021/10/07 23:00:00+00,Fri 08 Oct 2021,916,2765,48,3593074,3517646,240789,3833863,3758435,79.8967973243411,78.3248956605153,174
-7.6926,53.28823,2021/10/08 23:00:00+00,Sat 09 Oct 2021,725,2373,23,3593799,3520019,240812,3834611,3760831,79.912385467266,78.3748277333069,175
-7.6926,53.28823,2021/10/09 23:00:00+00,Sun 10 Oct 2021,1522,3930,3,3595321,3523949,240815,3836136,3764764,79.9441661062507,78.4567905222424,176
-7.6926,53.28823,2021/10/10 23:00:00+00,Mon 11 Oct 2021,335,1150,19,3595656,3525099,240834,3836490,3765933,79.9515433824478,78.4811522055034,177
-7.6926,53.28823,2021/10/11 23:00:00+00,Tue 12 Oct 2021,563,1634,21,3596219,3526733,240855,3837074,3767588,79.9637138041967,78.515642013713,178
-7.6926,53.28823,2021/10/12 23:00:00+00,Wed 13 Oct 2021,991,2090,11,3597210,3528823,240866,3838076,3769689,79.9845952469918,78.5594263563404,179
-7.6926,53.28823,2021/10/13 23:00:00+00,Thu 14 Oct 2021,655,1622,9,3597865,3530445,240875,3838740,3771320,79.9984328498022,78.5934160102315,180
-7.6926,53.28823,2021/10/14 23:00:00+00,Fri 15 Oct 2021,957,2091,10,3598822,3532536,240885,3839707,3773421,80.018584900883,78.6372003528589,181
-7.6926,53.28823,2021/10/15 23:00:00+00,Sat 16 Oct 2021,1384,2663,14,3600206,3535199,240899,3841105,3776098,80.0477188899325,78.692988399129,182
-7.6926,53.28823,2021/10/16 23:00:00+00,Sun 17 Oct 2021,1709,2894,3,3601915,3538093,240902,3842817,3778995,80.0833965646484,78.7533611933182,183
-7.6926,53.28823,2021/10/17 23:00:00+00,Mon 18 Oct 2021,680,1268,6,3602595,3539361,240908,3843503,3780269,80.0976926422507,78.7799110517224,184
-7.6926,53.28823,2021/10/18 23:00:00+00,Tue 19 Oct 2021,1343,1817,13,3603938,3541178,240921,3844859,3782099,80.1259513612429,78.818047818504,185
-7.6926,53.28823,2021/10/19 23:00:00+00,Wed 20 Oct 2021,2263,2352,1,3606201,3543530,240922,3847123,3784452,80.1731325852831,78.8670837814751,186
-7.6926,53.28823,2021/10/20 23:00:00+00,Thu 21 Oct 2021,1732,1865,11,3607933,3545395,240933,3848866,3786328,80.2094562926603,78.906179177367,187
-7.6926,53.28823,2021/10/21 23:00:00+00,Fri 22 Oct 2021,1509,1945,3,3609442,3547340,240936,3850378,3788276,80.2409660147225,78.9467750362143,188
-7.6926,53.28823,2021/10/22 23:00:00+00,Sat 23 Oct 2021,2018,1716,1,3611460,3549056,240937,3852397,3789993,80.2830414967618,78.9825569097465,189
-7.6926,53.28823,2021/10/23 23:00:00+00,Sun 24 Oct 2021,1960,2192,2,3613420,3551248,240939,3854359,3792187,80.3239291122949,79.0282793503579,190
-7.6926,53.28823,2021/10/24 23:00:00+00,Mon 25 Oct 2021,1242,869,2,3614662,3552117,240941,3855603,3793058,80.349853777801,79.0464307841649,191
-7.6926,53.28823,2021/10/25 23:00:00+00,Tue 26 Oct 2021,1247,1245,6,3615909,3553362,240947,3856856,3794309,80.3759660011766,79.0725013280139,192
-7.6926,53.28823,2021/10/26 23:00:00+00,Wed 27 Oct 2021,1569,1440,6,3617478,3554802,240953,3858431,3795755,80.4087886283247,79.1026356257003,193
-7.6926,53.28823,2021/10/27 23:00:00+00,Thu 28 Oct 2021,2161,1714,5,3619639,3556516,240958,3860597,3797474,80.4539275555645,79.1384591787591,194
-7.6926,53.28823,2021/10/28 23:00:00+00,Fri 29 Oct 2021,2148,1386,3,3621787,3557902,240961,3862748,3798863,80.4987538863554,79.1674056099392,195
-7.6926,53.28823,2021/10/29 23:00:00+00,Sat 30 Oct 2021,2021,1463,1,3623808,3559365,240962,3864770,3800327,80.5408918876845,79.1979150233645,196
-7.6926,53.28823,2021/10/30 23:00:00+00,Sun 31 Oct 2021,1601,1322,0,3625409,3560687,240962,3866371,3801649,80.5742563486776,79.2254651904056,197
-7.6926,53.28823,2021/11/01 00:00:00+00,Mon 01 Nov 2021,297,306,2,3625706,3560993,240964,3866670,3801957,80.5804874378949,79.2318838374924,198
-7.6926,53.28823,2021/11/02 00:00:00+00,Tue 02 Nov 2021,1100,1101,10,3626806,3562094,240974,3867780,3803068,80.6036195751231,79.2550368144838,199
-7.6926,53.28823,2021/11/03 00:00:00+00,Wed 03 Nov 2021,2540,1889,7,3629346,3563983,240981,3870327,3804964,80.6566984521683,79.2945490056411,200
-7.6926,53.28823,2021/11/04 00:00:00+00,Thu 04 Nov 2021,1539,1297,2,3630885,3565280,240983,3871868,3806263,80.6888125273652,79.3216198581271,201
-7.6926,53.28823,2021/11/05 00:00:00+00,Fri 05 Nov 2021,1630,1109,4,3632515,3566389,240987,3873502,3807376,80.7228647005462,79.344814514645,202
-7.6926,53.28823,2021/11/06 00:00:00+00,Sat 06 Nov 2021,1824,1366,6,3634339,3567755,240993,3875332,3808748,80.7610014673277,79.3734066698496,203
-7.6926,53.28823,2021/11/07 00:00:00+00,Sun 07 Nov 2021,698,775,0,3635037,3568530,240993,3876030,3809523,80.7755476220892,79.3895574863828,204
-7.6926,53.28823,2021/11/08 00:00:00+00,Mon 08 Nov 2021,520,539,4,3635557,3569069,240997,3876554,3810066,80.786467658042,79.4008734778376,205
-7.6926,53.28823,2021/11/09 00:00:00+00,Tue 09 Nov 2021,1375,1077,4,3636932,3570146,241001,3877933,3811147,80.8152056915894,79.423401261931,206
-7.6926,53.28823,2021/11/10 00:00:00+00,Wed 10 Nov 2021,1604,1370,2,3638536,3571516,241003,3879539,3812519,80.8486743513988,79.4519934171356,207
-7.6926,53.28823,2021/11/11 00:00:00+00,Thu 11 Nov 2021,1395,1129,2,3639931,3572645,241005,3880936,3813650,80.8777875006851,79.4755631893924,208
-7.6926,53.28823,2021/11/12 00:00:00+00,Fri 12 Nov 2021,1144,1163,6,3641075,3573808,241011,3882086,3814819,80.901753228444,79.4999248726534,209
-7.6926,53.28823,2021/11/13 00:00:00+00,Sat 13 Nov 2021,1396,1386,0,3642471,3575194,241011,3883482,3816205,80.930845537967,79.5288087845437,210
-7.6926,53.28823,2021/11/14 00:00:00+00,Sun 14 Nov 2021,1648,1808,1,3644119,3577002,241012,3885131,3818014,80.965210307597,79.5665079162967,211
-7.6926,53.28823,2021/11/15 00:00:00+00,Mon 15 Nov 2021,1244,600,1,3645363,3577602,241013,3886376,3818615,80.9911558128664,79.5790326140211,212
-7.6926,53.28823,2021/11/16 00:00:00+00,Tue 16 Nov 2021,1321,1085,5,3646684,3578687,241018,3887702,3819705,81.0187893389606,79.6017479559839,213
-7.6926,53.28823,2021/11/17 00:00:00+00,Wed 17 Nov 2021,1503,1127,3,3648187,3579814,241021,3889208,3820835,81.0501740224432,79.6252968884775,214
-7.6926,53.28823,2021/11/18 00:00:00+00,Thu 18 Nov 2021,1641,2521,5,3649828,3582335,241026,3890854,3823361,81.0844762727833,79.677938130494,215
-7.6926,53.28823,2021/11/19 00:00:00+00,Fri 19 Nov 2021,1166,1566,0,3650994,3583901,241026,3892020,3824927,81.1087754367545,79.7105731997727,216
-7.6926,53.28823,2021/11/20 00:00:00+00,Sat 20 Nov 2021,1547,2952,12,3652541,3586853,241038,3893579,3827891,81.1412646276903,79.7723422581009,217
-7.6926,53.28823,2021/11/21 00:00:00+00,Sun 21 Nov 2021,1790,2772,0,3654331,3589625,241038,3895369,3830663,81.1785678039412,79.8301100818815,218
-7.6926,53.28823,2021/11/22 00:00:00+00,Mon 22 Nov 2021,725,523,3,3655056,3590148,241041,3896097,3831189,81.1937391516007,79.8410717973608,219
-7.6926,53.28823,2021/11/23 00:00:00+00,Tue 23 Nov 2021,2159,1604,8,3657215,3591752,241049,3898264,3832801,81.2388989186038,79.8746654957498,220
-7.6926,53.28823,2021/11/24 00:00:00+00,Wed 24 Nov 2021,1615,3155,2,3658830,3594907,241051,3899881,3835958,81.2725968158092,79.9404566283889,221
-7.6926,53.28823,2021/11/25 00:00:00+00,Thu 25 Nov 2021,982,1191,2,3659812,3596098,241053,3900865,3837151,81.2931031428655,79.9653184659684,222
-7.6926,53.28823,2021/04/17 23:00:00+00,Sun 18 Apr 2021,1081,490,0,902695,380608,279,902974,380887,18.8177643977235,7.93759491209684,223
-7.6926,53.28823,2021/04/18 23:00:00+00,Mon 19 Apr 2021,6773,2271,0,909468,382879,279,909747,383158,18.9589121143419,7.98492201447988,224
-7.6926,53.28823,2021/04/19 23:00:00+00,Tue 20 Apr 2021,15106,7334,1,924574,390213,280,924854,390493,19.2737384180411,8.13778167805525,225
-7.6926,53.28823,2021/04/20 23:00:00+00,Wed 21 Apr 2021,26750,9908,4,951324,400121,284,951608,400405,19.8312854445299,8.34434541157386,226
-7.6926,53.28823,2021/04/21 23:00:00+00,Thu 22 Apr 2021,31647,12199,1,982971,412320,285,983256,412605,20.4908222724553,8.59859052345109,227
-7.6926,53.28823,2021/04/22 23:00:00+00,Fri 23 Apr 2021,33627,12367,3,1016598,424687,288,1016886,424975,21.1916635111792,8.85637839508398,228
-7.6926,53.28823,2021/04/23 23:00:00+00,Sat 24 Apr 2021,23714,7014,2,1040312,431701,290,1040602,431991,21.6858993368579,9.00259017417666,229
-7.6926,53.28823,2021/04/24 23:00:00+00,Sun 25 Apr 2021,9760,312,3,1050072,432013,293,1050365,432306,21.8893579456495,9.00915469960627,230
-7.6926,53.28823,2021/04/25 23:00:00+00,Mon 26 Apr 2021,15607,3064,4,1065679,435077,297,1065976,435374,22.214687490036,9.07309109331442,231
-7.6926,53.28823,2021/04/26 23:00:00+00,Tue 27 Apr 2021,25935,7827,9,1091614,442904,306,1091920,443210,22.7553543082772,9.23639147828736,232
-7.6926,53.28823,2021/04/27 23:00:00+00,Wed 28 Apr 2021,26061,8632,6,1117675,451536,312,1117987,451848,23.2985844174005,9.41640535340175,233
-7.6926,53.28823,2021/04/28 23:00:00+00,Thu 29 Apr 2021,31708,11339,7,1149383,462875,319,1149702,463194,23.9595175094649,9.65285330744757,234
-7.6926,53.28823,2021/04/29 23:00:00+00,Fri 30 Apr 2021,36120,13547,8,1185503,476422,327,1185830,476749,24.7124164768338,9.93533629855378,235
-7.6926,53.28823,2021/04/30 23:00:00+00,Sat 01 May 2021,16640,6704,21,1202143,483126,348,1202491,483474,25.0596277726524,10.0754837065353,236
-7.6926,53.28823,2021/05/01 23:00:00+00,Sun 02 May 2021,12483,915,16,1214626,484041,364,1214990,484405,25.3201039737469,10.0948855261384,237
-7.6926,53.28823,2021/05/02 23:00:00+00,Mon 03 May 2021,14283,941,21,1228909,484982,385,1229294,485367,25.6181959475413,10.1149333784028,238
-7.6926,53.28823,2021/05/03 23:00:00+00,Tue 04 May 2021,26683,6811,11,1255592,491793,396,1255988,492189,26.174492588234,10.2571022434214,239
-7.6926,53.28823,2021/05/04 23:00:00+00,Wed 05 May 2021,32153,13474,70,1287745,505267,466,1288211,505733,26.8460122800389,10.5393559971316,240
-7.6926,53.28823,2021/05/05 23:00:00+00,Thu 06 May 2021,37312,14388,133,1325057,519655,599,1325656,520254,27.6263572156326,10.8419701995553,241
-7.6926,53.28823,2021/05/06 23:00:00+00,Fri 07 May 2021,40616,15103,99,1365673,534758,698,1366371,535456,28.4748481771146,11.158776280765,242
-7.6926,53.28823,2021/05/07 23:00:00+00,Sat 08 May 2021,25647,7070,10,1391320,541828,708,1392028,542536,29.0095339832978,11.3063218047068,243
-7.6926,53.28823,2021/05/08 23:00:00+00,Sun 09 May 2021,19687,936,5,1411007,542764,713,1411720,543477,29.4199106015835,11.3259320219426,244
-7.6926,53.28823,2021/05/09 23:00:00+00,Mon 10 May 2021,28868,4667,172,1439875,547431,885,1440760,548316,30.0250973269044,11.4267756363995,245
-7.6926,53.28823,2021/05/10 23:00:00+00,Tue 11 May 2021,33932,14826,153,1473807,562257,1038,1474845,563295,30.7354206579155,11.7389344504002,246
-7.6926,53.28823,2021/05/11 23:00:00+00,Wed 12 May 2021,31316,20940,175,1505123,583197,1213,1506336,584410,31.3916856430078,12.1789660518172,247
-7.6926,53.28823,2021/05/12 23:00:00+00,Thu 13 May 2021,36022,25490,153,1541145,608687,1366,1542511,610053,32.1455640792503,12.7133601013146,248
-7.6926,53.28823,2021/05/13 23:00:00+00,Fri 14 May 2021,38247,27960,237,1579392,636647,1603,1580995,638250,32.9475615288801,13.3009789062,249
-7.6926,53.28823,2021/05/14 23:00:00+00,Sat 15 May 2021,28894,12471,22,1608286,649118,1625,1609911,650743,33.5501641235556,13.561330068715,250
-7.6926,53.28823,2021/05/15 23:00:00+00,Sun 16 May 2021,23199,1185,11,1631485,650303,1636,1633121,651939,34.0338550290204,13.5862544255842,251
-7.6926,53.28823,2021/05/16 23:00:00+00,Mon 17 May 2021,35409,3968,120,1666894,654271,1756,1668650,656027,34.7742709781914,13.6714473778264,252
-7.6926,53.28823,2021/05/17 23:00:00+00,Tue 18 May 2021,39046,12518,127,1705940,666789,1883,1707823,668672,35.5906270247132,13.9349661843581,253
-7.6926,53.28823,2021/05/18 23:00:00+00,Wed 19 May 2021,37055,17621,212,1742995,684410,2095,1745090,686505,36.3672624824451,14.3066016827275,254
-7.6926,53.28823,2021/05/19 23:00:00+00,Thu 20 May 2021,39116,19650,138,1782111,704060,2233,1784344,706293,37.1853065497917,14.7189789182871,255
-7.6926,53.28823,2021/05/20 23:00:00+00,Fri 21 May 2021,25863,23271,14936,1807974,727331,17169,1825143,744500,38.0355480513884,15.5152037534914,256
-7.6926,53.28823,2021/05/21 23:00:00+00,Sat 22 May 2021,16615,10263,13524,1824589,737594,30693,1855282,768287,38.6636376765414,16.0109192023622,257
-7.6926,53.28823,2021/05/22 23:00:00+00,Sun 23 May 2021,8237,5544,10205,1832826,743138,40898,1873724,784036,39.0479645907414,16.3391246340798,258
-7.6926,53.28823,2021/05/23 23:00:00+00,Mon 24 May 2021,22572,8252,8453,1855398,751390,49351,1904749,800741,39.6945182461505,16.6872528794822,259
-7.6926,53.28823,2021/05/24 23:00:00+00,Tue 25 May 2021,30386,16531,3225,1885784,767921,52576,1938360,820497,40.3949635293723,17.0989632426171,260
-7.6926,53.28823,2022/03/17 00:00:00+00,Thu 17 Mar 2022,1,2,0,3838414,3773359,241159,4079573,4014518,85.017335557075,83.6616047576346,261
-7.6926,53.28823,2022/10/24 23:00:00+00,Tue 25 Oct 2022,75,28,0,3862832,3816474,241194,4104026,4057668,85.5269302882827,84.5608405426758,262
-7.6926,53.28823,2021/05/25 23:00:00+00,Wed 26 May 2021,20002,25493,3055,1905786,793414,55631,1961417,849045,40.875465951057,17.6938968044099,263
-7.6926,53.28823,2021/05/26 23:00:00+00,Thu 27 May 2021,17041,36069,550,1922827,829483,56181,1979008,885664,41.2420582267154,18.4570280955436,264
-7.6926,53.28823,2021/05/27 23:00:00+00,Fri 28 May 2021,27068,31852,1562,1949895,861335,57743,2007638,919078,41.8387006490961,19.1533679454015,265
-7.6926,53.28823,2021/05/28 23:00:00+00,Sat 29 May 2021,24511,7407,538,1974406,868742,58281,2032687,927023,42.3607158792119,19.3189398645707,266
-7.6926,53.28823,2021/05/29 23:00:00+00,Sun 30 May 2021,24276,1696,210,1998682,870438,58491,2057173,928929,42.8709983226075,19.3586604533607,267
-7.6926,53.28823,2021/05/30 23:00:00+00,Mon 31 May 2021,22618,7324,3445,2021300,877762,61936,2083236,939698,43.4141450726776,19.5830838640005,268
-7.6926,53.28823,2021/05/31 23:00:00+00,Tue 01 Jun 2021,27639,11542,3657,2048939,889304,65593,2114532,954897,44.0663463039325,19.8998274259204,269
-7.6926,53.28823,2021/11/26 00:00:00+00,Fri 26 Nov 2021,1279,1116,12,3661091,3597214,241065,3902156,3838279,81.3200072772453,79.9888257189354,270
-7.6926,53.28823,2021/06/01 23:00:00+00,Wed 02 Jun 2021,18733,20925,4009,2067672,910229,69602,2137274,979831,44.5402842001876,20.4194460832603,271
-7.6926,53.28823,2021/06/02 23:00:00+00,Thu 03 Jun 2021,16723,30719,1978,2084395,940948,71580,2155975,1012528,44.9300086130742,21.1008438228545,272
-7.6926,53.28823,2021/06/03 23:00:00+00,Fri 04 Jun 2021,29025,23358,155,2113420,964306,71735,2185155,1036041,45.5381129052526,21.5908491765897,273
-7.6926,53.28823,2021/06/04 23:00:00+00,Sat 05 Jun 2021,20986,11514,37,2134406,975820,71772,2206178,1047592,45.976227248449,21.8315692821056,274
-7.6926,53.28823,2021/06/05 23:00:00+00,Sun 06 Jun 2021,19971,3927,47,2154377,979747,71819,2226196,1051566,46.3933976295603,21.9143865013351,275
-7.6926,53.28823,2021/06/06 23:00:00+00,Mon 07 Jun 2021,19857,4614,48,2174234,984361,71867,2246101,1056228,46.8082131174223,22.0115414776934,276
-7.6926,53.28823,2021/06/07 23:00:00+00,Tue 08 Jun 2021,26442,18357,48,2200676,1002718,71915,2272591,1074633,47.3602584464082,22.3950973206525,277
-7.6926,53.28823,2021/06/08 23:00:00+00,Wed 09 Jun 2021,32846,20140,178,2233522,1022858,72093,2305615,1094951,48.0484707885912,22.8185196307444,278
-7.6926,53.28823,2021/06/09 23:00:00+00,Thu 10 Jun 2021,27727,27516,273,2261249,1050374,72366,2333615,1122740,48.6319841601127,23.3976358122162,279
-7.6926,53.28823,2021/06/10 23:00:00+00,Fri 11 Jun 2021,26479,32920,44,2287728,1083294,72410,2360138,1155704,49.1847172012865,24.0845977686032,280
-7.6926,53.28823,2021/06/11 23:00:00+00,Sat 12 Jun 2021,12242,19739,105,2299970,1103033,72515,2372485,1175548,49.4420257583642,24.4981420309058,281
-7.6926,53.28823,2021/06/12 23:00:00+00,Sun 13 Jun 2021,8566,18186,835,2308536,1121219,73350,2381886,1194569,49.6379403728525,24.8945351680383,282
-7.6926,53.28823,2021/06/13 23:00:00+00,Mon 14 Jun 2021,16047,31324,55,2324583,1152543,73405,2397988,1225948,49.9735022410039,25.5484660996445,283
-7.6926,53.28823,2021/06/14 23:00:00+00,Tue 15 Jun 2021,14738,41607,207,2339321,1194150,73612,2412933,1267762,50.2849525030535,26.4198599609588,284
-7.6926,53.28823,2021/06/15 23:00:00+00,Wed 16 Jun 2021,13503,48414,220,2352824,1242564,73832,2426656,1316396,50.5709365743889,27.4333810077651,285
-7.6926,53.28823,2021/06/16 23:00:00+00,Thu 17 Jun 2021,21603,42711,535,2374427,1285275,74367,2448794,1359642,51.0322872536297,28.3346174100801,286
-7.6926,53.28823,2021/06/17 23:00:00+00,Fri 18 Jun 2021,12036,50044,555,2386463,1335319,74922,2461385,1410241,51.294680712945,29.3890885917092,287
-7.6926,53.28823,2021/06/18 23:00:00+00,Sat 19 Jun 2021,6346,32827,434,2392809,1368146,75356,2468165,1443502,51.4359743079062,30.082239957787,288
-7.6926,53.28823,2021/06/19 23:00:00+00,Sun 20 Jun 2021,8539,26157,178,2401348,1394303,75534,2476882,1469837,51.6176345243189,30.6310551234662,289
-7.6926,53.28823,2021/06/20 23:00:00+00,Mon 21 Jun 2021,15511,32365,575,2416859,1426668,76109,2492968,1502777,51.952862956258,31.3175169255347,290
-7.6926,53.28823,2021/06/21 23:00:00+00,Tue 22 Jun 2021,15168,43580,723,2432027,1470248,76832,2508859,1547080,52.2840276343597,32.2407809576246,291
-7.6926,53.28823,2021/06/22 23:00:00+00,Wed 23 Jun 2021,20111,39417,886,2452138,1509665,77718,2529856,1587383,52.721600143711,33.08068593664,292
-7.6926,53.28823,2021/06/23 23:00:00+00,Thu 24 Jun 2021,19053,44288,1033,2471191,1553953,78751,2549942,1632704,53.1401876287246,34.0251648477374,293
-7.6926,53.28823,2021/06/24 23:00:00+00,Fri 25 Jun 2021,15235,50145,844,2486426,1604098,79595,2566021,1683693,53.4752701823208,35.0877635370413,294
-7.6926,53.28823,2021/06/25 23:00:00+00,Sat 26 Jun 2021,9091,30595,513,2495517,1634693,80108,2575625,1714801,53.6754152687527,35.7360468928017,295
-7.6926,53.28823,2021/06/26 23:00:00+00,Sun 27 Jun 2021,8749,30495,59,2504266,1665188,80167,2584433,1745355,53.8589719036228,36.3727850197113,296
-7.6926,53.28823,2021/06/27 23:00:00+00,Mon 28 Jun 2021,24258,24683,528,2528524,1689871,80695,2609219,1770566,54.3755062759989,36.8981762914766,297
-7.6926,53.28823,2021/06/28 23:00:00+00,Tue 29 Jun 2021,28167,31073,812,2556691,1720944,81507,2638198,1802451,54.9794217757604,37.5626521432967,298
-7.6926,53.28823,2021/06/29 23:00:00+00,Wed 30 Jun 2021,22610,36902,593,2579301,1757846,82100,2661401,1839946,55.4629668028823,38.3440390670538,299
-7.6926,53.28823,2021/06/30 23:00:00+00,Thu 01 Jul 2021,15071,48336,644,2594372,1806182,82744,2677116,1888926,55.7904636826487,39.3647706719511,300
-7.6926,53.28823,2021/07/01 23:00:00+00,Fri 02 Jul 2021,13713,47299,819,2608085,1853481,83563,2691648,1937044,56.0933071224684,40.3675384009108,301
-7.6926,53.28823,2021/07/02 23:00:00+00,Sat 03 Jul 2021,9337,30503,507,2617422,1883984,84070,2701492,1968054,56.2984537520848,41.0137794598708,302
-7.6926,53.28823,2021/07/03 23:00:00+00,Sun 04 Jul 2021,6466,27797,233,2623888,1911781,84303,2708191,1996084,56.4380593262213,41.5979180242904,303
-7.6926,53.28823,2021/07/04 23:00:00+00,Mon 05 Jul 2021,15651,33492,5344,2639539,1945273,89647,2729186,2034920,56.8755901560461,42.4072510705907,304
-7.6926,53.28823,2021/07/05 23:00:00+00,Tue 06 Jul 2021,12421,48323,5490,2651960,1993596,95137,2747097,2088733,57.2488511559504,43.5287012513653,305
-7.6926,53.28823,2021/07/06 23:00:00+00,Wed 07 Jul 2021,19728,43786,5060,2671688,2037382,100197,2771885,2137579,57.7654272078531,44.5466403279845,306
-7.6926,53.28823,2021/07/07 23:00:00+00,Thu 08 Jul 2021,17808,45632,6003,2689496,2083014,106200,2795696,2189214,58.2616428110423,45.62270150436,307
-7.6926,53.28823,2021/07/08 23:00:00+00,Fri 09 Jul 2021,13537,45122,6534,2703033,2128136,112734,2815767,2240870,58.6799176996069,46.6992003157641,308
-7.6926,53.28823,2021/07/09 23:00:00+00,Sat 10 Jul 2021,8663,23900,4365,2711696,2152036,117099,2828795,2269135,58.9514181354705,47.2882362245518,309
-7.6926,53.28823,2021/07/10 23:00:00+00,Sun 11 Jul 2021,15250,16135,2153,2726946,2168171,119252,2846198,2287423,59.3140925356344,47.6693538152084,310
-7.6926,53.28823,2021/07/11 23:00:00+00,Mon 12 Jul 2021,17137,31789,6095,2744083,2199960,125347,2869430,2325307,59.7982419158911,48.458847406877,311
-7.6926,53.28823,2021/07/12 23:00:00+00,Tue 13 Jul 2021,20126,36598,8490,2764209,2236558,133837,2898046,2370395,60.3945925815861,49.3984706531328,312
-7.6926,53.28823,2021/07/13 23:00:00+00,Wed 14 Jul 2021,20809,35744,9335,2785018,2272302,143172,2928190,2415474,61.0227864055556,50.3379063415191,313
-7.6926,53.28823,2021/07/14 23:00:00+00,Thu 15 Jul 2021,23676,28869,9587,2808694,2301171,152759,2961453,2453930,61.7159794511598,51.1393202777774,314
-7.6926,53.28823,2021/07/15 23:00:00+00,Fri 16 Jul 2021,23535,27456,9169,2832229,2328627,161928,2994157,2490555,62.3975230690969,51.9025766074908,315
-7.6926,53.28823,2021/07/16 23:00:00+00,Sat 17 Jul 2021,11523,19455,4678,2843752,2348082,166606,3010358,2514688,62.7351480738119,52.4055026144525,316
-7.6926,53.28823,2021/07/17 23:00:00+00,Sun 18 Jul 2021,16876,15842,1933,2860628,2363924,168539,3029167,2532463,63.1271231811315,52.7759294065523,317
-7.6926,53.28823,2021/07/18 23:00:00+00,Mon 19 Jul 2021,24924,18471,6253,2885552,2382395,174792,3060344,2557187,63.7768444805574,53.2911717136058,318
-7.6926,53.28823,2021/07/19 23:00:00+00,Tue 20 Jul 2021,30614,18208,7700,2916166,2400603,182492,3098658,2583095,64.5752991704315,53.8310883003693,319
-7.6926,53.28823,2021/07/20 23:00:00+00,Wed 21 Jul 2021,30386,19865,6895,2946552,2420468,189387,3135939,2609855,65.3522263848492,54.3887603654377,320
-7.6926,53.28823,2021/07/21 23:00:00+00,Thu 22 Jul 2021,33561,15952,6938,2980113,2436420,196325,3176438,2632745,66.1962159574652,54.8657825466566,321
-7.6926,53.28823,2021/07/22 23:00:00+00,Fri 23 Jul 2021,27106,20869,5616,3007219,2457289,201941,3209160,2659230,66.8781346911412,55.4177236768261,322
-7.6926,53.28823,2021/07/23 23:00:00+00,Sat 24 Jul 2021,15454,14835,2277,3022673,2472124,204218,3226891,2676342,67.2476445336572,55.7743337058788,323
-7.6926,53.28823,2021/07/24 23:00:00+00,Sun 25 Jul 2021,14746,13660,1046,3037419,2485784,205264,3242683,2691048,67.5767460751953,56.0808032645072,324
-7.6926,53.28823,2021/07/25 23:00:00+00,Mon 26 Jul 2021,23867,18338,3422,3061286,2504122,208686,3269972,2712808,68.1454423750328,56.5342765132325,325
-7.6926,53.28823,2021/07/26 23:00:00+00,Tue 27 Jul 2021,25540,23936,3672,3086826,2528058,212358,3299184,2740416,68.7542135396359,57.1096206975527,326
-7.6926,53.28823,2021/07/27 23:00:00+00,Wed 28 Jul 2021,23458,25320,3265,3110284,2553378,215623,3325907,2769001,69.3111145334634,57.7053253305864,327
-7.6926,53.28823,2021/07/28 23:00:00+00,Thu 29 Jul 2021,19305,27893,2966,3129589,2581271,218589,3348178,2799860,69.7752369012189,58.3484195852929,328
-7.6926,53.28823,2021/07/29 23:00:00+00,Fri 30 Jul 2021,21976,22974,2125,3151565,2604245,220714,3372279,2824959,70.277496035756,58.8714768035721,329
-7.6926,53.28823,2021/07/30 23:00:00+00,Sat 31 Jul 2021,13767,12512,907,3165332,2616757,221621,3386953,2838378,70.5832987219598,59.1511255868738,330
-7.6926,53.28823,2021/07/31 23:00:00+00,Sun 01 Aug 2021,11163,9366,369,3176495,2626123,221990,3398485,2848113,70.8236228719736,59.3540006822939,331
-7.6926,53.28823,2021/08/01 23:00:00+00,Mon 02 Aug 2021,15044,16069,431,3191539,2642192,222421,3413960,2864613,71.1461182085556,59.6978567762262,332
-7.6926,53.28823,2021/08/02 23:00:00+00,Tue 03 Aug 2021,17366,25471,1111,3208905,2667663,223532,3432437,2891195,71.53117451447,60.2518193634328,333
-7.6926,53.28823,2021/08/03 23:00:00+00,Wed 04 Aug 2021,22144,17340,1576,3231049,2685003,225108,3456157,2910111,72.0254936992018,60.6460243254221,334
-7.6926,53.28823,2021/08/04 23:00:00+00,Thu 05 Aug 2021,13559,30079,1421,3244608,2715082,226529,3471137,2941611,72.3376733529658,61.3024768683838,335
-7.6926,53.28823,2021/08/05 23:00:00+00,Fri 06 Aug 2021,12239,24774,949,3256847,2739856,227478,3484325,2967334,72.6125081509524,61.8385380989426,336
-7.6926,53.28823,2022/07/05 23:00:00+00,Wed 06 Jul 2022,60,83,0,3856444,3809929,241184,4097628,4051113,85.39359748289,84.4242358944499,337
-7.6926,53.28823,2022/10/25 23:00:00+00,Wed 26 Oct 2022,45,25,0,3862877,3816499,241194,4104071,4057693,85.5278680776298,84.5613615367575,338
-7.6926,53.28823,2022/07/06 23:00:00+00,Thu 07 Jul 2022,77,77,0,3856521,3810006,241184,4097705,4051190,85.3952021446617,84.4258405562216,339
-7.6926,53.28823,2022/03/18 00:00:00+00,Fri 18 Mar 2022,4,7,0,3838418,3773366,241159,4079577,4014525,85.0174189161281,83.6617506359775,340
-7.6926,53.28823,2022/03/19 00:00:00+00,Sat 19 Mar 2022,743,2779,0,3839161,3776145,241159,4080320,4017304,85.0329028602367,83.719664338101,341
-7.6926,53.28823,2022/07/07 23:00:00+00,Fri 08 Jul 2022,99,91,0,3856620,3810097,241184,4097804,4051281,85.3972652812253,84.4277369746791,342
-7.6926,53.28823,2022/10/26 23:00:00+00,Thu 27 Oct 2022,64,35,0,3862941,3816534,241194,4104135,4057728,85.529201822479,84.5620909284719,343
-7.6926,53.28823,2022/03/20 00:00:00+00,Sun 20 Mar 2022,395,1402,0,3839556,3777547,241159,4080715,4018706,85.0411345667278,83.7488816862036,344
-7.6926,53.28823,2021/11/27 00:00:00+00,Sat 27 Nov 2021,1200,1567,6,3662291,3598781,241071,3903362,3839852,81.3451400317473,80.0216066665569,345
-7.6926,53.28823,2022/07/08 23:00:00+00,Sat 09 Jul 2022,119,144,0,3856739,3810241,241184,4097923,4051425,85.3997452130543,84.4307379005897,346
-7.6926,53.28823,2022/10/27 23:00:00+00,Fri 28 Oct 2022,49,19,0,3862990,3816553,241194,4104184,4057747,85.5302229708791,84.562486883974,347
-7.6926,53.28823,2022/03/21 00:00:00+00,Mon 21 Mar 2022,57,112,0,3839613,3777659,241159,4080772,4018818,85.0423224332341,83.7512157396897,348
-7.6926,53.28823,2021/11/28 00:00:00+00,Sun 28 Nov 2021,1962,2263,1,3664253,3601044,241072,3905325,3842116,81.3860484870436,80.0687878905971,349
-7.6926,53.28823,2022/07/09 23:00:00+00,Sun 10 Jul 2022,134,219,0,3856873,3810460,241184,4098057,4051644,85.4025377413323,84.4353018087456,350
-7.6926,53.28823,2022/10/28 23:00:00+00,Sat 29 Oct 2022,87,64,0,3863077,3816617,241194,4104271,4057811,85.5320360302835,84.5638206288232,351
-7.6926,53.28823,2022/03/22 00:00:00+00,Tue 22 Mar 2022,141,575,0,3839754,3778234,241159,4080913,4019393,85.045260839855,83.7631986035692,352
-7.6926,53.28823,2021/11/29 00:00:00+00,Mon 29 Nov 2021,537,1005,2,3664790,3602049,241074,3905864,3843123,81.3972811194454,80.0897735322086,353
-7.6926,53.28823,2022/07/10 23:00:00+00,Mon 11 Jul 2022,11,16,0,3856884,3810476,241184,4098068,4051660,85.4027669787282,84.4356352449579,354
-7.6926,53.28823,2022/10/29 23:00:00+00,Sun 30 Oct 2022,11,6,0,3863088,3816623,241194,4104282,4057817,85.5322652676795,84.5639456674028,355
-7.6926,53.28823,2022/03/23 00:00:00+00,Wed 23 Mar 2022,102,221,0,3839856,3778455,241159,4081015,4019614,85.0473864957084,83.7678041912515,356
-7.6926,53.28823,2021/11/30 00:00:00+00,Tue 30 Nov 2021,1899,1656,6,3666689,3603705,241080,3907769,3844785,81.4369808684721,80.124409218761,357
-7.6926,53.28823,2022/07/11 23:00:00+00,Tue 12 Jul 2022,44,81,0,3856928,3810557,241184,4098112,4051741,85.403683928312,84.4373232657826,358
-7.6926,53.28823,2022/11/01 00:00:00+00,Tue 01 Nov 2022,97,25,0,3863185,3816648,241194,4104379,4057842,85.5342867247165,84.5644666614845,359
-7.6926,53.28823,2022/03/24 00:00:00+00,Thu 24 Mar 2022,147,245,0,3840003,3778700,241159,4081162,4019859,85.0504499409089,83.7729099332523,360
-7.6926,53.28823,2021/12/01 00:00:00+00,Wed 01 Dec 2021,1075,1392,4,3667764,3605097,241084,3908848,3846181,81.459466973039,80.153501528284,361
-7.6926,53.28823,2021/12/02 00:00:00+00,Thu 02 Dec 2021,1737,1418,0,3669501,3606515,241084,3910585,3847599,81.4956656418366,80.1830523125989,362
-7.6926,53.28823,2021/12/03 00:00:00+00,Fri 03 Dec 2021,1016,1207,2,3670517,3607722,241086,3911603,3848808,81.516880520844,80.2082475863907,363
-7.6926,53.28823,2021/12/04 00:00:00+00,Sat 04 Dec 2021,1205,1707,3,3671722,3609429,241089,3912811,3850518,81.5420549548725,80.2438835815801,364
-7.6926,53.28823,2021/12/05 00:00:00+00,Sun 05 Dec 2021,1349,1779,2,3673071,3611208,241091,3914162,3852299,81.5702094750484,80.2809991999615,365
-7.6926,53.28823,2021/12/06 00:00:00+00,Mon 06 Dec 2021,939,1306,0,3674010,3612514,241091,3915101,3853605,81.5897780127577,80.3082159307903,366
-7.6926,53.28823,2021/12/07 00:00:00+00,Tue 07 Dec 2021,487,752,2,3674497,3613266,241093,3915590,3854359,81.599968656996,80.3239291122949,367
-7.6926,53.28823,2021/12/08 00:00:00+00,Wed 08 Dec 2021,797,1528,2,3675294,3614794,241095,3916389,3855889,81.6166196278477,80.3558139500959,368
-7.6926,53.28823,2021/12/09 00:00:00+00,Thu 09 Dec 2021,787,1217,1,3676081,3616011,241096,3917177,3857107,81.6330413613034,80.381196781757,369
-7.6926,53.28823,2021/12/10 00:00:00+00,Fri 10 Dec 2021,895,1621,1,3676976,3617632,241097,3918073,3858729,81.651713789192,80.4149988777787,370
-7.6926,53.28823,2021/12/11 00:00:00+00,Sat 11 Dec 2021,645,851,2,3677621,3618483,241099,3918720,3859582,81.6651971160268,80.4327751958469,371
-7.6926,53.28823,2021/12/12 00:00:00+00,Sun 12 Dec 2021,686,1193,0,3678307,3619676,241099,3919406,3860775,81.6794931936291,80.4576370334264,372
-7.6926,53.28823,2021/12/13 00:00:00+00,Mon 13 Dec 2021,725,1073,1,3679032,3620749,241100,3920132,3861849,81.6946228617621,80.4800189391769,373
-7.6926,53.28823,2021/12/14 00:00:00+00,Tue 14 Dec 2021,631,1206,3,3679663,3621955,241103,3920766,3863058,81.7078352716744,80.5052142129686,374
-7.6926,53.28823,2021/12/15 00:00:00+00,Wed 15 Dec 2021,791,1260,1,3680454,3623215,241104,3921558,3864319,81.7243403641832,80.5314931544504,375
-7.6926,53.28823,2021/12/16 00:00:00+00,Thu 16 Dec 2021,1047,1552,8,3681501,3624767,241112,3922613,3865879,81.7463263144316,80.5640031851494,376
-7.6926,53.28823,2021/12/17 00:00:00+00,Fri 17 Dec 2021,1199,2460,1,3682700,3627227,241113,3923813,3868340,81.771334030354,80.6152898425535,377
-7.6926,53.28823,2021/12/18 00:00:00+00,Sat 18 Dec 2021,1252,1185,0,3683952,3628412,241113,3925065,3869525,81.7974254139663,80.6399849620268,378
-7.6926,53.28823,2021/12/19 00:00:00+00,Sun 19 Dec 2021,554,894,3,3684506,3629306,241116,3925622,3870422,81.8090331621069,80.6586782296788,379
-7.6926,53.28823,2021/12/20 00:00:00+00,Mon 20 Dec 2021,516,623,1,3685022,3629929,241117,3926139,3871046,81.8198073197168,80.6716822419584,380
-7.6926,53.28823,2021/12/21 00:00:00+00,Tue 21 Dec 2021,1406,1823,3,3686428,3631752,241120,3927548,3872872,81.8491705461623,80.7097356496869,381
-7.6926,53.28823,2021/12/22 00:00:00+00,Wed 22 Dec 2021,1169,1605,2,3687597,3633357,241122,3928719,3874479,81.8735739089498,80.7432251492596,382
-7.6926,53.28823,2021/12/23 00:00:00+00,Thu 23 Dec 2021,930,1404,0,3688527,3634761,241122,3929649,3875883,81.8929548887896,80.7724841768888,383
-7.6926,53.28823,2021/12/24 00:00:00+00,Fri 24 Dec 2021,101,165,0,3688628,3634926,241122,3929750,3876048,81.8950597048798,80.7759227378281,384
-7.6926,53.28823,2021/12/25 00:00:00+00,Sat 25 Dec 2021,2,6,0,3688630,3634932,241122,3929752,3876054,81.8951013844063,80.7760477764077,385
-7.6926,53.28823,2021/12/26 00:00:00+00,Sun 26 Dec 2021,12,13,0,3688642,3634945,241122,3929764,3876067,81.8953514615655,80.7763186933302,386
-7.6926,53.28823,2021/12/27 00:00:00+00,Mon 27 Dec 2021,392,591,0,3689034,3635536,241122,3930156,3876658,81.9035206487668,80.7886349934219,387
-7.6926,53.28823,2021/12/28 00:00:00+00,Tue 28 Dec 2021,469,752,0,3689503,3636288,241122,3930625,3877410,81.9132944977398,80.8043064953999,388
-7.6926,53.28823,2021/12/29 00:00:00+00,Wed 29 Dec 2021,1059,1317,0,3690562,3637605,241122,3931684,3878727,81.9353638070413,80.8317524636247,389
-7.6926,53.28823,2021/12/30 00:00:00+00,Thu 30 Dec 2021,1051,1205,1,3691613,3638810,241123,3932736,3879933,81.9572872379999,80.8568852181267,390
-7.6926,53.28823,2021/12/31 00:00:00+00,Fri 31 Dec 2021,716,1682,0,3692329,3640492,241123,3933452,3881615,81.9722085085002,80.8919376999445,391
-7.6926,53.28823,2022/01/01 00:00:00+00,Sat 01 Jan 2022,71,101,0,3692400,3640593,241123,3933523,3881716,81.9736881316923,80.8940425160346,392
-7.6926,53.28823,2022/01/02 00:00:00+00,Sun 02 Jan 2022,271,629,0,3692671,3641222,241123,3933794,3882345,81.9793357075381,80.9071507271306,393
-7.6926,53.28823,2022/01/03 00:00:00+00,Mon 03 Jan 2022,3634,729,1,3696305,3641951,241124,3937429,3883075,82.0550882470195,80.9223637543167,394
-7.6926,53.28823,2022/01/04 00:00:00+00,Tue 04 Jan 2022,1191,790,1,3697496,3642741,241125,3938621,3883866,82.0799292448358,80.9388480070622,395
-7.6926,53.28823,2022/01/05 00:00:00+00,Wed 05 Jan 2022,2139,916,0,3699635,3643657,241125,3940760,3884782,82.1245054984673,80.9579372302162,396
-7.6926,53.28823,2022/01/06 00:00:00+00,Thu 06 Jan 2022,2454,1698,1,3702089,3645355,241126,3943215,3886481,82.1756671172918,80.9933439880096,397
-7.6926,53.28823,2022/01/07 00:00:00+00,Fri 07 Jan 2022,4854,785,2,3706943,3646140,241128,3948071,3887268,82.2768650077243,81.009744881702,398
-7.6926,53.28823,2022/01/08 00:00:00+00,Sat 08 Jan 2022,9789,746,2,3716732,3646886,241130,3957862,3888016,82.4809071298874,81.025333024627,399
-7.6926,53.28823,2022/01/09 00:00:00+00,Sun 09 Jan 2022,7116,667,0,3723848,3647553,241130,3964978,3888683,82.6292028853069,81.0392331467271,400
-7.6926,53.28823,2022/01/10 00:00:00+00,Mon 10 Jan 2022,6668,512,1,3730516,3648065,241131,3971647,3889196,82.7681832665454,81.049923945284,401
-7.6926,53.28823,2022/01/11 00:00:00+00,Tue 11 Jan 2022,4779,1373,1,3735295,3649438,241132,3976427,3890570,82.8677973349694,81.078557780015,402
-7.6926,53.28823,2022/01/12 00:00:00+00,Wed 12 Jan 2022,7560,928,1,3742855,3650366,241133,3983988,3891499,83.0253667850435,81.0979179200916,403
-7.6926,53.28823,2022/01/13 00:00:00+00,Thu 13 Jan 2022,7322,818,0,3750177,3651184,241133,3991310,3892317,83.1779555316963,81.1149648464453,404
-7.6926,53.28823,2022/01/14 00:00:00+00,Fri 14 Jan 2022,10725,839,0,3760902,3652023,241133,4002035,3893156,83.4014619927523,81.1324494078277,405
-7.6926,53.28823,2022/01/15 00:00:00+00,Sat 15 Jan 2022,8363,654,2,3769265,3652677,241135,4010400,3893812,83.5757866124944,81.1461202925319,406
-7.6926,53.28823,2022/01/16 00:00:00+00,Sun 16 Jan 2022,6965,1216,1,3776230,3653893,241136,4017366,3895029,83.7209564034236,81.1714822844298,407
-7.6926,53.28823,2022/01/17 00:00:00+00,Mon 17 Jan 2022,2565,563,0,3778795,3654456,241136,4019931,3895592,83.7744103962077,81.1832150711501,408
-7.6926,53.28823,2022/01/18 00:00:00+00,Tue 18 Jan 2022,4056,455,3,3782851,3654911,241139,4023990,3896050,83.858998995315,81.1927596827271,409
-7.6926,53.28823,2022/01/19 00:00:00+00,Wed 19 Jan 2022,3487,623,0,3786338,3655534,241139,4027477,3896673,83.9316672498327,81.2057428552435,410
-7.6926,53.28823,2022/01/20 00:00:00+00,Thu 20 Jan 2022,3699,939,1,3790037,3656473,241140,4031177,3897613,84.0087743739266,81.225332232716,411
-7.6926,53.28823,2022/01/21 00:00:00+00,Fri 21 Jan 2022,3252,977,0,3793289,3657450,241140,4034429,3898590,84.0765452840762,81.2456926814294,412
-7.6926,53.28823,2022/01/22 00:00:00+00,Sat 22 Jan 2022,4274,645,0,3797563,3658095,241140,4038703,3899235,84.1656144322863,81.2591343287377,413
-7.6926,53.28823,2022/01/23 00:00:00+00,Sun 23 Jan 2022,3094,680,0,3800657,3658775,241140,4041797,3899915,84.2300926598394,81.2733053677603,414
-7.6926,53.28823,2022/01/24 00:00:00+00,Mon 24 Jan 2022,646,469,0,3801303,3659244,241140,4042443,3900384,84.2435551469109,81.2830792167333,415
-7.6926,53.28823,2022/01/25 00:00:00+00,Tue 25 Jan 2022,692,1839,1,3801995,3661083,241141,4043136,3902224,84.2579971028561,81.3214243811476,416
-7.6926,53.28823,2022/01/26 00:00:00+00,Wed 26 Jan 2022,700,898,0,3802695,3661981,241141,4043836,3903122,84.2725849371441,81.3401384885628,417
-7.6926,53.28823,2022/01/27 00:00:00+00,Thu 27 Jan 2022,1278,1178,0,3803973,3663159,241141,4045114,3904300,84.2992181546014,81.3646877296933,418
-7.6926,53.28823,2022/01/28 00:00:00+00,Fri 28 Jan 2022,1031,3095,1,3805004,3666254,241142,4046146,3907396,84.3207247902947,81.4292076367729,419
-7.6926,53.28823,2022/01/29 00:00:00+00,Sat 29 Jan 2022,2329,3446,0,3807333,3669700,241142,4048475,3910842,84.3692605989473,81.5010214609966,420
-7.6926,53.28823,2022/01/30 00:00:00+00,Sun 30 Jan 2022,1639,7538,0,3808972,3677238,241142,4050114,3918380,84.4034169709446,81.6581115965155,421
-7.6926,53.28823,2022/01/31 00:00:00+00,Mon 31 Jan 2022,483,1397,0,3809455,3678635,241142,4050597,3919777,84.4134825766033,81.6872247458018,422
-7.6926,53.28823,2022/02/01 00:00:00+00,Tue 01 Feb 2022,751,3422,1,3810206,3682057,241143,4051349,3923200,84.4291540785813,81.7585592554703,423
-7.6926,53.28823,2022/02/02 00:00:00+00,Wed 02 Feb 2022,653,2999,0,3810859,3685056,241143,4052002,3926199,84.4427624439957,81.8210577055129,424
-7.6926,53.28823,2022/02/03 00:00:00+00,Thu 03 Feb 2022,908,2436,1,3811767,3687492,241144,4052911,3928636,84.4617057888069,81.8718442085985,425
-7.6926,53.28823,2022/02/04 00:00:00+00,Fri 04 Feb 2022,1173,6524,0,3812940,3694016,241144,4054084,3935160,84.486150831121,82.007802824163,426
-7.6926,53.28823,2022/02/05 00:00:00+00,Sat 05 Feb 2022,1777,5750,0,3814717,3699766,241144,4055861,3940910,84.5231830904494,82.1276314629576,427
-7.6926,53.28823,2022/02/06 00:00:00+00,Sun 06 Feb 2022,1407,7556,0,3816124,3707322,241144,4057268,3948466,84.5525046373683,82.2850967142154,428
-7.6926,53.28823,2022/02/07 00:00:00+00,Mon 07 Feb 2022,442,1352,0,3816566,3708674,241144,4057710,3949818,84.5617158127331,82.3132720741545,429
-7.6926,53.28823,2022/02/08 00:00:00+00,Tue 08 Feb 2022,900,1239,0,3817466,3709913,241144,4058610,3951057,84.5804715996748,82.3390925408444,430
-7.6926,53.28823,2022/02/09 00:00:00+00,Wed 09 Feb 2022,1335,1785,0,3818801,3711698,241144,4059945,3952842,84.6082926836384,82.3762915182789,431
-7.6926,53.28823,2022/02/10 00:00:00+00,Thu 10 Feb 2022,687,2555,1,3819488,3714253,241145,4060633,3955398,84.6226304407672,82.4295579531935,432
-7.6926,53.28823,2022/02/11 00:00:00+00,Fri 11 Feb 2022,546,4927,0,3820034,3719180,241145,4061179,3960325,84.6340089515119,82.532235466818,433
-7.6926,53.28823,2022/02/12 00:00:00+00,Sat 12 Feb 2022,1397,5463,0,3821431,3724643,241145,4062576,3965788,84.6631221007982,82.6460830935545,434
-7.6926,53.28823,2022/02/13 00:00:00+00,Sun 13 Feb 2022,1566,4706,0,3822997,3729349,241145,4064142,3970494,84.6957571700768,82.7441550194966,435
-7.6926,53.28823,2022/02/14 00:00:00+00,Mon 14 Feb 2022,175,954,0,3823172,3730303,241145,4064317,3971448,84.6994041286489,82.7640361536549,436
-7.6926,53.28823,2022/02/15 00:00:00+00,Tue 15 Feb 2022,650,817,1,3823822,3731120,241146,4064968,3972266,84.7129708145367,82.7810830800086,437
-7.6926,53.28823,2022/02/16 00:00:00+00,Wed 16 Feb 2022,798,1787,0,3824620,3732907,241146,4065766,3974053,84.7296009456251,82.8183237369697,438
-7.6926,53.28823,2022/02/17 00:00:00+00,Thu 17 Feb 2022,791,1194,2,3825411,3734101,241148,4066559,3975249,84.7461268778971,82.843248093839,439
-7.6926,53.28823,2022/02/18 00:00:00+00,Fri 18 Feb 2022,792,3295,0,3826203,3737396,241148,4067351,3978544,84.7626319704059,82.9119151138091,440
-7.6926,53.28823,2022/02/19 00:00:00+00,Sat 19 Feb 2022,980,3556,0,3827183,3740952,241148,4068331,3982100,84.7830549384091,82.9860213119923,441
-7.6926,53.28823,2022/02/20 00:00:00+00,Sun 20 Feb 2022,1365,3588,0,3828548,3744540,241148,4069696,3985688,84.8115012152708,83.0607943826001,442
-7.6926,53.28823,2022/02/21 00:00:00+00,Mon 21 Feb 2022,255,997,1,3828803,3745537,241149,4069952,3986686,84.8168361946676,83.0815924663422,443
-7.6926,53.28823,2022/02/22 00:00:00+00,Tue 22 Feb 2022,475,986,1,3829278,3746523,241150,4070428,3987673,84.8267559219834,83.1021613126884,444
-7.6926,53.28823,2022/02/23 00:00:00+00,Wed 23 Feb 2022,829,1273,1,3830107,3747796,241151,4071258,3988947,84.8440529254964,83.1287111710926,445
-7.6926,53.28823,2022/02/24 00:00:00+00,Thu 24 Feb 2022,653,1237,0,3830760,3749033,241151,4071911,3990184,84.8576612909108,83.1544899582559,446
-7.6926,53.28823,2022/02/25 00:00:00+00,Fri 25 Feb 2022,693,1228,0,3831453,3750261,241151,4072604,3991412,84.872103246856,83.1800811875497,447
-7.6926,53.28823,2022/02/26 00:00:00+00,Sat 26 Feb 2022,960,2093,0,3832413,3752354,241151,4073564,3993505,84.8921094195938,83.223698812071,448
-7.6926,53.28823,2022/02/27 00:00:00+00,Sun 27 Feb 2022,671,1783,0,3833084,3754137,241151,4074235,3995288,84.9060929007471,83.2608561099789,449
-7.6926,53.28823,2022/02/28 00:00:00+00,Mon 28 Feb 2022,81,437,0,3833165,3754574,241151,4074316,3995725,84.9077809215718,83.2699630865273,450
-7.6926,53.28823,2022/03/01 00:00:00+00,Tue 01 Mar 2022,134,937,0,3833299,3755511,241151,4074450,3996662,84.9105734498498,83.28948994471,451
-7.6926,53.28823,2022/03/02 00:00:00+00,Wed 02 Mar 2022,207,997,2,3833506,3756508,241153,4074659,3997661,84.914928960373,83.3103088682154,452
-7.6926,53.28823,2022/03/03 00:00:00+00,Thu 03 Mar 2022,279,1278,0,3833785,3757786,241153,4074938,3998939,84.9207432543249,83.3369420856727,453
-7.6926,53.28823,2022/03/04 00:00:00+00,Fri 04 Mar 2022,735,1508,1,3834520,3759294,241154,4075674,4000448,84.9360813200906,83.368389288445,454
-7.6926,53.28823,2022/03/05 00:00:00+00,Sat 05 Mar 2022,963,3343,0,3835483,3762637,241154,4076637,4003791,84.9561500121183,83.438056617052,455
-7.6926,53.28823,2022/03/06 00:00:00+00,Sun 06 Mar 2022,455,1916,0,3835938,3764553,241154,4077092,4005707,84.9656321044055,83.4779856034747,456
-7.6926,53.28823,2022/03/07 00:00:00+00,Mon 07 Mar 2022,116,125,1,3836054,3764678,241155,4077209,4005833,84.968070356708,83.4806114136466,457
-7.6926,53.28823,2022/03/08 00:00:00+00,Tue 08 Mar 2022,120,493,0,3836174,3765171,241155,4077329,4006326,84.9705711283002,83.490885416938,458
-7.6926,53.28823,2022/03/09 00:00:00+00,Wed 09 Mar 2022,130,344,1,3836304,3765515,241156,4077460,4006671,84.9733011372884,83.4980751352657,459
-7.6926,53.28823,2022/03/10 00:00:00+00,Thu 10 Mar 2022,259,508,0,3836563,3766023,241156,4077719,4007179,84.978698635975,83.5086617350062,460
-7.6926,53.28823,2022/03/11 00:00:00+00,Fri 11 Mar 2022,493,2183,0,3837056,3768206,241156,4078212,4009362,84.9889726392664,83.5541549382216,461
-7.6926,53.28823,2022/03/12 00:00:00+00,Sat 12 Mar 2022,473,2393,2,3837529,3770599,241158,4078687,4011757,84.998871526819,83.6040661712499,462
-7.6926,53.28823,2022/03/13 00:00:00+00,Sun 13 Mar 2022,358,1082,0,3837887,3771681,241158,4079045,4012839,85.0063321620692,83.6266147951066,463
-7.6926,53.28823,2022/03/14 00:00:00+00,Mon 14 Mar 2022,109,123,0,3837996,3771804,241158,4079154,4012962,85.0086036962655,83.6291780859886,464
-7.6926,53.28823,2022/03/15 00:00:00+00,Tue 15 Mar 2022,222,755,1,3838218,3772559,241159,4079377,4013718,85.0132509634743,83.6449329470197,465
-7.6926,53.28823,2022/03/16 00:00:00+00,Wed 16 Mar 2022,195,798,0,3838413,3773357,241159,4079572,4014516,85.0173147173117,83.6615630781081,466
-7.6926,53.28823,2022/07/12 23:00:00+00,Wed 13 Jul 2022,99,74,1,3857027,3810631,241185,4098212,4051816,85.4057679046389,84.4388862480278,467
-7.6926,53.28823,2022/11/02 00:00:00+00,Wed 02 Nov 2022,105,13,0,3863290,3816661,241194,4104484,4057855,85.5364748998597,84.564737578407,468
-7.6926,53.28823,2022/07/13 23:00:00+00,Thu 14 Jul 2022,72,39,0,3857099,3810670,241185,4098284,4051855,85.4072683675942,84.4396989987953,469
-7.6926,53.28823,2022/03/25 00:00:00+00,Fri 25 Mar 2022,434,1625,0,3840437,3780325,241159,4081596,4021484,85.0594943981674,83.8067745485638,470
-7.6926,53.28823,2022/11/03 00:00:00+00,Thu 03 Nov 2022,91,28,0,3863381,3816689,241194,4104575,4057883,85.5383713183172,84.5653210917785,471
-7.6926,53.28823,2022/03/26 00:00:00+00,Sat 26 Mar 2022,874,1848,1,3841311,3782173,241160,4082471,4023333,85.0777291910275,83.8453072708475,472
-7.6926,53.28823,2022/07/14 23:00:00+00,Fri 15 Jul 2022,80,118,1,3857179,3810788,241186,4098365,4051974,85.408956388419,84.4421789306242,473
-7.6926,53.28823,2022/11/04 00:00:00+00,Fri 04 Nov 2022,61,22,0,3863442,3816711,241194,4104636,4057905,85.5396425438766,84.5657795665704,474
-7.6926,53.28823,2022/03/27 00:00:00+00,Sun 27 Mar 2022,380,804,0,3841691,3782977,241160,4082851,4024137,85.0856483010696,83.8620624405155,475
-7.6926,53.28823,2022/07/15 23:00:00+00,Sat 16 Jul 2022,124,209,0,3857303,3810997,241186,4098489,4052183,85.4115405190643,84.4465344411474,476
-7.6926,53.28823,2022/11/05 00:00:00+00,Sat 05 Nov 2022,46,54,0,3863488,3816765,241194,4104682,4057959,85.5406011729869,84.5669049137869,477
-7.6926,53.28823,2022/03/27 23:00:00+00,Mon 28 Mar 2022,44,53,1,3841735,3783030,241161,4082896,4024191,85.0865860904166,83.863187787732,478
-7.6926,53.28823,2022/07/16 23:00:00+00,Sun 17 Jul 2022,119,165,0,3857422,3811162,241186,4098608,4052348,85.4140204508933,84.4499730020867,479
-7.6926,53.28823,2022/11/06 00:00:00+00,Sun 06 Nov 2022,56,78,0,3863544,3816843,241194,4104738,4058037,85.54176819973,84.5685304153219,480
-7.6926,53.28823,2022/03/28 23:00:00+00,Tue 29 Mar 2022,138,193,3,3841873,3783223,241164,4083037,4024387,85.0895244970375,83.8672723813327,481
-7.6926,53.28823,2022/07/17 23:00:00+00,Mon 18 Jul 2022,14,18,0,3857436,3811180,241186,4098622,4052366,85.414312207579,84.4503481178255,482
-7.6926,53.28823,2022/11/07 00:00:00+00,Mon 07 Nov 2022,43,3,0,3863587,3816846,241194,4104781,4058040,85.5426643095505,84.5685929346117,483
-7.6926,53.28823,2022/03/29 23:00:00+00,Wed 30 Mar 2022,109,138,0,3841982,3783361,241164,4083146,4024525,85.0917960312338,83.8701482686637,484
-7.6926,53.28823,2022/07/18 23:00:00+00,Tue 19 Jul 2022,30,34,0,3857466,3811214,241186,4098652,4052400,85.4149374004771,84.4510566697767,485
-7.6926,53.28823,2022/11/08 00:00:00+00,Tue 08 Nov 2022,66,32,0,3863653,3816878,241194,4104847,4058072,85.5440397339262,84.5692598070363,486
-7.6926,53.28823,2022/03/30 23:00:00+00,Thu 31 Mar 2022,227,360,0,3842209,3783721,241164,4083373,4024885,85.0965266574958,83.8776505834404,487
-7.6926,53.28823,2022/07/19 23:00:00+00,Wed 20 Jul 2022,78,66,0,3857544,3811280,241186,4098730,4052466,85.4165629020121,84.4524320941524,488
-7.6926,53.28823,2022/11/09 00:00:00+00,Wed 09 Nov 2022,92,32,0,3863745,3816910,241194,4104939,4058104,85.545956992147,84.5699266794609,489
-7.6926,53.28823,2022/03/31 23:00:00+00,Fri 01 Apr 2022,307,904,1,3842516,3784625,241165,4083681,4025790,85.1029453045825,83.8965105691985,490
-7.6926,53.28823,2022/07/20 23:00:00+00,Thu 21 Jul 2022,52,30,0,3857596,3811310,241186,4098782,4052496,85.417646569702,84.4530572870504,491
-7.6926,53.28823,2022/11/10 00:00:00+00,Thu 10 Nov 2022,49,15,0,3863794,3816925,241194,4104988,4058119,85.5469781405471,84.5702392759099,492
-7.6926,53.28823,2022/04/01 23:00:00+00,Sat 02 Apr 2022,729,1538,1,3843245,3786163,241166,4084411,4027329,85.1181583317686,83.928582964869,493
-7.6926,53.28823,2022/07/21 23:00:00+00,Fri 22 Jul 2022,75,70,0,3857671,3811380,241186,4098857,4052566,85.4192095519472,84.4545160704792,494
-7.6926,53.28823,2022/11/11 00:00:00+00,Fri 11 Nov 2022,49,17,0,3863843,3816942,241194,4105037,4058136,85.5479992889473,84.5705935518855,495
-7.6926,53.28823,2022/04/02 23:00:00+00,Sun 03 Apr 2022,538,817,0,3843783,3786980,241166,4084949,4028146,85.1293701244071,83.9456090514594,496
-7.6926,53.28823,2022/07/22 23:00:00+00,Sat 23 Jul 2022,100,175,0,3857771,3811555,241186,4098957,4052741,85.421293528274,84.4581630290513,497
-7.6926,53.28823,2022/11/12 00:00:00+00,Sat 12 Nov 2022,75,87,0,3863918,3817029,241194,4105112,4058223,85.5495622711924,84.5724066112899,498
-7.6926,53.28823,2022/04/03 23:00:00+00,Mon 04 Apr 2022,50,53,0,3843833,3787033,241166,4084999,4028199,85.1304121125706,83.9467135589126,499
-7.6926,53.28823,2022/07/23 23:00:00+00,Sun 24 Jul 2022,108,230,0,3857879,3811785,241186,4099065,4052971,85.4235442227071,84.4629561746031,500
-7.6926,53.28823,2022/11/13 00:00:00+00,Sun 13 Nov 2022,42,62,1,3863960,3817091,241195,4105155,4058286,85.550458381013,84.5737195163758,501
-7.6926,53.28823,2022/04/04 23:00:00+00,Tue 05 Apr 2022,132,170,0,3843965,3787203,241166,4085131,4028369,85.133162961322,83.9502563186683,502
-7.6926,53.28823,2022/07/24 23:00:00+00,Mon 25 Jul 2022,14,23,0,3857893,3811808,241186,4099079,4052994,85.4238359793928,84.4634354891582,503
-7.6926,53.28823,2022/11/14 00:00:00+00,Mon 14 Nov 2022,15,2,0,3863975,3817093,241195,4105170,4058288,85.550770977462,84.5737611959023,504
-7.6926,53.28823,2022/11/15 00:00:00+00,Tue 15 Nov 2022,57,8,0,3864032,3817101,241195,4105227,4058296,85.5519588439683,84.5739279140085,505
-7.6926,53.28823,2022/11/16 00:00:00+00,Wed 16 Nov 2022,45,20,0,3864077,3817121,241195,4105272,4058316,85.5528966333154,84.5743447092738,506
-7.6926,53.28823,2022/11/17 00:00:00+00,Thu 17 Nov 2022,64,9,1,3864141,3817130,241196,4105337,4058326,85.5542512179279,84.5745531069065,507
-7.6926,53.28823,2022/11/18 00:00:00+00,Fri 18 Nov 2022,28,22,0,3864169,3817152,241196,4105365,4058348,85.5548347312994,84.5750115816984,508
-7.6926,53.28823,2022/11/19 00:00:00+00,Sat 19 Nov 2022,55,57,0,3864224,3817209,241196,4105420,4058405,85.5559809182792,84.5761994482047,509
-7.6926,53.28823,2022/11/20 00:00:00+00,Sun 20 Nov 2022,40,56,0,3864264,3817265,241196,4105460,4058461,85.5568145088099,84.5773664749478,510
-7.6926,53.28823,2022/11/21 00:00:00+00,Mon 21 Nov 2022,17,3,0,3864281,3817268,241196,4105477,4058464,85.5571687847855,84.5774289942376,511
-7.6926,53.28823,2022/11/22 00:00:00+00,Tue 22 Nov 2022,48,22,0,3864329,3817290,241196,4105525,4058486,85.5581690934224,84.5778874690295,512
-7.6926,53.28823,2022/11/23 00:00:00+00,Wed 23 Nov 2022,23,16,0,3864352,3817306,241196,4105548,4058502,85.5586484079775,84.5782209052418,513
-7.6926,53.28823,2022/11/24 00:00:00+00,Thu 24 Nov 2022,25,18,0,3864377,3817324,241196,4105573,4058520,85.5591694020593,84.5785960209806,514
-7.6926,53.28823,2022/11/25 00:00:00+00,Fri 25 Nov 2022,18,11,0,3864395,3817335,241196,4105591,4058531,85.5595445177981,84.5788252583766,515
-7.6926,53.28823,2022/11/26 00:00:00+00,Sat 26 Nov 2022,65,63,0,3864460,3817398,241196,4105656,4058594,85.5608991024106,84.5801381634625,516
-7.6926,53.28823,2022/11/27 00:00:00+00,Sun 27 Nov 2022,36,42,0,3864496,3817440,241196,4105692,4058636,85.5616493338882,84.5810134335198,517
-7.6926,53.28823,2022/11/28 00:00:00+00,Mon 28 Nov 2022,16,1,0,3864512,3817441,241196,4105708,4058637,85.5619827701005,84.5810342732831,518
-7.6926,53.28823,2022/11/29 00:00:00+00,Tue 29 Nov 2022,32,18,0,3864544,3817459,241196,4105740,4058655,85.5626496425251,84.5814093890219,519
-7.6926,53.28823,2022/11/30 00:00:00+00,Wed 30 Nov 2022,46,13,0,3864590,3817472,241196,4105786,4058668,85.5636082716355,84.5816803059444,520
-7.6926,53.28823,2022/12/01 00:00:00+00,Thu 01 Dec 2022,20,12,0,3864610,3817484,241196,4105806,4058680,85.5640250669009,84.5819303831036,521
-7.6926,53.28823,2022/12/02 00:00:00+00,Fri 02 Dec 2022,16,18,0,3864626,3817502,241196,4105822,4058698,85.5643585031131,84.5823054988425,522
-7.6926,53.28823,2022/12/03 00:00:00+00,Sat 03 Dec 2022,42,71,0,3864668,3817573,241196,4105864,4058769,85.5652337731704,84.5837851220345,523
-7.6926,53.28823,2022/12/04 00:00:00+00,Sun 04 Dec 2022,44,47,0,3864712,3817620,241196,4105908,4058816,85.5661507227543,84.5847645909082,524
-7.6926,53.28823,2022/12/05 00:00:00+00,Mon 05 Dec 2022,21,5,0,3864733,3817625,241196,4105929,4058821,85.5665883577829,84.5848687897245,525
-7.6926,53.28823,2022/12/06 00:00:00+00,Tue 06 Dec 2022,34,29,0,3864767,3817654,241196,4105963,4058850,85.567296909734,84.5854731428593,526
-7.6926,53.28823,2022/12/07 00:00:00+00,Wed 07 Dec 2022,21,23,0,3864788,3817677,241196,4105984,4058873,85.5677345447627,84.5859524574145,527
-7.6926,53.28823,2022/12/08 00:00:00+00,Thu 08 Dec 2022,16,13,1,3864804,3817690,241197,4106001,4058887,85.5680888207382,84.5862442141002,528
-7.6926,53.28823,2022/12/09 00:00:00+00,Fri 09 Dec 2022,24,17,0,3864828,3817707,241197,4106025,4058904,85.5685889750567,84.5865984900758,529
-7.6926,53.28823,2022/12/10 00:00:00+00,Sat 10 Dec 2022,49,44,0,3864877,3817751,241197,4106074,4058948,85.5696101234568,84.5875154396596,530
-7.6926,53.28823,2022/12/11 00:00:00+00,Sun 11 Dec 2022,28,42,0,3864905,3817793,241197,4106102,4058990,85.5701936368284,84.5883907097169,531
-7.6926,53.28823,2022/12/12 00:00:00+00,Mon 12 Dec 2022,13,2,0,3864918,3817795,241197,4106115,4058992,85.5704645537509,84.5884323892434,532
-7.6926,53.28823,2022/12/13 00:00:00+00,Tue 13 Dec 2022,29,15,0,3864947,3817810,241197,4106144,4059007,85.5710689068857,84.5887449856925,533
-7.6926,53.28823,2022/12/14 00:00:00+00,Wed 14 Dec 2022,19,20,0,3864966,3817830,241197,4106163,4059027,85.5714648623877,84.5891617809578,534
-7.6926,53.28823,2022/12/15 00:00:00+00,Thu 15 Dec 2022,13,9,0,3864979,3817839,241197,4106176,4059036,85.5717357793102,84.5893493388272,535
-7.6926,53.28823,2022/12/16 00:00:00+00,Fri 16 Dec 2022,15,4,0,3864994,3817843,241197,4106191,4059040,85.5720483757593,84.5894326978803,536
-7.6926,53.28823,2022/12/17 00:00:00+00,Sat 17 Dec 2022,20,43,0,3865014,3817886,241197,4106211,4059083,85.5724651710246,84.5903288077009,537
-7.6926,53.28823,2022/12/18 00:00:00+00,Sun 18 Dec 2022,29,35,0,3865043,3817921,241197,4106240,4059118,85.5730695241594,84.5910581994153,538
-7.6926,53.28823,2022/12/19 00:00:00+00,Mon 19 Dec 2022,9,1,0,3865052,3817922,241197,4106249,4059119,85.5732570820288,84.5910790391786,539
-7.6926,53.28823,2022/12/20 00:00:00+00,Tue 20 Dec 2022,20,18,0,3865072,3817940,241197,4106269,4059137,85.5736738772942,84.5914541549174,540
-7.6926,53.28823,2022/12/21 00:00:00+00,Wed 21 Dec 2022,17,28,0,3865089,3817968,241197,4106286,4059165,85.5740281532698,84.5920376682889,541
-7.6926,53.28823,2022/12/22 00:00:00+00,Thu 22 Dec 2022,8,15,0,3865097,3817983,241197,4106294,4059180,85.5741948713759,84.5923502647379,542
-7.6926,53.28823,2022/12/23 00:00:00+00,Fri 23 Dec 2022,20,6,0,3865117,3817989,241197,4106314,4059186,85.5746116666413,84.5924753033175,543
-7.6926,53.28823,2022/12/27 00:00:00+00,Tue 27 Dec 2022,1,0,0,3865118,3817989,241197,4106315,4059186,85.5746325064046,84.5924753033175,544
-7.6926,53.28823,2022/12/28 00:00:00+00,Wed 28 Dec 2022,20,24,0,3865138,3818013,241197,4106335,4059210,85.5750493016699,84.592975457636,545
-7.6926,53.28823,2022/12/29 00:00:00+00,Thu 29 Dec 2022,18,12,0,3865156,3818025,241197,4106353,4059222,85.5754244174088,84.5932255347952,546
-7.6926,53.28823,2022/12/30 00:00:00+00,Fri 30 Dec 2022,71,31,0,3865227,3818056,241197,4106424,4059253,85.5769040406009,84.5938715674565,547
-7.6926,53.28823,2022/12/31 00:00:00+00,Sat 31 Dec 2022,36,26,0,3865263,3818082,241197,4106460,4059279,85.5776542720785,84.5944134013015,548
-7.6926,53.28823,2023/01/03 00:00:00+00,Tue 03 Jan 2023,16,14,0,3865279,3818096,241197,4106476,4059293,85.5779877082908,84.5947051579873,549
-7.6926,53.28823,2023/01/04 00:00:00+00,Wed 04 Jan 2023,56,28,0,3865335,3818124,241197,4106532,4059321,85.5791547350339,84.5952886713588,550
-7.6926,53.28823,2023/01/05 00:00:00+00,Thu 05 Jan 2023,26,16,0,3865361,3818140,241197,4106558,4059337,85.5796965688789,84.5956221075711,551
-7.6926,53.28823,2023/01/06 00:00:00+00,Fri 06 Jan 2023,37,21,0,3865398,3818161,241197,4106595,4059358,85.5804676401198,84.5960597425997,552
-7.6926,53.28823,2023/01/07 00:00:00+00,Sat 07 Jan 2023,137,74,0,3865535,3818235,241197,4106732,4059432,85.5833226876876,84.5976018850816,553
-7.6926,53.28823,2023/01/08 00:00:00+00,Sun 08 Jan 2023,51,45,0,3865586,3818280,241197,4106783,4059477,85.5843855156143,84.5985396744287,554
-7.6926,53.28823,2023/01/09 00:00:00+00,Mon 09 Jan 2023,1,1,0,3865587,3818281,241197,4106784,4059478,85.5844063553776,84.598560514192,555
-7.6926,53.28823,2023/01/10 00:00:00+00,Tue 10 Jan 2023,42,14,0,3865629,3818295,241197,4106826,4059492,85.5852816254348,84.5988522708777,556
-7.6926,53.28823,2023/01/11 00:00:00+00,Wed 11 Jan 2023,59,31,0,3865688,3818326,241197,4106885,4059523,85.5865111714677,84.5994983035391,557
-7.6926,53.28823,2023/01/12 00:00:00+00,Thu 12 Jan 2023,14,12,0,3865702,3818338,241197,4106899,4059535,85.5868029281535,84.5997483806983,558
-7.6926,53.28823,2023/01/13 00:00:00+00,Fri 13 Jan 2023,30,12,0,3865732,3818350,241197,4106929,4059547,85.5874281210515,84.5999984578575,559
-7.6926,53.28823,2023/01/14 00:00:00+00,Sat 14 Jan 2023,72,39,0,3865804,3818389,241197,4107001,4059586,85.5889285840069,84.600811208625,560
-7.6926,53.28823,2023/01/15 00:00:00+00,Sun 15 Jan 2023,60,30,0,3865864,3818419,241197,4107061,4059616,85.590178969803,84.6014364015231,561
-7.6926,53.28823,2023/01/16 00:00:00+00,Mon 16 Jan 2023,6,2,0,3865870,3818421,241197,4107067,4059618,85.5903040083826,84.6014780810496,562
-7.6926,53.28823,2023/01/17 00:00:00+00,Tue 17 Jan 2023,14,18,0,3865884,3818439,241197,4107081,4059636,85.5905957650683,84.6018531967884,563
-7.6926,53.28823,2023/01/18 00:00:00+00,Wed 18 Jan 2023,35,14,0,3865919,3818453,241197,4107116,4059650,85.5913251567827,84.6021449534742,564
-7.6926,53.28823,2023/01/19 00:00:00+00,Thu 19 Jan 2023,23,7,0,3865942,3818460,241197,4107139,4059657,85.5918044713379,84.6022908318171,565
-7.6926,53.28823,2023/01/20 00:00:00+00,Fri 20 Jan 2023,20,8,0,3865962,3818468,241197,4107159,4059665,85.5922212666033,84.6024575499232,566
-7.6926,53.28823,2023/01/21 00:00:00+00,Sat 21 Jan 2023,75,26,0,3866037,3818494,241197,4107234,4059691,85.5937842488485,84.6029993837682,567
-7.6926,53.28823,2023/01/22 00:00:00+00,Sun 22 Jan 2023,21,13,0,3866058,3818507,241197,4107255,4059704,85.5942218838771,84.6032703006907,568
-7.6926,53.28823,2023/01/23 00:00:00+00,Mon 23 Jan 2023,8,1,0,3866066,3818508,241197,4107263,4059705,85.5943886019832,84.603291140454,569
-7.6926,53.28823,2023/01/24 00:00:00+00,Tue 24 Jan 2023,17,13,0,3866083,3818521,241197,4107280,4059718,85.5947428779588,84.6035620573765,570
-7.6926,53.28823,2023/01/25 00:00:00+00,Wed 25 Jan 2023,21,17,0,3866104,3818538,241197,4107301,4059735,85.5951805129874,84.603916333352,571
-7.6926,53.28823,2023/01/26 00:00:00+00,Thu 26 Jan 2023,12,12,0,3866116,3818550,241197,4107313,4059747,85.5954305901467,84.6041664105112,572
-7.6926,53.28823,2023/01/27 00:00:00+00,Fri 27 Jan 2023,12,8,0,3866128,3818558,241197,4107325,4059755,85.5956806673059,84.6043331286174,573
-7.6926,53.28823,2023/01/28 00:00:00+00,Sat 28 Jan 2023,24,57,0,3866152,3818615,241197,4107349,4059812,85.5961808216243,84.6055209951237,574
-7.6926,53.28823,2023/01/29 00:00:00+00,Sun 29 Jan 2023,28,28,0,3866180,3818643,241197,4107377,4059840,85.5967643349959,84.6061045084952,575
-7.6926,53.28823,2023/01/30 00:00:00+00,Mon 30 Jan 2023,4,2,0,3866184,3818645,241197,4107381,4059842,85.5968476940489,84.6061461880218,576
-7.6926,53.28823,2023/01/31 00:00:00+00,Tue 31 Jan 2023,22,15,0,3866206,3818660,241197,4107403,4059857,85.5973061688408,84.6064587844708,577
-7.6926,53.28823,2023/02/01 00:00:00+00,Wed 01 Feb 2023,14,37,0,3866220,3818697,241197,4107417,4059894,85.5975979255266,84.6072298557117,578
-7.6926,53.28823,2023/02/02 00:00:00+00,Thu 02 Feb 2023,13,11,0,3866233,3818708,241197,4107430,4059905,85.5978688424491,84.6074590931077,579
-7.6926,53.28823,2023/02/03 00:00:00+00,Fri 03 Feb 2023,14,10,0,3866247,3818718,241197,4107444,4059915,85.5981605991349,84.6076674907404,580
-7.6926,53.28823,2023/02/04 00:00:00+00,Sat 04 Feb 2023,38,44,0,3866285,3818762,241197,4107482,4059959,85.5989525101391,84.6085844403242,581
-7.6926,53.28823,2023/02/05 00:00:00+00,Sun 05 Feb 2023,29,22,0,3866314,3818784,241197,4107511,4059981,85.5995568632738,84.6090429151161,582
-7.6926,53.28823,2023/02/06 00:00:00+00,Mon 06 Feb 2023,12,7,0,3866326,3818791,241197,4107523,4059988,85.5998069404331,84.609188793459,583
-7.6926,53.28823,2023/02/07 00:00:00+00,Tue 07 Feb 2023,20,13,0,3866346,3818804,241197,4107543,4060001,85.6002237356984,84.6094597103815,584
-7.6926,53.28823,2023/02/08 00:00:00+00,Wed 08 Feb 2023,22,30,0,3866368,3818834,241197,4107565,4060031,85.6006822104904,84.6100849032795,585
-7.6926,53.28823,2023/02/09 00:00:00+00,Thu 09 Feb 2023,6,15,0,3866374,3818849,241197,4107571,4060046,85.60080724907,84.6103974997286,586
-7.6926,53.28823,2023/02/10 00:00:00+00,Fri 10 Feb 2023,5,14,0,3866379,3818863,241197,4107576,4060060,85.6009114478863,84.6106892564143,587
-7.6926,53.28823,2023/02/11 00:00:00+00,Sat 11 Feb 2023,34,48,0,3866413,3818911,241197,4107610,4060108,85.6016199998375,84.6116895650512,588
-7.6926,53.28823,2023/02/12 00:00:00+00,Sun 12 Feb 2023,17,36,0,3866430,3818947,241197,4107627,4060144,85.601974275813,84.6124397965289,589
-7.6926,53.28823,2023/02/13 00:00:00+00,Mon 13 Feb 2023,1,1,0,3866431,3818948,241197,4107628,4060145,85.6019951155763,84.6124606362922,590
-7.6926,53.28823,2022/07/25 23:00:00+00,Tue 26 Jul 2022,18,16,0,3857911,3811824,241186,4099097,4053010,85.4242110951316,84.4637689253705,591
-7.6926,53.28823,2022/07/26 23:00:00+00,Wed 27 Jul 2022,61,72,1,3857972,3811896,241187,4099159,4053083,85.4255031604543,84.4652902280891,592
-7.6926,53.28823,2022/07/27 23:00:00+00,Thu 28 Jul 2022,49,73,0,3858021,3811969,241187,4099208,4053156,85.4265243088545,84.4668115308077,593
-7.6926,53.28823,2022/07/28 23:00:00+00,Fri 29 Jul 2022,71,105,0,3858092,3812074,241187,4099279,4053261,85.4280039320465,84.4689997059509,594
-7.6926,53.28823,2022/07/29 23:00:00+00,Sat 30 Jul 2022,100,119,0,3858192,3812193,241187,4099379,4053380,85.4300879083734,84.4714796377799,595
-7.6926,53.28823,2022/07/30 23:00:00+00,Sun 31 Jul 2022,32,57,0,3858224,3812250,241187,4099411,4053437,85.430754780798,84.4726675042862,596
-7.6926,53.28823,2022/07/31 23:00:00+00,Mon 01 Aug 2022,10,15,0,3858234,3812265,241187,4099421,4053452,85.4309631784307,84.4729801007353,597
-7.6926,53.28823,2022/08/01 23:00:00+00,Tue 02 Aug 2022,36,30,0,3858270,3812295,241187,4099457,4053482,85.4317134099084,84.4736052936333,598
-7.6926,53.28823,2022/08/02 23:00:00+00,Wed 03 Aug 2022,93,139,0,3858363,3812434,241187,4099550,4053621,85.4336515078923,84.4765020207277,599
-7.6926,53.28823,2022/08/03 23:00:00+00,Thu 04 Aug 2022,45,53,0,3858408,3812487,241187,4099595,4053674,85.4345892972394,84.4776065281809,600
-7.6926,53.28823,2022/08/04 23:00:00+00,Fri 05 Aug 2022,96,91,0,3858504,3812578,241187,4099691,4053765,85.4365899145132,84.4795029466383,601
-7.6926,53.28823,2022/08/05 23:00:00+00,Sat 06 Aug 2022,74,130,0,3858578,3812708,241187,4099765,4053895,85.4381320569951,84.4822121158632,602
-7.6926,53.28823,2022/08/06 23:00:00+00,Sun 07 Aug 2022,28,80,0,3858606,3812788,241187,4099793,4053975,85.4387155703666,84.4838792969247,603
-7.6926,53.28823,2022/08/07 23:00:00+00,Mon 08 Aug 2022,11,15,0,3858617,3812803,241187,4099804,4053990,85.4389448077626,84.4841918933738,604
-7.6926,53.28823,2022/08/08 23:00:00+00,Tue 09 Aug 2022,48,41,0,3858665,3812844,241187,4099852,4054031,85.4399451163995,84.4850463236678,605
-7.6926,53.28823,2022/08/09 23:00:00+00,Wed 10 Aug 2022,55,94,1,3858720,3812938,241188,4099908,4054126,85.4411121431425,84.4870261011783,606
-7.6926,53.28823,2022/08/10 23:00:00+00,Thu 11 Aug 2022,45,42,0,3858765,3812980,241188,4099953,4054168,85.4420499324896,84.4879013712356,607
-7.6926,53.28823,2022/08/11 23:00:00+00,Fri 12 Aug 2022,69,75,0,3858834,3813055,241188,4100022,4054243,85.4434878761551,84.4894643534807,608
-7.6926,53.28823,2022/08/12 23:00:00+00,Sat 13 Aug 2022,103,151,0,3858937,3813206,241188,4100125,4054394,85.4456343717718,84.4926111577343,609
-7.6926,53.28823,2022/08/13 23:00:00+00,Sun 14 Aug 2022,17,26,0,3858954,3813232,241188,4100142,4054420,85.4459886477474,84.4931529915793,610
-7.6926,53.28823,2022/08/14 23:00:00+00,Mon 15 Aug 2022,7,11,0,3858961,3813243,241188,4100149,4054431,85.4461345260902,84.4933822289752,611
-7.6926,53.28823,2022/08/15 23:00:00+00,Tue 16 Aug 2022,41,28,0,3859002,3813271,241188,4100190,4054459,85.4469889563842,84.4939657423468,612
-7.6926,53.28823,2022/08/16 23:00:00+00,Wed 17 Aug 2022,51,58,0,3859053,3813329,241188,4100241,4054517,85.4480517843109,84.4951744486163,613
-7.6926,53.28823,2022/08/17 23:00:00+00,Thu 18 Aug 2022,55,39,0,3859108,3813368,241188,4100296,4054556,85.4491979712907,84.4959871993838,614
-7.6926,53.28823,2022/08/18 23:00:00+00,Fri 19 Aug 2022,74,56,0,3859182,3813424,241188,4100370,4054612,85.4507401137726,84.4971542261269,615
-7.6926,53.28823,2022/08/19 23:00:00+00,Sat 20 Aug 2022,109,127,0,3859291,3813551,241188,4100479,4054739,85.4530116479689,84.499800876062,616
-7.6926,53.28823,2022/08/20 23:00:00+00,Sun 21 Aug 2022,39,36,0,3859330,3813587,241188,4100518,4054775,85.4538243987364,84.5005511075396,617
-7.6926,53.28823,2022/08/21 23:00:00+00,Mon 22 Aug 2022,12,13,0,3859342,3813600,241188,4100530,4054788,85.4540744758956,84.5008220244621,618
-7.6926,53.28823,2022/08/22 23:00:00+00,Tue 23 Aug 2022,78,72,0,3859420,3813672,241188,4100608,4054860,85.4556999774305,84.5023224874175,619
-7.6926,53.28823,2022/08/23 23:00:00+00,Wed 24 Aug 2022,53,56,0,3859473,3813728,241188,4100661,4054916,85.4568044848838,84.5034895141605,620
-7.6926,53.28823,2022/08/24 23:00:00+00,Thu 25 Aug 2022,40,49,0,3859513,3813777,241188,4100701,4054965,85.4576380754145,84.5045106625607,621
-7.6926,53.28823,2022/08/25 23:00:00+00,Fri 26 Aug 2022,99,90,0,3859612,3813867,241188,4100800,4055055,85.4597012119781,84.5063862412548,622
-7.6926,53.28823,2022/08/26 23:00:00+00,Sat 27 Aug 2022,86,119,0,3859698,3813986,241188,4100886,4055174,85.4614934316192,84.5088661730838,623
-7.6926,53.28823,2022/08/27 23:00:00+00,Sun 28 Aug 2022,44,21,0,3859742,3814007,241188,4100930,4055195,85.462410381203,84.5093038081125,624
-7.6926,53.28823,2022/08/28 23:00:00+00,Mon 29 Aug 2022,13,12,0,3859755,3814019,241188,4100943,4055207,85.4626812981255,84.5095538852717,625
-7.6926,53.28823,2022/08/29 23:00:00+00,Tue 30 Aug 2022,42,44,1,3859797,3814063,241189,4100986,4055252,85.4635774079461,84.5104916746188,626
-7.6926,53.28823,2022/08/30 23:00:00+00,Wed 31 Aug 2022,28,29,0,3859825,3814092,241189,4101014,4055281,85.4641609213176,84.5110960277536,627
-7.6926,53.28823,2022/08/31 23:00:00+00,Thu 01 Sep 2022,34,30,0,3859859,3814122,241189,4101048,4055311,85.4648694732687,84.5117212206516,628
-7.6926,53.28823,2022/09/01 23:00:00+00,Fri 02 Sep 2022,48,51,0,3859907,3814173,241189,4101096,4055362,85.4658697819056,84.5127840485783,629
-7.6926,53.28823,2022/09/02 23:00:00+00,Sat 03 Sep 2022,73,101,0,3859980,3814274,241189,4101169,4055463,85.4673910846242,84.5148888646685,630
-7.6926,53.28823,2022/09/03 23:00:00+00,Sun 04 Sep 2022,58,82,0,3860038,3814356,241189,4101227,4055545,85.4685997908938,84.5165977252565,631
-7.6926,53.28823,2022/09/04 23:00:00+00,Mon 05 Sep 2022,9,5,0,3860047,3814361,241189,4101236,4055550,85.4687873487632,84.5167019240728,632
-7.6926,53.28823,2022/09/05 23:00:00+00,Tue 06 Sep 2022,42,22,0,3860089,3814383,241189,4101278,4055572,85.4696626188205,84.5171603988647,633
-7.6926,53.28823,2022/09/06 23:00:00+00,Wed 07 Sep 2022,48,42,0,3860137,3814425,241189,4101326,4055614,85.4706629274574,84.518035668922,634
-7.6926,53.28823,2022/09/07 23:00:00+00,Thu 08 Sep 2022,39,51,2,3860176,3814476,241191,4101367,4055667,85.4715173577514,84.5191401763752,635
-7.6926,53.28823,2022/09/08 23:00:00+00,Fri 09 Sep 2022,64,60,0,3860240,3814536,241191,4101431,4055727,85.4728511026006,84.5203905621714,636
-7.6926,53.28823,2022/09/09 23:00:00+00,Sat 10 Sep 2022,94,135,0,3860334,3814671,241191,4101525,4055862,85.4748100403479,84.5232039302126,637
-7.6926,53.28823,2022/09/10 23:00:00+00,Sun 11 Sep 2022,58,58,0,3860392,3814729,241191,4101583,4055920,85.4760187466174,84.5244126364822,638
-7.6926,53.28823,2022/09/11 23:00:00+00,Mon 12 Sep 2022,13,13,0,3860405,3814742,241191,4101596,4055933,85.4762896635399,84.5246835534047,639
-7.6926,53.28823,2022/09/12 23:00:00+00,Tue 13 Sep 2022,29,25,0,3860434,3814767,241191,4101625,4055958,85.4768940166747,84.5252045474864,640
-7.6926,53.28823,2022/09/13 23:00:00+00,Wed 14 Sep 2022,36,33,0,3860470,3814800,241191,4101661,4055991,85.4776442481524,84.5258922596743,641
-7.6926,53.28823,2022/09/14 23:00:00+00,Thu 15 Sep 2022,51,36,0,3860521,3814836,241191,4101712,4056027,85.4787070760791,84.526642491152,642
-7.6926,53.28823,2022/09/15 23:00:00+00,Fri 16 Sep 2022,38,56,0,3860559,3814892,241191,4101750,4056083,85.4794989870833,84.527809517895,643
-7.6926,53.28823,2022/09/16 23:00:00+00,Sat 17 Sep 2022,66,149,0,3860625,3815041,241191,4101816,4056232,85.480874411459,84.530914642622,644
-7.6926,53.28823,2022/09/17 23:00:00+00,Sun 18 Sep 2022,30,53,0,3860655,3815094,241191,4101846,4056285,85.4814996043571,84.5320191500753,645
-7.6926,53.28823,2022/09/18 23:00:00+00,Mon 19 Sep 2022,11,11,0,3860666,3815105,241191,4101857,4056296,85.481728841753,84.5322483874712,646
-7.6926,53.28823,2022/09/19 23:00:00+00,Tue 20 Sep 2022,39,37,0,3860705,3815142,241191,4101896,4056333,85.4825415925205,84.5330194587122,647
-7.6926,53.28823,2022/09/20 23:00:00+00,Wed 21 Sep 2022,42,32,0,3860747,3815174,241191,4101938,4056365,85.4834168625778,84.5336863311367,648
-7.6926,53.28823,2022/09/21 23:00:00+00,Thu 22 Sep 2022,61,34,0,3860808,3815208,241191,4101999,4056399,85.4846880881372,84.5343948830879,649
-7.6926,53.28823,2022/09/22 23:00:00+00,Fri 23 Sep 2022,38,39,0,3860846,3815247,241191,4102037,4056438,85.4854799991414,84.5352076338554,650
-7.6926,53.28823,2022/09/23 23:00:00+00,Sat 24 Sep 2022,56,104,0,3860902,3815351,241191,4102093,4056542,85.4866470258844,84.5373749692353,651
-7.6926,53.28823,2022/09/24 23:00:00+00,Sun 25 Sep 2022,42,75,0,3860944,3815426,241191,4102135,4056617,85.4875222959417,84.5389379514804,652
-7.6926,53.28823,2022/09/25 23:00:00+00,Mon 26 Sep 2022,24,10,0,3860968,3815436,241191,4102159,4056627,85.4880224502602,84.5391463491131,653
-7.6926,53.28823,2022/09/26 23:00:00+00,Tue 27 Sep 2022,30,33,2,3860998,3815469,241193,4102191,4056662,85.4886893226848,84.5398757408275,654
-7.6926,53.28823,2022/09/27 23:00:00+00,Wed 28 Sep 2022,43,28,0,3861041,3815497,241193,4102234,4056690,85.4895854325053,84.540459254199,655
-7.6926,53.28823,2022/09/28 23:00:00+00,Thu 29 Sep 2022,33,23,0,3861074,3815520,241193,4102267,4056713,85.4902731446932,84.5409385687542,656
-7.6926,53.28823,2022/09/29 23:00:00+00,Fri 30 Sep 2022,39,58,0,3861113,3815578,241193,4102306,4056771,85.4910858954607,84.5421472750238,657
-7.6926,53.28823,2022/09/30 23:00:00+00,Sat 01 Oct 2022,53,105,0,3861166,3815683,241193,4102359,4056876,85.4921904029139,84.544335450167,658
-7.6926,53.28823,2022/10/01 23:00:00+00,Sun 02 Oct 2022,26,47,0,3861192,3815730,241193,4102385,4056923,85.4927322367589,84.5453149190406,659
-7.6926,53.28823,2022/10/02 23:00:00+00,Mon 03 Oct 2022,22,1,0,3861214,3815731,241193,4102407,4056924,85.4931907115508,84.5453357588039,660
-7.6926,53.28823,2022/10/03 23:00:00+00,Tue 04 Oct 2022,29,17,0,3861243,3815748,241193,4102436,4056941,85.4937950646856,84.5456900347795,661
-7.6926,53.28823,2022/10/04 23:00:00+00,Wed 05 Oct 2022,50,37,0,3861293,3815785,241193,4102486,4056978,85.494837052849,84.5464611060204,662
-7.6926,53.28823,2022/10/05 23:00:00+00,Thu 06 Oct 2022,56,27,0,3861349,3815812,241193,4102542,4057005,85.4960040795921,84.5470237796287,663
-7.6926,53.28823,2022/10/06 23:00:00+00,Fri 07 Oct 2022,80,40,0,3861429,3815852,241193,4102622,4057045,85.4976712606535,84.5478573701594,664
-7.6926,53.28823,2022/10/07 23:00:00+00,Sat 08 Oct 2022,100,102,0,3861529,3815954,241193,4102722,4057147,85.4997552369804,84.5499830260128,665
-7.6926,53.28823,2022/10/08 23:00:00+00,Sun 09 Oct 2022,37,29,0,3861566,3815983,241193,4102759,4057176,85.5005263082214,84.5505873791476,666
-7.6926,53.28823,2022/10/09 23:00:00+00,Mon 10 Oct 2022,19,3,0,3861585,3815986,241193,4102778,4057179,85.5009222637235,84.5506498984374,667
-7.6926,53.28823,2022/10/10 23:00:00+00,Tue 11 Oct 2022,76,16,0,3861661,3816002,241193,4102854,4057195,85.5025060857319,84.5509833346497,668
-7.6926,53.28823,2022/10/11 23:00:00+00,Wed 12 Oct 2022,56,36,0,3861717,3816038,241193,4102910,4057231,85.5036731124749,84.5517335661274,669
-7.6926,53.28823,2022/10/12 23:00:00+00,Thu 13 Oct 2022,80,29,0,3861797,3816067,241193,4102990,4057260,85.5053402935364,84.5523379192622,670
-7.6926,53.28823,2022/10/13 23:00:00+00,Fri 14 Oct 2022,120,21,0,3861917,3816088,241193,4103110,4057281,85.5078410651286,84.5527755542908,671
-7.6926,53.28823,2022/10/14 23:00:00+00,Sat 15 Oct 2022,98,120,0,3862015,3816208,241193,4103208,4057401,85.509883361929,84.555276325883,672
-7.6926,53.28823,2022/10/15 23:00:00+00,Sun 16 Oct 2022,26,37,1,3862041,3816245,241194,4103235,4057439,85.5104460355372,84.5560682368873,673
-7.6926,53.28823,2022/10/16 23:00:00+00,Mon 17 Oct 2022,51,3,0,3862092,3816248,241194,4103286,4057442,85.5115088634639,84.5561307561771,674
-7.6926,53.28823,2022/10/17 23:00:00+00,Tue 18 Oct 2022,117,17,0,3862209,3816265,241194,4103403,4057459,85.5139471157663,84.5564850321526,675
-7.6926,53.28823,2022/10/18 23:00:00+00,Wed 19 Oct 2022,87,40,0,3862296,3816305,241194,4103490,4057499,85.5157601751707,84.5573186226834,676
-7.6926,53.28823,2022/10/19 23:00:00+00,Thu 20 Oct 2022,97,10,0,3862393,3816315,241194,4103587,4057509,85.5177816322078,84.5575270203161,677
-7.6926,53.28823,2022/10/20 23:00:00+00,Fri 21 Oct 2022,124,21,0,3862517,3816336,241194,4103711,4057530,85.5203657628531,84.5579646553447,678
-7.6926,53.28823,2022/10/21 23:00:00+00,Sat 22 Oct 2022,95,58,0,3862612,3816394,241194,4103806,4057588,85.5223455403636,84.5591733616143,679
-7.6926,53.28823,2022/10/22 23:00:00+00,Sun 23 Oct 2022,80,48,0,3862692,3816442,241194,4103886,4057636,85.5240127214251,84.5601736702512,680
-7.6926,53.28823,2022/10/23 23:00:00+00,Mon 24 Oct 2022,65,4,0,3862757,3816446,241194,4103951,4057640,85.5253673060376,84.5602570293043,681
-7.6926,53.28823,2022/04/05 23:00:00+00,Wed 06 Apr 2022,158,211,0,3844123,3787414,241166,4085289,4028580,85.1364556439185,83.954653508718,682
-7.6926,53.28823,2022/04/06 23:00:00+00,Thu 07 Apr 2022,117,181,0,3844240,3787595,241166,4085406,4028761,85.1388938962209,83.9584255058696,683
-7.6926,53.28823,2022/04/07 23:00:00+00,Fri 08 Apr 2022,256,422,2,3844496,3788017,241168,4085664,4029185,85.1442705551442,83.9672615654955,684
-7.6926,53.28823,2022/04/08 23:00:00+00,Sat 09 Apr 2022,559,1018,0,3845055,3789035,241168,4086223,4030203,85.1559199828114,83.988476444503,685
-7.6926,53.28823,2022/04/09 23:00:00+00,Sun 10 Apr 2022,413,720,0,3845468,3789755,241168,4086636,4030923,85.1645268050413,84.0034810740564,686
-7.6926,53.28823,2022/04/10 23:00:00+00,Mon 11 Apr 2022,70,93,1,3845538,3789848,241169,4086707,4031017,85.1660064282334,84.0054400118036,687
-7.6926,53.28823,2022/04/11 23:00:00+00,Tue 12 Apr 2022,196,178,0,3845734,3790026,241169,4086903,4031195,85.170091021834,84.0091494896655,688
-7.6926,53.28823,2022/04/12 23:00:00+00,Wed 13 Apr 2022,142,235,0,3845876,3790261,241169,4087045,4031430,85.1730502682182,84.0140468340336,689
-7.6926,53.28823,2022/04/13 23:00:00+00,Thu 14 Apr 2022,359,431,0,3846235,3790692,241169,4087404,4031861,85.1805317432316,84.0230287720024,690
-7.6926,53.28823,2022/04/14 23:00:00+00,Fri 15 Apr 2022,446,990,0,3846681,3791682,241169,4087850,4032851,85.1898262776494,84.0436601376383,691
-7.6926,53.28823,2022/04/15 23:00:00+00,Sat 16 Apr 2022,43,88,0,3846724,3791770,241169,4087893,4032939,85.19072238747,84.0454940368059,692
-7.6926,53.28823,2022/04/16 23:00:00+00,Sun 17 Apr 2022,1,1,0,3846725,3791771,241169,4087894,4032940,85.1907432272332,84.0455148765692,693
-7.6926,53.28823,2022/04/17 23:00:00+00,Mon 18 Apr 2022,36,62,1,3846761,3791833,241170,4087931,4033003,85.1915142984742,84.0468277816551,694
-7.6926,53.28823,2022/04/18 23:00:00+00,Tue 19 Apr 2022,218,271,1,3846979,3792104,241171,4088150,4033275,85.19607820663,84.0524961972642,695
-7.6926,53.28823,2022/04/19 23:00:00+00,Wed 20 Apr 2022,252,607,0,3847231,3792711,241171,4088402,4033882,85.2013298269737,84.0651459335682,696
-7.6926,53.28823,2022/04/20 23:00:00+00,Thu 21 Apr 2022,170,236,0,3847401,3792947,241171,4088572,4034118,85.2048725867294,84.0700641176996,697
-7.6926,53.28823,2022/04/21 23:00:00+00,Fri 22 Apr 2022,195,254,0,3847596,3793201,241171,4088767,4034372,85.2089363405667,84.0753574175699,698
-7.6926,53.28823,2022/04/22 23:00:00+00,Sat 23 Apr 2022,325,1010,0,3847921,3794211,241171,4089092,4035382,85.2157092636291,84.0964055784712,699
-7.6926,53.28823,2022/04/23 23:00:00+00,Sun 24 Apr 2022,181,252,0,3848102,3794463,241171,4089273,4035634,85.2194812607807,84.1016571988149,700
-7.6926,53.28823,2022/04/24 23:00:00+00,Mon 25 Apr 2022,41,60,1,3848143,3794523,241172,4089315,4035695,85.2203565308379,84.1029284243743,701
-7.6926,53.28823,2022/04/25 23:00:00+00,Tue 26 Apr 2022,144,238,0,3848287,3794761,241172,4089459,4035933,85.2233574567486,84.1078882880322,702
-7.6926,53.28823,2022/04/26 23:00:00+00,Wed 27 Apr 2022,123,207,0,3848410,3794968,241172,4089582,4036140,85.2259207476307,84.1122021190288,703
-7.6926,53.28823,2022/04/27 23:00:00+00,Thu 28 Apr 2022,100,130,0,3848510,3795098,241172,4089682,4036270,85.2280047239575,84.1149112882537,704
-7.6926,53.28823,2022/04/28 23:00:00+00,Fri 29 Apr 2022,169,222,0,3848679,3795320,241172,4089851,4036492,85.2315266439499,84.1195377156994,705
-7.6926,53.28823,2022/04/29 23:00:00+00,Sat 30 Apr 2022,281,724,0,3848960,3796044,241172,4090132,4037216,85.2373826174284,84.1346257043058,706
-7.6926,53.28823,2022/04/30 23:00:00+00,Sun 01 May 2022,187,748,0,3849147,3796792,241172,4090319,4037964,85.2412796531597,84.1502138472308,707
-7.6926,53.28823,2022/05/01 23:00:00+00,Mon 02 May 2022,12,26,0,3849159,3796818,241172,4090331,4037990,85.2415297303189,84.1507556810758,708
-7.6926,53.28823,2022/05/02 23:00:00+00,Tue 03 May 2022,96,118,0,3849255,3796936,241172,4090427,4038108,85.2435303475927,84.1532147731415,709
-7.6926,53.28823,2022/05/03 23:00:00+00,Wed 04 May 2022,113,129,0,3849368,3797065,241172,4090540,4038237,85.245885240842,84.1559031026031,710
-7.6926,53.28823,2022/05/04 23:00:00+00,Thu 05 May 2022,112,165,0,3849480,3797230,241172,4090652,4038402,85.2482192943281,84.1593416635424,711
-7.6926,53.28823,2022/05/05 23:00:00+00,Fri 06 May 2022,138,257,0,3849618,3797487,241172,4090790,4038659,85.2510951816592,84.1646974827025,712
-7.6926,53.28823,2022/05/06 23:00:00+00,Sat 07 May 2022,441,1088,0,3850059,3798575,241172,4091231,4039747,85.2602855172606,84.1873711451387,713
-7.6926,53.28823,2022/05/07 23:00:00+00,Sun 08 May 2022,274,437,0,3850333,3799012,241172,4091505,4040184,85.2659956123962,84.1964781216871,714
-7.6926,53.28823,2022/05/08 23:00:00+00,Mon 09 May 2022,24,32,0,3850357,3799044,241172,4091529,4040216,85.2664957667147,84.1971449941117,715
-7.6926,53.28823,2022/05/09 23:00:00+00,Tue 10 May 2022,80,99,1,3850437,3799143,241173,4091610,4040316,85.2681837875394,84.1992289704386,716
-7.6926,53.28823,2022/05/10 23:00:00+00,Wed 11 May 2022,112,132,0,3850549,3799275,241173,4091722,4040448,85.2705178410255,84.20197981919,717
-7.6926,53.28823,2022/05/11 23:00:00+00,Thu 12 May 2022,207,398,0,3850756,3799673,241173,4091929,4040846,85.2748316720221,84.210274044971,718
-7.6926,53.28823,2022/05/12 23:00:00+00,Fri 13 May 2022,173,326,0,3850929,3799999,241173,4092102,4041172,85.2784369510676,84.2170678077965,719
-7.6926,53.28823,2022/05/13 23:00:00+00,Sat 14 May 2022,333,633,0,3851262,3800632,241173,4092435,4041805,85.2853765922361,84.2302593779456,720
-7.6926,53.28823,2022/05/14 23:00:00+00,Sun 15 May 2022,168,254,0,3851430,3800886,241173,4092603,4042059,85.2888776724652,84.2355526778158,721
-7.6926,53.28823,2022/05/15 23:00:00+00,Mon 16 May 2022,31,41,0,3851461,3800927,241173,4092634,4042100,85.2895237051265,84.2364071081098,722
-7.6926,53.28823,2022/05/16 23:00:00+00,Tue 17 May 2022,97,101,0,3851558,3801028,241173,4092731,4042201,85.2915451621636,84.2385119241999,723
-7.6926,53.28823,2022/05/17 23:00:00+00,Wed 18 May 2022,99,123,0,3851657,3801151,241173,4092830,4042324,85.2936082987272,84.241075215082,724
-7.6926,53.28823,2022/05/18 23:00:00+00,Thu 19 May 2022,73,107,0,3851730,3801258,241173,4092903,4042431,85.2951296014458,84.2433050697517,725
-7.6926,53.28823,2022/05/19 23:00:00+00,Fri 20 May 2022,128,210,0,3851858,3801468,241173,4093031,4042641,85.2977970911442,84.2476814200381,726
-7.6926,53.28823,2022/05/20 23:00:00+00,Sat 21 May 2022,392,762,0,3852250,3802230,241173,4093423,4043403,85.3059662783455,84.2635613196488,727
-7.6926,53.28823,2022/05/21 23:00:00+00,Sun 22 May 2022,234,410,0,3852484,3802640,241173,4093657,4043813,85.3108427829503,84.272105622589,728
-7.6926,53.28823,2022/05/22 23:00:00+00,Mon 23 May 2022,26,35,0,3852510,3802675,241173,4093683,4043848,85.3113846167953,84.2728350143034,729
-7.6926,53.28823,2022/05/23 23:00:00+00,Tue 24 May 2022,64,83,0,3852574,3802758,241173,4093747,4043931,85.3127183616445,84.2745647146547,730
-7.6926,53.28823,2022/05/24 23:00:00+00,Wed 25 May 2022,87,134,1,3852661,3802892,241174,4093835,4044066,85.3145522608121,84.2773780826959,731
-7.6926,53.28823,2022/05/25 23:00:00+00,Thu 26 May 2022,99,155,0,3852760,3803047,241174,4093934,4044221,85.3166153973757,84.2806082460026,732
-7.6926,53.28823,2022/05/26 23:00:00+00,Fri 27 May 2022,95,152,1,3852855,3803199,241175,4094030,4044374,85.3186160146495,84.2837967297827,733
-7.6926,53.28823,2022/05/27 23:00:00+00,Sat 28 May 2022,335,580,0,3853190,3803779,241175,4094365,4044954,85.3255973353445,84.2958837924785,734
-7.6926,53.28823,2022/05/28 23:00:00+00,Sun 29 May 2022,181,349,0,3853371,3804128,241175,4094546,4045303,85.3293693324961,84.3031568698592,735
-7.6926,53.28823,2022/05/29 23:00:00+00,Mon 30 May 2022,9,24,0,3853380,3804152,241175,4094555,4045327,85.3295568903655,84.3036570241777,736
-7.6926,53.28823,2022/05/30 23:00:00+00,Tue 31 May 2022,65,80,2,3853445,3804232,241177,4094622,4045409,85.3309531545045,84.3053658847657,737
-7.6926,53.28823,2022/05/31 23:00:00+00,Wed 01 Jun 2022,71,102,0,3853516,3804334,241177,4094693,4045511,85.3324327776966,84.3074915406191,738
-7.6926,53.28823,2022/06/01 23:00:00+00,Thu 02 Jun 2022,92,142,0,3853608,3804476,241177,4094785,4045653,85.3343500359173,84.3104507870032,739
-7.6926,53.28823,2022/06/02 23:00:00+00,Fri 03 Jun 2022,59,143,0,3853667,3804619,241177,4094844,4045796,85.3355795819502,84.3134308731507,740
-7.6926,53.28823,2022/06/03 23:00:00+00,Sat 04 Jun 2022,305,607,0,3853972,3805226,241177,4095149,4046403,85.3419357097471,84.3260806094547,741
-7.6926,53.28823,2022/06/04 23:00:00+00,Sun 05 Jun 2022,143,273,0,3854115,3805499,241177,4095292,4046676,85.3449157958945,84.331769864827,742
-7.6926,53.28823,2022/06/05 23:00:00+00,Mon 06 Jun 2022,5,7,1,3854120,3805506,241178,4095298,4046684,85.3450408344741,84.3319365829332,743
-7.6926,53.28823,2022/06/06 23:00:00+00,Tue 07 Jun 2022,29,54,0,3854149,3805560,241178,4095327,4046738,85.3456451876089,84.3330619301497,744
-7.6926,53.28823,2022/06/07 23:00:00+00,Wed 08 Jun 2022,36,76,0,3854185,3805636,241178,4095363,4046814,85.3463954190866,84.3346457521581,745
-7.6926,53.28823,2022/06/08 23:00:00+00,Thu 09 Jun 2022,73,122,0,3854258,3805758,241178,4095436,4046936,85.3479167218052,84.3371882032769,746
-7.6926,53.28823,2022/06/09 23:00:00+00,Fri 10 Jun 2022,56,108,0,3854314,3805866,241178,4095492,4047044,85.3490837485483,84.3394388977099,747
-7.6926,53.28823,2022/06/10 23:00:00+00,Sat 11 Jun 2022,190,562,0,3854504,3806428,241178,4095682,4047606,85.3530433035693,84.3511508446669,748
-7.6926,53.28823,2022/06/11 23:00:00+00,Sun 12 Jun 2022,143,288,0,3854647,3806716,241178,4095825,4047894,85.3560233897167,84.3571526964882,749
-7.6926,53.28823,2022/06/12 23:00:00+00,Mon 13 Jun 2022,17,44,0,3854664,3806760,241178,4095842,4047938,85.3563776656923,84.3580696460721,750
-7.6926,53.28823,2022/06/13 23:00:00+00,Tue 14 Jun 2022,37,55,0,3854701,3806815,241178,4095879,4047993,85.3571487369332,84.3592158330518,751
-7.6926,53.28823,2022/06/14 23:00:00+00,Wed 15 Jun 2022,66,123,0,3854767,3806938,241178,4095945,4048116,85.3585241613089,84.3617791239339,752
-7.6926,53.28823,2022/06/15 23:00:00+00,Thu 16 Jun 2022,43,85,0,3854810,3807023,241178,4095988,4048201,85.3594202711295,84.3635505038117,753
-7.6926,53.28823,2022/06/16 23:00:00+00,Fri 17 Jun 2022,59,95,0,3854869,3807118,241178,4096047,4048296,85.3606498171623,84.3655302813222,754
-7.6926,53.28823,2022/06/17 23:00:00+00,Sat 18 Jun 2022,223,488,0,3855092,3807606,241178,4096270,4048784,85.3652970843712,84.3757000857973,755
-7.6926,53.28823,2022/06/18 23:00:00+00,Sun 19 Jun 2022,79,129,0,3855171,3807735,241178,4096349,4048913,85.3669434256695,84.378388415259,756
-7.6926,53.28823,2022/06/19 23:00:00+00,Mon 20 Jun 2022,9,28,0,3855180,3807763,241178,4096358,4048941,85.3671309835389,84.3789719286305,757
-7.6926,53.28823,2022/06/20 23:00:00+00,Tue 21 Jun 2022,74,169,1,3855254,3807932,241179,4096433,4049111,85.368693965784,84.3825146883862,758
-7.6926,53.28823,2022/06/21 23:00:00+00,Wed 22 Jun 2022,60,96,0,3855314,3808028,241179,4096493,4049207,85.3699443515801,84.3845153056599,759
-7.6926,53.28823,2022/06/22 23:00:00+00,Thu 23 Jun 2022,64,113,0,3855378,3808141,241179,4096557,4049320,85.3712780964293,84.3868701989093,760
-7.6926,53.28823,2022/06/23 23:00:00+00,Fri 24 Jun 2022,55,93,1,3855433,3808234,241180,4096613,4049414,85.3724451231724,84.3888291366565,761
-7.6926,53.28823,2022/06/24 23:00:00+00,Sat 25 Jun 2022,210,293,0,3855643,3808527,241180,4096823,4049707,85.3768214734588,84.3949351872943,762
-7.6926,53.28823,2022/06/25 23:00:00+00,Sun 26 Jun 2022,174,402,0,3855817,3808929,241180,4096997,4050109,85.3804475922675,84.4033127721282,763
-7.6926,53.28823,2022/06/26 23:00:00+00,Mon 27 Jun 2022,5,35,0,3855822,3808964,241180,4097002,4050144,85.3805517910839,84.4040421638426,764
-7.6926,53.28823,2022/06/27 23:00:00+00,Tue 28 Jun 2022,49,60,0,3855871,3809024,241180,4097051,4050204,85.381572939484,84.4052925496388,765
-7.6926,53.28823,2022/06/28 23:00:00+00,Wed 29 Jun 2022,63,81,4,3855934,3809105,241184,4097118,4050289,85.382969203623,84.4070639295166,766
-7.6926,53.28823,2022/06/29 23:00:00+00,Thu 30 Jun 2022,48,89,0,3855982,3809194,241184,4097166,4050378,85.3839695122599,84.4089186684475,767
-7.6926,53.28823,2022/06/30 23:00:00+00,Fri 01 Jul 2022,46,66,0,3856028,3809260,241184,4097212,4050444,85.3849281413703,84.4102940928232,768
-7.6926,53.28823,2022/07/01 23:00:00+00,Sat 02 Jul 2022,182,228,0,3856210,3809488,241184,4097394,4050672,85.3887209782852,84.4150455588485,769
-7.6926,53.28823,2022/07/02 23:00:00+00,Sun 03 Jul 2022,108,274,0,3856318,3809762,241184,4097502,4050946,85.3909716727182,84.4207556539841,770
-7.6926,53.28823,2022/07/03 23:00:00+00,Mon 04 Jul 2022,15,15,0,3856333,3809777,241184,4097517,4050961,85.3912842691672,84.4210682504331,771
-7.6926,53.28823,2022/07/04 23:00:00+00,Tue 05 Jul 2022,51,69,0,3856384,3809846,241184,4097568,4051030,85.3923470970939,84.4225061940986,772
