X,Y,VaccinationDate,VaccineText,Dose1,Dose2,SingleDose,Dose1Cum,Dose2Cum,SingleDoseCum,PartiallyVacc,FullyVacc,PartialPercent,FullyPercent,ObjectId
-7.6926,53.28823,2021/04/17 23:00:00+00,Sun 18 Apr 2021,1058,472,0,898972,379317,196,899168,379513,19.0950468972948,8.05947112567736,1
-7.6926,53.28823,2021/04/18 23:00:00+00,Mon 19 Apr 2021,6725,2240,0,905697,381557,196,905893,381753,19.2378613550873,8.10704055102384,2
-7.6926,53.28823,2021/04/19 23:00:00+00,Tue 20 Apr 2021,15056,7293,1,920753,388850,197,920950,389047,19.5576170860881,8.2619384923083,3
-7.6926,53.28823,2021/04/20 23:00:00+00,Wed 21 Apr 2021,26686,9861,3,947439,398711,200,947639,398911,20.124394047281,8.47141385463761,4
-7.6926,53.28823,2021/04/21 23:00:00+00,Thu 22 Apr 2021,31602,12169,1,979041,410880,201,979242,411081,20.7955264353278,8.72986024145306,5
-7.6926,53.28823,2021/04/22 23:00:00+00,Fri 23 Apr 2021,33568,12357,1,1012609,423237,202,1012811,423439,21.5084094886563,8.99229906218152,6
-7.6926,53.28823,2021/04/23 23:00:00+00,Sat 24 Apr 2021,23679,6979,2,1036288,430216,204,1036492,430420,22.0113075072411,9.14055002572784,7
-7.6926,53.28823,2021/04/24 23:00:00+00,Sun 25 Apr 2021,9728,291,2,1046016,430507,206,1046222,430713,22.2179371985898,9.14677227645396,8
-7.6926,53.28823,2021/04/25 23:00:00+00,Mon 26 Apr 2021,15550,3037,2,1061566,433544,208,1061774,433752,22.5482049231382,9.21130954593072,9
-7.6926,53.28823,2021/04/26 23:00:00+00,Tue 27 Apr 2021,25892,7797,6,1087458,441341,214,1087672,441555,23.0981839310056,9.37701678967115,10
-7.6926,53.28823,2021/04/27 23:00:00+00,Wed 28 Apr 2021,26007,8584,5,1113465,449925,219,1113684,450144,23.6505838828416,9.55941580498404,11
-7.6926,53.28823,2021/04/28 23:00:00+00,Thu 29 Apr 2021,31666,11327,4,1145131,461252,223,1145354,461475,24.3231391063786,9.80004489364517,12
-7.6926,53.28823,2021/04/29 23:00:00+00,Fri 30 Apr 2021,36095,13510,8,1181226,474762,231,1181457,474993,25.0898350721303,10.0871178810709,13
-7.6926,53.28823,2021/04/30 23:00:00+00,Sat 01 May 2021,16527,6677,17,1197753,481439,248,1198001,481687,25.441169256475,10.2292740119947,14
-7.6926,53.28823,2021/05/01 23:00:00+00,Sun 02 May 2021,12417,900,13,1210170,482339,261,1210431,482600,25.7051370944468,10.2486628000935,15
-7.6926,53.28823,2021/05/02 23:00:00+00,Mon 03 May 2021,14231,906,17,1224401,483245,278,1224679,483523,26.0077126178113,10.2682639516983,16
-7.6926,53.28823,2021/05/03 23:00:00+00,Tue 04 May 2021,26618,6764,8,1251019,490009,286,1251305,490295,26.5731516889163,10.412076517969,17
-7.6926,53.28823,2021/05/04 23:00:00+00,Wed 05 May 2021,32063,13436,68,1283082,503445,354,1283436,503799,27.2554968700805,10.6988521964864,18
-7.6926,53.28823,2021/05/05 23:00:00+00,Thu 06 May 2021,37240,14362,132,1320322,517807,486,1320808,518293,28.049141764745,11.0066518620988,19
-7.6926,53.28823,2021/05/06 23:00:00+00,Fri 07 May 2021,40563,15055,93,1360885,532862,579,1361464,533441,28.9125268347835,11.3283401010043,20
-7.6926,53.28823,2021/05/07 23:00:00+00,Sat 08 May 2021,25576,7029,10,1386461,539891,589,1387050,540480,29.4558801012634,11.4778227728855,21
-7.6926,53.28823,2021/05/08 23:00:00+00,Sun 09 May 2021,19635,914,2,1406096,540805,591,1406687,541396,29.8728983180173,11.4972752700361,22
-7.6926,53.28823,2021/05/09 23:00:00+00,Mon 10 May 2021,28787,4622,170,1434883,545427,761,1435644,546188,30.4878393223735,11.5990398621166,23
-7.6926,53.28823,2021/05/10 23:00:00+00,Tue 11 May 2021,33894,14800,150,1468777,560227,911,1469688,561138,31.2108096422376,11.9165233036032,24
-7.6926,53.28823,2021/05/11 23:00:00+00,Wed 12 May 2021,31250,20920,166,1500027,581147,1077,1501104,582224,31.8779708327219,12.3643129923781,25
-7.6926,53.28823,2021/05/12 23:00:00+00,Thu 13 May 2021,35952,25471,149,1535979,606618,1226,1537205,607844,32.6446243257724,12.9083882947784,26
-7.6926,53.28823,2021/05/13 23:00:00+00,Fri 14 May 2021,38164,27957,234,1574143,634575,1460,1575603,636035,33.4600577161537,13.5070622545742,27
-7.6926,53.28823,2021/05/14 23:00:00+00,Sat 15 May 2021,28815,12428,18,1602958,647003,1478,1604436,648481,34.0723654130353,13.7713698741555,28
-7.6926,53.28823,2021/05/15 23:00:00+00,Sun 16 May 2021,23136,1156,9,1626094,648159,1487,1627581,649646,34.5638807476979,13.7961102226058,29
-7.6926,53.28823,2021/05/16 23:00:00+00,Mon 17 May 2021,35353,3930,112,1661447,652089,1599,1663046,653688,35.3170279217661,13.8819475517355,30
-7.6926,53.28823,2021/05/17 23:00:00+00,Tue 18 May 2021,39002,12474,122,1700449,664563,1721,1702170,666284,36.1478789026838,14.149440623907,31
-7.6926,53.28823,2021/05/18 23:00:00+00,Wed 19 May 2021,36974,17580,203,1737423,682143,1924,1739347,684067,36.9373827089811,14.5270866466465,32
-7.6926,53.28823,2021/05/19 23:00:00+00,Thu 20 May 2021,39039,19655,130,1776462,701798,2054,1778516,703852,37.7691893256758,14.9472478432893,33
-7.6926,53.28823,2021/05/20 23:00:00+00,Fri 21 May 2021,25784,23231,14930,1802246,725029,16984,1819230,742013,38.6338061040492,15.7576482185781,34
-7.6926,53.28823,2021/05/21 23:00:00+00,Sat 22 May 2021,16545,10240,13519,1818791,735269,30503,1849294,765772,39.2722557485208,16.2622026725098,35
-7.6926,53.28823,2021/05/22 23:00:00+00,Sun 23 May 2021,8184,5513,10202,1826975,740782,40705,1867680,781487,39.6627072906728,16.5959319222062,36
-7.6926,53.28823,2021/05/23 23:00:00+00,Mon 24 May 2021,22489,8193,8445,1849464,748975,49150,1898614,798125,40.3196325601674,16.9492623235073,37
-7.6926,53.28823,2021/05/24 23:00:00+00,Tue 25 May 2021,30262,16497,3220,1879726,765472,52370,1932096,817842,41.0306680509936,17.3679794483093,38
-7.6926,53.28823,2021/11/26 00:00:00+00,Fri 26 Nov 2021,1290,1076,12,3646012,3581938,239646,3885658,3821584,82.5171956039905,81.1564976755753,39
-7.6926,53.28823,2021/05/25 23:00:00+00,Wed 26 May 2021,19913,25415,3045,1899639,790887,55415,1955054,846302,41.5182121880938,17.9723659864168,40
-7.6926,53.28823,2021/05/26 23:00:00+00,Thu 27 May 2021,16959,35993,550,1916598,826880,55965,1972563,882845,41.8900394507685,18.748405946433,41
-7.6926,53.28823,2021/11/27 00:00:00+00,Sat 27 Nov 2021,1226,1549,5,3647238,3583487,239651,3886889,3823138,82.5433375515804,81.1894989644094,42
-7.6926,53.28823,2021/05/27 23:00:00+00,Fri 28 May 2021,26958,31799,1551,1943556,858679,57516,2001072,916195,42.4954665700554,19.4566382389799,43
-7.6926,53.28823,2021/11/28 00:00:00+00,Sun 28 Nov 2021,1966,2251,0,3649204,3585738,239651,3888855,3825389,82.5850882168622,81.2373019896124,44
-7.6926,53.28823,2021/05/28 23:00:00+00,Sat 29 May 2021,24412,7370,530,1967968,866049,58046,2026014,924095,43.0251436267482,19.6244054087286,45
-7.6926,53.28823,2021/11/29 00:00:00+00,Mon 29 Nov 2021,553,975,1,3649757,3586713,239652,3889409,3826365,82.5968531550952,81.2580286677991,46
-7.6926,53.28823,2021/05/29 23:00:00+00,Sun 30 May 2021,24189,1661,206,1992157,867710,58252,2050409,925962,43.5432043996622,19.6640536753009,47
-7.6926,53.28823,2021/11/30 00:00:00+00,Tue 30 Nov 2021,1929,1620,6,3651686,3588333,239658,3891344,3827991,82.6379454935084,81.2925589738765,48
-7.6926,53.28823,2021/05/30 23:00:00+00,Mon 31 May 2021,22507,7308,3435,2014664,875018,61687,2076351,936705,44.094117806956,19.8921957898085,49
-7.6926,53.28823,2021/12/01 00:00:00+00,Wed 01 Dec 2021,1081,1353,1,3652767,3589686,239659,3892426,3829345,82.6609232248588,81.3213129925904,50
-7.6926,53.28823,2021/12/02 00:00:00+00,Thu 02 Dec 2021,1775,1398,0,3654542,3591084,239659,3894201,3830743,82.6986177471757,81.3510014107308,51
-7.6926,53.28823,2021/12/03 00:00:00+00,Fri 03 Dec 2021,1043,1164,3,3655585,3592248,239662,3895247,3831910,82.7208309699045,81.3757842318823,52
-7.6926,53.28823,2021/12/04 00:00:00+00,Sat 04 Dec 2021,1201,1694,0,3656786,3593942,239662,3896448,3833604,82.7463358269764,81.4117586098005,53
-7.6926,53.28823,2021/12/05 00:00:00+00,Sun 05 Dec 2021,1348,1770,0,3658134,3595712,239662,3897796,3835374,82.7749624275867,81.4493469503645,54
-7.6926,53.28823,2021/12/06 00:00:00+00,Mon 06 Dec 2021,936,1275,0,3659070,3596987,239662,3898732,3836649,82.7948396517493,81.4764232973809,55
-7.6926,53.28823,2021/12/07 00:00:00+00,Tue 07 Dec 2021,486,730,1,3659556,3597717,239663,3899219,3837380,82.8051817544921,81.4919470696703,56
-7.6926,53.28823,2021/12/08 00:00:00+00,Wed 08 Dec 2021,811,1488,0,3660367,3599205,239663,3900030,3838868,82.8224044348296,81.5235467593647,57
-7.6926,53.28823,2021/12/09 00:00:00+00,Thu 09 Dec 2021,796,1185,0,3661163,3600390,239663,3900826,3840053,82.839308569908,81.5487118348271,58
-7.6926,53.28823,2021/12/10 00:00:00+00,Fri 10 Dec 2021,892,1591,1,3662055,3601981,239664,3901719,3841645,82.8582726309948,81.582520104984,59
-7.6926,53.28823,2021/12/11 00:00:00+00,Sat 11 Dec 2021,636,835,0,3662691,3602816,239664,3902355,3842480,82.8717789499771,81.6002524577359,60
-7.6926,53.28823,2021/12/12 00:00:00+00,Sun 12 Dec 2021,690,1188,0,3663381,3604004,239664,3903045,3843668,82.8864320318919,81.6254812422501,61
-7.6926,53.28823,2021/12/13 00:00:00+00,Mon 13 Dec 2021,722,1043,0,3664103,3605047,239664,3903767,3844711,82.9017646770259,81.647630755927,62
-7.6926,53.28823,2021/12/14 00:00:00+00,Tue 14 Dec 2021,630,1179,1,3664733,3606226,239665,3904398,3845891,82.9151648142552,81.6726896496363,63
-7.6926,53.28823,2021/12/15 00:00:00+00,Wed 15 Dec 2021,796,1228,1,3665529,3607454,239666,3905195,3847120,82.9320901856843,81.6987891245251,64
-7.6926,53.28823,2021/12/16 00:00:00+00,Thu 16 Dec 2021,1063,1516,7,3666592,3608970,239673,3906265,3848643,82.9548130808275,81.7311320864906,65
-7.6926,53.28823,2021/12/17 00:00:00+00,Fri 17 Dec 2021,1209,2432,1,3667801,3611402,239674,3907475,3851076,82.9805090650548,81.7828001275031,66
-7.6926,53.28823,2021/12/18 00:00:00+00,Sat 18 Dec 2021,1266,1165,0,3669067,3612567,239674,3908741,3852241,83.0073942849158,81.8075404759533,67
-7.6926,53.28823,2021/12/19 00:00:00+00,Sun 19 Dec 2021,557,877,0,3669624,3613444,239674,3909298,3853118,83.0192229322006,81.8261647554305,68
-7.6926,53.28823,2021/12/20 00:00:00+00,Mon 20 Dec 2021,538,590,0,3670162,3614034,239674,3909836,3853708,83.030648088824,81.8386942022852,69
-7.6926,53.28823,2021/12/21 00:00:00+00,Tue 21 Dec 2021,1464,1773,3,3671626,3615807,239677,3911303,3855484,83.0618018151558,81.8764099609527,70
-7.6926,53.28823,2021/12/22 00:00:00+00,Wed 22 Dec 2021,1240,1547,2,3672866,3617354,239679,3912545,3857033,83.0881773626024,81.9093050680338,71
-7.6926,53.28823,2021/12/23 00:00:00+00,Thu 23 Dec 2021,962,1337,0,3673828,3618691,239679,3913507,3858370,83.1086067318807,81.9376980687875,72
-7.6926,53.28823,2021/12/24 00:00:00+00,Fri 24 Dec 2021,104,137,0,3673932,3618828,239679,3913611,3858507,83.1108153123432,81.9406074488199,73
-7.6926,53.28823,2021/12/25 00:00:00+00,Sat 25 Dec 2021,1,0,0,3673933,3618828,239679,3913612,3858507,83.1108365486938,81.9406074488199,74
-7.6926,53.28823,2021/12/26 00:00:00+00,Sun 26 Dec 2021,10,6,0,3673943,3618834,239679,3913622,3858513,83.1110489121998,81.9407348669235,75
-7.6926,53.28823,2021/12/27 00:00:00+00,Mon 27 Dec 2021,387,581,0,3674330,3619415,239679,3914009,3859094,83.1192673798824,81.9530731866227,76
-7.6926,53.28823,2021/12/28 00:00:00+00,Tue 28 Dec 2021,468,736,0,3674798,3620151,239679,3914477,3859830,83.1292059919637,81.9687031406651,77
-7.6926,53.28823,2021/12/29 00:00:00+00,Wed 29 Dec 2021,1085,1276,0,3675883,3621427,239679,3915562,3861106,83.1522474323659,81.9958007240321,78
-7.6926,53.28823,2021/12/30 00:00:00+00,Thu 30 Dec 2021,1070,1170,1,3676953,3622597,239680,3916633,3862277,83.1749915638597,82.020668490586,79
-7.6926,53.28823,2021/12/31 00:00:00+00,Fri 31 Dec 2021,720,1666,0,3677673,3624263,239680,3917353,3863943,83.1902817362925,82.0560482506875,80
-7.6926,53.28823,2022/01/01 00:00:00+00,Sat 01 Jan 2022,65,95,0,3677738,3624358,239680,3917418,3864038,83.1916620990816,82.0580657039946,81
-7.6926,53.28823,2022/01/02 00:00:00+00,Sun 02 Jan 2022,270,621,0,3678008,3624979,239680,3917688,3864659,83.1973959137439,82.0712534777179,82
-7.6926,53.28823,2022/01/03 00:00:00+00,Mon 03 Jan 2022,3631,714,0,3681639,3625693,239680,3921319,3865373,83.2745051027765,82.0864162320471,83
-7.6926,53.28823,2022/01/04 00:00:00+00,Tue 04 Jan 2022,1193,758,0,3682832,3626451,239680,3922512,3866131,83.2998400690436,82.1025133858027,84
-7.6926,53.28823,2022/01/05 00:00:00+00,Wed 05 Jan 2022,2143,876,0,3684975,3627327,239680,3924655,3867007,83.3453495683818,82.1211164289293,85
-7.6926,53.28823,2022/01/06 00:00:00+00,Thu 06 Jan 2022,2464,1656,0,3687439,3628983,239680,3927119,3868663,83.3976759362629,82.1562838255247,86
-7.6926,53.28823,2022/01/07 00:00:00+00,Fri 07 Jan 2022,4850,760,0,3692289,3629743,239680,3931969,3869423,83.5006722366783,82.1724234519815,87
-7.6926,53.28823,2022/01/08 00:00:00+00,Sat 08 Jan 2022,9789,730,1,3702078,3630473,239681,3941759,3870154,83.7085761090631,82.1879472242709,88
-7.6926,53.28823,2022/01/09 00:00:00+00,Sun 09 Jan 2022,7115,664,0,3709193,3631137,239681,3948874,3870818,83.85967274359,82.2020481610701,89
-7.6926,53.28823,2022/01/10 00:00:00+00,Mon 10 Jan 2022,6655,483,0,3715848,3631620,239681,3955529,3871301,84.0010006568403,82.2123053184104,90
-7.6926,53.28823,2022/01/11 00:00:00+00,Tue 11 Jan 2022,4768,1330,1,3720616,3632950,239682,3960298,3872632,84.102276812857,82.2405709010605,91
-7.6926,53.28823,2022/01/12 00:00:00+00,Wed 12 Jan 2022,7556,858,1,3728172,3633808,239683,3967855,3873491,84.2627599143495,82.2588129262268,92
-7.6926,53.28823,2022/01/13 00:00:00+00,Thu 13 Jan 2022,7320,771,0,3735492,3634579,239683,3975175,3874262,84.4182100007496,82.2751861525403,93
-7.6926,53.28823,2022/01/14 00:00:00+00,Fri 14 Jan 2022,10723,797,0,3746215,3635376,239683,3985898,3875059,84.6459273882453,82.2921115239694,94
-7.6926,53.28823,2022/01/15 00:00:00+00,Sat 15 Jan 2022,8353,634,0,3754568,3636010,239683,3994251,3875693,84.8233146248163,82.3055753702505,95
-7.6926,53.28823,2022/01/16 00:00:00+00,Sun 16 Jan 2022,6966,1210,1,3761534,3637220,239684,4001218,3876904,84.9712682794542,82.3312925908284,96
-7.6926,53.28823,2022/01/17 00:00:00+00,Mon 17 Jan 2022,2559,540,0,3764093,3637760,239684,4003777,3877444,85.0256121006425,82.342760220153,97
-7.6926,53.28823,2022/01/18 00:00:00+00,Tue 18 Jan 2022,4059,419,3,3768152,3638179,239687,4007839,3877866,85.1118741567842,82.3517219601067,98
-7.6926,53.28823,2022/01/19 00:00:00+00,Wed 19 Jan 2022,3479,596,0,3771631,3638775,239687,4011318,3878462,85.1857554205254,82.3643788250649,99
-7.6926,53.28823,2022/01/20 00:00:00+00,Thu 20 Jan 2022,3686,915,0,3775317,3639690,239687,4015004,3879377,85.2640326088411,82.3838100858649,100
-7.6926,53.28823,2022/01/21 00:00:00+00,Fri 21 Jan 2022,3249,955,0,3778566,3640645,239687,4018253,3880332,85.3330295119441,82.404090800689,101
-7.6926,53.28823,2022/01/22 00:00:00+00,Sat 22 Jan 2022,4271,631,0,3782837,3641276,239687,4022524,3880963,85.4237299653614,82.4174909379183,102
-7.6926,53.28823,2022/01/23 00:00:00+00,Sun 23 Jan 2022,3092,677,0,3785929,3641953,239687,4025616,3881640,85.48939276142,82.4318679472752,103
-7.6926,53.28823,2022/01/24 00:00:00+00,Mon 24 Jan 2022,645,454,0,3786574,3642407,239687,4026261,3882094,85.5030902075577,82.4415092504481,104
-7.6926,53.28823,2022/01/25 00:00:00+00,Tue 25 Jan 2022,697,1825,0,3787271,3644232,239687,4026958,3883919,85.5178919439267,82.4802655902951,105
-7.6926,53.28823,2022/01/26 00:00:00+00,Wed 26 Jan 2022,699,878,0,3787970,3645110,239687,4027657,3884797,85.5327361529969,82.4989111061229,106
-7.6926,53.28823,2022/01/27 00:00:00+00,Thu 27 Jan 2022,1273,1153,0,3789243,3646263,239687,4028930,3885950,85.5597700273121,82.523396618366,107
-7.6926,53.28823,2022/01/28 00:00:00+00,Fri 28 Jan 2022,1026,3078,0,3790269,3649341,239687,4029956,3889028,85.5815585230288,82.5887621055162,108
-7.6926,53.28823,2022/01/29 00:00:00+00,Sat 29 Jan 2022,2325,3441,0,3792594,3652782,239687,4032281,3892469,85.6309330381764,82.6618363879346,109
-7.6926,53.28823,2022/01/30 00:00:00+00,Sun 30 Jan 2022,1634,7535,0,3794228,3660317,239687,4033915,3900004,85.6656332350586,82.8218522897139,110
-7.6926,53.28823,2022/01/31 00:00:00+00,Mon 31 Jan 2022,478,1377,1,3794706,3661694,239688,4034394,3901382,85.6758054469965,82.8511159808423,111
-7.6926,53.28823,2022/02/01 00:00:00+00,Tue 01 Feb 2022,749,3405,1,3795455,3665099,239689,4035144,3904788,85.6917327099473,82.9234469909896,112
-7.6926,53.28823,2022/02/02 00:00:00+00,Wed 02 Feb 2022,642,2982,0,3796097,3668081,239689,4035786,3907770,85.7053664470332,82.9867737884821,113
-7.6926,53.28823,2022/02/03 00:00:00+00,Thu 03 Feb 2022,909,2419,1,3797006,3670500,239690,4036696,3910190,85.7246915260802,83.0381657569368,114
-7.6926,53.28823,2022/02/04 00:00:00+00,Fri 04 Feb 2022,1168,6499,0,3798174,3676999,239690,4037864,3916689,85.7494955835823,83.1761807994934,115
-7.6926,53.28823,2022/02/05 00:00:00+00,Sat 05 Feb 2022,1777,5744,0,3799951,3682743,239690,4039641,3922433,85.7872325786005,83.2981623973461,116
-7.6926,53.28823,2022/02/06 00:00:00+00,Sun 06 Feb 2022,1408,7555,0,3801359,3690298,239690,4041049,3929988,85.8171333602469,83.4586030261375,117
-7.6926,53.28823,2022/02/07 00:00:00+00,Mon 07 Feb 2022,433,1341,0,3801792,3691639,239690,4041482,3931329,85.8263287000571,83.4870809722936,118
-7.6926,53.28823,2022/02/08 00:00:00+00,Tue 08 Feb 2022,896,1217,0,3802688,3692856,239690,4042378,3932546,85.8453564701957,83.5129256109751,119
-7.6926,53.28823,2022/02/09 00:00:00+00,Wed 09 Feb 2022,1333,1755,0,3804021,3694611,239690,4043711,3934301,85.873664525547,83.5501954062801,120
-7.6926,53.28823,2022/02/10 00:00:00+00,Thu 10 Feb 2022,687,2535,0,3804708,3697146,239690,4044398,3936836,85.88825389841,83.6040295550539,121
-7.6926,53.28823,2022/02/11 00:00:00+00,Fri 11 Feb 2022,553,4903,0,3805261,3702049,239690,4044951,3941739,85.8999976002924,83.7081513820511,122
-7.6926,53.28823,2022/02/12 00:00:00+00,Sat 12 Feb 2022,1396,5458,0,3806657,3707507,239690,4046347,3947197,85.9296435457315,83.8240593836319,123
-7.6926,53.28823,2022/02/13 00:00:00+00,Sun 13 Feb 2022,1567,4706,0,3808224,3712213,239690,4047914,3951903,85.9629209071234,83.9239976495607,124
-7.6926,53.28823,2022/02/14 00:00:00+00,Mon 14 Feb 2022,172,945,1,3808396,3713158,239691,4048087,3952849,85.9665947957775,83.9440872372294,125
-7.6926,53.28823,2022/02/15 00:00:00+00,Tue 15 Feb 2022,646,801,1,3809042,3713959,239692,4048734,3953651,85.9803347146164,83.9611187904114,126
-7.6926,53.28823,2022/02/16 00:00:00+00,Wed 16 Feb 2022,791,1776,0,3809833,3715735,239692,4049525,3955427,85.9971326679418,83.998834549079,127
-7.6926,53.28823,2022/02/17 00:00:00+00,Thu 17 Feb 2022,787,1179,2,3810620,3716914,239694,4050314,3956608,86.0138881485661,84.0239146791389,128
-7.6926,53.28823,2022/02/18 00:00:00+00,Fri 18 Feb 2022,793,3272,0,3811413,3720186,239694,4051107,3959880,86.0307285745928,84.0934000183057,129
-7.6926,53.28823,2022/02/19 00:00:00+00,Sat 19 Feb 2022,976,3545,0,3812389,3723731,239694,4052083,3963425,86.0514552527795,84.1686828811867,130
-7.6926,53.28823,2022/02/20 00:00:00+00,Sun 20 Feb 2022,1366,3587,0,3813755,3727318,239694,4053449,3967012,86.0804641077006,84.2448576707928,131
-7.6926,53.28823,2022/02/21 00:00:00+00,Mon 21 Feb 2022,250,989,1,3814005,3728307,239695,4053700,3968002,86.0857944317015,84.2658816578879,132
-7.6926,53.28823,2022/02/22 00:00:00+00,Tue 22 Feb 2022,472,960,0,3814477,3729267,239695,4054172,3968962,86.0958179891852,84.286268554465,133
-7.6926,53.28823,2022/02/23 00:00:00+00,Wed 23 Feb 2022,822,1260,1,3815299,3730527,239696,4054995,3970223,86.1132955057299,84.313047592573,134
-7.6926,53.28823,2022/02/24 00:00:00+00,Thu 24 Feb 2022,657,1209,0,3815956,3731736,239696,4055652,3971432,86.1272477880748,84.3387223404497,135
-7.6926,53.28823,2022/02/25 00:00:00+00,Fri 25 Feb 2022,688,1212,0,3816644,3732948,239696,4056340,3972644,86.1418583972884,84.3644607973782,136
-7.6926,53.28823,2022/02/26 00:00:00+00,Sat 26 Feb 2022,956,2084,0,3817600,3735032,239696,4057296,3974728,86.162160348463,84.4087173520309,137
-7.6926,53.28823,2022/02/27 00:00:00+00,Sun 27 Feb 2022,670,1781,0,3818270,3736813,239696,4057966,3976509,86.1763887033658,84.4465392924515,138
-7.6926,53.28823,2022/02/28 00:00:00+00,Mon 28 Feb 2022,81,420,0,3818351,3737233,239696,4058047,3976929,86.1781088477645,84.455458559704,139
-7.6926,53.28823,2022/03/01 00:00:00+00,Tue 01 Mar 2022,121,929,0,3818472,3738162,239696,4058168,3977858,86.1806784461872,84.4751871294124,140
-7.6926,53.28823,2022/03/02 00:00:00+00,Wed 02 Mar 2022,199,984,2,3818671,3739146,239698,4058369,3978844,86.184946952658,84.4961261711051,141
-7.6926,53.28823,2022/03/03 00:00:00+00,Thu 03 Mar 2022,266,1263,0,3818937,3740409,239698,4058635,3980107,86.1905958219179,84.5229476819143,142
-7.6926,53.28823,2022/03/04 00:00:00+00,Fri 04 Mar 2022,725,1483,2,3819662,3741892,239700,4059362,3981592,86.2060346488049,84.5544836625569,143
-7.6926,53.28823,2022/03/05 00:00:00+00,Sat 05 Mar 2022,961,3330,0,3820623,3745222,239700,4060323,3984922,86.2264427817326,84.6252007100586,144
-7.6926,53.28823,2022/03/06 00:00:00+00,Sun 06 Mar 2022,455,1915,0,3821078,3747137,239700,4060778,3986837,86.2361053212561,84.6658683214597,145
-7.6926,53.28823,2022/03/07 00:00:00+00,Mon 07 Mar 2022,111,105,0,3821189,3747242,239700,4060889,3986942,86.2384625561728,84.6680981382729,146
-7.6926,53.28823,2022/03/08 00:00:00+00,Tue 08 Mar 2022,117,477,0,3821306,3747719,239700,4061006,3987419,86.2409472091931,84.6782278775096,147
-7.6926,53.28823,2022/03/09 00:00:00+00,Wed 09 Mar 2022,114,314,0,3821420,3748033,239700,4061120,3987733,86.2433681531617,84.6848960915983,148
-7.6926,53.28823,2022/03/10 00:00:00+00,Thu 10 Mar 2022,252,491,0,3821672,3748524,239700,4061372,3988224,86.2487197135131,84.6953231397435,149
-7.6926,53.28823,2022/03/11 00:00:00+00,Fri 11 Mar 2022,492,2146,0,3822164,3750670,239700,4061864,3990370,86.2591679980089,84.7408963481334,150
-7.6926,53.28823,2022/03/12 00:00:00+00,Sat 12 Mar 2022,474,2376,2,3822638,3753046,239702,4062340,3992748,86.269276500895,84.7913963898629,151
-7.6926,53.28823,2022/03/13 00:00:00+00,Sun 13 Mar 2022,363,1077,0,3823001,3754123,239702,4062703,3993825,86.2769852961632,84.8142679394603,152
-7.6926,53.28823,2022/03/14 00:00:00+00,Mon 14 Mar 2022,99,102,0,3823100,3754225,239702,4062802,3993927,86.2790876948727,84.8164340472216,153
-7.6926,53.28823,2022/03/15 00:00:00+00,Tue 15 Mar 2022,214,735,0,3823314,3754960,239702,4063016,3994662,86.2836322739014,84.8320427649134,154
-7.6926,53.28823,2020/12/28 00:00:00+00,Mon 28 Dec 2020,192,21,0,192,21,0,192,21,0.00407737931541226,0.000445963362623216,155
-7.6926,53.28823,2020/12/29 00:00:00+00,Tue 29 Dec 2020,74,2,0,266,23,0,266,23,0.00564886925989407,0.000488436063825427,156
-7.6926,53.28823,2020/12/30 00:00:00+00,Wed 30 Dec 2020,1055,1,0,1321,24,0,1321,24,0.0280532191440604,0.000509672414426533,157
-7.6926,53.28823,2020/12/31 00:00:00+00,Thu 31 Dec 2020,1031,1,0,2352,25,0,2352,25,0.0499478966138002,0.000530908765027638,158
-7.6926,53.28823,2021/01/01 00:00:00+00,Fri 01 Jan 2021,806,0,0,3158,25,0,3158,25,0.0670643951982912,0.000530908765027638,159
-7.6926,53.28823,2021/01/02 00:00:00+00,Sat 02 Jan 2021,1014,0,0,4172,25,0,4172,25,0.0885980547078122,0.000530908765027638,160
-7.6926,53.28823,2021/01/03 00:00:00+00,Sun 03 Jan 2021,19,2,0,4191,27,0,4191,27,0.0890015453692332,0.000573381466229849,161
-7.6926,53.28823,2021/01/04 00:00:00+00,Mon 04 Jan 2021,1187,3,0,5378,30,0,5378,30,0.114209093532745,0.000637090518033166,162
-7.6926,53.28823,2021/01/05 00:00:00+00,Tue 05 Jan 2021,3520,9,0,8898,39,0,8898,39,0.188961047648637,0.000828217673443115,163
-7.6926,53.28823,2021/01/06 00:00:00+00,Wed 06 Jan 2021,6769,8,0,15667,47,0,15667,47,0.33270990486752,0.000998108478251959,164
-7.6926,53.28823,2021/01/07 00:00:00+00,Thu 07 Jan 2021,11715,8,0,27382,55,0,27382,55,0.581493752159471,0.0011679992830608,165
-7.6926,53.28823,2021/01/08 00:00:00+00,Fri 08 Jan 2021,12674,5,0,40056,60,0,40056,60,0.850643259677883,0.00127418103606633,166
-7.6926,53.28823,2021/01/09 00:00:00+00,Sat 09 Jan 2021,8073,6,0,48129,66,0,48129,66,1.02208431808061,0.00140159913967296,167
-7.6926,53.28823,2021/01/10 00:00:00+00,Sun 10 Jan 2021,4776,3,1,52905,69,1,52906,70,1.12353036490209,0.00148654454207739,168
-7.6926,53.28823,2021/01/11 00:00:00+00,Mon 11 Jan 2021,8336,7,0,61241,76,1,61242,77,1.3005565835129,0.00163519899628512,169
-7.6926,53.28823,2021/01/12 00:00:00+00,Tue 12 Jan 2021,8875,8,0,70116,84,1,70117,85,1.48902919509772,0.00180508980109397,170
-7.6926,53.28823,2021/01/13 00:00:00+00,Wed 13 Jan 2021,9873,5,0,79989,89,1,79990,90,1.69869568458243,0.0019112715540995,171
-7.6926,53.28823,2021/01/14 00:00:00+00,Thu 14 Jan 2021,8069,4,0,88058,93,1,88059,94,1.87005179758275,0.00199621695650392,172
-7.6926,53.28823,2021/01/15 00:00:00+00,Fri 15 Jan 2021,7681,2,0,95739,95,1,95740,96,2.03316820654984,0.00203868965770613,173
-7.6926,53.28823,2021/01/16 00:00:00+00,Sat 16 Jan 2021,5218,2,0,100957,97,1,100958,98,2.14397948398641,0.00208116235890834,174
-7.6926,53.28823,2021/01/17 00:00:00+00,Sun 17 Jan 2021,1107,4,0,102064,101,1,102065,102,2.16748812410184,0.00216610776131276,175
-7.6926,53.28823,2021/01/18 00:00:00+00,Mon 18 Jan 2021,8701,7,0,110765,108,1,110766,109,2.35226561068205,0.0023147622155205,176
-7.6926,53.28823,2021/01/19 00:00:00+00,Tue 19 Jan 2021,8368,18,0,119133,126,1,119134,127,2.52997139251211,0.0026970165263404,177
-7.6926,53.28823,2021/01/20 00:00:00+00,Wed 20 Jan 2021,8440,961,0,127573,1087,1,127574,1088,2.70920619158544,0.0231051494540028,178
-7.6926,53.28823,2021/01/21 00:00:00+00,Thu 21 Jan 2021,8984,962,0,136557,2049,1,136558,2050,2.89999356538577,0.0435345187322663,179
-7.6926,53.28823,2021/01/22 00:00:00+00,Fri 22 Jan 2021,6765,967,0,143322,3016,1,143323,3017,3.04365747720225,0.0640700697635354,180
-7.6926,53.28823,2021/05/31 23:00:00+00,Tue 01 Jun 2021,27451,11488,3642,2042115,886506,65329,2107444,951835,44.7544196561962,20.2135017744033,181
-7.6926,53.28823,2021/01/23 00:00:00+00,Sat 23 Jan 2021,4177,459,0,147499,3475,1,147500,3476,3.13236171366306,0.0738175546894428,182
-7.6926,53.28823,2021/06/01 23:00:00+00,Wed 02 Jun 2021,18615,20872,3996,2060730,907378,69325,2130055,976703,45.2345947796378,20.7416073411516,183
-7.6926,53.28823,2021/01/24 00:00:00+00,Sun 24 Jan 2021,1180,397,0,148679,3872,1,148680,3873,3.15742060737237,0.0822483858780817,184
-7.6926,53.28823,2021/08/06 23:00:00+00,Sat 07 Aug 2021,6307,8379,577,3250057,2739352,226943,3477000,2966295,73.8387910400439,62.9932806063063,185
-7.6926,53.28823,2021/06/02 23:00:00+00,Thu 03 Jun 2021,16609,30678,1970,2077339,938056,71295,2148634,1009351,45.6291449374558,21.4349317155765,186
-7.6926,53.28823,2021/01/25 00:00:00+00,Mon 25 Jan 2021,1346,1286,0,150025,5158,1,150026,5159,3.18600473528146,0.109558332751103,187
-7.6926,53.28823,2021/08/07 23:00:00+00,Sun 08 Aug 2021,8590,11914,153,3258647,2751266,227096,3485743,2978362,74.0244604533494,63.2495396490098,188
-7.6926,53.28823,2021/06/03 23:00:00+00,Fri 04 Jun 2021,28949,23326,147,2106288,961382,71442,2177730,1032824,46.2470377945455,21.9334125732362,189
-7.6926,53.28823,2021/01/26 00:00:00+00,Tue 26 Jan 2021,997,3496,0,151022,8654,1,151023,8655,3.20717737683076,0.183800614452568,190
-7.6926,53.28823,2021/08/08 23:00:00+00,Mon 09 Aug 2021,5502,22930,597,3264149,2774196,227693,3491842,3001889,74.1539809556655,63.7491672696021,191
-7.6926,53.28823,2021/06/04 23:00:00+00,Sat 05 Jun 2021,20893,11465,30,2127181,972847,71472,2198653,1044319,46.6913659581725,22.1775244233959,192
-7.6926,53.28823,2021/01/27 00:00:00+00,Wed 27 Jan 2021,2159,6698,0,153181,15352,1,153182,15353,3.25302665777855,0.326041690778773,193
-7.6926,53.28823,2021/01/28 00:00:00+00,Thu 28 Jan 2021,984,11537,0,154165,26889,1,154166,26890,3.27392322677003,0.571045467663728,194
-7.6926,53.28823,2021/01/29 00:00:00+00,Fri 29 Jan 2021,1563,11525,0,155728,38414,1,155729,38415,3.30711564275956,0.815794408341469,195
-7.6926,53.28823,2021/01/30 00:00:00+00,Sat 30 Jan 2021,621,7793,0,156349,46207,1,156350,46208,3.32030341648285,0.981289288575884,196
-7.6926,53.28823,2021/01/31 00:00:00+00,Sun 31 Jan 2021,216,4086,0,156565,50293,1,156566,50294,3.32489046821269,1.068061017132,197
-7.6926,53.28823,2021/02/01 00:00:00+00,Mon 01 Feb 2021,1008,8336,0,157573,58629,1,157574,58630,3.3462967096186,1.24508723574282,198
-7.6926,53.28823,2021/02/02 00:00:00+00,Tue 02 Feb 2021,822,5107,0,158395,63736,1,158396,63737,3.36375298981271,1.35354127826266,199
-7.6926,53.28823,2021/02/03 00:00:00+00,Wed 03 Feb 2021,1390,6861,0,159785,70597,1,159786,70598,3.39327151714825,1.49924387973685,200
-7.6926,53.28823,2021/02/04 00:00:00+00,Thu 04 Feb 2021,1413,10540,1,161198,81137,2,161200,81139,3.42329971689821,1.7230962514231,201
-7.6926,53.28823,2021/02/05 00:00:00+00,Fri 05 Feb 2021,3375,8611,0,164573,89748,2,164575,89750,3.49497240017694,1.90596246644922,202
-7.6926,53.28823,2021/02/06 00:00:00+00,Sat 06 Feb 2021,890,3866,0,165463,93614,2,165465,93616,3.51387275221193,1.98806219787309,203
-7.6926,53.28823,2021/02/07 00:00:00+00,Sun 07 Feb 2021,320,1297,1,165783,94911,3,165786,94914,3.52068962075488,2.01562698095333,204
-7.6926,53.28823,2021/02/08 00:00:00+00,Mon 08 Feb 2021,1158,878,0,166941,95789,3,166944,95792,3.54528131475096,2.0342724967811,205
-7.6926,53.28823,2021/02/09 00:00:00+00,Tue 09 Feb 2021,4239,535,2,171180,96324,5,171185,96329,3.63534467765025,2.04567641705389,206
-7.6926,53.28823,2021/02/10 00:00:00+00,Wed 10 Feb 2021,8809,579,0,179989,96903,5,179994,96908,3.82241569009539,2.05797226405193,207
-7.6926,53.28823,2021/02/11 00:00:00+00,Thu 11 Feb 2021,6168,442,0,186157,97345,5,186162,97350,3.95340150060301,2.06735873101762,208
-7.6926,53.28823,2021/02/12 00:00:00+00,Fri 12 Feb 2021,4382,522,0,190539,97867,5,190544,97872,4.04645918893705,2.0784441060314,209
-7.6926,53.28823,2021/02/13 00:00:00+00,Sat 13 Feb 2021,1202,1912,0,191741,99779,5,191746,99784,4.07198528235958,2.11904800838071,210
-7.6926,53.28823,2021/02/14 00:00:00+00,Sun 14 Feb 2021,2689,25,0,194430,99804,5,194435,99809,4.12908982912595,2.11957891714574,211
-7.6926,53.28823,2021/02/15 00:00:00+00,Mon 15 Feb 2021,1955,7882,0,196385,107686,5,196390,107691,4.17060689455111,2.28696383258365,212
-7.6926,53.28823,2021/02/16 00:00:00+00,Tue 16 Feb 2021,5632,8158,0,202017,115844,5,202022,115849,4.29021002113654,2.46020998078747,213
-7.6926,53.28823,2021/02/17 00:00:00+00,Wed 17 Feb 2021,9729,8462,0,211746,124306,5,211751,124311,4.4968184761347,2.63991197957403,214
-7.6926,53.28823,2021/02/18 00:00:00+00,Thu 18 Feb 2021,8452,8347,0,220198,132653,5,220203,132658,4.67630811141524,2.81717179804146,215
-7.6926,53.28823,2021/02/19 00:00:00+00,Fri 19 Feb 2021,9382,6581,0,229580,139234,5,229585,139239,4.87554755275481,2.95692822134733,216
-7.6926,53.28823,2021/02/20 00:00:00+00,Sat 20 Feb 2021,5883,3567,2,235463,142801,7,235470,142808,5.00052347604232,3.03272075664268,217
-7.6926,53.28823,2021/02/21 00:00:00+00,Sun 21 Feb 2021,1105,1021,4,236568,143822,11,236579,143833,5.02407458885894,3.05448801600881,218
-7.6926,53.28823,2021/02/22 00:00:00+00,Mon 22 Feb 2021,3936,1118,1,240504,144940,12,240516,144952,5.1076821011755,3.07825149233145,219
-7.6926,53.28823,2021/02/23 00:00:00+00,Tue 23 Feb 2021,13349,1060,0,253853,146000,12,253865,146012,5.39116614534965,3.10076202396862,220
-7.6926,53.28823,2021/02/24 00:00:00+00,Wed 24 Feb 2021,16926,2098,3,270779,148098,15,270794,148113,5.75067632467577,3.14537959658154,221
-7.6926,53.28823,2021/02/25 00:00:00+00,Thu 25 Feb 2021,18075,1748,2,288854,149846,17,288871,149863,6.13456583449195,3.18254321013348,222
-7.6926,53.28823,2021/02/26 00:00:00+00,Fri 26 Feb 2021,16080,2764,0,304934,152610,17,304951,152627,6.47604635215773,3.24124048319493,223
-7.6926,53.28823,2021/02/27 00:00:00+00,Sat 27 Feb 2021,8985,702,1,313919,153312,18,313937,153330,6.66687619865926,3.25616963766751,224
-7.6926,53.28823,2021/02/28 00:00:00+00,Sun 28 Feb 2021,2440,51,1,316359,153363,19,316378,153382,6.71871413047656,3.25727392789877,225
-7.6926,53.28823,2021/03/01 00:00:00+00,Mon 01 Mar 2021,5580,784,0,321939,154147,19,321958,154166,6.83721296683073,3.27392322677003,226
-7.6926,53.28823,2021/03/02 00:00:00+00,Tue 02 Mar 2021,12169,1604,0,334108,155751,19,334127,155770,7.09563811729558,3.30798633313421,227
-7.6926,53.28823,2021/03/03 00:00:00+00,Wed 03 Mar 2021,12881,1501,1,346989,157252,20,347009,157272,7.36920478573903,3.33988333173707,228
-7.6926,53.28823,2021/03/04 00:00:00+00,Thu 04 Mar 2021,18721,1685,3,365710,158937,23,365733,158960,7.76683421439413,3.37573029155173,229
-7.6926,53.28823,2021/03/05 00:00:00+00,Fri 05 Mar 2021,18431,2390,6,384141,161327,29,384170,161356,8.15836881042671,3.42661258759198,230
-7.6926,53.28823,2021/03/06 00:00:00+00,Sat 06 Mar 2021,10440,135,4,394581,161462,33,394614,161495,8.38016125610465,3.42956444032554,231
-7.6926,53.28823,2021/03/07 00:00:00+00,Sun 07 Mar 2021,1512,10,2,396093,161472,35,396128,161507,8.41231309091473,3.42981927653275,232
-7.6926,53.28823,2021/03/08 00:00:00+00,Mon 08 Mar 2021,6652,1493,4,402745,162965,39,402784,163004,8.55366224051569,3.4616100933826,233
-7.6926,53.28823,2021/03/09 00:00:00+00,Tue 09 Mar 2021,13809,3100,3,416554,166065,42,416596,166107,8.84697871501815,3.52750648929784,234
-7.6926,53.28823,2021/03/10 00:00:00+00,Wed 10 Mar 2021,13715,3978,3,430269,170043,45,430314,170088,9.13829897256412,3.61204840104084,235
-7.6926,53.28823,2021/03/11 00:00:00+00,Thu 11 Mar 2021,18458,2096,3,448727,172139,48,448775,172187,9.53034324101113,3.65662350095256,236
-7.6926,53.28823,2021/03/12 00:00:00+00,Fri 12 Mar 2021,17310,1332,3,466037,173471,51,466088,173522,9.89800817896807,3.68497402900503,237
-7.6926,53.28823,2021/03/13 00:00:00+00,Sat 13 Mar 2021,8285,172,0,474322,173643,51,474373,173694,10.0739513436982,3.68862668130842,238
-7.6926,53.28823,2021/03/14 00:00:00+00,Sun 14 Mar 2021,373,16,1,474695,173659,52,474747,173711,10.081893738823,3.68898769926864,239
-7.6926,53.28823,2021/03/15 00:00:00+00,Mon 15 Mar 2021,2636,987,0,477331,174646,52,477383,174698,10.1378727590076,3.70994797731193,240
-7.6926,53.28823,2021/03/16 00:00:00+00,Tue 16 Mar 2021,8923,3810,2,486254,178456,54,486308,178510,10.3274071881224,3.79090094580335,241
-7.6926,53.28823,2021/03/17 00:00:00+00,Wed 17 Mar 2021,4876,2415,6,491130,180871,60,491190,180931,10.431083051757,3.84231415060862,242
-7.6926,53.28823,2021/03/18 00:00:00+00,Thu 18 Mar 2021,11702,4677,3,502832,185548,63,502895,185611,10.679654535543,3.9417002714218,243
-7.6926,53.28823,2021/03/19 00:00:00+00,Fri 19 Mar 2021,10345,6118,2,513177,191666,65,513242,191731,10.8993870552126,4.07166673710056,244
-7.6926,53.28823,2021/03/20 00:00:00+00,Sat 20 Mar 2021,5219,3116,2,518396,194782,67,518463,194849,11.010262041701,4.13788167827481,245
-7.6926,53.28823,2021/03/21 00:00:00+00,Sun 21 Mar 2021,3623,53,3,522019,194835,70,522089,194905,11.0872650489806,4.13907091390847,246
-7.6926,53.28823,2021/03/22 00:00:00+00,Mon 22 Mar 2021,7384,2396,1,529403,197231,71,529474,197302,11.2440954981697,4.18997444629932,247
-7.6926,53.28823,2021/03/23 00:00:00+00,Tue 23 Mar 2021,12555,7381,3,541958,204612,74,542032,204686,11.5107815890184,4.34678365913789,248
-7.6926,53.28823,2021/03/24 00:00:00+00,Wed 24 Mar 2021,13597,9777,1,555555,214389,75,555630,214464,11.7995534844923,4.55443269531549,249
-7.6926,53.28823,2021/03/25 00:00:00+00,Thu 25 Mar 2021,20842,10218,3,576397,224607,78,576475,224685,12.2422252127723,4.77148943480939,250
-7.6926,53.28823,2021/03/26 00:00:00+00,Fri 26 Mar 2021,19686,9491,1,596083,234098,79,596162,234177,12.6603052470563,4.97306487471509,251
-7.6926,53.28823,2021/03/27 00:00:00+00,Sat 27 Mar 2021,11722,5337,2,607805,239435,81,607886,239516,12.9092802215036,5.08644575057439,252
-7.6926,53.28823,2021/03/28 00:00:00+00,Sun 28 Mar 2021,2476,480,0,610281,239915,81,610362,239996,12.961861425592,5.09663919886292,253
-7.6926,53.28823,2021/03/28 23:00:00+00,Mon 29 Mar 2021,9240,3110,3,619521,243025,84,619605,243109,13.158149014198,5.16274795828416,254
-7.6926,53.28823,2021/03/29 23:00:00+00,Tue 30 Mar 2021,13312,8658,4,632833,251683,88,632921,251771,13.4409322588023,5.34669722719094,255
-7.6926,53.28823,2021/03/30 23:00:00+00,Wed 31 Mar 2021,15800,10502,3,648633,262185,91,648724,262276,13.7765303073516,5.56978509025555,256
-7.6926,53.28823,2021/03/31 23:00:00+00,Thu 01 Apr 2021,19661,11619,7,668294,273804,98,668392,273902,14.1942068509741,5.816678902344,257
-7.6926,53.28823,2021/04/01 23:00:00+00,Fri 02 Apr 2021,20113,13716,7,688407,287520,105,688512,287625,14.6214822250684,6.10810534164298,258
-7.6926,53.28823,2021/04/02 23:00:00+00,Sat 03 Apr 2021,7528,4643,5,695935,292163,110,696045,292273,14.7814556541465,6.20681189923691,259
-7.6926,53.28823,2021/04/03 23:00:00+00,Sun 04 Apr 2021,3012,167,3,698947,292330,113,699060,292443,14.8454832512088,6.2104220788391,260
-7.6926,53.28823,2021/04/04 23:00:00+00,Mon 05 Apr 2021,3410,598,4,702357,292928,117,702474,293045,14.917984152161,6.22320636190097,261
-7.6926,53.28823,2021/04/05 23:00:00+00,Tue 06 Apr 2021,11958,8156,10,714315,301084,127,714442,301211,15.172140796155,6.3966224009096,262
-7.6926,53.28823,2021/04/06 23:00:00+00,Wed 07 Apr 2021,18327,10453,6,732642,311537,133,732775,311670,15.5614668117251,6.61873339184656,263
-7.6926,53.28823,2021/04/07 23:00:00+00,Thu 08 Apr 2021,20157,10558,13,752799,322095,146,752945,322241,15.9898040033494,6.84322285405084,264
-7.6926,53.28823,2021/04/08 23:00:00+00,Fri 09 Apr 2021,20674,9152,16,773473,331247,162,773635,331409,16.4291840972863,7.03791771636178,265
-7.6926,53.28823,2021/04/09 23:00:00+00,Sat 10 Apr 2021,11144,4154,12,784617,335401,174,784791,335575,16.6660968245922,7.12638835296599,266
-7.6926,53.28823,2021/04/10 23:00:00+00,Sun 11 Apr 2021,2842,351,6,787459,335752,180,787639,335932,16.7265779511042,7.13396973013058,267
-7.6926,53.28823,2021/04/11 23:00:00+00,Mon 12 Apr 2021,7749,2776,8,795208,338528,188,795396,338716,16.8913083227169,7.19309173020406,268
-7.6926,53.28823,2021/04/12 23:00:00+00,Tue 13 Apr 2021,11479,8586,1,806687,347114,189,806876,347303,17.1351016276176,7.37544827281575,269
-7.6926,53.28823,2021/04/13 23:00:00+00,Wed 14 Apr 2021,20327,6584,2,827014,353698,191,827205,353889,17.5668153989875,7.51531087787463,270
-7.6926,53.28823,2021/04/14 23:00:00+00,Thu 15 Apr 2021,27107,10781,2,854121,364479,193,854314,364672,18.1425116274329,7.74430244640635,271
-7.6926,53.28823,2021/04/15 23:00:00+00,Fri 16 Apr 2021,27958,9824,1,882079,374303,194,882273,374497,18.7362587538892,7.95294959106222,272
-7.6926,53.28823,2021/04/16 23:00:00+00,Sat 17 Apr 2021,15835,4542,2,897914,378845,196,898110,379041,19.0725788383589,8.04944756819364,273
-7.6926,53.28823,2021/08/09 23:00:00+00,Tue 10 Aug 2021,9292,25906,703,3273441,2800102,228396,3501837,3028498,74.3662382799236,64.3142453227469,274
-7.6926,53.28823,2021/08/10 23:00:00+00,Wed 11 Aug 2021,6963,31131,652,3280404,2831233,229048,3509452,3060281,74.527953089751,64.9892002539018,275
-7.6926,53.28823,2021/08/11 23:00:00+00,Thu 12 Aug 2021,6719,38199,857,3287123,2869432,229905,3517028,3099337,74.688839681905,65.8186071629786,276
-7.6926,53.28823,2021/08/12 23:00:00+00,Fri 13 Aug 2021,10872,28153,858,3297995,2897585,230763,3528758,3128348,74.9379420744559,66.4346949302673,277
-7.6926,53.28823,2021/08/13 23:00:00+00,Sat 14 Aug 2021,18094,5791,275,3316089,2903376,231038,3547127,3134414,75.3280325986476,66.5635146330136,278
-7.6926,53.28823,2021/08/14 23:00:00+00,Sun 15 Aug 2021,16976,3688,46,3333065,2907064,231084,3564149,3138148,75.6895177585797,66.6428111661581,279
-7.6926,53.28823,2021/08/15 23:00:00+00,Mon 16 Aug 2021,10147,23062,379,3343212,2930126,231463,3574675,3161589,75.9130515850069,67.1406124605986,280
-7.6926,53.28823,2021/08/16 23:00:00+00,Tue 17 Aug 2021,12852,26797,522,3356064,2956923,231985,3588049,3188908,76.1970665379461,67.7207683226702,281
-7.6926,53.28823,2021/08/17 23:00:00+00,Wed 18 Aug 2021,15187,25706,654,3371251,2982629,232639,3603890,3215268,76.5334715678182,68.2805585245153,282
-7.6926,53.28823,2021/08/18 23:00:00+00,Thu 19 Aug 2021,11334,25621,537,3382585,3008250,233176,3615761,3241426,76.7855682858039,68.8360589835391,283
-7.6926,53.28823,2021/08/19 23:00:00+00,Fri 20 Aug 2021,14810,22168,683,3397395,3030418,233859,3631254,3264277,77.1145830656668,69.3213308311249,284
-7.6926,53.28823,2021/08/20 23:00:00+00,Sat 21 Aug 2021,11847,7919,240,3409242,3038337,234099,3643341,3272436,77.3712668353824,69.4945982156793,285
-7.6926,53.28823,2021/08/21 23:00:00+00,Sun 22 Aug 2021,7992,12215,160,3417234,3050552,234259,3651493,3284811,77.5443855654826,69.757398054368,286
-7.6926,53.28823,2021/08/22 23:00:00+00,Mon 23 Aug 2021,10836,15306,284,3428070,3065858,234543,3662613,3300401,77.7805337841669,70.0884727602393,287
-7.6926,53.28823,2021/08/23 23:00:00+00,Tue 24 Aug 2021,9724,22862,382,3437794,3088720,234925,3672719,3323645,77.9951483433417,70.5820904936114,288
-7.6926,53.28823,2021/08/24 23:00:00+00,Wed 25 Aug 2021,9394,19447,310,3447188,3108167,235235,3682423,3343402,78.2012258895748,71.0016570724374,289
-7.6926,53.28823,2021/08/25 23:00:00+00,Thu 26 Aug 2021,8552,19365,363,3455740,3127532,235598,3691338,3363130,78.3905479551836,71.420607797096,290
-7.6926,53.28823,2021/08/26 23:00:00+00,Fri 27 Aug 2021,9695,19137,430,3465435,3146669,236028,3701463,3382697,78.6055660050198,71.8361394693079,291
-7.6926,53.28823,2021/08/27 23:00:00+00,Sat 28 Aug 2021,9906,7864,152,3475341,3154533,236180,3711521,3390713,78.8191612193658,72.0063700557263,292
-7.6926,53.28823,2021/08/28 23:00:00+00,Sun 29 Aug 2021,8788,9161,28,3484129,3163694,236208,3720337,3399902,79.0063808862651,72.2015108813999,293
-7.6926,53.28823,2021/08/29 23:00:00+00,Mon 30 Aug 2021,5037,11057,80,3489166,3174751,236288,3725454,3411039,79.115047292291,72.4380201180444,294
-7.6926,53.28823,2021/08/30 23:00:00+00,Tue 31 Aug 2021,4045,12809,140,3493211,3187560,236428,3729639,3423988,79.2039214195566,72.7130096219781,295
-7.6926,53.28823,2021/08/31 23:00:00+00,Wed 01 Sep 2021,4921,12478,179,3498132,3200038,236607,3734739,3436645,79.3122268076222,72.9817981115363,296
-7.6926,53.28823,2021/09/01 23:00:00+00,Thu 02 Sep 2021,4992,12312,246,3503124,3212350,236853,3739977,3449203,79.4234628120708,73.248484202385,297
-7.6926,53.28823,2021/09/02 23:00:00+00,Fri 03 Sep 2021,4748,16011,163,3507872,3228361,237016,3744888,3465377,79.5277545298729,73.5919609370072,298
-7.6926,53.28823,2021/09/03 23:00:00+00,Sat 04 Sep 2021,4614,10543,132,3512486,3238904,237148,3749634,3476052,79.6285422498257,73.8186589796741,299
-7.6926,53.28823,2021/09/04 23:00:00+00,Sun 05 Sep 2021,5303,11877,1,3517789,3250781,237149,3754938,3487930,79.741179853414,74.070904352114,300
-7.6926,53.28823,2021/09/05 23:00:00+00,Mon 06 Sep 2021,2135,9637,73,3519924,3260418,237222,3757146,3497640,79.7880697155412,74.2771093164507,301
-7.6926,53.28823,2021/09/06 23:00:00+00,Tue 07 Sep 2021,3019,9961,153,3522943,3270379,237375,3760318,3507754,79.8554314196479,74.4918937664303,302
-7.6926,53.28823,2021/09/07 23:00:00+00,Wed 08 Sep 2021,2585,14765,185,3525528,3285144,237560,3763088,3522704,79.914256110813,74.8093772079168,303
-7.6926,53.28823,2021/09/08 23:00:00+00,Thu 09 Sep 2021,3101,14759,137,3528629,3299903,237697,3766326,3537600,79.9830194140594,75.1257138864709,304
-7.6926,53.28823,2021/09/09 23:00:00+00,Fri 10 Sep 2021,3361,13912,115,3531990,3313815,237812,3769802,3551627,80.0568369687488,75.4235961763526,305
-7.6926,53.28823,2021/09/10 23:00:00+00,Sat 11 Sep 2021,2546,11298,61,3534536,3325113,237873,3772409,3562986,80.1122001347659,75.6648198828306,306
-7.6926,53.28823,2021/09/11 23:00:00+00,Sun 12 Sep 2021,2030,12864,1,3536566,3337977,237874,3774440,3575851,80.1553311628367,75.9380255333138,307
-7.6926,53.28823,2021/09/12 23:00:00+00,Mon 13 Sep 2021,1597,7701,50,3538163,3345678,237924,3776087,3583602,80.1903074322767,76.102628486823,308
-7.6926,53.28823,2021/09/13 23:00:00+00,Tue 14 Sep 2021,1535,10747,81,3539698,3356425,238005,3777703,3594430,80.2246253748481,76.3325756911317,309
-7.6926,53.28823,2021/09/14 23:00:00+00,Wed 15 Sep 2021,3266,12371,134,3542964,3368796,238139,3781103,3606935,80.2968289668919,76.5981362553985,310
-7.6926,53.28823,2021/09/15 23:00:00+00,Thu 16 Sep 2021,1894,10566,113,3544858,3379362,238252,3783110,3617614,80.3394503225483,76.8249192434677,311
-7.6926,53.28823,2021/09/16 23:00:00+00,Fri 17 Sep 2021,2554,14584,91,3547412,3393946,238343,3785755,3632289,80.3956204698882,77.136562688539,312
-7.6926,53.28823,2021/09/17 23:00:00+00,Sat 18 Sep 2021,2277,11210,43,3549689,3405156,238386,3788075,3643542,80.4448888032828,77.3755353418532,313
-7.6926,53.28823,2021/09/18 23:00:00+00,Sun 19 Sep 2021,1856,8483,13,3551545,3413639,238399,3789944,3652038,80.4845795425563,77.5559593765602,314
-7.6926,53.28823,2021/09/19 23:00:00+00,Mon 20 Sep 2021,945,5593,33,3552490,3419232,238432,3790922,3657664,80.5053486934441,77.675435085042,315
-7.6926,53.28823,2021/09/20 23:00:00+00,Tue 21 Sep 2021,1458,6643,90,3553948,3425875,238522,3792470,3664397,80.5382225641747,77.8184194336393,316
-7.6926,53.28823,2021/09/21 23:00:00+00,Wed 22 Sep 2021,1888,8118,96,3555836,3433993,238618,3794454,3672611,80.5803554837672,77.9928548174768,317
-7.6926,53.28823,2021/09/22 23:00:00+00,Thu 23 Sep 2021,1689,8739,88,3557525,3442732,238706,3796231,3681438,80.6180924787854,78.1803080842327,318
-7.6926,53.28823,2021/09/23 23:00:00+00,Fri 24 Sep 2021,1904,7365,79,3559429,3450097,238785,3798214,3688882,80.6602041620274,78.3383914781073,319
-7.6926,53.28823,2021/09/24 23:00:00+00,Sat 25 Sep 2021,2410,6569,51,3561839,3456666,238836,3800675,3695502,80.7124668208567,78.4789761190867,320
-7.6926,53.28823,2021/09/25 23:00:00+00,Sun 26 Sep 2021,1537,7089,0,3563376,3463755,238836,3802212,3702591,80.7451070917306,78.6295206084979,321
-7.6926,53.28823,2021/06/05 23:00:00+00,Sun 06 Jun 2021,19886,3882,37,2147067,976729,71509,2218576,1048238,47.1144577711983,22.2607496814017,322
-7.6926,53.28823,2021/09/26 23:00:00+00,Mon 27 Sep 2021,1168,3772,45,3564544,3467527,238881,3803425,3706408,80.7708667850098,78.7105797587423,323
-7.6926,53.28823,2021/09/27 23:00:00+00,Tue 28 Sep 2021,1440,5102,91,3565984,3472629,238972,3804956,3711601,80.8033796377801,78.8208601274139,324
-7.6926,53.28823,2021/09/28 23:00:00+00,Wed 29 Sep 2021,1641,3590,77,3567625,3476219,239049,3806674,3715268,80.8398636881128,78.8987338250681,325
-7.6926,53.28823,2021/09/29 23:00:00+00,Thu 30 Sep 2021,1279,3932,77,3568904,3480151,239126,3808030,3719277,80.8686601795279,78.9838703546279,326
-7.6926,53.28823,2021/09/30 23:00:00+00,Fri 01 Oct 2021,1834,5141,41,3570738,3485292,239167,3809905,3724459,80.9084783369049,79.0939171234429,327
-7.6926,53.28823,2021/10/01 23:00:00+00,Sat 02 Oct 2021,1704,4069,40,3572442,3489361,239207,3811649,3728568,80.9455145323533,79.1811772880628,328
-7.6926,53.28823,2021/10/02 23:00:00+00,Sun 03 Oct 2021,1194,3004,9,3573636,3492365,239216,3812852,3731581,80.9710618621264,79.2451624124239,329
-7.6926,53.28823,2021/10/03 23:00:00+00,Mon 04 Oct 2021,334,1210,17,3573970,3493575,239233,3813203,3732808,80.9785158211874,79.2712194146115,330
-7.6926,53.28823,2021/10/04 23:00:00+00,Tue 05 Oct 2021,958,2799,69,3574928,3496374,239302,3814230,3735676,81.0003255532547,79.3321252681355,331
-7.6926,53.28823,2021/10/05 23:00:00+00,Wed 06 Oct 2021,970,2538,35,3575898,3498912,239337,3815235,3738249,81.0216680856088,79.3867663982321,332
-7.6926,53.28823,2021/10/06 23:00:00+00,Thu 07 Oct 2021,1200,2668,44,3577098,3501580,239381,3816479,3740961,81.0480861057566,79.4443593810623,333
-7.6926,53.28823,2021/10/07 23:00:00+00,Fri 08 Oct 2021,973,2759,45,3578071,3504339,239426,3817497,3743765,81.0697047106685,79.5039061081478,334
-7.6926,53.28823,2021/10/08 23:00:00+00,Sat 09 Oct 2021,727,2355,23,3578798,3506694,239449,3818247,3746143,81.0856319736194,79.5544061498772,335
-7.6926,53.28823,2021/10/09 23:00:00+00,Sun 10 Oct 2021,1499,3904,1,3580297,3510598,239450,3819747,3750048,81.117486499521,79.6373340989745,336
-7.6926,53.28823,2021/10/10 23:00:00+00,Mon 11 Oct 2021,330,1095,15,3580627,3511693,239465,3820092,3751158,81.1248130404784,79.6609064481418,337
-7.6926,53.28823,2021/10/11 23:00:00+00,Tue 12 Oct 2021,562,1584,20,3581189,3513277,239485,3820674,3752762,81.1371725965282,79.694969554506,338
-7.6926,53.28823,2021/10/12 23:00:00+00,Wed 13 Oct 2021,1019,2024,9,3582208,3515301,239494,3821702,3754795,81.1590035649462,79.738143055278,339
-7.6926,53.28823,2021/10/13 23:00:00+00,Thu 14 Oct 2021,689,1560,7,3582897,3516861,239501,3822398,3756362,81.1737840649646,79.7714204166699,340
-7.6926,53.28823,2021/10/14 23:00:00+00,Fri 15 Oct 2021,952,2044,7,3583849,3518905,239508,3823357,3758413,81.194149725191,79.8149761717528,341
-7.6926,53.28823,2021/10/15 23:00:00+00,Sat 16 Oct 2021,1373,2614,13,3585222,3521519,239521,3824743,3761040,81.2235833071241,79.8707640647819,342
-7.6926,53.28823,2021/10/16 23:00:00+00,Sun 17 Oct 2021,1698,2882,2,3586920,3524401,239523,3826443,3763924,81.259685103146,79.9320096999155,343
-7.6926,53.28823,2021/10/17 23:00:00+00,Mon 18 Oct 2021,665,1210,4,3587585,3525611,239527,3827112,3765138,81.2738922216981,79.9577906295452,344
-7.6926,53.28823,2021/10/18 23:00:00+00,Tue 19 Oct 2021,1330,1767,12,3588915,3527378,239539,3828454,3766917,81.3023914042048,79.9955700972646,345
-7.6926,53.28823,2021/10/19 23:00:00+00,Wed 20 Oct 2021,2244,2284,0,3591159,3529662,239539,3830698,3769201,81.3500457749537,80.0440739220375,346
-7.6926,53.28823,2021/10/20 23:00:00+00,Thu 21 Oct 2021,1748,1797,10,3592907,3531459,239549,3832456,3771008,81.3873792793105,80.0824480075737,347
-7.6926,53.28823,2021/10/21 23:00:00+00,Fri 22 Oct 2021,1492,1899,2,3594399,3533358,239551,3833950,3772909,81.4191063871085,80.1228183100664,348
-7.6926,53.28823,2021/10/22 23:00:00+00,Sat 23 Oct 2021,2008,1673,1,3596407,3535031,239552,3835959,3774583,81.4617702154661,80.1583679609727,349
-7.6926,53.28823,2021/10/23 23:00:00+00,Sun 24 Oct 2021,1943,2177,2,3598350,3537208,239554,3837904,3776762,81.5030749173853,80.2046419689325,350
-7.6926,53.28823,2021/10/24 23:00:00+00,Mon 25 Oct 2021,1215,821,2,3599565,3538029,239556,3839121,3777585,81.5289195560668,80.2221194854772,351
-7.6926,53.28823,2021/10/25 23:00:00+00,Tue 26 Oct 2021,1235,1191,6,3600800,3539220,239562,3840362,3778782,81.5552738671628,80.2475393971467,352
-7.6926,53.28823,2021/10/26 23:00:00+00,Wed 27 Oct 2021,1549,1394,5,3602349,3540614,239567,3841916,3780181,81.5882751559969,80.2772490516377,353
-7.6926,53.28823,2021/10/27 23:00:00+00,Thu 28 Oct 2021,2145,1664,3,3604494,3542278,239570,3844064,3781848,81.6338908370881,80.3126500480897,354
-7.6926,53.28823,2021/10/28 23:00:00+00,Fri 29 Oct 2021,2131,1338,0,3606625,3543616,239570,3846195,3783186,81.6791455002191,80.341064285194,355
-7.6926,53.28823,2021/10/29 23:00:00+00,Sat 30 Oct 2021,2008,1430,0,3608633,3545046,239570,3848203,3784616,81.7217880922261,80.3714322665536,356
-7.6926,53.28823,2021/10/30 23:00:00+00,Sun 31 Oct 2021,1624,1314,0,3610257,3546360,239570,3849827,3785930,81.7562759256023,80.3993368312434,357
-7.6926,53.28823,2021/11/01 00:00:00+00,Mon 01 Nov 2021,260,259,1,3610517,3546619,239571,3850088,3786190,81.7618186131092,80.4048582823997,358
-7.6926,53.28823,2021/11/02 00:00:00+00,Tue 02 Nov 2021,1087,1073,9,3611604,3547692,239580,3851184,3787272,81.785093653368,80.4278360137501,359
-7.6926,53.28823,2021/11/03 00:00:00+00,Wed 03 Nov 2021,2533,1836,5,3614137,3549528,239585,3853722,3789113,81.8389915111936,80.4669321352067,360
-7.6926,53.28823,2021/11/04 00:00:00+00,Thu 04 Nov 2021,1542,1250,1,3615679,3550778,239586,3855265,3790364,81.8717592001711,80.4934988098087,361
-7.6926,53.28823,2021/11/05 00:00:00+00,Fri 05 Nov 2021,1626,1059,2,3617305,3551837,239588,3856893,3791425,81.9063319789497,80.5160305777965,362
-7.6926,53.28823,2021/11/06 00:00:00+00,Sat 06 Nov 2021,1818,1337,5,3619123,3553174,239593,3858716,3792767,81.9450458460955,80.5445297603032,363
-7.6926,53.28823,2021/11/07 00:00:00+00,Sun 07 Nov 2021,725,765,0,3619848,3553939,239593,3859441,3793532,81.9604422002813,80.560775568513,364
-7.6926,53.28823,2021/11/08 00:00:00+00,Mon 08 Nov 2021,513,513,2,3620361,3554452,239595,3859956,3794047,81.9713789208409,80.5717122890726,365
-7.6926,53.28823,2021/11/09 00:00:00+00,Tue 09 Nov 2021,1374,1035,1,3621735,3555487,239596,3861331,3795083,82.0005789029174,80.5937131482953,366
-7.6926,53.28823,2021/11/10 00:00:00+00,Wed 10 Nov 2021,1625,1322,0,3623360,3556809,239596,3862956,3796405,82.0350879726442,80.62178760379,367
-7.6926,53.28823,2021/11/11 00:00:00+00,Thu 11 Nov 2021,1397,1084,1,3624757,3557893,239597,3864354,3797490,82.0647763907845,80.6448290441922,368
-7.6926,53.28823,2021/11/12 00:00:00+00,Fri 12 Nov 2021,1152,1116,5,3625909,3559009,239602,3865511,3798611,82.08934684843,80.668634993216,369
-7.6926,53.28823,2021/11/13 00:00:00+00,Sat 13 Nov 2021,1410,1358,0,3627319,3560367,239602,3866921,3799969,82.1192901027776,80.6974739573323,370
-7.6926,53.28823,2021/11/14 00:00:00+00,Sun 14 Nov 2021,1648,1800,0,3628967,3562167,239602,3868569,3801769,82.1542876085682,80.7356993884143,371
-7.6926,53.28823,2021/11/15 00:00:00+00,Mon 15 Nov 2021,1245,566,0,3630212,3562733,239602,3869814,3802335,82.1807268650666,80.7477191628546,372
-7.6926,53.28823,2021/11/16 00:00:00+00,Tue 16 Nov 2021,1319,1048,5,3631531,3563781,239607,3871138,3803388,82.2088437932624,80.7700810400375,373
-7.6926,53.28823,2021/11/17 00:00:00+00,Wed 17 Nov 2021,1518,1086,0,3633049,3564867,239607,3872656,3804474,82.2410805734749,80.7931437167903,374
-7.6926,53.28823,2021/11/18 00:00:00+00,Thu 18 Nov 2021,1665,2472,5,3634714,3567339,239612,3874326,3806951,82.2765452789788,80.8457461572293,375
-7.6926,53.28823,2021/11/19 00:00:00+00,Fri 19 Nov 2021,1183,1525,0,3635897,3568864,239612,3875509,3808476,82.3016678817399,80.878131591896,376
-7.6926,53.28823,2021/11/20 00:00:00+00,Sat 20 Nov 2021,1540,2922,11,3637437,3571786,239623,3877060,3811409,82.3346054615222,80.940417808209,377
-7.6926,53.28823,2021/11/21 00:00:00+00,Sun 21 Nov 2021,1787,2752,0,3639224,3574538,239623,3878847,3814161,82.3725548200463,80.9988602450632,378
-7.6926,53.28823,2021/11/22 00:00:00+00,Mon 22 Nov 2021,710,490,2,3639934,3575028,239625,3879559,3814653,82.3876751016743,81.009308529559,379
-7.6926,53.28823,2021/11/23 00:00:00+00,Tue 23 Nov 2021,2162,1556,6,3642096,3576584,239631,3881727,3816215,82.4337155097775,81.0424797091979,380
-7.6926,53.28823,2021/11/24 00:00:00+00,Wed 24 Nov 2021,1626,3118,2,3643722,3579702,239633,3883355,3819335,82.4682882885561,81.1087371230734,381
-7.6926,53.28823,2021/11/25 00:00:00+00,Thu 25 Nov 2021,1000,1160,1,3644722,3580862,239634,3884356,3820496,82.4895458755078,81.1333925261212,382
-7.6926,53.28823,2021/06/06 23:00:00+00,Mon 07 Jun 2021,19740,4549,36,2166807,981278,71545,2238352,1052823,47.5344278406857,22.3581183489077,383
-7.6926,53.28823,2021/06/07 23:00:00+00,Tue 08 Jun 2021,26353,18320,39,2193160,999598,71584,2264744,1071182,48.0948976057501,22.7479965095934,384
-7.6926,53.28823,2021/06/08 23:00:00+00,Wed 09 Jun 2021,32710,20071,168,2225870,1019669,71752,2297622,1091421,48.7931063408133,23.1777990094092,385
-7.6926,53.28823,2021/06/09 23:00:00+00,Thu 10 Jun 2021,27608,27452,263,2253478,1047121,72015,2325493,1119136,49.3849846684167,23.7663644663188,386
-7.6926,53.28823,2021/06/10 23:00:00+00,Fri 11 Jun 2021,26371,32861,35,2279849,1079982,72050,2351899,1152032,49.9457517423895,24.4649554556928,387
-7.6926,53.28823,2021/06/11 23:00:00+00,Sat 12 Jun 2021,12142,19693,99,2291991,1099675,72149,2364140,1171824,50.2057059100976,24.8852653067899,388
-7.6926,53.28823,2021/06/12 23:00:00+00,Sun 13 Jun 2021,8510,18150,829,2300501,1117825,72978,2373479,1190803,50.4040321883613,25.2883100048483,389
-7.6926,53.28823,2021/06/13 23:00:00+00,Mon 14 Jun 2021,15957,31265,43,2316458,1149090,73021,2389479,1222111,50.743813797979,25.9531776694677,390
-7.6926,53.28823,2021/06/14 23:00:00+00,Tue 15 Jun 2021,14630,41520,200,2331088,1190610,73221,2404309,1263831,51.0587488773934,26.8391582165458,391
-7.6926,53.28823,2021/06/15 23:00:00+00,Wed 16 Jun 2021,13383,48346,209,2344471,1238956,73430,2417901,1312386,51.3473933547636,27.8702892199825,392
-7.6926,53.28823,2021/06/16 23:00:00+00,Thu 17 Jun 2021,21518,42625,529,2365989,1281581,73959,2439948,1355540,51.8155911764662,28.7867226938226,393
-7.6926,53.28823,2021/06/17 23:00:00+00,Fri 18 Jun 2021,11960,50014,544,2377949,1331595,74503,2452452,1406098,52.0811305043824,29.8603901075133,394
-7.6926,53.28823,2021/06/18 23:00:00+00,Sat 19 Jun 2021,6255,32756,427,2384204,1364351,74930,2459134,1439281,52.223031799099,30.5650759295098,395
-7.6926,53.28823,2021/06/19 23:00:00+00,Sun 20 Jun 2021,8471,26111,172,2392675,1390462,75102,2467777,1465564,52.4065775773444,31.1232309323586,396
-7.6926,53.28823,2021/06/20 23:00:00+00,Mon 21 Jun 2021,15407,32282,561,2408082,1422744,75663,2483745,1498407,52.7456796237428,31.8206963951507,397
-7.6926,53.28823,2021/06/21 23:00:00+00,Tue 22 Jun 2021,15079,43491,713,2423161,1466235,76376,2499537,1542611,53.0810440724355,32.759428037122,398
-7.6926,53.28823,2021/06/22 23:00:00+00,Wed 23 Jun 2021,20022,39337,874,2443183,1505572,77250,2520433,1582822,53.5247988545962,33.613362931143,399
-7.6926,53.28823,2021/06/23 23:00:00+00,Thu 24 Jun 2021,18961,44211,1028,2462144,1549783,78278,2540422,1628061,53.9492922667617,34.5740741959865,400
-7.6926,53.28823,2021/06/24 23:00:00+00,Fri 25 Jun 2021,15141,50085,825,2477285,1599868,79103,2556388,1678971,54.288351840459,35.6552168050887,401
-7.6926,53.28823,2021/06/25 23:00:00+00,Sat 26 Jun 2021,8996,30505,490,2486281,1630373,79593,2565874,1709966,54.489799862261,36.31343749197,402
-7.6926,53.28823,2021/06/26 23:00:00+00,Sun 27 Jun 2021,8691,30436,50,2494972,1660809,79643,2574615,1740452,54.6754268028653,36.9608488763953,403
-7.6926,53.28823,2021/06/27 23:00:00+00,Mon 28 Jun 2021,24167,24586,505,2519139,1685395,80148,2599287,1765543,55.1993700448958,37.4936901493276,404
-7.6926,53.28823,2021/06/28 23:00:00+00,Tue 29 Jun 2021,28084,30952,800,2547223,1716347,80948,2628171,1797295,55.8127607956581,38.1679867536139,405
-7.6926,53.28823,2021/06/29 23:00:00+00,Wed 30 Jun 2021,22487,36807,568,2569710,1753154,81516,2651226,1834670,56.3023648587666,38.9616953573303,406
-7.6926,53.28823,2021/06/30 23:00:00+00,Thu 01 Jul 2021,14888,48257,627,2584598,1801411,82143,2666741,1883554,56.6318468383427,39.9998131201147,407
-7.6926,53.28823,2021/07/01 23:00:00+00,Fri 02 Jul 2021,13583,47193,809,2598181,1848604,82952,2681133,1931556,56.9374803961938,41.019200421669,408
-7.6926,53.28823,2021/07/02 23:00:00+00,Sat 03 Jul 2021,9255,30419,495,2607436,1879023,83447,2690883,1962470,57.1445348145546,41.6757009641516,409
-7.6926,53.28823,2021/07/03 23:00:00+00,Sun 04 Jul 2021,6396,27741,226,2613832,1906764,83673,2697505,1990437,57.2851619282351,42.2696179814127,410
-7.6926,53.28823,2021/07/04 23:00:00+00,Mon 05 Jul 2021,15502,33364,5327,2629334,1940128,89000,2718334,2029128,57.7274938749056,43.09127362252,411
-7.6926,53.28823,2021/07/05 23:00:00+00,Tue 06 Jul 2021,12323,48277,5474,2641657,1988405,94474,2736131,2082879,58.1054372065535,44.2327487036801,412
-7.6926,53.28823,2021/07/06 23:00:00+00,Wed 07 Jul 2021,19621,43684,5043,2661278,2032089,99517,2760795,2131606,58.6292105577791,45.2675323594201,413
-7.6926,53.28823,2021/07/07 23:00:00+00,Thu 08 Jul 2021,17691,45517,5981,2678969,2077606,105498,2784467,2183104,59.1319174492085,46.3611619426759,414
-7.6926,53.28823,2021/07/08 23:00:00+00,Fri 09 Jul 2021,13459,45031,6517,2692428,2122637,112015,2804443,2234652,59.5561347888162,47.4558533434617,415
-7.6926,53.28823,2021/07/09 23:00:00+00,Sat 10 Jul 2021,8568,23789,4354,2700996,2146426,116369,2817365,2262795,59.8305509112837,48.0535079584286,416
-7.6926,53.28823,2021/07/10 23:00:00+00,Sun 11 Jul 2021,15189,16071,2148,2716185,2162497,118517,2834702,2281014,60.198725521655,48.4404130300301,417
-7.6926,53.28823,2021/07/11 23:00:00+00,Mon 12 Jul 2021,17045,31670,6075,2733230,2194167,124592,2857822,2318759,60.6897099475526,49.2419790834688,418
-7.6926,53.28823,2021/07/12 23:00:00+00,Tue 13 Jul 2021,20033,36480,8474,2753263,2230647,133066,2886329,2363713,61.2950945941383,50.1966379883909,419
-7.6926,53.28823,2021/07/13 23:00:00+00,Wed 14 Jul 2021,20727,35613,9320,2773990,2266260,142386,2916376,2408646,61.9331832206497,51.1508509299504,420
-7.6926,53.28823,2021/07/14 23:00:00+00,Thu 15 Jul 2021,23555,28755,9558,2797545,2295015,151944,2949489,2446959,62.6363824981041,51.9644792305306,421
-7.6926,53.28823,2021/07/15 23:00:00+00,Fri 16 Jul 2021,23481,27336,9155,2821026,2322351,161099,2982125,2483450,63.3294520363218,52.7394149003155,422
-7.6926,53.28823,2021/07/16 23:00:00+00,Sat 17 Jul 2021,11445,19367,4669,2832471,2341718,165768,2998239,2507486,63.671654589908,53.2498518233637,423
-7.6926,53.28823,2021/07/17 23:00:00+00,Sun 18 Jul 2021,16819,15756,1922,2849290,2357474,167690,3016980,2525164,64.0696450365233,53.62526802929,424
-7.6926,53.28823,2021/07/18 23:00:00+00,Mon 19 Jul 2021,24815,18331,6231,2874105,2375805,173921,3048026,2549726,64.7289487772853,54.1468752727544,425
-7.6926,53.28823,2021/07/19 23:00:00+00,Tue 20 Jul 2021,30509,18083,7685,2904614,2393888,181606,3086220,2575494,65.5400499521439,54.6940935550437,426
-7.6926,53.28823,2021/07/20 23:00:00+00,Wed 21 Jul 2021,30273,19744,6874,2934887,2413632,188480,3123367,2602112,66.3289166679232,55.2593627353439,427
-7.6926,53.28823,2021/07/21 23:00:00+00,Thu 22 Jul 2021,33468,15846,6921,2968355,2429478,195401,3163756,2624879,67.1866316323512,55.7428507294793,428
-7.6926,53.28823,2021/07/22 23:00:00+00,Fri 23 Jul 2021,27027,20726,5600,2995382,2450204,201001,3196383,2651205,67.8795100434135,56.301918895404,429
-7.6926,53.28823,2021/07/23 23:00:00+00,Sat 24 Jul 2021,15391,14730,2259,3010773,2464934,203260,3214033,2668194,68.254331631523,56.6627032557661,430
-7.6926,53.28823,2021/07/24 23:00:00+00,Sun 25 Jul 2021,14678,13587,1030,3025451,2478521,204290,3229741,2682811,68.5879122267651,56.9731149925025,431
-7.6926,53.28823,2021/07/25 23:00:00+00,Mon 26 Jul 2021,23771,18178,3402,3049222,2496699,207692,3256914,2704391,69.164967581649,57.4313954384744,432
-7.6926,53.28823,2021/07/26 23:00:00+00,Tue 27 Jul 2021,25427,23781,3655,3074649,2520480,211347,3285996,2731827,69.7825631298304,58.0140359535663,433
-7.6926,53.28823,2021/07/27 23:00:00+00,Wed 28 Jul 2021,23378,25178,3249,3098027,2545658,214596,3312623,2760254,70.348023437286,58.6177216921039,434
-7.6926,53.28823,2021/07/28 23:00:00+00,Thu 29 Jul 2021,19199,27776,2950,3117226,2573434,217546,3334772,2790980,70.8183873667499,59.2702298006735,435
-7.6926,53.28823,2021/07/29 23:00:00+00,Fri 30 Jul 2021,21881,22839,2108,3139107,2596273,219654,3358761,2815927,71.3278261813198,59.8000130391193,436
-7.6926,53.28823,2021/07/30 23:00:00+00,Sat 31 Jul 2021,13693,12396,900,3152800,2608669,220554,3373354,2829223,71.6377282456417,60.0823715567116,437
-7.6926,53.28823,2021/07/31 23:00:00+00,Sun 01 Aug 2021,11050,9255,362,3163850,2617924,220916,3384766,2838840,71.8800774787015,60.2866015404424,438
-7.6926,53.28823,2021/08/01 23:00:00+00,Mon 02 Aug 2021,14958,15910,420,3178808,2633834,221336,3400144,2855170,72.2066500782453,60.6333911457585,439
-7.6926,53.28823,2021/08/02 23:00:00+00,Tue 03 Aug 2021,17283,25346,1103,3196091,2659180,222439,3418530,2881619,72.5971016203973,61.1950713828071,440
-7.6926,53.28823,2021/08/03 23:00:00+00,Wed 04 Aug 2021,22050,17191,1569,3218141,2676371,224008,3442149,2900379,73.0986829852448,61.5934653200838,441
-7.6926,53.28823,2021/08/04 23:00:00+00,Thu 05 Aug 2021,13473,29944,1417,3231614,2706315,225425,3457039,2931740,73.4148922456952,62.2594585112851,442
-7.6926,53.28823,2021/08/05 23:00:00+00,Fri 06 Aug 2021,12136,24658,941,3243750,2730973,226366,3470116,2957339,73.6926000025059,62.8030878503228,443
