X,Y,VaccinationDate,VaccineText,Dose1,Dose2,SingleDose,Dose1Cum,Dose2Cum,SingleDoseCum,PartiallyVacc,FullyVacc,PartialPercent,FullyPercent,ObjectId
-7.6926,53.28823,2021/04/07 23:00:00+00,Thu 08 Apr 2021,20208,10586,18,756339,323171,225,756564,323396,14.8339221631029,6.34081332426446,1
-7.6926,53.28823,2021/04/08 23:00:00+00,Fri 09 Apr 2021,20690,9174,16,777029,332345,241,777270,332586,15.2399039337253,6.52100131190188,2
-7.6926,53.28823,2021/04/09 23:00:00+00,Sat 10 Apr 2021,11195,4191,12,788224,336536,253,788477,336789,15.4596391652218,6.60340937632408,3
-7.6926,53.28823,2021/04/10 23:00:00+00,Sun 11 Apr 2021,2878,371,9,791102,336907,262,791364,337169,15.51624446667,6.61086002216763,4
-7.6926,53.28823,2021/04/11 23:00:00+00,Mon 12 Apr 2021,7798,2811,14,798900,339718,276,799176,339994,15.6694140596432,6.6662496919256,5
-7.6926,53.28823,2021/04/12 23:00:00+00,Tue 13 Apr 2021,11536,8600,1,810436,348318,277,810713,348595,15.8956195888459,6.83488917850551,6
-7.6926,53.28823,2021/04/13 23:00:00+00,Wed 14 Apr 2021,20362,6604,2,830798,354922,279,831077,355201,16.2948957782092,6.9644127744068,7
-7.6926,53.28823,2021/04/14 23:00:00+00,Thu 15 Apr 2021,27127,10826,1,857925,365748,280,858205,366028,16.8267934635876,7.17669736005972,8
-7.6926,53.28823,2021/04/15 23:00:00+00,Fri 16 Apr 2021,27982,9853,1,885907,375601,281,886188,375882,17.375455102114,7.3699043709606,9
-7.6926,53.28823,2021/04/16 23:00:00+00,Sat 17 Apr 2021,15864,4569,3,901771,380170,284,902055,380454,17.6865587800077,7.45954740463614,10
-7.6926,53.28823,2021/04/17 23:00:00+00,Sun 18 Apr 2021,1082,490,0,902853,380660,284,903137,380944,17.7077735136991,7.46915481638178,11
-7.6926,53.28823,2021/04/18 23:00:00+00,Mon 19 Apr 2021,6774,2271,0,909627,382931,284,909911,383215,17.8405910793417,7.51368222877836,12
-7.6926,53.28823,2021/04/19 23:00:00+00,Tue 20 Apr 2021,15107,7337,1,924734,390268,285,925019,390553,18.1368130725111,7.65755812140984,13
-7.6926,53.28823,2021/04/20 23:00:00+00,Wed 21 Apr 2021,26754,9910,4,951488,400178,289,951777,400467,18.6614561816734,7.8519415500755,14
-7.6926,53.28823,2021/04/21 23:00:00+00,Thu 22 Apr 2021,31648,12200,1,983136,412378,290,983426,412668,19.2819969456273,8.09116610254167,15
-7.6926,53.28823,2021/04/22 23:00:00+00,Fri 23 Apr 2021,33626,12368,3,1016762,424746,293,1017055,425039,19.9413594958187,8.3337238386747,16
-7.6926,53.28823,2021/04/23 23:00:00+00,Sat 24 Apr 2021,23714,7018,2,1040476,431764,295,1040771,432059,20.4063582243072,8.4713647171529,17
-7.6926,53.28823,2021/04/24 23:00:00+00,Sun 25 Apr 2021,9760,312,3,1050236,432076,298,1050534,432374,20.5977810015982,8.47754091041794,18
-7.6926,53.28823,2021/04/25 23:00:00+00,Mon 26 Apr 2021,15608,3064,4,1065844,435140,302,1066146,435442,20.9038849039916,8.53769507212323,19
-7.6926,53.28823,2021/04/26 23:00:00+00,Tue 27 Apr 2021,25938,7829,9,1091782,442969,311,1092093,443280,21.4126267663668,8.69137444612781,20
-7.6926,53.28823,2021/04/27 23:00:00+00,Wed 28 Apr 2021,26061,8636,7,1117843,451605,318,1118161,451923,21.9237410712343,8.86083742514307,21
-7.6926,53.28823,2021/04/28 23:00:00+00,Thu 29 Apr 2021,31709,11340,7,1149552,462945,325,1149877,463270,22.5455955016922,9.083317631424,22
-7.6926,53.28823,2021/04/29 23:00:00+00,Fri 30 Apr 2021,36120,13548,9,1185672,476493,334,1186006,476827,23.253975458749,9.349129225374,23
-7.6926,53.28823,2021/04/30 23:00:00+00,Sat 01 May 2021,16648,6705,21,1202320,483198,355,1202675,483553,23.5808039207651,9.48100565680482,24
-7.6926,53.28823,2021/05/01 23:00:00+00,Sun 02 May 2021,12487,915,16,1214807,484113,371,1215178,484484,23.8259497759806,9.49925973912152,25
-7.6926,53.28823,2021/05/02 23:00:00+00,Mon 03 May 2021,14288,943,21,1229095,485056,392,1229487,485448,24.1065058059158,9.51816085120884,26
-7.6926,53.28823,2021/05/03 23:00:00+00,Tue 04 May 2021,26684,6814,11,1255779,491870,403,1256182,492273,24.6299136764251,9.65197837195153,27
-7.6926,53.28823,2021/05/04 23:00:00+00,Wed 05 May 2021,32157,13478,70,1287936,505348,473,1288409,505821,25.2617872648463,9.91761350323682,28
-7.6926,53.28823,2021/05/05 23:00:00+00,Thu 06 May 2021,37318,14389,133,1325254,519737,606,1325860,520343,25.9960876266536,10.2023458162369,29
-7.6926,53.28823,2021/10/26 23:00:00+00,Wed 27 Oct 2021,1569,1442,6,3618176,3555402,240982,3859158,3796384,75.6663671376324,74.4355596582036,30
-7.6926,53.28823,2021/05/06 23:00:00+00,Fri 07 May 2021,40620,15102,99,1365874,534839,705,1366579,535544,26.7944635427154,10.5003912569416,31
-7.6926,53.28823,2021/05/07 23:00:00+00,Sat 08 May 2021,25647,7073,10,1391521,541912,715,1392236,542627,27.2975193858942,10.6392673740728,32
-7.6926,53.28823,2021/10/27 23:00:00+00,Thu 28 Oct 2021,2162,1715,5,3620338,3557117,240987,3861325,3798104,75.7088554259034,74.469283634127,33
-7.6926,53.28823,2021/05/08 23:00:00+00,Sun 09 May 2021,19688,936,5,1411209,542848,720,1411929,543568,27.6836393032548,10.657717526017,34
-7.6926,53.28823,2021/05/09 23:00:00+00,Mon 10 May 2021,28877,4667,172,1440086,547515,892,1440978,548407,28.2532019640687,10.7525956187457,35
-7.6926,53.28823,2021/10/28 23:00:00+00,Fri 29 Oct 2021,2148,1390,3,3622486,3558507,240990,3863476,3799497,75.7510300027705,74.4965961332325,36
-7.6926,53.28823,2021/10/29 23:00:00+00,Sat 30 Oct 2021,2021,1465,1,3624507,3559972,240991,3865498,3800963,75.7906752814432,74.5253399406184,37
-7.6926,53.28823,2021/05/10 23:00:00+00,Tue 11 May 2021,33936,14828,153,1474022,562343,1045,1475067,563388,28.9215837171233,11.0463275276463,38
-7.6926,53.28823,2021/05/11 23:00:00+00,Wed 12 May 2021,31326,20941,176,1505348,583284,1221,1506569,584505,29.5392422575535,11.4603677599574,39
-7.6926,53.28823,2021/10/30 23:00:00+00,Sun 31 Oct 2021,1601,1321,0,3626108,3561293,240991,3867099,3802284,75.8220660287999,74.5512407384061,40
-7.6926,53.28823,2021/05/12 23:00:00+00,Thu 13 May 2021,36025,25491,153,1541373,608775,1374,1542747,610149,30.2485829557849,11.9631687126206,41
-7.6926,53.28823,2021/05/13 23:00:00+00,Fri 14 May 2021,38251,27960,237,1579624,636735,1611,1581235,638346,31.00321573796,12.5160262411747,42
-7.6926,53.28823,2021/11/01 00:00:00+00,Mon 01 Nov 2021,299,307,2,3626407,3561600,240993,3867400,3802593,75.8279677245865,74.5572992898946,43
-7.6926,53.28823,2021/11/02 00:00:00+00,Tue 02 Nov 2021,1100,1101,10,3627507,3562701,241003,3868510,3803704,75.8497314532348,74.5790826255056,44
-7.6926,53.28823,2021/05/14 23:00:00+00,Sat 15 May 2021,28895,12471,22,1608519,649206,1633,1610152,650839,31.5701902796914,12.7609760267627,45
-7.6926,53.28823,2021/05/15 23:00:00+00,Sun 16 May 2021,23200,1188,11,1631719,650394,1644,1633363,652038,32.025287491993,12.7844847750954,46
-7.6926,53.28823,2021/11/03 00:00:00+00,Wed 03 Nov 2021,2540,1889,7,3630047,3564590,241010,3871057,3805600,75.8996703873493,74.6162574268724,47
-7.6926,53.28823,2021/11/04 00:00:00+00,Thu 04 Nov 2021,1539,1298,2,3631586,3565888,241012,3872598,3806900,75.9298847169411,74.6417464784424,48
-7.6926,53.28823,2021/05/16 23:00:00+00,Mon 17 May 2021,35413,3968,120,1667132,654362,1764,1668896,656126,32.7219816992531,12.8646380388018,49
-7.6926,53.28823,2021/11/05 00:00:00+00,Fri 05 Nov 2021,1630,1113,4,3633216,3567001,241016,3874232,3808017,75.9619224940684,74.6636474558299,50
-7.6926,53.28823,2021/11/06 00:00:00+00,Sat 06 Nov 2021,1825,1366,6,3635041,3568367,241022,3876063,3809389,75.9978228428567,74.6905482087177,51
-7.6926,53.28823,2021/05/17 23:00:00+00,Tue 18 May 2021,39051,12519,127,1706183,666881,1891,1708074,668772,33.4901432857231,13.11258768969,52
-7.6926,53.28823,2021/11/07 00:00:00+00,Sun 07 Nov 2021,698,775,0,3635739,3569142,241022,3876761,3810164,76.0115085028535,74.705743604846,53
-7.6926,53.28823,2021/05/18 23:00:00+00,Wed 19 May 2021,37058,17621,212,1743241,684502,2103,1745344,686605,34.2208947872733,13.4622386563427,54
-7.6926,53.28823,2021/11/08 00:00:00+00,Mon 08 Nov 2021,521,541,4,3636260,3569683,241026,3877286,3810709,76.0218021582952,74.7164293995426,55
-7.6926,53.28823,2021/05/19 23:00:00+00,Thu 20 May 2021,39123,19648,138,1782364,704150,2241,1784605,706391,34.9906837516512,13.8501820212387,56
-7.6926,53.28823,2021/11/09 00:00:00+00,Tue 09 Nov 2021,1375,1077,4,3637635,3570760,241030,3878665,3811790,76.0488401599222,74.7376245262713,57
-7.6926,53.28823,2021/05/20 23:00:00+00,Fri 21 May 2021,25871,23270,14937,1808235,727420,17178,1825413,744598,35.7908046873974,14.5993052468821,58
-7.6926,53.28823,2021/11/10 00:00:00+00,Wed 10 Nov 2021,1604,1372,2,3639239,3572132,241032,3880271,3813164,76.0803289420926,74.7645644930845,59
-7.6926,53.28823,2021/05/21 23:00:00+00,Sat 22 May 2021,16621,10265,13524,1824856,737685,30702,1855558,768387,36.381856579381,15.065735283651,60
-7.6926,53.28823,2021/11/11 00:00:00+00,Thu 11 Nov 2021,1396,1129,2,3640635,3573261,241034,3881669,3814295,76.1077394760118,74.7867399679505,61
-7.6926,53.28823,2021/05/22 23:00:00+00,Sun 23 May 2021,8239,5544,10205,1833095,743229,40907,1874002,784136,36.7434874002716,15.3745253399406,62
-7.6926,53.28823,2021/11/12 00:00:00+00,Fri 12 Nov 2021,1145,1162,6,3641780,3574423,241040,3882820,3815463,76.1303070901326,74.809640900438,63
-7.6926,53.28823,2021/05/23 23:00:00+00,Mon 24 May 2021,22582,8254,8453,1855677,751483,49360,1905037,800843,37.3519894890994,15.7020988665411,64
-7.6926,53.28823,2021/11/13 00:00:00+00,Sat 13 Nov 2021,1397,1386,0,3643177,3575809,241040,3884217,3816849,76.157698017089,74.8368161508042,65
-7.6926,53.28823,2021/05/24 23:00:00+00,Tue 25 May 2021,30392,16535,3225,1886069,768018,52585,1938654,820603,38.0111167557378,16.0895324504057,66
-7.6926,53.28823,2021/11/14 00:00:00+00,Sun 14 Nov 2021,1648,1808,1,3644825,3577617,241041,3885866,3818658,76.1900298986575,74.8722851464121,67
-7.6926,53.28823,2021/05/25 23:00:00+00,Wed 26 May 2021,20009,25492,3055,1906078,793510,55640,1961718,849150,38.4633317445158,16.6492524159209,68
-7.6926,53.28823,2021/11/15 00:00:00+00,Mon 15 Nov 2021,1244,601,1,3646069,3578218,241042,3887111,3819260,76.2144405672765,74.8840885379853,69
-7.6926,53.28823,2021/05/26 23:00:00+00,Thu 27 May 2021,17049,36072,550,1923127,829582,56190,1979317,885772,38.8083946818859,17.3672986056116,70
-7.6926,53.28823,2021/11/16 00:00:00+00,Tue 16 Nov 2021,1320,1086,5,3647389,3579304,241047,3888436,3820351,76.2404197929152,74.9054797343413,71
-7.6926,53.28823,2021/05/27 23:00:00+00,Fri 28 May 2021,27076,31852,1562,1950203,861434,57752,2007955,919186,39.369898881011,18.0224456588126,72
-7.6926,53.28823,2021/11/17 00:00:00+00,Wed 17 Nov 2021,1504,1130,3,3648893,3580434,241050,3889943,3821484,76.2699674857737,74.9276944231328,73
-7.6926,53.28823,2021/11/18 00:00:00+00,Thu 18 Nov 2021,1642,2521,5,3650535,3582955,241055,3891590,3824010,76.3022601534166,74.9772216110296,74
-7.6926,53.28823,2021/11/19 00:00:00+00,Fri 19 Nov 2021,1166,1568,0,3651701,3584523,241055,3892756,3825578,76.3251218719787,75.0079653286156,75
-7.6926,53.28823,2021/11/20 00:00:00+00,Sat 20 Nov 2021,1548,2954,12,3653249,3587477,241067,3894316,3828544,76.3557087338627,75.0661195801208,76
-7.6926,53.28823,2021/11/21 00:00:00+00,Sun 21 Nov 2021,1790,2772,0,3655039,3590249,241067,3896106,3831316,76.3908051971784,75.1204700808532,77
-7.6926,53.28823,2021/11/22 00:00:00+00,Mon 22 Nov 2021,724,522,3,3655763,3590771,241070,3896833,3831841,76.4050594590949,75.130763736295,78
-7.6926,53.28823,2021/11/23 00:00:00+00,Tue 23 Nov 2021,2159,1605,8,3657922,3592376,241078,3899000,3833454,76.4475477473658,75.1623897672046,79
-7.6926,53.28823,2021/11/24 00:00:00+00,Wed 24 Nov 2021,1615,3155,2,3659537,3595531,241080,3900617,3836611,76.4792522061264,75.2242889485943,80
-7.6926,53.28823,2021/11/25 00:00:00+00,Thu 25 Nov 2021,982,1193,2,3660519,3596724,241082,3901601,3837806,76.4985454574687,75.247719269076,81
-7.6926,53.28823,2021/11/26 00:00:00+00,Fri 26 Nov 2021,1279,1116,12,3661798,3597840,241094,3902892,3838934,76.523858046374,75.2698359230536,82
-7.6926,53.28823,2021/11/27 00:00:00+00,Sat 27 Nov 2021,1200,1569,6,3662998,3599409,241100,3904098,3840509,76.5475040434459,75.3007168893789,83
-7.6926,53.28823,2021/11/28 00:00:00+00,Sun 28 Nov 2021,1961,2265,1,3664959,3601674,241101,3906060,3842775,76.5859729043539,75.3451462669617,84
-7.6926,53.28823,2021/11/29 00:00:00+00,Mon 29 Nov 2021,537,1005,2,3665496,3602679,241103,3906599,3843782,76.5965410572741,75.3648904784471,85
-7.6926,53.28823,2021/11/30 00:00:00+00,Tue 30 Nov 2021,1899,1656,6,3667395,3604335,241109,3908504,3845444,76.6338923213056,75.3974772505313,86
-7.6926,53.28823,2021/12/01 00:00:00+00,Wed 01 Dec 2021,1075,1392,4,3668470,3605727,241113,3909583,3846840,76.6550482341087,75.424848570525,87
-7.6926,53.28823,2021/12/02 00:00:00+00,Thu 02 Dec 2021,1738,1420,0,3670208,3607147,241113,3911321,3848260,76.6891251353616,75.4526904576246,88
-7.6926,53.28823,2021/12/03 00:00:00+00,Fri 03 Dec 2021,1017,1208,3,3671225,3608355,241116,3912341,3849471,76.7091242373627,75.4764344895102,89
-7.6926,53.28823,2021/12/04 00:00:00+00,Sat 04 Dec 2021,1206,1707,3,3672431,3610062,241119,3913550,3851181,76.7328290553228,75.5099623958062,90
-7.6926,53.28823,2021/12/05 00:00:00+00,Sun 05 Dec 2021,1349,1779,2,3673780,3611841,241121,3914901,3852962,76.7593180619929,75.5448823964571,91
-7.6926,53.28823,2021/12/06 00:00:00+00,Mon 06 Dec 2021,941,1307,0,3674721,3613148,241121,3915842,3854269,76.7777682139371,75.5705086967664,92
-7.6926,53.28823,2021/12/07 00:00:00+00,Tue 07 Dec 2021,488,753,2,3675209,3613901,241123,3916332,3855024,76.7873756256827,75.5853119536397,93
-7.6926,53.28823,2021/12/08 00:00:00+00,Wed 08 Dec 2021,799,1528,2,3676008,3615429,241125,3917133,3856554,76.8030808028424,75.6153106066414,94
-7.6926,53.28823,2021/12/09 00:00:00+00,Thu 09 Dec 2021,787,1217,1,3676795,3616646,241126,3917921,3857772,76.8185310894864,75.6391918872663,95
-7.6926,53.28823,2021/12/10 00:00:00+00,Fri 10 Dec 2021,895,1623,1,3677690,3618269,241127,3918817,3859396,76.8360989281069,75.671033594766,96
-7.6926,53.28823,2021/12/11 00:00:00+00,Sat 11 Dec 2021,645,851,2,3678335,3619120,241129,3919464,3860249,76.8487846330037,75.6877583339885,97
-7.6926,53.28823,2021/12/12 00:00:00+00,Sun 12 Dec 2021,686,1193,0,3679021,3620313,241129,3920150,3861442,76.8622350094476,75.7111494405447,98
-7.6926,53.28823,2021/12/13 00:00:00+00,Mon 13 Dec 2021,725,1073,1,3679746,3621386,241130,3920876,3862516,76.8764696644013,75.7322073185341,99
-7.6926,53.28823,2021/12/14 00:00:00+00,Tue 14 Dec 2021,631,1206,3,3680377,3622592,241133,3921510,3863725,76.8889004787824,75.7559121364943,100
-7.6926,53.28823,2021/12/15 00:00:00+00,Wed 15 Dec 2021,793,1260,1,3681170,3623852,241134,3922304,3864986,76.9044684072029,75.7806365165172,101
-7.6926,53.28823,2021/12/16 00:00:00+00,Thu 16 Dec 2021,1048,1553,8,3682218,3625405,241142,3923360,3866547,76.9251733598629,75.811242985364,102
-7.6926,53.28823,2021/12/17 00:00:00+00,Fri 17 Dec 2021,1199,2461,2,3683417,3627866,241144,3924561,3869010,76.948721322121,75.8595349346078,103
-7.6926,53.28823,2021/12/18 00:00:00+00,Sat 18 Dec 2021,1252,1185,0,3684669,3629051,241144,3925813,3870195,76.9732692394793,75.8827691854621,104
-7.6926,53.28823,2021/12/19 00:00:00+00,Sun 19 Dec 2021,554,894,3,3685223,3629945,241147,3926370,3871092,76.9841903177289,75.9003566310454,105
-7.6926,53.28823,2021/12/20 00:00:00+00,Mon 20 Dec 2021,517,624,1,3685740,3630569,241148,3926888,3871717,76.9943467244314,75.9126109827617,106
-7.6926,53.28823,2021/12/21 00:00:00+00,Tue 21 Dec 2021,1406,1825,3,3687146,3632394,241151,3928297,3873545,77.0219729349408,75.9484525106618,107
-7.6926,53.28823,2021/12/22 00:00:00+00,Wed 22 Dec 2021,1170,1606,2,3688316,3634000,241153,3929469,3875153,77.0449522952793,75.9799805067576,108
-7.6926,53.28823,2021/12/23 00:00:00+00,Thu 23 Dec 2021,932,1406,0,3689248,3635406,241153,3930401,3876559,77.0632259845587,76.0075478963788,109
-7.6926,53.28823,2021/12/24 00:00:00+00,Fri 24 Dec 2021,101,165,0,3689349,3635571,241153,3930502,3876724,77.0652062877961,76.0107830452319,110
-7.6926,53.28823,2021/12/25 00:00:00+00,Sat 25 Dec 2021,2,7,0,3689351,3635578,241153,3930504,3876731,77.0652455017216,76.0109202939711,111
-7.6926,53.28823,2021/12/26 00:00:00+00,Sun 26 Dec 2021,12,13,0,3689363,3635591,241153,3930516,3876744,77.0654807852745,76.0111751844868,112
-7.6926,53.28823,2021/12/27 00:00:00+00,Mon 27 Dec 2021,393,591,0,3689756,3636182,241153,3930909,3877335,77.0731863216338,76.0227628994698,113
-7.6926,53.28823,2021/12/28 00:00:00+00,Tue 28 Dec 2021,469,752,0,3690225,3636934,241153,3931378,3878087,77.0823819871618,76.0375073354549,114
-7.6926,53.28823,2021/12/29 00:00:00+00,Wed 29 Dec 2021,1061,1318,0,3691286,3638252,241153,3932439,3879405,77.1031849746355,76.0633493123544,115
-7.6926,53.28823,2021/12/30 00:00:00+00,Thu 30 Dec 2021,1051,1205,1,3692337,3639457,241154,3933491,3880611,77.1238114994444,76.0869953094263,116
-7.6926,53.28823,2021/12/31 00:00:00+00,Fri 31 Dec 2021,716,1682,0,3693053,3641139,241154,3934207,3882293,77.1378500847707,76.1199742207654,117
-7.6926,53.28823,2022/01/01 00:00:00+00,Sat 01 Jan 2022,71,101,0,3693124,3641240,241154,3934278,3882394,77.1392421791257,76.1219545240027,118
-7.6926,53.28823,2022/01/02 00:00:00+00,Sun 02 Jan 2022,271,629,0,3693395,3641869,241154,3934549,3883023,77.1445556660299,76.1342873035701,119
-7.6926,53.28823,2022/01/03 00:00:00+00,Mon 03 Jan 2022,3634,730,1,3697029,3642599,241155,3938184,3883754,77.2158269756123,76.1486199933375,120
-7.6926,53.28823,2022/01/04 00:00:00+00,Tue 04 Jan 2022,1190,791,1,3698219,3643390,241156,3939375,3884546,77.239178868243,76.1641487078325,121
-7.6926,53.28823,2022/01/05 00:00:00+00,Wed 05 Jan 2022,2139,917,0,3700358,3644307,241156,3941514,3885463,77.2811181615571,76.1821282926708,122
-7.6926,53.28823,2022/01/06 00:00:00+00,Thu 06 Jan 2022,2454,1699,1,3702812,3646006,241157,3943969,3887163,77.3292532550989,76.2154601293393,123
-7.6926,53.28823,2022/01/07 00:00:00+00,Fri 07 Jan 2022,4857,785,2,3707669,3646791,241159,3948828,3887950,77.4245234870826,76.2308908090205,124
-7.6926,53.28823,2022/01/08 00:00:00+00,Sat 08 Jan 2022,9789,746,2,3717458,3647537,241161,3958619,3888698,77.6164952593305,76.2455568171547,125
-7.6926,53.28823,2022/01/09 00:00:00+00,Sun 09 Jan 2022,7116,667,0,3724574,3648204,241161,3965735,3889365,77.7560184062324,76.2586346613064,126
-7.6926,53.28823,2022/01/10 00:00:00+00,Mon 10 Jan 2022,6668,512,1,3731242,3648716,241162,3972404,3889878,77.8867772407866,76.2686930331952,127
-7.6926,53.28823,2022/01/11 00:00:00+00,Tue 11 Jan 2022,4781,1372,1,3736023,3650088,241163,3977186,3891251,77.9805377366389,76.2956133930457,128
-7.6926,53.28823,2022/01/12 00:00:00+00,Wed 12 Jan 2022,7560,928,1,3743583,3651016,241164,3984747,3892180,78.1287859819628,76.3138282614369,129
-7.6926,53.28823,2022/01/13 00:00:00+00,Thu 13 Jan 2022,7323,820,0,3750906,3651836,241164,3992070,3893000,78.2723677701531,76.3299059708888,130
-7.6926,53.28823,2022/01/14 00:00:00+00,Fri 14 Jan 2022,10725,839,0,3761631,3652675,241164,4002795,3893839,78.4826524456059,76.3463562126328,131
-7.6926,53.28823,2022/01/15 00:00:00+00,Sat 15 Jan 2022,8363,654,2,3769994,3653329,241166,4011160,3894495,78.6466646889777,76.3592183801943,132
-7.6926,53.28823,2022/01/16 00:00:00+00,Sun 16 Jan 2022,6965,1216,1,3776959,3654545,241167,4018126,3895712,78.7832467914676,76.3830800538564,133
-7.6926,53.28823,2022/01/17 00:00:00+00,Mon 17 Jan 2022,2565,564,0,3779524,3655109,241167,4020691,3896276,78.8335386509116,76.3941383808452,134
-7.6926,53.28823,2022/01/18 00:00:00+00,Tue 18 Jan 2022,4056,456,3,3783580,3655565,241170,4024750,3896735,78.9131233126983,76.4031379767458,135
-7.6926,53.28823,2022/01/19 00:00:00+00,Wed 19 Jan 2022,3487,626,0,3787067,3656191,241170,4028237,3897361,78.9814927917943,76.4154119354249,136
-7.6926,53.28823,2022/01/20 00:00:00+00,Thu 20 Jan 2022,3699,940,1,3790766,3657131,241171,4031937,3898302,79.0540385539551,76.433862087369,137
-7.6926,53.28823,2022/01/21 00:00:00+00,Fri 21 Jan 2022,3253,978,0,3794019,3658109,241171,4035190,3899280,79.1178200037685,76.4530376969348,138
-7.6926,53.28823,2022/01/22 00:00:00+00,Sat 22 Jan 2022,4274,645,0,3798293,3658754,241171,4039464,3899925,79.2016201625456,76.4656841879061,139
-7.6926,53.28823,2022/01/23 00:00:00+00,Sun 23 Jan 2022,3094,680,0,3801387,3659434,241171,4042558,3900605,79.2622841052823,76.4790169225735,140
-7.6926,53.28823,2022/01/24 00:00:00+00,Mon 24 Jan 2022,646,469,0,3802033,3659903,241171,4043204,3901074,79.2749502032164,76.4882125881014,141
-7.6926,53.28823,2022/01/25 00:00:00+00,Tue 25 Jan 2022,692,1838,1,3802725,3661741,241172,4043897,3902913,79.2885378283995,76.5242697925917,142
-7.6926,53.28823,2022/01/26 00:00:00+00,Wed 26 Jan 2022,700,898,0,3803425,3662639,241172,4044597,3903811,79.3022627023218,76.5418768451377,143
-7.6926,53.28823,2022/01/27 00:00:00+00,Thu 27 Jan 2022,1278,1179,0,3804703,3663818,241172,4045875,3904990,79.3273204007114,76.5649934542155,144
-7.6926,53.28823,2022/01/28 00:00:00+00,Fri 28 Jan 2022,1031,3096,1,3805734,3666914,241173,4046907,3908087,79.3475547862655,76.6257162178404,145
-7.6926,53.28823,2022/01/29 00:00:00+00,Sat 29 Jan 2022,2330,3446,0,3808064,3670360,241173,4049237,3911533,79.3932390094641,76.6932818114638,146
-7.6926,53.28823,2022/01/30 00:00:00+00,Sun 30 Jan 2022,1639,7538,0,3809703,3677898,241173,4050876,3919071,79.4253748214051,76.8410790966445,147
-7.6926,53.28823,2022/01/31 00:00:00+00,Mon 31 Jan 2022,483,1397,0,3810186,3679295,241173,4051359,3920468,79.4348449844115,76.8684700236009,148
-7.6926,53.28823,2022/02/01 00:00:00+00,Tue 01 Feb 2022,750,3422,1,3810936,3682717,241174,4052110,3923891,79.4495698134339,76.9355846570811,149
-7.6926,53.28823,2022/02/02 00:00:00+00,Wed 02 Feb 2022,652,3000,0,3811588,3685717,241174,4052762,3926891,79.4623535531444,76.9944055453196,150
-7.6926,53.28823,2022/02/03 00:00:00+00,Thu 03 Feb 2022,908,2437,1,3812496,3688154,241175,4053671,3929329,79.4801762822807,77.0422073204948,151
-7.6926,53.28823,2022/02/04 00:00:00+00,Fri 04 Feb 2022,1173,6524,0,3813669,3694678,241175,4054844,3935853,79.5031752495819,77.1701231454509,152
-7.6926,53.28823,2021/05/28 23:00:00+00,Sat 29 May 2021,24517,7408,538,1974720,868842,58290,2033010,927132,39.8611513326166,18.1782425847937,153
-7.6926,53.28823,2021/05/29 23:00:00+00,Sun 30 May 2021,24278,1697,210,1998998,870539,58500,2057498,929039,40.3412866363452,18.2156330627507,154
-7.6926,53.28823,2021/05/30 23:00:00+00,Mon 31 May 2021,22626,7325,3445,2021624,877864,61945,2083569,939809,40.8524597621009,18.4268000515271,155
-7.6926,53.28823,2021/05/31 23:00:00+00,Tue 01 Jun 2021,27652,11543,3657,2049276,889407,65602,2114878,955009,41.4663341587211,18.7248258852691,156
-7.6926,53.28823,2021/06/01 23:00:00+00,Wed 02 Jun 2021,18738,20926,4010,2068014,910333,69612,2137626,979945,41.9123533472713,19.2137451083079,157
-7.6926,53.28823,2021/06/02 23:00:00+00,Thu 03 Jun 2021,16731,30720,1978,2084745,941053,71590,2156335,1012643,42.2791800132896,19.8548535761826,158
-7.6926,53.28823,2021/06/03 23:00:00+00,Fri 04 Jun 2021,29034,23358,155,2113779,964411,71745,2185524,1036156,42.8514876488879,20.3158720912336,159
-7.6926,53.28823,2021/06/04 23:00:00+00,Sat 05 Jun 2021,20996,11514,37,2134775,975925,71782,2206557,1047707,43.2638808963284,20.5423521179147,160
-7.6926,53.28823,2021/06/05 23:00:00+00,Sun 06 Jun 2021,19977,3927,47,2154752,979852,71829,2226581,1051681,43.6564907183579,20.620270187868,161
-7.6926,53.28823,2021/06/06 23:00:00+00,Mon 07 Jun 2021,19863,4617,48,2174615,984469,71877,2246492,1056346,44.0468849535972,20.711736669079,162
-7.6926,53.28823,2021/06/07 23:00:00+00,Tue 08 Jun 2021,26452,18360,48,2201067,1002829,71925,2272992,1074754,44.566469466371,21.0726616393107,163
-7.6926,53.28823,2021/06/08 23:00:00+00,Wed 09 Jun 2021,32853,20142,178,2233920,1022971,72103,2306023,1095074,45.2141070528402,21.4710751223131,164
-7.6926,53.28823,2021/06/09 23:00:00+00,Thu 10 Jun 2021,27735,27518,273,2261655,1050489,72376,2334031,1122865,45.7632588654353,22.0159722239923,165
-7.6926,53.28823,2021/06/10 23:00:00+00,Fri 11 Jun 2021,26490,32923,44,2288145,1083412,72420,2360565,1155832,46.2835100149425,22.6623549648457,166
-7.6926,53.28823,2021/06/11 23:00:00+00,Sat 12 Jun 2021,12243,19743,105,2300388,1103155,72525,2372913,1175680,46.5256167909323,23.0515139614319,167
-7.6926,53.28823,2021/06/12 23:00:00+00,Sun 13 Jun 2021,8567,18190,835,2308955,1121345,73360,2382315,1194705,46.7099614546719,23.4245364276781,168
-7.6926,53.28823,2021/06/13 23:00:00+00,Mon 14 Jun 2021,16052,31331,56,2325007,1152676,73416,2398423,1226092,47.0257904105874,24.0399401673925,169
-7.6926,53.28823,2021/06/14 23:00:00+00,Tue 15 Jun 2021,14747,41611,207,2339754,1194287,73623,2413377,1267910,47.3189929314939,24.8598641355123,170
-7.6926,53.28823,2021/06/15 23:00:00+00,Wed 16 Jun 2021,13512,48412,220,2353266,1242699,73843,2427109,1316542,47.5882357439244,25.8133899477847,171
-7.6926,53.28823,2021/06/16 23:00:00+00,Thu 17 Jun 2021,21607,42713,536,2374873,1285412,74379,2449252,1359791,48.0223927200132,26.6613714795943,172
-7.6926,53.28823,2021/06/17 23:00:00+00,Fri 18 Jun 2021,12040,50050,555,2386913,1335462,74934,2461847,1410396,48.2693424158013,27.6535818293649,173
-7.6926,53.28823,2021/06/18 23:00:00+00,Sat 19 Jun 2021,6350,32830,434,2393263,1368292,75368,2468631,1443660,48.4023560510714,28.3057878381539,174
-7.6926,53.28823,2021/06/19 23:00:00+00,Sun 20 Jun 2021,8543,26158,178,2401806,1394450,75546,2477352,1469996,48.5733483731809,28.8221568090374,175
-7.6926,53.28823,2021/06/20 23:00:00+00,Mon 21 Jun 2021,15520,32366,575,2417326,1426816,76121,2493447,1502937,48.8889224385807,29.4680297688594,176
-7.6926,53.28823,2021/06/21 23:00:00+00,Tue 22 Jun 2021,15175,43578,723,2432501,1470394,76844,2509345,1547238,49.2006339323195,30.336637825478,177
-7.6926,53.28823,2021/06/22 23:00:00+00,Wed 23 Jun 2021,20109,39418,887,2452610,1509812,77731,2530341,1587543,49.6123017221384,31.1268964589629,178
-7.6926,53.28823,2021/06/23 23:00:00+00,Thu 24 Jun 2021,19056,44288,1033,2471666,1554100,78764,2550430,1632864,50.0061859967464,32.0155036175827,179
-7.6926,53.28823,2021/06/24 23:00:00+00,Fri 25 Jun 2021,15238,50144,844,2486904,1604244,79608,2566512,1683852,50.3215051716305,33.015223434085,180
-7.6926,53.28823,2021/06/25 23:00:00+00,Sat 26 Jun 2021,9096,30599,513,2496000,1634843,80121,2576121,1714964,50.5099084766586,33.6252352590443,181
-7.6926,53.28823,2021/06/26 23:00:00+00,Sun 27 Jun 2021,8751,30498,59,2504751,1665341,80180,2584931,1745521,50.6826458184525,34.2243652196794,182
-7.6926,53.28823,2021/06/27 23:00:00+00,Mon 28 Jun 2021,24261,24686,528,2529012,1690027,80708,2609720,1770735,51.1686828179676,34.7187351783616,183
-7.6926,53.28823,2021/06/28 23:00:00+00,Tue 29 Jun 2021,28168,31075,813,2557180,1721102,81521,2638701,1802623,51.7369122053147,35.3439620064119,184
-7.6926,53.28823,2021/06/29 23:00:00+00,Wed 30 Jun 2021,22617,36911,593,2579797,1758013,82114,2661911,1840127,52.1919898106536,36.0793015372447,185
-7.6926,53.28823,2021/06/30 23:00:00+00,Thu 01 Jul 2021,15079,48345,644,2594876,1806358,82758,2677634,1889116,52.5002700859118,37.0398270352174,186
-7.6926,53.28823,2021/07/01 23:00:00+00,Fri 02 Jul 2021,13719,47311,819,2608595,1853669,83577,2692172,1937246,52.7853161103158,37.9835101521912,187
-7.6926,53.28823,2021/07/02 23:00:00+00,Sat 03 Jul 2021,9337,30507,507,2617932,1884176,84084,2702016,1968260,52.9783270515892,38.5916004948013,188
-7.6926,53.28823,2021/07/03 23:00:00+00,Sun 04 Jul 2021,6469,27798,233,2624401,1911974,84317,2708718,1996291,53.1097329159142,39.1412032675396,189
-7.6926,53.28823,2021/07/04 23:00:00+00,Mon 05 Jul 2021,15655,33498,5344,2640056,1945472,89661,2729717,2035133,53.5214595266212,39.9027769145268,190
-7.6926,53.28823,2021/07/05 23:00:00+00,Tue 06 Jul 2021,12426,48325,5491,2652482,1993797,95152,2747634,2088949,53.8727574781446,40.9579452216753,191
-7.6926,53.28823,2021/07/06 23:00:00+00,Wed 07 Jul 2021,19730,43798,5061,2672212,2037595,100213,2772425,2137808,54.3588336915852,41.9159218144911,192
-7.6926,53.28823,2021/07/07 23:00:00+00,Thu 08 Jul 2021,17814,45634,6003,2690026,2083229,106216,2796242,2189445,54.8258127233111,42.9283665498157,193
-7.6926,53.28823,2021/07/08 23:00:00+00,Fri 09 Jul 2021,13543,45127,6534,2703569,2128356,112750,2816319,2241106,55.2194617143662,43.9412818522462,194
-7.6926,53.28823,2021/07/09 23:00:00+00,Sat 10 Jul 2021,8666,23902,4365,2712235,2152258,117115,2829350,2269373,55.4749600459117,44.4955118681926,195
-7.6926,53.28823,2021/07/10 23:00:00+00,Sun 11 Jul 2021,15251,16137,2153,2727486,2168395,119268,2846754,2287663,55.8161996255462,44.8541232168203,196
-7.6926,53.28823,2021/07/11 23:00:00+00,Mon 12 Jul 2021,17141,31793,6096,2744627,2200188,125364,2869991,2325552,56.2718066188793,45.5970114283104,197
-7.6926,53.28823,2021/07/12 23:00:00+00,Tue 13 Jul 2021,20128,36603,8490,2764755,2236791,133854,2898609,2370645,56.8329186787495,46.481148199424,198
-7.6926,53.28823,2021/07/13 23:00:00+00,Wed 14 Jul 2021,20813,35746,9335,2785568,2272537,143189,2928757,2415726,57.4240293916214,47.3650496869846,199
-7.6926,53.28823,2021/07/14 23:00:00+00,Thu 15 Jul 2021,23681,28876,9588,2809249,2301413,152777,2962026,2454190,58.0763334352242,48.1192119020538,200
-7.6926,53.28823,2021/07/15 23:00:00+00,Fri 16 Jul 2021,23537,27458,9169,2832786,2328871,161946,2994732,2490817,58.7175987588008,48.8373561265582,201
-7.6926,53.28823,2021/07/16 23:00:00+00,Sat 17 Jul 2021,11526,19459,4682,2844312,2348330,166628,3010940,2514958,59.035388410991,49.3106878142138,202
-7.6926,53.28823,2021/07/17 23:00:00+00,Sun 18 Jul 2021,16879,15843,1934,2861191,2364173,168562,3029753,2532735,59.4042542011349,49.6592407909527,203
-7.6926,53.28823,2021/07/18 23:00:00+00,Mon 19 Jul 2021,24928,18475,6254,2886119,2382648,174816,3060935,2557464,60.0156385134864,50.1441013727031,204
-7.6926,53.28823,2021/07/19 23:00:00+00,Tue 20 Jul 2021,30617,18214,7700,2916736,2400862,182516,3099252,2583378,60.7669185050318,50.6521962053076,205
-7.6926,53.28823,2021/07/20 23:00:00+00,Wed 21 Jul 2021,30387,19868,6895,2947123,2420730,189411,3136534,2610141,61.497905290135,51.1769373492837,206
-7.6926,53.28823,2021/07/21 23:00:00+00,Thu 22 Jul 2021,33565,15957,6938,2980688,2436687,196349,3177037,2633036,62.2920461022436,51.6258387613576,207
-7.6926,53.28823,2021/07/22 23:00:00+00,Fri 23 Jul 2021,27109,20875,5616,3007797,2457562,201965,3209762,2659527,62.9336839581125,52.1452468114667,208
-7.6926,53.28823,2021/07/23 23:00:00+00,Sat 24 Jul 2021,15459,14834,2277,3023256,2472396,204242,3227498,2676638,63.2814330493788,52.4807415510166,209
-7.6926,53.28823,2021/07/24 23:00:00+00,Sun 25 Jul 2021,14748,13664,1046,3038004,2486060,205288,3243292,2691348,63.591105418992,52.769159973013,210
-7.6926,53.28823,2021/07/25 23:00:00+00,Mon 26 Jul 2021,23871,18344,3422,3061875,2504404,208710,3270585,2713114,64.1262382532235,53.1959251241464,211
-7.6926,53.28823,2021/07/26 23:00:00+00,Tue 27 Jul 2021,25540,23942,3672,3087415,2528346,212382,3299797,2740728,64.698996848965,53.7373517934195,212
-7.6926,53.28823,2021/07/27 23:00:00+00,Wed 28 Jul 2021,23459,25328,3265,3110874,2553674,215647,3326521,2769321,65.222973321394,54.2979736792211,213
-7.6926,53.28823,2020/12/28 00:00:00+00,Mon 28 Dec 2020,298,23,4,298,23,4,302,27,0.00592130274934714,0.000529387994146929,214
-7.6926,53.28823,2021/07/28 23:00:00+00,Thu 29 Jul 2021,19307,27902,2966,3130181,2581576,218613,3348794,2800189,65.6596792026397,54.9032014052702,215
-7.6926,53.28823,2021/07/29 23:00:00+00,Fri 30 Jul 2021,21980,22980,2125,3152161,2604556,220738,3372899,2825294,66.1323050396364,55.3954342050132,216
-7.6926,53.28823,2021/07/30 23:00:00+00,Sat 31 Jul 2021,13769,12516,907,3165930,2617072,221645,3387575,2838717,66.4200568248994,55.6586184659552,217
-7.6926,53.28823,2021/07/31 23:00:00+00,Sun 01 Aug 2021,11167,9370,369,3177097,2626442,222014,3399111,2848456,66.6462427471394,55.8495706761402,218
-7.6926,53.28823,2021/08/01 23:00:00+00,Mon 02 Aug 2021,15047,16076,431,3192144,2642518,222445,3414589,2864963,66.9497193165248,56.1732228101915,219
-7.6926,53.28823,2021/08/02 23:00:00+00,Tue 03 Aug 2021,17366,25471,1111,3209510,2667989,223556,3433066,2891545,67.311997167186,56.6944150939105,220
-7.6926,53.28823,2021/08/03 23:00:00+00,Wed 04 Aug 2021,22150,17349,1576,3231660,2685338,225132,3456792,2910470,67.777191965302,57.065476863882,221
-7.6926,53.28823,2021/08/04 23:00:00+00,Thu 05 Aug 2021,13563,30085,1421,3245223,2715423,226553,3471776,2941976,68.0709826950907,57.6832138321632,222
-7.6926,53.28823,2021/08/05 23:00:00+00,Fri 06 Aug 2021,12243,24780,949,3257466,2740203,227502,3484968,2967705,68.3296377476384,58.1876813766598,223
-7.6926,53.28823,2021/08/06 23:00:00+00,Sat 07 Aug 2021,6352,8494,585,3263818,2748697,228087,3491905,2976784,68.4656512482087,58.3656929914323,224
-7.6926,53.28823,2021/08/07 23:00:00+00,Sun 08 Aug 2021,8636,12009,153,3272454,2760706,228240,3500694,2988946,68.6379768437849,58.6041528723514,225
-7.6926,53.28823,2021/08/08 23:00:00+00,Mon 09 Aug 2021,5573,23061,601,3278027,2783767,228841,3506868,3012608,68.7590302317798,59.0680928248516,226
-7.6926,53.28823,2021/08/09 23:00:00+00,Tue 10 Aug 2021,9387,26046,718,3287414,2809813,229559,3516973,3039372,68.95715859033,59.5928535757904,227
-7.6926,53.28823,2021/08/10 23:00:00+00,Wed 11 Aug 2021,7046,31261,668,3294460,2841074,230227,3524687,3071301,69.108406700954,60.2188842893133,228
-7.6926,53.28823,2021/08/11 23:00:00+00,Thu 12 Aug 2021,6799,38324,865,3301259,2879398,231092,3532351,3110490,69.2586744634408,60.9872615523734,229
-7.6926,53.28823,2021/08/12 23:00:00+00,Fri 13 Aug 2021,10957,28253,875,3312216,2907651,231967,3544183,3139618,69.4906640466536,61.5583731632442,230
-7.6926,53.28823,2021/08/13 23:00:00+00,Sat 14 Aug 2021,18156,5866,281,3330372,2913517,232248,3562620,3145765,69.852157618805,61.678897163245,231
-7.6926,53.28823,2021/08/14 23:00:00+00,Sun 15 Aug 2021,17007,3745,53,3347379,2917262,232301,3579680,3149563,70.1866524032548,61.753364407755,232
-7.6926,53.28823,2021/08/15 23:00:00+00,Mon 16 Aug 2021,10208,23187,386,3357587,2940449,232687,3590274,3173136,70.3943685665879,62.2155593405708,233
-7.6926,53.28823,2021/08/16 23:00:00+00,Tue 17 Aug 2021,12886,26890,532,3370473,2967339,233219,3603692,3200558,70.6574547927162,62.7532214729966,234
-7.6926,53.28823,2021/08/17 23:00:00+00,Wed 18 Aug 2021,15253,25803,659,3385726,2993142,233878,3619604,3227020,70.9694407839334,63.2720609211861,235
-7.6926,53.28823,2021/08/18 23:00:00+00,Thu 19 Aug 2021,11383,25747,545,3397109,3018889,234423,3631532,3253312,71.2033126355699,63.7875671857087,236
-7.6926,53.28823,2021/08/19 23:00:00+00,Fri 20 Aug 2021,14873,22299,686,3411982,3041188,235109,3647091,3276297,71.5083773689377,64.2382332244297,237
-7.6926,53.28823,2021/08/20 23:00:00+00,Sat 21 Aug 2021,11920,8005,246,3423902,3049193,235355,3659257,3284548,71.7469156777078,64.4000102740485,238
-7.6926,53.28823,2021/08/21 23:00:00+00,Sun 22 Aug 2021,8011,12269,162,3431913,3061462,235517,3667430,3296979,71.9071633842323,64.6437444279463,239
-7.6926,53.28823,2021/08/22 23:00:00+00,Mon 23 Aug 2021,10892,15425,294,3442805,3076887,235811,3678616,3312698,72.1264868695112,64.9519462753535,240
-7.6926,53.28823,2021/08/23 23:00:00+00,Tue 24 Aug 2021,9727,22945,384,3452532,3099832,236195,3688727,3336027,72.3247328698378,65.4093571092592,241
-7.6926,53.28823,2021/08/24 23:00:00+00,Wed 25 Aug 2021,9426,19562,318,3461958,3119394,236513,3698471,3355907,72.5157831148366,65.7991435286533,242
-7.6926,53.28823,2021/08/25 23:00:00+00,Thu 26 Aug 2021,8605,19471,370,3470563,3138865,236883,3707446,3375748,72.6917556054836,66.1881652765003,243
-7.6926,53.28823,2021/08/26 23:00:00+00,Fri 27 Aug 2021,9739,19251,432,3480302,3158116,237315,3717617,3395431,72.891178023575,66.5740891242334,244
-7.6926,53.28823,2021/08/27 23:00:00+00,Sat 28 Aug 2021,9939,7952,155,3490241,3166068,237470,3727711,3403538,73.089090705535,66.7330427712167,245
-7.6926,53.28823,2021/08/28 23:00:00+00,Sun 29 Aug 2021,8808,9207,30,3499049,3175275,237500,3736549,3412775,73.2623770422857,66.9141522861032,246
-7.6926,53.28823,2021/08/29 23:00:00+00,Mon 30 Aug 2021,5077,11182,85,3504126,3186457,237585,3741711,3424042,73.3635881839815,67.1350639353645,247
-7.6926,53.28823,2021/08/30 23:00:00+00,Tue 31 Aug 2021,4087,12924,146,3508213,3199381,237731,3745944,3437112,73.4465844572861,67.3913269384571,248
-7.6926,53.28823,2021/08/31 23:00:00+00,Wed 01 Sep 2021,5008,12582,184,3513221,3211963,237915,3751136,3449878,73.5483838078643,67.6416294248748,249
-7.6926,53.28823,2021/09/01 23:00:00+00,Thu 02 Sep 2021,5016,12396,249,3518237,3224359,238164,3756401,3462523,73.651614466723,67.8895594688003,250
-7.6926,53.28823,2021/09/02 23:00:00+00,Fri 03 Sep 2021,4789,16126,167,3523026,3240485,238331,3761357,3478816,73.748786574093,68.2090157128239,251
-7.6926,53.28823,2021/09/03 23:00:00+00,Sat 04 Sep 2021,4635,10601,136,3527661,3251086,238467,3766128,3489553,73.8423313933551,68.4195356718296,252
-7.6926,53.28823,2021/09/04 23:00:00+00,Sun 05 Sep 2021,5310,11914,1,3532971,3263000,238468,3771439,3501468,73.9464639725001,68.6531526329504,253
-7.6926,53.28823,2021/09/05 23:00:00+00,Mon 06 Sep 2021,2174,9715,76,3535145,3272715,238544,3773689,3511259,73.990579638679,68.8451244051983,254
-7.6926,53.28823,2021/09/06 23:00:00+00,Tue 07 Sep 2021,3043,10052,162,3538188,3282767,238706,3776894,3521473,74.0534199542805,69.0453899226878,255
-7.6926,53.28823,2021/09/07 23:00:00+00,Wed 08 Sep 2021,2617,14829,191,3540805,3297596,238897,3779702,3536493,74.1084763056718,69.3398865031354,256
-7.6926,53.28823,2021/09/08 23:00:00+00,Thu 09 Sep 2021,3133,14849,138,3543938,3312445,239035,3782973,3551480,74.1726106808145,69.6337360538125,257
-7.6926,53.28823,2021/09/09 23:00:00+00,Fri 10 Sep 2021,3398,13963,116,3547336,3326408,239151,3786487,3565559,74.2415095479046,69.909782482316,258
-7.6926,53.28823,2021/09/10 23:00:00+00,Sat 11 Sep 2021,2567,11355,62,3549903,3337763,239213,3789116,3576976,74.2930562529643,70.1336351759892,259
-7.6926,53.28823,2021/09/11 23:00:00+00,Sun 12 Sep 2021,2045,12890,1,3551948,3350653,239214,3791162,3589867,74.333172098743,70.3863885327502,260
-7.6926,53.28823,2021/09/12 23:00:00+00,Mon 13 Sep 2021,1628,7765,52,3553576,3358418,239266,3792842,3597684,74.3661117961566,70.5396561605371,261
-7.6926,53.28823,2022/02/05 00:00:00+00,Sat 05 Feb 2022,1777,5751,0,3815446,3700429,241175,4056621,3941604,79.5380168223819,77.2828827882042,262
-7.6926,53.28823,2021/09/13 23:00:00+00,Tue 14 Sep 2021,1560,10808,82,3555136,3369226,239348,3794484,3608574,74.3983064289858,70.753175984843,263
-7.6926,53.28823,2021/09/14 23:00:00+00,Wed 15 Sep 2021,3294,12396,138,3558430,3381622,239486,3797916,3621108,74.4655975251307,70.9989296559037,264
-7.6926,53.28823,2021/09/15 23:00:00+00,Thu 16 Sep 2021,1922,10591,116,3560352,3392213,239602,3799954,3631815,74.5055565152074,71.2088614060271,265
-7.6926,53.28823,2021/09/16 23:00:00+00,Fri 17 Sep 2021,2568,14635,96,3562920,3406848,239698,3802618,3646546,74.5577894639633,71.4976915742411,266
-7.6926,53.28823,2021/09/17 23:00:00+00,Sat 18 Sep 2021,2292,11250,48,3565212,3418098,239746,3804958,3657844,74.6036697567893,71.7192110393475,267
-7.6926,53.28823,2021/09/18 23:00:00+00,Sun 19 Sep 2021,1866,8500,16,3567078,3426598,239762,3806840,3666360,74.6405700606777,71.8861839340939,268
-7.6926,53.28823,2021/09/19 23:00:00+00,Mon 20 Sep 2021,969,5651,35,3568047,3432249,239797,3807844,3672046,74.6602554512748,71.9976691242687,269
-7.6926,53.28823,2021/09/20 23:00:00+00,Tue 21 Sep 2021,1480,6695,90,3569527,3438944,239887,3809414,3678831,74.6910383827863,72.1307023665016,270
-7.6926,53.28823,2021/09/21 23:00:00+00,Wed 22 Sep 2021,1904,8176,97,3571431,3447120,239984,3811415,3687104,74.7302719152415,72.2929107693008,271
-7.6926,53.28823,2021/09/22 23:00:00+00,Thu 23 Sep 2021,1693,8745,89,3573124,3455865,240073,3813197,3695938,74.7652115228551,72.4661186782005,272
-7.6926,53.28823,2021/09/23 23:00:00+00,Fri 24 Sep 2021,1917,7412,81,3575041,3463277,240154,3815195,3703431,74.804386234422,72.6130336500577,273
-7.6926,53.28823,2021/09/24 23:00:00+00,Sat 25 Sep 2021,2426,6624,53,3577467,3469901,240207,3817674,3710108,74.8529918950698,72.7439493403139,274
-7.6926,53.28823,2021/09/25 23:00:00+00,Sun 26 Sep 2021,1550,7104,0,3579017,3477005,240207,3819224,3717212,74.8833826873264,72.8832372036628,275
-7.6926,53.28823,2021/09/26 23:00:00+00,Mon 27 Sep 2021,1181,3848,45,3580198,3480853,240252,3820450,3721105,74.9074208236532,72.9595671096337,276
-7.6926,53.28823,2021/09/27 23:00:00+00,Tue 28 Sep 2021,1459,5164,94,3581657,3486017,240346,3822003,3726363,74.937870436798,73.0626605197531,277
-7.6926,53.28823,2021/09/28 23:00:00+00,Wed 29 Sep 2021,1656,3644,80,3583313,3489661,240426,3823739,3730087,74.9719081241254,73.1356768490199,278
-7.6926,53.28823,2021/09/29 23:00:00+00,Thu 30 Sep 2021,1279,4006,79,3584592,3493667,240505,3825097,3734172,74.9985343795347,73.2157712918381,279
-7.6926,53.28823,2021/09/30 23:00:00+00,Fri 01 Oct 2021,1875,5216,42,3586467,3498883,240547,3827014,3739430,75.0361209271192,73.3188647019575,280
-7.6926,53.28823,2022/12/06 00:00:00+00,Tue 06 Dec 2022,25,30,0,3864257,3818326,241227,4105484,4059553,80.4960718430486,79.5955044371537,281
-7.6926,53.28823,2021/10/01 23:00:00+00,Sat 02 Oct 2021,1684,4114,41,3588151,3502997,240588,3828739,3743585,75.0699429378563,73.4003316321679,282
-7.6926,53.28823,2021/10/02 23:00:00+00,Sun 03 Oct 2021,1198,3027,9,3589349,3506024,240597,3829946,3746621,75.093608541891,73.4598583710653,283
-7.6926,53.28823,2021/10/03 23:00:00+00,Mon 04 Oct 2021,352,1248,18,3589701,3507272,240615,3830316,3747887,75.1008631181071,73.484680785902,284
-7.6926,53.28823,2021/10/04 23:00:00+00,Tue 05 Oct 2021,961,2847,70,3590662,3510119,240685,3831347,3750804,75.1210778966984,73.5418742962326,285
-7.6926,53.28823,2021/10/05 23:00:00+00,Wed 06 Oct 2021,974,2587,40,3591636,3512706,240725,3832361,3753431,75.140959356923,73.5933817873668,286
-7.6926,53.28823,2021/10/06 23:00:00+00,Thu 07 Oct 2021,1214,2726,44,3592850,3515432,240769,3833619,3756201,75.1656249160577,73.6476930741737,287
-7.6926,53.28823,2021/10/07 23:00:00+00,Fri 08 Oct 2021,916,2767,48,3593766,3518199,240817,3834583,3759016,75.184526028145,73.7028866743042,288
-7.6926,53.28823,2021/10/08 23:00:00+00,Sat 09 Oct 2021,725,2374,23,3594491,3520573,240840,3835331,3761413,75.1991920362791,73.7498845640068,289
-7.6926,53.28823,2021/10/09 23:00:00+00,Sun 10 Oct 2021,1521,3931,3,3596012,3524504,240843,3836855,3765347,75.2290730475043,73.8270183554503,290
-7.6926,53.28823,2021/10/10 23:00:00+00,Mon 11 Oct 2021,335,1152,20,3596347,3525656,240863,3837210,3766519,75.2360335192792,73.8499977157888,291
-7.6926,53.28823,2021/10/11 23:00:00+00,Tue 12 Oct 2021,563,1635,21,3596910,3527291,240884,3837794,3768175,75.247483985523,73.8824668460965,292
-7.6926,53.28823,2021/10/12 23:00:00+00,Wed 13 Oct 2021,991,2093,11,3597901,3529384,240895,3838796,3770279,75.2671301621947,73.9237198957145,293
-7.6926,53.28823,2021/10/13 23:00:00+00,Thu 14 Oct 2021,656,1625,9,3598557,3531009,240904,3839461,3771913,75.2801687924209,73.9557576728417,294
-7.6926,53.28823,2021/10/14 23:00:00+00,Fri 15 Oct 2021,958,2096,10,3599515,3533105,240914,3840429,3774019,75.2991483323592,73.9970499363852,295
-7.6926,53.28823,2021/10/15 23:00:00+00,Sat 16 Oct 2021,1384,2669,14,3600899,3535774,240928,3841827,3776702,75.3265588662784,74.0496554174332,296
-7.6926,53.28823,2021/10/16 23:00:00+00,Sun 17 Oct 2021,1709,2894,3,3602608,3538668,240931,3843539,3779599,75.3601259864998,74.1064567885089,297
-7.6926,53.28823,2021/10/17 23:00:00+00,Mon 18 Oct 2021,681,1269,6,3603289,3539937,240937,3844226,3780874,75.3735959699064,74.1314556660103,298
-7.6926,53.28823,2021/10/18 23:00:00+00,Tue 19 Oct 2021,1342,1821,13,3604631,3541758,240950,3845581,3782708,75.4001634044275,74.1674148356868,299
-7.6926,53.28823,2021/10/19 23:00:00+00,Wed 20 Oct 2021,2265,2356,1,3606896,3544114,240951,3847847,3785065,75.4445927820104,74.2136284468795,300
-7.6926,53.28823,2021/10/20 23:00:00+00,Thu 21 Oct 2021,1732,1869,11,3608628,3545983,240962,3849590,3786945,75.478767718077,74.2504895368424,301
-7.6926,53.28823,2021/10/21 23:00:00+00,Fri 22 Oct 2021,1510,1947,3,3610138,3547930,240965,3851103,3788895,75.5084330527119,74.2887231141974,302
-7.6926,53.28823,2021/10/22 23:00:00+00,Sat 23 Oct 2021,2019,1716,1,3612157,3549646,240966,3853123,3790612,75.5480391174592,74.3223882692326,303
-7.6926,53.28823,2021/10/23 23:00:00+00,Sun 24 Oct 2021,1960,2194,2,3614117,3551840,240968,3855085,3792808,75.5865079783673,74.3654451594232,304
-7.6926,53.28823,2021/10/24 23:00:00+00,Mon 25 Oct 2021,1243,871,2,3615360,3552711,240970,3856330,3793681,75.6109186469862,74.3825620379006,305
-7.6926,53.28823,2021/10/25 23:00:00+00,Tue 26 Oct 2021,1247,1249,6,3616607,3553960,240976,3857583,3794936,75.6354861713072,74.4071687761471,306
-7.6926,53.28823,2022/08/25 23:00:00+00,Fri 26 Aug 2022,99,90,0,3860344,3814544,241219,4101563,4055763,80.4191929421208,79.5211940483457,307
-7.6926,53.28823,2022/05/16 23:00:00+00,Tue 17 May 2022,97,101,0,3852285,3801707,241203,4093488,4042910,80.2608667179454,79.269185756169,308
-7.6926,53.28823,2022/05/17 23:00:00+00,Wed 18 May 2022,99,123,0,3852384,3801830,241203,4093587,4043033,80.2628078072573,79.2715974125868,309
-7.6926,53.28823,2022/02/06 00:00:00+00,Sun 06 Feb 2022,1407,7556,0,3816853,3707985,241175,4058028,3949160,79.5656038189658,77.4310329987144,310
-7.6926,53.28823,2022/12/07 00:00:00+00,Wed 07 Dec 2022,19,23,0,3864276,3818349,241227,4105503,4059576,80.4964443753408,79.5959553972969,311
-7.6926,53.28823,2020/12/29 00:00:00+00,Tue 29 Dec 2020,81,3,0,379,26,4,383,30,0.00750946673178793,0.000588208882385477,312
-7.6926,53.28823,2022/08/26 23:00:00+00,Sat 27 Aug 2022,86,119,0,3860430,3814663,241219,4101649,4055882,80.420879140917,79.5235272769125,313
-7.6926,53.28823,2020/12/30 00:00:00+00,Wed 30 Dec 2020,1066,2,0,1445,28,4,1449,32,0.0284104890192186,0.000627422807877842,314
-7.6926,53.28823,2022/12/08 00:00:00+00,Thu 08 Dec 2022,12,13,1,3864288,3818362,241228,4105516,4059590,80.4966992658565,79.5962298947753,315
-7.6926,53.28823,2022/05/18 23:00:00+00,Thu 19 May 2022,73,107,0,3852457,3801937,241203,4093660,4043140,80.2642391155377,79.2736953576006,316
-7.6926,53.28823,2022/02/07 00:00:00+00,Mon 07 Feb 2022,443,1353,0,3817296,3709338,241175,4058471,3950513,79.5742897034623,77.45756121931,317
-7.6926,53.28823,2022/05/19 23:00:00+00,Fri 20 May 2022,128,210,0,3852585,3802147,241203,4093788,4043350,80.2667488067693,79.2778128197773,318
-7.6926,53.28823,2022/08/27 23:00:00+00,Sun 28 Aug 2022,44,21,0,3860474,3814684,241219,4101693,4055903,80.4217418472778,79.5239390231301,319
-7.6926,53.28823,2022/12/09 00:00:00+00,Fri 09 Dec 2022,13,17,0,3864301,3818379,241228,4105529,4059607,80.4969541563722,79.596563213142,320
-7.6926,53.28823,2022/02/08 00:00:00+00,Tue 08 Feb 2022,900,1239,0,3818196,3710577,241175,4059371,3951752,79.5919359699339,77.4818542461525,321
-7.6926,53.28823,2020/12/31 00:00:00+00,Thu 31 Dec 2020,1042,2,0,2487,30,4,2491,34,0.0488409442007408,0.000666636733370208,322
-7.6926,53.28823,2022/05/20 23:00:00+00,Sat 21 May 2022,392,762,0,3852977,3802909,241203,4094180,4044112,80.2744347361658,79.2927533253899,323
-7.6926,53.28823,2022/08/28 23:00:00+00,Mon 29 Aug 2022,13,12,0,3860487,3814696,241219,4101706,4055915,80.4219967377935,79.5241743066831,324
-7.6926,53.28823,2022/12/10 00:00:00+00,Sat 10 Dec 2022,45,44,0,3864346,3818423,241228,4105574,4059651,80.4978364696958,79.5974259195028,325
-7.6926,53.28823,2022/02/09 00:00:00+00,Wed 09 Feb 2022,1335,1785,0,3819531,3712362,241175,4060706,3953537,79.6181112652001,77.5168526746544,326
-7.6926,53.28823,2021/01/01 00:00:00+00,Fri 01 Jan 2021,827,1,0,3314,31,4,3318,35,0.0650559023918338,0.00068624369611639,327
-7.6926,53.28823,2022/05/21 23:00:00+00,Sun 22 May 2022,234,410,0,3853211,3803319,241203,4094414,4044522,80.2790227654484,79.3007921801158,328
-7.6926,53.28823,2022/08/29 23:00:00+00,Tue 30 Aug 2022,42,44,1,3860529,3814740,241220,4101749,4055960,80.4228398371916,79.5250566200067,329
-7.6926,53.28823,2022/12/11 00:00:00+00,Sun 11 Dec 2022,28,42,0,3864374,3818465,241228,4105602,4059693,80.4983854646527,79.5982494119382,330
-7.6926,53.28823,2022/02/10 00:00:00+00,Thu 10 Feb 2022,687,2555,1,3820218,3714917,241176,4061394,3956093,79.6316008555694,77.5669680714336,331
-7.6926,53.28823,2021/01/02 00:00:00+00,Sat 02 Jan 2021,1021,0,0,4335,31,4,4339,35,0.0850746113556862,0.00068624369611639,332
-7.6926,53.28823,2022/05/22 23:00:00+00,Mon 23 May 2022,26,35,0,3853237,3803354,241203,4094440,4044557,80.2795325464798,79.301478423812,333
-7.6926,53.28823,2022/08/30 23:00:00+00,Wed 31 Aug 2022,28,29,0,3860557,3814769,241220,4101777,4055989,80.4233888321485,79.5256252219263,334
-7.6926,53.28823,2022/12/12 00:00:00+00,Mon 12 Dec 2022,4,2,0,3864378,3818467,241228,4105606,4059695,80.4984638925037,79.5982886258637,335
-7.6926,53.28823,2022/02/11 00:00:00+00,Fri 11 Feb 2022,546,4927,0,3820764,3719844,241176,4061940,3961020,79.6423062572288,77.6635715768841,336
-7.6926,53.28823,2022/02/12 00:00:00+00,Sat 12 Feb 2022,1397,5463,0,3822161,3725307,241176,4063337,3966483,79.6696971841853,77.7706844143665,337
-7.6926,53.28823,2022/02/13 00:00:00+00,Sun 13 Feb 2022,1566,4706,0,3823727,3730013,241176,4064903,3971189,79.7004016878458,77.86295478105,338
-7.6926,53.28823,2022/02/14 00:00:00+00,Mon 14 Feb 2022,175,954,0,3823902,3730967,241176,4065078,3972143,79.7038329063264,77.8816598235099,339
-7.6926,53.28823,2022/02/15 00:00:00+00,Tue 15 Feb 2022,650,818,1,3824552,3731785,241177,4065729,3972962,79.7165970390741,77.897717925999,340
-7.6926,53.28823,2022/02/16 00:00:00+00,Wed 16 Feb 2022,799,1787,0,3825351,3733572,241177,4066528,3974749,79.7322630023083,77.9327555684264,341
-7.6926,53.28823,2022/02/17 00:00:00+00,Thu 17 Feb 2022,791,1194,2,3826142,3734766,241179,4067321,3975945,79.747811323766,77.9562054958709,342
-7.6926,53.28823,2022/02/18 00:00:00+00,Fri 18 Feb 2022,792,3296,0,3826934,3738062,241179,4068113,3979241,79.763340038261,78.0208300450823,343
-7.6926,53.28823,2022/02/19 00:00:00+00,Sat 19 Feb 2022,980,3557,0,3827914,3741619,241179,4069093,3982798,79.7825548617523,78.0905720115705,344
-7.6926,53.28823,2022/02/20 00:00:00+00,Sun 20 Feb 2022,1365,3588,0,3829279,3745207,241179,4070458,3986386,79.8093183659008,78.1609217939038,345
-7.6926,53.28823,2022/02/21 00:00:00+00,Mon 21 Feb 2022,255,997,1,3829534,3746204,241180,4070714,3987384,79.8143377483639,78.1804895427244,346
-7.6926,53.28823,2022/02/22 00:00:00+00,Tue 22 Feb 2022,477,988,1,3830011,3747192,241181,4071192,3988373,79.8237098765565,78.1998808288804,347
-7.6926,53.28823,2022/02/23 00:00:00+00,Wed 23 Feb 2022,829,1273,1,3830840,3748465,241182,4072022,3989647,79.8399836556359,78.2248600994191,348
-7.6926,53.28823,2022/02/24 00:00:00+00,Thu 24 Feb 2022,653,1237,0,3831493,3749702,241182,4072675,3990884,79.8527870023091,78.2491139123361,349
-7.6926,53.28823,2022/02/25 00:00:00+00,Fri 25 Feb 2022,693,1228,0,3832186,3750930,241182,4073368,3992112,79.8663746274922,78.2731912625884,350
-7.6926,53.28823,2022/02/26 00:00:00+00,Sat 26 Feb 2022,960,2094,0,3833146,3753024,241182,4074328,3994206,79.8851973117285,78.3142482425789,351
-7.6926,53.28823,2022/02/27 00:00:00+00,Sun 27 Feb 2022,671,1783,0,3833817,3754807,241182,4074999,3995989,79.8983535837312,78.3492074571554,352
-7.6926,53.28823,2022/02/28 00:00:00+00,Mon 28 Feb 2022,81,437,0,3833898,3755244,241182,4075080,3996426,79.8999417477137,78.3577756998754,353
-7.6926,53.28823,2022/03/01 00:00:00+00,Tue 01 Mar 2022,130,937,0,3834028,3756181,241182,4075210,3997363,79.9024906528707,78.3761474239686,354
-7.6926,53.28823,2022/03/02 00:00:00+00,Wed 02 Mar 2022,207,997,2,3834235,3757178,241184,4075419,3998362,79.9065885080846,78.395734779752,355
-7.6926,53.28823,2022/03/03 00:00:00+00,Thu 03 Mar 2022,279,1278,0,3834514,3758456,241184,4075698,3999640,79.9120588506908,78.4207924781417,356
-7.6926,53.28823,2022/03/04 00:00:00+00,Fri 04 Mar 2022,735,1508,1,3835249,3759964,241185,4076434,4001149,79.926489575272,78.4503793849257,357
-7.6926,53.28823,2022/03/05 00:00:00+00,Sat 05 Mar 2022,963,3343,0,3836212,3763307,241185,4077397,4004492,79.9453710803966,78.5159254613861,358
-7.6926,53.28823,2022/03/06 00:00:00+00,Sun 06 Mar 2022,455,1916,0,3836667,3765223,241185,4077852,4006408,79.9542922484461,78.5534924020078,359
-7.6926,53.28823,2022/03/07 00:00:00+00,Mon 07 Mar 2022,117,125,1,3836784,3765348,241186,4077970,4006534,79.9566058700501,78.5559628793138,360
-7.6926,53.28823,2022/03/08 00:00:00+00,Tue 08 Mar 2022,120,493,0,3836904,3765841,241186,4078090,4007027,79.9589587055797,78.5656291119477,361
-7.6926,53.28823,2022/03/09 00:00:00+00,Wed 09 Mar 2022,130,344,1,3837034,3766185,241187,4078221,4007372,79.9615272176994,78.5723935140952,362
-7.6926,53.28823,2022/03/10 00:00:00+00,Thu 10 Mar 2022,259,508,0,3837293,3766693,241187,4078480,4007880,79.9666054210507,78.5823538511702,363
-7.6926,53.28823,2022/03/11 00:00:00+00,Fri 11 Mar 2022,493,2184,0,3837786,3768877,241187,4078973,4010064,79.9762716536846,78.6251754578079,364
-7.6926,53.28823,2022/03/12 00:00:00+00,Sat 12 Mar 2022,473,2393,2,3838259,3771270,241189,4079448,4012459,79.985584960989,78.672134133585,365
-7.6926,53.28823,2022/03/13 00:00:00+00,Sun 13 Mar 2022,358,1082,0,3838617,3772352,241189,4079806,4013541,79.9926042536521,78.6933488672763,366
-7.6926,53.28823,2022/03/14 00:00:00+00,Mon 14 Mar 2022,109,123,0,3838726,3772475,241189,4079915,4013664,79.9947414125915,78.6957605236941,367
-7.6926,53.28823,2022/03/15 00:00:00+00,Tue 15 Mar 2022,222,755,1,3838948,3773230,241190,4080138,4014420,79.9991137652839,78.7105833875302,368
-7.6926,53.28823,2022/03/16 00:00:00+00,Wed 16 Mar 2022,195,799,0,3839143,3774029,241190,4080333,4015219,80.0029371230194,78.7262493507644,369
-7.6926,53.28823,2022/03/17 00:00:00+00,Thu 17 Mar 2022,1,4,0,3839144,3774033,241190,4080334,4015223,80.0029567299821,78.7263277786154,370
-7.6926,53.28823,2022/03/18 00:00:00+00,Fri 18 Mar 2022,4,7,0,3839148,3774040,241190,4080338,4015230,80.0030351578331,78.7264650273546,371
-7.6926,53.28823,2022/03/19 00:00:00+00,Sat 19 Mar 2022,743,2779,0,3839891,3776819,241190,4081081,4018009,80.0176031311535,78.7809527768263,372
-7.6926,53.28823,2022/03/20 00:00:00+00,Sun 20 Mar 2022,395,1402,0,3840286,3778221,241190,4081476,4019411,80.0253478814383,78.8084417385964,373
-7.6926,53.28823,2022/03/21 00:00:00+00,Mon 21 Mar 2022,57,112,0,3840343,3778333,241190,4081533,4019523,80.0264654783148,78.810637718424,374
-7.6926,53.28823,2022/03/22 00:00:00+00,Tue 22 Mar 2022,141,575,0,3840484,3778908,241190,4081674,4020098,80.029230060062,78.8219117220031,375
-7.6926,53.28823,2022/03/23 00:00:00+00,Wed 23 Mar 2022,102,221,0,3840586,3779129,241190,4081776,4020319,80.0312299702621,78.82624486077,376
-7.6926,53.28823,2022/03/24 00:00:00+00,Thu 24 Mar 2022,147,245,0,3840733,3779374,241190,4081923,4020564,80.0341121937858,78.8310485666428,377
-7.6926,53.28823,2022/03/25 00:00:00+00,Fri 25 Mar 2022,434,1625,0,3841167,3780999,241190,4082357,4022189,80.0426216156176,78.8629098811053,378
-7.6926,53.28823,2022/03/26 00:00:00+00,Sat 26 Mar 2022,874,1848,1,3842041,3782847,241191,4083232,4024038,80.0597777080206,78.899163155223,379
-7.6926,53.28823,2022/03/27 00:00:00+00,Sun 27 Mar 2022,380,804,0,3842421,3783651,241191,4083612,4024842,80.0672283538641,78.914927153271,380
-7.6926,53.28823,2022/03/27 23:00:00+00,Mon 28 Mar 2022,44,53,1,3842465,3783704,241192,4083657,4024896,80.0681106671877,78.9159859292593,381
-7.6926,53.28823,2022/03/28 23:00:00+00,Tue 29 Mar 2022,138,193,3,3842603,3783897,241195,4083798,4025092,80.0708752489349,78.9198288939575,382
-7.6926,53.28823,2022/03/29 23:00:00+00,Wed 30 Mar 2022,109,138,0,3842712,3784035,241195,4083907,4025230,80.0730124078742,78.9225346548165,383
-7.6926,53.28823,2022/03/30 23:00:00+00,Thu 31 Mar 2022,227,361,0,3842939,3784396,241195,4084134,4025591,80.0774631884176,78.9296127683678,384
-7.6926,53.28823,2022/03/31 23:00:00+00,Fri 01 Apr 2022,307,906,0,3843246,3785302,241195,4084441,4026497,80.0834825259807,78.9473766766159,385
-7.6926,53.28823,2022/04/01 23:00:00+00,Sat 02 Apr 2022,729,1538,1,3843975,3786840,241196,4085171,4028036,80.0977956087854,78.9775517922823,386
-7.6926,53.28823,2022/04/02 23:00:00+00,Sun 03 Apr 2022,538,817,0,3844513,3787657,241196,4085709,4028853,80.1083441547429,78.9935706808459,387
-7.6926,53.28823,2022/04/03 23:00:00+00,Mon 04 Apr 2022,50,53,0,3844563,3787710,241196,4085759,4028906,80.1093245028802,78.9946098498714,388
-7.6926,53.28823,2022/04/04 23:00:00+00,Tue 05 Apr 2022,132,170,0,3844695,3787880,241196,4085891,4029076,80.1119126219627,78.9979430335383,389
-7.6926,53.28823,2022/04/05 23:00:00+00,Wed 06 Apr 2022,158,211,0,3844853,3788091,241196,4086049,4029287,80.1150105220766,79.0020801026777,390
-7.6926,53.28823,2022/04/06 23:00:00+00,Thu 07 Apr 2022,117,181,0,3844970,3788272,241196,4086166,4029468,80.1173045367179,79.0056289629348,391
-7.6926,53.28823,2022/04/07 23:00:00+00,Fri 08 Apr 2022,256,422,2,3845226,3788694,241198,4086424,4029892,80.1223631331064,79.0139423151392,392
-7.6926,53.28823,2022/04/08 23:00:00+00,Sat 09 Apr 2022,559,1019,0,3845785,3789713,241198,4086983,4030911,80.1333234252815,79.0339218101775,393
-7.6926,53.28823,2022/04/09 23:00:00+00,Sun 10 Apr 2022,413,720,0,3846198,3790433,241198,4087396,4031631,80.1414211008957,79.0480388233548,394
-7.6926,53.28823,2022/04/10 23:00:00+00,Mon 11 Apr 2022,70,93,1,3846268,3790526,241199,4087467,4031725,80.1428131952506,79.0498818778529,395
-7.6926,53.28823,2022/04/11 23:00:00+00,Tue 12 Apr 2022,196,178,0,3846464,3790704,241199,4087663,4031903,80.1466561599489,79.0533719172218,396
-7.6926,53.28823,2022/04/12 23:00:00+00,Wed 13 Apr 2022,142,235,0,3846606,3790939,241199,4087805,4032138,80.1494403486589,79.0579795534671,397
-7.6926,53.28823,2022/04/13 23:00:00+00,Thu 14 Apr 2022,359,431,0,3846965,3791370,241199,4088164,4032569,80.1564792482847,79.0664301544107,398
-7.6926,53.28823,2022/04/14 23:00:00+00,Fri 15 Apr 2022,446,990,0,3847411,3792360,241199,4088610,4033559,80.1652239536695,79.0858410475294,399
-7.6926,53.28823,2022/04/15 23:00:00+00,Sat 16 Apr 2022,43,88,0,3847454,3792448,241199,4088653,4033647,80.1660670530676,79.0875664602511,400
-7.6926,53.28823,2022/04/16 23:00:00+00,Sun 17 Apr 2022,1,1,0,3847455,3792449,241199,4088654,4033648,80.1660866600304,79.0875860672138,401
-7.6926,53.28823,2022/04/17 23:00:00+00,Mon 18 Apr 2022,36,62,1,3847491,3792511,241200,4088691,4033711,80.166812117652,79.0888213058669,402
-7.6926,53.28823,2022/04/18 23:00:00+00,Tue 19 Apr 2022,218,271,1,3847709,3792782,241201,4088910,4033983,80.1711060424934,79.0941543997338,403
-7.6926,53.28823,2022/04/19 23:00:00+00,Wed 20 Apr 2022,252,607,0,3847961,3793389,241201,4089162,4034590,80.1760469971054,79.1060558261208,404
-7.6926,53.28823,2022/04/20 23:00:00+00,Thu 21 Apr 2022,170,236,0,3848131,3793625,241201,4089332,4034826,80.1793801807723,79.1106830693288,405
-7.6926,53.28823,2022/04/21 23:00:00+00,Fri 22 Apr 2022,195,254,0,3848326,3793879,241201,4089527,4035080,80.1832035385078,79.1156632378664,406
-7.6926,53.28823,2022/04/22 23:00:00+00,Sat 23 Apr 2022,323,1010,0,3848649,3794889,241201,4089850,4036090,80.1895365874748,79.13546627024,407
-7.6926,53.28823,2022/04/23 23:00:00+00,Sun 24 Apr 2022,181,252,0,3848830,3795141,241201,4090031,4036342,80.1930854477319,79.1404072248521,408
-7.6926,53.28823,2022/04/24 23:00:00+00,Mon 25 Apr 2022,41,60,1,3848871,3795201,241202,4090073,4036403,80.1939089401672,79.1416032495796,409
-7.6926,53.28823,2022/04/25 23:00:00+00,Tue 26 Apr 2022,144,238,0,3849015,3795439,241202,4090217,4036641,80.1967323428026,79.1462697067132,410
-7.6926,53.28823,2022/04/26 23:00:00+00,Wed 27 Apr 2022,123,207,0,3849138,3795646,241202,4090340,4036848,80.1991439992204,79.1503283480016,411
-7.6926,53.28823,2022/04/27 23:00:00+00,Thu 28 Apr 2022,100,130,0,3849238,3795776,241202,4090440,4036978,80.201104695495,79.1528772531586,412
-7.6926,53.28823,2022/04/28 23:00:00+00,Fri 29 Apr 2022,169,222,0,3849407,3795998,241202,4090609,4037200,80.2044182721991,79.1572299988883,413
-7.6926,53.28823,2022/04/29 23:00:00+00,Sat 30 Apr 2022,281,724,0,3849688,3796722,241202,4090890,4037924,80.2099278287308,79.1714254399165,414
-7.6926,53.28823,2022/04/30 23:00:00+00,Sun 01 May 2022,187,748,0,3849875,3797470,241202,4091077,4038672,80.2135943307644,79.1860914480507,415
-7.6926,53.28823,2022/05/01 23:00:00+00,Mon 02 May 2022,12,26,0,3849887,3797496,241202,4091089,4038698,80.2138296143173,79.1866012290821,416
-7.6926,53.28823,2022/05/02 23:00:00+00,Tue 03 May 2022,96,117,0,3849983,3797613,241202,4091185,4038815,80.2157118827409,79.1888952437234,417
-7.6926,53.28823,2022/05/03 23:00:00+00,Wed 04 May 2022,113,129,0,3850096,3797742,241202,4091298,4038944,80.2179274695313,79.1914245419176,418
-7.6926,53.28823,2022/05/04 23:00:00+00,Thu 05 May 2022,112,166,0,3850208,3797908,241202,4091410,4039110,80.2201234493588,79.1946792977335,419
-7.6926,53.28823,2022/05/05 23:00:00+00,Fri 06 May 2022,136,257,0,3850344,3798165,241202,4091546,4039367,80.2227899962923,79.1997182871593,420
-7.6926,53.28823,2022/05/06 23:00:00+00,Sat 07 May 2022,441,1088,0,3850785,3799253,241202,4091987,4040455,80.2314366668634,79.2210506626271,421
-7.6926,53.28823,2022/05/07 23:00:00+00,Sun 08 May 2022,274,437,0,3851059,3799690,241202,4092261,4040892,80.2368089746558,79.2296189053472,422
-7.6926,53.28823,2022/05/08 23:00:00+00,Mon 09 May 2022,24,32,0,3851083,3799722,241202,4092285,4040924,80.2372795417618,79.2302463281551,423
-7.6926,53.28823,2022/05/09 23:00:00+00,Tue 10 May 2022,81,99,1,3851164,3799821,241203,4092367,4041024,80.2388873127069,79.2322070244297,424
-7.6926,53.28823,2022/05/10 23:00:00+00,Wed 11 May 2022,112,132,0,3851276,3799953,241203,4092479,4041156,80.2410832925345,79.2347951435122,425
-7.6926,53.28823,2022/05/11 23:00:00+00,Thu 12 May 2022,207,398,0,3851483,3800351,241203,4092686,4041554,80.245141933823,79.2425987146852,426
-7.6926,53.28823,2022/05/12 23:00:00+00,Fri 13 May 2022,173,327,0,3851656,3800678,241203,4092859,4041881,80.2485339383781,79.2490101915032,427
-7.6926,53.28823,2022/05/13 23:00:00+00,Sat 14 May 2022,333,633,0,3851989,3801311,241203,4093192,4042514,80.2550630569725,79.2614213989215,428
-7.6926,53.28823,2022/05/14 23:00:00+00,Sun 15 May 2022,168,254,0,3852157,3801565,241203,4093360,4042768,80.2583570267139,79.266401567459,429
-7.6926,53.28823,2022/05/15 23:00:00+00,Mon 16 May 2022,31,41,0,3852188,3801606,241203,4093391,4042809,80.258964842559,79.2672054529316,430
-7.6926,53.28823,2022/05/23 23:00:00+00,Tue 24 May 2022,65,83,0,3853302,3803437,241203,4094505,4044640,80.2808069990583,79.3031058017199,431
-7.6926,53.28823,2022/12/13 00:00:00+00,Tue 13 Dec 2022,19,15,0,3864397,3818482,241228,4105625,4059710,80.4988364247958,79.5985827303049,432
-7.6926,53.28823,2022/08/31 23:00:00+00,Thu 01 Sep 2022,34,32,0,3860591,3814801,241220,4101811,4056021,80.4240554688819,79.5262526447342,433
-7.6926,53.28823,2022/09/01 23:00:00+00,Fri 02 Sep 2022,48,51,0,3860639,3814852,241220,4101859,4056072,80.4249966030937,79.5272525998342,434
-7.6926,53.28823,2021/01/03 00:00:00+00,Sun 03 Jan 2021,26,3,1,4361,34,5,4366,39,0.0856039993498331,0.00076467154710112,435
-7.6926,53.28823,2022/12/14 00:00:00+00,Wed 14 Dec 2022,14,20,0,3864411,3818502,241228,4105639,4059730,80.4991109222743,79.5989748695598,436
-7.6926,53.28823,2022/09/02 23:00:00+00,Sat 03 Sep 2022,73,101,0,3860712,3814953,241220,4101932,4056173,80.4264279113742,79.5292329030716,437
-7.6926,53.28823,2021/01/04 00:00:00+00,Mon 04 Jan 2021,1198,5,0,5559,39,5,5564,44,0.10909314071976,0.000862706360832033,438
-7.6926,53.28823,2022/12/15 00:00:00+00,Thu 15 Dec 2022,13,9,0,3864424,3818511,241228,4105652,4059739,80.49936581279,79.5991513322245,439
-7.6926,53.28823,2022/09/03 23:00:00+00,Sun 04 Sep 2022,58,82,0,3860770,3815035,241220,4101990,4056255,80.4275651152135,79.5308406740168,440
-7.6926,53.28823,2021/01/05 00:00:00+00,Tue 05 Jan 2021,3546,14,0,9105,53,5,9110,58,0.178619430617723,0.00113720383927859,441
-7.6926,53.28823,2022/12/16 00:00:00+00,Fri 16 Dec 2022,11,4,0,3864435,3818515,241228,4105663,4059743,80.4995814893802,79.5992297600755,442
-7.6926,53.28823,2022/09/04 23:00:00+00,Mon 05 Sep 2022,10,5,0,3860780,3815040,241220,4102000,4056260,80.4277611848409,79.5309387088305,443
-7.6926,53.28823,2022/05/24 23:00:00+00,Wed 25 May 2022,87,133,1,3853389,3803570,241204,4094593,4044774,80.2825324117799,79.3057331347279,444
-7.6926,53.28823,2021/01/06 00:00:00+00,Wed 06 Jan 2021,6798,14,0,15903,67,5,15908,72,0.311907563366272,0.00141170131772515,445
-7.6926,53.28823,2022/12/17 00:00:00+00,Sat 17 Dec 2022,19,43,0,3864454,3818558,241228,4105682,4059786,80.4999540216724,79.6000728594736,446
-7.6926,53.28823,2022/09/05 23:00:00+00,Tue 06 Sep 2022,42,22,0,3860822,3815062,241220,4102042,4056282,80.4285846772763,79.5313700620109,447
-7.6926,53.28823,2022/05/25 23:00:00+00,Thu 26 May 2022,99,155,0,3853488,3803725,241204,4094692,4044929,80.2844735010918,79.3087722139535,448
-7.6926,53.28823,2021/01/07 00:00:00+00,Thu 07 Jan 2021,11743,9,0,27646,76,5,27651,81,0.542152126894694,0.00158816398244079,449
-7.6926,53.28823,2022/12/18 00:00:00+00,Sun 18 Dec 2022,29,35,0,3864483,3818593,241228,4105711,4059821,80.500522623592,79.6007591031697,450
-7.6926,53.28823,2022/09/06 23:00:00+00,Wed 07 Sep 2022,48,42,0,3860870,3815104,241220,4102090,4056324,80.4295258114881,79.5321935544463,451
-7.6926,53.28823,2022/05/26 23:00:00+00,Fri 27 May 2022,95,152,1,3853583,3803877,241205,4094788,4045082,80.2863557695155,79.3117720792537,452
-7.6926,53.28823,2021/01/08 00:00:00+00,Fri 08 Jan 2021,12691,8,0,40337,84,5,40342,89,0.790984091106497,0.00174501968441025,453
-7.6926,53.28823,2022/12/19 00:00:00+00,Mon 19 Dec 2022,4,1,0,3864487,3818594,241228,4105715,4059822,80.500601051443,79.6007787101324,454
-7.6926,53.28823,2022/09/07 23:00:00+00,Thu 08 Sep 2022,39,52,2,3860909,3815156,241222,4102131,4056378,80.4303296969607,79.5332523304346,455
-7.6926,53.28823,2022/05/27 23:00:00+00,Sat 28 May 2022,335,580,0,3853918,3804457,241205,4095123,4045662,80.2929241020354,79.3231441176465,456
-7.6926,53.28823,2021/01/09 00:00:00+00,Sat 09 Jan 2021,8081,7,0,48418,91,5,48423,96,0.949427957058399,0.00188226842363353,457
-7.6926,53.28823,2022/12/20 00:00:00+00,Tue 20 Dec 2022,17,18,0,3864504,3818612,241228,4105732,4059840,80.5009343698097,79.6011316354619,458
-7.6926,53.28823,2022/09/08 23:00:00+00,Fri 09 Sep 2022,64,60,0,3860973,3815216,241222,4102195,4056438,80.4315845425764,79.5344287481993,459
-7.6926,53.28823,2022/05/28 23:00:00+00,Sun 29 May 2022,181,349,0,3854099,3804806,241205,4095304,4046011,80.2964729622925,79.3299869476449,460
-7.6926,53.28823,2021/01/10 00:00:00+00,Sun 10 Jan 2021,4790,6,1,53208,97,6,53214,103,1.04336491557536,0.00201951716285681,461
-7.6926,53.28823,2022/12/21 00:00:00+00,Wed 21 Dec 2022,16,28,0,3864520,3818640,241228,4105748,4059868,80.5012480812136,79.6016806304187,462
-7.6926,53.28823,2022/09/09 23:00:00+00,Sat 10 Sep 2022,94,135,0,3861067,3815351,241222,4102289,4056573,80.4334275970746,79.5370756881701,463
-7.6926,53.28823,2022/05/29 23:00:00+00,Mon 30 May 2022,9,24,0,3854108,3804830,241205,4095313,4046035,80.2966494249572,79.3304575147508,464
-7.6926,53.28823,2021/01/11 00:00:00+00,Mon 11 Jan 2021,8356,8,0,61564,105,6,61570,111,1.20720069628246,0.00217637286482627,465
-7.6926,53.28823,2022/12/22 00:00:00+00,Thu 22 Dec 2022,6,15,0,3864526,3818655,241228,4105754,4059883,80.5013657229901,79.60197473486,466
-7.6926,53.28823,2022/09/10 23:00:00+00,Sun 11 Sep 2022,58,58,0,3861125,3815409,241222,4102347,4056631,80.4345648009138,79.5382128920094,467
-7.6926,53.28823,2022/05/30 23:00:00+00,Tue 31 May 2022,65,80,2,3854173,3804910,241207,4095380,4046117,80.2979630914612,79.332065285696,468
-7.6926,53.28823,2021/01/12 00:00:00+00,Tue 12 Jan 2021,8902,15,0,70466,120,6,70472,126,1.38174187864898,0.002470477306019,469
-7.6926,53.28823,2022/12/23 00:00:00+00,Fri 23 Dec 2022,19,6,0,3864545,3818661,241228,4105773,4059889,80.5017382552823,79.6020923766364,470
-7.6926,53.28823,2022/09/11 23:00:00+00,Mon 12 Sep 2022,13,13,0,3861138,3815422,241222,4102360,4056644,80.4348196914295,79.5384677825251,471
-7.6926,53.28823,2022/05/31 23:00:00+00,Wed 01 Jun 2022,72,101,0,3854245,3805011,241207,4095452,4046218,80.2993747927789,79.3340455889333,472
-7.6926,53.28823,2021/01/13 00:00:00+00,Wed 13 Jan 2021,9908,6,0,80374,126,6,80380,132,1.57600766553816,0.0025881190824961,473
-7.6926,53.28823,2022/12/28 00:00:00+00,Wed 28 Dec 2022,19,24,0,3864564,3818685,241228,4105792,4059913,80.5021107875744,79.6025629437423,474
-7.6926,53.28823,2022/09/12 23:00:00+00,Tue 13 Sep 2022,29,25,0,3861167,3815447,241222,4102389,4056669,80.4353882933492,79.5389579565937,475
-7.6926,53.28823,2022/06/01 23:00:00+00,Thu 02 Jun 2022,92,142,0,3854337,3805153,241207,4095544,4046360,80.3011786333516,79.3368297776433,476
-7.6926,53.28823,2021/01/14 00:00:00+00,Thu 14 Jan 2021,8101,6,0,88475,132,6,88481,138,1.73484367074498,0.00270576085897319,477
-7.6926,53.28823,2022/12/29 00:00:00+00,Thu 29 Dec 2022,15,12,0,3864579,3818697,241228,4105807,4059925,80.5024048920156,79.6027982272953,478
-7.6926,53.28823,2022/09/13 23:00:00+00,Wed 14 Sep 2022,36,33,0,3861203,3815480,241222,4102425,4056702,80.436094144008,79.5396049863643,479
-7.6926,53.28823,2022/06/02 23:00:00+00,Fri 03 Jun 2022,59,143,0,3854396,3805296,241207,4095603,4046503,80.3023354441536,79.339633573316,480
-7.6926,53.28823,2022/06/03 23:00:00+00,Sat 04 Jun 2022,305,607,0,3854701,3805903,241207,4095908,4047110,80.3083155677912,79.3515349997029,481
-7.6926,53.28823,2022/06/04 23:00:00+00,Sun 05 Jun 2022,143,273,0,3854844,3806176,241207,4096051,4047383,80.3111193634639,79.3568877005327,482
-7.6926,53.28823,2022/06/05 23:00:00+00,Mon 06 Jun 2022,5,7,1,3854849,3806183,241208,4096057,4047391,80.3112370052404,79.3570445562346,483
-7.6926,53.28823,2022/06/06 23:00:00+00,Tue 07 Jun 2022,29,54,0,3854878,3806237,241208,4096086,4047445,80.31180560716,79.3581033322229,484
-7.6926,53.28823,2022/06/07 23:00:00+00,Wed 08 Jun 2022,36,76,0,3854914,3806313,241208,4096122,4047521,80.3125114578189,79.3595934613916,485
-7.6926,53.28823,2022/06/08 23:00:00+00,Thu 09 Jun 2022,74,122,0,3854988,3806435,241208,4096196,4047643,80.3139623730621,79.3619855108467,486
-7.6926,53.28823,2022/06/09 23:00:00+00,Fri 10 Jun 2022,56,108,0,3855044,3806543,241208,4096252,4047751,80.3150603629759,79.3641030628233,487
-7.6926,53.28823,2022/06/10 23:00:00+00,Sat 11 Jun 2022,190,562,0,3855234,3807105,241208,4096442,4048313,80.3187856858976,79.3751221758866,488
-7.6926,53.28823,2022/06/11 23:00:00+00,Sun 12 Jun 2022,143,288,0,3855377,3807393,241208,4096585,4048601,80.3215894815703,79.3807689811575,489
-7.6926,53.28823,2022/06/12 23:00:00+00,Mon 13 Jun 2022,17,42,0,3855394,3807435,241208,4096602,4048643,80.321922799937,79.3815924735929,490
-7.6926,53.28823,2022/06/13 23:00:00+00,Tue 14 Jun 2022,37,55,0,3855431,3807490,241208,4096639,4048698,80.3226482575586,79.3826708565439,491
-7.6926,53.28823,2022/06/14 23:00:00+00,Wed 15 Jun 2022,66,124,0,3855497,3807614,241208,4096705,4048822,80.3239423170999,79.3851021199244,492
-7.6926,53.28823,2022/06/15 23:00:00+00,Thu 16 Jun 2022,43,84,0,3855540,3807698,241208,4096748,4048906,80.324785416498,79.3867491047951,493
-7.6926,53.28823,2022/06/16 23:00:00+00,Fri 17 Jun 2022,59,95,0,3855599,3807793,241208,4096807,4049001,80.3259422273,79.388611766256,494
-7.6926,53.28823,2022/06/17 23:00:00+00,Sat 18 Jun 2022,223,488,0,3855822,3808281,241208,4097030,4049489,80.3303145799924,79.3981799640761,495
-7.6926,53.28823,2022/06/18 23:00:00+00,Sun 19 Jun 2022,79,129,0,3855901,3808410,241208,4097109,4049618,80.3318635300493,79.4007092622704,496
-7.6926,53.28823,2022/06/19 23:00:00+00,Mon 20 Jun 2022,9,28,0,3855910,3808438,241208,4097118,4049646,80.3320399927141,79.4012582572273,497
-7.6926,53.28823,2022/06/20 23:00:00+00,Tue 21 Jun 2022,74,169,2,3855984,3808607,241210,4097194,4049817,80.3335301218828,79.4046110478569,498
-7.6926,53.28823,2022/06/21 23:00:00+00,Wed 22 Jun 2022,60,96,0,3856044,3808703,241210,4097254,4049913,80.3347065396475,79.4064933162805,499
-7.6926,53.28823,2022/06/22 23:00:00+00,Thu 23 Jun 2022,64,113,0,3856108,3808816,241210,4097318,4050026,80.3359613852633,79.4087089030708,500
-7.6926,53.28823,2022/06/23 23:00:00+00,Fri 24 Jun 2022,55,93,1,3856163,3808909,241211,4097374,4050120,80.3370593751771,79.410551957569,501
-7.6926,53.28823,2022/06/24 23:00:00+00,Sat 25 Jun 2022,210,293,0,3856373,3809202,241211,4097584,4050413,80.3411768373538,79.4162967976536,502
-7.6926,53.28823,2022/06/25 23:00:00+00,Sun 26 Jun 2022,174,402,0,3856547,3809604,241211,4097758,4050815,80.3445884488716,79.4241787966776,503
-7.6926,53.28823,2022/06/26 23:00:00+00,Mon 27 Jun 2022,5,35,0,3856552,3809639,241211,4097763,4050850,80.3446864836854,79.4248650403737,504
-7.6926,53.28823,2022/06/27 23:00:00+00,Tue 28 Jun 2022,49,60,0,3856601,3809699,241211,4097812,4050910,80.3456472248599,79.4260414581385,505
-7.6926,53.28823,2022/06/28 23:00:00+00,Wed 29 Jun 2022,63,81,4,3856664,3809780,241215,4097879,4050995,80.3469608913639,79.4277080499719,506
-7.6926,53.28823,2022/06/29 23:00:00+00,Thu 30 Jun 2022,48,89,0,3856712,3809869,241215,4097927,4051084,80.3479020255757,79.4294530696563,507
-7.6926,53.28823,2022/06/30 23:00:00+00,Fri 01 Jul 2022,46,66,0,3856758,3809935,241215,4097973,4051150,80.348803945862,79.4307471291975,508
-7.6926,53.28823,2022/07/01 23:00:00+00,Sat 02 Jul 2022,182,228,0,3856940,3810163,241215,4098155,4051378,80.3523724130818,79.4352175167037,509
-7.6926,53.28823,2022/07/02 23:00:00+00,Sun 03 Jul 2022,108,274,0,3857048,3810437,241215,4098263,4051652,80.3544899650584,79.4405898244961,510
-7.6926,53.28823,2022/07/03 23:00:00+00,Mon 04 Jul 2022,15,15,0,3857063,3810452,241215,4098278,4051667,80.3547840694996,79.4408839289373,511
-7.6926,53.28823,2022/07/04 23:00:00+00,Tue 05 Jul 2022,51,69,0,3857114,3810521,241215,4098329,4051736,80.3557840245997,79.4422368093668,512
-7.6926,53.28823,2022/07/05 23:00:00+00,Wed 06 Jul 2022,60,83,0,3857174,3810604,241215,4098389,4051819,80.3569604423645,79.4438641872747,513
-7.6926,53.28823,2022/07/06 23:00:00+00,Thu 07 Jul 2022,77,77,0,3857251,3810681,241215,4098466,4051896,80.3584701784959,79.4453739234062,514
-7.6926,53.28823,2022/07/07 23:00:00+00,Fri 08 Jul 2022,99,91,0,3857350,3810772,241215,4098565,4051987,80.3604112678078,79.4471581570161,515
-7.6926,53.28823,2022/07/08 23:00:00+00,Sat 09 Jul 2022,119,144,0,3857469,3810916,241215,4098684,4052131,80.3627444963746,79.4499815596515,516
-7.6926,53.28823,2022/07/09 23:00:00+00,Sun 10 Jul 2022,135,219,0,3857604,3811135,241215,4098819,4052350,80.3653914363453,79.454275484493,517
-7.6926,53.28823,2022/07/10 23:00:00+00,Mon 11 Jul 2022,11,16,0,3857615,3811151,241215,4098830,4052366,80.3656071129355,79.4545891958969,518
-7.6926,53.28823,2022/07/11 23:00:00+00,Tue 12 Jul 2022,44,81,0,3857659,3811232,241215,4098874,4052447,80.3664698192964,79.4561773598793,519
-7.6926,53.28823,2022/07/12 23:00:00+00,Wed 13 Jul 2022,99,74,1,3857758,3811306,241216,4098974,4052522,80.368430515571,79.4576478820853,520
-7.6926,53.28823,2022/07/13 23:00:00+00,Thu 14 Jul 2022,73,39,0,3857831,3811345,241216,4099047,4052561,80.3698618238514,79.4584125536324,521
-7.6926,53.28823,2022/07/14 23:00:00+00,Fri 15 Jul 2022,80,118,1,3857911,3811463,241217,4099128,4052680,80.3714499878339,79.4607457821992,522
-7.6926,53.28823,2022/07/15 23:00:00+00,Sat 16 Jul 2022,124,209,0,3858035,3811672,241217,4099252,4052889,80.3738812512144,79.4648436374131,523
-7.6926,53.28823,2022/07/16 23:00:00+00,Sun 17 Jul 2022,119,165,0,3858154,3811837,241217,4099371,4053054,80.3762144797812,79.4680787862663,524
-7.6926,53.28823,2022/07/17 23:00:00+00,Mon 18 Jul 2022,14,18,0,3858168,3811855,241217,4099385,4053072,80.3764889772597,79.4684317115957,525
-7.6926,53.28823,2022/07/18 23:00:00+00,Tue 19 Jul 2022,30,34,0,3858198,3811889,241217,4099415,4053106,80.377077186142,79.4690983483291,526
-7.6926,53.28823,2022/07/19 23:00:00+00,Wed 20 Jul 2022,78,66,0,3858276,3811955,241217,4099493,4053172,80.3786065292362,79.4703924078703,527
-7.6926,53.28823,2022/07/20 23:00:00+00,Thu 21 Jul 2022,52,30,0,3858328,3811985,241217,4099545,4053202,80.379626091299,79.4709806167527,528
-7.6926,53.28823,2022/07/21 23:00:00+00,Fri 22 Jul 2022,75,70,0,3858403,3812055,241217,4099620,4053272,80.381096613505,79.4723531041449,529
-7.6926,53.28823,2022/07/22 23:00:00+00,Sat 23 Jul 2022,100,175,0,3858503,3812230,241217,4099720,4053447,80.3830573097796,79.4757843226255,530
-7.6926,53.28823,2022/07/23 23:00:00+00,Sun 24 Jul 2022,108,230,0,3858611,3812460,241217,4099828,4053677,80.3851748617562,79.4802939240571,531
-7.6926,53.28823,2022/07/24 23:00:00+00,Mon 25 Jul 2022,14,23,0,3858625,3812483,241217,4099842,4053700,80.3854493592347,79.4807448842003,532
-7.6926,53.28823,2022/07/25 23:00:00+00,Tue 26 Jul 2022,18,16,0,3858643,3812499,241217,4099860,4053716,80.3858022845641,79.4810585956042,533
-7.6926,53.28823,2022/07/26 23:00:00+00,Wed 27 Jul 2022,61,72,1,3858704,3812571,241218,4099922,4053789,80.3870179162544,79.4824899038847,534
-7.6926,53.28823,2022/07/27 23:00:00+00,Thu 28 Jul 2022,49,73,0,3858753,3812644,241218,4099971,4053862,80.3879786574289,79.4839212121652,535
-7.6926,53.28823,2022/07/28 23:00:00+00,Fri 29 Jul 2022,71,105,0,3858824,3812749,241218,4100042,4053967,80.3893707517839,79.4859799432535,536
-7.6926,53.28823,2022/07/29 23:00:00+00,Sat 30 Jul 2022,100,119,0,3858924,3812868,241218,4100142,4054086,80.3913314480585,79.4883131718203,537
-7.6926,53.28823,2022/07/30 23:00:00+00,Sun 31 Jul 2022,32,57,0,3858956,3812925,241218,4100174,4054143,80.3919588708664,79.4894307686968,538
-7.6926,53.28823,2022/07/31 23:00:00+00,Mon 01 Aug 2022,9,15,0,3858965,3812940,241218,4100183,4054158,80.3921353335311,79.489724873138,539
-7.6926,53.28823,2022/08/01 23:00:00+00,Tue 02 Aug 2022,36,30,0,3859001,3812970,241218,4100219,4054188,80.39284118419,79.4903130820204,540
-7.6926,53.28823,2022/08/02 23:00:00+00,Wed 03 Aug 2022,93,139,0,3859094,3813109,241218,4100312,4054327,80.3946646317253,79.4930384498422,541
-7.6926,53.28823,2022/08/03 23:00:00+00,Thu 04 Aug 2022,46,53,0,3859140,3813162,241218,4100358,4054380,80.3955665520117,79.4940776188677,542
-7.6926,53.28823,2022/08/04 23:00:00+00,Fri 05 Aug 2022,96,91,0,3859236,3813253,241218,4100454,4054471,80.3974488204353,79.4958618524776,543
-7.6926,53.28823,2022/08/05 23:00:00+00,Sat 06 Aug 2022,74,130,0,3859310,3813383,241218,4100528,4054601,80.3988997356785,79.4984107576346,544
-7.6926,53.28823,2022/08/06 23:00:00+00,Sun 07 Aug 2022,28,80,0,3859338,3813463,241218,4100556,4054681,80.3994487306354,79.4999793146543,545
-7.6926,53.28823,2022/08/07 23:00:00+00,Mon 08 Aug 2022,11,16,0,3859349,3813479,241218,4100567,4054697,80.3996644072256,79.5002930260582,546
-7.6926,53.28823,2022/08/08 23:00:00+00,Tue 09 Aug 2022,48,41,0,3859397,3813520,241218,4100615,4054738,80.4006055414375,79.5010969115308,547
-7.6926,53.28823,2022/08/09 23:00:00+00,Wed 10 Aug 2022,55,94,1,3859452,3813614,241219,4100671,4054833,80.4017035313512,79.5029595729917,548
-7.6926,53.28823,2022/08/10 23:00:00+00,Thu 11 Aug 2022,45,42,0,3859497,3813656,241219,4100716,4054875,80.4025858446748,79.5037830654271,549
-7.6926,53.28823,2022/08/11 23:00:00+00,Fri 12 Aug 2022,69,75,0,3859566,3813731,241219,4100785,4054950,80.4039387251043,79.505253587633,550
-7.6926,53.28823,2022/08/12 23:00:00+00,Sat 13 Aug 2022,103,151,0,3859669,3813882,241219,4100888,4055101,80.4059582422672,79.5082142390077,551
-7.6926,53.28823,2022/08/13 23:00:00+00,Sun 14 Aug 2022,17,26,0,3859686,3813908,241219,4100905,4055127,80.4062915606338,79.5087240200391,552
-7.6926,53.28823,2022/08/14 23:00:00+00,Mon 15 Aug 2022,7,11,0,3859693,3813919,241219,4100912,4055138,80.4064288093731,79.5089396966293,553
-7.6926,53.28823,2022/08/15 23:00:00+00,Tue 16 Aug 2022,41,28,0,3859734,3813947,241219,4100953,4055166,80.4072326948457,79.5094886915862,554
-7.6926,53.28823,2022/08/16 23:00:00+00,Wed 17 Aug 2022,51,58,0,3859785,3814005,241219,4101004,4055224,80.4082326499457,79.5106258954255,555
-7.6926,53.28823,2022/08/17 23:00:00+00,Thu 18 Aug 2022,55,40,0,3859840,3814045,241219,4101059,4055264,80.4093110328968,79.5114101739353,556
-7.6926,53.28823,2022/08/18 23:00:00+00,Fri 19 Aug 2022,74,56,0,3859914,3814101,241219,4101133,4055320,80.41076194814,79.5125081638491,557
-7.6926,53.28823,2022/08/19 23:00:00+00,Sat 20 Aug 2022,109,127,0,3860023,3814228,241219,4101242,4055447,80.4128991070793,79.5149982481179,558
-7.6926,53.28823,2022/08/20 23:00:00+00,Sun 21 Aug 2022,39,36,0,3860062,3814264,241219,4101281,4055483,80.4136637786264,79.5157040987767,559
-7.6926,53.28823,2022/08/21 23:00:00+00,Mon 22 Aug 2022,12,13,0,3860074,3814277,241219,4101293,4055496,80.4138990621794,79.5159589892924,560
-7.6926,53.28823,2022/08/22 23:00:00+00,Tue 23 Aug 2022,78,72,0,3860152,3814349,241219,4101371,4055568,80.4154284052736,79.5173706906102,561
-7.6926,53.28823,2022/08/23 23:00:00+00,Wed 24 Aug 2022,53,56,0,3860205,3814405,241219,4101424,4055624,80.4164675742991,79.518468680524,562
-7.6926,53.28823,2022/08/24 23:00:00+00,Thu 25 Aug 2022,40,49,0,3860245,3814454,241219,4101464,4055673,80.417251852809,79.5194294216985,563
-7.6926,53.28823,2022/12/30 00:00:00+00,Fri 30 Dec 2022,66,31,0,3864645,3818728,241228,4105873,4059956,80.5036989515569,79.6034060431404,564
-7.6926,53.28823,2022/12/31 00:00:00+00,Sat 31 Dec 2022,34,26,0,3864679,3818754,241228,4105907,4059982,80.5043655882903,79.6039158241718,565
-7.6926,53.28823,2021/01/15 00:00:00+00,Fri 15 Jan 2021,7708,5,0,96183,137,6,96189,143,1.88597413959256,0.00280379567270411,566
-7.6926,53.28823,2023/01/01 00:00:00+00,Sun 01 Jan 2023,1,0,0,3864680,3818754,241228,4105908,4059982,80.504385195253,79.6039158241718,567
-7.6926,53.28823,2022/09/14 23:00:00+00,Thu 15 Sep 2022,51,36,0,3861254,3815516,241222,4102476,4056738,80.4370940991081,79.5403108370232,568
-7.6926,53.28823,2021/01/16 00:00:00+00,Sat 16 Jan 2021,5249,3,0,101432,140,6,101438,146,1.98889108704727,0.00286261656094266,569
-7.6926,53.28823,2023/01/03 00:00:00+00,Tue 03 Jan 2023,8,14,0,3864688,3818768,241228,4105916,4059996,80.504542050955,79.6041903216503,570
-7.6926,53.28823,2022/09/15 23:00:00+00,Fri 16 Sep 2022,38,56,0,3861292,3815572,241222,4102514,4056794,80.4378391636924,79.541408826937,571
-7.6926,53.28823,2021/01/17 00:00:00+00,Sun 17 Jan 2021,1117,5,0,102549,145,6,102555,151,2.01079206443475,0.00296065137467357,572
-7.6926,53.28823,2023/01/04 00:00:00+00,Wed 04 Jan 2023,52,28,0,3864740,3818796,241228,4105968,4060024,80.5055616130178,79.6047393166072,573
-7.6926,53.28823,2022/09/16 23:00:00+00,Sat 17 Sep 2022,66,149,0,3861358,3815721,241222,4102580,4056943,80.4391332232337,79.5443302643862,574
-7.6926,53.28823,2021/01/18 00:00:00+00,Mon 18 Jan 2021,8732,9,1,111281,154,7,111288,161,2.18201967009717,0.00315672100213539,575
-7.6926,53.28823,2023/01/05 00:00:00+00,Thu 05 Jan 2023,24,16,0,3864764,3818812,241228,4105992,4060040,80.5060321801237,79.6050530280111,576
-7.6926,53.28823,2023/01/06 00:00:00+00,Fri 06 Jan 2023,34,21,0,3864798,3818833,241228,4106026,4060061,80.5066988168571,79.6054647742288,577
-7.6926,53.28823,2023/01/07 00:00:00+00,Sat 07 Jan 2023,136,74,0,3864934,3818907,241228,4106162,4060135,80.5093653637905,79.606915689472,578
-7.6926,53.28823,2023/01/08 00:00:00+00,Sun 08 Jan 2023,51,45,0,3864985,3818952,241228,4106213,4060180,80.5103653188906,79.6077980027956,579
-7.6926,53.28823,2023/01/09 00:00:00+00,Mon 09 Jan 2023,1,1,0,3864986,3818953,241228,4106214,4060181,80.5103849258533,79.6078176097583,580
-7.6926,53.28823,2023/01/10 00:00:00+00,Tue 10 Jan 2023,42,14,0,3865028,3818967,241228,4106256,4060195,80.5112084182887,79.6080921072367,581
-7.6926,53.28823,2023/01/11 00:00:00+00,Wed 11 Jan 2023,59,31,0,3865087,3818998,241228,4106315,4060226,80.5123652290907,79.6086999230819,582
-7.6926,53.28823,2023/01/12 00:00:00+00,Thu 12 Jan 2023,14,12,0,3865101,3819010,241228,4106329,4060238,80.5126397265691,79.6089352066348,583
-7.6926,53.28823,2023/01/13 00:00:00+00,Fri 13 Jan 2023,27,12,0,3865128,3819022,241228,4106356,4060250,80.5131691145633,79.6091704901878,584
-7.6926,53.28823,2023/01/14 00:00:00+00,Sat 14 Jan 2023,72,40,0,3865200,3819062,241228,4106428,4060290,80.514580815881,79.6099547686976,585
-7.6926,53.28823,2023/01/15 00:00:00+00,Sun 15 Jan 2023,60,30,0,3865260,3819092,241228,4106488,4060320,80.5157572336458,79.61054297758,586
-7.6926,53.28823,2023/01/16 00:00:00+00,Mon 16 Jan 2023,6,2,0,3865266,3819094,241228,4106494,4060322,80.5158748754223,79.6105821915055,587
-7.6926,53.28823,2023/01/17 00:00:00+00,Tue 17 Jan 2023,14,19,0,3865280,3819113,241228,4106508,4060341,80.5161493729007,79.6109547237977,588
-7.6926,53.28823,2023/01/18 00:00:00+00,Wed 18 Jan 2023,34,14,0,3865314,3819127,241228,4106542,4060355,80.5168160096341,79.6112292212761,589
-7.6926,53.28823,2023/01/19 00:00:00+00,Thu 19 Jan 2023,15,7,0,3865329,3819134,241228,4106557,4060362,80.5171101140753,79.6113664700154,590
-7.6926,53.28823,2023/01/20 00:00:00+00,Fri 20 Jan 2023,16,8,0,3865345,3819142,241228,4106573,4060370,80.5174238254792,79.6115233257173,591
-7.6926,53.28823,2023/01/21 00:00:00+00,Sat 21 Jan 2023,74,26,0,3865419,3819168,241228,4106647,4060396,80.5188747407224,79.6120331067487,592
-7.6926,53.28823,2023/01/22 00:00:00+00,Sun 22 Jan 2023,21,13,0,3865440,3819181,241228,4106668,4060409,80.5192864869401,79.6122879972644,593
-7.6926,53.28823,2023/01/23 00:00:00+00,Mon 23 Jan 2023,4,1,0,3865444,3819182,241228,4106672,4060410,80.5193649147911,79.6123076042272,594
-7.6926,53.28823,2023/01/24 00:00:00+00,Tue 24 Jan 2023,16,13,0,3865460,3819195,241228,4106688,4060423,80.519678626195,79.6125624947429,595
-7.6926,53.28823,2023/01/25 00:00:00+00,Wed 25 Jan 2023,24,17,0,3865484,3819212,241228,4106712,4060440,80.5201491933009,79.6128958131096,596
-7.6926,53.28823,2023/01/26 00:00:00+00,Thu 26 Jan 2023,12,12,0,3865496,3819224,241228,4106724,4060452,80.5203844768539,79.6131310966625,597
-7.6926,53.28823,2023/01/27 00:00:00+00,Fri 27 Jan 2023,12,8,0,3865508,3819232,241228,4106736,4060460,80.5206197604068,79.6132879523645,598
-7.6926,53.28823,2023/01/28 00:00:00+00,Sat 28 Jan 2023,24,57,0,3865532,3819289,241228,4106760,4060517,80.5210903275128,79.614405549241,599
-7.6926,53.28823,2023/01/29 00:00:00+00,Sun 29 Jan 2023,28,28,0,3865560,3819317,241228,4106788,4060545,80.5216393224696,79.6149545441979,600
-7.6926,53.28823,2023/01/30 00:00:00+00,Mon 30 Jan 2023,4,2,0,3865564,3819319,241228,4106792,4060547,80.5217177503206,79.6149937581234,601
-7.6926,53.28823,2023/01/31 00:00:00+00,Tue 31 Jan 2023,23,15,0,3865587,3819334,241228,4106815,4060562,80.5221687104638,79.6152878625646,602
-7.6926,53.28823,2023/02/01 00:00:00+00,Wed 01 Feb 2023,14,37,0,3865601,3819371,241228,4106829,4060599,80.5224432079422,79.6160133201862,603
-7.6926,53.28823,2023/02/02 00:00:00+00,Thu 02 Feb 2023,13,12,0,3865614,3819383,241228,4106842,4060611,80.5226980984579,79.6162486037392,604
-7.6926,53.28823,2023/02/03 00:00:00+00,Fri 03 Feb 2023,14,10,0,3865628,3819393,241228,4106856,4060621,80.5229725959364,79.6164446733666,605
-7.6926,53.28823,2023/02/04 00:00:00+00,Sat 04 Feb 2023,38,44,0,3865666,3819437,241228,4106894,4060665,80.5237176605207,79.6173073797275,606
-7.6926,53.28823,2023/02/05 00:00:00+00,Sun 05 Feb 2023,29,22,0,3865695,3819459,241228,4106923,4060687,80.5242862624404,79.6177387329079,607
-7.6926,53.28823,2023/02/06 00:00:00+00,Mon 06 Feb 2023,12,7,0,3865707,3819466,241228,4106935,4060694,80.5245215459933,79.6178759816471,608
-7.6926,53.28823,2023/02/07 00:00:00+00,Tue 07 Feb 2023,20,13,0,3865727,3819479,241228,4106955,4060707,80.5249136852483,79.6181308721628,609
-7.6926,53.28823,2023/02/08 00:00:00+00,Wed 08 Feb 2023,23,30,0,3865750,3819509,241228,4106978,4060737,80.5253646453914,79.6187190810452,610
-7.6926,53.28823,2023/02/09 00:00:00+00,Thu 09 Feb 2023,6,15,0,3865756,3819524,241228,4106984,4060752,80.5254822871679,79.6190131854864,611
-7.6926,53.28823,2023/02/10 00:00:00+00,Fri 10 Feb 2023,6,15,0,3865762,3819539,241228,4106990,4060767,80.5255999289444,79.6193072899276,612
-7.6926,53.28823,2023/02/11 00:00:00+00,Sat 11 Feb 2023,34,47,0,3865796,3819586,241228,4107024,4060814,80.5262665656777,79.6202288171766,613
-7.6926,53.28823,2023/02/12 00:00:00+00,Sun 12 Feb 2023,17,36,0,3865813,3819622,241228,4107041,4060850,80.5265998840444,79.6209346678355,614
-7.6926,53.28823,2023/02/13 00:00:00+00,Mon 13 Feb 2023,1,1,0,3865814,3819623,241228,4107042,4060851,80.5266194910072,79.6209542747983,615
-7.6926,53.28823,2023/02/14 00:00:00+00,Tue 14 Feb 2023,12,22,0,3865826,3819645,241228,4107054,4060873,80.5268547745601,79.6213856279787,616
-7.6926,53.28823,2023/02/15 00:00:00+00,Wed 15 Feb 2023,15,13,0,3865841,3819658,241228,4107069,4060886,80.5271488790013,79.6216405184944,617
-7.6926,53.28823,2023/02/16 00:00:00+00,Thu 16 Feb 2023,13,11,0,3865854,3819669,241228,4107082,4060897,80.527403769517,79.6218561950846,618
-7.6926,53.28823,2023/02/17 00:00:00+00,Fri 17 Feb 2023,5,12,0,3865859,3819681,241228,4107087,4060909,80.5275018043308,79.6220914786375,619
-7.6926,53.28823,2023/02/18 00:00:00+00,Sat 18 Feb 2023,21,43,0,3865880,3819724,241228,4107108,4060952,80.5279135505484,79.6229345780356,620
-7.6926,53.28823,2023/02/19 00:00:00+00,Sun 19 Feb 2023,22,31,0,3865902,3819755,241228,4107130,4060983,80.5283449037288,79.6235423938807,621
-7.6926,53.28823,2023/02/20 00:00:00+00,Mon 20 Feb 2023,3,0,0,3865905,3819755,241228,4107133,4060983,80.5284037246171,79.6235423938807,622
-7.6926,53.28823,2023/02/21 00:00:00+00,Tue 21 Feb 2023,52,16,0,3865957,3819771,241228,4107185,4060999,80.5294232866799,79.6238561052847,623
-7.6926,53.28823,2023/02/22 00:00:00+00,Wed 22 Feb 2023,21,16,0,3865978,3819787,241228,4107206,4061015,80.5298350328976,79.6241698166886,624
-7.6926,53.28823,2023/02/23 00:00:00+00,Thu 23 Feb 2023,21,11,0,3865999,3819798,241228,4107227,4061026,80.5302467791152,79.6243854932788,625
-7.6926,53.28823,2023/02/24 00:00:00+00,Fri 24 Feb 2023,13,12,0,3866012,3819810,241228,4107240,4061038,80.5305016696309,79.6246207768318,626
-7.6926,53.28823,2023/02/25 00:00:00+00,Sat 25 Feb 2023,49,19,0,3866061,3819829,241228,4107289,4061057,80.5314624108055,79.624993309124,627
-7.6926,53.28823,2023/02/26 00:00:00+00,Sun 26 Feb 2023,78,41,0,3866139,3819870,241228,4107367,4061098,80.5329917538997,79.6257971945966,628
-7.6926,53.28823,2023/02/27 00:00:00+00,Mon 27 Feb 2023,1,2,0,3866140,3819872,241228,4107368,4061100,80.5330113608624,79.625836408522,629
-7.6926,53.28823,2023/02/28 00:00:00+00,Tue 28 Feb 2023,32,11,0,3866172,3819883,241228,4107400,4061111,80.5336387836703,79.6260520851122,630
-7.6926,53.28823,2023/03/01 00:00:00+00,Wed 01 Mar 2023,21,18,0,3866193,3819901,241228,4107421,4061129,80.534050529888,79.6264050104417,631
-7.6926,53.28823,2023/03/02 00:00:00+00,Thu 02 Mar 2023,20,14,0,3866213,3819915,241228,4107441,4061143,80.5344426691429,79.6266795079201,632
-7.6926,53.28823,2023/03/03 00:00:00+00,Fri 03 Mar 2023,10,13,0,3866223,3819928,241228,4107451,4061156,80.5346387387704,79.6269343984358,633
-7.6926,53.28823,2023/03/04 00:00:00+00,Sat 04 Mar 2023,37,24,0,3866260,3819952,241228,4107488,4061180,80.535364196392,79.6274049655417,634
-7.6926,53.28823,2023/03/05 00:00:00+00,Sun 05 Mar 2023,26,19,0,3866286,3819971,241228,4107514,4061199,80.5358739774234,79.6277774978339,635
-7.6926,53.28823,2023/03/06 00:00:00+00,Mon 06 Mar 2023,1,1,0,3866287,3819972,241228,4107515,4061200,80.5358935843861,79.6277971047967,636
-7.6926,53.28823,2023/03/07 00:00:00+00,Tue 07 Mar 2023,12,13,0,3866299,3819985,241228,4107527,4061213,80.5361288679391,79.6280519953124,637
-7.6926,53.28823,2023/03/08 00:00:00+00,Wed 08 Mar 2023,28,27,0,3866327,3820012,241228,4107555,4061240,80.536677862896,79.6285813833065,638
-7.6926,53.28823,2023/03/09 00:00:00+00,Thu 09 Mar 2023,13,8,0,3866340,3820020,241228,4107568,4061248,80.5369327534117,79.6287382390085,639
-7.6926,53.28823,2023/03/10 00:00:00+00,Fri 10 Mar 2023,10,3,0,3866350,3820023,241228,4107578,4061251,80.5371288230391,79.6287970598967,640
-7.6926,53.28823,2023/03/11 00:00:00+00,Sat 11 Mar 2023,28,23,0,3866378,3820046,241228,4107606,4061274,80.537677817996,79.6292480200399,641
-7.6926,53.28823,2023/03/12 00:00:00+00,Sun 12 Mar 2023,16,13,0,3866394,3820059,241228,4107622,4061287,80.5379915294,79.6295029105556,642
-7.6926,53.28823,2023/03/13 00:00:00+00,Mon 13 Mar 2023,2,0,0,3866396,3820059,241228,4107624,4061287,80.5380307433255,79.6295029105556,643
-7.6926,53.28823,2023/03/14 00:00:00+00,Tue 14 Mar 2023,11,14,0,3866407,3820073,241228,4107635,4061301,80.5382464199157,79.629777408034,644
-7.6926,53.28823,2023/03/15 00:00:00+00,Wed 15 Mar 2023,29,23,0,3866436,3820096,241228,4107664,4061324,80.5388150218353,79.6302283681772,645
-7.6926,53.28823,2023/03/16 00:00:00+00,Thu 16 Mar 2023,10,16,0,3866446,3820112,241228,4107674,4061340,80.5390110914628,79.6305420795811,646
-7.6926,53.28823,2023/03/18 00:00:00+00,Sat 18 Mar 2023,20,45,0,3866466,3820157,241228,4107694,4061385,80.5394032307177,79.6314243929047,647
-7.6926,53.28823,2023/03/19 00:00:00+00,Sun 19 Mar 2023,12,38,0,3866478,3820195,241228,4107706,4061423,80.5396385142706,79.6321694574891,648
-7.6926,53.28823,2023/03/20 00:00:00+00,Mon 20 Mar 2023,6,3,0,3866484,3820198,241228,4107712,4061426,80.5397561560471,79.6322282783773,649
-7.6926,53.28823,2023/03/21 00:00:00+00,Tue 21 Mar 2023,26,23,0,3866510,3820221,241228,4107738,4061449,80.5402659370785,79.6326792385205,650
-7.6926,53.28823,2022/09/17 23:00:00+00,Sun 18 Sep 2022,30,53,0,3861388,3815774,241222,4102610,4056996,80.4397214321161,79.5453694334117,651
-7.6926,53.28823,2022/09/18 23:00:00+00,Mon 19 Sep 2022,11,11,0,3861399,3815785,241222,4102621,4057007,80.4399371087063,79.5455851100019,652
-7.6926,53.28823,2021/01/19 00:00:00+00,Tue 19 Jan 2021,8400,21,0,119681,175,7,119688,182,2.3467181571651,0.00356846721980523,653
-7.6926,53.28823,2022/09/19 23:00:00+00,Tue 20 Sep 2022,39,37,0,3861438,3815822,241222,4102660,4057044,80.4407017802534,79.5463105676235,654
-7.6926,53.28823,2021/01/20 00:00:00+00,Wed 20 Jan 2021,8459,966,0,128140,1141,7,128147,1148,2.51257345503506,0.0225087932326176,655
-7.6926,53.28823,2022/09/20 23:00:00+00,Wed 21 Sep 2022,42,32,0,3861480,3815854,241222,4102702,4057076,80.4415252726887,79.5469379904314,656
-7.6926,53.28823,2021/01/21 00:00:00+00,Thu 21 Jan 2021,9025,967,0,137165,2108,7,137172,2115,2.68952629381936,0.0414687262081761,657
-7.6926,53.28823,2022/09/21 23:00:00+00,Thu 22 Sep 2022,59,35,0,3861539,3815889,241222,4102761,4057111,80.4426820834908,79.5476242341275,658
-7.6926,53.28823,2021/01/22 00:00:00+00,Fri 22 Jan 2021,6800,972,0,143965,3080,7,143972,3087,2.8228536404934,0.0605266939974656,659
-7.6926,53.28823,2022/09/22 23:00:00+00,Fri 23 Sep 2022,38,39,0,3861577,3815928,241222,4102799,4057150,80.4434271480751,79.5483889056746,660
-7.6926,53.28823,2021/01/23 00:00:00+00,Sat 23 Jan 2021,4201,461,0,148166,3541,7,148173,3548,2.90522249099011,0.0695655038234558,661
-7.6926,53.28823,2022/09/23 23:00:00+00,Sat 24 Sep 2022,56,104,0,3861633,3816032,241222,4102855,4057254,80.4445251379889,79.5504280298002,662
-7.6926,53.28823,2021/01/24 00:00:00+00,Sun 24 Jan 2021,1191,400,0,149357,3941,7,149364,3948,2.92857438362081,0.0774082889219288,663
-7.6926,53.28823,2022/09/24 23:00:00+00,Sun 25 Sep 2022,42,75,0,3861675,3816107,241222,4102897,4057329,80.4453486304242,79.5518985520062,664
-7.6926,53.28823,2021/01/25 00:00:00+00,Mon 25 Jan 2021,1378,1295,0,150735,5236,7,150742,5243,2.95559277828505,0.102799305678235,665
-7.6926,53.28823,2022/09/25 23:00:00+00,Mon 26 Sep 2022,23,10,0,3861698,3816117,241222,4102920,4057339,80.4457995905674,79.5520946216337,666
-7.6926,53.28823,2021/01/26 00:00:00+00,Tue 26 Jan 2021,1012,3508,0,151747,8744,7,151754,8751,2.97543502458419,0.171580530991844,667
-7.6926,53.28823,2022/09/26 23:00:00+00,Tue 27 Sep 2022,28,33,2,3861726,3816150,241224,4102950,4057374,80.4463877994498,79.5527808653298,668
-7.6926,53.28823,2021/01/27 00:00:00+00,Wed 27 Jan 2021,2195,6712,0,153942,15456,7,153949,15463,3.01847230781206,0.303182464944221,669
-7.6926,53.28823,2022/09/27 23:00:00+00,Wed 28 Sep 2022,28,28,0,3861754,3816178,241224,4102978,4057402,80.4469367944067,79.5533298602867,670
-7.6926,53.28823,2021/01/28 00:00:00+00,Thu 28 Jan 2021,1028,11545,0,154970,27001,7,154977,27008,3.03862826551514,0.529544849848899,671
-7.6926,53.28823,2021/01/29 00:00:00+00,Fri 29 Jan 2021,1597,11527,0,156567,38528,7,156574,38535,3.06994058502079,0.755554309424145,672
-7.6926,53.28823,2021/01/30 00:00:00+00,Sat 30 Jan 2021,660,7794,0,157227,46322,7,157234,46329,3.08288118043327,0.908370977067892,673
-7.6926,53.28823,2021/01/31 00:00:00+00,Sun 31 Jan 2021,241,4088,0,157468,50410,7,157475,50417,3.0876064584551,0.988524240774287,674
-7.6926,53.28823,2021/02/01 00:00:00+00,Mon 01 Feb 2021,1047,8337,1,158515,58747,8,158523,58755,3.1081545554131,1.15200709615196,675
-7.6926,53.28823,2021/02/02 00:00:00+00,Tue 02 Feb 2021,853,5113,1,159368,63860,9,159377,63869,3.12489890159834,1.25227710363593,676
-7.6926,53.28823,2021/02/03 00:00:00+00,Wed 03 Feb 2021,1416,6873,0,160784,70733,9,160793,70742,3.15266236084693,1.38703575859045,677
-7.6926,53.28823,2021/02/04 00:00:00+00,Thu 04 Feb 2021,1459,10542,1,162243,81275,10,162253,81285,3.18128852645636,1.59375196682345,678
-7.6926,53.28823,2021/02/05 00:00:00+00,Fri 05 Feb 2021,3411,8616,0,165654,89891,10,165664,89901,3.24816787638359,1.76268555784456,679
-7.6926,53.28823,2021/02/06 00:00:00+00,Sat 06 Feb 2021,916,3871,0,166570,93762,10,166580,93772,3.26612785425909,1.83858411063503,680
-7.6926,53.28823,2021/02/07 00:00:00+00,Sun 07 Feb 2021,341,1300,2,166911,95062,12,166923,95074,3.27285304248103,1.86411237613056,681
-7.6926,53.28823,2021/02/08 00:00:00+00,Mon 08 Feb 2021,1197,883,0,168108,95945,12,168120,95957,3.29632257688821,1.88142532423544,682
-7.6926,53.28823,2021/02/09 00:00:00+00,Tue 09 Feb 2021,4278,556,3,172386,96501,15,172401,96516,3.38025998440462,1.89238561641056,683
-7.6926,53.28823,2021/02/10 00:00:00+00,Wed 10 Feb 2021,8838,586,0,181224,97087,15,181239,97102,3.55354632115538,1.90387529657982,684
-7.6926,53.28823,2021/02/11 00:00:00+00,Thu 11 Feb 2021,6209,452,0,187433,97539,15,187448,97554,3.67528595284643,1.9127376437411,685
-7.6926,53.28823,2021/02/12 00:00:00+00,Fri 12 Feb 2021,4409,528,0,191842,98067,15,191857,98082,3.76173305159435,1.92309012007108,686
-7.6926,53.28823,2021/02/13 00:00:00+00,Sat 13 Feb 2021,1225,1920,0,193067,99987,15,193082,100002,3.78575158095842,1.96073548854375,687
-7.6926,53.28823,2021/02/14 00:00:00+00,Sun 14 Feb 2021,2712,29,0,195779,100016,15,195794,100031,3.83892566392607,1.96130409046339,688
-7.6926,53.28823,2021/02/15 00:00:00+00,Mon 15 Feb 2021,1978,7898,0,197757,107914,15,197772,107929,3.87770823623802,2.11615988223274,689
-7.6926,53.28823,2021/02/16 00:00:00+00,Tue 16 Feb 2021,5665,8171,0,203422,116085,15,203437,116100,3.98878168019514,2.2763683748318,690
-7.6926,53.28823,2021/02/17 00:00:00+00,Wed 17 Feb 2021,9763,8467,0,213185,124552,15,213200,124567,4.18020445748612,2.44238052840372,691
-7.6926,53.28823,2021/02/18 00:00:00+00,Thu 18 Feb 2021,8478,8362,1,221663,132914,16,221679,132930,4.34645189461101,2.60635355785005,692
-7.6926,53.28823,2021/02/19 00:00:00+00,Fri 19 Feb 2021,9405,6595,3,231068,139509,19,231087,139528,4.53091420012709,2.73572029804936,693
-7.6926,53.28823,2021/02/20 00:00:00+00,Sat 20 Feb 2021,5899,3581,2,236967,143090,21,236988,143111,4.64661488729232,2.80597204556893,694
-7.6926,53.28823,2021/02/21 00:00:00+00,Sun 21 Feb 2021,1121,1026,7,238088,144116,28,238116,144144,4.66873154127001,2.82622603808574,695
-7.6926,53.28823,2021/02/22 00:00:00+00,Mon 22 Feb 2021,3956,1131,2,242044,145247,30,242074,145277,4.7463358998194,2.84844072687717,696
-7.6926,53.28823,2021/02/23 00:00:00+00,Tue 23 Feb 2021,13381,1074,1,255425,146321,31,255456,146352,5.00871627528882,2.86951821182931,697
-7.6926,53.28823,2021/02/24 00:00:00+00,Wed 24 Feb 2021,16958,2113,6,272383,148434,37,272420,148471,5.34132879131506,2.91106536588847,698
-7.6926,53.28823,2021/02/25 00:00:00+00,Thu 25 Feb 2021,18111,1770,3,290494,150204,40,290534,150244,5.69648931449941,2.94582851083745,699
-7.6926,53.28823,2021/02/26 00:00:00+00,Fri 26 Feb 2021,16102,2783,1,306596,152987,41,306637,153028,6.01222023560119,3.00041429512283,700
-7.6926,53.28823,2021/02/27 00:00:00+00,Sat 27 Feb 2021,9012,707,1,315608,153694,42,315650,153736,6.18893779083253,3.01429602474712,701
-7.6926,53.28823,2021/02/28 00:00:00+00,Sun 28 Feb 2021,2454,61,2,318062,153755,44,318106,153799,6.23709249133715,3.01553126340013,702
-7.6926,53.28823,2021/03/01 00:00:00+00,Mon 01 Mar 2021,5644,811,0,323706,154566,44,323750,154610,6.34775418907661,3.03143251018729,703
-7.6926,53.28823,2021/03/02 00:00:00+00,Tue 02 Mar 2021,12215,1623,0,335921,156189,44,335965,156233,6.58725323902123,3.06325461072434,704
-7.6926,53.28823,2021/03/03 00:00:00+00,Wed 03 Mar 2021,12930,1516,1,348851,157705,45,348896,157750,6.84079087429211,3.0929983732103,705
-7.6926,53.28823,2021/03/04 00:00:00+00,Thu 04 Mar 2021,18746,1700,5,367597,159405,50,367647,159455,7.20844103274578,3.12642824469254,706
-7.6926,53.28823,2021/03/05 00:00:00+00,Fri 05 Mar 2021,18481,2408,6,386078,161813,56,386134,161869,7.57091495303446,3.17375945276183,707
-7.6926,53.28823,2021/03/06 00:00:00+00,Sat 06 Mar 2021,10418,152,5,396496,161965,61,396557,162026,7.77527832573792,3.17683774591298,708
-7.6926,53.28823,2021/03/07 00:00:00+00,Sun 07 Mar 2021,1541,19,5,398037,161984,66,398103,162050,7.80559069014352,3.17730831301889,709
-7.6926,53.28823,2021/03/08 00:00:00+00,Mon 08 Mar 2021,6688,1513,6,404725,163497,72,404797,163569,7.93683969876647,3.20709128943034,710
-7.6926,53.28823,2021/03/09 00:00:00+00,Tue 09 Mar 2021,13866,3116,7,418591,166613,79,418670,166692,8.20884709294426,3.26832383408667,711
-7.6926,53.28823,2021/03/10 00:00:00+00,Wed 10 Mar 2021,13767,4009,3,432358,170622,82,432440,170704,8.47883496995919,3.34698696862435,712
-7.6926,53.28823,2021/03/11 00:00:00+00,Thu 11 Mar 2021,18515,2110,4,450873,172732,86,450959,172818,8.84193631305575,3.38843608786978,713
-7.6926,53.28823,2021/03/12 00:00:00+00,Fri 12 Mar 2021,17366,1353,4,468239,174085,90,468329,174175,9.18250925595694,3.41504273631635,714
-7.6926,53.28823,2021/03/13 00:00:00+00,Sat 13 Mar 2021,8342,181,0,476581,174266,90,476671,174356,9.34607053918559,3.41859159657341,715
-7.6926,53.28823,2021/03/14 00:00:00+00,Sun 14 Mar 2021,400,23,3,476981,174289,93,477074,174382,9.35397214517231,3.41910137760481,716
-7.6926,53.28823,2021/03/15 00:00:00+00,Mon 15 Mar 2021,2682,1007,0,479663,175296,93,479756,175389,9.40655801925757,3.43884558909022,717
-7.6926,53.28823,2021/03/16 00:00:00+00,Tue 16 Mar 2021,8980,3834,2,488643,179130,95,488738,179225,9.58266775864378,3.51405789818457,718
-7.6926,53.28823,2021/03/17 00:00:00+00,Wed 17 Mar 2021,4915,2430,8,493558,181560,103,493661,181663,9.67919283624324,3.56185967335976,719
-7.6926,53.28823,2021/03/18 00:00:00+00,Thu 18 Mar 2021,11761,4693,8,505319,186253,111,505430,186364,9.90994718080306,3.65403200522957,720
-7.6926,53.28823,2021/03/19 00:00:00+00,Fri 19 Mar 2021,10400,6144,2,515719,192397,113,515832,192510,10.1138988072888,3.77453639826761,721
-7.6926,53.28823,2021/03/20 00:00:00+00,Sat 20 Mar 2021,5267,3131,4,520986,195528,117,521103,195645,10.217247107924,3.83600422647689,722
-7.6926,53.28823,2021/03/21 00:00:00+00,Sun 21 Mar 2021,3661,59,3,524647,195587,120,524767,195707,10.289087019426,3.83721985816715,723
-7.6926,53.28823,2021/03/22 00:00:00+00,Mon 22 Mar 2021,7437,2424,1,532084,198011,121,532205,198132,10.4349236083321,3.88476674282665,724
-7.6926,53.28823,2021/03/23 00:00:00+00,Tue 23 Mar 2021,12584,7412,6,544668,205423,127,544795,205550,10.6817752693065,4.03021119247783,725
-7.6926,53.28823,2021/03/24 00:00:00+00,Wed 24 Mar 2021,13652,9791,2,558320,215214,129,558449,215343,10.9494887386429,4.22222217865119,726
-7.6926,53.28823,2021/03/25 00:00:00+00,Thu 25 Mar 2021,20901,10236,3,579221,225450,132,579353,225582,11.3593526878891,4.42297787020936,727
-7.6926,53.28823,2021/03/26 00:00:00+00,Fri 26 Mar 2021,19724,9517,1,598945,234967,133,599078,235100,11.7461000280576,4.60959694162752,728
-7.6926,53.28823,2021/03/27 00:00:00+00,Sat 27 Mar 2021,11777,5365,3,610722,240332,136,610858,240468,11.9770700492076,4.71484711764903,729
-7.6926,53.28823,2021/03/28 00:00:00+00,Sun 28 Mar 2021,2505,490,0,613227,240822,136,613363,240958,12.0261854908868,4.72445452939466,730
-7.6926,53.28823,2021/03/28 23:00:00+00,Mon 29 Mar 2021,9298,3133,3,622525,243955,139,622664,244094,12.208549851389,4.78594196456669,731
-7.6926,53.28823,2021/03/29 23:00:00+00,Tue 30 Mar 2021,13356,8685,4,635881,252640,143,636024,252783,12.470498873678,4.95630686386827,732
-7.6926,53.28823,2021/03/30 23:00:00+00,Wed 31 Mar 2021,15860,10519,4,651741,263159,147,651888,263306,12.7815437306835,5.16263093284635,733
-7.6926,53.28823,2021/03/31 23:00:00+00,Thu 01 Apr 2021,19737,11596,9,671478,274755,156,671634,274911,13.1687028170696,5.3901697355158,734
-7.6926,53.28823,2021/04/01 23:00:00+00,Fri 02 Apr 2021,20167,13731,9,691645,288486,165,691810,288651,13.5642928974366,5.65956940364835,735
-7.6926,53.28823,2021/04/02 23:00:00+00,Sat 03 Apr 2021,7564,4644,7,699209,293130,172,699381,293302,13.7127372123879,5.75076138738084,736
-7.6926,53.28823,2021/04/03 23:00:00+00,Sun 04 Apr 2021,3051,175,3,702260,293305,175,702435,293480,13.7726168766148,5.75425142674966,737
-7.6926,53.28823,2021/04/04 23:00:00+00,Mon 05 Apr 2021,3459,618,6,705719,293923,181,705900,294104,13.8405550025303,5.76648617150328,738
-7.6926,53.28823,2021/04/05 23:00:00+00,Tue 06 Apr 2021,12022,8162,14,717741,302085,195,717936,302280,14.0765444061433,5.92679269891607,739
-7.6926,53.28823,2021/04/06 23:00:00+00,Wed 07 Apr 2021,18390,10500,12,736131,312585,207,736338,312792,14.4373517345986,6.13290109130394,740
-7.6926,53.28823,2022/09/28 23:00:00+00,Thu 29 Sep 2022,30,23,0,3861784,3816201,241224,4103008,4057425,80.4475250032891,79.5537808204298,741
-7.6926,53.28823,2022/09/29 23:00:00+00,Fri 30 Sep 2022,37,58,0,3861821,3816259,241224,4103045,4057483,80.4482504609107,79.5549180242691,742
-7.6926,53.28823,2022/09/30 23:00:00+00,Sat 01 Oct 2022,51,106,0,3861872,3816365,241224,4103096,4057589,80.4492504160107,79.5569963623202,743
-7.6926,53.28823,2022/10/01 23:00:00+00,Sun 02 Oct 2022,26,47,0,3861898,3816412,241224,4103122,4057636,80.4497601970421,79.5579178895693,744
-7.6926,53.28823,2022/10/02 23:00:00+00,Mon 03 Oct 2022,10,1,0,3861908,3816413,241224,4103132,4057637,80.4499562666696,79.557937496532,745
-7.6926,53.28823,2022/10/03 23:00:00+00,Tue 04 Oct 2022,17,17,0,3861925,3816430,241224,4103149,4057654,80.4502895850363,79.5582708148987,746
-7.6926,53.28823,2022/10/04 23:00:00+00,Wed 05 Oct 2022,36,37,0,3861961,3816467,241224,4103185,4057691,80.4509954356951,79.5589962725203,747
-7.6926,53.28823,2022/10/05 23:00:00+00,Thu 06 Oct 2022,46,27,0,3862007,3816494,241224,4103231,4057718,80.4518973559815,79.5595256605145,748
-7.6926,53.28823,2022/10/06 23:00:00+00,Fri 07 Oct 2022,63,40,0,3862070,3816534,241224,4103294,4057758,80.4531325946345,79.5603099390243,749
-7.6926,53.28823,2022/10/07 23:00:00+00,Sat 08 Oct 2022,97,102,0,3862167,3816636,241224,4103391,4057860,80.4550344700209,79.5623098492244,750
-7.6926,53.28823,2022/10/08 23:00:00+00,Sun 09 Oct 2022,37,29,0,3862204,3816665,241224,4103428,4057889,80.4557599276425,79.5628784511441,751
-7.6926,53.28823,2022/10/09 23:00:00+00,Mon 10 Oct 2022,5,3,0,3862209,3816668,241224,4103433,4057892,80.4558579624562,79.5629372720323,752
-7.6926,53.28823,2022/10/10 23:00:00+00,Tue 11 Oct 2022,41,16,0,3862250,3816684,241224,4103474,4057908,80.4566618479288,79.5632509834362,753
-7.6926,53.28823,2022/10/11 23:00:00+00,Wed 12 Oct 2022,38,36,0,3862288,3816720,241224,4103512,4057944,80.4574069125131,79.5639568340951,754
-7.6926,53.28823,2022/10/12 23:00:00+00,Thu 13 Oct 2022,54,29,0,3862342,3816749,241224,4103566,4057973,80.4584656885014,79.5645254360147,755
-7.6926,53.28823,2022/10/13 23:00:00+00,Fri 14 Oct 2022,76,21,0,3862418,3816770,241224,4103642,4057994,80.4599558176701,79.5649371822324,756
-7.6926,53.28823,2022/10/14 23:00:00+00,Sat 15 Oct 2022,92,120,0,3862510,3816890,241224,4103734,4058114,80.4617596582428,79.5672900177619,757
-7.6926,53.28823,2022/10/15 23:00:00+00,Sun 16 Oct 2022,26,37,1,3862536,3816927,241225,4103761,4058152,80.4622890462369,79.5680350823463,758
-7.6926,53.28823,2022/10/16 23:00:00+00,Mon 17 Oct 2022,26,3,0,3862562,3816930,241225,4103787,4058155,80.4627988272683,79.5680939032345,759
-7.6926,53.28823,2022/10/17 23:00:00+00,Tue 18 Oct 2022,56,17,0,3862618,3816947,241225,4103843,4058172,80.4638968171821,79.5684272216012,760
-7.6926,53.28823,2022/10/18 23:00:00+00,Wed 19 Oct 2022,51,40,0,3862669,3816987,241225,4103894,4058212,80.4648967722822,79.5692115001111,761
-7.6926,53.28823,2022/10/19 23:00:00+00,Thu 20 Oct 2022,57,10,0,3862726,3816997,241225,4103951,4058222,80.4660143691587,79.5694075697385,762
-7.6926,53.28823,2022/10/20 23:00:00+00,Fri 21 Oct 2022,41,21,0,3862767,3817018,241225,4103992,4058243,80.4668182546313,79.5698193159562,763
-7.6926,53.28823,2022/10/21 23:00:00+00,Sat 22 Oct 2022,88,58,0,3862855,3817076,241225,4104080,4058301,80.468543667353,79.5709565197955,764
-7.6926,53.28823,2022/10/22 23:00:00+00,Sun 23 Oct 2022,79,48,0,3862934,3817124,241225,4104159,4058349,80.4700926174099,79.5718976540073,765
-7.6926,53.28823,2022/10/23 23:00:00+00,Mon 24 Oct 2022,27,4,0,3862961,3817128,241225,4104186,4058353,80.4706220054041,79.5719760818583,766
-7.6926,53.28823,2022/10/24 23:00:00+00,Tue 25 Oct 2022,36,22,0,3862997,3817150,241225,4104222,4058375,80.4713278560629,79.5724074350387,767
-7.6926,53.28823,2022/10/25 23:00:00+00,Wed 26 Oct 2022,24,23,0,3863021,3817173,241225,4104246,4058398,80.4717984231688,79.5728583951819,768
-7.6926,53.28823,2022/10/26 23:00:00+00,Thu 27 Oct 2022,50,35,0,3863071,3817208,241225,4104296,4058433,80.4727787713062,79.573544638878,769
-7.6926,53.28823,2022/10/27 23:00:00+00,Fri 28 Oct 2022,22,19,0,3863093,3817227,241225,4104318,4058452,80.4732101244866,79.5739171711702,770
-7.6926,53.28823,2022/10/28 23:00:00+00,Sat 29 Oct 2022,87,64,0,3863180,3817291,241225,4104405,4058516,80.4749159302455,79.5751720167859,771
-7.6926,53.28823,2022/10/29 23:00:00+00,Sun 30 Oct 2022,11,6,0,3863191,3817297,241225,4104416,4058522,80.4751316068357,79.5752896585624,772
-7.6926,53.28823,2022/11/01 00:00:00+00,Tue 01 Nov 2022,43,25,0,3863234,3817322,241225,4104459,4058547,80.4759747062338,79.575779832631,773
-7.6926,53.28823,2022/11/02 00:00:00+00,Wed 02 Nov 2022,62,13,0,3863296,3817335,241225,4104521,4058560,80.477190337924,79.5760347231467,774
-7.6926,53.28823,2022/11/03 00:00:00+00,Thu 03 Nov 2022,45,28,0,3863341,3817363,241225,4104566,4058588,80.4780726512476,79.5765837181036,775
-7.6926,53.28823,2022/11/04 00:00:00+00,Fri 04 Nov 2022,33,22,0,3863374,3817385,241225,4104599,4058610,80.4787196810182,79.5770150712841,776
-7.6926,53.28823,2022/11/05 00:00:00+00,Sat 05 Nov 2022,35,54,0,3863409,3817439,241225,4104634,4058664,80.4794059247144,79.5780738472723,777
-7.6926,53.28823,2022/11/06 00:00:00+00,Sun 06 Nov 2022,56,78,0,3863465,3817517,241225,4104690,4058742,80.4805039146281,79.5796031903666,778
-7.6926,53.28823,2022/11/07 00:00:00+00,Mon 07 Nov 2022,17,3,0,3863482,3817520,241225,4104707,4058745,80.4808372329948,79.5796620112548,779
-7.6926,53.28823,2022/11/08 00:00:00+00,Tue 08 Nov 2022,17,32,0,3863499,3817552,241225,4104724,4058777,80.4811705513615,79.5802894340627,780
-7.6926,53.28823,2022/11/09 00:00:00+00,Wed 09 Nov 2022,36,32,0,3863535,3817584,241225,4104760,4058809,80.4818764020204,79.5809168568705,781
-7.6926,53.28823,2022/11/10 00:00:00+00,Thu 10 Nov 2022,25,15,0,3863560,3817599,241225,4104785,4058824,80.482366576089,79.5812109613117,782
-7.6926,53.28823,2022/11/11 00:00:00+00,Fri 11 Nov 2022,25,15,0,3863585,3817614,241225,4104810,4058839,80.4828567501577,79.5815050657529,783
-7.6926,53.28823,2022/11/12 00:00:00+00,Sat 12 Nov 2022,70,87,0,3863655,3817701,241225,4104880,4058926,80.4842292375499,79.5832108715118,784
-7.6926,53.28823,2022/11/13 00:00:00+00,Sun 13 Nov 2022,40,62,1,3863695,3817763,241226,4104921,4058989,80.4850331230225,79.5844461101648,785
-7.6926,53.28823,2022/11/14 00:00:00+00,Mon 14 Nov 2022,4,2,0,3863699,3817765,241226,4104925,4058991,80.4851115508735,79.5844853240904,786
-7.6926,53.28823,2022/11/15 00:00:00+00,Tue 15 Nov 2022,18,8,0,3863717,3817773,241226,4104943,4058999,80.4854644762029,79.5846421797923,787
-7.6926,53.28823,2022/11/16 00:00:00+00,Wed 16 Nov 2022,28,20,0,3863745,3817793,241226,4104971,4059019,80.4860134711598,79.5850343190472,788
-7.6926,53.28823,2022/11/17 00:00:00+00,Thu 17 Nov 2022,29,9,1,3863774,3817802,241227,4105001,4059029,80.4866016800422,79.5852303886747,789
-7.6926,53.28823,2022/11/18 00:00:00+00,Fri 18 Nov 2022,16,22,0,3863790,3817824,241227,4105017,4059051,80.4869153914461,79.5856617418551,790
-7.6926,53.28823,2022/11/19 00:00:00+00,Sat 19 Nov 2022,52,57,0,3863842,3817881,241227,4105069,4059108,80.487934953509,79.5867793387316,791
-7.6926,53.28823,2022/11/20 00:00:00+00,Sun 20 Nov 2022,39,56,0,3863881,3817937,241227,4105108,4059164,80.488699625056,79.5878773286454,792
-7.6926,53.28823,2022/11/21 00:00:00+00,Mon 21 Nov 2022,6,3,0,3863887,3817940,241227,4105114,4059167,80.4888172668325,79.5879361495337,793
-7.6926,53.28823,2022/11/22 00:00:00+00,Tue 22 Nov 2022,34,22,0,3863921,3817962,241227,4105148,4059189,80.4894839035659,79.5883675027141,794
-7.6926,53.28823,2022/11/23 00:00:00+00,Wed 23 Nov 2022,13,16,0,3863934,3817978,241227,4105161,4059205,80.4897387940816,79.588681214118,795
-7.6926,53.28823,2022/11/24 00:00:00+00,Thu 24 Nov 2022,16,18,0,3863950,3817996,241227,4105177,4059223,80.4900525054855,79.5890341394475,796
-7.6926,53.28823,2022/11/25 00:00:00+00,Fri 25 Nov 2022,6,11,0,3863956,3818007,241227,4105183,4059234,80.490170147262,79.5892498160377,797
-7.6926,53.28823,2022/11/26 00:00:00+00,Sat 26 Nov 2022,64,63,0,3864020,3818070,241227,4105247,4059297,80.4914249928778,79.5904850546907,798
-7.6926,53.28823,2022/11/27 00:00:00+00,Sun 27 Nov 2022,36,42,0,3864056,3818112,241227,4105283,4059339,80.4921308435366,79.591308547126,799
-7.6926,53.28823,2022/11/28 00:00:00+00,Mon 28 Nov 2022,4,1,0,3864060,3818113,241227,4105287,4059340,80.4922092713876,79.5913281540888,800
-7.6926,53.28823,2022/11/29 00:00:00+00,Tue 29 Nov 2022,26,18,0,3864086,3818131,241227,4105313,4059358,80.492719052419,79.5916810794182,801
-7.6926,53.28823,2022/11/30 00:00:00+00,Wed 30 Nov 2022,29,13,0,3864115,3818144,241227,4105342,4059371,80.4932876543387,79.5919359699339,802
-7.6926,53.28823,2022/12/01 00:00:00+00,Thu 01 Dec 2022,16,11,0,3864131,3818155,241227,4105358,4059382,80.4936013657426,79.5921516465241,803
-7.6926,53.28823,2022/12/02 00:00:00+00,Fri 02 Dec 2022,8,18,0,3864139,3818173,241227,4105366,4059400,80.4937582214446,79.5925045718535,804
-7.6926,53.28823,2022/12/03 00:00:00+00,Sat 03 Dec 2022,40,71,0,3864179,3818244,241227,4105406,4059471,80.4945424999544,79.5938966662085,805
-7.6926,53.28823,2022/12/04 00:00:00+00,Sun 04 Dec 2022,41,47,0,3864220,3818291,241227,4105447,4059518,80.495346385427,79.5948181934576,806
-7.6926,53.28823,2022/12/05 00:00:00+00,Mon 05 Dec 2022,12,5,0,3864232,3818296,241227,4105459,4059523,80.49558166898,79.5949162282713,807
