X,Y,VaccinationDate,VaccineText,Dose1,Dose2,SingleDose,Dose1Cum,Dose2Cum,SingleDoseCum,PartiallyVacc,FullyVacc,PartialPercent,FullyPercent,ObjectId
-7.6926,53.28823,2021/08/30 23:00:00+00,Tue 31 Aug 2021,4052,12858,142,3498286,3191648,237043,3735329,3428691,79.3247562544769,72.8128841788551,1
-7.6926,53.28823,2021/08/31 23:00:00+00,Wed 01 Sep 2021,4937,12504,180,3503223,3204152,237223,3740446,3441375,79.4334226605028,73.0822460498795,2
-7.6926,53.28823,2021/09/01 23:00:00+00,Thu 02 Sep 2021,5002,12331,247,3508225,3216483,237470,3745695,3453953,79.5448922648079,73.3493568677402,3
-7.6926,53.28823,2021/09/02 23:00:00+00,Fri 03 Sep 2021,4764,16038,165,3512989,3232521,237635,3750624,3470156,79.6495662369208,73.6934494565299,4
-7.6926,53.28823,2021/09/03 23:00:00+00,Sat 04 Sep 2021,4621,10555,133,3517610,3243076,237768,3755378,3480844,79.7505238476785,73.9204235717545,5
-7.6926,53.28823,2021/09/04 23:00:00+00,Sun 05 Sep 2021,5303,11889,1,3522913,3254965,237769,3760682,3492734,79.8631614512667,74.1729237804017,6
-7.6926,53.28823,2021/09/05 23:00:00+00,Mon 06 Sep 2021,2147,9657,74,3525060,3264622,237843,3762903,3502465,79.9103273859518,74.379574708101,7
-7.6926,53.28823,2021/09/06 23:00:00+00,Tue 07 Sep 2021,3020,9992,156,3528080,3274614,237999,3766079,3512613,79.9777740354609,74.5950811940011,8
-7.6926,53.28823,2021/09/07 23:00:00+00,Wed 08 Sep 2021,2600,14794,186,3530680,3289408,238185,3768865,3527593,80.0369385082356,74.9132017260056,9
-7.6926,53.28823,2021/09/08 23:00:00+00,Thu 09 Sep 2021,3111,14788,138,3533791,3304196,238323,3772114,3542519,80.1059354113386,75.2301754950777,10
-7.6926,53.28823,2021/09/09 23:00:00+00,Fri 10 Sep 2021,3371,13936,115,3537162,3318132,238438,3775600,3556570,80.179965329534,75.5285674573739,11
-7.6926,53.28823,2021/09/10 23:00:00+00,Sat 11 Sep 2021,2551,11315,62,3539713,3329447,238500,3778213,3567947,80.2354559136547,75.7701734181626,12
-7.6926,53.28823,2021/09/11 23:00:00+00,Sun 12 Sep 2021,2037,12876,1,3541750,3342323,238501,3780251,3580824,80.2787355961798,76.0436339048531,13
-7.6926,53.28823,2021/09/12 23:00:00+00,Mon 13 Sep 2021,1607,7717,51,3543357,3350040,238552,3781909,3588592,80.3139454654764,76.2085978763225,14
-7.6926,53.28823,2021/09/13 23:00:00+00,Tue 14 Sep 2021,1541,10771,81,3544898,3360811,238633,3783531,3599444,80.3483908261514,76.4390547530457,15
-7.6926,53.28823,2021/09/14 23:00:00+00,Wed 15 Sep 2021,3272,12384,137,3548170,3373195,238770,3786940,3611965,80.4207855453506,76.7049550989221,16
-7.6926,53.28823,2021/09/15 23:00:00+00,Thu 16 Sep 2021,1903,10585,113,3550073,3383780,238883,3788956,3622663,80.4635980281624,76.9321415776527,17
-7.6926,53.28823,2021/09/16 23:00:00+00,Fri 17 Sep 2021,2552,14605,92,3552625,3398385,238975,3791600,3637360,80.5197469391517,77.2442522224372,18
-7.6926,53.28823,2021/09/17 23:00:00+00,Sat 18 Sep 2021,2283,11223,45,3554908,3409608,239020,3793928,3648628,80.5691851633511,77.4835434210104,19
-7.6926,53.28823,2021/09/18 23:00:00+00,Sun 19 Sep 2021,1858,8486,15,3556766,3418094,239035,3795801,3657129,80.6089608480269,77.6640736374704,20
-7.6926,53.28823,2021/09/19 23:00:00+00,Mon 20 Sep 2021,952,5601,34,3557718,3423695,239069,3796787,3662764,80.6298998897196,77.7837404731077,21
-7.6926,53.28823,2021/09/20 23:00:00+00,Tue 21 Sep 2021,1462,6658,90,3559180,3430353,239159,3798339,3669512,80.6628587058525,77.9270433669639,22
-7.6926,53.28823,2021/09/21 23:00:00+00,Wed 22 Sep 2021,1892,8132,97,3561072,3438485,239256,3800328,3677741,80.7050978071981,78.1017972960604,23
-7.6926,53.28823,2021/09/22 23:00:00+00,Thu 23 Sep 2021,1694,8746,89,3562766,3447231,239345,3802111,3686576,80.7429622203199,78.2894204536212,24
-7.6926,53.28823,2021/09/23 23:00:00+00,Fri 24 Sep 2021,1907,7385,79,3564673,3454616,239424,3804097,3694040,80.7851376126137,78.4479285745078,25
-7.6926,53.28823,2021/09/24 23:00:00+00,Sat 25 Sep 2021,2412,6584,51,3567085,3461200,239475,3806560,3700675,80.8374427441442,78.5888317607462,26
-7.6926,53.28823,2021/09/25 23:00:00+00,Sun 26 Sep 2021,1539,7095,0,3568624,3468295,239475,3808099,3707770,80.8701254877193,78.739503668261,27
-7.6926,53.28823,2021/09/26 23:00:00+00,Mon 27 Sep 2021,1173,3796,45,3569797,3472091,239520,3809317,3711611,80.8959913627515,78.8210724909199,28
-7.6926,53.28823,2021/09/27 23:00:00+00,Tue 28 Sep 2021,1446,5120,92,3571243,3477211,239612,3810855,3716823,80.928652869976,78.9317563502528,29
-7.6926,53.28823,2021/09/28 23:00:00+00,Wed 29 Sep 2021,1651,3607,78,3572894,3480818,239690,3812584,3720508,80.9653705201653,79.0100123022179,30
-7.6926,53.28823,2021/09/29 23:00:00+00,Thu 30 Sep 2021,1280,3951,78,3574174,3484769,239768,3813942,3724537,80.9942094842816,79.0955735587898,31
-7.6926,53.28823,2021/09/30 23:00:00+00,Fri 01 Oct 2021,1836,5163,41,3576010,3489932,239809,3815819,3729741,81.0340701143599,79.2060875273179,32
-7.6926,53.28823,2021/10/01 23:00:00+00,Sat 02 Oct 2021,1708,4079,40,3577718,3494011,239849,3817567,3733860,81.0711912552106,79.2935600554439,33
-7.6926,53.28823,2021/10/02 23:00:00+00,Sun 03 Oct 2021,1194,3011,9,3578912,3497022,239858,3818770,3736880,81.0967385849837,79.3576938342592,34
-7.6926,53.28823,2021/10/03 23:00:00+00,Mon 04 Oct 2021,338,1231,18,3579250,3498253,239876,3819126,3738129,81.1042987257977,79.38421803616,35
-7.6926,53.28823,2021/10/04 23:00:00+00,Tue 05 Oct 2021,964,2814,70,3580214,3501067,239946,3820160,3741013,81.1262571123193,79.4454636712936,36
-7.6926,53.28823,2021/10/05 23:00:00+00,Wed 06 Oct 2021,973,2557,37,3581187,3503624,239983,3821170,3743607,81.1477058264264,79.5005507647528,37
-7.6926,53.28823,2021/10/06 23:00:00+00,Thu 07 Oct 2021,1209,2687,44,3582396,3506311,240027,3822423,3746338,81.1743149737296,79.5585472382445,38
-7.6926,53.28823,2021/10/07 23:00:00+00,Fri 08 Oct 2021,975,2772,47,3583371,3509083,240074,3823445,3749157,81.1960185240439,79.618412510589,39
-7.6926,53.28823,2021/10/08 23:00:00+00,Sat 09 Oct 2021,731,2369,23,3584102,3511452,240097,3824199,3751549,81.2120307323971,79.6692098612268,40
-7.6926,53.28823,2021/10/09 23:00:00+00,Sun 10 Oct 2021,1501,3912,1,3585603,3515364,240098,3825701,3755462,81.243927731,79.7523077011289,41
-7.6926,53.28823,2021/10/10 23:00:00+00,Mon 11 Oct 2021,330,1110,17,3585933,3516474,240115,3826048,3756589,81.2512967446586,79.7762410682564,42
-7.6926,53.28823,2021/10/11 23:00:00+00,Tue 12 Oct 2021,561,1600,20,3586494,3518074,240135,3826629,3758209,81.2636350643578,79.8106439562302,43
-7.6926,53.28823,2022/01/01 00:00:00+00,Sat 01 Jan 2022,68,95,0,3682860,3629715,240351,3923211,3870066,83.3146842781138,82.186078425418,44
-7.6926,53.28823,2021/10/12 23:00:00+00,Wed 13 Oct 2021,1004,2059,11,3587498,3520133,240146,3827644,3760279,81.2851899602179,79.8546032019745,45
-7.6926,53.28823,2021/10/13 23:00:00+00,Thu 14 Oct 2021,686,1584,8,3588184,3521717,240154,3828338,3761871,81.2999279875351,79.8884114721314,46
-7.6926,53.28823,2022/01/02 00:00:00+00,Sun 02 Jan 2022,270,623,0,3683130,3630338,240351,3923481,3870689,83.3204180927761,82.1993086718425,47
-7.6926,53.28823,2021/10/14 23:00:00+00,Fri 15 Oct 2021,949,2059,8,3589133,3523776,240162,3829295,3763938,81.3202511750604,79.9323070088239,48
-7.6926,53.28823,2022/01/03 00:00:00+00,Mon 03 Jan 2022,3631,717,1,3686761,3631055,240352,3927113,3871407,83.3975485181593,82.2145563715741,49
-7.6926,53.28823,2021/10/15 23:00:00+00,Sat 16 Oct 2021,1369,2631,13,3590502,3526407,240175,3830677,3766582,81.3495998115911,79.9884559198132,50
-7.6926,53.28823,2021/10/16 23:00:00+00,Sun 17 Oct 2021,1701,2883,2,3592203,3529290,240177,3832380,3769467,81.3857653166648,80.0497227912974,51
-7.6926,53.28823,2021/10/17 23:00:00+00,Mon 18 Oct 2021,669,1230,4,3592872,3530520,240181,3833053,3770701,81.4000573806193,80.0759284479392,52
-7.6926,53.28823,2021/10/18 23:00:00+00,Tue 19 Oct 2021,1332,1783,14,3594204,3532303,240195,3834399,3772498,81.4286415085284,80.1140901699694,53
-7.6926,53.28823,2021/10/19 23:00:00+00,Wed 20 Oct 2021,2245,2306,0,3596449,3534609,240195,3836644,3774804,81.4763171156279,80.1630611944555,54
-7.6926,53.28823,2021/10/20 23:00:00+00,Thu 21 Oct 2021,1740,1811,11,3598189,3536420,240206,3838395,3776626,81.5135019655304,80.2017538252507,55
-7.6926,53.28823,2021/10/21 23:00:00+00,Fri 22 Oct 2021,1495,1912,2,3599684,3538332,240208,3839892,3778540,81.5452927823803,80.2424002003013,56
-7.6926,53.28823,2021/10/22 23:00:00+00,Sat 23 Oct 2021,2008,1685,1,3601692,3540017,240209,3841901,3780226,81.5879566107379,80.2782046874147,57
-7.6926,53.28823,2021/10/23 23:00:00+00,Sun 24 Oct 2021,1946,2183,2,3603638,3542200,240211,3843849,3782411,81.6293250217089,80.3246061134781,58
-7.6926,53.28823,2021/10/24 23:00:00+00,Mon 25 Oct 2021,1216,837,2,3604854,3543037,240213,3845067,3783250,81.655190896741,80.3424234116325,59
-7.6926,53.28823,2021/10/25 23:00:00+00,Tue 26 Oct 2021,1235,1205,6,3606089,3544242,240219,3846308,3784461,81.681545207837,80.3681406322104,60
-7.6926,53.28823,2021/10/26 23:00:00+00,Wed 27 Oct 2021,1554,1406,5,3607643,3545648,240224,3847867,3785872,81.7146526784241,80.3981051229086,61
-7.6926,53.28823,2021/10/27 23:00:00+00,Thu 28 Oct 2021,2145,1676,4,3609788,3547324,240228,3850016,3787552,81.7602895958659,80.4337821919184,62
-7.6926,53.28823,2021/10/28 23:00:00+00,Fri 29 Oct 2021,2133,1348,0,3611921,3548672,240228,3852149,3788900,81.805586731698,80.4624087925287,63
-7.6926,53.28823,2021/10/29 23:00:00+00,Sat 30 Oct 2021,2010,1440,0,3613931,3550112,240228,3854159,3790340,81.8482717964063,80.4929891373943,64
-7.6926,53.28823,2021/10/30 23:00:00+00,Sun 31 Oct 2021,1592,1315,0,3615523,3551427,240228,3855751,3791655,81.8820800665632,80.5209149384348,65
-7.6926,53.28823,2021/11/01 00:00:00+00,Mon 01 Nov 2021,261,261,2,3615784,3551688,240230,3856014,3791918,81.8876652267713,80.5265000986429,66
-7.6926,53.28823,2021/11/02 00:00:00+00,Tue 02 Nov 2021,1087,1078,9,3616871,3552766,240239,3857110,3793005,81.9109402670301,80.5495840117462,67
-7.6926,53.28823,2021/11/03 00:00:00+00,Wed 03 Nov 2021,2531,1847,6,3619402,3554613,240245,3859647,3794858,81.9648168885051,80.5889349694101,68
-7.6926,53.28823,2021/11/04 00:00:00+00,Thu 04 Nov 2021,1541,1256,1,3620943,3555869,240246,3861189,3796115,81.997563341132,80.6156290621157,69
-7.6926,53.28823,2021/11/05 00:00:00+00,Fri 05 Nov 2021,1630,1072,3,3622573,3556941,240249,3862822,3797190,82.0322423016636,80.6384581390119,70
-7.6926,53.28823,2021/11/06 00:00:00+00,Sat 06 Nov 2021,1817,1340,5,3624390,3558281,240254,3864644,3798535,82.0709349324589,80.6670210305704,71
-7.6926,53.28823,2021/11/07 00:00:00+00,Sun 07 Nov 2021,693,768,0,3625083,3559049,240254,3865337,3799303,82.0856517234254,80.683330547832,72
-7.6926,53.28823,2021/11/08 00:00:00+00,Mon 08 Nov 2021,513,521,2,3625596,3559570,240256,3865852,3799826,82.096588443985,80.6944371591964,73
-7.6926,53.28823,2021/11/09 00:00:00+00,Tue 09 Nov 2021,1374,1046,1,3626970,3560616,240257,3867227,3800873,82.1257884260615,80.7166716182758,74
-7.6926,53.28823,2021/11/10 00:00:00+00,Wed 10 Nov 2021,1622,1334,0,3628592,3561950,240257,3868849,3802207,82.1602337867365,80.7450009099776,75
-7.6926,53.28823,2021/11/11 00:00:00+00,Thu 11 Nov 2021,1393,1092,2,3629985,3563042,240259,3870244,3803301,82.189858495825,80.7682334775352,76
-7.6926,53.28823,2021/11/12 00:00:00+00,Fri 12 Nov 2021,1150,1122,5,3631135,3564164,240264,3871399,3804428,82.2143864807693,80.7921668446627,77
-7.6926,53.28823,2021/11/13 00:00:00+00,Sat 13 Nov 2021,1405,1359,0,3632540,3565523,240264,3872804,3805787,82.2442235533639,80.8210270451296,78
-7.6926,53.28823,2021/11/14 00:00:00+00,Sun 14 Nov 2021,1646,1799,0,3634186,3567322,240264,3874450,3807586,82.2791785864533,80.859231239861,79
-7.6926,53.28823,2021/11/15 00:00:00+00,Mon 15 Nov 2021,1246,573,1,3635432,3567895,240265,3875697,3808160,82.3056603156529,80.871420905106,80
-7.6926,53.28823,2021/11/16 00:00:00+00,Tue 16 Nov 2021,1317,1057,5,3636749,3568952,240270,3877019,3809222,82.3337347711475,80.8939739094444,81
-7.6926,53.28823,2021/11/17 00:00:00+00,Wed 17 Nov 2021,1512,1093,0,3638261,3570045,240270,3878531,3810315,82.3658441332564,80.9171852406514,82
-7.6926,53.28823,2021/11/18 00:00:00+00,Thu 18 Nov 2021,1661,2478,5,3639922,3572523,240275,3880197,3812798,82.4012238933578,80.9699150991939,83
-7.6926,53.28823,2021/11/19 00:00:00+00,Fri 19 Nov 2021,1176,1531,0,3641098,3574054,240275,3881373,3814329,82.4261978416647,81.0024279519642,84
-7.6926,53.28823,2021/11/20 00:00:00+00,Sat 20 Nov 2021,1541,2924,12,3642639,3576978,240287,3882926,3817265,82.4591778941483,81.0647778773291,85
-7.6926,53.28823,2021/11/21 00:00:00+00,Sun 21 Nov 2021,1786,2754,0,3644425,3579732,240287,3884712,3820019,82.4971060163218,81.1232627868845,86
-7.6926,53.28823,2021/11/22 00:00:00+00,Mon 22 Nov 2021,708,494,2,3645133,3580226,240289,3885422,3820515,82.5121838252486,81.1337960167827,87
-7.6926,53.28823,2021/11/23 00:00:00+00,Tue 23 Nov 2021,2161,1564,6,3647294,3581790,240295,3887589,3822085,82.5582029970012,81.1671370872264,88
-7.6926,53.28823,2021/11/24 00:00:00+00,Wed 24 Nov 2021,1623,3120,2,3648917,3584910,240297,3889214,3825207,82.592712066728,81.2334369738031,89
-7.6926,53.28823,2021/11/25 00:00:00+00,Thu 25 Nov 2021,990,1166,1,3649907,3586076,240298,3890205,3826374,82.6137572901737,81.2582197949545,90
-7.6926,53.28823,2021/11/26 00:00:00+00,Fri 26 Nov 2021,1288,1083,12,3651195,3587159,240310,3891505,3827469,82.6413645459551,81.2814735988627,91
-7.6926,53.28823,2021/11/27 00:00:00+00,Sat 27 Nov 2021,1219,1554,6,3652414,3588713,240316,3892730,3829029,82.6673790754415,81.3146023058005,92
-7.6926,53.28823,2021/11/28 00:00:00+00,Sun 28 Nov 2021,1966,2253,0,3654380,3590966,240316,3894696,3831282,82.7091297407233,81.3624478037048,93
-7.6926,53.28823,2021/11/29 00:00:00+00,Mon 29 Nov 2021,544,979,1,3654924,3591945,240317,3895241,3832262,82.7207035518009,81.3832594272939,94
-7.6926,53.28823,2021/11/30 00:00:00+00,Tue 30 Nov 2021,1923,1622,6,3656847,3593567,240323,3897170,3833890,82.7616684721104,81.4178322060724,95
-7.6926,53.28823,2021/12/01 00:00:00+00,Wed 01 Dec 2021,1077,1353,1,3657924,3594920,240324,3898248,3835244,82.7845612580584,81.4465862247863,96
-7.6926,53.28823,2021/12/02 00:00:00+00,Thu 02 Dec 2021,1772,1397,0,3659696,3596317,240324,3900020,3836641,82.8221920713236,81.4762534065761,97
-7.6926,53.28823,2021/12/03 00:00:00+00,Fri 03 Dec 2021,1045,1166,3,3660741,3597483,240327,3901068,3837810,82.8444477667535,81.5010787004288,98
-7.6926,53.28823,2021/12/04 00:00:00+00,Sat 04 Dec 2021,1201,1696,1,3661942,3599179,240328,3902270,3839507,82.869973860176,81.5371167873989,99
-7.6926,53.28823,2021/12/05 00:00:00+00,Sun 05 Dec 2021,1348,1772,1,3663290,3600951,240329,3903619,3841280,82.8986216971369,81.5747688370146,100
-7.6926,53.28823,2021/12/06 00:00:00+00,Mon 06 Dec 2021,933,1278,0,3664223,3602229,240329,3904552,3842558,82.9184352122478,81.6019088930828,101
-7.6926,53.28823,2021/12/07 00:00:00+00,Tue 07 Dec 2021,486,732,1,3664709,3602961,240330,3905039,3843291,82.9287773149905,81.6174751380734,102
-7.6926,53.28823,2021/12/08 00:00:00+00,Wed 08 Dec 2021,805,1496,0,3665514,3604457,240330,3905844,3844787,82.9458725772244,81.6492447185727,103
-7.6926,53.28823,2021/12/09 00:00:00+00,Thu 09 Dec 2021,795,1190,0,3666309,3605647,240330,3906639,3845977,82.9627554759523,81.674515975788,104
-7.6926,53.28823,2021/12/10 00:00:00+00,Fri 10 Dec 2021,893,1594,1,3667202,3607241,240331,3907533,3847572,82.9817407733897,81.7083879549968,105
-7.6926,53.28823,2021/12/11 00:00:00+00,Sat 11 Dec 2021,639,835,0,3667841,3608076,240331,3908172,3848407,82.9953108014238,81.7261203077487,106
-7.6926,53.28823,2021/12/12 00:00:00+00,Sun 12 Dec 2021,691,1189,0,3668532,3609265,240331,3908863,3849596,83.0099851196891,81.7513703286134,107
-7.6926,53.28823,2021/12/13 00:00:00+00,Mon 13 Dec 2021,726,1048,1,3669258,3610313,240332,3909590,3850645,83.0254239465761,81.773647260394,108
-7.6926,53.28823,2021/12/14 00:00:00+00,Tue 14 Dec 2021,627,1186,1,3669885,3611499,240333,3910218,3851832,83.0387603747536,81.7988548085575,109
-7.6926,53.28823,2021/12/15 00:00:00+00,Wed 15 Dec 2021,799,1229,1,3670684,3612728,240334,3911018,3853062,83.0557494552345,81.8249755197969,110
-7.6926,53.28823,2021/12/16 00:00:00+00,Thu 16 Dec 2021,1062,1516,7,3671746,3614244,240341,3912087,3854585,83.0784511140271,81.8573184817623,111
-7.6926,53.28823,2021/12/17 00:00:00+00,Fri 17 Dec 2021,1211,2434,1,3672957,3616678,240342,3913299,3857020,83.1041895709556,81.909028995476,112
-7.6926,53.28823,2021/12/18 00:00:00+00,Sat 18 Dec 2021,1260,1172,0,3674217,3617850,240342,3914559,3858192,83.130947372713,81.9339179983805,113
-7.6926,53.28823,2021/12/19 00:00:00+00,Sun 19 Dec 2021,559,879,1,3674776,3618729,240343,3915119,3859072,83.1428397290496,81.9526059869095,114
-7.6926,53.28823,2021/12/20 00:00:00+00,Mon 20 Dec 2021,536,595,0,3675312,3619324,240343,3915655,3859667,83.1542224129718,81.9652416155171,115
-7.6926,53.28823,2021/12/21 00:00:00+00,Tue 21 Dec 2021,1458,1787,4,3676770,3621111,240347,3917117,3861458,83.1852699575507,82.0032759194437,116
-7.6926,53.28823,2021/12/22 00:00:00+00,Wed 22 Dec 2021,1223,1558,2,3677993,3622669,240349,3918342,3863018,83.211284487037,82.0364046263815,117
-7.6926,53.28823,2021/12/23 00:00:00+00,Thu 23 Dec 2021,957,1348,0,3678950,3624017,240349,3919299,3864366,83.2316076745623,82.0650312269917,118
-7.6926,53.28823,2021/12/24 00:00:00+00,Fri 24 Dec 2021,105,142,0,3679055,3624159,240349,3919404,3864508,83.2338374913754,82.0680467887771,119
-7.6926,53.28823,2021/12/25 00:00:00+00,Sat 25 Dec 2021,2,1,0,3679057,3624160,240349,3919406,3864509,83.2338799640766,82.0680680251277,120
-7.6926,53.28823,2021/12/26 00:00:00+00,Sun 26 Dec 2021,10,7,0,3679067,3624167,240349,3919416,3864516,83.2340923275826,82.0682166795819,121
-7.6926,53.28823,2021/12/27 00:00:00+00,Mon 27 Dec 2021,388,583,0,3679455,3624750,240349,3919804,3865099,83.2423320316158,82.0805974719824,122
-7.6926,53.28823,2021/12/28 00:00:00+00,Tue 28 Dec 2021,465,738,0,3679920,3625488,240349,3920269,3865837,83.2522069346453,82.096269898726,123
-7.6926,53.28823,2021/12/29 00:00:00+00,Wed 29 Dec 2021,1080,1286,0,3681000,3626774,240349,3921349,3867123,83.2751421932945,82.123579845599,124
-7.6926,53.28823,2021/12/30 00:00:00+00,Thu 30 Dec 2021,1071,1178,2,3682071,3627952,240351,3922422,3868303,83.2979287974895,82.1486387393083,125
-7.6926,53.28823,2021/12/31 00:00:00+00,Fri 31 Dec 2021,721,1668,0,3682792,3629620,240351,3923143,3869971,83.3132402062729,82.1840609721109,126
-7.6926,53.28823,2020/12/28 00:00:00+00,Mon 28 Dec 2020,211,17,0,211,17,0,211,17,0.00448086997683326,0.000361017960218794,127
-7.6926,53.28823,2021/04/29 23:00:00+00,Fri 30 Apr 2021,36114,13519,8,1182425,475056,271,1182696,475327,25.1161469105251,10.0942108221717,128
-7.6926,53.28823,2022/01/04 00:00:00+00,Tue 04 Jan 2022,1192,765,0,3687953,3631820,240352,3928305,3872172,83.4228622480758,82.230802179784,129
-7.6926,53.28823,2020/12/29 00:00:00+00,Tue 29 Dec 2020,75,2,0,286,19,0,286,19,0.00607359627191618,0.000403490661421005,130
-7.6926,53.28823,2022/01/05 00:00:00+00,Wed 05 Jan 2022,2143,885,0,3690096,3632705,240352,3930448,3873057,83.468371747414,82.2495963500659,131
-7.6926,53.28823,2020/12/30 00:00:00+00,Wed 30 Dec 2020,1057,1,0,1343,20,0,1343,20,0.0285204188572847,0.00042472701202211,132
-7.6926,53.28823,2022/01/06 00:00:00+00,Thu 06 Jan 2022,2465,1673,0,3692561,3634378,240352,3932913,3874730,83.5207193516457,82.2851247646216,133
-7.6926,53.28823,2020/12/31 00:00:00+00,Thu 31 Dec 2020,1031,1,0,2374,21,0,2374,21,0.0504150963270245,0.000445963362623216,134
-7.6926,53.28823,2022/01/07 00:00:00+00,Fri 07 Jan 2022,4858,765,0,3697419,3635143,240352,3937771,3875495,83.6238855428659,82.3013705728314,135
-7.6926,53.28823,2021/01/01 00:00:00+00,Fri 01 Jan 2021,808,0,0,3182,21,0,3182,21,0.0675740676127178,0.000445963362623216,136
-7.6926,53.28823,2022/01/08 00:00:00+00,Sat 08 Jan 2022,9793,732,1,3707212,3635875,240353,3947565,3876228,83.8318743606531,82.3169368178221,137
-7.6926,53.28823,2021/01/02 00:00:00+00,Sat 02 Jan 2021,1015,0,0,4197,21,0,4197,21,0.0891289634728399,0.000445963362623216,138
-7.6926,53.28823,2022/01/09 00:00:00+00,Sun 09 Jan 2022,7115,662,0,3714327,3636537,240353,3954680,3876890,83.98297099518,82.33099528192,139
-7.6926,53.28823,2021/01/03 00:00:00+00,Sun 03 Jan 2021,20,2,1,4217,23,1,4218,24,0.0895749268354631,0.000509672414426533,140
-7.6926,53.28823,2022/01/10 00:00:00+00,Mon 10 Jan 2022,6659,490,0,3720986,3637027,240353,3961339,3877380,84.1243838538328,82.3414010937145,141
-7.6926,53.28823,2021/01/04 00:00:00+00,Mon 04 Jan 2021,1186,3,0,5403,26,1,5404,27,0.114761238648374,0.000573381466229849,142
-7.6926,53.28823,2021/04/30 23:00:00+00,Sat 01 May 2021,16563,6684,18,1198988,481740,289,1199277,482029,25.468266839842,10.2365368439003,143
-7.6926,53.28823,2022/01/11 00:00:00+00,Tue 11 Jan 2022,4776,1344,1,3725762,3638371,240354,3966116,3878725,84.2258299006542,82.369963985273,144
-7.6926,53.28823,2021/01/05 00:00:00+00,Tue 05 Jan 2021,3527,10,0,8930,36,1,8931,37,0.189661847218473,0.000785744972240904,145
-7.6926,53.28823,2021/05/01 23:00:00+00,Sun 02 May 2021,12439,908,14,1211427,482648,303,1211730,482951,25.7327231138776,10.2561167591545,146
-7.6926,53.28823,2021/05/02 23:00:00+00,Mon 03 May 2021,14247,916,21,1225674,483564,324,1225998,483888,26.0357233642542,10.2760152196677,147
-7.6926,53.28823,2021/05/03 23:00:00+00,Tue 04 May 2021,26649,6781,10,1252323,490345,334,1252657,490679,26.601863234929,10.4202312765999,148
-7.6926,53.28823,2021/05/04 23:00:00+00,Wed 05 May 2021,32091,13455,69,1284414,503800,403,1284817,504203,27.2848242702606,10.7074316821292,149
-7.6926,53.28823,2021/05/05 23:00:00+00,Thu 06 May 2021,37266,14375,132,1321680,518175,535,1322215,518710,28.0790213100407,11.0155074202994,150
-7.6926,53.28823,2021/05/06 23:00:00+00,Fri 07 May 2021,40588,15064,97,1362268,533239,632,1362900,533871,28.9430222342467,11.3374717317628,151
-7.6926,53.28823,2021/05/07 23:00:00+00,Sat 08 May 2021,25605,7035,10,1387873,540274,642,1388515,540916,29.486991354894,11.4870818217476,152
-7.6926,53.28823,2021/05/08 23:00:00+00,Sun 09 May 2021,19663,921,5,1407536,541195,647,1408183,541842,29.9046678985166,11.5067466824042,153
-7.6926,53.28823,2021/05/09 23:00:00+00,Mon 10 May 2021,28825,4635,170,1436361,545830,817,1437178,546647,30.5204158841956,11.6087873470425,154
-7.6926,53.28823,2021/05/10 23:00:00+00,Tue 11 May 2021,33913,14807,152,1470274,560637,969,1471243,561606,31.2438321674223,11.9264619156845,155
-7.6926,53.28823,2021/05/11 23:00:00+00,Wed 12 May 2021,31278,20926,169,1501552,581563,1138,1502690,582701,31.9116516847753,12.3744427316148,156
-7.6926,53.28823,2021/05/12 23:00:00+00,Thu 13 May 2021,35989,25473,152,1537541,607036,1290,1538831,608326,32.6791546318498,12.9186242157681,157
-7.6926,53.28823,2021/05/13 23:00:00+00,Fri 14 May 2021,38207,27943,235,1575748,634979,1525,1577273,636504,33.4955224216575,13.5170221030061,158
-7.6926,53.28823,2021/05/14 23:00:00+00,Sat 15 May 2021,28843,12445,21,1604591,647424,1546,1606137,648970,34.1084884454078,13.7817544495995,159
-7.6926,53.28823,2021/05/15 23:00:00+00,Sun 16 May 2021,23164,1167,9,1627755,648591,1555,1629310,650146,34.6005983978872,13.8067283979064,160
-7.6926,53.28823,2021/05/16 23:00:00+00,Mon 17 May 2021,35377,3937,115,1663132,652528,1670,1664802,654198,35.3543189534217,13.892778090542,161
-7.6926,53.28823,2021/05/17 23:00:00+00,Tue 18 May 2021,38992,12486,125,1702124,665014,1795,1703919,666809,36.1850212798851,14.1605897079726,162
-7.6926,53.28823,2021/05/18 23:00:00+00,Wed 19 May 2021,37015,17585,205,1739139,682599,2000,1741139,684599,36.9754382492583,14.5383843851662,163
-7.6926,53.28823,2021/05/19 23:00:00+00,Thu 20 May 2021,39065,19638,134,1778204,702237,2134,1780338,704371,37.807881956471,14.9582695092513,164
-7.6926,53.28823,2021/05/20 23:00:00+00,Fri 21 May 2021,25824,23243,14933,1804028,725480,17067,1821095,742547,38.6734118979203,15.7689884297991,165
-7.6926,53.28823,2021/05/21 23:00:00+00,Sat 22 May 2021,16581,10242,13522,1820609,735722,30589,1851198,766311,39.3126897600653,16.2736490654838,166
-7.6926,53.28823,2021/05/22 23:00:00+00,Sun 23 May 2021,8207,5521,10204,1828816,741243,40793,1869609,782036,39.7036722109823,16.6075906786862,167
-7.6926,53.28823,2021/05/23 23:00:00+00,Mon 24 May 2021,22535,8205,8448,1851351,749448,49241,1900592,798689,40.3616380616563,16.9612396252464,168
-7.6926,53.28823,2021/05/24 23:00:00+00,Tue 25 May 2021,30316,16476,3222,1881667,765924,52463,1934130,818387,41.0738627881162,17.3795532593869,169
-7.6926,53.28823,2021/05/25 23:00:00+00,Wed 26 May 2021,19950,25380,3048,1901617,791304,55511,1957128,846815,41.5622563792404,17.9832602342752,170
-7.6926,53.28823,2021/05/26 23:00:00+00,Thu 27 May 2021,16992,36014,551,1918609,827318,56062,1974671,883380,41.9348056778356,18.7597673940046,171
-7.6926,53.28823,2021/05/27 23:00:00+00,Fri 28 May 2021,27018,31811,1558,1945627,859129,57620,2003247,916749,42.5416556326128,19.4684031772129,172
-7.6926,53.28823,2021/05/28 23:00:00+00,Sat 29 May 2021,24455,7382,534,1970082,866511,58154,2028236,924665,43.0723307977839,19.6365101285712,173
-7.6926,53.28823,2021/05/29 23:00:00+00,Sun 30 May 2021,24230,1673,209,1994312,868184,58363,2052675,926547,43.5913259701243,19.6764769404025,174
-7.6926,53.28823,2021/05/30 23:00:00+00,Mon 31 May 2021,22559,7319,3442,2016871,875503,61805,2078676,937308,44.1434923221036,19.905001309221,175
-7.6926,53.28823,2021/05/31 23:00:00+00,Tue 01 Jun 2021,27512,11506,3650,2044383,887009,65455,2109838,952464,44.8052594795353,20.2268594389314,176
-7.6926,53.28823,2021/06/01 23:00:00+00,Wed 02 Jun 2021,18669,20879,4007,2063052,907888,69462,2132514,977350,45.2868149657659,20.7553472599905,177
-7.6926,53.28823,2021/06/02 23:00:00+00,Thu 03 Jun 2021,16653,30701,1975,2079705,938589,71437,2151142,1010026,45.6824057047633,21.4492662522322,178
-7.6926,53.28823,2021/06/03 23:00:00+00,Fri 04 Jun 2021,28987,23337,150,2108692,961926,71587,2180279,1033513,46.3011692522277,21.9480444188004,179
-7.6926,53.28823,2021/06/04 23:00:00+00,Sat 05 Jun 2021,20941,11482,33,2129633,973408,71620,2201253,1045028,46.7465804697353,22.1925809959721,180
-7.6926,53.28823,2021/06/05 23:00:00+00,Sun 06 Jun 2021,19919,3895,40,2149552,977303,71660,2221212,1048963,47.1704367913828,22.2761460355875,181
-7.6926,53.28823,2021/06/06 23:00:00+00,Mon 07 Jun 2021,19784,4572,43,2169336,981875,71703,2241039,1053578,47.5914899147509,22.3741517936116,182
-7.6926,53.28823,2021/06/07 23:00:00+00,Tue 08 Jun 2021,26375,18338,42,2195711,1000213,71745,2267456,1071958,48.1524905885803,22.7644759176599,183
-7.6926,53.28823,2021/06/08 23:00:00+00,Wed 09 Jun 2021,32761,20097,172,2228472,1020310,71917,2300389,1092227,48.8518673229265,23.1949155079937,184
-7.6926,53.28823,2021/06/09 23:00:00+00,Thu 10 Jun 2021,27658,27477,268,2256130,1047787,72185,2328315,1119972,49.444913649813,23.7841180554214,185
-7.6926,53.28823,2021/06/10 23:00:00+00,Fri 11 Jun 2021,26410,32889,40,2282540,1080676,72225,2354765,1152901,50.0066151232122,24.4834098443652,186
-7.6926,53.28823,2021/06/11 23:00:00+00,Sat 12 Jun 2021,12189,19711,103,2294729,1100387,72328,2367057,1172715,50.267652344801,24.9041868951755,187
-7.6926,53.28823,2021/06/12 23:00:00+00,Sun 13 Jun 2021,8533,18162,830,2303262,1118549,73158,2376420,1191707,50.4664882954792,25.3075076657917,188
-7.6926,53.28823,2021/06/13 23:00:00+00,Mon 14 Jun 2021,15998,31292,46,2319260,1149841,73204,2392464,1223045,50.8072043045233,25.9730124209291,189
-7.6926,53.28823,2021/06/14 23:00:00+00,Tue 15 Jun 2021,14669,41570,204,2333929,1191411,73408,2407337,1264819,51.1230525470136,26.8601397309397,190
-7.6926,53.28823,2021/06/15 23:00:00+00,Wed 16 Jun 2021,13438,48374,212,2347367,1239785,73620,2420987,1313405,51.4129287327187,27.891929061245,191
-7.6926,53.28823,2021/06/16 23:00:00+00,Thu 17 Jun 2021,21543,42666,534,2368910,1282451,74154,2443064,1356605,51.8817636449393,28.8093394072128,192
-7.6926,53.28823,2021/06/17 23:00:00+00,Fri 18 Jun 2021,11987,50034,549,2380897,1332485,74703,2455600,1407188,52.1479825360747,29.8835377296685,193
-7.6926,53.28823,2021/06/18 23:00:00+00,Sat 19 Jun 2021,6293,32787,432,2387190,1365272,75135,2462325,1440407,52.2907969938671,30.5889880602866,194
-7.6926,53.28823,2021/06/19 23:00:00+00,Sun 20 Jun 2021,8496,26130,176,2395686,1391402,75311,2470997,1466713,52.4749586262799,31.1476314991993,195
-7.6926,53.28823,2021/06/20 23:00:00+00,Mon 21 Jun 2021,15446,32320,570,2411132,1423722,75881,2487013,1499603,52.8150800175072,31.8460950704696,196
-7.6926,53.28823,2021/06/21 23:00:00+00,Tue 22 Jun 2021,15110,43524,718,2426242,1467246,76599,2502841,1543845,53.1512089748216,32.7856336937638,197
-7.6926,53.28823,2021/06/22 23:00:00+00,Wed 23 Jun 2021,20063,39376,878,2446305,1506622,77477,2523782,1584099,53.5959193927593,33.6404817508607,198
-7.6926,53.28823,2021/06/23 23:00:00+00,Thu 24 Jun 2021,18998,44250,1030,2465303,1550872,78507,2543810,1629379,54.0212410225982,34.6020637060787,199
-7.6926,53.28823,2021/06/24 23:00:00+00,Fri 25 Jun 2021,15182,50109,838,2480485,1600981,79345,2559830,1680326,54.3614473592279,35.6839920601532,200
-7.6926,53.28823,2021/06/25 23:00:00+00,Sat 26 Jun 2021,9026,30537,500,2489511,1631518,79845,2569356,1711363,54.5637448350541,36.3431046737598,201
-7.6926,53.28823,2021/06/26 23:00:00+00,Sun 27 Jun 2021,8712,30461,55,2498223,1661979,79900,2578123,1741879,54.749923920774,36.9911531487031,202
-7.6926,53.28823,2021/06/27 23:00:00+00,Mon 28 Jun 2021,24206,24621,517,2522429,1686600,80417,2602846,1767017,55.2749502166851,37.5249925301137,203
-7.6926,53.28823,2021/06/28 23:00:00+00,Tue 29 Jun 2021,28122,31008,806,2550551,1717608,81223,2631774,1798831,55.8892753668739,38.2006057881372,204
-7.6926,53.28823,2021/06/29 23:00:00+00,Wed 30 Jun 2021,22539,36838,581,2573090,1754446,81804,2654894,1836250,56.3802597927714,38.99524879128,205
-7.6926,53.28823,2021/06/30 23:00:00+00,Thu 01 Jul 2021,14968,48301,634,2588058,1802747,82438,2670496,1885185,56.7115893348499,40.0344496079451,206
-7.6926,53.28823,2021/07/01 23:00:00+00,Fri 02 Jul 2021,13624,47238,812,2601682,1849985,83250,2684932,1933235,57.0181572921274,41.0548562543282,207
-7.6926,53.28823,2021/07/02 23:00:00+00,Sat 03 Jul 2021,9293,30457,503,2610975,1880442,83753,2694728,1964195,57.2261885826159,41.7123336689385,208
-7.6926,53.28823,2021/07/03 23:00:00+00,Sun 04 Jul 2021,6423,27768,230,2617398,1908210,83983,2701381,1992193,57.367474023165,42.3069090130682,209
-7.6926,53.28823,2021/07/04 23:00:00+00,Mon 05 Jul 2021,15566,33421,5335,2632964,1941631,89318,2722282,2030949,57.8113349870787,43.1299450169647,210
-7.6926,53.28823,2021/07/05 23:00:00+00,Tue 06 Jul 2021,12381,48270,5482,2645345,1989901,94800,2740145,2084701,58.1906799178663,44.2714413344753,211
-7.6926,53.28823,2021/07/06 23:00:00+00,Wed 07 Jul 2021,19670,43734,5053,2665015,2033635,99853,2764868,2133488,58.7157062137774,45.3074991712514,212
-7.6926,53.28823,2021/07/07 23:00:00+00,Thu 08 Jul 2021,17734,45568,5988,2682749,2079203,105841,2788590,2185044,59.2194749227369,46.402360462842,213
-7.6926,53.28823,2021/07/08 23:00:00+00,Fri 09 Jul 2021,13496,45082,6525,2696245,2124285,112366,2808611,2236651,59.6446478981216,47.4983048083133,214
-7.6926,53.28823,2021/07/09 23:00:00+00,Sat 10 Jul 2021,8608,23846,4360,2704853,2148131,116726,2821579,2264857,59.9200408927167,48.097297313368,215
-7.6926,53.28823,2021/07/10 23:00:00+00,Sun 11 Jul 2021,15213,16095,2150,2720066,2164226,118876,2838942,2283102,60.2887676482037,48.4847545300852,216
-7.6926,53.28823,2021/07/11 23:00:00+00,Mon 12 Jul 2021,17083,31725,6087,2737149,2195951,124963,2862112,2320914,60.7808138916313,49.2877434190142,217
-7.6926,53.28823,2021/07/12 23:00:00+00,Tue 13 Jul 2021,20075,36534,8482,2757224,2232485,133445,2890669,2365930,61.3872603557471,50.2437189776736,218
-7.6926,53.28823,2021/07/13 23:00:00+00,Wed 14 Jul 2021,20770,35666,9328,2777994,2268151,142773,2920767,2410924,62.0264320361392,51.1992273366197,219
-7.6926,53.28823,2021/07/14 23:00:00+00,Thu 15 Jul 2021,23589,28802,9571,2801583,2296953,152344,2953927,2449297,62.7306294220718,52.014129818236,220
-7.6926,53.28823,2021/07/15 23:00:00+00,Fri 16 Jul 2021,23513,27388,9159,2825096,2324341,161503,2986599,2485844,63.4244634689111,52.7902547236545,221
-7.6926,53.28823,2021/07/16 23:00:00+00,Sat 17 Jul 2021,11471,19404,4675,2836567,2343745,166178,3002745,2509923,63.7673455857166,53.3016048097786,222
-7.6926,53.28823,2021/07/17 23:00:00+00,Sun 18 Jul 2021,16840,15793,1924,2853407,2359538,168102,3021509,2527640,64.1658244683958,53.6778492333784,223
-7.6926,53.28823,2021/07/18 23:00:00+00,Mon 19 Jul 2021,24856,18391,6241,2878263,2377929,174343,3052606,2552272,64.8262112630383,54.2009430213848,224
-7.6926,53.28823,2021/07/19 23:00:00+00,Tue 20 Jul 2021,30547,18138,7691,2908810,2396067,182034,3090844,2578101,65.6382468373234,54.7494567210608,225
-7.6926,53.28823,2021/07/20 23:00:00+00,Wed 21 Jul 2021,30317,19805,6882,2939127,2415872,188916,3128043,2604788,66.4282178433339,55.3161912095524,226
-7.6926,53.28823,2021/07/21 23:00:00+00,Thu 22 Jul 2021,33505,15898,6930,2972632,2431770,195846,3168478,2627616,67.2869096798896,55.8009746210745,227
-7.6926,53.28823,2021/07/22 23:00:00+00,Fri 23 Jul 2021,27063,20790,5609,2999695,2452560,201455,3201150,2654015,67.9807437267289,56.3615930405931,228
-7.6926,53.28823,2021/07/23 23:00:00+00,Sat 24 Jul 2021,15415,14782,2270,3015110,2467342,203725,3218835,2671067,68.3563085871095,56.7237152910431,229
-7.6926,53.28823,2021/07/24 23:00:00+00,Sun 25 Jul 2021,14701,13624,1040,3029811,2480966,204765,3234576,2685731,68.6905899819215,57.0351251362577,230
-7.6926,53.28823,2021/07/25 23:00:00+00,Mon 26 Jul 2021,23802,18251,3416,3053613,2499217,208181,3261794,2707398,69.2686009725824,57.4952531447319,231
-7.6926,53.28823,2021/07/26 23:00:00+00,Tue 27 Jul 2021,25477,23858,3664,3079090,2523075,211845,3290935,2734920,69.8874494654492,58.0797199859755,232
-7.6926,53.28823,2021/07/27 23:00:00+00,Wed 28 Jul 2021,23401,25246,3257,3102491,2548321,215102,3317593,2763423,70.4535680997735,58.6850196871588,233
-7.6926,53.28823,2021/07/28 23:00:00+00,Thu 29 Jul 2021,19236,27821,2955,3121727,2576142,218057,3339784,2794199,70.9248239559626,59.3385896132584,234
-7.6926,53.28823,2021/07/29 23:00:00+00,Fri 30 Jul 2021,21919,22897,2114,3143646,2599039,220171,3363817,2819210,71.435197169959,59.8697319781427,235
-7.6926,53.28823,2021/07/30 23:00:00+00,Sat 31 Jul 2021,13718,12440,906,3157364,2611479,221077,3378441,2832556,71.7457575611495,60.1531523132651,236
-7.6926,53.28823,2021/07/31 23:00:00+00,Sun 01 Aug 2021,11075,9295,368,3168439,2620774,221445,3389884,2842219,71.988765121078,60.3583591691235,237
-7.6926,53.28823,2021/08/01 23:00:00+00,Mon 02 Aug 2021,14994,15969,425,3183433,2636743,221870,3405303,2858613,72.3162084109964,60.7065079008781,238
-7.6926,53.28823,2021/08/02 23:00:00+00,Tue 03 Aug 2021,17312,25408,1105,3200745,2662151,222975,3423720,2885126,72.707318280017,61.2695472643652,239
-7.6926,53.28823,2021/08/03 23:00:00+00,Wed 04 Aug 2021,22080,17254,1571,3222825,2679405,224546,3447371,2903951,73.2095792080837,61.669321564431,240
-7.6926,53.28823,2021/08/04 23:00:00+00,Thu 05 Aug 2021,13501,29996,1421,3236326,2709401,225967,3462293,2935368,73.5264680317534,62.3365039912659,241
-7.6926,53.28823,2021/08/05 23:00:00+00,Fri 06 Aug 2021,12173,24716,946,3248499,2734117,226913,3475412,2961030,73.8050677152893,62.8814712203915,242
-7.6926,53.28823,2021/08/06 23:00:00+00,Sat 07 Aug 2021,6322,8421,580,3254821,2742538,227493,3482314,2970031,73.9516410071382,63.072619612152,243
-7.6926,53.28823,2021/08/07 23:00:00+00,Sun 08 Aug 2021,8606,11947,153,3263427,2754485,227646,3491073,2982131,74.1376502020533,63.3295794544254,244
-7.6926,53.28823,2021/08/08 23:00:00+00,Mon 09 Aug 2021,5517,22994,598,3268944,2777479,228244,3497188,3005723,74.267510485979,63.8305874378067,245
-7.6926,53.28823,2021/08/09 23:00:00+00,Tue 10 Aug 2021,9327,25951,710,3278271,2803430,228954,3507225,3032384,74.4806597369623,64.3967697811828,246
-7.6926,53.28823,2021/08/10 23:00:00+00,Wed 11 Aug 2021,6986,31202,657,3285257,2834632,229611,3514868,3064243,74.6429691646066,65.0733386749834,247
-7.6926,53.28823,2021/08/11 23:00:00+00,Thu 12 Aug 2021,6742,38246,859,3291999,2872878,230470,3522469,3103348,74.8043866655256,65.9037861652396,248
-7.6926,53.28823,2021/08/12 23:00:00+00,Fri 13 Aug 2021,10901,28202,867,3302900,2901080,231337,3534237,3132417,75.0542960393994,66.5211056408632,249
-7.6926,53.28823,2021/08/13 23:00:00+00,Sat 14 Aug 2021,18115,5820,277,3321015,2906900,231614,3552629,3138514,75.4448749996549,66.6505836704781,250
-7.6926,53.28823,2021/08/14 23:00:00+00,Sun 15 Aug 2021,16992,3706,49,3338007,2910606,231663,3569670,3142269,75.8067636502483,66.7303261669852,251
-7.6926,53.28823,2021/08/15 23:00:00+00,Mon 16 Aug 2021,10165,23102,383,3348172,2933708,232046,3580218,3165754,76.0307646763888,67.2290618608522,252
-7.6926,53.28823,2021/08/16 23:00:00+00,Tue 17 Aug 2021,12849,26829,526,3361021,2960537,232572,3593593,3193109,76.3148008656786,67.8099822315454,253
-7.6926,53.28823,2021/08/17 23:00:00+00,Wed 18 Aug 2021,15213,25742,656,3376234,2986279,233228,3609462,3219507,76.6518005133675,68.3705794147134,254
-7.6926,53.28823,2021/08/18 23:00:00+00,Thu 19 Aug 2021,11346,25667,540,3387580,3011946,233768,3621348,3245714,76.9042157766123,68.9271204549166,255
-7.6926,53.28823,2021/08/19 23:00:00+00,Fri 20 Aug 2021,14825,22214,684,3402405,3034160,234452,3636857,3268612,77.2335703380848,69.4133904109807,256
-7.6926,53.28823,2021/08/20 23:00:00+00,Sat 21 Aug 2021,11863,7954,244,3414268,3042114,234696,3648964,3276810,77.4906788348124,69.5874860132086,257
-7.6926,53.28823,2021/08/21 23:00:00+00,Sun 22 Aug 2021,8000,12237,161,3422268,3054351,234857,3657125,3289208,77.663988692068,69.8507742879611,258
-7.6926,53.28823,2021/08/22 23:00:00+00,Mon 23 Aug 2021,10852,15340,288,3433120,3069691,235145,3668265,3304836,77.9005616377643,70.1826559751552,259
-7.6926,53.28823,2021/08/23 23:00:00+00,Tue 24 Aug 2021,9694,22882,383,3442814,3092573,235528,3678342,3328101,78.1145603427717,70.6767196718899,260
-7.6926,53.28823,2021/08/24 23:00:00+00,Wed 25 Aug 2021,9403,19487,312,3452217,3112060,235840,3688057,3347900,78.3208714888614,71.0971781774412,261
-7.6926,53.28823,2021/08/25 23:00:00+00,Thu 26 Aug 2021,8565,19396,368,3460782,3131456,236208,3696990,3367664,78.5105758087811,71.5168934107214,262
-7.6926,53.28823,2021/08/26 23:00:00+00,Fri 27 Aug 2021,9705,19175,430,3470487,3150631,236638,3707125,3387269,78.7258062221233,71.9332320642561,263
-7.6926,53.28823,2021/08/27 23:00:00+00,Sat 28 Aug 2021,9912,7892,153,3480399,3158523,236791,3717190,3395314,78.9395500909234,72.104078504842,264
-7.6926,53.28823,2021/08/28 23:00:00+00,Sun 29 Aug 2021,8791,9175,28,3489190,3167698,236819,3726009,3404517,79.1268334668746,72.299516639424,265
-7.6926,53.28823,2021/08/29 23:00:00+00,Mon 30 Aug 2021,5044,11092,82,3494234,3178790,236901,3731135,3415691,79.2356910000559,72.5368116210407,266
-7.6926,53.28823,2022/01/12 00:00:00+00,Wed 12 Jan 2022,7560,890,1,3733322,3639261,240355,3973677,3879616,84.3863979475492,82.3888855736586,267
-7.6926,53.28823,2022/01/13 00:00:00+00,Thu 13 Jan 2022,7330,791,0,3740652,3640052,240355,3981007,3880407,84.5420603974553,82.4056835269841,268
-7.6926,53.28823,2022/01/14 00:00:00+00,Fri 14 Jan 2022,10728,819,0,3751380,3640871,240355,3991735,3881226,84.769883966704,82.4230760981264,269
-7.6926,53.28823,2022/01/15 00:00:00+00,Sat 15 Jan 2022,8355,637,0,3759735,3641508,240355,4000090,3881863,84.9473136759762,82.4366036534593,270
-7.6926,53.28823,2022/01/16 00:00:00+00,Sun 16 Jan 2022,6966,1212,1,3766701,3642720,240356,4007057,3883076,85.0952673306141,82.4623633467384,271
-7.6926,53.28823,2022/01/17 00:00:00+00,Mon 17 Jan 2022,2567,545,0,3769268,3643265,240356,4009624,3883621,85.1497810426071,82.473937157816,272
-7.6926,53.28823,2022/01/18 00:00:00+00,Tue 18 Jan 2022,4065,428,3,3773333,3643693,240359,4013692,3884052,85.2361705168524,82.4830900249251,273
-7.6926,53.28823,2022/01/19 00:00:00+00,Wed 19 Jan 2022,3489,614,0,3776822,3644307,240359,4017181,3884666,85.3102641440997,82.4961291441942,274
-7.6926,53.28823,2022/01/20 00:00:00+00,Thu 20 Jan 2022,3700,925,1,3780522,3645232,240360,4020882,3885592,85.3888598776744,82.5157940048508,275
-7.6926,53.28823,2021/01/06 00:00:00+00,Wed 06 Jan 2021,6774,8,0,15704,44,1,15705,45,0.333516886190362,0.000955635777049748,276
-7.6926,53.28823,2022/01/21 00:00:00+00,Fri 21 Jan 2022,3252,967,0,3783774,3646199,240360,4024134,3886559,85.4579204898292,82.5363295558821,277
-7.6926,53.28823,2021/01/07 00:00:00+00,Thu 07 Jan 2021,11722,8,0,27426,52,1,27427,53,0.582449387936521,0.00112552658185859,278
-7.6926,53.28823,2022/01/22 00:00:00+00,Sat 22 Jan 2022,4271,637,0,3788045,3646836,240360,4028405,3887196,85.5486209432465,82.549857111215,279
-7.6926,53.28823,2021/01/08 00:00:00+00,Fri 08 Jan 2021,12676,5,0,40102,57,1,40103,58,0.851641368156135,0.00123170833486412,280
-7.6926,53.28823,2022/01/23 00:00:00+00,Sun 23 Jan 2022,3092,677,0,3791137,3647513,240360,4031497,3887873,85.6142837393051,82.5642341205719,281
-7.6926,53.28823,2021/01/09 00:00:00+00,Sat 09 Jan 2021,8073,6,0,48175,63,1,48176,64,1.02308242655886,0.00135912643847075,282
-7.6926,53.28823,2022/01/24 00:00:00+00,Mon 24 Jan 2022,646,458,0,3791783,3647971,240360,4032143,3888331,85.6280024217934,82.5739603691472,283
-7.6926,53.28823,2021/01/10 00:00:00+00,Sun 10 Jan 2021,4778,4,1,52953,67,2,52955,69,1.12457094608154,0.00146530819147628,284
-7.6926,53.28823,2022/01/25 00:00:00+00,Tue 25 Jan 2022,699,1829,0,3792482,3649800,240360,4032842,3890160,85.6428466308636,82.6128016543967,285
-7.6926,53.28823,2021/01/11 00:00:00+00,Mon 11 Jan 2021,8337,8,0,61290,75,2,61292,77,1.30161840104296,0.00163519899628512,286
-7.6926,53.28823,2022/01/26 00:00:00+00,Wed 26 Jan 2022,701,885,0,3793183,3650685,240360,4033543,3891045,85.657733312635,82.6315958246786,287
-7.6926,53.28823,2021/01/12 00:00:00+00,Tue 12 Jan 2021,8878,10,0,70168,85,2,70170,87,1.49015472167957,0.00184756250229618,288
-7.6926,53.28823,2021/01/13 00:00:00+00,Wed 13 Jan 2021,9877,6,0,80045,91,2,80047,93,1.69990615656669,0.00197498060590281,289
-7.6926,53.28823,2021/01/14 00:00:00+00,Thu 14 Jan 2021,8078,4,0,88123,95,2,88125,97,1.87145339672242,0.00205992600830724,290
-7.6926,53.28823,2021/01/15 00:00:00+00,Fri 15 Jan 2021,7689,2,0,95812,97,2,95814,99,2.03473969649432,0.00210239870950945,291
-7.6926,53.28823,2021/01/16 00:00:00+00,Sat 16 Jan 2021,5229,3,0,101041,100,2,101043,102,2.14578457378751,0.00216610776131276,292
-7.6926,53.28823,2021/01/17 00:00:00+00,Sun 17 Jan 2021,1111,5,0,102152,105,2,102154,107,2.16937815930533,0.00227228951431829,293
-7.6926,53.28823,2021/01/18 00:00:00+00,Mon 18 Jan 2021,8708,8,1,110860,113,3,110863,116,2.35432553669036,0.00246341666972824,294
-7.6926,53.28823,2021/01/19 00:00:00+00,Tue 19 Jan 2021,8376,19,0,119236,132,3,119239,135,2.53220120932522,0.00286690733114925,295
-7.6926,53.28823,2021/01/20 00:00:00+00,Wed 20 Jan 2021,8441,962,0,127677,1094,3,127680,1097,2.71145724474915,0.0232962766094128,296
-7.6926,53.28823,2021/01/21 00:00:00+00,Thu 21 Jan 2021,8999,962,0,136676,2056,3,136679,2059,2.9025631638085,0.0437256458876763,297
-7.6926,53.28823,2021/01/22 00:00:00+00,Fri 22 Jan 2021,6770,967,0,143446,3023,3,143449,3026,3.04633325737799,0.0642611969189453,298
-7.6926,53.28823,2021/01/23 00:00:00+00,Sat 23 Jan 2021,4179,460,0,147625,3483,3,147628,3486,3.13507996654001,0.0740299181954538,299
-7.6926,53.28823,2021/01/24 00:00:00+00,Sun 24 Jan 2021,1180,397,0,148805,3880,3,148808,3883,3.16013886024931,0.0824607493840927,300
-7.6926,53.28823,2021/01/25 00:00:00+00,Mon 25 Jan 2021,1352,1285,0,150157,5165,3,150160,5168,3.18885040626201,0.109749459906513,301
-7.6926,53.28823,2021/01/26 00:00:00+00,Tue 26 Jan 2021,1001,3499,0,151158,8664,3,151161,8667,3.21010799321371,0.184055450659782,302
-7.6926,53.28823,2021/01/27 00:00:00+00,Wed 27 Jan 2021,2164,6699,0,153322,15363,3,153325,15366,3.2560634559145,0.326317763336587,303
-7.6926,53.28823,2021/01/28 00:00:00+00,Thu 28 Jan 2021,997,11538,0,154319,26901,3,154322,26904,3.27723609746381,0.571342776572143,304
-7.6926,53.28823,2021/01/29 00:00:00+00,Fri 29 Jan 2021,1569,11527,0,155888,38428,3,155891,38431,3.31055593155694,0.816134189951086,305
-7.6926,53.28823,2021/01/30 00:00:00+00,Sat 30 Jan 2021,629,7792,0,156517,46220,3,156520,46223,3.32391359608504,0.981607833834901,306
-7.6926,53.28823,2021/01/31 00:00:00+00,Sun 31 Jan 2021,222,4086,0,156739,50306,3,156742,50309,3.32862806591848,1.06837956239102,307
-7.6926,53.28823,2021/02/01 00:00:00+00,Mon 01 Feb 2021,1016,8334,0,157755,58640,3,157758,58643,3.35020419812921,1.24536330830063,308
-7.6926,53.28823,2021/02/02 00:00:00+00,Tue 02 Feb 2021,823,5108,0,158578,63748,3,158581,63751,3.36768171467391,1.35383858717108,309
-7.6926,53.28823,2021/02/03 00:00:00+00,Wed 03 Feb 2021,1392,6863,0,159970,70611,3,159973,70614,3.39724271471065,1.49958366134647,310
-7.6926,53.28823,2021/02/04 00:00:00+00,Thu 04 Feb 2021,1421,10541,1,161391,81152,4,161395,81156,3.42744080526543,1.72345726938332,311
-7.6926,53.28823,2021/02/05 00:00:00+00,Fri 05 Feb 2021,3385,8613,0,164776,89765,4,164780,89769,3.49932585205017,1.90636595711064,312
-7.6926,53.28823,2021/02/06 00:00:00+00,Sat 06 Feb 2021,891,3866,0,165667,93631,4,165671,93635,3.51824744043575,1.98846568853452,313
-7.6926,53.28823,2021/02/07 00:00:00+00,Sun 07 Feb 2021,326,1300,2,165993,94931,6,165999,94937,3.52521296343292,2.01611541701716,314
-7.6926,53.28823,2021/02/08 00:00:00+00,Mon 08 Feb 2021,1167,878,0,167160,95809,6,167166,95815,3.54999578458441,2.03476093284493,315
-7.6926,53.28823,2021/02/09 00:00:00+00,Tue 09 Feb 2021,4252,541,2,171412,96350,8,171420,96358,3.64033522004151,2.04629227122133,316
-7.6926,53.28823,2021/02/10 00:00:00+00,Wed 10 Feb 2021,8819,580,0,180231,96930,8,180239,96938,3.82761859599266,2.05860935456997,317
-7.6926,53.28823,2021/02/11 00:00:00+00,Thu 11 Feb 2021,6178,444,0,186409,97374,8,186417,97382,3.95881677000629,2.06803829423686,318
-7.6926,53.28823,2021/02/12 00:00:00+00,Fri 12 Feb 2021,4390,522,0,190799,97896,8,190807,97904,4.05204434914514,2.07912366925063,319
-7.6926,53.28823,2021/02/13 00:00:00+00,Sat 13 Feb 2021,1206,1914,0,192005,99810,8,192013,99818,4.07765538797007,2.11977004430115,320
-7.6926,53.28823,2021/02/14 00:00:00+00,Sun 14 Feb 2021,2693,27,0,194698,99837,8,194706,99845,4.13484488013885,2.12034342576738,321
-7.6926,53.28823,2021/02/15 00:00:00+00,Mon 15 Feb 2021,1957,7886,0,196655,107723,8,196663,107731,4.17640441826522,2.2878132866077,322
-7.6926,53.28823,2021/02/16 00:00:00+00,Tue 16 Feb 2021,5644,8158,0,202299,115881,8,202307,115889,4.29626238105786,2.46105943481152,323
-7.6926,53.28823,2021/02/17 00:00:00+00,Wed 17 Feb 2021,9738,8461,0,212037,124342,8,212045,124350,4.50306196321142,2.64074019724747,324
-7.6926,53.28823,2021/02/18 00:00:00+00,Thu 18 Feb 2021,8454,8350,1,220491,132692,9,220500,132701,4.68261530754377,2.8180849611173,325
-7.6926,53.28823,2021/02/19 00:00:00+00,Fri 19 Feb 2021,9385,6581,0,229876,139273,9,229885,139282,4.88191845793514,2.95784138442318,326
-7.6926,53.28823,2021/02/20 00:00:00+00,Sat 20 Feb 2021,5886,3567,2,235762,142840,11,235773,142851,5.00695809027445,3.03363391971852,327
-7.6926,53.28823,2021/02/21 00:00:00+00,Sun 21 Feb 2021,1108,1023,5,236870,143863,16,236886,143879,5.03059414849348,3.05546488813646,328
-7.6926,53.28823,2021/02/22 00:00:00+00,Mon 22 Feb 2021,3938,1121,1,240808,144984,17,240825,145001,5.11424413351124,3.0792920735109,329
-7.6926,53.28823,2021/02/23 00:00:00+00,Tue 23 Feb 2021,13356,1063,0,254164,146047,17,254181,146064,5.3978768321396,3.10186631419988,330
-7.6926,53.28823,2021/02/24 00:00:00+00,Wed 24 Feb 2021,16936,2101,3,271100,148148,20,271120,148168,5.75759937497173,3.1465475958646,331
-7.6926,53.28823,2021/02/25 00:00:00+00,Thu 25 Feb 2021,18084,1754,2,289184,149902,22,289206,149924,6.14168001194332,3.18383862752014,332
-7.6926,53.28823,2021/02/26 00:00:00+00,Fri 26 Feb 2021,16075,2766,0,305259,152668,22,305281,152690,6.48305434785609,3.2425783732828,333
-7.6926,53.28823,2021/02/27 00:00:00+00,Sat 27 Feb 2021,8990,703,1,314249,153371,23,314272,153394,6.67399037611063,3.25752876410598,334
-7.6926,53.28823,2021/02/28 00:00:00+00,Sun 28 Feb 2021,2442,57,2,316691,153428,25,316716,153453,6.72589201697974,3.25878170879145,335
-7.6926,53.28823,2021/03/01 00:00:00+00,Mon 01 Mar 2021,5587,787,0,322278,154215,25,322303,154240,6.84453950778811,3.27549471671452,336
-7.6926,53.28823,2021/03/02 00:00:00+00,Tue 02 Mar 2021,12175,1607,0,334453,155822,25,334478,155847,7.10309207635657,3.30962153213049,337
-7.6926,53.28823,2021/03/03 00:00:00+00,Wed 03 Mar 2021,12886,1502,1,347339,157324,26,347365,157350,7.37676492655302,3.34153976708395,338
-7.6926,53.28823,2021/03/04 00:00:00+00,Thu 04 Mar 2021,18739,1687,3,366078,159011,29,366107,159040,7.77477660951894,3.37742919959982,339
-7.6926,53.28823,2021/03/05 00:00:00+00,Fri 05 Mar 2021,18439,2392,6,384517,161403,35,384552,161438,8.16648109635633,3.42835396834127,340
-7.6926,53.28823,2021/03/06 00:00:00+00,Sat 06 Mar 2021,10394,137,4,394911,161540,39,394950,161579,8.38729666990663,3.43134829377603,341
-7.6926,53.28823,2021/03/07 00:00:00+00,Sun 07 Mar 2021,1519,10,3,396430,161550,42,396472,161592,8.41961839552151,3.43162436633384,342
-7.6926,53.28823,2021/03/08 00:00:00+00,Mon 08 Mar 2021,6664,1494,5,403094,163044,47,403141,163091,8.56124361768028,3.4634576558849,343
-7.6926,53.28823,2021/03/09 00:00:00+00,Tue 09 Mar 2021,13814,3101,5,416908,166145,52,416960,166197,8.85470874663696,3.52941776085193,344
-7.6926,53.28823,2021/03/10 00:00:00+00,Wed 10 Mar 2021,13728,3983,3,430636,170128,55,430691,170183,9.14630507674074,3.61406585434794,345
-7.6926,53.28823,2021/03/11 00:00:00+00,Thu 11 Mar 2021,18468,2094,3,449104,172222,58,449162,172280,9.53856170869376,3.65859848155846,346
-7.6926,53.28823,2021/03/12 00:00:00+00,Fri 12 Mar 2021,17322,1336,4,466426,173558,62,466488,173620,9.90650271920851,3.68705519136394,347
-7.6926,53.28823,2021/03/13 00:00:00+00,Sat 13 Mar 2021,8300,172,0,474726,173730,62,474788,173792,10.0827644291977,3.69070784366733,348
-7.6926,53.28823,2021/03/14 00:00:00+00,Sun 14 Mar 2021,379,18,2,475105,173748,64,475169,173812,10.0908554787767,3.69113257067935,349
-7.6926,53.28823,2021/03/15 00:00:00+00,Mon 15 Mar 2021,2651,991,0,477756,174739,64,477820,174803,10.1471530442202,3.71217779412505,350
-7.6926,53.28823,2021/03/16 00:00:00+00,Tue 16 Mar 2021,8932,3819,2,486688,178558,66,486754,178624,10.3368786004905,3.79332188977187,351
-7.6926,53.28823,2021/03/17 00:00:00+00,Wed 17 Mar 2021,4893,2418,6,491581,180976,72,491653,181048,10.4409154820853,3.84479880362895,352
-7.6926,53.28823,2021/03/18 00:00:00+00,Thu 18 Mar 2021,11723,4678,5,503304,185654,77,503381,185731,10.6899754019351,3.94424863349393,353
-7.6926,53.28823,2021/03/19 00:00:00+00,Fri 19 Mar 2021,10364,6125,2,513668,191779,79,513747,191858,10.9101114122662,4.0743637536269,354
-7.6926,53.28823,2021/03/20 00:00:00+00,Sat 20 Mar 2021,5236,3116,3,518904,194895,82,518986,194977,11.0213686530654,4.14059993115175,355
-7.6926,53.28823,2021/03/21 00:00:00+00,Sun 21 Mar 2021,3633,53,3,522537,194948,85,522622,195033,11.098584023851,4.14178916678541,356
-7.6926,53.28823,2021/03/22 00:00:00+00,Mon 22 Mar 2021,7404,2399,1,529941,197347,86,530027,197433,11.2558392000522,4.19275640822807,357
-7.6926,53.28823,2021/03/23 00:00:00+00,Tue 23 Mar 2021,12559,7383,4,542500,204730,90,542590,204820,11.5226314726538,4.34962933011843,358
-7.6926,53.28823,2021/03/24 00:00:00+00,Wed 24 Mar 2021,13618,9779,2,556118,214509,92,556210,214601,11.8118705678409,4.55734207534785,359
-7.6926,53.28823,2021/03/25 00:00:00+00,Thu 25 Mar 2021,20862,10221,3,576980,224730,95,577075,224825,12.254967023133,4.77446252389355,360
-7.6926,53.28823,2021/03/26 00:00:00+00,Fri 26 Mar 2021,19694,9491,1,596674,234221,96,596770,234317,12.6732169482217,4.97603796379924,361
-7.6926,53.28823,2021/03/27 00:00:00+00,Sat 27 Mar 2021,11740,5344,3,608414,239565,99,608513,239664,12.9225954133305,5.08958873046335,362
-7.6926,53.28823,2021/03/28 00:00:00+00,Sun 28 Mar 2021,2487,482,0,610901,240047,99,611000,240146,12.9754102172755,5.09982465145309,363
-7.6926,53.28823,2021/03/28 23:00:00+00,Mon 29 Mar 2021,9259,3117,3,620160,243164,102,620262,243266,13.1721012965429,5.16608206532854,364
-7.6926,53.28823,2021/03/29 23:00:00+00,Tue 30 Mar 2021,13321,8660,4,633481,251824,106,633587,251930,13.4550756683026,5.35007380693651,365
-7.6926,53.28823,2021/03/30 23:00:00+00,Wed 31 Mar 2021,15824,10499,4,649305,262323,110,649415,262433,13.7912046256169,5.57311919729993,366
-7.6926,53.28823,2021/03/31 23:00:00+00,Thu 01 Apr 2021,19686,11577,8,668991,273900,118,669109,274018,14.2094333143551,5.81914231901373,367
-7.6926,53.28823,2021/04/01 23:00:00+00,Fri 02 Apr 2021,20127,13715,7,689118,287615,125,689243,287740,14.6370059973578,6.1105475219621,368
-7.6926,53.28823,2021/04/02 23:00:00+00,Sat 03 Apr 2021,7543,4639,5,696661,292254,130,696791,292384,14.7972979716949,6.20916913415364,369
-7.6926,53.28823,2021/04/03 23:00:00+00,Sun 04 Apr 2021,3026,168,3,699687,292422,133,699820,292555,14.8616228776657,6.21280055010643,370
-7.6926,53.28823,2021/04/04 23:00:00+00,Mon 05 Apr 2021,3424,605,4,703111,293027,137,703248,293164,14.9344210875263,6.2257334876225,371
-7.6926,53.28823,2021/04/05 23:00:00+00,Tue 06 Apr 2021,11982,8156,11,715093,301183,148,715241,301331,15.1891086402853,6.39917076298173,372
-7.6926,53.28823,2021/04/06 23:00:00+00,Wed 07 Apr 2021,18348,10465,10,733441,311648,158,733599,311806,15.5789655646204,6.62162153552831,373
-7.6926,53.28823,2021/04/07 23:00:00+00,Thu 08 Apr 2021,20179,10571,14,753620,322219,172,753792,322391,16.0077911923085,6.84640830664101,374
-7.6926,53.28823,2021/04/08 23:00:00+00,Fri 09 Apr 2021,20682,9160,16,774302,331379,188,774490,331567,16.4473411770502,7.04127305975675,375
-7.6926,53.28823,2021/04/09 23:00:00+00,Sat 10 Apr 2021,11166,4165,12,785468,335544,200,785668,335744,16.6847211040694,7.12997729621757,376
-7.6926,53.28823,2021/04/10 23:00:00+00,Sun 11 Apr 2021,2856,359,7,788324,335903,207,788531,336110,16.7455207758403,7.13774980053758,377
-7.6926,53.28823,2021/04/11 23:00:00+00,Mon 12 Apr 2021,7769,2791,13,796093,338694,220,796313,338914,16.9107820562181,7.19729652762308,378
-7.6926,53.28823,2021/04/12 23:00:00+00,Tue 13 Apr 2021,11500,8592,1,807593,347286,221,807814,347507,17.1550213244815,7.37978048833838,379
-7.6926,53.28823,2021/04/13 23:00:00+00,Wed 14 Apr 2021,20346,6590,2,827939,353876,223,828162,354099,17.5871385865128,7.51977051150086,380
-7.6926,53.28823,2021/04/14 23:00:00+00,Thu 15 Apr 2021,27115,10794,1,855054,364670,224,855278,364894,18.1629834694123,7.7490169162398,381
-7.6926,53.28823,2021/04/15 23:00:00+00,Fri 16 Apr 2021,27968,9825,1,883022,374495,225,883247,374720,18.7569429593746,7.95768529724626,382
-7.6926,53.28823,2021/04/16 23:00:00+00,Sat 17 Apr 2021,15842,4548,2,898864,379043,227,899091,379270,19.0934116982986,8.05431069248129,383
-7.6926,53.28823,2021/04/17 23:00:00+00,Sun 18 Apr 2021,1065,481,0,899929,379524,227,900156,379751,19.1160284116887,8.06452537712042,384
-7.6926,53.28823,2021/04/18 23:00:00+00,Mon 19 Apr 2021,6735,2249,0,906664,381773,227,906891,382000,19.2590552329872,8.11228592962231,385
-7.6926,53.28823,2021/04/19 23:00:00+00,Tue 20 Apr 2021,15080,7311,1,921744,389084,228,921972,389312,19.5793206364025,8.26756612521759,386
-7.6926,53.28823,2021/04/20 23:00:00+00,Wed 21 Apr 2021,26708,9870,4,948452,398954,232,948684,399186,20.1465860336592,8.47725385105291,387
-7.6926,53.28823,2021/04/21 23:00:00+00,Thu 22 Apr 2021,31618,12179,1,980070,411133,233,980303,411366,20.8180582033155,8.73591260137437,388
-7.6926,53.28823,2021/04/22 23:00:00+00,Fri 23 Apr 2021,33619,12348,3,1013689,423481,236,1013925,423717,21.5320667832259,8.99820276764863,389
-7.6926,53.28823,2021/04/23 23:00:00+00,Sat 24 Apr 2021,23694,6987,2,1037383,430468,238,1037621,430706,22.0352833470697,9.14662362199975,390
-7.6926,53.28823,2021/04/24 23:00:00+00,Sun 25 Apr 2021,9744,298,2,1047127,430766,240,1047367,431006,22.2422528200281,9.15299452718009,391
-7.6926,53.28823,2021/04/25 23:00:00+00,Mon 26 Apr 2021,15565,3046,3,1062692,433812,243,1062935,434055,22.5728603261861,9.21774416016286,392
-7.6926,53.28823,2021/04/26 23:00:00+00,Tue 27 Apr 2021,25911,7807,9,1088603,441619,252,1088855,441871,23.1233065337668,9.3837274764611,393
-7.6926,53.28823,2021/04/27 23:00:00+00,Wed 28 Apr 2021,26021,8586,5,1114624,450205,257,1114881,450462,23.6760037945111,9.5661689644752,394
-7.6926,53.28823,2021/04/28 23:00:00+00,Thu 29 Apr 2021,31687,11332,6,1146311,461537,263,1146574,461800,24.349047454112,9.80694670759053,395
-7.6926,53.28823,2022/01/27 00:00:00+00,Thu 27 Jan 2022,1274,1162,0,3794457,3651847,240360,4034817,3892207,85.6847884233008,82.6562724640771,396
-7.6926,53.28823,2022/01/28 00:00:00+00,Fri 28 Jan 2022,1032,3090,0,3795489,3654937,240360,4035849,3895297,85.7067043371211,82.7218927874345,397
-7.6926,53.28823,2022/01/29 00:00:00+00,Sat 29 Jan 2022,2328,3442,0,3797817,3658379,240360,4038177,3898739,85.7561425613205,82.7949883062035,398
-7.6926,53.28823,2022/01/30 00:00:00+00,Sun 30 Jan 2022,1633,7538,0,3799450,3665917,240360,4039810,3906277,85.7908215218521,82.9550679170347,399
-7.6926,53.28823,2022/01/31 00:00:00+00,Mon 31 Jan 2022,480,1386,0,3799930,3667303,240360,4040290,3907663,85.8010149701406,82.9845014989678,400
-7.6926,53.28823,2022/02/01 00:00:00+00,Tue 01 Feb 2022,751,3409,1,3800681,3670712,240361,4041042,3911073,85.8169847057927,83.0569174545176,401
-7.6926,53.28823,2022/02/02 00:00:00+00,Wed 02 Feb 2022,645,2994,0,3801326,3673706,240361,4041687,3914067,85.8306821519304,83.1204990882173,402
-7.6926,53.28823,2022/02/03 00:00:00+00,Thu 03 Feb 2022,911,2428,1,3802237,3676134,240362,4042599,3916496,85.8500497036786,83.1720821838274,403
-7.6926,53.28823,2022/02/04 00:00:00+00,Fri 04 Feb 2022,1172,6517,0,3803409,3682651,240362,4043771,3923013,85.8749387065831,83.3104794806948,404
-7.6926,53.28823,2022/02/05 00:00:00+00,Sat 05 Feb 2022,1777,5747,0,3805186,3688398,240362,4045548,3928760,85.9126757016012,83.4325247875993,405
-7.6926,53.28823,2022/02/06 00:00:00+00,Sun 06 Feb 2022,1408,7555,0,3806594,3695953,240362,4046956,3936315,85.9425764832476,83.5929654163907,406
-7.6926,53.28823,2022/02/07 00:00:00+00,Mon 07 Feb 2022,439,1349,0,3807033,3697302,240362,4047395,3937664,85.9518992411615,83.6216132533516,407
-7.6926,53.28823,2022/02/08 00:00:00+00,Tue 08 Feb 2022,896,1233,0,3807929,3698535,240362,4048291,3938897,85.9709270113001,83.6477976736427,408
-7.6926,53.28823,2022/02/09 00:00:00+00,Wed 09 Feb 2022,1333,1781,0,3809262,3700316,240362,4049624,3940678,85.9992350666514,83.6856196140633,409
-7.6926,53.28823,2022/02/10 00:00:00+00,Thu 10 Feb 2022,690,2540,0,3809952,3702856,240362,4050314,3943218,86.0138881485661,83.7395599445901,410
-7.6926,53.28823,2022/02/11 00:00:00+00,Fri 11 Feb 2022,556,4912,0,3810508,3707768,240362,4050870,3948130,86.0256955595003,83.8438728987427,411
-7.6926,53.28823,2022/02/12 00:00:00+00,Sat 12 Feb 2022,1397,5460,0,3811905,3713228,240362,4052267,3953590,86.0553627412901,83.9598233730248,412
-7.6926,53.28823,2022/02/13 00:00:00+00,Sun 13 Feb 2022,1567,4705,0,3813472,3717933,240362,4053834,3958295,86.088640102682,84.059740402603,413
-7.6926,53.28823,2022/02/14 00:00:00+00,Mon 14 Feb 2022,175,949,1,3813647,3718882,240363,4054010,3959245,86.0923777003878,84.079914935674,414
-7.6926,53.28823,2022/02/15 00:00:00+00,Tue 15 Feb 2022,649,811,1,3814296,3719693,240364,4054660,3960057,86.1061813282785,84.0971588523621,415
-7.6926,53.28823,2022/02/16 00:00:00+00,Wed 16 Feb 2022,798,1785,0,3815094,3721478,240364,4055458,3961842,86.1231279360582,84.1350657381851,416
-7.6926,53.28823,2022/02/17 00:00:00+00,Thu 17 Feb 2022,795,1185,2,3815889,3722663,240366,4056255,3963029,86.1400533074873,84.1602732863486,417
-7.6926,53.28823,2022/02/18 00:00:00+00,Fri 18 Feb 2022,796,3289,0,3816685,3725952,240366,4057051,3966318,86.1569574425658,84.2301196434757,418
-7.6926,53.28823,2022/02/19 00:00:00+00,Sat 19 Feb 2022,979,3551,0,3817664,3729503,240366,4058030,3969869,86.1777478298042,84.3055299244602,419
-7.6926,53.28823,2022/02/20 00:00:00+00,Sun 20 Feb 2022,1366,3587,0,3819030,3733090,240366,4059396,3973456,86.2067566847253,84.3817047140663,420
-7.6926,53.28823,2022/02/21 00:00:00+00,Mon 21 Feb 2022,253,987,2,3819283,3734077,240368,4059651,3974445,86.2121719541286,84.4027074648108,421
-7.6926,53.28823,2022/02/22 00:00:00+00,Tue 22 Feb 2022,475,974,0,3819758,3735051,240368,4060126,3975419,86.2222592206642,84.4233916702963,422
-7.6926,53.28823,2022/02/23 00:00:00+00,Wed 23 Feb 2022,829,1270,1,3820587,3736321,240369,4060956,3976690,86.2398853916631,84.4503830719103,423
-7.6926,53.28823,2022/02/24 00:00:00+00,Thu 24 Feb 2022,659,1227,0,3821246,3737548,240369,4061615,3977917,86.2538801467092,84.4764400740979,424
-7.6926,53.28823,2022/02/25 00:00:00+00,Fri 25 Feb 2022,689,1220,0,3821935,3738768,240369,4062304,3979137,86.2685119922734,84.5023484218312,425
-7.6926,53.28823,2022/02/26 00:00:00+00,Sat 26 Feb 2022,960,2088,0,3822895,3740856,240369,4063264,3981225,86.2888988888504,84.5466899218863,426
-7.6926,53.28823,2022/02/27 00:00:00+00,Sun 27 Feb 2022,670,1781,0,3823565,3742637,240369,4063934,3983006,86.3031272437532,84.5845118623069,427
-7.6926,53.28823,2022/02/28 00:00:00+00,Mon 28 Feb 2022,86,424,0,3823651,3743061,240369,4064020,3983430,86.3049535699049,84.5935160749618,428
-7.6926,53.28823,2022/03/01 00:00:00+00,Tue 01 Mar 2022,125,939,0,3823776,3744000,240369,4064145,3984369,86.30760811373,84.6134570081762,429
-7.6926,53.28823,2022/03/02 00:00:00+00,Wed 02 Mar 2022,205,992,2,3823981,3744992,240371,4064352,3985363,86.3120040383044,84.6345659406737,430
-7.6926,53.28823,2022/03/03 00:00:00+00,Thu 03 Mar 2022,273,1274,0,3824254,3746266,240371,4064625,3986637,86.3178015620185,84.6616210513395,431
-7.6926,53.28823,2022/03/04 00:00:00+00,Fri 04 Mar 2022,733,1501,2,3824987,3747767,240373,4065360,3988140,86.3334102797103,84.693539286293,432
-7.6926,53.28823,2022/03/05 00:00:00+00,Sat 05 Mar 2022,962,3341,0,3825949,3751108,240373,4066322,3991481,86.3538396489886,84.7644899336513,433
-7.6926,53.28823,2022/03/06 00:00:00+00,Sun 06 Mar 2022,456,1914,0,3826405,3753022,240373,4066778,3993395,86.3635234248627,84.8051363087018,434
-7.6926,53.28823,2022/03/07 00:00:00+00,Mon 07 Mar 2022,112,121,0,3826517,3753143,240373,4066890,3993516,86.36590189613,84.8077059071245,435
-7.6926,53.28823,2022/03/08 00:00:00+00,Tue 08 Mar 2022,120,492,0,3826637,3753635,240373,4067010,3994008,86.3684502582022,84.8181541916203,436
-7.6926,53.28823,2022/03/09 00:00:00+00,Wed 09 Mar 2022,125,339,0,3826762,3753974,240373,4067135,3994347,86.3711048020273,84.825353314474,437
-7.6926,53.28823,2022/03/10 00:00:00+00,Thu 10 Mar 2022,256,507,0,3827018,3754481,240373,4067391,3994854,86.3765413077812,84.8361201442288,438
-7.6926,53.28823,2022/03/11 00:00:00+00,Fri 11 Mar 2022,494,2178,0,3827512,3756659,240373,4067885,3997032,86.3870320649781,84.882372915838,439
-7.6926,53.28823,2022/03/12 00:00:00+00,Sat 12 Mar 2022,472,2387,2,3827984,3759046,240375,4068359,3999421,86.3970980951631,84.933106557424,440
-7.6926,53.28823,2022/03/13 00:00:00+00,Sun 13 Mar 2022,358,1082,0,3828342,3760128,240375,4068717,4000503,86.4047007086782,84.9560842887744,441
-7.6926,53.28823,2022/03/14 00:00:00+00,Mon 14 Mar 2022,107,120,0,3828449,3760248,240375,4068824,4000623,86.4069729981926,84.9586326508466,442
-7.6926,53.28823,2022/03/15 00:00:00+00,Tue 15 Mar 2022,221,756,0,3828670,3761004,240375,4069045,4001379,86.4116662316754,84.974687331901,443
-7.6926,53.28823,2022/03/16 00:00:00+00,Wed 16 Mar 2022,196,795,0,3828866,3761799,240375,4069241,4002174,86.4158285563932,84.9915702306289,444
-7.6926,53.28823,2022/03/18 00:00:00+00,Fri 18 Mar 2022,2,6,0,3828868,3761805,240375,4069243,4002180,86.4158710290944,84.9916976487325,445
-7.6926,53.28823,2022/03/19 00:00:00+00,Sat 19 Mar 2022,743,2777,0,3829611,3764582,240375,4069986,4004957,86.4316496375911,85.0506709943518,446
-7.6926,53.28823,2022/03/20 00:00:00+00,Sun 20 Mar 2022,394,1400,0,3830005,3765982,240375,4070380,4006357,86.4400167597279,85.0804018851933,447
-7.6926,53.28823,2022/03/21 00:00:00+00,Mon 21 Mar 2022,53,109,0,3830058,3766091,240375,4070433,4006466,86.4411422863098,85.0827166474088,448
-7.6926,53.28823,2022/03/22 00:00:00+00,Tue 22 Mar 2022,138,569,0,3830196,3766660,240375,4070571,4007035,86.4440729026927,85.0948001309009,449
-7.6926,53.28823,2022/03/23 00:00:00+00,Wed 23 Mar 2022,96,220,0,3830292,3766880,240375,4070667,4007255,86.4461115923504,85.0994721280331,450
-7.6926,53.28823,2022/03/24 00:00:00+00,Thu 24 Mar 2022,149,239,0,3830441,3767119,240375,4070816,4007494,86.44927580859,85.1045476158268,451
-7.6926,53.28823,2022/03/25 00:00:00+00,Fri 25 Mar 2022,437,1620,0,3830878,3768739,240375,4071253,4009114,86.4585560938027,85.1389505038006,452
-7.6926,53.28823,2022/03/26 00:00:00+00,Sat 26 Mar 2022,875,1847,0,3831753,3770586,240375,4072128,4010961,86.4771379005786,85.1781740433608,453
-7.6926,53.28823,2022/03/27 00:00:00+00,Sun 27 Mar 2022,380,802,0,3832133,3771388,240375,4072508,4011763,86.485207713807,85.1952055965429,454
-7.6926,53.28823,2022/03/27 23:00:00+00,Mon 28 Mar 2022,38,51,0,3832171,3771439,240375,4072546,4011814,86.4860146951299,85.1962886504235,455
-7.6926,53.28823,2022/03/28 23:00:00+00,Tue 29 Mar 2022,136,190,3,3832307,3771629,240378,4072685,4012007,86.4889665478634,85.2003872660896,456
-7.6926,53.28823,2022/03/29 23:00:00+00,Wed 30 Mar 2022,107,133,0,3832414,3771762,240378,4072792,4012140,86.4912388373778,85.2032117007195,457
-7.6926,53.28823,2022/03/30 23:00:00+00,Thu 31 Mar 2022,225,355,0,3832639,3772117,240378,4073017,4012495,86.496017016263,85.2107506051829,458
-7.6926,53.28823,2022/03/31 23:00:00+00,Fri 01 Apr 2022,309,902,0,3832948,3773019,240378,4073326,4013397,86.5025790485987,85.2299057934251,459
-7.6926,53.28823,2022/04/01 23:00:00+00,Sat 02 Apr 2022,726,1537,0,3833674,3774556,240378,4074052,4014934,86.5179966391351,85.262546064299,460
-7.6926,53.28823,2022/04/02 23:00:00+00,Sun 03 Apr 2022,534,817,0,3834208,3775373,240378,4074586,4015751,86.5293368503561,85.2798961627401,461
-7.6926,53.28823,2022/04/03 23:00:00+00,Mon 04 Apr 2022,45,50,0,3834253,3775423,240378,4074631,4015801,86.5302924861332,85.2809579802702,462
-7.6926,53.28823,2022/04/04 23:00:00+00,Tue 05 Apr 2022,128,166,0,3834381,3775589,240378,4074759,4015967,86.5330107390101,85.2844832144699,463
-7.6926,53.28823,2022/04/05 23:00:00+00,Wed 06 Apr 2022,158,207,0,3834539,3775796,240378,4074917,4016174,86.5363660824051,85.2888791390444,464
-7.6926,53.28823,2022/04/06 23:00:00+00,Thu 07 Apr 2022,119,174,0,3834658,3775970,240378,4075036,4016348,86.5388932081266,85.292574264049,465
-7.6926,53.28823,2022/04/07 23:00:00+00,Fri 08 Apr 2022,266,414,0,3834924,3776384,240378,4075302,4016762,86.5445420773865,85.3013661131978,466
-7.6926,53.28823,2022/04/08 23:00:00+00,Sat 09 Apr 2022,559,1015,0,3835483,3777399,240378,4075861,4017777,86.5564131973725,85.3229210090579,467
-7.6926,53.28823,2022/04/09 23:00:00+00,Sun 10 Apr 2022,410,718,0,3835893,3778117,240378,4076271,4018495,86.565120101119,85.3381687087895,468
-7.6926,53.28823,2022/04/10 23:00:00+00,Mon 11 Apr 2022,71,90,0,3835964,3778207,240378,4076342,4018585,86.5666278820117,85.3400799803436,469
-7.6926,53.28823,2022/04/11 23:00:00+00,Tue 12 Apr 2022,192,173,0,3836156,3778380,240378,4076534,4018758,86.5707052613271,85.3437538689976,470
-7.6926,53.28823,2022/04/12 23:00:00+00,Wed 13 Apr 2022,145,229,0,3836301,3778609,240378,4076679,4018987,86.5737845321643,85.3486169932853,471
-7.6926,53.28823,2022/04/13 23:00:00+00,Thu 14 Apr 2022,355,424,0,3836656,3779033,240378,4077034,4019411,86.5813234366277,85.3576212059401,472
-7.6926,53.28823,2022/04/14 23:00:00+00,Fri 15 Apr 2022,446,987,0,3837102,3780020,240378,4077480,4020398,86.5907948489957,85.3785814839834,473
-7.6926,53.28823,2022/04/15 23:00:00+00,Sat 16 Apr 2022,42,85,0,3837144,3780105,240378,4077522,4020483,86.591686775721,85.3803865737845,474
-7.6926,53.28823,2022/04/17 23:00:00+00,Mon 18 Apr 2022,35,61,0,3837179,3780166,240378,4077557,4020544,86.592430047992,85.3816819911712,475
-7.6926,53.28823,2022/04/18 23:00:00+00,Tue 19 Apr 2022,216,269,1,3837395,3780435,240379,4077774,4020814,86.5970383360725,85.3874158058335,476
-7.6926,53.28823,2022/04/19 23:00:00+00,Wed 20 Apr 2022,244,601,0,3837639,3781036,240379,4078018,4021415,86.6022200056191,85.4001788525448,477
-7.6926,53.28823,2022/04/20 23:00:00+00,Thu 21 Apr 2022,163,238,0,3837802,3781274,240379,4078181,4021653,86.6056815307671,85.4052331039878,478
-7.6926,53.28823,2022/04/21 23:00:00+00,Fri 22 Apr 2022,196,248,0,3837998,3781522,240379,4078377,4021901,86.6098438554849,85.4104997189369,479
-7.6926,53.28823,2022/04/22 23:00:00+00,Sat 23 Apr 2022,323,1007,0,3838321,3782529,240379,4078700,4022908,86.6167031967291,85.4318847239922,480
-7.6926,53.28823,2022/04/23 23:00:00+00,Sun 24 Apr 2022,182,249,0,3838503,3782778,240379,4078882,4023157,86.6205682125385,85.4371725752919,481
-7.6926,53.28823,2022/04/24 23:00:00+00,Mon 25 Apr 2022,41,55,0,3838544,3782833,240379,4078923,4023212,86.6214389029131,85.438340574575,482
-7.6926,53.28823,2022/04/25 23:00:00+00,Tue 26 Apr 2022,142,236,0,3838686,3783069,240379,4079065,4023448,86.6244544646985,85.4433523533168,483
-7.6926,53.28823,2022/04/26 23:00:00+00,Wed 27 Apr 2022,120,206,0,3838806,3783275,240379,4079185,4023654,86.6270028267706,85.4477270415406,484
-7.6926,53.28823,2022/04/27 23:00:00+00,Thu 28 Apr 2022,105,126,0,3838911,3783401,240379,4079290,4023780,86.6292326435837,85.4504028217164,485
-7.6926,53.28823,2022/04/28 23:00:00+00,Fri 29 Apr 2022,169,217,0,3839080,3783618,240379,4079459,4023997,86.6328215868353,85.4550111097968,486
-7.6926,53.28823,2022/04/29 23:00:00+00,Sat 30 Apr 2022,280,722,0,3839360,3784340,240379,4079739,4024719,86.6387677650036,85.4703437549308,487
-7.6926,53.28823,2022/04/30 23:00:00+00,Sun 01 May 2022,184,748,0,3839544,3785088,240379,4079923,4025467,86.6426752535142,85.4862285451804,488
-7.6926,53.28823,2022/05/01 23:00:00+00,Mon 02 May 2022,10,26,0,3839554,3785114,240379,4079933,4025493,86.6428876170203,85.4867806902961,489
-7.6926,53.28823,2022/05/02 23:00:00+00,Tue 03 May 2022,86,111,0,3839640,3785225,240379,4080019,4025604,86.644713943172,85.4891379252128,490
-7.6926,53.28823,2022/05/03 23:00:00+00,Wed 04 May 2022,112,120,0,3839752,3785345,240379,4080131,4025724,86.6470924144393,85.4916862872849,491
-7.6926,53.28823,2022/05/04 23:00:00+00,Thu 05 May 2022,102,136,0,3839854,3785481,240379,4080233,4025860,86.6492585222006,85.4945744309667,492
