X,Y,VaccinationDate,VaccineText,Dose1,Dose2,SingleDose,Dose1Cum,Dose2Cum,SingleDoseCum,PartiallyVacc,FullyVacc,PartialPercent,FullyPercent,ObjectId
-7.6926,53.28823,2020/12/28 00:00:00+00,Mon 28 Dec 2020,209,18,0,209,18,0,209,18,0.00443839727563105,0.000382254310819899,1
-7.6926,53.28823,2020/12/29 00:00:00+00,Tue 29 Dec 2020,75,2,0,284,20,0,284,20,0.00603112357071397,0.00042472701202211,2
-7.6926,53.28823,2020/12/30 00:00:00+00,Wed 30 Dec 2020,1057,1,0,1341,21,0,1341,21,0.0284779461560825,0.000445963362623216,3
-7.6926,53.28823,2020/12/31 00:00:00+00,Thu 31 Dec 2020,1031,1,0,2372,22,0,2372,22,0.0503726236258223,0.000467199713224322,4
-7.6926,53.28823,2021/01/01 00:00:00+00,Fri 01 Jan 2021,808,0,0,3180,22,0,3180,22,0.0675315949115156,0.000467199713224322,5
-7.6926,53.28823,2021/01/02 00:00:00+00,Sat 02 Jan 2021,1015,0,0,4195,22,0,4195,22,0.0890864907716377,0.000467199713224322,6
-7.6926,53.28823,2021/01/03 00:00:00+00,Sun 03 Jan 2021,20,2,1,4215,24,1,4216,25,0.0895324541342609,0.000530908765027638,7
-7.6926,53.28823,2021/01/04 00:00:00+00,Mon 04 Jan 2021,1186,3,0,5401,27,1,5402,28,0.114718765947172,0.000594617816830955,8
-7.6926,53.28823,2021/01/05 00:00:00+00,Tue 05 Jan 2021,3527,10,0,8928,37,1,8929,38,0.189619374517271,0.00080698132284201,9
-7.6926,53.28823,2021/01/06 00:00:00+00,Wed 06 Jan 2021,6773,8,0,15701,45,1,15702,46,0.333453177138559,0.000976872127650854,10
-7.6926,53.28823,2021/01/07 00:00:00+00,Thu 07 Jan 2021,11720,8,0,27421,53,1,27422,54,0.582343206183516,0.0011467629324597,11
-7.6926,53.28823,2021/01/08 00:00:00+00,Fri 08 Jan 2021,12676,5,0,40097,58,1,40098,59,0.851535186403129,0.00125294468546523,12
-7.6926,53.28823,2021/01/09 00:00:00+00,Sat 09 Jan 2021,8072,6,0,48169,64,1,48170,65,1.02295500845525,0.00138036278907186,13
-7.6926,53.28823,2021/01/10 00:00:00+00,Sun 10 Jan 2021,4777,4,1,52946,68,2,52948,70,1.12442229162734,0.00148654454207739,14
-7.6926,53.28823,2021/01/11 00:00:00+00,Mon 11 Jan 2021,8337,8,0,61283,76,2,61285,78,1.30146974658875,0.00165643534688623,15
-7.6926,53.28823,2021/01/12 00:00:00+00,Tue 12 Jan 2021,8877,10,0,70160,86,2,70162,88,1.48998483087477,0.00186879885289729,16
-7.6926,53.28823,2021/01/13 00:00:00+00,Wed 13 Jan 2021,9877,6,0,80037,92,2,80039,94,1.69973626576189,0.00199621695650392,17
-7.6926,53.28823,2021/01/14 00:00:00+00,Thu 14 Jan 2021,8077,4,0,88114,96,2,88116,98,1.87126226956701,0.00208116235890834,18
-7.6926,53.28823,2021/01/15 00:00:00+00,Fri 15 Jan 2021,7686,2,0,95800,98,2,95802,100,2.03448486028711,0.00212363506011055,19
-7.6926,53.28823,2021/01/16 00:00:00+00,Sat 16 Jan 2021,5228,3,0,101028,101,2,101030,103,2.14550850122969,0.00218734411191387,20
-7.6926,53.28823,2021/01/17 00:00:00+00,Sun 17 Jan 2021,1110,5,0,102138,106,2,102140,108,2.16908085039692,0.0022935258649194,21
-7.6926,53.28823,2021/01/18 00:00:00+00,Mon 18 Jan 2021,8708,8,1,110846,114,3,110849,117,2.35402822778195,0.00248465302032935,22
-7.6926,53.28823,2021/01/19 00:00:00+00,Tue 19 Jan 2021,8374,19,0,119220,133,3,119223,136,2.5318614277156,0.00288814368175035,23
-7.6926,53.28823,2021/01/20 00:00:00+00,Wed 20 Jan 2021,8440,962,0,127660,1095,3,127663,1098,2.71109622678893,0.0233175129600139,24
-7.6926,53.28823,2021/01/21 00:00:00+00,Thu 21 Jan 2021,8998,962,0,136658,2057,3,136661,2060,2.90218090949768,0.0437468822382774,25
-7.6926,53.28823,2021/01/22 00:00:00+00,Fri 22 Jan 2021,6770,967,0,143428,3024,3,143431,3027,3.04595100306717,0.0642824332695464,26
-7.6926,53.28823,2021/01/23 00:00:00+00,Sat 23 Jan 2021,4179,460,0,147607,3484,3,147610,3487,3.13469771222919,0.074051154546055,27
-7.6926,53.28823,2021/01/24 00:00:00+00,Sun 24 Jan 2021,1180,397,0,148787,3881,3,148790,3884,3.15975660593849,0.0824819857346939,28
-7.6926,53.28823,2021/01/25 00:00:00+00,Mon 25 Jan 2021,1351,1285,0,150138,5166,3,150141,5169,3.18844691560058,0.109770696257114,29
-7.6926,53.28823,2021/01/26 00:00:00+00,Tue 26 Jan 2021,1001,3499,0,151139,8665,3,151142,8668,3.20970450255229,0.184076687010383,30
-7.6926,53.28823,2021/01/27 00:00:00+00,Wed 27 Jan 2021,2164,6699,0,153303,15364,3,153306,15367,3.25565996525308,0.326338999687189,31
-7.6926,53.28823,2021/01/28 00:00:00+00,Thu 28 Jan 2021,997,11538,0,154300,26902,3,154303,26905,3.27683260680238,0.571364012922744,32
-7.6926,53.28823,2021/01/29 00:00:00+00,Fri 29 Jan 2021,1566,11526,0,155866,38428,3,155869,38431,3.31008873184372,0.816134189951086,33
-7.6926,53.28823,2021/01/30 00:00:00+00,Sat 30 Jan 2021,627,7792,0,156493,46220,3,156496,46223,3.32340392367061,0.981607833834901,34
-7.6926,53.28823,2021/01/31 00:00:00+00,Sun 31 Jan 2021,220,4086,0,156713,50306,3,156716,50309,3.32807592080285,1.06837956239102,35
-7.6926,53.28823,2021/02/01 00:00:00+00,Mon 01 Feb 2021,1015,8334,0,157728,58640,3,157731,58643,3.34963081666298,1.24536330830063,36
-7.6926,53.28823,2021/02/02 00:00:00+00,Tue 02 Feb 2021,822,5106,0,158550,63746,3,158553,63749,3.36708709685708,1.35379611446988,37
-7.6926,53.28823,2021/02/03 00:00:00+00,Wed 03 Feb 2021,1391,6863,0,159941,70609,3,159944,70612,3.39662686054322,1.49954118864526,38
-7.6926,53.28823,2021/02/04 00:00:00+00,Thu 04 Feb 2021,1421,10541,1,161362,81150,4,161366,81154,3.42682495109799,1.72341479668212,39
-7.6926,53.28823,2021/02/05 00:00:00+00,Fri 05 Feb 2021,3382,8613,0,164744,89763,4,164748,89767,3.49864628883093,1.90632348440944,40
-7.6926,53.28823,2021/02/06 00:00:00+00,Sat 06 Feb 2021,891,3866,0,165635,93629,4,165639,93633,3.51756787721652,1.98842321583331,41
-7.6926,53.28823,2021/02/07 00:00:00+00,Sun 07 Feb 2021,326,1299,2,165961,94928,6,165967,94934,3.52453340021368,2.01605170796535,42
-7.6926,53.28823,2021/02/08 00:00:00+00,Mon 08 Feb 2021,1164,878,0,167125,95806,6,167131,95812,3.54925251231337,2.03469722379312,43
-7.6926,53.28823,2021/02/09 00:00:00+00,Tue 09 Feb 2021,4249,539,2,171374,96345,8,171382,96353,3.63952823871867,2.04618608946832,44
-7.6926,53.28823,2021/02/10 00:00:00+00,Wed 10 Feb 2021,8820,580,0,180194,96925,8,180202,96933,3.82683285102042,2.05850317281696,45
-7.6926,53.28823,2021/02/11 00:00:00+00,Thu 11 Feb 2021,6178,444,0,186372,97369,8,186380,97377,3.95803102503405,2.06793211248385,46
-7.6926,53.28823,2021/02/12 00:00:00+00,Fri 12 Feb 2021,4389,522,0,190761,97891,8,190769,97899,4.0512373678223,2.07901748749763,47
-7.6926,53.28823,2021/02/13 00:00:00+00,Sat 13 Feb 2021,1205,1914,0,191966,99805,8,191974,99813,4.07682717029663,2.11966386254815,48
-7.6926,53.28823,2021/02/14 00:00:00+00,Sun 14 Feb 2021,2692,27,0,194658,99832,8,194666,99840,4.13399542611481,2.12023724401438,49
-7.6926,53.28823,2021/02/15 00:00:00+00,Mon 15 Feb 2021,1957,7886,0,196615,107718,8,196623,107726,4.17555496424117,2.28770710485469,50
-7.6926,53.28823,2021/02/16 00:00:00+00,Tue 16 Feb 2021,5643,8158,0,202258,115876,8,202266,115884,4.29539169068321,2.46095325305851,51
-7.6926,53.28823,2021/02/17 00:00:00+00,Wed 17 Feb 2021,9736,8461,0,211994,124337,8,212002,124345,4.50214880013557,2.64063401549447,52
-7.6926,53.28823,2021/02/18 00:00:00+00,Thu 18 Feb 2021,8452,8349,1,220446,132686,9,220455,132695,4.68165967176672,2.8179575430137,53
-7.6926,53.28823,2021/02/19 00:00:00+00,Fri 19 Feb 2021,9385,6581,0,229831,139267,9,229840,139276,4.88096282215809,2.95771396631957,54
-7.6926,53.28823,2021/02/20 00:00:00+00,Sat 20 Feb 2021,5884,3567,2,235715,142834,11,235726,142845,5.0059599817962,3.03350650161492,55
-7.6926,53.28823,2021/02/21 00:00:00+00,Sun 21 Feb 2021,1108,1023,5,236823,143857,16,236839,143873,5.02959604001523,3.05533747003285,56
-7.6926,53.28823,2021/02/22 00:00:00+00,Mon 22 Feb 2021,3938,1120,1,240761,144977,17,240778,144994,5.11324602503298,3.07914341905669,57
-7.6926,53.28823,2021/02/23 00:00:00+00,Tue 23 Feb 2021,13355,1062,0,254116,146039,17,254133,146056,5.39685748731075,3.10169642339507,58
-7.6926,53.28823,2021/02/24 00:00:00+00,Wed 24 Feb 2021,16936,2101,3,271052,148140,20,271072,148160,5.75658003014288,3.14637770505979,59
-7.6926,53.28823,2021/02/25 00:00:00+00,Thu 25 Feb 2021,18083,1754,2,289135,149894,22,289157,149916,6.14063943076387,3.18366873671534,60
-7.6926,53.28823,2021/02/26 00:00:00+00,Fri 26 Feb 2021,16075,2766,0,305210,152660,22,305232,152682,6.48201376667664,3.24240848247799,61
-7.6926,53.28823,2021/02/27 00:00:00+00,Sat 27 Feb 2021,8988,703,1,314198,153363,23,314221,153386,6.67290732222998,3.25735887330117,62
-7.6926,53.28823,2021/02/28 00:00:00+00,Sun 28 Feb 2021,2441,57,2,316639,153420,25,316664,153445,6.72478772674848,3.25861181798664,63
-7.6926,53.28823,2021/03/01 00:00:00+00,Mon 01 Mar 2021,5585,787,0,322224,154207,25,322249,154232,6.84339274485565,3.27532482590971,64
-7.6926,53.28823,2021/03/02 00:00:00+00,Tue 02 Mar 2021,12172,1606,0,334396,155813,25,334421,155838,7.10188160437231,3.30943040497508,65
-7.6926,53.28823,2021/03/03 00:00:00+00,Wed 03 Mar 2021,12885,1501,1,347281,157314,26,347307,157340,7.37553321821816,3.34132740357794,66
-7.6926,53.28823,2021/03/04 00:00:00+00,Thu 04 Mar 2021,18736,1686,3,366017,159000,29,366046,159029,7.77348119213227,3.37719559974321,67
-7.6926,53.28823,2021/03/05 00:00:00+00,Fri 05 Mar 2021,18437,2392,6,384454,161392,35,384489,161427,8.16514320626846,3.42812036848466,68
-7.6926,53.28823,2021/03/06 00:00:00+00,Sat 06 Mar 2021,10392,137,4,394846,161529,39,394885,161568,8.38591630711755,3.43111469391942,69
-7.6926,53.28823,2021/03/07 00:00:00+00,Sun 07 Mar 2021,1519,10,3,396365,161539,42,396407,161581,8.41823803273244,3.43139076647723,70
-7.6926,53.28823,2021/03/08 00:00:00+00,Mon 08 Mar 2021,6664,1494,5,403029,163033,47,403076,163080,8.55986325489121,3.46322405602829,71
-7.6926,53.28823,2021/03/09 00:00:00+00,Tue 09 Mar 2021,13813,3100,5,416842,166133,52,416894,166185,8.85330714749729,3.52916292464472,72
-7.6926,53.28823,2021/03/10 00:00:00+00,Wed 10 Mar 2021,13725,3984,3,430567,170117,55,430622,170172,9.14483976854926,3.61383225449133,73
-7.6926,53.28823,2021/03/11 00:00:00+00,Thu 11 Mar 2021,18467,2094,3,449034,172211,58,449092,172269,9.53707516415168,3.65836488170185,74
-7.6926,53.28823,2021/03/12 00:00:00+00,Fri 12 Mar 2021,17322,1335,4,466356,173546,62,466418,173608,9.90501617466644,3.68680035515673,75
-7.6926,53.28823,2021/03/13 00:00:00+00,Sat 13 Mar 2021,8299,172,0,474655,173718,62,474717,173780,10.081256648305,3.69045300746012,76
-7.6926,53.28823,2021/03/14 00:00:00+00,Sun 14 Mar 2021,379,18,2,475034,173736,64,475098,173800,10.089347697884,3.69087773447214,77
-7.6926,53.28823,2021/03/15 00:00:00+00,Mon 15 Mar 2021,2651,991,0,477685,174727,64,477749,174791,10.1456452633276,3.71192295791784,78
-7.6926,53.28823,2021/03/16 00:00:00+00,Tue 16 Mar 2021,8930,3818,2,486615,178545,66,486681,178611,10.3353283468966,3.79304581721406,79
-7.6926,53.28823,2021/03/17 00:00:00+00,Wed 17 Mar 2021,4894,2417,6,491509,180962,72,491581,181034,10.4393864648421,3.84450149472054,80
-7.6926,53.28823,2021/03/18 00:00:00+00,Thu 18 Mar 2021,11721,4677,5,503230,185639,77,503307,185716,10.6884039119906,3.94393008823491,81
-7.6926,53.28823,2021/03/19 00:00:00+00,Fri 19 Mar 2021,10364,6123,2,513594,191762,79,513673,191841,10.9085399223217,4.07400273566669,82
-7.6926,53.28823,2021/03/20 00:00:00+00,Sat 20 Mar 2021,5234,3116,3,518828,194878,82,518910,194960,11.0197546904197,4.14023891319153,83
-7.6926,53.28823,2021/03/21 00:00:00+00,Sun 21 Mar 2021,3632,53,3,522460,194931,85,522545,195016,11.0969488248547,4.14142814882519,84
-7.6926,53.28823,2021/03/22 00:00:00+00,Mon 22 Mar 2021,7404,2398,1,529864,197329,86,529950,197415,11.2542040010559,4.19237415391725,85
-7.6926,53.28823,2021/03/23 00:00:00+00,Tue 23 Mar 2021,12558,7380,3,542422,204709,89,542511,204798,11.5209538009564,4.34916213040521,86
-7.6926,53.28823,2021/03/24 00:00:00+00,Wed 24 Mar 2021,13624,9780,2,556046,214489,91,556137,214580,11.810320314247,4.55689611198522,87
-7.6926,53.28823,2021/03/25 00:00:00+00,Thu 25 Mar 2021,20860,10218,3,576906,224707,94,577000,224801,12.2533742968379,4.77395285147912,88
-7.6926,53.28823,2021/03/26 00:00:00+00,Fri 26 Mar 2021,19693,9489,1,596599,234196,95,596694,234291,12.6716029855761,4.97548581868361,89
-7.6926,53.28823,2021/03/27 00:00:00+00,Sat 27 Mar 2021,11737,5341,3,608336,239537,98,608434,239635,12.920917741633,5.08897287629592,90
-7.6926,53.28823,2021/03/28 00:00:00+00,Sun 28 Mar 2021,2487,482,0,610823,240019,98,610921,240117,12.973732545578,5.09920879728565,91
-7.6926,53.28823,2021/03/28 23:00:00+00,Mon 29 Mar 2021,9256,3116,3,620079,243135,101,620180,243236,13.1703599157936,5.1654449748105,92
-7.6926,53.28823,2021/03/29 23:00:00+00,Tue 30 Mar 2021,13322,8658,4,633401,251793,105,633506,251898,13.453355523904,5.34939424371728,93
-7.6926,53.28823,2021/03/30 23:00:00+00,Wed 31 Mar 2021,15824,10496,4,649225,262289,109,649334,262398,13.7894844812183,5.57237592502889,94
-7.6926,53.28823,2021/03/31 23:00:00+00,Thu 01 Apr 2021,19683,11576,8,668908,273865,117,669025,273982,14.2076494609046,5.81837781039209,95
-7.6926,53.28823,2021/04/01 23:00:00+00,Fri 02 Apr 2021,20126,13716,7,689034,287581,124,689158,287705,14.6352009075567,6.10980424969106,96
-7.6926,53.28823,2021/04/02 23:00:00+00,Sat 03 Apr 2021,7541,4639,5,696575,292220,129,696704,292349,14.7954504091926,6.2084258618826,97
-7.6926,53.28823,2021/04/03 23:00:00+00,Sun 04 Apr 2021,3026,168,3,699601,292388,132,699733,292520,14.8597753151634,6.21205727783539,98
-7.6926,53.28823,2021/04/04 23:00:00+00,Mon 05 Apr 2021,3424,606,4,703025,292994,136,703161,293130,14.932573525024,6.22501145170206,99
-7.6926,53.28823,2021/04/05 23:00:00+00,Tue 06 Apr 2021,11982,8156,11,715007,301150,147,715154,301297,15.187261077783,6.39844872706129,100
-7.6926,53.28823,2021/04/06 23:00:00+00,Wed 07 Apr 2021,18346,10463,10,733353,311613,157,733510,311770,15.5770755294169,6.62085702690667,101
-7.6926,53.28823,2021/04/07 23:00:00+00,Thu 08 Apr 2021,20176,10571,14,753529,322184,171,753700,322355,16.0058374480532,6.84564379801937,102
-7.6926,53.28823,2021/04/08 23:00:00+00,Fri 09 Apr 2021,20680,9157,16,774209,331341,187,774396,331528,16.4453449600937,7.04044484208331,103
-7.6926,53.28823,2021/04/09 23:00:00+00,Sat 10 Apr 2021,11162,4164,12,785371,335505,199,785570,335704,16.6826399417105,7.12912784219353,104
-7.6926,53.28823,2021/04/10 23:00:00+00,Sun 11 Apr 2021,2856,359,7,788227,335864,206,788433,336070,16.7434396134814,7.13690034651353,105
-7.6926,53.28823,2021/04/11 23:00:00+00,Mon 12 Apr 2021,7767,2790,13,795994,338654,219,796213,338873,16.908658421158,7.19642583724843,106
-7.6926,53.28823,2021/04/12 23:00:00+00,Tue 13 Apr 2021,11496,8588,1,807490,347242,220,807710,347462,17.1528127440189,7.37882485256133,107
-7.6926,53.28823,2021/04/13 23:00:00+00,Wed 14 Apr 2021,20344,6590,2,827834,353832,222,828056,354054,17.584887533349,7.51881487572381,108
-7.6926,53.28823,2021/04/14 23:00:00+00,Thu 15 Apr 2021,27112,10792,1,854946,364624,223,855169,364847,18.1606687071968,7.74801880776155,109
-7.6926,53.28823,2021/04/15 23:00:00+00,Fri 16 Apr 2021,27967,9822,1,882913,374446,224,883137,374670,18.7546069608085,7.95662347971621,110
-7.6926,53.28823,2021/04/16 23:00:00+00,Sat 17 Apr 2021,15841,4550,2,898754,378996,226,898980,379222,19.0910544633818,8.05329134765244,111
-7.6926,53.28823,2021/04/17 23:00:00+00,Sun 18 Apr 2021,1064,481,0,899818,379477,226,900044,379703,19.1136499404214,8.06350603229157,112
-7.6926,53.28823,2021/04/18 23:00:00+00,Mon 19 Apr 2021,6734,2248,0,906552,381725,226,906778,381951,19.2566555253693,8.11124534844286,113
-7.6926,53.28823,2021/04/19 23:00:00+00,Tue 20 Apr 2021,15079,7311,1,921631,389036,227,921858,389263,19.5768996924339,8.26652554403814,114
-7.6926,53.28823,2021/04/20 23:00:00+00,Wed 21 Apr 2021,26708,9870,4,948339,398906,231,948570,399137,20.1441650896907,8.47621326987345,115
-7.6926,53.28823,2021/04/21 23:00:00+00,Thu 22 Apr 2021,31614,12179,1,979953,411085,232,980185,411317,20.8155523139446,8.73487202019492,116
-7.6926,53.28823,2021/04/22 23:00:00+00,Fri 23 Apr 2021,33618,12349,3,1013571,423434,235,1013806,423669,21.5295396575044,8.99718342281978,117
-7.6926,53.28823,2021/04/23 23:00:00+00,Sat 24 Apr 2021,23693,6986,2,1037264,430420,237,1037501,430657,22.0327349849976,9.1455830408203,118
-7.6926,53.28823,2021/04/24 23:00:00+00,Sun 25 Apr 2021,9744,298,2,1047008,430718,239,1047247,430957,22.239704457956,9.15195394600063,119
-7.6926,53.28823,2021/04/25 23:00:00+00,Mon 26 Apr 2021,15565,3044,3,1062573,433762,242,1062815,434004,22.570311964114,9.2166611062822,120
-7.6926,53.28823,2021/04/26 23:00:00+00,Tue 27 Apr 2021,25910,7804,9,1088483,441566,251,1088734,441817,23.120736935344,9.38258071352864,121
-7.6926,53.28823,2021/04/27 23:00:00+00,Wed 28 Apr 2021,26021,8584,5,1114504,450150,256,1114760,450406,23.6734341960884,9.56497972884153,122
-7.6926,53.28823,2021/08/28 23:00:00+00,Sun 29 Aug 2021,8791,9173,28,3488766,3167304,236767,3725533,3404071,79.1167249639885,72.2900452270559,123
-7.6926,53.28823,2021/08/29 23:00:00+00,Mon 30 Aug 2021,5043,11093,82,3493809,3178397,236849,3730658,3415246,79.2255612608191,72.5273614450232,124
-7.6926,53.28823,2021/08/30 23:00:00+00,Tue 31 Aug 2021,4051,12855,142,3497860,3191252,236991,3734851,3428243,79.3146052788896,72.8033702937858,125
-7.6926,53.28823,2021/08/31 23:00:00+00,Wed 01 Sep 2021,4936,12502,180,3502796,3203754,237171,3739967,3440925,79.4232504485648,73.072689692109,126
-7.6926,53.28823,2021/09/01 23:00:00+00,Thu 02 Sep 2021,5002,12332,247,3507798,3216086,237418,3745216,3453504,79.53472005287,73.3398217463203,127
-7.6926,53.28823,2021/09/02 23:00:00+00,Fri 03 Sep 2021,4763,16035,165,3512561,3232121,237583,3750144,3469704,79.6393727886323,73.6838506260582,128
-7.6926,53.28823,2021/09/03 23:00:00+00,Sat 04 Sep 2021,4621,10557,133,3517182,3242678,237716,3754898,3480394,79.7403303993899,73.9108672139841,129
-7.6926,53.28823,2021/09/04 23:00:00+00,Sun 05 Sep 2021,5304,11889,1,3522486,3254567,237717,3760203,3492284,79.8529892393288,74.1633674226312,130
-7.6926,53.28823,2021/09/05 23:00:00+00,Mon 06 Sep 2021,2146,9655,74,3524632,3264222,237791,3762423,3502013,79.9001339376632,74.3699758776294,131
-7.6926,53.28823,2021/09/06 23:00:00+00,Tue 07 Sep 2021,3019,9990,156,3527651,3274212,237947,3765598,3512159,79.9675593508217,74.5854398908282,132
-7.6926,53.28823,2021/09/07 23:00:00+00,Wed 08 Sep 2021,2598,14793,186,3530249,3289005,238133,3768382,3527138,80.0266813508952,74.9035391864821,133
-7.6926,53.28823,2021/09/08 23:00:00+00,Thu 09 Sep 2021,3110,14781,137,3533359,3303786,238270,3771629,3542056,80.095635781297,75.2203430647494,134
-7.6926,53.28823,2021/09/09 23:00:00+00,Fri 10 Sep 2021,3371,13936,115,3536730,3317722,238385,3775115,3556107,80.1696656994925,75.5187350270456,135
-7.6926,53.28823,2021/09/10 23:00:00+00,Sat 11 Sep 2021,2551,11313,62,3539281,3329035,238447,3777728,3567482,80.2251562836132,75.7602985151331,136
-7.6926,53.28823,2021/09/11 23:00:00+00,Sun 12 Sep 2021,2037,12874,1,3541318,3341909,238448,3779766,3580357,80.2684359661382,76.0337165291224,137
-7.6926,53.28823,2021/09/12 23:00:00+00,Mon 13 Sep 2021,1605,7716,51,3542923,3349625,238499,3781422,3588124,80.3036033627336,76.1986592642412,138
-7.6926,53.28823,2021/09/13 23:00:00+00,Tue 14 Sep 2021,1541,10769,81,3544464,3360394,238580,3783044,3598974,80.3380487234086,76.4290736682631,139
-7.6926,53.28823,2021/09/14 23:00:00+00,Wed 15 Sep 2021,3271,12379,137,3547735,3372773,238717,3786452,3611490,80.4104222062572,76.6948678323866,140
-7.6926,53.28823,2021/09/15 23:00:00+00,Thu 16 Sep 2021,1903,10585,113,3549638,3383358,238830,3788468,3622188,80.453234689069,76.9220543111172,141
-7.6926,53.28823,2021/09/16 23:00:00+00,Fri 17 Sep 2021,2551,14603,92,3552189,3397961,238922,3791111,3636883,80.5093623637078,77.2341224832005,142
-7.6926,53.28823,2021/09/17 23:00:00+00,Sat 18 Sep 2021,2283,11222,45,3554472,3409183,238967,3793439,3648150,80.5588005879071,77.4733924454231,143
-7.6926,53.28823,2021/09/18 23:00:00+00,Sun 19 Sep 2021,1858,8486,15,3556330,3417669,238982,3795312,3656651,80.598576272583,77.6539226618831,144
-7.6926,53.28823,2021/09/19 23:00:00+00,Mon 20 Sep 2021,951,5601,34,3557281,3423270,239016,3796297,3662286,80.6194940779251,77.7735894975203,145
-7.6926,53.28823,2021/09/20 23:00:00+00,Tue 21 Sep 2021,1461,6657,90,3558742,3429927,239106,3797848,3669033,80.6524316577074,77.916871155026,146
-7.6926,53.28823,2021/09/21 23:00:00+00,Wed 22 Sep 2021,1892,8129,97,3560634,3438056,239203,3799837,3677259,80.694670759053,78.0915613750707,147
-7.6926,53.28823,2021/09/22 23:00:00+00,Thu 23 Sep 2021,1692,8745,89,3562326,3446801,239292,3801618,3686093,80.7324926994736,78.2791632962809,148
-7.6926,53.28823,2021/09/23 23:00:00+00,Fri 24 Sep 2021,1907,7381,79,3564233,3454182,239371,3803604,3693553,80.7746680917674,78.4375864717651,149
-7.6926,53.28823,2021/09/24 23:00:00+00,Sat 25 Sep 2021,2412,6583,51,3566645,3460765,239422,3806067,3700187,80.8269732232979,78.5784684216528,150
-7.6926,53.28823,2021/09/25 23:00:00+00,Sun 26 Sep 2021,1538,7093,0,3568183,3467858,239422,3807605,3707280,80.8596347305224,78.7290978564665,151
-7.6926,53.28823,2021/09/26 23:00:00+00,Mon 27 Sep 2021,1173,3796,45,3569356,3471654,239467,3808823,3711121,80.8855006055545,78.8106666791253,152
-7.6926,53.28823,2021/09/27 23:00:00+00,Tue 28 Sep 2021,1443,5117,92,3570799,3476771,239559,3810358,3716330,80.9180984037272,78.9212868294065,153
-7.6926,53.28823,2021/09/28 23:00:00+00,Wed 29 Sep 2021,1650,3607,78,3572449,3480378,239637,3812086,3720015,80.9547948175659,78.9995427813716,154
-7.6926,53.28823,2021/09/29 23:00:00+00,Thu 30 Sep 2021,1279,3949,77,3573728,3484327,239714,3813442,3724041,80.983591308981,79.0850403288916,155
-7.6926,53.28823,2021/09/30 23:00:00+00,Fri 01 Oct 2021,1836,5158,41,3575564,3489485,239755,3815319,3729240,81.0234519390593,79.1954481156667,156
-7.6926,53.28823,2021/10/01 23:00:00+00,Sat 02 Oct 2021,1707,4079,40,3577271,3493564,239795,3817066,3733359,81.0605518435595,79.2829206437927,157
-7.6926,53.28823,2021/10/02 23:00:00+00,Sun 03 Oct 2021,1194,3011,9,3578465,3496575,239804,3818269,3736379,81.0860991733326,79.3470544226081,158
-7.6926,53.28823,2021/10/03 23:00:00+00,Mon 04 Oct 2021,338,1225,17,3578803,3497800,239821,3818624,3737621,81.093638077796,79.3734299700546,159
-7.6926,53.28823,2021/10/04 23:00:00+00,Tue 05 Oct 2021,963,2815,69,3579766,3500615,239890,3819656,3740505,81.1155539916163,79.4346756051882,160
-7.6926,53.28823,2021/10/05 23:00:00+00,Wed 06 Oct 2021,973,2555,37,3580739,3503170,239927,3820666,3743097,81.1370027057234,79.4897202259463,161
-7.6926,53.28823,2021/10/06 23:00:00+00,Thu 07 Oct 2021,1208,2685,44,3581947,3505855,239971,3821918,3745826,81.163590616676,79.5476742267367,162
-7.6926,53.28823,2021/10/07 23:00:00+00,Fri 08 Oct 2021,974,2771,47,3582921,3508626,240018,3822939,3748644,81.1852729306397,79.6075182627306,163
-7.6926,53.28823,2021/10/08 23:00:00+00,Sat 09 Oct 2021,730,2369,23,3583651,3510995,240041,3823692,3751036,81.2012639026424,79.6583156133685,164
-7.6926,53.28823,2021/10/09 23:00:00+00,Sun 10 Oct 2021,1501,3912,1,3585152,3514907,240042,3825194,3754949,81.2331609012452,79.7414134532706,165
-7.6926,53.28823,2021/10/10 23:00:00+00,Mon 11 Oct 2021,331,1109,16,3585483,3516016,240058,3825541,3756074,81.2405299149038,79.7653043476968,166
-7.6926,53.28823,2021/10/11 23:00:00+00,Tue 12 Oct 2021,560,1599,20,3586043,3517615,240078,3826121,3757693,81.2528469982525,79.79968599932,167
-7.6926,53.28823,2021/10/12 23:00:00+00,Wed 13 Oct 2021,1004,2056,11,3587047,3519671,240089,3827136,3759760,81.2744018941126,79.8435815360125,168
-7.6926,53.28823,2021/10/13 23:00:00+00,Thu 14 Oct 2021,687,1581,8,3587734,3521252,240097,3827831,3761349,81.2891611577804,79.8773260971176,169
-7.6926,53.28823,2021/10/14 23:00:00+00,Fri 15 Oct 2021,950,2061,8,3588684,3523313,240105,3828789,3763418,81.3095055816562,79.9212641065113,170
-7.6926,53.28823,2021/10/15 23:00:00+00,Sat 16 Oct 2021,1367,2629,13,3590051,3525942,240118,3830169,3766060,81.3388117454857,79.9773705447995,171
-7.6926,53.28823,2021/10/16 23:00:00+00,Sun 17 Oct 2021,1701,2884,2,3591752,3528826,240120,3831872,3768946,81.3749772505594,80.0386586526343,172
-7.6926,53.28823,2021/10/17 23:00:00+00,Mon 18 Oct 2021,669,1229,4,3592421,3530055,240124,3832545,3770179,81.389269314514,80.0648430729254,173
-7.6926,53.28823,2021/10/18 23:00:00+00,Tue 19 Oct 2021,1331,1780,14,3593752,3531835,240138,3833890,3771973,81.4178322060724,80.1029410859038,174
-7.6926,53.28823,2021/10/19 23:00:00+00,Wed 20 Oct 2021,2244,2303,0,3595996,3534138,240138,3836134,3774276,81.4654865768213,80.1518484013381,175
-7.6926,53.28823,2021/10/20 23:00:00+00,Thu 21 Oct 2021,1745,1809,11,3597741,3535947,240149,3837890,3776096,81.5027776084769,80.1904985594322,176
-7.6926,53.28823,2021/10/21 23:00:00+00,Fri 22 Oct 2021,1495,1909,2,3599236,3537856,240151,3839387,3778007,81.5345684253267,80.2310812254309,177
-7.6926,53.28823,2021/10/22 23:00:00+00,Sat 23 Oct 2021,2009,1682,1,3601245,3539538,240152,3841397,3779690,81.5772534900349,80.2668220034925,178
-7.6926,53.28823,2021/10/23 23:00:00+00,Sun 24 Oct 2021,1946,2182,2,3603191,3541720,240154,3843345,3781874,81.6186219010059,80.3132021932053,179
-7.6926,53.28823,2021/10/24 23:00:00+00,Mon 25 Oct 2021,1216,837,2,3604407,3542557,240156,3844563,3782713,81.644487776038,80.3310194913597,180
-7.6926,53.28823,2021/10/25 23:00:00+00,Tue 26 Oct 2021,1236,1202,6,3605643,3543759,240162,3845805,3783921,81.6708633234846,80.3566730028858,181
-7.6926,53.28823,2021/10/26 23:00:00+00,Wed 27 Oct 2021,1554,1405,5,3607197,3545164,240167,3847364,3785331,81.7039707940718,80.3866162572334,182
-7.6926,53.28823,2021/10/27 23:00:00+00,Thu 28 Oct 2021,2144,1674,4,3609341,3546838,240171,3849512,3787009,81.7495864751629,80.422250853542,183
-7.6926,53.28823,2021/10/28 23:00:00+00,Fri 29 Oct 2021,2133,1347,0,3611474,3548185,240171,3851645,3788356,81.7948836109951,80.4508562178017,184
-7.6926,53.28823,2021/10/29 23:00:00+00,Sat 30 Oct 2021,2010,1440,0,3613484,3549625,240171,3853655,3789796,81.8375686757033,80.4814365626673,185
-7.6926,53.28823,2021/10/30 23:00:00+00,Sun 31 Oct 2021,1592,1315,0,3615076,3550940,240171,3855247,3791111,81.8713769458603,80.5093623637078,186
-7.6926,53.28823,2021/11/01 00:00:00+00,Mon 01 Nov 2021,261,260,2,3615337,3551200,240173,3855510,3791373,81.8769621060683,80.5149262875652,187
-7.6926,53.28823,2021/11/02 00:00:00+00,Tue 02 Nov 2021,1087,1077,9,3616424,3552277,240182,3856606,3792459,81.9002371463272,80.537988964318,188
-7.6926,53.28823,2021/11/03 00:00:00+00,Wed 03 Nov 2021,2532,1846,6,3618956,3554123,240188,3859144,3794311,81.9541350041528,80.5773186856313,189
-7.6926,53.28823,2021/11/04 00:00:00+00,Thu 04 Nov 2021,1540,1256,1,3620496,3555379,240189,3860685,3795568,81.9868602204291,80.6040127783369,190
-7.6926,53.28823,2021/11/05 00:00:00+00,Fri 05 Nov 2021,1629,1071,3,3622125,3556450,240192,3862317,3796642,82.0215179446101,80.6268206188825,191
-7.6926,53.28823,2021/11/06 00:00:00+00,Sat 06 Nov 2021,1816,1340,5,3623941,3557790,240197,3864138,3797987,82.0601893390547,80.655383510441,192
-7.6926,53.28823,2021/11/07 00:00:00+00,Sun 07 Nov 2021,693,768,0,3624634,3558558,240197,3864831,3798755,82.0749061300212,80.6716930277026,193
-7.6926,53.28823,2021/11/08 00:00:00+00,Mon 08 Nov 2021,512,521,2,3625146,3559079,240199,3865345,3799278,82.0858216142302,80.682799639067,194
-7.6926,53.28823,2021/11/09 00:00:00+00,Tue 09 Nov 2021,1374,1044,1,3626520,3560123,240200,3866720,3800323,82.1150215963067,80.7049916254451,195
-7.6926,53.28823,2021/11/10 00:00:00+00,Wed 10 Nov 2021,1624,1331,0,3628144,3561454,240200,3868344,3801654,82.1495094296829,80.7332572080952,196
-7.6926,53.28823,2021/11/11 00:00:00+00,Thu 11 Nov 2021,1394,1092,2,3629538,3562546,240202,3869740,3802748,82.1791553751221,80.7564897756528,197
-7.6926,53.28823,2021/11/12 00:00:00+00,Fri 12 Nov 2021,1150,1120,5,3630688,3563666,240207,3870895,3803873,82.2036833600664,80.7803806700791,198
-7.6926,53.28823,2021/11/13 00:00:00+00,Sat 13 Nov 2021,1405,1358,0,3632093,3565024,240207,3872300,3805231,82.2335204326609,80.8092196341954,199
-7.6926,53.28823,2021/11/14 00:00:00+00,Sun 14 Nov 2021,1646,1800,0,3633739,3566824,240207,3873946,3807031,82.2684754657503,80.8474450652774,200
-7.6926,53.28823,2021/11/15 00:00:00+00,Mon 15 Nov 2021,1246,573,1,3634985,3567397,240208,3875193,3807605,82.2949571949499,80.8596347305224,201
-7.6926,53.28823,2021/11/16 00:00:00+00,Tue 16 Nov 2021,1317,1055,5,3636302,3568452,240213,3876515,3808665,82.3230316504446,80.8821452621596,202
-7.6926,53.28823,2021/11/17 00:00:00+00,Wed 17 Nov 2021,1514,1092,0,3637816,3569544,240213,3878029,3809757,82.3551834852546,80.905335357016,203
-7.6926,53.28823,2021/11/18 00:00:00+00,Thu 18 Nov 2021,1662,2477,5,3639478,3572021,240218,3879696,3812239,82.3905844817067,80.9580439792079,204
-7.6926,53.28823,2021/11/19 00:00:00+00,Fri 19 Nov 2021,1177,1531,0,3640655,3573552,240218,3880873,3813770,82.4155796663642,80.9905568319782,205
-7.6926,53.28823,2021/11/20 00:00:00+00,Sat 20 Nov 2021,1541,2923,12,3642196,3576475,240230,3882426,3816705,82.4485597188477,81.0528855209924,206
-7.6926,53.28823,2021/11/21 00:00:00+00,Sun 21 Nov 2021,1786,2754,0,3643982,3579229,240230,3884212,3819459,82.4864878410213,81.1113704305479,207
-7.6926,53.28823,2021/11/22 00:00:00+00,Mon 22 Nov 2021,708,494,2,3644690,3579723,240232,3884922,3819955,82.5015656499481,81.1219036604461,208
-7.6926,53.28823,2021/11/23 00:00:00+00,Tue 23 Nov 2021,2161,1564,6,3646851,3581287,240238,3887089,3821525,82.5475848217007,81.1552447308898,209
-7.6926,53.28823,2021/11/24 00:00:00+00,Wed 24 Nov 2021,1623,3120,2,3648474,3584407,240240,3888714,3824647,82.5820938914275,81.2215446174664,210
-7.6926,53.28823,2021/11/25 00:00:00+00,Thu 25 Nov 2021,991,1164,1,3649465,3585571,240241,3889706,3825812,82.6031603512238,81.2462849659167,211
-7.6926,53.28823,2021/11/26 00:00:00+00,Fri 26 Nov 2021,1289,1081,12,3650754,3586652,240253,3891007,3826905,82.6307888433558,81.2694962971237,212
-7.6926,53.28823,2021/11/27 00:00:00+00,Sat 27 Nov 2021,1219,1554,6,3651973,3588206,240259,3892232,3828465,82.6568033728421,81.3026250040615,213
-7.6926,53.28823,2021/11/28 00:00:00+00,Sun 28 Nov 2021,1966,2253,0,3653939,3590459,240259,3894198,3830718,82.6985540381239,81.3504705019657,214
-7.6926,53.28823,2021/11/29 00:00:00+00,Mon 29 Nov 2021,544,979,1,3654483,3591438,240260,3894743,3831698,82.7101278492015,81.3712821255548,215
-7.6926,53.28823,2021/11/30 00:00:00+00,Tue 30 Nov 2021,1924,1621,6,3656407,3593059,240266,3896673,3833325,82.7511140058617,81.4058336679828,216
-7.6926,53.28823,2021/12/01 00:00:00+00,Wed 01 Dec 2021,1078,1353,1,3657485,3594412,240267,3897752,3834679,82.7740280281602,81.4345876866967,217
-7.6926,53.28823,2021/12/02 00:00:00+00,Thu 02 Dec 2021,1771,1396,0,3659256,3595808,240267,3899523,3836075,82.8116376050748,81.4642336321359,218
-7.6926,53.28823,2021/12/03 00:00:00+00,Fri 03 Dec 2021,1046,1167,3,3660302,3596975,240270,3900572,3837245,82.8339145368554,81.4890801623391,219
-7.6926,53.28823,2021/12/04 00:00:00+00,Sat 04 Dec 2021,1201,1696,1,3661503,3598671,240271,3901774,3838942,82.8594406302779,81.5251182493092,220
-7.6926,53.28823,2021/12/05 00:00:00+00,Sun 05 Dec 2021,1348,1772,1,3662851,3600443,240272,3903123,3840715,82.8880884672388,81.562770298925,221
-7.6926,53.28823,2021/12/06 00:00:00+00,Mon 06 Dec 2021,933,1278,0,3663784,3601721,240272,3904056,3841993,82.9079019823496,81.5899103549932,222
-7.6926,53.28823,2021/12/07 00:00:00+00,Tue 07 Dec 2021,486,731,1,3664270,3602452,240273,3904543,3842725,82.9182440850924,81.6054553636332,223
-7.6926,53.28823,2021/12/08 00:00:00+00,Wed 08 Dec 2021,806,1494,0,3665076,3603946,240273,3905349,3844219,82.9353605836769,81.6371824714313,224
-7.6926,53.28823,2021/12/09 00:00:00+00,Thu 09 Dec 2021,795,1190,0,3665871,3605136,240273,3906144,3845409,82.9522434824047,81.6624537286466,225
-7.6926,53.28823,2021/12/10 00:00:00+00,Fri 10 Dec 2021,893,1594,1,3666764,3606730,240274,3907038,3847004,82.9712287798421,81.6963257078554,226
-7.6926,53.28823,2021/12/11 00:00:00+00,Sat 11 Dec 2021,639,835,0,3667403,3607565,240274,3907677,3847839,82.9847988078762,81.7140580606073,227
-7.6926,53.28823,2021/12/12 00:00:00+00,Sun 12 Dec 2021,691,1188,0,3668094,3608753,240274,3908368,3849027,82.9994731261416,81.7392868451214,228
-7.6926,53.28823,2021/12/13 00:00:00+00,Mon 13 Dec 2021,726,1048,1,3668820,3609801,240275,3909095,3850076,83.0149119530286,81.761563776902,229
-7.6926,53.28823,2021/12/14 00:00:00+00,Tue 14 Dec 2021,627,1186,1,3669447,3610987,240276,3909723,3851263,83.0282483812061,81.7867713250655,230
-7.6926,53.28823,2021/12/15 00:00:00+00,Wed 15 Dec 2021,798,1229,1,3670245,3612216,240277,3910522,3852493,83.0452162253364,81.8128920363048,231
-7.6926,53.28823,2021/12/16 00:00:00+00,Thu 16 Dec 2021,1062,1516,7,3671307,3613732,240284,3911591,3854016,83.0679178841289,81.8452349982703,232
-7.6926,53.28823,2021/12/17 00:00:00+00,Fri 17 Dec 2021,1211,2434,1,3672518,3616166,240285,3912803,3856451,83.0936563410575,81.896945511984,233
-7.6926,53.28823,2021/12/18 00:00:00+00,Sat 18 Dec 2021,1261,1172,0,3673779,3617338,240285,3914064,3857623,83.1204353791655,81.9218345148885,234
-7.6926,53.28823,2021/12/19 00:00:00+00,Sun 19 Dec 2021,560,878,1,3674339,3618216,240286,3914625,3858502,83.1323489718527,81.9405012670668,235
-7.6926,53.28823,2021/12/20 00:00:00+00,Mon 20 Dec 2021,536,594,0,3674875,3618810,240286,3915161,3859096,83.1437316557749,81.9531156593239,236
-7.6926,53.28823,2021/12/21 00:00:00+00,Tue 21 Dec 2021,1457,1785,3,3676332,3620595,240289,3916621,3860884,83.1747367276525,81.9910862541987,237
-7.6926,53.28823,2021/12/22 00:00:00+00,Wed 22 Dec 2021,1223,1558,2,3677555,3622153,240291,3917846,3862444,83.2007512571389,82.0242149611364,238
-7.6926,53.28823,2021/12/23 00:00:00+00,Thu 23 Dec 2021,957,1343,0,3678512,3623496,240291,3918803,3863787,83.2210744446641,82.0527353799937,239
-7.6926,53.28823,2021/12/24 00:00:00+00,Fri 24 Dec 2021,105,142,0,3678617,3623638,240291,3918908,3863929,83.2233042614772,82.0557509417791,240
-7.6926,53.28823,2021/12/25 00:00:00+00,Sat 25 Dec 2021,2,0,0,3678619,3623638,240291,3918910,3863929,83.2233467341784,82.0557509417791,241
-7.6926,53.28823,2021/12/26 00:00:00+00,Sun 26 Dec 2021,10,7,0,3678629,3623645,240291,3918920,3863936,83.2235590976845,82.0558995962333,242
-7.6926,53.28823,2021/12/27 00:00:00+00,Mon 27 Dec 2021,388,583,0,3679017,3624228,240291,3919308,3864519,83.2317988017177,82.0682803886337,243
-7.6926,53.28823,2021/12/28 00:00:00+00,Tue 28 Dec 2021,465,738,0,3679482,3624966,240291,3919773,3865257,83.2416737047472,82.0839528153773,244
-7.6926,53.28823,2021/12/29 00:00:00+00,Wed 29 Dec 2021,1079,1283,0,3680561,3626249,240291,3920852,3866540,83.2645877270458,82.1111990531985,245
-7.6926,53.28823,2021/12/30 00:00:00+00,Thu 30 Dec 2021,1071,1177,2,3681632,3627426,240293,3921925,3867719,83.2873743312408,82.1362367105573,246
-7.6926,53.28823,2021/12/31 00:00:00+00,Fri 31 Dec 2021,721,1668,0,3682353,3629094,240293,3922646,3869387,83.3026857400242,82.1716589433599,247
-7.6926,53.28823,2022/01/01 00:00:00+00,Sat 01 Jan 2022,68,95,0,3682421,3629189,240293,3922714,3869482,83.3041298118651,82.173676396667,248
-7.6926,53.28823,2022/01/02 00:00:00+00,Sun 02 Jan 2022,270,624,0,3682691,3629813,240293,3922984,3870106,83.3098636265273,82.1869278794421,249
-7.6926,53.28823,2022/01/03 00:00:00+00,Mon 03 Jan 2022,3630,717,1,3686321,3630530,240294,3926615,3870824,83.38697281556,82.2021755791737,250
-7.6926,53.28823,2022/01/04 00:00:00+00,Tue 04 Jan 2022,1192,764,0,3687513,3631294,240294,3927807,3871588,83.4122865454765,82.2184001510329,251
-7.6926,53.28823,2022/01/05 00:00:00+00,Wed 05 Jan 2022,2143,885,0,3689656,3632179,240294,3929950,3872473,83.4577960448146,82.2371943213149,252
-7.6926,53.28823,2022/01/06 00:00:00+00,Thu 06 Jan 2022,2465,1671,0,3692121,3633850,240294,3932415,3874144,83.5101436490464,82.2726802631693,253
-7.6926,53.28823,2022/01/07 00:00:00+00,Fri 07 Jan 2022,4858,765,0,3696979,3634615,240294,3937273,3874909,83.6133098402665,82.2889260713792,254
-7.6926,53.28823,2022/01/08 00:00:00+00,Sat 08 Jan 2022,9793,732,1,3706772,3635347,240295,3947067,3875642,83.8212986580538,82.3044923163698,255
-7.6926,53.28823,2022/01/09 00:00:00+00,Sun 09 Jan 2022,7114,662,0,3713886,3636009,240295,3954181,3876304,83.97237405623,82.3185507804677,256
-7.6926,53.28823,2022/01/10 00:00:00+00,Mon 10 Jan 2022,6659,489,0,3720545,3636498,240295,3960840,3876793,84.1137869148828,82.3289353559117,257
-7.6926,53.28823,2022/01/11 00:00:00+00,Tue 11 Jan 2022,4776,1342,1,3725321,3637840,240296,3965617,3878136,84.2152329617043,82.357455774769,258
-7.6926,53.28823,2022/01/12 00:00:00+00,Wed 12 Jan 2022,7559,888,1,3732880,3638728,240297,3973177,3879025,84.3757797722486,82.3763348904534,259
-7.6926,53.28823,2022/01/13 00:00:00+00,Thu 13 Jan 2022,7329,790,0,3740209,3639518,240297,3980506,3879815,84.5314209858041,82.3931116074282,260
-7.6926,53.28823,2022/01/14 00:00:00+00,Fri 14 Jan 2022,10728,819,0,3750937,3640337,240297,3991234,3880634,84.7592445550528,82.4105041785705,261
-7.6926,53.28823,2022/01/15 00:00:00+00,Sat 15 Jan 2022,8355,637,0,3759292,3640974,240297,3999589,3881271,84.936674264325,82.4240317339034,262
-7.6926,53.28823,2022/01/16 00:00:00+00,Sun 16 Jan 2022,6966,1212,1,3766258,3642186,240298,4006556,3882484,85.0846279189629,82.4497914271826,263
-7.6926,53.28823,2022/01/17 00:00:00+00,Mon 17 Jan 2022,2567,545,0,3768825,3642731,240298,4009123,3883029,85.139141630956,82.4613652382602,264
-7.6926,53.28823,2022/01/18 00:00:00+00,Tue 18 Jan 2022,4064,427,3,3772889,3643158,240301,4013190,3883459,85.2255098688507,82.4704968690186,265
-7.6926,53.28823,2022/01/19 00:00:00+00,Wed 19 Jan 2022,3489,612,0,3776378,3643770,240301,4016679,3884071,85.2996034960979,82.4834935155865,266
-7.6926,53.28823,2022/01/20 00:00:00+00,Thu 20 Jan 2022,3699,925,1,3780077,3644695,240302,4020379,3884997,85.378177993322,82.5031583762431,267
-7.6926,53.28823,2022/01/21 00:00:00+00,Fri 21 Jan 2022,3252,967,0,3783329,3645662,240302,4023631,3885964,85.4472386054768,82.5236939272744,268
-7.6926,53.28823,2022/01/22 00:00:00+00,Sat 22 Jan 2022,4271,637,0,3787600,3646299,240302,4027902,3886601,85.5379390588941,82.5372214826073,269
-7.6926,53.28823,2022/01/23 00:00:00+00,Sun 23 Jan 2022,3092,677,0,3790692,3646976,240302,4030994,3887278,85.6036018549527,82.5515984919643,270
-7.6926,53.28823,2022/01/24 00:00:00+00,Mon 24 Jan 2022,646,458,0,3791338,3647434,240302,4031640,3887736,85.6173205374411,82.5613247405396,271
-7.6926,53.28823,2022/01/25 00:00:00+00,Tue 25 Jan 2022,699,1828,0,3792037,3649262,240302,4032339,3889564,85.6321647465112,82.6001447894384,272
-7.6926,53.28823,2022/01/26 00:00:00+00,Wed 26 Jan 2022,701,885,0,3792738,3650147,240302,4033040,3890449,85.6470514282826,82.6189389597204,273
-7.6926,53.28823,2022/01/27 00:00:00+00,Thu 27 Jan 2022,1274,1162,0,3794012,3651309,240302,4034314,3891611,85.6741065389484,82.6436155991189,274
-7.6926,53.28823,2022/01/28 00:00:00+00,Fri 28 Jan 2022,1032,3090,0,3795044,3654399,240302,4035346,3894701,85.6960224527688,82.7092359224763,275
-7.6926,53.28823,2022/01/29 00:00:00+00,Sat 29 Jan 2022,2328,3442,0,3797372,3657841,240302,4037674,3898143,85.7454606769681,82.7823314412453,276
-7.6926,53.28823,2022/01/30 00:00:00+00,Sun 30 Jan 2022,1633,7538,0,3799005,3665379,240302,4039307,3905681,85.7801396374997,82.9424110520764,277
-7.6926,53.28823,2022/01/31 00:00:00+00,Mon 31 Jan 2022,480,1386,0,3799485,3666765,240302,4039787,3907067,85.7903330857883,82.9718446340096,278
-7.6926,53.28823,2022/02/01 00:00:00+00,Tue 01 Feb 2022,752,3409,1,3800237,3670174,240303,4040540,3910477,85.8063240577909,83.0442605895593,279
-7.6926,53.28823,2022/02/02 00:00:00+00,Wed 02 Feb 2022,644,2994,0,3800881,3673168,240303,4041184,3913471,85.820000267578,83.107842223259,280
-7.6926,53.28823,2022/02/03 00:00:00+00,Thu 03 Feb 2022,911,2429,1,3801792,3675597,240304,4042096,3915901,85.8393678193262,83.1594465552197,281
-7.6926,53.28823,2022/02/04 00:00:00+00,Fri 04 Feb 2022,1172,6517,0,3802964,3682114,240304,4043268,3922418,85.8642568222307,83.2978438520871,282
-7.6926,53.28823,2022/02/05 00:00:00+00,Sat 05 Feb 2022,1777,5747,0,3804741,3687861,240304,4045045,3928165,85.9019938172489,83.4198891589917,283
-7.6926,53.28823,2022/02/06 00:00:00+00,Sun 06 Feb 2022,1408,7555,0,3806149,3695416,240304,4046453,3935720,85.9318945988952,83.580329787783,284
-7.6926,53.28823,2022/02/07 00:00:00+00,Mon 07 Feb 2022,439,1349,0,3806588,3696765,240304,4046892,3937069,85.9412173568091,83.6089776247439,285
-7.6926,53.28823,2022/02/08 00:00:00+00,Tue 08 Feb 2022,896,1233,0,3807484,3697998,240304,4047788,3938302,85.9602451269477,83.6351620450351,286
-7.6926,53.28823,2022/02/09 00:00:00+00,Wed 09 Feb 2022,1333,1779,0,3808817,3699777,240304,4049121,3940081,85.988553182299,83.6729415127544,287
-7.6926,53.28823,2022/02/10 00:00:00+00,Thu 10 Feb 2022,688,2540,0,3809505,3702317,240304,4049809,3942621,86.0031637915125,83.7268818432812,288
-7.6926,53.28823,2022/02/11 00:00:00+00,Fri 11 Feb 2022,556,4912,0,3810061,3707229,240304,4050365,3947533,86.0149712024468,83.8311947974339,289
-7.6926,53.28823,2022/02/12 00:00:00+00,Sat 12 Feb 2022,1396,5460,0,3811457,3712689,240304,4051761,3952993,86.0446171478859,83.9471452717159,290
-7.6926,53.28823,2022/02/13 00:00:00+00,Sun 13 Feb 2022,1567,4705,0,3813024,3717394,240304,4053328,3957698,86.0778945092778,84.0470623012941,291
-7.6926,53.28823,2022/02/14 00:00:00+00,Mon 14 Feb 2022,175,949,1,3813199,3718343,240305,4053504,3958648,86.0816321069836,84.0672368343652,292
-7.6926,53.28823,2022/02/15 00:00:00+00,Tue 15 Feb 2022,649,811,1,3813848,3719154,240306,4054154,3959460,86.0954357348744,84.0844807510533,293
-7.6926,53.28823,2022/02/16 00:00:00+00,Wed 16 Feb 2022,798,1784,0,3814646,3720938,240306,4054952,3961244,86.112382342654,84.1223664005256,294
-7.6926,53.28823,2022/02/17 00:00:00+00,Thu 17 Feb 2022,795,1185,2,3815441,3722123,240308,4055749,3962431,86.1293077140831,84.1475739486892,295
-7.6926,53.28823,2022/02/18 00:00:00+00,Fri 18 Feb 2022,796,3289,0,3816237,3725412,240308,4056545,3965720,86.1462118491616,84.2174203058162,296
-7.6926,53.28823,2022/02/19 00:00:00+00,Sat 19 Feb 2022,979,3550,0,3817216,3728962,240308,4057524,3969270,86.1670022364001,84.2928093504501,297
-7.6926,53.28823,2022/02/20 00:00:00+00,Sun 20 Feb 2022,1367,3587,0,3818583,3732549,240308,4058891,3972857,86.1960323276718,84.3689841400563,298
-7.6926,53.28823,2022/02/21 00:00:00+00,Mon 21 Feb 2022,253,987,2,3818836,3733536,240310,4059146,3973846,86.2014475970751,84.3899868908008,299
-7.6926,53.28823,2022/02/22 00:00:00+00,Tue 22 Feb 2022,475,973,0,3819311,3734509,240310,4059621,3974819,86.2115348636106,84.4106498599356,300
-7.6926,53.28823,2022/02/23 00:00:00+00,Wed 23 Feb 2022,829,1270,1,3820140,3735779,240311,4060451,3976090,86.2291610346095,84.4376412615497,301
-7.6926,53.28823,2022/02/24 00:00:00+00,Thu 24 Feb 2022,659,1227,0,3820799,3737006,240311,4061110,3977317,86.2431557896556,84.4636982637372,302
-7.6926,53.28823,2022/02/25 00:00:00+00,Fri 25 Feb 2022,689,1219,0,3821488,3738225,240311,4061799,3978536,86.2577876352198,84.48958537512,303
-7.6926,53.28823,2022/02/26 00:00:00+00,Sat 26 Feb 2022,960,2088,0,3822448,3740313,240311,4062759,3980624,86.2781745317969,84.5339268751751,304
-7.6926,53.28823,2022/02/27 00:00:00+00,Sun 27 Feb 2022,670,1781,0,3823118,3742094,240311,4063429,3982405,86.2924028866996,84.5717488155956,305
-7.6926,53.28823,2022/02/28 00:00:00+00,Mon 28 Feb 2022,86,424,0,3823204,3742518,240311,4063515,3982829,86.2942292128513,84.5807530282505,306
-7.6926,53.28823,2022/03/01 00:00:00+00,Tue 01 Mar 2022,124,939,0,3823328,3743457,240311,4063639,3983768,86.2968625203258,84.6006939614649,307
-7.6926,53.28823,2022/03/02 00:00:00+00,Wed 02 Mar 2022,206,991,2,3823534,3744448,240313,4063847,3984761,86.3012796812509,84.6217816576118,308
-7.6926,53.28823,2022/03/03 00:00:00+00,Thu 03 Mar 2022,273,1274,0,3823807,3745722,240313,4064120,3986035,86.307077204965,84.6488367682776,309
-7.6926,53.28823,2022/03/04 00:00:00+00,Fri 04 Mar 2022,732,1501,2,3824539,3747223,240315,4064854,3987538,86.3226646863062,84.6807550032311,310
-7.6926,53.28823,2022/03/05 00:00:00+00,Sat 05 Mar 2022,962,3341,0,3825501,3750564,240315,4065816,3990879,86.3430940555844,84.7517056505894,311
-7.6926,53.28823,2022/03/06 00:00:00+00,Sun 06 Mar 2022,456,1914,0,3825957,3752478,240315,4066272,3992793,86.3527778314586,84.7923520256399,312
-7.6926,53.28823,2022/03/07 00:00:00+00,Mon 07 Mar 2022,112,120,0,3826069,3752598,240315,4066384,3992913,86.3551563027259,84.7949003877121,313
-7.6926,53.28823,2022/03/08 00:00:00+00,Tue 08 Mar 2022,120,492,0,3826189,3753090,240315,4066504,3993405,86.357704664798,84.8053486722078,314
-7.6926,53.28823,2022/03/09 00:00:00+00,Wed 09 Mar 2022,125,339,0,3826314,3753429,240315,4066629,3993744,86.3603592086232,84.8125477950616,315
-7.6926,53.28823,2022/03/10 00:00:00+00,Thu 10 Mar 2022,256,507,0,3826570,3753936,240315,4066885,3994251,86.365795714377,84.8233146248163,316
-7.6926,53.28823,2022/03/11 00:00:00+00,Fri 11 Mar 2022,495,2176,0,3827065,3756112,240315,4067380,3996427,86.3763077079246,84.8695249237243,317
-7.6926,53.28823,2022/03/12 00:00:00+00,Sat 12 Mar 2022,472,2387,2,3827537,3758499,240317,4067854,3998816,86.3863737381095,84.9202585653104,318
-7.6926,53.28823,2022/03/13 00:00:00+00,Sun 13 Mar 2022,358,1082,0,3827895,3759581,240317,4068212,3999898,86.3939763516247,84.9432362966608,319
-7.6926,53.28823,2022/03/14 00:00:00+00,Mon 14 Mar 2022,107,120,0,3828002,3759701,240317,4068319,4000018,86.396248641139,84.9457846587329,320
-7.6926,53.28823,2022/03/15 00:00:00+00,Tue 15 Mar 2022,222,756,0,3828224,3760457,240317,4068541,4000774,86.4009631109725,84.9618393397873,321
-7.6926,53.28823,2022/03/16 00:00:00+00,Wed 16 Mar 2022,196,795,0,3828420,3761252,240317,4068737,4001569,86.4051254356903,84.9787222385152,322
-7.6926,53.28823,2022/03/18 00:00:00+00,Fri 18 Mar 2022,2,6,0,3828422,3761258,240317,4068739,4001575,86.4051679083915,84.9788496566188,323
-7.6926,53.28823,2022/03/19 00:00:00+00,Sat 19 Mar 2022,742,2778,0,3829164,3764036,240317,4069481,4004353,86.4209252805375,85.0378442385887,324
-7.6926,53.28823,2022/03/20 00:00:00+00,Sun 20 Mar 2022,394,1400,0,3829558,3765436,240317,4069875,4005753,86.4292924026743,85.0675751294303,325
-7.6926,53.28823,2022/03/21 00:00:00+00,Mon 21 Mar 2022,52,108,0,3829610,3765544,240317,4069927,4005861,86.4303966929056,85.0698686552952,326
-7.6926,53.28823,2022/03/22 00:00:00+00,Tue 22 Mar 2022,138,570,0,3829748,3766114,240317,4070065,4006431,86.4333273092885,85.0819733751378,327
-7.6926,53.28823,2022/03/23 00:00:00+00,Wed 23 Mar 2022,96,219,0,3829844,3766333,240317,4070161,4006650,86.4353659989463,85.0866241359194,328
-7.6926,53.28823,2022/03/24 00:00:00+00,Thu 24 Mar 2022,149,237,0,3829993,3766570,240317,4070310,4006887,86.4385302151858,85.0916571510119,329
-7.6926,53.28823,2022/03/25 00:00:00+00,Fri 25 Mar 2022,437,1617,0,3830430,3768187,240317,4070747,4008504,86.4478105003985,85.1259963299339,330
-7.6926,53.28823,2022/03/26 00:00:00+00,Sat 26 Mar 2022,874,1847,0,3831304,3770034,240317,4071621,4010351,86.4663710708239,85.1652198694941,331
-7.6926,53.28823,2022/03/27 00:00:00+00,Sun 27 Mar 2022,379,802,0,3831683,3770836,240317,4072000,4011153,86.4744196477017,85.1822514226762,332
-7.6926,53.28823,2022/03/27 23:00:00+00,Mon 28 Mar 2022,38,52,0,3831721,3770888,240317,4072038,4011205,86.4752266290245,85.1833557129075,333
-7.6926,53.28823,2022/03/28 23:00:00+00,Tue 29 Mar 2022,135,187,3,3831856,3771075,240320,4072176,4011395,86.4781572454075,85.1873906195217,334
-7.6926,53.28823,2022/03/29 23:00:00+00,Wed 30 Mar 2022,107,133,0,3831963,3771208,240320,4072283,4011528,86.4804295349218,85.1902150541516,335
-7.6926,53.28823,2022/03/30 23:00:00+00,Thu 31 Mar 2022,223,354,0,3832186,3771562,240320,4072506,4011882,86.4851652411058,85.1977327222644,336
-7.6926,53.28823,2022/03/31 23:00:00+00,Fri 01 Apr 2022,309,902,0,3832495,3772464,240320,4072815,4012784,86.4917272734416,85.2168879105066,337
-7.6926,53.28823,2022/04/01 23:00:00+00,Sat 02 Apr 2022,725,1538,0,3833220,3774002,240320,4073540,4014322,86.5071236276274,85.2495494177311,338
-7.6926,53.28823,2022/04/02 23:00:00+00,Sun 03 Apr 2022,534,817,0,3833754,3774819,240320,4074074,4015139,86.5184638388484,85.2668995161722,339
-7.6926,53.28823,2022/04/03 23:00:00+00,Mon 04 Apr 2022,45,50,0,3833799,3774869,240320,4074119,4015189,86.5194194746254,85.2679613337023,340
-7.6926,53.28823,2022/04/04 23:00:00+00,Tue 05 Apr 2022,128,165,0,3833927,3775034,240320,4074247,4015354,86.5221377275024,85.2714653315515,341
-7.6926,53.28823,2022/04/05 23:00:00+00,Wed 06 Apr 2022,158,203,0,3834085,3775237,240320,4074405,4015557,86.5254930708973,85.2757763107235,342
-7.6926,53.28823,2022/04/06 23:00:00+00,Thu 07 Apr 2022,117,173,0,3834202,3775410,240320,4074522,4015730,86.5279777239177,85.2794501993775,343
-7.6926,53.28823,2022/04/07 23:00:00+00,Fri 08 Apr 2022,265,412,0,3834467,3775822,240320,4074787,4016142,86.533605356827,85.2881995758251,344
-7.6926,53.28823,2022/04/08 23:00:00+00,Sat 09 Apr 2022,559,1015,0,3835026,3776837,240320,4075346,4017157,86.545476476813,85.3097544716853,345
-7.6926,53.28823,2022/04/09 23:00:00+00,Sun 10 Apr 2022,410,718,0,3835436,3777555,240320,4075756,4017875,86.5541833805594,85.3250021714169,346
-7.6926,53.28823,2022/04/10 23:00:00+00,Mon 11 Apr 2022,69,89,0,3835505,3777644,240320,4075825,4017964,86.5556486887509,85.3268922066204,347
-7.6926,53.28823,2022/04/11 23:00:00+00,Tue 12 Apr 2022,191,172,0,3835696,3777816,240320,4076016,4018136,86.5597048317157,85.3305448589237,348
-7.6926,53.28823,2022/04/12 23:00:00+00,Wed 13 Apr 2022,146,229,0,3835842,3778045,240320,4076162,4018365,86.5628053389035,85.3354079832114,349
-7.6926,53.28823,2022/04/13 23:00:00+00,Thu 14 Apr 2022,354,422,0,3836196,3778467,240320,4076516,4018787,86.5703230070163,85.3443697231651,350
-7.6926,53.28823,2022/04/14 23:00:00+00,Fri 15 Apr 2022,445,987,0,3836641,3779454,240320,4076961,4019774,86.5797731830338,85.3653300012083,351
-7.6926,53.28823,2022/04/15 23:00:00+00,Sat 16 Apr 2022,42,85,0,3836683,3779539,240320,4077003,4019859,86.580665109759,85.3671350910094,352
-7.6926,53.28823,2022/04/17 23:00:00+00,Mon 18 Apr 2022,35,61,0,3836718,3779600,240320,4077038,4019920,86.5814083820301,85.3684305083961,353
-7.6926,53.28823,2022/04/18 23:00:00+00,Tue 19 Apr 2022,216,269,1,3836934,3779869,240321,4077255,4020190,86.5860166701105,85.3741643230584,354
-7.6926,53.28823,2022/04/19 23:00:00+00,Wed 20 Apr 2022,245,601,0,3837179,3780470,240321,4077500,4020791,86.5912195760078,85.3869273697697,355
-7.6926,53.28823,2022/04/20 23:00:00+00,Thu 21 Apr 2022,158,238,0,3837337,3780708,240321,4077658,4021029,86.5945749194027,85.3919816212127,356
-7.6926,53.28823,2022/04/21 23:00:00+00,Fri 22 Apr 2022,197,246,0,3837534,3780954,240321,4077855,4021275,86.5987584804712,85.3972057634606,357
-7.6926,53.28823,2022/04/22 23:00:00+00,Sat 23 Apr 2022,323,1006,0,3837857,3781960,240321,4078178,4022281,86.6056178217153,85.4185695321653,358
-7.6926,53.28823,2022/04/23 23:00:00+00,Sun 24 Apr 2022,182,249,0,3838039,3782209,240321,4078360,4022530,86.6094828375247,85.423857383465,359
-7.6926,53.28823,2022/04/24 23:00:00+00,Mon 25 Apr 2022,38,50,0,3838077,3782259,240321,4078398,4022580,86.6102898188476,85.424919200995,360
-7.6926,53.28823,2022/04/25 23:00:00+00,Tue 26 Apr 2022,144,232,0,3838221,3782491,240321,4078542,4022812,86.6133478533341,85.4298460343345,361
-7.6926,53.28823,2022/04/26 23:00:00+00,Wed 27 Apr 2022,116,203,0,3838337,3782694,240321,4078658,4023015,86.6158112700038,85.4341570135065,362
-7.6926,53.28823,2022/04/27 23:00:00+00,Thu 28 Apr 2022,102,115,0,3838439,3782809,240321,4078760,4023130,86.6179773777652,85.4365991938257,363
-7.6926,53.28823,2021/04/28 23:00:00+00,Thu 29 Apr 2021,31686,11330,6,1146190,461480,262,1146452,461742,24.3464566193386,9.80571499925567,364
-7.6926,53.28823,2021/04/29 23:00:00+00,Fri 30 Apr 2021,36113,13518,8,1182303,474998,270,1182573,475268,25.1135348394012,10.0929578774862,365
-7.6926,53.28823,2021/04/30 23:00:00+00,Sat 01 May 2021,16560,6681,18,1198863,481679,288,1199151,481967,25.4655910596663,10.235220190163,366
-7.6926,53.28823,2021/05/01 23:00:00+00,Sun 02 May 2021,12438,908,14,1211301,482587,302,1211603,482889,25.7300260973513,10.2548001054172,367
-7.6926,53.28823,2021/05/02 23:00:00+00,Mon 03 May 2021,14249,914,21,1225550,483501,323,1225873,483824,26.033068820429,10.2746560932293,368
-7.6926,53.28823,2021/05/03 23:00:00+00,Tue 04 May 2021,26643,6780,10,1252193,490281,333,1252526,490614,26.5990812730003,10.4188509138108,369
-7.6926,53.28823,2021/05/04 23:00:00+00,Wed 05 May 2021,32088,13452,69,1284281,503733,402,1284683,504135,27.28197859928,10.7059876102883,370
-7.6926,53.28823,2021/05/05 23:00:00+00,Thu 06 May 2021,37262,14372,132,1321543,518105,534,1322077,518639,28.0760906936578,11.0139996394068,371
-7.6926,53.28823,2021/05/06 23:00:00+00,Fri 07 May 2021,40583,15063,97,1362126,533168,631,1362757,533799,28.9399854361108,11.3359427145195,372
-7.6926,53.28823,2021/05/07 23:00:00+00,Sat 08 May 2021,25604,7034,10,1387730,540202,641,1388371,540843,29.4839333204075,11.4855315681537,373
-7.6926,53.28823,2021/05/08 23:00:00+00,Sun 09 May 2021,19662,921,5,1407392,541123,646,1408038,541769,29.9015886276794,11.5051964288103,374
-7.6926,53.28823,2021/05/09 23:00:00+00,Mon 10 May 2021,28821,4634,170,1436213,545757,816,1437029,546573,30.5172516679561,11.607215857098,375
-7.6926,53.28823,2021/05/10 23:00:00+00,Tue 11 May 2021,33913,14807,152,1470126,560564,968,1471094,561532,31.2406679511827,11.92489042574,376
-7.6926,53.28823,2021/05/11 23:00:00+00,Wed 12 May 2021,31276,20924,169,1501402,581488,1137,1502539,582625,31.9084449958345,12.3728287689691,377
-7.6926,53.28823,2021/05/12 23:00:00+00,Thu 13 May 2021,35986,25472,152,1537388,606960,1289,1538677,608249,32.6758842338572,12.9169890167718,378
-7.6926,53.28823,2021/05/13 23:00:00+00,Fri 14 May 2021,38205,27943,235,1575593,634903,1524,1577117,636427,33.4922095509637,13.5153869040098,379
-7.6926,53.28823,2021/05/14 23:00:00+00,Sat 15 May 2021,28843,12444,21,1604436,647347,1545,1605981,648892,34.105175574714,13.7800980142526,380
-7.6926,53.28823,2021/05/15 23:00:00+00,Sun 16 May 2021,23162,1166,9,1627598,648513,1554,1629152,650067,34.5972430544923,13.8050507262089,381
-7.6926,53.28823,2021/05/16 23:00:00+00,Mon 17 May 2021,35376,3937,114,1662974,652450,1668,1664642,654118,35.3509211373255,13.8910791824939,382
-7.6926,53.28823,2021/05/17 23:00:00+00,Tue 18 May 2021,39030,12485,125,1702004,664935,1793,1703797,666728,36.1824304451118,14.1588695635739,383
-7.6926,53.28823,2021/05/18 23:00:00+00,Wed 19 May 2021,37012,17585,204,1739016,682520,1997,1741013,684517,36.9727624690825,14.5366430044169,384
-7.6926,53.28823,2021/05/19 23:00:00+00,Thu 20 May 2021,39065,19638,134,1778081,702158,2131,1780212,704289,37.8052061762953,14.956528128502,385
-7.6926,53.28823,2021/05/20 23:00:00+00,Fri 21 May 2021,25820,23243,14933,1803901,725401,17064,1820965,742465,38.6706511723421,15.7672470490498,386
-7.6926,53.28823,2021/05/21 23:00:00+00,Sat 22 May 2021,16578,10243,13522,1820479,735644,30586,1851065,766230,39.3098653254354,16.2719289210851,387
-7.6926,53.28823,2021/05/22 23:00:00+00,Sun 23 May 2021,8207,5521,10204,1828686,741165,40790,1869476,781955,39.7008477763523,16.6058705342875,388
-7.6926,53.28823,2021/05/23 23:00:00+00,Mon 24 May 2021,22527,8205,8448,1851213,749370,49238,1900451,798608,40.3586437362216,16.9595194808477,389
-7.6926,53.28823,2021/05/24 23:00:00+00,Tue 25 May 2021,30311,16476,3221,1881524,765846,52459,1933983,818305,41.0707410445779,17.3778118786377,390
-7.6926,53.28823,2021/05/25 23:00:00+00,Wed 26 May 2021,19949,25381,3048,1901473,791227,55507,1956980,846734,41.5591133993515,17.9815400898765,391
-7.6926,53.28823,2021/05/26 23:00:00+00,Thu 27 May 2021,16987,36012,551,1918460,827239,56058,1974518,883297,41.9315565161937,18.7580047769047,392
-7.6926,53.28823,2021/05/27 23:00:00+00,Fri 28 May 2021,27011,31812,1558,1945471,859051,57616,2003087,916667,42.5382578165167,19.4666617964636,393
-7.6926,53.28823,2021/05/28 23:00:00+00,Sat 29 May 2021,24454,7380,534,1969925,866431,58150,2028075,924581,43.0689117453371,19.6347262751207,394
-7.6926,53.28823,2021/05/29 23:00:00+00,Sun 30 May 2021,24226,1672,209,1994151,868103,58359,2052510,926462,43.5878219722751,19.6746718506014,395
-7.6926,53.28823,2021/05/30 23:00:00+00,Mon 31 May 2021,22555,7318,3441,2016706,875421,61800,2078506,937221,44.1398821425014,19.9031537467187,396
-7.6926,53.28823,2021/05/31 23:00:00+00,Tue 01 Jun 2021,27507,11504,3650,2044213,886925,65450,2109663,952375,44.8015431181801,20.2249694037279,397
-7.6926,53.28823,2021/06/01 23:00:00+00,Wed 02 Jun 2021,18665,20879,4005,2062878,907804,69455,2132333,977259,45.2829711863071,20.7534147520858,398
-7.6926,53.28823,2021/06/02 23:00:00+00,Thu 03 Jun 2021,16649,30697,1975,2079527,938501,71430,2150957,1009931,45.6784769799021,21.4472487989251,399
-7.6926,53.28823,2021/06/03 23:00:00+00,Fri 04 Jun 2021,28984,23335,150,2108511,961836,71580,2180091,1033416,46.2971768183147,21.9459844927921,400
-7.6926,53.28823,2021/06/04 23:00:00+00,Sat 05 Jun 2021,20936,11480,33,2129447,973316,71613,2201060,1044929,46.7424818540693,22.1904785972626,401
-7.6926,53.28823,2021/06/05 23:00:00+00,Sun 06 Jun 2021,19917,3895,40,2149364,977211,71653,2221017,1048864,47.1662957030156,22.2740436368779,402
-7.6926,53.28823,2021/06/06 23:00:00+00,Mon 07 Jun 2021,19780,4568,42,2169144,981779,71695,2240839,1053474,47.5872426446307,22.371943213149,403
-7.6926,53.28823,2021/06/07 23:00:00+00,Tue 08 Jun 2021,26375,18337,41,2195519,1000116,71736,2267255,1071852,48.1482220821095,22.7622248644962,404
-7.6926,53.28823,2021/06/08 23:00:00+00,Wed 09 Jun 2021,32760,20095,172,2228279,1020211,71908,2300187,1092119,48.8475775801051,23.1926219821288,405
-7.6926,53.28823,2021/06/09 23:00:00+00,Thu 10 Jun 2021,27657,27476,268,2255936,1047687,72176,2328112,1119863,49.440602670641,23.7818032932058,406
-7.6926,53.28823,2021/06/10 23:00:00+00,Fri 11 Jun 2021,26404,32888,40,2282340,1080575,72216,2354556,1152791,50.0021767259366,24.481073845799,407
-7.6926,53.28823,2021/06/11 23:00:00+00,Sat 12 Jun 2021,12186,19709,103,2294526,1100284,72319,2366845,1172603,50.2631502384736,24.9018084239081,408
-7.6926,53.28823,2021/06/12 23:00:00+00,Sun 13 Jun 2021,8530,18159,830,2303056,1118443,73149,2376205,1191592,50.4619224801,25.3050654854725,409
-7.6926,53.28823,2021/06/13 23:00:00+00,Mon 14 Jun 2021,15991,31290,46,2319047,1149733,73195,2392242,1222928,50.8024898346899,25.9705277679088,410
-7.6926,53.28823,2021/06/14 23:00:00+00,Tue 15 Jun 2021,14666,41567,203,2333713,1191300,73398,2407111,1264698,51.1182531317777,26.857570132517,411
-7.6926,53.28823,2021/06/15 23:00:00+00,Wed 16 Jun 2021,13434,48373,212,2347147,1239673,73610,2420757,1313283,51.4080443720804,27.8893382264717,412
-7.6926,53.28823,2021/06/16 23:00:00+00,Thu 17 Jun 2021,21541,42661,534,2368688,1282334,74144,2442832,1356478,51.8768368115998,28.8066423906864,413
-7.6926,53.28823,2021/06/17 23:00:00+00,Fri 18 Jun 2021,11988,50028,549,2380676,1332362,74693,2455369,1407055,52.1430769390859,29.8807132950385,414
-7.6926,53.28823,2021/06/18 23:00:00+00,Sat 19 Jun 2021,6292,32782,431,2386968,1365144,75124,2462092,1440268,52.2858489241771,30.586036207553,415
-7.6926,53.28823,2021/06/19 23:00:00+00,Sun 20 Jun 2021,8495,26130,175,2395463,1391274,75299,2470762,1466573,52.4699680838887,31.1446584101151,416
-7.6926,53.28823,2021/06/20 23:00:00+00,Mon 21 Jun 2021,15442,32318,570,2410905,1423592,75869,2486774,1499461,52.8100045297136,31.8430795086843,417
-7.6926,53.28823,2021/06/21 23:00:00+00,Tue 22 Jun 2021,15106,43519,716,2426011,1467111,76585,2502596,1543696,53.1460060689243,32.7824694775242,418
-7.6926,53.28823,2021/06/22 23:00:00+00,Wed 23 Jun 2021,20061,39371,878,2446072,1506482,77463,2523535,1583945,53.5906740141608,33.6372113528681,419
-7.6926,53.28823,2021/06/23 23:00:00+00,Thu 24 Jun 2021,18996,44243,1030,2465068,1550725,78493,2543561,1629218,54.0159531712986,34.5986446536319,420
-7.6926,53.28823,2021/06/24 23:00:00+00,Fri 25 Jun 2021,15179,50109,836,2480247,1600834,79329,2559576,1680163,54.3560533261753,35.6805305350053,421
-7.6926,53.28823,2021/06/25 23:00:00+00,Sat 26 Jun 2021,9025,30533,498,2489272,1631367,79827,2569099,1711194,54.5582870929496,36.3395157305082,422
-7.6926,53.28823,2021/06/26 23:00:00+00,Sun 27 Jun 2021,8709,30458,55,2497981,1661825,79882,2577863,1741707,54.7444024696177,36.9875004963997,423
-7.6926,53.28823,2021/06/27 23:00:00+00,Mon 28 Jun 2021,24201,24621,517,2522182,1686446,80399,2602581,1766845,55.2693225837758,37.5213398778103,424
-7.6926,53.28823,2021/06/28 23:00:00+00,Tue 29 Jun 2021,28121,31000,806,2550303,1717446,81205,2631508,1798651,55.883626497614,38.196783245029,425
-7.6926,53.28823,2021/06/29 23:00:00+00,Wed 30 Jun 2021,22533,36838,578,2572836,1754284,81783,2654619,1836067,56.3744197963561,38.99136253912,426
-7.6926,53.28823,2021/06/30 23:00:00+00,Thu 01 Jul 2021,14962,48297,633,2587798,1802581,82416,2670214,1884997,56.7056006839804,40.0304571740321,427
-7.6926,53.28823,2021/07/01 23:00:00+00,Fri 02 Jul 2021,13622,47234,812,2601420,1849815,83228,2684648,1933043,57.0121261685567,41.0507788750128,428
-7.6926,53.28823,2021/07/02 23:00:00+00,Sat 03 Jul 2021,9290,30455,503,2610710,1880270,83731,2694441,1964001,57.2200937499934,41.7082138169218,429
-7.6926,53.28823,2021/07/03 23:00:00+00,Sun 04 Jul 2021,6420,27768,230,2617130,1908038,83961,2701091,1991999,57.3613154814907,42.3027891610516,430
-7.6926,53.28823,2021/07/04 23:00:00+00,Mon 05 Jul 2021,15558,33413,5334,2632688,1941451,89295,2721983,2030746,57.804985318249,43.1256340377926,431
-7.6926,53.28823,2021/07/05 23:00:00+00,Tue 06 Jul 2021,12371,48267,5481,2645059,1989718,94776,2739835,2084494,58.1840966491799,44.2670454099009,432
-7.6926,53.28823,2021/07/06 23:00:00+00,Wed 07 Jul 2021,19667,43731,5053,2664726,2033449,99829,2764555,2133278,58.7090592360393,45.3030395376252,433
-7.6926,53.28823,2021/07/07 23:00:00+00,Thu 08 Jul 2021,17732,45567,5988,2682458,2079016,105817,2788275,2184833,59.2127854722975,46.3978795928652,434
-7.6926,53.28823,2021/07/08 23:00:00+00,Fri 09 Jul 2021,13492,45080,6524,2695950,2124096,112341,2808291,2236437,59.6378522659292,47.4937602292846,435
-7.6926,53.28823,2021/07/09 23:00:00+00,Sat 10 Jul 2021,8602,23843,4360,2704552,2147939,116701,2821253,2264640,59.9131178424208,48.0926890252876,436
-7.6926,53.28823,2021/07/10 23:00:00+00,Sun 11 Jul 2021,15211,16095,2150,2719763,2164034,118851,2838614,2282885,60.2818021252066,48.4801462420048,437
-7.6926,53.28823,2021/07/11 23:00:00+00,Mon 12 Jul 2021,17078,31721,6087,2736841,2195755,124938,2861779,2320693,60.7737421868812,49.2830501855314,438
-7.6926,53.28823,2021/07/12 23:00:00+00,Tue 13 Jul 2021,20072,36532,8480,2756913,2232287,133418,2890331,2365705,61.3800824692439,50.2389407987883,439
-7.6926,53.28823,2021/07/13 23:00:00+00,Wed 14 Jul 2021,20765,35663,9328,2777678,2267950,142746,2920424,2410696,62.019147967883,51.1943854486827,440
-7.6926,53.28823,2021/07/14 23:00:00+00,Thu 15 Jul 2021,23585,28799,9570,2801263,2296749,152316,2953579,2449065,62.7232391720626,52.0092029848965,441
-7.6926,53.28823,2021/07/15 23:00:00+00,Fri 16 Jul 2021,23513,27384,9158,2824776,2324133,161474,2986250,2485607,63.4170519825514,52.7852217085621,442
-7.6926,53.28823,2021/07/16 23:00:00+00,Sat 17 Jul 2021,11470,19401,4672,2836246,2343534,166146,3002392,2509680,63.7598491539544,53.2964443765825,443
-7.6926,53.28823,2021/07/17 23:00:00+00,Sun 18 Jul 2021,16835,15790,1924,2853081,2359324,168070,3021151,2527394,64.1582218548806,53.6726250911305,444
-7.6926,53.28823,2021/07/18 23:00:00+00,Mon 19 Jul 2021,24850,18389,6240,2877931,2377713,174310,3052241,2552023,64.8184599950689,54.1956551700851,445
-7.6926,53.28823,2021/07/19 23:00:00+00,Tue 20 Jul 2021,30544,18133,7691,2908475,2395846,182001,3090476,2577847,65.6304318603022,54.7440626880081,446
-7.6926,53.28823,2021/07/20 23:00:00+00,Wed 21 Jul 2021,30315,19799,6881,2938790,2415645,188882,3127672,2604527,66.4203391572609,55.3106485220456,447
-7.6926,53.28823,2021/07/21 23:00:00+00,Thu 22 Jul 2021,33500,15894,6929,2972290,2431539,195811,3168101,2627350,67.278903575713,55.7953257518146,448
-7.6926,53.28823,2021/07/22 23:00:00+00,Fri 23 Jul 2021,27060,20785,5608,2999350,2452324,201419,3200769,2653743,67.9726526771499,56.3558167532296,449
-7.6926,53.28823,2021/07/23 23:00:00+00,Sat 24 Jul 2021,15413,14777,2267,3014763,2467101,203686,3218449,2670787,68.3481113557775,56.7177691128748,450
-7.6926,53.28823,2021/07/24 23:00:00+00,Sun 25 Jul 2021,14698,13620,1039,3029461,2480721,204725,3234186,2685446,68.6823078051871,57.0290727763364,451
-7.6926,53.28823,2021/07/25 23:00:00+00,Mon 26 Jul 2021,23800,18246,3416,3053261,2498967,208141,3261402,2707108,69.2602763231468,57.4890946030576,452
-7.6926,53.28823,2021/07/26 23:00:00+00,Tue 27 Jul 2021,25469,23852,3664,3078730,2522819,211805,3290535,2734624,69.8789549252088,58.0734340261976,453
-7.6926,53.28823,2021/07/27 23:00:00+00,Wed 28 Jul 2021,23402,25242,3256,3102132,2548061,215061,3317193,2763122,70.445073559533,58.6786275456279,454
-7.6926,53.28823,2021/07/28 23:00:00+00,Thu 29 Jul 2021,19228,27815,2953,3121360,2575876,218014,3339374,2793890,70.9161170522162,59.3320275809227,455
-7.6926,53.28823,2021/07/29 23:00:00+00,Fri 30 Jul 2021,21919,22892,2113,3143279,2598768,220127,3363406,2818895,71.4264690298619,59.8630425277033,456
-7.6926,53.28823,2021/07/30 23:00:00+00,Sat 31 Jul 2021,13717,12438,906,3156996,2611206,221033,3378029,2832239,71.7370081847019,60.1464203901245,457
-7.6926,53.28823,2021/07/31 23:00:00+00,Sun 01 Aug 2021,11067,9293,368,3168063,2620499,221401,3389464,2841900,71.9798458538255,60.3515847732818,458
-7.6926,53.28823,2021/08/01 23:00:00+00,Mon 02 Aug 2021,14993,15959,424,3183056,2636458,221825,3404881,2858283,72.3072466710428,60.6994999051797,459
-7.6926,53.28823,2021/08/02 23:00:00+00,Tue 03 Aug 2021,17311,25400,1105,3200367,2661858,222930,3423297,2884788,72.6983353037127,61.262369377862,460
-7.6926,53.28823,2021/08/03 23:00:00+00,Wed 04 Aug 2021,22074,17247,1571,3222441,2679105,224501,3446942,2903606,73.2004688136759,61.6619950234736,461
-7.6926,53.28823,2021/08/04 23:00:00+00,Thu 05 Aug 2021,13501,29993,1421,3235942,2709098,225922,3461864,2935020,73.5173576373456,62.3291137412567,462
-7.6926,53.28823,2021/08/05 23:00:00+00,Fri 06 Aug 2021,12167,24713,946,3248109,2733811,226868,3474977,2960679,73.7958299027779,62.8740172613305,463
-7.6926,53.28823,2021/08/06 23:00:00+00,Sat 07 Aug 2021,6322,8417,580,3254431,2742228,227448,3481879,2969676,73.9424031946267,63.0650807076886,464
-7.6926,53.28823,2021/08/07 23:00:00+00,Sun 08 Aug 2021,8604,11939,153,3263035,2754167,227601,3490636,2981768,74.1283699168406,63.3218706591572,465
-7.6926,53.28823,2021/08/08 23:00:00+00,Mon 09 Aug 2021,5517,22986,598,3268552,2777153,228199,3496751,3005352,74.2582302007663,63.8227087517337,466
-7.6926,53.28823,2021/08/09 23:00:00+00,Tue 10 Aug 2021,9323,25945,710,3277875,2803098,228909,3506784,3032007,74.4712945063472,64.3887636770062,467
-7.6926,53.28823,2021/08/10 23:00:00+00,Wed 11 Aug 2021,6986,31196,656,3284861,2834294,229565,3514426,3063859,74.6335826976409,65.0651839163526,468
-7.6926,53.28823,2021/08/11 23:00:00+00,Thu 12 Aug 2021,6736,38244,858,3291597,2872538,230423,3522020,3102961,74.7948515441057,65.895567697557,469
-7.6926,53.28823,2021/08/12 23:00:00+00,Fri 13 Aug 2021,10898,28200,866,3302495,2900738,231289,3533784,3132027,75.0446759725771,66.5128234641287,470
-7.6926,53.28823,2021/08/13 23:00:00+00,Sat 14 Aug 2021,18114,5816,277,3320609,2906554,231566,3552175,3138120,75.435233696482,66.6422165483413,471
-7.6926,53.28823,2021/08/14 23:00:00+00,Sun 15 Aug 2021,16992,3704,49,3337601,2910258,231615,3569216,3141873,75.7971223470755,66.7219165721472,472
-7.6926,53.28823,2021/08/15 23:00:00+00,Mon 16 Aug 2021,10164,23098,383,3347765,2933356,231998,3579763,3165354,76.0211021368653,67.2205673206118,473
-7.6926,53.28823,2021/08/16 23:00:00+00,Tue 17 Aug 2021,12847,26826,526,3360612,2960182,232524,3593136,3192706,76.3050958534539,67.8014239822532,474
-7.6926,53.28823,2021/08/17 23:00:00+00,Wed 18 Aug 2021,15211,25740,656,3375823,2985922,233180,3609003,3219102,76.6420530284416,68.36197869272,475
-7.6926,53.28823,2021/08/18 23:00:00+00,Thu 19 Aug 2021,11345,25661,540,3387168,3011583,233720,3620888,3245303,76.8944470553358,68.9183923148196,476
-7.6926,53.28823,2021/08/19 23:00:00+00,Fri 20 Aug 2021,14822,22208,684,3401990,3033791,234404,3636394,3268195,77.2237379077565,69.4045348527801,477
-7.6926,53.28823,2021/08/20 23:00:00+00,Sat 21 Aug 2021,11861,7948,243,3413851,3041739,234647,3648498,3276386,77.4807826954323,69.5784818005537,478
-7.6926,53.28823,2021/08/21 23:00:00+00,Sun 22 Aug 2021,8000,12236,161,3421851,3053975,234808,3656659,3288783,77.6540925526879,69.8417488389556,479
-7.6926,53.28823,2021/08/22 23:00:00+00,Mon 23 Aug 2021,10849,15339,288,3432700,3069314,235096,3667796,3304410,77.8906017893324,70.1736092897991,480
-7.6926,53.28823,2021/08/23 23:00:00+00,Tue 24 Aug 2021,9693,22880,383,3442393,3092194,235479,3677872,3327673,78.1045792579892,70.6676305138326,481
-7.6926,53.28823,2021/08/24 23:00:00+00,Wed 25 Aug 2021,9403,19483,312,3451796,3111677,235791,3687587,3347468,78.3108904040789,71.0880040739815,482
-7.6926,53.28823,2021/08/25 23:00:00+00,Thu 26 Aug 2021,8562,19393,365,3460358,3131070,236156,3696514,3367226,78.500467305895,71.5075918891581,483
-7.6926,53.28823,2021/08/26 23:00:00+00,Fri 27 Aug 2021,9704,19171,430,3470062,3150241,236586,3706648,3386827,78.7156764828866,71.9238455972904,484
-7.6926,53.28823,2021/08/27 23:00:00+00,Sat 28 Aug 2021,9913,7890,153,3479975,3158131,236739,3716714,3394870,78.9294415880373,72.0946495651751,485
