X,Y,VaccinationDate,VaccineText,Dose1,Dose2,SingleDose,Dose1Cum,Dose2Cum,SingleDoseCum,PartiallyVacc,FullyVacc,PartialPercent,FullyPercent,ObjectId
-7.6926,53.28823,2021/08/10 23:00:00+00,Wed 11 Aug 2021,6905,30900,633,3255111,2809315,226213,3481324,3035528,82.3394624521111,71.7955995415342,1
-7.6926,53.28823,2021/04/19 23:00:00+00,Tue 20 Apr 2021,14925,7228,0,913237,386331,47,913284,386378,21.600779940653,9.13852224708811,2
-7.6926,53.28823,2021/08/11 23:00:00+00,Thu 12 Aug 2021,6636,37975,849,3261747,2847290,227062,3488809,3074352,82.5164959245641,72.7138557251703,3
-7.6926,53.28823,2021/04/20 23:00:00+00,Wed 21 Apr 2021,26520,9767,0,939757,396098,47,939804,396145,22.2280247889435,9.36952905075527,4
-7.6926,53.28823,2021/04/21 23:00:00+00,Thu 22 Apr 2021,31462,12082,0,971219,408180,47,971266,408227,22.9721566674093,9.65528969393195,5
-7.6926,53.28823,2021/08/12 23:00:00+00,Fri 13 Aug 2021,10802,27913,843,3272549,2875203,227905,3500454,3103108,82.7919207457686,73.3939859234146,6
-7.6926,53.28823,2021/04/22 23:00:00+00,Fri 23 Apr 2021,33422,12297,0,1004641,420477,47,1004688,420524,23.7626460082677,9.94613546691189,7
-7.6926,53.28823,2021/08/13 23:00:00+00,Sat 14 Aug 2021,18041,5642,267,3290590,2880845,228172,3518762,3109017,83.224937287341,73.5337442118214,8
-7.6926,53.28823,2021/04/23 23:00:00+00,Sat 24 Apr 2021,23526,6927,0,1028167,427404,47,1028214,427451,24.319077467577,10.109971253643,9
-7.6926,53.28823,2021/08/14 23:00:00+00,Sun 15 Aug 2021,16955,3605,39,3307545,2884450,228211,3535756,3112661,83.6268754076973,73.6199312490451,10
-7.6926,53.28823,2021/04/24 23:00:00+00,Sun 25 Apr 2021,9658,241,0,1037825,427645,47,1037872,427692,24.5475062286927,10.1156713293759,11
-7.6926,53.28823,2021/08/15 23:00:00+00,Mon 16 Aug 2021,10101,22870,350,3317646,2907320,228561,3546207,3135881,83.8740600196688,74.1691252677971,12
-7.6926,53.28823,2021/04/25 23:00:00+00,Mon 26 Apr 2021,15434,2957,1,1053259,430602,48,1053307,430650,24.9125712450337,10.1856332547622,13
-7.6926,53.28823,2021/08/16 23:00:00+00,Tue 17 Aug 2021,12772,26610,511,3330418,2933930,229072,3559490,3163002,84.1882264344442,74.8105848277702,14
-7.6926,53.28823,2021/04/26 23:00:00+00,Tue 27 Apr 2021,25742,7721,2,1079001,438323,50,1079051,438373,25.5214623224994,10.3682958476486,15
-7.6926,53.28823,2021/08/17 23:00:00+00,Wed 18 Aug 2021,15140,25515,645,3345558,2959445,229717,3575275,3189162,84.5615695690695,75.429315040111,16
-7.6926,53.28823,2021/04/27 23:00:00+00,Wed 28 Apr 2021,25879,8499,1,1104880,446822,51,1104931,446873,26.1335700402127,10.5693358631263,17
-7.6926,53.28823,2021/08/18 23:00:00+00,Thu 19 Aug 2021,11292,25454,522,3356850,2984899,230239,3587089,3215138,84.8409915388171,76.0436933274109,18
-7.6926,53.28823,2021/04/28 23:00:00+00,Thu 29 Apr 2021,31538,11233,0,1136418,458055,51,1136469,458106,26.8794994529346,10.8350161565217,19
-7.6926,53.28823,2021/08/19 23:00:00+00,Fri 20 Aug 2021,14742,22021,664,3371592,3006920,230903,3602495,3237823,85.2053706539288,76.5802336510712,20
-7.6926,53.28823,2021/04/29 23:00:00+00,Fri 30 Apr 2021,35926,13445,0,1172344,471500,51,1172395,471551,27.7292128171761,11.1530141574744,21
-7.6926,53.28823,2021/08/20 23:00:00+00,Sat 21 Aug 2021,11802,7813,224,3383394,3014733,231127,3614521,3245860,85.4898067981799,76.770322898647,22
-7.6926,53.28823,2021/04/30 23:00:00+00,Sat 01 May 2021,16384,6603,0,1188728,478103,51,1188779,478154,28.116723359951,11.3091867718508,23
-7.6926,53.28823,2021/08/21 23:00:00+00,Sun 22 Aug 2021,7984,12160,156,3391378,3026893,231283,3622661,3258176,85.682332177708,77.0616180551909,24
-7.6926,53.28823,2021/05/01 23:00:00+00,Sun 02 May 2021,12312,859,1,1201040,478962,52,1201092,479014,28.4079475611954,11.3295272910638,25
-7.6926,53.28823,2021/08/22 23:00:00+00,Mon 23 Aug 2021,10797,15147,271,3402175,3042040,231554,3633729,3273594,85.9441099296265,77.426280991501,26
-7.6926,53.28823,2021/05/02 23:00:00+00,Mon 03 May 2021,14100,849,1,1215140,479811,53,1215193,479864,28.7414611209897,11.3496312926116,27
-7.6926,53.28823,2021/08/23 23:00:00+00,Tue 24 Aug 2021,9638,22708,368,3411813,3064748,231922,3643735,3296670,86.1807695054936,77.9720691558732,28
-7.6926,53.28823,2021/05/03 23:00:00+00,Tue 04 May 2021,26445,6693,1,1241585,486504,54,1241639,486558,29.3669557385572,11.5079562177419,29
-7.6926,53.28823,2021/08/24 23:00:00+00,Wed 25 Aug 2021,9342,19268,305,3421155,3084016,232227,3653382,3316243,86.4089380971775,78.435005182102,30
-7.6926,53.28823,2021/05/04 23:00:00+00,Wed 05 May 2021,31856,13321,62,1273441,499825,116,1273557,499941,30.1218728225592,11.82448780917,31
-7.6926,53.28823,2021/08/25 23:00:00+00,Thu 26 Aug 2021,8507,19222,358,3429662,3103238,232585,3662247,3335823,86.6186110074375,78.8981067706966,32
-7.6926,53.28823,2021/05/05 23:00:00+00,Thu 06 May 2021,37073,14263,119,1310514,514088,235,1310749,514323,31.0015293232236,12.1646475153583,33
-7.6926,53.28823,2021/08/26 23:00:00+00,Fri 27 Aug 2021,9652,19016,425,3439314,3122254,233010,3672324,3355264,86.856949858728,79.3579207637439,34
-7.6926,53.28823,2021/05/06 23:00:00+00,Fri 07 May 2021,40356,14954,81,1350870,529042,316,1351186,529358,31.9579358062674,12.5202518250886,35
-7.6926,53.28823,2021/08/27 23:00:00+00,Sat 28 Aug 2021,9877,7764,145,3449191,3130018,233155,3682346,3363173,87.0939878628595,79.5449825852043,36
-7.6926,53.28823,2021/05/07 23:00:00+00,Sat 08 May 2021,25398,6959,2,1376268,536001,318,1376586,536319,32.5586906760479,12.6848917718816,37
-7.6926,53.28823,2021/08/28 23:00:00+00,Sun 29 Aug 2021,8782,9121,23,3457973,3139139,233178,3691151,3372317,87.3022416671279,79.7612543383253,38
-7.6926,53.28823,2021/05/08 23:00:00+00,Sun 09 May 2021,19546,866,0,1395814,536867,318,1396132,537185,33.0209881045805,12.7053742016938,39
-7.6926,53.28823,2021/08/29 23:00:00+00,Mon 30 Aug 2021,5016,10950,77,3462989,3150089,233255,3696244,3383344,87.4227001140488,80.0220623678162,40
-7.6926,53.28823,2021/05/09 23:00:00+00,Mon 10 May 2021,28599,4527,155,1424413,541394,473,1424886,541867,33.7010709992919,12.8161117725722,41
-7.6926,53.28823,2021/08/30 23:00:00+00,Tue 31 Aug 2021,4010,12668,134,3466999,3162757,233389,3700388,3396146,87.5207130345358,80.3248522828922,42
-7.6926,53.28823,2021/05/10 23:00:00+00,Tue 11 May 2021,34117,14715,143,1458530,556109,616,1459146,556725,34.5113805204997,13.1675297196272,43
-7.6926,53.28823,2021/08/31 23:00:00+00,Wed 01 Sep 2021,4895,12362,171,3471894,3175119,233560,3705454,3408679,87.6405328837606,80.6212798727724,44
-7.6926,53.28823,2021/05/11 23:00:00+00,Wed 12 May 2021,31030,20813,143,1489560,576922,759,1490319,577681,35.2486770384393,13.6631761389626,45
-7.6926,53.28823,2021/09/01 23:00:00+00,Thu 02 Sep 2021,4959,12227,243,3476853,3187346,233803,3710656,3421149,87.7635693732329,80.9162174013615,46
-7.6926,53.28823,2021/05/12 23:00:00+00,Thu 13 May 2021,35766,25373,134,1525326,602295,893,1526219,603188,36.0977754567511,14.2664617477615,47
-7.6926,53.28823,2021/09/02 23:00:00+00,Fri 03 Sep 2021,4718,15881,159,3481571,3203227,233962,3715533,3437189,87.8789190385841,81.2955917364512,48
-7.6926,53.28823,2021/05/13 23:00:00+00,Fri 14 May 2021,37968,27851,221,1563294,630146,1114,1564408,631260,37.0010127686427,14.9304141377015,49
-7.6926,53.28823,2021/09/03 23:00:00+00,Sat 04 Sep 2021,4600,10497,128,3486171,3213724,234090,3720261,3447814,87.9907445907227,81.5468917557983,50
-7.6926,53.28823,2021/09/04 23:00:00+00,Sun 05 Sep 2021,5290,11833,0,3491461,3225557,234090,3725551,3459647,88.1158624356495,81.8267631091099,51
-7.6926,53.28823,2021/09/05 23:00:00+00,Mon 06 Sep 2021,2103,9562,68,3493564,3235119,234158,3727722,3469277,88.1672104207791,82.0545296207628,52
-7.6926,53.28823,2021/09/06 23:00:00+00,Tue 07 Sep 2021,2994,9887,134,3496558,3245006,234292,3730850,3479298,88.2411931464749,82.2915439731278,53
-7.6926,53.28823,2021/09/07 23:00:00+00,Wed 08 Sep 2021,2568,14677,178,3499126,3259683,234470,3733596,3494153,88.3061408973575,82.6428909648833,54
-7.6926,53.28823,2021/09/08 23:00:00+00,Thu 09 Sep 2021,3075,14677,135,3502201,3274360,234605,3736806,3508965,88.3820630679085,82.9932209306781,55
-7.6926,53.28823,2021/09/09 23:00:00+00,Fri 10 Sep 2021,3348,13839,107,3505549,3288199,234712,3740261,3522911,88.4637799212585,83.3230684666607,56
-7.6926,53.28823,2021/09/10 23:00:00+00,Sat 11 Sep 2021,2537,11227,57,3508086,3299426,234769,3742855,3534195,88.525132603629,83.589955000149,57
-7.6926,53.28823,2021/09/11 23:00:00+00,Sun 12 Sep 2021,2022,12842,0,3510108,3312268,234769,3744877,3547037,88.5729564755462,83.8936909858861,58
-7.6926,53.28823,2021/09/12 23:00:00+00,Mon 13 Sep 2021,1573,7636,46,3511681,3319904,234815,3746496,3554719,88.6112486855531,84.0753838563448,59
-7.6926,53.28823,2021/09/13 23:00:00+00,Tue 14 Sep 2021,1515,10672,79,3513196,3330576,234894,3748090,3565470,88.6489496013968,84.3296639982744,60
-7.6926,53.28823,2021/09/14 23:00:00+00,Wed 15 Sep 2021,3244,12307,130,3516440,3342883,235024,3751464,3577907,88.7287506616582,84.6238210185681,61
-7.6926,53.28823,2021/09/15 23:00:00+00,Thu 16 Sep 2021,1881,10499,109,3518321,3353382,235133,3753454,3588515,88.7758176770465,84.8747189578842,62
-7.6926,53.28823,2021/09/16 23:00:00+00,Fri 17 Sep 2021,2534,14515,89,3520855,3367897,235222,3756077,3603119,88.8378562606462,85.2201293562415,63
-7.6926,53.28823,2021/09/17 23:00:00+00,Sat 18 Sep 2021,2268,11165,40,3523123,3379062,235262,3758385,3614324,88.8924445377901,85.4851474001742,64
-7.6926,53.28823,2021/09/18 23:00:00+00,Sun 19 Sep 2021,1853,8455,11,3524976,3387517,235273,3760249,3622790,88.936531430596,85.68538325559,65
-7.6926,53.28823,2021/09/19 23:00:00+00,Mon 20 Sep 2021,946,5548,29,3525922,3393065,235302,3761224,3628367,88.9595919029596,85.8172891575099,66
-7.6926,53.28823,2021/09/20 23:00:00+00,Tue 21 Sep 2021,1440,6588,89,3527362,3399653,235391,3762753,3635044,88.9957554539791,85.9752120026093,67
-7.6926,53.28823,2021/09/21 23:00:00+00,Wed 22 Sep 2021,1881,8064,94,3529243,3407717,235485,3764728,3643202,89.0424676928695,86.1681631139348,68
-7.6926,53.28823,2021/09/22 23:00:00+00,Thu 23 Sep 2021,1677,8680,85,3530920,3416397,235570,3766490,3651967,89.0841421054897,86.3754708475421,69
-7.6926,53.28823,2021/09/23 23:00:00+00,Fri 24 Sep 2021,1896,7294,79,3532816,3423691,235649,3768465,3659340,89.1308543443801,86.5498553221442,70
-7.6926,53.28823,2021/09/24 23:00:00+00,Sat 25 Sep 2021,2399,6532,50,3535215,3430223,235699,3770914,3665922,89.1887775206042,86.7055312494235,71
-7.6926,53.28823,2021/09/25 23:00:00+00,Sun 26 Sep 2021,1535,7077,0,3536750,3437300,235699,3772449,3672999,89.2250829822229,86.8729148011336,72
-7.6926,53.28823,2021/09/26 23:00:00+00,Mon 27 Sep 2021,1164,3697,45,3537914,3440997,235744,3773658,3676741,89.2536779679537,86.9614197114768,73
-7.6926,53.28823,2021/09/27 23:00:00+00,Tue 28 Sep 2021,1434,5039,89,3539348,3446036,235833,3775181,3681869,89.2896996083741,87.0827059702262,74
-7.6926,53.28823,2021/09/28 23:00:00+00,Wed 29 Sep 2021,1630,3533,72,3540978,3449569,235905,3776883,3685474,89.3299549150026,87.1679705885553,75
-7.6926,53.28823,2021/09/29 23:00:00+00,Thu 30 Sep 2021,1265,3877,77,3542243,3453446,235982,3778225,3689428,89.3616955856816,87.2614896734022,76
-7.6926,53.28823,2021/09/30 23:00:00+00,Fri 01 Oct 2021,1830,5088,37,3544073,3458534,236019,3780092,3694553,89.4058534337871,87.382704976852,77
-7.6926,53.28823,2021/10/01 23:00:00+00,Sat 02 Oct 2021,1702,4035,39,3545775,3462569,236058,3781833,3698627,89.4470311593103,87.4790622736822,78
-7.6926,53.28823,2021/10/02 23:00:00+00,Sun 03 Oct 2021,1203,2989,8,3546978,3465558,236066,3783044,3701624,89.4756734485742,87.5499466179629,79
-7.6926,53.28823,2021/10/03 23:00:00+00,Mon 04 Oct 2021,328,1156,16,3547306,3466714,236082,3783388,3702796,89.4838096562594,87.5776664883324,80
-7.6926,53.28823,2021/10/04 23:00:00+00,Tue 05 Oct 2021,970,2748,68,3548276,3469462,236150,3784426,3705612,89.5083601899142,87.6442698628718,81
-7.6926,53.28823,2021/10/05 23:00:00+00,Wed 06 Oct 2021,973,2489,34,3549249,3471951,236184,3785433,3708135,89.5321775188067,87.7039432698189,82
-7.6926,53.28823,2021/10/06 23:00:00+00,Thu 07 Oct 2021,1198,2626,41,3550447,3474577,236225,3786672,3710802,89.5614820575334,87.7670225311458,83
-7.6926,53.28823,2021/10/07 23:00:00+00,Fri 08 Oct 2021,980,2681,42,3551427,3477258,236267,3787694,3713525,89.5856541629238,87.8314262913983,84
-7.6926,53.28823,2021/10/08 23:00:00+00,Sat 09 Oct 2021,728,2317,18,3552155,3479575,236285,3788440,3715860,89.6032983807528,87.8866531662383,85
-7.6926,53.28823,2021/10/09 23:00:00+00,Sun 10 Oct 2021,1526,3888,0,3553681,3483463,236285,3789966,3719748,89.6393909764726,87.9786112344945,86
-7.6926,53.28823,2021/10/10 23:00:00+00,Mon 11 Oct 2021,323,1065,12,3554004,3484528,236297,3790301,3720825,89.6473143182591,88.0040841870438,87
-7.6926,53.28823,2021/10/11 23:00:00+00,Tue 12 Oct 2021,545,1562,20,3554549,3486090,236317,3790866,3722407,89.6606775663468,88.0415012816892,88
-7.6926,53.28823,2021/10/12 23:00:00+00,Wed 13 Oct 2021,997,1974,9,3555546,3488064,236326,3791872,3724390,89.6844712434727,88.0884027347119,89
-7.6926,53.28823,2021/10/13 23:00:00+00,Thu 14 Oct 2021,695,1510,7,3556241,3489574,236333,3792574,3725907,89.7010747835745,88.124282464533,90
-7.6926,53.28823,2021/10/14 23:00:00+00,Fri 15 Oct 2021,949,1997,5,3557190,3491571,236338,3793528,3727909,89.7236385688411,88.1716333011196,91
-7.6926,53.28823,2021/10/15 23:00:00+00,Sat 16 Oct 2021,1375,2589,11,3558565,3494160,236349,3794914,3730509,89.7564199172472,88.2331278940893,92
-7.6926,53.28823,2021/10/16 23:00:00+00,Sun 17 Oct 2021,1709,2868,1,3560274,3497028,236350,3796624,3733378,89.796864438008,88.3009848122546,93
-7.6926,53.28823,2021/10/17 23:00:00+00,Mon 18 Oct 2021,668,1169,3,3560942,3498197,236353,3797295,3734550,89.8127347733475,88.328704682624,94
-7.6926,53.28823,2021/10/18 23:00:00+00,Tue 19 Oct 2021,1328,1727,10,3562270,3499924,236363,3798633,3736287,89.8443808369603,88.3697878010811,95
-7.6926,53.28823,2021/10/19 23:00:00+00,Wed 20 Oct 2021,2243,2248,0,3564513,3502172,236363,3800876,3738535,89.8974317492799,88.4229569722333,96
-7.6926,53.28823,2021/10/20 23:00:00+00,Thu 21 Oct 2021,1744,1761,8,3566257,3503933,236371,3802628,3740304,89.9388696442349,88.4647969472192,97
-7.6926,53.28823,2021/10/21 23:00:00+00,Fri 22 Oct 2021,1478,1887,1,3567735,3505820,236372,3804107,3742192,89.973850606928,88.5094514824218,98
-7.6926,53.28823,2021/10/22 23:00:00+00,Sat 23 Oct 2021,2002,1658,0,3569737,3507478,236372,3806109,3743850,90.0212014435146,88.5486661113232,99
-7.6926,53.28823,2021/10/23 23:00:00+00,Sun 24 Oct 2021,1942,2171,0,3571679,3509649,236372,3808051,3746021,90.0671331741096,88.6000140964529,100
-7.6926,53.28823,2021/10/24 23:00:00+00,Mon 25 Oct 2021,1210,805,0,3572889,3510454,236372,3809261,3746826,90.0957518116071,88.6190537685069,101
-7.6926,53.28823,2021/10/25 23:00:00+00,Tue 26 Oct 2021,1233,1158,5,3574122,3511612,236377,3810499,3747989,90.1250326985672,88.6465607729776,102
-7.6926,53.28823,2021/10/26 23:00:00+00,Wed 27 Oct 2021,1550,1382,4,3575672,3512994,236381,3812053,3749375,90.1617875437499,88.6793421213837,103
-7.6926,53.28823,2021/10/27 23:00:00+00,Thu 28 Oct 2021,2140,1638,2,3577812,3514632,236383,3814195,3751015,90.2124496276502,88.7181310184876,104
-7.6926,53.28823,2021/10/28 23:00:00+00,Fri 29 Oct 2021,2122,1310,0,3579934,3515942,236383,3816317,3752325,90.2626386762201,88.7491148326377,105
-7.6926,53.28823,2021/10/29 23:00:00+00,Sat 30 Oct 2021,1999,1419,0,3581933,3517361,236383,3818316,3753744,90.3099185575071,88.7826766893392,106
-7.6926,53.28823,2021/10/30 23:00:00+00,Sun 31 Oct 2021,1622,1309,0,3583555,3518670,236383,3819938,3755053,90.3482817228136,88.8136368517228,107
-7.6926,53.28823,2021/11/01 00:00:00+00,Mon 01 Nov 2021,246,240,0,3583801,3518910,236383,3820184,3755293,90.3541000573792,88.8193132756893,108
-7.6926,53.28823,2021/11/02 00:00:00+00,Tue 02 Nov 2021,1078,1048,9,3584879,3519958,236392,3821271,3756350,90.3798095275938,88.8443131929081,109
-7.6926,53.28823,2021/11/03 00:00:00+00,Wed 03 Nov 2021,2517,1774,5,3587396,3521732,236397,3823793,3758129,90.4394592827744,88.8863896855592,110
-7.6926,53.28823,2021/11/04 00:00:00+00,Thu 04 Nov 2021,1543,1208,0,3588939,3522940,236397,3825336,3759337,90.4759539585252,88.9149610195236,111
-7.6926,53.28823,2021/11/05 00:00:00+00,Fri 05 Nov 2021,1598,1001,0,3590537,3523941,236397,3826934,3760338,90.513749481435,88.9386364378169,112
-7.6926,53.28823,2021/11/06 00:00:00+00,Sat 06 Nov 2021,1818,1311,5,3592355,3525252,236402,3828757,3761654,90.5568666518134,88.9697621625662,113
-7.6926,53.28823,2021/11/07 00:00:00+00,Sun 07 Nov 2021,727,763,0,3593082,3526015,236402,3829484,3762417,90.5740614860783,88.9878084604261,114
-7.6926,53.28823,2021/11/08 00:00:00+00,Mon 08 Nov 2021,501,483,1,3593583,3526498,236403,3829986,3762901,90.5859346728748,88.9992559154251,115
-7.6926,53.28823,2021/11/09 00:00:00+00,Tue 09 Nov 2021,1366,980,1,3594949,3527478,236404,3831353,3763882,90.6182666377169,89.0224582983878,116
-7.6926,53.28823,2021/11/10 00:00:00+00,Wed 10 Nov 2021,1563,1267,0,3596512,3528745,236404,3832916,3765149,90.6552343487983,89.0524250865773,117
-7.6926,53.28823,2021/11/11 00:00:00+00,Thu 11 Nov 2021,1385,1031,1,3597897,3529776,236405,3834302,3766181,90.6880156972044,89.0768337096329,118
-7.6926,53.28823,2021/11/12 00:00:00+00,Fri 12 Nov 2021,1124,1051,5,3599021,3530827,236410,3835431,3767237,90.7147185416132,89.1018099750852,119
-7.6926,53.28823,2021/11/13 00:00:00+00,Sat 13 Nov 2021,1403,1322,0,3600424,3532149,236410,3836834,3768559,90.7479019700502,89.1330776104336,120
-7.6926,53.28823,2021/11/14 00:00:00+00,Sun 14 Nov 2021,1642,1789,0,3602066,3533938,236410,3838476,3770348,90.7867381706872,89.1753906207501,121
-7.6926,53.28823,2021/11/15 00:00:00+00,Mon 15 Nov 2021,1238,532,0,3603304,3534470,236410,3839714,3770880,90.8160190576474,89.1879733605423,122
-7.6926,53.28823,2021/11/16 00:00:00+00,Tue 16 Nov 2021,1304,997,4,3604608,3535467,236414,3841022,3771881,90.8469555682644,89.2116487788356,123
-7.6926,53.28823,2021/11/17 00:00:00+00,Wed 17 Nov 2021,1492,1017,0,3606100,3536484,236414,3842514,3772898,90.8822440039224,89.2357026253934,124
-7.6926,53.28823,2021/11/18 00:00:00+00,Thu 18 Nov 2021,1600,2397,5,3607700,3538881,236419,3844119,3775300,90.9202050891979,89.2925141685907,125
-7.6926,53.28823,2021/11/19 00:00:00+00,Fri 19 Nov 2021,1114,1418,0,3608814,3540299,236419,3845233,3776718,90.9465531571088,89.3260523735257,126
-7.6926,53.28823,2021/11/20 00:00:00+00,Sat 20 Nov 2021,1487,2857,10,3610301,3543156,236429,3846730,3779585,90.9819598515994,89.393861988158,127
-7.6926,53.28823,2021/11/21 00:00:00+00,Sun 21 Nov 2021,1779,2742,0,3612080,3545898,236429,3848509,3782327,91.0240363442505,89.4587151319745,128
-7.6926,53.28823,2021/11/22 00:00:00+00,Mon 22 Nov 2021,689,435,2,3612769,3546333,236431,3849200,3782764,91.0403797149205,89.4690509539467,129
-7.6926,53.28823,2021/11/23 00:00:00+00,Tue 23 Nov 2021,2137,1496,4,3614906,3547829,236435,3851341,3784264,91.0910181470544,89.5045286037369,130
-7.6926,53.28823,2021/11/24 00:00:00+00,Wed 24 Nov 2021,1565,2995,0,3616471,3550824,236435,3852906,3787259,91.1280331616688,89.5753656444846,131
-7.6926,53.28823,2021/11/25 00:00:00+00,Thu 25 Nov 2021,906,1036,0,3617377,3551860,236435,3853812,3788295,91.1494616621421,89.5998688746064,132
-7.6926,53.28823,2021/11/26 00:00:00+00,Fri 26 Nov 2021,1214,943,13,3618591,3552803,236448,3855039,3789251,91.1784823796705,89.622479963406,133
-7.6926,53.28823,2021/11/27 00:00:00+00,Sat 27 Nov 2021,1208,1467,5,3619799,3554270,236453,3856252,3790723,91.2071719724674,89.6572953637334,134
-7.6926,53.28823,2021/11/28 00:00:00+00,Sun 28 Nov 2021,1970,2226,0,3621769,3556496,236453,3858222,3792949,91.2537659525252,89.7099441960221,135
-7.6926,53.28823,2021/11/29 00:00:00+00,Mon 29 Nov 2021,506,903,1,3622275,3557399,236454,3858729,3793853,91.2657573981543,89.7313253929623,136
-7.6926,53.28823,2021/11/30 00:00:00+00,Tue 30 Nov 2021,1839,1494,4,3624114,3558893,236458,3860572,3795351,91.3093476038632,89.7667557392194,137
-7.6926,53.28823,2021/05/14 23:00:00+00,Sat 15 May 2021,28616,12339,1,1591910,642485,1115,1593025,643600,37.6778553713398,15.2222769366421,138
-7.6926,53.28823,2021/05/15 23:00:00+00,Sun 16 May 2021,23008,1109,0,1614918,643594,1115,1616033,644709,38.2220352155882,15.2485067457203,139
-7.6926,53.28823,2021/05/16 23:00:00+00,Mon 17 May 2021,35179,3858,100,1650097,647452,1215,1651312,648667,39.0564458868868,15.3421204376334,140
-7.6926,53.28823,2021/05/17 23:00:00+00,Tue 18 May 2021,38791,12360,108,1688888,659812,1323,1690211,661135,39.9764759530125,15.6370106626894,141
-7.6926,53.28823,2021/05/18 23:00:00+00,Wed 19 May 2021,36759,17473,193,1725647,677285,1516,1727163,678801,40.8504560297104,16.0548427701517,142
-7.6926,53.28823,2021/05/19 23:00:00+00,Thu 20 May 2021,38813,19518,108,1764460,696803,1624,1766084,698427,41.7710064346996,16.5190323400064,143
-7.6926,53.28823,2021/05/20 23:00:00+00,Fri 21 May 2021,25574,23071,14908,1790034,719874,16532,1806566,736406,42.7284772472371,17.4173027809274,144
-7.6926,53.28823,2021/05/21 23:00:00+00,Sat 22 May 2021,16374,10148,13490,1806408,730022,30022,1836430,760044,43.4348136027932,17.9763832380877,145
-7.6926,53.28823,2021/05/22 23:00:00+00,Sun 23 May 2021,8059,5470,10189,1814467,735492,40211,1854678,775703,43.866411038374,18.3467462501307,146
-7.6926,53.28823,2021/05/23 23:00:00+00,Mon 24 May 2021,22300,8084,8425,1836767,743576,48636,1885403,792212,44.5931115649097,18.7372132637215,147
-7.6926,53.28823,2021/05/24 23:00:00+00,Tue 25 May 2021,30048,16355,3205,1866815,759931,51841,1918656,811772,45.379603757225,19.1998418169855,148
-7.6926,53.28823,2021/05/25 23:00:00+00,Wed 26 May 2021,19666,25289,3028,1886481,785220,54869,1941350,840089,45.916356946784,19.8695888897246,149
-7.6926,53.28823,2021/05/26 23:00:00+00,Thu 27 May 2021,16722,35841,540,1903203,821061,55409,1958612,876470,46.3246337405694,20.7300638077357,150
-7.6926,53.28823,2021/05/27 23:00:00+00,Fri 28 May 2021,26746,31698,1513,1929949,852759,56922,1986871,909681,46.99300901085,21.515562625857,151
-7.6926,53.28823,2021/05/28 23:00:00+00,Sat 29 May 2021,24247,7301,493,1954196,860060,57415,2011611,917475,47.5781537147228,21.6999044941668,152
-7.6926,53.28823,2021/05/29 23:00:00+00,Sun 30 May 2021,24071,1604,182,1978267,861664,57597,2035864,919261,48.151780008297,21.7421465491836,153
-7.6926,53.28823,2021/05/30 23:00:00+00,Mon 31 May 2021,22270,7210,3409,2000537,868874,61006,2061543,929880,48.7591337209385,21.9933046579316,154
-7.6926,53.28823,2021/05/31 23:00:00+00,Tue 01 Jun 2021,27161,11350,3617,2027698,880224,64623,2092321,944847,49.4870877911,22.3473006475381,155
-7.6926,53.28823,2021/06/01 23:00:00+00,Wed 02 Jun 2021,18359,20746,3970,2046057,900970,68593,2114650,969563,50.0152080858767,22.9318777090142,156
-7.6926,53.28823,2021/06/02 23:00:00+00,Thu 03 Jun 2021,16422,30530,1951,2062479,931500,70544,2133023,1002044,50.4497619922734,23.7001107375709,157
-7.6926,53.28823,2021/06/03 23:00:00+00,Fri 04 Jun 2021,28741,23159,113,2091220,954659,70657,2161877,1025316,51.1322100636374,24.2505346481823,158
-7.6926,53.28823,2021/06/04 23:00:00+00,Sat 05 Jun 2021,20680,11352,2,2111900,966011,70659,2182559,1036670,51.6213758989445,24.5190768053275,159
-7.6926,53.28823,2021/06/05 23:00:00+00,Sun 06 Jun 2021,19734,3794,7,2131634,969805,70666,2202300,1040471,52.0882854219499,24.6089771698958,160
-7.6926,53.28823,2021/06/06 23:00:00+00,Mon 07 Jun 2021,19526,4392,0,2151160,974197,70666,2221826,1044863,52.550109815152,24.7128557284815,161
-7.6926,53.28823,2021/06/07 23:00:00+00,Tue 08 Jun 2021,26258,18341,12,2177418,992538,70678,2248096,1063216,53.1714417218108,25.1469365995477,162
-7.6926,53.28823,2021/06/08 23:00:00+00,Wed 09 Jun 2021,32575,19903,141,2209993,1012441,70819,2280812,1083260,53.9452329155012,25.6210126078107,163
-7.6926,53.28823,2021/06/09 23:00:00+00,Thu 10 Jun 2021,27403,27293,234,2237396,1039734,71053,2308449,1110787,54.5988967870021,26.2720747849936,164
-7.6926,53.28823,2021/06/10 23:00:00+00,Fri 11 Jun 2021,26185,32697,2,2263581,1072431,71055,2334636,1143486,55.2182655970392,27.0454638986531,165
-7.6926,53.28823,2021/06/11 23:00:00+00,Sat 12 Jun 2021,11945,19535,75,2275526,1091966,71130,2346656,1163096,55.5025598306912,27.5092750402435,166
-7.6926,53.28823,2021/06/12 23:00:00+00,Sun 13 Jun 2021,8396,18062,807,2283922,1110028,71937,2355859,1181965,55.7202270380372,27.9555602228375,167
-7.6926,53.28823,2021/06/13 23:00:00+00,Mon 14 Jun 2021,15770,31077,9,2299692,1141105,71946,2371638,1213051,56.0934282620635,28.6907990370893,168
-7.6926,53.28823,2021/06/14 23:00:00+00,Tue 15 Jun 2021,14415,41270,175,2314107,1182375,72121,2386228,1254496,56.4385075356893,29.6710465007921,169
-7.6926,53.28823,2021/06/15 23:00:00+00,Wed 16 Jun 2021,13148,48075,190,2327255,1230450,72311,2399566,1302761,56.7539747976237,30.8125990122076,170
-7.6926,53.28823,2021/06/16 23:00:00+00,Thu 17 Jun 2021,21273,42387,497,2348528,1272837,72808,2421336,1345645,57.2688737549119,31.8268813679425,171
-7.6926,53.28823,2021/06/17 23:00:00+00,Fri 18 Jun 2021,11798,49787,521,2360326,1322624,73329,2433655,1395953,57.5602398667554,33.0167544383722,172
-7.6926,53.28823,2021/06/18 23:00:00+00,Sat 19 Jun 2021,6069,32595,400,2366395,1355219,73729,2440124,1428948,57.7132431444172,33.7971444749237,173
-7.6926,53.28823,2021/06/19 23:00:00+00,Sun 20 Jun 2021,8339,26002,158,2374734,1381221,73887,2448621,1455108,57.9142122045954,34.4158746872645,174
-7.6926,53.28823,2021/06/20 23:00:00+00,Mon 21 Jun 2021,15211,32096,532,2389945,1413317,74419,2464364,1487736,58.2865619650266,35.1875845255006,175
-7.6926,53.28823,2021/06/21 23:00:00+00,Tue 22 Jun 2021,14879,43291,686,2404824,1456608,75105,2479929,1531713,58.6547017110161,36.2277182620493,176
-7.6926,53.28823,2021/06/22 23:00:00+00,Wed 23 Jun 2021,19796,39095,847,2424620,1495703,75952,2500572,1571655,59.1429451274286,37.1724171206623,177
-7.6926,53.28823,2021/06/23 23:00:00+00,Thu 24 Jun 2021,18782,43977,999,2443402,1539680,76951,2520353,1616631,59.6108007210951,38.2361789719712,178
-7.6926,53.28823,2021/06/24 23:00:00+00,Fri 25 Jun 2021,14924,49858,784,2458326,1589538,77735,2536061,1667273,59.9823226696979,39.4339517324209,179
-7.6926,53.28823,2021/06/25 23:00:00+00,Sat 26 Jun 2021,8798,30297,451,2467124,1619835,78186,2545310,1698021,60.2010778583042,40.1611962495867,180
-7.6926,53.28823,2021/06/26 23:00:00+00,Sun 27 Jun 2021,8565,30273,32,2475689,1650108,78218,2553907,1728326,60.404412095135,40.8779630341811,181
-7.6926,53.28823,2021/06/27 23:00:00+00,Mon 28 Jun 2021,23988,24361,449,2499677,1674469,78667,2578344,1753136,60.9823903137501,41.4647633617107,182
-7.6926,53.28823,2021/06/28 23:00:00+00,Tue 29 Jun 2021,27857,30702,754,2527534,1705171,79421,2606955,1784592,61.6590910058481,42.2087533295774,183
-7.6926,53.28823,2021/06/29 23:00:00+00,Wed 30 Jun 2021,22252,36502,529,2549786,1741673,79950,2629736,1821623,62.1979018990949,43.084601895831,184
-7.6926,53.28823,2021/06/30 23:00:00+00,Thu 01 Jul 2021,14588,48034,581,2564374,1789707,80531,2644905,1870238,62.5566755455398,44.2344325255309,185
-7.6926,53.28823,2021/07/01 23:00:00+00,Fri 02 Jul 2021,13339,46939,767,2577713,1836646,81298,2659011,1917944,62.8903073641667,45.362763699458,186
-7.6926,53.28823,2021/07/02 23:00:00+00,Sat 03 Jul 2021,9096,30157,456,2586809,1866803,81754,2668563,1948557,63.1162290380306,46.0868152281426,187
-7.6926,53.28823,2021/07/03 23:00:00+00,Sun 04 Jul 2021,6278,27628,196,2593087,1894431,81950,2675037,1976381,63.2693505745251,46.744901979984,188
-7.6926,53.28823,2021/07/04 23:00:00+00,Mon 05 Jul 2021,15228,33053,5302,2608315,1927484,87252,2695567,2014736,63.7549213413201,47.652065485119,189
-7.6926,53.28823,2021/07/05 23:00:00+00,Tue 06 Jul 2021,12114,48063,5433,2620429,1975547,92685,2713114,2068232,64.1699388885657,48.9173403872362,190
-7.6926,53.28823,2021/07/06 23:00:00+00,Wed 07 Jul 2021,19416,43390,4987,2639845,2018937,97672,2737517,2116609,64.7471129471189,50.0615418965027,191
-7.6926,53.28823,2021/07/07 23:00:00+00,Thu 08 Jul 2021,17526,45276,5942,2657371,2064213,103614,2760985,2167827,65.3021726039696,51.2729380744718,192
-7.6926,53.28823,2021/07/08 23:00:00+00,Fri 09 Jul 2021,13283,44772,6491,2670654,2108985,110105,2780759,2219090,65.7698626352704,52.4853985819347,193
-7.6926,53.28823,2021/07/09 23:00:00+00,Sat 10 Jul 2021,8415,23566,4316,2679069,2132551,114421,2793490,2246972,66.0709732749229,53.1448571362346,194
-7.6926,53.28823,2021/07/10 23:00:00+00,Sun 11 Jul 2021,15095,15936,2129,2694164,2148487,116550,2810714,2265037,66.4783513015804,53.5721262985411,195
-7.6926,53.28823,2021/07/11 23:00:00+00,Mon 12 Jul 2021,16917,31408,6035,2711081,2179895,122585,2833666,2302480,67.0212066469033,54.4577193926037,196
-7.6926,53.28823,2021/07/12 23:00:00+00,Tue 13 Jul 2021,19884,36192,8443,2730965,2216087,131028,2861993,2347115,67.6911902373076,55.513415991527,197
-7.6926,53.28823,2021/07/13 23:00:00+00,Wed 14 Jul 2021,20580,35311,9280,2751545,2251398,140308,2891853,2391706,68.3974319857976,56.5680719127231,198
-7.6926,53.28823,2021/07/14 23:00:00+00,Thu 15 Jul 2021,23390,28450,9521,2774935,2279848,149829,2924764,2429677,69.1758352739608,57.4661531395118,199
-7.6926,53.28823,2021/07/15 23:00:00+00,Fri 16 Jul 2021,23341,27018,9114,2798276,2306866,158943,2957219,2465809,69.9434533565878,58.3207387676578,200
-7.6926,53.28823,2021/07/16 23:00:00+00,Sat 17 Jul 2021,11354,19118,4629,2809630,2325984,163572,2973202,2489556,70.3214795409854,58.8823972673695,201
-7.6926,53.28823,2021/07/17 23:00:00+00,Sun 18 Jul 2021,16737,15593,1907,2826367,2341577,165479,2991846,2507056,70.7624430761109,59.2963031815883,202
-7.6926,53.28823,2021/07/18 23:00:00+00,Mon 19 Jul 2021,24659,18057,6189,2851026,2359634,171668,3022694,2531302,71.4920527699293,59.8697639127969,203
-7.6926,53.28823,2021/07/19 23:00:00+00,Tue 20 Jul 2021,30374,17751,7651,2881400,2377385,179319,3060719,2556704,72.3914111921105,60.4705660861104,204
-7.6926,53.28823,2021/07/20 23:00:00+00,Wed 21 Jul 2021,30095,19461,6830,2911495,2396846,186149,3097644,2582995,73.2647526711122,61.0923946798662,205
-7.6926,53.28823,2021/07/21 23:00:00+00,Thu 22 Jul 2021,33320,15550,6876,2944815,2412396,193025,3137840,2605421,74.2154590784231,61.622809195996,206
-7.6926,53.28823,2021/07/22 23:00:00+00,Fri 23 Jul 2021,26907,20444,5547,2971722,2432840,198572,3170294,2631412,74.9830535092836,62.2375422597938,207
-7.6926,53.28823,2021/07/23 23:00:00+00,Sat 24 Jul 2021,15306,14492,2231,2987028,2447332,200803,3187831,2648135,75.3978345388639,62.6330707514214,208
-7.6926,53.28823,2021/07/24 23:00:00+00,Sun 25 Jul 2021,14625,13453,1016,3001653,2460785,201819,3203472,2662604,75.7677718191094,62.9752881612975,209
-7.6926,53.28823,2021/07/25 23:00:00+00,Mon 26 Jul 2021,23673,17812,3370,3025326,2478597,205189,3230515,2683786,76.4073865412934,63.4762798798679,210
-7.6926,53.28823,2021/07/26 23:00:00+00,Tue 27 Jul 2021,25292,23441,3606,3050618,2502038,208795,3259413,2710833,77.0908752903846,64.115989209118,211
-7.6926,53.28823,2021/07/27 23:00:00+00,Wed 28 Jul 2021,23258,24910,3225,3073876,2526948,212020,3285896,2738968,77.7172450233135,64.7814316603493,212
-7.6926,53.28823,2021/07/28 23:00:00+00,Thu 29 Jul 2021,19115,27495,2920,3092991,2554443,214940,3307931,2769383,78.2384116987314,65.5008001392616,213
-7.6926,53.28823,2021/07/29 23:00:00+00,Fri 30 Jul 2021,21768,22542,2080,3114759,2576985,217020,3331779,2794005,78.8024590268623,66.0831539346842,214
-7.6926,53.28823,2021/07/30 23:00:00+00,Sat 31 Jul 2021,13624,12183,883,3128383,2589168,217903,3346286,2807071,79.1455752038664,66.3921879161233,215
-7.6926,53.28823,2021/07/31 23:00:00+00,Sun 01 Aug 2021,10977,9134,355,3139360,2598302,218258,3357618,2816560,79.413597022148,66.616619528696,216
-7.6926,53.28823,2021/08/01 23:00:00+00,Mon 02 Aug 2021,14872,15628,393,3154232,2613930,218651,3372883,2832581,79.7746412381794,66.9955444802217,217
-7.6926,53.28823,2021/08/02 23:00:00+00,Tue 03 Aug 2021,17190,25091,1084,3171422,2639021,219735,3391157,2858756,80.20685361969,67.6146294690604,218
-7.6926,53.28823,2021/08/03 23:00:00+00,Wed 04 Aug 2021,21942,16929,1554,3193364,2655950,221289,3414653,2877239,80.7625755260035,68.0517850697751,219
-7.6926,53.28823,2021/08/04 23:00:00+00,Thu 05 Aug 2021,13372,29703,1401,3206736,2685653,222690,3429426,2908343,81.1119830729037,68.7874496158244,220
-7.6926,53.28823,2021/08/05 23:00:00+00,Fri 06 Aug 2021,12030,24420,922,3218766,2710073,223612,3442378,2933685,81.4183207529587,69.3868326831463,221
-7.6926,53.28823,2021/08/06 23:00:00+00,Sat 07 Aug 2021,6252,8196,560,3225018,2718269,224172,3449190,2942441,81.5794365865392,69.5939275508549,222
-7.6926,53.28823,2021/08/07 23:00:00+00,Sun 08 Aug 2021,8546,11786,139,3233564,2730055,224311,3457875,2954366,81.7848521788244,69.8759748666868,223
-7.6926,53.28823,2021/08/08 23:00:00+00,Mon 09 Aug 2021,5438,22697,584,3239002,2752752,224895,3463897,2977647,81.9272831168487,70.426611643197,224
-7.6926,53.28823,2021/08/09 23:00:00+00,Tue 10 Aug 2021,9204,25663,685,3248206,2778415,225580,3473786,3003995,82.1611754360321,71.0497883876449,225
-7.6926,53.28823,2020/12/28 00:00:00+00,Mon 28 Dec 2020,113,7,5,113,7,5,118,12,0.00279090845016123,0.000283821198321481,226
-7.6926,53.28823,2020/12/29 00:00:00+00,Tue 29 Dec 2020,68,1,0,181,8,5,186,13,0.00439922857398296,0.000307472964848272,227
-7.6926,53.28823,2020/12/30 00:00:00+00,Wed 30 Dec 2020,1044,0,0,1225,8,5,1230,13,0.0290916728279518,0.000307472964848272,228
-7.6926,53.28823,2020/12/31 00:00:00+00,Thu 31 Dec 2020,1021,1,0,2246,9,5,2251,14,0.0532401264518046,0.000331124731375062,229
-7.6926,53.28823,2021/01/01 00:00:00+00,Fri 01 Jan 2021,800,0,0,3046,9,5,3051,14,0.0721615396732367,0.000331124731375062,230
-7.6926,53.28823,2021/01/02 00:00:00+00,Sat 02 Jan 2021,1009,0,0,4055,9,5,4060,14,0.0960261720987679,0.000331124731375062,231
-7.6926,53.28823,2021/01/03 00:00:00+00,Sun 03 Jan 2021,12,0,0,4067,9,5,4072,14,0.0963099932970894,0.000331124731375062,232
-7.6926,53.28823,2021/01/04 00:00:00+00,Mon 04 Jan 2021,1168,1,0,5235,10,5,5240,15,0.12393525660038,0.000354776497901852,233
-7.6926,53.28823,2021/01/05 00:00:00+00,Tue 05 Jan 2021,3492,3,0,8727,13,5,8732,18,0.206527225311931,0.000425731797482222,234
-7.6926,53.28823,2021/01/06 00:00:00+00,Wed 06 Jan 2021,6738,2,0,15465,15,5,15470,20,0.365892828169443,0.000473035330535802,235
-7.6926,53.28823,2021/01/07 00:00:00+00,Thu 07 Jan 2021,11699,2,0,27164,17,5,27169,22,0.642594844766361,0.000520338863589383,236
-7.6926,53.28823,2021/01/08 00:00:00+00,Fri 08 Jan 2021,12651,2,0,39815,19,5,39820,24,0.941813343096783,0.000567642396642963,237
-7.6926,53.28823,2021/01/09 00:00:00+00,Sat 09 Jan 2021,8054,1,0,47869,20,5,47874,25,1.13230467070355,0.000591294163169753,238
-7.6926,53.28823,2021/01/10 00:00:00+00,Sun 10 Jan 2021,4753,1,1,52622,21,6,52628,27,1.24474516877191,0.000638597696223333,239
-7.6926,53.28823,2021/01/11 00:00:00+00,Mon 11 Jan 2021,8310,3,0,60932,24,6,60938,30,1.44129134860954,0.000709552995803704,240
-7.6926,53.28823,2021/01/12 00:00:00+00,Tue 12 Jan 2021,8837,4,0,69769,28,6,69775,34,1.65030200940678,0.000804160061910864,241
-7.6926,53.28823,2021/01/13 00:00:00+00,Wed 13 Jan 2021,9838,2,0,79607,30,6,79613,36,1.88298808849734,0.000851463594964444,242
-7.6926,53.28823,2021/01/14 00:00:00+00,Thu 14 Jan 2021,8034,2,0,87641,32,6,87647,38,2.07300638077357,0.000898767128018024,243
-7.6926,53.28823,2021/01/15 00:00:00+00,Fri 15 Jan 2021,7634,2,0,95275,34,6,95281,40,2.25356396643909,0.000946070661071605,244
-7.6926,53.28823,2021/01/16 00:00:00+00,Sat 16 Jan 2021,5202,1,0,100477,35,6,100483,41,2.37660045591145,0.000969722427598395,245
-7.6926,53.28823,2021/01/17 00:00:00+00,Sun 17 Jan 2021,1093,3,0,101570,38,6,101576,44,2.40245183672523,0.00104067772717877,246
-7.6926,53.28823,2021/01/18 00:00:00+00,Mon 18 Jan 2021,8659,4,0,110229,42,6,110235,48,2.60725248308071,0.00113528479328593,247
-7.6926,53.28823,2021/01/19 00:00:00+00,Tue 19 Jan 2021,8341,14,0,118570,56,6,118576,62,2.80453186768066,0.00146640952466099,248
-7.6926,53.28823,2021/01/20 00:00:00+00,Wed 20 Jan 2021,8407,954,0,126977,1010,6,126983,1016,3.00337226887139,0.0240301947912188,249
-7.6926,53.28823,2021/01/21 00:00:00+00,Thu 21 Jan 2021,8935,955,0,135912,1965,6,135918,1971,3.21470080278826,0.0466176318243033,250
-7.6926,53.28823,2021/01/22 00:00:00+00,Fri 22 Jan 2021,6713,961,0,142625,2926,6,142631,2932,3.3734751114826,0.0693469794565486,251
-7.6926,53.28823,2021/01/23 00:00:00+00,Sat 23 Jan 2021,4144,456,0,146769,3382,6,146775,3388,3.47148803196962,0.0801321849927649,252
-7.6926,53.28823,2021/01/24 00:00:00+00,Sun 24 Jan 2021,1161,393,0,147930,3775,6,147936,3781,3.49894773290722,0.0894273292377934,253
-7.6926,53.28823,2021/01/25 00:00:00+00,Mon 25 Jan 2021,1321,1279,0,149251,5054,6,149257,5060,3.53019171648911,0.119677938625558,254
-7.6926,53.28823,2021/01/26 00:00:00+00,Tue 26 Jan 2021,973,3491,0,150224,8545,6,150230,8551,3.55320488531968,0.202246255570582,255
-7.6926,53.28823,2021/01/27 00:00:00+00,Wed 27 Jan 2021,2130,6691,0,152354,15236,6,152360,15242,3.60358314802174,0.360500225401335,256
-7.6926,53.28823,2021/01/28 00:00:00+00,Thu 28 Jan 2021,938,11537,0,153292,26773,6,153298,26779,3.62576850502387,0.633370655820913,257
-7.6926,53.28823,2021/01/29 00:00:00+00,Fri 29 Jan 2021,1528,11516,0,154820,38289,6,154826,38295,3.66190840427681,0.905744399143428,258
-7.6926,53.28823,2021/01/30 00:00:00+00,Sat 30 Jan 2021,592,7790,0,155412,46079,6,155418,46085,3.67591025006067,1.08999166038712,259
-7.6926,53.28823,2021/01/31 00:00:00+00,Sun 31 Jan 2021,199,4078,0,155611,50157,6,155617,50163,3.6806169515995,1.18644356428337,260
-7.6926,53.28823,2021/02/01 00:00:00+00,Mon 01 Feb 2021,966,8328,0,156577,58485,6,156583,58491,3.70346455806438,1.38341547591848,261
-7.6926,53.28823,2021/02/02 00:00:00+00,Tue 02 Feb 2021,779,5089,0,157356,63574,6,157362,63580,3.72188928418875,1.50377931577332,262
-7.6926,53.28823,2021/02/03 00:00:00+00,Wed 03 Feb 2021,1352,6853,0,158708,70427,6,158714,70433,3.75386647253297,1.66586487178141,263
-7.6926,53.28823,2021/02/04 00:00:00+00,Thu 04 Feb 2021,1376,10525,0,160084,80952,6,160090,80958,3.78641130327383,1.91479971447587,264
-7.6926,53.28823,2021/02/05 00:00:00+00,Fri 05 Feb 2021,3352,8594,0,163436,89546,6,163442,89552,3.86569202467163,2.11806299600711,265
-7.6926,53.28823,2021/02/06 00:00:00+00,Sat 06 Feb 2021,864,3860,0,164300,93406,6,164306,93412,3.88612715095078,2.20935881480052,266
-7.6926,53.28823,2021/02/07 00:00:00+00,Sun 07 Feb 2021,298,1289,0,164598,94695,6,164604,94701,3.89317537737576,2.23984594185355,267
-7.6926,53.28823,2021/02/08 00:00:00+00,Mon 08 Feb 2021,1118,867,0,165716,95562,6,165722,95568,3.91961805235271,2.26035202343228,268
-7.6926,53.28823,2021/02/09 00:00:00+00,Tue 09 Feb 2021,4184,522,0,169900,96084,6,169906,96090,4.0185770435008,2.27269824555926,269
-7.6926,53.28823,2021/02/10 00:00:00+00,Wed 10 Feb 2021,8782,571,0,178682,96655,6,178688,96661,4.22628685713907,2.28620340424606,270
-7.6926,53.28823,2021/02/11 00:00:00+00,Thu 11 Feb 2021,6118,426,0,184800,97081,6,184806,97087,4.37098836474997,2.29627905678647,271
-7.6926,53.28823,2021/02/12 00:00:00+00,Fri 12 Feb 2021,4348,511,0,189148,97592,6,189154,97598,4.47382624560846,2.30836510948166,272
-7.6926,53.28823,2021/02/13 00:00:00+00,Sat 13 Feb 2021,1172,1909,0,190320,99501,6,190326,99507,4.50154611597786,2.3535163317813,273
-7.6926,53.28823,2021/02/14 00:00:00+00,Sun 14 Feb 2021,2667,16,0,192987,99517,6,192993,99523,4.56462537730481,2.35389476004573,274
-7.6926,53.28823,2021/02/15 00:00:00+00,Mon 15 Feb 2021,1917,7860,0,194904,107377,6,194910,107383,4.60996581373666,2.5397976449463,275
-7.6926,53.28823,2021/02/16 00:00:00+00,Tue 16 Feb 2021,5589,8135,0,200493,115512,6,200499,115518,4.74215553685489,2.73220476564174,276
-7.6926,53.28823,2021/02/17 00:00:00+00,Wed 17 Feb 2021,9691,8451,0,210184,123963,6,210190,123969,4.97136480626602,2.93208584455964,277
-7.6926,53.28823,2021/02/18 00:00:00+00,Thu 18 Feb 2021,8415,8320,0,218599,132283,6,218605,132289,5.17039442158895,3.12886854206254,278
-7.6926,53.28823,2021/02/19 00:00:00+00,Fri 19 Feb 2021,9355,6559,0,227954,138842,6,227960,138848,5.39165669744708,3.28400047871175,279
-7.6926,53.28823,2021/02/20 00:00:00+00,Sat 20 Feb 2021,5844,3557,1,233798,142399,7,233805,142406,5.52990127279616,3.36815346401407,280
-7.6926,53.28823,2021/02/21 00:00:00+00,Sun 21 Feb 2021,1075,1014,3,234873,143413,10,234883,143423,5.55539787711204,3.39220731057182,281
-7.6926,53.28823,2021/02/22 00:00:00+00,Mon 22 Feb 2021,3896,1095,1,238769,144508,11,238780,144519,5.64756881126694,3.41812964668518,282
-7.6926,53.28823,2021/02/23 00:00:00+00,Tue 23 Feb 2021,13309,1049,0,252078,145557,11,252089,145568,5.96235017197199,3.44294034977178,283
-7.6926,53.28823,2021/02/24 00:00:00+00,Wed 24 Feb 2021,16865,2077,2,268943,147634,13,268956,147647,6.36128451797936,3.49211237238098,284
-7.6926,53.28823,2021/02/25 00:00:00+00,Thu 25 Feb 2021,17989,1729,1,286932,149363,14,286946,149377,6.78677979779632,3.53302992847233,285
-7.6926,53.28823,2021/02/26 00:00:00+00,Fri 26 Feb 2021,16009,2737,0,302941,152100,14,302955,152114,7.1654209281237,3.59776481345615,286
-7.6926,53.28823,2021/02/27 00:00:00+00,Sat 27 Feb 2021,8932,696,1,311873,152796,15,311888,152811,7.37670215850752,3.61425009472533,287
-7.6926,53.28823,2021/02/28 00:00:00+00,Sun 28 Feb 2021,2412,45,1,314285,152841,16,314301,152857,7.43377387113666,3.61533807598556,288
-7.6926,53.28823,2021/03/01 00:00:00+00,Mon 01 Mar 2021,5518,772,0,319803,153613,16,319819,153629,7.56428431883149,3.63359723974424,289
-7.6926,53.28823,2021/03/02 00:00:00+00,Tue 02 Mar 2021,12105,1584,0,331908,155197,16,331924,155213,7.85058895263828,3.67106163792268,290
-7.6926,53.28823,2021/03/03 00:00:00+00,Wed 03 Mar 2021,12756,1478,1,344664,156675,17,344681,156692,8.15231453822055,3.7060426006158,291
-7.6926,53.28823,2021/03/04 00:00:00+00,Thu 04 Mar 2021,18628,1668,0,363292,158343,17,363309,158360,8.59289964508159,3.74549374718248,292
-7.6926,53.28823,2021/03/05 00:00:00+00,Fri 05 Mar 2021,18348,2374,1,381640,160717,18,381658,160735,9.02688590908166,3.80166669268361,293
-7.6926,53.28823,2021/03/06 00:00:00+00,Sat 06 Mar 2021,10351,120,0,391991,160837,18,392009,160855,9.27170534440047,3.80450490466683,294
-7.6926,53.28823,2021/03/07 00:00:00+00,Sun 07 Mar 2021,1472,5,0,393463,160842,18,393481,160860,9.3065207447279,3.80462316349946,295
-7.6926,53.28823,2021/03/08 00:00:00+00,Mon 08 Mar 2021,6572,1473,1,400035,162315,19,400054,162334,9.46198380610849,3.83948586735995,296
-7.6926,53.28823,2021/03/09 00:00:00+00,Tue 09 Mar 2021,13703,3078,1,413738,165393,20,413758,165413,9.78610761459163,3.91230965649593,297
-7.6926,53.28823,2021/03/10 00:00:00+00,Wed 10 Mar 2021,13610,3959,0,427348,169352,20,427368,169372,10.1080081570212,4.0059470001755,298
-7.6926,53.28823,2021/03/11 00:00:00+00,Thu 11 Mar 2021,18345,2073,0,445693,171425,20,445713,171445,10.5418998139552,4.05497711218553,299
-7.6926,53.28823,2021/03/12 00:00:00+00,Fri 12 Mar 2021,17202,1311,2,462895,172736,22,462917,172758,10.9488048052821,4.08603188163521,300
-7.6926,53.28823,2021/03/13 00:00:00+00,Sat 13 Mar 2021,8201,156,0,471096,172892,22,471118,172914,11.1427729425683,4.08972155721339,301
-7.6926,53.28823,2021/03/14 00:00:00+00,Sun 14 Mar 2021,321,8,1,471417,172900,23,471440,172923,11.1503888113899,4.08993442311213,302
-7.6926,53.28823,2021/03/15 00:00:00+00,Mon 15 Mar 2021,2527,963,0,473944,173863,23,473967,173886,11.2101568254031,4.11271107427743,303
-7.6926,53.28823,2021/03/16 00:00:00+00,Tue 16 Mar 2021,8839,3785,0,482783,177648,23,482806,177671,11.4192147897334,4.20223301058133,304
-7.6926,53.28823,2021/03/17 00:00:00+00,Wed 17 Mar 2021,4802,2383,4,487585,180031,27,487612,180058,11.5328851796612,4.25868977728078,305
-7.6926,53.28823,2021/03/18 00:00:00+00,Thu 18 Mar 2021,11592,4651,1,499177,184682,28,499205,184710,11.8070801090063,4.3687177951634,306
-7.6926,53.28823,2021/03/19 00:00:00+00,Fri 19 Mar 2021,10213,6088,1,509390,190770,29,509419,190799,12.0486592523109,4.51273340154503,307
-7.6926,53.28823,2021/03/20 00:00:00+00,Sat 20 Mar 2021,5108,3089,0,514498,193859,29,514527,193888,12.1694724757297,4.58579370834628,308
-7.6926,53.28823,2021/03/21 00:00:00+00,Sun 21 Mar 2021,3537,39,0,518035,193898,29,518064,193927,12.253128773935,4.58671612724083,309
-7.6926,53.28823,2021/03/22 00:00:00+00,Mon 22 Mar 2021,7282,2367,0,525317,196265,29,525346,196294,12.4253609377831,4.64269985860974,310
-7.6926,53.28823,2021/03/23 00:00:00+00,Tue 23 Mar 2021,12410,7351,1,537727,203616,30,537757,203646,12.7189030121471,4.8165876461147,311
-7.6926,53.28823,2021/03/24 00:00:00+00,Wed 24 Mar 2021,13485,9733,0,551212,213349,30,551242,213379,13.0378470837608,5.04679028971995,312
-7.6926,53.28823,2021/03/25 00:00:00+00,Thu 25 Mar 2021,20721,10174,1,571933,223523,31,571964,223554,13.527958989729,5.28744701413004,313
-7.6926,53.28823,2021/03/26 00:00:00+00,Fri 26 Mar 2021,19554,9421,1,591487,232944,32,591519,232976,13.9904692841604,5.51029395834545,314
-7.6926,53.28823,2021/03/27 00:00:00+00,Sat 27 Mar 2021,11597,5293,1,603084,238237,33,603117,238270,14.2647824723381,5.63550641033828,315
-7.6926,53.28823,2021/03/28 00:00:00+00,Sun 28 Mar 2021,2405,459,0,605489,238696,33,605522,238729,14.321664970835,5.64636257117408,316
-7.6926,53.28823,2021/03/28 23:00:00+00,Mon 29 Mar 2021,9133,3063,0,614622,241759,33,614655,241792,14.5376765545242,5.71880793204564,317
-7.6926,53.28823,2021/03/29 23:00:00+00,Tue 30 Mar 2021,13186,8606,1,627808,250365,34,627842,250399,14.849572399713,5.92237868654172,318
-7.6926,53.28823,2021/03/30 23:00:00+00,Wed 31 Mar 2021,15628,10419,0,643436,260784,34,643470,260818,15.2192022069936,6.16880644198435,319
-7.6926,53.28823,2021/03/31 23:00:00+00,Thu 01 Apr 2021,19538,11533,0,662974,272317,34,663008,272351,15.6813104213941,6.44158226533782,320
-7.6926,53.28823,2021/04/01 23:00:00+00,Fri 02 Apr 2021,20000,13666,2,682974,285983,36,683010,286019,16.1543930554629,6.76485461022598,321
-7.6926,53.28823,2021/04/02 23:00:00+00,Sat 03 Apr 2021,7422,4585,0,690396,290568,36,690432,290604,16.3299364666248,6.87329795975132,322
-7.6926,53.28823,2021/04/03 23:00:00+00,Sun 04 Apr 2021,2931,149,0,693327,290717,36,693363,290753,16.3992597943148,6.87682207296381,323
-7.6926,53.28823,2021/04/04 23:00:00+00,Mon 05 Apr 2021,3325,570,1,696652,291287,37,696689,291324,16.4779255697829,6.8903272316506,324
-7.6926,53.28823,2021/04/05 23:00:00+00,Tue 06 Apr 2021,11827,8101,1,708479,299388,38,708517,299426,16.7576786642618,7.08195384405066,325
-7.6926,53.28823,2021/04/06 23:00:00+00,Wed 07 Apr 2021,18172,10406,1,726651,309794,39,726690,309833,17.1875022173531,7.32809777829496,326
-7.6926,53.28823,2021/04/07 23:00:00+00,Thu 08 Apr 2021,20012,10490,0,746663,320284,39,746702,320323,17.6608213690872,7.57620480916099,327
-7.6926,53.28823,2021/04/08 23:00:00+00,Fri 09 Apr 2021,20556,9083,0,767219,329367,39,767258,329406,18.1470070818119,7.79103380452383,328
-7.6926,53.28823,2021/04/09 23:00:00+00,Sat 10 Apr 2021,11019,4128,3,778238,333495,42,778280,333537,18.4076968524702,7.888739252046,329
-7.6926,53.28823,2021/04/10 23:00:00+00,Sun 11 Apr 2021,2779,312,0,781017,333807,42,781059,333849,18.4734251116482,7.89611860320235,330
-7.6926,53.28823,2021/04/11 23:00:00+00,Mon 12 Apr 2021,7645,2707,1,788662,336514,43,788705,336557,18.654266518512,7.9601675869569,331
-7.6926,53.28823,2021/04/12 23:00:00+00,Tue 13 Apr 2021,11375,8513,0,800037,345027,43,800080,345070,18.9233053627542,8.16151507539947,332
-7.6926,53.28823,2021/04/13 23:00:00+00,Wed 14 Apr 2021,20198,6524,2,820235,351551,45,820280,351596,19.4010710465954,8.3158665037533,333
-7.6926,53.28823,2021/04/14 23:00:00+00,Thu 15 Apr 2021,26957,10713,0,847192,362264,45,847237,362309,20.0386517168581,8.5692478785548,334
-7.6926,53.28823,2021/04/15 23:00:00+00,Fri 16 Apr 2021,27812,9748,1,875004,372012,46,875050,372058,20.6964782992677,8.79982895042448,335
-7.6926,53.28823,2021/04/16 23:00:00+00,Sat 17 Apr 2021,15703,4482,1,890707,376494,47,890754,376541,21.0679056408044,8.90585981976408,336
-7.6926,53.28823,2021/04/17 23:00:00+00,Sun 18 Apr 2021,985,433,0,891692,376927,47,891739,376974,21.0912026308333,8.91610103467018,337
-7.6926,53.28823,2021/04/18 23:00:00+00,Mon 19 Apr 2021,6620,2176,0,898312,379103,47,898359,379150,21.2477773252406,8.96756727863247,338
