X,Y,VaccinationDate,VaccineText,Dose1,Dose2,SingleDose,Dose1Cum,Dose2Cum,SingleDoseCum,PartiallyVacc,FullyVacc,PartialPercent,FullyPercent,ObjectId
-7.6926,53.28823,2021/08/22 23:00:00+00,Mon 23 Aug 2021,10868,15385,290,3437139,3072713,235557,3672696,3308270,77.9946599072778,70.2555816031194,1
-7.6926,53.28823,2020/12/28 00:00:00+00,Mon 28 Dec 2020,223,15,1,223,15,1,224,16,0.00475694253464764,0.000339781609617688,2
-7.6926,53.28823,2021/04/25 23:00:00+00,Mon 26 Apr 2021,15594,3055,3,1063624,434157,260,1063884,434417,22.5930136229065,9.22543171908046,3
-7.6926,53.28823,2021/08/23 23:00:00+00,Tue 24 Aug 2021,9713,22924,384,3446852,3095637,235941,3682793,3331578,78.2090833392972,70.7505584629299,4
-7.6926,53.28823,2021/04/26 23:00:00+00,Tue 27 Apr 2021,25916,7816,9,1089540,441973,269,1089809,442242,23.1435660122402,9.39160616253411,5
-7.6926,53.28823,2020/12/29 00:00:00+00,Tue 29 Dec 2020,77,2,0,300,17,1,301,18,0.00639214153093276,0.000382254310819899,6
-7.6926,53.28823,2021/08/24 23:00:00+00,Wed 25 Aug 2021,9415,19529,315,3456267,3115166,236256,3692523,3351422,78.415713030646,71.1719726042583,7
-7.6926,53.28823,2021/04/27 23:00:00+00,Wed 28 Apr 2021,26038,8612,5,1115578,450585,274,1115852,450859,23.6966242909448,9.57459979566383,8
-7.6926,53.28823,2020/12/30 00:00:00+00,Wed 30 Dec 2020,1057,1,0,1357,18,1,1358,19,0.0288389641163013,0.000403490661421005,9
-7.6926,53.28823,2021/08/25 23:00:00+00,Thu 26 Aug 2021,8586,19444,369,3464853,3134610,236625,3701478,3371235,78.6058845502789,71.592728418718,10
-7.6926,53.28823,2021/04/28 23:00:00+00,Thu 29 Apr 2021,31691,11334,6,1147269,461919,280,1147549,462199,24.369752895948,9.81542001148037,11
-7.6926,53.28823,2020/12/31 00:00:00+00,Thu 31 Dec 2020,1033,1,0,2390,19,1,2391,20,0.0507761142872433,0.00042472701202211,12
-7.6926,53.28823,2021/08/26 23:00:00+00,Fri 27 Aug 2021,9725,19213,432,3474578,3153823,237057,3711635,3390880,78.8215821633343,72.0099165262767,13
-7.6926,53.28823,2021/04/29 23:00:00+00,Fri 30 Apr 2021,36111,13530,8,1183380,475449,288,1183668,475737,25.1367886433094,10.1029177259181,14
-7.6926,53.28823,2021/01/01 00:00:00+00,Fri 01 Jan 2021,814,0,0,3204,19,1,3205,20,0.0680625036765432,0.00042472701202211,15
-7.6926,53.28823,2021/08/27 23:00:00+00,Sat 28 Aug 2021,9922,7923,153,3484500,3161746,237210,3721710,3398956,79.0355383956404,72.1814212937312,16
-7.6926,53.28823,2021/04/30 23:00:00+00,Sat 01 May 2021,16583,6689,18,1199963,482138,306,1200269,482444,25.4893332996383,10.2453499293998,17
-7.6926,53.28823,2021/01/02 00:00:00+00,Sat 02 Jan 2021,1016,0,0,4220,19,1,4221,20,0.0896386358872664,0.00042472701202211,18
-7.6926,53.28823,2021/08/28 23:00:00+00,Sun 29 Aug 2021,8800,9188,30,3493300,3170934,237240,3730540,3408174,79.2230553714482,72.3771779735722,19
-7.6926,53.28823,2021/05/01 23:00:00+00,Sun 02 May 2021,12463,909,15,1212426,483047,321,1212747,483368,25.7543204824389,10.2649723173552,20
-7.6926,53.28823,2021/01/03 00:00:00+00,Sun 03 Jan 2021,20,2,1,4240,21,2,4242,23,0.0900845992498896,0.000488436063825427,21
-7.6926,53.28823,2021/08/29 23:00:00+00,Mon 30 Aug 2021,5061,11137,84,3498361,3182071,237324,3735685,3419395,79.3323163952909,72.6154710636672,22
-7.6926,53.28823,2021/05/02 23:00:00+00,Mon 03 May 2021,14265,926,21,1226691,483973,342,1227033,484315,26.0577029871263,10.2850831413744,23
-7.6926,53.28823,2021/01/04 00:00:00+00,Mon 04 Jan 2021,1189,3,0,5429,24,2,5431,26,0.115334620114604,0.000552145115628744,24
-7.6926,53.28823,2021/08/30 23:00:00+00,Tue 31 Aug 2021,4064,12890,143,3502425,3194961,237467,3739892,3432428,79.4216577222697,72.8922444210514,25
-7.6926,53.28823,2021/05/03 23:00:00+00,Tue 04 May 2021,26662,6794,10,1253353,490767,352,1253705,491119,26.624118930359,10.4295752708643,26
-7.6926,53.28823,2021/01/05 00:00:00+00,Tue 05 Jan 2021,3531,13,0,8960,37,2,8962,39,0.190320174087108,0.000828217673443115,27
-7.6926,53.28823,2021/08/31 23:00:00+00,Wed 01 Sep 2021,4964,12534,181,3507389,3207495,237648,3745037,3445143,79.5309187461124,73.1622646189445,28
-7.6926,53.28823,2021/05/04 23:00:00+00,Wed 05 May 2021,32116,13456,69,1285469,504223,421,1285890,504644,27.3076108744556,10.7167969127443,29
-7.6926,53.28823,2021/01/06 00:00:00+00,Wed 06 Jan 2021,6777,12,0,15737,49,2,15739,51,0.3342389221108,0.00108305388065638,30
-7.6926,53.28823,2021/09/01 23:00:00+00,Thu 02 Sep 2021,5010,12361,248,3512399,3219856,237896,3750295,3457752,79.642579477573,73.4300337636738,31
-7.6926,53.28823,2021/05/05 23:00:00+00,Thu 06 May 2021,37294,14374,132,1322763,518597,553,1323316,519150,28.1024025320526,11.0248514145639,32
-7.6926,53.28823,2021/01/07 00:00:00+00,Thu 07 Jan 2021,11726,8,0,27463,57,2,27465,59,0.583256369259363,0.00125294468546523,33
-7.6926,53.28823,2021/09/02 23:00:00+00,Fri 03 Sep 2021,4774,16071,166,3517173,3235927,238062,3755235,3473989,79.7474870495425,73.774848388384,34
-7.6926,53.28823,2021/05/06 23:00:00+00,Fri 07 May 2021,40604,15072,97,1363367,533669,650,1364017,534319,28.9667432378682,11.3469856168321,35
-7.6926,53.28823,2021/01/08 00:00:00+00,Fri 08 Jan 2021,12682,5,0,40145,62,2,40147,64,0.852575767582583,0.00135912643847075,36
-7.6926,53.28823,2021/09/03 23:00:00+00,Sat 04 Sep 2021,4628,10583,135,3521801,3246510,238197,3759998,3484707,79.8486357874556,74.0024595941266,37
-7.6926,53.28823,2021/05/07 23:00:00+00,Sat 08 May 2021,25625,7054,10,1388992,540723,660,1389652,541383,29.5111370855275,11.4969991974783,38
-7.6926,53.28823,2021/01/09 00:00:00+00,Sat 09 Jan 2021,8073,7,0,48218,69,2,48220,71,1.02401682598531,0.00150778089267849,39
-7.6926,53.28823,2021/09/04 23:00:00+00,Sun 05 Sep 2021,5307,11903,1,3527108,3258413,238198,3765306,3496611,79.9613583364462,74.2552571116822,40
-7.6926,53.28823,2021/05/08 23:00:00+00,Sun 09 May 2021,19674,926,5,1408666,541649,665,1409331,542314,29.9290472290066,11.5167702398879,41
-7.6926,53.28823,2021/01/10 00:00:00+00,Sun 10 Jan 2021,4781,4,1,52999,73,3,53002,76,1.12556905455979,0.00161396264568402,42
-7.6926,53.28823,2021/09/05 23:00:00+00,Mon 06 Sep 2021,2160,9679,75,3529268,3268092,238273,3767541,3506365,80.0088215800397,74.4623964754454,43
-7.6926,53.28823,2021/05/09 23:00:00+00,Mon 10 May 2021,28844,4646,171,1437510,546295,836,1438346,547131,30.5452199416977,11.6190657407335,44
-7.6926,53.28823,2021/01/11 00:00:00+00,Mon 11 Jan 2021,8342,7,0,61341,80,3,61344,83,1.30272269127422,0.00176261709989176,45
-7.6926,53.28823,2021/09/06 23:00:00+00,Tue 07 Sep 2021,3031,10024,158,3532299,3278116,238431,3770730,3516547,80.0765443021066,74.6786249972658,46
-7.6926,53.28823,2021/05/10 23:00:00+00,Tue 11 May 2021,33926,14825,153,1471436,561120,989,1472425,562109,31.2689335338328,11.9371438000368,47
-7.6926,53.28823,2021/01/12 00:00:00+00,Tue 12 Jan 2021,8885,10,0,70226,90,3,70229,93,1.49140766636504,0.00197498060590281,48
-7.6926,53.28823,2021/09/07 23:00:00+00,Wed 08 Sep 2021,2609,14798,189,3534908,3292914,238620,3773528,3531534,80.1359636110885,74.9968941837246,49
-7.6926,53.28823,2021/05/11 23:00:00+00,Wed 12 May 2021,31292,20947,173,1502728,582067,1162,1503890,583229,31.9371353054966,12.3856555247322,50
-7.6926,53.28823,2022/04/18 23:00:00+00,Tue 19 Apr 2022,218,269,1,3841039,3786221,240876,4081915,4027097,86.6849780639116,85.5208437966602,51
-7.6926,53.28823,2021/01/13 00:00:00+00,Wed 13 Jan 2021,9887,4,0,80113,94,3,80116,97,1.70137146475817,0.00205992600830724,52
-7.6926,53.28823,2021/01/14 00:00:00+00,Thu 14 Jan 2021,8084,4,0,88197,98,3,88200,101,1.87304612301751,0.00214487141071166,53
-7.6926,53.28823,2021/01/15 00:00:00+00,Fri 15 Jan 2021,7691,2,0,95888,100,3,95891,103,2.03637489549061,0.00218734411191387,54
-7.6926,53.28823,2021/01/16 00:00:00+00,Sat 16 Jan 2021,5239,3,0,101127,103,3,101130,106,2.1476321362898,0.00225105316371719,55
-7.6926,53.28823,2021/01/17 00:00:00+00,Sun 17 Jan 2021,1113,4,0,102240,107,3,102243,110,2.17126819450883,0.00233599856612161,56
-7.6926,53.28823,2021/01/18 00:00:00+00,Mon 18 Jan 2021,8715,8,1,110955,115,4,110959,119,2.35636422634807,0.00252712572153156,57
-7.6926,53.28823,2021/01/19 00:00:00+00,Tue 19 Jan 2021,8382,19,0,119337,134,4,119341,138,2.53436731708653,0.00293061638295256,58
-7.6926,53.28823,2021/01/20 00:00:00+00,Wed 20 Jan 2021,8446,962,0,127783,1096,4,127787,1100,2.71372953426347,0.0233599856612161,59
-7.6926,53.28823,2021/01/21 00:00:00+00,Thu 21 Jan 2021,9006,962,0,136789,2058,4,136793,2062,2.90498410777703,0.0437893549394796,60
-7.6926,53.28823,2021/01/22 00:00:00+00,Fri 22 Jan 2021,6782,967,0,143571,3025,4,143575,3029,3.04900903755373,0.0643249059707486,61
-7.6926,53.28823,2021/01/23 00:00:00+00,Sat 23 Jan 2021,4188,460,0,147759,3485,4,147763,3489,3.13794687387115,0.0740936272472572,62
-7.6926,53.28823,2021/01/24 00:00:00+00,Sun 24 Jan 2021,1182,398,0,148941,3883,4,148945,3887,3.16304824028166,0.0825456947864972,63
-7.6926,53.28823,2021/01/25 00:00:00+00,Mon 25 Jan 2021,1359,1289,0,150300,5172,4,150304,5176,3.19190844074856,0.109919350711322,64
-7.6926,53.28823,2021/01/26 00:00:00+00,Tue 26 Jan 2021,1002,3500,0,151302,8672,4,151306,8676,3.21318726405087,0.184246577815191,65
-7.6926,53.28823,2021/01/27 00:00:00+00,Wed 27 Jan 2021,2179,6700,0,153481,15372,4,153485,15376,3.25946127201068,0.326530126842599,66
-7.6926,53.28823,2021/01/28 00:00:00+00,Thu 28 Jan 2021,1009,11541,0,154490,26913,4,154494,26917,3.2808887497672,0.571618849129957,67
-7.6926,53.28823,2021/01/29 00:00:00+00,Fri 29 Jan 2021,1578,11526,0,156068,38439,4,156072,38443,3.31439971101574,0.8163890261583,68
-7.6926,53.28823,2021/01/30 00:00:00+00,Sat 30 Jan 2021,643,7792,0,156711,46231,4,156715,46235,3.32805468445225,0.981862670042114,69
-7.6926,53.28823,2021/01/31 00:00:00+00,Sun 31 Jan 2021,231,4086,0,156942,50317,4,156946,50321,3.33296028144111,1.06863439859823,70
-7.6926,53.28823,2021/02/01 00:00:00+00,Mon 01 Feb 2021,1027,8333,1,157969,58650,5,157974,58655,3.35479124985904,1.24561814450784,71
-7.6926,53.28823,2021/02/02 00:00:00+00,Tue 02 Feb 2021,831,5108,0,158800,63758,5,158805,63763,3.37243865720856,1.35409342337829,72
-7.6926,53.28823,2021/02/03 00:00:00+00,Wed 03 Feb 2021,1404,6865,0,160204,70623,5,160209,70628,3.40225449345251,1.49988097025488,73
-7.6926,53.28823,2021/02/04 00:00:00+00,Thu 04 Feb 2021,1435,10541,1,161639,81164,6,161645,81170,3.4327498929157,1.72375457829174,74
-7.6926,53.28823,2021/02/05 00:00:00+00,Fri 05 Feb 2021,3395,8614,0,165034,89778,6,165040,89784,3.50484730320646,1.90668450236966,75
-7.6926,53.28823,2021/02/06 00:00:00+00,Sat 06 Feb 2021,901,3870,0,165935,93648,6,165941,93654,3.52398125509805,1.98886917919594,76
-7.6926,53.28823,2021/02/07 00:00:00+00,Sun 07 Feb 2021,331,1300,2,166266,94948,8,166274,94956,3.53105295984822,2.01651890767858,77
-7.6926,53.28823,2021/02/08 00:00:00+00,Mon 08 Feb 2021,1185,879,0,167451,95827,8,167459,95835,3.55621803531053,2.03518565985695,78
-7.6926,53.28823,2021/02/09 00:00:00+00,Tue 09 Feb 2021,4263,544,3,171714,96371,11,171725,96382,3.64681230697485,2.04680194363575,79
-7.6926,53.28823,2021/02/10 00:00:00+00,Wed 10 Feb 2021,8827,579,0,180541,96950,11,180552,96961,3.8342655737308,2.05909779063379,80
-7.6926,53.28823,2021/02/11 00:00:00+00,Thu 11 Feb 2021,6184,446,0,186725,97396,11,186736,97407,3.96559116584804,2.06856920300189,81
-7.6926,53.28823,2021/02/12 00:00:00+00,Fri 12 Feb 2021,4397,524,0,191122,97920,11,191133,97931,4.0589673994411,2.07969705071686,82
-7.6926,53.28823,2021/02/13 00:00:00+00,Sat 13 Feb 2021,1210,1915,0,192332,99835,11,192343,99846,4.08466338366844,2.12036466211798,83
-7.6926,53.28823,2021/02/14 00:00:00+00,Sun 14 Feb 2021,2701,27,0,195033,99862,11,195044,99873,4.14202276664203,2.12093804358421,84
-7.6926,53.28823,2021/02/15 00:00:00+00,Mon 15 Feb 2021,1964,7890,0,196997,107752,11,197008,107763,4.1837309592226,2.28849284982693,85
-7.6926,53.28823,2021/02/16 00:00:00+00,Tue 16 Feb 2021,5652,8162,0,202649,115914,11,202660,115925,4.30375881282005,2.46182394343316,86
-7.6926,53.28823,2021/02/17 00:00:00+00,Wed 17 Feb 2021,9745,8465,0,212394,124379,11,212405,124390,4.51070704942782,2.64158965127152,87
-7.6926,53.28823,2021/02/18 00:00:00+00,Thu 18 Feb 2021,8466,8354,1,220860,132733,12,220872,132745,4.69051522996738,2.81901936054375,88
-7.6926,53.28823,2021/02/19 00:00:00+00,Fri 19 Feb 2021,9388,6582,0,230248,139315,12,230260,139327,4.88988208941056,2.95879702020023,89
-7.6926,53.28823,2021/02/20 00:00:00+00,Sat 20 Feb 2021,5886,3571,2,236134,142886,14,236148,142900,5.01492172174987,3.03467450089798,90
-7.6926,53.28823,2021/02/21 00:00:00+00,Sun 21 Feb 2021,1112,1024,6,237246,143910,20,237266,143930,5.0386639617219,3.05654794201712,91
-7.6926,53.28823,2021/02/22 00:00:00+00,Mon 22 Feb 2021,3945,1122,1,241191,145032,21,241212,145053,5.12246260119386,3.08039636374216,92
-7.6926,53.28823,2021/02/23 00:00:00+00,Tue 23 Feb 2021,13362,1067,1,254553,146099,22,254575,146121,5.40624395427644,3.10307678618414,93
-7.6926,53.28823,2021/02/24 00:00:00+00,Wed 24 Feb 2021,16937,2104,3,271490,148203,25,271515,148228,5.76598773345917,3.14782177690067,94
-7.6926,53.28823,2021/02/25 00:00:00+00,Thu 25 Feb 2021,18093,1757,2,289583,149960,27,289610,149987,6.15025949758617,3.18517651760801,95
-7.6926,53.28823,2021/02/26 00:00:00+00,Fri 26 Feb 2021,16078,2769,0,305661,152729,27,305688,152756,6.49169754255075,3.24397997242247,96
-7.6926,53.28823,2021/02/27 00:00:00+00,Sat 27 Feb 2021,8995,704,1,314656,153433,28,314684,153461,6.68273975255829,3.25895159959626,97
-7.6926,53.28823,2021/02/28 00:00:00+00,Sun 28 Feb 2021,2444,57,2,317100,153490,30,317130,153520,6.73468386612859,3.26020454428172,98
-7.6926,53.28823,2021/03/01 00:00:00+00,Mon 01 Mar 2021,5601,794,0,322701,154284,30,322731,154314,6.85362866584539,3.277066206659,99
-7.6926,53.28823,2021/03/02 00:00:00+00,Tue 02 Mar 2021,12178,1611,0,334879,155895,30,334909,155925,7.11224494346565,3.31127796747738,100
-7.6926,53.28823,2021/03/03 00:00:00+00,Wed 03 Mar 2021,12912,1504,1,347791,157399,31,347822,157430,7.38646993877772,3.34323867513204,101
-7.6926,53.28823,2021/03/04 00:00:00+00,Thu 04 Mar 2021,18739,1691,5,366530,159090,36,366566,159126,7.78452409444485,3.37925552575152,102
-7.6926,53.28823,2021/03/05 00:00:00+00,Fri 05 Mar 2021,18448,2399,6,384978,161489,42,385020,161531,8.17641970843765,3.43032894894718,103
-7.6926,53.28823,2021/03/06 00:00:00+00,Sat 06 Mar 2021,10401,141,4,395379,161630,46,395425,161676,8.39738393644215,3.43340821978434,104
-7.6926,53.28823,2021/03/07 00:00:00+00,Sun 07 Mar 2021,1523,12,3,396902,161642,49,396951,161691,8.42979060745944,3.43372676504335,105
-7.6926,53.28823,2021/03/08 00:00:00+00,Mon 08 Mar 2021,6668,1498,5,403570,163140,54,403624,163194,8.57150077502062,3.46564499999681,106
-7.6926,53.28823,2021/03/09 00:00:00+00,Tue 09 Mar 2021,13829,3106,6,417399,166246,60,417459,166306,8.86530568558691,3.53173252306746,107
-7.6926,53.28823,2021/03/10 00:00:00+00,Wed 10 Mar 2021,13736,3990,3,431135,170236,63,431198,170299,9.1570719064955,3.61652927101767,108
-7.6926,53.28823,2021/03/11 00:00:00+00,Thu 11 Mar 2021,18484,2102,3,449619,172338,66,449685,172404,9.54966832005814,3.661231789033,109
-7.6926,53.28823,2021/03/12 00:00:00+00,Fri 12 Mar 2021,17333,1339,4,466952,173677,70,467022,173747,9.9178429304295,3.68975220789028,110
-7.6926,53.28823,2021/03/13 00:00:00+00,Sat 13 Mar 2021,8309,175,0,475261,173852,70,475331,173922,10.0942957675741,3.69346856924547,111
-7.6926,53.28823,2021/03/14 00:00:00+00,Sun 14 Mar 2021,383,20,2,475644,173872,72,475716,173944,10.1024717625555,3.6939357689587,112
-7.6926,53.28823,2021/03/15 00:00:00+00,Mon 15 Mar 2021,2655,992,0,478299,174864,72,478371,174936,10.1588542734014,3.715002228755,113
-7.6926,53.28823,2021/03/16 00:00:00+00,Tue 16 Mar 2021,8945,3823,2,487244,178687,74,487318,178761,10.3488559022295,3.79623126980422,114
-7.6926,53.28823,2021/03/17 00:00:00+00,Wed 17 Mar 2021,4898,2415,6,492142,181102,80,492222,181182,10.4529989655774,3.8476444746095,115
-7.6926,53.28823,2021/03/18 00:00:00+00,Thu 18 Mar 2021,11731,4682,5,503873,185784,85,503958,185869,10.7022287762319,3.94717924987688,116
-7.6926,53.28823,2021/03/19 00:00:00+00,Fri 19 Mar 2021,10368,6132,2,514241,191916,87,514328,192003,10.9224497319654,4.07744302446406,117
-7.6926,53.28823,2021/03/20 00:00:00+00,Sat 20 Mar 2021,5243,3117,4,519484,195033,91,519575,195124,11.0338768635694,4.14372167469011,118
-7.6926,53.28823,2021/03/21 00:00:00+00,Sun 21 Mar 2021,3639,55,3,523123,195088,94,523217,195182,11.1112196524586,4.14495338302498,119
-7.6926,53.28823,2021/03/22 00:00:00+00,Mon 22 Mar 2021,7414,2406,1,530537,197494,95,530632,197589,11.2686871921658,4.19606927892184,120
-7.6926,53.28823,2021/03/23 00:00:00+00,Tue 23 Mar 2021,12566,7391,4,543103,204885,99,543202,204984,11.5356281192217,4.35311209161701,121
-7.6926,53.28823,2021/03/24 00:00:00+00,Wed 24 Mar 2021,13627,9780,2,556730,214665,101,556831,214766,11.8250583415642,4.56084607319703,122
-7.6926,53.28823,2021/03/25 00:00:00+00,Thu 25 Mar 2021,20872,10225,3,577602,224890,104,577706,224994,12.2683671603623,4.77805146714514,123
-7.6926,53.28823,2021/03/26 00:00:00+00,Fri 26 Mar 2021,19700,9497,1,597302,234387,105,597407,234492,12.6867445035546,4.97975432515444,124
-7.6926,53.28823,2021/03/27 00:00:00+00,Sat 27 Mar 2021,11758,5354,3,609060,239741,108,609168,239849,12.9365052229742,5.09351745532456,125
-7.6926,53.28823,2021/03/28 00:00:00+00,Sun 28 Mar 2021,2492,483,0,611552,240224,108,611660,240332,12.9894262086722,5.10377461266489,126
-7.6926,53.28823,2021/03/28 23:00:00+00,Mon 29 Mar 2021,9276,3120,3,620828,243344,111,620939,243455,13.1864783058999,5.17009573559215,127
-7.6926,53.28823,2021/03/29 23:00:00+00,Tue 30 Mar 2021,13330,8668,4,634158,252012,115,634273,252127,13.469643804815,5.35425736800493,128
-7.6926,53.28823,2021/03/30 23:00:00+00,Wed 31 Mar 2021,15838,10515,4,649996,262527,119,650115,262646,13.8060700710377,5.57764253997796,129
-7.6926,53.28823,2021/03/31 23:00:00+00,Thu 01 Apr 2021,19704,11583,8,669700,274110,127,669827,274237,14.2246810140867,5.82379307979537,130
-7.6926,53.28823,2021/04/01 23:00:00+00,Fri 02 Apr 2021,20140,13723,9,689840,287833,136,689976,287969,14.6525722423484,6.11541064624976,131
-7.6926,53.28823,2021/04/02 23:00:00+00,Sat 03 Apr 2021,7547,4635,6,697387,292468,142,697529,292610,14.8129703984385,6.21396854938949,132
-7.6926,53.28823,2021/04/03 23:00:00+00,Sun 04 Apr 2021,3038,170,3,700425,292638,145,700570,292783,14.8775501406165,6.21764243804348,133
-7.6926,53.28823,2021/04/04 23:00:00+00,Mon 05 Apr 2021,3434,608,4,703859,293246,149,704008,293395,14.9505607139831,6.23063908461135,134
-7.6926,53.28823,2021/04/05 23:00:00+00,Tue 06 Apr 2021,11994,8150,11,715853,301396,160,716013,301556,15.2055031029494,6.40394894186698,135
-7.6926,53.28823,2021/04/06 23:00:00+00,Wed 07 Apr 2021,18366,10472,11,734219,311868,171,734390,312039,15.5957635179459,6.62656960521837,136
-7.6926,53.28823,2021/04/07 23:00:00+00,Thu 08 Apr 2021,20183,10564,16,754402,322432,187,754589,322619,16.0247165637376,6.85125019457806,137
-7.6926,53.28823,2021/04/08 23:00:00+00,Fri 09 Apr 2021,20675,9159,16,775077,331591,203,775280,331794,16.4641178940251,7.04609371134321,138
-7.6926,53.28823,2021/04/09 23:00:00+00,Sat 10 Apr 2021,11179,4173,12,786256,335764,215,786471,335979,16.7017738936021,7.13496783860883,139
-7.6926,53.28823,2021/04/10 23:00:00+00,Sun 11 Apr 2021,2860,365,8,789116,336129,223,789339,336352,16.762679747126,7.14288899738304,140
-7.6926,53.28823,2021/04/11 23:00:00+00,Mon 12 Apr 2021,7776,2796,13,796892,338925,236,797128,339161,16.928089681958,7.20254190622155,141
-7.6926,53.28823,2021/04/12 23:00:00+00,Tue 13 Apr 2021,11515,8601,1,808407,347526,237,808644,347763,17.1726474954804,7.38521699409226,142
-7.6926,53.28823,2021/04/13 23:00:00+00,Wed 14 Apr 2021,20354,6597,2,828761,354123,239,829000,354362,17.6049346483165,7.52535567170896,143
-7.6926,53.28823,2021/04/14 23:00:00+00,Thu 15 Apr 2021,27130,10812,1,855891,364935,240,856131,365175,18.1810980764751,7.75498433075871,144
-7.6926,53.28823,2021/04/15 23:00:00+00,Fri 16 Apr 2021,27976,9834,1,883867,374769,241,884108,375010,18.7752274572422,7.96384383892058,145
-7.6926,53.28823,2021/04/16 23:00:00+00,Sat 17 Apr 2021,15846,4555,3,899713,379324,244,899957,379568,19.1118023779191,8.06063912496042,146
-7.6926,53.28823,2021/04/17 23:00:00+00,Sun 18 Apr 2021,1073,483,0,900786,379807,244,901030,380051,19.1345889821141,8.07089628230075,147
-7.6926,53.28823,2021/04/18 23:00:00+00,Mon 19 Apr 2021,6742,2259,0,907528,382066,244,907772,382310,19.2777644578668,8.11886919830865,148
-7.6926,53.28823,2021/04/19 23:00:00+00,Tue 20 Apr 2021,15087,7320,1,922615,389386,245,922860,389631,19.5981785157362,8.27434052105935,149
-7.6926,53.28823,2021/04/20 23:00:00+00,Wed 21 Apr 2021,26723,9885,4,949338,399271,249,949587,399520,20.165762458252,8.48434679215368,150
-7.6926,53.28823,2021/04/21 23:00:00+00,Thu 22 Apr 2021,31623,12180,1,980961,411451,250,981211,411701,20.8373408096613,8.74302677882575,151
-7.6926,53.28823,2021/04/22 23:00:00+00,Fri 23 Apr 2021,33616,12354,3,1014577,423805,253,1014830,424058,21.5512856805199,9.00544436320361,152
-7.6926,53.28823,2021/04/23 23:00:00+00,Sat 24 Apr 2021,23701,6995,2,1038278,430800,255,1038533,431055,22.0546508988179,9.15403510835954,153
-7.6926,53.28823,2021/04/24 23:00:00+00,Sun 25 Apr 2021,9752,302,2,1048030,431102,257,1048287,431359,22.2617902625811,9.16049095894228,154
-7.6926,53.28823,2021/12/20 00:00:00+00,Mon 20 Dec 2021,504,615,0,3679250,3624358,240829,3920079,3865187,83.2481720280311,82.0824662708353,155
-7.6926,53.28823,2022/04/19 23:00:00+00,Wed 20 Apr 2022,250,606,0,3841289,3786827,240876,4082165,4027703,86.6902871515619,85.5337130251245,156
-7.6926,53.28823,2022/04/20 23:00:00+00,Thu 21 Apr 2022,171,236,0,3841460,3787063,240876,4082336,4027939,86.6939185675147,85.5387248038664,157
-7.6926,53.28823,2021/09/08 23:00:00+00,Thu 09 Sep 2021,3116,14810,138,3538024,3307724,238758,3776782,3546482,80.2050666959445,75.3143351525099,158
-7.6926,53.28823,2022/04/21 23:00:00+00,Fri 22 Apr 2022,196,254,0,3841656,3787317,240876,4082532,4028193,86.6980808922325,85.5441188369191,159
-7.6926,53.28823,2021/09/09 23:00:00+00,Fri 10 Sep 2021,3385,13946,116,3541409,3321670,238874,3780283,3560544,80.279415159399,75.6129607146627,160
-7.6926,53.28823,2021/05/12 23:00:00+00,Thu 13 May 2021,35998,25479,152,1538726,607546,1314,1540040,608860,32.7048293797265,12.9299644269891,161
-7.6926,53.28823,2021/12/21 00:00:00+00,Tue 21 Dec 2021,1395,1816,3,3680645,3626174,240832,3921477,3867006,83.2778604461715,82.1210951925787,162
-7.6926,53.28823,2022/04/22 23:00:00+00,Sat 23 Apr 2022,324,1010,0,3841980,3788327,240876,4082856,4029203,86.7049614698273,85.5655675510262,163
-7.6926,53.28823,2021/09/10 23:00:00+00,Sat 11 Sep 2021,2559,11337,62,3543968,3333007,238936,3782904,3571943,80.3350756343245,75.8550338751647,164
-7.6926,53.28823,2021/05/13 23:00:00+00,Fri 14 May 2021,38219,27941,236,1576945,635487,1550,1578495,637037,33.5214732420921,13.5283410778765,165
-7.6926,53.28823,2021/12/22 00:00:00+00,Wed 22 Dec 2021,1155,1592,2,3681800,3627766,240834,3922634,3868600,83.302430903817,82.1549459354368,166
-7.6926,53.28823,2022/04/23 23:00:00+00,Sun 24 Apr 2022,181,253,0,3842161,3788580,240876,4083037,4029456,86.7088052492861,85.5709403477283,167
-7.6926,53.28823,2021/09/11 23:00:00+00,Sun 12 Sep 2021,2041,12883,1,3546009,3345890,238937,3784946,3584827,80.3784402622519,76.1286430163093,168
-7.6926,53.28823,2021/05/14 23:00:00+00,Sat 15 May 2021,28858,12450,22,1605803,647937,1572,1607375,649509,34.134779047452,13.7932008425734,169
-7.6926,53.28823,2021/12/23 00:00:00+00,Thu 23 Dec 2021,920,1389,0,3682720,3629155,240834,3923554,3869989,83.32196834637,82.1844432264217,170
-7.6926,53.28823,2022/04/24 23:00:00+00,Mon 25 Apr 2022,42,58,1,3842203,3788638,240877,4083080,4029515,86.7097184123619,85.5721932924137,171
-7.6926,53.28823,2021/09/12 23:00:00+00,Mon 13 Sep 2021,1616,7743,52,3547625,3353633,238989,3786614,3592622,80.4138624950546,76.2941803692449,172
-7.6926,53.28823,2021/05/15 23:00:00+00,Sun 16 May 2021,23179,1173,9,1628982,649110,1581,1630563,650691,34.6272075451904,13.818302208984,173
-7.6926,53.28823,2021/12/24 00:00:00+00,Fri 24 Dec 2021,100,157,0,3682820,3629312,240834,3923654,3870146,83.3240919814301,82.1877773334661,174
-7.6926,53.28823,2022/04/25 23:00:00+00,Tue 26 Apr 2022,145,238,0,3842348,3788876,240877,4083225,4029753,86.7127976831991,85.5772475438568,175
-7.6926,53.28823,2021/09/13 23:00:00+00,Tue 14 Sep 2021,1548,10785,82,3549173,3364418,239071,3788244,3603489,80.4484777465344,76.5249557912271,176
-7.6926,53.28823,2021/05/16 23:00:00+00,Mon 17 May 2021,35383,3951,118,1664365,653061,1699,1666064,654760,35.3811192278803,13.9047129195799,177
-7.6926,53.28823,2021/12/25 00:00:00+00,Sat 25 Dec 2021,1,5,0,3682821,3629317,240834,3923655,3870151,83.3241132177807,82.1878835152191,178
-7.6926,53.28823,2022/04/26 23:00:00+00,Wed 27 Apr 2022,122,208,0,3842470,3789084,240877,4083347,4029961,86.7153885179724,85.5816647047818,179
-7.6926,53.28823,2021/09/14 23:00:00+00,Wed 15 Sep 2021,3283,12366,137,3552456,3376784,239208,3791664,3615992,80.5211060655902,76.7904738827928,180
-7.6926,53.28823,2021/05/17 23:00:00+00,Tue 18 May 2021,39013,12496,127,1703378,665557,1826,1705204,667383,36.2123099904075,14.1727793732176,181
-7.6926,53.28823,2021/12/26 00:00:00+00,Sun 26 Dec 2021,12,10,0,3682833,3629327,240834,3923667,3870161,83.3243680539879,82.1880958787251,182
-7.6926,53.28823,2022/04/27 23:00:00+00,Thu 28 Apr 2022,103,130,0,3842573,3789214,240877,4083450,4030091,86.7175758620843,85.58442543036,183
-7.6926,53.28823,2021/09/15 23:00:00+00,Thu 16 Sep 2021,1913,10574,115,3554369,3387358,239323,3793692,3626681,80.5641733846092,77.017469234368,184
-7.6926,53.28823,2021/05/18 23:00:00+00,Wed 19 May 2021,37021,17590,211,1740399,683147,2037,1742436,685184,37.0029817959879,14.5508076502679,185
-7.6926,53.28823,2021/12/27 00:00:00+00,Mon 27 Dec 2021,389,589,0,3683222,3629916,240834,3924056,3870750,83.3326289943717,82.2006040892292,186
-7.6926,53.28823,2022/04/28 23:00:00+00,Fri 29 Apr 2022,171,222,0,3842744,3789436,240877,4083621,4030313,86.7212072780371,85.5891399001934,187
-7.6926,53.28823,2021/09/16 23:00:00+00,Fri 17 Sep 2021,2561,14613,94,3556930,3401971,239417,3796347,3641388,80.6205558954552,77.3297922426584,188
-7.6926,53.28823,2021/05/19 23:00:00+00,Thu 20 May 2021,39091,19644,136,1779490,702791,2173,1781663,704964,37.8360201210175,14.9708626651578,189
-7.6926,53.28823,2021/12/28 00:00:00+00,Tue 28 Dec 2021,465,746,0,3683687,3630662,240834,3924521,3871496,83.3425038974012,82.2164464067776,190
-7.6926,53.28823,2022/04/29 23:00:00+00,Sat 30 Apr 2022,281,723,0,3843025,3790159,240877,4083902,4031036,86.727174692556,85.604493781678,191
-7.6926,53.28823,2021/09/17 23:00:00+00,Sat 18 Sep 2021,2289,11233,47,3559219,3413204,239464,3798683,3652668,80.6701640104593,77.5693382774389,192
-7.6926,53.28823,2021/05/20 23:00:00+00,Fri 21 May 2021,25837,23247,14934,1805327,726038,17107,1822434,743145,38.7018473713751,15.7816877674586,193
-7.6926,53.28823,2021/12/29 00:00:00+00,Wed 29 Dec 2021,1058,1306,0,3684745,3631968,240834,3925579,3872802,83.3649719563372,82.2441810806627,194
-7.6926,53.28823,2022/04/30 23:00:00+00,Sun 01 May 2022,187,746,0,3843212,3790905,240877,4084089,4031782,86.7311458901185,85.6203360992264,195
-7.6926,53.28823,2021/09/18 23:00:00+00,Sun 19 Sep 2021,1862,8491,16,3561081,3421695,239480,3800561,3661175,80.7100458768882,77.7499959120025,196
-7.6926,53.28823,2021/09/19 23:00:00+00,Mon 20 Sep 2021,956,5624,35,3562037,3427319,239515,3801552,3666834,80.7310911003339,77.8701724200542,197
-7.6926,53.28823,2021/09/20 23:00:00+00,Tue 21 Sep 2021,1466,6671,90,3563503,3433990,239605,3803108,3673595,80.7641348618692,78.0137513864682,198
-7.6926,53.28823,2021/09/21 23:00:00+00,Wed 22 Sep 2021,1896,8150,97,3565399,3442140,239702,3805101,3681842,80.8064589086172,78.1888875698755,199
-7.6926,53.28823,2021/09/22 23:00:00+00,Thu 23 Sep 2021,1698,8727,89,3567097,3450867,239791,3806888,3690658,80.8444082671414,78.3761072367749,200
-7.6926,53.28823,2021/09/23 23:00:00+00,Fri 24 Sep 2021,1911,7379,79,3569008,3458246,239870,3808878,3698116,80.8866686048376,78.5344879395579,201
-7.6926,53.28823,2021/09/24 23:00:00+00,Sat 25 Sep 2021,2421,6602,53,3571429,3464848,239923,3811352,3704771,80.9392073362247,78.6758158528083,202
-7.6926,53.28823,2021/09/25 23:00:00+00,Sun 26 Sep 2021,1549,7098,0,3572978,3471946,239923,3812901,3711869,80.9721024433058,78.8265514693749,203
-7.6926,53.28823,2021/09/26 23:00:00+00,Mon 27 Sep 2021,1176,3824,45,3574154,3475770,239968,3814122,3715738,80.9980320273898,78.9087149098506,204
-7.6926,53.28823,2021/09/27 23:00:00+00,Tue 28 Sep 2021,1450,5134,93,3575604,3480904,240061,3815665,3720965,81.0307997163673,79.0197173144426,205
-7.6926,53.28823,2021/09/28 23:00:00+00,Wed 29 Sep 2021,1651,3629,79,3577255,3484533,240140,3817395,3724673,81.0675386029072,79.0984617024715,206
-7.6926,53.28823,2021/09/29 23:00:00+00,Thu 30 Sep 2021,1280,3974,78,3578535,3488507,240218,3818753,3728725,81.0963775670235,79.1845113951072,207
-7.6926,53.28823,2021/09/30 23:00:00+00,Fri 01 Oct 2021,1859,5184,42,3580394,3493691,240260,3820654,3733951,81.1367478695162,79.2954925633486,208
-7.6926,53.28823,2021/10/01 23:00:00+00,Sat 02 Oct 2021,1705,4093,40,3582099,3497784,240300,3822399,3738084,81.1738053013152,79.3832624003829,209
-7.6926,53.28823,2021/10/02 23:00:00+00,Sun 03 Oct 2021,1196,3019,9,3583295,3500803,240309,3823604,3741112,81.1993951037895,79.4475660700031,210
-7.6926,53.28823,2021/10/03 23:00:00+00,Mon 04 Oct 2021,339,1242,18,3583634,3502045,240327,3823961,3742372,81.2069764809541,79.4743238717605,211
-7.6926,53.28823,2021/10/04 23:00:00+00,Tue 05 Oct 2021,959,2825,70,3584593,3504870,240397,3824990,3745267,81.2288286857226,79.5358031067507,212
-7.6926,53.28823,2021/10/05 23:00:00+00,Wed 06 Oct 2021,975,2575,40,3585568,3507445,240437,3826005,3747882,81.2503835815827,79.5913361635726,213
-7.6926,53.28823,2021/10/06 23:00:00+00,Thu 07 Oct 2021,1213,2700,44,3586781,3510145,240481,3827262,3750626,81.2770776742883,79.649608709622,214
-7.6926,53.28823,2021/10/07 23:00:00+00,Fri 08 Oct 2021,937,2772,48,3587718,3512917,240529,3828247,3753446,81.2979954796304,79.7094952183171,215
-7.6926,53.28823,2021/10/08 23:00:00+00,Sat 09 Oct 2021,731,2377,23,3588449,3515294,240552,3829001,3755846,81.3140076879836,79.7604624597598,216
-7.6926,53.28823,2021/10/09 23:00:00+00,Sun 10 Oct 2021,1507,3918,2,3589956,3519212,240554,3830510,3759766,81.3460533410407,79.8437089541161,217
-7.6926,53.28823,2021/10/10 23:00:00+00,Mon 11 Oct 2021,334,1130,19,3590290,3520342,240573,3830863,3760915,81.3535497728029,79.8681095209568,218
-7.6926,53.28823,2021/10/11 23:00:00+00,Tue 12 Oct 2021,562,1611,20,3590852,3521953,240593,3831445,3762546,81.3659093288528,79.9027460087872,219
-7.6926,53.28823,2021/10/12 23:00:00+00,Wed 13 Oct 2021,989,2074,11,3591841,3524027,240604,3832445,3764631,81.3871456794539,79.9470237997905,220
-7.6926,53.28823,2021/10/13 23:00:00+00,Thu 14 Oct 2021,670,1604,8,3592511,3525631,240612,3833123,3766243,81.4015439251614,79.9812567969595,221
-7.6926,53.28823,2021/10/14 23:00:00+00,Fri 15 Oct 2021,954,2069,9,3593465,3527700,240621,3834086,3768321,81.4219945307903,80.0253859335086,222
-7.6926,53.28823,2021/10/15 23:00:00+00,Sat 16 Oct 2021,1373,2647,14,3594838,3530347,240635,3835473,3770982,81.451449349074,80.0818958624581,223
-7.6926,53.28823,2021/10/16 23:00:00+00,Sun 17 Oct 2021,1701,2892,2,3596539,3533239,240637,3837176,3773876,81.4876148541477,80.1433538610977,224
-7.6926,53.28823,2021/10/17 23:00:00+00,Mon 18 Oct 2021,673,1246,6,3597212,3534485,240643,3837855,3775128,81.5020343362058,80.1699417720503,225
-7.6926,53.28823,2021/10/18 23:00:00+00,Tue 19 Oct 2021,1333,1802,13,3598545,3536287,240656,3839201,3776943,81.5306184641149,80.2084857483913,226
-7.6926,53.28823,2021/10/19 23:00:00+00,Wed 20 Oct 2021,2253,2329,0,3600798,3538616,240656,3841454,3779272,81.5784639620192,80.2579452089413,227
-7.6926,53.28823,2021/10/20 23:00:00+00,Thu 21 Oct 2021,1729,1842,11,3602527,3540458,240667,3843194,3781125,81.6154152120651,80.2972961666051,228
-7.6926,53.28823,2021/10/21 23:00:00+00,Fri 22 Oct 2021,1505,1927,3,3604032,3542385,240670,3844702,3783055,81.6474396287716,80.3382823232652,229
-7.6926,53.28823,2021/10/22 23:00:00+00,Sat 23 Oct 2021,2015,1701,1,3606047,3544086,240671,3846718,3784757,81.6902521115834,80.3744265919883,230
-7.6926,53.28823,2021/10/23 23:00:00+00,Sun 24 Oct 2021,1949,2186,2,3607996,3546272,240673,3848669,3786945,81.7316842316062,80.4208917271036,231
-7.6926,53.28823,2021/10/24 23:00:00+00,Mon 25 Oct 2021,1221,853,2,3609217,3547125,240675,3849892,3787800,81.7576562883913,80.4390488068675,232
-7.6926,53.28823,2021/10/25 23:00:00+00,Tue 26 Oct 2021,1235,1228,6,3610452,3548353,240681,3851133,3789034,81.7840105994873,80.4652544635093,233
-7.6926,53.28823,2021/10/26 23:00:00+00,Wed 27 Oct 2021,1554,1420,6,3612006,3549773,240687,3852693,3790460,81.817139306425,80.4955374994664,234
-7.6926,53.28823,2021/10/27 23:00:00+00,Thu 28 Oct 2021,2149,1690,5,3614155,3551463,240692,3854847,3792155,81.8628824056198,80.5315331137353,235
-7.6926,53.28823,2021/10/28 23:00:00+00,Fri 29 Oct 2021,2136,1362,2,3616291,3552825,240694,3856985,3793519,81.908285723205,80.5604994959552,236
-7.6926,53.28823,2021/10/29 23:00:00+00,Sat 30 Oct 2021,2020,1449,1,3618311,3554274,240695,3859006,3794969,81.9512043877698,80.5912922043268,237
-7.6926,53.28823,2021/10/30 23:00:00+00,Sun 31 Oct 2021,1596,1320,0,3619907,3555594,240695,3860602,3796289,81.9850976033292,80.6193241871203,238
-7.6926,53.28823,2021/11/01 00:00:00+00,Mon 01 Nov 2021,278,288,2,3620185,3555882,240697,3860882,3796579,81.9910437814975,80.6254827287946,239
-7.6926,53.28823,2021/11/02 00:00:00+00,Tue 02 Nov 2021,1098,1094,10,3621283,3556976,240707,3861990,3797683,82.0145736579635,80.6489276598582,240
-7.6926,53.28823,2021/11/03 00:00:00+00,Wed 03 Nov 2021,2533,1879,6,3623816,3558855,240713,3864529,3799568,82.0684927521397,80.6889581807413,241
-7.6926,53.28823,2021/11/04 00:00:00+00,Thu 04 Nov 2021,1534,1281,1,3625350,3560136,240714,3866064,3800850,82.1010905503124,80.7161831822119,242
-7.6926,53.28823,2021/11/05 00:00:00+00,Fri 05 Nov 2021,1628,1093,3,3626978,3561229,240717,3867695,3801946,82.1357270381428,80.7394582224707,243
-7.6926,53.28823,2021/11/06 00:00:00+00,Sat 06 Nov 2021,1815,1355,6,3628793,3562584,240723,3869516,3803307,82.1743984325874,80.7683608956388,244
-7.6926,53.28823,2021/11/07 00:00:00+00,Sun 07 Nov 2021,695,775,0,3629488,3563359,240723,3870211,3804082,82.1891576962552,80.7848190673547,245
-7.6926,53.28823,2021/11/08 00:00:00+00,Mon 08 Nov 2021,516,529,3,3630004,3563888,240726,3870730,3804614,82.2001793622172,80.7961168058745,246
-7.6926,53.28823,2021/11/09 00:00:00+00,Tue 09 Nov 2021,1369,1063,3,3631373,3564951,240729,3872102,3805680,82.2293156352419,80.8187547556153,247
-7.6926,53.28823,2021/11/10 00:00:00+00,Wed 10 Nov 2021,1608,1359,1,3632981,3566310,240730,3873711,3807040,82.2634849233591,80.8476361924328,248
-7.6926,53.28823,2021/11/11 00:00:00+00,Thu 11 Nov 2021,1385,1111,1,3634366,3567421,240731,3875097,3808152,82.2929185052922,80.8712510143012,249
-7.6926,53.28823,2021/11/12 00:00:00+00,Fri 12 Nov 2021,1141,1155,6,3635507,3568576,240737,3876244,3809313,82.3172765994317,80.8959064173491,250
-7.6926,53.28823,2021/11/13 00:00:00+00,Sat 13 Nov 2021,1396,1375,0,3636903,3569951,240737,3877640,3810688,82.3469225448708,80.9251063994256,251
-7.6926,53.28823,2021/11/14 00:00:00+00,Sun 14 Nov 2021,1648,1806,0,3638551,3571757,240737,3879288,3812494,82.3819200506614,80.9634592486112,252
-7.6926,53.28823,2021/11/15 00:00:00+00,Mon 15 Nov 2021,1239,593,1,3639790,3572350,240738,3880528,3813088,82.4082531254068,80.9760736408683,253
-7.6926,53.28823,2021/11/16 00:00:00+00,Tue 16 Nov 2021,1316,1071,5,3641106,3573421,240743,3881849,3814164,82.4363063445509,80.998923954115,254
-7.6926,53.28823,2021/11/17 00:00:00+00,Wed 17 Nov 2021,1497,1114,1,3642603,3574535,240744,3883347,3815279,82.4681183977513,81.0226024850353,255
-7.6926,53.28823,2021/11/18 00:00:00+00,Thu 18 Nov 2021,1643,2502,5,3644246,3577037,240749,3884995,3817786,82.5031159035419,81.0758420159923,256
-7.6926,53.28823,2021/11/19 00:00:00+00,Fri 19 Nov 2021,1162,1553,0,3645408,3578590,240749,3886157,3819339,82.5277925429404,81.1088220684758,257
-7.6926,53.28823,2021/11/20 00:00:00+00,Sat 20 Nov 2021,1545,2940,12,3646953,3581530,240761,3887714,3822291,82.5608575408263,81.1715117754502,258
-7.6926,53.28823,2021/11/21 00:00:00+00,Sun 21 Nov 2021,1788,2765,0,3648741,3584295,240761,3889502,3825056,82.5988281357011,81.2302302848623,259
-7.6926,53.28823,2021/11/22 00:00:00+00,Mon 22 Nov 2021,719,519,2,3649460,3584814,240763,3890223,3825577,82.6141395444845,81.2412944235255,260
-7.6926,53.28823,2021/11/23 00:00:00+00,Tue 23 Nov 2021,2153,1592,7,3651613,3586406,240770,3892383,3827176,82.6600100617829,81.2752513481366,261
-7.6926,53.28823,2021/11/24 00:00:00+00,Wed 24 Nov 2021,1607,3143,2,3653220,3589549,240772,3893992,3830321,82.6941793499001,81.3420396707771,262
-7.6926,53.28823,2021/11/25 00:00:00+00,Thu 25 Nov 2021,975,1183,1,3654195,3590732,240773,3894968,3831505,82.7149060280868,81.3671835098888,263
-7.6926,53.28823,2021/11/26 00:00:00+00,Fri 26 Nov 2021,1285,1105,12,3655480,3591837,240785,3896265,3832622,82.7424495748164,81.3909045135102,264
-7.6926,53.28823,2021/11/27 00:00:00+00,Sat 27 Nov 2021,1200,1565,6,3656680,3593402,240791,3897471,3834193,82.7680606136413,81.4242668203046,265
-7.6926,53.28823,2021/11/28 00:00:00+00,Sun 28 Nov 2021,1953,2256,1,3658633,3595658,240792,3899425,3836450,82.8095564427159,81.4721972636113,266
-7.6926,53.28823,2021/11/29 00:00:00+00,Mon 29 Nov 2021,532,993,1,3659165,3596651,240793,3899958,3837444,82.8208754175863,81.4933061961088,267
-7.6926,53.28823,2021/11/30 00:00:00+00,Tue 30 Nov 2021,1894,1645,6,3661059,3598296,240799,3901858,3839095,82.8612244837284,81.5283674109512,268
-7.6926,53.28823,2021/12/01 00:00:00+00,Wed 01 Dec 2021,1037,1380,4,3662096,3599676,240803,3902899,3840479,82.8833315247041,81.5577585201831,269
-7.6926,53.28823,2021/12/02 00:00:00+00,Thu 02 Dec 2021,1739,1411,0,3663835,3601087,240803,3904638,3841890,82.9202615383995,81.5877230108813,270
-7.6926,53.28823,2021/12/03 00:00:00+00,Fri 03 Dec 2021,1014,1186,2,3664849,3602273,240805,3905654,3843078,82.9418376706102,81.6129517953954,271
-7.6926,53.28823,2021/12/04 00:00:00+00,Sat 04 Dec 2021,1202,1699,1,3666051,3603972,240806,3906857,3844778,82.9673850003833,81.6490535914173,272
-7.6926,53.28823,2021/12/05 00:00:00+00,Sun 05 Dec 2021,1346,1774,2,3667397,3605746,240808,3908205,3846554,82.9960116009936,81.6867693500849,273
-7.6926,53.28823,2021/12/06 00:00:00+00,Mon 06 Dec 2021,931,1295,0,3668328,3607041,240808,3909136,3847849,83.0157826434032,81.7142704241133,274
-7.6926,53.28823,2021/12/07 00:00:00+00,Tue 07 Dec 2021,483,740,2,3668811,3607781,240810,3909621,3848591,83.0260822734448,81.7300277962593,275
-7.6926,53.28823,2021/12/08 00:00:00+00,Wed 08 Dec 2021,785,1517,2,3669596,3609298,240812,3910408,3850110,83.0427952813678,81.7622858128224,276
-7.6926,53.28823,2021/12/09 00:00:00+00,Thu 09 Dec 2021,784,1209,1,3670380,3610507,240813,3911193,3851320,83.0594658165897,81.7879817970497,277
-7.6926,53.28823,2021/12/10 00:00:00+00,Fri 10 Dec 2021,886,1612,1,3671266,3612119,240814,3912080,3852933,83.0783024595729,81.8222360305693,278
-7.6926,53.28823,2021/12/11 00:00:00+00,Sat 11 Dec 2021,638,841,2,3671904,3612960,240816,3912720,3853776,83.0918937239576,81.840138274126,279
-7.6926,53.28823,2021/12/12 00:00:00+00,Sun 12 Dec 2021,686,1191,0,3672590,3614151,240816,3913406,3854967,83.10646186047,81.8654307676919,280
-7.6926,53.28823,2021/12/13 00:00:00+00,Mon 13 Dec 2021,719,1068,1,3673309,3615219,240817,3914126,3856036,83.1217520329027,81.8881324264845,281
-7.6926,53.28823,2021/12/14 00:00:00+00,Tue 14 Dec 2021,625,1200,3,3673934,3616419,240820,3914754,3857239,83.1350884610802,81.9136797562577,282
-7.6926,53.28823,2021/12/15 00:00:00+00,Wed 15 Dec 2021,787,1255,0,3674721,3617674,240820,3915541,3858494,83.1518014690033,81.9403313762621,283
-7.6926,53.28823,2021/12/16 00:00:00+00,Thu 16 Dec 2021,1041,1541,7,3675762,3619215,240827,3916589,3860042,83.1740571644333,81.9732052469926,284
-7.6926,53.28823,2021/12/17 00:00:00+00,Fri 17 Dec 2021,1198,2458,1,3676960,3621673,240828,3917788,3862501,83.199519548804,82.0254254331207,285
-7.6926,53.28823,2021/12/18 00:00:00+00,Sat 18 Dec 2021,1245,1183,0,3678205,3622856,240828,3919033,3863684,83.2259588053024,82.0505480358818,286
-7.6926,53.28823,2021/12/19 00:00:00+00,Sun 19 Dec 2021,541,887,1,3678746,3623743,240829,3919575,3864572,83.2374689073282,82.0694059152156,287
-7.6926,53.28823,2022/05/01 23:00:00+00,Mon 02 May 2022,13,26,0,3843225,3790931,240877,4084102,4031808,86.7314219626763,85.6208882443421,288
-7.6926,53.28823,2021/12/30 00:00:00+00,Thu 30 Dec 2021,1047,1195,1,3685792,3633163,240835,3926627,3873998,83.3872276517672,82.2695797559816,289
-7.6926,53.28823,2021/12/31 00:00:00+00,Fri 31 Dec 2021,710,1680,0,3686502,3634843,240835,3927337,3875678,83.402305460694,82.3052568249914,290
-7.6926,53.28823,2021/05/21 23:00:00+00,Sat 22 May 2021,16587,10248,13522,1821914,736286,30629,1852543,766915,39.3412526516238,16.2864758212468,291
-7.6926,53.28823,2022/05/02 23:00:00+00,Tue 03 May 2022,101,117,0,3843326,3791048,240877,4084203,4031925,86.733566834087,85.6233728973624,292
-7.6926,53.28823,2021/05/22 23:00:00+00,Sun 23 May 2021,8216,5526,10205,1830130,741812,40834,1870964,782646,39.7324474660468,16.6205448525528,293
-7.6926,53.28823,2022/01/01 00:00:00+00,Sat 01 Jan 2022,64,99,0,3686566,3634942,240835,3927401,3875777,83.4036645871324,82.307359223701,294
-7.6926,53.28823,2021/05/23 23:00:00+00,Mon 24 May 2021,22547,8217,8450,1852677,750029,49284,1901961,799313,40.3907106256293,16.9744911080215,295
-7.6926,53.28823,2022/05/03 23:00:00+00,Wed 04 May 2022,116,128,0,3843442,3791176,240877,4084319,4032053,86.7360302507567,85.6260911502393,296
-7.6926,53.28823,2022/01/02 00:00:00+00,Sun 02 Jan 2022,270,627,0,3686836,3635569,240835,3927671,3876404,83.4093984017947,82.3206744155278,297
-7.6926,53.28823,2021/05/24 23:00:00+00,Tue 25 May 2021,30346,16498,3224,1883023,766527,52508,1935531,819035,41.1036149153084,17.3933144145765,298
-7.6926,53.28823,2022/05/04 23:00:00+00,Thu 05 May 2022,117,164,0,3843559,3791340,240877,4084436,4032217,86.738514903777,85.6295739117379,299
-7.6926,53.28823,2021/05/25 23:00:00+00,Wed 26 May 2021,19978,25450,3054,1903001,791977,55562,1958563,847539,41.592730542353,17.9986353521104,300
-7.6926,53.28823,2022/05/05 23:00:00+00,Fri 06 May 2022,140,257,0,3843699,3791597,240877,4084576,4032474,86.7414879928612,85.6350316538424,301
-7.6926,53.28823,2022/01/03 00:00:00+00,Mon 03 Jan 2022,3630,727,1,3690466,3636296,240836,3931302,3877132,83.4865075908273,82.3361344787655,302
-7.6926,53.28823,2021/05/26 23:00:00+00,Thu 27 May 2021,17014,36036,550,1920015,828013,56112,1976127,884125,41.9657258043108,18.7755884752024,303
-7.6926,53.28823,2022/05/06 23:00:00+00,Sat 07 May 2022,441,1088,0,3844140,3792685,240877,4085017,4033562,86.7508532234763,85.6581368032964,304
-7.6926,53.28823,2022/01/04 00:00:00+00,Tue 04 Jan 2022,1186,779,1,3691652,3637075,240837,3932489,3877912,83.5117151389909,82.3526988322343,305
-7.6926,53.28823,2021/05/27 23:00:00+00,Fri 28 May 2021,27043,31826,1558,1947058,859839,57670,2004728,917509,42.5731066678531,19.4845428036697,306
-7.6926,53.28823,2022/05/07 23:00:00+00,Sun 08 May 2022,275,437,0,3844415,3793122,240877,4085292,4033999,86.7566932198916,85.6674170885091,307
-7.6926,53.28823,2022/01/05 00:00:00+00,Wed 05 Jan 2022,2140,901,0,3693792,3637976,240837,3934629,3878813,83.5571609292772,82.3718327841259,308
-7.6926,53.28823,2021/05/28 23:00:00+00,Sat 29 May 2021,24481,7386,534,1971539,867225,58204,2029743,925429,43.1043339781397,19.6527347004305,309
-7.6926,53.28823,2022/05/08 23:00:00+00,Mon 09 May 2022,27,32,0,3844442,3793154,240877,4085319,4034031,86.7572666013578,85.6680966517283,310
-7.6926,53.28823,2022/01/06 00:00:00+00,Thu 06 Jan 2022,2455,1693,1,3696247,3639669,240838,3937085,3880507,83.6093174063535,82.4078071620442,311
-7.6926,53.28823,2021/05/29 23:00:00+00,Sun 30 May 2021,24252,1676,209,1995791,868901,58413,2054204,927314,43.6237963501934,19.6927652213136,312
-7.6926,53.28823,2022/05/09 23:00:00+00,Tue 10 May 2022,86,98,1,3844528,3793252,240878,4085406,4034130,86.7591141638601,85.6701990504378,313
-7.6926,53.28823,2022/01/07 00:00:00+00,Fri 07 Jan 2022,4853,785,2,3701100,3640454,240840,3941940,3881294,83.7124198885219,82.4245201699673,314
-7.6926,53.28823,2021/05/30 23:00:00+00,Mon 31 May 2021,22587,7320,3443,2018378,876221,61856,2080234,938077,44.1765785563401,19.9213320628333,315
-7.6926,53.28823,2022/05/10 23:00:00+00,Wed 11 May 2022,123,132,0,3844651,3793384,240878,4085529,4034262,86.761726234984,85.6730022487172,316
-7.6926,53.28823,2022/01/08 00:00:00+00,Sat 08 Jan 2022,9789,738,2,3710889,3641192,240842,3951731,3882034,83.9203449972573,82.4402350694121,317
-7.6926,53.28823,2021/05/31 23:00:00+00,Tue 01 Jun 2021,27571,11516,3653,2045949,887737,65509,2111458,953246,44.8396623675091,20.2434662651014,318
-7.6926,53.28823,2022/05/11 23:00:00+00,Thu 12 May 2022,247,398,0,3844898,3793782,240878,4085776,4034660,86.7669716135825,85.6814543162564,319
-7.6926,53.28823,2022/01/09 00:00:00+00,Sun 09 Jan 2022,7115,664,0,3718004,3641856,240842,3958846,3882698,84.0714416317842,82.4543360062112,320
-7.6926,53.28823,2021/06/01 23:00:00+00,Wed 02 Jun 2021,18697,20898,4008,2064646,908635,69517,2134163,978152,45.3218337079072,20.7723788131726,321
-7.6926,53.28823,2022/05/12 23:00:00+00,Fri 13 May 2022,182,326,0,3845080,3794108,240878,4085958,4034986,86.7708366293919,85.6883773665524,322
-7.6926,53.28823,2022/01/10 00:00:00+00,Mon 10 Jan 2022,6658,507,1,3724662,3642363,240843,3965505,3883206,84.212854490437,82.4651240723166,323
-7.6926,53.28823,2021/06/02 23:00:00+00,Thu 03 Jun 2021,16693,30706,1977,2081339,939341,71494,2152833,1010835,45.7183163736298,21.4664464598685,324
-7.6926,53.28823,2022/05/13 23:00:00+00,Sat 14 May 2022,333,632,0,3845413,3794740,240878,4086291,4035618,86.7779083341421,85.7017987401323,325
-7.6926,53.28823,2022/01/11 00:00:00+00,Tue 11 Jan 2022,4775,1367,1,3729437,3643730,240844,3970281,3884574,84.3142793009078,82.4941753999389,326
-7.6926,53.28823,2021/06/03 23:00:00+00,Fri 04 Jun 2021,28982,23342,153,2110321,962683,71647,2181968,1034330,46.337037448393,21.9653945172415,327
-7.6926,53.28823,2022/05/14 23:00:00+00,Sun 15 May 2022,169,254,0,3845582,3794994,240878,4086460,4035872,86.7814972773937,85.7071927731849,328
-7.6926,53.28823,2022/01/12 00:00:00+00,Wed 12 Jan 2022,7559,918,1,3736996,3644648,240845,3977841,3885493,84.4748261114522,82.5136916061413,329
-7.6926,53.28823,2021/06/04 23:00:00+00,Sat 05 Jun 2021,20965,11492,33,2131286,974175,71680,2202966,1045855,46.782958338315,22.2101434579192,330
-7.6926,53.28823,2022/05/15 23:00:00+00,Mon 16 May 2022,31,40,0,3845613,3795034,240878,4086491,4035912,86.7821556042623,85.708042227209,331
-7.6926,53.28823,2022/01/13 00:00:00+00,Thu 13 Jan 2022,7321,815,0,3744317,3645463,240845,3985162,3886308,84.6302974342029,82.5309992318812,332
-7.6926,53.28823,2021/06/05 23:00:00+00,Sun 06 Jun 2021,19946,3908,46,2151232,978083,71726,2222958,1049809,47.2075154595323,22.294111988196,333
-7.6926,53.28823,2022/05/16 23:00:00+00,Tue 17 May 2022,97,96,0,3845710,3795130,240878,4086588,4036008,86.7842155302706,85.7100809168667,334
-7.6926,53.28823,2022/01/14 00:00:00+00,Fri 14 Jan 2022,10721,833,0,3755038,3646296,240845,3995883,3887141,84.8579723489973,82.5486891119319,335
-7.6926,53.28823,2021/06/06 23:00:00+00,Mon 07 Jun 2021,19816,4591,45,2171048,982674,71771,2242819,1054445,47.6292906188209,22.3925637095827,336
-7.6926,53.28823,2022/05/17 23:00:00+00,Wed 18 May 2022,103,121,0,3845813,3795251,240878,4086691,4036129,86.7864028743825,85.7126505152894,337
-7.6926,53.28823,2022/05/18 23:00:00+00,Thu 19 May 2022,100,104,0,3845913,3795355,240878,4086791,4036233,86.7885265094426,85.7148590957519,338
-7.6926,53.28823,2022/05/19 23:00:00+00,Fri 20 May 2022,127,208,0,3846040,3795563,240878,4086918,4036441,86.791223525969,85.719276256677,339
-7.6926,53.28823,2022/05/20 23:00:00+00,Sat 21 May 2022,393,761,0,3846433,3796324,240878,4087311,4037202,86.7995694117552,85.7354371194844,340
-7.6926,53.28823,2022/05/21 23:00:00+00,Sun 22 May 2022,234,409,0,3846667,3796733,240878,4087545,4037611,86.8045387177959,85.7441227868803,341
-7.6926,53.28823,2022/05/22 23:00:00+00,Mon 23 May 2022,30,35,0,3846697,3796768,240878,4087575,4037646,86.8051758083139,85.7448660591513,342
-7.6926,53.28823,2022/05/23 23:00:00+00,Tue 24 May 2022,77,83,0,3846774,3796851,240878,4087652,4037729,86.8068110073102,85.7466286762512,343
-7.6926,53.28823,2022/05/24 23:00:00+00,Wed 25 May 2022,88,134,1,3846862,3796985,240879,4087741,4037864,86.8087010425137,85.7494955835823,344
-7.6926,53.28823,2022/05/25 23:00:00+00,Thu 26 May 2022,135,155,0,3846997,3797140,240879,4087876,4038019,86.8115679498448,85.7527872179255,345
-7.6926,53.28823,2022/05/26 23:00:00+00,Fri 27 May 2022,98,151,0,3847095,3797291,240879,4087974,4038170,86.8136491122037,85.7559939068663,346
-7.6926,53.28823,2022/05/27 23:00:00+00,Sat 28 May 2022,335,578,0,3847430,3797869,240879,4088309,4038748,86.8207632896551,85.7682685175137,347
-7.6926,53.28823,2022/05/28 23:00:00+00,Sun 29 May 2022,182,348,0,3847612,3798217,240879,4088491,4039096,86.8246283054645,85.7756587675229,348
-7.6926,53.28823,2022/05/29 23:00:00+00,Mon 30 May 2022,11,21,0,3847623,3798238,240879,4088502,4039117,86.8248619053211,85.7761047308855,349
-7.6926,53.28823,2022/05/30 23:00:00+00,Tue 31 May 2022,66,79,1,3847689,3798317,240880,4088569,4039197,86.8262847408114,85.7778036389336,350
-7.6926,53.28823,2022/05/31 23:00:00+00,Wed 01 Jun 2022,71,100,0,3847760,3798417,240880,4088640,4039297,86.8277925217041,85.7799272739937,351
-7.6926,53.28823,2022/06/01 23:00:00+00,Thu 02 Jun 2022,120,138,0,3847880,3798555,240880,4088760,4039435,86.8303408837762,85.7828578903767,352
-7.6926,53.28823,2022/06/02 23:00:00+00,Fri 03 Jun 2022,63,144,0,3847943,3798699,240880,4088823,4039579,86.8316787738641,85.7859159248632,353
-7.6926,53.28823,2022/06/03 23:00:00+00,Sat 04 Jun 2022,307,606,0,3848250,3799305,240880,4089130,4040185,86.8381983334986,85.7987851533275,354
-7.6926,53.28823,2022/06/04 23:00:00+00,Sun 05 Jun 2022,142,273,0,3848392,3799578,240880,4089272,4040458,86.841213895284,85.8045826770416,355
-7.6926,53.28823,2022/06/05 23:00:00+00,Mon 06 Jun 2022,3,6,0,3848395,3799584,240880,4089275,4040464,86.8412776043358,85.8047100951452,356
-7.6926,53.28823,2022/06/06 23:00:00+00,Tue 07 Jun 2022,29,50,0,3848424,3799634,240880,4089304,4040514,86.8418934585032,85.8057719126753,357
-7.6926,53.28823,2022/06/07 23:00:00+00,Wed 08 Jun 2022,41,76,0,3848465,3799710,240880,4089345,4040590,86.8427641488779,85.807385875321,358
-7.6926,53.28823,2022/06/08 23:00:00+00,Thu 09 Jun 2022,82,124,0,3848547,3799834,240880,4089427,4040714,86.8445055296271,85.8100191827955,359
-7.6926,53.28823,2022/06/09 23:00:00+00,Fri 10 Jun 2022,56,108,0,3848603,3799942,240880,4089483,4040822,86.8456947652608,85.8123127086604,360
-7.6926,53.28823,2022/06/10 23:00:00+00,Sat 11 Jun 2022,191,560,0,3848794,3800502,240880,4089674,4041382,86.8497509082256,85.824205064997,361
-7.6926,53.28823,2022/06/11 23:00:00+00,Sun 12 Jun 2022,143,287,0,3848937,3800789,240880,4089817,4041669,86.8527877063616,85.8302998976196,362
-7.6926,53.28823,2022/06/12 23:00:00+00,Mon 13 Jun 2022,19,44,0,3848956,3800833,240880,4089836,4041713,86.853191197023,85.831234297046,363
-7.6926,53.28823,2022/06/13 23:00:00+00,Tue 14 Jun 2022,39,54,0,3848995,3800887,240880,4089875,4041767,86.8540194146965,85.8323810599785,364
-7.6926,53.28823,2022/06/14 23:00:00+00,Wed 15 Jun 2022,70,122,0,3849065,3801009,240880,4089945,4041889,86.8555059592385,85.8349718947518,365
-7.6926,53.28823,2022/06/15 23:00:00+00,Thu 16 Jun 2022,82,85,0,3849147,3801094,240880,4090027,4041974,86.8572473399878,85.8367769845529,366
-7.6926,53.28823,2022/06/16 23:00:00+00,Fri 17 Jun 2022,60,94,0,3849207,3801188,240880,4090087,4042068,86.8585215210239,85.8387732015094,367
-7.6926,53.28823,2022/06/17 23:00:00+00,Sat 18 Jun 2022,223,487,0,3849430,3801675,240880,4090310,4042555,86.8632572272079,85.8491153042521,368
-7.6926,53.28823,2022/06/18 23:00:00+00,Sun 19 Jun 2022,80,129,0,3849510,3801804,240880,4090390,4042684,86.864956135256,85.8518547934797,369
-7.6926,53.28823,2022/06/19 23:00:00+00,Mon 20 Jun 2022,9,27,0,3849519,3801831,240880,4090399,4042711,86.8651472624114,85.8524281749459,370
-7.6926,53.28823,2022/06/20 23:00:00+00,Tue 21 Jun 2022,79,168,1,3849598,3801999,240881,4090479,4042880,86.8668461704595,85.8560171181975,371
-7.6926,53.28823,2022/06/21 23:00:00+00,Wed 22 Jun 2022,59,94,0,3849657,3802093,240881,4090538,4042974,86.868099115145,85.858013335154,372
-7.6926,53.28823,2022/06/22 23:00:00+00,Thu 23 Jun 2022,65,115,0,3849722,3802208,240881,4090603,4043089,86.869479477934,85.8604555154731,373
-7.6926,53.28823,2022/06/23 23:00:00+00,Fri 24 Jun 2022,56,90,1,3849778,3802298,240882,4090660,4043180,86.8706899499183,85.8623880233778,374
-7.6926,53.28823,2022/06/24 23:00:00+00,Sat 25 Jun 2022,210,292,0,3849988,3802590,240882,4090870,4043472,86.8751495835445,85.8685890377534,375
-7.6926,53.28823,2022/06/25 23:00:00+00,Sun 26 Jun 2022,174,403,0,3850162,3802993,240882,4091044,4043875,86.8788447085491,85.8771472870456,376
-7.6926,53.28823,2022/06/26 23:00:00+00,Mon 27 Jun 2022,3,33,0,3850165,3803026,240882,4091047,4043908,86.8789084176009,85.8778480866154,377
-7.6926,53.28823,2022/06/27 23:00:00+00,Tue 28 Jun 2022,47,60,0,3850212,3803086,240882,4091094,4043968,86.8799065260792,85.8791222676515,378
-7.6926,53.28823,2022/06/28 23:00:00+00,Wed 29 Jun 2022,66,81,3,3850278,3803167,240885,4091163,4044052,86.8813718342707,85.880906121102,379
-7.6926,53.28823,2022/06/29 23:00:00+00,Thu 30 Jun 2022,72,88,0,3850350,3803255,240885,4091235,4044140,86.882900851514,85.8827749199549,380
-7.6926,53.28823,2022/06/30 23:00:00+00,Fri 01 Jul 2022,49,62,0,3850399,3803317,240885,4091284,4044202,86.8839414326934,85.8840915736922,381
-7.6926,53.28823,2022/07/01 23:00:00+00,Sat 02 Jul 2022,182,228,0,3850581,3803545,240885,4091466,4044430,86.8878064485028,85.8889334616292,382
-7.6926,53.28823,2022/07/02 23:00:00+00,Sun 03 Jul 2022,108,273,0,3850689,3803818,240885,4091574,4044703,86.8900999743677,85.8947309853433,383
-7.6926,53.28823,2022/07/03 23:00:00+00,Mon 04 Jul 2022,14,14,0,3850703,3803832,240885,4091588,4044717,86.8903972832761,85.8950282942517,384
-7.6926,53.28823,2022/07/04 23:00:00+00,Tue 05 Jul 2022,53,68,0,3850756,3803900,240885,4091641,4044785,86.891522809858,85.8964723660926,385
-7.6926,53.28823,2022/07/05 23:00:00+00,Wed 06 Jul 2022,63,82,0,3850819,3803982,240885,4091704,4044867,86.8928606999459,85.8982137468419,386
-7.6926,53.28823,2022/07/06 23:00:00+00,Thu 07 Jul 2022,78,73,0,3850897,3804055,240885,4091782,4044940,86.8945171352928,85.8997640004358,387
-7.6926,53.28823,2022/07/07 23:00:00+00,Fri 08 Jul 2022,101,88,0,3850998,3804143,240885,4091883,4045028,86.8966620067035,85.9016327992887,388
-7.6926,53.28823,2022/07/08 23:00:00+00,Sat 09 Jul 2022,120,142,0,3851118,3804285,240885,4092003,4045170,86.8992103687756,85.904648361074,389
-7.6926,53.28823,2022/07/09 23:00:00+00,Sun 10 Jul 2022,131,219,0,3851249,3804504,240885,4092134,4045389,86.9019923307043,85.9092991218557,390
-7.6926,53.28823,2022/07/10 23:00:00+00,Mon 11 Jul 2022,10,14,0,3851259,3804518,240885,4092144,4045403,86.9022046942104,85.9095964307641,391
-7.6926,53.28823,2022/07/11 23:00:00+00,Tue 12 Jul 2022,43,80,0,3851302,3804598,240885,4092187,4045483,86.9031178572862,85.9112953388122,392
-7.6926,53.28823,2022/07/12 23:00:00+00,Wed 13 Jul 2022,99,73,0,3851401,3804671,240885,4092286,4045556,86.9052202559957,85.9128455924061,393
-7.6926,53.28823,2022/07/13 23:00:00+00,Thu 14 Jul 2022,70,39,0,3851471,3804710,240885,4092356,4045595,86.9067068005378,85.9136738100795,394
-7.6926,53.28823,2022/07/14 23:00:00+00,Fri 15 Jul 2022,79,115,1,3851550,3804825,240886,4092436,4045711,86.9084057085859,85.9161372267492,395
-7.6926,53.28823,2022/07/15 23:00:00+00,Sat 16 Jul 2022,124,209,0,3851674,3805034,240886,4092560,4045920,86.9110390160604,85.9205756240248,396
-7.6926,53.28823,2022/07/16 23:00:00+00,Sun 17 Jul 2022,119,165,0,3851793,3805199,240886,4092679,4046085,86.913566141782,85.924079621874,397
-7.6926,53.28823,2022/07/17 23:00:00+00,Mon 18 Jul 2022,12,17,0,3851805,3805216,240886,4092691,4046102,86.9138209779892,85.9244406398343,398
-7.6926,53.28823,2022/07/18 23:00:00+00,Tue 19 Jul 2022,29,35,0,3851834,3805251,240886,4092720,4046137,86.9144368321566,85.9251839121053,399
-7.6926,53.28823,2022/07/19 23:00:00+00,Wed 20 Jul 2022,76,66,0,3851910,3805317,240886,4092796,4046203,86.9160507948023,85.926585511245,400
-7.6926,53.28823,2022/07/20 23:00:00+00,Thu 21 Jul 2022,50,30,0,3851960,3805347,240886,4092846,4046233,86.9171126123323,85.927222601763,401
-7.6926,53.28823,2022/07/21 23:00:00+00,Fri 22 Jul 2022,70,69,0,3852030,3805416,240886,4092916,4046302,86.9185991568744,85.9286879099545,402
-7.6926,53.28823,2022/07/22 23:00:00+00,Sat 23 Jul 2022,97,175,0,3852127,3805591,240886,4093013,4046477,86.9206590828827,85.9324042713097,403
-7.6926,53.28823,2022/07/23 23:00:00+00,Sun 24 Jul 2022,106,232,0,3852233,3805823,240886,4093119,4046709,86.9229101360464,85.9373311046491,404
-7.6926,53.28823,2022/07/24 23:00:00+00,Mon 25 Jul 2022,12,21,0,3852245,3805844,240886,4093131,4046730,86.9231649722536,85.9377770680117,405
-7.6926,53.28823,2022/07/25 23:00:00+00,Tue 26 Jul 2022,16,14,0,3852261,3805858,240886,4093147,4046744,86.9235047538633,85.9380743769202,406
-7.6926,53.28823,2022/07/26 23:00:00+00,Wed 27 Jul 2022,59,70,1,3852320,3805928,240887,4093207,4046815,86.9247789348993,85.9395821578129,407
-7.6926,53.28823,2022/07/27 23:00:00+00,Thu 28 Jul 2022,35,62,0,3852355,3805990,240887,4093242,4046877,86.9255222071704,85.9408988115501,408
-7.6926,53.28823,2022/07/28 23:00:00+00,Fri 29 Jul 2022,69,97,0,3852424,3806087,240887,4093311,4046974,86.9269875153618,85.9429587375584,409
-7.6926,53.28823,2022/07/29 23:00:00+00,Sat 30 Jul 2022,100,115,0,3852524,3806202,240887,4093411,4047089,86.929111150422,85.9454009178775,410
-7.6926,53.28823,2022/07/30 23:00:00+00,Sun 31 Jul 2022,31,57,0,3852555,3806259,240887,4093442,4047146,86.9297694772906,85.9466113898618,411
-7.6926,53.28823,2022/07/31 23:00:00+00,Mon 01 Aug 2022,9,13,0,3852564,3806272,240887,4093451,4047159,86.929960604446,85.9468874624196,412
-7.6926,53.28823,2022/08/01 23:00:00+00,Tue 02 Aug 2022,32,26,0,3852596,3806298,240887,4093483,4047185,86.9306401676652,85.9474396075352,413
-7.6926,53.28823,2022/08/02 23:00:00+00,Wed 03 Aug 2022,91,137,0,3852687,3806435,240887,4093574,4047322,86.9325726755699,85.9503489875676,414
-7.6926,53.28823,2022/08/03 23:00:00+00,Thu 04 Aug 2022,41,43,0,3852728,3806478,240887,4093615,4047365,86.9334433659446,85.9512621506434,415
-7.6926,53.28823,2022/08/04 23:00:00+00,Fri 05 Aug 2022,93,82,0,3852821,3806560,240887,4093708,4047447,86.9354183465505,85.9530035313928,416
-7.6926,53.28823,2022/08/05 23:00:00+00,Sat 06 Aug 2022,71,128,0,3852892,3806688,240887,4093779,4047575,86.9369261274432,85.9557217842697,417
-7.6926,53.28823,2022/08/06 23:00:00+00,Sun 07 Aug 2022,28,80,0,3852920,3806768,240887,4093807,4047655,86.93752074526,85.9574206923178,418
-7.6926,53.28823,2022/08/07 23:00:00+00,Mon 08 Aug 2022,8,11,0,3852928,3806779,240887,4093815,4047666,86.9376906360648,85.9576542921744,419
-7.6926,53.28823,2022/08/08 23:00:00+00,Tue 09 Aug 2022,43,35,0,3852971,3806814,240887,4093858,4047701,86.9386037991407,85.9583975644454,420
-7.6926,53.28823,2022/08/09 23:00:00+00,Wed 10 Aug 2022,53,91,0,3853024,3806905,240887,4093911,4047792,86.9397293257225,85.9603300723501,421
-7.6926,53.28823,2022/08/10 23:00:00+00,Thu 11 Aug 2022,22,35,0,3853046,3806940,240887,4093933,4047827,86.9401965254357,85.9610733446212,422
-7.6926,53.28823,2022/08/11 23:00:00+00,Fri 12 Aug 2022,60,71,0,3853106,3807011,240887,4093993,4047898,86.9414707064718,85.9625811255138,423
-7.6926,53.28823,2022/08/12 23:00:00+00,Sat 13 Aug 2022,91,146,0,3853197,3807157,240887,4094084,4048044,86.9434032143765,85.9656816327016,424
-7.6926,53.28823,2022/08/13 23:00:00+00,Sun 14 Aug 2022,17,25,0,3853214,3807182,240887,4094101,4048069,86.9437642323367,85.9662125414666,425
-7.6926,53.28823,2022/01/15 00:00:00+00,Sat 15 Jan 2022,8359,652,2,3763397,3646948,240847,4004244,3887795,85.0355294763732,82.5625776852251,426
-7.6926,53.28823,2022/01/16 00:00:00+00,Sun 16 Jan 2022,6965,1215,1,3770362,3648163,240848,4011210,3889011,85.1834618946605,82.588401087556,427
-7.6926,53.28823,2021/06/07 23:00:00+00,Tue 08 Jun 2021,26412,18340,45,2197460,1001014,71816,2269276,1072830,48.1911407466743,22.782994015384,428
-7.6926,53.28823,2022/01/17 00:00:00+00,Mon 17 Jan 2022,2562,560,0,3772924,3648723,240848,4013772,3889571,85.2378694249005,82.6002934438926,429
-7.6926,53.28823,2021/06/08 23:00:00+00,Wed 09 Jun 2021,32803,20110,174,2230263,1021124,71990,2302253,1093114,48.891451880447,23.2137521509769,430
-7.6926,53.28823,2022/01/18 00:00:00+00,Tue 18 Jan 2022,4056,449,3,3776980,3649172,240851,4017831,3890023,85.3240677719904,82.6098922743643,431
-7.6926,53.28823,2021/06/09 23:00:00+00,Thu 10 Jun 2021,27699,27490,273,2257962,1048614,72263,2330225,1120877,49.4854750794611,23.8033369527154,432
-7.6926,53.28823,2021/06/10 23:00:00+00,Fri 11 Jun 2021,26439,32898,40,2284401,1081512,72303,2356704,1153815,50.0477924070278,24.5028198688146,433
-7.6926,53.28823,2021/06/11 23:00:00+00,Sat 12 Jun 2021,12212,19721,105,2296613,1101233,72408,2369021,1173641,50.3093605373816,24.9238517558321,434
-7.6926,53.28823,2021/06/12 23:00:00+00,Sun 13 Jun 2021,8551,18173,834,2305164,1119406,73242,2378406,1192648,50.508663687773,25.3274910717073,435
-7.6926,53.28823,2021/06/13 23:00:00+00,Mon 14 Jun 2021,16020,31303,51,2321184,1150709,73293,2394477,1224002,50.8499530782833,25.9933356084544,436
-7.6926,53.28823,2021/06/14 23:00:00+00,Tue 15 Jun 2021,14702,41588,205,2335886,1192297,73498,2409384,1265795,51.166523356694,26.8808664091264,437
-7.6926,53.28823,2021/06/15 23:00:00+00,Wed 16 Jun 2021,13472,48389,217,2349358,1240686,73715,2423073,1314401,51.4572277600726,27.9130804664437,438
-7.6926,53.28823,2021/06/16 23:00:00+00,Thu 17 Jun 2021,21571,42692,534,2370929,1283378,74249,2445178,1357627,51.92665729011,28.8310429575271,439
-7.6926,53.28823,2021/06/17 23:00:00+00,Fri 18 Jun 2021,12019,50018,554,2382948,1333396,74803,2457751,1408199,52.1936619262177,29.9050076801262,440
-7.6926,53.28823,2021/06/18 23:00:00+00,Sat 19 Jun 2021,6319,32804,433,2389267,1366200,75236,2464503,1441436,52.3370497654764,30.6108402650551,441
-7.6926,53.28823,2021/06/19 23:00:00+00,Sun 20 Jun 2021,8516,26142,177,2397783,1392342,75413,2473196,1467755,52.5216573612518,31.1697597765256,442
-7.6926,53.28823,2021/06/20 23:00:00+00,Mon 21 Jun 2021,15481,32337,574,2413264,1424679,75987,2489251,1500666,52.8626069701525,31.8686693111586,443
-7.6926,53.28823,2021/06/21 23:00:00+00,Tue 22 Jun 2021,15147,43542,722,2428411,1468221,76709,2505120,1544930,53.1996066178415,32.808675134166,444
-7.6926,53.28823,2021/06/22 23:00:00+00,Wed 23 Jun 2021,20087,39386,883,2448498,1507607,77592,2526090,1585199,53.6449328899467,33.6638417365219,445
-7.6926,53.28823,2021/06/23 23:00:00+00,Thu 24 Jun 2021,19022,44275,1032,2467520,1551882,78624,2546144,1630506,54.0708066649012,34.6259970732062,446
-7.6926,53.28823,2021/06/24 23:00:00+00,Fri 25 Jun 2021,15210,50124,843,2482730,1602006,79467,2562197,1681473,54.4117138011008,35.7083501542927,447
-7.6926,53.28823,2021/06/25 23:00:00+00,Sat 26 Jun 2021,9066,30559,511,2491796,1632565,79978,2571774,1712543,54.6150943308076,36.3681635674691,448
-7.6926,53.28823,2021/06/26 23:00:00+00,Sun 27 Jun 2021,8735,30477,59,2500531,1663042,80037,2580568,1743079,54.8018467979937,37.0166367694244,449
-7.6926,53.28823,2021/06/27 23:00:00+00,Mon 28 Jun 2021,24232,24645,524,2524763,1687687,80561,2605324,1768248,55.3275738934746,37.5511344777036,450
-7.6926,53.28823,2021/06/28 23:00:00+00,Tue 29 Jun 2021,28143,31039,810,2552906,1718726,81371,2634277,1800097,55.9424299524285,38.2274910079982,451
-7.6926,53.28823,2021/06/29 23:00:00+00,Wed 30 Jun 2021,22576,36868,590,2575482,1755594,81961,2657443,1837555,56.4343912504537,39.0229622288145,452
-7.6926,53.28823,2021/06/30 23:00:00+00,Thu 01 Jul 2021,15026,48304,640,2590508,1803898,82601,2673109,1886499,56.7670799189706,40.062354172635,453
-7.6926,53.28823,2021/07/01 23:00:00+00,Fri 02 Jul 2021,13685,47266,817,2604193,1851164,83418,2687611,1934582,57.0750494753878,41.0834616185879,454
-7.6926,53.28823,2021/07/02 23:00:00+00,Sat 03 Jul 2021,9316,30476,505,2613509,1881640,83923,2697432,1965563,57.2836116746413,41.7413849965608,455
-7.6926,53.28823,2021/07/03 23:00:00+00,Sun 04 Jul 2021,6452,27782,233,2619961,1909422,84156,2704117,1993578,57.4255766784097,42.3363213586507,456
-7.6926,53.28823,2021/07/04 23:00:00+00,Mon 05 Jul 2021,15616,33462,5343,2635577,1942884,89499,2725076,2032383,57.8706693506582,43.1603979437266,457
-7.6926,53.28823,2021/07/05 23:00:00+00,Tue 06 Jul 2021,12410,48298,5486,2647987,1991182,94985,2742972,2086167,58.2507150810156,44.3025738244565,458
-7.6926,53.28823,2021/07/06 23:00:00+00,Wed 07 Jul 2021,19706,43758,5059,2667693,2034940,100044,2767737,2134984,58.776633303652,45.3392687517507,459
-7.6926,53.28823,2021/07/07 23:00:00+00,Thu 08 Jul 2021,17779,45592,5997,2685472,2080532,106041,2791513,2186573,59.2815487755439,46.4348308429111,460
-7.6926,53.28823,2021/07/08 23:00:00+00,Fri 09 Jul 2021,13527,45086,6531,2698999,2125618,112572,2811571,2238190,59.7075074959009,47.5309875518884,461
-7.6926,53.28823,2021/07/09 23:00:00+00,Sat 10 Jul 2021,8636,23870,4364,2707635,2149488,116936,2824571,2266424,59.9835800537152,48.13057467476,462
-7.6926,53.28823,2021/07/10 23:00:00+00,Sun 11 Jul 2021,15236,16111,2153,2722871,2165599,119089,2841960,2284688,60.3528589543178,48.5184353821386,463
-7.6926,53.28823,2021/07/11 23:00:00+00,Mon 12 Jul 2021,17109,31764,6092,2739980,2197363,125181,2865161,2322544,60.8455635246141,49.322358670494,464
-7.6926,53.28823,2021/07/12 23:00:00+00,Tue 13 Jul 2021,20104,36568,8491,2760084,2233931,133672,2893756,2367603,61.4528169700527,50.2792473922292,465
-7.6926,53.28823,2021/07/13 23:00:00+00,Wed 14 Jul 2021,20801,35709,9335,2780885,2269640,143007,2923892,2412647,62.0927956317676,51.2358175687054,466
-7.6926,53.28823,2021/07/14 23:00:00+00,Thu 15 Jul 2021,23645,28834,9586,2804530,2298474,152593,2957123,2451067,62.798500798593,52.0517181587999,467
-7.6926,53.28823,2021/07/15 23:00:00+00,Fri 16 Jul 2021,23528,27426,9166,2828058,2325900,161759,2989817,2487659,63.4928020451455,52.8287986999956,468
-7.6926,53.28823,2021/07/16 23:00:00+00,Sat 17 Jul 2021,11509,19426,4677,2839567,2345326,166436,3006003,2511762,63.836533615975,53.340658458534,469
-7.6926,53.28823,2021/07/17 23:00:00+00,Sun 18 Jul 2021,16865,15818,1932,2856432,2361144,168368,3024800,2529512,64.235713298224,53.7176036817036,470
-7.6926,53.28823,2021/07/18 23:00:00+00,Mon 19 Jul 2021,24888,18437,6255,2881320,2379581,174623,3055943,2554204,64.8970769649942,54.2419716507461,471
-7.6926,53.28823,2021/07/19 23:00:00+00,Tue 20 Jul 2021,30587,18181,7699,2911907,2397762,182322,3094229,2580084,65.7101318841081,54.7915684043027,472
-7.6926,53.28823,2021/07/20 23:00:00+00,Wed 21 Jul 2021,30359,19841,6889,2942266,2417603,189211,3131477,2606814,66.5011434712981,55.3592160558703,473
-7.6926,53.28823,2021/07/21 23:00:00+00,Thu 22 Jul 2021,33539,15925,6934,2975805,2433528,196145,3171950,2629673,67.3606422891767,55.844657794261,474
-7.6926,53.28823,2021/07/22 23:00:00+00,Fri 23 Jul 2021,27087,20836,5615,3002892,2454364,201760,3204652,2656124,68.055113426534,56.4063805040108,475
-7.6926,53.28823,2021/07/23 23:00:00+00,Sat 24 Jul 2021,15437,14812,2275,3018329,2469176,204035,3222364,2673211,68.4312516683808,56.7692460267319,476
-7.6926,53.28823,2021/07/24 23:00:00+00,Sun 25 Jul 2021,14722,13643,1046,3033051,2482819,205081,3238132,2687900,68.766106444659,57.0811867807115,477
-7.6926,53.28823,2021/07/25 23:00:00+00,Mon 26 Jul 2021,23838,18301,3422,3056889,2501120,208503,3265392,2709623,69.3450093620452,57.5425040248194,478
-7.6926,53.28823,2021/07/26 23:00:00+00,Tue 27 Jul 2021,25507,23908,3671,3082396,2525028,212174,3294570,2737202,69.9646435998842,58.1281813380472,479
-7.6926,53.28823,2021/07/27 23:00:00+00,Wed 28 Jul 2021,23439,25285,3263,3105835,2550313,215437,3321272,2765750,70.5316966336349,58.7344366750076,480
-7.6926,53.28823,2021/07/28 23:00:00+00,Thu 29 Jul 2021,19272,27867,2962,3125107,2578180,218399,3343506,2796579,71.0038656528999,59.3891321276891,481
-7.6926,53.28823,2021/07/29 23:00:00+00,Fri 30 Jul 2021,21955,22939,2120,3147062,2601119,220519,3367581,2821638,71.5151307936215,59.9212938374022,482
-7.6926,53.28823,2021/07/30 23:00:00+00,Sat 31 Jul 2021,13744,12484,907,3160806,2613603,221426,3382232,2835029,71.8262645662783,60.2056698083016,483
-7.6926,53.28823,2021/07/31 23:00:00+00,Sun 01 Aug 2021,11116,9328,368,3171922,2622931,221794,3393716,2844725,72.0701428165814,60.4115774637299,484
-7.6926,53.28823,2021/08/01 23:00:00+00,Mon 02 Aug 2021,15023,16022,430,3186945,2638953,222224,3409169,2861177,72.3983081424203,60.7609579038193,485
-7.6926,53.28823,2021/08/02 23:00:00+00,Tue 03 Aug 2021,17347,25448,1111,3204292,2664401,223335,3427627,2887736,72.7902887018155,61.3249741394341,486
-7.6926,53.28823,2021/08/03 23:00:00+00,Wed 04 Aug 2021,22114,17307,1576,3226406,2681708,224911,3451317,2906619,73.2933778475557,61.7259801478347,487
-7.6926,53.28823,2021/08/04 23:00:00+00,Thu 05 Aug 2021,13534,30048,1420,3239940,2711756,226331,3466271,2938087,73.6109462344446,62.3942456285503,488
-7.6926,53.28823,2021/08/05 23:00:00+00,Fri 06 Aug 2021,12209,24750,948,3252149,2736506,227279,3479428,2963785,73.8903528993034,62.9399773662975,489
-7.6926,53.28823,2021/08/06 23:00:00+00,Sat 07 Aug 2021,6336,8461,583,3258485,2744967,227862,3486347,2972829,74.0372872091124,63.1320389211339,490
-7.6926,53.28823,2021/08/07 23:00:00+00,Sun 08 Aug 2021,8626,11976,153,3267111,2756943,228015,3495126,2984958,74.2237211310395,63.3896146175747,491
-7.6926,53.28823,2021/08/08 23:00:00+00,Mon 09 Aug 2021,5544,23038,600,3272655,2779981,228615,3501270,3008596,74.3541972691327,63.8915994730837,492
-7.6926,53.28823,2021/08/09 23:00:00+00,Tue 10 Aug 2021,9356,26012,716,3282011,2805993,229331,3511342,3035324,74.5680897923871,64.45920465195,493
-7.6926,53.28823,2021/08/10 23:00:00+00,Wed 11 Aug 2021,7015,31243,666,3289026,2837236,229997,3519023,3067233,74.7312062013542,65.1368353632807,494
-7.6926,53.28823,2021/08/11 23:00:00+00,Thu 12 Aug 2021,6775,38298,862,3295801,2875534,230859,3526660,3106393,74.8933882108948,65.96845085282,495
-7.6926,53.28823,2021/08/12 23:00:00+00,Fri 13 Aug 2021,10931,28247,870,3306732,2903781,231729,3538461,3135510,75.1439983843384,66.5867896732724,496
-7.6926,53.28823,2021/08/13 23:00:00+00,Sat 14 Aug 2021,18139,5845,280,3324871,2909626,232009,3556880,3141635,75.5351507260602,66.7168623207042,497
-7.6926,53.28823,2021/08/14 23:00:00+00,Sun 15 Aug 2021,16999,3730,51,3341870,2913356,232060,3573930,3145416,75.8972305038091,66.7971569623269,498
-7.6926,53.28823,2021/08/15 23:00:00+00,Mon 16 Aug 2021,10189,23155,384,3352059,2936511,232444,3584503,3168955,76.1217624387145,67.2970394191263,499
-7.6926,53.28823,2021/08/16 23:00:00+00,Tue 17 Aug 2021,12866,26866,528,3364925,2963377,232972,3597897,3196349,76.4062021186658,67.878788007493,500
-7.6926,53.28823,2021/08/17 23:00:00+00,Wed 18 Aug 2021,15234,25765,658,3380159,2989142,233630,3613789,3222772,76.7436902024185,68.439916099426,501
-7.6926,53.28823,2021/08/18 23:00:00+00,Thu 19 Aug 2021,11363,25707,544,3391522,3014849,234174,3625696,3249023,76.9965514290259,68.9973915390557,502
-7.6926,53.28823,2021/08/19 23:00:00+00,Fri 20 Aug 2021,14850,22250,686,3406372,3037099,234860,3641232,3271959,77.3264793719647,69.4844684764426,503
-7.6926,53.28823,2021/08/20 23:00:00+00,Sat 21 Aug 2021,11894,7978,246,3418266,3045077,235106,3653372,3280183,77.5842886682621,69.6591162237861,504
-7.6926,53.28823,2021/08/21 23:00:00+00,Sun 22 Aug 2021,8005,12251,161,3426271,3057328,235267,3661538,3292595,77.7577047072707,69.922701807447,505
-7.6926,53.28823,2022/01/19 00:00:00+00,Wed 19 Jan 2022,3487,622,0,3780467,3649794,240851,4021318,3890645,85.3981189265365,82.6231012844382,506
-7.6926,53.28823,2022/01/20 00:00:00+00,Thu 20 Jan 2022,3692,932,0,3784159,3650726,240851,4025010,3891577,85.4765235329557,82.6428935631984,507
-7.6926,53.28823,2022/01/21 00:00:00+00,Fri 21 Jan 2022,3250,976,0,3787409,3651702,240851,4028260,3892553,85.5455416724093,82.6636202413851,508
-7.6926,53.28823,2022/01/22 00:00:00+00,Sat 22 Jan 2022,4270,643,0,3791679,3652345,240851,4032530,3893196,85.636220889476,82.6772752148216,509
-7.6926,53.28823,2022/01/23 00:00:00+00,Sun 23 Jan 2022,3092,677,0,3794771,3653022,240851,4035622,3893873,85.7018836855347,82.6916522241786,510
-7.6926,53.28823,2022/01/24 00:00:00+00,Mon 24 Jan 2022,646,462,0,3795417,3653484,240851,4036268,3894335,85.715602368023,82.7014634181563,511
-7.6926,53.28823,2022/01/25 00:00:00+00,Tue 25 Jan 2022,692,1837,0,3796109,3655321,240851,4036960,3896172,85.7302979226389,82.7404745942105,512
-7.6926,53.28823,2022/01/26 00:00:00+00,Wed 26 Jan 2022,700,896,0,3796809,3656217,240851,4037660,3897068,85.7451633680597,82.7595023643491,513
-7.6926,53.28823,2022/01/27 00:00:00+00,Thu 27 Jan 2022,1273,1176,0,3798082,3657393,240851,4038933,3898244,85.7721972423749,82.784476312656,514
-7.6926,53.28823,2022/01/28 00:00:00+00,Fri 28 Jan 2022,1027,3094,1,3799109,3660487,240852,4039961,3901339,85.7940282107929,82.8502028177664,515
-7.6926,53.28823,2022/01/29 00:00:00+00,Sat 29 Jan 2022,2328,3444,0,3801437,3663931,240852,4042289,3904783,85.8434664349922,82.9233408092366,516
-7.6926,53.28823,2022/01/30 00:00:00+00,Sun 30 Jan 2022,1638,7537,0,3803075,3671468,240852,4043927,3912320,85.8782515772769,83.0833991837171,517
-7.6926,53.28823,2022/01/31 00:00:00+00,Mon 31 Jan 2022,480,1392,0,3803555,3672860,240852,4044407,3913712,85.8884450255654,83.1129601837539,518
-7.6926,53.28823,2022/02/01 00:00:00+00,Tue 01 Feb 2022,747,3417,1,3804302,3676277,240853,4045155,3917130,85.904329815815,83.1855460301085,519
-7.6926,53.28823,2022/02/02 00:00:00+00,Wed 02 Feb 2022,650,2996,0,3804952,3679273,240853,4045805,3920126,85.9181334437057,83.2491701365094,520
-7.6926,53.28823,2022/02/03 00:00:00+00,Thu 03 Feb 2022,905,2434,1,3805857,3681707,240854,4046711,3922561,85.9373735773503,83.3008806502231,521
-7.6926,53.28823,2022/02/04 00:00:00+00,Fri 04 Feb 2022,1173,6523,0,3807030,3688230,240854,4047884,3929084,85.9622838166054,83.4394053651941,522
-7.6926,53.28823,2022/02/05 00:00:00+00,Sat 05 Feb 2022,1777,5750,0,3808807,3693980,240854,4049661,3934834,86.0000208116236,83.5615143811504,523
-7.6926,53.28823,2022/02/06 00:00:00+00,Sun 06 Feb 2022,1407,7555,0,3810214,3701535,240854,4051068,3942389,86.0299003569193,83.7219550099418,524
-7.6926,53.28823,2022/02/07 00:00:00+00,Mon 07 Feb 2022,440,1351,0,3810654,3702886,240854,4051508,3943740,86.0392443511838,83.7506453196039,525
-7.6926,53.28823,2022/02/08 00:00:00+00,Tue 08 Feb 2022,901,1237,0,3811555,3704123,240854,4052409,3944977,86.0583783030754,83.7769146852975,526
-7.6926,53.28823,2022/02/09 00:00:00+00,Wed 09 Feb 2022,1332,1783,0,3812887,3705906,240854,4053741,3946760,86.0866651220761,83.8147790984192,527
-7.6926,53.28823,2022/02/10 00:00:00+00,Thu 10 Feb 2022,684,2548,0,3813571,3708454,240854,4054425,3949308,86.1011907858873,83.8688893197508,528
-7.6926,53.28823,2022/02/11 00:00:00+00,Fri 11 Feb 2022,547,4920,0,3814118,3713374,240854,4054972,3954228,86.1128070696661,83.9733721647083,529
-7.6926,53.28823,2022/02/12 00:00:00+00,Sat 12 Feb 2022,1397,5462,0,3815515,3718836,240854,4056369,3959690,86.1424742514558,84.0893651116915,530
-7.6926,53.28823,2022/02/13 00:00:00+00,Sun 13 Feb 2022,1567,4706,0,3817082,3723542,240854,4057936,3964396,86.1757516128477,84.1893033776203,531
-7.6926,53.28823,2022/02/14 00:00:00+00,Mon 14 Feb 2022,173,953,0,3817255,3724495,240854,4058109,3965349,86.1794255015017,84.2095416197432,532
-7.6926,53.28823,2022/02/15 00:00:00+00,Tue 15 Feb 2022,649,818,1,3817904,3725313,240855,4058759,3966168,86.1932291293924,84.2269341908855,533
-7.6926,53.28823,2022/02/16 00:00:00+00,Wed 16 Feb 2022,800,1785,0,3818704,3727098,240855,4059559,3967953,86.2102182098733,84.2648410767085,534
-7.6926,53.28823,2022/02/17 00:00:00+00,Thu 17 Feb 2022,791,1192,2,3819495,3728290,240857,4060352,3969147,86.2270586359,84.2901972793262,535
-7.6926,53.28823,2022/02/18 00:00:00+00,Fri 18 Feb 2022,790,3293,0,3820285,3731583,240857,4061142,3972440,86.2438353528749,84.3601285818556,536
-7.6926,53.28823,2022/02/19 00:00:00+00,Sat 19 Feb 2022,980,3555,0,3821265,3735138,240857,4062122,3975995,86.264646976464,84.4356238082426,537
-7.6926,53.28823,2022/02/20 00:00:00+00,Sun 20 Feb 2022,1366,3587,0,3822631,3738725,240857,4063488,3979582,86.2936558313851,84.5117985978487,538
-7.6926,53.28823,2022/02/21 00:00:00+00,Mon 21 Feb 2022,253,994,1,3822884,3739719,240858,4063742,3980577,86.2990498644378,84.5329287666968,539
-7.6926,53.28823,2022/02/22 00:00:00+00,Tue 22 Feb 2022,475,981,0,3823359,3740700,240858,4064217,3981558,86.3091371309733,84.5537616266365,540
-7.6926,53.28823,2022/02/23 00:00:00+00,Wed 23 Feb 2022,831,1272,1,3824190,3741972,240859,4065049,3982831,86.3268057746734,84.5807955009517,541
-7.6926,53.28823,2022/02/24 00:00:00+00,Thu 24 Feb 2022,657,1233,0,3824847,3743205,240859,4065706,3984064,86.3407580570183,84.6069799212429,542
-7.6926,53.28823,2022/02/25 00:00:00+00,Fri 25 Feb 2022,690,1228,0,3825537,3744433,240859,4066396,3985292,86.3554111389331,84.633058159781,543
-7.6926,53.28823,2022/02/26 00:00:00+00,Sat 26 Feb 2022,959,2092,0,3826496,3746525,240859,4067355,3987384,86.3757767991596,84.6774846052385,544
-7.6926,53.28823,2022/02/27 00:00:00+00,Sun 27 Feb 2022,671,1783,0,3827167,3748308,240859,4068026,3989167,86.3900263904129,84.7153490183603,545
-7.6926,53.28823,2022/02/28 00:00:00+00,Mon 28 Feb 2022,81,428,0,3827248,3748736,240859,4068107,3989595,86.3917465348116,84.7244381764176,546
-7.6926,53.28823,2022/03/01 00:00:00+00,Tue 01 Mar 2022,129,937,0,3827377,3749673,240859,4068236,3990532,86.3944860240391,84.7443366369308,547
-7.6926,53.28823,2022/03/02 00:00:00+00,Wed 02 Mar 2022,206,996,2,3827583,3750669,240861,4068444,3991530,86.3989031849642,84.7655305148307,548
-7.6926,53.28823,2022/03/03 00:00:00+00,Thu 03 Mar 2022,279,1273,0,3827862,3751942,240861,4068723,3992803,86.4048281267819,84.7925643891459,549
-7.6926,53.28823,2022/03/04 00:00:00+00,Fri 04 Mar 2022,735,1506,1,3828597,3753448,240862,4069459,3994310,86.4204580808243,84.8245675695018,550
-7.6926,53.28823,2022/03/05 00:00:00+00,Sat 05 Mar 2022,962,3341,0,3829559,3756789,240862,4070421,3997651,86.4408874501025,84.8955182168601,551
-7.6926,53.28823,2022/03/06 00:00:00+00,Sun 06 Mar 2022,455,1915,0,3830014,3758704,240862,4070876,3999566,86.450549989626,84.9361858282612,552
-7.6926,53.28823,2022/03/07 00:00:00+00,Mon 07 Mar 2022,114,123,1,3830128,3758827,240863,4070991,3999690,86.4529921699452,84.9388191357357,553
-7.6926,53.28823,2022/03/08 00:00:00+00,Tue 08 Mar 2022,120,492,0,3830248,3759319,240863,4071111,4000182,86.4555405320173,84.9492674202315,554
-7.6926,53.28823,2022/03/09 00:00:00+00,Wed 09 Mar 2022,129,345,1,3830377,3759664,240864,4071241,4000528,86.4583012575955,84.9566151975395,555
-7.6926,53.28823,2022/03/10 00:00:00+00,Thu 10 Mar 2022,258,508,0,3830635,3760172,240864,4071499,4001036,86.4637802360505,84.9674032636448,556
-7.6926,53.28823,2022/03/11 00:00:00+00,Fri 11 Mar 2022,492,2182,0,3831127,3762354,240864,4071991,4003218,86.4742285205463,85.0137409806565,557
-7.6926,53.28823,2022/03/12 00:00:00+00,Sat 12 Mar 2022,473,2391,2,3831600,3764745,240866,4072466,4005611,86.4843157870818,85.0645595676449,558
-7.6926,53.28823,2022/03/13 00:00:00+00,Sun 13 Mar 2022,358,1082,0,3831958,3765827,240866,4072824,4006693,86.491918400597,85.0875372989953,559
-7.6926,53.28823,2022/03/14 00:00:00+00,Mon 14 Mar 2022,109,121,0,3832067,3765948,240866,4072933,4006814,86.4942331628125,85.090106897418,560
-7.6926,53.28823,2022/03/15 00:00:00+00,Tue 15 Mar 2022,219,757,1,3832286,3766705,240867,4073153,4007572,86.4989051599448,85.1062040511737,561
-7.6926,53.28823,2022/03/16 00:00:00+00,Wed 16 Mar 2022,196,797,0,3832482,3767502,240867,4073349,4008369,86.5030674846626,85.1231294226027,562
-7.6926,53.28823,2022/03/18 00:00:00+00,Fri 18 Mar 2022,1,6,0,3832483,3767508,240867,4073350,4008375,86.5030887210132,85.1232568407063,563
-7.6926,53.28823,2022/03/19 00:00:00+00,Sat 19 Mar 2022,743,2779,0,3833226,3770287,240867,4074093,4011154,86.5188673295098,85.1822726590268,564
-7.6926,53.28823,2022/03/20 00:00:00+00,Sun 20 Mar 2022,395,1402,0,3833621,3771689,240867,4074488,4012556,86.5272556879972,85.2120460225696,565
-7.6926,53.28823,2022/03/21 00:00:00+00,Mon 21 Mar 2022,54,112,0,3833675,3771801,240867,4074542,4012668,86.5284024509297,85.2144244938369,566
-7.6926,53.28823,2022/03/22 00:00:00+00,Tue 22 Mar 2022,140,575,0,3833815,3772376,240867,4074682,4013243,86.5313755400139,85.2266353954325,567
-7.6926,53.28823,2022/03/23 00:00:00+00,Wed 23 Mar 2022,102,221,0,3833917,3772597,240867,4074784,4013464,86.5335416477752,85.2313286289154,568
-7.6926,53.28823,2022/03/24 00:00:00+00,Thu 24 Mar 2022,147,244,0,3834064,3772841,240867,4074931,4013708,86.5366633913135,85.236510298462,569
-7.6926,53.28823,2022/03/25 00:00:00+00,Fri 25 Mar 2022,435,1625,0,3834499,3774466,240867,4075366,4015333,86.545901203825,85.2710193681888,570
-7.6926,53.28823,2022/03/26 00:00:00+00,Sat 26 Mar 2022,874,1848,0,3835373,3776314,240867,4076240,4017181,86.5644617742504,85.3102641440997,571
-7.6926,53.28823,2022/03/27 00:00:00+00,Sun 27 Mar 2022,380,803,0,3835753,3777117,240867,4076620,4017984,86.5725315874788,85.3273169336324,572
-7.6926,53.28823,2022/03/27 23:00:00+00,Mon 28 Mar 2022,44,53,1,3835797,3777170,240868,4076665,4018038,86.5734872232558,85.3284636965648,573
-7.6926,53.28823,2022/03/28 23:00:00+00,Tue 29 Mar 2022,138,193,3,3835935,3777363,240871,4076806,4018234,86.5764815486906,85.3326260212826,574
-7.6926,53.28823,2022/03/29 23:00:00+00,Wed 30 Mar 2022,109,135,0,3836044,3777498,240871,4076915,4018369,86.5787963109061,85.3354929286138,575
-7.6926,53.28823,2022/03/30 23:00:00+00,Thu 31 Mar 2022,227,358,0,3836271,3777856,240871,4077142,4018727,86.5836169624926,85.343095542129,576
-7.6926,53.28823,2022/03/31 23:00:00+00,Fri 01 Apr 2022,304,904,0,3836575,3778760,240871,4077446,4019631,86.5900728130753,85.3622932030724,577
-7.6926,53.28823,2022/04/01 23:00:00+00,Sat 02 Apr 2022,729,1539,0,3837304,3780299,240871,4078175,4021170,86.6055541126635,85.3949759466475,578
-7.6926,53.28823,2022/04/02 23:00:00+00,Sun 03 Apr 2022,537,816,0,3837841,3781115,240871,4078712,4021986,86.6169580329363,85.412304808738,579
-7.6926,53.28823,2022/04/03 23:00:00+00,Mon 04 Apr 2022,49,53,0,3837890,3781168,240871,4078761,4022039,86.6179986141157,85.4134303353198,580
-7.6926,53.28823,2022/04/04 23:00:00+00,Tue 05 Apr 2022,130,169,0,3838020,3781337,240871,4078891,4022208,86.6207593396939,85.4170192785714,581
-7.6926,53.28823,2022/04/05 23:00:00+00,Wed 06 Apr 2022,159,209,0,3838179,3781546,240871,4079050,4022417,86.6241359194395,85.4214576758471,582
-7.6926,53.28823,2022/04/06 23:00:00+00,Thu 07 Apr 2022,117,178,0,3838296,3781724,240871,4079167,4022595,86.6266205724598,85.4252377462541,583
-7.6926,53.28823,2022/04/07 23:00:00+00,Fri 08 Apr 2022,258,421,2,3838554,3782145,240873,4079427,4023018,86.6321420236161,85.4342207225583,584
-7.6926,53.28823,2022/04/08 23:00:00+00,Sat 09 Apr 2022,559,1018,0,3839113,3783163,240873,4079986,4024036,86.6440131436021,85.4558393274703,585
-7.6926,53.28823,2022/04/09 23:00:00+00,Sun 10 Apr 2022,413,719,0,3839526,3783882,240873,4080399,4024755,86.6527837564004,85.4711082635525,586
-7.6926,53.28823,2022/04/10 23:00:00+00,Mon 11 Apr 2022,70,92,1,3839596,3783974,240874,4080470,4024848,86.654291537293,85.4730832441584,587
-7.6926,53.28823,2022/04/11 23:00:00+00,Tue 12 Apr 2022,196,177,0,3839792,3784151,240874,4080666,4025025,86.6584538620109,85.4768420782148,588
-7.6926,53.28823,2022/04/12 23:00:00+00,Wed 13 Apr 2022,144,232,0,3839936,3784383,240874,4080810,4025257,86.6615118964974,85.4817689115542,589
-7.6926,53.28823,2022/04/13 23:00:00+00,Thu 14 Apr 2022,360,429,0,3840296,3784812,240874,4081170,4025686,86.6691569827138,85.4908793059621,590
-7.6926,53.28823,2022/04/14 23:00:00+00,Fri 15 Apr 2022,446,990,0,3840742,3785802,240874,4081616,4026676,86.6786283950819,85.5119032930572,591
-7.6926,53.28823,2022/04/15 23:00:00+00,Sat 16 Apr 2022,42,88,0,3840784,3785890,240874,4081658,4026764,86.6795203218072,85.5137720919101,592
-7.6926,53.28823,2022/04/16 23:00:00+00,Sun 17 Apr 2022,1,0,0,3840785,3785890,240874,4081659,4026764,86.6795415581578,85.5137720919101,593
-7.6926,53.28823,2022/04/17 23:00:00+00,Mon 18 Apr 2022,36,62,1,3840821,3785952,240875,4081696,4026827,86.68032730313,85.515109981998,594
