X,Y,VaccinationDate,VaccineText,Dose1,Dose2,SingleDose,Dose1Cum,Dose2Cum,SingleDoseCum,PartiallyVacc,FullyVacc,PartialPercent,FullyPercent,ObjectId
-7.6926,53.28823,2022/03/25 00:00:00+00,Fri 25 Mar 2022,434,1625,0,3840762,3780598,241176,4081938,4021774,80.034406298227,78.8547729915657,1
-7.6926,53.28823,2022/03/26 00:00:00+00,Sat 26 Mar 2022,874,1848,1,3841636,3782446,241177,4082813,4023623,80.0515623906299,78.8910262656834,2
-7.6926,53.28823,2022/03/27 00:00:00+00,Sun 27 Mar 2022,380,804,0,3842016,3783250,241177,4083193,4024427,80.0590130364735,78.9067902637313,3
-7.6926,53.28823,2022/03/27 23:00:00+00,Mon 28 Mar 2022,44,53,1,3842060,3783303,241178,4083238,4024481,80.059895349797,78.9078490397196,4
-7.6926,53.28823,2022/03/28 23:00:00+00,Tue 29 Mar 2022,138,193,3,3842198,3783496,241181,4083379,4024677,80.0626599315443,78.9116920044178,5
-7.6926,53.28823,2022/03/29 23:00:00+00,Wed 30 Mar 2022,109,138,0,3842307,3783634,241181,4083488,4024815,80.0647970904836,78.9143977652768,6
-7.6926,53.28823,2022/03/30 23:00:00+00,Thu 31 Mar 2022,227,361,0,3842534,3783995,241181,4083715,4025176,80.069247871027,78.9214758788282,7
-7.6926,53.28823,2022/03/31 23:00:00+00,Fri 01 Apr 2022,307,905,0,3842841,3784900,241181,4084022,4026081,80.07526720859,78.9392201801135,8
-7.6926,53.28823,2022/04/01 23:00:00+00,Sat 02 Apr 2022,729,1538,1,3843570,3786438,241182,4084752,4027620,80.0895802913948,78.9693952957798,9
-7.6926,53.28823,2022/04/02 23:00:00+00,Sun 03 Apr 2022,538,817,0,3844108,3787255,241182,4085290,4028437,80.1001288373522,78.9854141843435,10
-7.6926,53.28823,2022/04/03 23:00:00+00,Mon 04 Apr 2022,50,53,0,3844158,3787308,241182,4085340,4028490,80.1011091854895,78.986453353369,11
-7.6926,53.28823,2022/04/04 23:00:00+00,Tue 05 Apr 2022,132,170,0,3844290,3787478,241182,4085472,4028660,80.103697304572,78.9897865370359,12
-7.6926,53.28823,2022/04/05 23:00:00+00,Wed 06 Apr 2022,158,211,0,3844448,3787689,241182,4085630,4028871,80.1067952046859,78.9939236061753,13
-7.6926,53.28823,2022/04/06 23:00:00+00,Thu 07 Apr 2022,117,181,0,3844565,3787870,241182,4085747,4029052,80.1090892193272,78.9974724664324,14
-7.6926,53.28823,2022/04/07 23:00:00+00,Fri 08 Apr 2022,256,422,2,3844821,3788292,241184,4086005,4029476,80.1141478157157,79.0057858186368,15
-7.6926,53.28823,2022/04/08 23:00:00+00,Sat 09 Apr 2022,559,1019,0,3845380,3789311,241184,4086564,4030495,80.1251081078908,79.0257653136751,16
-7.6926,53.28823,2022/04/09 23:00:00+00,Sun 10 Apr 2022,413,720,0,3845793,3790031,241184,4086977,4031215,80.133205783505,79.0398823268524,17
-7.6926,53.28823,2022/04/10 23:00:00+00,Mon 11 Apr 2022,70,93,1,3845863,3790124,241185,4087048,4031309,80.13459787786,79.0417253813505,18
-7.6926,53.28823,2022/04/11 23:00:00+00,Tue 12 Apr 2022,196,178,0,3846059,3790302,241185,4087244,4031487,80.1384408425582,79.0452154207193,19
-7.6926,53.28823,2022/04/12 23:00:00+00,Wed 13 Apr 2022,142,235,0,3846201,3790537,241185,4087386,4031722,80.1412250312682,79.0498230569647,20
-7.6926,53.28823,2022/04/13 23:00:00+00,Thu 14 Apr 2022,359,431,0,3846560,3790968,241185,4087745,4032153,80.1482639308941,79.0582736579083,21
-7.6926,53.28823,2022/04/14 23:00:00+00,Fri 15 Apr 2022,446,990,0,3847006,3791958,241185,4088191,4033143,80.1570086362789,79.077684551027,22
-7.6926,53.28823,2022/04/15 23:00:00+00,Sat 16 Apr 2022,43,88,0,3847049,3792046,241185,4088234,4033231,80.157851735677,79.0794099637487,23
-7.6926,53.28823,2022/04/16 23:00:00+00,Sun 17 Apr 2022,1,1,0,3847050,3792047,241185,4088235,4033232,80.1578713426397,79.0794295707114,24
-7.6926,53.28823,2022/04/17 23:00:00+00,Mon 18 Apr 2022,36,62,1,3847086,3792109,241186,4088272,4033295,80.1585968002613,79.0806648093644,25
-7.6926,53.28823,2022/04/18 23:00:00+00,Tue 19 Apr 2022,218,271,1,3847304,3792380,241187,4088491,4033567,80.1628907251027,79.0859979032314,26
-7.6926,53.28823,2022/04/19 23:00:00+00,Wed 20 Apr 2022,252,607,0,3847556,3792987,241187,4088743,4034174,80.1678316797148,79.0978993296183,27
-7.6926,53.28823,2022/04/20 23:00:00+00,Thu 21 Apr 2022,170,236,0,3847726,3793223,241187,4088913,4034410,80.1711648633816,79.1025265728264,28
-7.6926,53.28823,2022/04/21 23:00:00+00,Fri 22 Apr 2022,195,254,0,3847921,3793477,241187,4089108,4034664,80.1749882211171,79.107506741364,29
-7.6926,53.28823,2022/04/22 23:00:00+00,Sat 23 Apr 2022,323,1010,0,3848244,3794487,241187,4089431,4035674,80.1813212700842,79.1273097737376,30
-7.6926,53.28823,2022/04/23 23:00:00+00,Sun 24 Apr 2022,181,252,0,3848425,3794739,241187,4089612,4035926,80.1848701303412,79.1322507283496,31
-7.6926,53.28823,2022/04/24 23:00:00+00,Mon 25 Apr 2022,41,60,1,3848466,3794799,241188,4089654,4035987,80.1856936227765,79.1334467530772,32
-7.6926,53.28823,2022/04/25 23:00:00+00,Tue 26 Apr 2022,144,238,0,3848610,3795037,241188,4089798,4036225,80.188517025412,79.1381132102108,33
-7.6926,53.28823,2022/04/26 23:00:00+00,Wed 27 Apr 2022,123,207,0,3848733,3795244,241188,4089921,4036432,80.1909286818298,79.1421718514992,34
-7.6926,53.28823,2022/04/27 23:00:00+00,Thu 28 Apr 2022,100,130,0,3848833,3795374,241188,4090021,4036562,80.1928893781044,79.1447207566562,35
-7.6926,53.28823,2022/04/28 23:00:00+00,Fri 29 Apr 2022,169,222,0,3849002,3795596,241188,4090190,4036784,80.1962029548085,79.1490735023859,36
-7.6926,53.28823,2022/04/29 23:00:00+00,Sat 30 Apr 2022,281,724,0,3849283,3796320,241188,4090471,4037508,80.2017125113402,79.1632689434141,37
-7.6926,53.28823,2022/04/30 23:00:00+00,Sun 01 May 2022,187,748,0,3849470,3797068,241188,4090658,4038256,80.2053790133737,79.1779349515483,38
-7.6926,53.28823,2022/05/01 23:00:00+00,Mon 02 May 2022,12,26,0,3849482,3797094,241188,4090670,4038282,80.2056142969267,79.1784447325796,39
-7.6926,53.28823,2022/05/02 23:00:00+00,Tue 03 May 2022,96,117,0,3849578,3797211,241188,4090766,4038399,80.2074965653503,79.180738747221,40
-7.6926,53.28823,2022/05/03 23:00:00+00,Wed 04 May 2022,113,129,0,3849691,3797340,241188,4090879,4038528,80.2097121521406,79.1832680454152,41
-7.6926,53.28823,2022/05/04 23:00:00+00,Thu 05 May 2022,112,166,0,3849803,3797506,241188,4090991,4038694,80.2119081319682,79.1865228012311,42
-7.6926,53.28823,2022/05/05 23:00:00+00,Fri 06 May 2022,138,257,0,3849941,3797763,241188,4091129,4038951,80.2146138928272,79.1915617906568,43
-7.6926,53.28823,2022/05/06 23:00:00+00,Sat 07 May 2022,441,1088,0,3850382,3798851,241188,4091570,4040039,80.2232605633982,79.2128941661247,44
-7.6926,53.28823,2022/05/07 23:00:00+00,Sun 08 May 2022,274,437,0,3850656,3799288,241188,4091844,4040476,80.2286328711907,79.2214624088448,45
-7.6926,53.28823,2022/05/08 23:00:00+00,Mon 09 May 2022,24,32,0,3850680,3799320,241188,4091868,4040508,80.2291034382966,79.2220898316527,46
-7.6926,53.28823,2022/05/09 23:00:00+00,Tue 10 May 2022,81,99,1,3850761,3799419,241189,4091950,4040608,80.2307112092418,79.2240505279273,47
-7.6926,53.28823,2022/05/10 23:00:00+00,Wed 11 May 2022,112,132,0,3850873,3799551,241189,4092062,4040740,80.2329071890694,79.2266386470098,48
-7.6926,53.28823,2022/05/11 23:00:00+00,Thu 12 May 2022,207,398,0,3851080,3799949,241189,4092269,4041138,80.2369658303578,79.2344422181827,49
-7.6926,53.28823,2022/05/12 23:00:00+00,Fri 13 May 2022,173,326,0,3851253,3800275,241189,4092442,4041464,80.2403578349129,79.240834088038,50
-7.6926,53.28823,2022/05/13 23:00:00+00,Sat 14 May 2022,333,633,0,3851586,3800908,241189,4092775,4042097,80.2468869535074,79.2532452954563,51
-7.6926,53.28823,2022/05/14 23:00:00+00,Sun 15 May 2022,168,254,0,3851754,3801162,241189,4092943,4042351,80.2501809232487,79.2582254639939,52
-7.6926,53.28823,2022/05/15 23:00:00+00,Mon 16 May 2022,31,41,0,3851785,3801203,241189,4092974,4042392,80.2507887390939,79.2590293494665,53
-7.6926,53.28823,2022/05/16 23:00:00+00,Tue 17 May 2022,97,101,0,3851882,3801304,241189,4093071,4042493,80.2526906144802,79.2610096527038,54
-7.6926,53.28823,2022/05/17 23:00:00+00,Wed 18 May 2022,99,123,0,3851981,3801427,241189,4093170,4042616,80.2546317037921,79.2634213091216,55
-7.6926,53.28823,2022/05/18 23:00:00+00,Thu 19 May 2022,73,107,0,3852054,3801534,241189,4093243,4042723,80.2560630120726,79.2655192541355,56
-7.6926,53.28823,2022/05/19 23:00:00+00,Fri 20 May 2022,128,210,0,3852182,3801744,241189,4093371,4042933,80.2585727033041,79.2696367163121,57
-7.6926,53.28823,2022/05/20 23:00:00+00,Sat 21 May 2022,392,762,0,3852574,3802506,241189,4093763,4043695,80.2662586327006,79.2845772219247,58
-7.6926,53.28823,2022/05/21 23:00:00+00,Sun 22 May 2022,234,410,0,3852808,3802916,241189,4093997,4044105,80.2708466619832,79.2926160766507,59
-7.6926,53.28823,2022/05/22 23:00:00+00,Mon 23 May 2022,26,35,0,3852834,3802951,241189,4094023,4044140,80.2713564430146,79.2933023203468,60
-7.6926,53.28823,2022/05/23 23:00:00+00,Tue 24 May 2022,65,83,0,3852899,3803034,241189,4094088,4044223,80.2726308955931,79.2949296982547,61
-7.6926,53.28823,2022/05/24 23:00:00+00,Wed 25 May 2022,87,133,1,3852986,3803167,241190,4094176,4044357,80.2743563083148,79.2975570312627,62
-7.6926,53.28823,2022/05/25 23:00:00+00,Thu 26 May 2022,99,155,0,3853085,3803322,241190,4094275,4044512,80.2762973976266,79.3005961104884,63
-7.6926,53.28823,2022/05/26 23:00:00+00,Fri 27 May 2022,95,152,1,3853180,3803474,241191,4094371,4044665,80.2781796660503,79.3035959757885,64
-7.6926,53.28823,2022/05/27 23:00:00+00,Sat 28 May 2022,335,580,0,3853515,3804054,241191,4094706,4045245,80.2847479985703,79.3149680141813,65
-7.6926,53.28823,2022/05/28 23:00:00+00,Sun 29 May 2022,181,349,0,3853696,3804403,241191,4094887,4045594,80.2882968588273,79.3218108441797,66
-7.6926,53.28823,2022/05/29 23:00:00+00,Mon 30 May 2022,9,24,0,3853705,3804427,241191,4094896,4045618,80.288473321492,79.3222814112857,67
-7.6926,53.28823,2022/05/30 23:00:00+00,Tue 31 May 2022,65,80,2,3853770,3804507,241193,4094963,4045700,80.289786987996,79.3238891822308,68
-7.6926,53.28823,2022/05/31 23:00:00+00,Wed 01 Jun 2022,72,102,0,3853842,3804609,241193,4095035,4045802,80.2911986893138,79.3258890924309,69
-7.6926,53.28823,2022/06/01 23:00:00+00,Thu 02 Jun 2022,92,142,0,3853934,3804751,241193,4095127,4045944,80.2930025298864,79.3286732811409,70
-7.6926,53.28823,2022/06/02 23:00:00+00,Fri 03 Jun 2022,59,143,0,3853993,3804894,241193,4095186,4046087,80.2941593406884,79.3314770768136,71
-7.6926,53.28823,2022/06/03 23:00:00+00,Sat 04 Jun 2022,305,607,0,3854298,3805501,241193,4095491,4046694,80.300139464326,79.3433785032005,72
-7.6926,53.28823,2022/06/04 23:00:00+00,Sun 05 Jun 2022,143,273,0,3854441,3805774,241193,4095634,4046967,80.3029432599987,79.3487312040303,73
-7.6926,53.28823,2022/06/05 23:00:00+00,Mon 06 Jun 2022,5,7,1,3854446,3805781,241194,4095640,4046975,80.3030609017752,79.3488880597322,74
-7.6926,53.28823,2022/06/06 23:00:00+00,Tue 07 Jun 2022,29,54,0,3854475,3805835,241194,4095669,4047029,80.3036295036948,79.3499468357205,75
-7.6926,53.28823,2022/06/07 23:00:00+00,Wed 08 Jun 2022,36,76,0,3854511,3805911,241194,4095705,4047105,80.3043353543537,79.3514369648892,76
-7.6926,53.28823,2022/06/08 23:00:00+00,Thu 09 Jun 2022,74,122,0,3854585,3806033,241194,4095779,4047227,80.3057862695969,79.3538290143443,77
-7.6926,53.28823,2022/06/09 23:00:00+00,Fri 10 Jun 2022,56,108,0,3854641,3806141,241194,4095835,4047335,80.3068842595107,79.3559465663208,78
-7.6926,53.28823,2022/06/10 23:00:00+00,Sat 11 Jun 2022,190,562,0,3854831,3806703,241194,4096025,4047897,80.3106095824325,79.3669656793842,79
-7.6926,53.28823,2022/06/11 23:00:00+00,Sun 12 Jun 2022,143,288,0,3854974,3806991,241194,4096168,4048185,80.3134133781052,79.3726124846551,80
-7.6926,53.28823,2022/06/12 23:00:00+00,Mon 13 Jun 2022,17,42,0,3854991,3807033,241194,4096185,4048227,80.3137466964719,79.3734359770905,81
-7.6926,53.28823,2022/06/13 23:00:00+00,Tue 14 Jun 2022,37,55,0,3855028,3807088,241194,4096222,4048282,80.3144721540935,79.3745143600415,82
-7.6926,53.28823,2022/06/14 23:00:00+00,Wed 15 Jun 2022,66,123,0,3855094,3807211,241194,4096288,4048405,80.3157662136347,79.3769260164593,83
-7.6926,53.28823,2022/06/15 23:00:00+00,Thu 16 Jun 2022,43,84,0,3855137,3807295,241194,4096331,4048489,80.3166093130328,79.3785730013299,84
-7.6926,53.28823,2022/06/16 23:00:00+00,Fri 17 Jun 2022,59,95,0,3855196,3807390,241194,4096390,4048584,80.3177661238348,79.3804356627908,85
-7.6926,53.28823,2022/06/17 23:00:00+00,Sat 18 Jun 2022,223,488,0,3855419,3807878,241194,4096613,4049072,80.3221384765272,79.390003860611,86
-7.6926,53.28823,2022/06/18 23:00:00+00,Sun 19 Jun 2022,79,129,0,3855498,3808007,241194,4096692,4049201,80.3236874265842,79.3925331588052,87
-7.6926,53.28823,2022/06/19 23:00:00+00,Mon 20 Jun 2022,9,28,0,3855507,3808035,241194,4096701,4049229,80.3238638892489,79.3930821537621,88
-7.6926,53.28823,2022/06/20 23:00:00+00,Tue 21 Jun 2022,74,169,1,3855581,3808204,241195,4096776,4049399,80.3253344114549,79.396415337429,89
-7.6926,53.28823,2022/06/21 23:00:00+00,Wed 22 Jun 2022,60,96,0,3855641,3808300,241195,4096836,4049495,80.3265108292196,79.3982976058526,90
-7.6926,53.28823,2022/06/22 23:00:00+00,Thu 23 Jun 2022,64,113,0,3855705,3808413,241195,4096900,4049608,80.3277656748354,79.4005131926429,91
-7.6926,53.28823,2022/06/23 23:00:00+00,Fri 24 Jun 2022,55,93,1,3855760,3808506,241196,4096956,4049702,80.3288636647492,79.4023562471411,92
-7.6926,53.28823,2022/06/24 23:00:00+00,Sat 25 Jun 2022,210,293,0,3855970,3808799,241196,4097166,4049995,80.3329811269259,79.4081010872257,93
-7.6926,53.28823,2022/06/25 23:00:00+00,Sun 26 Jun 2022,174,402,0,3856144,3809201,241196,4097340,4050397,80.3363927384437,79.4159830862497,94
-7.6926,53.28823,2022/06/26 23:00:00+00,Mon 27 Jun 2022,5,35,0,3856149,3809236,241196,4097345,4050432,80.3364907732574,79.4166693299458,95
-7.6926,53.28823,2022/06/27 23:00:00+00,Tue 28 Jun 2022,49,60,0,3856198,3809296,241196,4097394,4050492,80.337451514432,79.4178457477105,96
-7.6926,53.28823,2022/06/28 23:00:00+00,Wed 29 Jun 2022,63,81,4,3856261,3809377,241200,4097461,4050577,80.338765180936,79.419512339544,97
-7.6926,53.28823,2022/06/29 23:00:00+00,Thu 30 Jun 2022,48,89,0,3856309,3809466,241200,4097509,4050666,80.3397063151478,79.4212573592284,98
-7.6926,53.28823,2022/06/30 23:00:00+00,Fri 01 Jul 2022,46,66,0,3856355,3809532,241200,4097555,4050732,80.3406082354341,79.4225514187696,99
-7.6926,53.28823,2022/07/01 23:00:00+00,Sat 02 Jul 2022,182,228,0,3856537,3809760,241200,4097737,4050960,80.3441767026539,79.4270218062758,100
-7.6926,53.28823,2022/07/02 23:00:00+00,Sun 03 Jul 2022,108,274,0,3856645,3810034,241200,4097845,4051234,80.3462942546305,79.4323941140682,101
-7.6926,53.28823,2022/07/03 23:00:00+00,Mon 04 Jul 2022,15,15,0,3856660,3810049,241200,4097860,4051249,80.3465883590717,79.4326882185094,102
-7.6926,53.28823,2022/07/04 23:00:00+00,Tue 05 Jul 2022,51,69,0,3856711,3810118,241200,4097911,4051318,80.3475883141718,79.4340410989389,103
-7.6926,53.28823,2022/07/05 23:00:00+00,Wed 06 Jul 2022,60,83,0,3856771,3810201,241200,4097971,4051401,80.3487647319366,79.4356684768468,104
-7.6926,53.28823,2022/07/06 23:00:00+00,Thu 07 Jul 2022,77,77,0,3856848,3810278,241200,4098048,4051478,80.350274468068,79.4371782129783,105
-7.6926,53.28823,2022/07/07 23:00:00+00,Fri 08 Jul 2022,99,91,0,3856947,3810369,241200,4098147,4051569,80.3522155573799,79.4389624465882,106
-7.6926,53.28823,2022/07/08 23:00:00+00,Sat 09 Jul 2022,119,144,0,3857066,3810513,241200,4098266,4051713,80.3545487859467,79.4417858492236,107
-7.6926,53.28823,2022/07/09 23:00:00+00,Sun 10 Jul 2022,134,219,0,3857200,3810732,241200,4098400,4051932,80.3571761189547,79.4460797740651,108
-7.6926,53.28823,2022/07/10 23:00:00+00,Mon 11 Jul 2022,11,16,0,3857211,3810748,241200,4098411,4051948,80.3573917955449,79.446393485469,109
-7.6926,53.28823,2022/07/11 23:00:00+00,Tue 12 Jul 2022,44,81,0,3857255,3810829,241200,4098455,4052029,80.3582545019057,79.4479816494514,110
-7.6926,53.28823,2022/07/12 23:00:00+00,Wed 13 Jul 2022,99,74,1,3857354,3810903,241201,4098555,4052104,80.3602151981803,79.4494521716574,111
-7.6926,53.28823,2022/07/13 23:00:00+00,Thu 14 Jul 2022,73,39,0,3857427,3810942,241201,4098628,4052143,80.3616465064608,79.4502168432045,112
-7.6926,53.28823,2022/07/14 23:00:00+00,Fri 15 Jul 2022,80,118,1,3857507,3811060,241202,4098709,4052262,80.3632346704432,79.4525500717713,113
-7.6926,53.28823,2022/11/07 00:00:00+00,Mon 07 Nov 2022,17,3,0,3863079,3817114,241210,4104289,4058324,80.4726415225669,79.5714074799386,114
-7.6926,53.28823,2021/08/10 23:00:00+00,Wed 11 Aug 2021,7044,31258,668,3294088,2840817,230216,3524304,3071033,69.1008972342222,60.2136296232973,115
-7.6926,53.28823,2022/07/15 23:00:00+00,Sat 16 Jul 2022,124,209,0,3857631,3811269,241202,4098833,4052471,80.3656659338238,79.4566479269852,116
-7.6926,53.28823,2022/11/08 00:00:00+00,Tue 08 Nov 2022,17,32,0,3863096,3817146,241210,4104306,4058356,80.4729748409336,79.5720349027465,117
-7.6926,53.28823,2020/12/28 00:00:00+00,Mon 28 Dec 2020,298,23,4,298,23,4,302,27,0.00592130274934714,0.000529387994146929,118
-7.6926,53.28823,2021/08/11 23:00:00+00,Thu 12 Aug 2021,6798,38322,865,3300886,2879139,231081,3531967,3110220,69.2511453897462,60.981967672432,119
-7.6926,53.28823,2022/07/16 23:00:00+00,Sun 17 Jul 2022,119,165,0,3857750,3811434,241202,4098952,4052636,80.3679991623905,79.4598830758383,120
-7.6926,53.28823,2022/11/09 00:00:00+00,Wed 09 Nov 2022,36,32,0,3863132,3817178,241210,4104342,4058388,80.4736806915925,79.5726623255544,121
-7.6926,53.28823,2020/12/29 00:00:00+00,Tue 29 Dec 2020,81,3,0,379,26,4,383,30,0.00750946673178793,0.000588208882385477,122
-7.6926,53.28823,2021/08/12 23:00:00+00,Fri 13 Aug 2021,10955,28251,875,3311841,2907390,231956,3543797,3139346,69.4830957590336,61.5530400693773,123
-7.6926,53.28823,2022/07/17 23:00:00+00,Mon 18 Jul 2022,14,18,0,3857764,3811452,241202,4098966,4052654,80.368273659869,79.4602360011678,124
-7.6926,53.28823,2022/11/10 00:00:00+00,Thu 10 Nov 2022,25,15,0,3863157,3817193,241210,4104367,4058403,80.4741708656611,79.5729564299956,125
-7.6926,53.28823,2020/12/30 00:00:00+00,Wed 30 Dec 2020,1066,2,0,1445,28,4,1449,32,0.0284104890192186,0.000627422807877842,126
-7.6926,53.28823,2021/08/13 23:00:00+00,Sat 14 Aug 2021,18156,5866,281,3329997,2913256,232237,3562234,3145493,69.8445893311849,61.6735640693781,127
-7.6926,53.28823,2022/07/18 23:00:00+00,Tue 19 Jul 2022,30,34,0,3857794,3811486,241202,4098996,4052688,80.3688618687514,79.4609026379012,128
-7.6926,53.28823,2022/11/11 00:00:00+00,Fri 11 Nov 2022,25,15,0,3863182,3817208,241210,4104392,4058418,80.4746610397298,79.5732505344368,129
-7.6926,53.28823,2020/12/31 00:00:00+00,Thu 31 Dec 2020,1042,1,0,2487,29,4,2491,33,0.0488409442007408,0.000647029770624025,130
-7.6926,53.28823,2021/08/14 23:00:00+00,Sun 15 Aug 2021,17007,3744,53,3347004,2917000,232290,3579294,3149290,70.1790841156348,61.7480117069253,131
-7.6926,53.28823,2022/07/19 23:00:00+00,Wed 20 Jul 2022,78,66,0,3857872,3811552,241202,4099074,4052754,80.3703912118456,79.4621966974424,132
-7.6926,53.28823,2022/11/12 00:00:00+00,Sat 12 Nov 2022,70,87,0,3863252,3817295,241210,4104462,4058505,80.476033527122,79.5749563401957,133
-7.6926,53.28823,2021/01/01 00:00:00+00,Fri 01 Jan 2021,824,1,0,3311,30,4,3315,34,0.0649970815035952,0.000666636733370208,134
-7.6926,53.28823,2021/08/15 23:00:00+00,Mon 16 Aug 2021,10208,23183,386,3357212,2940183,232676,3589888,3172859,70.3868002789679,62.2101282118901,135
-7.6926,53.28823,2022/07/20 23:00:00+00,Thu 21 Jul 2022,52,30,0,3857924,3811582,241202,4099126,4052784,80.3714107739084,79.4627849063248,136
-7.6926,53.28823,2022/11/13 00:00:00+00,Sun 13 Nov 2022,40,62,1,3863292,3817357,241211,4104503,4058568,80.4768374125946,79.5761915788487,137
-7.6926,53.28823,2021/01/02 00:00:00+00,Sat 02 Jan 2021,1021,0,0,4332,30,4,4336,34,0.0850157904674476,0.000666636733370208,138
-7.6926,53.28823,2021/08/16 23:00:00+00,Tue 17 Aug 2021,12886,26889,532,3370098,2967072,233208,3603306,3200280,70.6498865050961,62.7477707373532,139
-7.6926,53.28823,2022/07/21 23:00:00+00,Fri 22 Jul 2022,75,70,0,3857999,3811652,241202,4099201,4052854,80.3728812961144,79.464157393717,140
-7.6926,53.28823,2022/11/14 00:00:00+00,Mon 14 Nov 2022,4,2,0,3863296,3817359,241211,4104507,4058570,80.4769158404456,79.5762307927742,141
-7.6926,53.28823,2021/01/03 00:00:00+00,Sun 03 Jan 2021,25,3,1,4357,33,5,4362,38,0.0855255714988484,0.000745064584354938,142
-7.6926,53.28823,2021/08/17 23:00:00+00,Wed 18 Aug 2021,15253,25799,658,3385351,2992871,233866,3619217,3226737,70.9618528893507,63.2665121507289,143
-7.6926,53.28823,2022/07/22 23:00:00+00,Sat 23 Jul 2022,100,175,0,3858099,3811827,241202,4099301,4053029,80.374841992389,79.4675886121976,144
-7.6926,53.28823,2022/11/15 00:00:00+00,Tue 15 Nov 2022,18,8,0,3863314,3817367,241211,4104525,4058578,80.477268765775,79.5763876484762,145
-7.6926,53.28823,2021/01/04 00:00:00+00,Mon 04 Jan 2021,1198,5,0,5555,38,5,5560,43,0.109014712868775,0.000843099398085851,146
-7.6926,53.28823,2021/01/05 00:00:00+00,Tue 05 Jan 2021,3546,14,0,9101,52,5,9106,57,0.178541002766739,0.00111759687653241,147
-7.6926,53.28823,2021/01/06 00:00:00+00,Wed 06 Jan 2021,6797,14,0,15898,66,5,15903,71,0.311809528552541,0.00139209435497896,148
-7.6926,53.28823,2021/01/07 00:00:00+00,Thu 07 Jan 2021,11743,9,0,27641,75,5,27646,80,0.542054092080963,0.00156855701969461,149
-7.6926,53.28823,2021/01/08 00:00:00+00,Fri 08 Jan 2021,12691,8,0,40332,83,5,40337,88,0.790886056292766,0.00172541272166407,150
-7.6926,53.28823,2021/04/19 23:00:00+00,Tue 20 Apr 2021,15107,7336,1,924643,390238,281,924924,390519,18.1349504110502,7.65689148467647,151
-7.6926,53.28823,2021/01/09 00:00:00+00,Sat 09 Jan 2021,8081,7,0,48413,90,5,48418,95,0.949329922244668,0.00186266146088734,152
-7.6926,53.28823,2021/01/10 00:00:00+00,Sun 10 Jan 2021,4790,6,1,53203,96,6,53209,102,1.04326688076163,0.00199991020011062,153
-7.6926,53.28823,2021/01/11 00:00:00+00,Mon 11 Jan 2021,8356,8,0,61559,104,6,61565,110,1.20710266146873,0.00215676590208008,154
-7.6926,53.28823,2021/01/12 00:00:00+00,Tue 12 Jan 2021,8901,15,0,70460,119,6,70466,125,1.3816242368725,0.00245087034327282,155
-7.6926,53.28823,2021/01/13 00:00:00+00,Wed 13 Jan 2021,9908,6,0,80368,125,6,80374,131,1.57589002376168,0.00256851211974992,156
-7.6926,53.28823,2021/01/14 00:00:00+00,Thu 14 Jan 2021,8101,6,0,88469,131,6,88475,137,1.7347260289685,0.00268615389622701,157
-7.6926,53.28823,2021/01/15 00:00:00+00,Fri 15 Jan 2021,7708,5,0,96177,136,6,96183,142,1.88585649781608,0.00278418870995793,158
-7.6926,53.28823,2021/01/16 00:00:00+00,Sat 16 Jan 2021,5249,3,0,101426,139,6,101432,145,1.98877344527079,0.00284300959819647,159
-7.6926,53.28823,2021/01/17 00:00:00+00,Sun 17 Jan 2021,1117,5,0,102543,144,6,102549,150,2.01067442265828,0.00294104441192739,160
-7.6926,53.28823,2021/01/18 00:00:00+00,Mon 18 Jan 2021,8732,9,1,111275,153,7,111282,160,2.18190202832069,0.00313711403938921,161
-7.6926,53.28823,2021/01/19 00:00:00+00,Tue 19 Jan 2021,8400,21,0,119675,174,7,119682,181,2.34660051538862,0.00354886025705905,162
-7.6926,53.28823,2021/01/20 00:00:00+00,Wed 20 Jan 2021,8459,966,0,128134,1140,7,128141,1147,2.51245581325858,0.0224891862698714,163
-7.6926,53.28823,2021/01/21 00:00:00+00,Thu 21 Jan 2021,9024,967,0,137158,2107,7,137165,2114,2.68938904508013,0.04144911924543,164
-7.6926,53.28823,2021/01/22 00:00:00+00,Fri 22 Jan 2021,6799,972,0,143957,3079,7,143964,3086,2.82269678479143,0.0605070870347194,165
-7.6926,53.28823,2021/01/23 00:00:00+00,Sat 23 Jan 2021,4201,461,0,148158,3540,7,148165,3547,2.90506563528814,0.0695458968607096,166
-7.6926,53.28823,2021/01/24 00:00:00+00,Sun 24 Jan 2021,1190,400,0,149348,3940,7,149355,3947,2.9283979209561,0.0773886819591826,167
-7.6926,53.28823,2021/01/25 00:00:00+00,Mon 25 Jan 2021,1377,1294,0,150725,5234,7,150732,5241,2.95539670865759,0.102760091752743,168
-7.6926,53.28823,2021/01/26 00:00:00+00,Tue 26 Jan 2021,1012,3508,0,151737,8742,7,151744,8749,2.97523895495673,0.171541317066351,169
-7.6926,53.28823,2021/01/27 00:00:00+00,Wed 27 Jan 2021,2195,6711,0,153932,15453,7,153939,15460,3.0182762381846,0.303123644055983,170
-7.6926,53.28823,2021/01/28 00:00:00+00,Thu 28 Jan 2021,1028,11545,0,154960,26998,7,154967,27005,3.03843219588767,0.52948602896066,171
-7.6926,53.28823,2021/01/29 00:00:00+00,Fri 29 Jan 2021,1597,11526,0,156557,38524,7,156564,38531,3.06974451539333,0.755475881573161,172
-7.6926,53.28823,2021/01/30 00:00:00+00,Sat 30 Jan 2021,657,7795,0,157214,46319,7,157221,46326,3.08262628991757,0.908312156179654,173
-7.6926,53.28823,2021/01/31 00:00:00+00,Sun 31 Jan 2021,241,4088,0,157455,50407,7,157462,50414,3.0873515679394,0.988465419886048,174
-7.6926,53.28823,2021/02/01 00:00:00+00,Mon 01 Feb 2021,1046,8337,1,158501,58744,8,158509,58752,3.10788005793465,1.15194827526372,175
-7.6926,53.28823,2021/02/02 00:00:00+00,Tue 02 Feb 2021,851,5113,1,159352,63857,9,159361,63866,3.1245851901944,1.2522182827477,176
-7.6926,53.28823,2021/02/03 00:00:00+00,Wed 03 Feb 2021,1414,6873,0,160766,70730,9,160775,70739,3.1523094355175,1.38697693770221,177
-7.6926,53.28823,2021/02/04 00:00:00+00,Thu 04 Feb 2021,1458,10542,1,162224,81272,10,162234,81282,3.18091599416418,1.59369314593521,178
-7.6926,53.28823,2021/02/05 00:00:00+00,Fri 05 Feb 2021,3410,8616,0,165634,89888,10,165644,89898,3.24777573712867,1.76262673695632,179
-7.6926,53.28823,2021/02/06 00:00:00+00,Sat 06 Feb 2021,916,3871,0,166550,93759,10,166560,93769,3.26573571500417,1.83852528974679,180
-7.6926,53.28823,2021/02/07 00:00:00+00,Sun 07 Feb 2021,341,1300,2,166891,95059,12,166903,95071,3.27246090322611,1.86405355524232,181
-7.6926,53.28823,2021/02/08 00:00:00+00,Mon 08 Feb 2021,1197,883,0,168088,95942,12,168100,95954,3.29593043763329,1.8813665033472,182
-7.6926,53.28823,2021/02/09 00:00:00+00,Tue 09 Feb 2021,4276,556,3,172364,96498,15,172379,96513,3.37982863122421,1.89232679552232,183
-7.6926,53.28823,2021/02/10 00:00:00+00,Wed 10 Feb 2021,8837,586,0,181201,97084,15,181216,97099,3.55309536101222,1.90381647569158,184
-7.6926,53.28823,2021/02/11 00:00:00+00,Thu 11 Feb 2021,6209,452,0,187410,97536,15,187425,97551,3.67483499270327,1.91267882285286,185
-7.6926,53.28823,2021/12/02 00:00:00+00,Thu 02 Dec 2021,1737,1419,0,3669811,3606763,241100,3910911,3847863,76.6810862806356,75.4449064934143,186
-7.6926,53.28823,2021/02/12 00:00:00+00,Fri 12 Feb 2021,4409,528,0,191819,98064,15,191834,98079,3.76128209145119,1.92303129918284,187
-7.6926,53.28823,2021/02/13 00:00:00+00,Sat 13 Feb 2021,1224,1919,0,193043,99983,15,193058,99998,3.78528101385252,1.96065706069277,188
-7.6926,53.28823,2021/02/14 00:00:00+00,Sun 14 Feb 2021,2712,29,0,195755,100012,15,195770,100027,3.83845509682016,1.9612256626124,189
-7.6926,53.28823,2021/02/15 00:00:00+00,Mon 15 Feb 2021,1977,7898,0,197732,107910,15,197747,107925,3.87721806216937,2.11608145438175,190
-7.6926,53.28823,2021/02/16 00:00:00+00,Tue 16 Feb 2021,5664,8171,0,203396,116081,15,203411,116096,3.98827189916374,2.27628994698081,191
-7.6926,53.28823,2021/02/17 00:00:00+00,Wed 17 Feb 2021,9763,8467,0,213159,124548,15,213174,124563,4.17969467645472,2.44230210055274,192
-7.6926,53.28823,2021/02/18 00:00:00+00,Thu 18 Feb 2021,8478,8362,1,221637,132910,16,221653,132926,4.34594211357961,2.60627512999906,193
-7.6926,53.28823,2021/02/19 00:00:00+00,Fri 19 Feb 2021,9404,6594,2,231041,139504,18,231059,139522,4.5303652051702,2.73560265627289,194
-7.6926,53.28823,2021/02/20 00:00:00+00,Sat 20 Feb 2021,5900,3581,2,236941,143085,20,236961,143105,4.64608549929817,2.80585440379246,195
-7.6926,53.28823,2021/02/21 00:00:00+00,Sun 21 Feb 2021,1121,1026,6,238062,144111,26,238088,144137,4.66818254631312,2.82608878934652,196
-7.6926,53.28823,2021/02/22 00:00:00+00,Mon 22 Feb 2021,3955,1129,2,242017,145240,28,242045,145268,4.74576729789976,2.84826426421245,197
-7.6926,53.28823,2021/02/23 00:00:00+00,Tue 23 Feb 2021,13380,1075,1,255397,146315,29,255426,146344,5.00812806640643,2.86936135612734,198
-7.6926,53.28823,2021/02/24 00:00:00+00,Wed 24 Feb 2021,16956,2113,6,272353,148428,35,272388,148463,5.34070136850718,2.9109085101865,199
-7.6926,53.28823,2021/02/25 00:00:00+00,Thu 25 Feb 2021,18111,1770,3,290464,150198,38,290502,150236,5.69586189169153,2.94567165513549,200
-7.6926,53.28823,2021/02/26 00:00:00+00,Fri 26 Feb 2021,16102,2783,1,306566,152981,39,306605,153020,6.01159281279331,3.00025743942086,201
-7.6926,53.28823,2021/02/27 00:00:00+00,Sat 27 Feb 2021,9012,707,1,315578,153688,40,315618,153728,6.18831036802465,3.01413916904515,202
-7.6926,53.28823,2021/02/28 00:00:00+00,Sun 28 Feb 2021,2455,61,2,318033,153749,42,318075,153791,6.23648467549202,3.01537440769816,203
-7.6926,53.28823,2021/03/01 00:00:00+00,Mon 01 Mar 2021,5637,810,0,323670,154559,42,323712,154601,6.34700912449225,3.03125604752257,204
-7.6926,53.28823,2021/03/02 00:00:00+00,Tue 02 Mar 2021,12214,1622,0,335884,156181,42,335926,156223,6.58648856747413,3.06305854109688,205
-7.6926,53.28823,2021/03/03 00:00:00+00,Wed 03 Mar 2021,12929,1515,1,348813,157696,43,348856,157739,6.84000659578227,3.09278269662009,206
-7.6926,53.28823,2021/03/04 00:00:00+00,Thu 04 Mar 2021,18744,1700,5,367557,159396,48,367605,159444,7.20761754031044,3.12621256810233,207
-7.6926,53.28823,2021/03/05 00:00:00+00,Fri 05 Mar 2021,18478,2407,6,386035,161803,54,386089,161857,7.57003263971088,3.17352416920887,208
-7.6926,53.28823,2021/03/06 00:00:00+00,Sat 06 Mar 2021,10417,151,5,396452,161954,59,396511,162013,7.7743764054516,3.17658285539728,209
-7.6926,53.28823,2021/03/07 00:00:00+00,Sun 07 Mar 2021,1539,18,5,397991,161972,64,398055,162036,7.8046495559317,3.17703381554044,210
-7.6926,53.28823,2021/03/08 00:00:00+00,Mon 08 Mar 2021,6686,1514,6,404677,163486,70,404747,163556,7.93585935062916,3.20683639891464,211
-7.6926,53.28823,2021/03/09 00:00:00+00,Tue 09 Mar 2021,13867,3115,7,418544,166601,77,418621,166678,8.2078863517697,3.26804933660822,212
-7.6926,53.28823,2021/03/10 00:00:00+00,Wed 10 Mar 2021,13766,4007,3,432310,170608,80,432390,170688,8.47785462182188,3.34667325722041,213
-7.6926,53.28823,2021/03/11 00:00:00+00,Thu 11 Mar 2021,18514,2109,4,450824,172717,84,450908,172801,8.84093635795569,3.38810276950309,214
-7.6926,53.28823,2021/03/12 00:00:00+00,Fri 12 Mar 2021,17365,1353,4,468189,174070,88,468277,174158,9.18148969389414,3.41470941794966,215
-7.6926,53.28823,2021/03/13 00:00:00+00,Sat 13 Mar 2021,8340,181,0,476529,174251,88,476617,174339,9.3450117631973,3.41825827820672,216
-7.6926,53.28823,2021/03/14 00:00:00+00,Sun 14 Mar 2021,400,23,3,476929,174274,91,477020,174365,9.35291336918401,3.41876805923812,217
-7.6926,53.28823,2021/03/15 00:00:00+00,Mon 15 Mar 2021,2681,1006,0,479610,175280,91,479701,175371,9.40547963630653,3.43849266376078,218
-7.6926,53.28823,2021/03/16 00:00:00+00,Tue 16 Mar 2021,8979,3834,2,488589,179114,93,488682,179207,9.58156976872999,3.51370497285514,219
-7.6926,53.28823,2021/03/17 00:00:00+00,Wed 17 Mar 2021,4914,2430,8,493503,181544,101,493604,181645,9.6780752393667,3.56150674803033,220
-7.6926,53.28823,2021/03/18 00:00:00+00,Thu 18 Mar 2021,11756,4693,7,505259,186237,108,505367,186345,9.90871194215005,3.65365947293739,221
-7.6926,53.28823,2021/03/19 00:00:00+00,Fri 19 Mar 2021,10400,6144,2,515659,192381,110,515769,192491,10.1126635686358,3.77416386597543,222
-7.6926,53.28823,2021/03/20 00:00:00+00,Sat 20 Mar 2021,5265,3131,4,520924,195512,114,521038,195626,10.2159726553455,3.83563169418471,223
-7.6926,53.28823,2021/03/21 00:00:00+00,Sun 21 Mar 2021,3661,59,3,524585,195571,117,524702,195688,10.2878125668475,3.83684732587498,224
-7.6926,53.28823,2021/03/22 00:00:00+00,Mon 22 Mar 2021,7436,2420,1,532021,197991,118,532139,198109,10.4336295487908,3.88431578268348,225
-7.6926,53.28823,2021/03/23 00:00:00+00,Tue 23 Mar 2021,12584,7412,6,544605,205403,124,544729,205527,10.6804812097653,4.02976023233467,226
-7.6926,53.28823,2021/03/24 00:00:00+00,Wed 24 Mar 2021,13651,9789,2,558256,215192,126,558382,215318,10.9481750721389,4.22173200458254,227
-7.6926,53.28823,2021/03/25 00:00:00+00,Thu 25 Mar 2021,20899,10235,3,579155,225427,129,579284,225556,11.3579998074596,4.42246808917796,228
-7.6926,53.28823,2021/03/26 00:00:00+00,Fri 26 Mar 2021,19722,9517,1,598877,234944,130,599007,235074,11.7447079337026,4.60908716059612,229
-7.6926,53.28823,2021/03/27 00:00:00+00,Sat 27 Mar 2021,11777,5365,3,610654,240309,133,610787,240442,11.9756779548526,4.71433733661763,230
-7.6926,53.28823,2021/03/28 00:00:00+00,Sun 28 Mar 2021,2505,490,0,613159,240799,133,613292,240932,12.0247933965318,4.72394474836326,231
-7.6926,53.28823,2021/03/28 23:00:00+00,Mon 29 Mar 2021,9298,3132,3,622457,243931,136,622593,244067,12.207157757034,4.78541257657254,232
-7.6926,53.28823,2021/03/29 23:00:00+00,Tue 30 Mar 2021,13354,8684,4,635811,252615,140,635951,252755,12.4690675653976,4.95575786891138,233
-7.6926,53.28823,2021/03/30 23:00:00+00,Wed 31 Mar 2021,15860,10518,4,651671,263133,144,651815,263277,12.780112422403,5.16206233092671,234
-7.6926,53.28823,2021/03/31 23:00:00+00,Thu 01 Apr 2021,19736,11597,9,671407,274730,153,671560,274883,13.1672519018264,5.3896207405589,235
-7.6926,53.28823,2021/04/01 23:00:00+00,Fri 02 Apr 2021,20167,13731,9,691574,288461,162,691736,288623,13.5628419821933,5.65902040869145,236
-7.6926,53.28823,2021/04/02 23:00:00+00,Sat 03 Apr 2021,7561,4644,7,699135,293105,169,699304,293274,13.7112274762565,5.75021239242395,237
-7.6926,53.28823,2021/04/03 23:00:00+00,Sun 04 Apr 2021,3051,175,3,702186,293280,172,702358,293452,13.7711071404833,5.75370243179277,238
-7.6926,53.28823,2021/04/04 23:00:00+00,Mon 05 Apr 2021,3456,618,6,705642,293898,178,705820,294076,13.8389864455106,5.76593717654639,239
-7.6926,53.28823,2021/04/05 23:00:00+00,Tue 06 Apr 2021,12019,8163,13,717661,302061,191,717852,302252,14.0748974212727,5.92624370395918,240
-7.6926,53.28823,2021/04/06 23:00:00+00,Wed 07 Apr 2021,18387,10500,12,736048,312561,203,736251,312764,14.4356459288397,6.13235209634705,241
-7.6926,53.28823,2021/04/07 23:00:00+00,Thu 08 Apr 2021,20208,10585,18,756256,323146,221,756477,323367,14.832216357344,6.34024472234482,242
-7.6926,53.28823,2021/04/08 23:00:00+00,Fri 09 Apr 2021,20690,9174,16,776946,332320,237,777183,332557,15.2381981279664,6.52043270998224,243
-7.6926,53.28823,2021/04/09 23:00:00+00,Sat 10 Apr 2021,11193,4189,12,788139,336509,249,788388,336758,15.4578941455374,6.60280156047895,244
-7.6926,53.28823,2021/04/10 23:00:00+00,Sun 11 Apr 2021,2878,371,9,791017,336880,258,791275,337138,15.5144994469856,6.6102522063225,245
-7.6926,53.28823,2021/04/11 23:00:00+00,Mon 12 Apr 2021,7798,2811,14,798815,339691,272,799087,339963,15.6676690399588,6.66564187608047,246
-7.6926,53.28823,2021/04/12 23:00:00+00,Tue 13 Apr 2021,11536,8599,1,810351,348290,273,810624,348563,15.8938745691615,6.83426175569764,247
-7.6926,53.28823,2021/04/13 23:00:00+00,Wed 14 Apr 2021,20362,6603,2,830713,354893,275,830988,355168,16.2931507585248,6.96376574463617,248
-7.6926,53.28823,2021/04/14 23:00:00+00,Thu 15 Apr 2021,27123,10826,1,857836,365719,276,858112,365995,16.8249700160522,7.17605033028909,249
-7.6926,53.28823,2021/04/15 23:00:00+00,Fri 16 Apr 2021,27983,9853,1,885819,375572,277,886096,375849,17.3736512615414,7.36925734118997,250
-7.6926,53.28823,2021/04/16 23:00:00+00,Sat 17 Apr 2021,15863,4569,3,901682,380141,280,901962,380421,17.6847353324723,7.45890037486552,251
-7.6926,53.28823,2021/04/17 23:00:00+00,Sun 18 Apr 2021,1081,490,0,902763,380631,280,903043,380911,17.7059304592009,7.46850778661115,252
-7.6926,53.28823,2021/04/18 23:00:00+00,Mon 19 Apr 2021,6773,2271,0,909536,382902,280,909816,383182,17.8387284178808,7.51303519900773,253
-7.6926,53.28823,2021/08/18 23:00:00+00,Thu 19 Aug 2021,11382,25746,545,3396733,3018617,234411,3631144,3253028,71.1957051340244,63.7819988082888,254
-7.6926,53.28823,2021/08/19 23:00:00+00,Fri 20 Aug 2021,14872,22297,686,3411605,3040914,235097,3646702,3276011,71.5007502604295,64.2326256330843,255
-7.6926,53.28823,2021/08/20 23:00:00+00,Sat 21 Aug 2021,11918,8003,246,3423523,3048917,235343,3658866,3284260,71.7392493552741,64.3943634687776,256
-7.6926,53.28823,2021/08/21 23:00:00+00,Sun 22 Aug 2021,8011,12267,162,3431534,3061184,235505,3667039,3296689,71.8994970617986,64.6380584087499,257
-7.6926,53.28823,2021/08/22 23:00:00+00,Mon 23 Aug 2021,10892,15420,294,3442426,3076604,235799,3678225,3312403,72.1188205470774,64.9461622213434,258
-7.6926,53.28823,2021/08/23 23:00:00+00,Tue 24 Aug 2021,9726,22943,384,3452152,3099547,236183,3688335,3335730,72.3170469404413,65.4035338413236,259
-7.6926,53.28823,2021/08/24 23:00:00+00,Wed 25 Aug 2021,9426,19559,318,3461578,3119106,236501,3698079,3355607,72.5080971854401,65.7932614398295,260
-7.6926,53.28823,2021/08/25 23:00:00+00,Thu 26 Aug 2021,8605,19470,370,3470183,3138576,236871,3707054,3375447,72.6840696760871,66.1822635807137,261
-7.6926,53.28823,2021/08/26 23:00:00+00,Fri 27 Aug 2021,9738,19249,432,3479921,3157825,237303,3717224,3395128,72.8834724872158,66.5681482145213,262
-7.6926,53.28823,2021/08/27 23:00:00+00,Sat 28 Aug 2021,9939,7952,155,3489860,3165777,237458,3727318,3403235,73.0813851691757,66.7271018615047,263
-7.6926,53.28823,2021/04/20 23:00:00+00,Wed 21 Apr 2021,26753,9908,4,951396,400146,285,951681,400431,18.6595739132498,7.85123569941663,264
-7.6926,53.28823,2022/11/16 00:00:00+00,Wed 16 Nov 2022,28,20,0,3863342,3817387,241211,4104553,4058598,80.4778177607319,79.5767797877311,265
-7.6926,53.28823,2021/04/21 23:00:00+00,Thu 22 Apr 2021,31647,12200,1,983043,412346,286,983329,412632,19.280095070241,8.09046025188281,266
-7.6926,53.28823,2022/11/17 00:00:00+00,Thu 17 Nov 2022,29,9,1,3863371,3817396,241212,4104583,4058608,80.4784059696143,79.5769758573586,267
-7.6926,53.28823,2021/04/22 23:00:00+00,Fri 23 Apr 2021,33626,12368,3,1016669,424714,289,1016958,425003,19.9394576204323,8.33301798801583,268
-7.6926,53.28823,2022/11/18 00:00:00+00,Fri 18 Nov 2022,16,22,0,3863387,3817418,241212,4104599,4058630,80.4787196810182,79.577407210539,269
-7.6926,53.28823,2021/04/23 23:00:00+00,Sat 24 Apr 2021,23714,7017,2,1040383,431731,291,1040674,432022,20.4044563489208,8.47063925953129,270
-7.6926,53.28823,2022/11/19 00:00:00+00,Sat 19 Nov 2022,52,57,0,3863439,3817475,241212,4104651,4058687,80.4797392430811,79.5785248074155,271
-7.6926,53.28823,2021/04/24 23:00:00+00,Sun 25 Apr 2021,9760,312,3,1050143,432043,294,1050437,432337,20.5958791262118,8.47681545279634,272
-7.6926,53.28823,2022/11/20 00:00:00+00,Sun 20 Nov 2022,39,56,0,3863478,3817531,241212,4104690,4058743,80.4805039146281,79.5796227973293,273
-7.6926,53.28823,2021/08/28 23:00:00+00,Sun 29 Aug 2021,8808,9205,30,3498668,3174982,237488,3736156,3412470,73.2546715059265,66.9081721624656,274
-7.6926,53.28823,2021/04/25 23:00:00+00,Mon 26 Apr 2021,15608,3064,4,1065751,435107,298,1066049,435405,20.9019830286052,8.53696961450162,275
-7.6926,53.28823,2022/11/21 00:00:00+00,Mon 21 Nov 2022,6,3,0,3863484,3817534,241212,4104696,4058746,80.4806215564046,79.5796816182175,276
-7.6926,53.28823,2021/08/29 23:00:00+00,Mon 30 Aug 2021,5077,11178,85,3503745,3186160,237573,3741318,3423733,73.3558826476223,67.1290053838759,277
-7.6926,53.28823,2021/04/26 23:00:00+00,Tue 27 Apr 2021,25935,7830,9,1091686,442937,307,1091993,443244,21.4106660700921,8.69066859546895,278
-7.6926,53.28823,2022/11/22 00:00:00+00,Tue 22 Nov 2022,34,22,0,3863518,3817556,241212,4104730,4058768,80.481288193138,79.580112971398,279
-7.6926,53.28823,2021/08/30 23:00:00+00,Tue 31 Aug 2021,4086,12923,146,3507831,3199083,237719,3745550,3436802,73.4388593139641,67.3852487800058,280
-7.6926,53.28823,2021/04/27 23:00:00+00,Wed 28 Apr 2021,26061,8634,7,1117747,451571,314,1118061,451885,21.9217803749596,8.86009236055871,281
-7.6926,53.28823,2022/11/23 00:00:00+00,Wed 23 Nov 2022,13,16,0,3863531,3817572,241212,4104743,4058784,80.4815430836537,79.5804266828019,282
-7.6926,53.28823,2021/08/31 23:00:00+00,Wed 01 Sep 2021,5006,12578,184,3512837,3211661,237903,3750740,3449564,73.5406194506168,67.6354728385725,283
-7.6926,53.28823,2021/04/28 23:00:00+00,Thu 29 Apr 2021,31709,11340,7,1149456,462911,321,1149777,463232,22.5436348054176,9.08257256683965,284
-7.6926,53.28823,2022/11/24 00:00:00+00,Thu 24 Nov 2022,16,18,0,3863547,3817590,241212,4104759,4058802,80.4818567950576,79.5807796081313,285
-7.6926,53.28823,2021/09/01 23:00:00+00,Thu 02 Sep 2021,5016,12393,249,3517853,3224054,238152,3756005,3462206,73.6438501094755,67.8833440616098,286
-7.6926,53.28823,2021/04/29 23:00:00+00,Fri 30 Apr 2021,36119,13547,8,1185575,476458,329,1185904,476787,23.2519755485489,9.34834494686415,287
-7.6926,53.28823,2022/11/25 00:00:00+00,Fri 25 Nov 2022,6,11,0,3863553,3817601,241212,4104765,4058813,80.4819744368341,79.5809952847215,288
-7.6926,53.28823,2021/09/02 23:00:00+00,Fri 03 Sep 2021,4790,16124,167,3522643,3240178,238319,3760962,3478497,73.7410418238083,68.2027610917078,289
-7.6926,53.28823,2021/04/30 23:00:00+00,Sat 01 May 2021,16646,6705,21,1202221,483163,350,1202571,483513,23.5787647966395,9.48022137829497,290
-7.6926,53.28823,2022/11/26 00:00:00+00,Sat 26 Nov 2022,64,63,0,3863617,3817664,241212,4104829,4058876,80.4832292824499,79.5822305233745,291
-7.6926,53.28823,2022/11/27 00:00:00+00,Sun 27 Nov 2022,36,42,0,3863653,3817706,241212,4104865,4058918,80.4839351331087,79.5830540158099,292
-7.6926,53.28823,2022/11/28 00:00:00+00,Mon 28 Nov 2022,4,1,0,3863657,3817707,241212,4104869,4058919,80.4840135609597,79.5830736227726,293
-7.6926,53.28823,2022/11/29 00:00:00+00,Tue 29 Nov 2022,26,18,0,3863683,3817725,241212,4104895,4058937,80.4845233419911,79.5834265481021,294
-7.6926,53.28823,2022/11/30 00:00:00+00,Wed 30 Nov 2022,29,13,0,3863712,3817738,241212,4104924,4058950,80.4850919439108,79.5836814386178,295
-7.6926,53.28823,2022/12/01 00:00:00+00,Thu 01 Dec 2022,16,11,0,3863728,3817749,241212,4104940,4058961,80.4854056553147,79.583897115208,296
-7.6926,53.28823,2022/12/02 00:00:00+00,Fri 02 Dec 2022,8,18,0,3863736,3817767,241212,4104948,4058979,80.4855625110167,79.5842500405374,297
-7.6926,53.28823,2022/12/03 00:00:00+00,Sat 03 Dec 2022,40,71,0,3863776,3817838,241212,4104988,4059050,80.4863467895265,79.5856421348924,298
-7.6926,53.28823,2022/12/04 00:00:00+00,Sun 04 Dec 2022,41,47,0,3863817,3817885,241212,4105029,4059097,80.4871506749991,79.5865636621414,299
-7.6926,53.28823,2022/12/05 00:00:00+00,Mon 05 Dec 2022,12,5,0,3863829,3817890,241212,4105041,4059102,80.4873859585521,79.5866616969552,300
-7.6926,53.28823,2022/12/06 00:00:00+00,Tue 06 Dec 2022,26,29,0,3863855,3817919,241212,4105067,4059131,80.4878957395835,79.5872302988748,301
-7.6926,53.28823,2022/12/07 00:00:00+00,Wed 07 Dec 2022,19,23,0,3863874,3817942,241212,4105086,4059154,80.4882682718756,79.587681259018,302
-7.6926,53.28823,2022/12/08 00:00:00+00,Thu 08 Dec 2022,12,13,1,3863886,3817955,241213,4105099,4059168,80.4885231623913,79.5879557564964,303
-7.6926,53.28823,2022/12/09 00:00:00+00,Fri 09 Dec 2022,13,17,0,3863899,3817972,241213,4105112,4059185,80.488778052907,79.5882890748631,304
-7.6926,53.28823,2022/12/10 00:00:00+00,Sat 10 Dec 2022,45,44,0,3863944,3818016,241213,4105157,4059229,80.4896603662306,79.5891517812239,305
-7.6926,53.28823,2022/12/11 00:00:00+00,Sun 11 Dec 2022,28,42,0,3863972,3818058,241213,4105185,4059271,80.4902093611875,79.5899752736593,306
-7.6926,53.28823,2022/12/12 00:00:00+00,Mon 12 Dec 2022,4,2,0,3863976,3818060,241213,4105189,4059273,80.4902877890385,79.5900144875848,307
-7.6926,53.28823,2022/12/13 00:00:00+00,Tue 13 Dec 2022,20,15,0,3863996,3818075,241213,4105209,4059288,80.4906799282934,79.590308592026,308
-7.6926,53.28823,2022/12/14 00:00:00+00,Wed 14 Dec 2022,14,20,0,3864010,3818095,241213,4105223,4059308,80.4909544257719,79.5907007312809,309
-7.6926,53.28823,2022/12/15 00:00:00+00,Thu 15 Dec 2022,13,9,0,3864023,3818104,241213,4105236,4059317,80.4912093162876,79.5908771939456,310
-7.6926,53.28823,2022/12/16 00:00:00+00,Fri 16 Dec 2022,11,4,0,3864034,3818108,241213,4105247,4059321,80.4914249928778,79.5909556217966,311
-7.6926,53.28823,2022/12/17 00:00:00+00,Sat 17 Dec 2022,19,43,0,3864053,3818151,241213,4105266,4059364,80.4917975251699,79.5917987211947,312
-7.6926,53.28823,2022/12/18 00:00:00+00,Sun 18 Dec 2022,29,35,0,3864082,3818186,241213,4105295,4059399,80.4923661270896,79.5924849648908,313
-7.6926,53.28823,2022/12/19 00:00:00+00,Mon 19 Dec 2022,4,1,0,3864086,3818187,241213,4105299,4059400,80.4924445549406,79.5925045718535,314
-7.6926,53.28823,2022/12/20 00:00:00+00,Tue 20 Dec 2022,17,18,0,3864103,3818205,241213,4105316,4059418,80.4927778733072,79.592857497183,315
-7.6926,53.28823,2022/12/21 00:00:00+00,Wed 21 Dec 2022,15,28,0,3864118,3818233,241213,4105331,4059446,80.4930719777485,79.5934064921399,316
-7.6926,53.28823,2022/12/22 00:00:00+00,Thu 22 Dec 2022,6,15,0,3864124,3818248,241213,4105337,4059461,80.4931896195249,79.5937005965811,317
-7.6926,53.28823,2022/12/23 00:00:00+00,Fri 23 Dec 2022,19,6,0,3864143,3818254,241213,4105356,4059467,80.4935621518171,79.5938182383575,318
-7.6926,53.28823,2022/12/28 00:00:00+00,Wed 28 Dec 2022,19,24,0,3864162,3818278,241213,4105375,4059491,80.4939346841093,79.5942888054634,319
-7.6926,53.28823,2022/12/29 00:00:00+00,Thu 29 Dec 2022,15,12,0,3864177,3818290,241213,4105390,4059503,80.4942287885505,79.5945240890164,320
-7.6926,53.28823,2022/12/30 00:00:00+00,Fri 30 Dec 2022,66,31,0,3864243,3818321,241213,4105456,4059534,80.4955228480917,79.5951319048615,321
-7.6926,53.28823,2022/12/31 00:00:00+00,Sat 31 Dec 2022,34,26,0,3864277,3818347,241213,4105490,4059560,80.4961894848251,79.5956416858929,322
-7.6926,53.28823,2023/01/03 00:00:00+00,Tue 03 Jan 2023,8,14,0,3864285,3818361,241213,4105498,4059574,80.4963463405271,79.5959161833714,323
-7.6926,53.28823,2023/01/04 00:00:00+00,Wed 04 Jan 2023,52,28,0,3864337,3818389,241213,4105550,4059602,80.4973659025899,79.5964651783283,324
-7.6926,53.28823,2023/01/05 00:00:00+00,Thu 05 Jan 2023,24,16,0,3864361,3818405,241213,4105574,4059618,80.4978364696958,79.5967788897322,325
-7.6926,53.28823,2023/01/06 00:00:00+00,Fri 06 Jan 2023,34,21,0,3864395,3818426,241213,4105608,4059639,80.4985031064291,79.5971906359499,326
-7.6926,53.28823,2023/01/07 00:00:00+00,Sat 07 Jan 2023,136,74,0,3864531,3818500,241213,4105744,4059713,80.5011696533626,79.5986415511931,327
-7.6926,53.28823,2023/01/08 00:00:00+00,Sun 08 Jan 2023,51,45,0,3864582,3818545,241213,4105795,4059758,80.5021696084627,79.5995238645167,328
-7.6926,53.28823,2023/01/09 00:00:00+00,Mon 09 Jan 2023,1,1,0,3864583,3818546,241213,4105796,4059759,80.5021892154254,79.5995434714794,329
-7.6926,53.28823,2023/01/10 00:00:00+00,Tue 10 Jan 2023,42,14,0,3864625,3818560,241213,4105838,4059773,80.5030127078608,79.5998179689579,330
-7.6926,53.28823,2023/01/11 00:00:00+00,Wed 11 Jan 2023,59,31,0,3864684,3818591,241213,4105897,4059804,80.5041695186628,79.600425784803,331
-7.6926,53.28823,2023/01/12 00:00:00+00,Thu 12 Jan 2023,14,12,0,3864698,3818603,241213,4105911,4059816,80.5044440161412,79.6006610683559,332
-7.6926,53.28823,2023/01/13 00:00:00+00,Fri 13 Jan 2023,27,12,0,3864725,3818615,241213,4105938,4059828,80.5049734041354,79.6008963519089,333
-7.6926,53.28823,2023/01/14 00:00:00+00,Sat 14 Jan 2023,72,40,0,3864797,3818655,241213,4106010,4059868,80.5063851054531,79.6016806304187,334
-7.6926,53.28823,2023/01/15 00:00:00+00,Sun 15 Jan 2023,60,30,0,3864857,3818685,241213,4106070,4059898,80.5075615232179,79.6022688393011,335
-7.6926,53.28823,2023/01/16 00:00:00+00,Mon 16 Jan 2023,6,2,0,3864863,3818687,241213,4106076,4059900,80.5076791649944,79.6023080532266,336
-7.6926,53.28823,2023/01/17 00:00:00+00,Tue 17 Jan 2023,14,19,0,3864877,3818706,241213,4106090,4059919,80.5079536624728,79.6026805855188,337
-7.6926,53.28823,2023/01/18 00:00:00+00,Wed 18 Jan 2023,34,14,0,3864911,3818720,241213,4106124,4059933,80.5086202992062,79.6029550829973,338
-7.6926,53.28823,2023/01/19 00:00:00+00,Thu 19 Jan 2023,15,7,0,3864926,3818727,241213,4106139,4059940,80.5089144036474,79.6030923317365,339
-7.6926,53.28823,2023/01/20 00:00:00+00,Fri 20 Jan 2023,16,8,0,3864942,3818735,241213,4106155,4059948,80.5092281150513,79.6032491874385,340
-7.6926,53.28823,2023/01/21 00:00:00+00,Sat 21 Jan 2023,74,26,0,3865016,3818761,241213,4106229,4059974,80.5106790302945,79.6037589684698,341
-7.6926,53.28823,2023/01/22 00:00:00+00,Sun 22 Jan 2023,21,13,0,3865037,3818774,241213,4106250,4059987,80.5110907765122,79.6040138589855,342
-7.6926,53.28823,2023/01/23 00:00:00+00,Mon 23 Jan 2023,4,1,0,3865041,3818775,241213,4106254,4059988,80.5111692043632,79.6040334659483,343
-7.6926,53.28823,2023/01/24 00:00:00+00,Tue 24 Jan 2023,16,13,0,3865057,3818788,241213,4106270,4060001,80.5114829157671,79.604288356464,344
-7.6926,53.28823,2023/01/25 00:00:00+00,Wed 25 Jan 2023,24,17,0,3865081,3818805,241213,4106294,4060018,80.511953482873,79.6046216748307,345
-7.6926,53.28823,2023/01/26 00:00:00+00,Thu 26 Jan 2023,12,12,0,3865093,3818817,241213,4106306,4060030,80.512188766426,79.6048569583836,346
-7.6926,53.28823,2023/01/27 00:00:00+00,Fri 27 Jan 2023,12,8,0,3865105,3818825,241213,4106318,4060038,80.5124240499789,79.6050138140856,347
-7.6926,53.28823,2023/01/28 00:00:00+00,Sat 28 Jan 2023,23,57,0,3865128,3818882,241213,4106341,4060095,80.5128750101221,79.6061314109621,348
-7.6926,53.28823,2023/01/29 00:00:00+00,Sun 29 Jan 2023,28,28,0,3865156,3818910,241213,4106369,4060123,80.513424005079,79.606680405919,349
-7.6926,53.28823,2023/01/30 00:00:00+00,Mon 30 Jan 2023,4,2,0,3865160,3818912,241213,4106373,4060125,80.51350243293,79.6067196198445,350
-7.6926,53.28823,2023/01/31 00:00:00+00,Tue 31 Jan 2023,23,15,0,3865183,3818927,241213,4106396,4060140,80.5139533930731,79.6070137242857,351
-7.6926,53.28823,2023/02/01 00:00:00+00,Wed 01 Feb 2023,14,37,0,3865197,3818964,241213,4106410,4060177,80.5142278905516,79.6077391819073,352
-7.6926,53.28823,2023/02/02 00:00:00+00,Thu 02 Feb 2023,13,12,0,3865210,3818976,241213,4106423,4060189,80.5144827810673,79.6079744654603,353
-7.6926,53.28823,2023/02/03 00:00:00+00,Fri 03 Feb 2023,14,10,0,3865224,3818986,241213,4106437,4060199,80.5147572785457,79.6081705350877,354
-7.6926,53.28823,2023/02/04 00:00:00+00,Sat 04 Feb 2023,38,44,0,3865262,3819030,241213,4106475,4060243,80.5155023431301,79.6090332414486,355
-7.6926,53.28823,2023/02/05 00:00:00+00,Sun 05 Feb 2023,29,22,0,3865291,3819052,241213,4106504,4060265,80.5160709450497,79.609464594629,356
-7.6926,53.28823,2023/02/06 00:00:00+00,Mon 06 Feb 2023,12,7,0,3865303,3819059,241213,4106516,4060272,80.5163062286027,79.6096018433682,357
-7.6926,53.28823,2023/02/07 00:00:00+00,Tue 07 Feb 2023,20,13,0,3865323,3819072,241213,4106536,4060285,80.5166983678576,79.6098567338839,358
-7.6926,53.28823,2023/02/08 00:00:00+00,Wed 08 Feb 2023,23,30,0,3865346,3819102,241213,4106559,4060315,80.5171493280008,79.6104449427663,359
-7.6926,53.28823,2023/02/09 00:00:00+00,Thu 09 Feb 2023,6,15,0,3865352,3819117,241213,4106565,4060330,80.5172669697772,79.6107390472075,360
-7.6926,53.28823,2023/02/10 00:00:00+00,Fri 10 Feb 2023,5,14,0,3865357,3819131,241213,4106570,4060344,80.517365004591,79.6110135446859,361
-7.6926,53.28823,2023/02/11 00:00:00+00,Sat 11 Feb 2023,34,47,0,3865391,3819178,241213,4106604,4060391,80.5180316413243,79.611935071935,362
-7.6926,53.28823,2023/02/12 00:00:00+00,Sun 12 Feb 2023,17,36,0,3865408,3819214,241213,4106621,4060427,80.518364959691,79.6126409225939,363
-7.6926,53.28823,2023/02/13 00:00:00+00,Mon 13 Feb 2023,1,1,0,3865409,3819215,241213,4106622,4060428,80.5183845666538,79.6126605295566,364
-7.6926,53.28823,2023/02/14 00:00:00+00,Tue 14 Feb 2023,12,22,0,3865421,3819237,241213,4106634,4060450,80.5186198502067,79.613091882737,365
-7.6926,53.28823,2023/02/15 00:00:00+00,Wed 15 Feb 2023,15,12,0,3865436,3819249,241213,4106649,4060462,80.5189139546479,79.61332716629,366
-7.6926,53.28823,2023/02/16 00:00:00+00,Thu 16 Feb 2023,13,11,0,3865449,3819260,241213,4106662,4060473,80.5191688451636,79.6135428428802,367
-7.6926,53.28823,2023/02/17 00:00:00+00,Fri 17 Feb 2023,4,12,0,3865453,3819272,241213,4106666,4060485,80.5192472730146,79.6137781264331,368
-7.6926,53.28823,2023/02/18 00:00:00+00,Sat 18 Feb 2023,21,43,0,3865474,3819315,241213,4106687,4060528,80.5196590192323,79.6146212258312,369
-7.6926,53.28823,2023/02/19 00:00:00+00,Sun 19 Feb 2023,22,31,0,3865496,3819346,241213,4106709,4060559,80.5200903724127,79.6152290416764,370
-7.6926,53.28823,2023/02/20 00:00:00+00,Mon 20 Feb 2023,3,0,0,3865499,3819346,241213,4106712,4060559,80.5201491933009,79.6152290416764,371
-7.6926,53.28823,2023/02/21 00:00:00+00,Tue 21 Feb 2023,52,16,0,3865551,3819362,241213,4106764,4060575,80.5211687553637,79.6155427530803,372
-7.6926,53.28823,2023/02/22 00:00:00+00,Wed 22 Feb 2023,21,16,0,3865572,3819378,241213,4106785,4060591,80.5215805015814,79.6158564644843,373
-7.6926,53.28823,2023/02/23 00:00:00+00,Thu 23 Feb 2023,21,10,0,3865593,3819388,241213,4106806,4060601,80.5219922477991,79.6160525341117,374
-7.6926,53.28823,2023/02/24 00:00:00+00,Fri 24 Feb 2023,13,12,0,3865606,3819400,241213,4106819,4060613,80.5222471383148,79.6162878176647,375
-7.6926,53.28823,2023/02/25 00:00:00+00,Sat 25 Feb 2023,49,19,0,3865655,3819419,241213,4106868,4060632,80.5232078794893,79.6166603499568,376
-7.6926,53.28823,2023/02/26 00:00:00+00,Sun 26 Feb 2023,78,41,0,3865733,3819460,241213,4106946,4060673,80.5247372225835,79.6174642354294,377
-7.6926,53.28823,2023/02/27 00:00:00+00,Mon 27 Feb 2023,1,2,0,3865734,3819462,241213,4106947,4060675,80.5247568295463,79.6175034493549,378
-7.6926,53.28823,2023/02/28 00:00:00+00,Tue 28 Feb 2023,32,11,0,3865766,3819473,241213,4106979,4060686,80.5253842523542,79.6177191259451,379
-7.6926,53.28823,2023/03/01 00:00:00+00,Wed 01 Mar 2023,20,18,0,3865786,3819491,241213,4106999,4060704,80.5257763916091,79.6180720512746,380
-7.6926,53.28823,2023/03/02 00:00:00+00,Thu 02 Mar 2023,20,14,0,3865806,3819505,241213,4107019,4060718,80.526168530864,79.618346548753,381
-7.6926,53.28823,2022/07/23 23:00:00+00,Sun 24 Jul 2022,108,230,0,3858207,3812057,241202,4099409,4053259,80.3769595443656,79.4720982136292,382
-7.6926,53.28823,2022/07/24 23:00:00+00,Mon 25 Jul 2022,14,23,0,3858221,3812080,241202,4099423,4053282,80.377234041844,79.4725491737724,383
-7.6926,53.28823,2021/05/01 23:00:00+00,Sun 02 May 2021,12485,915,16,1214706,484078,366,1215072,484444,23.8238714379296,9.49847546061167,384
-7.6926,53.28823,2022/07/25 23:00:00+00,Tue 26 Jul 2022,18,16,0,3858239,3812096,241202,4099441,4053298,80.3775869671734,79.4728628851763,385
-7.6926,53.28823,2022/07/26 23:00:00+00,Wed 27 Jul 2022,61,72,1,3858300,3812168,241203,4099503,4053371,80.3788025988637,79.4742941934568,386
-7.6926,53.28823,2022/07/27 23:00:00+00,Thu 28 Jul 2022,49,73,0,3858349,3812241,241203,4099552,4053444,80.3797633400383,79.4757255017373,387
-7.6926,53.28823,2021/09/03 23:00:00+00,Sat 04 Sep 2021,4634,10600,136,3527277,3250778,238455,3765732,3489233,73.8345670361076,68.4132614437509,388
-7.6926,53.28823,2022/07/28 23:00:00+00,Fri 29 Jul 2022,71,105,0,3858420,3812346,241203,4099623,4053549,80.3811554343932,79.4777842328256,389
-7.6926,53.28823,2022/07/29 23:00:00+00,Sat 30 Jul 2022,100,119,0,3858520,3812465,241203,4099723,4053668,80.3831161306679,79.4801174613924,390
-7.6926,53.28823,2022/07/30 23:00:00+00,Sun 31 Jul 2022,32,57,0,3858552,3812522,241203,4099755,4053725,80.3837435534757,79.481235058269,391
-7.6926,53.28823,2022/07/31 23:00:00+00,Mon 01 Aug 2022,10,15,0,3858562,3812537,241203,4099765,4053740,80.3839396231032,79.4815291627101,392
-7.6926,53.28823,2022/08/01 23:00:00+00,Tue 02 Aug 2022,36,30,0,3858598,3812567,241203,4099801,4053770,80.3846454737621,79.4821173715925,393
-7.6926,53.28823,2022/08/02 23:00:00+00,Wed 03 Aug 2022,93,139,0,3858691,3812706,241203,4099894,4053909,80.3864689212975,79.4848427394142,394
-7.6926,53.28823,2022/08/03 23:00:00+00,Thu 04 Aug 2022,46,53,0,3858737,3812759,241203,4099940,4053962,80.3873708415838,79.4858819084398,395
-7.6926,53.28823,2022/08/04 23:00:00+00,Fri 05 Aug 2022,96,91,0,3858833,3812850,241203,4100036,4054053,80.3892531100074,79.4876661420497,396
-7.6926,53.28823,2022/08/05 23:00:00+00,Sat 06 Aug 2022,74,130,0,3858907,3812980,241203,4100110,4054183,80.3907040252506,79.4902150472067,397
-7.6926,53.28823,2022/08/06 23:00:00+00,Sun 07 Aug 2022,28,80,0,3858935,3813060,241203,4100138,4054263,80.3912530202075,79.4917836042264,398
-7.6926,53.28823,2022/08/07 23:00:00+00,Mon 08 Aug 2022,11,16,0,3858946,3813076,241203,4100149,4054279,80.3914686967977,79.4920973156303,399
-7.6926,53.28823,2022/08/08 23:00:00+00,Tue 09 Aug 2022,48,41,0,3858994,3813117,241203,4100197,4054320,80.3924098310095,79.4929012011029,400
-7.6926,53.28823,2022/08/09 23:00:00+00,Wed 10 Aug 2022,55,94,1,3859049,3813211,241204,4100253,4054415,80.3935078209233,79.4947638625638,401
-7.6926,53.28823,2022/08/10 23:00:00+00,Thu 11 Aug 2022,45,42,0,3859094,3813253,241204,4100298,4054457,80.3943901342469,79.4955873549992,402
-7.6926,53.28823,2022/08/11 23:00:00+00,Fri 12 Aug 2022,69,75,0,3859163,3813328,241204,4100367,4054532,80.3957430146764,79.4970578772051,403
-7.6926,53.28823,2022/08/12 23:00:00+00,Sat 13 Aug 2022,103,151,0,3859266,3813479,241204,4100470,4054683,80.3977625318393,79.5000185285798,404
-7.6926,53.28823,2022/08/13 23:00:00+00,Sun 14 Aug 2022,17,26,0,3859283,3813505,241204,4100487,4054709,80.3980958502059,79.5005283096112,405
-7.6926,53.28823,2022/08/14 23:00:00+00,Mon 15 Aug 2022,7,11,0,3859290,3813516,241204,4100494,4054720,80.3982330989452,79.5007439862014,406
-7.6926,53.28823,2022/08/15 23:00:00+00,Tue 16 Aug 2022,41,28,0,3859331,3813544,241204,4100535,4054748,80.3990369844178,79.5012929811583,407
-7.6926,53.28823,2022/08/16 23:00:00+00,Wed 17 Aug 2022,51,58,0,3859382,3813602,241204,4100586,4054806,80.4000369395178,79.5024301849976,408
-7.6926,53.28823,2022/08/17 23:00:00+00,Thu 18 Aug 2022,55,40,0,3859437,3813642,241204,4100641,4054846,80.4011153224689,79.5032144635074,409
-7.6926,53.28823,2022/08/18 23:00:00+00,Fri 19 Aug 2022,74,56,0,3859511,3813698,241204,4100715,4054902,80.4025662377121,79.5043124534212,410
-7.6926,53.28823,2022/08/19 23:00:00+00,Sat 20 Aug 2022,109,127,0,3859620,3813825,241204,4100824,4055029,80.4047033966514,79.50680253769,411
-7.6926,53.28823,2022/08/20 23:00:00+00,Sun 21 Aug 2022,39,36,0,3859659,3813861,241204,4100863,4055065,80.4054680681985,79.5075083883488,412
-7.6926,53.28823,2022/08/21 23:00:00+00,Mon 22 Aug 2022,12,13,0,3859671,3813874,241204,4100875,4055078,80.4057033517515,79.5077632788645,413
-7.6926,53.28823,2022/08/22 23:00:00+00,Tue 23 Aug 2022,78,72,0,3859749,3813946,241204,4100953,4055150,80.4072326948457,79.5091749801823,414
-7.6926,53.28823,2022/08/23 23:00:00+00,Wed 24 Aug 2022,53,56,0,3859802,3814002,241204,4101006,4055206,80.4082718638712,79.5102729700961,415
-7.6926,53.28823,2022/08/24 23:00:00+00,Thu 25 Aug 2022,40,49,0,3859842,3814051,241204,4101046,4055255,80.409056142381,79.5112337112706,416
-7.6926,53.28823,2022/08/25 23:00:00+00,Fri 26 Aug 2022,99,90,0,3859941,3814141,241204,4101145,4055345,80.4109972316929,79.5129983379178,417
-7.6926,53.28823,2022/08/26 23:00:00+00,Sat 27 Aug 2022,86,119,0,3860027,3814260,241204,4101231,4055464,80.4126834304891,79.5153315664846,418
-7.6926,53.28823,2022/08/27 23:00:00+00,Sun 28 Aug 2022,44,21,0,3860071,3814281,241204,4101275,4055485,80.4135461368499,79.5157433127022,419
-7.6926,53.28823,2022/08/28 23:00:00+00,Mon 29 Aug 2022,13,12,0,3860084,3814293,241204,4101288,4055497,80.4138010273656,79.5159785962552,420
-7.6926,53.28823,2022/08/29 23:00:00+00,Tue 30 Aug 2022,42,44,1,3860126,3814337,241205,4101331,4055542,80.4146441267637,79.5168609095788,421
-7.6926,53.28823,2022/08/30 23:00:00+00,Wed 31 Aug 2022,28,29,0,3860154,3814366,241205,4101359,4055571,80.4151931217206,79.5174295114984,422
-7.6926,53.28823,2022/08/31 23:00:00+00,Thu 01 Sep 2022,34,31,0,3860188,3814397,241205,4101393,4055602,80.415859758454,79.5180373273435,423
-7.6926,53.28823,2022/09/01 23:00:00+00,Fri 02 Sep 2022,48,51,0,3860236,3814448,241205,4101441,4055653,80.4168008926658,79.5190372824436,424
-7.6926,53.28823,2022/09/02 23:00:00+00,Sat 03 Sep 2022,73,101,0,3860309,3814549,241205,4101514,4055754,80.4182322009463,79.521017585681,425
-7.6926,53.28823,2022/09/03 23:00:00+00,Sun 04 Sep 2022,58,82,0,3860367,3814631,241205,4101572,4055836,80.4193694047855,79.5226253566261,426
-7.6926,53.28823,2022/09/04 23:00:00+00,Mon 05 Sep 2022,9,5,0,3860376,3814636,241205,4101581,4055841,80.4195458674503,79.5227233914399,427
-7.6926,53.28823,2022/09/05 23:00:00+00,Tue 06 Sep 2022,42,22,0,3860418,3814658,241205,4101623,4055863,80.4203693598856,79.5231547446203,428
-7.6926,53.28823,2022/09/06 23:00:00+00,Wed 07 Sep 2022,48,42,0,3860466,3814700,241205,4101671,4055905,80.4213104940974,79.5239782370556,429
-7.6926,53.28823,2022/09/07 23:00:00+00,Thu 08 Sep 2022,39,52,2,3860505,3814752,241207,4101712,4055959,80.42211437957,79.5250370130439,430
-7.6926,53.28823,2022/09/08 23:00:00+00,Fri 09 Sep 2022,64,60,0,3860569,3814812,241207,4101776,4056019,80.4233692251858,79.5262134308087,431
-7.6926,53.28823,2022/09/09 23:00:00+00,Sat 10 Sep 2022,94,135,0,3860663,3814947,241207,4101870,4056154,80.4252122796839,79.5288603707794,432
-7.6926,53.28823,2022/09/10 23:00:00+00,Sun 11 Sep 2022,58,58,0,3860721,3815005,241207,4101928,4056212,80.4263494835232,79.5299975746187,433
-7.6926,53.28823,2022/09/11 23:00:00+00,Mon 12 Sep 2022,13,13,0,3860734,3815018,241207,4101941,4056225,80.4266043740389,79.5302524651344,434
-7.6926,53.28823,2022/09/12 23:00:00+00,Tue 13 Sep 2022,29,25,0,3860763,3815043,241207,4101970,4056250,80.4271729759585,79.5307426392031,435
-7.6926,53.28823,2022/09/13 23:00:00+00,Wed 14 Sep 2022,36,33,0,3860799,3815076,241207,4102006,4056283,80.4278788266174,79.5313896689737,436
-7.6926,53.28823,2022/09/14 23:00:00+00,Thu 15 Sep 2022,51,36,0,3860850,3815112,241207,4102057,4056319,80.4288787817174,79.5320955196325,437
-7.6926,53.28823,2022/09/15 23:00:00+00,Fri 16 Sep 2022,38,56,0,3860888,3815168,241207,4102095,4056375,80.4296238463018,79.5331935095463,438
-7.6926,53.28823,2022/09/16 23:00:00+00,Sat 17 Sep 2022,66,149,0,3860954,3815317,241207,4102161,4056524,80.430917905843,79.5361149469955,439
-7.6926,53.28823,2022/09/17 23:00:00+00,Sun 18 Sep 2022,30,53,0,3860984,3815370,241207,4102191,4056577,80.4315061147254,79.5371541160211,440
-7.6926,53.28823,2022/09/18 23:00:00+00,Mon 19 Sep 2022,11,11,0,3860995,3815381,241207,4102202,4056588,80.4317217913157,79.5373697926113,441
-7.6926,53.28823,2022/09/19 23:00:00+00,Tue 20 Sep 2022,39,37,0,3861034,3815418,241207,4102241,4056625,80.4324864628628,79.5380952502329,442
-7.6926,53.28823,2022/09/20 23:00:00+00,Wed 21 Sep 2022,42,32,0,3861076,3815450,241207,4102283,4056657,80.4333099552981,79.5387226730408,443
-7.6926,53.28823,2022/09/21 23:00:00+00,Thu 22 Sep 2022,59,34,0,3861135,3815484,241207,4102342,4056691,80.4344667661001,79.5393893097741,444
-7.6926,53.28823,2022/09/22 23:00:00+00,Fri 23 Sep 2022,38,39,0,3861173,3815523,241207,4102380,4056730,80.4352118306845,79.5401539813212,445
-7.6926,53.28823,2022/09/23 23:00:00+00,Sat 24 Sep 2022,56,104,0,3861229,3815627,241207,4102436,4056834,80.4363098205983,79.5421931054468,446
-7.6926,53.28823,2022/09/24 23:00:00+00,Sun 25 Sep 2022,42,75,0,3861271,3815702,241207,4102478,4056909,80.4371333130336,79.5436636276528,447
-7.6926,53.28823,2022/09/25 23:00:00+00,Mon 26 Sep 2022,23,10,0,3861294,3815712,241207,4102501,4056919,80.4375842731768,79.5438596972803,448
-7.6926,53.28823,2022/09/26 23:00:00+00,Tue 27 Sep 2022,28,33,2,3861322,3815745,241209,4102531,4056954,80.4381724820591,79.5445459409764,449
-7.6926,53.28823,2022/09/27 23:00:00+00,Wed 28 Sep 2022,28,28,0,3861350,3815773,241209,4102559,4056982,80.438721477016,79.5450949359333,450
-7.6926,53.28823,2022/09/28 23:00:00+00,Thu 29 Sep 2022,30,23,0,3861380,3815796,241209,4102589,4057005,80.4393096858984,79.5455458960764,451
-7.6926,53.28823,2022/09/29 23:00:00+00,Fri 30 Sep 2022,37,58,0,3861417,3815854,241209,4102626,4057063,80.44003514352,79.5466830999157,452
-7.6926,53.28823,2022/09/30 23:00:00+00,Sat 01 Oct 2022,51,105,0,3861468,3815959,241209,4102677,4057168,80.4410350986201,79.5487418310041,453
-7.6926,53.28823,2022/10/01 23:00:00+00,Sun 02 Oct 2022,26,47,0,3861494,3816006,241209,4102703,4057215,80.4415448796515,79.5496633582531,454
-7.6926,53.28823,2022/10/02 23:00:00+00,Mon 03 Oct 2022,10,1,0,3861504,3816007,241209,4102713,4057216,80.4417409492789,79.5496829652159,455
-7.6926,53.28823,2022/10/03 23:00:00+00,Tue 04 Oct 2022,17,17,0,3861521,3816024,241209,4102730,4057233,80.4420742676456,79.5500162835826,456
-7.6926,53.28823,2022/10/04 23:00:00+00,Wed 05 Oct 2022,36,37,0,3861557,3816061,241209,4102766,4057270,80.4427801183045,79.5507417412042,457
-7.6926,53.28823,2022/10/05 23:00:00+00,Thu 06 Oct 2022,46,27,0,3861603,3816088,241209,4102812,4057297,80.4436820385908,79.5512711291983,458
-7.6926,53.28823,2022/10/06 23:00:00+00,Fri 07 Oct 2022,63,40,0,3861666,3816128,241209,4102875,4057337,80.4449172772438,79.5520554077082,459
-7.6926,53.28823,2022/10/07 23:00:00+00,Sat 08 Oct 2022,97,102,0,3861763,3816230,241209,4102972,4057439,80.4468191526302,79.5540553179083,460
-7.6926,53.28823,2022/10/08 23:00:00+00,Sun 09 Oct 2022,37,29,0,3861800,3816259,241209,4103009,4057468,80.4475446102518,79.5546239198279,461
-7.6926,53.28823,2022/10/09 23:00:00+00,Mon 10 Oct 2022,6,3,0,3861806,3816262,241209,4103015,4057471,80.4476622520283,79.5546827407162,462
-7.6926,53.28823,2022/10/10 23:00:00+00,Tue 11 Oct 2022,41,16,0,3861847,3816278,241209,4103056,4057487,80.4484661375009,79.5549964521201,463
-7.6926,53.28823,2022/10/11 23:00:00+00,Wed 12 Oct 2022,38,36,0,3861885,3816314,241209,4103094,4057523,80.4492112020852,79.555702302779,464
-7.6926,53.28823,2022/10/12 23:00:00+00,Thu 13 Oct 2022,54,29,0,3861939,3816343,241209,4103148,4057552,80.4502699780735,79.5562709046986,465
-7.6926,53.28823,2022/10/13 23:00:00+00,Fri 14 Oct 2022,76,21,0,3862015,3816364,241209,4103224,4057573,80.4517601072422,79.5566826509163,466
-7.6926,53.28823,2022/10/14 23:00:00+00,Sat 15 Oct 2022,93,120,0,3862108,3816484,241209,4103317,4057693,80.4535835547776,79.5590354864458,467
-7.6926,53.28823,2022/10/15 23:00:00+00,Sun 16 Oct 2022,26,37,1,3862134,3816521,241210,4103344,4057731,80.4541129427718,79.5597805510302,468
-7.6926,53.28823,2022/10/16 23:00:00+00,Mon 17 Oct 2022,26,3,0,3862160,3816524,241210,4103370,4057734,80.4546227238032,79.5598393719184,469
-7.6926,53.28823,2022/10/17 23:00:00+00,Tue 18 Oct 2022,56,17,0,3862216,3816541,241210,4103426,4057751,80.455720713717,79.5601726902851,470
-7.6926,53.28823,2022/10/18 23:00:00+00,Wed 19 Oct 2022,51,40,0,3862267,3816581,241210,4103477,4057791,80.456720668817,79.5609569687949,471
-7.6926,53.28823,2022/10/19 23:00:00+00,Thu 20 Oct 2022,56,10,0,3862323,3816591,241210,4103533,4057801,80.4578186587308,79.5611530384224,472
-7.6926,53.28823,2022/10/20 23:00:00+00,Fri 21 Oct 2022,41,21,0,3862364,3816612,241210,4103574,4057822,80.4586225442034,79.5615647846401,473
-7.6926,53.28823,2022/10/21 23:00:00+00,Sat 22 Oct 2022,88,58,0,3862452,3816670,241210,4103662,4057880,80.4603479569251,79.5627019884793,474
-7.6926,53.28823,2022/10/22 23:00:00+00,Sun 23 Oct 2022,79,48,0,3862531,3816718,241210,4103741,4057928,80.461896906982,79.5636431226911,475
-7.6926,53.28823,2022/10/23 23:00:00+00,Mon 24 Oct 2022,27,4,0,3862558,3816722,241210,4103768,4057932,80.4624262949762,79.5637215505421,476
-7.6926,53.28823,2022/10/24 23:00:00+00,Tue 25 Oct 2022,36,22,0,3862594,3816744,241210,4103804,4057954,80.463132145635,79.5641529037226,477
-7.6926,53.28823,2022/10/25 23:00:00+00,Wed 26 Oct 2022,24,23,0,3862618,3816767,241210,4103828,4057977,80.4636027127409,79.5646038638657,478
-7.6926,53.28823,2022/10/26 23:00:00+00,Thu 27 Oct 2022,50,35,0,3862668,3816802,241210,4103878,4058012,80.4645830608783,79.5652901075618,479
-7.6926,53.28823,2022/10/27 23:00:00+00,Fri 28 Oct 2022,22,19,0,3862690,3816821,241210,4103900,4058031,80.4650144140587,79.565662639854,480
-7.6926,53.28823,2022/10/28 23:00:00+00,Sat 29 Oct 2022,87,64,0,3862777,3816885,241210,4103987,4058095,80.4667202198176,79.5669174854698,481
-7.6926,53.28823,2022/10/29 23:00:00+00,Sun 30 Oct 2022,11,6,0,3862788,3816891,241210,4103998,4058101,80.4669358964078,79.5670351272462,482
-7.6926,53.28823,2022/11/01 00:00:00+00,Tue 01 Nov 2022,43,25,0,3862831,3816916,241210,4104041,4058126,80.4677789958059,79.5675253013149,483
-7.6926,53.28823,2022/11/02 00:00:00+00,Wed 02 Nov 2022,62,13,0,3862893,3816929,241210,4104103,4058139,80.4689946274961,79.5677801918306,484
-7.6926,53.28823,2022/11/03 00:00:00+00,Thu 03 Nov 2022,45,28,0,3862938,3816957,241210,4104148,4058167,80.4698769408197,79.5683291867875,485
-7.6926,53.28823,2022/11/04 00:00:00+00,Fri 04 Nov 2022,33,22,0,3862971,3816979,241210,4104181,4058189,80.4705239705903,79.5687605399679,486
-7.6926,53.28823,2022/11/05 00:00:00+00,Sat 05 Nov 2022,35,54,0,3863006,3817033,241210,4104216,4058243,80.4712102142865,79.5698193159562,487
-7.6926,53.28823,2022/11/06 00:00:00+00,Sun 06 Nov 2022,56,78,0,3863062,3817111,241210,4104272,4058321,80.4723082042002,79.5713486590504,488
-7.6926,53.28823,2021/12/03 00:00:00+00,Fri 03 Dec 2021,1016,1208,2,3670827,3607971,241102,3911929,3849073,76.7010461687113,75.4686309183372,489
-7.6926,53.28823,2021/12/04 00:00:00+00,Sat 04 Dec 2021,1205,1707,3,3672032,3609678,241105,3913137,3850783,76.7247313797086,75.5021588246332,490
-7.6926,53.28823,2021/12/05 00:00:00+00,Sun 05 Dec 2021,1349,1779,2,3673381,3611457,241107,3914488,3852564,76.7512203863787,75.5370788252841,491
-7.6926,53.28823,2021/09/04 23:00:00+00,Sun 05 Sep 2021,5310,11914,1,3532587,3262692,238456,3771043,3501148,73.9386996152526,68.6468784048716,492
-7.6926,53.28823,2021/12/06 00:00:00+00,Mon 06 Dec 2021,940,1306,0,3674321,3612763,241107,3915428,3853870,76.7696509313601,75.5626855186306,493
-7.6926,53.28823,2021/09/05 23:00:00+00,Mon 06 Sep 2021,2174,9714,76,3534761,3272406,238532,3773293,3510938,73.9828152814315,68.8388305701567,494
-7.6926,53.28823,2021/05/02 23:00:00+00,Mon 03 May 2021,14284,941,21,1228990,485019,387,1229377,485406,24.1043490400137,9.5173373587735,495
-7.6926,53.28823,2021/12/07 00:00:00+00,Tue 07 Dec 2021,487,753,2,3674808,3613516,241109,3915917,3854625,76.779238736143,75.577488775504,496
-7.6926,53.28823,2021/09/06 23:00:00+00,Tue 07 Sep 2021,3042,10049,162,3537803,3282455,238694,3776497,3521149,74.0456359900703,69.039037266758,497
-7.6926,53.28823,2021/05/03 23:00:00+00,Tue 04 May 2021,26684,6813,11,1255674,491832,398,1256072,492230,24.627756910523,9.65113527255345,498
-7.6926,53.28823,2021/12/08 00:00:00+00,Wed 08 Dec 2021,798,1528,2,3675606,3615044,241111,3916717,3856155,76.79492430634,75.6074874285057,499
-7.6926,53.28823,2021/09/07 23:00:00+00,Wed 08 Sep 2021,2616,14828,191,3540419,3297283,238885,3779304,3536168,74.1006727344988,69.3335142402429,500
-7.6926,53.28823,2021/05/04 23:00:00+00,Wed 05 May 2021,32155,13474,70,1287829,505306,468,1288297,505774,25.2595912850188,9.91669197598774,501
-7.6926,53.28823,2021/12/09 00:00:00+00,Thu 09 Dec 2021,787,1217,1,3676393,3616261,241112,3917505,3857373,76.810374592984,75.6313687091305,502
-7.6926,53.28823,2021/09/08 23:00:00+00,Thu 09 Sep 2021,3132,14845,138,3543551,3312128,239023,3782574,3551151,74.1647875026788,69.627285363069,503
-7.6926,53.28823,2021/05/05 23:00:00+00,Thu 06 May 2021,37316,14388,133,1325145,519694,601,1325746,520295,25.9938524329006,10.2014046820251,504
-7.6926,53.28823,2021/12/10 00:00:00+00,Fri 10 Dec 2021,895,1623,1,3677288,3617884,241113,3918401,3858997,76.8279424316045,75.6632104166303,505
-7.6926,53.28823,2021/09/09 23:00:00+00,Fri 10 Sep 2021,3398,13963,116,3546949,3326091,239139,3786088,3565230,74.2336863697689,69.9033317915725,506
-7.6926,53.28823,2021/05/06 23:00:00+00,Fri 07 May 2021,40615,15102,99,1365760,534796,700,1366460,535496,26.7921303141486,10.4994501227298,507
-7.6926,53.28823,2021/12/11 00:00:00+00,Sat 11 Dec 2021,645,851,2,3677933,3618735,241115,3919048,3859850,76.8406281365013,75.6799351558528,508
-7.6926,53.28823,2021/09/10 23:00:00+00,Sat 11 Sep 2021,2567,11353,62,3549516,3337444,239201,3788717,3576645,74.2852330748286,70.1271452713202,509
-7.6926,53.28823,2021/05/07 23:00:00+00,Sat 08 May 2021,25647,7072,10,1391407,541868,710,1392117,542578,27.2951861573274,10.6383066328982,510
-7.6926,53.28823,2021/12/12 00:00:00+00,Sun 12 Dec 2021,686,1193,0,3678619,3619928,241115,3919734,3861043,76.8540785129452,75.703326262409,511
-7.6926,53.28823,2021/09/11 23:00:00+00,Sun 12 Sep 2021,2045,12889,1,3551561,3350333,239202,3790763,3589535,74.3253489206073,70.3798790211185,512
-7.6926,53.28823,2021/05/08 23:00:00+00,Sun 09 May 2021,19687,936,5,1411094,542804,715,1411809,543519,27.6812864677253,10.6567567848424,513
-7.6926,53.28823,2021/12/13 00:00:00+00,Mon 13 Dec 2021,725,1073,1,3679344,3621001,241116,3920460,3862117,76.8683131678989,75.7243841403984,514
-7.6926,53.28823,2021/09/12 23:00:00+00,Mon 13 Sep 2021,1627,7765,52,3553188,3358098,239254,3792442,3597352,74.3582690110581,70.5331466489054,515
-7.6926,53.28823,2021/05/09 23:00:00+00,Mon 10 May 2021,28868,4667,172,1439962,547471,887,1440849,548358,28.2506726658744,10.7516348775712,516
-7.6926,53.28823,2021/12/14 00:00:00+00,Tue 14 Dec 2021,631,1206,3,3679975,3622207,241119,3921094,3863326,76.88074398228,75.7480889583585,517
-7.6926,53.28823,2021/09/13 23:00:00+00,Tue 14 Sep 2021,1559,10807,82,3554747,3368905,239336,3794083,3608241,74.3904440369246,70.7466468662486,518
-7.6926,53.28823,2021/05/10 23:00:00+00,Tue 11 May 2021,33933,14827,153,1473895,562298,1040,1474935,563338,28.9189955980408,11.045347179509,519
-7.6926,53.28823,2021/12/15 00:00:00+00,Wed 15 Dec 2021,793,1260,1,3680768,3623467,241120,3921888,3864587,76.8963119107005,75.7728133383815,520
-7.6926,53.28823,2021/09/14 23:00:00+00,Wed 15 Sep 2021,3296,12393,138,3558043,3381298,239474,3797517,3620772,74.457774346995,70.992341716421,521
-7.6926,53.28823,2021/05/11 23:00:00+00,Wed 12 May 2021,31318,20940,176,1505213,583238,1216,1506429,584454,29.5364972827691,11.4593678048574,522
-7.6926,53.28823,2021/12/16 00:00:00+00,Thu 16 Dec 2021,1048,1553,8,3681816,3625020,241128,3922944,3866148,76.9170168633605,75.8034198072283,523
-7.6926,53.28823,2021/09/15 23:00:00+00,Thu 16 Sep 2021,1922,10591,116,3559965,3391889,239590,3799555,3631479,74.4977333370717,71.2022734665443,524
-7.6926,53.28823,2021/05/12 23:00:00+00,Thu 13 May 2021,36022,25490,153,1541235,608728,1369,1542604,610097,30.2457791601122,11.9621491505577,525
-7.6926,53.28823,2021/12/17 00:00:00+00,Fri 17 Dec 2021,1199,2461,2,3683015,3627481,241130,3924145,3868611,76.9405648256186,75.8517117564721,526
-7.6926,53.28823,2021/09/16 23:00:00+00,Fri 17 Sep 2021,2567,14634,95,3562532,3406523,239685,3802217,3646208,74.5499270719021,71.4910644208329,527
-7.6926,53.28823,2021/05/13 23:00:00+00,Fri 14 May 2021,38248,27960,237,1579483,636688,1606,1581089,638294,31.0003531213991,12.5150066791119,528
-7.6926,53.28823,2021/12/18 00:00:00+00,Sat 18 Dec 2021,1252,1185,0,3684267,3628666,241130,3925397,3869796,76.9651127429768,75.8749460073263,529
-7.6926,53.28823,2021/09/17 23:00:00+00,Sat 18 Sep 2021,2292,11248,48,3564824,3417771,239733,3804557,3657504,74.5958073647281,71.7125446720137,530
-7.6926,53.28823,2021/09/18 23:00:00+00,Sun 19 Sep 2021,1866,8500,16,3566690,3426271,239749,3806439,3666020,74.6327076686164,71.8795175667602,531
-7.6926,53.28823,2021/09/19 23:00:00+00,Mon 20 Sep 2021,968,5649,35,3567658,3431920,239784,3807442,3671704,74.6523734522509,71.9909635430095,532
-7.6926,53.28823,2021/09/20 23:00:00+00,Tue 21 Sep 2021,1480,6695,90,3569138,3438615,239874,3809012,3678489,74.6831563837624,72.1239967852424,533
-7.6926,53.28823,2021/09/21 23:00:00+00,Wed 22 Sep 2021,1904,8174,97,3571042,3446789,239971,3811013,3686760,74.7223899162175,72.2861659741161,534
-7.6926,53.28823,2021/09/22 23:00:00+00,Thu 23 Sep 2021,1693,8745,89,3572735,3455534,240060,3812795,3695594,74.7573295238312,72.4593738830158,535
-7.6926,53.28823,2021/09/23 23:00:00+00,Fri 24 Sep 2021,1917,7410,81,3574652,3462944,240141,3814793,3703085,74.7965042353981,72.6062496409475,536
-7.6926,53.28823,2021/09/24 23:00:00+00,Sat 25 Sep 2021,2426,6622,53,3577078,3469566,240194,3817272,3709760,74.8451098960458,72.7371261172783,537
-7.6926,53.28823,2021/09/25 23:00:00+00,Sun 26 Sep 2021,1550,7103,0,3578628,3476669,240194,3818822,3716863,74.8755006883024,72.8763943736644,538
-7.6926,53.28823,2021/09/26 23:00:00+00,Mon 27 Sep 2021,1182,3847,45,3579810,3480516,240239,3820049,3720755,74.899558431592,72.9527046726725,539
-7.6926,53.28823,2021/09/27 23:00:00+00,Tue 28 Sep 2021,1458,5164,94,3581268,3485680,240333,3821601,3726013,74.9299884377741,73.055798082792,540
-7.6926,53.28823,2021/09/28 23:00:00+00,Wed 29 Sep 2021,1656,3644,80,3582924,3489324,240413,3823337,3729737,74.9640261251014,73.1288144120587,541
-7.6926,53.28823,2021/09/29 23:00:00+00,Thu 30 Sep 2021,1279,4004,79,3584203,3493328,240492,3824695,3733820,74.9906523805108,73.2088696409514,542
-7.6926,53.28823,2021/09/30 23:00:00+00,Fri 01 Oct 2021,1875,5216,42,3586078,3498544,240534,3826612,3739078,75.0282389280952,73.3119630510708,543
-7.6926,53.28823,2021/10/01 23:00:00+00,Sat 02 Oct 2021,1684,4113,41,3587762,3502657,240575,3828337,3743232,75.0620609388324,73.3934103743185,544
-7.6926,53.28823,2021/10/02 23:00:00+00,Sun 03 Oct 2021,1197,3026,9,3588959,3505683,240584,3829543,3746267,75.0857069359043,73.4529175062531,545
-7.6926,53.28823,2021/10/03 23:00:00+00,Mon 04 Oct 2021,351,1246,18,3589310,3506929,240602,3829912,3747531,75.0929419051576,73.4777007071643,546
-7.6926,53.28823,2021/10/04 23:00:00+00,Tue 05 Oct 2021,961,2847,70,3590271,3509776,240672,3830943,3750448,75.1131566837489,73.5348942174949,547
-7.6926,53.28823,2021/10/05 23:00:00+00,Wed 06 Oct 2021,974,2587,40,3591245,3512363,240712,3831957,3753075,75.1330381439735,73.5864017086292,548
-7.6926,53.28823,2021/10/06 23:00:00+00,Thu 07 Oct 2021,1214,2725,44,3592459,3515088,240756,3833215,3755844,75.1577037031082,73.6406933884733,549
-7.6926,53.28823,2021/10/07 23:00:00+00,Fri 08 Oct 2021,916,2767,48,3593375,3517855,240804,3834179,3758659,75.1766048151956,73.6958869886038,550
-7.6926,53.28823,2021/10/08 23:00:00+00,Sat 09 Oct 2021,725,2374,23,3594100,3520229,240827,3834927,3761056,75.1912708233297,73.7428848783064,551
-7.6926,53.28823,2021/10/09 23:00:00+00,Sun 10 Oct 2021,1521,3931,3,3595621,3524160,240830,3836451,3764990,75.2211518345549,73.8200186697499,552
-7.6926,53.28823,2021/10/10 23:00:00+00,Mon 11 Oct 2021,335,1151,20,3595956,3525311,240850,3836806,3766161,75.2281123063298,73.8429784231257,553
-7.6926,53.28823,2021/10/11 23:00:00+00,Tue 12 Oct 2021,563,1634,21,3596519,3526945,240871,3837390,3767816,75.2395627725735,73.8754279464706,554
-7.6926,53.28823,2021/10/12 23:00:00+00,Wed 13 Oct 2021,991,2090,11,3597510,3529035,240882,3838392,3769917,75.2592089492452,73.9166221752004,555
-7.6926,53.28823,2021/10/13 23:00:00+00,Thu 14 Oct 2021,656,1623,9,3598166,3530658,240891,3839057,3771549,75.2722475794714,73.9486207384021,556
-7.6926,53.28823,2021/10/14 23:00:00+00,Fri 15 Oct 2021,958,2093,10,3599124,3532751,240901,3840025,3773652,75.2912271194097,73.9898541810574,557
-7.6926,53.28823,2021/10/15 23:00:00+00,Sat 16 Oct 2021,1384,2667,14,3600508,3535418,240915,3841423,3776333,75.3186376533289,74.0424204481799,558
-7.6926,53.28823,2021/10/16 23:00:00+00,Sun 17 Oct 2021,1709,2894,3,3602217,3538312,240918,3843135,3779230,75.3522047735504,74.0992218192556,559
-7.6926,53.28823,2021/10/17 23:00:00+00,Mon 18 Oct 2021,681,1268,6,3602898,3539580,240924,3843822,3780504,75.365674756957,74.1242010897942,560
-7.6926,53.28823,2021/10/18 23:00:00+00,Tue 19 Oct 2021,1343,1820,13,3604241,3541400,240937,3845178,3782337,75.3922617984408,74.1601406525079,561
-7.6926,53.28823,2021/10/19 23:00:00+00,Wed 20 Oct 2021,2264,2354,1,3606505,3543754,240938,3847443,3784692,75.4366715690609,74.2063150497752,562
-7.6926,53.28823,2021/10/20 23:00:00+00,Thu 21 Oct 2021,1732,1867,11,3608237,3545621,240949,3849186,3786570,75.4708465051275,74.2431369258125,563
-7.6926,53.28823,2021/10/21 23:00:00+00,Fri 22 Oct 2021,1509,1946,3,3609746,3547567,240952,3850698,3788519,75.5004922327997,74.2813508962049,564
-7.6926,53.28823,2021/10/22 23:00:00+00,Sat 23 Oct 2021,2019,1716,1,3611765,3549283,240953,3852718,3790236,75.540098297547,74.3150160512401,565
-7.6926,53.28823,2021/10/23 23:00:00+00,Sun 24 Oct 2021,1960,2194,2,3613725,3551477,240955,3854680,3792432,75.578567158455,74.3580729414307,566
-7.6926,53.28823,2021/10/24 23:00:00+00,Mon 25 Oct 2021,1242,870,2,3614967,3552347,240957,3855924,3793304,75.6029582201113,74.3751702129453,567
-7.6926,53.28823,2021/10/25 23:00:00+00,Tue 26 Oct 2021,1247,1245,6,3616214,3553592,240963,3857177,3794555,75.6275257444323,74.3996985233408,568
-7.6926,53.28823,2021/10/26 23:00:00+00,Wed 27 Oct 2021,1569,1441,6,3617783,3555033,240969,3858752,3796002,75.6584067107575,74.4280697984345,569
-7.6926,53.28823,2021/10/27 23:00:00+00,Thu 28 Oct 2021,2162,1714,5,3619945,3556747,240974,3860919,3797721,75.7008949990285,74.4617741673952,570
-7.6926,53.28823,2021/10/28 23:00:00+00,Fri 29 Oct 2021,2148,1388,3,3622093,3558135,240977,3863070,3799112,75.7430695758955,74.4890474525752,571
-7.6926,53.28823,2021/10/29 23:00:00+00,Sat 30 Oct 2021,2021,1464,1,3624114,3559599,240978,3865092,3800577,75.7827148545683,74.5177716529983,572
-7.6926,53.28823,2021/10/30 23:00:00+00,Sun 31 Oct 2021,1601,1321,0,3625715,3560920,240978,3866693,3801898,75.8141056019249,74.543672450786,573
-7.6926,53.28823,2021/11/01 00:00:00+00,Mon 01 Nov 2021,297,307,2,3626012,3561227,240980,3866992,3802207,75.819968083786,74.5497310022746,574
-7.6926,53.28823,2021/11/02 00:00:00+00,Tue 02 Nov 2021,1100,1101,10,3627112,3562328,240990,3868102,3803318,75.8417318124343,74.5715143378856,575
-7.6926,53.28823,2021/11/03 00:00:00+00,Wed 03 Nov 2021,2540,1889,7,3629652,3564217,240997,3870649,3805214,75.8916707465488,74.6086891392524,576
-7.6926,53.28823,2021/11/04 00:00:00+00,Thu 04 Nov 2021,1539,1298,2,3631191,3565515,240999,3872190,3806514,75.9218850761407,74.6341781908224,577
-7.6926,53.28823,2021/11/05 00:00:00+00,Fri 05 Nov 2021,1630,1110,4,3632821,3566625,241003,3873824,3807628,75.953922853268,74.6560203473217,578
-7.6926,53.28823,2021/11/06 00:00:00+00,Sat 06 Nov 2021,1825,1366,6,3634646,3567991,241009,3875655,3809000,75.9898232020562,74.6829211002094,579
-7.6926,53.28823,2021/11/07 00:00:00+00,Sun 07 Nov 2021,698,775,0,3635344,3568766,241009,3876353,3809775,76.0035088620531,74.6981164963377,580
-7.6926,53.28823,2021/11/08 00:00:00+00,Mon 08 Nov 2021,520,541,4,3635864,3569307,241013,3876877,3810320,76.0137829105321,74.7088022910344,581
-7.6926,53.28823,2021/11/09 00:00:00+00,Tue 09 Nov 2021,1375,1077,4,3637239,3570384,241017,3878256,3811401,76.040820912159,74.729997417763,582
-7.6926,53.28823,2021/11/10 00:00:00+00,Wed 10 Nov 2021,1604,1371,2,3638843,3571755,241019,3879862,3812774,76.0723096943294,74.7569177776135,583
-7.6926,53.28823,2021/11/11 00:00:00+00,Thu 11 Nov 2021,1395,1129,2,3640238,3572884,241021,3881259,3813905,76.0997006212858,74.7790932524794,584
-7.6926,53.28823,2021/11/12 00:00:00+00,Fri 12 Nov 2021,1145,1162,6,3641383,3574046,241027,3882410,3815073,76.1222682354067,74.801994184967,585
-7.6926,53.28823,2021/11/13 00:00:00+00,Sat 13 Nov 2021,1397,1386,0,3642780,3575432,241027,3883807,3816459,76.1496591623631,74.8291694353332,586
-7.6926,53.28823,2021/11/14 00:00:00+00,Sun 14 Nov 2021,1648,1808,1,3644428,3577240,241028,3885456,3818268,76.1819910439315,74.864638430941,587
-7.6926,53.28823,2021/11/15 00:00:00+00,Mon 15 Nov 2021,1244,600,1,3645672,3577840,241029,3886701,3818869,76.2064017125506,74.8764222155515,588
-7.6926,53.28823,2021/11/16 00:00:00+00,Tue 16 Nov 2021,1321,1086,5,3646993,3578926,241034,3888027,3819960,76.232400545152,74.8978134119076,589
-7.6926,53.28823,2021/11/17 00:00:00+00,Wed 17 Nov 2021,1504,1129,3,3648497,3580055,241037,3889534,3821092,76.2619482380105,74.9200084937363,590
-7.6926,53.28823,2021/11/18 00:00:00+00,Thu 18 Nov 2021,1641,2521,5,3650138,3582576,241042,3891180,3823618,76.2942212986907,74.9695356816331,591
-7.6926,53.28823,2021/11/19 00:00:00+00,Fri 19 Nov 2021,1166,1567,0,3651304,3584143,241042,3892346,3825185,76.3170830172528,75.0002597922564,592
-7.6926,53.28823,2021/11/20 00:00:00+00,Sat 20 Nov 2021,1547,2954,12,3652851,3587097,241054,3893905,3828151,76.3476502721741,75.0584140437616,593
-7.6926,53.28823,2021/11/21 00:00:00+00,Sun 21 Nov 2021,1790,2772,0,3654641,3589869,241054,3895695,3830923,76.3827467354897,75.112764544494,594
-7.6926,53.28823,2021/11/22 00:00:00+00,Mon 22 Nov 2021,724,522,3,3655365,3590391,241057,3896422,3831448,76.3970009974062,75.1230581999357,595
-7.6926,53.28823,2021/11/23 00:00:00+00,Tue 23 Nov 2021,2160,1604,8,3657525,3591995,241065,3898590,3833060,76.4395088926399,75.1546646238826,596
-7.6926,53.28823,2021/11/24 00:00:00+00,Wed 24 Nov 2021,1615,3155,2,3659140,3595150,241067,3900207,3836217,76.4712133514005,75.2165638052723,597
-7.6926,53.28823,2021/11/25 00:00:00+00,Thu 25 Nov 2021,982,1193,2,3660122,3596343,241069,3901191,3837412,76.4905066027427,75.239994125754,598
-7.6926,53.28823,2021/11/26 00:00:00+00,Fri 26 Nov 2021,1279,1116,12,3661401,3597459,241081,3902482,3838540,76.5158191916481,75.2621107797317,599
-7.6926,53.28823,2021/11/27 00:00:00+00,Sat 27 Nov 2021,1200,1569,6,3662601,3599028,241087,3903688,3840115,76.53946518872,75.2929917460569,600
-7.6926,53.28823,2021/11/28 00:00:00+00,Sun 28 Nov 2021,1962,2263,1,3664563,3601291,241088,3905651,3842379,76.5779536565907,75.3373819097143,601
-7.6926,53.28823,2021/11/29 00:00:00+00,Mon 29 Nov 2021,537,1005,2,3665100,3602296,241090,3906190,3843386,76.5885218095109,75.3571261211997,602
-7.6926,53.28823,2021/11/30 00:00:00+00,Tue 30 Nov 2021,1899,1656,6,3666999,3603952,241096,3908095,3845048,76.6258730735424,75.3897128932838,603
-7.6926,53.28823,2021/12/01 00:00:00+00,Wed 01 Dec 2021,1075,1392,4,3668074,3605344,241100,3909174,3846444,76.6470289863455,75.4170842132775,604
-7.6926,53.28823,2021/12/19 00:00:00+00,Sun 19 Dec 2021,554,894,3,3684821,3629560,241133,3925954,3870693,76.9760338212265,75.8925334529097,605
-7.6926,53.28823,2021/12/20 00:00:00+00,Mon 20 Dec 2021,516,624,1,3685337,3630184,241134,3926471,3871318,76.9861706209662,75.904787804626,606
-7.6926,53.28823,2021/12/21 00:00:00+00,Tue 21 Dec 2021,1406,1825,3,3686743,3632009,241137,3927880,3873146,77.0137968314756,75.940629332526,607
-7.6926,53.28823,2021/05/14 23:00:00+00,Sat 15 May 2021,28894,12471,22,1608377,649159,1628,1610005,650787,31.5673080561677,12.7599564646999,608
-7.6926,53.28823,2021/12/22 00:00:00+00,Wed 22 Dec 2021,1170,1606,2,3687913,3633615,241139,3929052,3874754,77.0367761918141,75.9721573286219,609
-7.6926,53.28823,2021/05/15 23:00:00+00,Sun 16 May 2021,23199,1188,11,1631576,650347,1639,1633215,651986,32.0223856615066,12.7834652130326,610
-7.6926,53.28823,2021/12/23 00:00:00+00,Thu 23 Dec 2021,932,1405,0,3688845,3635020,241139,3929984,3876159,77.0550498810936,75.9997051112803,611
-7.6926,53.28823,2021/05/16 23:00:00+00,Mon 17 May 2021,35410,3967,120,1666986,654314,1759,1668745,656073,32.7190210478784,12.8635988697762,612
-7.6926,53.28823,2021/12/24 00:00:00+00,Fri 24 Dec 2021,101,165,0,3688946,3635185,241139,3930085,3876324,77.0570301843309,76.0029402601334,613
-7.6926,53.28823,2021/05/17 23:00:00+00,Tue 18 May 2021,39047,12518,127,1706033,666832,1886,1707919,668718,33.4871042064974,13.1115289137017,614
-7.6926,53.28823,2021/12/25 00:00:00+00,Sat 25 Dec 2021,2,7,0,3688948,3635192,241139,3930087,3876331,77.0570693982564,76.0030775088726,615
-7.6926,53.28823,2021/05/18 23:00:00+00,Wed 19 May 2021,37055,17621,212,1743088,684453,2098,1745186,686551,34.2177968871594,13.4611798803544,616
-7.6926,53.28823,2021/12/26 00:00:00+00,Sun 26 Dec 2021,12,13,0,3688960,3635205,241139,3930099,3876344,77.0573046818094,76.0033323993883,617
-7.6926,53.28823,2021/05/19 23:00:00+00,Thu 20 May 2021,39119,19647,138,1782207,704100,2236,1784443,706336,34.9875074236863,13.8491036382876,618
-7.6926,53.28823,2021/12/27 00:00:00+00,Mon 27 Dec 2021,393,591,0,3689353,3635796,241139,3930492,3876935,77.0650102181686,76.0149201143713,619
-7.6926,53.28823,2021/05/20 23:00:00+00,Fri 21 May 2021,25865,23270,14937,1808072,727370,17173,1825245,744543,35.787510717656,14.598226863931,620
-7.6926,53.28823,2021/12/28 00:00:00+00,Tue 28 Dec 2021,469,752,0,3689822,3636548,241139,3930961,3877687,77.0742058836966,76.0296645503565,621
-7.6926,53.28823,2021/05/21 23:00:00+00,Sat 22 May 2021,16617,10264,13524,1824689,737634,30697,1855386,768331,36.3784841817887,15.0646372937372,622
-7.6926,53.28823,2021/12/29 00:00:00+00,Wed 29 Dec 2021,1059,1318,0,3690881,3637866,241139,3932020,3879005,77.0949696572448,76.0555065272559,623
-7.6926,53.28823,2021/05/22 23:00:00+00,Sun 23 May 2021,8239,5544,10205,1832928,743178,40902,1873830,784080,36.7401150026793,15.3734273500268,624
-7.6926,53.28823,2021/12/30 00:00:00+00,Thu 30 Dec 2021,1051,1204,1,3691932,3639070,241140,3933072,3880210,77.1155961820538,76.0791329173651,625
-7.6926,53.28823,2021/12/31 00:00:00+00,Fri 31 Dec 2021,716,1682,0,3692648,3640752,241140,3933788,3881892,77.1296347673801,76.1121118287042,626
-7.6926,53.28823,2022/01/01 00:00:00+00,Sat 01 Jan 2022,71,101,0,3692719,3640853,241140,3933859,3881993,77.131026861735,76.1140921319415,627
-7.6926,53.28823,2022/01/02 00:00:00+00,Sun 02 Jan 2022,271,629,0,3692990,3641482,241140,3934130,3882622,77.1363403486392,76.1264249115089,628
-7.6926,53.28823,2022/01/03 00:00:00+00,Mon 03 Jan 2022,3634,730,1,3696624,3642212,241141,3937765,3883353,77.2076116582216,76.1407576012763,629
-7.6926,53.28823,2022/01/04 00:00:00+00,Tue 04 Jan 2022,1190,790,1,3697814,3643002,241142,3938956,3884144,77.2309635508523,76.1562667088086,630
-7.6926,53.28823,2022/01/05 00:00:00+00,Wed 05 Jan 2022,2139,917,0,3699953,3643919,241142,3941095,3885061,77.2729028441664,76.1742462936468,631
-7.6926,53.28823,2022/01/06 00:00:00+00,Thu 06 Jan 2022,2454,1699,1,3702407,3645618,241143,3943550,3886761,77.3210379377083,76.2075781303153,632
-7.6926,53.28823,2022/01/07 00:00:00+00,Fri 07 Jan 2022,4856,785,2,3707263,3646403,241145,3948408,3887548,77.4162885627292,76.2230088099966,633
-7.6926,53.28823,2022/01/08 00:00:00+00,Sat 08 Jan 2022,9789,746,2,3717052,3647149,241147,3958199,3888296,77.6082603349771,76.2376748181307,634
-7.6926,53.28823,2022/01/09 00:00:00+00,Sun 09 Jan 2022,7116,667,0,3724168,3647816,241147,3965315,3888963,77.747783481879,76.2507526622824,635
-7.6926,53.28823,2022/01/10 00:00:00+00,Mon 10 Jan 2022,6668,512,1,3730836,3648328,241148,3971984,3889476,77.8785423164332,76.2608110341712,636
-7.6926,53.28823,2022/01/11 00:00:00+00,Tue 11 Jan 2022,4780,1372,1,3735616,3649700,241149,3976765,3890849,77.9722832053227,76.2877313940217,637
-7.6926,53.28823,2022/01/12 00:00:00+00,Wed 12 Jan 2022,7560,929,1,3743176,3650629,241150,3984326,3891779,78.1205314506466,76.3059658693757,638
-7.6926,53.28823,2022/01/13 00:00:00+00,Thu 13 Jan 2022,7322,819,0,3750498,3651448,241150,3991648,3892598,78.2640936318742,76.3220239718648,639
-7.6926,53.28823,2022/01/14 00:00:00+00,Fri 14 Jan 2022,10725,839,0,3761223,3652287,241150,4002373,3893437,78.474378307327,76.3384742136088,640
-7.6926,53.28823,2022/01/15 00:00:00+00,Sat 15 Jan 2022,8363,654,2,3769586,3652941,241152,4010738,3894093,78.6383905506988,76.3513363811703,641
-7.6926,53.28823,2022/01/16 00:00:00+00,Sun 16 Jan 2022,6965,1216,1,3776551,3654157,241153,4017704,3895310,78.7749726531887,76.3751980548324,642
-7.6926,53.28823,2022/01/17 00:00:00+00,Mon 17 Jan 2022,2565,564,0,3779116,3654721,241153,4020269,3895874,78.8252645126327,76.3862563818213,643
-7.6926,53.28823,2022/01/18 00:00:00+00,Tue 18 Jan 2022,4056,455,3,3783172,3655176,241156,4024328,3896332,78.9048491744194,76.395236370759,644
-7.6926,53.28823,2022/01/19 00:00:00+00,Wed 19 Jan 2022,3487,625,0,3786659,3655801,241156,4027815,3896957,78.9732186535154,76.4074907224754,645
-7.6926,53.28823,2022/01/20 00:00:00+00,Thu 20 Jan 2022,3698,940,1,3790357,3656741,241157,4031514,3897898,79.0457448087135,76.4259408744196,646
-7.6926,53.28823,2022/01/21 00:00:00+00,Fri 21 Jan 2022,3253,977,0,3793610,3657718,241157,4034767,3898875,79.1095262585268,76.4450968770226,647
-7.6926,53.28823,2022/01/22 00:00:00+00,Sat 22 Jan 2022,4274,645,0,3797884,3658363,241157,4039041,3899520,79.193326417304,76.4577433679939,648
-7.6926,53.28823,2022/01/23 00:00:00+00,Sun 23 Jan 2022,3094,680,0,3800978,3659043,241157,4042135,3900200,79.2539903600407,76.4710761026613,649
-7.6926,53.28823,2022/01/24 00:00:00+00,Mon 24 Jan 2022,646,469,0,3801624,3659512,241157,4042781,3900669,79.2666564579747,76.4802717681892,650
-7.6926,53.28823,2022/01/25 00:00:00+00,Tue 25 Jan 2022,692,1838,1,3802316,3661350,241158,4043474,3902508,79.2802440831578,76.5163289726795,651
-7.6926,53.28823,2022/01/26 00:00:00+00,Wed 26 Jan 2022,700,898,0,3803016,3662248,241158,4044174,3903406,79.2939689570802,76.5339360252255,652
-7.6926,53.28823,2022/01/27 00:00:00+00,Thu 27 Jan 2022,1278,1178,0,3804294,3663426,241158,4045452,3904584,79.3190266554698,76.5570330273405,653
-7.6926,53.28823,2022/01/28 00:00:00+00,Fri 28 Jan 2022,1031,3096,1,3805325,3666522,241159,4046484,3907681,79.3392610410238,76.6177557909655,654
-7.6926,53.28823,2022/01/29 00:00:00+00,Sat 29 Jan 2022,2330,3446,0,3807655,3669968,241159,4048814,3911127,79.3849452642225,76.6853213845888,655
-7.6926,53.28823,2022/01/30 00:00:00+00,Sun 30 Jan 2022,1639,7538,0,3809294,3677506,241159,4050453,3918665,79.4170810761634,76.8331186697695,656
-7.6926,53.28823,2022/01/31 00:00:00+00,Mon 31 Jan 2022,483,1397,0,3809777,3678903,241159,4050936,3920062,79.4265512391699,76.8605095967259,657
-7.6926,53.28823,2022/02/01 00:00:00+00,Tue 01 Feb 2022,751,3422,1,3810528,3682325,241160,4051688,3923485,79.441295675155,76.9276242302061,658
-7.6926,53.28823,2022/02/02 00:00:00+00,Wed 02 Feb 2022,653,2999,0,3811181,3685324,241160,4052341,3926484,79.4540990218282,76.9864255114819,659
-7.6926,53.28823,2022/02/03 00:00:00+00,Thu 03 Feb 2022,908,2436,1,3812089,3687760,241161,4053250,3928921,79.4719217509645,77.0342076796944,660
-7.6926,53.28823,2022/02/04 00:00:00+00,Fri 04 Feb 2022,1173,6524,0,3813262,3694284,241161,4054423,3935445,79.4949207182658,77.1621235046505,661
-7.6926,53.28823,2022/02/05 00:00:00+00,Sat 05 Feb 2022,1777,5750,0,3815039,3700034,241161,4056200,3941195,79.5297622910658,77.274863540441,662
-7.6926,53.28823,2022/02/06 00:00:00+00,Sun 06 Feb 2022,1407,7556,0,3816446,3707590,241161,4057607,3948751,79.5573492876496,77.4230137509512,663
-7.6926,53.28823,2022/02/07 00:00:00+00,Mon 07 Feb 2022,443,1352,0,3816889,3708942,241161,4058050,3950103,79.5660351721462,77.449522364584,664
-7.6926,53.28823,2022/02/08 00:00:00+00,Tue 08 Feb 2022,900,1239,0,3817789,3710181,241161,4058950,3951342,79.5836814386178,77.4738153914265,665
-7.6926,53.28823,2022/02/09 00:00:00+00,Wed 09 Feb 2022,1335,1785,0,3819124,3711966,241161,4060285,3953127,79.6098567338839,77.5088138199285,666
-7.6926,53.28823,2022/02/10 00:00:00+00,Thu 10 Feb 2022,687,2555,1,3819811,3714521,241162,4060973,3955683,79.6233463242533,77.5589292167077,667
-7.6926,53.28823,2022/02/11 00:00:00+00,Fri 11 Feb 2022,546,4927,0,3820357,3719448,241162,4061519,3960610,79.6340517259127,77.6555327221582,668
-7.6926,53.28823,2022/02/12 00:00:00+00,Sat 12 Feb 2022,1397,5463,0,3821754,3724911,241162,4062916,3966073,79.6614426528691,77.7626455596405,669
-7.6926,53.28823,2022/02/13 00:00:00+00,Sun 13 Feb 2022,1566,4706,0,3823320,3729617,241162,4064482,3970779,79.6921471565296,77.8549159263241,670
-7.6926,53.28823,2022/02/14 00:00:00+00,Mon 14 Feb 2022,175,954,0,3823495,3730571,241162,4064657,3971733,79.6955783750102,77.873620968784,671
-7.6926,53.28823,2022/02/15 00:00:00+00,Tue 15 Feb 2022,650,817,1,3824145,3731388,241163,4065308,3972551,79.708342507758,77.8896594643103,672
-7.6926,53.28823,2022/02/16 00:00:00+00,Wed 16 Feb 2022,799,1787,0,3824944,3733175,241163,4066107,3974338,79.7240084709922,77.9246971067378,673
-7.6926,53.28823,2022/02/17 00:00:00+00,Thu 17 Feb 2022,791,1194,2,3825735,3734369,241165,4066900,3975534,79.7395567924499,77.9481470341822,674
-7.6926,53.28823,2022/02/18 00:00:00+00,Fri 18 Feb 2022,792,3296,0,3826527,3737665,241165,4067692,3978830,79.7550855069449,78.0127715833936,675
-7.6926,53.28823,2022/02/19 00:00:00+00,Sat 19 Feb 2022,980,3556,0,3827507,3741221,241165,4068672,3982386,79.7743003304361,78.082493942919,676
-7.6926,53.28823,2022/02/20 00:00:00+00,Sun 20 Feb 2022,1365,3588,0,3828872,3744809,241165,4070037,3985974,79.8010638345847,78.1528437252523,677
-7.6926,53.28823,2022/02/21 00:00:00+00,Mon 21 Feb 2022,255,997,1,3829127,3745806,241166,4070293,3986972,79.8060832170477,78.172411474073,678
-7.6926,53.28823,2022/02/22 00:00:00+00,Tue 22 Feb 2022,476,987,1,3829603,3746793,241167,4070770,3987960,79.8154357382776,78.1917831532663,679
-7.6926,53.28823,2022/02/23 00:00:00+00,Wed 23 Feb 2022,829,1273,1,3830432,3748066,241168,4071600,3989234,79.831709517357,78.2167624238049,680
-7.6926,53.28823,2022/02/24 00:00:00+00,Thu 24 Feb 2022,653,1237,0,3831085,3749303,241168,4072253,3990471,79.8445128640302,78.2410162367219,681
-7.6926,53.28823,2022/02/25 00:00:00+00,Fri 25 Feb 2022,693,1228,0,3831778,3750531,241168,4072946,3991699,79.8581004892133,78.2650935869742,682
-7.6926,53.28823,2022/02/26 00:00:00+00,Sat 26 Feb 2022,960,2093,0,3832738,3752624,241168,4073906,3993792,79.8769231734497,78.306130960002,683
-7.6926,53.28823,2022/02/27 00:00:00+00,Sun 27 Feb 2022,671,1783,0,3833409,3754407,241168,4074577,3995575,79.8900794454524,78.3410901745784,684
-7.6926,53.28823,2022/02/28 00:00:00+00,Mon 28 Feb 2022,81,437,0,3833490,3754844,241168,4074658,3996012,79.8916676094348,78.3496584172985,685
-7.6926,53.28823,2022/03/01 00:00:00+00,Tue 01 Mar 2022,134,938,0,3833624,3755782,241168,4074792,3996950,79.8942949424428,78.3680497483544,686
-7.6926,53.28823,2022/03/02 00:00:00+00,Wed 02 Mar 2022,207,997,2,3833831,3756779,241170,4075001,3997949,79.8983927976567,78.3876371041379,687
-7.6926,53.28823,2022/03/03 00:00:00+00,Thu 03 Mar 2022,279,1278,0,3834110,3758057,241170,4075280,3999227,79.9038631402629,78.4126948025275,688
-7.6926,53.28823,2022/03/04 00:00:00+00,Fri 04 Mar 2022,735,1508,1,3834845,3759565,241171,4076016,4000736,79.9182938648441,78.4422817093115,689
-7.6926,53.28823,2022/03/05 00:00:00+00,Sat 05 Mar 2022,963,3343,0,3835808,3762908,241171,4076979,4004079,79.9371753699687,78.507827785772,690
-7.6926,53.28823,2022/03/06 00:00:00+00,Sun 06 Mar 2022,455,1916,0,3836263,3764824,241171,4077434,4005995,79.9460965380182,78.5453947263937,691
-7.6926,53.28823,2022/03/07 00:00:00+00,Mon 07 Mar 2022,116,125,1,3836379,3764949,241172,4077551,4006121,79.9483905526595,78.5478652036997,692
-7.6926,53.28823,2022/03/08 00:00:00+00,Tue 08 Mar 2022,120,493,0,3836499,3765442,241172,4077671,4006614,79.950743388189,78.5575314363335,693
-7.6926,53.28823,2022/03/09 00:00:00+00,Wed 09 Mar 2022,130,344,1,3836629,3765786,241173,4077802,4006959,79.9533119003088,78.564295838481,694
-7.6926,53.28823,2022/03/10 00:00:00+00,Thu 10 Mar 2022,259,508,0,3836888,3766294,241173,4078061,4007467,79.9583901036601,78.574256175556,695
-7.6926,53.28823,2022/03/11 00:00:00+00,Fri 11 Mar 2022,493,2183,0,3837381,3768477,241173,4078554,4009650,79.9680563362939,78.617058175231,696
-7.6926,53.28823,2022/03/12 00:00:00+00,Sat 12 Mar 2022,473,2393,2,3837854,3770870,241175,4079029,4012045,79.9773696435984,78.6640168510081,697
-7.6926,53.28823,2022/03/13 00:00:00+00,Sun 13 Mar 2022,358,1082,0,3838212,3771952,241175,4079387,4013127,79.9843889362615,78.6852315846994,698
-7.6926,53.28823,2022/03/14 00:00:00+00,Mon 14 Mar 2022,109,123,0,3838321,3772075,241175,4079496,4013250,79.9865260952008,78.6876432411172,699
-7.6926,53.28823,2022/03/15 00:00:00+00,Tue 15 Mar 2022,222,755,1,3838543,3772830,241176,4079719,4014006,79.9908984478932,78.7024661049533,700
-7.6926,53.28823,2022/03/16 00:00:00+00,Wed 16 Mar 2022,195,799,0,3838738,3773629,241176,4079914,4014805,79.9947218056287,78.7181320681875,701
-7.6926,53.28823,2022/03/17 00:00:00+00,Thu 17 Mar 2022,1,3,0,3838739,3773632,241176,4079915,4014808,79.9947414125915,78.7181908890758,702
-7.6926,53.28823,2022/03/18 00:00:00+00,Fri 18 Mar 2022,4,7,0,3838743,3773639,241176,4079919,4014815,79.9948198404425,78.718328137815,703
-7.6926,53.28823,2022/03/19 00:00:00+00,Sat 19 Mar 2022,743,2779,0,3839486,3776418,241176,4080662,4017594,80.0093878137629,78.7728158872866,704
-7.6926,53.28823,2022/03/20 00:00:00+00,Sun 20 Mar 2022,395,1402,0,3839881,3777820,241176,4081057,4018996,80.0171325640476,78.8003048490568,705
-7.6926,53.28823,2022/03/21 00:00:00+00,Mon 21 Mar 2022,57,112,0,3839938,3777932,241176,4081114,4019108,80.0182501609241,78.8025008288843,706
-7.6926,53.28823,2022/03/22 00:00:00+00,Tue 22 Mar 2022,141,575,0,3840079,3778507,241176,4081255,4019683,80.0210147426714,78.8137748324634,707
-7.6926,53.28823,2022/03/23 00:00:00+00,Wed 23 Mar 2022,102,221,0,3840181,3778728,241176,4081357,4019904,80.0230146528715,78.8181079712303,708
-7.6926,53.28823,2022/03/24 00:00:00+00,Thu 24 Mar 2022,147,245,0,3840328,3778973,241176,4081504,4020149,80.0258968763952,78.8229116771031,709
-7.6926,53.28823,2021/05/23 23:00:00+00,Mon 24 May 2021,22574,8253,8453,1855502,751431,49355,1904857,800786,37.3484602358051,15.7009812696646,710
-7.6926,53.28823,2021/05/24 23:00:00+00,Tue 25 May 2021,30382,16532,3225,1885884,767963,52580,1938464,820543,38.0073914328161,16.0883560326409,711
-7.6926,53.28823,2021/05/25 23:00:00+00,Wed 26 May 2021,20006,25492,3055,1905890,793455,55635,1961525,849090,38.4595476007058,16.6480759981562,712
-7.6926,53.28823,2021/05/26 23:00:00+00,Thu 27 May 2021,17044,36070,550,1922934,829525,56185,1979119,885710,38.8045125032621,17.3660829739214,713
-7.6926,53.28823,2021/05/27 23:00:00+00,Fri 28 May 2021,27067,31852,1562,1950001,861377,57747,2007748,919124,39.3658402397226,18.0212300271223,714
-7.6926,53.28823,2021/05/28 23:00:00+00,Sat 29 May 2021,24515,7408,538,1974516,868785,58285,2032801,927070,39.8570534774027,18.1770269531035,715
-7.6926,53.28823,2021/05/29 23:00:00+00,Sun 30 May 2021,24276,1696,210,1998792,870481,58495,2057287,928976,40.3371495672057,18.2143978240977,716
-7.6926,53.28823,2021/05/30 23:00:00+00,Mon 31 May 2021,22619,7324,3445,2021411,877805,61940,2083351,939745,40.8481854442222,18.4255452059113,717
-7.6926,53.28823,2021/05/31 23:00:00+00,Tue 01 Jun 2021,27644,11543,3657,2049055,889348,65597,2114652,954945,41.4619029851405,18.7235710396533,718
-7.6926,53.28823,2021/06/01 23:00:00+00,Wed 02 Jun 2021,18734,20925,4010,2067789,910273,69607,2137396,979880,41.9078437458396,19.2124706557294,719
-7.6926,53.28823,2021/06/02 23:00:00+00,Thu 03 Jun 2021,16725,30720,1978,2084514,940993,71585,2156099,1012578,42.2745527700815,19.8535791236041,720
-7.6926,53.28823,2021/06/03 23:00:00+00,Fri 04 Jun 2021,29030,23356,155,2113544,964349,71740,2185284,1036089,42.8467819778288,20.3145584247296,721
-7.6926,53.28823,2021/06/04 23:00:00+00,Sat 05 Jun 2021,20994,11514,37,2134538,975863,71777,2206315,1047640,43.2591360113438,20.5410384514107,722
-7.6926,53.28823,2021/06/05 23:00:00+00,Sun 06 Jun 2021,19974,3927,47,2154512,979790,71824,2226336,1051614,43.6516870124851,20.618956521364,723
-7.6926,53.28823,2021/06/06 23:00:00+00,Mon 07 Jun 2021,19861,4616,48,2174373,984406,71872,2246245,1056278,44.0420420337989,20.7104033956122,724
-7.6926,53.28823,2021/06/07 23:00:00+00,Tue 08 Jun 2021,26444,18358,48,2200817,1002764,71920,2272737,1074684,44.5614696908707,21.0712891519185,725
-7.6926,53.28823,2021/06/08 23:00:00+00,Wed 09 Jun 2021,32849,20142,178,2233666,1022906,72098,2305764,1095004,45.2090288494889,21.4697026349209,726
-7.6926,53.28823,2021/06/09 23:00:00+00,Thu 10 Jun 2021,27726,27516,273,2261392,1050422,72371,2333763,1122793,45.7580041994193,22.0145605226746,727
-7.6926,53.28823,2021/06/10 23:00:00+00,Fri 11 Jun 2021,26484,32920,44,2287876,1083342,72415,2360291,1155757,46.27813770715,22.6608844426397,728
-7.6926,53.28823,2021/06/11 23:00:00+00,Sat 12 Jun 2021,12243,19741,105,2300119,1103083,72520,2372639,1175603,46.5202444831399,23.0500042253005,729
-7.6926,53.28823,2021/06/12 23:00:00+00,Sun 13 Jun 2021,8566,18186,835,2308685,1121269,73355,2382040,1194624,46.7045695399167,23.4229482636956,730
-7.6926,53.28823,2021/06/13 23:00:00+00,Mon 14 Jun 2021,16050,31328,55,2324735,1152597,73410,2398145,1226007,47.020339674944,24.0382735755591,731
-7.6926,53.28823,2021/06/14 23:00:00+00,Tue 15 Jun 2021,14741,41609,207,2339476,1194206,73617,2413093,1267823,47.3134245540739,24.8581583297534,732
-7.6926,53.28823,2021/06/15 23:00:00+00,Wed 16 Jun 2021,13507,48411,220,2352983,1242617,73837,2426820,1316454,47.5825693316908,25.811664535063,733
-7.6926,53.28823,2021/06/16 23:00:00+00,Thu 17 Jun 2021,21605,42712,536,2374588,1285329,74373,2448961,1359702,48.016687093854,26.6596264599099,734
-7.6926,53.28823,2021/06/17 23:00:00+00,Fri 18 Jun 2021,12037,50043,555,2386625,1335372,74928,2461553,1410300,48.2635779687539,27.6516995609413,735
-7.6926,53.28823,2021/06/18 23:00:00+00,Sat 19 Jun 2021,6349,32828,434,2392974,1368200,75362,2468336,1443562,48.3965719970613,28.3038663558048,736
-7.6926,53.28823,2021/06/19 23:00:00+00,Sun 20 Jun 2021,8540,26157,178,2401514,1394357,75540,2477054,1469897,48.5675054982825,28.8202157197255,737
-7.6926,53.28823,2021/06/20 23:00:00+00,Mon 21 Jun 2021,15516,32365,575,2417030,1426722,76115,2493145,1502837,48.8830011358313,29.4660690725848,738
-7.6926,53.28823,2021/06/21 23:00:00+00,Tue 22 Jun 2021,15172,43577,723,2432202,1470299,76838,2509040,1547137,49.1946538086819,30.3346575222407,739
-7.6926,53.28823,2021/06/22 23:00:00+00,Wed 23 Jun 2021,20109,39415,887,2452311,1509714,77725,2530036,1587439,49.6063215985008,31.1248573348373,740
-7.6926,53.28823,2021/06/23 23:00:00+00,Thu 24 Jun 2021,19056,44287,1033,2471367,1554001,78758,2550125,1632759,50.0002058731088,32.0134448864943,741
-7.6926,53.28823,2021/06/24 23:00:00+00,Fri 25 Jun 2021,15236,50142,844,2486603,1604143,79602,2566205,1683745,50.3154858340675,33.0131254890712,742
-7.6926,53.28823,2021/06/25 23:00:00+00,Sat 26 Jun 2021,9094,30595,513,2495697,1634738,80115,2575812,1714853,50.50384992517,33.6230588861794,743
-7.6926,53.28823,2021/06/26 23:00:00+00,Sun 27 Jun 2021,8749,30497,59,2504446,1665235,80174,2584620,1745409,50.6765480530384,34.2221692398518,744
-7.6926,53.28823,2021/06/27 23:00:00+00,Mon 28 Jun 2021,24259,24682,528,2528705,1689917,80702,2609407,1770619,51.162545838628,34.716460770683,745
-7.6926,53.28823,2021/06/28 23:00:00+00,Tue 29 Jun 2021,28168,31075,812,2556873,1720992,81514,2638387,1802506,51.7307556190124,35.3416679917706,746
-7.6926,53.28823,2021/06/29 23:00:00+00,Wed 30 Jun 2021,22614,36902,593,2579487,1757894,82107,2661594,1840001,52.1857744034631,36.0768310599387,747
-7.6926,53.28823,2021/06/30 23:00:00+00,Thu 01 Jul 2021,15075,48339,644,2594562,1806233,82751,2677313,1888984,52.4939762508703,37.0372389161349,748
-7.6926,53.28823,2021/07/01 23:00:00+00,Fri 02 Jul 2021,13713,47301,819,2608275,1853534,83570,2691845,1937104,52.7789046334978,37.9807259634812,749
-7.6926,53.28823,2021/07/02 23:00:00+00,Sat 03 Jul 2021,9337,30504,507,2617612,1884038,84077,2701689,1968115,52.9719155747713,38.5887574852031,750
-7.6926,53.28823,2021/07/03 23:00:00+00,Sun 04 Jul 2021,6469,27797,233,2624081,1911835,84310,2708391,1996145,53.1033214390962,39.1383406509786,751
-7.6926,53.28823,2021/07/04 23:00:00+00,Mon 05 Jul 2021,15653,33495,5344,2639734,1945330,89654,2729388,2034984,53.5150088358778,39.8998554770776,752
-7.6926,53.28823,2021/07/05 23:00:00+00,Tue 06 Jul 2021,12423,48321,5491,2652157,1993651,95145,2747302,2088796,53.8662479665129,40.9549453563752,753
-7.6926,53.28823,2021/07/06 23:00:00+00,Wed 07 Jul 2021,19728,43790,5060,2671885,2037441,100205,2772090,2137646,54.3522653590653,41.9127454865262,754
-7.6926,53.28823,2021/07/07 23:00:00+00,Thu 08 Jul 2021,17812,45631,6003,2689697,2083072,106208,2795905,2189280,54.8192051768656,42.9251314009626,755
-7.6926,53.28823,2021/07/08 23:00:00+00,Fri 09 Jul 2021,13539,45123,6534,2703236,2128195,112742,2815978,2240937,55.2127757400697,43.9379682755421,756
-7.6926,53.28823,2021/07/09 23:00:00+00,Sat 10 Jul 2021,8665,23900,4365,2711901,2152095,117107,2829008,2269202,55.4682544646525,44.492159077563,757
-7.6926,53.28823,2021/07/10 23:00:00+00,Sun 11 Jul 2021,15250,16136,2153,2727151,2168231,119260,2846411,2287491,55.8094744373243,44.8507508192279,758
-7.6926,53.28823,2021/07/11 23:00:00+00,Mon 12 Jul 2021,17137,31790,6095,2744288,2200021,125355,2869643,2325376,56.2649833958436,45.5935606028671,759
-7.6926,53.28823,2021/07/12 23:00:00+00,Tue 13 Jul 2021,20127,36600,8490,2764415,2236621,133845,2898260,2370466,56.8260758487511,46.4776385530924,760
-7.6926,53.28823,2021/07/13 23:00:00+00,Wed 14 Jul 2021,20810,35745,9335,2785225,2272366,143180,2928405,2415546,57.4171277407348,47.3615204336903,761
-7.6926,53.28823,2021/07/14 23:00:00+00,Thu 15 Jul 2021,23680,28870,9588,2808905,2301236,152768,2961673,2454004,58.0694121773748,48.115565006983,762
-7.6926,53.28823,2021/07/15 23:00:00+00,Fri 16 Jul 2021,23536,27457,9169,2832441,2328693,161937,2994378,2490630,58.7106578939887,48.8336896245247,763
-7.6926,53.28823,2021/07/16 23:00:00+00,Sat 17 Jul 2021,11524,19459,4681,2843965,2348152,166618,3010583,2514770,59.0283887252906,49.3070017052176,764
-7.6926,53.28823,2021/07/17 23:00:00+00,Sun 18 Jul 2021,16879,15842,1934,2860844,2363994,168552,3029396,2532546,59.3972545154345,49.6555350749937,765
-7.6926,53.28823,2021/07/18 23:00:00+00,Mon 19 Jul 2021,24926,18473,6254,2885770,2382467,174806,3060576,2557273,60.0085996138605,50.1403564428185,766
-7.6926,53.28823,2021/07/19 23:00:00+00,Tue 20 Jul 2021,30617,18212,7699,2916387,2400679,182505,3098892,2583184,60.7598599984432,50.6483924545349,767
-7.6926,53.28823,2021/07/20 23:00:00+00,Wed 21 Jul 2021,30387,19867,6895,2946774,2420546,189400,3136174,2609946,61.4908467835464,51.1731139915482,768
-7.6926,53.28823,2021/07/21 23:00:00+00,Thu 22 Jul 2021,33563,15952,6938,2980337,2436498,196338,3176675,2632836,62.2849483817295,51.6219173688083,769
-7.6926,53.28823,2021/07/22 23:00:00+00,Fri 23 Jul 2021,27108,20871,5616,3007445,2457369,201954,3209399,2659323,62.9265666306356,52.1412469910665,770
-7.6926,53.28823,2021/07/23 23:00:00+00,Sat 24 Jul 2021,15459,14834,2277,3022904,2472203,204231,3227135,2676434,63.2743157219019,52.4767417306164,771
-7.6926,53.28823,2021/07/24 23:00:00+00,Sun 25 Jul 2021,14746,13663,1046,3037650,2485866,205277,3242927,2691143,63.5839488775896,52.76514054565,772
-7.6926,53.28823,2021/07/25 23:00:00+00,Mon 26 Jul 2021,23872,18339,3422,3061522,2504205,208699,3270221,2712904,64.1191013187839,53.1918076619697,773
-7.6926,53.28823,2021/07/26 23:00:00+00,Tue 27 Jul 2021,25540,23938,3672,3087062,2528143,212371,3299433,2740514,64.6918599145254,53.7331559033918,774
-7.6926,53.28823,2021/07/27 23:00:00+00,Wed 28 Jul 2021,23458,25321,3265,3110520,2553464,215636,3326156,2769100,65.2158167799916,54.2936405404542,775
-7.6926,53.28823,2021/07/28 23:00:00+00,Thu 29 Jul 2021,19305,27900,2966,3129825,2581364,218602,3348427,2799966,65.6524834473119,54.8988290525778,776
-7.6926,53.28823,2021/07/29 23:00:00+00,Fri 30 Jul 2021,21978,22975,2125,3151803,2604339,220727,3372530,2825066,66.1250700703831,55.390963817507,777
-7.6926,53.28823,2021/07/30 23:00:00+00,Sat 31 Jul 2021,13769,12513,907,3165572,2616852,221634,3387206,2838486,66.4128218556461,55.6540892575608,778
-7.6926,53.28823,2021/07/31 23:00:00+00,Sun 01 Aug 2021,11166,9367,369,3176738,2626219,222003,3398741,2848222,66.6389881709233,55.8449826468576,779
-7.6926,53.28823,2021/08/01 23:00:00+00,Mon 02 Aug 2021,15045,16071,431,3191783,2642290,222434,3414217,2864724,66.9424255263832,56.1685367460951,780
-7.6926,53.28823,2021/08/02 23:00:00+00,Tue 03 Aug 2021,17366,25471,1111,3209149,2667761,223545,3432694,2891306,67.3047033770444,56.6897290298142,781
-7.6926,53.28823,2021/08/03 23:00:00+00,Wed 04 Aug 2021,22147,17343,1576,3231296,2685104,225121,3456417,2910225,67.7698393542721,57.0606731580092,782
-7.6926,53.28823,2021/08/04 23:00:00+00,Thu 05 Aug 2021,13560,30082,1421,3244856,2715186,226542,3471398,2941728,68.0635712631727,57.6783513054022,783
-7.6926,53.28823,2021/08/05 23:00:00+00,Fri 06 Aug 2021,12240,24776,949,3257096,2739962,227491,3484587,2967453,68.3221674948321,58.1827404220477,784
-7.6926,53.28823,2021/08/06 23:00:00+00,Sat 07 Aug 2021,6351,8489,585,3263447,2748451,228076,3491523,2976527,68.4581613884396,58.3606540020066,785
-7.6926,53.28823,2021/08/07 23:00:00+00,Sun 08 Aug 2021,8636,12006,153,3272083,2760457,228229,3500312,2988686,68.6304869840158,58.5990550620374,786
-7.6926,53.28823,2021/08/08 23:00:00+00,Mon 09 Aug 2021,5574,23059,601,3277657,2783516,228830,3506487,3012346,68.7515599789735,59.0629558006121,787
-7.6926,53.28823,2021/08/09 23:00:00+00,Tue 10 Aug 2021,9387,26043,718,3287044,2809559,229548,3516592,3039107,68.9496883375237,59.5876577306627,788
