X,Y,VaccinationDate,VaccineText,Dose1,Dose2,SingleDose,Dose1Cum,Dose2Cum,SingleDoseCum,PartiallyVacc,FullyVacc,PartialPercent,FullyPercent,ObjectId
-7.6926,53.28823,2020/12/28 00:00:00+00,Mon 28 Dec 2020,136,17,6,136,17,6,142,23,0.0033585508468042,0.000543990630116173,1
-7.6926,53.28823,2020/12/29 00:00:00+00,Tue 29 Dec 2020,70,1,0,206,18,6,212,24,0.00501417450367951,0.000567642396642963,2
-7.6926,53.28823,2020/12/30 00:00:00+00,Wed 30 Dec 2020,1050,0,0,1256,18,6,1262,24,0.0298485293568091,0.000567642396642963,3
-7.6926,53.28823,2020/12/31 00:00:00+00,Thu 31 Dec 2020,1023,1,0,2279,19,6,2285,25,0.0540442865137154,0.000591294163169753,4
-7.6926,53.28823,2021/01/01 00:00:00+00,Fri 01 Jan 2021,802,0,0,3081,19,6,3087,25,0.0730130032682011,0.000591294163169753,5
-7.6926,53.28823,2021/01/02 00:00:00+00,Sat 02 Jan 2021,1010,0,0,4091,19,6,4097,25,0.0969012874602591,0.000591294163169753,6
-7.6926,53.28823,2021/01/03 00:00:00+00,Sun 03 Jan 2021,16,1,0,4107,20,6,4113,26,0.0972797157246878,0.000614945929696543,7
-7.6926,53.28823,2021/01/04 00:00:00+00,Mon 04 Jan 2021,1176,1,0,5283,21,6,5289,27,0.125094193160193,0.000638597696223333,8
-7.6926,53.28823,2021/01/05 00:00:00+00,Tue 05 Jan 2021,3504,3,0,8787,24,6,8793,30,0.207969983070066,0.000709552995803704,9
-7.6926,53.28823,2021/01/06 00:00:00+00,Wed 06 Jan 2021,6752,5,0,15539,29,6,15545,35,0.367666710658952,0.000827811828437654,10
-7.6926,53.28823,2021/01/07 00:00:00+00,Thu 07 Jan 2021,11709,4,0,27248,33,6,27254,39,0.644605244921138,0.000922418894544815,11
-7.6926,53.28823,2021/01/08 00:00:00+00,Fri 08 Jan 2021,12658,5,0,39906,38,6,39912,44,0.943989305617247,0.00104067772717877,12
-7.6926,53.28823,2021/01/09 00:00:00+00,Sat 09 Jan 2021,8064,3,0,47970,41,6,47976,47,1.13471715088928,0.00111163302675914,13
-7.6926,53.28823,2021/01/10 00:00:00+00,Sun 10 Jan 2021,4757,1,1,52727,42,7,52734,49,1.24725225602375,0.00115893655981272,14
-7.6926,53.28823,2021/01/11 00:00:00+00,Mon 11 Jan 2021,8321,3,0,61048,45,7,61055,52,1.44405860529317,0.00122989185939309,15
-7.6926,53.28823,2021/01/12 00:00:00+00,Tue 12 Jan 2021,8848,5,0,69896,50,7,69903,57,1.65332943552221,0.00134815069202704,16
-7.6926,53.28823,2021/01/13 00:00:00+00,Wed 13 Jan 2021,9855,3,0,79751,53,7,79758,60,1.88641759464373,0.00141910599160741,17
-7.6926,53.28823,2021/01/14 00:00:00+00,Thu 14 Jan 2021,8046,2,0,87797,55,7,87804,62,2.07671970811828,0.00146640952466099,18
-7.6926,53.28823,2021/01/15 00:00:00+00,Fri 15 Jan 2021,7648,2,0,95445,57,7,95452,64,2.25760841851517,0.00151371305771457,19
-7.6926,53.28823,2021/01/16 00:00:00+00,Sat 16 Jan 2021,5204,3,0,100649,60,7,100656,67,2.38069221152059,0.00158466835729494,20
-7.6926,53.28823,2021/01/17 00:00:00+00,Sun 17 Jan 2021,1101,4,0,101750,64,7,101757,71,2.40673280646658,0.0016792754234021,21
-7.6926,53.28823,2021/01/18 00:00:00+00,Mon 18 Jan 2021,8674,4,0,110424,68,7,110431,75,2.61188822931996,0.00177388248950926,22
-7.6926,53.28823,2021/01/19 00:00:00+00,Tue 19 Jan 2021,8351,15,0,118775,83,7,118782,90,2.80940413158518,0.00212865898741111,23
-7.6926,53.28823,2021/01/20 00:00:00+00,Wed 20 Jan 2021,8425,956,0,127200,1039,7,127207,1046,3.00867026457339,0.0247397477870225,24
-7.6926,53.28823,2021/01/21 00:00:00+00,Thu 21 Jan 2021,8950,956,0,136150,1995,7,136157,2002,3.22035357498816,0.0473508365866338,25
-7.6926,53.28823,2021/01/22 00:00:00+00,Fri 22 Jan 2021,6734,962,0,142884,2957,7,142891,2964,3.37962457077957,0.0701038359854059,26
-7.6926,53.28823,2021/01/23 00:00:00+00,Sat 23 Jan 2021,4154,456,0,147038,3413,7,147045,3420,3.47787400893185,0.0808890415216222,27
-7.6926,53.28823,2021/01/24 00:00:00+00,Sun 24 Jan 2021,1171,395,0,148209,3808,7,148216,3815,3.50557022753472,0.0902314892997043,28
-7.6926,53.28823,2021/01/25 00:00:00+00,Mon 25 Jan 2021,1331,1282,0,149540,5090,7,149547,5097,3.53705072878188,0.120553053987049,29
-7.6926,53.28823,2021/01/26 00:00:00+00,Tue 26 Jan 2021,980,3495,0,150520,8585,7,150527,8592,3.56022945997814,0.203215977998181,30
-7.6926,53.28823,2021/01/27 00:00:00+00,Wed 27 Jan 2021,2139,6693,0,152659,15278,7,152666,15285,3.61082058857894,0.361517251361987,31
-7.6926,53.28823,2021/01/28 00:00:00+00,Thu 28 Jan 2021,950,11536,0,153609,26814,7,153616,26821,3.63328976677939,0.634364030015038,32
-7.6926,53.28823,2021/01/29 00:00:00+00,Fri 29 Jan 2021,1537,11523,0,155146,38337,7,155153,38344,3.66964253193107,0.90690333570324,33
-7.6926,53.28823,2021/01/30 00:00:00+00,Sat 30 Jan 2021,606,7792,0,155752,46129,7,155759,46136,3.6839755024463,1.09119790047999,34
-7.6926,53.28823,2021/01/31 00:00:00+00,Sun 31 Jan 2021,204,4080,0,155956,50209,7,155963,50216,3.68880046281777,1.18769710790929,35
-7.6926,53.28823,2021/02/01 00:00:00+00,Mon 01 Feb 2021,980,8331,0,156936,58540,7,156943,58547,3.71197919401402,1.38473997484398,36
-7.6926,53.28823,2021/02/02 00:00:00+00,Tue 02 Feb 2021,803,5097,0,157739,63637,7,157746,63644,3.73097156253503,1.50529302883103,37
-7.6926,53.28823,2021/02/03 00:00:00+00,Wed 03 Feb 2021,1362,6859,0,159101,70496,7,159108,70503,3.76318526854452,1.66752049543828,38
-7.6926,53.28823,2021/02/04 00:00:00+00,Thu 04 Feb 2021,1388,10530,0,160489,81026,7,160496,81033,3.79601392048371,1.91657359696538,39
-7.6926,53.28823,2021/02/05 00:00:00+00,Fri 05 Feb 2021,3358,8602,0,163847,89628,7,163854,89635,3.87543655248067,2.12002609262883,40
-7.6926,53.28823,2021/02/06 00:00:00+00,Sat 06 Feb 2021,875,3861,0,164722,93489,7,164729,93496,3.89613184819161,2.21134556318877,41
-7.6926,53.28823,2021/02/07 00:00:00+00,Sun 07 Feb 2021,305,1295,0,165027,94784,7,165034,94791,3.90334563698228,2.24197460084096,42
-7.6926,53.28823,2021/02/08 00:00:00+00,Mon 08 Feb 2021,1125,869,0,166152,95653,7,166159,95660,3.92995387432492,2.26252798595274,43
-7.6926,53.28823,2021/02/09 00:00:00+00,Tue 09 Feb 2021,4206,528,0,170358,96181,7,170365,96188,4.0294332043366,2.27501611867889,44
-7.6926,53.28823,2021/02/10 00:00:00+00,Wed 10 Feb 2021,8791,575,0,179149,96756,7,179156,96763,4.23735588387361,2.28861588443179,45
-7.6926,53.28823,2021/02/11 00:00:00+00,Thu 11 Feb 2021,6138,433,0,185287,97189,7,185294,97196,4.38253042681505,2.29885709933789,46
-7.6926,53.28823,2021/02/12 00:00:00+00,Fri 12 Feb 2021,4354,515,0,189641,97704,7,189648,97711,4.48551021827269,2.31103775909919,47
-7.6926,53.28823,2021/02/13 00:00:00+00,Sat 13 Feb 2021,1185,1908,0,190826,99612,7,190833,99619,4.51353756160694,2.3561653296323,48
-7.6926,53.28823,2021/02/14 00:00:00+00,Sun 14 Feb 2021,2673,19,0,193499,99631,7,193506,99638,4.57675873353305,2.35661471319631,49
-7.6926,53.28823,2021/02/15 00:00:00+00,Mon 15 Feb 2021,1928,7865,0,195427,107496,7,195434,107503,4.6223593393967,2.54263585692952,50
-7.6926,53.28823,2021/02/16 00:00:00+00,Tue 16 Feb 2021,5601,8145,0,201028,115641,7,201035,115648,4.75483288371325,2.73527949529022,51
-7.6926,53.28823,2021/02/17 00:00:00+00,Wed 17 Feb 2021,9701,8458,0,210729,124099,7,210736,124106,4.98427867078964,2.93532613657381,52
-7.6926,53.28823,2021/02/18 00:00:00+00,Thu 18 Feb 2021,8433,8325,0,219162,132424,7,219169,132431,5.18373401791006,3.13222709290934,53
-7.6926,53.28823,2021/02/19 00:00:00+00,Fri 19 Feb 2021,9362,6569,0,228524,138993,7,228531,139000,5.40516185613387,3.28759554722383,54
-7.6926,53.28823,2021/02/20 00:00:00+00,Sat 20 Feb 2021,5856,3563,1,234380,142556,8,234388,142564,5.54369025268128,3.37189044312531,55
-7.6926,53.28823,2021/02/21 00:00:00+00,Sun 21 Feb 2021,1089,1016,4,235469,143572,12,235481,143584,5.56954163349506,3.39601524498263,56
-7.6926,53.28823,2021/02/22 00:00:00+00,Mon 22 Feb 2021,3915,1099,1,239384,144671,13,239397,144684,5.66216195121397,3.4220321881621,57
-7.6926,53.28823,2021/02/23 00:00:00+00,Tue 23 Feb 2021,13326,1054,0,252710,145725,13,252723,145738,5.97734539194998,3.44696115008134,58
-7.6926,53.28823,2021/02/24 00:00:00+00,Wed 24 Feb 2021,16887,2084,2,269597,147809,15,269612,147824,6.37680007682094,3.49629873505622,59
-7.6926,53.28823,2021/02/25 00:00:00+00,Thu 25 Feb 2021,18018,1737,1,287615,149546,16,287631,149562,6.80298125786717,3.53740550527978,60
-7.6926,53.28823,2021/02/26 00:00:00+00,Fri 26 Feb 2021,16048,2748,0,303663,152294,16,303679,152310,7.1825448070891,3.6024005596954,61
-7.6926,53.28823,2021/02/27 00:00:00+00,Sat 27 Feb 2021,8945,697,1,312608,152991,17,312625,153008,7.39413351043776,3.6189094927311,62
-7.6926,53.28823,2021/02/28 00:00:00+00,Sun 28 Feb 2021,2421,46,1,315029,153037,18,315047,153055,7.45141808896565,3.62002112575786,63
-7.6926,53.28823,2021/03/01 00:00:00+00,Mon 01 Mar 2021,5541,776,0,320570,153813,18,320588,153831,7.58247252729059,3.63837489658265,64
-7.6926,53.28823,2021/03/02 00:00:00+00,Tue 02 Mar 2021,12129,1590,0,332699,155403,18,332717,155421,7.86934480349403,3.67598120536025,65
-7.6926,53.28823,2021/03/03 00:00:00+00,Wed 03 Mar 2021,12814,1491,1,345513,156894,19,345532,156913,8.17244219153484,3.71126964101822,66
-7.6926,53.28823,2021/03/04 00:00:00+00,Thu 04 Mar 2021,18669,1676,2,364182,158570,21,364203,158591,8.61404432435654,3.75095730525017,67
-7.6926,53.28823,2021/03/05 00:00:00+00,Fri 05 Mar 2021,18376,2378,5,382558,160948,26,382584,160974,9.04878744488547,3.80731946488351,68
-7.6926,53.28823,2021/03/06 00:00:00+00,Sat 06 Mar 2021,10381,124,1,392939,161072,27,392966,161099,9.29434008496661,3.81027593569936,69
-7.6926,53.28823,2021/03/07 00:00:00+00,Sun 07 Mar 2021,1488,7,1,394427,161079,28,394455,161107,9.329557565325,3.81046514983158,70
-7.6926,53.28823,2021/03/08 00:00:00+00,Mon 08 Mar 2021,6600,1480,1,401027,162559,29,401056,162588,9.48568287616834,3.84549341605775,71
-7.6926,53.28823,2021/03/09 00:00:00+00,Tue 09 Mar 2021,13744,3083,2,414771,165642,31,414802,165673,9.8108000588456,3.9184591157929,72
-7.6926,53.28823,2021/03/10 00:00:00+00,Wed 10 Mar 2021,13651,3967,3,428422,169609,34,428456,169643,10.1337412790024,4.01235662890426,73
-7.6926,53.28823,2021/03/11 00:00:00+00,Thu 11 Mar 2021,18386,2080,1,446808,171689,35,446843,171724,10.5686263101305,4.06157595504651,74
-7.6926,53.28823,2021/03/12 00:00:00+00,Fri 12 Mar 2021,17249,1320,2,464057,173009,37,464094,173046,10.9766429344841,4.09284359039492,75
-7.6926,53.28823,2021/03/13 00:00:00+00,Sat 13 Mar 2021,8237,163,0,472294,173172,37,472331,173209,11.1714625353653,4.09669882833879,76
-7.6926,53.28823,2021/03/14 00:00:00+00,Sun 14 Mar 2021,344,13,1,472638,173185,38,472676,173223,11.179622394817,4.09702995307017,77
-7.6926,53.28823,2021/03/15 00:00:00+00,Mon 15 Mar 2021,2573,976,0,475211,174161,38,475249,174199,11.2404783900905,4.12011407720031,78
-7.6926,53.28823,2021/03/16 00:00:00+00,Tue 16 Mar 2021,8870,3793,0,484081,177954,38,484119,177992,11.4502695591831,4.20982522763643,79
-7.6926,53.28823,2021/03/17 00:00:00+00,Wed 17 Mar 2021,4835,2396,6,488916,180350,44,488960,180394,11.5647677609393,4.26663677083378,80
-7.6926,53.28823,2021/03/18 00:00:00+00,Thu 18 Mar 2021,11637,4662,2,500553,185012,46,500599,185058,11.8400506715446,4.37694860991473,81
-7.6926,53.28823,2021/03/19 00:00:00+00,Fri 19 Mar 2021,10263,6099,1,510816,191111,47,510863,191158,12.0828124031756,4.52122438572815,82
-7.6926,53.28823,2021/03/20 00:00:00+00,Sat 20 Mar 2021,5157,3095,2,515973,194206,49,516022,194255,12.2048318666873,4.59447390666161,83
-7.6926,53.28823,2021/03/21 00:00:00+00,Sun 21 Mar 2021,3576,42,1,519549,194248,50,519599,194298,12.2894342355536,4.59549093262227,84
-7.6926,53.28823,2021/03/22 00:00:00+00,Mon 22 Mar 2021,7323,2377,0,526872,196625,50,526922,196675,12.4626361218293,4.65171118165645,85
-7.6926,53.28823,2021/03/23 00:00:00+00,Tue 23 Mar 2021,12482,7361,2,539354,203986,52,539406,204038,12.7579047751498,4.8258591385932,86
-7.6926,53.28823,2021/03/24 00:00:00+00,Wed 24 Mar 2021,13528,9746,0,552882,213732,52,552934,213784,13.0778658727242,5.0563692551633,87
-7.6926,53.28823,2021/03/25 00:00:00+00,Thu 25 Mar 2021,20772,10193,2,573654,223925,54,573708,223979,13.5692076705517,5.29749901490392,88
-7.6926,53.28823,2021/03/26 00:00:00+00,Fri 26 Mar 2021,19612,9451,1,593266,233376,55,593321,233431,14.0330897674416,5.52105551211514,89
-7.6926,53.28823,2021/03/27 00:00:00+00,Sat 27 Mar 2021,11661,5309,0,604927,238685,55,604982,238740,14.3088930169105,5.64662274060587,90
-7.6926,53.28823,2021/03/28 00:00:00+00,Sun 28 Mar 2021,2434,470,0,607361,239155,55,607416,239210,14.3664614166367,5.65773907087346,91
-7.6926,53.28823,2021/03/28 23:00:00+00,Mon 29 Mar 2021,9187,3080,3,616548,242235,58,616606,242293,14.5838211510179,5.73065746707556,92
-7.6926,53.28823,2021/03/29 23:00:00+00,Tue 30 Mar 2021,13248,8629,1,629796,250864,59,629855,250923,14.8971834057314,5.93477221220176,93
-7.6926,53.28823,2021/03/30 23:00:00+00,Wed 31 Mar 2021,15703,10439,1,645499,261303,60,645559,261363,15.2686107472681,6.18169665474145,94
-7.6926,53.28823,2021/03/31 23:00:00+00,Thu 01 Apr 2021,19589,11579,2,665088,272882,62,665150,272944,15.7319725052944,6.4556077628882,95
-7.6926,53.28823,2021/04/01 23:00:00+00,Fri 02 Apr 2021,20050,13681,4,685138,286563,66,685204,286629,16.2062850312227,6.77928218780733,96
-7.6926,53.28823,2021/04/02 23:00:00+00,Sat 03 Apr 2021,7474,4607,0,692612,291170,66,692678,291236,16.3830583342439,6.88824587619625,97
-7.6926,53.28823,2021/04/03 23:00:00+00,Sun 04 Apr 2021,2969,159,0,695581,291329,66,695647,291395,16.453280429062,6.89200650707401,98
-7.6926,53.28823,2021/04/04 23:00:00+00,Mon 05 Apr 2021,3367,581,3,698948,291910,69,699017,291979,16.5329868822573,6.90581913872565,99
-7.6926,53.28823,2021/04/05 23:00:00+00,Tue 06 Apr 2021,11879,8121,5,710827,300031,74,710901,300105,16.8140644756616,7.09801339352235,100
-7.6926,53.28823,2021/04/06 23:00:00+00,Wed 07 Apr 2021,18237,10425,3,729064,310456,77,729141,310533,17.2454726971103,7.34465401486372,101
-7.6926,53.28823,2021/04/07 23:00:00+00,Thu 08 Apr 2021,20070,10526,7,749134,320982,84,749218,321066,17.7203292136686,7.5937780716904,102
-7.6926,53.28823,2021/04/08 23:00:00+00,Fri 09 Apr 2021,20611,9114,9,769745,330096,93,769838,330189,18.2080286394511,7.8095531377143,103
-7.6926,53.28823,2021/04/09 23:00:00+00,Sat 10 Apr 2021,11073,4134,7,780818,334230,100,780918,334330,18.4700902125679,7.90749510290174,104
-7.6926,53.28823,2021/04/10 23:00:00+00,Sun 11 Apr 2021,2799,332,1,783617,334562,101,783718,334663,18.5363151588429,7.91537114115516,105
-7.6926,53.28823,2021/04/11 23:00:00+00,Mon 12 Apr 2021,7692,2740,6,791309,337302,107,791416,337409,18.7183864575661,7.98031889203773,106
-7.6926,53.28823,2021/04/12 23:00:00+00,Tue 13 Apr 2021,11408,8538,0,802717,345840,107,802824,345947,18.9882058101038,8.18225767464346,107
-7.6926,53.28823,2021/04/13 23:00:00+00,Wed 14 Apr 2021,20252,6547,2,822969,352387,109,823078,352496,19.4672486893374,8.33715309362741,108
-7.6926,53.28823,2021/04/14 23:00:00+00,Thu 15 Apr 2021,27018,10738,1,849987,363125,110,850097,363235,20.1062957691247,8.59114941435861,109
-7.6926,53.28823,2021/04/15 23:00:00+00,Fri 16 Apr 2021,27876,9778,1,877863,372903,111,877974,373014,20.765636064592,8.82244003922409,110
-7.6926,53.28823,2021/04/16 23:00:00+00,Sat 17 Apr 2021,15762,4506,1,893625,377409,112,893737,377521,21.1384588603538,8.92903855096033,111
-7.6926,53.28823,2021/04/17 23:00:00+00,Sun 18 Apr 2021,1015,443,0,894640,377852,112,894752,377964,21.1624654033785,8.9395162835317,112
-7.6926,53.28823,2021/04/18 23:00:00+00,Mon 19 Apr 2021,6668,2199,0,901308,380051,112,901420,380163,21.3201753825791,8.99152651812411,113
-7.6926,53.28823,2021/04/19 23:00:00+00,Tue 20 Apr 2021,14976,7252,0,916284,387303,112,916396,387415,21.6743842380844,9.16304912897639,114
-7.6926,53.28823,2021/04/20 23:00:00+00,Wed 21 Apr 2021,26586,9794,1,942870,397097,113,942983,397210,22.3032137547321,9.3947181821063,115
-7.6926,53.28823,2021/04/21 23:00:00+00,Thu 22 Apr 2021,31529,12123,0,974399,409220,113,974512,409333,23.0489303015553,9.68144854771058,116
-7.6926,53.28823,2021/04/22 23:00:00+00,Fri 23 Apr 2021,33495,12325,0,1007894,421545,113,1008007,421658,23.8411462213701,9.97295657015327,117
-7.6926,53.28823,2021/04/23 23:00:00+00,Sat 24 Apr 2021,23584,6950,0,1031478,428495,113,1031591,428608,24.3989494831379,10.1373363475145,118
-7.6926,53.28823,2021/04/24 23:00:00+00,Sun 25 Apr 2021,9693,259,1,1041171,428754,114,1041285,428868,24.6282297078487,10.1434858068114,119
-7.6926,53.28823,2021/04/25 23:00:00+00,Mon 26 Apr 2021,15490,2991,1,1056661,431745,115,1056776,431860,24.9946192231152,10.2142518922596,120
-7.6926,53.28823,2021/04/26 23:00:00+00,Tue 27 Apr 2021,25808,7742,4,1082469,439487,119,1082588,439606,25.6051186207047,10.3974584757761,121
-7.6926,53.28823,2021/04/27 23:00:00+00,Wed 28 Apr 2021,25926,8528,4,1108395,448015,123,1108518,448138,26.2184089267443,10.5992553477827,122
-7.6926,53.28823,2021/04/28 23:00:00+00,Thu 29 Apr 2021,31597,11263,1,1139992,459278,124,1140116,459402,26.9657574454578,10.8656688459404,123
-7.6926,53.28823,2021/04/29 23:00:00+00,Fri 30 Apr 2021,35990,13467,1,1175982,472745,125,1176107,472870,27.8170081745235,11.1842108375232,124
-7.6926,53.28823,2021/04/30 23:00:00+00,Sat 01 May 2021,16440,6635,8,1192422,479380,133,1192555,479513,28.2060324303562,11.3413295225607,125
-7.6926,53.28823,2021/05/01 23:00:00+00,Sun 02 May 2021,12343,871,6,1204765,480251,139,1204904,480390,28.4981080951955,11.3620721218047,126
-7.6926,53.28823,2021/05/02 23:00:00+00,Mon 03 May 2021,14147,880,8,1218912,481131,147,1219059,481278,28.8328988503822,11.3830748904805,127
-7.6926,53.28823,2021/05/03 23:00:00+00,Tue 04 May 2021,26504,6718,1,1245416,487849,148,1245564,487997,29.4597889221748,11.541991109774,128
-7.6926,53.28823,2021/05/04 23:00:00+00,Wed 05 May 2021,31938,13353,64,1277354,501202,212,1277566,501414,30.2166927545651,11.8593268612639,129
-7.6926,53.28823,2021/05/05 23:00:00+00,Thu 06 May 2021,37130,14304,121,1314484,515506,333,1314817,515839,31.0977447094546,12.2005035934129,130
-7.6926,53.28823,2021/05/06 23:00:00+00,Fri 07 May 2021,40437,14999,85,1354921,530505,418,1355339,530923,32.0561615926532,12.557266839703,131
-7.6926,53.28823,2021/05/07 23:00:00+00,Sat 08 May 2021,25459,6978,4,1380380,537483,422,1380802,537905,32.6584065237248,12.722403473593,132
-7.6926,53.28823,2021/05/08 23:00:00+00,Sun 09 May 2021,19582,878,1,1399962,538361,423,1400385,538784,33.121579067619,12.7431933763701,133
-7.6926,53.28823,2021/05/09 23:00:00+00,Mon 10 May 2021,28661,4556,165,1428623,542917,588,1429211,543505,33.8033648895202,12.8548533661431,134
-7.6926,53.28823,2021/05/10 23:00:00+00,Tue 11 May 2021,33768,14738,145,1462391,557655,733,1463124,558388,34.6054672477433,13.2068626073613,135
-7.6926,53.28823,2021/05/11 23:00:00+00,Wed 12 May 2021,31121,20850,149,1493512,578505,882,1494394,579387,35.345057987036,13.7035260526573,136
-7.6926,53.28823,2021/05/12 23:00:00+00,Thu 13 May 2021,35838,25405,137,1529350,603910,1019,1530369,604929,36.1959302878373,14.3076394732846,137
-7.6926,53.28823,2021/05/13 23:00:00+00,Fri 14 May 2021,38039,27892,225,1567389,631802,1244,1568633,633046,37.1009414822184,14.9726561927184,138
-7.6926,53.28823,2021/05/14 23:00:00+00,Sat 15 May 2021,28696,12376,5,1596085,644178,1249,1597334,645427,37.7797708333038,15.2654887140866,139
-7.6926,53.28823,2021/05/15 23:00:00+00,Sun 16 May 2021,23056,1126,4,1619141,645304,1253,1620394,646557,38.3251805694116,15.2922152102618,140
-7.6926,53.28823,2021/05/16 23:00:00+00,Mon 17 May 2021,35251,3884,108,1654392,649188,1361,1655753,650549,39.1614833820323,15.3866330622368,141
-7.6926,53.28823,2021/05/17 23:00:00+00,Tue 18 May 2021,38874,12402,112,1693266,661590,1473,1694739,663063,40.0835711518458,15.682611268553,142
-7.6926,53.28823,2021/05/18 23:00:00+00,Wed 19 May 2021,36849,17512,195,1730115,679102,1668,1731783,680770,40.9597271910642,16.1014130984429,143
-7.6926,53.28823,2021/05/19 23:00:00+00,Thu 20 May 2021,38900,19595,112,1769015,698697,1780,1770795,700477,41.8824299068073,16.5675184613864,144
-7.6926,53.28823,2021/05/20 23:00:00+00,Fri 21 May 2021,25648,23151,14912,1794663,721848,16692,1811355,738540,42.8417455571339,17.4677756506956,145
-7.6926,53.28823,2021/05/21 23:00:00+00,Sat 22 May 2021,16434,10191,13492,1811097,732039,30184,1841281,762223,43.5495483222146,18.0279204373495,146
-7.6926,53.28823,2021/05/22 23:00:00+00,Sun 23 May 2021,8114,5483,10197,1819211,737522,40381,1859592,777903,43.9826358190867,18.3987801364896,147
-7.6926,53.28823,2021/05/23 23:00:00+00,Mon 24 May 2021,22352,8133,8431,1841563,745655,48812,1890375,794467,44.7107081480809,18.7905479972394,148
-7.6926,53.28823,2021/05/24 23:00:00+00,Tue 25 May 2021,30109,16416,3210,1871672,762071,52022,1923694,814093,45.498761356987,19.2547375670941,149
-7.6926,53.28823,2021/05/25 23:00:00+00,Wed 26 May 2021,19752,25330,3031,1891424,787401,55053,1946477,842454,46.0376195537669,19.9255253175604,150
-7.6926,53.28823,2021/05/26 23:00:00+00,Thu 27 May 2021,16811,35903,542,1908235,823304,55595,1963830,878899,46.4480486583062,20.7875139486293,151
-7.6926,53.28823,2021/05/27 23:00:00+00,Fri 28 May 2021,26825,31735,1522,1935060,855039,57117,1992177,912156,47.1185052840412,21.5741007480108,152
-7.6926,53.28823,2021/05/28 23:00:00+00,Sat 29 May 2021,24307,7337,504,1959367,862376,57621,2016988,919997,47.7053292633373,21.7595542493473,153
-7.6926,53.28823,2021/05/29 23:00:00+00,Sun 30 May 2021,24113,1623,193,1983480,863999,57814,2041294,921813,48.2802091005375,21.80250585736,154
-7.6926,53.28823,2021/05/30 23:00:00+00,Mon 31 May 2021,22341,7254,3415,2005821,871253,61229,2067050,932482,48.8893839992015,22.0548465544343,155
-7.6926,53.28823,2021/05/31 23:00:00+00,Tue 01 Jun 2021,27279,11405,3621,2033100,882658,64850,2097950,947508,49.6202235848793,22.4102379982659,156
-7.6926,53.28823,2021/06/01 23:00:00+00,Wed 02 Jun 2021,18440,20795,3973,2051540,903453,68823,2120363,972276,50.1503306280443,22.9960449516014,157
-7.6926,53.28823,2021/06/02 23:00:00+00,Thu 03 Jun 2021,16469,30581,1958,2068009,934034,70781,2138790,1004815,50.5861617298334,23.7656497826166,158
-7.6926,53.28823,2021/06/03 23:00:00+00,Fri 04 Jun 2021,28826,23245,123,2096835,957279,70904,2167739,1028183,51.2708567190175,24.3183442628146,159
-7.6926,53.28823,2021/06/04 23:00:00+00,Sat 05 Jun 2021,20752,11399,8,2117587,968678,70912,2188499,1039590,51.7618673921137,24.5881399635857,160
-7.6926,53.28823,2021/06/05 23:00:00+00,Sun 06 Jun 2021,19771,3834,10,2137358,972512,70922,2208280,1043434,52.2297229857801,24.6790573541147,161
-7.6926,53.28823,2021/06/06 23:00:00+00,Mon 07 Jun 2021,19595,4455,8,2156953,976967,70930,2227883,1047897,52.6933685650047,24.7846151881238,162
-7.6926,53.28823,2021/06/07 23:00:00+00,Tue 08 Jun 2021,26220,18211,20,2183173,995178,70950,2254123,1066128,53.3139909186677,25.2158105436737,163
-7.6926,53.28823,2021/06/08 23:00:00+00,Wed 09 Jun 2021,32566,19990,149,2215739,1015168,71099,2286838,1086267,54.0877584605917,25.6921334697567,164
-7.6926,53.28823,2021/06/09 23:00:00+00,Thu 10 Jun 2021,27470,27353,238,2243209,1042521,71337,2314546,1113858,54.743101607516,26.3447093599974,165
-7.6926,53.28823,2021/06/10 23:00:00+00,Fri 11 Jun 2021,26242,32770,9,2269451,1075291,71346,2340797,1146637,55.3639841306107,27.119990614979,166
-7.6926,53.28823,2021/06/11 23:00:00+00,Sat 12 Jun 2021,12026,19605,83,2281477,1094896,71429,2352906,1166325,55.6503833714836,27.5856465943585,167
-7.6926,53.28823,2021/06/12 23:00:00+00,Sun 13 Jun 2021,8427,18098,812,2289904,1112994,72241,2362145,1185235,55.8689020424247,28.0329014993801,168
-7.6926,53.28823,2021/06/13 23:00:00+00,Mon 14 Jun 2021,15838,31160,15,2305742,1144154,72256,2377998,1216410,56.2438534971738,28.7702453208528,169
-7.6926,53.28823,2021/06/14 23:00:00+00,Tue 15 Jun 2021,14480,41361,185,2320222,1185515,72441,2392663,1257956,56.5907066532892,29.7528816129748,170
-7.6926,53.28823,2021/06/15 23:00:00+00,Wed 16 Jun 2021,13223,48178,195,2333445,1233693,72636,2406081,1306329,56.9080660565457,30.8969885151752,171
-7.6926,53.28823,2021/06/16 23:00:00+00,Thu 17 Jun 2021,21352,42490,502,2354797,1276183,73138,2427935,1349321,57.4249517622222,31.913825261695,172
-7.6926,53.28823,2021/06/17 23:00:00+00,Fri 18 Jun 2021,11831,49895,529,2366628,1326078,73667,2440295,1399745,57.7172875964933,33.1064419370418,173
-7.6926,53.28823,2021/06/18 23:00:00+00,Sat 19 Jun 2021,6131,32652,406,2372759,1358730,74073,2446832,1432803,57.8718991942789,33.8883220348845,174
-7.6926,53.28823,2021/06/19 23:00:00+00,Sun 20 Jun 2021,8380,26056,163,2381139,1384786,74236,2455375,1459022,58.0739562357173,34.5084477014504,175
-7.6926,53.28823,2021/06/20 23:00:00+00,Mon 21 Jun 2021,15272,32172,540,2396411,1416958,74776,2471187,1491734,58.4479379680389,35.2821442880747,176
-7.6926,53.28823,2021/06/21 23:00:00+00,Tue 22 Jun 2021,14939,43378,687,2411350,1460336,75463,2486813,1535799,58.8175204717865,36.3243593800777,177
-7.6926,53.28823,2021/06/22 23:00:00+00,Wed 23 Jun 2021,19844,39189,856,2431194,1499525,76319,2507513,1575844,59.3071120388911,37.271494370643,178
-7.6926,53.28823,2021/06/23 23:00:00+00,Thu 24 Jun 2021,18820,44083,1008,2450014,1543608,77327,2527341,1620935,59.7760792655843,38.3379761751025,179
-7.6926,53.28823,2021/06/24 23:00:00+00,Fri 25 Jun 2021,14979,49972,797,2464993,1593580,78124,2543117,1671704,60.1492095343109,39.5387527099011,180
-7.6926,53.28823,2021/06/25 23:00:00+00,Sat 26 Jun 2021,8845,30384,467,2473838,1623964,78591,2552429,1702555,60.3694547842084,40.2684333590191,181
-7.6926,53.28823,2021/06/26 23:00:00+00,Sun 27 Jun 2021,8603,30336,37,2482441,1654300,78628,2561069,1732928,60.5738060469998,40.9868084637373,182
-7.6926,53.28823,2021/06/27 23:00:00+00,Mon 28 Jun 2021,24044,24451,473,2506485,1678751,79101,2585586,1757852,61.1536764069372,41.5763050926511,183
-7.6926,53.28823,2021/06/28 23:00:00+00,Tue 29 Jun 2021,27925,30797,761,2534410,1709548,79862,2614272,1789410,61.8321509815247,42.3227075407035,184
-7.6926,53.28823,2021/06/29 23:00:00+00,Wed 30 Jun 2021,22322,36627,541,2556732,1746175,80403,2637135,1826578,62.3729013196267,43.2017963989712,185
-7.6926,53.28823,2021/06/30 23:00:00+00,Thu 01 Jul 2021,14662,48107,594,2571394,1794282,80997,2652391,1875279,62.7337326697594,44.3536610805925,186
-7.6926,53.28823,2021/07/01 23:00:00+00,Fri 02 Jul 2021,13425,47056,782,2584819,1841338,81779,2666598,1923117,63.0697533168055,45.485114287701,187
-7.6926,53.28823,2021/07/02 23:00:00+00,Sat 03 Jul 2021,9139,30265,470,2593958,1871603,82249,2676207,1953852,63.2970231413614,46.2120513319019,188
-7.6926,53.28823,2021/07/03 23:00:00+00,Sun 04 Jul 2021,6320,27673,206,2600278,1899276,82455,2682733,1981731,63.4513745697152,46.8714389309023,189
-7.6926,53.28823,2021/07/04 23:00:00+00,Mon 05 Jul 2021,15315,33180,5306,2615593,1932456,87761,2703354,2020217,63.9390976472642,47.7817008174524,190
-7.6926,53.28823,2021/07/05 23:00:00+00,Tue 06 Jul 2021,12165,48109,5449,2627758,1980565,93210,2720968,2073775,64.3556998628671,49.0484421290942,191
-7.6926,53.28823,2021/07/06 23:00:00+00,Wed 07 Jul 2021,19460,43489,5015,2647218,2024054,98225,2745443,2122279,64.9345768486102,50.1956474127096,192
-7.6926,53.28823,2021/07/07 23:00:00+00,Thu 08 Jul 2021,17575,45374,5954,2664793,2069428,104179,2768972,2173607,65.4910792632191,51.4096452849967,193
-7.6926,53.28823,2021/07/08 23:00:00+00,Fri 09 Jul 2021,13322,44861,6504,2678115,2114289,110683,2788798,2224972,65.9599991863792,52.6245182726453,194
-7.6926,53.28823,2021/07/09 23:00:00+00,Sat 10 Jul 2021,8451,23655,4326,2686566,2137944,115009,2801575,2252953,66.262197807292,53.2863183518314,195
-7.6926,53.28823,2021/07/10 23:00:00+00,Sun 11 Jul 2021,15124,15983,2135,2701690,2153927,117144,2818834,2271071,66.6704036457779,53.7148410577638,196
-7.6926,53.28823,2021/07/11 23:00:00+00,Mon 12 Jul 2021,16950,31510,6045,2718640,2185437,123189,2841829,2308626,67.2142760170614,54.6030831496774,197
-7.6926,53.28823,2021/07/12 23:00:00+00,Tue 13 Jul 2021,19923,36286,8453,2738563,2221723,131642,2870205,2353365,67.8854185440256,55.6612395323194,198
-7.6926,53.28823,2021/07/13 23:00:00+00,Wed 14 Jul 2021,20616,35429,9299,2759179,2257152,140941,2900120,2398093,68.5929611396746,56.7191357455297,199
-7.6926,53.28823,2021/07/14 23:00:00+00,Thu 15 Jul 2021,23429,28579,9533,2782608,2285731,150474,2933082,2436205,69.3725706679306,57.6205518713987,200
-7.6926,53.28823,2021/07/15 23:00:00+00,Fri 16 Jul 2021,23399,27114,9128,2806007,2312845,159602,2965609,2472447,70.1418916777475,58.4777391938627,201
-7.6926,53.28823,2021/07/16 23:00:00+00,Sat 17 Jul 2021,11376,19198,4640,2817383,2332043,164242,2981625,2496285,70.5206983704406,59.0415500043283,202
-7.6926,53.28823,2021/07/17 23:00:00+00,Sun 18 Jul 2021,16760,15643,1910,2834143,2347686,166152,3000295,2513838,70.9622768514958,59.456709462173,203
-7.6926,53.28823,2021/07/18 23:00:00+00,Mon 19 Jul 2021,24691,18161,6202,2858834,2365847,172354,3031188,2538201,71.6929508748079,60.0329374500652,204
-7.6926,53.28823,2021/07/19 23:00:00+00,Tue 20 Jul 2021,30394,17873,7658,2889228,2383720,180012,3069240,2563732,72.5929478946853,60.6367907012607,205
-7.6926,53.28823,2021/07/20 23:00:00+00,Wed 21 Jul 2021,30128,19561,6839,2919356,2403281,186851,3106207,2590132,73.4672827478812,61.2611973375679,206
-7.6926,53.28823,2021/07/21 23:00:00+00,Thu 22 Jul 2021,33350,15654,6891,2952706,2418935,193742,3146448,2612677,74.4190534846857,61.7944264139144,207
-7.6926,53.28823,2021/07/22 23:00:00+00,Fri 23 Jul 2021,26925,20536,5562,2979631,2439471,199304,3178935,2638775,75.1874284238416,62.4116902167306,208
-7.6926,53.28823,2021/07/23 23:00:00+00,Sat 24 Jul 2021,15319,14569,2237,2994950,2454040,201541,3196491,2655581,75.6026588369859,62.8091818049798,209
-7.6926,53.28823,2021/07/24 23:00:00+00,Sun 25 Jul 2021,14637,13494,1020,3009587,2467534,202561,3212148,2670095,75.9729745454958,63.1524635443497,210
-7.6926,53.28823,2021/07/25 23:00:00+00,Mon 26 Jul 2021,23688,17918,3378,3033275,2485452,205939,3239214,2691391,76.6131332583099,63.6561515643042,211
-7.6926,53.28823,2021/07/26 23:00:00+00,Tue 27 Jul 2021,25321,23528,3626,3058596,2508980,209565,3268161,2718545,77.2977809439609,64.2983916325726,212
-7.6926,53.28823,2021/07/27 23:00:00+00,Wed 28 Jul 2021,23283,24982,3228,3081879,2533962,212793,3294672,2746755,77.9248129263527,64.9656079662934,213
-7.6926,53.28823,2021/07/28 23:00:00+00,Thu 29 Jul 2021,19137,27563,2928,3101016,2561525,215721,3316737,2777246,78.4466891547663,65.6867739794617,214
-7.6926,53.28823,2021/07/29 23:00:00+00,Fri 30 Jul 2021,21799,22626,2083,3122815,2584151,217804,3340619,2801955,79.0115406429591,66.2711854785722,215
-7.6926,53.28823,2021/07/30 23:00:00+00,Sat 31 Jul 2021,13636,12237,888,3136451,2596388,218692,3355143,2815080,79.3550588999942,66.5816149142363,216
-7.6926,53.28823,2021/07/31 23:00:00+00,Sun 01 Aug 2021,10995,9167,355,3147446,2605555,219047,3366493,2824602,79.6235064500733,66.8068270351044,217
-7.6926,53.28823,2021/08/01 23:00:00+00,Mon 02 Aug 2021,14889,15709,400,3162335,2621264,219447,3381782,2840711,79.9851183085013,67.1878333420845,218
-7.6926,53.28823,2021/08/02 23:00:00+00,Tue 03 Aug 2021,17213,25170,1085,3179548,2646434,220532,3400080,2866966,80.4178983324085,67.8088104722454,219
-7.6926,53.28823,2021/08/03 23:00:00+00,Wed 04 Aug 2021,21972,16999,1555,3201520,2663433,222087,3423607,2885520,80.9743534434843,68.2476453483834,220
-7.6926,53.28823,2021/08/04 23:00:00+00,Thu 05 Aug 2021,13390,29782,1403,3214910,2693215,223490,3438400,2916705,81.3242340257151,68.9852256875214,221
-7.6926,53.28823,2021/08/05 23:00:00+00,Fri 06 Aug 2021,12049,24489,926,3226959,2717704,224416,3451375,2942120,81.6311156964002,69.5863353337997,222
-7.6926,53.28823,2021/08/06 23:00:00+00,Sat 07 Aug 2021,6266,8249,563,3233225,2725953,224979,3458204,2950932,81.7926336100117,69.7947547004338,223
-7.6926,53.28823,2021/08/07 23:00:00+00,Sun 08 Aug 2021,8554,11823,144,3241779,2737776,225123,3466902,2962899,81.9983566752617,70.0777953904599,224
-7.6926,53.28823,2021/08/08 23:00:00+00,Mon 09 Aug 2021,5449,22765,587,3247228,2760541,225710,3472938,2986251,82.1411187380174,70.6301114423935,225
-7.6926,53.28823,2021/08/09 23:00:00+00,Tue 10 Aug 2021,9229,25715,692,3256457,2786256,226402,3482859,3012658,82.3757679137297,71.2546836410665,226
-7.6926,53.28823,2021/08/10 23:00:00+00,Wed 11 Aug 2021,6910,30949,636,3263367,2817205,227038,3490405,3044243,82.5542441439409,72.0017246868151,227
-7.6926,53.28823,2021/08/11 23:00:00+00,Thu 12 Aug 2021,6659,38045,852,3270026,2855250,227890,3497916,3083140,82.7318925623236,72.9217074494077,228
-7.6926,53.28823,2021/08/12 23:00:00+00,Fri 13 Aug 2021,10817,28002,847,3280843,2883252,228737,3509580,3111989,83.0077667670921,73.6040372619391,229
-7.6926,53.28823,2021/08/13 23:00:00+00,Sat 14 Aug 2021,18051,5680,269,3298894,2888932,229006,3527900,3117938,83.4410671298629,73.7447416210069,230
-7.6926,53.28823,2021/08/14 23:00:00+00,Sun 15 Aug 2021,16958,3631,39,3315852,2892563,229045,3544897,3121608,83.8430762055187,73.8315436041603,231
-7.6926,53.28823,2021/08/15 23:00:00+00,Mon 16 Aug 2021,10114,22928,359,3325966,2915491,229404,3555370,3144895,84.0907811563538,74.3823222912696,232
-7.6926,53.28823,2021/08/16 23:00:00+00,Tue 17 Aug 2021,12791,26656,515,3338757,2942147,229919,3568676,3172066,84.4054915617593,75.024964439569,233
-7.6926,53.28823,2021/08/17 23:00:00+00,Wed 18 Aug 2021,15150,25546,647,3353907,2967693,230566,3584473,3198259,84.779118517583,75.6444751602052,234
-7.6926,53.28823,2021/08/18 23:00:00+00,Thu 19 Aug 2021,11302,25500,527,3365209,2993193,231093,3596302,3224286,85.0588952638284,76.260059687598,235
-7.6926,53.28823,2021/08/19 23:00:00+00,Fri 20 Aug 2021,14761,22056,671,3379970,3015249,231764,3611734,3247013,85.4238893248698,76.7975933854524,236
-7.6926,53.28823,2021/08/20 23:00:00+00,Sat 21 Aug 2021,11808,7838,231,3391778,3023087,231995,3623773,3255082,85.7086329420858,76.988439489557,237
-7.6926,53.28823,2021/08/21 23:00:00+00,Sun 22 Aug 2021,7987,12175,156,3399765,3035262,232151,3631916,3267413,85.9012292769135,77.2800894225989,238
-7.6926,53.28823,2021/08/22 23:00:00+00,Mon 23 Aug 2021,10809,15181,273,3410574,3050443,232424,3642998,3282867,86.1633381535633,77.6456038225039,239
-7.6926,53.28823,2021/08/23 23:00:00+00,Tue 24 Aug 2021,9652,22734,372,3420226,3073177,232796,3653022,3305973,86.4004234612279,78.1921015398719,240
-7.6926,53.28823,2021/08/24 23:00:00+00,Wed 25 Aug 2021,9352,19304,306,3429578,3092481,233102,3662680,3325583,86.6288522223436,78.6559126814623,241
-7.6926,53.28823,2021/08/25 23:00:00+00,Thu 26 Aug 2021,8521,19255,358,3438099,3111736,233460,3671559,3345196,86.838856257335,79.1197947783522,242
-7.6926,53.28823,2021/08/26 23:00:00+00,Fri 27 Aug 2021,9660,19052,427,3447759,3130788,233887,3681646,3364675,87.0774316262907,79.5805075385275,243
-7.6926,53.28823,2021/08/27 23:00:00+00,Sat 28 Aug 2021,9883,7799,146,3457642,3138587,234033,3691675,3372620,87.3146351927879,79.7684208235829,244
-7.6926,53.28823,2021/08/28 23:00:00+00,Sun 29 Aug 2021,8784,9136,24,3466426,3147723,234057,3700483,3381780,87.5229599523559,79.9850710049683,245
-7.6926,53.28823,2021/08/29 23:00:00+00,Mon 30 Aug 2021,5022,10980,79,3471448,3158703,234136,3705584,3392839,87.643607613409,80.2466358909881,246
-7.6926,53.28823,2021/08/30 23:00:00+00,Tue 31 Aug 2021,4017,12714,136,3475465,3171417,234272,3709737,3405689,87.7418333997948,80.5505610908573,247
-7.6926,53.28823,2021/08/31 23:00:00+00,Wed 01 Sep 2021,4900,12400,173,3480365,3183817,234445,3714810,3418262,87.8618188113852,80.8479347513986,248
-7.6926,53.28823,2021/09/01 23:00:00+00,Thu 02 Sep 2021,4969,12255,243,3485334,3196072,234688,3720022,3430760,87.9850918185228,81.1435345294505,249
-7.6926,53.28823,2021/09/02 23:00:00+00,Fri 03 Sep 2021,4727,15910,159,3490061,3211982,234847,3724908,3446829,88.1006543497727,81.5235947657695,250
-7.6926,53.28823,2021/09/03 23:00:00+00,Sat 04 Sep 2021,4601,10518,130,3494662,3222500,234977,3729639,3457477,88.212550857211,81.7754387757467,251
-7.6926,53.28823,2021/09/04 23:00:00+00,Sun 05 Sep 2021,5293,11843,1,3499955,3234343,234978,3734933,3469321,88.3377633092038,82.05557029849,252
-7.6926,53.28823,2021/09/05 23:00:00+00,Mon 06 Sep 2021,2116,9584,69,3502071,3243927,235047,3737118,3478974,88.3894424190648,82.2838808007731,253
-7.6926,53.28823,2021/09/06 23:00:00+00,Tue 07 Sep 2021,2999,9904,139,3505070,3253831,235186,3740256,3489017,88.4636616624259,82.5214154920017,254
-7.6926,53.28823,2021/09/07 23:00:00+00,Wed 08 Sep 2021,2574,14698,181,3507644,3268529,235367,3743011,3503896,88.5288222792072,82.8733301261538,255
-7.6926,53.28823,2021/09/08 23:00:00+00,Thu 09 Sep 2021,3079,14708,135,3510723,3283237,235502,3746225,3518739,88.6048390568243,83.2243932967109,256
-7.6926,53.28823,2021/09/09 23:00:00+00,Fri 10 Sep 2021,3354,13864,109,3514077,3297101,235611,3749688,3532712,88.6867451243066,83.5548794303898,257
-7.6926,53.28823,2021/09/10 23:00:00+00,Sat 11 Sep 2021,2537,11248,57,3516614,3308349,235668,3752282,3544017,88.7480978066771,83.8222626509751,258
-7.6926,53.28823,2021/09/11 23:00:00+00,Sun 12 Sep 2021,2023,12847,0,3518637,3321196,235668,3754305,3556864,88.7959453303608,84.1261168955448,259
-7.6926,53.28823,2021/09/12 23:00:00+00,Mon 13 Sep 2021,1575,7658,46,3520212,3328854,235714,3755926,3564568,88.8342848439007,84.3083301048672,260
-7.6926,53.28823,2021/09/13 23:00:00+00,Tue 14 Sep 2021,1519,10694,79,3521731,3339548,235793,3757524,3575341,88.8720803668105,84.5631305856603,261
-7.6926,53.28823,2021/09/14 23:00:00+00,Wed 15 Sep 2021,3247,12333,131,3524978,3351881,235924,3760902,3587805,88.951976034138,84.8579262036502,262
-7.6926,53.28823,2021/09/15 23:00:00+00,Thu 16 Sep 2021,1883,10527,110,3526861,3362408,236034,3762895,3598442,88.9991140048259,85.1095100441957,263
-7.6926,53.28823,2021/09/16 23:00:00+00,Fri 17 Sep 2021,2537,14527,89,3529398,3376935,236123,3765521,3613058,89.0612235437252,85.4552042637513,264
-7.6926,53.28823,2021/09/17 23:00:00+00,Sat 18 Sep 2021,2273,11177,41,3531671,3388112,236164,3767835,3624276,89.1159537314682,85.7205297806488,265
-7.6926,53.28823,2021/09/18 23:00:00+00,Sun 19 Sep 2021,1854,8462,11,3533525,3396574,236175,3769700,3632749,89.1600642760407,85.9209311984303,266
-7.6926,53.28823,2021/09/19 23:00:00+00,Mon 20 Sep 2021,948,5558,32,3534473,3402132,236207,3770680,3638339,89.183243007237,86.053144573315,267
-7.6926,53.28823,2021/09/20 23:00:00+00,Tue 21 Sep 2021,1443,6599,89,3535916,3408731,236296,3772212,3645027,89.219477513556,86.2113275878462,268
-7.6926,53.28823,2021/09/21 23:00:00+00,Wed 22 Sep 2021,1884,8078,94,3537800,3416809,236390,3774190,3653199,89.266260707746,86.4046098239031,269
-7.6926,53.28823,2021/09/22 23:00:00+00,Thu 23 Sep 2021,1678,8698,85,3539478,3425507,236475,3775953,3661982,89.3079587721327,86.6123432893079,270
-7.6926,53.28823,2021/09/23 23:00:00+00,Fri 24 Sep 2021,1900,7322,79,3541378,3432829,236554,3777932,3669383,89.3547656180892,86.7873900133727,271
-7.6926,53.28823,2021/09/24 23:00:00+00,Sat 25 Sep 2021,2400,6547,50,3543778,3439376,236604,3780382,3675980,89.4127124460799,86.9434207171499,272
-7.6926,53.28823,2021/09/25 23:00:00+00,Sun 26 Sep 2021,1536,7081,0,3545314,3446457,236604,3781918,3683061,89.449041559465,87.1108988759261,273
-7.6926,53.28823,2021/09/26 23:00:00+00,Mon 27 Sep 2021,1165,3715,45,3546479,3450172,236649,3783128,3686821,89.4776601969624,87.1998295180669,274
-7.6926,53.28823,2021/09/27 23:00:00+00,Tue 28 Sep 2021,1434,5056,91,3547913,3455228,236740,3784653,3691968,89.5137291409158,87.3215651603803,275
-7.6926,53.28823,2021/09/28 23:00:00+00,Wed 29 Sep 2021,1637,3543,73,3549550,3458771,236813,3786363,3695584,89.5541736616766,87.4070899481411,276
-7.6926,53.28823,2021/09/29 23:00:00+00,Thu 30 Sep 2021,1267,3894,77,3550817,3462665,236890,3787707,3699555,89.5859616358886,87.501011113019,277
-7.6926,53.28823,2021/09/30 23:00:00+00,Fri 01 Oct 2021,1832,5106,38,3552649,3467771,236928,3789577,3704699,89.6301904392937,87.6226758000328,278
-7.6926,53.28823,2021/10/01 23:00:00+00,Sat 02 Oct 2021,1705,4036,39,3554354,3471807,236967,3791321,3708774,89.6714391201164,87.7190567486295,279
-7.6926,53.28823,2021/10/02 23:00:00+00,Sun 03 Oct 2021,1204,2991,9,3555558,3474798,236976,3792534,3711774,89.7001287129134,87.7900120482099,280
-7.6926,53.28823,2021/10/03 23:00:00+00,Mon 04 Oct 2021,331,1165,17,3555889,3475963,236993,3792882,3712956,89.7083595276648,87.8179684362445,281
-7.6926,53.28823,2021/10/04 23:00:00+00,Tue 05 Oct 2021,955,2755,68,3556844,3478718,237061,3793905,3715779,89.7325552848217,87.8847373731497,282
-7.6926,53.28823,2021/10/05 23:00:00+00,Wed 06 Oct 2021,976,2503,34,3557820,3481221,237095,3794915,3718316,89.7564435690137,87.9447419048281,283
-7.6926,53.28823,2021/10/06 23:00:00+00,Thu 07 Oct 2021,1205,2635,42,3559025,3483856,237137,3796162,3720993,89.7859373218726,88.0080576838204,284
-7.6926,53.28823,2021/10/07 23:00:00+00,Fri 08 Oct 2021,975,2697,43,3560000,3486553,237180,3797180,3723733,89.8100148201969,88.0728635241038,285
-7.6926,53.28823,2021/10/08 23:00:00+00,Sat 09 Oct 2021,729,2319,19,3560729,3488872,237199,3797928,3726071,89.827706341559,88.1281613542434,286
-7.6926,53.28823,2021/10/09 23:00:00+00,Sun 10 Oct 2021,1529,3889,0,3562258,3492761,237199,3799457,3729960,89.8638698925784,88.2201430742661,287
-7.6926,53.28823,2021/10/10 23:00:00+00,Mon 11 Oct 2021,328,1065,12,3562586,3493826,237211,3799797,3731037,89.8719114931975,88.2456160268154,288
-7.6926,53.28823,2021/10/11 23:00:00+00,Tue 12 Oct 2021,561,1564,20,3563147,3495390,237231,3800378,3732621,89.8856531695496,88.2830804249939,289
-7.6926,53.28823,2021/10/12 23:00:00+00,Wed 13 Oct 2021,1026,1980,9,3564173,3497370,237240,3801413,3734610,89.9101327479048,88.3301237886157,290
-7.6926,53.28823,2021/10/13 23:00:00+00,Thu 14 Oct 2021,696,1518,7,3564869,3498888,237247,3802116,3736135,89.9267599397731,88.366192732569,291
-7.6926,53.28823,2021/10/14 23:00:00+00,Fri 15 Oct 2021,950,1997,5,3565819,3500885,237252,3803071,3738137,89.9493473768062,88.4135435691556,292
-7.6926,53.28823,2021/10/15 23:00:00+00,Sat 16 Oct 2021,1377,2590,11,3567196,3503475,237263,3804459,3740738,89.9821760287454,88.4750618138918,293
-7.6926,53.28823,2021/10/16 23:00:00+00,Sun 17 Oct 2021,1709,2875,2,3568905,3506350,237265,3806170,3743615,90.0226442012728,88.5431079461894,294
-7.6926,53.28823,2021/10/17 23:00:00+00,Mon 18 Oct 2021,668,1171,3,3569573,3507521,237268,3806841,3744789,90.0385145366122,88.5708751200918,295
-7.6926,53.28823,2021/10/18 23:00:00+00,Tue 19 Oct 2021,1328,1730,10,3570901,3509251,237278,3808179,3746529,90.0701606002251,88.6120291938485,296
-7.6926,53.28823,2021/10/19 23:00:00+00,Wed 20 Oct 2021,2246,2255,0,3573147,3511506,237278,3810425,3748784,90.1232824678442,88.6653639273664,297
-7.6926,53.28823,2021/10/20 23:00:00+00,Thu 21 Oct 2021,1754,1768,8,3574901,3513274,237286,3812187,3750560,90.1649568804644,88.707369464718,298
-7.6926,53.28823,2021/10/21 23:00:00+00,Fri 22 Oct 2021,1493,1878,1,3576394,3515152,237287,3813681,3752439,90.2002926196555,88.7518111340218,299
-7.6926,53.28823,2021/10/22 23:00:00+00,Sat 23 Oct 2021,2006,1662,0,3578400,3516814,237287,3815687,3754101,90.2477380633082,88.7911203699893,300
-7.6926,53.28823,2021/10/23 23:00:00+00,Sun 24 Oct 2021,1943,2171,0,3580343,3518985,237287,3817630,3756272,90.2936934456698,88.842468355119,301
-7.6926,53.28823,2021/10/24 23:00:00+00,Mon 25 Oct 2021,1214,807,0,3581557,3519792,237287,3818844,3757079,90.3224066902333,88.8615553307061,302
-7.6926,53.28823,2021/10/25 23:00:00+00,Tue 26 Oct 2021,1238,1164,5,3582795,3520956,237292,3820087,3758248,90.3518058360261,88.8892042457759,303
-7.6926,53.28823,2021/10/26 23:00:00+00,Wed 27 Oct 2021,1553,1384,4,3584348,3522340,237296,3821644,3759636,90.3886316365083,88.9220328977151,304
-7.6926,53.28823,2021/10/27 23:00:00+00,Thu 28 Oct 2021,2139,1641,2,3586487,3523981,237298,3823785,3761279,90.4392700686422,88.9608927501186,305
-7.6926,53.28823,2021/10/28 23:00:00+00,Fri 29 Oct 2021,2131,1315,0,3588618,3525296,237298,3825916,3762594,90.4896719831107,88.9919948231013,306
-7.6926,53.28823,2021/10/29 23:00:00+00,Sat 30 Oct 2021,2001,1420,0,3590619,3526716,237298,3827917,3764014,90.5369991679309,89.0255803315694,307
-7.6926,53.28823,2021/10/30 23:00:00+00,Sun 31 Oct 2021,1628,1310,0,3592247,3528026,237298,3829545,3765324,90.5755042438365,89.0565641457195,308
-7.6926,53.28823,2021/11/01 00:00:00+00,Mon 01 Nov 2021,256,243,0,3592503,3528269,237298,3829801,3765567,90.5815590960673,89.0623115249855,309
-7.6926,53.28823,2021/11/02 00:00:00+00,Tue 02 Nov 2021,1086,1055,9,3593589,3529324,237307,3830896,3766631,90.6074577804142,89.08747700457,310
-7.6926,53.28823,2021/11/03 00:00:00+00,Wed 03 Nov 2021,2535,1788,5,3596124,3531112,237312,3833436,3768424,90.6675332673922,89.1298846219525,311
-7.6926,53.28823,2021/11/04 00:00:00+00,Thu 04 Nov 2021,1554,1221,0,3597678,3532333,237312,3834990,3769645,90.7042881125748,89.1587634288817,312
-7.6926,53.28823,2021/11/05 00:00:00+00,Fri 05 Nov 2021,1633,1016,0,3599311,3533349,237312,3836623,3770661,90.7429114473131,89.182793623673,313
-7.6926,53.28823,2021/11/06 00:00:00+00,Sat 06 Nov 2021,1822,1318,5,3601133,3534667,237317,3838450,3771984,90.7861232247575,89.2140849107879,314
-7.6926,53.28823,2021/11/07 00:00:00+00,Sun 07 Nov 2021,730,765,0,3601863,3535432,237317,3839180,3772749,90.8033890143221,89.2321785121809,315
-7.6926,53.28823,2021/11/08 00:00:00+00,Mon 08 Nov 2021,509,489,1,3602372,3535921,237318,3839690,3773239,90.8154514152508,89.243767877779,316
-7.6926,53.28823,2021/11/09 00:00:00+00,Tue 09 Nov 2021,1379,993,1,3603751,3536914,237319,3841070,3774233,90.8480908530577,89.2672777337066,317
-7.6926,53.28823,2021/11/10 00:00:00+00,Wed 10 Nov 2021,1624,1298,0,3605375,3538212,237319,3842694,3775531,90.8865013218972,89.2979777266584,318
-7.6926,53.28823,2021/11/11 00:00:00+00,Thu 11 Nov 2021,1407,1051,1,3606782,3539263,237320,3844102,3776583,90.919803009167,89.3228593850446,319
-7.6926,53.28823,2021/11/12 00:00:00+00,Fri 12 Nov 2021,1158,1077,5,3607940,3540340,237325,3845265,3777665,90.9473100136376,89.3484505964266,320
-7.6926,53.28823,2021/11/13 00:00:00+00,Sat 13 Nov 2021,1410,1332,0,3609350,3541672,237325,3846675,3778997,90.9806590044404,89.3799547494403,321
-7.6926,53.28823,2021/11/14 00:00:00+00,Sun 14 Nov 2021,1648,1799,0,3610998,3543471,237325,3848323,3780796,91.0196371156765,89.422504277422,322
-7.6926,53.28823,2021/11/15 00:00:00+00,Mon 15 Nov 2021,1251,546,0,3612249,3544017,237325,3849574,3781342,91.0492254756015,89.4354181419456,323
-7.6926,53.28823,2021/11/16 00:00:00+00,Tue 16 Nov 2021,1324,1020,4,3613573,3545037,237329,3850902,3782366,91.0806350215491,89.459637550869,324
-7.6926,53.28823,2021/11/17 00:00:00+00,Wed 17 Nov 2021,1513,1055,0,3615086,3546092,237329,3852415,3783421,91.1164201443042,89.4845901645548,325
-7.6926,53.28823,2021/11/18 00:00:00+00,Thu 18 Nov 2021,1670,2427,5,3616756,3548519,237334,3854090,3785853,91.1560368532365,89.542111260748,326
-7.6926,53.28823,2021/11/19 00:00:00+00,Fri 19 Nov 2021,1180,1459,0,3617936,3549978,237334,3855270,3787312,91.1839459377381,89.5766191881105,327
-7.6926,53.28823,2021/11/20 00:00:00+00,Sat 20 Nov 2021,1535,2902,10,3619471,3552880,237344,3856815,3790224,91.220487917022,89.6454931322366,328
-7.6926,53.28823,2021/11/21 00:00:00+00,Sun 21 Nov 2021,1787,2749,0,3621258,3555629,237344,3858602,3792973,91.2627536238054,89.7105118384187,329
-7.6926,53.28823,2021/11/22 00:00:00+00,Mon 22 Nov 2021,718,464,2,3621976,3556093,237346,3859322,3793439,91.2797828957047,89.7215335616202,330
-7.6926,53.28823,2021/11/23 00:00:00+00,Tue 23 Nov 2021,2169,1534,4,3624145,3557627,237350,3861495,3794977,91.3311781843674,89.7579099785384,331
-7.6926,53.28823,2021/11/24 00:00:00+00,Wed 24 Nov 2021,1627,3080,0,3625772,3560707,237350,3863122,3798057,91.3696596085065,89.8307574194409,332
-7.6926,53.28823,2021/11/25 00:00:00+00,Thu 25 Nov 2021,1010,1110,0,3626782,3561817,237350,3864132,3799167,91.3935478926986,89.8570108802856,333
-7.6926,53.28823,2021/11/26 00:00:00+00,Fri 26 Nov 2021,1293,1058,12,3628075,3562875,237362,3865437,3800237,91.424413448016,89.8823182704693,334
-7.6926,53.28823,2021/11/27 00:00:00+00,Sat 27 Nov 2021,1230,1526,5,3629305,3564401,237367,3866672,3801768,91.4536233796766,89.9185291250218,335
-7.6926,53.28823,2021/11/28 00:00:00+00,Sun 28 Nov 2021,1971,2247,0,3631276,3566648,237367,3868643,3804015,91.5002410115009,89.9716746444075,336
-7.6926,53.28823,2021/11/29 00:00:00+00,Mon 29 Nov 2021,543,962,1,3631819,3567610,237368,3869187,3804978,91.5131075724915,89.9944512955728,337
-7.6926,53.28823,2021/11/30 00:00:00+00,Tue 30 Nov 2021,1939,1590,6,3633758,3569200,237374,3871132,3806574,91.5591102583861,90.0321995149496,338
-7.6926,53.28823,2021/12/01 00:00:00+00,Wed 01 Dec 2021,1129,1321,1,3634887,3570521,237375,3872262,3807896,91.5858367545614,90.063467150298,339
-7.6926,53.28823,2021/12/02 00:00:00+00,Thu 02 Dec 2021,1808,1360,1,3636695,3571881,237376,3874071,3809257,91.6286228002083,90.0956572045409,340
-7.6926,53.28823,2021/12/03 00:00:00+00,Fri 03 Dec 2021,1046,1133,3,3637741,3573014,237379,3875120,3810393,91.6534335032949,90.1225256113154,341
-7.6926,53.28823,2021/12/04 00:00:00+00,Sat 04 Dec 2021,1195,1673,0,3638936,3574687,237379,3876315,3812066,91.6816973642945,90.1620950167147,342
-7.6926,53.28823,2021/12/05 00:00:00+00,Sun 05 Dec 2021,1352,1764,0,3640288,3576451,237379,3877667,3813830,91.7136745526387,90.203816732868,343
-7.6926,53.28823,2021/12/06 00:00:00+00,Mon 06 Dec 2021,940,1247,0,3641228,3577698,237379,3878607,3815077,91.7359072131738,90.2333104857269,344
-7.6926,53.28823,2021/12/07 00:00:00+00,Tue 07 Dec 2021,483,689,1,3641711,3578387,237380,3879091,3815767,91.7473546681728,90.2496302046303,345
-7.6926,53.28823,2021/12/08 00:00:00+00,Wed 08 Dec 2021,813,1433,0,3642524,3579820,237380,3879904,3817200,91.7665835543591,90.2835231860632,346
-7.6926,53.28823,2021/12/09 00:00:00+00,Thu 09 Dec 2021,797,1140,0,3643321,3580960,237380,3880701,3818340,91.7854340122809,90.3104861999038,347
-7.6926,53.28823,2021/12/10 00:00:00+00,Fri 10 Dec 2021,877,1526,1,3644198,3582486,237381,3881579,3819867,91.8062002632915,90.3466024473902,348
-7.6926,53.28823,2021/12/11 00:00:00+00,Sat 11 Dec 2021,630,822,0,3644828,3583308,237381,3882209,3820689,91.8211008762033,90.3660441994752,349
-7.6926,53.28823,2021/12/12 00:00:00+00,Sun 12 Dec 2021,688,1188,0,3645516,3584496,237381,3882897,3821877,91.8373732915738,90.394142498109,350
-7.6926,53.28823,2021/12/13 00:00:00+00,Mon 13 Dec 2021,712,1019,0,3646228,3585515,237381,3883609,3822896,91.8542133493409,90.4182436481998,351
-7.6926,53.28823,2021/12/14 00:00:00+00,Tue 14 Dec 2021,615,1125,1,3646843,3586640,237382,3884225,3824022,91.8687828375214,90.444875537309,352
-7.6926,53.28823,2021/12/15 00:00:00+00,Wed 15 Dec 2021,781,1156,1,3647624,3587796,237383,3885007,3825179,91.8872785189453,90.4722406311805,353
-7.6926,53.28823,2021/12/16 00:00:00+00,Thu 16 Dec 2021,1035,1403,7,3648659,3589199,237390,3886049,3826589,91.9119236596662,90.5055896219833,354
-7.6926,53.28823,2021/12/17 00:00:00+00,Fri 17 Dec 2021,1182,2333,1,3649841,3591532,237391,3887232,3828923,91.9399036994674,90.5607928450568,355
-7.6926,53.28823,2021/12/18 00:00:00+00,Sat 18 Dec 2021,1250,1129,0,3651091,3592661,237391,3888482,3830052,91.9694684076259,90.5874956894655,356
-7.6926,53.28823,2021/12/19 00:00:00+00,Sun 19 Dec 2021,552,862,1,3651643,3593523,237392,3889035,3830915,91.9825478345152,90.6079071639782,357
-7.6926,53.28823,2021/12/20 00:00:00+00,Mon 20 Dec 2021,529,510,0,3652172,3594033,237392,3889564,3831425,91.9950596190079,90.6199695649068,358
-7.6926,53.28823,2021/12/21 00:00:00+00,Tue 21 Dec 2021,1397,1681,2,3653569,3595714,237394,3890963,3833108,92.0281484403789,90.6597754879714,359
-7.6926,53.28823,2021/12/22 00:00:00+00,Wed 22 Dec 2021,1135,1426,2,3654704,3597140,237396,3892100,3834536,92.0550404989198,90.6935502105717,360
-7.6926,53.28823,2021/12/23 00:00:00+00,Thu 23 Dec 2021,896,1236,0,3655600,3598376,237396,3892996,3835772,92.0762324817278,90.7227837939988,361
-7.6926,53.28823,2021/12/24 00:00:00+00,Fri 24 Dec 2021,96,114,0,3655696,3598490,237396,3893092,3835886,92.0785030513144,90.7254800953828,362
-7.6926,53.28823,2021/12/26 00:00:00+00,Sun 26 Dec 2021,3,4,0,3655699,3598494,237396,3893095,3835890,92.078574006614,90.725574702449,363
-7.6926,53.28823,2021/12/27 00:00:00+00,Mon 27 Dec 2021,378,573,0,3656077,3599067,237396,3893473,3836463,92.0875143743611,90.7391271646688,364
-7.6926,53.28823,2021/12/28 00:00:00+00,Tue 28 Dec 2021,407,711,0,3656484,3599778,237396,3893880,3837174,92.0971406433375,90.7559435706693,365
-7.6926,53.28823,2021/12/29 00:00:00+00,Wed 29 Dec 2021,792,1192,0,3657276,3600970,237396,3894672,3838366,92.1158728424267,90.7841364763693,366
-7.6926,53.28823,2021/12/30 00:00:00+00,Thu 30 Dec 2021,816,1093,1,3658092,3602063,237397,3895489,3839460,92.1351963356791,90.8100115089496,367
-7.6926,53.28823,2021/12/31 00:00:00+00,Fri 31 Dec 2021,694,1631,0,3658786,3603694,237397,3896183,3841091,92.1516106616487,90.8485875401548,368
-7.6926,53.28823,2022/01/01 00:00:00+00,Sat 01 Jan 2022,64,91,1,3658850,3603785,237398,3896248,3841183,92.1531480264729,90.8507635026752,369
-7.6926,53.28823,2022/01/02 00:00:00+00,Sun 02 Jan 2022,267,611,0,3659117,3604396,237398,3896515,3841794,92.1594630481356,90.8652147320231,370
-7.6926,53.28823,2022/01/03 00:00:00+00,Mon 03 Jan 2022,453,694,0,3659570,3605090,237398,3896968,3842488,92.1701772983722,90.8816290579927,371
-7.6926,53.28823,2022/01/04 00:00:00+00,Tue 04 Jan 2022,540,687,0,3660110,3605777,237398,3897508,3843175,92.1829492522967,90.8978778215966,372
-7.6926,53.28823,2022/01/05 00:00:00+00,Wed 05 Jan 2022,698,757,0,3660808,3606534,237398,3898206,3843932,92.1994581853324,90.9157822088574,373
-7.6926,53.28823,2022/01/06 00:00:00+00,Thu 06 Jan 2022,1441,1517,0,3662249,3608051,237398,3899647,3845449,92.2335403808975,90.9516619386785,374
-7.6926,53.28823,2022/01/07 00:00:00+00,Fri 07 Jan 2022,786,634,0,3663035,3608685,237398,3900433,3846083,92.2521306693876,90.9666571586565,375
-7.6926,53.28823,2022/01/08 00:00:00+00,Sat 08 Jan 2022,714,670,0,3663749,3609355,237398,3901147,3846753,92.2690180306877,90.9825038422295,376
-7.6926,53.28823,2022/01/09 00:00:00+00,Sun 09 Jan 2022,513,642,0,3664262,3609997,237398,3901660,3847395,92.2811513869159,90.9976882763397,377
-7.6926,53.28823,2022/01/10 00:00:00+00,Mon 10 Jan 2022,511,367,0,3664773,3610364,237398,3902171,3847762,92.2932374396111,91.006368474655,378
