X,Y,VaccinationDate,VaccineText,Dose1,Dose2,SingleDose,Dose1Cum,Dose2Cum,SingleDoseCum,PartiallyVacc,FullyVacc,PartialPercent,FullyPercent,ObjectId
-7.6926,53.28823,2021/07/27 23:00:00+00,Wed 28 Jul 2021,23425,25272,3260,3104273,2549292,215316,3319589,2764608,70.4959558555733,58.7101847626211,1
-7.6926,53.28823,2021/07/28 23:00:00+00,Thu 29 Jul 2021,19251,27847,2958,3123524,2577139,218274,3341798,2795413,70.9675939660732,59.3643705428882,2
-7.6926,53.28823,2021/07/29 23:00:00+00,Fri 30 Jul 2021,21941,22928,2115,3145465,2600067,220389,3365854,2820456,71.4784556161334,59.8961924709917,3
-7.6926,53.28823,2021/07/30 23:00:00+00,Sat 31 Jul 2021,13731,12464,906,3159196,2612531,221295,3380491,2833826,71.7892920798818,60.1801224785285,4
-7.6926,53.28823,2021/07/31 23:00:00+00,Sun 01 Aug 2021,11095,9312,368,3170291,2621843,221663,3391954,2843506,72.0327243668223,60.3856903523472,5
-7.6926,53.28823,2021/08/01 23:00:00+00,Mon 02 Aug 2021,15007,15995,430,3185298,2637838,222093,3407391,2859931,72.3605499110515,60.7344974109703,6
-7.6926,53.28823,2021/08/02 23:00:00+00,Tue 03 Aug 2021,17329,25433,1109,3202627,2663271,223202,3425829,2886473,72.7521057434347,61.2981526286249,7
-7.6926,53.28823,2021/08/03 23:00:00+00,Wed 04 Aug 2021,22092,17283,1574,3224719,2680554,224776,3449495,2905330,73.2546852167605,61.6986064919099,8
-7.6926,53.28823,2021/08/04 23:00:00+00,Thu 05 Aug 2021,13509,30021,1420,3238228,2710575,226196,3464424,2936771,73.5717226948844,62.3662985911593,9
-7.6926,53.28823,2021/08/05 23:00:00+00,Fri 06 Aug 2021,12194,24733,947,3250422,2735308,227143,3477565,2962451,73.8507895781335,62.9116480745956,10
-7.6926,53.28823,2021/08/06 23:00:00+00,Sat 07 Aug 2021,6324,8444,583,3256746,2743752,227726,3484472,2971478,73.9974690517354,63.1033486114718,11
-7.6926,53.28823,2021/08/07 23:00:00+00,Sun 08 Aug 2021,8619,11963,153,3265365,2755715,227879,3493244,2983594,74.1837543192083,63.3606482353548,12
-7.6926,53.28823,2021/08/08 23:00:00+00,Mon 09 Aug 2021,5524,23019,599,3270889,2778734,228478,3499367,3007212,74.3137844939388,63.8622083638517,13
-7.6926,53.28823,2021/08/09 23:00:00+00,Tue 10 Aug 2021,9340,25982,713,3280229,2804716,229191,3509420,3033907,74.5272735265317,64.4291127431483,14
-7.6926,53.28823,2021/08/10 23:00:00+00,Wed 11 Aug 2021,7000,31224,663,3287229,2835940,229854,3517083,3065794,74.690007681188,65.1062762547657,15
-7.6926,53.28823,2021/08/11 23:00:00+00,Thu 12 Aug 2021,6757,38273,862,3293986,2874213,230716,3524702,3104929,74.8518074364178,65.93736083554,16
-7.6926,53.28823,2021/08/12 23:00:00+00,Fri 13 Aug 2021,10916,28228,870,3304902,2902441,231586,3536488,3134027,75.1020990646025,66.5552961653309,17
-7.6926,53.28823,2021/08/13 23:00:00+00,Sat 14 Aug 2021,18124,5828,279,3323026,2908269,231865,3554891,3140134,75.4929116247146,66.6849865584519,18
-7.6926,53.28823,2021/08/14 23:00:00+00,Sun 15 Aug 2021,16995,3720,49,3340021,2911989,231914,3571935,3143903,75.8548639843599,66.7650263638674,19
-7.6926,53.28823,2021/08/15 23:00:00+00,Mon 16 Aug 2021,10176,23135,384,3350197,2935124,232298,3582495,3167422,76.0791198467075,67.2644840936549,20
-7.6926,53.28823,2021/08/16 23:00:00+00,Tue 17 Aug 2021,12856,26843,528,3363053,2961967,232826,3595879,3194793,76.3633471631527,67.8457442459577,21
-7.6926,53.28823,2021/08/17 23:00:00+00,Wed 18 Aug 2021,15223,25756,657,3378276,2987723,233483,3611759,3221206,76.7005804106983,68.4066599743847,22
-7.6926,53.28823,2021/08/18 23:00:00+00,Thu 19 Aug 2021,11353,25689,542,3389629,3013412,234025,3623654,3247437,76.9531868010984,68.9637106870023,23
-7.6926,53.28823,2021/08/19 23:00:00+00,Fri 20 Aug 2021,14837,22241,685,3404466,3035653,234710,3639176,3270363,77.2828174351288,69.4505752608833,24
-7.6926,53.28823,2021/08/20 23:00:00+00,Sat 21 Aug 2021,11876,7963,245,3416342,3043616,234955,3651297,3278571,77.5402232407648,69.6248832266171,25
-7.6926,53.28823,2021/08/21 23:00:00+00,Sun 22 Aug 2021,8002,12247,161,3424344,3055863,235116,3659460,3290979,77.7135755707216,69.8883838648756,26
-7.6926,53.28823,2021/08/22 23:00:00+00,Mon 23 Aug 2021,10860,15364,289,3435204,3071227,235405,3670609,3306632,77.9503396435733,70.2207964608348,27
-7.6926,53.28823,2021/08/23 23:00:00+00,Tue 24 Aug 2021,9705,22905,383,3444909,3094132,235788,3680697,3329920,78.1645719484373,70.7153485936333,28
-7.6926,53.28823,2021/08/24 23:00:00+00,Wed 25 Aug 2021,9411,19505,313,3454320,3113637,236101,3690421,3349738,78.3710742216824,71.136210589846,29
-7.6926,53.28823,2021/08/25 23:00:00+00,Thu 26 Aug 2021,8572,19420,367,3462892,3133057,236468,3699360,3369525,78.5609059597057,71.5564142591901,30
-7.6926,53.28823,2021/08/26 23:00:00+00,Fri 27 Aug 2021,9714,19194,430,3472606,3152251,236898,3709504,3389149,78.7763275002033,71.9731564033862,31
-7.6926,53.28823,2021/08/27 23:00:00+00,Sat 28 Aug 2021,9914,7904,153,3482520,3160155,237051,3719571,3397206,78.9901138417047,72.1442576801793,32
-7.6926,53.28823,2021/08/28 23:00:00+00,Sun 29 Aug 2021,8794,9182,29,3491314,3169337,237080,3728394,3406417,79.1774821630582,72.3398657055661,33
-7.6926,53.28823,2021/08/29 23:00:00+00,Mon 30 Aug 2021,5054,11111,84,3496368,3180448,237164,3733532,3417612,79.2865945324467,72.5776066505454,34
-7.6926,53.28823,2021/08/30 23:00:00+00,Tue 31 Aug 2021,4057,12878,142,3500425,3193326,237306,3737731,3430632,79.3757659686208,72.8541039353718,35
-7.6926,53.28823,2021/08/31 23:00:00+00,Wed 01 Sep 2021,4954,12520,180,3505379,3205846,237486,3742865,3443332,79.4847933926068,73.1238055880059,36
-7.6926,53.28823,2020/12/28 00:00:00+00,Mon 28 Dec 2020,219,17,0,219,17,0,219,17,0.00465076078164211,0.000361017960218794,37
-7.6926,53.28823,2021/09/01 23:00:00+00,Thu 02 Sep 2021,5006,12343,247,3510385,3218189,237733,3748118,3455922,79.5963479423144,73.3911712420738,38
-7.6926,53.28823,2021/09/02 23:00:00+00,Fri 03 Sep 2021,4770,16058,165,3515155,3234247,237898,3753053,3472145,79.7011493325309,73.7356885578755,39
-7.6926,53.28823,2020/12/29 00:00:00+00,Tue 29 Dec 2020,75,2,0,294,19,0,294,19,0.00624348707672502,0.000403490661421005,40
-7.6926,53.28823,2021/09/03 23:00:00+00,Sat 04 Sep 2021,4627,10572,133,3519782,3244819,238031,3757813,3482850,79.8022343613921,73.9630236910604,41
-7.6926,53.28823,2020/12/30 00:00:00+00,Wed 30 Dec 2020,1057,1,0,1351,20,0,1351,20,0.0286903096620936,0.00042472701202211,42
-7.6926,53.28823,2021/09/04 23:00:00+00,Sun 05 Sep 2021,5304,11894,1,3525086,3256713,238032,3763118,3494745,79.914893201331,74.2156300814605,43
-7.6926,53.28823,2020/12/31 00:00:00+00,Thu 31 Dec 2020,1033,1,0,2384,21,0,2384,21,0.0506274598330356,0.000445963362623216,44
-7.6926,53.28823,2021/09/05 23:00:00+00,Mon 06 Sep 2021,2152,9663,75,3527238,3266376,238107,3765345,3504483,79.9621865541197,74.4224296636141,45
-7.6926,53.28823,2021/01/01 00:00:00+00,Fri 01 Jan 2021,815,0,2,3199,21,2,3201,23,0.0679775582741388,0.000488436063825427,46
-7.6926,53.28823,2021/09/06 23:00:00+00,Tue 07 Sep 2021,3025,10005,158,3530263,3276381,238265,3768528,3514646,80.029781858083,74.6382546947731,47
-7.6926,53.28823,2021/01/02 00:00:00+00,Sat 02 Jan 2021,1016,0,0,4215,21,2,4217,23,0.089553690484862,0.000488436063825427,48
-7.6926,53.28823,2021/09/07 23:00:00+00,Wed 08 Sep 2021,2607,14805,187,3532870,3291186,238452,3771322,3529638,80.0891162216625,74.9566300629849,49
-7.6926,53.28823,2021/09/08 23:00:00+00,Thu 09 Sep 2021,3113,14804,138,3535983,3305990,238590,3774573,3544580,80.1581555974667,75.2739436136666,50
-7.6926,53.28823,2021/09/09 23:00:00+00,Fri 10 Sep 2021,3373,13945,115,3539356,3319935,238705,3778061,3558640,80.2322279883633,75.5725267031182,51
-7.6926,53.28823,2021/09/10 23:00:00+00,Sat 11 Sep 2021,2557,11326,62,3541913,3331261,238767,3780680,3570028,80.2878459905876,75.8143662637635,52
-7.6926,53.28823,2021/09/11 23:00:00+00,Sun 12 Sep 2021,2040,12880,1,3543953,3344141,238768,3782721,3582909,80.3311893821645,76.0879116958564,53
-7.6926,53.28823,2021/09/12 23:00:00+00,Mon 13 Sep 2021,1610,7729,52,3545563,3351870,238820,3784383,3590690,80.3664841968635,76.2531517398836,54
-7.6926,53.28823,2021/09/13 23:00:00+00,Tue 14 Sep 2021,1544,10778,82,3547107,3362648,238902,3786009,3601550,80.4010145029409,76.4837785074116,55
-7.6926,53.28823,2021/09/14 23:00:00+00,Wed 15 Sep 2021,3276,12392,138,3550383,3375040,239040,3789423,3614080,80.4735154038931,76.7498699804434,56
-7.6926,53.28823,2021/09/15 23:00:00+00,Thu 16 Sep 2021,1906,10588,115,3552289,3385628,239155,3791444,3624783,80.5164340684579,76.9771626409271,57
-7.6926,53.28823,2021/09/16 23:00:00+00,Fri 17 Sep 2021,2558,14607,94,3554847,3400235,239249,3794096,3639484,80.572752870252,77.2893582311139,58
-7.6926,53.28823,2021/09/17 23:00:00+00,Sat 18 Sep 2021,2284,11226,47,3557131,3411461,239296,3796427,3650757,80.6222548035032,77.5287556114402,59
-7.6926,53.28823,2021/09/18 23:00:00+00,Sun 19 Sep 2021,1860,8489,15,3558991,3419950,239311,3798302,3659261,80.6620729608803,77.709349536952,60
-7.6926,53.28823,2021/09/19 23:00:00+00,Mon 20 Sep 2021,952,5606,35,3559943,3425556,239346,3799289,3664902,80.6830332389236,77.8291437906928,61
-7.6926,53.28823,2021/09/20 23:00:00+00,Tue 21 Sep 2021,1462,6664,90,3561405,3432220,239436,3800841,3671656,80.7159920550565,77.9725741026527,62
-7.6926,53.28823,2021/09/21 23:00:00+00,Wed 22 Sep 2021,1891,8143,97,3563296,3440363,239533,3802829,3679896,80.7582099200515,78.1475616316058,63
-7.6926,53.28823,2021/09/22 23:00:00+00,Thu 23 Sep 2021,1697,8734,89,3564993,3449097,239622,3804615,3688719,80.7961380422251,78.3349299529594,64
-7.6926,53.28823,2021/09/23 23:00:00+00,Fri 24 Sep 2021,1908,7390,79,3566901,3456487,239701,3806602,3696188,80.8383346708695,78.493544255599,65
-7.6926,53.28823,2021/09/24 23:00:00+00,Sat 25 Sep 2021,2414,6592,52,3569315,3463079,239753,3809068,3702832,80.8907035114518,78.6346385689928,66
-7.6926,53.28823,2021/09/25 23:00:00+00,Sun 26 Sep 2021,1548,7097,0,3570863,3470176,239753,3810616,3709929,80.9235773821823,78.7853529492088,67
-7.6926,53.28823,2021/09/26 23:00:00+00,Mon 27 Sep 2021,1176,3814,45,3572039,3473990,239798,3811837,3713788,80.9495069662663,78.8673040261785,68
-7.6926,53.28823,2021/09/27 23:00:00+00,Tue 28 Sep 2021,1448,5122,93,3573487,3479112,239891,3813378,3719003,80.9822321825426,78.9780515945632,69
-7.6926,53.28823,2021/09/28 23:00:00+00,Wed 29 Sep 2021,1651,3612,79,3575138,3482724,239970,3815108,3722694,81.0189710690825,79.0564349646319,70
-7.6926,53.28823,2021/09/29 23:00:00+00,Thu 30 Sep 2021,1281,3962,78,3576419,3486686,240048,3816467,3726734,81.0478312695494,79.1422298210604,71
-7.6926,53.28823,2021/09/30 23:00:00+00,Fri 01 Oct 2021,1845,5176,41,3578264,3491862,240089,3818353,3731951,81.0878830267831,79.2530198621464,72
-7.6926,53.28823,2021/10/01 23:00:00+00,Sat 02 Oct 2021,1712,4083,40,3579976,3495945,240129,3820105,3736074,81.1250891130362,79.3405773356747,73
-7.6926,53.28823,2021/10/02 23:00:00+00,Sun 03 Oct 2021,1196,3014,9,3581172,3498959,240138,3821310,3739097,81.1506789155105,79.4047748235419,74
-7.6926,53.28823,2021/10/03 23:00:00+00,Mon 04 Oct 2021,336,1234,18,3581508,3500193,240156,3821664,3740349,81.1581965836233,79.4313627344944,75
-7.6926,53.28823,2021/10/04 23:00:00+00,Tue 05 Oct 2021,964,2817,70,3582472,3503010,240226,3822698,3743236,81.1801549701449,79.4926720786798,76
-7.6926,53.28823,2021/10/05 23:00:00+00,Wed 06 Oct 2021,974,2566,38,3583446,3505576,240264,3823710,3745840,81.2016461569532,79.5479715356451,77
-7.6926,53.28823,2021/10/06 23:00:00+00,Thu 07 Oct 2021,1211,2692,44,3584657,3508268,240308,3824965,3748576,81.2282977769576,79.6060741908897,78
-7.6926,53.28823,2021/10/07 23:00:00+00,Fri 08 Oct 2021,964,2776,48,3585621,3511044,240356,3825977,3751400,81.2497889637659,79.6660456449873,79
-7.6926,53.28823,2021/10/08 23:00:00+00,Sat 09 Oct 2021,732,2376,23,3586353,3513420,240379,3826732,3753799,81.2658224084697,79.7169916500793,80
-7.6926,53.28823,2021/10/09 23:00:00+00,Sun 10 Oct 2021,1501,3915,1,3587854,3517335,240380,3828234,3757715,81.2977194070726,79.8001531990332,81
-7.6926,53.28823,2021/10/10 23:00:00+00,Mon 11 Oct 2021,331,1121,19,3588185,3518456,240399,3828584,3758855,81.305152129783,79.8243626387185,82
-7.6926,53.28823,2021/10/11 23:00:00+00,Tue 12 Oct 2021,558,1606,20,3588743,3520062,240419,3829162,3760481,81.3174267404304,79.8588929447959,83
-7.6926,53.28823,2021/10/12 23:00:00+00,Wed 13 Oct 2021,997,2068,11,3589740,3522130,240430,3830170,3762560,81.3388329818363,79.9030433176956,84
-7.6926,53.28823,2021/10/13 23:00:00+00,Thu 14 Oct 2021,682,1591,8,3590422,3523721,240438,3830860,3764159,81.3534860637511,79.9370002423068,85
-7.6926,53.28823,2021/10/14 23:00:00+00,Fri 15 Oct 2021,950,2064,8,3591372,3525785,240446,3831818,3766231,81.373830487627,79.9810019607523,86
-7.6926,53.28823,2021/10/15 23:00:00+00,Sat 16 Oct 2021,1369,2636,14,3592741,3528421,240460,3833201,3768881,81.4032003605083,80.0372782898452,87
-7.6926,53.28823,2021/10/16 23:00:00+00,Sun 17 Oct 2021,1701,2886,2,3594442,3531307,240462,3834904,3771769,81.439365865582,80.0986088703812,88
-7.6926,53.28823,2021/10/17 23:00:00+00,Mon 18 Oct 2021,670,1239,6,3595112,3532546,240468,3835580,3773014,81.4537216385883,80.1250481268795,89
-7.6926,53.28823,2021/10/18 23:00:00+00,Tue 19 Oct 2021,1333,1792,13,3596445,3534338,240481,3836926,3774819,81.4823057664974,80.1633797397145,90
-7.6926,53.28823,2021/10/19 23:00:00+00,Wed 20 Oct 2021,2250,2315,0,3598695,3536653,240481,3839176,3777134,81.5300875553499,80.2125418913561,91
-7.6926,53.28823,2021/10/20 23:00:00+00,Thu 21 Oct 2021,1739,1824,11,3600434,3538477,240492,3840926,3778969,81.5672511689018,80.2515105947091,92
-7.6926,53.28823,2021/10/21 23:00:00+00,Fri 22 Oct 2021,1497,1919,3,3601931,3540396,240495,3842426,3780891,81.5991056948035,80.2923268605645,93
-7.6926,53.28823,2021/10/22 23:00:00+00,Sat 23 Oct 2021,2008,1693,1,3603939,3542089,240496,3844435,3782585,81.6417695231611,80.3283012384827,94
-7.6926,53.28823,2021/10/23 23:00:00+00,Sun 24 Oct 2021,1948,2184,2,3605887,3544273,240498,3846385,3784771,81.6831804068333,80.3747239008968,95
-7.6926,53.28823,2021/10/24 23:00:00+00,Mon 25 Oct 2021,1218,840,2,3607105,3545113,240500,3847605,3785613,81.7090887545666,80.3926049081029,96
-7.6926,53.28823,2021/10/25 23:00:00+00,Tue 26 Oct 2021,1238,1214,6,3608343,3546327,240506,3848849,3786833,81.7355067747144,80.4185132558362,97
-7.6926,53.28823,2021/10/26 23:00:00+00,Wed 27 Oct 2021,1555,1414,5,3609898,3547741,240511,3850409,3788252,81.7686354816521,80.4486476373392,98
-7.6926,53.28823,2021/10/27 23:00:00+00,Thu 28 Oct 2021,2151,1683,4,3612049,3549424,240515,3852564,3789939,81.8143998171975,80.4844733608033,99
-7.6926,53.28823,2021/10/28 23:00:00+00,Fri 29 Oct 2021,2131,1353,1,3614180,3550777,240516,3854696,3791293,81.859675716679,80.5132273795172,100
-7.6926,53.28823,2021/10/29 23:00:00+00,Sat 30 Oct 2021,2013,1444,0,3616193,3552221,240516,3856709,3792737,81.9024244904391,80.5438926697852,101
-7.6926,53.28823,2021/10/30 23:00:00+00,Sun 31 Oct 2021,1594,1317,0,3617787,3553538,240516,3858303,3794054,81.9362752332972,80.5718609435268,102
-7.6926,53.28823,2021/11/01 00:00:00+00,Mon 01 Nov 2021,265,270,3,3618052,3553808,240519,3858571,3794327,81.9419665752583,80.5776584672409,103
-7.6926,53.28823,2021/11/02 00:00:00+00,Tue 02 Nov 2021,1090,1081,9,3619142,3554889,240528,3859670,3795417,81.9653053245689,80.6008060893961,104
-7.6926,53.28823,2021/11/03 00:00:00+00,Wed 03 Nov 2021,2530,1857,6,3621672,3556746,240534,3862206,3797280,82.0191607096934,80.640369410566,105
-7.6926,53.28823,2021/11/04 00:00:00+00,Thu 04 Nov 2021,1536,1264,1,3623208,3558010,240535,3863743,3798545,82.0518009805673,80.6672333940764,106
-7.6926,53.28823,2021/11/05 00:00:00+00,Fri 05 Nov 2021,1631,1078,3,3624839,3559088,240538,3865377,3799626,82.0865011774494,80.6901898890762,107
-7.6926,53.28823,2021/11/06 00:00:00+00,Sat 06 Nov 2021,1814,1343,5,3626653,3560431,240543,3867196,3800974,82.1251300991929,80.7188164896865,108
-7.6926,53.28823,2021/11/07 00:00:00+00,Sun 07 Nov 2021,693,770,0,3627346,3561201,240543,3867889,3801744,82.1398468901594,80.7351684796493,109
-7.6926,53.28823,2021/11/08 00:00:00+00,Mon 08 Nov 2021,515,525,3,3627861,3561726,240546,3868407,3802272,82.1508473197708,80.7463812727667,110
-7.6926,53.28823,2021/11/09 00:00:00+00,Tue 09 Nov 2021,1368,1048,1,3629229,3562774,240547,3869776,3803321,82.1799198837437,80.7686582045473,111
-7.6926,53.28823,2021/11/10 00:00:00+00,Wed 10 Nov 2021,1615,1347,1,3630844,3564121,240548,3871392,3804669,82.2142378263151,80.7972848051575,112
-7.6926,53.28823,2021/04/12 23:00:00+00,Tue 13 Apr 2021,11509,8590,1,807943,347390,231,808174,347621,17.1626664106979,7.3822014323069,113
-7.6926,53.28823,2021/01/03 00:00:00+00,Sun 03 Jan 2021,21,2,1,4236,23,3,4239,26,0.0900208901980863,0.000552145115628744,114
-7.6926,53.28823,2021/04/13 23:00:00+00,Wed 14 Apr 2021,20344,6596,2,828287,353986,233,828520,354219,17.5947412000279,7.522318873573,115
-7.6926,53.28823,2021/01/04 00:00:00+00,Mon 04 Jan 2021,1187,3,0,5423,26,3,5426,29,0.115228438361599,0.00061585416743206,116
-7.6926,53.28823,2021/04/14 23:00:00+00,Thu 15 Apr 2021,27124,10802,1,855411,364788,234,855645,365022,18.1707772100829,7.75173516911674,117
-7.6926,53.28823,2021/01/05 00:00:00+00,Tue 05 Jan 2021,3528,10,0,8951,36,3,8954,39,0.190150283282299,0.000828217673443115,118
-7.6926,53.28823,2021/04/15 23:00:00+00,Fri 16 Apr 2021,27966,9831,1,883377,374619,235,883612,374854,18.7646942273441,7.96053096822681,119
-7.6926,53.28823,2021/01/06 00:00:00+00,Wed 06 Jan 2021,6775,10,0,15726,46,3,15729,49,0.334026558604789,0.00104058117945417,120
-7.6926,53.28823,2021/04/16 23:00:00+00,Sat 17 Apr 2021,15848,4550,3,899225,379169,238,899463,379407,19.1013116207222,8.05722007251364,121
-7.6926,53.28823,2021/01/07 00:00:00+00,Thu 07 Jan 2021,11723,8,0,27449,54,3,27452,57,0.582980296701549,0.00121047198426301,122
-7.6926,53.28823,2021/04/17 23:00:00+00,Sun 18 Apr 2021,1071,485,0,900296,379654,238,900534,379892,19.124055752216,8.06751970255518,123
-7.6926,53.28823,2021/01/08 00:00:00+00,Fri 08 Jan 2021,12676,5,0,40125,59,3,40128,62,0.852172276921162,0.00131665373726854,124
-7.6926,53.28823,2021/04/18 23:00:00+00,Mon 19 Apr 2021,6739,2254,0,907035,381908,238,907273,382146,19.2671675189168,8.11538643681007,125
-7.6926,53.28823,2021/01/09 00:00:00+00,Sat 09 Jan 2021,8074,7,0,48199,66,3,48202,69,1.02363457167449,0.00146530819147628,126
-7.6926,53.28823,2021/04/19 23:00:00+00,Tue 20 Apr 2021,15087,7310,1,922122,389218,239,922361,389457,19.5875815767863,8.27064539605475,127
-7.6926,53.28823,2021/01/10 00:00:00+00,Sun 10 Jan 2021,4780,4,1,52979,70,4,52983,74,1.12516556389837,0.00157148994448181,128
-7.6926,53.28823,2021/04/20 23:00:00+00,Wed 21 Apr 2021,26712,9875,4,948834,399093,243,949077,399336,20.1549319194454,8.48043930364308,129
-7.6926,53.28823,2021/01/11 00:00:00+00,Mon 11 Jan 2021,8340,6,0,61319,76,4,61323,80,1.30227672791159,0.00169890804808844,130
-7.6926,53.28823,2021/04/21 23:00:00+00,Thu 22 Apr 2021,31618,12182,1,980452,411275,244,980696,411519,20.8264040891018,8.73916176301634,131
-7.6926,53.28823,2021/01/12 00:00:00+00,Tue 12 Jan 2021,8879,10,0,70198,86,4,70202,90,1.49083428489881,0.0019112715540995,132
-7.6926,53.28823,2021/04/22 23:00:00+00,Fri 23 Apr 2021,33613,12351,3,1014065,423626,247,1014312,423873,21.5402852509085,9.0015156383424,133
-7.6926,53.28823,2021/01/13 00:00:00+00,Wed 13 Jan 2021,9878,5,0,80076,91,4,80080,95,1.70060695613653,0.00201745330710502,134
-7.6926,53.28823,2021/04/23 23:00:00+00,Sat 24 Apr 2021,23700,6988,2,1037765,430614,249,1038014,430863,22.0436292328559,9.14995772904413,135
-7.6926,53.28823,2021/01/14 00:00:00+00,Thu 14 Jan 2021,8081,4,0,88157,95,4,88161,99,1.87221790534406,0.00210239870950945,136
-7.6926,53.28823,2021/04/24 23:00:00+00,Sun 25 Apr 2021,9747,298,2,1047512,430912,251,1047763,431163,22.2506624148661,9.15632863422446,137
-7.6926,53.28823,2021/01/15 00:00:00+00,Fri 15 Jan 2021,7691,2,0,95848,97,4,95852,101,2.03554667781717,0.00214487141071166,138
-7.6926,53.28823,2021/04/25 23:00:00+00,Mon 26 Apr 2021,15581,3052,3,1063093,433964,254,1063347,434218,22.5816097026338,9.22120568531084,139
-7.6926,53.28823,2021/01/16 00:00:00+00,Sat 16 Jan 2021,5232,3,0,101080,100,4,101084,104,2.14665526416215,0.00220858046251497,140
-7.6926,53.28823,2021/04/26 23:00:00+00,Tue 27 Apr 2021,25910,7807,9,1089003,441771,263,1089266,442034,23.1320346738638,9.38718900160908,141
-7.6926,53.28823,2021/01/17 00:00:00+00,Sun 17 Jan 2021,1111,4,0,102191,104,4,102195,108,2.17024884967998,0.0022935258649194,142
-7.6926,53.28823,2021/04/27 23:00:00+00,Wed 28 Apr 2021,26028,8594,5,1115031,450365,268,1115299,450633,23.6848805890624,9.56980038042798,143
-7.6926,53.28823,2021/01/18 00:00:00+00,Mon 18 Jan 2021,8712,8,1,110903,112,5,110908,117,2.35528117246741,0.00248465302032935,144
-7.6926,53.28823,2021/04/28 23:00:00+00,Thu 29 Apr 2021,31689,11330,6,1146720,461695,274,1146994,461969,24.3579667213644,9.81053565084212,145
-7.6926,53.28823,2021/04/29 23:00:00+00,Fri 30 Apr 2021,36115,13522,8,1182835,475217,282,1183117,475499,25.1250874141282,10.0978634744751,146
-7.6926,53.28823,2021/04/30 23:00:00+00,Sat 01 May 2021,16577,6682,18,1199412,481899,300,1199712,482199,25.4775046523535,10.2401470235025,147
-7.6926,53.28823,2021/05/01 23:00:00+00,Sun 02 May 2021,12456,909,15,1211868,482808,315,1212183,483123,25.7423431806999,10.2597694114579,148
-7.6926,53.28823,2021/05/02 23:00:00+00,Mon 03 May 2021,14256,921,21,1226124,483729,336,1226460,484065,26.0455345582319,10.2797740537241,149
-7.6926,53.28823,2021/05/03 23:00:00+00,Tue 04 May 2021,26659,6785,10,1252783,490514,346,1253129,490860,26.6118867924128,10.4240750560587,150
-7.6926,53.28823,2021/05/04 23:00:00+00,Wed 05 May 2021,32101,13456,69,1284884,503970,415,1285299,504385,27.2950601912503,10.7112966979386,151
-7.6926,53.28823,2021/05/05 23:00:00+00,Thu 06 May 2021,37279,14376,132,1322163,518346,547,1322710,518893,28.0895333035883,11.0193936724594,152
-7.6926,53.28823,2021/05/06 23:00:00+00,Fri 07 May 2021,40597,15067,97,1362760,533413,644,1363404,534057,28.9537253549497,11.3414216929746,153
-7.6926,53.28823,2021/05/07 23:00:00+00,Sat 08 May 2021,25614,7040,10,1388374,540453,654,1389028,541107,29.4978856027524,11.4911379647124,154
-7.6926,53.28823,2021/05/08 23:00:00+00,Sun 09 May 2021,19667,921,5,1408041,541374,659,1408700,542033,29.9156470917773,11.510802825369,155
-7.6926,53.28823,2021/05/09 23:00:00+00,Mon 10 May 2021,28842,4641,173,1436883,546015,832,1437715,546847,30.5318198044684,11.6130346171628,156
-7.6926,53.28823,2021/05/10 23:00:00+00,Tue 11 May 2021,33918,14816,153,1470801,560831,985,1471786,561816,31.2553635057987,11.9309215493107,157
-7.6926,53.28823,2021/05/11 23:00:00+00,Wed 12 May 2021,31291,20928,171,1502092,581759,1156,1503248,582915,31.9235015684107,12.3789873106434,158
-7.6926,53.28823,2021/05/12 23:00:00+00,Thu 13 May 2021,35999,25474,152,1538091,607233,1308,1539399,608541,32.6912168789912,12.9231900311474,159
-7.6926,53.28823,2021/05/13 23:00:00+00,Fri 14 May 2021,38215,27942,236,1576306,635175,1544,1577850,636719,33.5077757959543,13.5215879183853,160
-7.6926,53.28823,2021/05/14 23:00:00+00,Sat 15 May 2021,28854,12443,22,1605160,647618,1566,1606726,649184,34.1209966559119,13.7862990286281,161
-7.6926,53.28823,2021/05/15 23:00:00+00,Sun 16 May 2021,23171,1170,9,1628331,648788,1575,1629906,650363,34.6132552628455,13.8113366859868,162
-7.6926,53.28823,2021/05/16 23:00:00+00,Mon 17 May 2021,35391,3942,115,1663722,652730,1690,1665412,654420,35.3672731272883,13.8974925603755,163
-7.6926,53.28823,2021/05/17 23:00:00+00,Tue 18 May 2021,39002,12488,126,1702724,665218,1816,1704540,667034,36.1982090536084,14.1653678868578,164
-7.6926,53.28823,2021/05/18 23:00:00+00,Wed 19 May 2021,37024,17585,208,1739748,682803,2024,1741772,684827,36.9888808591888,14.5432262731033,165
-7.6926,53.28823,2021/05/19 23:00:00+00,Thu 20 May 2021,39078,19637,136,1778826,702440,2160,1780986,704600,37.8216431116605,14.963132633539,166
-7.6926,53.28823,2021/05/20 23:00:00+00,Fri 21 May 2021,25843,23243,14934,1804669,725683,17094,1821763,742777,38.6875977801218,15.7738727904374,167
-7.6926,53.28823,2021/05/21 23:00:00+00,Sat 22 May 2021,16589,10242,13523,1821258,735925,30617,1851875,766542,39.3270667694223,16.2785546624726,168
-7.6926,53.28823,2021/05/22 23:00:00+00,Sun 23 May 2021,8210,5523,10204,1829468,741448,40821,1870289,782269,39.718112929391,16.6125387483762,169
-7.6926,53.28823,2021/05/23 23:00:00+00,Mon 24 May 2021,22546,8211,8450,1852014,749659,49271,1901285,798930,40.3763548526229,16.9663575857412,170
-7.6926,53.28823,2021/05/24 23:00:00+00,Tue 25 May 2021,30333,16480,3222,1882347,766139,52493,1934840,818632,41.088940597043,17.3847561652842,171
-7.6926,53.28823,2021/05/25 23:00:00+00,Wed 26 May 2021,19967,25387,3051,1902314,791526,55544,1957858,847070,41.5777589151793,17.9886755036785,172
-7.6926,53.28823,2021/05/26 23:00:00+00,Thu 27 May 2021,17007,36025,550,1919321,827551,56094,1975415,883645,41.9506055226829,18.7653950269139,173
-7.6926,53.28823,2021/05/27 23:00:00+00,Fri 28 May 2021,27029,31815,1558,1946350,859366,57652,2004002,917018,42.5576890773167,19.4741157555246,174
-7.6926,53.28823,2021/05/28 23:00:00+00,Sat 29 May 2021,24464,7383,534,1970814,866749,58186,2029000,924935,43.0885553696431,19.6422439432335,175
-7.6926,53.28823,2021/05/29 23:00:00+00,Sun 30 May 2021,24241,1675,209,1995055,868424,58395,2053450,926819,43.6077841418401,19.682253227766,176
-7.6926,53.28823,2021/05/30 23:00:00+00,Mon 31 May 2021,22576,7323,3443,2017631,875747,61838,2079469,937585,44.1603327481303,19.9108837783375,177
-7.6926,53.28823,2021/05/31 23:00:00+00,Tue 01 Jun 2021,27546,11509,3653,2045177,887256,65491,2110668,952747,44.8228856505342,20.2328693261515,178
-7.6926,53.28823,2021/06/01 23:00:00+00,Wed 02 Jun 2021,18687,20890,4007,2063864,908146,69498,2133362,977644,45.3048233910757,20.7615907470672,179
-7.6926,53.28823,2021/06/02 23:00:00+00,Thu 03 Jun 2021,16678,30705,1976,2080542,938851,71474,2152016,1010325,45.7009662751887,21.4556159210619,180
-7.6926,53.28823,2021/06/03 23:00:00+00,Fri 04 Jun 2021,28997,23343,153,2109539,962194,71627,2181166,1033821,46.3200058952109,21.9545852147855,181
-7.6926,53.28823,2021/06/04 23:00:00+00,Sat 05 Jun 2021,20949,11487,33,2130488,973681,71660,2202148,1045341,46.7655870035233,22.1992279737102,182
-7.6926,53.28823,2021/06/05 23:00:00+00,Sun 06 Jun 2021,19931,3900,45,2150419,977581,71705,2222124,1049286,47.189804343131,22.2830053768316,183
-7.6926,53.28823,2021/06/06 23:00:00+00,Mon 07 Jun 2021,19802,4582,45,2170221,982163,71750,2241971,1053913,47.6112821935112,22.3812659710629,184
-7.6926,53.28823,2021/06/07 23:00:00+00,Tue 08 Jun 2021,26395,18351,45,2196616,1000514,71795,2268411,1072309,48.1727713034044,22.7719298767209,185
-7.6926,53.28823,2021/06/08 23:00:00+00,Wed 09 Jun 2021,32788,20110,173,2229404,1020624,71968,2301372,1092592,48.8727426555674,23.2026667759631,186
-7.6926,53.28823,2021/06/09 23:00:00+00,Thu 10 Jun 2021,27675,27484,270,2257079,1048108,72238,2329317,1120346,49.4661924731153,23.7920604505462,187
-7.6926,53.28823,2021/06/10 23:00:00+00,Fri 11 Jun 2021,26423,32891,40,2283502,1080999,72278,2355780,1153277,50.0281700190724,24.4913947121912,188
-7.6926,53.28823,2021/06/11 23:00:00+00,Sat 12 Jun 2021,12200,19717,103,2295702,1100716,72381,2368083,1173097,50.2894408405178,24.9122991811051,189
-7.6926,53.28823,2021/06/12 23:00:00+00,Sun 13 Jun 2021,8541,18168,832,2304243,1118884,73213,2377456,1192097,50.4884891547019,25.3157898425261,190
-7.6926,53.28823,2021/06/13 23:00:00+00,Mon 14 Jun 2021,16009,31300,49,2320252,1150184,73262,2393514,1223446,50.8295024726545,25.9815281975201,191
-7.6926,53.28823,2021/06/14 23:00:00+00,Tue 15 Jun 2021,14684,41578,205,2334936,1191762,73467,2408403,1265229,51.1456904967543,26.8688466346861,192
-7.6926,53.28823,2021/06/15 23:00:00+00,Wed 16 Jun 2021,13459,48385,215,2348395,1240147,73682,2422077,1313829,51.4360763548739,27.9009332738999,193
-7.6926,53.28823,2021/06/16 23:00:00+00,Thu 17 Jun 2021,21566,42668,535,2369961,1282815,74217,2444178,1357032,51.9054209395089,28.8184073289194,194
-7.6926,53.28823,2021/06/17 23:00:00+00,Fri 18 Jun 2021,12008,50037,553,2381969,1332852,74770,2456739,1407622,52.1721707394094,29.8927543058294,195
-7.6926,53.28823,2021/06/18 23:00:00+00,Sat 19 Jun 2021,6307,32794,432,2388276,1365646,75202,2463478,1440848,52.3152825061102,30.5983532909017,196
-7.6926,53.28823,2021/06/19 23:00:00+00,Sun 20 Jun 2021,8508,26136,177,2396784,1391782,75379,2472163,1467161,52.4997202110808,31.1571453842686,197
-7.6926,53.28823,2021/06/20 23:00:00+00,Mon 21 Jun 2021,15462,32338,572,2412246,1424120,75951,2488197,1500071,52.8402238566189,31.856033682551,198
-7.6926,53.28823,2021/06/21 23:00:00+00,Tue 22 Jun 2021,15129,43538,722,2427375,1467658,76673,2504048,1544331,53.1768412499971,32.7959545601559,199
-7.6926,53.28823,2021/06/22 23:00:00+00,Wed 23 Jun 2021,20075,39381,883,2447450,1507039,77556,2525006,1584595,53.621912685895,33.6510149807588,200
-7.6926,53.28823,2021/06/23 23:00:00+00,Thu 24 Jun 2021,19010,44263,1031,2466460,1551302,78587,2545047,1629889,54.0475103882918,34.6128942448853,201
-7.6926,53.28823,2021/06/24 23:00:00+00,Fri 25 Jun 2021,15200,50116,842,2481660,1601418,79429,2561089,1680847,54.3881839246347,35.6950561988164,202
-7.6926,53.28823,2021/06/25 23:00:00+00,Sat 26 Jun 2021,9054,30542,509,2490714,1631960,79938,2570652,1711898,54.5912671454331,36.3544661213313,203
-7.6926,53.28823,2021/06/26 23:00:00+00,Sun 27 Jun 2021,8718,30471,58,2499432,1662431,79996,2579428,1742427,54.7776373583084,37.0027906688325,204
-7.6926,53.28823,2021/06/27 23:00:00+00,Mon 28 Jun 2021,24220,24631,522,2523652,1687062,80518,2604170,1767580,55.303067144881,37.5369485955021,205
-7.6926,53.28823,2021/06/28 23:00:00+00,Tue 29 Jun 2021,28146,31019,809,2551798,1718081,81327,2633125,1799408,55.917965676536,38.2128591624341,206
-7.6926,53.28823,2021/06/29 23:00:00+00,Wed 30 Jun 2021,22556,36855,588,2574354,1754936,81915,2656269,1836851,56.409459774848,39.0080118379913,207
-7.6926,53.28823,2021/06/30 23:00:00+00,Thu 01 Jul 2021,14998,48310,639,2589352,1803246,82554,2671906,1885800,56.7415325891975,40.0475099635648,208
-7.6926,53.28823,2021/07/01 23:00:00+00,Fri 02 Jul 2021,13650,47252,815,2603002,1850498,83369,2686371,1933867,57.0487164006424,41.0682776279081,209
-7.6926,53.28823,2021/07/02 23:00:00+00,Sat 03 Jul 2021,9303,30463,505,2612305,1880961,83874,2696179,1964835,57.2570025273381,41.7259249333232,210
-7.6926,53.28823,2021/07/03 23:00:00+00,Sun 04 Jul 2021,6445,27773,233,2618750,1908734,84107,2702857,1992841,57.3988188766523,42.3206701682577,211
-7.6926,53.28823,2021/07/04 23:00:00+00,Mon 05 Jul 2021,15589,33444,5338,2634339,1942178,89445,2723784,2031623,57.8432319856816,43.1442583172698,212
-7.6926,53.28823,2021/07/05 23:00:00+00,Tue 06 Jul 2021,12402,48285,5484,2646741,1990463,94929,2741670,2085392,58.223065352533,44.2861156527406,213
-7.6926,53.28823,2021/07/06 23:00:00+00,Wed 07 Jul 2021,19698,43749,5057,2666439,2034212,99986,2766425,2134198,58.7487712116633,45.3225769801782,214
-7.6926,53.28823,2021/07/07 23:00:00+00,Thu 08 Jul 2021,17758,45579,5993,2684197,2079791,105979,2790176,2185770,59.2531557747902,46.4177780533784,215
-7.6926,53.28823,2021/07/08 23:00:00+00,Fri 09 Jul 2021,13511,45082,6528,2697708,2124873,112507,2810215,2237380,59.6787110044857,47.5137861079015,216
-7.6926,53.28823,2021/07/09 23:00:00+00,Sat 10 Jul 2021,8623,23860,4364,2706331,2148733,116871,2823202,2265604,59.9545074897423,48.1131608672671,217
-7.6926,53.28823,2021/07/10 23:00:00+00,Sun 11 Jul 2021,15225,16104,2153,2721556,2164837,119024,2840580,2283861,60.3235527904883,48.5008729201915,218
-7.6926,53.28823,2021/07/11 23:00:00+00,Mon 12 Jul 2021,17098,31746,6091,2738654,2196583,125115,2863769,2321698,60.8160025245774,49.3043927178855,219
-7.6926,53.28823,2021/07/12 23:00:00+00,Tue 13 Jul 2021,20097,36554,8486,2758751,2233137,133601,2892352,2366738,61.4230011338088,50.2608779489593,220
-7.6926,53.28823,2021/07/13 23:00:00+00,Wed 14 Jul 2021,20785,35693,9331,2779536,2268830,142932,2922468,2411762,62.0625550685116,51.2170233984235,221
-7.6926,53.28823,2021/07/14 23:00:00+00,Thu 15 Jul 2021,23621,28820,9581,2803157,2297650,152513,2955670,2450163,62.7676443811696,52.0325204978565,222
-7.6926,53.28823,2021/07/15 23:00:00+00,Fri 16 Jul 2021,23522,27407,9162,2826679,2325057,161675,2988354,2486732,63.4617332642161,52.8091126029883,223
-7.6926,53.28823,2021/07/16 23:00:00+00,Sat 17 Jul 2021,11488,19418,4676,2838167,2344475,166351,3004518,2510826,63.8049976353324,53.3207812343714,224
-7.6926,53.28823,2021/07/17 23:00:00+00,Sun 18 Jul 2021,16851,15806,1930,2855018,2360281,168281,3023299,2528562,64.2038375359717,53.6974291486326,225
-7.6926,53.28823,2021/07/18 23:00:00+00,Mon 19 Jul 2021,24873,18416,6249,2879891,2378697,174530,3054421,2553227,64.8647552393793,54.2212237362088,226
-7.6926,53.28823,2021/07/19 23:00:00+00,Tue 20 Jul 2021,30562,18163,7693,2910453,2396860,182223,3092676,2579083,65.6771518316246,54.770310817351,227
-7.6926,53.28823,2021/07/20 23:00:00+00,Wed 21 Jul 2021,30343,19828,6886,2940796,2416688,189109,3129905,2605797,66.4677599281532,55.337618687309,228
-7.6926,53.28823,2021/07/21 23:00:00+00,Thu 22 Jul 2021,33523,15917,6932,2974319,2432605,196041,3170360,2628646,67.3268764917209,55.8228480621936,229
-7.6926,53.28823,2021/07/22 23:00:00+00,Fri 23 Jul 2021,27079,20814,5613,3001398,2453419,201654,3203052,2655073,68.0211352655722,56.384061099529,230
-7.6926,53.28823,2021/07/23 23:00:00+00,Sat 24 Jul 2021,15424,14805,2271,3016822,2468224,203925,3220747,2672149,68.3969124894588,56.7466930223935,231
-7.6926,53.28823,2021/07/24 23:00:00+00,Sun 25 Jul 2021,14712,13639,1042,3031534,2481863,204967,3236501,2686830,68.7314699568286,57.0584638855683,232
-7.6926,53.28823,2021/07/25 23:00:00+00,Mon 26 Jul 2021,23818,18271,3419,3055352,2500134,208386,3263738,2708520,69.3098844381509,57.5190803301063,233
-7.6926,53.28823,2021/07/26 23:00:00+00,Tue 27 Jul 2021,25496,23886,3670,3080848,2524020,212056,3292904,2736076,69.9292638397828,58.1042692072704,234
-7.6926,53.28823,2021/01/19 00:00:00+00,Tue 19 Jan 2021,8376,19,0,119279,131,5,119284,136,2.53315684510227,0.00288814368175035,235
-7.6926,53.28823,2021/01/20 00:00:00+00,Wed 20 Jan 2021,8445,962,1,127724,1093,6,127730,1099,2.71251906227921,0.023338749310615,236
-7.6926,53.28823,2021/01/21 00:00:00+00,Thu 21 Jan 2021,9003,962,0,136727,2055,6,136733,2061,2.90370992674096,0.0437681185888785,237
-7.6926,53.28823,2021/01/22 00:00:00+00,Fri 22 Jan 2021,6777,967,0,143504,3022,6,143510,3028,3.04762867476465,0.0643036696201475,238
-7.6926,53.28823,2021/01/23 00:00:00+00,Sat 23 Jan 2021,4185,460,0,147689,3482,6,147695,3488,3.13650280203028,0.0740723908966561,239
-7.6926,53.28823,2021/01/24 00:00:00+00,Sun 24 Jan 2021,1181,398,0,148870,3880,6,148876,3886,3.16158293209019,0.0825244584358961,240
-7.6926,53.28823,2021/01/25 00:00:00+00,Mon 25 Jan 2021,1355,1287,0,150225,5167,6,150231,5173,3.19035818715468,0.109855641659519,241
-7.6926,53.28823,2021/01/26 00:00:00+00,Tue 26 Jan 2021,1001,3499,0,151226,8666,6,151232,8672,3.21161577410639,0.184161632412787,242
-7.6926,53.28823,2021/01/27 00:00:00+00,Wed 27 Jan 2021,2168,6700,0,153394,15366,6,153400,15372,3.25765618220959,0.326445181440194,243
-7.6926,53.28823,2021/01/28 00:00:00+00,Thu 28 Jan 2021,1003,11538,0,154397,26904,6,154403,26910,3.2789562418625,0.57147019467575,244
-7.6926,53.28823,2021/01/29 00:00:00+00,Fri 29 Jan 2021,1575,11526,0,155972,38430,6,155978,38436,3.31240349405924,0.816240371704092,245
-7.6926,53.28823,2021/01/30 00:00:00+00,Sat 30 Jan 2021,631,7793,0,156603,46223,6,156609,46229,3.32580363128853,0.981735251938507,246
-7.6926,53.28823,2021/01/31 00:00:00+00,Sun 31 Jan 2021,225,4086,0,156828,50309,6,156834,50315,3.33058181017378,1.06850698049462,247
-7.6926,53.28823,2021/02/01 00:00:00+00,Mon 01 Feb 2021,1024,8335,0,157852,58644,6,157858,58650,3.35232783318932,1.24551196275484,248
-7.6926,53.28823,2021/02/02 00:00:00+00,Tue 02 Feb 2021,826,5108,0,158678,63752,6,158684,63758,3.36986905878583,1.35398724162529,249
-7.6926,53.28823,2021/02/03 00:00:00+00,Wed 03 Feb 2021,1396,6865,0,160074,70617,6,160080,70623,3.39951500422497,1.49977478850188,250
-7.6926,53.28823,2021/02/04 00:00:00+00,Thu 04 Feb 2021,1426,10541,1,161500,81158,7,161507,81165,3.42981927653275,1.72364839653873,251
-7.6926,53.28823,2021/02/05 00:00:00+00,Fri 05 Feb 2021,3389,8613,0,164889,89771,7,164896,89778,3.5017892687199,1.90655708426605,252
-7.6926,53.28823,2021/02/06 00:00:00+00,Sat 06 Feb 2021,895,3867,0,165784,93638,7,165791,93645,3.52079580250789,1.98867805204053,253
-7.6926,53.28823,2021/02/07 00:00:00+00,Sun 07 Feb 2021,328,1300,2,166112,94938,9,166121,94947,3.52780379820625,2.01632778052317,254
-7.6926,53.28823,2021/02/08 00:00:00+00,Mon 08 Feb 2021,1179,879,0,167291,95817,9,167300,95826,3.55284145556495,2.03499453270154,255
-7.6926,53.28823,2021/02/09 00:00:00+00,Tue 09 Feb 2021,4260,543,2,171551,96360,11,171562,96371,3.64335078182687,2.04656834377914,256
-7.6926,53.28823,2021/02/10 00:00:00+00,Wed 10 Feb 2021,8823,580,0,180374,96940,11,180385,96951,3.83071910318042,2.05888542712778,257
-7.6926,53.28823,2021/02/11 00:00:00+00,Thu 11 Feb 2021,6177,445,0,186551,97385,11,186562,97396,3.96189604084345,2.06833560314527,258
-7.6926,53.28823,2021/02/12 00:00:00+00,Fri 12 Feb 2021,4393,522,0,190944,97907,11,190955,97918,4.0551873290341,2.07942097815905,259
-7.6926,53.28823,2021/02/13 00:00:00+00,Sat 13 Feb 2021,1208,1914,0,192152,99821,11,192163,99832,4.08084084056024,2.12006735320957,260
-7.6926,53.28823,2021/02/14 00:00:00+00,Sun 14 Feb 2021,2695,27,0,194847,99848,11,194858,99859,4.13807280543022,2.1206407346758,261
-7.6926,53.28823,2021/02/15 00:00:00+00,Mon 15 Feb 2021,1961,7887,0,196808,107735,11,196819,107746,4.17971728895899,2.28813183186672,262
-7.6926,53.28823,2021/02/16 00:00:00+00,Tue 16 Feb 2021,5646,8158,0,202454,115893,11,202465,115904,4.29961772445283,2.46137798007053,263
-7.6926,53.28823,2021/02/17 00:00:00+00,Wed 17 Feb 2021,9741,8463,0,212195,124356,11,212206,124367,4.5064810156582,2.64110121520769,264
-7.6926,53.28823,2021/02/18 00:00:00+00,Thu 18 Feb 2021,8459,8350,1,220654,132706,12,220666,132718,4.68614054174355,2.81844597907752,265
-7.6926,53.28823,2021/02/19 00:00:00+00,Fri 19 Feb 2021,9385,6582,0,230039,139288,12,230051,139300,4.88544369213493,2.958223638734,266
-7.6926,53.28823,2021/02/20 00:00:00+00,Sat 20 Feb 2021,5885,3568,2,235924,142856,14,235938,142870,5.01046208812363,3.03403741037995,267
-7.6926,53.28823,2021/02/21 00:00:00+00,Sun 21 Feb 2021,1108,1023,5,237032,143879,19,237051,143898,5.03409814634267,3.05586837879788,268
-7.6926,53.28823,2021/02/22 00:00:00+00,Mon 22 Feb 2021,3941,1123,1,240973,145002,20,240993,145022,5.11781184041222,3.07973803687352,269
-7.6926,53.28823,2021/02/23 00:00:00+00,Tue 23 Feb 2021,13360,1063,1,254333,146065,21,254354,146086,5.40155072079359,3.1023335139131,270
-7.6926,53.28823,2021/02/24 00:00:00+00,Wed 24 Feb 2021,16936,2102,3,271269,148167,24,271293,148191,5.76127326362572,3.14703603192843,271
-7.6926,53.28823,2021/02/25 00:00:00+00,Thu 25 Feb 2021,18085,1755,2,289354,149922,26,289380,149948,6.14537513694792,3.18434829993457,272
-7.6926,53.28823,2021/02/26 00:00:00+00,Fri 26 Feb 2021,16076,2767,0,305430,152689,26,305456,152715,6.48677070921129,3.24310928204783,273
-7.6926,53.28823,2021/02/27 00:00:00+00,Sat 27 Feb 2021,8991,704,1,314421,153393,27,314448,153420,6.67772797381643,3.25808090922161,274
-7.6926,53.28823,2021/02/28 00:00:00+00,Sun 28 Feb 2021,2441,57,2,316862,153450,29,316891,153479,6.72960837833493,3.25933385390707,275
-7.6926,53.28823,2021/03/01 00:00:00+00,Mon 01 Mar 2021,5593,795,0,322455,154245,29,322484,154274,6.84838328724691,3.27621675263495,276
-7.6926,53.28823,2021/03/02 00:00:00+00,Tue 02 Mar 2021,12178,1609,0,334633,155854,29,334662,155883,7.10699956486718,3.31038604075213,277
-7.6926,53.28823,2021/03/03 00:00:00+00,Wed 03 Mar 2021,12898,1503,1,347531,157357,30,347561,157387,7.38092725127084,3.34232551205619,278
-7.6926,53.28823,2021/03/04 00:00:00+00,Thu 04 Mar 2021,18737,1687,4,366268,159044,34,366302,159078,7.77891769788615,3.37823618092266,279
-7.6926,53.28823,2021/03/05 00:00:00+00,Fri 05 Mar 2021,18444,2395,6,384712,161439,40,384752,161479,8.17072836647655,3.42922465871592,280
-7.6926,53.28823,2021/03/06 00:00:00+00,Sat 06 Mar 2021,10394,139,4,395106,161578,44,395150,161622,8.39154394002685,3.43226145685188,281
-7.6926,53.28823,2021/03/07 00:00:00+00,Sun 07 Mar 2021,1519,11,3,396625,161589,47,396672,161636,8.42386566564173,3.43255876576029,282
-7.6926,53.28823,2021/03/08 00:00:00+00,Mon 08 Mar 2021,6668,1495,5,403293,163084,52,403345,163136,8.56557583320291,3.46441329166195,283
-7.6926,53.28823,2021/03/09 00:00:00+00,Tue 09 Mar 2021,13824,3103,5,417117,166187,57,417174,166244,8.85925332566559,3.53041586933019,284
-7.6926,53.28823,2021/03/10 00:00:00+00,Wed 10 Mar 2021,13731,3987,3,430848,170174,60,430908,170234,9.15091336482118,3.6151489082286,285
-7.6926,53.28823,2021/03/11 00:00:00+00,Thu 11 Mar 2021,18475,2097,3,449323,172271,63,449386,172334,9.54331865122841,3.65974524449092,286
-7.6926,53.28823,2021/03/12 00:00:00+00,Fri 12 Mar 2021,17323,1338,4,466646,173609,67,466713,173676,9.91128089809376,3.6882444269976,287
-7.6926,53.28823,2021/03/13 00:00:00+00,Sat 13 Mar 2021,8303,175,0,474949,173784,67,475016,173851,10.0876063171347,3.6919607883528,288
-7.6926,53.28823,2021/03/14 00:00:00+00,Sun 14 Mar 2021,382,19,2,475331,173803,69,475400,173872,10.0957610757656,3.69240675171542,289
-7.6926,53.28823,2021/03/15 00:00:00+00,Mon 15 Mar 2021,2653,992,0,477984,174795,69,478053,174864,10.1521011139103,3.71347321151172,290
-7.6926,53.28823,2021/03/16 00:00:00+00,Tue 16 Mar 2021,8934,3822,2,486918,178617,71,486989,178688,10.3418691428818,3.79468101621034,291
-7.6926,53.28823,2021/03/17 00:00:00+00,Wed 17 Mar 2021,4898,2415,6,491816,181032,77,491893,181109,10.4460122062296,3.84609422101562,292
-7.6926,53.28823,2021/03/18 00:00:00+00,Thu 18 Mar 2021,11720,4679,5,503536,185711,82,503618,185793,10.6950084170276,3.9455652872312,293
-7.6926,53.28823,2021/03/19 00:00:00+00,Fri 19 Mar 2021,10365,6127,2,513901,191838,84,513985,191922,10.9151656637092,4.07572288006537,294
-7.6926,53.28823,2021/03/20 00:00:00+00,Sat 20 Mar 2021,5240,3118,4,519141,194956,88,519229,195044,11.0265290862614,4.14202276664203,295
-7.6926,53.28823,2021/03/21 00:00:00+00,Sun 21 Mar 2021,3636,55,3,522777,195011,91,522868,195102,11.1038081660988,4.14325447497689,296
-7.6926,53.28823,2021/03/22 00:00:00+00,Mon 22 Mar 2021,7412,2403,1,530189,197414,92,530281,197506,11.2612332331048,4.19430666182195,297
-7.6926,53.28823,2021/03/23 00:00:00+00,Tue 23 Mar 2021,12560,7386,4,542749,204800,96,542845,204896,11.5280467420571,4.35124329276412,298
-7.6926,53.28823,2021/03/24 00:00:00+00,Wed 24 Mar 2021,13622,9779,2,556371,214579,98,556469,214677,11.8173707826466,4.55895603799353,299
-7.6926,53.28823,2021/03/25 00:00:00+00,Thu 25 Mar 2021,20865,10225,3,577236,224804,101,577337,224905,12.2605309469905,4.77616143194164,300
-7.6926,53.28823,2021/03/26 00:00:00+00,Fri 26 Mar 2021,19696,9495,1,596932,234299,102,597034,234401,12.6788233447804,4.97782181724974,301
-7.6926,53.28823,2021/03/27 00:00:00+00,Sat 27 Mar 2021,11747,5349,3,608679,239648,105,608784,239753,12.9283504643434,5.09147876566685,302
-7.6926,53.28823,2021/03/28 00:00:00+00,Sun 28 Mar 2021,2488,482,0,611167,240130,105,611272,240235,12.981186504639,5.10171468665659,303
-7.6926,53.28823,2021/03/28 23:00:00+00,Mon 29 Mar 2021,9267,3119,3,620434,243249,108,620542,243357,13.1780474747112,5.16801457323324,304
-7.6926,53.28823,2021/03/29 23:00:00+00,Tue 30 Mar 2021,13322,8662,4,633756,251911,112,633868,252023,13.4610430828216,5.35204878754242,305
-7.6926,53.28823,2021/03/30 23:00:00+00,Wed 31 Mar 2021,15834,10506,4,649590,262417,116,649706,262533,13.7973844036419,5.57524283236004,306
-7.6926,53.28823,2021/03/31 23:00:00+00,Thu 01 Apr 2021,19694,11573,8,669284,273990,124,669408,274114,14.2157829831848,5.82118100867144,307
-7.6926,53.28823,2021/04/01 23:00:00+00,Fri 02 Apr 2021,20137,13722,8,689421,287712,132,689553,287844,14.6435892660441,6.11275610242462,308
-7.6926,53.28823,2021/04/02 23:00:00+00,Sat 03 Apr 2021,7546,4636,6,696967,292348,138,697105,292486,14.8039661857837,6.21133524191495,309
-7.6926,53.28823,2021/04/03 23:00:00+00,Sun 04 Apr 2021,3033,169,3,700000,292517,141,700141,292658,14.8684397462086,6.21498789421834,310
-7.6926,53.28823,2021/04/04 23:00:00+00,Mon 05 Apr 2021,3430,605,4,703430,293122,145,703575,293267,14.9413653741728,6.22792083173441,311
-7.6926,53.28823,2021/04/05 23:00:00+00,Tue 06 Apr 2021,11989,8157,11,715419,301279,156,715575,301435,15.1962015813861,6.40137934344424,312
-7.6926,53.28823,2021/04/06 23:00:00+00,Wed 07 Apr 2021,18357,10468,10,733776,311747,166,733942,311913,15.5862496328766,6.62389382504263,313
-7.6926,53.28823,2021/04/07 23:00:00+00,Thu 08 Apr 2021,20182,10575,15,753958,322322,181,754139,322503,16.0151602059671,6.84878677790833,314
-7.6926,53.28823,2021/04/08 23:00:00+00,Fri 09 Apr 2021,20677,9154,16,774635,331476,197,774832,331673,16.4546040089558,7.04352411292047,315
-7.6926,53.28823,2021/04/09 23:00:00+00,Sat 10 Apr 2021,11167,4167,12,785802,335643,209,786011,335852,16.6920051723256,7.13227082208249,316
-7.6926,53.28823,2021/04/10 23:00:00+00,Sun 11 Apr 2021,2859,362,8,788661,336005,217,788878,336222,16.7528897894989,7.1401282718049,317
-7.6926,53.28823,2021/04/11 23:00:00+00,Mon 12 Apr 2021,7773,2795,13,796434,338800,230,796664,339030,16.9182360152791,7.19975994429281,318
-7.6926,53.28823,2022/02/25 00:00:00+00,Fri 25 Feb 2022,691,1221,0,3824053,3741328,240667,4064720,3981995,86.3198190153256,84.5630419118492,319
-7.6926,53.28823,2021/11/11 00:00:00+00,Thu 11 Nov 2021,1387,1097,2,3632231,3565218,240550,3872781,3805768,82.2437351173,80.8206235544682,320
-7.6926,53.28823,2022/02/26 00:00:00+00,Sat 26 Feb 2022,960,2088,0,3825013,3743416,240667,4065680,3984083,86.3402059119027,84.6073834119043,321
-7.6926,53.28823,2021/11/12 00:00:00+00,Fri 12 Nov 2021,1145,1134,6,3633376,3566352,240556,3873932,3806908,82.2681781568419,80.8448329941534,322
-7.6926,53.28823,2022/02/27 00:00:00+00,Sun 27 Feb 2022,671,1782,0,3825684,3745198,240667,4066351,3985865,86.354455503156,84.6452265886755,323
-7.6926,53.28823,2021/11/13 00:00:00+00,Sat 13 Nov 2021,1399,1363,0,3634775,3567715,240556,3875331,3808271,82.2978878113329,80.8737781400227,324
-7.6926,53.28823,2022/02/28 00:00:00+00,Mon 28 Feb 2022,84,427,0,3825768,3745625,240667,4066435,3986292,86.3562393566065,84.6542945103821,325
-7.6926,53.28823,2021/11/14 00:00:00+00,Sun 14 Nov 2021,1646,1801,0,3636421,3569516,240556,3876977,3810072,82.3328428444223,80.9120248074553,326
-7.6926,53.28823,2022/03/01 00:00:00+00,Tue 01 Mar 2022,130,939,0,3825898,3746564,240667,4066565,3987231,86.3590000821847,84.6742354435966,327
-7.6926,53.28823,2021/11/15 00:00:00+00,Mon 15 Nov 2021,1244,579,1,3637665,3570095,240557,3878222,3810652,82.3592821009207,80.924341890804,328
-7.6926,53.28823,2022/03/02 00:00:00+00,Wed 02 Mar 2022,206,993,2,3826104,3747557,240669,4066773,3988226,86.3634172431097,84.6953656124447,329
-7.6926,53.28823,2021/11/16 00:00:00+00,Tue 16 Nov 2021,1317,1060,5,3638982,3571155,240562,3879544,3811717,82.3873565564153,80.9469586041941,330
-7.6926,53.28823,2022/03/03 00:00:00+00,Thu 03 Mar 2022,278,1273,0,3826382,3748830,240669,4067051,3989499,86.3693209485768,84.7223994867599,331
-7.6926,53.28823,2021/11/17 00:00:00+00,Wed 17 Nov 2021,1507,1097,0,3640489,3572252,240562,3881051,3812814,82.4193597367712,80.9702548808036,332
-7.6926,53.28823,2022/03/04 00:00:00+00,Fri 04 Mar 2022,733,1506,2,3827115,3750336,240671,4067786,3991007,86.3849296662686,84.7544239034663,333
-7.6926,53.28823,2021/11/18 00:00:00+00,Thu 18 Nov 2021,1653,2490,5,3642142,3574742,240567,3882709,3815309,82.4545696060678,81.0232395755533,334
-7.6926,53.28823,2021/11/19 00:00:00+00,Fri 19 Nov 2021,1166,1534,0,3643308,3576276,240567,3883875,3816843,82.4793311908687,81.0558161373754,335
-7.6926,53.28823,2021/11/20 00:00:00+00,Sat 20 Nov 2021,1543,2928,12,3644851,3579204,240579,3885430,3819783,82.5123537160534,81.1182510081426,336
-7.6926,53.28823,2021/11/21 00:00:00+00,Sun 21 Nov 2021,1785,2759,0,3646636,3581963,240579,3887215,3822542,82.5502606018764,81.1768420994511,337
-7.6926,53.28823,2021/11/22 00:00:00+00,Mon 22 Nov 2021,715,502,2,3647351,3582465,240581,3887932,3823046,82.5654870652574,81.187545220154,338
-7.6926,53.28823,2021/11/23 00:00:00+00,Tue 23 Nov 2021,2155,1573,7,3649506,3584038,240588,3890094,3824626,82.611400055257,81.2210986541038,339
-7.6926,53.28823,2021/11/24 00:00:00+00,Wed 24 Nov 2021,1621,3126,2,3651127,3587164,240590,3891717,3827754,82.6458666522826,81.2875259587841,340
-7.6926,53.28823,2021/11/25 00:00:00+00,Thu 25 Nov 2021,986,1166,1,3652113,3588330,240591,3892704,3828921,82.6668269303259,81.3123087799356,341
-7.6926,53.28823,2021/11/26 00:00:00+00,Fri 26 Nov 2021,1286,1090,12,3653399,3589420,240603,3894002,3830023,82.6943917134061,81.335711238298,342
-7.6926,53.28823,2021/11/27 00:00:00+00,Sat 27 Nov 2021,1201,1553,6,3654600,3590973,240609,3895209,3831582,82.7200239885816,81.3688187088851,343
-7.6926,53.28823,2021/11/28 00:00:00+00,Sun 28 Nov 2021,1962,2254,0,3656562,3593227,240609,3897171,3833836,82.761689708461,81.41668544314,344
-7.6926,53.28823,2021/11/29 00:00:00+00,Mon 29 Nov 2021,541,984,2,3657103,3594211,240611,3897714,3834822,82.7732210468374,81.4376244848327,345
-7.6926,53.28823,2021/11/30 00:00:00+00,Tue 30 Nov 2021,1948,1629,6,3659051,3595840,240617,3899668,3836457,82.814716875912,81.4723459180655,346
-7.6926,53.28823,2021/12/01 00:00:00+00,Wed 01 Dec 2021,1078,1359,2,3660129,3597199,240619,3900748,3837818,82.8376521345612,81.5012485912336,347
-7.6926,53.28823,2021/12/02 00:00:00+00,Thu 02 Dec 2021,1772,1396,0,3661901,3598595,240619,3902520,3839214,82.8752829478263,81.5308945366727,348
-7.6926,53.28823,2021/12/03 00:00:00+00,Fri 03 Dec 2021,1045,1166,3,3662946,3599761,240622,3903568,3840383,82.8975386432563,81.5557198305254,349
-7.6926,53.28823,2021/12/04 00:00:00+00,Sat 04 Dec 2021,1203,1695,1,3664149,3601456,240623,3904772,3842079,82.92310720938,81.5917366811449,350
-7.6926,53.28823,2021/12/05 00:00:00+00,Sun 05 Dec 2021,1345,1772,2,3665494,3603228,240625,3906119,3843853,82.9517125736397,81.6294099671113,351
-7.6926,53.28823,2021/12/06 00:00:00+00,Mon 06 Dec 2021,933,1283,0,3666427,3604511,240625,3907052,3845136,82.9715260887505,81.6566562049325,352
-7.6926,53.28823,2021/12/07 00:00:00+00,Tue 07 Dec 2021,482,737,2,3666909,3605248,240627,3907536,3845875,82.9818044824415,81.6723498680267,353
-7.6926,53.28823,2021/12/08 00:00:00+00,Wed 08 Dec 2021,803,1502,1,3667712,3606750,240628,3908340,3847378,82.9988785083248,81.7042681029802,354
-7.6926,53.28823,2021/12/09 00:00:00+00,Thu 09 Dec 2021,797,1196,0,3668509,3607946,240628,3909137,3848574,83.0158038797538,81.7296667782991,355
-7.6926,53.28823,2021/12/10 00:00:00+00,Fri 10 Dec 2021,892,1598,1,3669401,3609544,240629,3910030,3850173,83.0347679408406,81.7636237029103,356
-7.6926,53.28823,2021/12/11 00:00:00+00,Sat 11 Dec 2021,639,836,1,3670040,3610380,240630,3910670,3851010,83.0483592052253,81.7813985283634,357
-7.6926,53.28823,2021/12/12 00:00:00+00,Sun 12 Dec 2021,689,1190,0,3670729,3611570,240630,3911359,3852200,83.0629910507895,81.8066697855787,358
-7.6926,53.28823,2021/12/13 00:00:00+00,Mon 13 Dec 2021,726,1054,1,3671455,3612624,240631,3912086,3853255,83.0784298776765,81.8290741354629,359
-7.6926,53.28823,2021/12/14 00:00:00+00,Tue 14 Dec 2021,627,1189,1,3672082,3613813,240632,3912714,3854445,83.091766305854,81.8543453926782,360
-7.6926,53.28823,2021/12/15 00:00:00+00,Wed 15 Dec 2021,795,1234,1,3672877,3615047,240633,3913510,3855680,83.1086704409325,81.8805722856705,361
-7.6926,53.28823,2021/12/16 00:00:00+00,Thu 16 Dec 2021,1056,1524,7,3673933,3616571,240640,3914573,3857211,83.1312446816214,81.9130851384408,362
-7.6926,53.28823,2021/12/17 00:00:00+00,Fri 17 Dec 2021,1213,2436,1,3675146,3619007,240641,3915787,3859648,83.1570256112512,81.9648381248557,363
-7.6926,53.28823,2021/12/18 00:00:00+00,Sat 18 Dec 2021,1258,1180,0,3676404,3620187,240641,3917045,3860828,83.1837409403074,81.989897018565,364
-7.6926,53.28823,2021/12/19 00:00:00+00,Sun 19 Dec 2021,553,881,1,3676957,3621068,240642,3917599,3861710,83.1955058785404,82.0086274797952,365
-7.6926,53.28823,2021/12/20 00:00:00+00,Mon 20 Dec 2021,525,601,0,3677482,3621669,240642,3918124,3862311,83.206654962606,82.0213905265065,366
-7.6926,53.28823,2021/12/21 00:00:00+00,Tue 21 Dec 2021,1444,1796,3,3678926,3623465,240645,3919571,3864110,83.2373839619258,82.0595947212379,367
-7.6926,53.28823,2021/12/22 00:00:00+00,Wed 22 Dec 2021,1207,1571,2,3680133,3625036,240647,3920780,3865683,83.2630587098025,82.0929995007334,368
-7.6926,53.28823,2021/12/23 00:00:00+00,Thu 23 Dec 2021,950,1356,0,3681083,3626392,240647,3921730,3867039,83.2832332428735,82.1217959921485,369
-7.6926,53.28823,2021/12/24 00:00:00+00,Fri 24 Dec 2021,104,147,0,3681187,3626539,240647,3921834,3867186,83.2854418233361,82.1249177356869,370
-7.6926,53.28823,2021/12/25 00:00:00+00,Sat 25 Dec 2021,2,22,0,3681189,3626561,240647,3921836,3867208,83.2854842960373,82.1253849354001,371
-7.6926,53.28823,2021/12/26 00:00:00+00,Sun 26 Dec 2021,11,9,0,3681200,3626570,240647,3921847,3867217,83.2857178958939,82.1255760625555,372
-7.6926,53.28823,2021/12/27 00:00:00+00,Mon 27 Dec 2021,390,585,0,3681590,3627155,240647,3922237,3867802,83.2940000726283,82.1379993276571,373
-7.6926,53.28823,2021/12/28 00:00:00+00,Tue 28 Dec 2021,470,741,1,3682060,3627896,240648,3922708,3868544,83.3040023937615,82.1537566998032,374
-7.6926,53.28823,2021/12/29 00:00:00+00,Wed 29 Dec 2021,1076,1295,0,3683136,3629191,240648,3923784,3869839,83.3268527070082,82.1812577738316,375
-7.6926,53.28823,2021/12/30 00:00:00+00,Thu 30 Dec 2021,1067,1183,1,3684203,3630374,240649,3924852,3871023,83.3495331294502,82.2064016129433,376
-7.6926,53.28823,2021/12/31 00:00:00+00,Fri 31 Dec 2021,718,1671,0,3684921,3632045,240649,3925570,3872694,83.3647808291818,82.2418875547977,377
-7.6926,53.28823,2022/01/01 00:00:00+00,Sat 01 Jan 2022,68,96,0,3684989,3632141,240649,3925638,3872790,83.3662249010227,82.2439262444555,378
-7.6926,53.28823,2022/01/02 00:00:00+00,Sun 02 Jan 2022,272,624,0,3685261,3632765,240649,3925910,3873414,83.3720011883862,82.2571777272305,379
-7.6926,53.28823,2022/01/03 00:00:00+00,Mon 03 Jan 2022,3631,718,1,3688892,3633483,240650,3929542,3874133,83.4491316137694,82.2724466633127,380
-7.6926,53.28823,2022/01/04 00:00:00+00,Tue 04 Jan 2022,1191,773,0,3690083,3634256,240650,3930733,3874906,83.4744241073353,82.2888623623274,381
-7.6926,53.28823,2022/01/05 00:00:00+00,Wed 05 Jan 2022,2145,887,0,3692228,3635143,240650,3932878,3875793,83.5199760793747,82.3076990053106,382
-7.6926,53.28823,2022/01/06 00:00:00+00,Thu 06 Jan 2022,2464,1680,1,3694692,3636823,240651,3935343,3877474,83.5723236836064,82.343397310671,383
-7.6926,53.28823,2022/01/07 00:00:00+00,Fri 07 Jan 2022,4855,771,0,3699547,3637594,240651,3940198,3878245,83.6754261657748,82.3597705369845,384
-7.6926,53.28823,2022/01/08 00:00:00+00,Sat 08 Jan 2022,9792,733,1,3709339,3638327,240652,3949991,3878979,83.8833937472114,82.3753580183257,385
-7.6926,53.28823,2022/01/09 00:00:00+00,Sun 09 Jan 2022,7115,663,0,3716454,3638990,240652,3957106,3879642,84.0344903817383,82.3894377187742,386
-7.6926,53.28823,2022/01/10 00:00:00+00,Mon 10 Jan 2022,6657,498,0,3723111,3639488,240652,3963763,3880140,84.1758607676898,82.4000134213736,387
-7.6926,53.28823,2022/01/11 00:00:00+00,Tue 11 Jan 2022,4777,1349,1,3727888,3640837,240653,3968541,3881490,84.2773280508619,82.4286824946851,388
-7.6926,53.28823,2022/01/12 00:00:00+00,Wed 12 Jan 2022,7565,898,1,3735453,3641735,240654,3976107,3882389,84.4380022795099,82.4477739738755,389
-7.6926,53.28823,2022/01/13 00:00:00+00,Thu 13 Jan 2022,7326,797,0,3742779,3642532,240654,3983433,3883186,84.5935797840136,82.4646993453046,390
-7.6926,53.28823,2022/01/14 00:00:00+00,Fri 14 Jan 2022,10731,821,0,3753510,3643353,240654,3994164,3884007,84.821467062314,82.4821343891481,391
-7.6926,53.28823,2022/01/15 00:00:00+00,Sat 15 Jan 2022,8356,645,0,3761866,3643998,240654,4002520,3884652,84.9989180079369,82.4958318352858,392
-7.6926,53.28823,2022/01/16 00:00:00+00,Sun 16 Jan 2022,6966,1214,1,3768832,3645212,240655,4009487,3885867,85.1468716625748,82.5216340012661,393
-7.6926,53.28823,2022/01/17 00:00:00+00,Mon 17 Jan 2022,2566,549,0,3771398,3645761,240655,4012053,3886416,85.2013641382172,82.5332927577461,394
-7.6926,53.28823,2022/01/18 00:00:00+00,Tue 18 Jan 2022,4060,435,3,3775458,3646196,240658,4016116,3886854,85.2876474307095,82.5425942793094,395
-7.6926,53.28823,2022/01/19 00:00:00+00,Wed 19 Jan 2022,3489,614,0,3778947,3646810,240658,4019605,3887468,85.3617410579568,82.5556333985785,396
-7.6926,53.28823,2022/01/20 00:00:00+00,Thu 20 Jan 2022,3699,929,1,3782646,3647739,240659,4023305,3888398,85.4403155551809,82.5753832046375,397
-7.6926,53.28823,2022/01/21 00:00:00+00,Fri 21 Jan 2022,3252,968,0,3785898,3648707,240659,4026557,3889366,85.5093761673356,82.5959399920194,398
-7.6926,53.28823,2022/01/22 00:00:00+00,Sat 22 Jan 2022,4270,640,0,3790168,3649347,240659,4030827,3890006,85.6000553844024,82.6095312564041,399
-7.6926,53.28823,2022/01/23 00:00:00+00,Sun 23 Jan 2022,3091,677,0,3793259,3650024,240659,4033918,3890683,85.6656969441104,82.623908265761,400
-7.6926,53.28823,2022/01/24 00:00:00+00,Mon 24 Jan 2022,647,457,0,3793906,3650481,240659,4034565,3891140,85.6794368629493,82.6336132779857,401
-7.6926,53.28823,2022/01/25 00:00:00+00,Tue 25 Jan 2022,698,1830,0,3794604,3652311,240659,4035263,3892970,85.6942598356689,82.6724757995858,402
-7.6926,53.28823,2022/01/26 00:00:00+00,Wed 26 Jan 2022,700,887,0,3795304,3653198,240659,4035963,3893857,85.7091252810897,82.6913124425689,403
-7.6926,53.28823,2022/01/27 00:00:00+00,Thu 27 Jan 2022,1274,1165,0,3796578,3654363,240659,4037237,3895022,85.7361803917555,82.7160527910192,404
-7.6926,53.28823,2022/01/28 00:00:00+00,Fri 28 Jan 2022,1032,3091,0,3797610,3657454,240659,4038269,3898113,85.7580963055758,82.7816943507272,405
-7.6926,53.28823,2022/01/29 00:00:00+00,Sat 29 Jan 2022,2328,3442,0,3799938,3660896,240659,4040597,3901555,85.8075345297752,82.8547898694963,406
-7.6926,53.28823,2022/01/30 00:00:00+00,Sun 30 Jan 2022,1634,7538,0,3801572,3668434,240659,4042231,3909093,85.8422347266574,83.0148694803274,407
-7.6926,53.28823,2022/01/31 00:00:00+00,Mon 31 Jan 2022,481,1388,0,3802053,3669822,240659,4042712,3910481,85.8524494112965,83.0443455349617,408
-7.6926,53.28823,2022/02/01 00:00:00+00,Tue 01 Feb 2022,753,3413,1,3802806,3673235,240660,4043466,3913895,85.8684616196497,83.1168464359139,409
-7.6926,53.28823,2022/02/02 00:00:00+00,Wed 02 Feb 2022,647,2994,0,3803453,3676229,240660,4044113,3916889,85.8822015384887,83.1804280696136,410
-7.6926,53.28823,2022/02/03 00:00:00+00,Thu 03 Feb 2022,909,2427,1,3804362,3678656,240661,4045023,3919317,85.9015266175357,83.2319899288731,411
-7.6926,53.28823,2022/02/04 00:00:00+00,Fri 04 Feb 2022,1174,6519,0,3805536,3685175,240661,4046197,3925836,85.9264580931413,83.3704296984417,412
-7.6926,53.28823,2022/02/05 00:00:00+00,Sat 05 Feb 2022,1777,5748,0,3807313,3690923,240661,4047974,3931584,85.9641950881595,83.4924962416969,413
-7.6926,53.28823,2022/02/06 00:00:00+00,Sun 06 Feb 2022,1408,7555,0,3808721,3698478,240661,4049382,3939139,85.9940958698059,83.6529368704882,414
-7.6926,53.28823,2022/02/07 00:00:00+00,Mon 07 Feb 2022,440,1349,0,3809161,3699827,240661,4049822,3940488,86.0034398640704,83.6815847074491,415
-7.6926,53.28823,2022/02/08 00:00:00+00,Tue 08 Feb 2022,901,1235,0,3810062,3701062,240661,4050723,3941723,86.022573815962,83.7078116004415,416
-7.6926,53.28823,2022/02/09 00:00:00+00,Wed 09 Feb 2022,1332,1782,0,3811394,3702844,240661,4052055,3943505,86.0508606349626,83.7456547772126,417
-7.6926,53.28823,2022/02/10 00:00:00+00,Thu 10 Feb 2022,686,2545,0,3812080,3705389,240661,4052741,3946050,86.065428771475,83.7997012894924,418
-7.6926,53.28823,2022/02/11 00:00:00+00,Fri 11 Feb 2022,550,4916,0,3812630,3710305,240661,4053291,3950966,86.0771087643056,83.9040991890475,419
-7.6926,53.28823,2022/02/12 00:00:00+00,Sat 12 Feb 2022,1398,5459,0,3814028,3715764,240661,4054689,3956425,86.1067971824459,84.0200284269789,420
-7.6926,53.28823,2022/02/13 00:00:00+00,Sun 13 Feb 2022,1568,4705,0,3815596,3720469,240661,4056257,3961130,86.1400957801885,84.1199454565571,421
-7.6926,53.28823,2022/02/14 00:00:00+00,Mon 14 Feb 2022,173,953,0,3815769,3721422,240661,4056430,3962083,86.1437696688425,84.14018369868,422
-7.6926,53.28823,2022/02/15 00:00:00+00,Tue 15 Feb 2022,649,815,1,3816418,3722237,240662,4057080,3962899,86.1575732967332,84.1575125607705,423
-7.6926,53.28823,2022/02/16 00:00:00+00,Wed 16 Feb 2022,801,1785,0,3817219,3724022,240662,4057881,3964684,86.1745836135647,84.1954194465934,424
-7.6926,53.28823,2022/02/17 00:00:00+00,Thu 17 Feb 2022,793,1188,2,3818012,3725210,240664,4058676,3965874,86.1914665122926,84.2206907038088,425
-7.6926,53.28823,2022/02/18 00:00:00+00,Fri 18 Feb 2022,795,3290,0,3818807,3728500,240664,4059471,3969164,86.2083494110204,84.2905582972864,426
-7.6926,53.28823,2022/02/19 00:00:00+00,Sat 19 Feb 2022,979,3553,0,3819786,3732053,240664,4060450,3972717,86.2291397982589,84.3660110509721,427
-7.6926,53.28823,2022/02/20 00:00:00+00,Sun 20 Feb 2022,1366,3587,0,3821152,3735640,240664,4061816,3976304,86.25814865318,84.4421858405783,428
-7.6926,53.28823,2022/02/21 00:00:00+00,Mon 21 Feb 2022,251,989,2,3821403,3736629,240666,4062069,3977295,86.2635214498821,84.463231064024,429
-7.6926,53.28823,2022/02/22 00:00:00+00,Tue 22 Feb 2022,474,976,0,3821877,3737605,240666,4062543,3978271,86.273587480067,84.4839577422107,430
-7.6926,53.28823,2022/02/23 00:00:00+00,Wed 23 Feb 2022,828,1270,1,3822705,3738875,240667,4063372,3979542,86.2911924147153,84.5109491438247,431
-7.6926,53.28823,2022/02/24 00:00:00+00,Thu 24 Feb 2022,657,1232,0,3823362,3740107,240667,4064029,3980774,86.3051446970603,84.5371123277652,432
-7.6926,53.28823,2022/03/05 00:00:00+00,Sat 05 Mar 2022,963,3341,0,3828078,3753677,240671,4068749,3994348,86.4053802718975,84.8253745508246,433
-7.6926,53.28823,2022/03/06 00:00:00+00,Sun 06 Mar 2022,455,1915,0,3828533,3755592,240671,4069204,3996263,86.415042811421,84.8660421622258,434
-7.6926,53.28823,2022/03/07 00:00:00+00,Mon 07 Mar 2022,112,123,0,3828645,3755715,240671,4069316,3996386,86.4174212826883,84.8686542333497,435
-7.6926,53.28823,2022/03/08 00:00:00+00,Tue 08 Mar 2022,119,492,0,3828764,3756207,240671,4069435,3996878,86.4199484084099,84.8791025178454,436
-7.6926,53.28823,2022/03/09 00:00:00+00,Wed 09 Mar 2022,125,343,0,3828889,3756550,240671,4069560,3997221,86.422602952235,84.8863865861016,437
-7.6926,53.28823,2022/03/10 00:00:00+00,Thu 10 Mar 2022,256,507,0,3829145,3757057,240671,4069816,3997728,86.4280394579889,84.8971534158564,438
-7.6926,53.28823,2022/03/11 00:00:00+00,Fri 11 Mar 2022,494,2181,0,3829639,3759238,240671,4070310,3999909,86.4385302151858,84.9434698965174,439
-7.6926,53.28823,2022/03/12 00:00:00+00,Sat 12 Mar 2022,473,2387,2,3830112,3761625,240673,4070785,4002298,86.4486174817213,84.9942035381034,440
-7.6926,53.28823,2022/03/13 00:00:00+00,Sun 13 Mar 2022,359,1082,0,3830471,3762707,240673,4071144,4003380,86.4562413315871,85.0171812694538,441
-7.6926,53.28823,2022/03/14 00:00:00+00,Mon 14 Mar 2022,109,120,0,3830580,3762827,240673,4071253,4003500,86.4585560938027,85.0197296315259,442
-7.6926,53.28823,2022/03/15 00:00:00+00,Tue 15 Mar 2022,220,757,0,3830800,3763584,240673,4071473,4004257,86.4632280909349,85.035805548931,443
-7.6926,53.28823,2022/03/16 00:00:00+00,Wed 16 Mar 2022,195,797,0,3830995,3764381,240673,4071668,4005054,86.4673691793021,85.0527309203601,444
-7.6926,53.28823,2022/03/18 00:00:00+00,Fri 18 Mar 2022,2,6,0,3830997,3764387,240673,4071670,4005060,86.4674116520033,85.0528583384637,445
-7.6926,53.28823,2022/03/19 00:00:00+00,Sat 19 Mar 2022,743,2779,0,3831740,3767166,240673,4072413,4007839,86.4831902604999,85.1118741567842,446
-7.6926,53.28823,2022/03/20 00:00:00+00,Sun 20 Mar 2022,394,1401,0,3832134,3768567,240673,4072807,4009240,86.4915573826368,85.1416262839763,447
-7.6926,53.28823,2022/03/21 00:00:00+00,Mon 21 Mar 2022,54,111,0,3832188,3768678,240673,4072861,4009351,86.4927041455692,85.143983518893,448
-7.6926,53.28823,2022/03/22 00:00:00+00,Tue 22 Mar 2022,137,573,0,3832325,3769251,240673,4072998,4009924,86.4956135256016,85.1561519477875,449
-7.6926,53.28823,2022/03/23 00:00:00+00,Wed 23 Mar 2022,98,220,0,3832423,3769471,240673,4073096,4010144,86.4976946879605,85.1608239449197,450
-7.6926,53.28823,2022/03/24 00:00:00+00,Thu 24 Mar 2022,146,239,0,3832569,3769710,240673,4073242,4010383,86.5007951951483,85.1658994327134,451
-7.6926,53.28823,2022/03/25 00:00:00+00,Fri 25 Mar 2022,435,1622,0,3833004,3771332,240673,4073677,4012005,86.5100330076597,85.2003447933884,452
-7.6926,53.28823,2022/03/26 00:00:00+00,Sat 26 Mar 2022,874,1847,0,3833878,3773179,240673,4074551,4013852,86.5285935780851,85.2395683329486,453
-7.6926,53.28823,2022/03/27 00:00:00+00,Sun 27 Mar 2022,380,802,0,3834258,3773981,240673,4074931,4014654,86.5366633913135,85.2565998861307,454
-7.6926,53.28823,2022/03/27 23:00:00+00,Mon 28 Mar 2022,40,51,0,3834298,3774032,240673,4074971,4014705,86.5375128453376,85.2576829400113,455
-7.6926,53.28823,2022/03/28 23:00:00+00,Tue 29 Mar 2022,138,192,3,3834436,3774224,240676,4075112,4014900,86.5405071707723,85.2618240283786,456
-7.6926,53.28823,2022/03/29 23:00:00+00,Wed 30 Mar 2022,109,134,0,3834545,3774358,240676,4075221,4015034,86.5428219329878,85.2646696993591,457
-7.6926,53.28823,2022/03/30 23:00:00+00,Thu 31 Mar 2022,228,355,0,3834773,3774713,240676,4075449,4015389,86.5476638209249,85.2722086038225,458
-7.6926,53.28823,2022/03/31 23:00:00+00,Fri 01 Apr 2022,311,903,0,3835084,3775616,240676,4075760,4016292,86.5542683259618,85.2913850284153,459
-7.6926,53.28823,2022/04/01 23:00:00+00,Sat 02 Apr 2022,726,1538,0,3835810,3777154,240676,4076486,4017830,86.5696859164982,85.3240465356398,460
-7.6926,53.28823,2022/04/02 23:00:00+00,Sun 03 Apr 2022,536,816,0,3836346,3777970,240676,4077022,4018646,86.5810686004204,85.3413753977303,461
-7.6926,53.28823,2022/04/03 23:00:00+00,Mon 04 Apr 2022,48,50,0,3836394,3778020,240676,4077070,4018696,86.5820879452493,85.3424372152604,462
-7.6926,53.28823,2022/04/04 23:00:00+00,Tue 05 Apr 2022,130,166,0,3836524,3778186,240676,4077200,4018862,86.5848486708274,85.3459624494601,463
-7.6926,53.28823,2022/04/05 23:00:00+00,Wed 06 Apr 2022,159,209,0,3836683,3778395,240676,4077359,4019071,86.588225250573,85.3504008467358,464
-7.6926,53.28823,2022/04/06 23:00:00+00,Thu 07 Apr 2022,120,175,0,3836803,3778570,240676,4077479,4019246,86.5907736126452,85.354117208091,465
-7.6926,53.28823,2022/04/07 23:00:00+00,Fri 08 Apr 2022,267,417,0,3837070,3778987,240676,4077746,4019663,86.5964437182556,85.3629727662916,466
-7.6926,53.28823,2022/04/08 23:00:00+00,Sat 09 Apr 2022,562,1017,0,3837632,3780004,240676,4078308,4020680,86.6083785472935,85.384570134853,467
-7.6926,53.28823,2022/04/09 23:00:00+00,Sun 10 Apr 2022,412,719,0,3838044,3780723,240676,4078720,4021399,86.6171279237411,85.3998390709351,468
-7.6926,53.28823,2022/04/10 23:00:00+00,Mon 11 Apr 2022,72,92,0,3838116,3780815,240676,4078792,4021491,86.6186569409844,85.4017928151904,469
-7.6926,53.28823,2022/04/11 23:00:00+00,Tue 12 Apr 2022,193,176,0,3838309,3780991,240676,4078985,4021667,86.6227555566504,85.4055304128962,470
-7.6926,53.28823,2022/04/12 23:00:00+00,Wed 13 Apr 2022,146,231,0,3838455,3781222,240676,4079131,4021898,86.6258560638382,85.4104360098851,471
-7.6926,53.28823,2022/04/13 23:00:00+00,Thu 14 Apr 2022,360,426,0,3838815,3781648,240676,4079491,4022324,86.6335011500546,85.4194826952412,472
-7.6926,53.28823,2022/04/14 23:00:00+00,Fri 15 Apr 2022,449,989,0,3839264,3782637,240676,4079940,4023313,86.6430362714745,85.4404854459857,473
-7.6926,53.28823,2022/04/15 23:00:00+00,Sat 16 Apr 2022,42,88,0,3839306,3782725,240676,4079982,4023401,86.6439281981997,85.4423542448386,474
-7.6926,53.28823,2022/04/16 23:00:00+00,Sun 17 Apr 2022,1,0,0,3839307,3782725,240676,4079983,4023401,86.6439494345503,85.4423542448386,475
-7.6926,53.28823,2022/04/17 23:00:00+00,Mon 18 Apr 2022,36,61,0,3839343,3782786,240676,4080019,4023462,86.644713943172,85.4436496622252,476
-7.6926,53.28823,2022/04/18 23:00:00+00,Tue 19 Apr 2022,218,268,1,3839561,3783054,240677,4080238,4023731,86.6493647039536,85.4493622405369,477
-7.6926,53.28823,2022/04/19 23:00:00+00,Wed 20 Apr 2022,249,606,0,3839810,3783660,240677,4080487,4024337,86.6546525552533,85.4622314690012,478
-7.6926,53.28823,2022/04/20 23:00:00+00,Thu 21 Apr 2022,169,238,0,3839979,3783898,240677,4080656,4024575,86.6582414985049,85.4672857204443,479
-7.6926,53.28823,2022/04/21 23:00:00+00,Fri 22 Apr 2022,198,251,0,3840177,3784149,240677,4080854,4024826,86.6624462959239,85.4726160444451,480
-7.6926,53.28823,2022/04/22 23:00:00+00,Sat 23 Apr 2022,322,1010,0,3840499,3785159,240677,4081176,4025836,86.6692844008174,85.4940647585522,481
-7.6926,53.28823,2022/04/23 23:00:00+00,Sun 24 Apr 2022,182,253,0,3840681,3785412,240677,4081358,4026089,86.6731494166268,85.4994375552543,482
-7.6926,53.28823,2022/04/24 23:00:00+00,Mon 25 Apr 2022,41,56,0,3840722,3785468,240677,4081399,4026145,86.6740201070015,85.500626790888,483
-7.6926,53.28823,2022/04/25 23:00:00+00,Tue 26 Apr 2022,144,237,0,3840866,3785705,240677,4081543,4026382,86.677078141488,85.5056598059804,484
-7.6926,53.28823,2022/04/26 23:00:00+00,Wed 27 Apr 2022,121,208,0,3840987,3785913,240677,4081664,4026590,86.6796477399108,85.5100769669055,485
-7.6926,53.28823,2022/04/27 23:00:00+00,Thu 28 Apr 2022,106,128,0,3841093,3786041,240677,4081770,4026718,86.6818987930745,85.5127952197824,486
-7.6926,53.28823,2022/04/28 23:00:00+00,Fri 29 Apr 2022,172,221,0,3841265,3786262,240677,4081942,4026939,86.6855514453779,85.5174884532653,487
-7.6926,53.28823,2022/04/29 23:00:00+00,Sat 30 Apr 2022,281,722,0,3841546,3786984,240677,4082223,4027661,86.6915188598968,85.5328210983993,488
-7.6926,53.28823,2022/04/30 23:00:00+00,Sun 01 May 2022,186,746,0,3841732,3787730,240677,4082409,4028407,86.6954688211086,85.5486634159477,489
-7.6926,53.28823,2022/05/01 23:00:00+00,Mon 02 May 2022,11,26,0,3841743,3787756,240677,4082420,4028433,86.6957024209652,85.5492155610633,490
-7.6926,53.28823,2022/05/02 23:00:00+00,Tue 03 May 2022,93,117,0,3841836,3787873,240677,4082513,4028550,86.6976774015711,85.5517002140837,491
-7.6926,53.28823,2022/05/03 23:00:00+00,Wed 04 May 2022,119,128,0,3841955,3788001,240677,4082632,4028678,86.7002045272926,85.5544184669606,492
-7.6926,53.28823,2022/05/04 23:00:00+00,Thu 05 May 2022,120,161,0,3842075,3788162,240677,4082752,4028839,86.7027528893648,85.5578375194074,493
-7.6926,53.28823,2022/05/05 23:00:00+00,Fri 06 May 2022,143,258,0,3842218,3788420,240677,4082895,4029097,86.7057896875007,85.5633164978624,494
-7.6926,53.28823,2022/05/06 23:00:00+00,Sat 07 May 2022,442,1084,0,3842660,3789504,240677,4083337,4030181,86.7151761544664,85.586336701914,495
-7.6926,53.28823,2022/05/07 23:00:00+00,Sun 08 May 2022,273,436,0,3842933,3789940,240677,4083610,4030617,86.7209736781805,85.5955957507761,496
-7.6926,53.28823,2022/05/08 23:00:00+00,Mon 09 May 2022,26,31,0,3842959,3789971,240677,4083636,4030648,86.7215258232961,85.5962540776448,497
-7.6926,53.28823,2022/05/09 23:00:00+00,Tue 10 May 2022,97,102,1,3843056,3790073,240678,4083734,4030751,86.7236069856551,85.5984414217567,498
-7.6926,53.28823,2022/05/10 23:00:00+00,Wed 11 May 2022,128,132,0,3843184,3790205,240678,4083862,4030883,86.726325238532,85.601244620036,499
-7.6926,53.28823,2022/05/11 23:00:00+00,Thu 12 May 2022,247,397,0,3843431,3790602,240678,4084109,4031280,86.7315706171305,85.6096754512247,500
-7.6926,53.28823,2022/05/12 23:00:00+00,Fri 13 May 2022,180,326,0,3843611,3790928,240678,4084289,4031606,86.7353931602387,85.6165985015206,501
-7.6926,53.28823,2022/05/13 23:00:00+00,Sat 14 May 2022,333,632,0,3843944,3791560,240678,4084622,4032238,86.7424648649888,85.6300198751005,502
-7.6926,53.28823,2022/05/14 23:00:00+00,Sun 15 May 2022,169,254,0,3844113,3791814,240678,4084791,4032492,86.7460538082404,85.6354139081532,503
-7.6926,53.28823,2022/05/15 23:00:00+00,Mon 16 May 2022,33,39,0,3844146,3791853,240678,4084824,4032531,86.7467546078103,85.6362421258267,504
-7.6926,53.28823,2022/05/16 23:00:00+00,Tue 17 May 2022,106,92,0,3844252,3791945,240678,4084930,4032623,86.749005660974,85.638195870082,505
-7.6926,53.28823,2022/05/17 23:00:00+00,Wed 18 May 2022,104,119,0,3844356,3792064,240678,4085034,4032742,86.7512142414365,85.6407229958035,506
-7.6926,53.28823,2022/05/18 23:00:00+00,Thu 19 May 2022,100,102,0,3844456,3792166,240678,4085134,4032844,86.7533378764966,85.6428891035648,507
-7.6926,53.28823,2022/05/19 23:00:00+00,Fri 20 May 2022,130,204,0,3844586,3792370,240678,4085264,4033048,86.7560986020747,85.6472213190874,508
-7.6926,53.28823,2022/05/20 23:00:00+00,Sat 21 May 2022,392,760,0,3844978,3793130,240678,4085656,4033808,86.7644232515104,85.6633609455443,509
-7.6926,53.28823,2022/05/21 23:00:00+00,Sun 22 May 2022,232,410,0,3845210,3793540,240678,4085888,4034218,86.7693500848498,85.6720678492907,510
-7.6926,53.28823,2022/05/22 23:00:00+00,Mon 23 May 2022,29,33,0,3845239,3793573,240678,4085917,4034251,86.7699659390173,85.6727686488606,511
-7.6926,53.28823,2022/05/23 23:00:00+00,Tue 24 May 2022,80,82,0,3845319,3793655,240678,4085997,4034333,86.7716648470654,85.6745100296098,512
-7.6926,53.28823,2022/05/24 23:00:00+00,Wed 25 May 2022,93,124,0,3845412,3793779,240678,4086090,4034457,86.7736398276713,85.6771433370844,513
-7.6926,53.28823,2022/05/25 23:00:00+00,Thu 26 May 2022,120,147,0,3845532,3793926,240678,4086210,4034604,86.7761881897434,85.6802650806227,514
-7.6926,53.28823,2022/05/26 23:00:00+00,Fri 27 May 2022,95,147,0,3845627,3794073,240678,4086305,4034751,86.7782056430505,85.6833868241611,515
-7.6926,53.28823,2022/05/27 23:00:00+00,Sat 28 May 2022,335,574,0,3845962,3794647,240678,4086640,4035325,86.7853198205019,85.6955764894062,516
-7.6926,53.28823,2022/05/28 23:00:00+00,Sun 29 May 2022,182,346,0,3846144,3794993,240678,4086822,4035671,86.7891848363113,85.7029242667141,517
-7.6926,53.28823,2022/05/29 23:00:00+00,Mon 30 May 2022,15,18,0,3846159,3795011,240678,4086837,4035689,86.7895033815703,85.7033065210249,518
-7.6926,53.28823,2022/05/30 23:00:00+00,Tue 31 May 2022,63,70,1,3846222,3795081,240679,4086901,4035760,86.7908625080088,85.7048143019176,519
-7.6926,53.28823,2022/05/31 23:00:00+00,Wed 01 Jun 2022,57,91,0,3846279,3795172,240679,4086958,4035851,86.792072979993,85.7067468098223,520
-7.6926,53.28823,2022/06/01 23:00:00+00,Thu 02 Jun 2022,89,125,0,3846368,3795297,240679,4087047,4035976,86.7939630151965,85.7094013536475,521
-7.6926,53.28823,2022/06/02 23:00:00+00,Fri 03 Jun 2022,57,132,0,3846425,3795429,240679,4087104,4036108,86.7951734871808,85.7122045519268,522
-7.6926,53.28823,2022/06/03 23:00:00+00,Sat 04 Jun 2022,305,602,0,3846730,3796031,240679,4087409,4036710,86.8016505741141,85.7249888349887,523
-7.6926,53.28823,2022/06/04 23:00:00+00,Sun 05 Jun 2022,142,273,0,3846872,3796304,240679,4087551,4036983,86.8046661358995,85.7307863587028,524
-7.6926,53.28823,2022/06/05 23:00:00+00,Mon 06 Jun 2022,3,3,0,3846875,3796307,240679,4087554,4036986,86.8047298449513,85.7308500677546,525
-7.6926,53.28823,2022/06/06 23:00:00+00,Tue 07 Jun 2022,29,42,0,3846904,3796349,240679,4087583,4037028,86.8053456991187,85.7317419944798,526
-7.6926,53.28823,2022/06/07 23:00:00+00,Wed 08 Jun 2022,32,57,0,3846936,3796406,240679,4087615,4037085,86.806025262338,85.7329524664641,527
