X,Y,VaccinationDate,VaccineText,Dose1,Dose2,SingleDose,Dose1Cum,Dose2Cum,SingleDoseCum,PartiallyVacc,FullyVacc,PartialPercent,FullyPercent,ObjectId
-7.6926,53.28823,2021/04/27 23:00:00+00,Wed 28 Apr 2021,25910,8518,1,1107211,447624,84,1107295,447708,26.1894828162821,10.5890850881761,1
-7.6926,53.28823,2021/08/26 23:00:00+00,Fri 27 Aug 2021,9655,19023,424,3443561,3126659,233281,3676842,3359940,86.963808539896,79.4685164240232,2
-7.6926,53.28823,2021/04/28 23:00:00+00,Thu 29 Apr 2021,31581,11253,0,1138792,458877,84,1138876,458961,26.9364292549646,10.8552384169021,3
-7.6926,53.28823,2021/08/27 23:00:00+00,Sat 28 Aug 2021,9880,7772,145,3453441,3134431,233426,3686867,3367857,87.2009174993271,79.6557674596158,4
-7.6926,53.28823,2021/04/29 23:00:00+00,Fri 30 Apr 2021,35969,13459,0,1174761,472336,84,1174845,472420,27.7871596451667,11.1735675425862,5
-7.6926,53.28823,2021/08/28 23:00:00+00,Sun 29 Aug 2021,8782,9123,23,3462223,3143554,233449,3695672,3377003,87.4091713035955,79.8720865162698,6
-7.6926,53.28823,2021/04/30 23:00:00+00,Sat 01 May 2021,16415,6620,3,1191176,478956,87,1191263,479043,28.1754743480036,11.3302131922931,7
-7.6926,53.28823,2021/08/29 23:00:00+00,Mon 30 Aug 2021,5017,10955,78,3467240,3154509,233527,3700767,3388036,87.5296770540495,80.1330364563599,8
-7.6926,53.28823,2021/05/01 23:00:00+00,Sun 02 May 2021,12326,868,3,1203502,479824,90,1203592,479914,28.4670769775124,11.350813880938,9
-7.6926,53.28823,2021/08/30 23:00:00+00,Tue 31 Aug 2021,4012,12678,135,3471252,3167187,233662,3704914,3400849,87.6277609298361,80.4360865408676,10
-7.6926,53.28823,2021/05/02 23:00:00+00,Mon 03 May 2021,14123,861,4,1217625,480685,94,1217719,480779,28.8012054832363,11.3712726589836,11
-7.6926,53.28823,2021/08/31 23:00:00+00,Wed 01 Sep 2021,4895,12370,172,3476147,3179557,233834,3709981,3413391,87.7476044308273,80.7327269966466,12
-7.6926,53.28823,2021/05/03 23:00:00+00,Tue 04 May 2021,26472,6703,1,1244097,487388,95,1244192,487483,29.4273386985001,11.5298341017792,13
-7.6926,53.28823,2021/09/01 23:00:00+00,Thu 02 Sep 2021,4961,12232,243,3481108,3191789,234077,3715185,3425866,87.8706882238327,81.0277827840684,14
-7.6926,53.28823,2021/05/04 23:00:00+00,Wed 05 May 2021,31904,13341,63,1276001,500729,158,1276159,500887,30.183414719062,11.8468623803043,15
-7.6926,53.28823,2021/09/02 23:00:00+00,Fri 03 Sep 2021,4718,15891,159,3485826,3207680,234236,3720062,3441916,87.9860378891839,81.4073936368233,16
-7.6926,53.28823,2021/05/05 23:00:00+00,Thu 06 May 2021,37104,14288,121,1313105,515017,279,1313384,515296,31.0638517280217,12.1876606841888,17
-7.6926,53.28823,2021/09/03 23:00:00+00,Sat 04 Sep 2021,4601,10501,128,3490427,3218181,234364,3724791,3452545,88.0978870930891,81.6587882632366,18
-7.6926,53.28823,2021/05/06 23:00:00+00,Fri 07 May 2021,40408,14981,83,1353513,529998,362,1353875,530360,32.021535406458,12.5439508951484,19
-7.6926,53.28823,2021/09/04 23:00:00+00,Sun 05 Sep 2021,5291,11834,1,3495718,3230015,234365,3730083,3464380,88.2230522415489,81.9387069200811,20
-7.6926,53.28823,2021/05/07 23:00:00+00,Sat 08 May 2021,25436,6971,2,1378949,536969,364,1379313,537333,32.6231890433665,12.7088746631397,21
-7.6926,53.28823,2021/09/05 23:00:00+00,Mon 06 Sep 2021,2111,9564,68,3497829,3239579,234433,3732262,3474012,88.2745894408107,82.1665207352672,22
-7.6926,53.28823,2021/05/08 23:00:00+00,Sun 09 May 2021,19568,874,1,1398517,537843,365,1398882,538208,33.0860304625292,12.7295699588507,23
-7.6926,53.28823,2021/09/06 23:00:00+00,Tue 07 Sep 2021,2998,9891,136,3500827,3249470,234569,3735396,3484039,88.3487140771057,82.4036769982313,24
-7.6926,53.28823,2021/05/09 23:00:00+00,Mon 10 May 2021,28625,4542,160,1427142,542385,525,1427667,542910,33.7668465620029,12.8407805650596,25
-7.6926,53.28823,2021/05/10 23:00:00+00,Tue 11 May 2021,34155,14736,145,1461297,557121,670,1461967,557791,34.5781021538718,13.1927425027448,26
-7.6926,53.28823,2021/09/07 23:00:00+00,Wed 08 Sep 2021,2572,14687,180,3503399,3264157,234749,3738148,3498906,88.4138037385874,82.7553078111851,27
-7.6926,53.28823,2021/05/11 23:00:00+00,Wed 12 May 2021,31062,20836,149,1492359,577957,819,1493178,578776,35.3162974389394,13.6890748233095,28
-7.6926,53.28823,2021/05/12 23:00:00+00,Thu 13 May 2021,35791,25398,135,1528150,603355,954,1529104,604309,36.1660108031809,14.292975378038,29
-7.6926,53.28823,2021/09/08 23:00:00+00,Thu 09 Sep 2021,3077,14684,135,3506476,3278841,234884,3741360,3513725,88.4897732126715,83.1058033393456,30
-7.6926,53.28823,2021/05/13 23:00:00+00,Fri 14 May 2021,38001,27880,222,1566151,631235,1176,1567327,632411,37.0700522751344,14.9576373209739,31
-7.6926,53.28823,2021/09/09 23:00:00+00,Fri 10 Sep 2021,3352,13848,108,3509828,3292689,234992,3744820,3527681,88.5716083248542,83.4358873929935,32
-7.6926,53.28823,2021/05/14 23:00:00+00,Sat 15 May 2021,28649,12362,5,1594800,643597,1181,1595981,644778,37.747769993193,15.2501387176107,33
-7.6926,53.28823,2021/09/10 23:00:00+00,Sat 11 Sep 2021,2537,11232,57,3512365,3303921,235049,3747414,3538970,88.6329610072247,83.7028921853144,34
-7.6926,53.28823,2021/05/15 23:00:00+00,Sun 16 May 2021,23025,1122,1,1617825,644719,1182,1619007,645901,38.2923755692389,15.2766996514203,35
-7.6926,53.28823,2021/09/11 23:00:00+00,Sun 12 Sep 2021,2023,12844,0,3514388,3316765,235049,3749437,3551814,88.6808085309084,84.0066754745845,36
-7.6926,53.28823,2021/05/16 23:00:00+00,Mon 17 May 2021,35212,3879,105,1653037,648598,1287,1654324,649885,39.1276850076655,15.370928289263,37
-7.6926,53.28823,2021/09/12 23:00:00+00,Mon 13 Sep 2021,1572,7639,46,3515960,3324404,235095,3751055,3559499,88.7190770891487,84.1884393003429,38
-7.6926,53.28823,2021/05/17 23:00:00+00,Tue 18 May 2021,38832,12388,111,1691869,660986,1398,1693267,662384,40.0487557515183,15.6665517190813,39
-7.6926,53.28823,2021/05/18 23:00:00+00,Wed 19 May 2021,36794,17499,195,1728663,678485,1593,1730256,680078,40.9236109435778,16.0850460760064,40
-7.6926,53.28823,2021/09/13 23:00:00+00,Tue 14 Sep 2021,1519,10676,79,3517479,3335080,235174,3752653,3570254,88.7568726120585,84.4428140493385,41
-7.6926,53.28823,2021/05/19 23:00:00+00,Thu 20 May 2021,38867,19563,109,1767530,698048,1702,1769232,699750,41.8454621957259,16.5503236271214,42
-7.6926,53.28823,2021/09/14 23:00:00+00,Wed 15 Sep 2021,3247,12311,130,3520726,3347391,235304,3756030,3582695,88.8367446276195,84.7370656766983,43
-7.6926,53.28823,2021/05/20 23:00:00+00,Fri 21 May 2021,25612,23132,14909,1793142,721180,16611,1809753,737791,42.803855427158,17.450060477567,44
-7.6926,53.28823,2021/09/15 23:00:00+00,Thu 16 Sep 2021,1882,10511,109,3522608,3357902,235413,3758021,3593315,88.8838352947743,84.9882474372128,45
-7.6926,53.28823,2021/05/21 23:00:00+00,Sat 22 May 2021,16399,10177,13491,1809541,731357,30102,1839643,761459,43.5108067286438,18.0098504877231,46
-7.6926,53.28823,2021/09/16 23:00:00+00,Fri 17 Sep 2021,2538,14516,89,3525146,3372418,235502,3760648,3607920,88.9459684854402,85.3336814873366,47
-7.6926,53.28823,2021/05/22 23:00:00+00,Sun 23 May 2021,8084,5480,10191,1817625,736837,40293,1857918,777130,43.9430427619209,18.3804973209644,48
-7.6926,53.28823,2021/09/17 23:00:00+00,Sat 18 Sep 2021,2273,11166,40,3527419,3383584,235542,3762961,3619126,89.0006750214167,85.5987231830358,49
-7.6926,53.28823,2021/05/23 23:00:00+00,Mon 24 May 2021,22313,8118,8427,1839938,744955,48720,1888658,793675,44.6700980649544,18.7718157981502,50
-7.6926,53.28823,2021/05/24 23:00:00+00,Tue 25 May 2021,30070,16392,3207,1870008,761347,51927,1921935,813274,45.4571578996664,19.2353667703087,51
-7.6926,53.28823,2021/05/25 23:00:00+00,Wed 26 May 2021,19697,25319,3029,1889705,786666,54956,1944661,841622,45.9946679457542,19.9058470478102,52
-7.6926,53.28823,2021/05/26 23:00:00+00,Thu 27 May 2021,16755,35881,540,1906460,822547,55496,1961956,878043,46.403725247835,20.7672680364824,53
-7.6926,53.28823,2021/05/27 23:00:00+00,Fri 28 May 2021,26772,31725,1516,1933232,854272,57012,1990244,911284,47.0727864193449,21.5534764075994,54
-7.6926,53.28823,2021/05/28 23:00:00+00,Sat 29 May 2021,24267,7324,498,1957499,861596,57510,2015009,919106,47.6585224173808,21.738480525372,55
-7.6926,53.28823,2021/05/29 23:00:00+00,Sun 30 May 2021,24084,1615,185,1981583,863211,57695,2039278,920906,48.2325271392195,21.7810537051202,56
-7.6926,53.28823,2021/05/30 23:00:00+00,Mon 31 May 2021,22299,7241,3411,2003882,870452,61106,2064988,931558,48.8406140566233,22.0329923221636,57
-7.6926,53.28823,2021/05/31 23:00:00+00,Tue 01 Jun 2021,27200,11387,3620,2031082,881839,64726,2095808,946565,49.5695615009789,22.3879343824311,58
-7.6926,53.28823,2021/06/01 23:00:00+00,Wed 02 Jun 2021,18381,20776,3971,2049463,902615,68697,2118160,971312,50.0982257863858,22.9732446486696,59
-7.6926,53.28823,2021/06/02 23:00:00+00,Thu 03 Jun 2021,16459,30573,1953,2065922,933188,70650,2136572,1003838,50.533702111677,23.7425420067199,60
-7.6926,53.28823,2021/06/03 23:00:00+00,Fri 04 Jun 2021,28774,23219,119,2094696,956407,70769,2165465,1027176,51.2170726019356,24.2945269339222,61
-7.6926,53.28823,2021/06/04 23:00:00+00,Sat 05 Jun 2021,20695,11384,4,2115391,967791,70773,2186164,1038564,51.7066405172736,24.5638732511293,62
-7.6926,53.28823,2021/06/05 23:00:00+00,Sun 06 Jun 2021,19739,3819,9,2135130,971610,70782,2205912,1042392,52.1737156026446,24.6544122133938,63
-7.6926,53.28823,2021/06/06 23:00:00+00,Mon 07 Jun 2021,19543,4426,3,2154673,976036,70785,2225458,1046821,52.6360130311773,24.759165887341,64
-7.6926,53.28823,2021/06/07 23:00:00+00,Tue 08 Jun 2021,26281,18409,14,2180954,994445,70799,2251753,1065244,53.2579362319992,25.194902382064,65
-7.6926,53.28823,2021/06/08 23:00:00+00,Wed 09 Jun 2021,32598,19967,143,2213552,1014412,70942,2284494,1085354,54.0323187198529,25.6705394069178,66
-7.6926,53.28823,2021/06/09 23:00:00+00,Thu 10 Jun 2021,27420,27331,235,2240972,1041743,71177,2312149,1112920,54.6864083231512,26.3225240029953,67
-7.6926,53.28823,2021/06/10 23:00:00+00,Fri 11 Jun 2021,26199,32753,5,2267171,1074496,71182,2338353,1145678,55.3061792132193,27.0973085708799,68
-7.6926,53.28823,2021/06/11 23:00:00+00,Sat 12 Jun 2021,11967,19587,77,2279138,1094083,71259,2350397,1165342,55.5910410892679,27.5623969078627,69
-7.6926,53.28823,2021/06/12 23:00:00+00,Sun 13 Jun 2021,8402,18086,811,2287540,1112169,72070,2359610,1184239,55.8089448142792,28.0093443399194,70
-7.6926,53.28823,2021/06/13 23:00:00+00,Mon 14 Jun 2021,15787,31133,13,2303327,1143302,72083,2375410,1215385,56.1826427254025,28.7460022601628,71
-7.6926,53.28823,2021/06/14 23:00:00+00,Tue 15 Jun 2021,14437,41323,179,2317764,1184625,72262,2390026,1256887,56.5283369449581,29.7275978745577,72
-7.6926,53.28823,2021/06/15 23:00:00+00,Wed 16 Jun 2021,13168,48142,190,2330932,1232767,72452,2403384,1305219,56.8442772422229,30.8707350543305,73
-7.6926,53.28823,2021/06/16 23:00:00+00,Thu 17 Jun 2021,21299,42467,499,2352231,1275234,72951,2425182,1348185,57.3598384489739,31.8869568549205,74
-7.6926,53.28823,2021/06/17 23:00:00+00,Fri 18 Jun 2021,11817,49853,522,2364048,1325087,73473,2437521,1398560,57.651677596148,33.0784145937076,75
-7.6926,53.28823,2021/06/18 23:00:00+00,Sat 19 Jun 2021,6088,32631,401,2370136,1357718,73874,2444010,1431592,57.8051539091403,33.8596797456205,76
-7.6926,53.28823,2021/06/19 23:00:00+00,Sun 20 Jun 2021,8351,26034,159,2378487,1383752,74033,2452520,1457785,58.0064304422833,34.4791904662567,77
-7.6926,53.28823,2021/06/20 23:00:00+00,Mon 21 Jun 2021,15231,32142,534,2393718,1415894,74567,2468285,1490461,58.3793005415781,35.2520355892861,78
-7.6926,53.28823,2021/06/21 23:00:00+00,Tue 22 Jun 2021,14899,43353,687,2408617,1459247,75254,2483871,1534501,58.7479369746647,36.293659387126,79
-7.6926,53.28823,2021/06/22 23:00:00+00,Wed 23 Jun 2021,19812,39147,851,2428429,1498394,76105,2504534,1574499,59.2366534264078,37.2396827446645,80
-7.6926,53.28823,2021/06/23 23:00:00+00,Thu 24 Jun 2021,18788,44038,1002,2447217,1542432,77107,2524324,1619539,59.7047218859729,38.3049583090311,81
-7.6926,53.28823,2021/06/24 23:00:00+00,Fri 25 Jun 2021,14939,49915,788,2462156,1592347,77895,2540051,1670242,60.0766932181398,39.504173827239,82
-7.6926,53.28823,2021/06/25 23:00:00+00,Sat 26 Jun 2021,8809,30333,452,2470965,1622680,78347,2549312,1701027,60.2957322279444,40.2322934597662,83
-7.6926,53.28823,2021/06/26 23:00:00+00,Sun 27 Jun 2021,8574,30313,32,2479539,1652993,78379,2557918,1731372,60.4992793306739,40.9500063150217,84
-7.6926,53.28823,2021/06/27 23:00:00+00,Mon 28 Jun 2021,24001,24410,460,2503540,1677403,78839,2582379,1756242,61.0778251916857,41.5382257485429,85
-7.6926,53.28823,2021/06/28 23:00:00+00,Tue 29 Jun 2021,27869,30753,756,2531409,1708156,79595,2611004,1787751,61.7548570085151,42.2834692600356,86
-7.6926,53.28823,2021/06/29 23:00:00+00,Wed 30 Jun 2021,22276,36564,530,2553685,1744720,80125,2633810,1824845,62.2942591959251,43.1608078875803,87
-7.6926,53.28823,2021/06/30 23:00:00+00,Thu 01 Jul 2021,14609,48099,586,2568294,1792819,80711,2649005,1873530,62.6536477882997,44.3122941409371,88
-7.6926,53.28823,2021/07/01 23:00:00+00,Fri 02 Jul 2021,13361,47017,774,2581655,1839836,81485,2663140,1921321,62.9879655081558,45.4426357150189,89
-7.6926,53.28823,2021/07/02 23:00:00+00,Sat 03 Jul 2021,9101,30217,459,2590756,1870053,81944,2672700,1951997,63.214076396152,46.1681773049947,90
-7.6926,53.28823,2021/07/03 23:00:00+00,Sun 04 Jul 2021,6287,27650,196,2597043,1897703,82140,2679183,1979843,63.3674107985451,46.8267843956997,91
-7.6926,53.28823,2021/07/04 23:00:00+00,Mon 05 Jul 2021,15243,33113,5302,2612286,1930816,87442,2699728,2018258,63.853336341838,47.7353670068264,92
-7.6926,53.28823,2021/07/05 23:00:00+00,Tue 06 Jul 2021,12126,48134,5438,2624412,1978950,92880,2717292,2071830,64.2687559691146,49.0024394431996,93
-7.6926,53.28823,2021/07/06 23:00:00+00,Wed 07 Jul 2021,19423,43435,4994,2643835,2022385,97874,2741709,2120259,64.8462611523992,50.1478708443255,94
-7.6926,53.28823,2021/07/07 23:00:00+00,Thu 08 Jul 2021,17535,45313,5942,2661370,2067698,103816,2765186,2171514,65.4015336751487,51.3601421376561,95
-7.6926,53.28823,2021/07/08 23:00:00+00,Fri 09 Jul 2021,13291,44812,6492,2674661,2112510,110308,2784969,2222818,65.8694365723481,52.5735723675466,96
-7.6926,53.28823,2021/07/09 23:00:00+00,Sat 10 Jul 2021,8421,23601,4317,2683082,2136111,114625,2797707,2250736,66.1707127743664,53.2338823854415,97
-7.6926,53.28823,2021/07/10 23:00:00+00,Sun 11 Jul 2021,15096,15956,2129,2698178,2152067,116754,2814932,2268821,66.5781144527904,53.6616245830785,98
-7.6926,53.28823,2021/07/11 23:00:00+00,Mon 12 Jul 2021,16921,31447,6037,2715099,2183514,122791,2837890,2306305,67.1211117087124,54.5481873995687,99
-7.6926,53.28823,2021/07/12 23:00:00+00,Tue 13 Jul 2021,19893,36222,8444,2734992,2219736,131235,2866227,2350971,67.7913318167821,55.6046172032543,100
-7.6926,53.28823,2021/07/13 23:00:00+00,Wed 14 Jul 2021,20591,35355,9288,2755583,2255091,140523,2896106,2395614,68.498022948836,56.6605030163098,101
-7.6926,53.28823,2021/07/14 23:00:00+00,Thu 15 Jul 2021,23401,28505,9522,2778984,2283596,150045,2929029,2433641,69.2767100581975,57.559908742024,102
-7.6926,53.28823,2021/07/15 23:00:00+00,Fri 16 Jul 2021,23360,27062,9118,2802344,2310658,159163,2961507,2469821,70.0448721314546,58.4156296549633,103
-7.6926,53.28823,2021/07/16 23:00:00+00,Sat 17 Jul 2021,11357,19146,4631,2813701,2329804,163794,2977495,2493598,70.423016574685,58.9779977076708,104
-7.6926,53.28823,2021/07/17 23:00:00+00,Sun 18 Jul 2021,16742,15610,1908,2830443,2345414,165702,2996145,2511116,70.8641220204096,59.3923293536871,105
-7.6926,53.28823,2021/07/18 23:00:00+00,Mon 19 Jul 2021,24668,18088,6192,2855111,2363502,171894,3027005,2535396,71.5940155354263,59.9665942449576,106
-7.6926,53.28823,2021/07/19 23:00:00+00,Tue 20 Jul 2021,30378,17789,7653,2885489,2381291,179547,3065036,2560838,72.4935158682067,60.5683424889322,107
-7.6926,53.28823,2021/07/20 23:00:00+00,Wed 21 Jul 2021,30101,19501,6833,2915590,2400792,186380,3101970,2587172,73.3670702131071,61.1911881086486,108
-7.6926,53.28823,2021/07/21 23:00:00+00,Thu 22 Jul 2021,33322,15581,6882,2948912,2416373,193262,3142174,2609635,74.3179658345502,61.7224777401399,109
-7.6926,53.28823,2021/07/22 23:00:00+00,Fri 23 Jul 2021,26907,20467,5549,2975819,2436840,198811,3174630,2635651,75.0856075689437,62.3378020981009,110
-7.6926,53.28823,2021/07/23 23:00:00+00,Sat 24 Jul 2021,15311,14507,2233,2991130,2451347,201044,3192174,2652391,75.5005541608897,62.7337326697594,111
-7.6926,53.28823,2021/07/24 23:00:00+00,Sun 25 Jul 2021,14629,13467,1016,3005759,2464814,202060,3207819,2666874,75.8705860482013,63.0762812043669,112
-7.6926,53.28823,2021/07/25 23:00:00+00,Mon 26 Jul 2021,23675,17829,3371,3029434,2482643,205431,3234865,2688074,76.5102717256849,63.5776986547348,113
-7.6926,53.28823,2021/07/26 23:00:00+00,Tue 27 Jul 2021,25301,23468,3612,3054735,2506111,209043,3263778,2715154,77.194115251274,64.2181884922803,114
-7.6926,53.28823,2021/07/27 23:00:00+00,Wed 28 Jul 2021,23263,24927,3226,3077998,2531038,212269,3290267,2743307,77.8206268948021,64.884056675309,115
-7.6926,53.28823,2021/07/28 23:00:00+00,Thu 29 Jul 2021,19121,27518,2921,3097119,2558556,215190,3312309,2773746,78.3419591325857,65.603992796618,116
-7.6926,53.28823,2021/07/29 23:00:00+00,Fri 30 Jul 2021,21773,22561,2080,3118892,2581117,217270,3336162,2798387,78.9061247195492,66.1867959756046,117
-7.6926,53.28823,2021/07/30 23:00:00+00,Sat 31 Jul 2021,13624,12191,883,3132516,2593308,218153,3350669,2811461,79.2492408965533,66.4960191711759,118
-7.6926,53.28823,2021/07/31 23:00:00+00,Sun 01 Aug 2021,10983,9142,355,3143499,2602450,218508,3362007,2820958,79.5174046254341,66.7206399978808,119
-7.6926,53.28823,2021/08/01 23:00:00+00,Mon 02 Aug 2021,14876,15650,395,3158375,2618100,218903,3377278,2837003,79.8785907520647,67.1001325918031,120
-7.6926,53.28823,2021/08/02 23:00:00+00,Tue 03 Aug 2021,17196,25110,1084,3175571,2643210,219987,3395558,2863197,80.3109450441744,67.7196669642059,121
-7.6926,53.28823,2021/08/03 23:00:00+00,Wed 04 Aug 2021,21952,16935,1555,3197523,2660145,221542,3419065,2881687,80.8669271199197,68.1569881272862,122
-7.6926,53.28823,2021/08/04 23:00:00+00,Thu 05 Aug 2021,13375,29720,1402,3210898,2689865,222944,3433842,2912809,81.216429273886,68.893078405133,123
-7.6926,53.28823,2021/08/05 23:00:00+00,Fri 06 Aug 2021,12035,24430,923,3222933,2714295,223867,3446800,2938162,81.5229088645402,69.4927216418867,124
-7.6926,53.28823,2021/08/06 23:00:00+00,Sat 07 Aug 2021,6253,8200,560,3229186,2722495,224427,3453613,2946922,81.6840483498872,69.6999111166614,125
-7.6926,53.28823,2021/08/07 23:00:00+00,Sun 08 Aug 2021,8547,11791,142,3237733,2734286,224569,3462302,2958855,81.8895585492385,69.9821476466256,126
-7.6926,53.28823,2021/08/08 23:00:00+00,Mon 09 Aug 2021,5439,22713,585,3243172,2756999,225154,3468326,2982153,82.0320367907959,70.5331865031667,127
-7.6926,53.28823,2021/08/09 23:00:00+00,Tue 10 Aug 2021,9211,25669,689,3252383,2782668,225843,3478226,3008511,82.2661892794111,71.1565997652799,128
-7.6926,53.28823,2021/08/10 23:00:00+00,Wed 11 Aug 2021,6910,30908,633,3259293,2813576,226476,3485769,3040052,82.4445945543227,71.9026001333013,129
-7.6926,53.28823,2021/08/11 23:00:00+00,Thu 12 Aug 2021,6643,37992,849,3265936,2851568,227325,3493261,3078893,82.6217935891414,72.8212583969684,130
-7.6926,53.28823,2021/08/12 23:00:00+00,Fri 13 Aug 2021,10805,27942,844,3276741,2879510,228169,3504910,3107679,82.897313017412,73.5020981482086,131
-7.6926,53.28823,2021/08/13 23:00:00+00,Sat 14 Aug 2021,18045,5647,267,3294786,2885157,228436,3523222,3113593,83.3304241660505,73.641974695448,132
-7.6926,53.28823,2021/08/14 23:00:00+00,Sun 15 Aug 2021,16955,3609,39,3311741,2888766,228475,3540216,3117241,83.7323622864068,73.7282563397378,133
-7.6926,53.28823,2021/08/15 23:00:00+00,Mon 16 Aug 2021,10103,22881,351,3321844,2911647,228826,3550670,3140473,83.9796178536779,74.2777341796882,134
-7.6926,53.28823,2021/08/16 23:00:00+00,Tue 17 Aug 2021,12787,26615,512,3334631,2938262,229338,3563969,3167600,84.2941626967176,74.9193356502604,135
-7.6926,53.28823,2021/08/17 23:00:00+00,Wed 18 Aug 2021,15140,25520,645,3349771,2963782,229983,3579754,3193765,84.667505831343,75.5381841214338,136
-7.6926,53.28823,2021/08/18 23:00:00+00,Thu 19 Aug 2021,11295,25459,524,3361066,2989241,230507,3591573,3219748,84.9470460599232,76.1527279710994,137
-7.6926,53.28823,2021/08/19 23:00:00+00,Fri 20 Aug 2021,14752,22026,665,3375818,3011267,231172,3606990,3242439,85.3116853444667,76.6894102053588,138
-7.6926,53.28823,2021/08/20 23:00:00+00,Sat 21 Aug 2021,11802,7822,226,3387620,3019089,231398,3619018,3250487,85.5961687922509,76.8797596223664,139
-7.6926,53.28823,2021/08/21 23:00:00+00,Sun 22 Aug 2021,7984,12164,156,3395604,3031253,231554,3627158,3262807,85.788694171779,77.1711493859765,140
-7.6926,53.28823,2021/08/22 23:00:00+00,Mon 23 Aug 2021,10800,15161,271,3406404,3046414,231825,3638229,3278239,86.0505428789971,77.5361434470179,141
-7.6926,53.28823,2021/08/23 23:00:00+00,Tue 24 Aug 2021,9643,22710,369,3416047,3069124,232194,3648241,3301318,86.2873443654633,78.0820025666897,142
-7.6926,53.28823,2021/08/24 23:00:00+00,Wed 25 Aug 2021,9347,19281,305,3425394,3088405,232499,3657893,3320904,86.5156312159799,78.5452460658834,143
-7.6926,53.28823,2021/08/25 23:00:00+00,Thu 26 Aug 2021,8512,19231,358,3433906,3107636,232857,3666763,3340493,86.7254223850725,79.0085605203767,144
-7.6926,53.28823,2020/12/28 00:00:00+00,Mon 28 Dec 2020,130,9,6,130,9,6,136,15,0.00321664024764346,0.000354776497901852,145
-7.6926,53.28823,2021/09/18 23:00:00+00,Sun 19 Sep 2021,1854,8455,11,3529273,3392039,235553,3764826,3627592,89.0447855659891,85.7989590384516,146
-7.6926,53.28823,2020/12/29 00:00:00+00,Tue 29 Dec 2020,69,1,0,199,10,6,205,16,0.00484861213799197,0.000378428264428642,147
-7.6926,53.28823,2021/09/19 23:00:00+00,Mon 20 Sep 2021,947,5551,29,3530220,3397590,235582,3765802,3633172,89.0678696901193,85.9309358956711,148
-7.6926,53.28823,2020/12/30 00:00:00+00,Wed 30 Dec 2020,1048,0,0,1247,10,6,1253,16,0.029635663458068,0.000378428264428642,149
-7.6926,53.28823,2021/09/20 23:00:00+00,Tue 21 Sep 2021,1442,6593,89,3531662,3404183,235671,3767333,3639854,89.1040805446718,86.0889769996031,150
-7.6926,53.28823,2020/12/31 00:00:00+00,Thu 31 Dec 2020,1023,1,0,2270,11,6,2276,17,0.0538314206149743,0.000402080030955432,151
-7.6926,53.28823,2021/09/21 23:00:00+00,Wed 22 Sep 2021,1884,8071,94,3533546,3412254,235765,3769311,3648019,89.1508637388618,86.2820936732944,152
-7.6926,53.28823,2021/01/01 00:00:00+00,Fri 01 Jan 2021,800,0,0,3070,11,6,3076,17,0.0727528338364064,0.000402080030955432,153
-7.6926,53.28823,2021/09/22 23:00:00+00,Thu 23 Sep 2021,1681,8684,85,3535227,3420938,235850,3771077,3656788,89.1926327585481,86.4894960139678,154
-7.6926,53.28823,2021/01/02 00:00:00+00,Sat 02 Jan 2021,1010,0,0,4080,11,6,4086,17,0.0966411180284644,0.000402080030955432,155
-7.6926,53.28823,2021/09/23 23:00:00+00,Fri 24 Sep 2021,1899,7305,79,3537126,3428243,235929,3773055,3664172,89.2394159527381,86.6641406580016,156
-7.6926,53.28823,2021/01/03 00:00:00+00,Sun 03 Jan 2021,16,0,0,4096,11,6,4102,17,0.0970195462928931,0.000402080030955432,157
-7.6926,53.28823,2021/09/24 23:00:00+00,Sat 25 Sep 2021,2400,6532,50,3539526,3434775,235979,3775505,3670754,89.2973627807287,86.8198165852809,158
-7.6926,53.28823,2021/01/04 00:00:00+00,Mon 04 Jan 2021,1175,1,0,5271,12,6,5277,18,0.124810371961871,0.000425731797482222,159
-7.6926,53.28823,2021/09/25 23:00:00+00,Sun 26 Sep 2021,1536,7079,0,3541062,3441854,235979,3777041,3677833,89.3336918941139,86.9872474405241,160
-7.6926,53.28823,2021/01/05 00:00:00+00,Tue 05 Jan 2021,3499,3,0,8770,15,6,8776,21,0.20756790303911,0.000496687097062593,161
-7.6926,53.28823,2021/09/26 23:00:00+00,Mon 27 Sep 2021,1166,3702,45,3542228,3445556,236024,3778252,3681580,89.3623341833778,87.0758706097,162
-7.6926,53.28823,2021/01/06 00:00:00+00,Wed 06 Jan 2021,6747,3,0,15517,18,6,15523,24,0.367146371795363,0.000567642396642963,163
-7.6926,53.28823,2021/09/27 23:00:00+00,Tue 28 Sep 2021,1437,5044,89,3543665,3450600,236113,3779778,3686713,89.3984267790977,87.197275127282,164
-7.6926,53.28823,2021/01/07 00:00:00+00,Thu 07 Jan 2021,11704,3,0,27221,21,6,27227,27,0.643966647224915,0.000638597696223333,165
-7.6926,53.28823,2021/09/28 23:00:00+00,Wed 29 Sep 2021,1637,3533,72,3545302,3454133,236185,3781487,3690318,89.438847648092,87.2825397456111,166
-7.6926,53.28823,2021/01/08 00:00:00+00,Fri 08 Jan 2021,12652,4,0,39873,25,6,39879,31,0.943208797321863,0.000733204762330494,167
-7.6926,53.28823,2021/09/29 23:00:00+00,Thu 30 Sep 2021,1265,3878,77,3546567,3458011,236262,3782829,3694273,89.4705883187709,87.3760824822245,168
-7.6926,53.28823,2021/01/09 00:00:00+00,Sat 09 Jan 2021,8061,3,0,47934,28,6,47940,34,1.13386568729432,0.000804160061910864,169
-7.6926,53.28823,2021/09/30 23:00:00+00,Fri 01 Oct 2021,1832,5090,38,3548399,3463101,236300,3784699,3699401,89.514817122176,87.4973687409739,170
-7.6926,53.28823,2021/01/10 00:00:00+00,Sun 10 Jan 2021,4755,1,1,52689,29,7,52696,36,1.24635348889573,0.000851463594964444,171
-7.6926,53.28823,2021/10/01 23:00:00+00,Sat 02 Oct 2021,1703,4035,39,3550102,3467136,236339,3786441,3703475,89.5560184994657,87.593726037804,172
-7.6926,53.28823,2021/01/11 00:00:00+00,Mon 11 Jan 2021,8320,3,0,61009,32,7,61016,39,1.44313618639863,0.000922418894544815,173
-7.6926,53.28823,2021/10/02 23:00:00+00,Sun 03 Oct 2021,1203,2989,9,3551305,3470125,236348,3787653,3706473,89.5846844404962,87.6646340338514,174
-7.6926,53.28823,2021/01/12 00:00:00+00,Tue 12 Jan 2021,8844,4,0,69853,36,7,69860,43,1.65231240956156,0.00101702596065198,175
-7.6926,53.28823,2021/10/03 23:00:00+00,Mon 04 Oct 2021,330,1158,16,3551635,3471283,236364,3787999,3707647,89.5928679517145,87.6924012077538,176
-7.6926,53.28823,2021/01/13 00:00:00+00,Wed 13 Jan 2021,9849,3,0,79702,39,7,79709,46,1.88525865808391,0.00108798126023235,177
-7.6926,53.28823,2021/10/04 23:00:00+00,Tue 05 Oct 2021,970,2749,68,3552605,3474032,236432,3789037,3710464,89.6174184853692,87.7590282340598,178
-7.6926,53.28823,2021/01/14 00:00:00+00,Thu 14 Jan 2021,8040,2,0,87742,41,7,87749,48,2.07541886095931,0.00113528479328593,179
-7.6926,53.28823,2021/10/05 23:00:00+00,Wed 06 Oct 2021,979,2495,34,3553584,3476527,236466,3790050,3712993,89.6413777248609,87.818843551606,180
-7.6926,53.28823,2021/01/15 00:00:00+00,Fri 15 Jan 2021,7643,2,0,95385,43,7,95392,50,2.25618931252356,0.00118258832633951,181
-7.6926,53.28823,2021/10/06 23:00:00+00,Thu 07 Oct 2021,1204,2626,41,3554788,3479153,236507,3791295,3715660,89.6708241741867,87.881922812933,182
-7.6926,53.28823,2021/01/16 00:00:00+00,Sat 16 Jan 2021,5202,3,0,100587,46,7,100594,53,2.37922580199593,0.00125354362591988,183
-7.6926,53.28823,2021/10/07 23:00:00+00,Fri 08 Oct 2021,980,2686,42,3555768,3481839,236549,3792317,3718388,89.6949962795771,87.9464448320181,184
-7.6926,53.28823,2021/01/17 00:00:00+00,Sun 17 Jan 2021,1098,4,0,101685,50,7,101692,57,2.40519544164234,0.00134815069202704,185
-7.6926,53.28823,2021/10/08 23:00:00+00,Sat 09 Oct 2021,729,2317,18,3556497,3484156,236567,3793064,3720723,89.7126641491726,88.0016717068581,186
-7.6926,53.28823,2021/01/18 00:00:00+00,Mon 18 Jan 2021,8669,4,0,110354,54,7,110361,61,2.61023260566308,0.0014427577581342,187
-7.6926,53.28823,2021/10/09 23:00:00+00,Sun 10 Oct 2021,1528,3889,0,3558025,3488045,236567,3794592,3724612,89.7488040484256,88.0936534268808,188
-7.6926,53.28823,2021/01/19 00:00:00+00,Tue 19 Jan 2021,8351,15,0,118705,69,7,118712,76,2.80774850792831,0.00179753425603605,189
-7.6926,53.28823,2021/10/10 23:00:00+00,Mon 11 Oct 2021,327,1064,12,3558352,3489109,236579,3794931,3725688,89.7568219972782,88.1191027276636,190
-7.6926,53.28823,2021/01/20 00:00:00+00,Wed 20 Jan 2021,8420,955,0,127125,1024,7,127132,1031,3.00689638208388,0.0243849712891206,191
-7.6926,53.28823,2021/10/11 23:00:00+00,Tue 12 Oct 2021,561,1562,20,3558913,3490671,236599,3795512,3727270,89.7705636736302,88.156519822309,192
-7.6926,53.28823,2021/10/12 23:00:00+00,Wed 13 Oct 2021,1030,1976,9,3559943,3492647,236608,3796551,3729255,89.7951378590516,88.2034685788647,193
-7.6926,53.28823,2021/10/13 23:00:00+00,Thu 14 Oct 2021,697,1514,7,3560640,3494161,236615,3797255,3730776,89.8117887026864,88.2394429157519,194
-7.6926,53.28823,2021/10/14 23:00:00+00,Fri 15 Oct 2021,952,1999,5,3561592,3496160,236620,3798212,3732780,89.8344234432525,88.2868410558716,195
-7.6926,53.28823,2021/10/15 23:00:00+00,Sat 16 Oct 2021,1376,2589,11,3562968,3498749,236631,3799599,3735380,89.8672284434252,88.3483356488413,196
-7.6926,53.28823,2021/10/16 23:00:00+00,Sun 17 Oct 2021,1709,2873,2,3564677,3501622,236633,3801310,3738255,89.9076966159525,88.4163344776058,197
-7.6926,53.28823,2021/10/17 23:00:00+00,Mon 18 Oct 2021,669,1169,3,3565346,3502791,236636,3801982,3739427,89.9235906030586,88.4440543479752,198
-7.6926,53.28823,2021/10/18 23:00:00+00,Tue 19 Oct 2021,1333,1729,10,3566679,3504520,236646,3803325,3741166,89.955354925504,88.4851847699653,199
-7.6926,53.28823,2021/10/19 23:00:00+00,Wed 20 Oct 2021,2247,2254,0,3568926,3506774,236646,3805572,3743420,90.0085004448897,88.5384958517167,200
-7.6926,53.28823,2021/10/20 23:00:00+00,Thu 21 Oct 2021,1753,1766,8,3570679,3508540,236654,3807333,3745194,90.0501512057434,88.5804540855352,201
-7.6926,53.28823,2021/10/21 23:00:00+00,Fri 22 Oct 2021,1494,1898,1,3572173,3510438,236655,3808828,3747093,90.085510596701,88.6253687901696,202
-7.6926,53.28823,2021/10/22 23:00:00+00,Sat 23 Oct 2021,2006,1661,0,3574179,3512099,236655,3810834,3748754,90.1329560403537,88.6646543743706,203
-7.6926,53.28823,2021/10/23 23:00:00+00,Sun 24 Oct 2021,1943,2171,0,3576122,3514270,236655,3812777,3750925,90.1789114227152,88.7160023595002,204
-7.6926,53.28823,2021/10/24 23:00:00+00,Mon 25 Oct 2021,1213,806,0,3577335,3515076,236655,3813990,3751731,90.2076010155123,88.7350656833208,205
-7.6926,53.28823,2021/10/25 23:00:00+00,Tue 26 Oct 2021,1235,1163,5,3578570,3516239,236660,3815230,3752899,90.2369292060055,88.7626909466241,206
-7.6926,53.28823,2021/10/26 23:00:00+00,Wed 27 Oct 2021,1553,1384,4,3580123,3517623,236664,3816787,3754287,90.2737550064877,88.7955195985633,207
-7.6926,53.28823,2021/10/27 23:00:00+00,Thu 28 Oct 2021,2143,1640,2,3582266,3519263,236666,3818932,3755929,90.3244880456876,88.8343557992003,208
-7.6926,53.28823,2021/10/28 23:00:00+00,Fri 29 Oct 2021,2131,1314,0,3584397,3520577,236666,3821063,3757243,90.3748899601562,88.8654342204165,209
-7.6926,53.28823,2021/10/29 23:00:00+00,Sat 30 Oct 2021,2000,1420,0,3586397,3521997,236666,3823063,3758663,90.4221934932098,88.8990197288845,210
-7.6926,53.28823,2021/10/30 23:00:00+00,Sun 31 Oct 2021,1628,1308,0,3588025,3523305,236666,3824691,3759971,90.4606985691154,88.9299562395016,211
-7.6926,53.28823,2021/11/01 00:00:00+00,Mon 01 Nov 2021,256,242,0,3588281,3523547,236666,3824947,3760213,90.4667534213463,88.9356799670011,212
-7.6926,53.28823,2021/11/02 00:00:00+00,Tue 02 Nov 2021,1084,1051,9,3589365,3524598,236675,3826040,3761273,90.4926048021601,88.9607508395194,213
-7.6926,53.28823,2021/11/03 00:00:00+00,Wed 03 Nov 2021,2538,1790,5,3591903,3526388,236680,3828583,3763068,90.5527512444377,89.0032057604351,214
-7.6926,53.28823,2021/11/04 00:00:00+00,Thu 04 Nov 2021,1550,1213,0,3593453,3527601,236680,3830133,3764281,90.5894114825542,89.031895353232,215
-7.6926,53.28823,2021/11/05 00:00:00+00,Fri 05 Nov 2021,1635,1011,0,3595088,3528612,236680,3831768,3765292,90.6280821208255,89.0558072891906,216
-7.6926,53.28823,2021/11/06 00:00:00+00,Sat 06 Nov 2021,1822,1316,5,3596910,3529928,236685,3833595,3766613,90.67129389827,89.0870512727725,217
-7.6926,53.28823,2021/11/07 00:00:00+00,Sun 07 Nov 2021,730,764,0,3597640,3530692,236685,3834325,3767377,90.6885596878345,89.105121222399,218
-7.6926,53.28823,2021/11/08 00:00:00+00,Mon 08 Nov 2021,508,487,1,3598148,3531179,236686,3834834,3767865,90.7005984369967,89.1166632844641,219
-7.6926,53.28823,2021/11/09 00:00:00+00,Tue 09 Nov 2021,1377,993,1,3599525,3532172,236687,3836212,3768859,90.7331905712706,89.1401731403917,220
-7.6926,53.28823,2021/11/10 00:00:00+00,Wed 10 Nov 2021,1603,1296,0,3601128,3533468,236687,3837815,3770155,90.771104353013,89.1708258298104,221
-7.6926,53.28823,2021/11/11 00:00:00+00,Thu 11 Nov 2021,1406,1049,1,3602534,3534517,236688,3839222,3771205,90.8043823885162,89.1956601846635,222
-7.6926,53.28823,2021/11/12 00:00:00+00,Fri 12 Nov 2021,1152,1081,5,3603686,3535598,236693,3840379,3772291,90.8317474823877,89.2213460031116,223
-7.6926,53.28823,2021/11/13 00:00:00+00,Sat 13 Nov 2021,1414,1332,0,3605100,3536930,236693,3841793,3773623,90.8651910802566,89.2528501561253,224
-7.6926,53.28823,2021/11/14 00:00:00+00,Sun 14 Nov 2021,1649,1799,0,3606749,3538729,236693,3843442,3775422,90.9041928432593,89.295399684107,225
-7.6926,53.28823,2021/11/15 00:00:00+00,Mon 15 Nov 2021,1252,549,0,3608001,3539278,236693,3844694,3775971,90.9338048549508,89.3083845039302,226
-7.6926,53.28823,2021/11/16 00:00:00+00,Tue 16 Nov 2021,1323,1019,4,3609324,3540297,236697,3846021,3776994,90.9651907491319,89.3325802610871,227
-7.6926,53.28823,2021/11/17 00:00:00+00,Wed 17 Nov 2021,1510,1052,0,3610834,3541349,236697,3847531,3778046,91.0009049165873,89.3574619194733,228
-7.6926,53.28823,2021/11/18 00:00:00+00,Thu 18 Nov 2021,1661,2431,5,3612495,3543780,236702,3849197,3780482,91.0403087596209,89.4150776227326,229
-7.6926,53.28823,2021/11/19 00:00:00+00,Fri 19 Nov 2021,1175,1460,0,3613670,3545240,236702,3850372,3781942,91.0680995852899,89.4496092018617,230
-7.6926,53.28823,2021/11/20 00:00:00+00,Sat 20 Nov 2021,1533,2897,10,3615203,3548137,236712,3851915,3784849,91.1045942610408,89.5183648871551,231
-7.6926,53.28823,2021/11/21 00:00:00+00,Sun 21 Nov 2021,1784,2749,0,3616987,3550886,236712,3853699,3787598,91.1467890125246,89.5833835933372,232
-7.6926,53.28823,2021/11/22 00:00:00+00,Mon 22 Nov 2021,709,462,2,3617696,3551348,236714,3854410,3788062,91.1636054185251,89.5943580130056,233
-7.6926,53.28823,2021/11/23 00:00:00+00,Tue 23 Nov 2021,2172,1530,4,3619868,3552878,236718,3856586,3789596,91.2150716624874,89.6306398228577,234
-7.6926,53.28823,2021/11/24 00:00:00+00,Wed 24 Nov 2021,1621,3073,0,3621489,3555951,236718,3858207,3792669,91.2534111760273,89.7033217013946,235
-7.6926,53.28823,2021/11/25 00:00:00+00,Thu 25 Nov 2021,1007,1104,0,3622496,3557055,236718,3859214,3793773,91.2772285049198,89.7294332516401,236
-7.6926,53.28823,2021/11/26 00:00:00+00,Fri 26 Nov 2021,1288,1052,13,3623784,3558107,236731,3860515,3794838,91.3079994531712,89.7546223829912,237
-7.6926,53.28823,2021/11/27 00:00:00+00,Sat 27 Nov 2021,1229,1523,5,3625013,3559630,236736,3861749,3796366,91.3371857330652,89.7907622822441,238
-7.6926,53.28823,2021/11/28 00:00:00+00,Sun 28 Nov 2021,1973,2245,0,3626986,3561875,236736,3863722,3798611,91.3838506684226,89.8438604980967,239
-7.6926,53.28823,2021/11/29 00:00:00+00,Mon 29 Nov 2021,543,959,1,3627529,3562834,236737,3864266,3799571,91.3967172294132,89.8665661939625,240
-7.6926,53.28823,2021/11/30 00:00:00+00,Tue 30 Nov 2021,1934,1582,6,3629463,3564416,236743,3866206,3801159,91.4426016564751,89.904125199207,241
-7.6926,53.28823,2021/12/01 00:00:00+00,Wed 01 Dec 2021,1139,1315,1,3630602,3565731,236744,3867346,3802475,91.4695646703157,89.9352509239563,242
-7.6926,53.28823,2021/12/02 00:00:00+00,Thu 02 Dec 2021,1804,1349,1,3632406,3567080,236745,3869151,3803825,91.5122561088965,89.9671808087674,243
-7.6926,53.28823,2021/12/03 00:00:00+00,Fri 03 Dec 2021,1026,1126,4,3633432,3568206,236749,3870181,3804955,91.5366174284191,89.9939073049427,244
-7.6926,53.28823,2021/12/04 00:00:00+00,Sat 04 Dec 2021,1195,1667,0,3634627,3569873,236749,3871376,3806622,91.5648812894186,90.0333347997429,245
-7.6926,53.28823,2021/12/05 00:00:00+00,Sun 05 Dec 2021,1351,1764,0,3635978,3571637,236749,3872727,3808386,91.5968348259963,90.0750565158961,246
-7.6926,53.28823,2021/12/06 00:00:00+00,Mon 06 Dec 2021,922,1240,0,3636900,3572877,236749,3873649,3809626,91.618641754734,90.1043847063893,247
-7.6926,53.28823,2021/12/07 00:00:00+00,Tue 07 Dec 2021,469,682,1,3637369,3573559,236750,3874119,3810309,91.6297580850016,90.1205388629271,248
-7.6926,53.28823,2021/12/08 00:00:00+00,Wed 08 Dec 2021,803,1405,0,3638172,3574964,236750,3874922,3811714,91.6487504535226,90.1537695948973,249
-7.6926,53.28823,2021/12/09 00:00:00+00,Thu 09 Dec 2021,784,1125,0,3638956,3576089,236750,3875706,3812839,91.6672934384796,90.1803778322399,250
-7.6926,53.28823,2021/12/10 00:00:00+00,Fri 10 Dec 2021,849,1499,1,3639805,3577588,236751,3876556,3814339,91.6873974400274,90.2158554820301,251
-7.6926,53.28823,2021/12/11 00:00:00+00,Sat 11 Dec 2021,615,813,0,3640420,3578401,236751,3877171,3815152,91.7019432764414,90.2350843682164,252
-7.6926,53.28823,2021/12/12 00:00:00+00,Sun 12 Dec 2021,684,1184,0,3641104,3579585,236751,3877855,3816336,91.7181210847457,90.2630880597841,253
-7.6926,53.28823,2021/12/13 00:00:00+00,Mon 13 Dec 2021,698,1001,0,3641802,3580586,236751,3878553,3817337,91.7346300177814,90.2867634780774,254
-7.6926,53.28823,2021/12/14 00:00:00+00,Tue 14 Dec 2021,599,1096,1,3642401,3581682,236752,3879153,3818434,91.7488210776975,90.3127094659573,255
-7.6926,53.28823,2021/12/15 00:00:00+00,Wed 15 Dec 2021,775,1128,1,3643176,3582810,236753,3879929,3819563,91.7671748485223,90.3394123103661,256
-7.6926,53.28823,2021/12/16 00:00:00+00,Thu 16 Dec 2021,989,1346,7,3644165,3584156,236760,3880925,3820916,91.7907320079829,90.3714131504768,257
-7.6926,53.28823,2021/12/17 00:00:00+00,Fri 17 Dec 2021,1151,2270,0,3645316,3586426,236760,3882076,3823186,91.8179551912553,90.4251026604926,258
-7.6926,53.28823,2021/12/18 00:00:00+00,Sat 18 Dec 2021,1229,1100,0,3646545,3587526,236760,3883305,3824286,91.8470232123167,90.4511196036721,259
-7.6926,53.28823,2021/12/19 00:00:00+00,Sun 19 Dec 2021,540,849,1,3647085,3588375,236761,3883846,3825136,91.8598188180077,90.4712236052198,260
-7.6926,53.28823,2021/12/20 00:00:00+00,Mon 20 Dec 2021,477,462,0,3647562,3588837,236761,3884323,3825598,91.871100710641,90.4821507213552,261
-7.6926,53.28823,2021/12/21 00:00:00+00,Tue 21 Dec 2021,1358,1599,2,3648920,3590436,236763,3885683,3827199,91.9032671131174,90.5200171995646,262
-7.6926,53.28823,2021/12/22 00:00:00+00,Wed 22 Dec 2021,1058,1339,3,3649978,3591775,236766,3886744,3828541,91.9283616374023,90.5517578702436,263
-7.6926,53.28823,2021/12/23 00:00:00+00,Thu 23 Dec 2021,833,1166,0,3650811,3592941,236766,3887577,3829707,91.9480635589192,90.5793358300138,264
-7.6926,53.28823,2021/01/21 00:00:00+00,Thu 21 Jan 2021,8951,956,0,136076,1980,7,136083,1987,3.21860334426518,0.046996060088732,265
-7.6926,53.28823,2021/01/22 00:00:00+00,Fri 22 Jan 2021,6727,961,0,142803,2941,7,142810,2948,3.3777087776909,0.0697254077209773,266
-7.6926,53.28823,2021/01/23 00:00:00+00,Sat 23 Jan 2021,4153,456,0,146956,3397,7,146963,3404,3.47593456407666,0.0805106132571936,267
-7.6926,53.28823,2021/01/24 00:00:00+00,Sun 24 Jan 2021,1168,393,0,148124,3790,7,148131,3797,3.50355982737995,0.0898057575022221,268
-7.6926,53.28823,2021/01/25 00:00:00+00,Mon 25 Jan 2021,1325,1282,0,149449,5072,7,149456,5079,3.53489841802794,0.120127322189567,269
-7.6926,53.28823,2021/01/26 00:00:00+00,Tue 26 Jan 2021,979,3493,0,150428,8565,7,150435,8572,3.55805349745767,0.202742942667645,270
-7.6926,53.28823,2021/01/27 00:00:00+00,Wed 27 Jan 2021,2138,6693,0,152566,15258,7,152573,15265,3.60862097429195,0.361044216031451,271
-7.6926,53.28823,2021/01/28 00:00:00+00,Thu 28 Jan 2021,946,11536,0,153512,26794,7,153519,26801,3.63099554542629,0.633890994684502,272
-7.6926,53.28823,2021/01/29 00:00:00+00,Fri 29 Jan 2021,1533,11520,0,155045,38314,7,155052,38321,3.66725370351186,0.906359345073124,273
-7.6926,53.28823,2021/01/30 00:00:00+00,Sat 30 Jan 2021,602,7792,0,155647,46106,7,155654,46113,3.68149206696099,1.09065390984987,274
-7.6926,53.28823,2021/01/31 00:00:00+00,Sun 31 Jan 2021,204,4079,0,155851,50185,7,155858,50192,3.68631702733245,1.18712946551265,275
-7.6926,53.28823,2021/02/01 00:00:00+00,Mon 01 Feb 2021,971,8331,0,156822,58516,7,156829,58523,3.70928289262997,1.38417233244734,276
-7.6926,53.28823,2021/02/02 00:00:00+00,Tue 02 Feb 2021,791,5097,0,157613,63613,7,157620,63620,3.72799143995266,1.50472538643439,277
-7.6926,53.28823,2021/02/03 00:00:00+00,Wed 03 Feb 2021,1359,6855,0,158972,70468,7,158979,70475,3.76013419066257,1.66685824597553,278
-7.6926,53.28823,2021/02/04 00:00:00+00,Thu 04 Feb 2021,1384,10528,0,160356,80996,7,160363,81003,3.79286823553564,1.91586404396958,279
-7.6926,53.28823,2021/02/05 00:00:00+00,Fri 05 Feb 2021,3357,8598,0,163713,89594,7,163720,89601,3.87226721576608,2.11922193256692,280
-7.6926,53.28823,2021/02/06 00:00:00+00,Sat 06 Feb 2021,871,3859,0,164584,93453,7,164591,93460,3.89286790441091,2.2104940995938,281
-7.6926,53.28823,2021/02/07 00:00:00+00,Sun 07 Feb 2021,305,1293,0,164889,94746,7,164896,94753,3.90008169320158,2.24107583371294,282
-7.6926,53.28823,2021/02/08 00:00:00+00,Mon 08 Feb 2021,1124,869,0,166013,95615,7,166020,95622,3.9266662787777,2.26162921882472,283
-7.6926,53.28823,2021/02/09 00:00:00+00,Tue 09 Feb 2021,4201,527,0,170214,96142,7,170221,96149,4.02602734995674,2.27409369978434,284
-7.6926,53.28823,2021/02/10 00:00:00+00,Wed 10 Feb 2021,8787,573,0,179001,96715,7,179008,96722,4.23385542242765,2.28764616200419,285
-7.6926,53.28823,2021/02/11 00:00:00+00,Thu 11 Feb 2021,6131,430,0,185132,97145,7,185139,97152,4.3788644030034,2.29781642161071,286
-7.6926,53.28823,2021/02/12 00:00:00+00,Fri 12 Feb 2021,4355,515,0,189487,97660,7,189494,97667,4.48186784622757,2.30999708137201,287
-7.6926,53.28823,2021/02/13 00:00:00+00,Sat 13 Feb 2021,1180,1908,0,190667,99568,7,190674,99575,4.50977693072918,2.35512465190513,288
-7.6926,53.28823,2021/02/14 00:00:00+00,Sun 14 Feb 2021,2670,17,0,193337,99585,7,193344,99592,4.57292714735571,2.35552673193608,289
-7.6926,53.28823,2021/02/15 00:00:00+00,Mon 15 Feb 2021,1925,7862,0,195262,107447,7,195269,107454,4.61845679791978,2.54147692036971,290
-7.6926,53.28823,2021/02/16 00:00:00+00,Tue 16 Feb 2021,5596,8142,0,200858,115589,7,200865,115596,4.7508120834037,2.73404960343083,291
-7.6926,53.28823,2021/02/17 00:00:00+00,Wed 17 Feb 2021,9696,8456,0,210554,124045,7,210561,124052,4.98013961164745,2.93404894118137,292
-7.6926,53.28823,2021/02/18 00:00:00+00,Thu 18 Feb 2021,8429,8325,0,218983,132370,7,218990,132377,5.17950035170177,3.1309498975169,293
-7.6926,53.28823,2021/02/19 00:00:00+00,Fri 19 Feb 2021,9359,6564,0,228342,138934,7,228349,138941,5.400857234626,3.28620009299875,294
-7.6926,53.28823,2021/02/20 00:00:00+00,Sat 20 Feb 2021,5853,3559,1,234195,142493,8,234203,142501,5.53931467587383,3.37040038183412,295
-7.6926,53.28823,2021/02/21 00:00:00+00,Sun 21 Feb 2021,1086,1016,4,235281,143509,12,235293,143521,5.56509510138803,3.39452518369144,296
-7.6926,53.28823,2021/02/22 00:00:00+00,Mon 22 Feb 2021,3909,1098,1,239190,144607,13,239203,144620,5.65757350850778,3.42051847510439,297
-7.6926,53.28823,2021/02/23 00:00:00+00,Tue 23 Feb 2021,13321,1053,0,252511,145660,13,252524,145673,5.97263869041115,3.4454237852571,298
-7.6926,53.28823,2021/02/24 00:00:00+00,Wed 24 Feb 2021,16884,2080,2,269395,147740,15,269410,147755,6.37202241998253,3.49466676316587,299
-7.6926,53.28823,2021/02/25 00:00:00+00,Thu 25 Feb 2021,18005,1734,1,287400,149474,16,287416,149490,6.79789612806391,3.53570257808985,300
-7.6926,53.28823,2021/02/26 00:00:00+00,Fri 26 Feb 2021,16033,2743,0,303433,152217,16,303449,152233,7.17710490078794,3.60057937367284,301
-7.6926,53.28823,2021/02/27 00:00:00+00,Sat 27 Feb 2021,8942,697,1,312375,152914,17,312392,152931,7.38862264883702,3.61708830670854,302
-7.6926,53.28823,2021/02/28 00:00:00+00,Sun 28 Feb 2021,2416,46,1,314791,152960,18,314809,152978,7.44578896853227,3.6181999397353,303
-7.6926,53.28823,2021/03/01 00:00:00+00,Mon 01 Mar 2021,5534,774,0,320325,153734,18,320343,153752,7.57667784449153,3.63650640702703,304
-7.6926,53.28823,2021/03/02 00:00:00+00,Tue 02 Mar 2021,12122,1589,0,332447,155323,18,332465,155341,7.86338455832928,3.6740890640381,305
-7.6926,53.28823,2021/03/03 00:00:00+00,Wed 03 Mar 2021,12801,1486,1,345248,156809,19,345267,156828,8.16617447340524,3.70925924086344,306
-7.6926,53.28823,2021/03/04 00:00:00+00,Thu 04 Mar 2021,18650,1670,1,363898,158479,20,363918,158499,8.60730357089641,3.74878134272971,307
-7.6926,53.28823,2021/03/05 00:00:00+00,Fri 05 Mar 2021,18368,2377,2,382266,160856,22,382288,160878,9.04178652199354,3.80504889529694,308
-7.6926,53.28823,2021/03/06 00:00:00+00,Sat 06 Mar 2021,10369,124,0,392635,160980,22,392657,161002,9.28703168910983,3.80798171434626,309
-7.6926,53.28823,2021/03/07 00:00:00+00,Sun 07 Mar 2021,1480,7,0,394115,160987,22,394137,161009,9.32203630356948,3.80814727671195,310
-7.6926,53.28823,2021/03/08 00:00:00+00,Mon 08 Mar 2021,6590,1479,1,400705,162466,23,400728,162489,9.47792509674755,3.8431518911716,311
-7.6926,53.28823,2021/03/09 00:00:00+00,Tue 09 Mar 2021,13727,3082,2,414432,165548,25,414457,165573,9.80264019939385,3.91609393914022,312
-7.6926,53.28823,2021/03/10 00:00:00+00,Wed 10 Mar 2021,13632,3964,0,428064,169512,25,428089,169537,10.1250610806871,4.00984954165242,313
-7.6926,53.28823,2021/03/11 00:00:00+00,Thu 11 Mar 2021,18370,2078,1,446434,171590,26,446460,171616,10.5595676835507,4.05902156426161,314
-7.6926,53.28823,2021/03/12 00:00:00+00,Fri 12 Mar 2021,17227,1318,2,463661,172908,28,463689,172936,10.9670639690408,4.09024189607698,315
-7.6926,53.28823,2021/03/13 00:00:00+00,Sat 13 Mar 2021,8223,159,0,471884,173067,28,471912,173095,11.1615524451906,4.09400252695474,316
-7.6926,53.28823,2021/03/14 00:00:00+00,Sun 14 Mar 2021,336,10,1,472220,173077,29,472249,173106,11.1695230905101,4.09426269638653,317
-7.6926,53.28823,2021/03/15 00:00:00+00,Mon 15 Mar 2021,2560,971,0,474780,174048,29,474809,174077,11.2300716128187,4.11722856168404,318
-7.6926,53.28823,2021/03/16 00:00:00+00,Tue 16 Mar 2021,8855,3787,0,483635,177835,29,483664,177864,11.4395080054134,4.206797801521,319
-7.6926,53.28823,2021/03/17 00:00:00+00,Wed 17 Mar 2021,4822,2390,5,488457,180225,34,488491,180259,11.5536750824382,4.26344378235266,320
-7.6926,53.28823,2021/03/18 00:00:00+00,Thu 18 Mar 2021,11624,4661,1,500081,184886,35,500116,184921,11.8286268683122,4.37370831790056,321
-7.6926,53.28823,2021/03/19 00:00:00+00,Fri 19 Mar 2021,10247,6092,1,510328,190978,36,510364,191014,12.0710101716787,4.51781853134829,322
-7.6926,53.28823,2021/03/20 00:00:00+00,Sat 20 Mar 2021,5133,3091,2,515461,194069,38,515499,194107,12.1924619927938,4.59097344521565,323
-7.6926,53.28823,2021/03/21 00:00:00+00,Sun 21 Mar 2021,3567,41,0,519028,194110,38,519066,194148,12.2768278439948,4.59194316764325,324
-7.6926,53.28823,2021/03/22 00:00:00+00,Mon 22 Mar 2021,7310,2371,0,526338,196481,38,526376,196519,12.4497222573057,4.64802150607827,325
-7.6926,53.28823,2021/03/23 00:00:00+00,Tue 23 Mar 2021,12461,7355,2,538799,203836,40,538839,203876,12.7444942235291,4.82202755241586,326
-7.6926,53.28823,2021/03/24 00:00:00+00,Wed 24 Mar 2021,13510,9744,0,552309,213580,40,552349,213620,13.064029589306,5.0524903654529,327
-7.6926,53.28823,2021/03/25 00:00:00+00,Thu 25 Mar 2021,20759,10184,2,573068,223764,42,573110,223806,13.5550639141687,5.29340725929479,328
-7.6926,53.28823,2021/03/26 00:00:00+00,Fri 26 Mar 2021,19591,9446,1,592659,233210,43,592702,233253,14.0184493239616,5.51684549767338,329
-7.6926,53.28823,2021/03/27 00:00:00+00,Sat 27 Mar 2021,11639,5303,1,604298,238513,44,604342,238557,14.2937558863334,5.64229446733147,330
-7.6926,53.28823,2021/03/28 00:00:00+00,Sun 28 Mar 2021,2430,465,0,606728,238978,44,606772,239022,14.3512296789935,5.65329253876643,331
-7.6926,53.28823,2021/03/28 23:00:00+00,Mon 29 Mar 2021,9165,3073,3,615893,242051,47,615940,242098,14.5680690745111,5.72604537260283,332
-7.6926,53.28823,2021/03/29 23:00:00+00,Tue 30 Mar 2021,13230,8618,1,629123,250669,48,629171,250717,14.8810055974271,5.92989994829724,333
-7.6926,53.28823,2021/03/30 23:00:00+00,Wed 31 Mar 2021,15687,10434,0,644810,261103,48,644858,261151,15.2520308589328,6.17668248023777,334
-7.6926,53.28823,2021/03/31 23:00:00+00,Thu 01 Apr 2021,19574,11579,0,664384,272682,48,664432,272730,15.7149905369282,6.45054628485147,335
-7.6926,53.28823,2021/04/01 23:00:00+00,Fri 02 Apr 2021,20034,13676,4,684418,286358,52,684470,286410,16.188924634592,6.77410245093796,336
-7.6926,53.28823,2021/04/02 23:00:00+00,Sat 03 Apr 2021,7448,4604,0,691866,290962,52,691918,291014,16.3650829916836,6.8829951840273,337
-7.6926,53.28823,2021/04/03 23:00:00+00,Sun 04 Apr 2021,2954,157,0,694820,291119,52,694872,291171,16.4349503100037,6.88670851137201,338
-7.6926,53.28823,2021/04/04 23:00:00+00,Mon 05 Apr 2021,3354,576,1,698174,291695,53,698227,291748,16.5143019867011,6.90035558065796,339
-7.6926,53.28823,2021/04/05 23:00:00+00,Tue 06 Apr 2021,11858,8120,4,710032,299815,57,710089,299872,16.7948592412419,7.09250253192161,340
-7.6926,53.28823,2021/04/06 23:00:00+00,Wed 07 Apr 2021,18218,10421,3,728250,310236,60,728310,310296,17.2258180791265,7.33904854619687,341
-7.6926,53.28823,2021/04/07 23:00:00+00,Thu 08 Apr 2021,20053,10516,2,748303,320752,62,748365,320814,17.7001542568213,7.58781782652565,342
-7.6926,53.28823,2021/04/08 23:00:00+00,Fri 09 Apr 2021,20589,9107,2,768892,329859,64,768956,329923,18.1871677813744,7.80326176781818,343
-7.6926,53.28823,2021/04/09 23:00:00+00,Sat 10 Apr 2021,11058,4132,3,779950,333991,67,780017,334058,18.4487799709272,7.90106182240645,344
-7.6926,53.28823,2021/04/10 23:00:00+00,Sun 11 Apr 2021,2793,327,0,782743,334318,67,782810,334385,18.5148393548366,7.90879595006071,345
-7.6926,53.28823,2021/04/11 23:00:00+00,Mon 12 Apr 2021,7673,2723,5,790416,337041,72,790488,337113,18.6964376182293,7.9733179691458,346
-7.6926,53.28823,2021/04/12 23:00:00+00,Tue 13 Apr 2021,11404,8531,0,801820,345572,72,801892,345644,18.9661623637008,8.17509118938584,347
-7.6926,53.28823,2021/04/13 23:00:00+00,Wed 14 Apr 2021,20232,6542,2,822052,352114,74,822126,352188,19.4447322076039,8.32986834953716,348
-7.6926,53.28823,2021/04/14 23:00:00+00,Thu 15 Apr 2021,27001,10730,1,849053,362844,75,849128,362919,20.0833772073602,8.58367545613614,349
-7.6926,53.28823,2021/04/15 23:00:00+00,Fri 16 Apr 2021,27859,9767,1,876912,372611,76,876988,372687,20.7423154227966,8.81470591156983,350
-7.6926,53.28823,2021/04/16 23:00:00+00,Sat 17 Apr 2021,15742,4493,1,892654,377104,77,892731,377181,21.1146651832279,8.92099695034122,351
-7.6926,53.28823,2021/04/17 23:00:00+00,Sun 18 Apr 2021,1007,442,0,893661,377546,77,893738,377623,21.1384825121203,8.93145103114606,352
-7.6926,53.28823,2021/04/18 23:00:00+00,Mon 19 Apr 2021,6651,2190,0,900312,379736,77,900389,379813,21.29579041129,8.98324839983974,353
-7.6926,53.28823,2021/04/19 23:00:00+00,Tue 20 Apr 2021,14960,7248,0,915272,386984,77,915349,387061,21.6496208385308,9.15467640362591,354
-7.6926,53.28823,2021/04/20 23:00:00+00,Wed 21 Apr 2021,26567,9784,1,941839,396768,78,941917,396846,22.2780009716146,9.38610893909055,355
-7.6926,53.28823,2021/04/21 23:00:00+00,Thu 22 Apr 2021,31495,12111,0,973334,408879,78,973412,408957,23.0229133583758,9.67255548349651,356
-7.6926,53.28823,2021/04/22 23:00:00+00,Fri 23 Apr 2021,33466,12324,0,1006800,421203,78,1006878,421281,23.8144433769614,9.96403985417267,357
-7.6926,53.28823,2021/04/23 23:00:00+00,Sat 24 Apr 2021,23567,6939,0,1030367,428142,78,1030445,428220,24.3718445586982,10.1281594621021,358
-7.6926,53.28823,2021/04/24 23:00:00+00,Sun 25 Apr 2021,9684,250,1,1040051,428392,79,1040130,428471,24.6009119175102,10.1340960555003,359
-7.6926,53.28823,2021/04/25 23:00:00+00,Mon 26 Apr 2021,15462,2980,1,1055513,431372,80,1055593,431452,24.966639183314,10.2046019715167,360
-7.6926,53.28823,2021/04/26 23:00:00+00,Tue 27 Apr 2021,25788,7734,3,1081301,439106,83,1081384,439189,25.5766418938064,10.3875956891344,361
