X,Y,VaccinationDate,VaccineText,Dose1,Dose2,SingleDose,Dose1Cum,Dose2Cum,SingleDoseCum,PartiallyVacc,FullyVacc,PartialPercent,FullyPercent,ObjectId
-7.6926,53.28823,2022/02/13 00:00:00+00,Sun 13 Feb 2022,1566,4706,0,3817739,3724213,240902,4058641,3965115,86.1907232400215,84.2045723137025,1
-7.6926,53.28823,2022/02/14 00:00:00+00,Mon 14 Feb 2022,173,954,0,3817912,3725167,240902,4058814,3966069,86.1943971286755,84.224831792176,2
-7.6926,53.28823,2022/02/15 00:00:00+00,Tue 15 Feb 2022,650,817,1,3818562,3725984,240903,4059465,3966887,86.2082219929168,84.2422031269677,3
-7.6926,53.28823,2022/02/16 00:00:00+00,Wed 16 Feb 2022,800,1786,0,3819362,3727770,240903,4060265,3968673,86.2252110733977,84.2801312491412,4
-7.6926,53.28823,2022/02/17 00:00:00+00,Thu 17 Feb 2022,790,1192,2,3820152,3728962,240905,4061057,3969867,86.2420302630738,84.305487451759,5
-7.6926,53.28823,2022/02/18 00:00:00+00,Fri 18 Feb 2022,791,3293,0,3820943,3732255,240905,4061848,3973160,86.2588282163993,84.3754187542884,6
-7.6926,53.28823,2022/02/19 00:00:00+00,Sat 19 Feb 2022,980,3555,0,3821923,3735810,240905,4062828,3976715,86.2796398399883,84.4509139806754,7
-7.6926,53.28823,2022/02/20 00:00:00+00,Sun 20 Feb 2022,1366,3587,0,3823289,3739397,240905,4064194,3980302,86.3086486949095,84.5270887702815,8
-7.6926,53.28823,2022/02/21 00:00:00+00,Mon 21 Feb 2022,253,994,1,3823542,3740391,240906,4064448,3981297,86.3140427279621,84.5482189391296,9
-7.6926,53.28823,2022/02/22 00:00:00+00,Tue 22 Feb 2022,476,981,0,3824018,3741372,240906,4064924,3982278,86.3241512308483,84.5690517990693,10
-7.6926,53.28823,2022/02/23 00:00:00+00,Wed 23 Feb 2022,832,1272,1,3824850,3742644,240907,4065757,3983551,86.341841110899,84.5960856733845,11
-7.6926,53.28823,2022/02/24 00:00:00+00,Thu 24 Feb 2022,657,1232,0,3825507,3743876,240907,4066414,3984783,86.3557933932439,84.6222488573251,12
-7.6926,53.28823,2022/02/25 00:00:00+00,Fri 25 Feb 2022,691,1227,0,3826198,3745103,240907,4067105,3986010,86.3704677115093,84.6483058595126,13
-7.6926,53.28823,2022/02/26 00:00:00+00,Sat 26 Feb 2022,959,2092,0,3827157,3747195,240907,4068064,3988102,86.3908333717357,84.6927323049701,14
-7.6926,53.28823,2022/02/27 00:00:00+00,Sun 27 Feb 2022,671,1783,0,3827828,3748978,240907,4068735,3989885,86.4050829629891,84.7305967180919,15
-7.6926,53.28823,2021/07/21 23:00:00+00,Thu 22 Jul 2021,33543,15933,6934,2976192,2433749,196166,3172358,2629915,67.3693067202219,55.8497969911064,16
-7.6926,53.28823,2022/02/28 00:00:00+00,Mon 28 Feb 2022,82,428,0,3827910,3749406,240907,4068817,3990313,86.4068243437384,84.7396858761492,17
-7.6926,53.28823,2021/07/22 23:00:00+00,Fri 23 Jul 2021,27093,20837,5615,3003285,2454586,201781,3205066,2656367,68.0639052756829,56.4115409372069,18
-7.6926,53.28823,2022/03/01 00:00:00+00,Tue 01 Mar 2022,130,937,0,3828040,3750343,240907,4068947,3991250,86.4095850693165,84.7595843366624,19
-7.6926,53.28823,2020/12/28 00:00:00+00,Mon 28 Dec 2020,228,14,1,228,14,1,229,15,0.00486312428765317,0.000318545259016583,20
-7.6926,53.28823,2022/03/02 00:00:00+00,Wed 02 Mar 2022,206,996,2,3828246,3751339,240909,4069155,3992248,86.4140022302415,84.7807782145623,21
-7.6926,53.28823,2021/07/23 23:00:00+00,Sat 24 Jul 2021,15441,14812,2275,3018726,2469398,204056,3222782,2673454,68.4401284629321,56.774406459928,22
-7.6926,53.28823,2021/07/24 23:00:00+00,Sun 25 Jul 2021,14726,13647,1046,3033452,2483045,205102,3238554,2688147,68.7750681846127,57.08643215931,23
-7.6926,53.28823,2022/03/03 00:00:00+00,Thu 03 Mar 2022,279,1275,0,3828525,3752614,240909,4069434,3993523,86.4199271720592,84.8078545615787,24
-7.6926,53.28823,2020/12/29 00:00:00+00,Tue 29 Dec 2020,78,3,0,306,17,1,307,18,0.0065195596345394,0.000382254310819899,25
-7.6926,53.28823,2020/12/30 00:00:00+00,Wed 30 Dec 2020,1060,1,0,1366,18,1,1367,19,0.0290300912717113,0.000403490661421005,26
-7.6926,53.28823,2021/07/25 23:00:00+00,Mon 26 Jul 2021,23841,18306,3422,3057293,2501351,208524,3265817,2709875,69.3540348110506,57.5478555851708,27
-7.6926,53.28823,2022/03/04 00:00:00+00,Fri 04 Mar 2022,735,1507,1,3829260,3754121,240910,4070170,3995031,86.4355571261017,84.8398789782852,28
-7.6926,53.28823,2022/03/05 00:00:00+00,Sat 05 Mar 2022,962,3341,0,3830222,3757462,240910,4071132,3998372,86.4559864953799,84.9108296256435,29
-7.6926,53.28823,2020/12/31 00:00:00+00,Thu 31 Dec 2020,1034,1,0,2400,19,1,2401,20,0.0509884777932544,0.00042472701202211,30
-7.6926,53.28823,2021/07/26 23:00:00+00,Tue 27 Jul 2021,25511,23912,3674,3082804,2525263,212198,3295002,2737461,69.9738177033439,58.1336815528529,31
-7.6926,53.28823,2021/07/27 23:00:00+00,Wed 28 Jul 2021,23440,25290,3264,3106244,2550553,215462,3321706,2766015,70.5409132097958,58.7400643079169,32
-7.6926,53.28823,2021/01/01 00:00:00+00,Fri 01 Jan 2021,814,0,0,3214,19,1,3215,20,0.0682748671825543,0.00042472701202211,33
-7.6926,53.28823,2022/03/06 00:00:00+00,Sun 06 Mar 2022,455,1915,0,3830677,3759377,240910,4071587,4000287,86.4656490349034,84.9514972370446,34
-7.6926,53.28823,2022/03/07 00:00:00+00,Mon 07 Mar 2022,114,124,1,3830791,3759501,240911,4071702,4000412,86.4680912152226,84.9541517808698,35
-7.6926,53.28823,2021/07/28 23:00:00+00,Thu 29 Jul 2021,19277,27868,2963,3125521,2578421,218425,3343946,2796846,71.0132096471644,59.3948022332996,36
-7.6926,53.28823,2021/01/02 00:00:00+00,Sat 02 Jan 2021,1017,0,0,4231,19,1,4232,20,0.0898722357438786,0.00042472701202211,37
-7.6926,53.28823,2021/01/03 00:00:00+00,Sun 03 Jan 2021,20,2,1,4251,21,2,4253,23,0.0903181991065018,0.000488436063825427,38
-7.6926,53.28823,2021/11/02 00:00:00+00,Tue 02 Nov 2021,1100,1095,10,3621876,3557508,240748,3862624,3798256,82.0280375042446,80.6610960887527,39
-7.6926,53.28823,2022/05/27 23:00:00+00,Sat 28 May 2022,335,578,0,3848109,3798555,240928,4089037,4039483,86.8362233528927,85.7838772352055,40
-7.6926,53.28823,2021/07/29 23:00:00+00,Fri 30 Jul 2021,21957,22945,2120,3147478,2601366,220545,3368023,2821911,71.5245172605872,59.9270913611163,41
-7.6926,53.28823,2022/03/08 00:00:00+00,Tue 08 Mar 2022,120,493,0,3830911,3759994,240911,4071822,4000905,86.4706395772947,84.9646213017161,42
-7.6926,53.28823,2021/01/04 00:00:00+00,Mon 04 Jan 2021,1191,3,0,5442,24,2,5444,26,0.115610692672418,0.000552145115628744,43
-7.6926,53.28823,2022/05/28 23:00:00+00,Sun 29 May 2022,182,349,0,3848291,3798904,240928,4089219,4039832,86.8400883687021,85.7912887215653,44
-7.6926,53.28823,2021/11/03 00:00:00+00,Wed 03 Nov 2021,2535,1880,7,3624411,3559388,240755,3865166,3800143,82.0820203074726,80.7011690823369,45
-7.6926,53.28823,2021/07/30 23:00:00+00,Sat 31 Jul 2021,13748,12490,907,3161226,2613856,221452,3382678,2835308,71.8357359786464,60.2115947501193,46
-7.6926,53.28823,2021/01/05 00:00:00+00,Tue 05 Jan 2021,3532,13,0,8974,37,2,8976,39,0.190617482995523,0.000828217673443115,47
-7.6926,53.28823,2022/03/09 00:00:00+00,Wed 09 Mar 2022,130,345,1,3831041,3760339,240912,4071953,4001251,86.4734215392234,84.9719690790241,48
-7.6926,53.28823,2021/11/04 00:00:00+00,Thu 04 Nov 2021,1534,1285,2,3625945,3560673,240757,3866702,3801430,82.1146393419959,80.7285002655606,49
-7.6926,53.28823,2022/05/29 23:00:00+00,Mon 30 May 2022,11,23,0,3848302,3798927,240928,4089230,4039855,86.8403219685587,85.7917771576291,50
-7.6926,53.28823,2021/07/31 23:00:00+00,Sun 01 Aug 2021,11126,9338,368,3172352,2623194,221820,3394172,2845014,72.0798265924555,60.4177147690536,51
-7.6926,53.28823,2021/01/06 00:00:00+00,Wed 06 Jan 2021,6778,13,0,15752,50,2,15754,52,0.334557467369816,0.00110429023125749,52
-7.6926,53.28823,2021/11/05 00:00:00+00,Fri 05 Nov 2021,1628,1097,4,3627573,3561770,240761,3868334,3802531,82.1492970661769,80.7518814875724,53
-7.6926,53.28823,2021/11/06 00:00:00+00,Sat 06 Nov 2021,1817,1356,6,3629390,3563126,240767,3870157,3803893,82.1880109333227,80.7808053970911,54
-7.6926,53.28823,2021/11/07 00:00:00+00,Sun 07 Nov 2021,696,775,0,3630086,3563901,240767,3870853,3804668,82.2027914333411,80.7972635688069,55
-7.6926,53.28823,2021/11/08 00:00:00+00,Mon 08 Nov 2021,518,530,3,3630604,3564431,240770,3871374,3805201,82.2138555720043,80.8085825436773,56
-7.6926,53.28823,2021/11/09 00:00:00+00,Tue 09 Nov 2021,1370,1064,3,3631974,3565495,240773,3872747,3806268,82.2430130813796,80.8312417297687,57
-7.6926,53.28823,2021/11/10 00:00:00+00,Wed 10 Nov 2021,1608,1361,1,3633582,3566856,240774,3874356,3807630,82.2771823694968,80.8601656392874,58
-7.6926,53.28823,2021/11/11 00:00:00+00,Thu 11 Nov 2021,1386,1115,1,3634968,3567971,240775,3875743,3808746,82.3066371877805,80.8838654065583,59
-7.6926,53.28823,2021/11/12 00:00:00+00,Fri 12 Nov 2021,1144,1156,6,3636112,3569127,240781,3876893,3809908,82.3310589909718,80.9085420459567,60
-7.6926,53.28823,2021/11/13 00:00:00+00,Sat 13 Nov 2021,1397,1379,0,3637509,3570506,240781,3878290,3811287,82.3607261727615,80.9378269734357,61
-7.6926,53.28823,2021/11/14 00:00:00+00,Sun 14 Nov 2021,1647,1807,1,3639156,3572313,240782,3879938,3813095,82.3957236785522,80.9762222953225,62
-7.6926,53.28823,2021/11/15 00:00:00+00,Mon 15 Nov 2021,1240,597,1,3640396,3572910,240783,3881179,3813693,82.4220779896481,80.9889216329819,63
-7.6926,53.28823,2021/11/16 00:00:00+00,Tue 16 Nov 2021,1315,1075,5,3641711,3573985,240788,3882499,3814773,82.4501099724416,81.0118568916311,64
-7.6926,53.28823,2021/11/17 00:00:00+00,Wed 17 Nov 2021,1502,1117,2,3643213,3575102,240790,3884003,3815892,82.4820494437457,81.0356203679538,65
-7.6926,53.28823,2021/11/18 00:00:00+00,Thu 18 Nov 2021,1643,2502,5,3644856,3577604,240795,3885651,3818399,82.5170469495363,81.0888598989107,66
-7.6926,53.28823,2021/11/19 00:00:00+00,Fri 19 Nov 2021,1163,1555,0,3646019,3579159,240795,3886814,3819954,82.5417448252854,81.1218824240954,67
-7.6926,53.28823,2021/11/20 00:00:00+00,Sat 20 Nov 2021,1545,2943,12,3647564,3582102,240807,3888371,3822909,82.5748098231713,81.1846358401217,68
-7.6926,53.28823,2021/11/21 00:00:00+00,Sun 21 Nov 2021,1788,2766,0,3649352,3584868,240807,3890159,3825675,82.6127804180461,81.2433755858844,69
-7.6926,53.28823,2021/11/22 00:00:00+00,Mon 22 Nov 2021,719,519,3,3650071,3585387,240810,3890881,3826197,82.6281130631801,81.2544609608981,70
-7.6926,53.28823,2021/11/23 00:00:00+00,Tue 23 Nov 2021,2155,1596,7,3652226,3586983,240817,3893043,3827800,82.6740260531796,81.2885028309117,71
-7.6926,53.28823,2021/11/24 00:00:00+00,Wed 24 Nov 2021,1610,3146,2,3653836,3590129,240819,3894655,3830948,82.7082590503486,81.355354862604,72
-7.6926,53.28823,2021/11/25 00:00:00+00,Thu 25 Nov 2021,976,1186,1,3654812,3591315,240820,3895632,3832135,82.7290069648859,81.3805624107675,73
-7.6926,53.28823,2021/11/26 00:00:00+00,Fri 26 Nov 2021,1285,1108,12,3656097,3592423,240832,3896929,3833255,82.7565505116155,81.4043471234407,74
-7.6926,53.28823,2021/11/27 00:00:00+00,Sat 27 Nov 2021,1200,1564,6,3657297,3593987,240838,3898135,3834825,82.7821615504405,81.4376881938845,75
-7.6926,53.28823,2021/11/28 00:00:00+00,Sun 28 Nov 2021,1953,2259,1,3659250,3596246,240839,3900089,3837085,82.823657379515,81.485682346243,76
-7.6926,53.28823,2021/11/29 00:00:00+00,Mon 29 Nov 2021,534,993,1,3659784,3597239,240840,3900624,3838079,82.8350188270866,81.5067912787405,77
-7.6926,53.28823,2021/11/30 00:00:00+00,Tue 30 Nov 2021,1893,1646,6,3661677,3598885,240846,3902523,3839731,82.8753466568781,81.5418737299335,78
-7.6926,53.28823,2021/12/01 00:00:00+00,Wed 01 Dec 2021,1037,1381,4,3662714,3600266,240850,3903564,3841116,82.8974536978539,81.571286075516,79
-7.6926,53.28823,2021/12/02 00:00:00+00,Thu 02 Dec 2021,1739,1411,0,3664453,3601677,240850,3905303,3842527,82.9343837115492,81.6012505662142,80
-7.6926,53.28823,2021/12/03 00:00:00+00,Fri 03 Dec 2021,1014,1189,2,3665467,3602866,240852,3906319,3843718,82.9559598437599,81.6265430597801,81
-7.6926,53.28823,2021/12/04 00:00:00+00,Sat 04 Dec 2021,1202,1700,1,3666669,3604566,240853,3907522,3845419,82.9815071735331,81.6626660921526,82
-7.6926,53.28823,2021/12/05 00:00:00+00,Sun 05 Dec 2021,1346,1775,2,3668015,3606341,240855,3908870,3847196,83.0101337741433,81.7004030871708,83
-7.6926,53.28823,2021/12/06 00:00:00+00,Mon 06 Dec 2021,932,1298,0,3668947,3607639,240855,3909802,3848494,83.0299260529036,81.727967870251,84
-7.6926,53.28823,2021/12/07 00:00:00+00,Tue 07 Dec 2021,484,742,2,3669431,3608381,240857,3910288,3849238,83.0402469192957,81.7437677150982,85
-7.6926,53.28823,2021/12/08 00:00:00+00,Wed 08 Dec 2021,785,1522,2,3670216,3609903,240859,3911075,3850762,83.0569599272188,81.7761319134143,86
-7.6926,53.28823,2021/12/09 00:00:00+00,Thu 09 Dec 2021,787,1210,1,3671003,3611113,240860,3911863,3851973,83.0736941714924,81.8018491339922,87
-7.6926,53.28823,2021/12/10 00:00:00+00,Fri 10 Dec 2021,888,1613,1,3671891,3612726,240861,3912752,3853587,83.0925732871768,81.8361246038624,88
-7.6926,53.28823,2021/12/11 00:00:00+00,Sat 11 Dec 2021,639,842,2,3672530,3613568,240863,3913393,3854431,83.1061857879121,81.8540480837698,89
-7.6926,53.28823,2021/12/12 00:00:00+00,Sun 12 Dec 2021,686,1193,0,3673216,3614761,240863,3914079,3855624,83.1207539244245,81.8793830500369,90
-7.6926,53.28823,2021/12/13 00:00:00+00,Mon 13 Dec 2021,719,1069,1,3673935,3615830,240864,3914799,3856694,83.1360440968573,81.9021059451801,91
-7.6926,53.28823,2021/12/14 00:00:00+00,Tue 14 Dec 2021,626,1201,3,3674561,3617031,240867,3915428,3857898,83.1494017613854,81.9276745113038,92
-7.6926,53.28823,2021/12/15 00:00:00+00,Wed 15 Dec 2021,789,1259,0,3675350,3618290,240867,3916217,3859157,83.1661572420097,81.9544110767106,93
-7.6926,53.28823,2021/12/16 00:00:00+00,Thu 16 Dec 2021,1042,1542,7,3676392,3619832,240874,3917266,3860706,83.1884341737902,81.9873061837917,94
-7.6926,53.28823,2021/12/17 00:00:00+00,Fri 17 Dec 2021,1197,2459,1,3677589,3622291,240875,3918464,3863166,83.2138753218103,82.0395476062704,95
-7.6926,53.28823,2021/12/18 00:00:00+00,Sat 18 Dec 2021,1245,1183,0,3678834,3623474,240875,3919709,3864349,83.2403145783087,82.0646702090315,96
-7.6926,53.28823,2021/12/19 00:00:00+00,Sun 19 Dec 2021,544,887,1,3679378,3624361,240876,3920254,3865237,83.2518883893863,82.0835280883653,97
-7.6926,53.28823,2021/12/20 00:00:00+00,Mon 20 Dec 2021,506,615,1,3679884,3624976,240877,3920761,3865853,83.2626552191411,82.0966096803356,98
-7.6926,53.28823,2021/12/21 00:00:00+00,Tue 21 Dec 2021,1399,1817,3,3681283,3626793,240880,3922163,3867673,83.2924285826838,82.1352598384296,99
-7.6926,53.28823,2021/12/22 00:00:00+00,Wed 22 Dec 2021,1153,1595,2,3682436,3628388,240882,3923318,3869270,83.3169565676281,82.1691742903396,100
-7.6926,53.28823,2021/12/23 00:00:00+00,Thu 23 Dec 2021,924,1395,0,3683360,3629783,240882,3924242,3870665,83.3365789555835,82.1987989994281,101
-7.6926,53.28823,2021/12/24 00:00:00+00,Fri 24 Dec 2021,102,157,0,3683462,3629940,240882,3924344,3870822,83.3387450633448,82.2021331064725,102
-7.6926,53.28823,2021/12/25 00:00:00+00,Sat 25 Dec 2021,1,6,0,3683463,3629946,240882,3924345,3870828,83.3387662996955,82.2022605245761,103
-7.6926,53.28823,2021/12/26 00:00:00+00,Sun 26 Dec 2021,12,11,0,3683475,3629957,240882,3924357,3870839,83.3390211359027,82.2024941244327,104
-7.6926,53.28823,2021/12/27 00:00:00+00,Mon 27 Dec 2021,389,589,0,3683864,3630546,240882,3924746,3871428,83.3472820762865,82.2150023349367,105
-7.6926,53.28823,2021/12/28 00:00:00+00,Tue 28 Dec 2021,466,747,0,3684330,3631293,240882,3925212,3872175,83.3571782156666,82.2308658888358,106
-7.6926,53.28823,2021/12/29 00:00:00+00,Wed 29 Dec 2021,1057,1309,0,3685387,3632602,240882,3926269,3873484,83.379625038252,82.2586642717726,107
-7.6926,53.28823,2021/12/30 00:00:00+00,Thu 30 Dec 2021,1048,1196,1,3686435,3633798,240883,3927318,3874681,83.4019019700325,82.2840841834421,108
-7.6926,53.28823,2021/12/31 00:00:00+00,Fri 31 Dec 2021,711,1680,0,3687146,3635478,240883,3928029,3876361,83.4170010153099,82.319761252452,109
-7.6926,53.28823,2022/01/01 00:00:00+00,Sat 01 Jan 2022,64,99,0,3687210,3635577,240883,3928093,3876460,83.4183601417484,82.3218636511615,110
-7.6926,53.28823,2022/01/02 00:00:00+00,Sun 02 Jan 2022,270,629,0,3687480,3636206,240883,3928363,3877089,83.4240939564107,82.3352213156896,111
-7.6926,53.28823,2022/01/03 00:00:00+00,Mon 03 Jan 2022,3630,728,1,3691110,3636934,240884,3931994,3877818,83.5012031454433,82.3507026152778,112
-7.6926,53.28823,2022/01/04 00:00:00+00,Tue 04 Jan 2022,1186,782,1,3692296,3637716,240885,3933181,3878601,83.5264106936068,82.3673306777985,113
-7.6926,53.28823,2022/01/05 00:00:00+00,Wed 05 Jan 2022,2140,908,0,3694436,3638624,240885,3935321,3879509,83.5718564838932,82.3866132841443,114
-7.6926,53.28823,2022/01/06 00:00:00+00,Thu 06 Jan 2022,2455,1694,1,3696891,3640318,240886,3937777,3881204,83.6240129609695,82.4226088984132,115
-7.6926,53.28823,2022/01/07 00:00:00+00,Fri 07 Jan 2022,4853,784,2,3701744,3641102,240888,3942632,3881990,83.7271154431379,82.4393006699856,116
-7.6926,53.28823,2022/01/08 00:00:00+00,Sat 08 Jan 2022,9789,740,2,3711533,3641842,240890,3952423,3882732,83.9350405518733,82.4550580421316,117
-7.6926,53.28823,2022/01/09 00:00:00+00,Sun 09 Jan 2022,7115,666,0,3718648,3642508,240890,3959538,3883398,84.0861371864002,82.469201451632,118
-7.6926,53.28823,2022/01/10 00:00:00+00,Mon 10 Jan 2022,6659,508,1,3725307,3643016,240891,3966198,3883907,84.2275712814035,82.4800107540879,119
-7.6926,53.28823,2022/01/11 00:00:00+00,Tue 11 Jan 2022,4780,1367,1,3730087,3644383,240892,3970979,3885275,84.3291022736274,82.5090620817103,120
-7.6926,53.28823,2022/01/12 00:00:00+00,Wed 12 Jan 2022,7559,919,1,3737646,3645302,240893,3978539,3886195,84.4896490841718,82.5285995242633,121
-7.6926,53.28823,2022/01/13 00:00:00+00,Thu 13 Jan 2022,7322,816,0,3744968,3646118,240893,3985861,3887011,84.6451416432731,82.5459283863538,122
-7.6926,53.28823,2022/01/14 00:00:00+00,Fri 14 Jan 2022,10721,835,0,3755689,3646953,240893,3996582,3887846,84.8728165580675,82.5636607391057,123
-7.6926,53.28823,2022/01/15 00:00:00+00,Sat 15 Jan 2022,8360,652,2,3764049,3647605,240895,4004944,3888500,85.050394921794,82.5775493123988,124
-7.6926,53.28823,2022/01/16 00:00:00+00,Sun 16 Jan 2022,6965,1215,1,3771014,3648820,240896,4011910,3889716,85.1983273400813,82.6033727147298,125
-7.6926,53.28823,2022/01/17 00:00:00+00,Mon 17 Jan 2022,2562,560,0,3773576,3649380,240896,4014472,3890276,85.2527348703213,82.6152650710664,126
-7.6926,53.28823,2022/01/18 00:00:00+00,Tue 18 Jan 2022,4056,451,3,3777632,3649831,240899,4018531,3890730,85.3389332174112,82.6249063742393,127
-7.6926,53.28823,2022/01/19 00:00:00+00,Wed 19 Jan 2022,3486,621,0,3781118,3650452,240899,4022017,3891351,85.4129631356066,82.6380941479626,128
-7.6926,53.28823,2022/01/20 00:00:00+00,Thu 20 Jan 2022,3693,935,0,3784811,3651387,240899,4025710,3892286,85.4913889783765,82.6579501357746,129
-7.6926,53.28823,2022/01/21 00:00:00+00,Fri 21 Jan 2022,3251,978,0,3788062,3652365,240899,4028961,3893264,85.5604283541807,82.6787192866625,130
-7.6926,53.28823,2022/01/22 00:00:00+00,Sat 22 Jan 2022,4270,644,0,3792332,3653009,240899,4033231,3893908,85.6511075712474,82.6923954964496,131
-7.6926,53.28823,2022/01/23 00:00:00+00,Sun 23 Jan 2022,3092,677,0,3795424,3653686,240899,4036323,3894585,85.716770367306,82.7067725058065,132
-7.6926,53.28823,2022/01/24 00:00:00+00,Mon 24 Jan 2022,646,464,0,3796070,3654150,240899,4036969,3895049,85.7304890497944,82.7166261724855,133
-7.6926,53.28823,2022/01/25 00:00:00+00,Tue 25 Jan 2022,692,1836,0,3796762,3655986,240899,4037661,3896885,85.7451846044103,82.7556161121891,134
-7.6926,53.28823,2022/01/26 00:00:00+00,Wed 26 Jan 2022,700,897,0,3797462,3656883,240899,4038361,3897782,85.7600500498311,82.7746651186783,135
-7.6926,53.28823,2022/01/27 00:00:00+00,Thu 27 Jan 2022,1274,1178,0,3798736,3658061,240899,4039635,3898960,85.7871051604969,82.7996815396864,136
-7.6926,53.28823,2022/01/28 00:00:00+00,Fri 28 Jan 2022,1028,3094,1,3799764,3661155,240900,4040664,3902055,85.8089573652654,82.8654080447968,137
-7.6926,53.28823,2022/01/29 00:00:00+00,Sat 29 Jan 2022,2328,3445,0,3802092,3664600,240900,4042992,3905500,85.8583955894648,82.9385672726176,138
-7.6926,53.28823,2022/01/30 00:00:00+00,Sun 30 Jan 2022,1639,7537,0,3803731,3672137,240900,4044631,3913037,85.8932019681,83.0986256470981,139
-7.6926,53.28823,2022/01/31 00:00:00+00,Mon 31 Jan 2022,480,1392,0,3804211,3673529,240900,4045111,3914429,85.9033954163886,83.1281866471349,140
-7.6926,53.28823,2022/02/01 00:00:00+00,Tue 01 Feb 2022,747,3417,1,3804958,3676946,240901,4045859,3917847,85.9192802066382,83.2007724934895,141
-7.6926,53.28823,2022/02/02 00:00:00+00,Wed 02 Feb 2022,650,2996,0,3805608,3679942,240901,4046509,3920843,85.9330838345289,83.2643965998904,142
-7.6926,53.28823,2022/02/03 00:00:00+00,Thu 03 Feb 2022,905,2435,1,3806513,3682377,240902,4047415,3923279,85.9523239681735,83.3161283499547,143
-7.6926,53.28823,2022/02/04 00:00:00+00,Fri 04 Feb 2022,1172,6523,0,3807685,3688900,240902,4048587,3929802,85.977212971078,83.4546530649257,144
-7.6926,53.28823,2022/02/05 00:00:00+00,Sat 05 Feb 2022,1777,5750,0,3809462,3694650,240902,4050364,3935552,86.0149499660962,83.576762080882,145
-7.6926,53.28823,2022/02/06 00:00:00+00,Sun 06 Feb 2022,1407,7555,0,3810869,3702205,240902,4051771,3943107,86.0448295113919,83.7372027096734,146
-7.6926,53.28823,2022/02/07 00:00:00+00,Mon 07 Feb 2022,441,1351,0,3811310,3703556,240902,4052212,3944458,86.054194742007,83.7658930193355,147
-7.6926,53.28823,2022/02/08 00:00:00+00,Tue 08 Feb 2022,900,1237,0,3812210,3704793,240902,4053112,3945695,86.073307457548,83.7921623850291,148
-7.6926,53.28823,2022/02/09 00:00:00+00,Wed 09 Feb 2022,1334,1783,0,3813544,3706576,240902,4054446,3947478,86.1016367492499,83.8300267981508,149
-7.6926,53.28823,2022/02/10 00:00:00+00,Thu 10 Feb 2022,685,2549,0,3814229,3709125,240902,4055131,3950027,86.1161836494116,83.884158255833,150
-7.6926,53.28823,2022/02/11 00:00:00+00,Fri 11 Feb 2022,547,4920,0,3814776,3714045,240902,4055678,3954947,86.1277999331904,83.9886411007905,151
-7.6926,53.28823,2022/02/12 00:00:00+00,Sat 12 Feb 2022,1397,5462,0,3816173,3719507,240902,4057075,3960409,86.1574671149802,84.1046340477737,152
-7.6926,53.28823,2021/04/09 23:00:00+00,Sat 10 Apr 2021,11180,4179,12,786441,335798,216,786657,336014,16.7057238548139,7.13571111087987,153
-7.6926,53.28823,2021/01/07 00:00:00+00,Thu 07 Jan 2021,11728,9,0,27480,59,2,27482,61,0.583617387219582,0.00129541738666744,154
-7.6926,53.28823,2021/04/10 23:00:00+00,Sun 11 Apr 2021,2864,366,8,789305,336164,224,789529,336388,16.7667146537402,7.14365350600468,155
-7.6926,53.28823,2022/03/10 00:00:00+00,Thu 10 Mar 2022,258,509,0,3831299,3760848,240912,4072211,4001760,86.4789005176785,84.98277838148,156
-7.6926,53.28823,2021/01/08 00:00:00+00,Fri 08 Jan 2021,12682,5,0,40162,64,2,40164,66,0.852936785542802,0.00140159913967296,157
-7.6926,53.28823,2021/08/01 23:00:00+00,Mon 02 Aug 2021,15024,16027,430,3187376,2639221,222250,3409626,2861471,72.408013154645,60.767201390896,158
-7.6926,53.28823,2022/05/30 23:00:00+00,Tue 31 May 2022,66,79,1,3848368,3799006,240929,4089297,4039935,86.841744804049,85.7934760656772,159
-7.6926,53.28823,2022/03/11 00:00:00+00,Fri 11 Mar 2022,492,2182,0,3831791,3763030,240912,4072703,4003942,86.4893488021743,85.0291160984916,160
-7.6926,53.28823,2022/05/31 23:00:00+00,Wed 01 Jun 2022,71,100,0,3848439,3799106,240929,4089368,4040035,86.8432525849417,85.7955997007373,161
-7.6926,53.28823,2021/04/11 23:00:00+00,Mon 12 Apr 2021,7778,2798,13,797083,338962,237,797320,339199,16.9321670612735,7.20334888754439,162
-7.6926,53.28823,2021/01/09 00:00:00+00,Sat 09 Jan 2021,8073,7,0,48235,71,2,48237,73,1.02437784394553,0.0015502535938807,163
-7.6926,53.28823,2021/08/02 23:00:00+00,Tue 03 Aug 2021,17349,25453,1111,3204725,2664674,223361,3428086,2888035,72.8000361867414,61.3313238082638,164
-7.6926,53.28823,2022/03/12 00:00:00+00,Sat 12 Mar 2022,473,2391,2,3832264,3765421,240914,4073178,4006335,86.4994360687098,85.0799346854801,165
-7.6926,53.28823,2022/06/01 23:00:00+00,Thu 02 Jun 2022,120,138,0,3848559,3799244,240929,4089488,4040173,86.8458009470138,85.7985303171203,166
-7.6926,53.28823,2021/04/12 23:00:00+00,Tue 13 Apr 2021,11520,8588,1,808603,347550,238,808841,347788,17.1768310565488,7.38574790285729,167
-7.6926,53.28823,2021/01/10 00:00:00+00,Sun 10 Jan 2021,4782,4,1,53017,75,3,53020,78,1.12595130887061,0.00165643534688623,168
-7.6926,53.28823,2021/08/03 23:00:00+00,Wed 04 Aug 2021,22119,17311,1576,3226844,2681985,224937,3451781,2906922,73.3032315142346,61.7324147620669,169
-7.6926,53.28823,2022/03/13 00:00:00+00,Sun 13 Mar 2022,358,1082,0,3832622,3766503,240914,4073536,4007417,86.507038682225,85.1029124168305,170
-7.6926,53.28823,2022/06/02 23:00:00+00,Fri 03 Jun 2022,63,144,0,3848622,3799388,240929,4089551,4040317,86.8471388371017,85.8015883516069,171
-7.6926,53.28823,2021/04/13 23:00:00+00,Wed 14 Apr 2021,20344,6586,2,828947,354136,240,829187,354376,17.6089058458789,7.52565298061737,172
-7.6926,53.28823,2021/01/11 00:00:00+00,Mon 11 Jan 2021,8342,7,0,61359,82,3,61362,85,1.30310494558504,0.00180508980109397,173
-7.6926,53.28823,2021/08/04 23:00:00+00,Thu 05 Aug 2021,13535,30053,1421,3240379,2712038,226358,3466737,2938396,73.6208423738248,62.4008076608861,174
-7.6926,53.28823,2022/03/14 00:00:00+00,Mon 14 Mar 2022,109,121,0,3832731,3766624,240914,4073645,4007538,86.5093534444405,85.1054820152532,175
-7.6926,53.28823,2022/06/03 23:00:00+00,Sat 04 Jun 2022,307,606,0,3848929,3799994,240929,4089858,4040923,86.8536583967362,85.8144575800711,176
-7.6926,53.28823,2021/04/14 23:00:00+00,Thu 15 Apr 2021,27103,10813,1,856050,364949,241,856291,365190,18.1844958925712,7.75530287601773,177
-7.6926,53.28823,2021/01/12 00:00:00+00,Tue 12 Jan 2021,8886,10,0,70245,92,3,70248,95,1.49181115702646,0.00201745330710502,178
-7.6926,53.28823,2021/08/05 23:00:00+00,Fri 06 Aug 2021,12212,24754,948,3252591,2736792,227306,3479897,2964098,73.9003127477353,62.9466243440357,179
-7.6926,53.28823,2022/03/15 00:00:00+00,Tue 15 Mar 2022,220,756,1,3832951,3767380,240915,4073866,4008295,86.5140466779233,85.1215579326582,180
-7.6926,53.28823,2022/06/04 23:00:00+00,Sun 05 Jun 2022,143,273,0,3849072,3800267,240929,4090001,4041196,86.8566951948722,85.8202551037852,181
-7.6926,53.28823,2021/04/15 23:00:00+00,Fri 16 Apr 2021,27959,9835,1,884009,374784,242,884251,375026,18.7782642553782,7.9641836205302,182
-7.6926,53.28823,2021/01/13 00:00:00+00,Wed 13 Jan 2021,9890,4,0,80135,96,3,80138,99,1.70183866447139,0.00210239870950945,183
-7.6926,53.28823,2021/08/06 23:00:00+00,Sat 07 Aug 2021,6337,8464,583,3258928,2745256,227889,3486817,2973145,74.047268293895,63.1387496079239,184
-7.6926,53.28823,2022/03/16 00:00:00+00,Wed 16 Mar 2022,196,797,0,3833147,3768177,240915,4074062,4009092,86.5182090026412,85.1384833040873,185
-7.6926,53.28823,2022/06/05 23:00:00+00,Mon 06 Jun 2022,3,7,1,3849075,3800274,240930,4090005,4041204,86.8567801402746,85.82042499459,186
-7.6926,53.28823,2021/04/16 23:00:00+00,Sat 17 Apr 2021,15851,4557,3,899860,379341,245,900105,379586,19.1149453578081,8.06102137927124,187
-7.6926,53.28823,2021/01/14 00:00:00+00,Thu 14 Jan 2021,8084,5,0,88219,101,3,88222,104,1.87351332273073,0.00220858046251497,188
-7.6926,53.28823,2021/08/07 23:00:00+00,Sun 08 Aug 2021,8628,11980,153,3267556,2757236,228042,3495598,2985278,74.2337446885233,63.3964102497671,189
-7.6926,53.28823,2022/03/18 00:00:00+00,Fri 18 Mar 2022,2,6,0,3833149,3768183,240915,4074064,4009098,86.5182514753424,85.1386107221909,190
-7.6926,53.28823,2022/06/06 23:00:00+00,Tue 07 Jun 2022,29,50,0,3849104,3800324,240930,4090034,4041254,86.857395994442,85.8214868121201,191
-7.6926,53.28823,2021/04/17 23:00:00+00,Sun 18 Apr 2021,1073,484,0,900933,379825,245,901178,380070,19.1377319620031,8.07129977296218,192
-7.6926,53.28823,2021/01/15 00:00:00+00,Fri 15 Jan 2021,7692,2,0,95911,103,3,95914,106,2.03686333155444,0.00225105316371719,193
-7.6926,53.28823,2021/08/08 23:00:00+00,Mon 09 Aug 2021,5547,23040,600,3273103,2780276,228642,3501745,3008918,74.3642845356683,63.8984375779772,194
-7.6926,53.28823,2022/03/19 00:00:00+00,Sat 19 Mar 2022,744,2778,0,3833893,3770961,240915,4074808,4011876,86.5340513201896,85.1976053041608,195
-7.6926,53.28823,2022/06/07 23:00:00+00,Wed 08 Jun 2022,41,76,0,3849145,3800400,240930,4090075,4041330,86.8582666848167,85.8231007747658,196
-7.6926,53.28823,2021/04/18 23:00:00+00,Mon 19 Apr 2021,6748,2260,0,907681,382085,245,907926,382330,19.2810348558593,8.11929392532067,197
-7.6926,53.28823,2021/01/16 00:00:00+00,Sat 16 Jan 2021,5241,2,0,101152,105,3,101155,108,2.14816304505483,0.0022935258649194,198
-7.6926,53.28823,2021/01/17 00:00:00+00,Sun 17 Jan 2021,1113,4,0,102265,109,3,102268,112,2.17179910327386,0.00237847126732382,199
-7.6926,53.28823,2021/01/18 00:00:00+00,Mon 18 Jan 2021,8717,8,1,110982,117,4,110986,121,2.3569376078143,0.00256959842273377,200
-7.6926,53.28823,2021/01/19 00:00:00+00,Tue 19 Jan 2021,8384,19,0,119366,136,4,119370,140,2.53498317125397,0.00297308908415477,201
-7.6926,53.28823,2021/01/20 00:00:00+00,Wed 20 Jan 2021,8449,962,0,127815,1098,4,127819,1102,2.71440909748271,0.0234024583624183,202
-7.6926,53.28823,2021/01/21 00:00:00+00,Thu 21 Jan 2021,9005,963,0,136820,2061,4,136824,2065,2.90564243464566,0.0438530639912829,203
-7.6926,53.28823,2021/01/22 00:00:00+00,Fri 22 Jan 2021,6785,967,0,143605,3028,4,143609,3032,3.04973107347416,0.0643886150225519,204
-7.6926,53.28823,2021/01/23 00:00:00+00,Sat 23 Jan 2021,4191,460,0,147796,3488,4,147800,3492,3.1387326188434,0.0741573362990605,205
-7.6926,53.28823,2021/01/24 00:00:00+00,Sun 24 Jan 2021,1184,398,0,148980,3886,4,148984,3890,3.16387645795511,0.0826094038383005,206
-7.6926,53.28823,2021/01/25 00:00:00+00,Mon 25 Jan 2021,1364,1289,0,150344,5175,4,150348,5179,3.19284284017501,0.109983059763126,207
-7.6926,53.28823,2021/01/26 00:00:00+00,Tue 26 Jan 2021,1003,3502,0,151347,8677,4,151351,8681,3.21414289982792,0.184352759568197,208
-7.6926,53.28823,2021/01/27 00:00:00+00,Wed 27 Jan 2021,2180,6700,0,153527,15377,4,153531,15381,3.26043814413833,0.326636308595604,209
-7.6926,53.28823,2021/01/28 00:00:00+00,Thu 28 Jan 2021,1015,11541,0,154542,26918,4,154546,26922,3.28199303999845,0.571725030882963,210
-7.6926,53.28823,2021/01/29 00:00:00+00,Fri 29 Jan 2021,1579,11526,0,156121,38444,4,156125,38448,3.3155252375976,0.816495207911305,211
-7.6926,53.28823,2021/01/30 00:00:00+00,Sat 30 Jan 2021,647,7792,0,156768,46236,4,156772,46240,3.32926515643652,0.981968851795119,212
-7.6926,53.28823,2021/01/31 00:00:00+00,Sun 31 Jan 2021,232,4086,0,157000,50322,4,157004,50326,3.33419198977597,1.06874058035124,213
-7.6926,53.28823,2021/02/01 00:00:00+00,Mon 01 Feb 2021,1028,8332,1,158028,58654,5,158033,58659,3.35604419454451,1.24570308991025,214
-7.6926,53.28823,2021/02/02 00:00:00+00,Tue 02 Feb 2021,835,5108,0,158863,63762,5,158868,63767,3.37377654729643,1.3541783687807,215
-7.6926,53.28823,2021/02/03 00:00:00+00,Wed 03 Feb 2021,1405,6868,0,160268,70630,5,160273,70635,3.40361361989099,1.50002962470909,216
-7.6926,53.28823,2021/02/04 00:00:00+00,Thu 04 Feb 2021,1438,10541,1,161706,81171,6,161712,81177,3.43417272840598,1.72390323274594,217
-7.6926,53.28823,2021/02/05 00:00:00+00,Fri 05 Feb 2021,3395,8614,0,165101,89785,6,165107,89791,3.50627013869673,1.90683315682387,218
-7.6926,53.28823,2021/02/06 00:00:00+00,Sat 06 Feb 2021,902,3870,0,166003,93655,6,166009,93661,3.52542532693893,1.98901783365014,219
-7.6926,53.28823,2021/02/07 00:00:00+00,Sun 07 Feb 2021,332,1300,2,166335,94955,8,166343,94963,3.5325182680397,2.01666756213278,220
-7.6926,53.28823,2021/02/08 00:00:00+00,Mon 08 Feb 2021,1188,879,0,167523,95834,8,167531,95842,3.55774705255381,2.03533431431116,221
-7.6926,53.28823,2021/02/09 00:00:00+00,Tue 09 Feb 2021,4265,545,3,171788,96379,11,171799,96390,3.64838379691933,2.04697183444056,222
-7.6926,53.28823,2021/02/10 00:00:00+00,Wed 10 Feb 2021,8827,579,0,180615,96958,11,180626,96969,3.83583706367529,2.0592676814386,223
-7.6926,53.28823,2021/02/11 00:00:00+00,Thu 11 Feb 2021,6189,446,0,186804,97404,11,186815,97415,3.96726883754553,2.06873909380669,224
-7.6926,53.28823,2021/02/12 00:00:00+00,Fri 12 Feb 2021,4398,524,0,191202,97928,11,191213,97939,4.06066630748919,2.07986694152167,225
-7.6926,53.28823,2021/02/13 00:00:00+00,Sat 13 Feb 2021,1211,1915,0,192413,99843,11,192424,99854,4.08638352806713,2.12053455292279,226
-7.6926,53.28823,2021/02/14 00:00:00+00,Sun 14 Feb 2021,2701,27,0,195114,99870,11,195125,99881,4.14374291104071,2.12110793438902,227
-7.6926,53.28823,2021/02/15 00:00:00+00,Mon 15 Feb 2021,1964,7891,0,197078,107761,11,197089,107772,4.18545110362129,2.28868397698234,228
-7.6926,53.28823,2021/02/16 00:00:00+00,Tue 16 Feb 2021,5656,8164,0,202734,115925,11,202745,115936,4.30556390262114,2.46205754328977,229
-7.6926,53.28823,2021/02/17 00:00:00+00,Wed 17 Feb 2021,9747,8465,0,212481,124390,11,212492,124401,4.51255461193012,2.64182325112813,230
-7.6926,53.28823,2021/02/18 00:00:00+00,Thu 18 Feb 2021,8467,8354,1,220948,132744,12,220960,132756,4.69238402882028,2.81925296040036,231
-7.6926,53.28823,2021/02/19 00:00:00+00,Fri 19 Feb 2021,9394,6582,0,230342,139326,12,230354,139338,4.89187830636706,2.95903062005684,232
-7.6926,53.28823,2021/02/20 00:00:00+00,Sat 20 Feb 2021,5892,3573,2,236234,142899,14,236248,142913,5.01704535680998,3.03495057345579,233
-7.6926,53.28823,2021/02/21 00:00:00+00,Sun 21 Feb 2021,1112,1024,6,237346,143923,20,237366,143943,5.04078759678201,3.05682401457493,234
-7.6926,53.28823,2021/02/22 00:00:00+00,Mon 22 Feb 2021,3946,1123,1,241292,145046,21,241313,145067,5.12460747260458,3.08069367265057,235
-7.6926,53.28823,2021/02/23 00:00:00+00,Tue 23 Feb 2021,13362,1069,1,254654,146115,22,254676,146137,5.40838882568715,3.10341656779376,236
-7.6926,53.28823,2021/02/24 00:00:00+00,Wed 24 Feb 2021,16941,2106,3,271595,148221,25,271620,148246,5.76821755027228,3.14820403121149,237
-7.6926,53.28823,2021/02/25 00:00:00+00,Thu 25 Feb 2021,18097,1758,2,289692,149979,27,289719,150006,6.15257425980169,3.18558000826943,238
-7.6926,53.28823,2021/02/26 00:00:00+00,Fri 26 Feb 2021,16080,2770,0,305772,152749,27,305799,152776,6.49405477746747,3.2444046994345,239
-7.6926,53.28823,2021/02/27 00:00:00+00,Sat 27 Feb 2021,8997,705,1,314769,153454,28,314797,153482,6.68513946017621,3.25939756295888,240
-7.6926,53.28823,2021/02/28 00:00:00+00,Sun 28 Feb 2021,2446,57,2,317215,153511,30,317245,153541,6.73712604644772,3.26065050764434,241
-7.6926,53.28823,2021/03/01 00:00:00+00,Mon 01 Mar 2021,5605,796,0,322820,154307,30,322850,154337,6.85615579156692,3.27755464272282,242
-7.6926,53.28823,2021/03/02 00:00:00+00,Tue 02 Mar 2021,12181,1611,0,335001,155918,30,335031,155948,7.11483577823898,3.3117664035412,243
-7.6926,53.28823,2021/03/03 00:00:00+00,Wed 03 Mar 2021,12903,1504,1,347904,157422,31,347935,157453,7.38886964639565,3.34372711119587,244
-7.6926,53.28823,2021/03/04 00:00:00+00,Thu 04 Mar 2021,18725,1691,5,366629,159113,36,366665,159149,7.78662649315436,3.37974396181534,245
-7.6926,53.28823,2021/03/05 00:00:00+00,Fri 05 Mar 2021,18451,2400,6,385080,161513,42,385122,161555,8.17858581619896,3.4308386213616,246
-7.6926,53.28823,2021/03/06 00:00:00+00,Sat 06 Mar 2021,10405,142,4,395485,161655,46,395531,161701,8.39963498960587,3.43393912854936,247
-7.6926,53.28823,2021/03/07 00:00:00+00,Sun 07 Mar 2021,1523,12,3,397008,161667,49,397057,161716,8.43204166062315,3.43425767380838,248
-7.6926,53.28823,2021/03/08 00:00:00+00,Mon 08 Mar 2021,6669,1498,5,403677,163165,54,403731,163219,8.57377306453493,3.46617590876184,249
-7.6926,53.28823,2021/03/09 00:00:00+00,Tue 09 Mar 2021,13834,3106,6,417511,166271,60,417571,166331,8.86768415685424,3.53226343183248,250
-7.6926,53.28823,2021/03/10 00:00:00+00,Wed 10 Mar 2021,13740,3990,3,431251,170261,63,431314,170324,9.15953532316523,3.6170601797827,251
-7.6926,53.28823,2021/03/11 00:00:00+00,Thu 11 Mar 2021,18490,2102,3,449741,172363,66,449807,172429,9.55225915483147,3.66176269779802,252
-7.6926,53.28823,2021/03/12 00:00:00+00,Fri 12 Mar 2021,17335,1340,4,467076,173703,70,467146,173773,9.92047623790404,3.69030435300591,253
-7.6926,53.28823,2021/03/13 00:00:00+00,Sat 13 Mar 2021,8314,176,0,475390,173879,70,475460,173949,10.0970352568016,3.6940419507117,254
-7.6926,53.28823,2021/03/14 00:00:00+00,Sun 14 Mar 2021,383,20,2,475773,173899,72,475845,173971,10.1052112517831,3.69450915042493,255
-7.6926,53.28823,2021/03/15 00:00:00+00,Mon 15 Mar 2021,2660,993,0,478433,174892,72,478505,174964,10.161699944382,3.71559684657183,256
-7.6926,53.28823,2021/03/16 00:00:00+00,Tue 16 Mar 2021,8949,3823,2,487382,178715,74,487456,178789,10.3517865186125,3.79682588762106,257
-7.6926,53.28823,2021/03/17 00:00:00+00,Wed 17 Mar 2021,4884,2416,7,492266,181131,81,492347,181212,10.4556535094025,3.84828156512753,258
-7.6926,53.28823,2021/03/18 00:00:00+00,Thu 18 Mar 2021,11722,4683,5,503988,185814,86,504074,185900,10.7046921929017,3.94783757674552,259
-7.6926,53.28823,2021/03/19 00:00:00+00,Fri 19 Mar 2021,10378,6133,2,514366,191947,88,514454,192035,10.9251255121411,4.0781225876833,260
-7.6926,53.28823,2021/03/20 00:00:00+00,Sat 20 Mar 2021,5248,3118,4,519614,195065,92,519706,195157,11.0366588254981,4.14442247425995,261
-7.6926,53.28823,2021/03/21 00:00:00+00,Sun 21 Mar 2021,3641,54,3,523255,195119,95,523350,195214,11.1140440870886,4.14563294624421,262
-7.6926,53.28823,2021/03/22 00:00:00+00,Mon 22 Mar 2021,7416,2410,1,530671,197529,96,530767,197625,11.271554099497,4.19683378754348,263
-7.6926,53.28823,2021/03/23 00:00:00+00,Tue 23 Mar 2021,12569,7392,4,543240,204921,100,543340,205021,11.5385587356047,4.35389783658926,264
-7.6926,53.28823,2021/03/24 00:00:00+00,Wed 24 Mar 2021,13631,9781,2,556871,214702,102,556973,214804,11.8280739033495,4.56165305451987,265
-7.6926,53.28823,2021/03/25 00:00:00+00,Thu 25 Mar 2021,20877,10224,3,577748,224926,105,577853,225031,12.2714889039006,4.77883721211738,266
-7.6926,53.28823,2021/03/26 00:00:00+00,Fri 26 Mar 2021,19701,9498,1,597449,234424,106,597555,234530,12.6898874834436,4.98056130647728,267
-7.6926,53.28823,2021/03/27 00:00:00+00,Sat 27 Mar 2021,11763,5358,3,609212,239782,109,609321,239891,12.9397543846162,5.0944093820498,268
-7.6926,53.28823,2021/03/28 00:00:00+00,Sun 28 Mar 2021,2492,484,0,611704,240266,109,611813,240375,12.9926753703142,5.10468777574074,269
-7.6926,53.28823,2021/03/28 23:00:00+00,Mon 29 Mar 2021,9282,3122,3,620986,243388,112,621098,243500,13.1898548856454,5.17105137136919,270
-7.6926,53.28823,2021/03/29 23:00:00+00,Tue 30 Mar 2021,13335,8670,4,634321,252058,116,634437,252174,13.4731265663136,5.35525547648318,271
-7.6926,53.28823,2021/03/30 23:00:00+00,Wed 31 Mar 2021,15839,10503,4,650160,262561,120,650280,262681,13.8095740688869,5.578385812249,272
-7.6926,53.28823,2021/03/31 23:00:00+00,Thu 01 Apr 2021,19695,11571,8,669855,274132,128,669983,274260,14.2279938847805,5.8242815158592,273
-7.6926,53.28823,2021/04/01 23:00:00+00,Fri 02 Apr 2021,20148,13723,9,690003,287855,137,690140,287992,14.656055003847,6.11589908231358,274
-7.6926,53.28823,2021/04/02 23:00:00+00,Sat 03 Apr 2021,7548,4635,6,697551,292490,143,697694,292633,14.8164743962877,6.21445698545331,275
-7.6926,53.28823,2021/04/03 23:00:00+00,Sun 04 Apr 2021,3039,170,3,700590,292660,146,700736,292806,14.8810753748163,6.2181308741073,276
-7.6926,53.28823,2021/04/04 23:00:00+00,Mon 05 Apr 2021,3436,608,4,704026,293268,150,704176,293418,14.9541284208841,6.23112752067518,277
-7.6926,53.28823,2021/04/05 23:00:00+00,Tue 06 Apr 2021,11998,8152,11,716024,301420,161,716185,301581,15.2091557552528,6.404479850632,278
-7.6926,53.28823,2021/04/06 23:00:00+00,Wed 07 Apr 2021,18371,10473,11,734395,311893,172,734567,312065,15.5995223520023,6.62712175033399,279
-7.6926,53.28823,2021/04/07 23:00:00+00,Thu 08 Apr 2021,20188,10566,16,754583,322459,188,754771,322647,16.028581579547,6.85184481239489,280
-7.6926,53.28823,2021/04/08 23:00:00+00,Fri 09 Apr 2021,20678,9160,16,775261,331619,204,775465,331823,16.4680466188863,7.04670956551064,281
-7.6926,53.28823,2022/06/08 23:00:00+00,Thu 09 Jun 2022,83,123,0,3849228,3800523,240930,4090158,4041453,86.8600293019166,85.8257128458897,282
-7.6926,53.28823,2022/06/09 23:00:00+00,Fri 10 Jun 2022,56,108,0,3849284,3800631,240930,4090214,4041561,86.8612185375502,85.8280063717546,283
-7.6926,53.28823,2021/08/09 23:00:00+00,Tue 10 Aug 2021,9357,26014,716,3282460,2806290,229358,3511818,3035648,74.5781982952732,64.4660852295448,284
-7.6926,53.28823,2022/06/10 23:00:00+00,Sat 11 Jun 2022,189,561,0,3849473,3801192,240930,4090403,4042122,86.8652322078138,85.8399199644419,285
-7.6926,53.28823,2021/08/10 23:00:00+00,Wed 11 Aug 2021,7018,31246,666,3289478,2837536,230024,3519502,3067560,74.7413784132921,65.1437796499273,286
-7.6926,53.28823,2022/06/11 23:00:00+00,Sun 12 Jun 2022,143,288,0,3849616,3801480,240930,4090546,4042410,86.8682690059498,85.846036033415,287
-7.6926,53.28823,2021/08/11 23:00:00+00,Thu 12 Aug 2021,6780,38301,864,3296258,2875837,230888,3527146,3106725,74.9037090772869,65.9755013212196,288
-7.6926,53.28823,2022/06/12 23:00:00+00,Mon 13 Jun 2022,19,44,0,3849635,3801524,240930,4090565,4042454,86.8686724966112,85.8469704328414,289
-7.6926,53.28823,2021/08/12 23:00:00+00,Fri 13 Aug 2021,10933,28253,873,3307191,2904090,231761,3538952,3135851,75.1544254324836,66.5940312688274,290
-7.6926,53.28823,2022/06/13 23:00:00+00,Tue 14 Jun 2022,39,54,0,3849674,3801578,240930,4090604,4042508,86.8695007142847,85.8481171957739,291
-7.6926,53.28823,2021/08/13 23:00:00+00,Sat 14 Aug 2021,18140,5849,281,3325331,2909939,232042,3557373,3141981,75.5456202469066,66.7242100980121,292
-7.6926,53.28823,2022/06/14 23:00:00+00,Wed 15 Jun 2022,70,122,0,3849744,3801700,240930,4090674,4042630,86.8709872588267,85.8507080305472,293
-7.6926,53.28823,2022/06/15 23:00:00+00,Thu 16 Jun 2022,81,86,0,3849825,3801786,240930,4090755,4042716,86.8727074032254,85.8525343566989,294
-7.6926,53.28823,2022/06/16 23:00:00+00,Fri 17 Jun 2022,60,95,0,3849885,3801881,240930,4090815,4042811,86.8739815842615,85.854551810006,295
-7.6926,53.28823,2022/06/17 23:00:00+00,Sat 18 Jun 2022,223,487,0,3850108,3802368,240930,4091038,4043298,86.8787172904455,85.8648939127488,296
-7.6926,53.28823,2022/06/18 23:00:00+00,Sun 19 Jun 2022,80,129,0,3850188,3802497,240930,4091118,4043427,86.8804161984936,85.8676334019763,297
-7.6926,53.28823,2022/06/19 23:00:00+00,Mon 20 Jun 2022,9,27,0,3850197,3802524,240930,4091127,4043454,86.880607325649,85.8682067834425,298
-7.6926,53.28823,2022/06/20 23:00:00+00,Tue 21 Jun 2022,79,168,1,3850276,3802692,240931,4091207,4043623,86.8823062336971,85.8717957266941,299
-7.6926,53.28823,2022/06/21 23:00:00+00,Wed 22 Jun 2022,60,95,0,3850336,3802787,240931,4091267,4043718,86.8835804147332,85.8738131800012,300
-7.6926,53.28823,2022/06/22 23:00:00+00,Thu 23 Jun 2022,65,114,0,3850401,3802901,240931,4091332,4043832,86.8849607775223,85.8762341239697,301
-7.6926,53.28823,2022/06/23 23:00:00+00,Fri 24 Jun 2022,56,92,1,3850457,3802993,240932,4091389,4043925,86.8861712495065,85.8782091045756,302
-7.6926,53.28823,2022/06/24 23:00:00+00,Sat 25 Jun 2022,210,291,0,3850667,3803284,240932,4091599,4044216,86.8906308831328,85.8843888826006,303
-7.6926,53.28823,2022/06/25 23:00:00+00,Sun 26 Jun 2022,174,403,0,3850841,3803687,240932,4091773,4044619,86.8943260081373,85.8929471318928,304
-7.6926,53.28823,2022/06/26 23:00:00+00,Mon 27 Jun 2022,4,33,0,3850845,3803720,240932,4091777,4044652,86.8944109535397,85.8936479314627,305
-7.6926,53.28823,2022/06/27 23:00:00+00,Tue 28 Jun 2022,47,60,0,3850892,3803780,240932,4091824,4044712,86.895409062018,85.8949221124987,306
-7.6926,53.28823,2022/06/28 23:00:00+00,Wed 29 Jun 2022,63,81,3,3850955,3803861,240935,4091890,4044796,86.8968106611577,85.8967059659492,307
-7.6926,53.28823,2022/06/29 23:00:00+00,Thu 30 Jun 2022,73,86,0,3851028,3803947,240935,4091963,4044882,86.8983609147516,85.8985322921009,308
-7.6926,53.28823,2022/06/30 23:00:00+00,Fri 01 Jul 2022,49,62,0,3851077,3804009,240935,4092012,4044944,86.899401495931,85.8998489458382,309
-7.6926,53.28823,2022/07/01 23:00:00+00,Sat 02 Jul 2022,182,228,0,3851259,3804237,240935,4092194,4045172,86.9032665117404,85.9046908337752,310
-7.6926,53.28823,2022/07/02 23:00:00+00,Sun 03 Jul 2022,108,273,0,3851367,3804510,240935,4092302,4045445,86.9055600376053,85.9104883574893,311
-7.6926,53.28823,2022/07/03 23:00:00+00,Mon 04 Jul 2022,14,15,0,3851381,3804525,240935,4092316,4045460,86.9058573465138,85.9108069027483,312
-7.6926,53.28823,2022/07/04 23:00:00+00,Tue 05 Jul 2022,53,69,0,3851434,3804594,240935,4092369,4045529,86.9069828730956,85.9122722109398,313
-7.6926,53.28823,2022/07/05 23:00:00+00,Wed 06 Jul 2022,64,83,0,3851498,3804677,240935,4092433,4045612,86.9083419995341,85.9140348280397,314
-7.6926,53.28823,2022/07/06 23:00:00+00,Thu 07 Jul 2022,80,74,0,3851578,3804751,240935,4092513,4045686,86.9100409075822,85.9156063179842,315
-7.6926,53.28823,2022/07/07 23:00:00+00,Fri 08 Jul 2022,101,88,0,3851679,3804839,240935,4092614,4045774,86.9121857789929,85.9174751168371,316
-7.6926,53.28823,2022/07/08 23:00:00+00,Sat 09 Jul 2022,120,142,0,3851799,3804981,240935,4092734,4045916,86.914734141065,85.9204906786225,317
-7.6926,53.28823,2022/07/09 23:00:00+00,Sun 10 Jul 2022,131,219,0,3851930,3805200,240935,4092865,4046135,86.9175161029938,85.9251414394041,318
-7.6926,53.28823,2022/07/10 23:00:00+00,Mon 11 Jul 2022,12,15,0,3851942,3805215,240935,4092877,4046150,86.917770939201,85.9254599846631,319
-7.6926,53.28823,2022/07/11 23:00:00+00,Tue 12 Jul 2022,43,80,0,3851985,3805295,240935,4092920,4046230,86.9186841022768,85.9271588927112,320
-7.6926,53.28823,2022/07/12 23:00:00+00,Wed 13 Jul 2022,99,73,0,3852084,3805368,240935,4093019,4046303,86.9207865009863,85.9287091463051,321
-7.6926,53.28823,2022/07/13 23:00:00+00,Thu 14 Jul 2022,71,39,0,3852155,3805407,240935,4093090,4046342,86.922294281879,85.9295373639785,322
-7.6926,53.28823,2022/07/14 23:00:00+00,Fri 15 Jul 2022,79,116,1,3852234,3805523,240936,4093170,4046459,86.9239931899271,85.9320220169989,323
-7.6926,53.28823,2022/07/15 23:00:00+00,Sat 16 Jul 2022,124,209,0,3852358,3805732,240936,4093294,4046668,86.9266264974016,85.9364604142745,324
-7.6926,53.28823,2022/07/16 23:00:00+00,Sun 17 Jul 2022,119,165,0,3852477,3805897,240936,4093413,4046833,86.9291536231232,85.9399644121237,325
-7.6926,53.28823,2022/07/17 23:00:00+00,Mon 18 Jul 2022,14,17,0,3852491,3805914,240936,4093427,4046850,86.9294509320316,85.9403254300839,326
-7.6926,53.28823,2022/07/18 23:00:00+00,Tue 19 Jul 2022,29,33,0,3852520,3805947,240936,4093456,4046883,86.930066786199,85.9410262296537,327
-7.6926,53.28823,2022/07/19 23:00:00+00,Wed 20 Jul 2022,78,66,0,3852598,3806013,240936,4093534,4046949,86.9317232215459,85.9424278287934,328
-7.6926,53.28823,2022/07/20 23:00:00+00,Thu 21 Jul 2022,51,30,0,3852649,3806043,240936,4093585,4046979,86.9328062754265,85.9430649193114,329
-7.6926,53.28823,2022/07/21 23:00:00+00,Fri 22 Jul 2022,73,70,0,3852722,3806113,240936,4093658,4047049,86.9343565290204,85.9445514638535,330
-7.6926,53.28823,2022/07/22 23:00:00+00,Sat 23 Jul 2022,97,175,0,3852819,3806288,240936,4093755,4047224,86.9364164550287,85.9482678252087,331
-7.6926,53.28823,2022/07/23 23:00:00+00,Sun 24 Jul 2022,107,232,0,3852926,3806520,240936,4093862,4047456,86.9386887445431,85.9531946585481,332
-7.6926,53.28823,2022/07/24 23:00:00+00,Mon 25 Jul 2022,13,23,0,3852939,3806543,240936,4093875,4047479,86.9389648171009,85.953683094612,333
-7.6926,53.28823,2022/07/25 23:00:00+00,Tue 26 Jul 2022,18,16,0,3852957,3806559,240936,4093893,4047495,86.9393470714117,85.9540228762216,334
-7.6926,53.28823,2022/07/26 23:00:00+00,Wed 27 Jul 2022,60,72,1,3853017,3806631,240937,4093954,4047568,86.9406424887984,85.9555731298155,335
-7.6926,53.28823,2022/07/27 23:00:00+00,Thu 28 Jul 2022,48,71,0,3853065,3806702,240937,4094002,4047639,86.9416618336272,85.9570809107082,336
-7.6926,53.28823,2022/07/28 23:00:00+00,Fri 29 Jul 2022,70,105,0,3853135,3806807,240937,4094072,4047744,86.9431483781693,85.9593107275213,337
-7.6926,53.28823,2022/07/29 23:00:00+00,Sat 30 Jul 2022,99,118,0,3853234,3806925,240937,4094171,4047862,86.9452507768788,85.9618166168922,338
-7.6926,53.28823,2022/07/30 23:00:00+00,Sun 31 Jul 2022,32,57,0,3853266,3806982,240937,4094203,4047919,86.945930340098,85.9630270888765,339
-7.6926,53.28823,2022/07/31 23:00:00+00,Mon 01 Aug 2022,9,14,0,3853275,3806996,240937,4094212,4047933,86.9461214672534,85.9633243977849,340
-7.6926,53.28823,2022/08/01 23:00:00+00,Tue 02 Aug 2022,36,28,0,3853311,3807024,240937,4094248,4047961,86.9468859758751,85.9639190156017,341
-7.6926,53.28823,2022/08/02 23:00:00+00,Wed 03 Aug 2022,93,139,0,3853404,3807163,240937,4094341,4048100,86.948860956481,85.9668708683353,342
-7.6926,53.28823,2022/08/03 23:00:00+00,Thu 04 Aug 2022,44,51,0,3853448,3807214,240937,4094385,4048151,86.9497953559074,85.9679539222159,343
-7.6926,53.28823,2022/08/04 23:00:00+00,Fri 05 Aug 2022,95,91,0,3853543,3807305,240937,4094480,4048242,86.9518128092145,85.9698864301206,344
-7.6926,53.28823,2022/08/05 23:00:00+00,Sat 06 Aug 2022,72,131,0,3853615,3807436,240937,4094552,4048373,86.9533418264578,85.9726683920494,345
-7.6926,53.28823,2022/08/06 23:00:00+00,Sun 07 Aug 2022,28,80,0,3853643,3807516,240937,4094580,4048453,86.9539364442746,85.9743673000975,346
-7.6926,53.28823,2022/08/07 23:00:00+00,Mon 08 Aug 2022,11,16,0,3853654,3807532,240937,4094591,4048469,86.9541700441313,85.9747070817071,347
-7.6926,53.28823,2022/08/08 23:00:00+00,Tue 09 Aug 2022,47,39,0,3853701,3807571,240937,4094638,4048508,86.9551681526095,85.9755352993805,348
-7.6926,53.28823,2022/08/09 23:00:00+00,Wed 10 Aug 2022,54,94,0,3853755,3807665,240937,4094692,4048602,86.956314915542,85.977531516337,349
-7.6926,53.28823,2022/08/10 23:00:00+00,Thu 11 Aug 2022,45,38,0,3853800,3807703,240937,4094737,4048640,86.957270551319,85.9783384976599,350
-7.6926,53.28823,2022/08/11 23:00:00+00,Fri 12 Aug 2022,70,75,0,3853870,3807778,240937,4094807,4048715,86.9587570958611,85.9799312239549,351
-7.6926,53.28823,2022/08/12 23:00:00+00,Sat 13 Aug 2022,101,151,0,3853971,3807929,240937,4094908,4048866,86.9609019672718,85.9831379128957,352
-7.6926,53.28823,2022/08/13 23:00:00+00,Sun 14 Aug 2022,18,26,0,3853989,3807955,240937,4094926,4048892,86.9612842215826,85.9836900580113,353
-7.6926,53.28823,2022/08/14 23:00:00+00,Mon 15 Aug 2022,14,11,0,3854003,3807966,240937,4094940,4048903,86.961581530491,85.983923657868,354
-7.6926,53.28823,2022/03/20 00:00:00+00,Sun 20 Mar 2022,395,1402,0,3834288,3772363,240915,4075203,4013278,86.542439678677,85.2273786677036,355
-7.6926,53.28823,2022/08/15 23:00:00+00,Tue 16 Aug 2022,40,28,0,3854043,3807994,240937,4094980,4048931,86.9624309845151,85.9845182756848,356
-7.6926,53.28823,2022/08/16 23:00:00+00,Wed 17 Aug 2022,52,57,0,3854095,3808051,240937,4095032,4048988,86.9635352747463,85.985728747669,357
-7.6926,53.28823,2022/08/17 23:00:00+00,Thu 18 Aug 2022,82,38,0,3854177,3808089,240937,4095114,4049026,86.9652766554956,85.9865357289919,358
-7.6926,53.28823,2022/08/18 23:00:00+00,Fri 19 Aug 2022,68,56,0,3854245,3808145,240937,4095182,4049082,86.9667207273365,85.9877249646255,359
-7.6926,53.28823,2022/08/19 23:00:00+00,Sat 20 Aug 2022,110,127,0,3854355,3808272,240937,4095292,4049209,86.9690567259026,85.9904219811519,360
-7.6926,53.28823,2022/08/20 23:00:00+00,Sun 21 Aug 2022,38,36,0,3854393,3808308,240937,4095330,4049245,86.9698637072255,85.9911864897735,361
-7.6926,53.28823,2022/08/21 23:00:00+00,Mon 22 Aug 2022,13,11,0,3854406,3808319,240937,4095343,4049256,86.9701397797833,85.9914200896301,362
-7.6926,53.28823,2022/08/22 23:00:00+00,Tue 23 Aug 2022,79,71,0,3854485,3808390,240937,4095422,4049327,86.9718174514808,85.9929278705228,363
-7.6926,53.28823,2022/08/23 23:00:00+00,Wed 24 Aug 2022,57,52,0,3854542,3808442,240937,4095479,4049379,86.973027923465,85.9940321607541,364
-7.6926,53.28823,2022/08/24 23:00:00+00,Thu 25 Aug 2022,66,46,0,3854608,3808488,240937,4095545,4049425,86.9744295226047,85.9950090328817,365
-7.6926,53.28823,2022/08/25 23:00:00+00,Fri 26 Aug 2022,92,81,0,3854700,3808569,240937,4095637,4049506,86.97638326686,85.9967291772804,366
-7.6926,53.28823,2022/08/26 23:00:00+00,Sat 27 Aug 2022,86,119,0,3854786,3808688,240937,4095723,4049625,86.9782095930117,85.9992563030019,367
-7.6926,53.28823,2022/08/27 23:00:00+00,Sun 28 Aug 2022,44,20,0,3854830,3808708,240937,4095767,4049645,86.9791439924382,85.999681030014,368
-7.6926,53.28823,2022/08/28 23:00:00+00,Mon 29 Aug 2022,12,11,0,3854842,3808719,240937,4095779,4049656,86.9793988286454,85.9999146298706,369
-7.6926,53.28823,2022/08/29 23:00:00+00,Tue 30 Aug 2022,38,43,0,3854880,3808762,240937,4095817,4049699,86.9802058099682,86.0008277929464,370
-7.6926,53.28823,2022/08/30 23:00:00+00,Wed 31 Aug 2022,29,28,0,3854909,3808790,240937,4095846,4049727,86.9808216641356,86.0014224107633,371
-7.6926,53.28823,2022/08/31 23:00:00+00,Thu 01 Sep 2022,32,26,0,3854941,3808816,240937,4095878,4049753,86.9815012273549,86.0019745558789,372
-7.6926,53.28823,2022/09/01 23:00:00+00,Fri 02 Sep 2022,49,40,0,3854990,3808856,240937,4095927,4049793,86.9825418085343,86.0028240099029,373
-7.6926,53.28823,2022/09/02 23:00:00+00,Sat 03 Sep 2022,67,100,0,3855057,3808956,240937,4095994,4049893,86.9839646440246,86.0049476449631,374
-7.6926,53.28823,2022/09/03 23:00:00+00,Sun 04 Sep 2022,58,82,0,3855115,3809038,240937,4096052,4049975,86.9851963523595,86.0066890257123,375
-7.6926,53.28823,2022/03/21 00:00:00+00,Mon 21 Mar 2022,56,112,0,3834344,3772475,240915,4075259,4013390,86.5436289143107,85.2297571389709,376
-7.6926,53.28823,2021/08/14 23:00:00+00,Sun 15 Aug 2021,17001,3733,51,3342332,2913672,232093,3574425,3145765,75.9077424973566,66.8045684486867,377
-7.6926,53.28823,2021/08/15 23:00:00+00,Mon 16 Aug 2021,10194,23156,384,3352526,2936828,232477,3585003,3169305,76.1323806140151,67.3044721418367,378
-7.6926,53.28823,2021/08/16 23:00:00+00,Tue 17 Aug 2021,12873,26867,528,3365399,2963695,233005,3598404,3196700,76.4169689484205,67.886241966554,379
-7.6926,53.28823,2021/08/17 23:00:00+00,Wed 18 Aug 2021,15238,25769,658,3380637,2989464,233663,3614300,3223127,76.7545419775757,68.4474550038894,380
-7.6926,53.28823,2021/08/18 23:00:00+00,Thu 19 Aug 2021,11363,25716,544,3392000,3015180,234207,3626207,3249387,77.007403204183,69.0051215706745,381
-7.6926,53.28823,2021/08/19 23:00:00+00,Fri 20 Aug 2021,14853,22253,686,3406853,3037433,234893,3641746,3272326,77.3373948561736,69.4922622171132,382
-7.6926,53.28823,2021/08/20 23:00:00+00,Sat 21 Aug 2021,11895,7983,246,3418748,3045416,235139,3653887,3280555,77.5952253888217,69.6670161462097,383
-7.6926,53.28823,2021/08/21 23:00:00+00,Sun 22 Aug 2021,8004,12254,161,3426752,3057670,235300,3662052,3292970,77.7686201914797,69.9306654389224,384
-7.6926,53.28823,2021/08/22 23:00:00+00,Mon 23 Aug 2021,10870,15389,291,3437622,3073059,235591,3673213,3308650,78.0056391005386,70.2636514163478,385
-7.6926,53.28823,2021/08/23 23:00:00+00,Tue 24 Aug 2021,9717,22928,384,3447339,3095987,235975,3683314,3331962,78.2201474779604,70.7587132215608,386
-7.6926,53.28823,2021/08/24 23:00:00+00,Wed 25 Aug 2021,9418,19533,316,3456757,3115520,236291,3693048,3351811,78.4268621147116,71.1802335446421,387
-7.6926,53.28823,2021/08/25 23:00:00+00,Thu 26 Aug 2021,8587,19445,369,3465344,3134965,236660,3702004,3371625,78.617054870695,71.6010105954524,388
-7.6926,53.28823,2021/08/26 23:00:00+00,Fri 27 Aug 2021,9726,19215,432,3475070,3154180,237092,3712162,3391272,78.8327737201011,72.0182411757123,389
-7.6926,53.28823,2021/08/27 23:00:00+00,Sat 28 Aug 2021,9923,7930,153,3484993,3162110,237245,3722238,3399355,79.0467511887578,72.1898945976211,390
-7.6926,53.28823,2021/08/28 23:00:00+00,Sun 29 Aug 2021,8800,9192,30,3493793,3171302,237275,3731068,3408577,79.2342681645656,72.3857362228645,391
-7.6926,53.28823,2021/08/29 23:00:00+00,Mon 30 Aug 2021,5065,11141,84,3498858,3182443,237359,3736217,3419802,79.3436141338107,72.6241142583619,392
-7.6926,53.28823,2021/08/30 23:00:00+00,Tue 31 Aug 2021,4069,12900,145,3502927,3195343,237504,3740431,3432847,79.4331041152437,72.9011424519533,393
-7.6926,53.28823,2021/08/31 23:00:00+00,Wed 01 Sep 2021,4967,12544,181,3507894,3207887,237685,3745579,3445572,79.5424288481382,73.1713750133524,394
-7.6926,53.28823,2021/09/01 23:00:00+00,Thu 02 Sep 2021,5011,12363,248,3512905,3220250,237933,3750838,3458183,79.6541108159494,73.4391866307829,395
-7.6926,53.28823,2021/09/02 23:00:00+00,Fri 03 Sep 2021,4777,16077,166,3517682,3236327,238099,3755781,3474426,79.7590820969707,73.7841286735967,396
-7.6926,53.28823,2021/09/03 23:00:00+00,Sat 04 Sep 2021,4629,10585,135,3522311,3246912,238234,3760545,3485146,79.8602520712344,74.0117823520405,397
-7.6926,53.28823,2021/09/04 23:00:00+00,Sun 05 Sep 2021,5309,11905,1,3527620,3258817,238235,3765855,3497052,79.9730170929262,74.2646223422973,398
-7.6926,53.28823,2021/09/05 23:00:00+00,Mon 06 Sep 2021,2163,9683,75,3529783,3268500,238310,3768093,3506810,80.0205440455715,74.4718466514629,399
-7.6926,53.28823,2021/09/06 23:00:00+00,Tue 07 Sep 2021,3032,10025,160,3532815,3278525,238470,3771285,3516995,80.0883304766902,74.6881388823351,400
-7.6926,53.28823,2021/09/07 23:00:00+00,Wed 08 Sep 2021,2611,14800,190,3535426,3293325,238660,3774086,3531985,80.1478134947239,75.0064717778457,401
-7.6926,53.28823,2021/09/08 23:00:00+00,Thu 09 Sep 2021,3117,14814,138,3538543,3308139,238798,3777341,3546937,80.2169378159305,75.3239976920334,402
-7.6926,53.28823,2021/09/09 23:00:00+00,Fri 10 Sep 2021,3386,13945,116,3541929,3322084,238914,3780843,3560998,80.2913075157356,75.6226020178356,403
-7.6926,53.28823,2021/09/10 23:00:00+00,Sat 11 Sep 2021,2560,11340,62,3544489,3333424,238976,3783465,3572400,80.3469892270117,75.8647388873894,404
-7.6926,53.28823,2021/09/11 23:00:00+00,Sun 12 Sep 2021,2043,12883,1,3546532,3346307,238977,3785509,3585284,80.3903963276404,76.138348028534,405
-7.6926,53.28823,2021/09/12 23:00:00+00,Mon 13 Sep 2021,1618,7745,52,3548150,3354052,239029,3787179,3593081,80.4258610331442,76.3039278541708,406
-7.6926,53.28823,2021/09/13 23:00:00+00,Tue 14 Sep 2021,1548,10786,82,3549698,3364838,239111,3788809,3603949,80.460476284624,76.5347245125036,407
-7.6926,53.28823,2021/09/14 23:00:00+00,Wed 15 Sep 2021,3284,12369,137,3552982,3377207,239248,3792230,3616455,80.5331258400304,76.8003063131211,408
-7.6926,53.28823,2021/09/15 23:00:00+00,Thu 16 Sep 2021,1916,10577,115,3554898,3387784,239363,3794261,3627147,80.5762568681012,77.0273653737481,409
-7.6926,53.28823,2021/09/16 23:00:00+00,Fri 17 Sep 2021,2563,14615,94,3557461,3402399,239457,3796918,3641856,80.6326818516484,77.3397308547398,410
-7.6926,53.28823,2021/09/17 23:00:00+00,Sat 18 Sep 2021,2289,11235,47,3559750,3413634,239504,3799254,3653138,80.6822899666525,77.5793193622214,411
-7.6926,53.28823,2021/09/18 23:00:00+00,Sun 19 Sep 2021,1862,8491,16,3561612,3422125,239520,3801132,3661645,80.7221718330814,77.759976996785,412
-7.6926,53.28823,2021/09/19 23:00:00+00,Mon 20 Sep 2021,958,5627,35,3562570,3427752,239555,3802125,3667307,80.7432595292283,77.8802172138885,413
-7.6926,53.28823,2021/09/20 23:00:00+00,Tue 21 Sep 2021,1469,6674,90,3564039,3434426,239645,3803684,3674071,80.7763669998155,78.0238598893544,414
-7.6926,53.28823,2021/09/21 23:00:00+00,Wed 22 Sep 2021,1897,8156,97,3565936,3442582,239742,3805678,3682324,80.8187122829141,78.1991234908653,415
-7.6926,53.28823,2021/09/22 23:00:00+00,Thu 23 Sep 2021,1699,8729,89,3567635,3451311,239831,3807466,3691142,80.8566828777888,78.3863856304658,416
-7.6926,53.28823,2021/09/23 23:00:00+00,Fri 24 Sep 2021,1913,7388,79,3569548,3458699,239910,3809458,3698609,80.8989856881862,78.5449574604043,417
-7.6926,53.28823,2021/09/24 23:00:00+00,Sat 25 Sep 2021,2421,6604,53,3571969,3465303,239963,3811932,3705266,80.9515244195734,78.6863278463559,418
-7.6926,53.28823,2021/09/25 23:00:00+00,Sun 26 Sep 2021,1549,7099,0,3573518,3472402,239963,3813481,3712365,80.9844195266545,78.8370846992731,419
-7.6926,53.28823,2021/09/26 23:00:00+00,Mon 27 Sep 2021,1177,3825,45,3574695,3476227,240008,3814703,3716235,81.010370347089,78.9192693760994,420
-7.6926,53.28823,2021/09/27 23:00:00+00,Tue 28 Sep 2021,1451,5137,93,3576146,3481364,240101,3816247,3721465,81.0431592724171,79.0303354897432,421
-7.6926,53.28823,2021/09/28 23:00:00+00,Wed 29 Sep 2021,1652,3630,80,3577798,3484994,240181,3817979,3725175,81.0799406316583,79.1091223504733,422
-7.6926,53.28823,2021/09/29 23:00:00+00,Thu 30 Sep 2021,1281,3977,78,3579079,3488971,240259,3819338,3729230,81.1088008321252,79.1952357521607,423
-7.6926,53.28823,2021/09/30 23:00:00+00,Fri 01 Oct 2021,1861,5185,42,3580940,3494156,240301,3821241,3734457,81.1492136073191,79.3062381567527,424
-7.6926,53.28823,2021/10/01 23:00:00+00,Sat 02 Oct 2021,1705,4096,40,3582645,3498252,240341,3822986,3738593,81.186271039118,79.3940717028389,425
-7.6926,53.28823,2021/10/02 23:00:00+00,Sun 03 Oct 2021,1196,3021,9,3583841,3501273,240350,3824191,3741623,81.2118608415923,79.4584178451602,426
-7.6926,53.28823,2021/10/03 23:00:00+00,Mon 04 Oct 2021,339,1243,18,3584180,3502516,240368,3824548,3742884,81.2194422187569,79.4851968832682,427
-7.6926,53.28823,2021/10/04 23:00:00+00,Tue 05 Oct 2021,960,2830,70,3585140,3505346,240438,3825578,3745784,81.2413156598761,79.5467823000114,428
-7.6926,53.28823,2021/10/05 23:00:00+00,Wed 06 Oct 2021,977,2577,40,3586117,3507923,240478,3826595,3748401,81.2629130284374,79.6023578295345,429
-7.6926,53.28823,2021/10/06 23:00:00+00,Thu 07 Oct 2021,1215,2704,44,3587332,3510627,240522,3827854,3751149,81.2896495938442,79.6607153209864,430
-7.6926,53.28823,2021/10/07 23:00:00+00,Fri 08 Oct 2021,937,2778,48,3588269,3513405,240570,3828839,3753975,81.3105673991863,79.7207292477851,431
-7.6926,53.28823,2021/10/08 23:00:00+00,Sat 09 Oct 2021,731,2378,23,3589000,3515783,240593,3829593,3756376,81.3265796075395,79.7717177255784,432
-7.6926,53.28823,2021/10/09 23:00:00+00,Sun 10 Oct 2021,1510,3919,2,3590510,3519702,240595,3831105,3760297,81.3586889696484,79.8549854562853,433
-7.6926,53.28823,2021/10/10 23:00:00+00,Mon 11 Oct 2021,335,1132,19,3590845,3520834,240614,3831459,3761448,81.3662066377612,79.8794284958272,434
-7.6926,53.28823,2022/03/22 00:00:00+00,Tue 22 Mar 2022,140,574,0,3834484,3773049,240915,4075399,4013964,86.5466020033949,85.2419468042159,435
-7.6926,53.28823,2021/10/11 23:00:00+00,Tue 12 Oct 2021,563,1615,20,3591408,3522449,240634,3832042,3763083,81.3785874301616,79.91414992906,436
-7.6926,53.28823,2021/10/12 23:00:00+00,Wed 13 Oct 2021,993,2074,11,3592401,3524523,240645,3833046,3765168,81.3999087261651,79.9584277200633,437
-7.6926,53.28823,2021/10/13 23:00:00+00,Thu 14 Oct 2021,670,1606,8,3593071,3526129,240653,3833724,3766782,81.4143069718727,79.9927031899335,438
-7.6926,53.28823,2021/10/14 23:00:00+00,Fri 15 Oct 2021,957,2075,9,3594028,3528204,240662,3834690,3768866,81.4348212865533,80.0369597445862,439
-7.6926,53.28823,2021/10/15 23:00:00+00,Sat 16 Oct 2021,1374,2648,14,3595402,3530852,240676,3836078,3771528,81.4642973411877,80.0934909098863,440
-7.6926,53.28823,2021/10/16 23:00:00+00,Sun 17 Oct 2021,1700,2891,2,3597102,3533743,240678,3837780,3774421,81.5004416099108,80.1549276721753,441
-7.6926,53.28823,2021/10/17 23:00:00+00,Mon 18 Oct 2021,675,1247,6,3597777,3534990,240684,3838461,3775674,81.5149035646701,80.1815368194785,442
-7.6926,53.28823,2021/10/18 23:00:00+00,Tue 19 Oct 2021,1336,1802,13,3599113,3536792,240697,3839810,3777489,81.543551401631,80.2200807958195,443
-7.6926,53.28823,2021/10/19 23:00:00+00,Wed 20 Oct 2021,2255,2330,0,3601368,3539122,240697,3842065,3779819,81.5914393722365,80.2695614927201,444
-7.6926,53.28823,2021/10/20 23:00:00+00,Thu 21 Oct 2021,1731,1844,11,3603099,3540966,240708,3843807,3781674,81.6284330949836,80.3089549230851,445
-7.6926,53.28823,2021/10/21 23:00:00+00,Fri 22 Oct 2021,1505,1932,3,3604604,3542898,240711,3845315,3783609,81.6604575116901,80.3500472614983,446
-7.6926,53.28823,2021/10/22 23:00:00+00,Sat 23 Oct 2021,2018,1702,1,3606622,3544600,240712,3847334,3785312,81.7033337035537,80.3862127665719,447
-7.6926,53.28823,2021/10/23 23:00:00+00,Sun 24 Oct 2021,1952,2186,2,3608574,3546786,240714,3849288,3787500,81.7448295326283,80.4326779016872,448
-7.6926,53.28823,2021/10/24 23:00:00+00,Mon 25 Oct 2021,1227,853,2,3609801,3547639,240716,3850517,3788355,81.770929007517,80.4508349814511,449
-7.6926,53.28823,2021/10/25 23:00:00+00,Tue 26 Oct 2021,1237,1234,6,3611038,3548873,240722,3851760,3789595,81.7973257913142,80.4771680561965,450
-7.6926,53.28823,2021/10/26 23:00:00+00,Wed 27 Oct 2021,1555,1424,6,3612593,3550297,240728,3853321,3791025,81.8304757346025,80.5075360375561,451
-7.6926,53.28823,2021/10/27 23:00:00+00,Thu 28 Oct 2021,2150,1691,5,3614743,3551988,240733,3855476,3792721,81.8762400701479,80.5435528881755,452
-7.6926,53.28823,2021/10/28 23:00:00+00,Fri 29 Oct 2021,2138,1364,2,3616881,3553352,240735,3857616,3794087,81.9216858604343,80.5725617430966,453
-7.6926,53.28823,2021/10/29 23:00:00+00,Sat 30 Oct 2021,2020,1451,1,3618901,3554803,240736,3859637,3795539,81.9646045249991,80.6033969241695,454
-7.6926,53.28823,2021/10/30 23:00:00+00,Sun 31 Oct 2021,1596,1320,0,3620497,3556123,240736,3861233,3796859,81.9984977405585,80.6314289069629,455
-7.6926,53.28823,2021/11/01 00:00:00+00,Mon 01 Nov 2021,279,290,2,3620776,3556413,240738,3861514,3797151,82.0044651550774,80.6376299213384,456
-7.6926,53.28823,2021/04/19 23:00:00+00,Tue 20 Apr 2021,15089,7322,1,922770,389407,246,923016,389653,19.60149138643,8.27480772077257,457
-7.6926,53.28823,2022/03/23 00:00:00+00,Wed 23 Mar 2022,102,221,0,3834586,3773270,240915,4075501,4014185,86.5487681111562,85.2466400376988,458
-7.6926,53.28823,2022/03/24 00:00:00+00,Thu 24 Mar 2022,148,244,0,3834734,3773514,240915,4075649,4014429,86.5519110910451,85.2518217072454,459
-7.6926,53.28823,2022/03/25 00:00:00+00,Fri 25 Mar 2022,435,1625,0,3835169,3775139,240915,4076084,4016054,86.5611489035566,85.2863307769722,460
-7.6926,53.28823,2022/03/26 00:00:00+00,Sat 26 Mar 2022,874,1848,1,3836043,3776987,240916,4076959,4017903,86.5797307103326,85.3255967892337,461
-7.6926,53.28823,2022/03/27 00:00:00+00,Sun 27 Mar 2022,380,803,0,3836423,3777790,240916,4077339,4018706,86.587800523561,85.3426495787664,462
-7.6926,53.28823,2022/03/27 23:00:00+00,Mon 28 Mar 2022,44,53,1,3836467,3777843,240917,4077384,4018760,86.588756159338,85.3437963416988,463
-7.6926,53.28823,2022/03/28 23:00:00+00,Tue 29 Mar 2022,138,194,3,3836605,3778037,240920,4077525,4018957,86.5917504847728,85.3479799027672,464
-7.6926,53.28823,2022/03/29 23:00:00+00,Wed 30 Mar 2022,109,135,0,3836714,3778172,240920,4077634,4019092,86.5940652469883,85.3508468100984,465
-7.6926,53.28823,2022/03/30 23:00:00+00,Thu 31 Mar 2022,227,358,0,3836941,3778530,240920,4077861,4019450,86.5988858985748,85.3584494236136,466
-7.6926,53.28823,2022/03/31 23:00:00+00,Fri 01 Apr 2022,304,904,0,3837245,3779434,240920,4078165,4020354,86.6053417491575,85.377647084557,467
-7.6926,53.28823,2022/04/01 23:00:00+00,Sat 02 Apr 2022,730,1539,0,3837975,3780973,240920,4078895,4021893,86.6208442850963,85.4103298281321,468
-7.6926,53.28823,2022/04/02 23:00:00+00,Sun 03 Apr 2022,538,815,0,3838513,3781788,240920,4079433,4022708,86.6322694417197,85.427637453872,469
-7.6926,53.28823,2022/04/03 23:00:00+00,Mon 04 Apr 2022,50,52,0,3838563,3781840,240920,4079483,4022760,86.6333312592498,85.4287417441032,470
-7.6926,53.28823,2022/04/04 23:00:00+00,Tue 05 Apr 2022,130,169,0,3838693,3782009,240920,4079613,4022929,86.6360919848279,85.4323306873548,471
-7.6926,53.28823,2022/04/05 23:00:00+00,Wed 06 Apr 2022,159,210,0,3838852,3782219,240920,4079772,4023139,86.6394685645735,85.4367903209811,472
-7.6926,53.28823,2022/04/06 23:00:00+00,Thu 07 Apr 2022,117,178,0,3838969,3782397,240920,4079889,4023317,86.6419532175938,85.4405703913881,473
-7.6926,53.28823,2022/04/07 23:00:00+00,Fri 08 Apr 2022,258,421,2,3839227,3782818,240922,4080149,4023740,86.6474746687501,85.4495533676923,474
-7.6926,53.28823,2022/04/08 23:00:00+00,Sat 09 Apr 2022,559,1018,0,3839786,3783836,240922,4080708,4024758,86.6593457887361,85.4711719726043,475
-7.6926,53.28823,2022/04/09 23:00:00+00,Sun 10 Apr 2022,412,719,0,3840198,3784555,240922,4081120,4025477,86.6680951651838,85.4864409086865,476
-7.6926,53.28823,2022/04/10 23:00:00+00,Mon 11 Apr 2022,70,93,1,3840268,3784648,240923,4081191,4025571,86.6696029460765,85.488437125643,477
-7.6926,53.28823,2022/04/11 23:00:00+00,Tue 12 Apr 2022,198,177,0,3840466,3784825,240923,4081389,4025748,86.6738077434955,85.4921959596994,478
-7.6926,53.28823,2022/04/12 23:00:00+00,Wed 13 Apr 2022,144,233,0,3840610,3785058,240923,4081533,4025981,86.676865777982,85.4971440293894,479
-7.6926,53.28823,2022/04/13 23:00:00+00,Thu 14 Apr 2022,360,431,0,3840970,3785489,240923,4081893,4026412,86.6845108641984,85.5062968964985,480
-7.6926,53.28823,2022/04/14 23:00:00+00,Fri 15 Apr 2022,447,991,0,3841417,3786480,240923,4082340,4027403,86.6940035129171,85.5273421199442,481
-7.6926,53.28823,2022/04/15 23:00:00+00,Sat 16 Apr 2022,42,88,0,3841459,3786568,240923,4082382,4027491,86.6948954396424,85.5292109187971,482
-7.6926,53.28823,2022/04/16 23:00:00+00,Sun 17 Apr 2022,1,0,0,3841460,3786568,240923,4082383,4027491,86.694916675993,85.5292109187971,483
-7.6926,53.28823,2022/04/17 23:00:00+00,Mon 18 Apr 2022,36,62,1,3841496,3786630,240924,4082420,4027554,86.6957024209652,85.530548808885,484
-7.6926,53.28823,2022/04/18 23:00:00+00,Tue 19 Apr 2022,218,269,1,3841714,3786899,240925,4082639,4027824,86.7003531817468,85.5362826235472,485
-7.6926,53.28823,2022/04/19 23:00:00+00,Wed 20 Apr 2022,250,606,0,3841964,3787505,240925,4082889,4028430,86.7056622693971,85.5491518520115,486
-7.6926,53.28823,2022/04/20 23:00:00+00,Thu 21 Apr 2022,171,236,0,3842135,3787741,240925,4083060,4028666,86.7092936853499,85.5541636307534,487
-7.6926,53.28823,2022/04/21 23:00:00+00,Fri 22 Apr 2022,196,254,0,3842331,3787995,240925,4083256,4028920,86.7134560100677,85.5595576638061,488
-7.6926,53.28823,2022/04/22 23:00:00+00,Sat 23 Apr 2022,324,1010,0,3842655,3789005,240925,4083580,4029930,86.7203365876625,85.5810063779132,489
-7.6926,53.28823,2022/04/23 23:00:00+00,Sun 24 Apr 2022,181,252,0,3842836,3789257,240925,4083761,4030182,86.7241803671213,85.5863579382647,490
-7.6926,53.28823,2022/04/24 23:00:00+00,Mon 25 Apr 2022,42,58,1,3842878,3789315,240926,4083804,4030241,86.7250935301971,85.5876108829501,491
-7.6926,53.28823,2022/04/25 23:00:00+00,Tue 26 Apr 2022,145,238,0,3843023,3789553,240926,4083949,4030479,86.7281728010343,85.5926651343932,492
-7.6926,53.28823,2022/04/26 23:00:00+00,Wed 27 Apr 2022,122,208,0,3843145,3789761,240926,4084071,4030687,86.7307636358076,85.5970822953182,493
-7.6926,53.28823,2022/04/27 23:00:00+00,Thu 28 Apr 2022,103,130,0,3843248,3789891,240926,4084174,4030817,86.7329509799195,85.5998430208964,494
-7.6926,53.28823,2022/04/28 23:00:00+00,Fri 29 Apr 2022,171,222,0,3843419,3790113,240926,4084345,4031039,86.7365823958723,85.6045574907298,495
-7.6926,53.28823,2022/04/29 23:00:00+00,Sat 30 Apr 2022,282,723,0,3843701,3790836,240926,4084627,4031762,86.7425710467418,85.6199113722144,496
-7.6926,53.28823,2022/04/30 23:00:00+00,Sun 01 May 2022,187,746,0,3843888,3791582,240926,4084814,4032508,86.7465422443043,85.6357536897628,497
-7.6926,53.28823,2022/05/01 23:00:00+00,Mon 02 May 2022,13,26,0,3843901,3791608,240926,4084827,4032534,86.7468183168621,85.6363058348785,498
-7.6926,53.28823,2022/05/02 23:00:00+00,Tue 03 May 2022,101,118,0,3844002,3791726,240926,4084928,4032652,86.7489631882728,85.6388117242494,499
-7.6926,53.28823,2022/05/03 23:00:00+00,Wed 04 May 2022,116,128,0,3844118,3791854,240926,4085044,4032780,86.7514266049425,85.6415299771263,500
-7.6926,53.28823,2022/05/04 23:00:00+00,Thu 05 May 2022,117,164,0,3844235,3792018,240926,4085161,4032944,86.7539112579628,85.6450127386249,501
-7.6926,53.28823,2022/05/05 23:00:00+00,Fri 06 May 2022,140,257,0,3844375,3792275,240926,4085301,4033201,86.756884347047,85.6504704807294,502
-7.6926,53.28823,2022/05/06 23:00:00+00,Sat 07 May 2022,442,1087,0,3844817,3793362,240926,4085743,4034288,86.7662708140127,85.6735543938328,503
-7.6926,53.28823,2022/05/07 23:00:00+00,Sun 08 May 2022,275,437,0,3845092,3793799,240926,4086018,4034725,86.772110810428,85.6828346790455,504
-7.6926,53.28823,2022/05/08 23:00:00+00,Mon 09 May 2022,27,32,0,3845119,3793831,240926,4086045,4034757,86.7726841918942,85.6835142422647,505
-7.6926,53.28823,2022/05/09 23:00:00+00,Tue 10 May 2022,84,98,1,3845203,3793929,240927,4086130,4034856,86.7744892816953,85.6856166409742,506
-7.6926,53.28823,2022/05/10 23:00:00+00,Wed 11 May 2022,123,132,0,3845326,3794061,240927,4086253,4034988,86.7771013528192,85.6884198392536,507
-7.6926,53.28823,2022/05/11 23:00:00+00,Thu 12 May 2022,248,398,0,3845574,3794459,240927,4086501,4035386,86.7823679677683,85.6968719067928,508
-7.6926,53.28823,2022/05/12 23:00:00+00,Fri 13 May 2022,182,326,0,3845756,3794785,240927,4086683,4035712,86.7862329835777,85.7037949570888,509
-7.6926,53.28823,2022/05/13 23:00:00+00,Sat 14 May 2022,333,633,0,3846089,3795418,240927,4087016,4036345,86.7933046883279,85.7172375670193,510
-7.6926,53.28823,2022/05/14 23:00:00+00,Sun 15 May 2022,169,254,0,3846258,3795672,240927,4087185,4036599,86.7968936315795,85.7226316000719,511
-7.6926,53.28823,2022/05/15 23:00:00+00,Mon 16 May 2022,32,42,0,3846290,3795714,240927,4087217,4036641,86.7975731947987,85.7235235267972,512
-7.6926,53.28823,2022/05/16 23:00:00+00,Tue 17 May 2022,97,99,0,3846387,3795813,240927,4087314,4036740,86.799633120807,85.7256259255067,513
-7.6926,53.28823,2022/05/17 23:00:00+00,Wed 18 May 2022,103,122,0,3846490,3795935,240927,4087417,4036862,86.8018204649189,85.72821676028,514
-7.6926,53.28823,2022/05/18 23:00:00+00,Thu 19 May 2022,100,104,0,3846590,3796039,240927,4087517,4036966,86.803944099979,85.7304253407426,515
-7.6926,53.28823,2022/05/19 23:00:00+00,Fri 20 May 2022,128,208,0,3846718,3796247,240927,4087645,4037174,86.806662352856,85.7348425016676,516
-7.6926,53.28823,2022/05/20 23:00:00+00,Sat 21 May 2022,393,761,0,3847111,3797008,240927,4088038,4037935,86.8150082386422,85.751003364475,517
-7.6926,53.28823,2022/05/21 23:00:00+00,Sun 22 May 2022,234,409,0,3847345,3797417,240927,4088272,4038344,86.8199775446829,85.7596890318709,518
-7.6926,53.28823,2022/05/22 23:00:00+00,Mon 23 May 2022,30,36,0,3847375,3797453,240927,4088302,4038380,86.8206146352009,85.7604535404925,519
-7.6926,53.28823,2022/05/23 23:00:00+00,Tue 24 May 2022,77,83,0,3847452,3797536,240927,4088379,4038463,86.8222498341972,85.7622161575924,520
-7.6926,53.28823,2022/05/24 23:00:00+00,Wed 25 May 2022,89,134,1,3847541,3797670,240928,4088469,4038598,86.8241611057513,85.7650830649236,521
-7.6926,53.28823,2022/05/25 23:00:00+00,Thu 26 May 2022,135,155,0,3847676,3797825,240928,4088604,4038753,86.8270280130824,85.7683746992667,522
-7.6926,53.28823,2022/05/26 23:00:00+00,Fri 27 May 2022,98,152,0,3847774,3797977,240928,4088702,4038905,86.8291091754414,85.7716026245581,523
-7.6926,53.28823,2021/04/20 23:00:00+00,Wed 21 Apr 2021,26728,9890,4,949498,399297,250,949748,399547,20.1691815106988,8.48492017361991,524
-7.6926,53.28823,2021/04/21 23:00:00+00,Thu 22 Apr 2021,31622,12183,1,981120,411480,251,981371,411731,20.8407386257575,8.74366386934378,525
-7.6926,53.28823,2021/04/22 23:00:00+00,Fri 23 Apr 2021,33615,12353,3,1014735,423833,254,1014989,424087,21.5546622602655,9.00606021737104,526
-7.6926,53.28823,2021/04/23 23:00:00+00,Sat 24 Apr 2021,23703,6995,2,1038438,430828,256,1038694,431084,22.0580699512647,9.15465096252697,527
-7.6926,53.28823,2021/04/24 23:00:00+00,Sun 25 Apr 2021,9752,305,2,1048190,431133,258,1048448,431391,22.2652093150279,9.16117052216151,528
-7.6926,53.28823,2021/04/25 23:00:00+00,Mon 26 Apr 2021,15596,3056,3,1063786,434189,261,1064047,434450,22.5964751480545,9.22613251865029,529
-7.6926,53.28823,2021/04/26 23:00:00+00,Tue 27 Apr 2021,25917,7820,9,1089703,442009,270,1089973,442279,23.1470487737388,9.39239190750635,530
-7.6926,53.28823,2021/04/27 23:00:00+00,Wed 28 Apr 2021,26042,8613,5,1115745,450622,275,1116020,450897,23.7001919978458,9.57540677698668,531
-7.6926,53.28823,2021/04/28 23:00:00+00,Thu 29 Apr 2021,31690,11322,6,1147435,461944,281,1147716,462225,24.3732993664984,9.815972156596,532
-7.6926,53.28823,2021/04/29 23:00:00+00,Fri 30 Apr 2021,36098,13537,8,1183533,475481,289,1183822,475770,25.1400590413019,10.103618525488,533
-7.6926,53.28823,2021/04/30 23:00:00+00,Sat 01 May 2021,16590,6693,18,1200123,482174,307,1200430,482481,25.4927523520851,10.246135674372,534
-7.6926,53.28823,2021/05/01 23:00:00+00,Sun 02 May 2021,12467,911,16,1212590,483085,323,1212913,483408,25.7578457166387,10.2658217713792,535
-7.6926,53.28823,2021/05/02 23:00:00+00,Mon 03 May 2021,14267,927,21,1226857,484012,344,1227201,484356,26.0612706940273,10.2859538317491,536
-7.6926,53.28823,2021/05/03 23:00:00+00,Tue 04 May 2021,26662,6798,10,1253519,490810,354,1253873,491164,26.62768663726,10.4305309066414,537
-7.6926,53.28823,2021/05/04 23:00:00+00,Wed 05 May 2021,32119,13459,69,1285638,504269,423,1286061,504692,27.3112422904084,10.7178162575731,538
-7.6926,53.28823,2021/05/05 23:00:00+00,Thu 06 May 2021,37295,14375,132,1322933,518644,555,1323488,519199,28.1060551843559,11.0258919957434,539
-7.6926,53.28823,2021/05/06 23:00:00+00,Fri 07 May 2021,40597,15077,98,1363530,533721,653,1364183,534374,28.9702684720679,11.3481536161152,540
-7.6926,53.28823,2021/05/07 23:00:00+00,Sat 08 May 2021,25627,7055,10,1389157,540776,663,1389820,541439,29.5147047924285,11.498188433112,541
-7.6926,53.28823,2021/05/08 23:00:00+00,Sun 09 May 2021,19674,928,5,1408831,541704,668,1409499,542372,29.9326149359076,11.5180019482228,542
-7.6926,53.28823,2021/05/09 23:00:00+00,Mon 10 May 2021,28846,4650,171,1437677,546354,839,1438516,547193,30.5488301212999,11.6203823944707,543
-7.6926,53.28823,2021/05/10 23:00:00+00,Tue 11 May 2021,33928,14809,153,1471605,561163,992,1472597,562155,31.2725861861362,11.9381206721645,544
-7.6926,53.28823,2021/05/11 23:00:00+00,Wed 12 May 2021,31296,20922,173,1502901,582085,1165,1504066,583250,31.9408729032024,12.3861014880948,545
-7.6926,53.28823,2021/05/12 23:00:00+00,Thu 13 May 2021,36004,25469,152,1538905,607554,1317,1540222,608871,32.708694395536,12.9301980268457,546
-7.6926,53.28823,2021/05/13 23:00:00+00,Fri 14 May 2021,38224,27946,236,1577129,635500,1553,1578682,637053,33.5254444396545,13.5286808594861,547
-7.6926,53.28823,2021/05/14 23:00:00+00,Sat 15 May 2021,28861,12455,22,1605990,647955,1575,1607565,649530,34.1388139540662,13.7936468059361,548
-7.6926,53.28823,2021/05/15 23:00:00+00,Sun 16 May 2021,23183,1175,10,1629173,649130,1585,1630758,650715,34.6313486335576,13.8188118813984,549
-7.6926,53.28823,2021/05/16 23:00:00+00,Mon 17 May 2021,35391,3953,118,1664564,653083,1703,1666267,654786,35.3854302070523,13.9052650646955,550
-7.6926,53.28823,2021/05/17 23:00:00+00,Tue 18 May 2021,39013,12503,128,1703577,665586,1831,1705408,667417,36.2166422059302,14.173501409138,551
-7.6926,53.28823,2021/05/18 23:00:00+00,Wed 19 May 2021,37027,17592,211,1740604,683178,2042,1742646,685220,37.0074414296141,14.5515721588895,552
-7.6926,53.28823,2021/05/19 23:00:00+00,Thu 20 May 2021,39090,19643,136,1779694,702821,2178,1781872,704999,37.8404585182931,14.9716059374288,553
-7.6926,53.28823,2021/05/20 23:00:00+00,Fri 21 May 2021,25839,23249,14934,1805533,726070,17112,1822645,743182,38.706328241352,15.7824735124308,554
-7.6926,53.28823,2021/05/21 23:00:00+00,Sat 22 May 2021,16589,10248,13523,1822122,736318,30635,1852757,766953,39.3457972306525,16.2872828025697,555
-7.6926,53.28823,2021/05/22 23:00:00+00,Sun 23 May 2021,8219,5528,10205,1830341,741846,40840,1871181,782686,39.7370557541272,16.6213943065769,556
-7.6926,53.28823,2021/05/23 23:00:00+00,Mon 24 May 2021,22552,8219,8450,1852893,750065,49290,1902183,799355,40.3954250954627,16.9753830347467,557
-7.6926,53.28823,2021/05/24 23:00:00+00,Tue 25 May 2021,30345,16505,3224,1883238,766570,52514,1935752,819084,41.1083081487912,17.3943549957559,558
-7.6926,53.28823,2021/05/25 23:00:00+00,Wed 26 May 2021,19980,25456,3054,1903218,792026,55568,1958786,847594,41.5974662485371,17.9998033513934,559
-7.6926,53.28823,2021/05/26 23:00:00+00,Thu 27 May 2021,17017,36042,550,1920235,828068,56118,1976353,884186,41.9705252195467,18.7768838925891,560
-7.6926,53.28823,2021/05/27 23:00:00+00,Fri 28 May 2021,27045,31829,1559,1947280,859897,57677,2004957,917574,42.5779697921407,19.4859231664588,561
-7.6926,53.28823,2021/05/28 23:00:00+00,Sat 29 May 2021,24482,7386,536,1971762,867283,58213,2029975,925496,43.1092608114792,19.6541575359208,562
-7.6926,53.28823,2021/05/29 23:00:00+00,Sun 30 May 2021,24255,1680,209,1996017,868963,58422,2054439,927385,43.6287868925846,19.6942730022062,563
-7.6926,53.28823,2021/05/30 23:00:00+00,Mon 31 May 2021,22590,7307,3444,2018607,876270,61866,2080473,938136,44.1816540441338,19.9225850075187,564
-7.6926,53.28823,2021/05/31 23:00:00+00,Tue 01 Jun 2021,27584,11515,3653,2046191,887785,65519,2111710,953304,44.8450139278605,20.2446979734363,565
-7.6926,53.28823,2021/06/01 23:00:00+00,Wed 02 Jun 2021,18701,20907,4008,2064892,908692,69527,2134419,978219,45.327270213661,20.7738016486628,566
-7.6926,53.28823,2021/06/02 23:00:00+00,Thu 03 Jun 2021,16695,30702,1977,2081587,939394,71504,2153091,1010898,45.7237953520849,21.4677843499564,567
-7.6926,53.28823,2021/06/03 23:00:00+00,Fri 04 Jun 2021,28987,23339,153,2110574,962733,71657,2182231,1034390,46.3426226086011,21.9666686982775,568
-7.6926,53.28823,2021/06/04 23:00:00+00,Sat 05 Jun 2021,20968,11494,33,2131542,974227,71690,2203232,1045917,46.7886072075749,22.2114601116565,569
-7.6926,53.28823,2021/06/05 23:00:00+00,Sun 06 Jun 2021,19947,3914,47,2151489,978141,71737,2223226,1049878,47.2132068014934,22.2955772963875,570
-7.6926,53.28823,2021/06/06 23:00:00+00,Mon 07 Jun 2021,19823,4593,45,2171312,982734,71782,2243094,1054516,47.6351306152362,22.3940714904754,571
-7.6926,53.28823,2021/06/07 23:00:00+00,Tue 08 Jun 2021,26413,18348,45,2197725,1001082,71827,2269552,1072909,48.1970019794402,22.7846716870815,572
-7.6926,53.28823,2021/06/08 23:00:00+00,Wed 09 Jun 2021,32807,20117,174,2230532,1021199,72001,2302533,1093200,48.8973980586153,23.2155784771286,573
-7.6926,53.28823,2021/06/09 23:00:00+00,Thu 10 Jun 2021,27704,27496,273,2258236,1048695,72274,2330510,1120969,49.4915274393824,23.8052906969707,574
-7.6926,53.28823,2021/06/10 23:00:00+00,Fri 11 Jun 2021,26443,32905,42,2284679,1081600,72316,2356995,1153916,50.0539721850527,24.5049647402253,575
-7.6926,53.28823,2021/06/11 23:00:00+00,Sat 12 Jun 2021,12216,19721,105,2296895,1101321,72421,2369316,1173742,50.3156252608089,24.9259966272428,576
-7.6926,53.28823,2021/06/12 23:00:00+00,Sun 13 Jun 2021,8551,18174,834,2305446,1119495,73255,2378701,1192750,50.5149284112003,25.3296571794686,577
-7.6926,53.28823,2021/06/13 23:00:00+00,Mon 14 Jun 2021,16022,31307,52,2321468,1150802,73307,2394775,1224109,50.8562815107625,25.9956078979687,578
-7.6926,53.28823,2021/06/14 23:00:00+00,Tue 15 Jun 2021,14703,41592,205,2336171,1192394,73512,2409683,1265906,51.1728730255238,26.8832236440431,579
-7.6926,53.28823,2021/06/15 23:00:00+00,Wed 16 Jun 2021,13473,48390,217,2349644,1240784,73729,2423373,1314513,51.4635986652529,27.915458937711,580
-7.6926,53.28823,2021/06/16 23:00:00+00,Thu 17 Jun 2021,21571,42689,535,2371215,1283473,74264,2445479,1357737,51.9330494316409,28.8333789560932,581
-7.6926,53.28823,2021/06/17 23:00:00+00,Fri 18 Jun 2021,12020,50020,554,2383235,1333493,74818,2458053,1408311,52.2000753040992,29.9073861513935,582
-7.6926,53.28823,2021/06/18 23:00:00+00,Sat 19 Jun 2021,6323,32810,433,2389558,1366303,75251,2464809,1441554,52.3435480887603,30.6133461544261,583
-7.6926,53.28823,2021/06/19 23:00:00+00,Sun 20 Jun 2021,8519,26142,177,2398077,1392445,75428,2473505,1467873,52.5282193935875,31.1722656658966,584
-7.6926,53.28823,2021/06/20 23:00:00+00,Mon 21 Jun 2021,15484,32336,574,2413561,1424781,76002,2489563,1500783,52.8692327115401,31.871153964179,585
-7.6926,53.28823,2021/06/21 23:00:00+00,Tue 22 Jun 2021,15149,43545,722,2428710,1468326,76724,2505434,1545050,53.2062748319302,32.8112234962381,586
-7.6926,53.28823,2021/06/22 23:00:00+00,Wed 23 Jun 2021,20092,39396,883,2448802,1507722,77607,2526409,1585329,53.6517072857884,33.6666024621,587
-7.6926,53.28823,2021/06/23 23:00:00+00,Thu 24 Jun 2021,19022,44276,1032,2467824,1551998,78639,2546463,1630637,54.077581060743,34.6287790351349,588
-7.6926,53.28823,2021/06/24 23:00:00+00,Fri 25 Jun 2021,15212,50125,843,2483036,1602123,79482,2562518,1681605,54.4185306696437,35.711153352572,589
-7.6926,53.28823,2021/06/25 23:00:00+00,Sat 26 Jun 2021,9067,30566,511,2492103,1632689,79993,2572096,1712682,54.6219324357011,36.3711154202026,590
-7.6926,53.28823,2021/06/26 23:00:00+00,Sun 27 Jun 2021,8736,30478,59,2500839,1663167,80052,2580891,1743219,54.8087061392378,37.0196098585086,591
-7.6926,53.28823,2021/06/27 23:00:00+00,Mon 28 Jun 2021,24237,24652,524,2525076,1687819,80576,2605652,1768395,55.3345394164718,37.554256221242,592
-7.6926,53.28823,2021/06/28 23:00:00+00,Tue 29 Jun 2021,28147,31046,811,2553223,1718865,81387,2634610,1800252,55.9495016571786,38.2307826423414,593
-7.6926,53.28823,2021/06/29 23:00:00+00,Wed 30 Jun 2021,22579,36870,590,2575802,1755735,81977,2657779,1837712,56.4415266642556,39.0262963358588,594
-7.6926,53.28823,2021/06/30 23:00:00+00,Thu 01 Jul 2021,15031,48307,640,2590833,1804042,82617,2673450,1886659,56.7743215145256,40.0657519887311,595
-7.6926,53.28823,2021/07/01 23:00:00+00,Fri 02 Jul 2021,13688,47269,818,2604521,1851311,83435,2687956,1934746,57.0823760163452,41.0869443800865,596
-7.6926,53.28823,2021/07/02 23:00:00+00,Sat 03 Jul 2021,9317,30479,505,2613838,1881790,83940,2697778,1965730,57.2909594519493,41.7449314671112,597
-7.6926,53.28823,2021/07/03 23:00:00+00,Sun 04 Jul 2021,6456,27784,233,2620294,1909574,84173,2704467,1993747,57.4330094011201,42.3399103019023,598
-7.6926,53.28823,2021/07/04 23:00:00+00,Mon 05 Jul 2021,15618,33466,5343,2635912,1943040,89516,2725428,2032556,57.8781445460698,43.1640718323806,599
-7.6926,53.28823,2021/07/05 23:00:00+00,Tue 06 Jul 2021,12414,48302,5487,2648326,1991342,95003,2743329,2086345,58.2582964581802,44.3063538948635,600
-7.6926,53.28823,2021/07/06 23:00:00+00,Wed 07 Jul 2021,19709,43761,5059,2668035,2035103,100062,2768097,2135165,58.7842783898684,45.3431125312095,601
-7.6926,53.28823,2021/07/07 23:00:00+00,Thu 08 Jul 2021,17785,45598,5998,2685820,2080701,106060,2791880,2186761,59.2893425162145,46.4388232768241,602
-7.6926,53.28823,2021/07/08 23:00:00+00,Fri 09 Jul 2021,13530,45090,6531,2699350,2125791,112591,2811941,2238382,59.7153649456233,47.5350649312038,603
-7.6926,53.28823,2021/07/09 23:00:00+00,Sat 10 Jul 2021,8639,23874,4364,2707989,2149665,116955,2824944,2266620,59.9915012124894,48.1347369994778,604
-7.6926,53.28823,2021/07/10 23:00:00+00,Sun 11 Jul 2021,15239,16113,2153,2723228,2165778,119108,2842336,2284886,60.3608438221439,48.5226401795576,605
-7.6926,53.28823,2021/07/11 23:00:00+00,Mon 12 Jul 2021,17111,31771,6092,2740339,2197549,125200,2865539,2322749,60.8535908651413,49.3267121223672,606
-7.6926,53.28823,2021/07/12 23:00:00+00,Tue 13 Jul 2021,20109,36569,8491,2760448,2234118,133691,2894139,2367809,61.4609504923329,50.2836220804531,607
-7.6926,53.28823,2021/07/13 23:00:00+00,Wed 14 Jul 2021,20801,35713,9335,2781249,2269831,143026,2924275,2412857,62.1009291540478,51.2402772023317,608
-7.6926,53.28823,2021/07/14 23:00:00+00,Thu 15 Jul 2021,23649,28834,9586,2804898,2298665,152612,2957510,2451277,62.8067192662756,52.0561777924261,609
-7.6926,53.28823,2021/07/15 23:00:00+00,Fri 16 Jul 2021,23528,27431,9167,2828426,2326096,161779,2990205,2487875,63.5010417491787,52.8333857517254,610
-7.6926,53.28823,2021/07/16 23:00:00+00,Sat 17 Jul 2021,11510,19431,4677,2839936,2345527,166456,3006392,2511983,63.8447945563588,53.3453516920168,611
-7.6926,53.28823,2021/07/17 23:00:00+00,Sun 18 Jul 2021,16866,15818,1932,2856802,2361345,168388,3025190,2529733,64.2439954749584,53.7222969151865,612
-7.6926,53.28823,2021/07/18 23:00:00+00,Mon 19 Jul 2021,24894,18442,6255,2881696,2379787,174643,3056339,2554430,64.9054865598323,54.246771065982,613
-7.6926,53.28823,2021/07/19 23:00:00+00,Tue 20 Jul 2021,30588,18184,7699,2912284,2397971,182342,3094626,2580313,65.7185627152968,54.7964315285904,614
-7.6926,53.28823,2021/07/20 23:00:00+00,Wed 21 Jul 2021,30365,19845,6890,2942649,2417816,189232,3131881,2607048,66.509722956941,55.3641853619109,615
