X,Y,VaccinationDate,VaccineText,Dose1,Dose2,SingleDose,Dose1Cum,Dose2Cum,SingleDoseCum,PartiallyVacc,FullyVacc,PartialPercent,FullyPercent,ObjectId
-7.6926,53.28823,2020/12/28 00:00:00+00,Mon 28 Dec 2020,140,18,6,140,18,6,146,24,0.00310050718776141,0.000509672414426533,1
-7.6926,53.28823,2020/12/29 00:00:00+00,Tue 29 Dec 2020,71,1,0,211,19,6,217,25,0.0046082880804399,0.000530908765027638,2
-7.6926,53.28823,2020/12/30 00:00:00+00,Wed 30 Dec 2020,1050,0,0,1261,19,6,1267,25,0.0269064562116007,0.000530908765027638,3
-7.6926,53.28823,2020/12/31 00:00:00+00,Thu 31 Dec 2020,1023,1,0,2284,20,6,2290,26,0.0486312428765316,0.000552145115628744,4
-7.6926,53.28823,2021/01/01 00:00:00+00,Fri 01 Jan 2021,801,0,0,3085,20,6,3091,26,0.0656415597080172,0.000552145115628744,5
-7.6926,53.28823,2021/01/02 00:00:00+00,Sat 02 Jan 2021,1011,0,0,4096,20,6,4102,26,0.0871115101657349,0.000552145115628744,6
-7.6926,53.28823,2021/01/03 00:00:00+00,Sun 03 Jan 2021,17,2,0,4113,22,6,4119,28,0.0874725281259536,0.000594617816830955,7
-7.6926,53.28823,2021/01/04 00:00:00+00,Mon 04 Jan 2021,1178,2,0,5291,24,6,5297,30,0.112488949134056,0.000637090518033166,8
-7.6926,53.28823,2021/01/05 00:00:00+00,Tue 05 Jan 2021,3505,4,0,8796,28,6,8802,34,0.186922357990931,0.000722035920437588,9
-7.6926,53.28823,2021/01/06 00:00:00+00,Wed 06 Jan 2021,6754,5,0,15550,33,6,15556,39,0.330352669950798,0.000828217673443115,10
-7.6926,53.28823,2021/01/07 00:00:00+00,Thu 07 Jan 2021,11709,4,0,27259,37,6,27265,43,0.579009099139142,0.000913163075847537,11
-7.6926,53.28823,2021/01/08 00:00:00+00,Fri 08 Jan 2021,12658,5,0,39917,42,6,39923,48,0.847818825047936,0.00101934482885307,12
-7.6926,53.28823,2021/01/09 00:00:00+00,Sat 09 Jan 2021,8065,3,0,47982,45,6,47988,51,1.01908999264585,0.00108305388065638,13
-7.6926,53.28823,2021/01/10 00:00:00+00,Sun 10 Jan 2021,4757,1,1,52739,46,7,52746,53,1.12013254880591,0.00112552658185859,14
-7.6926,53.28823,2021/01/11 00:00:00+00,Mon 11 Jan 2021,8321,4,0,61060,50,7,61067,57,1.29684022215771,0.00121047198426301,15
-7.6926,53.28823,2021/01/12 00:00:00+00,Tue 12 Jan 2021,8850,6,0,69910,56,7,69917,63,1.48478192497749,0.00133789008786965,16
-7.6926,53.28823,2021/01/13 00:00:00+00,Wed 13 Jan 2021,9855,4,0,79765,60,7,79772,67,1.69406616015139,0.00142283549027407,17
-7.6926,53.28823,2021/01/14 00:00:00+00,Thu 14 Jan 2021,8046,2,0,87811,62,7,87818,69,1.86493383708788,0.00146530819147628,18
-7.6926,53.28823,2021/01/15 00:00:00+00,Fri 15 Jan 2021,7650,2,0,95461,64,7,95468,71,2.02739191918634,0.00150778089267849,19
-7.6926,53.28823,2021/01/16 00:00:00+00,Sat 16 Jan 2021,5204,3,0,100665,67,7,100672,74,2.1379058877145,0.00157148994448181,20
-7.6926,53.28823,2021/01/17 00:00:00+00,Sun 17 Jan 2021,1101,4,0,101766,71,7,101773,78,2.16128710972631,0.00165643534688623,21
-7.6926,53.28823,2021/01/18 00:00:00+00,Mon 18 Jan 2021,8674,4,0,110440,75,7,110447,82,2.3454912148403,0.00174138074929065,22
-7.6926,53.28823,2021/01/19 00:00:00+00,Tue 19 Jan 2021,8351,15,0,118791,90,7,118798,97,2.52283597871013,0.00205992600830724,23
-7.6926,53.28823,2021/01/20 00:00:00+00,Wed 20 Jan 2021,8428,956,0,127219,1046,7,127226,1053,2.70181594157625,0.0223618771829641,24
-7.6926,53.28823,2021/01/21 00:00:00+00,Thu 21 Jan 2021,8950,956,0,136169,2002,7,136176,2009,2.89188127945615,0.042663828357621,25
-7.6926,53.28823,2021/01/22 00:00:00+00,Fri 22 Jan 2021,6736,962,0,142905,2964,7,142912,2971,3.03492933710519,0.0630931976358845,26
-7.6926,53.28823,2021/01/23 00:00:00+00,Sat 23 Jan 2021,4155,456,0,147060,3420,7,147067,3427,3.12316637385279,0.0727769735099886,27
-7.6926,53.28823,2021/01/24 00:00:00+00,Sun 24 Jan 2021,1170,396,0,148230,3816,7,148237,3823,3.14801290405608,0.0811865683480264,28
-7.6926,53.28823,2021/01/25 00:00:00+00,Mon 25 Jan 2021,1333,1282,0,149563,5098,7,149570,5105,3.17632095940735,0.108411569818644,29
-7.6926,53.28823,2021/01/26 00:00:00+00,Tue 26 Jan 2021,984,3495,0,150547,8593,7,150554,8600,3.19721752839884,0.182632615169507,30
-7.6926,53.28823,2021/01/27 00:00:00+00,Wed 27 Jan 2021,2141,6694,0,152688,15287,7,152695,15294,3.24268455503581,0.324788746093308,31
-7.6926,53.28823,2021/01/28 00:00:00+00,Thu 28 Jan 2021,950,11537,0,153638,26824,7,153645,26831,3.26285908810686,0.569792522978262,32
-7.6926,53.28823,2021/01/29 00:00:00+00,Fri 29 Jan 2021,1539,11523,0,155177,38347,7,155184,38354,3.29554183168196,0.814498990954801,33
-7.6926,53.28823,2021/01/30 00:00:00+00,Sat 30 Jan 2021,608,7793,0,155785,46140,7,155792,46147,3.30845353284743,0.979993871189216,34
-7.6926,53.28823,2021/01/31 00:00:00+00,Sun 31 Jan 2021,204,4080,0,155989,50220,7,155996,50227,3.31278574837006,1.06663818164173,35
-7.6926,53.28823,2021/02/01 00:00:00+00,Mon 01 Feb 2021,982,8331,0,156971,58551,7,156978,58558,3.33363984466034,1.24355821849954,36
-7.6926,53.28823,2021/02/02 00:00:00+00,Tue 02 Feb 2021,803,5096,0,157774,63647,7,157781,63654,3.35069263419303,1.35177866116277,37
-7.6926,53.28823,2021/02/03 00:00:00+00,Wed 03 Feb 2021,1363,6859,0,159137,70506,7,159144,70513,3.37963778006234,1.49743878993575,38
-7.6926,53.28823,2021/02/04 00:00:00+00,Thu 04 Feb 2021,1389,10530,0,160526,81036,7,160533,81043,3.40913507104727,1.72105756176539,39
-7.6926,53.28823,2021/02/05 00:00:00+00,Fri 05 Feb 2021,3358,8603,0,163884,89639,7,163891,89646,3.48044673636579,1.90375388598671,40
-7.6926,53.28823,2021/02/06 00:00:00+00,Sat 06 Feb 2021,876,3861,0,164760,93500,7,164767,93507,3.49904977949235,1.98574743565757,41
-7.6926,53.28823,2021/02/07 00:00:00+00,Sun 07 Feb 2021,305,1295,1,165065,94795,8,165073,94803,3.50554810277629,2.01326974603661,42
-7.6926,53.28823,2021/02/08 00:00:00+00,Mon 08 Feb 2021,1125,870,0,166190,95665,8,166198,95673,3.52943899720254,2.03174537105957,43
-7.6926,53.28823,2021/02/09 00:00:00+00,Tue 09 Feb 2021,4206,528,1,170396,96193,9,170405,96202,3.61878032418139,2.04297940052755,44
-7.6926,53.28823,2021/02/10 00:00:00+00,Wed 10 Feb 2021,8791,575,0,179187,96768,9,179196,96777,3.80546908231571,2.05519030212319,45
-7.6926,53.28823,2021/02/11 00:00:00+00,Thu 11 Feb 2021,6139,433,0,185326,97201,9,185335,97210,3.93583903865589,2.06438564193347,46
-7.6926,53.28823,2021/02/12 00:00:00+00,Fri 12 Feb 2021,4354,515,0,189680,97716,9,189689,97725,4.02830210917311,2.07532236249304,47
-7.6926,53.28823,2021/02/13 00:00:00+00,Sat 13 Feb 2021,1185,1908,0,190865,99624,9,190874,99633,4.05346718463542,2.11584131943995,48
-7.6926,53.28823,2021/05/03 23:00:00+00,Tue 04 May 2021,26509,6722,2,1245674,487944,154,1245828,488098,26.4568401966741,10.3654202556984,49
-7.6926,53.28823,2021/02/14 00:00:00+00,Sun 14 Feb 2021,2673,19,0,193538,99643,9,193547,99652,4.11023194979217,2.11624481010137,50
-7.6926,53.28823,2021/02/15 00:00:00+00,Mon 15 Feb 2021,1928,7868,0,195466,107511,9,195475,107520,4.1511756337511,2.28333241663087,51
-7.6926,53.28823,2021/02/16 00:00:00+00,Tue 16 Feb 2021,5603,8145,0,201069,115656,9,201078,115665,4.2701629061691,2.45630249227687,52
-7.6926,53.28823,2021/02/17 00:00:00+00,Wed 17 Feb 2021,9701,8458,0,210770,124114,9,210779,124123,4.47617674335042,2.63591954566102,53
-7.6926,53.28823,2021/02/18 00:00:00+00,Thu 18 Feb 2021,8434,8325,0,219204,132439,9,219213,132448,4.65528412432015,2.81271216441522,54
-7.6926,53.28823,2021/02/19 00:00:00+00,Fri 19 Feb 2021,9362,6569,0,228566,139008,9,228575,139017,4.85409883864769,2.95221375151389,55
-7.6926,53.28823,2021/02/20 00:00:00+00,Sat 20 Feb 2021,5857,3564,1,234423,142572,10,234433,142582,4.97850138046897,3.02792134140683,56
-7.6926,53.28823,2021/02/21 00:00:00+00,Sun 21 Feb 2021,1090,1015,4,235513,143587,14,235527,143601,5.00173394802658,3.04956118266935,57
-7.6926,53.28823,2021/02/22 00:00:00+00,Mon 22 Feb 2021,3918,1100,1,239431,144687,15,239446,144702,5.08495920603231,3.07294240468117,58
-7.6926,53.28823,2021/02/23 00:00:00+00,Tue 23 Feb 2021,13328,1054,0,252759,145741,15,252774,145756,5.36799728684385,3.09532551821474,59
-7.6926,53.28823,2021/02/24 00:00:00+00,Wed 24 Feb 2021,16890,2087,2,269649,147828,17,269666,147845,5.72672172119772,3.13968825462045,60
-7.6926,53.28823,2021/02/25 00:00:00+00,Thu 25 Feb 2021,18020,1737,1,287669,149565,18,287687,149583,6.10942199538024,3.17659703196517,61
-7.6926,53.28823,2021/02/26 00:00:00+00,Fri 26 Feb 2021,16051,2748,0,303720,152313,18,303738,152331,6.45028665887859,3.234954523417,62
-7.6926,53.28823,2021/02/27 00:00:00+00,Sat 27 Feb 2021,8945,697,1,312665,153010,19,312684,153029,6.64026705135608,3.24977749613658,63
-7.6926,53.28823,2021/02/28 00:00:00+00,Sun 28 Feb 2021,2421,46,1,315086,153056,20,315106,153076,6.69170149251196,3.25077560461483,64
-7.6926,53.28823,2021/03/01 00:00:00+00,Mon 01 Mar 2021,5543,776,0,320629,153832,20,320649,153852,6.80941458389388,3.26725501268129,65
-7.6926,53.28823,2021/03/02 00:00:00+00,Tue 02 Mar 2021,12131,1591,0,332760,155423,20,332780,155443,7.0670327530359,3.30104204648765,66
-7.6926,53.28823,2021/03/03 00:00:00+00,Wed 03 Mar 2021,12816,1491,1,345576,156914,21,345597,156935,7.33921905869027,3.33272668158449,67
-7.6926,53.28823,2021/03/04 00:00:00+00,Thu 04 Mar 2021,18672,1676,2,364248,158590,23,364271,158613,7.73578666981531,3.36836127789315,68
-7.6926,53.28823,2021/03/05 00:00:00+00,Fri 05 Mar 2021,18377,2378,5,382625,160968,28,382653,160996,8.12615326656483,3.41896750137558,69
-7.6926,53.28823,2021/03/06 00:00:00+00,Sat 06 Mar 2021,10384,124,1,393009,161092,29,393038,161121,8.34669276755731,3.42162204520072,70
-7.6926,53.28823,2021/03/07 00:00:00+00,Sun 07 Mar 2021,1491,7,1,394500,161099,30,394530,161129,8.37837740265416,3.42179193600553,71
-7.6926,53.28823,2021/03/08 00:00:00+00,Mon 08 Mar 2021,6602,1480,1,401102,162579,31,401133,162610,8.51860102567326,3.45324297124577,72
-7.6926,53.28823,2021/03/09 00:00:00+00,Tue 09 Mar 2021,13748,3084,2,414850,165663,33,414883,165696,8.81060084643846,3.51877834920078,73
-7.6926,53.28823,2021/03/10 00:00:00+00,Wed 10 Mar 2021,13651,3967,3,428501,169630,36,428537,169666,9.10056197754596,3.60308666108717,74
-7.6926,53.28823,2021/03/11 00:00:00+00,Thu 11 Mar 2021,18392,2080,1,446893,171710,37,446930,171747,9.49116217415209,3.64727950668807,75
-7.6926,53.28823,2021/03/12 00:00:00+00,Fri 12 Mar 2021,17251,1322,2,464144,173032,39,464183,173071,9.85755293107296,3.67539643488393,76
-7.6926,53.28823,2021/03/13 00:00:00+00,Sat 13 Mar 2021,8238,163,0,472382,173195,39,472421,173234,10.0324979873249,3.67885796003191,77
-7.6926,53.28823,2021/03/14 00:00:00+00,Sun 14 Mar 2021,344,13,1,472726,173208,40,472766,173248,10.0398245282823,3.67915526894033,78
-7.6926,53.28823,2021/03/15 00:00:00+00,Mon 15 Mar 2021,2574,976,0,475300,174184,40,475340,174224,10.0944868947295,3.69988194712701,79
-7.6926,53.28823,2021/03/16 00:00:00+00,Tue 16 Mar 2021,8872,3793,0,484172,177977,40,484212,178017,10.2828957972625,3.780431424957,80
-7.6926,53.28823,2021/03/17 00:00:00+00,Wed 17 Mar 2021,4834,2396,6,489006,180373,46,489052,180419,10.3856797341719,3.83144113910086,81
-7.6926,53.28823,2021/03/18 00:00:00+00,Thu 18 Mar 2021,11641,4662,2,500647,185035,48,500695,185083,10.6329345642205,3.93048747830441,82
-7.6926,53.28823,2021/03/19 00:00:00+00,Fri 19 Mar 2021,10267,6099,1,510914,191134,49,510963,191183,10.8509894121927,4.06002921697116,83
-7.6926,53.28823,2021/03/20 00:00:00+00,Sat 20 Mar 2021,5159,3095,2,516073,194229,51,516124,194280,10.960590217645,4.12579819478278,84
-7.6926,53.28823,2021/03/21 00:00:00+00,Sun 21 Mar 2021,3577,42,1,519650,194271,52,519702,194323,11.0365738800957,4.12671135785863,85
-7.6926,53.28823,2021/03/22 00:00:00+00,Mon 22 Mar 2021,7327,2381,0,526977,196652,52,527029,196704,11.19217262095,4.17727510863986,86
-7.6926,53.28823,2021/03/23 00:00:00+00,Tue 23 Mar 2021,12486,7361,2,539463,204013,54,539517,204067,11.4573721672566,4.3336383581158,87
-7.6926,53.28823,2021/03/24 00:00:00+00,Wed 24 Mar 2021,13531,9747,0,552994,213760,54,553048,213814,11.7447212272402,4.54062906742478,88
-7.6926,53.28823,2021/03/25 00:00:00+00,Thu 25 Mar 2021,20777,10193,2,573771,223953,56,573827,224009,12.1859913563806,4.75713366180305,89
-7.6926,53.28823,2021/03/26 00:00:00+00,Fri 26 Mar 2021,19619,9452,1,593390,233405,57,593447,233462,12.6026485551743,4.9578808840353,90
-7.6926,53.28823,2021/03/27 00:00:00+00,Sat 27 Mar 2021,11663,5310,0,605053,238715,57,605110,238772,12.850328112235,5.07064590572717,91
-7.6926,53.28823,2021/03/28 00:00:00+00,Sun 28 Mar 2021,2434,470,0,607487,239185,57,607544,239242,12.9020173895981,5.08062699050969,92
-7.6926,53.28823,2021/03/28 23:00:00+00,Mon 29 Mar 2021,9189,3082,3,616676,242267,60,616736,242327,13.0972219243234,5.1461411321141,93
-7.6926,53.28823,2021/03/29 23:00:00+00,Tue 30 Mar 2021,13250,8630,1,629926,250897,61,629987,250958,13.3786248061387,5.32943207415224,94
-7.6926,53.28823,2021/03/30 23:00:00+00,Wed 31 Mar 2021,15709,10440,1,645635,261337,62,645697,261399,13.712247874082,5.55116081077838,95
-7.6926,53.28823,2021/03/31 23:00:00+00,Thu 01 Apr 2021,19592,11581,3,665227,272918,65,665292,272983,14.1283741641107,5.79716269614159,96
-7.6926,53.28823,2021/04/01 23:00:00+00,Fri 02 Apr 2021,20053,13682,4,685280,286600,69,685349,286669,14.5543116481171,6.08780339046832,97
-7.6926,53.28823,2021/04/02 23:00:00+00,Sat 03 Apr 2021,7475,4607,0,692755,291207,69,692824,291276,14.7130533688603,6.18563925768761,98
-7.6926,53.28823,2021/04/03 23:00:00+00,Sun 04 Apr 2021,2972,160,0,695727,291367,69,695796,291436,14.7761678028468,6.18903707378379,99
-7.6926,53.28823,2021/04/04 23:00:00+00,Mon 05 Apr 2021,3368,581,3,699095,291948,72,699167,292020,14.8477555407231,6.20143910253483,100
-7.6926,53.28823,2021/04/05 23:00:00+00,Tue 06 Apr 2021,11883,8121,5,710978,300069,77,711055,300146,15.1002132766691,6.37400568751942,101
-7.6926,53.28823,2021/04/06 23:00:00+00,Wed 07 Apr 2021,18241,10428,3,729219,310497,80,729299,310577,15.4876492570357,6.59552206063955,102
-7.6926,53.28823,2021/04/07 23:00:00+00,Thu 08 Apr 2021,20073,10527,8,749292,321024,88,749380,321112,15.9140964134565,6.8192470142222,103
-7.6926,53.28823,2021/04/08 23:00:00+00,Fri 09 Apr 2021,20612,9117,9,769904,330141,97,770001,330238,16.3520111992019,7.01304994980789,104
-7.6926,53.28823,2021/04/09 23:00:00+00,Sat 10 Apr 2021,11076,4134,8,780980,334275,105,781085,334380,16.5873949092645,7.10101091399766,105
-7.6926,53.28823,2021/04/10 23:00:00+00,Sun 11 Apr 2021,2801,332,1,783781,334607,106,783887,334713,16.6468991636488,7.10808261874783,106
-7.6926,53.28823,2021/04/11 23:00:00+00,Mon 12 Apr 2021,7693,2740,6,791474,337347,112,791586,337459,16.8103978269267,7.16639763749847,107
-7.6926,53.28823,2021/04/12 23:00:00+00,Tue 13 Apr 2021,11416,8542,0,802890,345889,112,803002,346001,17.0528320053889,7.34779854433311,108
-7.6926,53.28823,2021/04/13 23:00:00+00,Wed 14 Apr 2021,20256,6547,2,823146,352436,114,823260,352550,17.4830379958661,7.48687540441975,109
-7.6926,53.28823,2021/04/14 23:00:00+00,Thu 15 Apr 2021,27023,10740,1,850169,363176,115,850284,363291,18.0569291345104,7.71497504622623,110
-7.6926,53.28823,2021/04/15 23:00:00+00,Fri 16 Apr 2021,27887,9782,1,878056,372958,116,878172,373074,18.649168480074,7.92273026415684,111
-7.6926,53.28823,2021/04/16 23:00:00+00,Sat 17 Apr 2021,15764,4509,1,893820,377467,117,893937,377584,18.9839595473005,8.01850620536783,112
-7.6926,53.28823,2021/04/17 23:00:00+00,Sun 18 Apr 2021,1018,443,0,894838,377910,117,894955,378027,19.0055781522124,8.02791390868412,113
-7.6926,53.28823,2021/04/18 23:00:00+00,Mon 19 Apr 2021,6671,2201,0,901509,380111,117,901626,380228,19.1472458470724,8.07465511635715,114
-7.6926,53.28823,2021/04/19 23:00:00+00,Tue 20 Apr 2021,14980,7253,0,916489,387364,117,916606,387481,19.4653663790769,8.22868236726697,115
-7.6926,53.28823,2021/04/20 23:00:00+00,Wed 21 Apr 2021,26590,9797,1,943079,397161,118,943197,397279,20.0300621779109,8.4367561304566,116
-7.6926,53.28823,2021/04/21 23:00:00+00,Thu 22 Apr 2021,31533,12126,0,974612,409287,118,974730,409405,20.6997080214156,8.69426811784561,117
-7.6926,53.28823,2021/04/22 23:00:00+00,Fri 23 Apr 2021,33500,12325,0,1008112,421612,118,1008230,421730,21.4111257665526,8.95600613900423,118
-7.6926,53.28823,2021/04/23 23:00:00+00,Sat 24 Apr 2021,23582,6952,0,1031694,428564,118,1031812,428682,21.9119213864279,9.10364124838312,119
-7.6926,53.28823,2021/04/24 23:00:00+00,Sun 25 Apr 2021,9694,262,1,1041388,428826,119,1041507,428945,22.1178078055056,9.10922640859121,120
-7.6926,53.28823,2021/04/25 23:00:00+00,Mon 26 Apr 2021,15492,2994,1,1056880,431820,120,1057000,431940,22.4468225853685,9.17282927864152,121
-7.6926,53.28823,2021/04/26 23:00:00+00,Tue 27 Apr 2021,25809,7743,4,1082689,439563,124,1082813,439687,22.9949965034349,9.33734728674828,122
-7.6926,53.28823,2021/04/27 23:00:00+00,Wed 28 Apr 2021,25932,8533,4,1108621,448096,128,1108749,448224,23.5457824926251,9.51864201182992,123
-7.6926,53.28823,2021/04/28 23:00:00+00,Thu 29 Apr 2021,31599,11264,1,1140220,459360,129,1140349,459489,24.2168511716201,9.75786950135138,124
-7.6926,53.28823,2021/04/29 23:00:00+00,Fri 30 Apr 2021,35996,13470,1,1176216,472830,130,1176346,472960,24.9812960842081,10.0439443802989,125
-7.6926,53.28823,2021/04/30 23:00:00+00,Sat 01 May 2021,16451,6636,8,1192667,479466,138,1192805,479604,25.3308251787517,10.1850386936926,126
-7.6926,53.28823,2021/05/01 23:00:00+00,Sun 02 May 2021,12347,874,6,1205014,480340,144,1205158,480484,25.5931578177271,10.2037266822216,127
-7.6926,53.28823,2021/05/02 23:00:00+00,Mon 03 May 2021,14151,882,8,1219165,481222,152,1219317,481374,25.8938433058882,10.2226270342566,128
-7.6926,53.28823,2021/05/04 23:00:00+00,Wed 05 May 2021,31948,13357,65,1277622,501301,219,1277841,501520,27.1366794884673,10.6504545534664,129
-7.6926,53.28823,2021/05/05 23:00:00+00,Thu 06 May 2021,37134,14307,121,1314756,515608,340,1315096,515948,27.9278397301115,10.9568526199392,130
-7.6926,53.28823,2021/05/06 23:00:00+00,Fri 07 May 2021,40439,15001,86,1355195,530609,426,1355621,531035,28.7884428382213,11.2772454414581,131
-7.6926,53.28823,2021/05/07 23:00:00+00,Sat 08 May 2021,25468,6981,5,1380663,537590,431,1381094,538021,29.3293963970832,11.4256025867574,132
-7.6926,53.28823,2021/05/08 23:00:00+00,Sun 09 May 2021,19586,882,1,1400249,538472,432,1400681,538904,29.7453527963071,11.4443542843382,133
-7.6926,53.28823,2021/05/09 23:00:00+00,Mon 10 May 2021,28668,4558,165,1428917,543030,597,1429514,543627,30.3576604931888,11.5446535682272,134
-7.6926,53.28823,2021/05/10 23:00:00+00,Tue 11 May 2021,33783,14743,145,1462700,557773,742,1463442,558515,31.0781673963831,11.8608203559765,135
-7.6926,53.28823,2021/05/11 23:00:00+00,Wed 12 May 2021,31129,20852,148,1493829,578625,890,1494719,579515,31.7423767341338,12.3067837185997,136
-7.6926,53.28823,2021/05/12 23:00:00+00,Thu 13 May 2021,35846,25410,137,1529675,604035,1027,1530702,605062,32.5065243378134,12.8493087674061,137
-7.6926,53.28823,2021/05/13 23:00:00+00,Fri 14 May 2021,38053,27894,225,1567728,631929,1252,1568980,633181,33.3194093661225,13.4464537099586,138
-7.6926,53.28823,2021/05/14 23:00:00+00,Sat 15 May 2021,28698,12379,5,1596426,644308,1257,1597683,645565,33.9289563374261,13.7094446758027,139
-7.6926,53.28823,2021/05/15 23:00:00+00,Sun 16 May 2021,23061,1126,4,1619487,645434,1261,1620748,646695,34.4187727640406,13.7334417519819,140
-7.6926,53.28823,2021/05/16 23:00:00+00,Mon 17 May 2021,35258,3886,109,1654745,649320,1370,1656115,650690,35.1698387757499,13.8182809726334,141
-7.6926,53.28823,2021/05/17 23:00:00+00,Tue 18 May 2021,38886,12405,112,1693631,661725,1482,1695113,663207,35.9980139764918,14.0840963731074,142
-7.6926,53.28823,2021/05/18 23:00:00+00,Wed 19 May 2021,36859,17513,195,1730490,679238,1677,1732167,680915,36.7849057116651,14.4601496695518,143
-7.6926,53.28823,2021/05/19 23:00:00+00,Thu 20 May 2021,38912,19594,113,1769402,698832,1790,1771192,700622,37.6136542938733,14.8786544308478,144
-7.6926,53.28823,2021/05/20 23:00:00+00,Fri 21 May 2021,25658,23149,14914,1795060,721981,16704,1811764,738685,38.4752555104613,15.6869736437776,145
-7.6926,53.28823,2021/05/21 23:00:00+00,Sat 22 May 2021,16445,10194,13496,1811505,732175,30200,1841705,762375,39.111093083809,16.1900627895178,146
-7.6926,53.28823,2021/05/22 23:00:00+00,Sun 23 May 2021,8118,5484,10199,1819623,737659,40399,1860022,778058,39.5000793177695,16.523112475995,147
-7.6926,53.28823,2021/05/23 23:00:00+00,Mon 24 May 2021,22363,8136,8433,1841986,745795,48832,1890818,794627,40.1540739708811,16.8749775691047,148
-7.6926,53.28823,2021/05/24 23:00:00+00,Tue 25 May 2021,30117,16418,3210,1872103,762213,52042,1924145,814255,40.8618178273642,17.2918046587032,149
-7.6926,53.28823,2021/05/25 23:00:00+00,Wed 26 May 2021,19760,25331,3031,1891863,787544,55073,1946936,842617,41.345815493914,17.8941100344517,150
-7.6926,53.28823,2021/05/26 23:00:00+00,Thu 27 May 2021,16823,35909,542,1908686,823453,55615,1964301,879068,41.7145847221022,18.6681962502126,151
-7.6926,53.28823,2021/05/27 23:00:00+00,Fri 28 May 2021,26835,31738,1524,1935521,855191,57139,1992660,912330,42.3168263887989,19.3745597439066,152
-7.6926,53.28823,2021/05/28 23:00:00+00,Sat 29 May 2021,24313,7339,504,1959834,862530,57643,2017477,920173,42.8438489016666,19.5411164416711,153
-7.6926,53.28823,2021/05/29 23:00:00+00,Sun 30 May 2021,24123,1624,196,1983957,864154,57839,2041796,921993,43.3602957119348,19.5797665997651,154
-7.6926,53.28823,2021/05/30 23:00:00+00,Mon 31 May 2021,22358,7255,3416,2006315,871409,61255,2067570,932664,43.9076414123277,19.8063796970295,155
-7.6926,53.28823,2021/05/31 23:00:00+00,Tue 01 Jun 2021,27295,11405,3622,2033610,882814,64877,2098487,947691,44.5642056638621,20.1254983375123,156
-7.6926,53.28823,2021/06/01 23:00:00+00,Wed 02 Jun 2021,18449,20801,3973,2052059,903615,68850,2120909,972465,45.0403671170401,20.6516076873041,157
-7.6926,53.28823,2021/06/02 23:00:00+00,Thu 03 Jun 2021,16480,30590,1958,2068539,934205,70808,2139347,1005013,45.4319229494233,21.3428084266689,158
-7.6926,53.28823,2021/06/03 23:00:00+00,Fri 04 Jun 2021,28838,23246,123,2097377,957451,70931,2168308,1028382,46.0469488991819,21.8390807038661,159
-7.6926,53.28823,2021/06/04 23:00:00+00,Sat 05 Jun 2021,20763,11401,10,2118140,968852,70941,2189081,1039793,46.4880916102187,22.0814087005753,160
-7.6926,53.28823,2021/06/05 23:00:00+00,Sun 06 Jun 2021,19785,3835,15,2137925,972687,70956,2208881,1043643,46.9085713521206,22.1631686503896,161
-7.6926,53.28823,2021/06/06 23:00:00+00,Mon 07 Jun 2021,19607,4460,11,2157532,977147,70967,2228499,1048114,47.3251860782131,22.2581163739271,162
-7.6926,53.28823,2021/06/07 23:00:00+00,Tue 08 Jun 2021,26233,18215,21,2183765,995362,70988,2254753,1066350,47.8827252268945,22.6453824634889,163
-7.6926,53.28823,2021/06/08 23:00:00+00,Wed 09 Jun 2021,32579,19995,150,2216344,1015357,71138,2287482,1086495,48.5777697457181,23.0731887463481,164
-7.6926,53.28823,2021/06/09 23:00:00+00,Thu 10 Jun 2021,27478,27363,239,2243822,1042720,71377,2315199,1114097,49.1663776753289,23.6593544956399,165
-7.6926,53.28823,2021/06/10 23:00:00+00,Fri 11 Jun 2021,26246,32776,10,2270068,1075496,71387,2341455,1146883,49.7239592967115,24.3556094864477,166
-7.6926,53.28823,2021/06/11 23:00:00+00,Sat 12 Jun 2021,12032,19611,84,2282100,1095107,71471,2353571,1166578,49.9812589205945,24.7738594115365,167
-7.6926,53.28823,2021/06/12 23:00:00+00,Sun 13 Jun 2021,8435,18099,813,2290535,1113206,72284,2362819,1185490,50.1776526909535,25.1754812741046,168
-7.6926,53.28823,2021/06/13 23:00:00+00,Mon 14 Jun 2021,15846,31165,15,2306381,1144371,72299,2378680,1216670,50.5144824478377,25.8376306858471,169
-7.6926,53.28823,2021/06/14 23:00:00+00,Tue 15 Jun 2021,14491,41366,185,2320872,1185737,72484,2393356,1258221,50.8261471292595,26.7200222896736,170
-7.6926,53.28823,2021/06/15 23:00:00+00,Wed 16 Jun 2021,13235,48188,196,2334107,1233925,72680,2406787,1306605,51.111372554183,27.7475218771575,171
-7.6926,53.28823,2021/06/16 23:00:00+00,Thu 17 Jun 2021,21364,42498,502,2355471,1276423,73182,2428653,1349605,51.5757265964267,28.660684953005,172
-7.6926,53.28823,2021/06/17 23:00:00+00,Fri 18 Jun 2021,11836,49903,531,2367307,1326326,73713,2441020,1400039,51.8383565443106,29.7317190592212,173
-7.6926,53.28823,2021/06/18 23:00:00+00,Sat 19 Jun 2021,6142,32656,408,2373449,1358982,74121,2447570,1433103,51.9774546407478,30.4338777554961,174
-7.6926,53.28823,2021/06/19 23:00:00+00,Sun 20 Jun 2021,8389,26059,164,2381838,1385041,74285,2456123,1459326,52.1590891474391,30.9907585773089,175
-7.6926,53.28823,2021/06/20 23:00:00+00,Mon 21 Jun 2021,15286,32179,542,2397124,1417220,74827,2471951,1492047,52.4952181047534,31.6856332053277,176
-7.6926,53.28823,2021/06/21 23:00:00+00,Tue 22 Jun 2021,14953,43381,688,2412077,1460601,75515,2487592,1536116,52.8273758645053,32.6214979399678,177
-7.6926,53.28823,2021/06/22 23:00:00+00,Wed 23 Jun 2021,19861,39198,859,2431938,1499799,76374,2508312,1576173,53.2673930489602,33.4721624359963,178
-7.6926,53.28823,2021/06/23 23:00:00+00,Thu 24 Jun 2021,18830,44095,1008,2450768,1543894,77382,2528150,1621276,53.6886797721849,34.429985557158,179
-7.6926,53.28823,2021/06/24 23:00:00+00,Fri 25 Jun 2021,14988,49984,798,2465756,1593878,78180,2543936,1672058,54.023916802774,35.5084099133833,180
-7.6926,53.28823,2021/06/25 23:00:00+00,Sat 26 Jun 2021,8856,30393,467,2474612,1624271,78647,2553259,1702918,54.2219032994281,36.1637636929334,181
-7.6926,53.28823,2021/06/26 23:00:00+00,Sun 27 Jun 2021,8609,30342,40,2483221,1654613,78687,2561908,1733300,54.405576495777,36.8089664968962,182
-7.6926,53.28823,2021/06/27 23:00:00+00,Mon 28 Jun 2021,24057,24461,475,2507278,1679074,79162,2586440,1758236,54.9265466487234,37.3385161354854,183
-7.6926,53.28823,2021/06/28 23:00:00+00,Tue 29 Jun 2021,27933,30803,765,2535211,1709877,79927,2615138,1789804,55.5359874382739,38.0089052512611,184
-7.6926,53.28823,2021/06/29 23:00:00+00,Wed 30 Jun 2021,22339,36642,541,2557550,1746519,80468,2638018,1826987,56.0218751400272,38.798536475662,185
-7.6926,53.28823,2021/06/30 23:00:00+00,Thu 01 Jul 2021,14675,48120,594,2572225,1794639,81062,2653287,1875701,56.3461329773555,39.8330440588442,186
-7.6926,53.28823,2021/07/01 23:00:00+00,Fri 02 Jul 2021,13445,47062,782,2585670,1841701,81844,2667514,1923545,56.6482625373574,40.8490760170035,187
-7.6926,53.28823,2021/07/02 23:00:00+00,Sat 03 Jul 2021,9149,30271,471,2594819,1871972,82315,2677134,1954287,56.85255623014,41.5019239071827,188
-7.6926,53.28823,2021/07/03 23:00:00+00,Sun 04 Jul 2021,6329,27679,206,2601148,1899651,82521,2683669,1982172,56.9913357813183,42.0940995436945,189
-7.6926,53.28823,2021/07/04 23:00:00+00,Mon 05 Jul 2021,15332,33196,5309,2616480,1932847,87830,2704310,2020677,57.4296752940757,42.9118052235901,190
-7.6926,53.28823,2021/07/05 23:00:00+00,Tue 06 Jul 2021,12178,48115,5453,2628658,1980962,93283,2721941,2074245,57.8040933915238,44.0493940525901,191
-7.6926,53.28823,2021/07/06 23:00:00+00,Wed 07 Jul 2021,19472,43505,5016,2648130,2024467,98299,2746429,2122766,58.3241291450436,45.0798030201064,192
-7.6926,53.28823,2021/07/07 23:00:00+00,Thu 08 Jul 2021,17585,45383,5956,2665715,2069850,104255,2769970,2174105,58.8240540745443,46.1700560236165,193
-7.6926,53.28823,2021/07/08 23:00:00+00,Fri 09 Jul 2021,13331,44873,6505,2679046,2114723,110760,2789806,2225483,59.2452983250678,47.2611372448001,194
-7.6926,53.28823,2021/07/09 23:00:00+00,Sat 10 Jul 2021,8456,23664,4330,2687502,2138387,115090,2802592,2253477,59.5168263038535,47.8556276435275,195
-7.6926,53.28823,2021/07/10 23:00:00+00,Sun 11 Jul 2021,15126,15990,2136,2702628,2154377,117226,2819854,2271603,59.8834081879298,48.2405577345231,196
-7.6926,53.28823,2021/07/11 23:00:00+00,Mon 12 Jul 2021,16955,31520,6048,2719583,2185897,123274,2842857,2309171,60.371907960807,49.0383649539054,197
-7.6926,53.28823,2021/07/12 23:00:00+00,Tue 13 Jul 2021,19936,36302,8453,2739519,2222199,131727,2871246,2353926,60.9747867180218,49.9887978250579,198
-7.6926,53.28823,2021/07/13 23:00:00+00,Wed 14 Jul 2021,20627,35444,9300,2760146,2257643,141027,2901173,2398670,61.6103269824611,50.9389970963538,199
-7.6926,53.28823,2021/07/14 23:00:00+00,Thu 15 Jul 2021,23445,28596,9534,2783591,2286239,150561,2934152,2436800,62.310680588935,51.7487391447739,200
-7.6926,53.28823,2021/07/15 23:00:00+00,Fri 16 Jul 2021,23403,27129,9130,2806994,2313368,159691,2966685,2473059,63.0015627830407,52.5187479812194,201
-7.6926,53.28823,2021/07/16 23:00:00+00,Sat 17 Jul 2021,11386,19210,4641,2818380,2332578,164332,2982712,2496910,63.3419177741247,53.0252561794064,202
-7.6926,53.28823,2021/07/17 23:00:00+00,Sun 18 Jul 2021,16765,15657,1911,2835145,2348235,166243,3001388,2514478,63.7385278579509,53.3983363867666,203
-7.6926,53.28823,2021/07/18 23:00:00+00,Mon 19 Jul 2021,24700,18176,6203,2859845,2366411,172446,3032291,2538857,64.3947948005769,53.916057378071,204
-7.6926,53.28823,2021/07/19 23:00:00+00,Tue 20 Jul 2021,30402,17888,7660,2890247,2384299,180106,3070353,2564405,65.2030927771561,54.458603663228,205
-7.6926,53.28823,2021/07/20 23:00:00+00,Wed 21 Jul 2021,30133,19567,6841,2920380,2403866,186947,3107327,2590813,65.9882856042814,55.019413209902,206
-7.6926,53.28823,2021/07/21 23:00:00+00,Thu 22 Jul 2021,33356,15665,6893,2953736,2419531,193840,3147576,2613371,66.8430274796253,55.4984628067617,207
-7.6926,53.28823,2021/07/22 23:00:00+00,Fri 23 Jul 2021,26934,20554,5563,2980670,2440085,199403,3180073,2639488,67.5331451651094,56.0530925754108,208
-7.6926,53.28823,2021/07/23 23:00:00+00,Sat 24 Jul 2021,15325,14582,2238,2995995,2454667,201641,3197636,2656308,67.9061191907167,56.4102879925214,209
-7.6926,53.28823,2021/07/24 23:00:00+00,Sun 25 Jul 2021,14639,13508,1022,3010634,2468175,202663,3213297,2670838,68.2387016774806,56.7188521667555,210
-7.6926,53.28823,2021/07/25 23:00:00+00,Mon 26 Jul 2021,23694,17935,3379,3034328,2486110,206042,3240370,2692152,68.8136333973043,57.1714837434674,211
-7.6926,53.28823,2021/07/26 23:00:00+00,Tue 27 Jul 2021,25331,23549,3628,3059659,2509659,209670,3269329,2719329,69.4286168743617,57.7486240437537,212
-7.6926,53.28823,2021/07/27 23:00:00+00,Wed 28 Jul 2021,23292,25000,3229,3082951,2534659,212899,3295850,2747558,69.9918261286536,58.3481049848723,213
-7.6926,53.28823,2021/07/28 23:00:00+00,Thu 29 Jul 2021,19144,27588,2928,3102095,2562247,215827,3317922,2778074,70.4605548591212,58.9961534598156,214
-7.6926,53.28823,2021/07/29 23:00:00+00,Fri 30 Jul 2021,21805,22639,2086,3123900,2584886,217913,3341813,2802799,70.9679125113322,59.521222228428,215
-7.6926,53.28823,2021/07/30 23:00:00+00,Sat 31 Jul 2021,13641,12257,889,3137541,2597143,218802,3356343,2815945,71.2764766855663,59.8003952934301,216
-7.6926,53.28823,2021/07/31 23:00:00+00,Sun 01 Aug 2021,10999,9173,355,3148540,2606316,219157,3367697,2825473,71.5175942102913,60.0027352419574,217
-7.6926,53.28823,2021/08/01 23:00:00+00,Mon 02 Aug 2021,14893,15722,401,3163433,2622038,219558,3382991,2841596,71.8423829563846,60.345128922699,218
-7.6926,53.28823,2021/08/02 23:00:00+00,Tue 03 Aug 2021,17218,25187,1086,3180651,2647225,220644,3401295,2867869,72.2310931177872,60.9030715620419,219
-7.6926,53.28823,2021/08/03 23:00:00+00,Wed 04 Aug 2021,21979,17010,1556,3202630,2664235,222200,3424830,2886435,72.7308906291842,61.297345647302,220
-7.6926,53.28823,2021/08/04 23:00:00+00,Thu 05 Aug 2021,13394,29795,1406,3216024,2694030,223606,3439630,2917636,73.0451886180806,61.9599410224071,221
-7.6926,53.28823,2021/08/05 23:00:00+00,Fri 06 Aug 2021,12060,24504,926,3228084,2718534,224532,3452616,2943066,73.3209638669865,62.4999814181932,222
-7.6926,53.28823,2021/08/06 23:00:00+00,Sat 07 Aug 2021,6267,8260,564,3234351,2726794,225096,3459447,2951890,73.4660293779427,62.6873709758974,223
-7.6926,53.28823,2021/08/07 23:00:00+00,Sun 08 Aug 2021,8558,11828,144,3242909,2738622,225240,3468149,2963862,73.6508281008735,62.9416125652938,224
-7.6926,53.28823,2021/08/08 23:00:00+00,Mon 09 Aug 2021,5454,22775,587,3248363,2761397,225827,3474190,2987224,73.7791168948548,63.4377361880368,225
-7.6926,53.28823,2021/08/09 23:00:00+00,Tue 10 Aug 2021,9233,25731,693,3257596,2787128,226520,3484116,3013648,73.9899089109214,63.9988855163205,226
-7.6926,53.28823,2021/08/10 23:00:00+00,Wed 11 Aug 2021,6913,30961,638,3264509,2818089,227158,3491667,3045247,74.1502645943103,64.6699329589648,227
-7.6926,53.28823,2021/08/11 23:00:00+00,Thu 12 Aug 2021,6660,38057,852,3271169,2856146,228010,3499179,3084156,74.3097920600258,65.4962181245032,228
-7.6926,53.28823,2021/08/12 23:00:00+00,Fri 13 Aug 2021,10817,28014,847,3281986,2884160,228857,3510843,3113017,74.5574928534371,66.1091204392017,229
-7.6926,53.28823,2021/08/13 23:00:00+00,Sat 14 Aug 2021,18054,5689,269,3300040,2889849,229126,3529166,3118975,74.9466065055012,66.2356466160831,230
-7.6926,53.28823,2021/08/14 23:00:00+00,Sun 15 Aug 2021,16960,3635,39,3317000,2893484,229165,3546165,3122649,75.3076032293694,66.3136689681915,231
-7.6926,53.28823,2021/08/15 23:00:00+00,Mon 16 Aug 2021,10116,22938,360,3327116,2916422,229525,3556641,3145947,75.5300752382665,66.8084334644961,232
-7.6926,53.28823,2021/08/16 23:00:00+00,Tue 17 Aug 2021,12794,26669,515,3339910,2943091,230040,3569950,3173131,75.8127098284167,67.3857224192366,233
-7.6926,53.28823,2021/08/17 23:00:00+00,Wed 18 Aug 2021,15155,25557,647,3355065,2968648,230687,3585752,3199335,76.1482866406153,67.9421997503879,234
-7.6926,53.28823,2021/08/18 23:00:00+00,Thu 19 Aug 2021,11305,25512,527,3366370,2994160,231214,3597584,3225374,76.3995551409276,68.4951730836901,235
-7.6926,53.28823,2021/08/19 23:00:00+00,Fri 20 Aug 2021,14764,22066,671,3381134,3016226,231885,3613019,3248111,76.7273382124557,68.9780239873075,236
-7.6926,53.28823,2021/08/20 23:00:00+00,Sat 21 Aug 2021,11808,7849,231,3392942,3024075,232116,3625058,3256191,76.9830026373424,69.1496137001644,237
-7.6926,53.28823,2021/08/21 23:00:00+00,Sun 22 Aug 2021,7987,12177,156,3400929,3036252,232272,3633201,3268524,77.1559302402872,69.4115216121278,238
-7.6926,53.28823,2021/08/22 23:00:00+00,Mon 23 Aug 2021,10813,15194,274,3411742,3051446,232546,3644288,3283992,77.3913776594016,69.7400054832257,239
-7.6926,53.28823,2021/08/23 23:00:00+00,Tue 24 Aug 2021,9655,22744,374,3421397,3074190,232920,3654317,3307110,77.6043570195801,70.2309474364221,240
-7.6926,53.28823,2021/08/24 23:00:00+00,Wed 25 Aug 2021,9354,19316,306,3430751,3093506,233226,3663977,3326732,77.8095001663868,70.647647107917,241
-7.6926,53.28823,2021/08/25 23:00:00+00,Thu 26 Aug 2021,8526,19263,361,3439277,3112769,233587,3672864,3346356,77.9982276141788,71.0643892521131,242
-7.6926,53.28823,2021/08/26 23:00:00+00,Fri 27 Aug 2021,9663,19065,427,3448940,3131834,234014,3682954,3365848,78.212502391744,71.4783281980298,243
-7.6926,53.28823,2021/08/27 23:00:00+00,Sat 28 Aug 2021,9884,7804,146,3458824,3139638,234160,3692984,3373798,78.4255029882731,71.6471571853086,244
-7.6926,53.28823,2021/08/28 23:00:00+00,Sun 29 Aug 2021,8784,9141,24,3467608,3148779,234184,3701792,3382963,78.6125527643676,71.8417883385677,245
-7.6926,53.28823,2021/08/29 23:00:00+00,Mon 30 Aug 2021,5025,10987,79,3472633,3159766,234263,3706896,3394029,78.7209430978356,72.0767897943196,246
-7.6926,53.28823,2021/08/30 23:00:00+00,Tue 31 Aug 2021,4019,12720,136,3476652,3172486,234399,3711051,3406885,78.8091801345832,72.3498043176474,247
-7.6926,53.28823,2021/08/31 23:00:00+00,Wed 01 Sep 2021,4903,12405,175,3481555,3184891,234574,3716129,3419465,78.9170183229357,72.6169576082093,248
-7.6926,53.28823,2021/09/01 23:00:00+00,Thu 02 Sep 2021,4969,12259,243,3486524,3197150,234817,3721341,3431967,79.0277021822686,72.8824544634243,249
-7.6926,53.28823,2021/09/02 23:00:00+00,Fri 03 Sep 2021,4728,15915,159,3491252,3213065,234976,3726228,3448041,79.1314842276562,73.2238075629865,250
-7.6926,53.28823,2021/09/03 23:00:00+00,Sat 04 Sep 2021,4602,10520,130,3495854,3223585,235106,3730960,3458691,79.2319746387006,73.4499746968882,251
-7.6926,53.28823,2021/09/04 23:00:00+00,Sun 05 Sep 2021,5296,11843,1,3501150,3235428,235107,3736257,3470535,79.3444635878347,73.7014980334078,252
-7.6926,53.28823,2021/09/05 23:00:00+00,Mon 06 Sep 2021,2118,9588,69,3503268,3245016,235176,3738444,3480192,79.3909074865993,73.9065774711626,253
-7.6926,53.28823,2021/09/06 23:00:00+00,Tue 07 Sep 2021,2999,9908,140,3506267,3254924,235316,3741583,3490240,79.4575683911362,74.1199603220025,254
-7.6926,53.28823,2021/09/07 23:00:00+00,Wed 08 Sep 2021,2575,14702,181,3508842,3269626,235497,3744339,3505123,79.5160957733928,74.4360209279988,255
-7.6926,53.28823,2021/09/08 23:00:00+00,Thu 09 Sep 2021,3082,14711,135,3511924,3284337,235632,3747556,3519969,79.5844131132766,74.7512957890228,256
-7.6926,53.28823,2021/09/09 23:00:00+00,Fri 10 Sep 2021,3357,13867,109,3515281,3298204,235741,3751022,3533945,79.65801830446,75.0480950250239,257
-7.6926,53.28823,2021/09/10 23:00:00+00,Sat 11 Sep 2021,2538,11249,57,3517819,3309453,235798,3753617,3545251,79.7131266342699,75.2881932049199,258
-7.6926,53.28823,2021/09/11 23:00:00+00,Sun 12 Sep 2021,2023,12848,0,3519842,3322301,235798,3755640,3558099,79.7560877715359,75.561037837443,259
-7.6926,53.28823,2021/09/12 23:00:00+00,Mon 13 Sep 2021,1578,7661,48,3521420,3329962,235846,3757266,3565808,79.7906180776133,75.7247488642269,260
-7.6926,53.28823,2021/09/13 23:00:00+00,Tue 14 Sep 2021,1521,10702,79,3522941,3340664,235925,3758866,3576589,79.8245962385751,75.9536979600574,261
-7.6926,53.28823,2021/09/14 23:00:00+00,Wed 15 Sep 2021,3249,12338,132,3526190,3353002,236057,3762247,3589059,79.8963963399574,76.2185152520532,262
-7.6926,53.28823,2021/09/15 23:00:00+00,Thu 16 Sep 2021,1884,10533,110,3528074,3363535,236167,3764241,3599702,79.938741623056,76.4445337315008,263
-7.6926,53.28823,2021/09/16 23:00:00+00,Fri 17 Sep 2021,2539,14530,89,3530613,3378065,236256,3766869,3614321,79.9945507524358,76.7549879409383,264
-7.6926,53.28823,2021/09/17 23:00:00+00,Sat 18 Sep 2021,2273,11181,42,3532886,3389246,236298,3769184,3625544,80.0437129040773,76.9933235037345,265
-7.6926,53.28823,2021/09/18 23:00:00+00,Sun 19 Sep 2021,1854,8463,11,3534740,3397709,236309,3771049,3634018,80.0833186979484,77.1732803387283,266
-7.6926,53.28823,2021/09/19 23:00:00+00,Mon 20 Sep 2021,948,5562,32,3535688,3403271,236341,3772029,3639612,80.1041303215375,77.2920764839909,267
-7.6926,53.28823,2021/09/20 23:00:00+00,Tue 21 Sep 2021,1443,6602,89,3537131,3409873,236430,3773561,3646303,80.1366644106584,77.4341689058629,268
-7.6926,53.28823,2021/09/21 23:00:00+00,Wed 22 Sep 2021,1885,8081,95,3539016,3417954,236525,3775541,3654479,80.1787123848485,77.6077973083775,269
-7.6926,53.28823,2021/09/22 23:00:00+00,Thu 23 Sep 2021,1680,8703,86,3540696,3426657,236611,3777307,3663268,80.2162157800101,77.7944435938106,270
-7.6926,53.28823,2021/09/23 23:00:00+00,Fri 24 Sep 2021,1900,7326,79,3542596,3433983,236690,3779286,3670673,80.2582425178497,77.9516987700118,271
-7.6926,53.28823,2021/09/24 23:00:00+00,Sat 25 Sep 2021,2400,6548,50,3544996,3440531,236740,3781736,3677271,80.3102715768224,78.0918162112779,272
-7.6926,53.28823,2021/09/25 23:00:00+00,Sun 26 Sep 2021,1536,7082,0,3546532,3447613,236740,3783272,3684353,80.3428906113457,78.2422120462349,273
-7.6926,53.28823,2021/09/26 23:00:00+00,Mon 27 Sep 2021,1165,3717,45,3547697,3451330,236785,3784482,3688115,80.368586595573,78.3221031971963,274
-7.6926,53.28823,2021/09/27 23:00:00+00,Tue 28 Sep 2021,1434,5058,91,3549131,3456388,236876,3786007,3693264,80.4009720302397,78.4314491664414,275
-7.6926,53.28823,2021/09/28 23:00:00+00,Wed 29 Sep 2021,1637,3546,73,3550768,3459934,236949,3787717,3696883,80.4372861897676,78.5083035192668,276
-7.6926,53.28823,2021/09/29 23:00:00+00,Thu 30 Sep 2021,1268,3898,77,3552036,3463832,237026,3789062,3700858,80.4658490813261,78.5927180129062,277
-7.6926,53.28823,2021/09/30 23:00:00+00,Fri 01 Oct 2021,1832,5113,38,3553868,3468945,237064,3790932,3706009,80.5055610569502,78.7021064548525,278
-7.6926,53.28823,2021/10/01 23:00:00+00,Sat 02 Oct 2021,1705,4036,39,3555573,3472981,237103,3792676,3710084,80.5425972523985,78.788644583552,279
-7.6926,53.28823,2021/10/02 23:00:00+00,Sun 03 Oct 2021,1204,2992,9,3556777,3475973,237112,3793889,3713085,80.5683569456776,78.8523748717059,280
-7.6926,53.28823,2021/10/03 23:00:00+00,Mon 04 Oct 2021,332,1172,17,3557109,3477145,237129,3794238,3714274,80.5757684320374,78.8776248925706,281
-7.6926,53.28823,2021/10/04 23:00:00+00,Tue 05 Oct 2021,953,2760,68,3558062,3479905,237197,3795259,3717102,80.5974507460011,78.9376812920705,282
-7.6926,53.28823,2021/10/05 23:00:00+00,Wed 06 Oct 2021,975,2505,34,3559037,3482410,237231,3796268,3719641,80.6188782237577,78.9916003862467,283
-7.6926,53.28823,2021/10/06 23:00:00+00,Thu 07 Oct 2021,1205,2641,42,3560242,3485051,237273,3797515,3722324,80.6453599529572,79.0485775149095,284
-7.6926,53.28823,2021/10/07 23:00:00+00,Fri 08 Oct 2021,978,2704,44,3561220,3487755,237317,3798537,3725072,80.6670635032716,79.1069350063613,285
-7.6926,53.28823,2021/10/08 23:00:00+00,Sat 09 Oct 2021,729,2323,19,3561949,3490078,237336,3799285,3727414,80.6829482935212,79.1566705394691,286
-7.6926,53.28823,2021/10/09 23:00:00+00,Sun 10 Oct 2021,1527,3891,0,3563476,3493969,237336,3800812,3731305,80.7153762008891,79.239301179658,287
-7.6926,53.28823,2021/10/10 23:00:00+00,Mon 11 Oct 2021,329,1067,12,3563805,3495036,237348,3801153,3732384,80.7226177964441,79.2622152019566,288
-7.6926,53.28823,2021/10/11 23:00:00+00,Tue 12 Oct 2021,561,1565,20,3564366,3496601,237368,3801734,3733969,80.7349561161433,79.2958748176594,289
-7.6926,53.28823,2021/10/12 23:00:00+00,Wed 13 Oct 2021,1027,1983,9,3565393,3498584,237377,3802770,3735961,80.7569569753661,79.3381776280568,290
-7.6926,53.28823,2021/10/13 23:00:00+00,Thu 14 Oct 2021,696,1523,7,3566089,3500107,237384,3803473,3737491,80.7718861298386,79.3706692444765,291
-7.6926,53.28823,2021/10/14 23:00:00+00,Fri 15 Oct 2021,951,1999,5,3567040,3502106,237389,3804429,3739495,80.7921880810133,79.4132268910811,292
-7.6926,53.28823,2021/10/15 23:00:00+00,Sat 16 Oct 2021,1377,2590,11,3568417,3504696,237400,3805817,3742096,80.8216641356476,79.4684626389946,293
-7.6926,53.28823,2021/10/16 23:00:00+00,Sun 17 Oct 2021,1709,2875,2,3570126,3507571,237402,3807528,3744973,80.8579995315261,79.5295596196739,294
-7.6926,53.28823,2021/10/17 23:00:00+00,Mon 18 Oct 2021,668,1171,3,3570794,3508742,237405,3808199,3746147,80.8722491227795,79.5544910952796,295
-7.6926,53.28823,2021/10/18 23:00:00+00,Tue 19 Oct 2021,1328,1732,10,3572122,3510474,237415,3809537,3747889,80.9006633598837,79.5914848180268,296
-7.6926,53.28823,2021/10/19 23:00:00+00,Wed 20 Oct 2021,2246,2255,0,3574368,3512729,237415,3811783,3750144,80.9483602033338,79.6393727886323,297
-7.6926,53.28823,2021/10/20 23:00:00+00,Thu 21 Oct 2021,1755,1769,8,3576123,3514498,237423,3813546,3751921,80.9857998894436,79.6771097836504,298
-7.6926,53.28823,2021/10/21 23:00:00+00,Fri 22 Oct 2021,1493,1878,1,3577616,3516376,237424,3815040,3753800,81.0175269972416,79.7170128864299,299
-7.6926,53.28823,2021/10/22 23:00:00+00,Sat 23 Oct 2021,2006,1662,0,3579622,3518038,237424,3817046,3755462,81.0601271165474,79.7523077011289,300
-7.6926,53.28823,2021/10/23 23:00:00+00,Sun 24 Oct 2021,1943,2171,0,3581565,3520209,237424,3818989,3757633,81.1013893457654,79.7984118182839,301
-7.6926,53.28823,2021/10/24 23:00:00+00,Mon 25 Oct 2021,1214,809,0,3582779,3521018,237424,3820203,3758442,81.1271702753951,79.8155920259202,302
-7.6926,53.28823,2021/10/25 23:00:00+00,Tue 26 Oct 2021,1238,1166,5,3584017,3522184,237429,3821446,3759613,81.1535670591923,79.8404597924741,303
-7.6926,53.28823,2021/10/26 23:00:00+00,Wed 27 Oct 2021,1553,1384,4,3585570,3523568,237433,3823003,3761001,81.1866320570782,79.8699358471085,304
-7.6926,53.28823,2021/10/27 23:00:00+00,Thu 28 Oct 2021,2142,1644,2,3587712,3525212,237435,3825147,3762647,81.232162792767,79.9048908801979,305
-7.6926,53.28823,2021/10/28 23:00:00+00,Fri 29 Oct 2021,2134,1316,0,3589846,3526528,237435,3827281,3763963,81.2774811649497,79.9328379175889,306
-7.6926,53.28823,2021/10/29 23:00:00+00,Sat 30 Oct 2021,2001,1421,0,3591847,3527949,237435,3829282,3765384,81.3199751025026,79.9630147717931,307
-7.6926,53.28823,2021/10/30 23:00:00+00,Sun 31 Oct 2021,1628,1310,0,3593475,3529259,237435,3830910,3766694,81.3545478812812,79.9908343910806,308
-7.6926,53.28823,2021/11/01 00:00:00+00,Mon 01 Nov 2021,256,243,0,3593731,3529502,237435,3831166,3766937,81.359984387035,79.9959948242766,309
-7.6926,53.28823,2021/11/02 00:00:00+00,Tue 02 Nov 2021,1087,1056,9,3594818,3530558,237444,3832262,3768002,81.3832594272939,80.0186115376668,310
-7.6926,53.28823,2021/11/03 00:00:00+00,Wed 03 Nov 2021,2535,1788,5,3597353,3532346,237449,3834802,3769795,81.4371997578207,80.0566883142946,311
-7.6926,53.28823,2021/11/04 00:00:00+00,Thu 04 Nov 2021,1552,1221,0,3598905,3533567,237449,3836354,3771016,81.4701585739536,80.0826178983785,312
-7.6926,53.28823,2021/11/05 00:00:00+00,Fri 05 Nov 2021,1632,1017,1,3600537,3534584,237450,3837987,3772034,81.5048375344852,80.1042365032905,313
-7.6926,53.28823,2021/11/06 00:00:00+00,Sat 06 Nov 2021,1821,1318,5,3602358,3535902,237455,3839813,3773357,81.5436151106828,80.1323321951357,314
-7.6926,53.28823,2021/11/07 00:00:00+00,Sun 07 Nov 2021,730,765,0,3603088,3536667,237455,3840543,3774122,81.5591176466216,80.1485780033456,315
-7.6926,53.28823,2021/11/08 00:00:00+00,Mon 08 Nov 2021,511,489,1,3603599,3537156,237456,3841055,3774612,81.5699906581294,80.1589838151401,316
-7.6926,53.28823,2021/11/09 00:00:00+00,Tue 09 Nov 2021,1378,994,1,3604977,3538150,237457,3842434,3775607,81.5992755856083,80.1801139839882,317
-7.6926,53.28823,2021/11/10 00:00:00+00,Wed 10 Nov 2021,1623,1298,0,3606600,3539448,237457,3844057,3776905,81.6337421826339,80.2076787670684,318
-7.6926,53.28823,2021/11/11 00:00:00+00,Thu 11 Nov 2021,1402,1051,1,3608002,3540499,237458,3845460,3777957,81.6635367825272,80.2300194079008,319
-7.6926,53.28823,2021/11/12 00:00:00+00,Fri 12 Nov 2021,1158,1081,5,3609160,3541580,237463,3846623,3779043,81.6882346582763,80.2530820846536,320
-7.6926,53.28823,2021/11/13 00:00:00+00,Sat 13 Nov 2021,1411,1333,0,3610571,3542913,237463,3848034,3780376,81.7181991489745,80.2813901400049,321
-7.6926,53.28823,2021/11/14 00:00:00+00,Sun 14 Nov 2021,1648,1799,0,3612219,3544712,237463,3849682,3782175,81.7531966547651,80.3195943347363,322
-7.6926,53.28823,2021/11/15 00:00:00+00,Mon 15 Nov 2021,1251,546,0,3613470,3545258,237463,3850933,3782721,81.7797633293671,80.3311893821645,323
-7.6926,53.28823,2021/11/16 00:00:00+00,Tue 16 Nov 2021,1322,1022,4,3614792,3546280,237467,3852259,3783747,81.8079227302642,80.3529778778812,324
-7.6926,53.28823,2021/11/17 00:00:00+00,Wed 17 Nov 2021,1514,1056,0,3616306,3547336,237467,3853773,3784803,81.8400745650742,80.375403464116,325
-7.6926,53.28823,2021/11/18 00:00:00+00,Thu 18 Nov 2021,1672,2427,5,3617978,3549763,237472,3855450,3787235,81.8756879250323,80.4270502687779,326
-7.6926,53.28823,2021/11/19 00:00:00+00,Fri 19 Nov 2021,1181,1460,0,3619159,3551223,237472,3856631,3788695,81.9007680550922,80.4580553406555,327
-7.6926,53.28823,2021/11/20 00:00:00+00,Sat 20 Nov 2021,1539,2903,10,3620698,3554126,237482,3858180,3791608,81.9336631621733,80.5199168299565,328
-7.6926,53.28823,2021/11/21 00:00:00+00,Sun 21 Nov 2021,1787,2749,0,3622485,3556875,237482,3859967,3794357,81.9716125206975,80.5782955577589,329
-7.6926,53.28823,2021/11/22 00:00:00+00,Mon 22 Nov 2021,717,464,2,3623202,3557339,237484,3860686,3794823,81.9868814567797,80.5881916971391,330
-7.6926,53.28823,2021/11/23 00:00:00+00,Tue 23 Nov 2021,2171,1535,4,3625373,3558874,237488,3862861,3796362,82.0330705193371,80.6208744407142,331
-7.6926,53.28823,2021/11/24 00:00:00+00,Wed 24 Nov 2021,1630,3080,0,3627003,3561954,237488,3864491,3799442,82.0676857708169,80.6862824005656,332
-7.6926,53.28823,2021/11/25 00:00:00+00,Thu 25 Nov 2021,1011,1111,0,3628014,3563065,237488,3865502,3800553,82.0891557212746,80.7098759860834,333
-7.6926,53.28823,2021/11/26 00:00:00+00,Fri 26 Nov 2021,1295,1057,12,3629309,3564122,237500,3866809,3801622,82.1169116315102,80.732577644876,334
-7.6926,53.28823,2021/11/27 00:00:00+00,Sat 27 Nov 2021,1235,1526,5,3630544,3565648,237505,3868049,3803153,82.1432447062556,80.7650904976463,335
-7.6926,53.28823,2021/11/28 00:00:00+00,Sun 28 Nov 2021,1971,2248,0,3632515,3567896,237505,3870020,3805401,82.1851015532904,80.8128298137976,336
-7.6926,53.28823,2021/11/29 00:00:00+00,Mon 29 Nov 2021,546,962,1,3633061,3568858,237506,3870567,3806364,82.1967178370692,80.8332804194264,337
-7.6926,53.28823,2021/11/30 00:00:00+00,Tue 30 Nov 2021,1940,1591,6,3635001,3570449,237512,3872513,3807961,82.2380437753389,80.8671948713364,338
-7.6926,53.28823,2021/12/01 00:00:00+00,Wed 01 Dec 2021,1128,1322,1,3636129,3571771,237513,3873642,3809284,82.2620196151676,80.8952905631816,339
-7.6926,53.28823,2021/12/02 00:00:00+00,Thu 02 Dec 2021,1809,1361,1,3637938,3573132,237514,3875452,3810646,82.3004574097556,80.9242144727004,340
-7.6926,53.28823,2021/12/03 00:00:00+00,Fri 03 Dec 2021,1047,1133,3,3638985,3574265,237517,3876502,3811782,82.3227555778868,80.9483389669832,341
-7.6926,53.28823,2021/12/04 00:00:00+00,Sat 04 Dec 2021,1200,1673,0,3640185,3575938,237517,3877702,3813455,82.3482391986081,80.9838673815389,342
-7.6926,53.28823,2021/12/05 00:00:00+00,Sun 05 Dec 2021,1352,1764,0,3641537,3577702,237517,3879054,3815219,82.3769507446208,81.0213283039992,343
-7.6926,53.28823,2021/12/06 00:00:00+00,Mon 06 Dec 2021,944,1253,0,3642481,3578955,237517,3879998,3816472,82.3969978595882,81.0479374513024,344
-7.6926,53.28823,2021/12/07 00:00:00+00,Tue 07 Dec 2021,486,695,1,3642967,3579650,237518,3880485,3817168,82.407339962331,81.0627179513208,345
-7.6926,53.28823,2021/12/08 00:00:00+00,Wed 08 Dec 2021,816,1435,0,3643783,3581085,237518,3881301,3818603,82.4246688244215,81.0931921144334,346
-7.6926,53.28823,2021/12/09 00:00:00+00,Thu 09 Dec 2021,799,1140,0,3644582,3582225,237518,3882100,3819743,82.4416366685517,81.1174015541186,347
-7.6926,53.28823,2021/12/10 00:00:00+00,Fri 10 Dec 2021,880,1532,1,3645462,3583757,237519,3882981,3821276,82.4603458934313,81.1499568795901,348
-7.6926,53.28823,2021/12/11 00:00:00+00,Sat 11 Dec 2021,634,823,0,3646096,3584580,237519,3883615,3822099,82.4738097397124,81.1674343961348,349
-7.6926,53.28823,2021/12/12 00:00:00+00,Sun 12 Dec 2021,690,1188,0,3646786,3585768,237519,3884305,3823287,82.4884628216272,81.1926631806489,350
-7.6926,53.28823,2021/12/13 00:00:00+00,Mon 13 Dec 2021,712,1025,0,3647498,3586793,237519,3885017,3824312,82.5035831032552,81.2144304400151,351
-7.6926,53.28823,2021/12/14 00:00:00+00,Tue 14 Dec 2021,621,1133,1,3648119,3587926,237520,3885639,3825446,82.5167921133291,81.2385124615967,352
-7.6926,53.28823,2021/12/15 00:00:00+00,Wed 15 Dec 2021,790,1162,1,3648909,3589088,237521,3886430,3826609,82.5335900666545,81.2632103373458,353
-7.6926,53.28823,2021/12/16 00:00:00+00,Thu 16 Dec 2021,1047,1416,7,3649956,3590504,237528,3887484,3828032,82.5559731801881,81.2934296642512,354
-7.6926,53.28823,2021/12/17 00:00:00+00,Fri 17 Dec 2021,1187,2348,1,3651143,3592852,237529,3888672,3830381,82.5812019647022,81.3433138518132,355
-7.6926,53.28823,2021/12/18 00:00:00+00,Sat 18 Dec 2021,1260,1133,0,3652403,3593985,237529,3889932,3831514,82.6079597664596,81.3673746370442,356
-7.6926,53.28823,2021/12/19 00:00:00+00,Sun 19 Dec 2021,553,862,1,3652956,3594847,237530,3890486,3832377,82.6197247046926,81.385701607613,357
-7.6926,53.28823,2021/12/20 00:00:00+00,Mon 20 Dec 2021,538,520,0,3653494,3595367,237530,3891024,3832897,82.631149861316,81.3967445099256,358
-7.6926,53.28823,2021/12/21 00:00:00+00,Tue 21 Dec 2021,1439,1694,2,3654933,3597061,237532,3892465,3834593,82.6617514425322,81.432761360545,359
-7.6926,53.28823,2021/12/22 00:00:00+00,Wed 22 Dec 2021,1229,1445,2,3656162,3598506,237534,3893696,3836040,82.6878933901222,81.4634903598648,360
-7.6926,53.28823,2021/12/23 00:00:00+00,Thu 23 Dec 2021,933,1245,0,3657095,3599751,237534,3894629,3837285,82.707706905233,81.4899296163632,361
-7.6926,53.28823,2021/12/24 00:00:00+00,Fri 24 Dec 2021,97,118,0,3657192,3599869,237534,3894726,3837403,82.7097668312413,81.4924355057341,362
-7.6926,53.28823,2021/12/26 00:00:00+00,Sun 26 Dec 2021,5,4,0,3657197,3599873,237534,3894731,3837407,82.7098730129943,81.4925204511365,363
-7.6926,53.28823,2021/12/27 00:00:00+00,Mon 27 Dec 2021,381,575,0,3657578,3600448,237534,3895112,3837982,82.7179640625733,81.5047313527322,364
-7.6926,53.28823,2021/12/28 00:00:00+00,Tue 28 Dec 2021,446,719,0,3658024,3601167,237534,3895558,3838701,82.7274354749414,81.5200002888144,365
-7.6926,53.28823,2021/12/29 00:00:00+00,Wed 29 Dec 2021,1054,1201,0,3659078,3602368,237534,3896612,3839902,82.749818588475,81.5455051458863,366
-7.6926,53.28823,2021/12/30 00:00:00+00,Thu 30 Dec 2021,1027,1099,1,3660105,3603467,237535,3897640,3841002,82.7716495568929,81.5688651315475,367
-7.6926,53.28823,2021/12/31 00:00:00+00,Fri 31 Dec 2021,711,1634,0,3660816,3605101,237535,3898351,3842636,82.7867486021703,81.6035653284297,368
-7.6926,53.28823,2022/01/01 00:00:00+00,Sat 01 Jan 2022,64,91,1,3660880,3605192,237536,3898416,3842728,82.7881289649594,81.605519072685,369
-7.6926,53.28823,2022/01/02 00:00:00+00,Sun 02 Jan 2022,267,611,0,3661147,3605803,237536,3898683,3843339,82.7937990705699,81.6184944829023,370
-7.6926,53.28823,2022/01/03 00:00:00+00,Mon 03 Jan 2022,3618,695,0,3664765,3606498,237536,3902301,3844034,82.8706321870447,81.6332537465701,371
-7.6926,53.28823,2022/01/04 00:00:00+00,Tue 04 Jan 2022,1169,693,0,3665934,3607191,237536,3903470,3844727,82.8954574808974,81.6479705375366,372
-7.6926,53.28823,2022/01/05 00:00:00+00,Wed 05 Jan 2022,2122,782,0,3668056,3607973,237536,3905592,3845509,82.9405210168729,81.6645773637067,373
-7.6926,53.28823,2022/01/06 00:00:00+00,Thu 06 Jan 2022,2416,1532,0,3670472,3609505,237536,3908008,3847041,82.9918280399252,81.6971114528276,374
-7.6926,53.28823,2022/01/07 00:00:00+00,Fri 07 Jan 2022,4778,652,0,3675250,3610157,237536,3912786,3847693,83.0932953230973,81.7109575534195,375
-7.6926,53.28823,2022/01/08 00:00:00+00,Sat 08 Jan 2022,9764,679,0,3685014,3610836,237536,3922550,3848372,83.3006470503665,81.7253770354777,376
-7.6926,53.28823,2022/01/09 00:00:00+00,Sun 09 Jan 2022,7093,647,0,3692107,3611483,237536,3929643,3849019,83.4512764851801,81.7391169543166,377
-7.6926,53.28823,2022/01/10 00:00:00+00,Mon 10 Jan 2022,6603,401,0,3698710,3611884,237536,3936246,3849420,83.5915001081992,81.7476327309076,378
-7.6926,53.28823,2022/01/11 00:00:00+00,Tue 11 Jan 2022,4708,1221,1,3703418,3613105,237537,3940955,3850642,83.6915020831798,81.7735835513422,379
-7.6926,53.28823,2022/01/12 00:00:00+00,Wed 12 Jan 2022,7448,718,1,3710866,3613823,237538,3948404,3851361,83.8496916588074,81.7888524874244,380
-7.6926,53.28823,2022/01/13 00:00:00+00,Thu 13 Jan 2022,7112,613,0,3717978,3614436,237538,3955516,3851974,84.0007245842825,81.8018703703428,381
