X,Y,VaccinationDate,VaccineText,Dose1,Dose2,SingleDose,Dose1Cum,Dose2Cum,SingleDoseCum,PartiallyVacc,FullyVacc,PartialPercent,FullyPercent,ObjectId
-7.6926,53.28823,2021/04/26 23:00:00+00,Tue 27 Apr 2021,25916,7816,9,1089570,441981,269,1089839,442250,23.1442031027582,9.39177605333892,1
-7.6926,53.28823,2021/04/27 23:00:00+00,Wed 28 Apr 2021,26038,8613,5,1115608,450594,274,1115882,450868,23.6972613814628,9.57479092281925,2
-7.6926,53.28823,2021/04/28 23:00:00+00,Thu 29 Apr 2021,31691,11335,6,1147299,461929,280,1147579,462209,24.3703899864661,9.81563237498638,3
-7.6926,53.28823,2021/04/29 23:00:00+00,Fri 30 Apr 2021,36111,13530,8,1183410,475459,288,1183698,475747,25.1374257338274,10.1031300894241,4
-7.6926,53.28823,2021/04/30 23:00:00+00,Sat 01 May 2021,16585,6689,18,1199995,482148,306,1200301,482454,25.4900128628576,10.2455622929058,5
-7.6926,53.28823,2021/05/01 23:00:00+00,Sun 02 May 2021,12463,910,15,1212458,483058,321,1212779,483379,25.7550000456582,10.2652059172118,6
-7.6926,53.28823,2021/05/02 23:00:00+00,Mon 03 May 2021,14267,926,21,1226725,483984,342,1227067,484326,26.0584250230467,10.285316741231,7
-7.6926,53.28823,2021/05/03 23:00:00+00,Tue 04 May 2021,26661,6794,10,1253386,490778,352,1253738,491130,26.6248197299288,10.429808870721,8
-7.6926,53.28823,2021/05/04 23:00:00+00,Wed 05 May 2021,32117,13457,69,1285503,504235,421,1285924,504656,27.308332910376,10.7170517489515,9
-7.6926,53.28823,2021/05/05 23:00:00+00,Thu 06 May 2021,37294,14374,132,1322797,518609,553,1323350,519162,28.103124567973,11.0251062507711,10
-7.6926,53.28823,2021/05/06 23:00:00+00,Fri 07 May 2021,40604,15072,97,1363401,533681,650,1364051,534331,28.9674652737886,11.3472404530393,11
-7.6926,53.28823,2021/05/07 23:00:00+00,Sat 08 May 2021,25626,7054,10,1389027,540735,660,1389687,541395,29.5118803577985,11.4972540336855,12
-7.6926,53.28823,2021/05/08 23:00:00+00,Sun 09 May 2021,19674,926,5,1408701,541661,665,1409366,542326,29.9297905012777,11.5170250760952,13
-7.6926,53.28823,2021/05/09 23:00:00+00,Mon 10 May 2021,28843,4647,171,1437544,546308,836,1438380,547144,30.5459419776182,11.6193418132913,14
-7.6926,53.28823,2021/05/10 23:00:00+00,Tue 11 May 2021,33926,14826,153,1471470,561134,989,1472459,562123,31.2696555697532,11.9374411089452,15
-7.6926,53.28823,2021/05/11 23:00:00+00,Wed 12 May 2021,31293,20948,173,1502763,582082,1162,1503925,583244,31.9378785777676,12.3859740699912,16
-7.6926,53.28823,2021/05/12 23:00:00+00,Thu 13 May 2021,35998,25481,152,1538761,607563,1314,1540075,608877,32.7055726519976,12.9303254449493,17
-7.6926,53.28823,2021/05/13 23:00:00+00,Fri 14 May 2021,38219,27942,236,1576980,635505,1550,1578530,637055,33.5222165143631,13.5287233321873,18
-7.6926,53.28823,2021/05/14 23:00:00+00,Sat 15 May 2021,28859,12451,22,1605839,647956,1572,1607411,649528,34.1355435560736,13.7936043332349,19
-7.6926,53.28823,2021/05/15 23:00:00+00,Sun 16 May 2021,23178,1173,9,1629017,649129,1581,1630598,650710,34.6279508174615,13.8187056996454,20
-7.6926,53.28823,2021/08/24 23:00:00+00,Wed 25 Aug 2021,9416,19530,315,3456354,3115228,236259,3692613,3351487,78.4176243022001,71.1733529670474,21
-7.6926,53.28823,2021/05/16 23:00:00+00,Mon 17 May 2021,35385,3951,118,1664402,653080,1699,1666101,654779,35.3819049728525,13.9051164102413,22
-7.6926,53.28823,2021/05/17 23:00:00+00,Tue 18 May 2021,39014,12496,127,1703416,665576,1826,1705242,667402,36.2131169717304,14.173182863879,23
-7.6926,53.28823,2022/04/22 23:00:00+00,Sat 23 Apr 2022,324,1010,0,3842078,3788432,240879,4082957,4029311,86.707106341238,85.5678610768911,24
-7.6926,53.28823,2021/08/25 23:00:00+00,Thu 26 Aug 2021,8586,19444,369,3464940,3134672,236628,3701568,3371300,78.607795821833,71.594108781507,25
-7.6926,53.28823,2021/12/23 00:00:00+00,Thu 23 Dec 2021,920,1389,0,3682813,3629252,240837,3923650,3870089,83.3240070360277,82.1865668614819,26
-7.6926,53.28823,2020/12/28 00:00:00+00,Mon 28 Dec 2020,224,15,1,224,15,1,225,16,0.00477817888524874,0.000339781609617688,27
-7.6926,53.28823,2022/04/23 23:00:00+00,Sun 24 Apr 2022,181,253,0,3842259,3788685,240879,4083138,4029564,86.7109501206968,85.5732338735932,28
-7.6926,53.28823,2021/05/18 23:00:00+00,Wed 19 May 2021,37023,17589,211,1740439,683165,2037,1742476,685202,37.0038312500119,14.5511899045787,29
-7.6926,53.28823,2020/12/29 00:00:00+00,Tue 29 Dec 2020,77,2,0,301,17,1,302,18,0.00641337788153387,0.000382254310819899,30
-7.6926,53.28823,2021/12/24 00:00:00+00,Fri 24 Dec 2021,100,157,0,3682913,3629409,240837,3923750,3870246,83.3261306710878,82.1899009685262,31
-7.6926,53.28823,2021/08/26 23:00:00+00,Fri 27 Aug 2021,9725,19213,432,3474665,3153885,237060,3711725,3390945,78.8234934348884,72.0112968890658,32
-7.6926,53.28823,2022/04/24 23:00:00+00,Mon 25 Apr 2022,42,58,1,3842301,3788743,240880,4083181,4029623,86.7118632837726,85.5744868182786,33
-7.6926,53.28823,2021/05/19 23:00:00+00,Thu 20 May 2021,39090,19645,136,1779529,702810,2173,1781702,704983,37.8368483386909,14.9712661558192,34
-7.6926,53.28823,2020/12/30 00:00:00+00,Wed 30 Dec 2020,1058,1,0,1359,18,1,1360,19,0.0288814368175035,0.000403490661421005,35
-7.6926,53.28823,2021/12/25 00:00:00+00,Sat 25 Dec 2021,1,5,0,3682914,3629414,240837,3923751,3870251,83.3261519074384,82.1900071502792,36
-7.6926,53.28823,2022/04/25 23:00:00+00,Tue 26 Apr 2022,145,238,0,3842446,3788981,240880,4083326,4029861,86.7149425546098,85.5795410697217,37
-7.6926,53.28823,2021/08/27 23:00:00+00,Sat 28 Aug 2021,9923,7926,153,3484588,3161811,237213,3721801,3399024,79.0374709035451,72.1828653655721,38
-7.6926,53.28823,2021/05/20 23:00:00+00,Fri 21 May 2021,25837,23246,14934,1805366,726056,17107,1822473,743163,38.7026755890486,15.7820700217694,39
-7.6926,53.28823,2020/12/31 00:00:00+00,Thu 31 Dec 2020,1033,1,0,2392,19,1,2393,20,0.0508185869884455,0.00042472701202211,40
-7.6926,53.28823,2021/12/26 00:00:00+00,Sun 26 Dec 2021,12,11,0,3682926,3629425,240837,3923763,3870262,83.3264067436456,82.1902407501359,41
-7.6926,53.28823,2022/04/26 23:00:00+00,Wed 27 Apr 2022,122,208,0,3842568,3789189,240880,4083448,4030069,86.7175333893831,85.5839582306467,42
-7.6926,53.28823,2021/05/21 23:00:00+00,Sat 22 May 2021,16588,10248,13522,1821954,736304,30629,1852583,766933,39.3421021056479,16.2868580755577,43
-7.6926,53.28823,2021/01/01 00:00:00+00,Fri 01 Jan 2021,814,0,0,3206,19,1,3207,20,0.0681049763777454,0.00042472701202211,44
-7.6926,53.28823,2021/08/28 23:00:00+00,Sun 29 Aug 2021,8800,9188,30,3493388,3170999,237243,3730631,3408242,79.2249878793529,72.3786220454131,45
-7.6926,53.28823,2021/12/27 00:00:00+00,Mon 27 Dec 2021,389,589,0,3683315,3630014,240837,3924152,3870851,83.3346676840294,82.2027489606399,46
-7.6926,53.28823,2022/04/27 23:00:00+00,Thu 28 Apr 2022,103,130,0,3842671,3789319,240880,4083551,4030199,86.7197207334951,85.5867189562249,47
-7.6926,53.28823,2021/05/22 23:00:00+00,Sun 23 May 2021,8216,5526,10205,1830170,741830,40834,1871004,782664,39.7332969200708,16.6209271068637,48
-7.6926,53.28823,2021/08/29 23:00:00+00,Mon 30 Aug 2021,5061,11137,84,3498449,3182136,237327,3735776,3419463,79.3342489031956,72.6169151355081,49
-7.6926,53.28823,2021/01/02 00:00:00+00,Sat 02 Jan 2021,1016,0,0,4222,19,1,4223,20,0.0896811085884686,0.00042472701202211,50
-7.6926,53.28823,2021/12/28 00:00:00+00,Tue 28 Dec 2021,465,746,0,3683780,3630760,240837,3924617,3871597,83.3445425870589,82.2185912781883,51
-7.6926,53.28823,2022/04/28 23:00:00+00,Fri 29 Apr 2022,171,222,0,3842842,3789541,240880,4083722,4030421,86.7233521494478,85.5914334260583,52
-7.6926,53.28823,2021/05/23 23:00:00+00,Mon 24 May 2021,22547,8217,8450,1852717,750047,49284,1902001,799331,40.3915600796533,16.9748733623323,53
-7.6926,53.28823,2021/05/24 23:00:00+00,Tue 25 May 2021,30346,16498,3224,1883063,766545,52508,1935571,819053,41.1044643693324,17.3936966688873,54
-7.6926,53.28823,2021/05/25 23:00:00+00,Wed 26 May 2021,19979,25451,3054,1903042,791996,55562,1958604,847558,41.5936012327277,17.9990388427718,55
-7.6926,53.28823,2021/05/26 23:00:00+00,Thu 27 May 2021,17014,36037,550,1920056,828033,56112,1976168,884145,41.9665964946855,18.7760132022144,56
-7.6926,53.28823,2021/05/27 23:00:00+00,Fri 28 May 2021,27043,31826,1558,1947099,859859,57670,2004769,917529,42.5739773582277,19.4849675306818,57
-7.6926,53.28823,2021/05/28 23:00:00+00,Sat 29 May 2021,24482,7386,534,1971581,867245,58204,2029785,925449,43.105225904865,19.6531594274425,58
-7.6926,53.28823,2021/05/29 23:00:00+00,Sun 30 May 2021,24252,1677,209,1995833,868922,58413,2054246,927335,43.6246882769186,19.6932111846762,59
-7.6926,53.28823,2021/05/30 23:00:00+00,Mon 31 May 2021,22588,7320,3443,2018421,876242,61856,2080277,938098,44.177491719416,19.9217780261959,60
-7.6926,53.28823,2021/05/31 23:00:00+00,Tue 01 Jun 2021,27572,11516,3653,2045993,887758,65509,2111502,953267,44.8405967669355,20.2439122284641,61
-7.6926,53.28823,2021/06/01 23:00:00+00,Wed 02 Jun 2021,18700,20899,4008,2064693,908657,69517,2134210,978174,45.3228318163854,20.7728460128858,62
-7.6926,53.28823,2021/06/02 23:00:00+00,Thu 03 Jun 2021,16693,30707,1977,2081386,939364,71494,2152880,1010858,45.7193144821081,21.4669348959323,63
-7.6926,53.28823,2021/06/03 23:00:00+00,Fri 04 Jun 2021,28984,23343,153,2110370,962707,71647,2182017,1034354,46.3380780295725,21.9659041896559,64
-7.6926,53.28823,2021/06/04 23:00:00+00,Sat 05 Jun 2021,20965,11492,33,2131335,974199,71680,2203015,1045879,46.7839989194945,22.2106531303336,65
-7.6926,53.28823,2021/06/05 23:00:00+00,Sun 06 Jun 2021,19946,3908,46,2151281,978107,71726,2223007,1049833,47.2085560407118,22.2946216606104,66
-7.6926,53.28823,2021/06/06 23:00:00+00,Mon 07 Jun 2021,19817,4591,45,2171098,982698,71771,2242869,1054469,47.6303524363509,22.3930733819971,67
-7.6926,53.28823,2021/06/07 23:00:00+00,Tue 08 Jun 2021,26413,18342,45,2197511,1001040,71816,2269327,1072856,48.192223800555,22.7835461604997,68
-7.6926,53.28823,2021/06/08 23:00:00+00,Wed 09 Jun 2021,32804,20111,174,2230315,1021151,71990,2302305,1093141,48.8925561706782,23.2143255324431,69
-7.6926,53.28823,2021/06/09 23:00:00+00,Thu 10 Jun 2021,27699,27490,273,2258014,1048641,72263,2330277,1120904,49.4865793696924,23.8039103341816,70
-7.6926,53.28823,2021/06/10 23:00:00+00,Fri 11 Jun 2021,26440,32898,40,2284454,1081539,72303,2356757,1153842,50.0489179336097,24.5033932502808,71
-7.6926,53.28823,2021/06/11 23:00:00+00,Sat 12 Jun 2021,12212,19721,105,2296666,1101260,72408,2369074,1173668,50.3104860639635,24.9244251372983,72
-7.6926,53.28823,2021/06/12 23:00:00+00,Sun 13 Jun 2021,8551,18173,834,2305217,1119433,73242,2378459,1192675,50.5097892143548,25.3280644531735,73
-7.6926,53.28823,2021/06/13 23:00:00+00,Mon 14 Jun 2021,16020,31302,52,2321237,1150735,73294,2394531,1224029,50.8510998412158,25.9939089899206,74
-7.6926,53.28823,2021/06/14 23:00:00+00,Tue 15 Jun 2021,14703,41589,205,2335940,1192324,73499,2409439,1265823,51.1676913559771,26.8814610269432,75
-7.6926,53.28823,2021/06/15 23:00:00+00,Wed 16 Jun 2021,13472,48389,217,2349412,1240713,73716,2423128,1314429,51.4583957593556,27.9136750842605,76
-7.6926,53.28823,2021/06/16 23:00:00+00,Thu 17 Jun 2021,21572,42692,535,2370984,1283405,74251,2445235,1357656,51.9278677620943,28.8316588116945,77
-7.6926,53.28823,2021/06/17 23:00:00+00,Fri 18 Jun 2021,12019,50018,554,2383003,1333423,74805,2457808,1408228,52.194872398202,29.9056235342936,78
-7.6926,53.28823,2021/06/18 23:00:00+00,Sat 19 Jun 2021,6320,32804,433,2389323,1366227,75238,2464561,1441465,52.3382814738112,30.6114561192226,79
-7.6926,53.28823,2021/06/19 23:00:00+00,Sun 20 Jun 2021,8517,26142,177,2397840,1392369,75415,2473255,1467784,52.5229103059372,31.1703756306931,80
-7.6926,53.28823,2021/06/20 23:00:00+00,Mon 21 Jun 2021,15481,32337,574,2413321,1424706,75989,2489310,1500695,52.863859914838,31.8692851653261,81
-7.6926,53.28823,2021/06/21 23:00:00+00,Tue 22 Jun 2021,15147,43542,722,2428468,1468248,76711,2505179,1544959,53.2008595625269,32.8092909883334,82
-7.6926,53.28823,2021/06/22 23:00:00+00,Wed 23 Jun 2021,20087,39388,883,2448555,1507636,77594,2526149,1585230,53.6461858346321,33.6645000633905,83
-7.6926,53.28823,2021/06/23 23:00:00+00,Thu 24 Jun 2021,19022,44274,1032,2467577,1551910,78626,2546203,1630536,54.0720596095867,34.6266341637242,84
-7.6926,53.28823,2021/06/24 23:00:00+00,Fri 25 Jun 2021,15211,50125,843,2482788,1602035,79469,2562257,1681504,54.4129879821368,35.7090084811613,85
-7.6926,53.28823,2021/06/25 23:00:00+00,Sat 26 Jun 2021,9066,30560,511,2491854,1632595,79980,2571834,1712575,54.6163685118436,36.3688431306883,86
-7.6926,53.28823,2021/06/26 23:00:00+00,Sun 27 Jun 2021,8736,30477,59,2500590,1663072,80039,2580629,1743111,54.8031422153803,37.0173163326436,87
-7.6926,53.28823,2021/06/27 23:00:00+00,Mon 28 Jun 2021,24233,24645,524,2524823,1687717,80563,2605386,1768280,55.3288905472119,37.5518140409229,88
-7.6926,53.28823,2021/06/28 23:00:00+00,Tue 29 Jun 2021,28143,31039,810,2552966,1718756,81373,2634339,1800129,55.9437466061657,38.2281705712175,89
-7.6926,53.28823,2021/06/29 23:00:00+00,Wed 30 Jun 2021,22576,36868,590,2575542,1755624,81963,2657505,1837587,56.4357079041909,39.0236417920337,90
-7.6926,53.28823,2021/06/30 23:00:00+00,Thu 01 Jul 2021,15028,48305,640,2590570,1803929,82603,2673173,1886532,56.768439045409,40.0630549722048,91
-7.6926,53.28823,2021/07/01 23:00:00+00,Fri 02 Jul 2021,13685,47266,817,2604255,1851195,83420,2687675,1934615,57.0764086018263,41.0841624181578,92
-7.6926,53.28823,2021/07/02 23:00:00+00,Sat 03 Jul 2021,9317,30476,505,2613572,1881671,83925,2697497,1965596,57.2849920374303,41.7420857961306,93
-7.6926,53.28823,2021/07/03 23:00:00+00,Sun 04 Jul 2021,6453,27782,233,2620025,1909453,84158,2704183,1993611,57.4269782775493,42.3370221582206,94
-7.6926,53.28823,2021/07/04 23:00:00+00,Mon 05 Jul 2021,15616,33463,5343,2635641,1942916,89501,2725142,2032417,57.8720709497979,43.1611199796471,95
-7.6926,53.28823,2021/07/05 23:00:00+00,Tue 06 Jul 2021,12410,48299,5486,2648051,1991215,94987,2743038,2086202,58.2521166801553,44.3033170967275,96
-7.6926,53.28823,2021/07/06 23:00:00+00,Wed 07 Jul 2021,19706,43758,5059,2667757,2034973,100046,2767803,2135019,58.7780349027917,45.3400120240217,97
-7.6926,53.28823,2021/07/07 23:00:00+00,Thu 08 Jul 2021,17780,45593,5997,2685537,2080566,106043,2791580,2186609,59.2829716110341,46.4355953515327,98
-7.6926,53.28823,2021/07/08 23:00:00+00,Fri 09 Jul 2021,13527,45087,6531,2699064,2125653,112574,2811638,2238227,59.7089303313911,47.5317732968606,99
-7.6926,53.28823,2021/07/09 23:00:00+00,Sat 10 Jul 2021,8637,23870,4364,2707701,2149523,116938,2824639,2266461,59.9850241255561,48.1313604197322,100
-7.6926,53.28823,2021/07/10 23:00:00+00,Sun 11 Jul 2021,15236,16111,2153,2722937,2165634,119091,2842028,2284725,60.3543030261587,48.5192211271108,101
-7.6926,53.28823,2021/07/11 23:00:00+00,Mon 12 Jul 2021,17109,31765,6092,2740046,2197399,125183,2865229,2322582,60.847007596455,49.3231656518169,102
-7.6926,53.28823,2021/07/12 23:00:00+00,Tue 13 Jul 2021,20106,36568,8491,2760152,2233967,133674,2893826,2367641,61.4543035145948,50.2800543735521,103
-7.6926,53.28823,2021/07/13 23:00:00+00,Wed 14 Jul 2021,20801,35709,9335,2780953,2269676,143009,2923962,2412685,62.0942821763097,51.2366245500283,104
-7.6926,53.28823,2021/07/14 23:00:00+00,Thu 15 Jul 2021,23646,28834,9586,2804599,2298510,152595,2957194,2451105,62.8000085794856,52.0525251401228,105
-7.6926,53.28823,2021/07/15 23:00:00+00,Fri 16 Jul 2021,23528,27428,9166,2828127,2325938,161761,2989888,2487699,63.4943098260382,52.8296481540196,106
-7.6926,53.28823,2021/07/16 23:00:00+00,Sat 17 Jul 2021,11509,19427,4677,2839636,2345365,166438,3006074,2511803,63.8380413968677,53.3415291489086,107
-7.6926,53.28823,2021/07/17 23:00:00+00,Sun 18 Jul 2021,16866,15818,1932,2856502,2361183,168370,3024872,2529553,64.2372423154673,53.7184743720783,108
-7.6926,53.28823,2021/07/18 23:00:00+00,Mon 19 Jul 2021,24889,18438,6255,2881391,2379621,174625,3056016,2554246,64.8986272185881,54.2428635774714,109
-7.6926,53.28823,2021/07/19 23:00:00+00,Tue 20 Jul 2021,30587,18182,7699,2911978,2397803,182324,3094302,2580127,65.711682137702,54.7924815673786,110
-7.6926,53.28823,2021/07/20 23:00:00+00,Wed 21 Jul 2021,30360,19843,6889,2942338,2417646,189213,3131551,2606859,66.5027149612426,55.3601716916473,111
-7.6926,53.28823,2021/07/21 23:00:00+00,Thu 22 Jul 2021,33539,15926,6934,2975877,2433572,196147,3172024,2629719,67.3622137791211,55.8456346663886,112
-7.6926,53.28823,2021/07/22 23:00:00+00,Fri 23 Jul 2021,27087,20836,5615,3002964,2454408,201762,3204726,2656170,68.0566849164785,56.4073573761385,113
-7.6926,53.28823,2021/07/23 23:00:00+00,Sat 24 Jul 2021,15437,14812,2275,3018401,2469220,204037,3222438,2673257,68.4328231583253,56.7702228988595,114
-7.6926,53.28823,2021/07/24 23:00:00+00,Sun 25 Jul 2021,14722,13643,1046,3033123,2482863,205083,3238206,2687946,68.7676779346035,57.0821636528392,115
-7.6926,53.28823,2021/07/25 23:00:00+00,Mon 26 Jul 2021,23838,18301,3422,3056961,2501164,208505,3265466,2709669,69.3465808519896,57.543480896947,116
-7.6926,53.28823,2021/07/26 23:00:00+00,Tue 27 Jul 2021,25507,23908,3671,3082468,2525072,212176,3294644,2737248,69.9662150898287,58.1291582101749,117
-7.6926,53.28823,2021/07/27 23:00:00+00,Wed 28 Jul 2021,23440,25287,3263,3105908,2550359,215439,3321347,2765798,70.53328935993,58.7354560198364,118
-7.6926,53.28823,2021/07/28 23:00:00+00,Thu 29 Jul 2021,19273,27868,2962,3125181,2578227,218401,3343582,2796628,71.0054796155456,59.3901727088685,119
-7.6926,53.28823,2021/07/29 23:00:00+00,Fri 30 Jul 2021,21955,22939,2120,3147136,2601166,220521,3367657,2821687,71.5167447562672,59.9223344185816,120
-7.6926,53.28823,2021/07/30 23:00:00+00,Sat 31 Jul 2021,13745,12486,907,3160881,2613652,221428,3382309,2835080,71.8278997652746,60.2067528621822,121
-7.6926,53.28823,2021/07/31 23:00:00+00,Sun 01 Aug 2021,11118,9330,368,3171999,2622982,221796,3393795,2844778,72.0718204882789,60.4127029903118,122
-7.6926,53.28823,2021/08/01 23:00:00+00,Mon 02 Aug 2021,15024,16023,430,3187023,2639005,222226,3409249,2861231,72.4000070504684,60.7621046667517,123
-7.6926,53.28823,2021/08/02 23:00:00+00,Tue 03 Aug 2021,17347,25448,1111,3204370,2664453,223337,3427707,2887790,72.7919876098636,61.3261209023665,124
-7.6926,53.28823,2021/08/03 23:00:00+00,Wed 04 Aug 2021,22114,17308,1576,3226484,2681761,224913,3451397,2906674,73.2950767556038,61.7271481471178,125
-7.6926,53.28823,2021/08/04 23:00:00+00,Thu 05 Aug 2021,13534,30048,1420,3240018,2711809,226333,3466351,2938142,73.6126451424927,62.3954136278334,126
-7.6926,53.28823,2021/08/05 23:00:00+00,Fri 06 Aug 2021,12209,24750,948,3252227,2736559,227281,3479508,2963840,73.8920518073515,62.9411453655806,127
-7.6926,53.28823,2021/08/06 23:00:00+00,Sat 07 Aug 2021,6337,8462,583,3258564,2745021,227864,3486428,2972885,74.0390073535111,63.1332281567676,128
-7.6926,53.28823,2021/08/07 23:00:00+00,Sun 08 Aug 2021,8626,11978,153,3267190,2756999,228017,3495207,2985016,74.2254412754382,63.3908463259096,129
-7.6926,53.28823,2021/08/08 23:00:00+00,Mon 09 Aug 2021,5544,23038,600,3272734,2780037,228617,3501351,3008654,74.3559174135314,63.8928311814185,130
-7.6926,53.28823,2021/08/09 23:00:00+00,Tue 10 Aug 2021,9356,26013,716,3282090,2806050,229333,3511423,3035383,74.5698099367858,64.4604575966355,131
-7.6926,53.28823,2021/08/10 23:00:00+00,Wed 11 Aug 2021,7016,31243,666,3289106,2837293,229999,3519105,3067292,74.7329475821034,65.1380883079662,132
-7.6926,53.28823,2021/08/11 23:00:00+00,Thu 12 Aug 2021,6775,38298,862,3295881,2875591,230861,3526742,3106452,74.8951295916441,65.9697037975054,133
-7.6926,53.28823,2021/08/12 23:00:00+00,Fri 13 Aug 2021,10932,28248,870,3306813,2903839,231731,3538544,3135570,75.1457610014383,66.5880638543084,134
-7.6926,53.28823,2021/08/13 23:00:00+00,Sat 14 Aug 2021,18139,5845,281,3324952,2909684,232012,3556964,3141696,75.5369345795107,66.7181577380908,135
-7.6926,53.28823,2021/08/14 23:00:00+00,Sun 15 Aug 2021,17000,3730,51,3341952,2913414,232063,3574015,3145477,75.8990355936102,66.7984523797136,136
-7.6926,53.28823,2021/08/15 23:00:00+00,Mon 16 Aug 2021,10191,23156,384,3352143,2936570,232447,3584590,3169017,76.1236100012168,67.2983560728636,137
-7.6926,53.28823,2021/08/16 23:00:00+00,Tue 17 Aug 2021,12866,26866,528,3365009,2963436,232975,3597984,3196411,76.4080496811681,67.8801046612303,138
-7.6926,53.28823,2021/08/17 23:00:00+00,Wed 18 Aug 2021,15235,25765,658,3380244,2989201,233633,3613877,3222834,76.7455590012714,68.4412327531633,139
-7.6926,53.28823,2021/08/18 23:00:00+00,Thu 19 Aug 2021,11363,25708,544,3391607,3014909,234177,3625784,3249086,76.9984202278788,68.9987294291435,140
-7.6926,53.28823,2021/08/19 23:00:00+00,Fri 20 Aug 2021,14850,22250,686,3406457,3037159,234863,3641320,3272022,77.3283481708176,69.4858063665305,141
-7.6926,53.28823,2021/08/20 23:00:00+00,Sat 21 Aug 2021,11895,7979,246,3418352,3045138,235109,3653461,3280247,77.5861787034656,69.6604753502246,142
-7.6926,53.28823,2021/08/21 23:00:00+00,Sun 22 Aug 2021,8005,12251,161,3426357,3057389,235270,3661627,3292659,77.7595947424742,69.9240609338855,143
-7.6926,53.28823,2021/08/22 23:00:00+00,Mon 23 Aug 2021,10868,15385,290,3437225,3072774,235560,3672785,3308334,77.9965499424813,70.2569407295578,144
-7.6926,53.28823,2021/08/23 23:00:00+00,Tue 24 Aug 2021,9713,22924,384,3446938,3095698,235944,3682882,3331642,78.2109733745007,70.7519175893684,145
-7.6926,53.28823,2021/01/03 00:00:00+00,Sun 03 Jan 2021,20,2,1,4242,21,2,4244,23,0.0901270719510918,0.000488436063825427,146
-7.6926,53.28823,2021/12/29 00:00:00+00,Wed 29 Dec 2021,1058,1306,0,3684838,3632066,240837,3925675,3872903,83.3670106459949,82.2463259520734,147
-7.6926,53.28823,2022/04/29 23:00:00+00,Sat 30 Apr 2022,281,723,0,3843123,3790264,240880,4084003,4031144,86.7293195639668,85.6067873075429,148
-7.6926,53.28823,2021/08/30 23:00:00+00,Tue 31 Aug 2021,4064,12891,143,3502513,3195027,237470,3739983,3432497,79.4235902301744,72.8937097292429,149
-7.6926,53.28823,2021/08/31 23:00:00+00,Wed 01 Sep 2021,4965,12536,181,3507478,3207563,237651,3745129,3445214,79.5328724903677,73.1637723998372,150
-7.6926,53.28823,2021/09/01 23:00:00+00,Thu 02 Sep 2021,5010,12362,248,3512488,3219925,237899,3750387,3457824,79.6445332218283,73.4315627809171,151
-7.6926,53.28823,2021/09/02 23:00:00+00,Fri 03 Sep 2021,4774,16071,166,3517262,3235996,238065,3755327,3474061,79.7494407937978,73.7763774056272,152
-7.6926,53.28823,2021/09/03 23:00:00+00,Sat 04 Sep 2021,4628,10583,135,3521890,3246579,238200,3760090,3484779,79.8505895317109,74.0039886113699,153
-7.6926,53.28823,2021/09/04 23:00:00+00,Sun 05 Sep 2021,5307,11903,1,3527197,3258482,238201,3765398,3496683,79.9633120807015,74.2567861289255,154
-7.6926,53.28823,2021/09/05 23:00:00+00,Mon 06 Sep 2021,2160,9680,75,3529357,3268162,238276,3767633,3506438,80.010775324295,74.4639467290392,155
-7.6926,53.28823,2021/09/06 23:00:00+00,Tue 07 Sep 2021,3031,10024,158,3532388,3278186,238434,3770822,3516620,80.0784980463619,74.6801752508597,156
-7.6926,53.28823,2021/09/07 23:00:00+00,Wed 08 Sep 2021,2609,14798,189,3534997,3292984,238623,3773620,3531607,80.1379173553438,74.9984444373185,157
-7.6926,53.28823,2021/09/08 23:00:00+00,Thu 09 Sep 2021,3116,14810,138,3538113,3307794,238761,3776874,3546555,80.2070204401998,75.3158854061038,158
-7.6926,53.28823,2021/09/09 23:00:00+00,Fri 10 Sep 2021,3385,13946,116,3541498,3321740,238877,3780375,3560617,80.2813689036543,75.6145109682565,159
-7.6926,53.28823,2021/09/10 23:00:00+00,Sat 11 Sep 2021,2559,11339,62,3544057,3333079,238939,3782996,3572018,80.3370293785798,75.8566266014597,160
-7.6926,53.28823,2021/09/11 23:00:00+00,Sun 12 Sep 2021,2041,12883,1,3546098,3345962,238940,3785038,3584902,80.3803940065072,76.1302357426044,161
-7.6926,53.28823,2021/09/12 23:00:00+00,Mon 13 Sep 2021,1617,7745,52,3547715,3353707,238992,3786707,3592699,80.4158374756605,76.2958155682412,162
-7.6926,53.28823,2021/09/13 23:00:00+00,Tue 14 Sep 2021,1548,10785,82,3549263,3364492,239074,3788337,3603566,80.4504527271403,76.5265909902234,163
-7.6926,53.28823,2021/09/14 23:00:00+00,Wed 15 Sep 2021,3283,12367,137,3552546,3376859,239211,3791757,3616070,80.5230810461961,76.7921303181396,164
-7.6926,53.28823,2021/09/15 23:00:00+00,Thu 16 Sep 2021,1913,10576,115,3554459,3387435,239326,3793785,3626761,80.5661483652151,77.0191681424161,165
-7.6926,53.28823,2021/09/16 23:00:00+00,Fri 17 Sep 2021,2560,14615,94,3557019,3402050,239420,3796439,3641470,80.6225096397104,77.3315336234077,166
-7.6926,53.28823,2021/09/17 23:00:00+00,Sat 18 Sep 2021,2289,11233,47,3559308,3413283,239467,3798775,3652750,80.6721177547146,77.5710796581882,167
-7.6926,53.28823,2021/09/18 23:00:00+00,Sun 19 Sep 2021,1862,8491,16,3561170,3421774,239483,3800653,3661257,80.7119996211435,77.7517372927518,168
-7.6926,53.28823,2021/09/19 23:00:00+00,Mon 20 Sep 2021,955,5625,35,3562125,3427399,239518,3801643,3666917,80.7330236082386,77.8719350371541,169
-7.6926,53.28823,2021/09/20 23:00:00+00,Tue 21 Sep 2021,1466,6671,90,3563591,3434070,239608,3803199,3673678,80.7660673697739,78.0155140035681,170
-7.6926,53.28823,2021/09/21 23:00:00+00,Wed 22 Sep 2021,1896,8150,97,3565487,3442220,239705,3805192,3681925,80.8083914165219,78.1906501869754,171
-7.6926,53.28823,2021/09/22 23:00:00+00,Thu 23 Sep 2021,1698,8727,89,3567185,3450947,239794,3806979,3690741,80.8463407750461,78.3778698538748,172
-7.6926,53.28823,2021/09/23 23:00:00+00,Fri 24 Sep 2021,1911,7379,79,3569096,3458326,239873,3808969,3698199,80.8886011127423,78.5362505566578,173
-7.6926,53.28823,2021/09/24 23:00:00+00,Sat 25 Sep 2021,2421,6602,53,3571517,3464928,239926,3811443,3704854,80.9411398441294,78.6775784699082,174
-7.6926,53.28823,2021/09/25 23:00:00+00,Sun 26 Sep 2021,1549,7098,0,3573066,3472026,239926,3812992,3711952,80.9740349512106,78.8283140864748,175
-7.6926,53.28823,2021/09/26 23:00:00+00,Mon 27 Sep 2021,1176,3824,45,3574242,3475850,239971,3814213,3715821,80.9999645352945,78.9104775269505,176
-7.6926,53.28823,2021/09/27 23:00:00+00,Tue 28 Sep 2021,1450,5134,93,3575692,3480984,240064,3815756,3721048,81.032732224272,79.0214799315425,177
-7.6926,53.28823,2021/09/28 23:00:00+00,Wed 29 Sep 2021,1651,3630,79,3577343,3484614,240143,3817486,3724757,81.0694711108119,79.100245555922,178
-7.6926,53.28823,2021/09/29 23:00:00+00,Thu 30 Sep 2021,1280,3974,78,3578623,3488588,240221,3818844,3728809,81.0983100749282,79.1862952485577,179
-7.6926,53.28823,2021/09/30 23:00:00+00,Fri 01 Oct 2021,1859,5184,42,3580482,3493772,240263,3820745,3734035,81.1386803774209,79.2972764167991,180
-7.6926,53.28823,2021/10/01 23:00:00+00,Sat 02 Oct 2021,1705,4094,40,3582187,3497866,240303,3822490,3738169,81.1757378092199,79.385067490184,181
-7.6926,53.28823,2021/10/02 23:00:00+00,Sun 03 Oct 2021,1196,3020,9,3583383,3500886,240312,3823695,3741198,81.2013276116942,79.4493923961548,182
-7.6926,53.28823,2021/10/03 23:00:00+00,Mon 04 Oct 2021,339,1242,18,3583722,3502128,240330,3824052,3742458,81.2089089888588,79.4761501979122,183
-7.6926,53.28823,2021/10/04 23:00:00+00,Tue 05 Oct 2021,959,2825,70,3584681,3504953,240400,3825081,3745353,81.2307611936273,79.5376294329024,184
-7.6926,53.28823,2021/10/05 23:00:00+00,Wed 06 Oct 2021,975,2574,40,3585656,3507527,240440,3826096,3747967,81.2523160894874,79.5931412533737,185
-7.6926,53.28823,2021/10/06 23:00:00+00,Thu 07 Oct 2021,1213,2700,44,3586869,3510227,240484,3827353,3750711,81.279010182193,79.6514137994231,186
-7.6926,53.28823,2021/10/07 23:00:00+00,Fri 08 Oct 2021,937,2772,48,3587806,3512999,240532,3828338,3753531,81.2999279875351,79.7113003081182,187
-7.6926,53.28823,2021/10/08 23:00:00+00,Sat 09 Oct 2021,731,2377,23,3588537,3515376,240555,3829092,3755931,81.3159401958883,79.7622675495609,188
-7.6926,53.28823,2021/10/09 23:00:00+00,Sun 10 Oct 2021,1507,3918,2,3590044,3519294,240557,3830601,3759851,81.3479858489454,79.8455140439172,189
-7.6926,53.28823,2021/10/10 23:00:00+00,Mon 11 Oct 2021,334,1130,19,3590378,3520424,240576,3830954,3761000,81.3554822807076,79.8699146107579,190
-7.6926,53.28823,2021/10/11 23:00:00+00,Tue 12 Oct 2021,562,1611,20,3590940,3522035,240596,3831536,3762631,81.3678418367574,79.9045510985883,191
-7.6926,53.28823,2021/10/12 23:00:00+00,Wed 13 Oct 2021,989,2073,11,3591929,3524108,240607,3832536,3764715,81.3890781873585,79.948807653241,192
-7.6926,53.28823,2021/10/13 23:00:00+00,Thu 14 Oct 2021,670,1604,8,3592599,3525712,240615,3833214,3766327,81.4034764330661,79.9830406504099,193
-7.6926,53.28823,2021/10/14 23:00:00+00,Fri 15 Oct 2021,954,2071,9,3593553,3527783,240624,3834177,3768407,81.423927038695,80.0272122596602,194
-7.6926,53.28823,2021/10/15 23:00:00+00,Sat 16 Oct 2021,1373,2648,14,3594926,3530431,240638,3835564,3771069,81.4533818569787,80.0837434249604,195
-7.6926,53.28823,2021/10/16 23:00:00+00,Sun 17 Oct 2021,1701,2892,2,3596627,3533323,240640,3837267,3773963,81.4895473620524,80.1452014236,196
-7.6926,53.28823,2021/10/17 23:00:00+00,Mon 18 Oct 2021,674,1246,6,3597301,3534569,240646,3837947,3775215,81.5039880804611,80.1717893345526,197
-7.6926,53.28823,2021/10/18 23:00:00+00,Tue 19 Oct 2021,1333,1802,13,3598634,3536371,240659,3839293,3777030,81.5325722083702,80.2103333108936,198
-7.6926,53.28823,2021/10/19 23:00:00+00,Wed 20 Oct 2021,2253,2329,0,3600887,3538700,240659,3841546,3779359,81.5804177062745,80.2597927714436,199
-7.6926,53.28823,2021/10/20 23:00:00+00,Thu 21 Oct 2021,1730,1842,11,3602617,3540542,240670,3843287,3781212,81.617390192671,80.2991437291074,200
-7.6926,53.28823,2021/10/21 23:00:00+00,Fri 22 Oct 2021,1505,1927,3,3604122,3542469,240673,3844795,3783142,81.6494146093775,80.3401298857675,201
-7.6926,53.28823,2021/10/22 23:00:00+00,Sat 23 Oct 2021,2015,1701,1,3606137,3544170,240674,3846811,3784844,81.6922270921893,80.3762741544906,202
-7.6926,53.28823,2021/10/23 23:00:00+00,Sun 24 Oct 2021,1949,2186,2,3608086,3546356,240676,3848762,3787032,81.7336592122121,80.4227392896058,203
-7.6926,53.28823,2021/10/24 23:00:00+00,Mon 25 Oct 2021,1221,853,2,3609307,3547209,240678,3849985,3787887,81.7596312689972,80.4408963693698,204
-7.6926,53.28823,2021/10/25 23:00:00+00,Tue 26 Oct 2021,1236,1228,6,3610543,3548437,240684,3851227,3789121,81.7860068164438,80.4671020260116,205
-7.6926,53.28823,2021/10/26 23:00:00+00,Wed 27 Oct 2021,1555,1420,6,3612098,3549857,240690,3852788,3790547,81.8191567597321,80.4973850619687,206
-7.6926,53.28823,2021/10/27 23:00:00+00,Thu 28 Oct 2021,2149,1690,5,3614247,3551547,240695,3854942,3792242,81.8648998589269,80.5333806762376,207
-7.6926,53.28823,2021/10/28 23:00:00+00,Fri 29 Oct 2021,2136,1362,2,3616383,3552909,240697,3857080,3793606,81.9103031765121,80.5623470584575,208
-7.6926,53.28823,2021/10/29 23:00:00+00,Sat 30 Oct 2021,2020,1450,1,3618403,3554359,240698,3859101,3795057,81.9532218410769,80.5931610031797,209
-7.6926,53.28823,2021/10/30 23:00:00+00,Sun 31 Oct 2021,1596,1320,0,3619999,3555679,240698,3860697,3796377,81.9871150566363,80.6211929859732,210
-7.6926,53.28823,2021/11/01 00:00:00+00,Mon 01 Nov 2021,278,288,2,3620277,3555967,240700,3860977,3796667,81.9930612348046,80.6273515276475,211
-7.6926,53.28823,2021/11/02 00:00:00+00,Tue 02 Nov 2021,1098,1094,10,3621375,3557061,240710,3862085,3797771,82.0165911112706,80.6507964587111,212
-7.6926,53.28823,2021/11/03 00:00:00+00,Wed 03 Nov 2021,2533,1879,6,3623908,3558940,240716,3864624,3799656,82.0705102054468,80.6908269795942,213
-7.6926,53.28823,2021/11/04 00:00:00+00,Thu 04 Nov 2021,1534,1282,1,3625442,3560222,240717,3866159,3800939,82.1031080036195,80.7180732174154,214
-7.6926,53.28823,2021/11/05 00:00:00+00,Fri 05 Nov 2021,1628,1094,3,3627070,3561316,240720,3867790,3802036,82.1377444914499,80.7413694940248,215
-7.6926,53.28823,2021/11/06 00:00:00+00,Sat 06 Nov 2021,1815,1355,6,3628885,3562671,240726,3869611,3803397,82.1764158858945,80.7702721671929,216
-7.6926,53.28823,2021/11/07 00:00:00+00,Sun 07 Nov 2021,695,775,0,3629580,3563446,240726,3870306,3804172,82.1911751495623,80.7867303389088,217
-7.6926,53.28823,2021/11/08 00:00:00+00,Mon 08 Nov 2021,517,529,3,3630097,3563975,240729,3870826,3804704,82.2022180518749,80.7980280774286,218
-7.6926,53.28823,2021/11/09 00:00:00+00,Tue 09 Nov 2021,1370,1063,3,3631467,3565038,240732,3872199,3805770,82.2313755612502,80.8206660271694,219
-7.6926,53.28823,2021/11/10 00:00:00+00,Wed 10 Nov 2021,1608,1360,1,3633075,3566398,240733,3873808,3807131,82.2655448493674,80.8495687003375,220
-7.6926,53.28823,2021/11/11 00:00:00+00,Thu 11 Nov 2021,1385,1111,1,3634460,3567509,240734,3875194,3808243,82.2949784313005,80.8731835222059,221
-7.6926,53.28823,2021/11/12 00:00:00+00,Fri 12 Nov 2021,1141,1156,6,3635601,3568665,240740,3876341,3809405,82.31933652544,80.8978601616044,222
-7.6926,53.28823,2021/11/13 00:00:00+00,Sat 13 Nov 2021,1396,1375,0,3636997,3570040,240740,3877737,3810780,82.3489824708791,80.9270601436809,223
-7.6926,53.28823,2021/11/14 00:00:00+00,Sun 14 Nov 2021,1648,1806,0,3638645,3571846,240740,3879385,3812586,82.3839799766697,80.9654129928665,224
-7.6926,53.28823,2021/11/15 00:00:00+00,Mon 15 Nov 2021,1239,593,1,3639884,3572439,240741,3880625,3813180,82.4103130514151,80.9780273851236,225
-7.6926,53.28823,2021/11/16 00:00:00+00,Tue 16 Nov 2021,1315,1072,5,3641199,3573511,240746,3881945,3814257,82.4383450342086,81.000898934721,226
-7.6926,53.28823,2021/11/17 00:00:00+00,Wed 17 Nov 2021,1497,1115,1,3642696,3574626,240747,3883443,3815373,82.470157087409,81.0245987019918,227
-7.6926,53.28823,2021/11/18 00:00:00+00,Thu 18 Nov 2021,1642,2501,5,3644338,3577127,240752,3885090,3817879,82.505133356849,81.0778169965981,228
-7.6926,53.28823,2021/11/19 00:00:00+00,Fri 19 Nov 2021,1162,1553,0,3645500,3578680,240752,3886252,3819432,82.5298099962475,81.1107970490817,229
-7.6926,53.28823,2021/11/20 00:00:00+00,Sat 20 Nov 2021,1545,2940,12,3647045,3581620,240764,3887809,3822384,82.5628749941335,81.1734867560561,230
-7.6926,53.28823,2021/11/21 00:00:00+00,Sun 21 Nov 2021,1788,2766,0,3648833,3584386,240764,3889597,3825150,82.6008455890082,81.2322265018188,231
-7.6926,53.28823,2021/11/22 00:00:00+00,Mon 22 Nov 2021,719,519,2,3649552,3584905,240766,3890318,3825671,82.6161569977916,81.243290640482,232
-7.6926,53.28823,2021/11/23 00:00:00+00,Tue 23 Nov 2021,2153,1592,7,3651705,3586497,240773,3892478,3827270,82.66202751509,81.2772475650931,233
-7.6926,53.28823,2021/11/24 00:00:00+00,Wed 24 Nov 2021,1607,3143,2,3653312,3589640,240775,3894087,3830415,82.6961968032072,81.3440358877336,234
-7.6926,53.28823,2021/11/25 00:00:00+00,Thu 25 Nov 2021,975,1184,1,3654287,3590824,240776,3895063,3831600,82.7169234813939,81.3692009631959,235
-7.6926,53.28823,2021/11/26 00:00:00+00,Fri 26 Nov 2021,1285,1105,12,3655572,3591929,240788,3896360,3832717,82.7444670281235,81.3929219668174,236
-7.6926,53.28823,2021/11/27 00:00:00+00,Sat 27 Nov 2021,1200,1565,6,3656772,3593494,240794,3897566,3834288,82.7700780669484,81.4262842736117,237
-7.6926,53.28823,2021/11/28 00:00:00+00,Sun 28 Nov 2021,1953,2256,1,3658725,3595750,240795,3899520,3836545,82.811573896023,81.4742147169184,238
-7.6926,53.28823,2021/11/29 00:00:00+00,Mon 29 Nov 2021,533,993,1,3659258,3596743,240796,3900054,3837539,82.822914107244,81.4953236494159,239
-7.6926,53.28823,2021/11/30 00:00:00+00,Tue 30 Nov 2021,1894,1646,6,3661152,3598389,240802,3901954,3839191,82.8632631733861,81.5304061006089,240
-7.6926,53.28823,2021/12/01 00:00:00+00,Wed 01 Dec 2021,1037,1380,4,3662189,3599769,240806,3902995,3840575,82.8853702143618,81.5597972098409,241
-7.6926,53.28823,2021/12/02 00:00:00+00,Thu 02 Dec 2021,1739,1411,0,3663928,3601180,240806,3904734,3841986,82.9223002280572,81.589761700539,242
-7.6926,53.28823,2021/12/03 00:00:00+00,Fri 03 Dec 2021,1014,1186,2,3664942,3602366,240808,3905750,3843174,82.9438763602679,81.6149904850531,243
-7.6926,53.28823,2021/12/04 00:00:00+00,Sat 04 Dec 2021,1202,1699,1,3666144,3604065,240809,3906953,3844874,82.969423690041,81.651092281075,244
-7.6926,53.28823,2021/12/05 00:00:00+00,Sun 05 Dec 2021,1346,1774,2,3667490,3605839,240811,3908301,3846650,82.9980502906513,81.6888080397426,245
-7.6926,53.28823,2021/12/06 00:00:00+00,Mon 06 Dec 2021,932,1297,0,3668422,3607136,240811,3909233,3847947,83.0178425694115,81.7163515864722,246
-7.6926,53.28823,2021/12/07 00:00:00+00,Tue 07 Dec 2021,483,741,2,3668905,3607877,240813,3909718,3848690,83.0281421994531,81.7321301949688,247
-7.6926,53.28823,2021/12/08 00:00:00+00,Wed 08 Dec 2021,785,1517,2,3669690,3609394,240815,3910505,3850209,83.0448552073761,81.7643882115319,248
-7.6926,53.28823,2021/12/09 00:00:00+00,Thu 09 Dec 2021,784,1209,1,3670474,3610603,240816,3911290,3851419,83.061525742598,81.7900841957592,249
-7.6926,53.28823,2021/12/10 00:00:00+00,Fri 10 Dec 2021,886,1612,1,3671360,3612215,240817,3912177,3853032,83.0803623855812,81.8243384292788,250
-7.6926,53.28823,2021/12/11 00:00:00+00,Sat 11 Dec 2021,638,841,2,3671998,3613056,240819,3912817,3853875,83.0939536499659,81.8422406728355,251
-7.6926,53.28823,2021/12/12 00:00:00+00,Sun 12 Dec 2021,686,1191,0,3672684,3614247,240819,3913503,3855066,83.1085217864783,81.8675331664015,252
-7.6926,53.28823,2021/12/13 00:00:00+00,Mon 13 Dec 2021,719,1068,1,3673403,3615315,240820,3914223,3856135,83.1238119589111,81.890234825194,253
-7.6926,53.28823,2021/12/14 00:00:00+00,Tue 14 Dec 2021,625,1200,3,3674028,3616515,240823,3914851,3857338,83.1371483870886,81.9157821549672,254
-7.6926,53.28823,2021/12/15 00:00:00+00,Wed 15 Dec 2021,787,1256,0,3674815,3617771,240823,3915638,3858594,83.1538613950116,81.9424550113222,255
-7.6926,53.28823,2021/12/16 00:00:00+00,Thu 16 Dec 2021,1041,1541,7,3675856,3619312,240830,3916686,3860142,83.1761170904416,81.9753288820527,256
-7.6926,53.28823,2021/12/17 00:00:00+00,Fri 17 Dec 2021,1197,2458,1,3677053,3621770,240831,3917884,3862601,83.2015582384617,82.0275490681808,257
-7.6926,53.28823,2021/12/18 00:00:00+00,Sat 18 Dec 2021,1245,1183,0,3678298,3622953,240831,3919129,3863784,83.2279974949601,82.0526716709419,258
-7.6926,53.28823,2021/12/19 00:00:00+00,Sun 19 Dec 2021,541,887,1,3678839,3623840,240832,3919671,3864672,83.2395075969859,82.0715295502757,259
-7.6926,53.28823,2021/12/20 00:00:00+00,Mon 20 Dec 2021,504,615,0,3679343,3624455,240832,3920175,3865287,83.2502107176888,82.0845899058954,260
-7.6926,53.28823,2021/12/21 00:00:00+00,Tue 21 Dec 2021,1395,1816,3,3680738,3626271,240835,3921573,3867106,83.2798991358292,82.1232188276388,261
-7.6926,53.28823,2021/12/22 00:00:00+00,Wed 22 Dec 2021,1155,1592,2,3681893,3627863,240837,3922730,3868700,83.3044695934747,82.1570695704969,262
-7.6926,53.28823,2021/01/04 00:00:00+00,Mon 04 Jan 2021,1190,3,0,5432,24,2,5434,26,0.115398329166407,0.000552145115628744,263
-7.6926,53.28823,2021/01/05 00:00:00+00,Tue 05 Jan 2021,3531,13,0,8963,37,2,8965,39,0.190383883138911,0.000828217673443115,264
-7.6926,53.28823,2021/01/06 00:00:00+00,Wed 06 Jan 2021,6777,12,0,15740,49,2,15742,51,0.334302631162603,0.00108305388065638,265
-7.6926,53.28823,2021/12/30 00:00:00+00,Thu 30 Dec 2021,1046,1195,1,3685884,3633261,240838,3926722,3874099,83.3892451050743,82.2717246273923,266
-7.6926,53.28823,2021/01/07 00:00:00+00,Thu 07 Jan 2021,11727,8,0,27467,57,2,27469,59,0.583341314661768,0.00125294468546523,267
-7.6926,53.28823,2022/04/30 23:00:00+00,Sun 01 May 2022,187,746,0,3843310,3791010,240880,4084190,4031890,86.7332907615292,85.6226296250913,268
-7.6926,53.28823,2021/12/31 00:00:00+00,Fri 31 Dec 2021,711,1680,0,3686595,3634941,240838,3927433,3875779,83.4043441503517,82.3074016964022,269
-7.6926,53.28823,2021/01/08 00:00:00+00,Fri 08 Jan 2021,12682,5,0,40149,62,2,40151,64,0.852660712984988,0.00135912643847075,270
-7.6926,53.28823,2022/01/01 00:00:00+00,Sat 01 Jan 2022,64,99,0,3686659,3635040,240838,3927497,3875878,83.4057032767901,82.3095040951117,271
-7.6926,53.28823,2022/05/01 23:00:00+00,Mon 02 May 2022,13,26,0,3843323,3791036,240880,4084203,4031916,86.733566834087,85.623181770207,272
-7.6926,53.28823,2021/01/09 00:00:00+00,Sat 09 Jan 2021,8073,7,0,48222,69,2,48224,71,1.02410177138771,0.00150778089267849,273
-7.6926,53.28823,2022/01/02 00:00:00+00,Sun 02 Jan 2022,270,627,0,3686929,3635667,240838,3927767,3876505,83.4114370914524,82.3228192869386,274
-7.6926,53.28823,2022/05/02 23:00:00+00,Tue 03 May 2022,101,117,0,3843424,3791153,240880,4084304,4032033,86.7357117054977,85.6256664232273,275
-7.6926,53.28823,2021/01/10 00:00:00+00,Sun 10 Jan 2021,4781,4,1,53003,73,3,53006,76,1.1256539999622,0.00161396264568402,276
-7.6926,53.28823,2022/01/03 00:00:00+00,Mon 03 Jan 2022,3630,727,1,3690559,3636394,240839,3931398,3877233,83.488546280485,82.3382793501762,277
-7.6926,53.28823,2022/05/03 23:00:00+00,Wed 04 May 2022,116,128,0,3843540,3791281,240880,4084420,4032161,86.7381751221674,85.6283846761042,278
-7.6926,53.28823,2021/01/11 00:00:00+00,Mon 11 Jan 2021,8343,7,0,61346,80,3,61349,83,1.30282887302722,0.00176261709989176,279
-7.6926,53.28823,2022/01/04 00:00:00+00,Tue 04 Jan 2022,1186,780,1,3691745,3637174,240840,3932585,3878014,83.5137538286486,82.3548649399956,280
-7.6926,53.28823,2022/05/04 23:00:00+00,Thu 05 May 2022,117,164,0,3843657,3791445,240880,4084537,4032325,86.7406597751878,85.6318674376028,281
-7.6926,53.28823,2021/01/12 00:00:00+00,Tue 12 Jan 2021,8885,10,0,70231,90,3,70234,93,1.49151384811805,0.00197498060590281,282
-7.6926,53.28823,2022/01/05 00:00:00+00,Wed 05 Jan 2022,2140,901,0,3693885,3638075,240840,3934725,3878915,83.5591996189349,82.3739988918872,283
-7.6926,53.28823,2022/05/05 23:00:00+00,Fri 06 May 2022,140,257,0,3843797,3791702,240880,4084677,4032582,86.7436328642719,85.6373251797073,284
-7.6926,53.28823,2021/01/13 00:00:00+00,Wed 13 Jan 2021,9887,4,0,80118,94,3,80121,97,1.70147764651118,0.00205992600830724,285
-7.6926,53.28823,2022/01/06 00:00:00+00,Thu 06 Jan 2022,2455,1693,1,3696340,3639768,240841,3937181,3880609,83.6113560960112,82.4099732698055,286
-7.6926,53.28823,2022/05/06 23:00:00+00,Sat 07 May 2022,441,1088,0,3844238,3792790,240880,4085118,4033670,86.752998094887,85.6604303291613,287
-7.6926,53.28823,2021/01/14 00:00:00+00,Thu 14 Jan 2021,8084,4,0,88202,98,3,88205,101,1.87315230477051,0.00214487141071166,288
-7.6926,53.28823,2022/01/07 00:00:00+00,Fri 07 Jan 2022,4853,785,2,3701193,3640553,240843,3942036,3881396,83.7144585781796,82.4266862777286,289
-7.6926,53.28823,2022/05/07 23:00:00+00,Sun 08 May 2022,275,437,0,3844513,3793227,240880,4085393,4034107,86.7588380913023,85.669710614374,290
-7.6926,53.28823,2021/01/15 00:00:00+00,Fri 15 Jan 2021,7691,2,0,95893,100,3,95896,103,2.03648107724361,0.00218734411191387,291
-7.6926,53.28823,2022/01/08 00:00:00+00,Sat 08 Jan 2022,9789,738,2,3710982,3641291,240845,3951827,3882136,83.922383686915,82.4424011771734,292
-7.6926,53.28823,2022/05/08 23:00:00+00,Mon 09 May 2022,27,32,0,3844540,3793259,240880,4085420,4034139,86.7594114727685,85.6703901775932,293
-7.6926,53.28823,2022/05/09 23:00:00+00,Tue 10 May 2022,86,98,1,3844626,3793357,240881,4085507,4034238,86.7612590352708,85.6724925763027,294
-7.6926,53.28823,2022/05/10 23:00:00+00,Wed 11 May 2022,123,132,0,3844749,3793489,240881,4085630,4034370,86.7638711063947,85.6752957745821,295
-7.6926,53.28823,2022/05/11 23:00:00+00,Thu 12 May 2022,247,397,0,3844996,3793886,240881,4085877,4034767,86.7691164849932,85.6837266057707,296
-7.6926,53.28823,2022/05/12 23:00:00+00,Fri 13 May 2022,182,326,0,3845178,3794212,240881,4086059,4035093,86.7729815008026,85.6906496560667,297
-7.6926,53.28823,2022/05/13 23:00:00+00,Sat 14 May 2022,333,632,0,3845511,3794844,240881,4086392,4035725,86.7800532055528,85.7040710296466,298
-7.6926,53.28823,2022/05/14 23:00:00+00,Sun 15 May 2022,169,254,0,3845680,3795098,240881,4086561,4035979,86.7836421488044,85.7094650626993,299
-7.6926,53.28823,2022/05/15 23:00:00+00,Mon 16 May 2022,32,40,0,3845712,3795138,240881,4086593,4036019,86.7843217120236,85.7103145167233,300
-7.6926,53.28823,2022/05/16 23:00:00+00,Tue 17 May 2022,97,96,0,3845809,3795234,240881,4086690,4036115,86.7863816380319,85.712353206381,301
-7.6926,53.28823,2022/05/17 23:00:00+00,Wed 18 May 2022,103,121,0,3845912,3795355,240881,4086793,4036236,86.7885689821438,85.7149228048037,302
-7.6926,53.28823,2022/05/18 23:00:00+00,Thu 19 May 2022,100,104,0,3846012,3795459,240881,4086893,4036340,86.7906926172039,85.7171313852663,303
-7.6926,53.28823,2022/05/19 23:00:00+00,Fri 20 May 2022,127,208,0,3846139,3795667,240881,4087020,4036548,86.7933896337303,85.7215485461913,304
-7.6926,53.28823,2022/05/20 23:00:00+00,Sat 21 May 2022,393,761,0,3846532,3796428,240881,4087413,4037309,86.8017355195165,85.7377094089987,305
-7.6926,53.28823,2022/05/21 23:00:00+00,Sun 22 May 2022,234,409,0,3846766,3796837,240881,4087647,4037718,86.8067048255572,85.7463950763946,306
-7.6926,53.28823,2022/05/22 23:00:00+00,Mon 23 May 2022,30,35,0,3846796,3796872,240881,4087677,4037753,86.8073419160752,85.7471383486656,307
-7.6926,53.28823,2022/05/23 23:00:00+00,Tue 24 May 2022,77,83,0,3846873,3796955,240881,4087754,4037836,86.8089771150715,85.7489009657655,308
-7.6926,53.28823,2022/05/24 23:00:00+00,Wed 25 May 2022,88,134,1,3846961,3797089,240882,4087843,4037971,86.810867150275,85.7517678730967,309
-7.6926,53.28823,2022/05/25 23:00:00+00,Thu 26 May 2022,135,155,0,3847096,3797244,240882,4087978,4038126,86.8137340576062,85.7550595074398,310
-7.6926,53.28823,2022/05/26 23:00:00+00,Fri 27 May 2022,98,151,0,3847194,3797395,240882,4088076,4038277,86.8158152199651,85.7582661963806,311
-7.6926,53.28823,2022/05/27 23:00:00+00,Sat 28 May 2022,335,578,0,3847529,3797973,240882,4088411,4038855,86.8229293974164,85.770540807028,312
-7.6926,53.28823,2022/05/28 23:00:00+00,Sun 29 May 2022,182,349,0,3847711,3798322,240882,4088593,4039204,86.8267944132258,85.7779522933878,313
-7.6926,53.28823,2022/05/29 23:00:00+00,Mon 30 May 2022,11,21,0,3847722,3798343,240882,4088604,4039225,86.8270280130824,85.7783982567504,314
-7.6926,53.28823,2022/05/30 23:00:00+00,Tue 31 May 2022,66,79,1,3847788,3798422,240883,4088671,4039305,86.8284508485727,85.7800971647985,315
-7.6926,53.28823,2022/05/31 23:00:00+00,Wed 01 Jun 2022,71,100,0,3847859,3798522,240883,4088742,4039405,86.8299586294654,85.7822207998586,316
-7.6926,53.28823,2022/06/01 23:00:00+00,Thu 02 Jun 2022,120,138,0,3847979,3798660,240883,4088862,4039543,86.8325069915375,85.7851514162416,317
-7.6926,53.28823,2022/06/02 23:00:00+00,Fri 03 Jun 2022,63,144,0,3848042,3798804,240883,4088925,4039687,86.8338448816254,85.7882094507282,318
-7.6926,53.28823,2022/06/03 23:00:00+00,Sat 04 Jun 2022,307,606,0,3848349,3799410,240883,4089232,4040293,86.8403644412599,85.8010786791924,319
-7.6926,53.28823,2022/06/04 23:00:00+00,Sun 05 Jun 2022,142,273,0,3848491,3799683,240883,4089374,4040566,86.8433800030453,85.8068762029065,320
-7.6926,53.28823,2022/06/05 23:00:00+00,Mon 06 Jun 2022,3,6,1,3848494,3799689,240884,4089378,4040573,86.8434649484477,85.8070248573607,321
-7.6926,53.28823,2022/06/06 23:00:00+00,Tue 07 Jun 2022,29,50,0,3848523,3799739,240884,4089407,4040623,86.8440808026151,85.8080866748908,322
-7.6926,53.28823,2022/06/07 23:00:00+00,Wed 08 Jun 2022,41,76,0,3848564,3799815,240884,4089448,4040699,86.8449514929898,85.8097006375365,323
-7.6926,53.28823,2022/06/08 23:00:00+00,Thu 09 Jun 2022,83,123,0,3848647,3799938,240884,4089531,4040822,86.8467141100897,85.8123127086604,324
-7.6926,53.28823,2022/06/09 23:00:00+00,Fri 10 Jun 2022,56,108,0,3848703,3800046,240884,4089587,4040930,86.8479033457233,85.8146062345253,325
-7.6926,53.28823,2022/06/10 23:00:00+00,Sat 11 Jun 2022,190,560,0,3848893,3800606,240884,4089777,4041490,86.8519382523375,85.826498590862,326
-7.6926,53.28823,2022/06/11 23:00:00+00,Sun 12 Jun 2022,143,287,0,3849036,3800893,240884,4089920,4041777,86.8549750504735,85.8325934234845,327
-7.6926,53.28823,2022/06/12 23:00:00+00,Mon 13 Jun 2022,19,44,0,3849055,3800937,240884,4089939,4041821,86.8553785411349,85.8335278229109,328
-7.6926,53.28823,2022/06/13 23:00:00+00,Tue 14 Jun 2022,39,55,0,3849094,3800992,240884,4089978,4041876,86.8562067588084,85.834695822194,329
-7.6926,53.28823,2022/06/14 23:00:00+00,Wed 15 Jun 2022,70,122,0,3849164,3801114,240884,4090048,4041998,86.8576933033504,85.8372866569673,330
-7.6926,53.28823,2022/06/15 23:00:00+00,Thu 16 Jun 2022,82,85,0,3849246,3801199,240884,4090130,4042083,86.8594346840997,85.8390917467684,331
-7.6926,53.28823,2022/06/16 23:00:00+00,Fri 17 Jun 2022,60,94,0,3849306,3801293,240884,4090190,4042177,86.8607088651358,85.8410879637249,332
-7.6926,53.28823,2022/06/17 23:00:00+00,Sat 18 Jun 2022,223,487,0,3849529,3801780,240884,4090413,4042664,86.8654445713198,85.8514300664676,333
-7.6926,53.28823,2022/06/18 23:00:00+00,Sun 19 Jun 2022,80,129,0,3849609,3801909,240884,4090493,4042793,86.8671434793679,85.8541695556952,334
-7.6926,53.28823,2022/06/19 23:00:00+00,Mon 20 Jun 2022,9,27,0,3849618,3801936,240884,4090502,4042820,86.8673346065233,85.8547429371614,335
-7.6926,53.28823,2022/06/20 23:00:00+00,Tue 21 Jun 2022,79,168,1,3849697,3802104,240885,4090582,4042989,86.8690335145714,85.858331880413,336
-7.6926,53.28823,2022/06/21 23:00:00+00,Wed 22 Jun 2022,59,94,0,3849756,3802198,240885,4090641,4043083,86.8702864592569,85.8603280973695,337
-7.6926,53.28823,2022/06/22 23:00:00+00,Thu 23 Jun 2022,65,115,0,3849821,3802313,240885,4090706,4043198,86.871666822046,85.8627702776887,338
-7.6926,53.28823,2022/06/23 23:00:00+00,Fri 24 Jun 2022,56,90,1,3849877,3802403,240886,4090763,4043289,86.8728772940302,85.8647027855934,339
-7.6926,53.28823,2022/06/24 23:00:00+00,Sat 25 Jun 2022,210,292,0,3850087,3802695,240886,4090973,4043581,86.8773369276565,85.8709037999689,340
-7.6926,53.28823,2022/06/25 23:00:00+00,Sun 26 Jun 2022,174,403,0,3850261,3803098,240886,4091147,4043984,86.8810320526611,85.8794620492611,341
-7.6926,53.28823,2022/06/26 23:00:00+00,Mon 27 Jun 2022,3,33,0,3850264,3803131,240886,4091150,4044017,86.8810957617129,85.8801628488309,342
-7.6926,53.28823,2022/06/27 23:00:00+00,Tue 28 Jun 2022,47,60,0,3850311,3803191,240886,4091197,4044077,86.8820938701911,85.881437029867,343
-7.6926,53.28823,2022/06/28 23:00:00+00,Wed 29 Jun 2022,63,81,3,3850374,3803272,240889,4091263,4044161,86.8834954693308,85.8832208833175,344
-7.6926,53.28823,2022/06/29 23:00:00+00,Thu 30 Jun 2022,72,88,0,3850446,3803360,240889,4091335,4044249,86.8850244865741,85.8850896821704,345
-7.6926,53.28823,2022/06/30 23:00:00+00,Fri 01 Jul 2022,49,62,0,3850495,3803422,240889,4091384,4044311,86.8860650677535,85.8864063359077,346
-7.6926,53.28823,2022/07/01 23:00:00+00,Sat 02 Jul 2022,182,228,0,3850677,3803650,240889,4091566,4044539,86.8899300835629,85.8912482238447,347
-7.6926,53.28823,2022/07/02 23:00:00+00,Sun 03 Jul 2022,108,273,0,3850785,3803923,240889,4091674,4044812,86.8922236094278,85.8970457475588,348
-7.6926,53.28823,2022/07/03 23:00:00+00,Mon 04 Jul 2022,14,14,0,3850799,3803937,240889,4091688,4044826,86.8925209183362,85.8973430564672,349
-7.6926,53.28823,2022/07/04 23:00:00+00,Tue 05 Jul 2022,53,69,0,3850852,3804006,240889,4091741,4044895,86.8936464449181,85.8988083646587,350
-7.6926,53.28823,2022/07/05 23:00:00+00,Wed 06 Jul 2022,63,82,0,3850915,3804088,240889,4091804,4044977,86.894984335006,85.900549745408,351
-7.6926,53.28823,2022/07/06 23:00:00+00,Thu 07 Jul 2022,79,73,0,3850994,3804161,240889,4091883,4045050,86.8966620067035,85.9020999990019,352
-7.6926,53.28823,2022/07/07 23:00:00+00,Fri 08 Jul 2022,101,88,0,3851095,3804249,240889,4091984,4045138,86.8988068781142,85.9039687978548,353
-7.6926,53.28823,2022/07/08 23:00:00+00,Sat 09 Jul 2022,120,142,0,3851215,3804391,240889,4092104,4045280,86.9013552401863,85.9069843596401,354
-7.6926,53.28823,2022/07/09 23:00:00+00,Sun 10 Jul 2022,131,219,0,3851346,3804610,240889,4092235,4045499,86.9041372021151,85.9116351204218,355
-7.6926,53.28823,2022/07/10 23:00:00+00,Mon 11 Jul 2022,11,14,0,3851357,3804624,240889,4092246,4045513,86.9043708019717,85.9119324293302,356
-7.6926,53.28823,2022/07/11 23:00:00+00,Tue 12 Jul 2022,43,80,0,3851400,3804704,240889,4092289,4045593,86.9052839650475,85.9136313373783,357
-7.6926,53.28823,2022/07/12 23:00:00+00,Wed 13 Jul 2022,99,73,0,3851499,3804777,240889,4092388,4045666,86.907386363757,85.9151815909722,358
-7.6926,53.28823,2022/07/13 23:00:00+00,Thu 14 Jul 2022,69,39,0,3851568,3804816,240889,4092457,4045705,86.9088516719485,85.9160098086456,359
-7.6926,53.28823,2022/07/14 23:00:00+00,Fri 15 Jul 2022,79,116,1,3851647,3804932,240890,4092537,4045822,86.9105505799966,85.9184944616659,360
-7.6926,53.28823,2022/07/15 23:00:00+00,Sat 16 Jul 2022,124,209,0,3851771,3805141,240890,4092661,4046031,86.9131838874711,85.9229328589416,361
-7.6926,53.28823,2022/07/16 23:00:00+00,Sun 17 Jul 2022,119,165,0,3851890,3805306,240890,4092780,4046196,86.9157110131926,85.9264368567908,362
-7.6926,53.28823,2022/07/17 23:00:00+00,Mon 18 Jul 2022,12,17,0,3851902,3805323,240890,4092792,4046213,86.9159658493999,85.926797874751,363
-7.6926,53.28823,2022/07/18 23:00:00+00,Tue 19 Jul 2022,29,33,0,3851931,3805356,240890,4092821,4046246,86.9165817035673,85.9274986743208,364
-7.6926,53.28823,2022/07/19 23:00:00+00,Wed 20 Jul 2022,76,66,0,3852007,3805422,240890,4092897,4046312,86.918195666213,85.9289002734605,365
-7.6926,53.28823,2022/07/20 23:00:00+00,Thu 21 Jul 2022,50,30,0,3852057,3805452,240890,4092947,4046342,86.919257483743,85.9295373639785,366
-7.6926,53.28823,2022/07/21 23:00:00+00,Fri 22 Jul 2022,70,69,0,3852127,3805521,240890,4093017,4046411,86.9207440282851,85.93100267217,367
-7.6926,53.28823,2022/07/22 23:00:00+00,Sat 23 Jul 2022,97,175,0,3852224,3805696,240890,4093114,4046586,86.9228039542934,85.9347190335252,368
-7.6926,53.28823,2022/07/23 23:00:00+00,Sun 24 Jul 2022,106,232,0,3852330,3805928,240890,4093220,4046818,86.9250550074571,85.9396458668647,369
-7.6926,53.28823,2022/07/24 23:00:00+00,Mon 25 Jul 2022,12,22,0,3852342,3805950,240890,4093232,4046840,86.9253098436644,85.9401130665779,370
-7.6926,53.28823,2022/07/25 23:00:00+00,Tue 26 Jul 2022,17,16,0,3852359,3805966,240890,4093249,4046856,86.9256708616246,85.9404528481875,371
-7.6926,53.28823,2022/07/26 23:00:00+00,Wed 27 Jul 2022,60,71,1,3852419,3806037,240891,4093310,4046928,86.9269662790112,85.9419818654308,372
-7.6926,53.28823,2022/07/27 23:00:00+00,Thu 28 Jul 2022,47,69,0,3852466,3806106,240891,4093357,4046997,86.9279643874895,85.9434471736222,373
-7.6926,53.28823,2022/07/28 23:00:00+00,Fri 29 Jul 2022,69,101,0,3852535,3806207,240891,4093426,4047098,86.929429695681,85.945592045033,374
-7.6926,53.28823,2022/07/29 23:00:00+00,Sat 30 Jul 2022,100,116,0,3852635,3806323,240891,4093526,4047214,86.9315533307411,85.9480554617027,375
-7.6926,53.28823,2022/07/30 23:00:00+00,Sun 31 Jul 2022,31,57,0,3852666,3806380,240891,4093557,4047271,86.9322116576097,85.9492659336869,376
-7.6926,53.28823,2022/07/31 23:00:00+00,Mon 01 Aug 2022,9,14,0,3852675,3806394,240891,4093566,4047285,86.9324027847651,85.9495632425954,377
-7.6926,53.28823,2022/08/01 23:00:00+00,Tue 02 Aug 2022,32,28,0,3852707,3806422,240891,4093598,4047313,86.9330823479844,85.9501578604122,378
-7.6926,53.28823,2022/08/02 23:00:00+00,Wed 03 Aug 2022,93,137,0,3852800,3806559,240891,4093691,4047450,86.9350573285903,85.9530672404446,379
-7.6926,53.28823,2022/08/03 23:00:00+00,Thu 04 Aug 2022,44,44,0,3852844,3806603,240891,4093735,4047494,86.9359917280167,85.954001639871,380
-7.6926,53.28823,2022/08/04 23:00:00+00,Fri 05 Aug 2022,95,84,0,3852939,3806687,240891,4093830,4047578,86.9380091813238,85.9557854933215,381
-7.6926,53.28823,2022/08/05 23:00:00+00,Sat 06 Aug 2022,71,130,0,3853010,3806817,240891,4093901,4047708,86.9395169622165,85.9585462188996,382
-7.6926,53.28823,2022/08/06 23:00:00+00,Sun 07 Aug 2022,28,80,0,3853038,3806897,240891,4093929,4047788,86.9401115800333,85.9602451269477,383
-7.6926,53.28823,2022/08/07 23:00:00+00,Mon 08 Aug 2022,10,11,0,3853048,3806908,240891,4093939,4047799,86.9403239435393,85.9604787268043,384
-7.6926,53.28823,2022/08/08 23:00:00+00,Tue 09 Aug 2022,46,36,0,3853094,3806944,240891,4093985,4047835,86.941300815667,85.961243235426,385
-7.6926,53.28823,2022/08/09 23:00:00+00,Wed 10 Aug 2022,54,92,0,3853148,3807036,240891,4094039,4047927,86.9424475785994,85.9631969796813,386
-7.6926,53.28823,2022/08/10 23:00:00+00,Thu 11 Aug 2022,21,36,0,3853169,3807072,240891,4094060,4047963,86.9428935419621,85.9639614883029,387
-7.6926,53.28823,2022/08/11 23:00:00+00,Fri 12 Aug 2022,68,72,0,3853237,3807144,240891,4094128,4048035,86.9443376138029,85.9654905055462,388
-7.6926,53.28823,2022/08/12 23:00:00+00,Sat 13 Aug 2022,99,150,0,3853336,3807294,240891,4094227,4048185,86.9464400125125,85.9686759581364,389
-7.6926,53.28823,2022/08/13 23:00:00+00,Sun 14 Aug 2022,18,26,0,3853354,3807320,240891,4094245,4048211,86.9468222668233,85.969228103252,390
-7.6926,53.28823,2022/08/14 23:00:00+00,Mon 15 Aug 2022,10,6,0,3853364,3807326,240891,4094255,4048217,86.9470346303293,85.9693555213556,391
-7.6926,53.28823,2022/08/15 23:00:00+00,Tue 16 Aug 2022,38,25,0,3853402,3807351,240891,4094293,4048242,86.9478416116521,85.9698864301206,392
-7.6926,53.28823,2021/01/16 00:00:00+00,Sat 16 Jan 2021,5239,2,0,101132,102,3,101135,105,2.14773831804281,0.00222981681311608,393
-7.6926,53.28823,2021/01/17 00:00:00+00,Sun 17 Jan 2021,1113,4,0,102245,106,3,102248,109,2.17137437626184,0.0023147622155205,394
-7.6926,53.28823,2022/01/09 00:00:00+00,Sun 09 Jan 2022,7115,664,0,3718097,3641955,240845,3958942,3882800,84.0734803214419,82.4565021139725,395
-7.6926,53.28823,2021/01/18 00:00:00+00,Mon 18 Jan 2021,8715,8,1,110960,114,4,110964,118,2.35647040810107,0.00250588937093045,396
-7.6926,53.28823,2022/01/10 00:00:00+00,Mon 10 Jan 2022,6658,507,1,3724755,3642462,240846,3965601,3883308,84.2148931800947,82.4672901800779,397
-7.6926,53.28823,2021/01/19 00:00:00+00,Tue 19 Jan 2021,8382,19,0,119342,133,4,119346,137,2.53447349883954,0.00290938003235146,398
-7.6926,53.28823,2022/01/11 00:00:00+00,Tue 11 Jan 2022,4777,1367,1,3729532,3643829,240847,3970379,3884676,84.3163604632667,82.4963415077002,399
-7.6926,53.28823,2021/01/20 00:00:00+00,Wed 20 Jan 2021,8446,962,0,127788,1095,4,127792,1099,2.71383571601648,0.023338749310615,400
-7.6926,53.28823,2022/01/12 00:00:00+00,Wed 12 Jan 2022,7559,918,1,3737091,3644747,240848,3977939,3885595,84.4769072738111,82.5158577139026,401
-7.6926,53.28823,2021/01/21 00:00:00+00,Thu 21 Jan 2021,9006,962,0,136794,2057,4,136798,2061,2.90509028953003,0.0437681185888785,402
-7.6926,53.28823,2022/01/13 00:00:00+00,Thu 13 Jan 2022,7321,815,0,3744412,3645562,240848,3985260,3886410,84.6323785965618,82.5331653396425,403
-7.6926,53.28823,2021/01/22 00:00:00+00,Fri 22 Jan 2021,6782,967,0,143576,3024,4,143580,3028,3.04911521930673,0.0643036696201475,404
-7.6926,53.28823,2022/01/14 00:00:00+00,Fri 14 Jan 2022,10721,833,0,3755133,3646395,240848,3995981,3887243,84.8600535113562,82.5508552196932,405
-7.6926,53.28823,2021/01/23 00:00:00+00,Sat 23 Jan 2021,4188,460,0,147764,3484,4,147768,3488,3.13805305562416,0.0740723908966561,406
-7.6926,53.28823,2022/01/15 00:00:00+00,Sat 15 Jan 2022,8359,652,2,3763492,3647047,240850,4004342,3887897,85.0376106387321,82.5647437929863,407
-7.6926,53.28823,2021/01/24 00:00:00+00,Sun 24 Jan 2021,1182,398,0,148946,3882,4,148950,3886,3.16315442203467,0.0825244584358961,408
-7.6926,53.28823,2022/01/16 00:00:00+00,Sun 16 Jan 2022,6965,1215,1,3770457,3648262,240851,4011308,3889113,85.1855430570194,82.5905671953173,409
-7.6926,53.28823,2021/01/25 00:00:00+00,Mon 25 Jan 2021,1359,1289,0,150305,5171,4,150309,5175,3.19201462250157,0.109898114360721,410
-7.6926,53.28823,2022/01/17 00:00:00+00,Mon 17 Jan 2022,2562,560,0,3773019,3648822,240851,4013870,3889673,85.2399505872594,82.6024595516539,411
-7.6926,53.28823,2021/01/26 00:00:00+00,Tue 26 Jan 2021,1002,3501,0,151307,8672,4,151311,8676,3.21329344580388,0.184246577815191,412
-7.6926,53.28823,2022/01/18 00:00:00+00,Tue 18 Jan 2022,4056,450,3,3777075,3649272,240854,4017929,3890126,85.3261489343493,82.6120796184762,413
-7.6926,53.28823,2021/01/27 00:00:00+00,Wed 27 Jan 2021,2179,6700,0,153486,15372,4,153490,15376,3.25956745376369,0.326530126842599,414
-7.6926,53.28823,2022/01/19 00:00:00+00,Wed 19 Jan 2022,3487,622,0,3780562,3649894,240854,4021416,3890748,85.4002000888954,82.6252886285501,415
-7.6926,53.28823,2021/01/28 00:00:00+00,Thu 28 Jan 2021,1011,11541,0,154497,26913,4,154501,26917,3.2810374042214,0.571618849129957,416
-7.6926,53.28823,2022/01/20 00:00:00+00,Thu 20 Jan 2022,3692,932,0,3784254,3650826,240854,4025108,3891680,85.4786046953146,82.6450809073103,417
-7.6926,53.28823,2021/01/29 00:00:00+00,Fri 29 Jan 2021,1578,11526,0,156075,38439,4,156079,38443,3.31454836546995,0.8163890261583,418
-7.6926,53.28823,2022/01/21 00:00:00+00,Fri 21 Jan 2022,3250,976,0,3787504,3651802,240854,4028358,3892656,85.5476228347682,82.665807585497,419
-7.6926,53.28823,2021/01/30 00:00:00+00,Sat 30 Jan 2021,643,7792,0,156718,46231,4,156722,46235,3.32820333890646,0.981862670042114,420
-7.6926,53.28823,2022/01/22 00:00:00+00,Sat 22 Jan 2022,4270,643,0,3791774,3652445,240854,4032628,3893299,85.638302051835,82.6794625589335,421
-7.6926,53.28823,2021/01/31 00:00:00+00,Sun 31 Jan 2021,231,4086,0,156949,50317,4,156953,50321,3.33310893589532,1.06863439859823,422
-7.6926,53.28823,2022/01/23 00:00:00+00,Sun 23 Jan 2022,3092,677,0,3794866,3653122,240854,4035720,3893976,85.7039648478936,82.6938395682905,423
-7.6926,53.28823,2021/02/01 00:00:00+00,Mon 01 Feb 2021,1027,8333,1,157976,58650,5,157981,58655,3.35493990431325,1.24561814450784,424
-7.6926,53.28823,2022/01/24 00:00:00+00,Mon 24 Jan 2022,646,462,0,3795512,3653584,240854,4036366,3894438,85.7176835303819,82.7036507622682,425
-7.6926,53.28823,2021/02/02 00:00:00+00,Tue 02 Feb 2021,832,5108,0,158808,63758,5,158813,63763,3.37260854801337,1.35409342337829,426
-7.6926,53.28823,2022/01/25 00:00:00+00,Tue 25 Jan 2022,692,1837,0,3796204,3655421,240854,4037058,3896275,85.7323790849979,82.7426619383224,427
-7.6926,53.28823,2021/02/03 00:00:00+00,Wed 03 Feb 2021,1405,6865,0,160213,70623,5,160218,70628,3.40244562060792,1.49988097025488,428
-7.6926,53.28823,2022/01/26 00:00:00+00,Wed 26 Jan 2022,700,896,0,3796904,3656317,240854,4037758,3897171,85.7472445304186,82.761689708461,429
-7.6926,53.28823,2021/02/04 00:00:00+00,Thu 04 Feb 2021,1436,10541,1,161649,81164,6,161655,81170,3.43296225642171,1.72375457829174,430
-7.6926,53.28823,2022/01/27 00:00:00+00,Thu 27 Jan 2022,1274,1177,0,3798178,3657494,240854,4039032,3898348,85.7742996410844,82.7866848931185,431
-7.6926,53.28823,2021/02/05 00:00:00+00,Fri 05 Feb 2021,3395,8614,0,165044,89778,6,165050,89784,3.50505966671247,1.90668450236966,432
-7.6926,53.28823,2022/01/28 00:00:00+00,Fri 28 Jan 2022,1027,3094,1,3799205,3660588,240855,4040060,3901443,85.7961306095024,82.8524113982289,433
-7.6926,53.28823,2021/02/06 00:00:00+00,Sat 06 Feb 2021,901,3870,0,165945,93648,6,165951,93654,3.52419361860406,1.98886917919594,434
-7.6926,53.28823,2022/01/29 00:00:00+00,Sat 29 Jan 2022,2328,3444,0,3801533,3664032,240855,4042388,3904887,85.8455688337017,82.9255493896991,435
-7.6926,53.28823,2022/01/30 00:00:00+00,Sun 30 Jan 2022,1638,7537,0,3803171,3671569,240855,4044026,3912424,85.8803539759864,83.0856077641797,436
-7.6926,53.28823,2022/01/31 00:00:00+00,Mon 31 Jan 2022,480,1392,0,3803651,3672961,240855,4044506,3913816,85.8905474242749,83.1151687642164,437
-7.6926,53.28823,2022/02/01 00:00:00+00,Tue 01 Feb 2022,747,3417,1,3804398,3676378,240856,4045254,3917234,85.9064322145245,83.187754610571,438
-7.6926,53.28823,2022/02/02 00:00:00+00,Wed 02 Feb 2022,650,2996,0,3805048,3679374,240856,4045904,3920230,85.9202358424152,83.2513787169719,439
-7.6926,53.28823,2022/02/03 00:00:00+00,Thu 03 Feb 2022,905,2435,1,3805953,3681809,240857,4046810,3922666,85.9394759760598,83.3031104670362,440
-7.6926,53.28823,2022/02/04 00:00:00+00,Fri 04 Feb 2022,1172,6523,0,3807125,3688332,240857,4047982,3929189,85.9643649789643,83.4416351820072,441
-7.6926,53.28823,2022/02/05 00:00:00+00,Sat 05 Feb 2022,1777,5750,0,3808902,3694082,240857,4049759,3934939,86.0021019739825,83.5637441979636,442
-7.6926,53.28823,2022/02/06 00:00:00+00,Sun 06 Feb 2022,1407,7555,0,3810309,3701637,240857,4051166,3942494,86.0319815192783,83.7241848267549,443
-7.6926,53.28823,2022/02/07 00:00:00+00,Mon 07 Feb 2022,441,1351,0,3810750,3702988,240857,4051607,3943845,86.0413467498933,83.752875136417,444
-7.6926,53.28823,2022/02/08 00:00:00+00,Tue 08 Feb 2022,901,1237,0,3811651,3704225,240857,4052508,3945082,86.0604807017849,83.7791445021106,445
-7.6926,53.28823,2022/02/09 00:00:00+00,Wed 09 Feb 2022,1332,1783,0,3812983,3706008,240857,4053840,3946865,86.0887675207856,83.8170089152323,446
-7.6926,53.28823,2022/02/10 00:00:00+00,Thu 10 Feb 2022,684,2549,0,3813667,3708557,240857,4054524,3949414,86.1032931845968,83.8711403729146,447
-7.6926,53.28823,2022/02/11 00:00:00+00,Fri 11 Feb 2022,547,4920,0,3814214,3713477,240857,4055071,3954334,86.1149094683756,83.975623217872,448
-7.6926,53.28823,2022/02/12 00:00:00+00,Sat 12 Feb 2022,1397,5462,0,3815611,3718939,240857,4056468,3959796,86.1445766501653,84.0916161648552,449
-7.6926,53.28823,2022/02/13 00:00:00+00,Sun 13 Feb 2022,1567,4706,0,3817178,3723645,240857,4058035,3964502,86.1778540115572,84.191554430784,450
-7.6926,53.28823,2022/02/14 00:00:00+00,Mon 14 Feb 2022,173,953,0,3817351,3724598,240857,4058208,3965455,86.1815279002112,84.2117926729069,451
-7.6926,53.28823,2022/02/15 00:00:00+00,Tue 15 Feb 2022,649,818,1,3818000,3725416,240858,4058858,3966274,86.195331528102,84.2291852440492,452
-7.6926,53.28823,2022/02/16 00:00:00+00,Wed 16 Feb 2022,800,1785,0,3818800,3727201,240858,4059658,3968059,86.2123206085828,84.2670921298722,453
-7.6926,53.28823,2022/02/17 00:00:00+00,Thu 17 Feb 2022,791,1192,2,3819591,3728393,240860,4060451,3969253,86.2291610346095,84.2924483324899,454
-7.6926,53.28823,2022/02/18 00:00:00+00,Fri 18 Feb 2022,790,3293,0,3820381,3731686,240860,4061241,3972546,86.2459377515844,84.3623796350193,455
-7.6926,53.28823,2022/02/19 00:00:00+00,Sat 19 Feb 2022,980,3555,0,3821361,3735241,240860,4062221,3976101,86.2667493751735,84.4378748614063,456
-7.6926,53.28823,2022/02/20 00:00:00+00,Sun 20 Feb 2022,1366,3587,0,3822727,3738828,240860,4063587,3979688,86.2957582300946,84.5140496510124,457
-7.6926,53.28823,2022/02/21 00:00:00+00,Mon 21 Feb 2022,253,994,1,3822980,3739822,240861,4063841,3980683,86.3011522631473,84.5351798198605,458
-7.6926,53.28823,2022/02/22 00:00:00+00,Tue 22 Feb 2022,475,981,0,3823455,3740803,240861,4064316,3981664,86.3112395296828,84.5560126798002,459
-7.6926,53.28823,2022/02/23 00:00:00+00,Wed 23 Feb 2022,831,1272,1,3824286,3742075,240862,4065148,3982937,86.3289081733829,84.5830465541154,460
-7.6926,53.28823,2022/02/24 00:00:00+00,Thu 24 Feb 2022,657,1233,0,3824943,3743308,240862,4065805,3984170,86.3428604557278,84.6092309744066,461
-7.6926,53.28823,2022/02/25 00:00:00+00,Fri 25 Feb 2022,690,1228,0,3825633,3744536,240862,4066495,3985398,86.3575135376426,84.6353092129447,462
-7.6926,53.28823,2022/02/26 00:00:00+00,Sat 26 Feb 2022,959,2092,0,3826592,3746628,240862,4067454,3987490,86.377879197869,84.6797356584023,463
-7.6926,53.28823,2022/02/27 00:00:00+00,Sun 27 Feb 2022,671,1783,0,3827263,3748411,240862,4068125,3989273,86.3921287891224,84.717600071524,464
-7.6926,53.28823,2022/02/28 00:00:00+00,Mon 28 Feb 2022,81,428,0,3827344,3748839,240862,4068206,3989701,86.3938489335211,84.7266892295813,465
-7.6926,53.28823,2022/03/01 00:00:00+00,Tue 01 Mar 2022,130,937,0,3827474,3749776,240862,4068336,3990638,86.3966096590992,84.7465876900945,466
-7.6926,53.28823,2022/03/02 00:00:00+00,Wed 02 Mar 2022,206,996,2,3827680,3750772,240864,4068544,3991636,86.4010268200243,84.7677815679944,467
-7.6926,53.28823,2022/03/03 00:00:00+00,Thu 03 Mar 2022,279,1273,0,3827959,3752045,240864,4068823,3992909,86.406951761842,84.7948154423096,468
-7.6926,53.28823,2022/03/04 00:00:00+00,Fri 04 Mar 2022,735,1506,1,3828694,3753551,240865,4069559,3994416,86.4225817158844,84.8268186226655,469
-7.6926,53.28823,2022/03/05 00:00:00+00,Sat 05 Mar 2022,962,3341,0,3829656,3756892,240865,4070521,3997757,86.4430110851627,84.8977692700238,470
-7.6926,53.28823,2022/03/06 00:00:00+00,Sun 06 Mar 2022,455,1915,0,3830111,3758807,240865,4070976,3999672,86.4526736246862,84.9384368814249,471
-7.6926,53.28823,2022/03/07 00:00:00+00,Mon 07 Mar 2022,114,124,1,3830225,3758931,240866,4071091,3999797,86.4551158050053,84.9410914252501,472
-7.6926,53.28823,2022/03/08 00:00:00+00,Tue 08 Mar 2022,120,492,0,3830345,3759423,240866,4071211,4000289,86.4576641670774,84.9515397097458,473
-7.6926,53.28823,2022/03/09 00:00:00+00,Wed 09 Mar 2022,130,345,1,3830475,3759768,240867,4071342,4000635,86.4604461290062,84.9588874870538,474
-7.6926,53.28823,2022/03/10 00:00:00+00,Thu 10 Mar 2022,258,508,0,3830733,3760276,240867,4071600,4001143,86.4659251074612,84.9696755531591,475
-7.6926,53.28823,2022/03/11 00:00:00+00,Fri 11 Mar 2022,492,2182,0,3831225,3762458,240867,4072092,4003325,86.476373391957,85.0160132701708,476
-7.6926,53.28823,2022/03/12 00:00:00+00,Sat 12 Mar 2022,473,2391,2,3831698,3764849,240869,4072567,4005718,86.4864606584925,85.0668318571592,477
-7.6926,53.28823,2022/03/13 00:00:00+00,Sun 13 Mar 2022,358,1082,0,3832056,3765931,240869,4072925,4006800,86.4940632720077,85.0898095885096,478
-7.6926,53.28823,2022/03/14 00:00:00+00,Mon 14 Mar 2022,109,121,0,3832165,3766052,240869,4073034,4006921,86.4963780342232,85.0923791869323,479
-7.6926,53.28823,2022/03/15 00:00:00+00,Tue 15 Mar 2022,219,757,1,3832384,3766809,240870,4073254,4007679,86.5010500313555,85.108476340688,480
-7.6926,53.28823,2022/03/16 00:00:00+00,Wed 16 Mar 2022,196,797,0,3832580,3767606,240870,4073450,4008476,86.5052123560733,85.1254017121171,481
-7.6926,53.28823,2022/03/18 00:00:00+00,Fri 18 Mar 2022,1,6,0,3832581,3767612,240870,4073451,4008482,86.5052335924239,85.1255291302207,482
-7.6926,53.28823,2022/03/19 00:00:00+00,Sat 19 Mar 2022,743,2779,0,3833324,3770391,240870,4074194,4011261,86.5210122009205,85.1845449485411,483
-7.6926,53.28823,2022/03/20 00:00:00+00,Sun 20 Mar 2022,395,1402,0,3833719,3771793,240870,4074589,4012663,86.5294005594079,85.2143183120839,484
-7.6926,53.28823,2022/03/21 00:00:00+00,Mon 21 Mar 2022,54,112,0,3833773,3771905,240870,4074643,4012775,86.5305473223404,85.2166967833512,485
-7.6926,53.28823,2022/03/22 00:00:00+00,Tue 22 Mar 2022,140,575,0,3833913,3772480,240870,4074783,4013350,86.5335204114246,85.2289076849468,486
-7.6926,53.28823,2022/03/23 00:00:00+00,Wed 23 Mar 2022,102,221,0,3834015,3772701,240870,4074885,4013571,86.5356865191859,85.2336009184297,487
-7.6926,53.28823,2022/03/24 00:00:00+00,Thu 24 Mar 2022,147,244,0,3834162,3772945,240870,4075032,4013815,86.5388082627242,85.2387825879764,488
-7.6926,53.28823,2022/03/25 00:00:00+00,Fri 25 Mar 2022,435,1625,0,3834597,3774570,240870,4075467,4015440,86.5480460752357,85.2732916577032,489
-7.6926,53.28823,2022/03/26 00:00:00+00,Sat 26 Mar 2022,874,1848,0,3835471,3776418,240870,4076341,4017288,86.5666066456611,85.312536433614,490
-7.6926,53.28823,2022/03/27 00:00:00+00,Sun 27 Mar 2022,380,803,0,3835851,3777221,240870,4076721,4018091,86.5746764588895,85.3295892231467,491
-7.6926,53.28823,2022/03/27 23:00:00+00,Mon 28 Mar 2022,44,53,1,3835895,3777274,240871,4076766,4018145,86.5756320946666,85.3307359860791,492
-7.6926,53.28823,2022/03/28 23:00:00+00,Tue 29 Mar 2022,138,193,3,3836033,3777467,240874,4076907,4018341,86.5786264201013,85.334898310797,493
-7.6926,53.28823,2022/03/29 23:00:00+00,Wed 30 Mar 2022,109,135,0,3836142,3777602,240874,4077016,4018476,86.5809411823168,85.3377652181281,494
-7.6926,53.28823,2022/03/30 23:00:00+00,Thu 31 Mar 2022,227,358,0,3836369,3777960,240874,4077243,4018834,86.5857618339033,85.3453678316433,495
-7.6926,53.28823,2022/03/31 23:00:00+00,Fri 01 Apr 2022,304,904,0,3836673,3778864,240874,4077547,4019738,86.592217684486,85.3645654925867,496
-7.6926,53.28823,2022/04/01 23:00:00+00,Sat 02 Apr 2022,729,1539,0,3837402,3780403,240874,4078276,4021277,86.6076989840742,85.3972482361618,497
-7.6926,53.28823,2022/04/02 23:00:00+00,Sun 03 Apr 2022,537,816,0,3837939,3781219,240874,4078813,4022093,86.619102904347,85.4145770982523,498
-7.6926,53.28823,2022/04/03 23:00:00+00,Mon 04 Apr 2022,49,53,0,3837988,3781272,240874,4078862,4022146,86.6201434855265,85.4157026248342,499
-7.6926,53.28823,2022/04/04 23:00:00+00,Tue 05 Apr 2022,130,169,0,3838118,3781441,240874,4078992,4022315,86.6229042111046,85.4192915680858,500
-7.6926,53.28823,2022/04/05 23:00:00+00,Wed 06 Apr 2022,159,209,0,3838277,3781650,240874,4079151,4022524,86.6262807908502,85.4237299653614,501
-7.6926,53.28823,2022/04/06 23:00:00+00,Thu 07 Apr 2022,117,178,0,3838394,3781828,240874,4079268,4022702,86.6287654438705,85.4275100357684,502
-7.6926,53.28823,2022/04/07 23:00:00+00,Fri 08 Apr 2022,258,422,2,3838652,3782250,240876,4079528,4023126,86.6342868950268,85.4365142484233,503
-7.6926,53.28823,2022/04/08 23:00:00+00,Sat 09 Apr 2022,559,1018,0,3839211,3783268,240876,4080087,4024144,86.6461580150128,85.4581328533352,504
-7.6926,53.28823,2022/04/09 23:00:00+00,Sun 10 Apr 2022,413,719,0,3839624,3783987,240876,4080500,4024863,86.6549286278111,85.4734017894174,505
-7.6926,53.28823,2022/04/10 23:00:00+00,Mon 11 Apr 2022,70,92,1,3839694,3784079,240877,4080571,4024956,86.6564364087038,85.4753767700233,506
-7.6926,53.28823,2022/04/11 23:00:00+00,Tue 12 Apr 2022,196,177,0,3839890,3784256,240877,4080767,4025133,86.6605987334216,85.4791356040797,507
-7.6926,53.28823,2022/04/12 23:00:00+00,Wed 13 Apr 2022,144,232,0,3840034,3784488,240877,4080911,4025365,86.6636567679081,85.4840624374191,508
-7.6926,53.28823,2022/04/13 23:00:00+00,Thu 14 Apr 2022,360,429,0,3840394,3784917,240877,4081271,4025794,86.6713018541245,85.493172831827,509
-7.6926,53.28823,2022/04/14 23:00:00+00,Fri 15 Apr 2022,446,990,0,3840840,3785907,240877,4081717,4026784,86.6807732664926,85.5141968189221,510
-7.6926,53.28823,2022/04/15 23:00:00+00,Sat 16 Apr 2022,42,88,0,3840882,3785995,240877,4081759,4026872,86.6816651932179,85.516065617775,511
-7.6926,53.28823,2022/04/16 23:00:00+00,Sun 17 Apr 2022,1,0,0,3840883,3785995,240877,4081760,4026872,86.6816864295685,85.516065617775,512
-7.6926,53.28823,2022/04/17 23:00:00+00,Mon 18 Apr 2022,36,62,1,3840919,3786057,240878,4081797,4026935,86.6824721745407,85.5174035078629,513
-7.6926,53.28823,2022/04/18 23:00:00+00,Tue 19 Apr 2022,218,269,1,3841137,3786326,240879,4082016,4027205,86.6871229353224,85.5231373225252,514
-7.6926,53.28823,2022/04/19 23:00:00+00,Wed 20 Apr 2022,250,606,0,3841387,3786932,240879,4082266,4027811,86.6924320229726,85.5360065509894,515
-7.6926,53.28823,2022/04/20 23:00:00+00,Thu 21 Apr 2022,171,236,0,3841558,3787168,240879,4082437,4028047,86.6960634389254,85.5410183297313,516
-7.6926,53.28823,2022/04/21 23:00:00+00,Fri 22 Apr 2022,196,254,0,3841754,3787422,240879,4082633,4028301,86.7002257636432,85.546412362784,517
-7.6926,53.28823,2021/02/07 00:00:00+00,Sun 07 Feb 2021,331,1300,2,166276,94948,8,166284,94956,3.53126532335423,2.01651890767858,518
-7.6926,53.28823,2021/02/08 00:00:00+00,Mon 08 Feb 2021,1185,879,0,167461,95827,8,167469,95835,3.55643039881654,2.03518565985695,519
-7.6926,53.28823,2021/02/09 00:00:00+00,Tue 09 Feb 2021,4263,544,3,171724,96371,11,171735,96382,3.64702467048086,2.04680194363575,520
-7.6926,53.28823,2021/02/10 00:00:00+00,Wed 10 Feb 2021,8827,579,0,180551,96950,11,180562,96961,3.83447793723682,2.05909779063379,521
-7.6926,53.28823,2021/02/11 00:00:00+00,Thu 11 Feb 2021,6185,446,0,186736,97396,11,186747,97407,3.96582476570465,2.06856920300189,522
-7.6926,53.28823,2021/02/12 00:00:00+00,Fri 12 Feb 2021,4397,524,0,191133,97920,11,191144,97931,4.05920099929771,2.07969705071686,523
-7.6926,53.28823,2021/02/13 00:00:00+00,Sat 13 Feb 2021,1210,1915,0,192343,99835,11,192354,99846,4.08489698352505,2.12036466211798,524
-7.6926,53.28823,2021/02/14 00:00:00+00,Sun 14 Feb 2021,2701,27,0,195044,99862,11,195055,99873,4.14225636649864,2.12093804358421,525
-7.6926,53.28823,2021/02/15 00:00:00+00,Mon 15 Feb 2021,1964,7890,0,197008,107752,11,197019,107763,4.18396455907921,2.28849284982693,526
-7.6926,53.28823,2021/02/16 00:00:00+00,Tue 16 Feb 2021,5652,8163,0,202660,115915,11,202671,115926,4.30399241267666,2.46184517978376,527
-7.6926,53.28823,2021/02/17 00:00:00+00,Wed 17 Feb 2021,9745,8465,0,212405,124380,11,212416,124391,4.51094064928443,2.64161088762212,528
-7.6926,53.28823,2021/02/18 00:00:00+00,Thu 18 Feb 2021,8466,8354,1,220871,132734,12,220883,132746,4.69074882982399,2.81904059689435,529
-7.6926,53.28823,2021/02/19 00:00:00+00,Fri 19 Feb 2021,9388,6582,0,230259,139316,12,230271,139328,4.89011568926717,2.95881825655083,530
-7.6926,53.28823,2021/02/20 00:00:00+00,Sat 20 Feb 2021,5887,3571,2,236146,142887,14,236160,142901,5.01517655795708,3.03469573724858,531
-7.6926,53.28823,2021/02/21 00:00:00+00,Sun 21 Feb 2021,1112,1024,6,237258,143911,20,237278,143931,5.03891879792912,3.05656917836772,532
-7.6926,53.28823,2021/02/22 00:00:00+00,Mon 22 Feb 2021,3946,1122,1,241204,145033,21,241225,145054,5.12273867375168,3.08041760009276,533
-7.6926,53.28823,2021/02/23 00:00:00+00,Tue 23 Feb 2021,13362,1067,1,254566,146100,22,254588,146122,5.40652002683425,3.10309802253474,534
-7.6926,53.28823,2021/02/24 00:00:00+00,Wed 24 Feb 2021,16937,2104,3,271503,148204,25,271528,148229,5.76626380601698,3.14784301325127,535
-7.6926,53.28823,2021/02/25 00:00:00+00,Thu 25 Feb 2021,18095,1758,2,289598,149962,27,289625,149989,6.15057804284519,3.18521899030922,536
-7.6926,53.28823,2021/02/26 00:00:00+00,Fri 26 Feb 2021,16078,2769,0,305676,152731,27,305703,152758,6.49201608780976,3.24402244512368,537
-7.6926,53.28823,2021/02/27 00:00:00+00,Sat 27 Feb 2021,8995,704,1,314671,153435,28,314699,153463,6.68305829781731,3.25899407229746,538
-7.6926,53.28823,2021/02/28 00:00:00+00,Sun 28 Feb 2021,2444,57,2,317115,153492,30,317145,153522,6.73500241138761,3.26024701698292,539
-7.6926,53.28823,2021/03/01 00:00:00+00,Mon 01 Mar 2021,5601,794,0,322716,154286,30,322746,154316,6.8539472111044,3.2771086793602,540
-7.6926,53.28823,2021/03/02 00:00:00+00,Tue 02 Mar 2021,12178,1611,0,334894,155897,30,334924,155927,7.11256348872467,3.31132044017858,541
-7.6926,53.28823,2021/03/03 00:00:00+00,Wed 03 Mar 2021,12912,1504,1,347806,157401,31,347837,157432,7.38678848403674,3.34328114783324,542
-7.6926,53.28823,2021/03/04 00:00:00+00,Thu 04 Mar 2021,18739,1691,5,366545,159092,36,366581,159128,7.78484263970386,3.37929799845272,543
-7.6926,53.28823,2021/03/05 00:00:00+00,Fri 05 Mar 2021,18448,2400,6,384993,161492,42,385035,161534,8.17673825369667,3.43039265799898,544
-7.6926,53.28823,2021/03/06 00:00:00+00,Sat 06 Mar 2021,10402,141,4,395395,161633,46,395441,161679,8.39772371805177,3.43347192883614,545
-7.6926,53.28823,2021/03/07 00:00:00+00,Sun 07 Mar 2021,1523,12,3,396918,161645,49,396967,161694,8.43013038906906,3.43379047409516,546
-7.6926,53.28823,2021/03/08 00:00:00+00,Mon 08 Mar 2021,6668,1498,5,403586,163143,54,403640,163197,8.57184055663023,3.46570870904862,547
-7.6926,53.28823,2021/03/09 00:00:00+00,Tue 09 Mar 2021,13829,3106,6,417415,166249,60,417475,166309,8.86564546719653,3.53179623211926,548
-7.6926,53.28823,2021/03/10 00:00:00+00,Wed 10 Mar 2021,13738,3990,3,431153,170239,63,431216,170302,9.15745416080632,3.61659298006947,549
-7.6926,53.28823,2021/03/11 00:00:00+00,Thu 11 Mar 2021,18486,2102,3,449639,172341,66,449705,172407,9.55009304707016,3.6612954980848,550
-7.6926,53.28823,2021/03/12 00:00:00+00,Fri 12 Mar 2021,17333,1339,4,466972,173680,70,467042,173750,9.91826765744153,3.68981591694208,551
-7.6926,53.28823,2021/03/13 00:00:00+00,Sat 13 Mar 2021,8309,175,0,475281,173855,70,475351,173925,10.0947204945861,3.69353227829728,552
-7.6926,53.28823,2021/03/14 00:00:00+00,Sun 14 Mar 2021,383,20,2,475664,173875,72,475736,173947,10.1028964895675,3.6939994780105,553
-7.6926,53.28823,2021/03/15 00:00:00+00,Mon 15 Mar 2021,2655,992,0,478319,174867,72,478391,174939,10.1592790004135,3.7150659378068,554
-7.6926,53.28823,2021/03/16 00:00:00+00,Tue 16 Mar 2021,8946,3823,2,487265,178690,74,487339,178764,10.3493018655922,3.79629497885603,555
-7.6926,53.28823,2021/03/17 00:00:00+00,Wed 17 Mar 2021,4898,2415,6,492163,181105,80,492243,181185,10.45344492894,3.8477081836613,556
-7.6926,53.28823,2021/03/18 00:00:00+00,Thu 18 Mar 2021,11731,4682,5,503894,185787,85,503979,185872,10.7026747395946,3.94724295892869,557
-7.6926,53.28823,2021/03/19 00:00:00+00,Fri 19 Mar 2021,10369,6132,2,514263,191919,87,514350,192006,10.9229169316786,4.07750673351587,558
-7.6926,53.28823,2021/03/20 00:00:00+00,Sat 20 Mar 2021,5243,3118,4,519506,195037,91,519597,195128,11.0343440632826,4.14380662009252,559
-7.6926,53.28823,2021/03/21 00:00:00+00,Sun 21 Mar 2021,3639,54,3,523145,195091,94,523239,195185,11.1116868521719,4.14501709207678,560
-7.6926,53.28823,2021/03/22 00:00:00+00,Mon 22 Mar 2021,7414,2407,1,530559,197498,95,530654,197593,11.269154391879,4.19615422432424,561
-7.6926,53.28823,2021/03/23 00:00:00+00,Tue 23 Mar 2021,12566,7391,4,543125,204889,99,543224,204988,11.5360953189349,4.35319703701942,562
-7.6926,53.28823,2021/03/24 00:00:00+00,Wed 24 Mar 2021,13627,9780,2,556752,214669,101,556853,214770,11.8255255412774,4.56093101859943,563
-7.6926,53.28823,2021/03/25 00:00:00+00,Thu 25 Mar 2021,20873,10225,3,577625,224894,104,577729,224998,12.2688555964261,4.77813641254754,564
-7.6926,53.28823,2021/03/26 00:00:00+00,Fri 26 Mar 2021,19700,9497,1,597325,234391,105,597430,234496,12.6872329396185,4.97983927055684,565
-7.6926,53.28823,2021/03/27 00:00:00+00,Sat 27 Mar 2021,11758,5354,3,609083,239745,108,609191,239853,12.9369936590381,5.09360240072696,566
-7.6926,53.28823,2021/03/28 00:00:00+00,Sun 28 Mar 2021,2492,483,0,611575,240228,108,611683,240336,12.989914644736,5.1038595580673,567
-7.6926,53.28823,2021/03/28 23:00:00+00,Mon 29 Mar 2021,9277,3120,3,620852,243348,111,620963,243459,13.1869879783143,5.17018068099455,568
-7.6926,53.28823,2021/03/29 23:00:00+00,Tue 30 Mar 2021,13330,8668,4,634182,252016,115,634297,252131,13.4701534772294,5.35434231340734,569
-7.6926,53.28823,2021/03/30 23:00:00+00,Wed 31 Mar 2021,15838,10515,4,650020,262531,119,650139,262650,13.8065797434521,5.57772748538037,570
-7.6926,53.28823,2021/03/31 23:00:00+00,Thu 01 Apr 2021,19704,11583,8,669724,274114,127,669851,274241,14.2251906865011,5.82387802519778,571
-7.6926,53.28823,2021/04/01 23:00:00+00,Fri 02 Apr 2021,20140,13722,9,689864,287836,136,690000,287972,14.6530819147628,6.11547435530156,572
-7.6926,53.28823,2021/04/02 23:00:00+00,Sat 03 Apr 2021,7547,4635,6,697411,292471,142,697553,292613,14.813480070853,6.21403225844129,573
-7.6926,53.28823,2021/04/03 23:00:00+00,Sun 04 Apr 2021,3038,170,3,700449,292641,145,700594,292786,14.8780598130309,6.21770614709528,574
-7.6926,53.28823,2021/04/04 23:00:00+00,Mon 05 Apr 2021,3435,608,4,703884,293249,149,704033,293398,14.9510916227481,6.23070279366316,575
-7.6926,53.28823,2021/04/05 23:00:00+00,Tue 06 Apr 2021,11995,8150,11,715879,301399,160,716039,301559,15.206055248065,6.40401265091878,576
-7.6926,53.28823,2021/04/06 23:00:00+00,Wed 07 Apr 2021,18367,10472,11,734246,311871,171,734417,312042,15.5963368994121,6.62663331427017,577
-7.6926,53.28823,2021/04/07 23:00:00+00,Thu 08 Apr 2021,20183,10566,16,754429,322437,187,754616,322624,16.0252899452038,6.85135637633107,578
-7.6926,53.28823,2021/04/08 23:00:00+00,Fri 09 Apr 2021,20676,9160,16,775105,331597,203,775308,331800,16.4647125118419,7.04622112944681,579
-7.6926,53.28823,2021/04/09 23:00:00+00,Sat 10 Apr 2021,11179,4172,12,786284,335769,215,786499,335984,16.7023685114189,7.13507402036184,580
-7.6926,53.28823,2021/04/10 23:00:00+00,Sun 11 Apr 2021,2861,365,8,789145,336134,223,789368,336357,16.7632956012935,7.14299517913605,581
-7.6926,53.28823,2021/04/11 23:00:00+00,Mon 12 Apr 2021,7776,2796,13,796921,338930,236,797157,339166,16.9287055361255,7.20264808797456,582
-7.6926,53.28823,2021/04/12 23:00:00+00,Tue 13 Apr 2021,11516,8601,1,808437,347531,237,808674,347768,17.1732845859984,7.38532317584527,583
-7.6926,53.28823,2021/04/13 23:00:00+00,Wed 14 Apr 2021,20354,6598,2,828791,354129,239,829030,354368,17.6055717388345,7.52548308981256,584
-7.6926,53.28823,2021/04/14 23:00:00+00,Thu 15 Apr 2021,27130,10812,1,855921,364941,240,856161,365181,18.1817351669931,7.75511174886232,585
-7.6926,53.28823,2021/04/15 23:00:00+00,Fri 16 Apr 2021,27977,9834,1,883898,374775,241,884139,375016,18.7758857841108,7.96397125702419,586
-7.6926,53.28823,2021/04/16 23:00:00+00,Sat 17 Apr 2021,15846,4556,3,899744,379331,244,899988,379575,19.1124607047878,8.06078777941463,587
-7.6926,53.28823,2021/04/17 23:00:00+00,Sun 18 Apr 2021,1073,483,0,900817,379814,244,901061,380058,19.1352473089827,8.07104493675496,588
-7.6926,53.28823,2021/04/18 23:00:00+00,Mon 19 Apr 2021,6742,2259,0,907559,382073,244,907803,382317,19.2784227847354,8.11901785276286,589
-7.6926,53.28823,2021/04/19 23:00:00+00,Tue 20 Apr 2021,15087,7320,1,922646,389393,245,922891,389638,19.5988368426049,8.27448917551355,590
-7.6926,53.28823,2021/04/20 23:00:00+00,Wed 21 Apr 2021,26723,9885,4,949369,399278,249,949618,399527,20.1664207851206,8.48449544660789,591
-7.6926,53.28823,2021/04/21 23:00:00+00,Thu 22 Apr 2021,31623,12180,1,980992,411458,250,981242,411708,20.83799913653,8.74317543327995,592
-7.6926,53.28823,2021/04/22 23:00:00+00,Fri 23 Apr 2021,33615,12354,3,1014607,423812,253,1014860,424065,21.551922771038,9.00559301765781,593
-7.6926,53.28823,2021/04/23 23:00:00+00,Sat 24 Apr 2021,23701,6995,2,1038308,430807,255,1038563,431062,22.055287989336,9.15418376281375,594
-7.6926,53.28823,2021/04/24 23:00:00+00,Sun 25 Apr 2021,9752,303,2,1048060,431110,257,1048317,431367,22.2624273530991,9.16066084974709,595
-7.6926,53.28823,2021/04/25 23:00:00+00,Mon 26 Apr 2021,15594,3055,3,1063654,434165,260,1063914,434425,22.5936507134246,9.22560160988527,596
