X,Y,VaccinationDate,VaccineText,Dose1,Dose2,SingleDose,Dose1Cum,Dose2Cum,SingleDoseCum,PartiallyVacc,FullyVacc,PartialPercent,FullyPercent,ObjectId
-7.6926,53.28823,2022/05/22 23:00:00+00,Mon 23 May 2022,30,36,0,3847245,3797325,240927,4088172,4038252,86.8178539096228,85.7577352876156,1
-7.6926,53.28823,2020/12/28 00:00:00+00,Mon 28 Dec 2020,226,14,1,226,14,1,227,15,0.00482065158645095,0.000318545259016583,2
-7.6926,53.28823,2022/05/23 23:00:00+00,Tue 24 May 2022,77,83,0,3847322,3797408,240927,4088249,4038335,86.8194891086191,85.7594979047155,3
-7.6926,53.28823,2020/12/29 00:00:00+00,Tue 29 Dec 2020,78,2,0,304,16,1,305,17,0.00647708693333718,0.000361017960218794,4
-7.6926,53.28823,2022/05/24 23:00:00+00,Wed 25 May 2022,89,134,1,3847411,3797542,240928,4088339,4038470,86.8214003801732,85.7623648120466,5
-7.6926,53.28823,2020/12/30 00:00:00+00,Wed 30 Dec 2020,1059,1,0,1363,17,1,1364,18,0.0289663822199079,0.000382254310819899,6
-7.6926,53.28823,2022/05/25 23:00:00+00,Thu 26 May 2022,135,155,0,3847546,3797697,240928,4088474,4038625,86.8242672875043,85.7656564463898,7
-7.6926,53.28823,2020/12/31 00:00:00+00,Thu 31 Dec 2020,1033,1,0,2396,18,1,2397,19,0.0509035323908499,0.000403490661421005,8
-7.6926,53.28823,2022/05/26 23:00:00+00,Fri 27 May 2022,98,152,0,3847644,3797849,240928,4088572,4038777,86.8263484498632,85.7688843716812,9
-7.6926,53.28823,2021/01/01 00:00:00+00,Fri 01 Jan 2021,814,0,0,3210,18,1,3211,19,0.0681899217801498,0.000403490661421005,10
-7.6926,53.28823,2022/05/27 23:00:00+00,Sat 28 May 2022,335,578,0,3847979,3798427,240928,4088907,4039355,86.8334626273146,85.7811589823286,11
-7.6926,53.28823,2021/01/02 00:00:00+00,Sat 02 Jan 2021,1016,0,0,4226,18,1,4227,19,0.089766053990873,0.000403490661421005,12
-7.6926,53.28823,2022/05/28 23:00:00+00,Sun 29 May 2022,182,349,0,3848161,3798776,240928,4089089,4039704,86.837327643124,85.7885704686884,13
-7.6926,53.28823,2021/01/03 00:00:00+00,Sun 03 Jan 2021,20,2,1,4246,20,2,4248,22,0.0902120173534963,0.000467199713224322,14
-7.6926,53.28823,2021/01/04 00:00:00+00,Mon 04 Jan 2021,1190,3,0,5436,23,2,5438,25,0.115483274568812,0.000530908765027638,15
-7.6926,53.28823,2021/01/05 00:00:00+00,Tue 05 Jan 2021,3532,13,0,8968,36,2,8970,38,0.190490064891917,0.00080698132284201,16
-7.6926,53.28823,2021/01/06 00:00:00+00,Wed 06 Jan 2021,6778,13,0,15746,49,2,15748,51,0.33443004926621,0.00108305388065638,17
-7.6926,53.28823,2021/01/07 00:00:00+00,Thu 07 Jan 2021,11728,8,0,27474,57,2,27476,59,0.583489969115975,0.00125294468546523,18
-7.6926,53.28823,2021/01/08 00:00:00+00,Fri 08 Jan 2021,12682,5,0,40156,62,2,40158,64,0.852809367439196,0.00135912643847075,19
-7.6926,53.28823,2022/05/29 23:00:00+00,Mon 30 May 2022,11,23,0,3848172,3798799,240928,4089100,4039727,86.8375612429806,85.7890589047522,20
-7.6926,53.28823,2021/01/09 00:00:00+00,Sat 09 Jan 2021,8073,7,0,48229,69,2,48231,71,1.02425042584192,0.00150778089267849,21
-7.6926,53.28823,2022/05/30 23:00:00+00,Tue 31 May 2022,66,79,1,3848238,3798878,240929,4089167,4039807,86.8389840784709,85.7907578128003,22
-7.6926,53.28823,2022/05/31 23:00:00+00,Wed 01 Jun 2022,71,100,0,3848309,3798978,240929,4089238,4039907,86.8404918593635,85.7928814478604,23
-7.6926,53.28823,2021/01/10 00:00:00+00,Sun 10 Jan 2021,4782,4,1,53011,73,3,53014,76,1.12582389076701,0.00161396264568402,24
-7.6926,53.28823,2021/01/11 00:00:00+00,Mon 11 Jan 2021,8342,7,0,61353,80,3,61356,83,1.30297752748143,0.00176261709989176,25
-7.6926,53.28823,2022/06/01 23:00:00+00,Thu 02 Jun 2022,120,138,0,3848429,3799116,240929,4089358,4040045,86.8430402214357,85.7958120642434,26
-7.6926,53.28823,2021/01/12 00:00:00+00,Tue 12 Jan 2021,8886,10,0,70239,90,3,70242,93,1.49168373892285,0.00197498060590281,27
-7.6926,53.28823,2022/06/02 23:00:00+00,Fri 03 Jun 2022,63,144,0,3848492,3799260,240929,4089421,4040189,86.8443781115235,85.7988700987299,28
-7.6926,53.28823,2021/01/13 00:00:00+00,Wed 13 Jan 2021,9890,4,0,80129,94,3,80132,97,1.70171124636779,0.00205992600830724,29
-7.6926,53.28823,2022/06/03 23:00:00+00,Sat 04 Jun 2022,307,606,0,3848799,3799866,240929,4089728,4040795,86.8508976711581,85.8117393271942,30
-7.6926,53.28823,2021/01/14 00:00:00+00,Thu 14 Jan 2021,8084,5,0,88213,99,3,88216,102,1.87338590462712,0.00216610776131276,31
-7.6926,53.28823,2021/01/15 00:00:00+00,Fri 15 Jan 2021,7692,2,0,95905,101,3,95908,104,2.03673591345083,0.00220858046251497,32
-7.6926,53.28823,2022/06/04 23:00:00+00,Sun 05 Jun 2022,143,273,0,3848942,3800139,240929,4089871,4041068,86.853934469294,85.8175368509083,33
-7.6926,53.28823,2022/06/05 23:00:00+00,Mon 06 Jun 2022,3,7,1,3848945,3800146,240930,4089875,4041076,86.8540194146965,85.8177067417131,34
-7.6926,53.28823,2021/01/16 00:00:00+00,Sat 16 Jan 2021,5240,2,0,101145,103,3,101148,106,2.14801439060062,0.00225105316371719,35
-7.6926,53.28823,2021/01/17 00:00:00+00,Sun 17 Jan 2021,1113,4,0,102258,107,3,102261,110,2.17165044881965,0.00233599856612161,36
-7.6926,53.28823,2022/06/06 23:00:00+00,Tue 07 Jun 2022,29,50,0,3848974,3800196,240930,4089904,4041126,86.8546352688639,85.8187685592432,37
-7.6926,53.28823,2022/06/07 23:00:00+00,Wed 08 Jun 2022,41,76,0,3849015,3800272,240930,4089945,4041202,86.8555059592385,85.8203825218888,38
-7.6926,53.28823,2021/01/18 00:00:00+00,Mon 18 Jan 2021,8717,8,1,110975,115,4,110979,119,2.35678895336009,0.00252712572153156,39
-7.6926,53.28823,2021/01/19 00:00:00+00,Tue 19 Jan 2021,8384,19,0,119359,134,4,119363,138,2.53483451679976,0.00293061638295256,40
-7.6926,53.28823,2021/04/08 23:00:00+00,Fri 09 Apr 2021,20677,9160,16,775210,331605,204,775414,331809,16.4669635650056,7.04641225660222,41
-7.6926,53.28823,2022/06/08 23:00:00+00,Thu 09 Jun 2022,83,123,0,3849098,3800395,240930,4090028,4041325,86.8572685763384,85.8229945930128,42
-7.6926,53.28823,2022/06/09 23:00:00+00,Fri 10 Jun 2022,56,108,0,3849154,3800503,240930,4090084,4041433,86.8584578119721,85.8252881188777,43
-7.6926,53.28823,2021/01/20 00:00:00+00,Wed 20 Jan 2021,8448,962,0,127807,1096,4,127811,1100,2.7142392066779,0.0233599856612161,44
-7.6926,53.28823,2021/04/09 23:00:00+00,Sat 10 Apr 2021,11180,4177,12,786390,335782,216,786606,335998,16.7046408009332,7.13537132927025,45
-7.6926,53.28823,2022/06/10 23:00:00+00,Sat 11 Jun 2022,189,561,0,3849343,3801064,240930,4090273,4041994,86.8624714822357,85.8372017115649,46
-7.6926,53.28823,2021/01/21 00:00:00+00,Thu 21 Jan 2021,9005,962,0,136812,2058,4,136816,2062,2.90547254384085,0.0437893549394796,47
-7.6926,53.28823,2021/04/10 23:00:00+00,Sun 11 Apr 2021,2864,366,8,789254,336148,224,789478,336372,16.7656315998596,7.14331372439507,48
-7.6926,53.28823,2022/06/11 23:00:00+00,Sun 12 Jun 2022,143,288,0,3849486,3801352,240930,4090416,4042282,86.8655082803716,85.843317780538,49
-7.6926,53.28823,2021/01/22 00:00:00+00,Fri 22 Jan 2021,6784,967,0,143596,3025,4,143600,3029,3.04953994631875,0.0643249059707486,50
-7.6926,53.28823,2021/04/11 23:00:00+00,Mon 12 Apr 2021,7778,2798,13,797032,338946,237,797269,339183,16.9310840073928,7.20300910593477,51
-7.6926,53.28823,2021/04/12 23:00:00+00,Tue 13 Apr 2021,11519,8588,1,808551,347534,238,808789,347772,17.1757267663175,7.38540812124767,52
-7.6926,53.28823,2021/04/13 23:00:00+00,Wed 14 Apr 2021,20343,6586,2,828894,354120,240,829134,354360,17.607780319297,7.52531319900775,53
-7.6926,53.28823,2021/04/14 23:00:00+00,Thu 15 Apr 2021,27102,10812,1,855996,364932,241,856237,365173,18.1833491296388,7.75494185805751,54
-7.6926,53.28823,2021/04/15 23:00:00+00,Fri 16 Apr 2021,27959,9835,1,883955,374767,242,884197,375009,18.7771174924457,7.96382260256998,55
-7.6926,53.28823,2021/04/16 23:00:00+00,Sat 17 Apr 2021,15850,4557,3,899805,379324,245,900050,379569,19.113777358525,8.06066036131102,56
-7.6926,53.28823,2021/04/17 23:00:00+00,Sun 18 Apr 2021,1073,484,0,900878,379808,245,901123,380053,19.13656396272,8.07093875500196,57
-7.6926,53.28823,2021/04/18 23:00:00+00,Mon 19 Apr 2021,6748,2260,0,907626,382068,245,907871,382313,19.2798668565763,8.11893290736046,58
-7.6926,53.28823,2021/04/19 23:00:00+00,Tue 20 Apr 2021,15088,7322,1,922714,389390,246,922960,389636,19.6003021507964,8.27444670281235,59
-7.6926,53.28823,2021/04/20 23:00:00+00,Wed 21 Apr 2021,26728,9890,4,949442,399280,250,949692,399530,20.1679922750651,8.48455915565969,60
-7.6926,53.28823,2021/04/21 23:00:00+00,Thu 22 Apr 2021,31620,12183,1,981062,411463,251,981313,411714,20.8395069174227,8.74330285138356,61
-7.6926,53.28823,2021/04/22 23:00:00+00,Fri 23 Apr 2021,33615,12351,3,1014677,423814,254,1014931,424068,21.5534305519306,9.00565672670962,62
-7.6926,53.28823,2021/04/23 23:00:00+00,Sat 24 Apr 2021,23703,6995,2,1038380,430809,256,1038636,431065,22.0568382429298,9.15424747186555,63
-7.6926,53.28823,2021/04/24 23:00:00+00,Sun 25 Apr 2021,9752,305,2,1048132,431114,258,1048390,431372,22.263977606693,9.16076703150009,64
-7.6926,53.28823,2021/04/25 23:00:00+00,Mon 26 Apr 2021,15594,3055,3,1063726,434169,261,1063987,434430,22.5952009670185,9.22570779163827,65
-7.6926,53.28823,2021/04/26 23:00:00+00,Tue 27 Apr 2021,25917,7820,9,1089643,441989,270,1089913,442259,23.1457745927027,9.39196718049433,66
-7.6926,53.28823,2021/04/27 23:00:00+00,Wed 28 Apr 2021,26042,8613,5,1115685,450602,275,1115960,450877,23.6989178168097,9.57498204997465,67
-7.6926,53.28823,2021/04/28 23:00:00+00,Thu 29 Apr 2021,31690,11322,6,1147375,461924,281,1147656,462205,24.3720251854624,9.81554742958398,68
-7.6926,53.28823,2021/04/29 23:00:00+00,Fri 30 Apr 2021,36098,13534,8,1183473,475458,289,1183762,475747,25.1387848602659,10.1031300894241,69
-7.6926,53.28823,2021/04/30 23:00:00+00,Sat 01 May 2021,16590,6693,18,1200063,482151,307,1200370,482458,25.491478171049,10.2456472383082,70
-7.6926,53.28823,2021/05/01 23:00:00+00,Sun 02 May 2021,12467,911,16,1212530,483062,323,1212853,483385,25.7565715356026,10.2653333353154,71
-7.6926,53.28823,2021/05/02 23:00:00+00,Mon 03 May 2021,14267,927,21,1226797,483989,344,1227141,484333,26.0599965129912,10.2854653956852,72
-7.6926,53.28823,2021/05/03 23:00:00+00,Tue 04 May 2021,26662,6797,10,1253459,490786,354,1253813,491140,26.6264124562239,10.430021234227,73
-7.6926,53.28823,2021/05/04 23:00:00+00,Wed 05 May 2021,32119,13459,69,1285578,504245,423,1286001,504668,27.3099681093723,10.7173065851587,74
-7.6926,53.28823,2021/05/05 23:00:00+00,Thu 06 May 2021,37295,14374,132,1322873,518619,555,1323428,519174,28.1047810033199,11.0253610869784,75
-7.6926,53.28823,2021/05/06 23:00:00+00,Fri 07 May 2021,40595,15077,98,1363468,533696,653,1364121,534349,28.9689518183307,11.3476227073501,76
-7.6926,53.28823,2021/05/07 23:00:00+00,Sat 08 May 2021,25626,7054,10,1389094,540750,663,1389757,541413,29.5133669023406,11.4976362879963,77
-7.6926,53.28823,2021/05/08 23:00:00+00,Sun 09 May 2021,19674,926,5,1408768,541676,668,1409436,542344,29.9312770458198,11.517407330406,78
-7.6926,53.28823,2021/05/09 23:00:00+00,Mon 10 May 2021,28844,4650,171,1437612,546326,839,1438451,547165,30.5474497585108,11.6197877766539,79
-7.6926,53.28823,2021/05/10 23:00:00+00,Tue 11 May 2021,33928,14809,153,1471540,561135,992,1472532,562127,31.2712058233471,11.9375260543476,80
-7.6926,53.28823,2021/05/11 23:00:00+00,Wed 12 May 2021,31294,20922,173,1502834,582057,1165,1503999,583222,31.9394500677121,12.385506870278,81
-7.6926,53.28823,2021/05/12 23:00:00+00,Thu 13 May 2021,36003,25468,152,1538837,607525,1317,1540154,608842,32.7072503236951,12.9295821726783,82
-7.6926,53.28823,2021/05/13 23:00:00+00,Fri 14 May 2021,38223,27945,236,1577060,635470,1553,1578613,637023,33.523979131463,13.528043768968,83
-7.6926,53.28823,2021/05/14 23:00:00+00,Sat 15 May 2021,28861,12455,22,1605921,647925,1575,1607496,649500,34.1373486458747,13.793009715418,84
-7.6926,53.28823,2021/05/15 23:00:00+00,Sun 16 May 2021,23183,1175,10,1629104,649100,1585,1630689,650685,34.6298833253662,13.8181747908803,85
-7.6926,53.28823,2021/05/16 23:00:00+00,Mon 17 May 2021,35391,3953,118,1664495,653053,1703,1666198,654756,35.3839648988608,13.9046279741774,86
-7.6926,53.28823,2021/05/17 23:00:00+00,Tue 18 May 2021,39013,12501,128,1703508,665554,1831,1705339,667385,36.2151768977387,14.1728218459188,87
-7.6926,53.28823,2021/05/18 23:00:00+00,Wed 19 May 2021,37027,17592,211,1740535,683146,2042,1742577,685188,37.0059761214227,14.5508925956703,88
-7.6926,53.28823,2021/05/19 23:00:00+00,Thu 20 May 2021,39090,19643,136,1779625,702789,2178,1781803,704967,37.8389932101016,14.9709263742096,89
-7.6926,53.28823,2021/05/20 23:00:00+00,Fri 21 May 2021,25837,23247,14934,1805462,726036,17112,1822574,743148,38.7048204604593,15.7817514765104,90
-7.6926,53.28823,2021/05/21 23:00:00+00,Sat 22 May 2021,16588,10248,13523,1822050,736284,30635,1852685,766919,39.3442682134092,16.2865607666492,91
-7.6926,53.28823,2021/05/22 23:00:00+00,Sun 23 May 2021,8219,5527,10205,1830269,741811,40840,1871109,782651,39.735526736884,16.6206510343058,92
-7.6926,53.28823,2021/05/23 23:00:00+00,Mon 24 May 2021,22552,8217,8450,1852821,750028,49290,1902111,799318,40.3938960782194,16.9745972897745,93
-7.6926,53.28823,2021/05/24 23:00:00+00,Tue 25 May 2021,30343,16505,3224,1883164,766533,52514,1935678,819047,41.1067366588467,17.3935692507837,94
-7.6926,53.28823,2021/05/25 23:00:00+00,Wed 26 May 2021,19980,25455,3054,1903144,791988,55568,1958712,847556,41.5958947585926,17.9989963700706,95
-7.6926,53.28823,2021/05/26 23:00:00+00,Thu 27 May 2021,17016,36040,550,1920160,828028,56118,1976278,884146,41.9689324932516,18.776034438565,96
-7.6926,53.28823,2021/05/27 23:00:00+00,Fri 28 May 2021,27044,31828,1559,1947204,859856,57677,2004881,917533,42.576355829495,19.4850524760842,97
-7.6926,53.28823,2021/10/29 23:00:00+00,Sat 30 Oct 2021,2020,1451,1,3618784,3554688,240736,3859520,3795424,81.9621198719788,80.6009547438503,98
-7.6926,53.28823,2021/07/19 23:00:00+00,Tue 20 Jul 2021,30588,18184,7699,2912193,2397902,182342,3094535,2580244,65.7166302073921,54.7949662203989,99
-7.6926,53.28823,2021/05/28 23:00:00+00,Sat 29 May 2021,24482,7386,536,1971686,867242,58213,2029899,925455,43.1076468488335,19.6532868455461,100
-7.6926,53.28823,2021/05/29 23:00:00+00,Sun 30 May 2021,24255,1680,209,1995941,868922,58422,2054363,927344,43.6271729299389,19.6934023118316,101
-7.6926,53.28823,2021/05/30 23:00:00+00,Mon 31 May 2021,22589,7307,3444,2018530,876229,61866,2080396,938095,44.1800188451375,19.9217143171441,102
-7.6926,53.28823,2021/05/31 23:00:00+00,Tue 01 Jun 2021,27584,11515,3653,2046114,887744,65519,2111633,953263,44.8433787288643,20.2438272830617,103
-7.6926,53.28823,2021/06/01 23:00:00+00,Wed 02 Jun 2021,18701,20905,4008,2064815,908649,69527,2134342,978176,45.3256350146648,20.772888485587,104
-7.6926,53.28823,2021/06/02 23:00:00+00,Thu 03 Jun 2021,16695,30700,1977,2081510,939349,71504,2153014,1010853,45.7221601530886,21.4668287141793,105
-7.6926,53.28823,2021/06/03 23:00:00+00,Fri 04 Jun 2021,28986,23339,153,2110496,962688,71657,2182153,1034345,46.3409661732542,21.9657130625005,106
-7.6926,53.28823,2021/06/04 23:00:00+00,Sat 05 Jun 2021,20968,11493,33,2131464,974181,71690,2203154,1045871,46.786950772228,22.2104832395288,107
-7.6926,53.28823,2021/06/05 23:00:00+00,Sun 06 Jun 2021,19947,3914,47,2151411,978095,71737,2223148,1049832,47.2115503661465,22.2946004242598,108
-7.6926,53.28823,2021/06/06 23:00:00+00,Mon 07 Jun 2021,19823,4593,45,2171234,982688,71782,2243016,1054470,47.6334741798893,22.3930946183477,109
-7.6926,53.28823,2021/06/07 23:00:00+00,Tue 08 Jun 2021,26413,18347,45,2197647,1001035,71827,2269474,1072862,48.1953455440934,22.7836735786033,110
-7.6926,53.28823,2021/06/08 23:00:00+00,Wed 09 Jun 2021,32807,20117,174,2230454,1021152,72001,2302455,1093153,48.8957416232684,23.2145803686503,111
-7.6926,53.28823,2021/06/09 23:00:00+00,Thu 10 Jun 2021,27703,27494,273,2258157,1048646,72274,2330431,1120920,49.4898497676849,23.8042501157912,112
-7.6926,53.28823,2021/06/10 23:00:00+00,Fri 11 Jun 2021,26443,32905,42,2284600,1081551,72316,2356916,1153867,50.0522945133552,24.5039241590458,113
-7.6926,53.28823,2021/06/11 23:00:00+00,Sat 12 Jun 2021,12215,19721,105,2296815,1101272,72421,2369236,1173693,50.3139263527608,24.9249560460633,114
-7.6926,53.28823,2021/06/12 23:00:00+00,Sun 13 Jun 2021,8551,18174,834,2305366,1119446,73255,2378621,1192701,50.5132295031522,25.3286165982892,115
-7.6926,53.28823,2021/06/13 23:00:00+00,Mon 14 Jun 2021,16021,31307,52,2321387,1150753,73307,2394694,1224060,50.8545613663638,25.9945673167892,116
-7.6926,53.28823,2021/06/14 23:00:00+00,Tue 15 Jun 2021,14703,41591,205,2336090,1192344,73512,2409602,1265856,51.1711528811251,26.882161826513,117
-7.6926,53.28823,2021/06/15 23:00:00+00,Wed 16 Jun 2021,13473,48390,217,2349563,1240734,73729,2423292,1314463,51.4618785208542,27.914397120181,118
-7.6926,53.28823,2021/06/16 23:00:00+00,Thu 17 Jun 2021,21571,42689,535,2371134,1283423,74264,2445398,1357687,51.9313292872422,28.8323171385632,119
-7.6926,53.28823,2021/06/17 23:00:00+00,Fri 18 Jun 2021,12020,50020,554,2383154,1333443,74818,2457972,1408261,52.1983551597005,29.9063243338635,120
-7.6926,53.28823,2021/06/18 23:00:00+00,Sat 19 Jun 2021,6322,32808,433,2389476,1366251,75251,2464727,1441502,52.341806708011,30.6122418641948,121
-7.6926,53.28823,2021/06/19 23:00:00+00,Sun 20 Jun 2021,8518,26142,177,2397994,1392393,75428,2473422,1467821,52.5264567764876,31.1711613756653,122
-7.6926,53.28823,2021/06/20 23:00:00+00,Mon 21 Jun 2021,15484,32336,574,2413478,1424729,76002,2489480,1500731,52.8674700944402,31.8700496739477,123
-7.6926,53.28823,2021/06/21 23:00:00+00,Tue 22 Jun 2021,15149,43546,722,2428627,1468275,76724,2505351,1544999,53.2045122148303,32.8101404423574,124
-7.6926,53.28823,2021/06/22 23:00:00+00,Wed 23 Jun 2021,20092,39395,883,2448719,1507670,77607,2526326,1585277,53.6499446686885,33.6654981718688,125
-7.6926,53.28823,2021/06/23 23:00:00+00,Thu 24 Jun 2021,19022,44276,1032,2467741,1551946,78639,2546380,1630585,54.0758184436431,34.6276747449036,126
-7.6926,53.28823,2021/06/24 23:00:00+00,Fri 25 Jun 2021,15211,50125,843,2482952,1602071,79482,2562434,1681553,54.4167468161932,35.7100490623408,127
-7.6926,53.28823,2021/06/25 23:00:00+00,Sat 26 Jun 2021,9066,30563,511,2492018,1632634,79993,2572011,1712627,54.6201273459,36.3699474209195,128
-7.6926,53.28823,2021/06/26 23:00:00+00,Sun 27 Jun 2021,8736,30478,59,2500754,1663112,80052,2580806,1743164,54.8069010494367,37.0184418592255,129
-7.6926,53.28823,2021/06/27 23:00:00+00,Mon 28 Jun 2021,24237,24650,524,2524991,1687762,80576,2605567,1768338,55.3327343266707,37.5530457492577,130
-7.6926,53.28823,2021/06/28 23:00:00+00,Tue 29 Jun 2021,28147,31044,811,2553138,1718806,81387,2634525,1800193,55.9476965673775,38.2295296976559,131
-7.6926,53.28823,2021/06/29 23:00:00+00,Wed 30 Jun 2021,22578,36870,590,2575716,1755676,81977,2657693,1837653,56.4397003381039,39.0250433911734,132
-7.6926,53.28823,2021/06/30 23:00:00+00,Thu 01 Jul 2021,15030,48306,640,2590746,1803982,82617,2673363,1886599,56.7724739520233,40.0644778076951,133
-7.6926,53.28823,2021/07/01 23:00:00+00,Fri 02 Jul 2021,13688,47269,818,2604434,1851251,83435,2687869,1934686,57.0805284538429,41.0856701990504,134
-7.6926,53.28823,2021/07/02 23:00:00+00,Sat 03 Jul 2021,9317,30479,505,2613751,1881730,83940,2697691,1965670,57.2891118894469,41.7436572860751,135
-7.6926,53.28823,2021/07/03 23:00:00+00,Sun 04 Jul 2021,6455,27784,233,2620206,1909514,84173,2704379,1993687,57.4311406022671,42.3386361208663,136
-7.6926,53.28823,2021/07/04 23:00:00+00,Mon 05 Jul 2021,15618,33464,5343,2635824,1942978,89516,2725340,2032494,57.8762757472169,43.1627551786434,137
-7.6926,53.28823,2021/07/05 23:00:00+00,Tue 06 Jul 2021,12414,48301,5487,2648238,1991279,95003,2743241,2086282,58.2564276593273,44.3050160047756,138
-7.6926,53.28823,2021/07/06 23:00:00+00,Wed 07 Jul 2021,19709,43760,5059,2667947,2035039,100062,2768009,2135101,58.7824095910155,45.341753404771,139
-7.6926,53.28823,2021/07/07 23:00:00+00,Thu 08 Jul 2021,17784,45598,5998,2685731,2080637,106060,2791791,2186697,59.287452481011,46.4374641503856,140
-7.6926,53.28823,2021/07/08 23:00:00+00,Fri 09 Jul 2021,13530,45090,6531,2699261,2125727,112591,2811852,2238318,59.7134749104198,47.5337058047653,141
-7.6926,53.28823,2021/07/09 23:00:00+00,Sat 10 Jul 2021,8640,23873,4364,2707901,2149600,116955,2824856,2266555,59.9896324136365,48.1333566366887,142
-7.6926,53.28823,2021/07/10 23:00:00+00,Sun 11 Jul 2021,15239,16113,2153,2723140,2165713,119108,2842248,2284821,60.358975023291,48.5212598167685,143
-7.6926,53.28823,2021/07/11 23:00:00+00,Mon 12 Jul 2021,17110,31771,6092,2740250,2197484,125200,2865450,2322684,60.8517008299378,49.3253317595782,144
-7.6926,53.28823,2021/07/12 23:00:00+00,Tue 13 Jul 2021,20109,36568,8491,2760359,2234052,133691,2894050,2367743,61.4590604571294,50.2822204813134,145
-7.6926,53.28823,2021/07/13 23:00:00+00,Wed 14 Jul 2021,20801,35713,9335,2781160,2269765,143026,2924186,2412791,62.0990391188444,51.238875603192,146
-7.6926,53.28823,2021/07/14 23:00:00+00,Thu 15 Jul 2021,23649,28833,9586,2804809,2298598,152612,2957421,2451210,62.8048292310721,52.0547549569359,147
-7.6926,53.28823,2021/07/15 23:00:00+00,Fri 16 Jul 2021,23528,27431,9167,2828337,2326029,161779,2990116,2487808,63.4991517139752,52.8319629162351,148
-7.6926,53.28823,2021/07/16 23:00:00+00,Sat 17 Jul 2021,11510,19430,4677,2839847,2345459,166456,3006303,2511915,63.8429045211553,53.343907620176,149
-7.6926,53.28823,2021/07/17 23:00:00+00,Sun 18 Jul 2021,16866,15818,1932,2856713,2361277,168388,3025101,2529665,64.2421054397549,53.7208528433456,150
-7.6926,53.28823,2021/07/18 23:00:00+00,Mon 19 Jul 2021,24892,18441,6255,2881605,2379718,174643,3056248,2554361,64.9035540519275,54.2453057577905,151
-7.6926,53.28823,2021/01/23 00:00:00+00,Sat 23 Jan 2021,4191,460,0,147787,3485,4,147791,3489,3.13854149168799,0.0740936272472572,152
-7.6926,53.28823,2021/01/24 00:00:00+00,Sun 24 Jan 2021,1184,398,0,148971,3883,4,148975,3887,3.1636853307997,0.0825456947864972,153
-7.6926,53.28823,2022/06/12 23:00:00+00,Mon 13 Jun 2022,19,44,0,3849505,3801396,240930,4090435,4042326,86.8659117710331,85.8442521799645,154
-7.6926,53.28823,2021/10/30 23:00:00+00,Sun 31 Oct 2021,1596,1320,0,3620380,3556008,240736,3861116,3796744,81.9960130875381,80.6289867266438,155
-7.6926,53.28823,2021/11/01 00:00:00+00,Mon 01 Nov 2021,278,290,2,3620658,3556298,240738,3861396,3797036,82.0019592657065,80.6351877410193,156
-7.6926,53.28823,2022/06/13 23:00:00+00,Tue 14 Jun 2022,39,54,0,3849544,3801450,240930,4090474,4042380,86.8667399887065,85.8453989428969,157
-7.6926,53.28823,2021/07/20 23:00:00+00,Wed 21 Jul 2021,30364,19845,6890,2942557,2417747,189232,3131789,2606979,66.5077692126857,55.3627200537195,158
-7.6926,53.28823,2021/01/25 00:00:00+00,Mon 25 Jan 2021,1364,1289,0,150335,5172,4,150339,5176,3.1926517130196,0.109919350711322,159
-7.6926,53.28823,2021/11/02 00:00:00+00,Tue 02 Nov 2021,1100,1095,10,3621758,3557393,240748,3862506,3798141,82.0255316148737,80.6586539084335,160
-7.6926,53.28823,2022/06/14 23:00:00+00,Wed 15 Jun 2022,70,122,0,3849614,3801572,240930,4090544,4042502,86.8682265332486,85.8479897776703,161
-7.6926,53.28823,2021/07/21 23:00:00+00,Thu 22 Jul 2021,33543,15931,6934,2976100,2433678,196166,3172266,2629844,67.3673529759666,55.8482892102137,162
-7.6926,53.28823,2021/01/26 00:00:00+00,Tue 26 Jan 2021,1002,3502,0,151337,8674,4,151341,8678,3.21393053632191,0.184289050516394,163
-7.6926,53.28823,2021/11/03 00:00:00+00,Wed 03 Nov 2021,2535,1880,7,3624293,3559273,240755,3865048,3800028,82.0795144181017,80.6987269020178,164
-7.6926,53.28823,2022/06/15 23:00:00+00,Thu 16 Jun 2022,81,86,0,3849695,3801658,240930,4090625,4042588,86.8699466776473,85.849816103822,165
-7.6926,53.28823,2021/07/22 23:00:00+00,Fri 23 Jul 2021,27092,20837,5615,3003192,2454515,201781,3204973,2656296,68.061930295077,56.4100331563142,166
-7.6926,53.28823,2021/01/27 00:00:00+00,Wed 27 Jan 2021,2179,6700,0,153516,15374,4,153520,15378,3.26020454428172,0.326572599543801,167
-7.6926,53.28823,2021/11/04 00:00:00+00,Thu 04 Nov 2021,1534,1285,2,3625827,3560558,240757,3866584,3801315,82.112133452625,80.7260580852414,168
-7.6926,53.28823,2022/06/16 23:00:00+00,Fri 17 Jun 2022,60,95,0,3849755,3801753,240930,4090685,4042683,86.8712208586833,85.8518335571291,169
-7.6926,53.28823,2021/07/23 23:00:00+00,Sat 24 Jul 2021,15440,14812,2275,3018632,2469327,204056,3222688,2673383,68.4381322459756,56.7728986790353,170
-7.6926,53.28823,2021/01/28 00:00:00+00,Thu 28 Jan 2021,1014,11541,0,154530,26915,4,154534,26919,3.28173820379124,0.571661321831159,171
-7.6926,53.28823,2021/11/05 00:00:00+00,Fri 05 Nov 2021,1628,1097,4,3627455,3561655,240761,3868216,3802416,82.146791176806,80.7494393072533,172
-7.6926,53.28823,2022/06/17 23:00:00+00,Sat 18 Jun 2022,223,487,0,3849978,3802240,240930,4090908,4043170,86.8759565648674,85.8621756598718,173
-7.6926,53.28823,2021/07/24 23:00:00+00,Sun 25 Jul 2021,14726,13647,1046,3033358,2482974,205102,3238460,2688076,68.7730719676562,57.0849243784173,174
-7.6926,53.28823,2021/01/29 00:00:00+00,Fri 29 Jan 2021,1579,11526,0,156109,38441,4,156113,38445,3.31527040139039,0.816431498859502,175
-7.6926,53.28823,2021/11/06 00:00:00+00,Sat 06 Nov 2021,1816,1356,6,3629271,3563011,240767,3870038,3803778,82.1854838076012,80.778363216772,176
-7.6926,53.28823,2022/06/18 23:00:00+00,Sun 19 Jun 2022,80,129,0,3850058,3802369,240930,4090988,4043299,86.8776554729155,85.8649151490993,177
-7.6926,53.28823,2021/07/25 23:00:00+00,Mon 26 Jul 2021,23841,18305,3422,3057199,2501279,208524,3265723,2709803,69.3520385940941,57.5463265679275,178
-7.6926,53.28823,2021/01/30 00:00:00+00,Sat 30 Jan 2021,645,7792,0,156754,46233,4,156758,46237,3.3289678475281,0.981905142743316,179
-7.6926,53.28823,2021/11/07 00:00:00+00,Sun 07 Nov 2021,696,775,0,3629967,3563786,240767,3870734,3804553,82.2002643076196,80.7948213884878,180
-7.6926,53.28823,2022/06/19 23:00:00+00,Mon 20 Jun 2022,9,27,0,3850067,3802396,240930,4090997,4043326,86.8778466000709,85.8654885305656,181
-7.6926,53.28823,2021/07/26 23:00:00+00,Tue 27 Jul 2021,25510,23911,3674,3082709,2525190,212198,3294907,2737388,69.9718002500368,58.132131299259,182
-7.6926,53.28823,2021/01/31 00:00:00+00,Sun 31 Jan 2021,232,4086,0,156986,50319,4,156990,50323,3.33389468086756,1.06867687129943,183
-7.6926,53.28823,2021/11/08 00:00:00+00,Mon 08 Nov 2021,517,530,3,3630484,3564316,240770,3871254,3805086,82.2113072099322,80.8061403633582,184
-7.6926,53.28823,2022/06/20 23:00:00+00,Tue 21 Jun 2022,79,168,1,3850146,3802564,240931,4091077,4043495,86.879545508119,85.8690774738172,185
-7.6926,53.28823,2021/07/27 23:00:00+00,Wed 28 Jul 2021,23440,25289,3264,3106149,2550479,215462,3321611,2765941,70.5388957564887,58.7384928179724,186
-7.6926,53.28823,2021/02/01 00:00:00+00,Mon 01 Feb 2021,1028,8332,1,158014,58651,5,158019,58656,3.35574688563609,1.24563938085845,187
-7.6926,53.28823,2021/11/09 00:00:00+00,Tue 09 Nov 2021,1370,1063,3,3631854,3565379,240773,3872627,3806152,82.2404647193075,80.828778313099,188
-7.6926,53.28823,2022/06/21 23:00:00+00,Wed 22 Jun 2022,60,95,0,3850206,3802659,240931,4091137,4043590,86.880819689155,85.8710949271243,189
-7.6926,53.28823,2021/07/28 23:00:00+00,Thu 29 Jul 2021,19277,27868,2963,3125426,2578347,218425,3343851,2796772,71.0111921938573,59.3932307433551,190
-7.6926,53.28823,2021/02/02 00:00:00+00,Tue 02 Feb 2021,835,5108,0,158849,63759,5,158854,63764,3.37347923838802,1.35411465972889,191
-7.6926,53.28823,2021/11/10 00:00:00+00,Wed 10 Nov 2021,1608,1360,1,3633462,3566739,240774,3874236,3807513,82.2746340074247,80.8576809862671,192
-7.6926,53.28823,2022/06/22 23:00:00+00,Thu 23 Jun 2022,65,114,0,3850271,3802773,240931,4091202,4043704,86.8822000519441,85.8735158710928,193
-7.6926,53.28823,2021/07/29 23:00:00+00,Fri 30 Jul 2021,21957,22944,2120,3147383,2601291,220545,3367928,2821836,71.5224998072801,59.9254986348212,194
-7.6926,53.28823,2021/02/03 00:00:00+00,Wed 03 Feb 2021,1405,6868,0,160254,70627,5,160259,70632,3.40331631098257,1.49996591565729,195
-7.6926,53.28823,2021/11/11 00:00:00+00,Thu 11 Nov 2021,1386,1115,1,3634848,3567854,240775,3875623,3808629,82.3040888257084,80.8813807535379,196
-7.6926,53.28823,2022/06/23 23:00:00+00,Fri 24 Jun 2022,56,92,1,3850327,3802865,240932,4091259,4043797,86.8834105239284,85.8754908516987,197
-7.6926,53.28823,2022/06/24 23:00:00+00,Sat 25 Jun 2022,210,291,0,3850537,3803156,240932,4091469,4044088,86.8878701575546,85.8816706297236,198
-7.6926,53.28823,2022/06/25 23:00:00+00,Sun 26 Jun 2022,174,403,0,3850711,3803559,240932,4091643,4044491,86.8915652825592,85.8902288790159,199
-7.6926,53.28823,2022/06/26 23:00:00+00,Mon 27 Jun 2022,4,33,0,3850715,3803592,240932,4091647,4044524,86.8916502279616,85.8909296785857,200
-7.6926,53.28823,2022/06/27 23:00:00+00,Tue 28 Jun 2022,47,60,0,3850762,3803652,240932,4091694,4044584,86.8926483364399,85.8922038596218,201
-7.6926,53.28823,2022/06/28 23:00:00+00,Wed 29 Jun 2022,63,81,3,3850825,3803733,240935,4091760,4044668,86.8940499355795,85.8939877130723,202
-7.6926,53.28823,2022/06/29 23:00:00+00,Thu 30 Jun 2022,73,86,0,3850898,3803819,240935,4091833,4044754,86.8956001891734,85.895814039224,203
-7.6926,53.28823,2022/06/30 23:00:00+00,Fri 01 Jul 2022,49,62,0,3850947,3803881,240935,4091882,4044816,86.8966407703529,85.8971306929612,204
-7.6926,53.28823,2022/07/01 23:00:00+00,Sat 02 Jul 2022,182,228,0,3851129,3804109,240935,4092064,4045044,86.9005057861623,85.9019725808983,205
-7.6926,53.28823,2022/07/02 23:00:00+00,Sun 03 Jul 2022,108,273,0,3851237,3804382,240935,4092172,4045317,86.9027993120272,85.9077701046124,206
-7.6926,53.28823,2022/07/03 23:00:00+00,Mon 04 Jul 2022,14,15,0,3851251,3804397,240935,4092186,4045332,86.9030966209356,85.9080886498714,207
-7.6926,53.28823,2022/07/04 23:00:00+00,Tue 05 Jul 2022,53,69,0,3851304,3804466,240935,4092239,4045401,86.9042221475175,85.9095539580629,208
-7.6926,53.28823,2022/07/05 23:00:00+00,Wed 06 Jul 2022,64,83,0,3851368,3804549,240935,4092303,4045484,86.9055812739559,85.9113165751628,209
-7.6926,53.28823,2022/07/06 23:00:00+00,Thu 07 Jul 2022,80,74,0,3851448,3804623,240935,4092383,4045558,86.907280182004,85.9128880651073,210
-7.6926,53.28823,2022/07/07 23:00:00+00,Fri 08 Jul 2022,101,88,0,3851549,3804711,240935,4092484,4045646,86.9094250534147,85.9147568639602,211
-7.6926,53.28823,2022/07/08 23:00:00+00,Sat 09 Jul 2022,120,142,0,3851669,3804853,240935,4092604,4045788,86.9119734154869,85.9177724257455,212
-7.6926,53.28823,2022/07/09 23:00:00+00,Sun 10 Jul 2022,131,219,0,3851800,3805072,240935,4092735,4046007,86.9147553774156,85.9224231865272,213
-7.6926,53.28823,2022/07/10 23:00:00+00,Mon 11 Jul 2022,12,15,0,3851812,3805087,240935,4092747,4046022,86.9150102136228,85.9227417317862,214
-7.6926,53.28823,2022/07/11 23:00:00+00,Tue 12 Jul 2022,43,80,0,3851855,3805167,240935,4092790,4046102,86.9159233766987,85.9244406398343,215
-7.6926,53.28823,2022/07/12 23:00:00+00,Wed 13 Jul 2022,99,73,0,3851954,3805240,240935,4092889,4046175,86.9180257754082,85.9259908934281,216
-7.6926,53.28823,2022/07/13 23:00:00+00,Thu 14 Jul 2022,71,39,0,3852025,3805279,240935,4092960,4046214,86.9195335563008,85.9268191111016,217
-7.6926,53.28823,2022/07/14 23:00:00+00,Fri 15 Jul 2022,79,116,1,3852104,3805395,240936,4093040,4046331,86.9212324643489,85.9293037641219,218
-7.6926,53.28823,2022/07/15 23:00:00+00,Sat 16 Jul 2022,124,209,0,3852228,3805604,240936,4093164,4046540,86.9238657718235,85.9337421613975,219
-7.6926,53.28823,2022/07/16 23:00:00+00,Sun 17 Jul 2022,119,165,0,3852347,3805769,240936,4093283,4046705,86.926392897545,85.9372461592467,220
-7.6926,53.28823,2022/07/17 23:00:00+00,Mon 18 Jul 2022,14,17,0,3852361,3805786,240936,4093297,4046722,86.9266902064534,85.9376071772069,221
-7.6926,53.28823,2022/07/18 23:00:00+00,Tue 19 Jul 2022,29,33,0,3852390,3805819,240936,4093326,4046755,86.9273060606209,85.9383079767768,222
-7.6926,53.28823,2022/07/19 23:00:00+00,Wed 20 Jul 2022,78,66,0,3852468,3805885,240936,4093404,4046821,86.9289624959677,85.9397095759164,223
-7.6926,53.28823,2022/07/20 23:00:00+00,Thu 21 Jul 2022,51,30,0,3852519,3805915,240936,4093455,4046851,86.9300455498484,85.9403466664345,224
-7.6926,53.28823,2022/07/21 23:00:00+00,Fri 22 Jul 2022,72,70,0,3852591,3805985,240936,4093527,4046921,86.9315745670917,85.9418332109766,225
-7.6926,53.28823,2022/07/22 23:00:00+00,Sat 23 Jul 2022,97,175,0,3852688,3806160,240936,4093624,4047096,86.9336344931,85.9455495723318,226
-7.6926,53.28823,2022/07/23 23:00:00+00,Sun 24 Jul 2022,107,232,0,3852795,3806392,240936,4093731,4047328,86.9359067826143,85.9504764056712,227
-7.6926,53.28823,2022/07/24 23:00:00+00,Mon 25 Jul 2022,13,22,0,3852808,3806414,240936,4093744,4047350,86.9361828551721,85.9509436053844,228
-7.6926,53.28823,2022/07/25 23:00:00+00,Tue 26 Jul 2022,18,16,0,3852826,3806430,240936,4093762,4047366,86.9365651094829,85.951283386994,229
-7.6926,53.28823,2022/07/26 23:00:00+00,Wed 27 Jul 2022,60,72,1,3852886,3806502,240937,4093823,4047439,86.9378605268696,85.9528336405879,230
-7.6926,53.28823,2022/07/27 23:00:00+00,Thu 28 Jul 2022,48,71,0,3852934,3806573,240937,4093871,4047510,86.9388798716985,85.9543414214806,231
-7.6926,53.28823,2022/07/28 23:00:00+00,Fri 29 Jul 2022,70,105,0,3853004,3806678,240937,4093941,4047615,86.9403664162406,85.9565712382937,232
-7.6926,53.28823,2022/07/29 23:00:00+00,Sat 30 Jul 2022,99,118,0,3853103,3806796,240937,4094040,4047733,86.94246881495,85.9590771276647,233
-7.6926,53.28823,2022/07/30 23:00:00+00,Sun 31 Jul 2022,31,57,0,3853134,3806853,240937,4094071,4047790,86.9431271418187,85.9602875996489,234
-7.6926,53.28823,2022/07/31 23:00:00+00,Mon 01 Aug 2022,9,14,0,3853143,3806867,240937,4094080,4047804,86.9433182689741,85.9605849085573,235
-7.6926,53.28823,2022/08/01 23:00:00+00,Tue 02 Aug 2022,35,27,0,3853178,3806894,240937,4094115,4047831,86.9440615412451,85.9611582900236,236
-7.6926,53.28823,2022/08/02 23:00:00+00,Wed 03 Aug 2022,93,139,0,3853271,3807033,240937,4094208,4047970,86.946036521851,85.9641101427571,237
-7.6926,53.28823,2022/08/03 23:00:00+00,Thu 04 Aug 2022,44,51,0,3853315,3807084,240937,4094252,4048021,86.9469709212775,85.9651931966378,238
-7.6926,53.28823,2022/08/04 23:00:00+00,Fri 05 Aug 2022,95,91,0,3853410,3807175,240937,4094347,4048112,86.9489883745846,85.9671257045425,239
-7.6926,53.28823,2022/08/05 23:00:00+00,Sat 06 Aug 2022,71,131,0,3853481,3807306,240937,4094418,4048243,86.9504961554773,85.9699076664712,240
-7.6926,53.28823,2022/08/06 23:00:00+00,Sun 07 Aug 2022,28,80,0,3853509,3807386,240937,4094446,4048323,86.9510907732941,85.9716065745193,241
-7.6926,53.28823,2022/08/07 23:00:00+00,Mon 08 Aug 2022,11,16,0,3853520,3807402,240937,4094457,4048339,86.9513243731507,85.9719463561289,242
-7.6926,53.28823,2022/08/08 23:00:00+00,Tue 09 Aug 2022,47,39,0,3853567,3807441,240937,4094504,4048378,86.952322481629,85.9727745738024,243
-7.6926,53.28823,2022/08/09 23:00:00+00,Wed 10 Aug 2022,54,94,0,3853621,3807535,240937,4094558,4048472,86.9534692445614,85.9747707907589,244
-7.6926,53.28823,2022/08/10 23:00:00+00,Thu 11 Aug 2022,45,38,0,3853666,3807573,240937,4094603,4048510,86.9544248803385,85.9755777720817,245
-7.6926,53.28823,2022/08/11 23:00:00+00,Fri 12 Aug 2022,70,75,0,3853736,3807648,240937,4094673,4048585,86.9559114248806,85.9771704983768,246
-7.6926,53.28823,2022/08/12 23:00:00+00,Sat 13 Aug 2022,101,151,0,3853837,3807799,240937,4094774,4048736,86.9580562962913,85.9803771873176,247
-7.6926,53.28823,2022/08/13 23:00:00+00,Sun 14 Aug 2022,18,26,0,3853855,3807825,240937,4094792,4048762,86.9584385506021,85.9809293324332,248
-7.6926,53.28823,2022/08/14 23:00:00+00,Mon 15 Aug 2022,14,11,0,3853869,3807836,240937,4094806,4048773,86.9587358595105,85.9811629322898,249
-7.6926,53.28823,2022/08/15 23:00:00+00,Tue 16 Aug 2022,40,28,0,3853909,3807864,240937,4094846,4048801,86.9595853135345,85.9817575501066,250
-7.6926,53.28823,2022/08/16 23:00:00+00,Wed 17 Aug 2022,52,57,0,3853961,3807921,240937,4094898,4048858,86.9606896037658,85.9829680220909,251
-7.6926,53.28823,2022/08/17 23:00:00+00,Thu 18 Aug 2022,82,38,0,3854043,3807959,240937,4094980,4048896,86.9624309845151,85.9837750034137,252
-7.6926,53.28823,2022/08/18 23:00:00+00,Fri 19 Aug 2022,68,56,0,3854111,3808015,240937,4095048,4048952,86.963875056356,85.9849642390474,253
-7.6926,53.28823,2022/08/19 23:00:00+00,Sat 20 Aug 2022,109,127,0,3854220,3808142,240937,4095157,4049079,86.9661898185715,85.9876612555737,254
-7.6926,53.28823,2022/08/20 23:00:00+00,Sun 21 Aug 2022,38,36,0,3854258,3808178,240937,4095195,4049115,86.9669967998943,85.9884257641954,255
-7.6926,53.28823,2022/08/21 23:00:00+00,Mon 22 Aug 2022,9,11,0,3854267,3808189,240937,4095204,4049126,86.9671879270497,85.988659364052,256
-7.6926,53.28823,2022/08/22 23:00:00+00,Tue 23 Aug 2022,79,71,0,3854346,3808260,240937,4095283,4049197,86.9688655987472,85.9901671449447,257
-7.6926,53.28823,2022/08/23 23:00:00+00,Wed 24 Aug 2022,57,52,0,3854403,3808312,240937,4095340,4049249,86.9700760707315,85.9912714351759,258
-7.6926,53.28823,2022/08/24 23:00:00+00,Thu 25 Aug 2022,66,46,0,3854469,3808358,240937,4095406,4049295,86.9714776698712,85.9922483073036,259
-7.6926,53.28823,2022/08/25 23:00:00+00,Fri 26 Aug 2022,91,81,0,3854560,3808439,240937,4095497,4049376,86.9734101777759,85.9939684517023,260
-7.6926,53.28823,2022/08/26 23:00:00+00,Sat 27 Aug 2022,86,119,0,3854646,3808558,240937,4095583,4049495,86.9752365039276,85.9964955774238,261
-7.6926,53.28823,2022/08/27 23:00:00+00,Sun 28 Aug 2022,44,20,0,3854690,3808578,240937,4095627,4049515,86.976170903354,85.9969203044358,262
-7.6926,53.28823,2022/08/28 23:00:00+00,Mon 29 Aug 2022,12,11,0,3854702,3808589,240937,4095639,4049526,86.9764257395612,85.9971539042924,263
-7.6926,53.28823,2022/08/29 23:00:00+00,Tue 30 Aug 2022,37,42,0,3854739,3808631,240937,4095676,4049568,86.9772114845335,85.9980458310177,264
-7.6926,53.28823,2022/08/30 23:00:00+00,Wed 31 Aug 2022,28,28,0,3854767,3808659,240937,4095704,4049596,86.9778061023503,85.9986404488345,265
-7.6926,53.28823,2022/08/31 23:00:00+00,Thu 01 Sep 2022,26,24,0,3854793,3808683,240937,4095730,4049620,86.9783582474659,85.9991501212489,266
-7.6926,53.28823,2021/07/30 23:00:00+00,Sat 31 Jul 2021,13749,12489,907,3161132,2613780,221452,3382584,2835232,71.8337397616899,60.2099807874736,267
-7.6926,53.28823,2021/02/04 00:00:00+00,Thu 04 Feb 2021,1438,10541,1,161692,81168,6,161698,81174,3.43387541949756,1.72383952369414,268
-7.6926,53.28823,2021/02/05 00:00:00+00,Fri 05 Feb 2021,3395,8614,0,165087,89782,6,165093,89788,3.50597282978831,1.90676944777206,269
-7.6926,53.28823,2021/11/12 00:00:00+00,Fri 12 Nov 2021,1143,1156,6,3635991,3569010,240781,3876772,3809791,82.3284893925491,80.9060573929364,270
-7.6926,53.28823,2021/07/31 23:00:00+00,Sun 01 Aug 2021,11123,9337,368,3172255,2623117,221820,3394075,2844937,72.0777666664472,60.4160795700573,271
-7.6926,53.28823,2021/02/06 00:00:00+00,Sat 06 Feb 2021,902,3870,0,165989,93652,6,165995,93658,3.52512801803051,1.98895412459834,272
-7.6926,53.28823,2021/11/13 00:00:00+00,Sat 13 Nov 2021,1397,1378,0,3637388,3570388,240781,3878169,3811169,82.3581565743388,80.9353210840647,273
-7.6926,53.28823,2021/08/01 23:00:00+00,Mon 02 Aug 2021,15024,16026,430,3187279,2639143,222250,3409529,2861393,72.4059532286367,60.7655449555491,274
-7.6926,53.28823,2021/02/07 00:00:00+00,Sun 07 Feb 2021,332,1300,2,166321,94952,8,166329,94960,3.53222095913128,2.01660385308098,275
-7.6926,53.28823,2021/11/14 00:00:00+00,Sun 14 Nov 2021,1647,1807,1,3639035,3572195,240782,3879817,3812977,82.3931540801294,80.9737164059515,276
-7.6926,53.28823,2021/08/02 23:00:00+00,Tue 03 Aug 2021,17348,25453,1111,3204627,2664596,223361,3427988,2887957,72.7979550243825,61.3296673729169,277
-7.6926,53.28823,2021/02/08 00:00:00+00,Mon 08 Feb 2021,1188,879,0,167509,95831,8,167517,95839,3.55744974364539,2.03527060525935,278
-7.6926,53.28823,2021/11/15 00:00:00+00,Mon 15 Nov 2021,1240,597,1,3640275,3572792,240783,3881058,3813575,82.4195083912254,80.986415743611,279
-7.6926,53.28823,2021/08/03 23:00:00+00,Wed 04 Aug 2021,22118,17310,1576,3226745,2681906,224937,3451682,2906843,73.3011291155251,61.7307370903694,280
-7.6926,53.28823,2021/02/09 00:00:00+00,Tue 09 Feb 2021,4265,545,3,171774,96376,11,171785,96387,3.64808648801091,2.04690812538876,281
-7.6926,53.28823,2021/11/16 00:00:00+00,Tue 16 Nov 2021,1315,1075,5,3641590,3573867,240788,3882378,3814655,82.4475403740189,81.0093510022602,282
-7.6926,53.28823,2021/08/04 23:00:00+00,Thu 05 Aug 2021,13535,30053,1421,3240280,2711959,226358,3466638,2938317,73.6187399751152,62.3991299891886,283
-7.6926,53.28823,2021/02/10 00:00:00+00,Wed 10 Feb 2021,8827,579,0,180601,96955,11,180612,96966,3.83553975476687,2.0592039723868,284
-7.6926,53.28823,2021/11/17 00:00:00+00,Wed 17 Nov 2021,1502,1116,2,3643092,3574983,240790,3883882,3815773,82.4794798453229,81.0330932422322,285
-7.6926,53.28823,2021/08/05 23:00:00+00,Fri 06 Aug 2021,12212,24754,948,3252492,2736713,227306,3479798,2964019,73.8982103490258,62.9449466723382,286
-7.6926,53.28823,2021/02/11 00:00:00+00,Thu 11 Feb 2021,6189,446,0,186790,97401,11,186801,97412,3.96697152863711,2.06867538475489,287
-7.6926,53.28823,2021/11/18 00:00:00+00,Thu 18 Nov 2021,1643,2502,5,3644735,3577485,240795,3885530,3818280,82.5144773511135,81.0863327731892,288
-7.6926,53.28823,2021/08/06 23:00:00+00,Sat 07 Aug 2021,6337,8463,583,3258829,2745176,227889,3486718,2973065,74.0451658951854,63.1370506998758,289
-7.6926,53.28823,2021/02/12 00:00:00+00,Fri 12 Feb 2021,4398,524,0,191188,97925,11,191199,97936,4.06036899858077,2.07980323246987,290
-7.6926,53.28823,2021/11/19 00:00:00+00,Fri 19 Nov 2021,1163,1555,0,3645898,3579040,240795,3886693,3819835,82.5391752268626,81.1193552983739,291
-7.6926,53.28823,2021/08/07 23:00:00+00,Sun 08 Aug 2021,8628,11980,153,3267457,2757156,228042,3495499,2985198,74.2316422898137,63.394711341719,292
-7.6926,53.28823,2021/02/13 00:00:00+00,Sat 13 Feb 2021,1211,1915,0,192399,99840,11,192410,99851,4.08608621915871,2.12047084387099,293
-7.6926,53.28823,2021/02/14 00:00:00+00,Sun 14 Feb 2021,2701,27,0,195100,99867,11,195111,99878,4.1434456021323,2.12104422533722,294
-7.6926,53.28823,2021/02/15 00:00:00+00,Mon 15 Feb 2021,1964,7891,0,197064,107758,11,197075,107769,4.18515379471287,2.28862026793054,295
-7.6926,53.28823,2021/02/16 00:00:00+00,Tue 16 Feb 2021,5654,8163,0,202718,115921,11,202729,115932,4.30522412101152,2.46197259788737,296
-7.6926,53.28823,2021/02/17 00:00:00+00,Wed 17 Feb 2021,9747,8465,0,212465,124386,11,212476,124397,4.5122148303205,2.64173830572572,297
-7.6926,53.28823,2021/02/18 00:00:00+00,Thu 18 Feb 2021,8467,8354,1,220932,132740,12,220944,132752,4.69204424721066,2.81916801499796,298
-7.6926,53.28823,2021/02/19 00:00:00+00,Fri 19 Feb 2021,9393,6582,0,230325,139322,12,230337,139334,4.89151728840684,2.95894567465444,299
-7.6926,53.28823,2021/02/20 00:00:00+00,Sat 20 Feb 2021,5891,3573,2,236216,142895,14,236230,142909,5.01666310249916,3.03486562805339,300
-7.6926,53.28823,2021/02/21 00:00:00+00,Sun 21 Feb 2021,1112,1024,6,237328,143919,20,237348,143939,5.04040534247119,3.05673906917253,301
-7.6926,53.28823,2021/02/22 00:00:00+00,Mon 22 Feb 2021,3946,1123,1,241274,145042,21,241295,145063,5.12422521829376,3.08060872724817,302
-7.6926,53.28823,2021/02/23 00:00:00+00,Tue 23 Feb 2021,13362,1069,1,254636,146111,22,254658,146133,5.40800657137633,3.10333162239135,303
-7.6926,53.28823,2021/02/24 00:00:00+00,Wed 24 Feb 2021,16941,2106,3,271577,148217,25,271602,148242,5.76783529596146,3.14811908580908,304
-7.6926,53.28823,2021/02/25 00:00:00+00,Thu 25 Feb 2021,18097,1758,2,289674,149975,27,289701,150002,6.15219200549087,3.18549506286703,305
-7.6926,53.28823,2021/02/26 00:00:00+00,Fri 26 Feb 2021,16080,2769,0,305754,152744,27,305781,152771,6.49367252315665,3.24429851768149,306
-7.6926,53.28823,2021/02/27 00:00:00+00,Sat 27 Feb 2021,8996,705,1,314750,153449,28,314778,153477,6.68473596951479,3.25929138120587,307
-7.6926,53.28823,2021/02/28 00:00:00+00,Sun 28 Feb 2021,2446,57,2,317196,153506,30,317226,153536,6.7367225557863,3.26054432589134,308
-7.6926,53.28823,2021/03/01 00:00:00+00,Mon 01 Mar 2021,5604,796,0,322800,154302,30,322830,154332,6.8557310645549,3.27744846096982,309
-7.6926,53.28823,2021/03/02 00:00:00+00,Tue 02 Mar 2021,12181,1611,0,334981,155913,30,335011,155943,7.11441105122696,3.3116602217882,310
-7.6926,53.28823,2021/03/03 00:00:00+00,Wed 03 Mar 2021,12902,1504,1,347883,157417,31,347914,157448,7.38842368303303,3.34362092944286,311
-7.6926,53.28823,2021/03/04 00:00:00+00,Thu 04 Mar 2021,18725,1691,5,366608,159108,36,366644,159144,7.78618052979173,3.37963778006234,312
-7.6926,53.28823,2021/03/05 00:00:00+00,Fri 05 Mar 2021,18450,2400,6,385058,161508,42,385100,161550,8.17811861648574,3.4307324396086,313
-7.6926,53.28823,2021/03/06 00:00:00+00,Sat 06 Mar 2021,10405,141,4,395463,161649,46,395509,161695,8.39916778989264,3.43381171044576,314
-7.6926,53.28823,2021/03/07 00:00:00+00,Sun 07 Mar 2021,1523,12,3,396986,161661,49,397035,161710,8.43157446090993,3.43413025570477,315
-7.6926,53.28823,2021/03/08 00:00:00+00,Mon 08 Mar 2021,6669,1498,5,403655,163159,54,403709,163213,8.57330586482171,3.46604849065824,316
-7.6926,53.28823,2021/03/09 00:00:00+00,Tue 09 Mar 2021,13834,3106,6,417489,166265,60,417549,166325,8.86721695714101,3.53213601372888,317
-7.6926,53.28823,2021/03/10 00:00:00+00,Wed 10 Mar 2021,13740,3990,3,431229,170255,63,431292,170318,9.159068123452,3.61693276167909,318
-7.6926,53.28823,2021/03/11 00:00:00+00,Thu 11 Mar 2021,18487,2102,3,449716,172357,66,449782,172423,9.55172824606644,3.66163527969442,319
-7.6926,53.28823,2021/03/12 00:00:00+00,Fri 12 Mar 2021,17334,1340,4,467050,173697,70,467120,173767,9.91992409278841,3.6901769349023,320
-7.6926,53.28823,2021/03/13 00:00:00+00,Sat 13 Mar 2021,8313,176,0,475363,173873,70,475433,173943,10.0964618753354,3.6939145326081,321
-7.6926,53.28823,2021/03/14 00:00:00+00,Sun 14 Mar 2021,383,20,2,475746,173893,72,475818,173965,10.1046378703168,3.69438173232132,322
-7.6926,53.28823,2021/03/15 00:00:00+00,Mon 15 Mar 2021,2660,992,0,478406,174885,72,478478,174957,10.1611265629158,3.71544819211762,323
-7.6926,53.28823,2021/03/16 00:00:00+00,Tue 16 Mar 2021,8948,3823,2,487354,178708,74,487428,178782,10.3511919007957,3.79667723316685,324
-7.6926,53.28823,2021/03/17 00:00:00+00,Wed 17 Mar 2021,4882,2416,7,492236,181124,81,492317,181205,10.4550164188845,3.84813291067333,325
-7.6926,53.28823,2021/03/18 00:00:00+00,Thu 18 Mar 2021,11720,4683,5,503956,185807,86,504042,185893,10.7040126296824,3.94768892229131,326
-7.6926,53.28823,2021/03/19 00:00:00+00,Fri 19 Mar 2021,10376,6133,2,514332,191940,88,514420,192028,10.9244034762207,4.07797393322909,327
-7.6926,53.28823,2021/03/20 00:00:00+00,Sat 20 Mar 2021,5248,3118,4,519580,195058,92,519672,195150,11.0359367895777,4.14427381980574,328
-7.6926,53.28823,2021/03/21 00:00:00+00,Sun 21 Mar 2021,3641,54,3,523221,195112,95,523316,195207,11.1133220511681,4.14548429179001,329
-7.6926,53.28823,2021/03/22 00:00:00+00,Mon 22 Mar 2021,7416,2409,1,530637,197521,96,530733,197617,11.2708320635765,4.19666389673867,330
-7.6926,53.28823,2021/03/23 00:00:00+00,Tue 23 Mar 2021,12567,7392,4,543204,204913,100,543304,205013,11.537794226983,4.35372794578445,331
-7.6926,53.28823,2021/03/24 00:00:00+00,Wed 24 Mar 2021,13630,9781,2,556834,214694,102,556936,214796,11.8272881583773,4.56148316371506,332
-7.6926,53.28823,2021/03/25 00:00:00+00,Thu 25 Mar 2021,20876,10224,3,577710,224918,105,577815,225023,12.2706819225778,4.77866732131257,333
-7.6926,53.28823,2021/03/26 00:00:00+00,Fri 26 Mar 2021,19700,9498,1,597410,234416,106,597516,234522,12.6890592657702,4.98039141567247,334
-7.6926,53.28823,2021/03/27 00:00:00+00,Sat 27 Mar 2021,11761,5357,3,609171,239773,109,609280,239882,12.9388836942416,5.0942182548944,335
-7.6926,53.28823,2021/03/28 00:00:00+00,Sun 28 Mar 2021,2492,484,0,611663,240257,109,611772,240366,12.9918046799395,5.10449664858533,336
-7.6926,53.28823,2021/03/28 23:00:00+00,Mon 29 Mar 2021,9281,3122,3,620944,243379,112,621056,243491,13.1889629589202,5.17086024421378,337
-7.6926,53.28823,2021/03/29 23:00:00+00,Tue 30 Mar 2021,13334,8670,4,634278,252049,116,634394,252165,13.4722134032377,5.35506434932777,338
-7.6926,53.28823,2021/03/30 23:00:00+00,Wed 31 Mar 2021,15838,10503,4,650116,262552,120,650236,262672,13.8086396694605,5.57819468509359,339
-7.6926,53.28823,2021/03/31 23:00:00+00,Thu 01 Apr 2021,19694,11570,8,669810,274122,128,669938,274250,14.2270382490034,5.82406915235319,340
-7.6926,53.28823,2021/04/01 23:00:00+00,Fri 02 Apr 2021,20147,13723,9,689957,287845,137,690094,287982,14.6550781317193,6.11568671880757,341
-7.6926,53.28823,2021/04/02 23:00:00+00,Sat 03 Apr 2021,7548,4635,6,697505,292480,143,697648,292623,14.8154975241601,6.2142446219473,342
-7.6926,53.28823,2021/04/03 23:00:00+00,Sun 04 Apr 2021,3039,170,3,700544,292650,146,700690,292796,14.8800985026886,6.21791851060129,343
-7.6926,53.28823,2021/04/04 23:00:00+00,Mon 05 Apr 2021,3435,607,4,703979,293257,150,704129,293407,14.9531303124058,6.23089392081857,344
-7.6926,53.28823,2021/04/05 23:00:00+00,Tue 06 Apr 2021,11996,8150,11,715975,301407,161,716136,301568,15.2081151740733,6.40420377807419,345
-7.6926,53.28823,2021/04/06 23:00:00+00,Wed 07 Apr 2021,18372,10472,11,734347,311879,172,734519,312051,15.5985030071734,6.62682444142558,346
-7.6926,53.28823,2021/04/07 23:00:00+00,Thu 08 Apr 2021,20186,10566,16,754533,322445,188,754721,322633,16.027519762017,6.85154750348648,347
-7.6926,53.28823,2021/11/20 00:00:00+00,Sat 20 Nov 2021,1545,2943,12,3647443,3581983,240807,3888250,3822790,82.5722402247486,81.1821087144002,348
-7.6926,53.28823,2021/08/08 23:00:00+00,Mon 09 Aug 2021,5547,23040,600,3273004,2780196,228642,3501646,3008838,74.3621821369587,63.8967386699291,349
-7.6926,53.28823,2021/08/09 23:00:00+00,Tue 10 Aug 2021,9357,26014,716,3282361,2806210,229358,3511719,3035568,74.5760958965637,64.4643863214967,350
-7.6926,53.28823,2021/08/10 23:00:00+00,Wed 11 Aug 2021,7018,31246,666,3289379,2837456,230024,3519403,3067480,74.7392760145826,65.1420807418792,351
-7.6926,53.28823,2021/08/11 23:00:00+00,Thu 12 Aug 2021,6778,38300,864,3296157,2875756,230888,3527045,3106644,74.9015642058762,65.9737811768209,352
-7.6926,53.28823,2021/08/12 23:00:00+00,Fri 13 Aug 2021,10933,28252,873,3307090,2904008,231761,3538851,3135769,75.1522805610729,66.5922898880781,353
-7.6926,53.28823,2021/08/13 23:00:00+00,Sat 14 Aug 2021,18139,5847,281,3325229,2909855,232042,3557271,3141897,75.5434541391452,66.7224262445616,354
-7.6926,53.28823,2021/08/14 23:00:00+00,Sun 15 Aug 2021,17001,3733,51,3342230,2913588,232093,3574323,3145681,75.9055763895953,66.8027845952362,355
-7.6926,53.28823,2021/08/15 23:00:00+00,Mon 16 Aug 2021,10193,23156,384,3352423,2936744,232477,3584900,3169221,76.1301932699032,67.3026882883862,356
-7.6926,53.28823,2021/08/16 23:00:00+00,Tue 17 Aug 2021,12873,26866,528,3365296,2963610,233005,3598301,3196615,76.4147816043086,67.8844368767529,357
-7.6926,53.28823,2021/08/17 23:00:00+00,Wed 18 Aug 2021,15237,25768,658,3380533,2989378,233663,3614196,3223041,76.7523333971132,68.4456286777377,358
-7.6926,53.28823,2021/08/18 23:00:00+00,Thu 19 Aug 2021,11363,25716,544,3391896,3015094,234207,3626103,3249301,77.0051946237205,69.0032952445228,359
-7.6926,53.28823,2021/08/19 23:00:00+00,Fri 20 Aug 2021,14853,22253,686,3406749,3037347,234893,3641642,3272240,77.3351862757111,69.4904358909615,360
-7.6926,53.28823,2021/08/20 23:00:00+00,Sat 21 Aug 2021,11895,7982,246,3418644,3045329,235139,3653783,3280468,77.5930168083591,69.6651685837074,361
-7.6926,53.28823,2021/08/21 23:00:00+00,Sun 22 Aug 2021,8004,12254,161,3426648,3057583,235300,3661948,3292883,77.7664116110172,69.9288178764202,362
-7.6926,53.28823,2021/08/22 23:00:00+00,Mon 23 Aug 2021,10870,15390,291,3437518,3072973,235591,3673109,3308564,78.0034305200761,70.2618250901961,363
-7.6926,53.28823,2021/08/23 23:00:00+00,Tue 24 Aug 2021,9717,22928,384,3447235,3095901,235975,3683210,3331876,78.2179388974979,70.7568868954091,364
-7.6926,53.28823,2021/08/24 23:00:00+00,Wed 25 Aug 2021,9418,19532,316,3456653,3115433,236291,3692944,3351724,78.424653534249,71.1783859821398,365
-7.6926,53.28823,2021/08/25 23:00:00+00,Thu 26 Aug 2021,8587,19445,369,3465240,3134878,236660,3701900,3371538,78.6148462902325,71.5991630329501,366
-7.6926,53.28823,2021/08/26 23:00:00+00,Fri 27 Aug 2021,9726,19215,432,3474966,3154093,237092,3712058,3391185,78.8305651396386,72.01639361321,367
-7.6926,53.28823,2021/08/27 23:00:00+00,Sat 28 Aug 2021,9923,7930,153,3484889,3162023,237245,3722134,3399268,79.0445426082953,72.1880470351188,368
-7.6926,53.28823,2021/08/28 23:00:00+00,Sun 29 Aug 2021,8800,9192,30,3493689,3171215,237275,3730964,3408490,79.2320595841031,72.3838886603622,369
-7.6926,53.28823,2021/08/29 23:00:00+00,Mon 30 Aug 2021,5065,11139,84,3498754,3182354,237359,3736113,3419713,79.3414055533482,72.6222242231584,370
-7.6926,53.28823,2021/08/30 23:00:00+00,Tue 31 Aug 2021,4068,12900,145,3502822,3195254,237504,3740326,3432758,79.4308742984306,72.8992524167498,371
-7.6926,53.28823,2021/08/31 23:00:00+00,Wed 01 Sep 2021,4966,12542,181,3507788,3207796,237685,3745473,3445481,79.5401777949745,73.1694425054477,372
-7.6926,53.28823,2021/11/21 00:00:00+00,Sun 21 Nov 2021,1788,2766,0,3649231,3584749,240807,3890038,3825556,82.6102108196233,81.2408484601628,373
-7.6926,53.28823,2021/09/01 23:00:00+00,Thu 02 Sep 2021,5011,12363,248,3512799,3220159,237933,3750732,3458092,79.6518597627857,73.4372541228782,374
-7.6926,53.28823,2021/11/22 00:00:00+00,Mon 22 Nov 2021,719,519,3,3649950,3585268,240810,3890760,3826078,82.6255434647573,81.2519338351766,375
-7.6926,53.28823,2021/09/02 23:00:00+00,Fri 03 Sep 2021,4776,16076,166,3517575,3236235,238099,3755674,3474334,79.7568098074564,73.7821749293414,376
-7.6926,53.28823,2021/11/23 00:00:00+00,Tue 23 Nov 2021,2153,1596,7,3652103,3586864,240817,3892920,3827681,82.6714139820557,81.2859757051902,377
-7.6926,53.28823,2021/09/03 23:00:00+00,Sat 04 Sep 2021,4628,10585,135,3522203,3246820,238234,3760437,3485054,79.8579585453694,74.0098286077852,378
-7.6926,53.28823,2021/09/04 23:00:00+00,Sun 05 Sep 2021,5309,11905,1,3527512,3258725,238235,3765747,3496960,79.9707235670613,74.262668598042,379
-7.6926,53.28823,2021/11/24 00:00:00+00,Wed 24 Nov 2021,1610,3145,2,3653713,3590009,240819,3894532,3830828,82.7056469792247,81.3528065005319,380
-7.6926,53.28823,2021/09/05 23:00:00+00,Mon 06 Sep 2021,2163,9683,75,3529675,3268408,238310,3767985,3506718,80.0182505197066,74.4698929072076,381
-7.6926,53.28823,2021/09/06 23:00:00+00,Tue 07 Sep 2021,3031,10025,160,3532706,3278433,238470,3771176,3516903,80.0860157144747,74.6861851380798,382
-7.6926,53.28823,2021/09/07 23:00:00+00,Wed 08 Sep 2021,2611,14800,190,3535317,3293233,238660,3773977,3531893,80.1454987325084,75.0045180335904,383
-7.6926,53.28823,2021/09/08 23:00:00+00,Thu 09 Sep 2021,3117,14813,138,3538434,3308046,238798,3777232,3546844,80.214623053715,75.3220227114275,384
-7.6926,53.28823,2021/11/25 00:00:00+00,Thu 25 Nov 2021,976,1186,1,3654689,3591195,240820,3895509,3832015,82.726394893762,81.3780140486954,385
-7.6926,53.28823,2021/09/09 23:00:00+00,Fri 10 Sep 2021,3386,13945,116,3541820,3321991,238914,3780734,3560905,80.2889927535201,75.6206270372297,386
-7.6926,53.28823,2021/11/26 00:00:00+00,Fri 26 Nov 2021,1285,1108,12,3655974,3592303,240832,3896806,3833135,82.7539384404916,81.4017987613686,387
-7.6926,53.28823,2021/09/10 23:00:00+00,Sat 11 Sep 2021,2560,11340,62,3544380,3333331,238976,3783356,3572307,80.3446744647962,75.8627639067835,388
-7.6926,53.28823,2021/09/11 23:00:00+00,Sun 12 Sep 2021,2043,12883,1,3546423,3346214,238977,3785400,3585191,80.3880815654248,76.1363730479281,389
-7.6926,53.28823,2021/09/12 23:00:00+00,Mon 13 Sep 2021,1618,7744,52,3548041,3353958,239029,3787070,3592987,80.4235462709287,76.3019316372143,390
-7.6926,53.28823,2021/09/13 23:00:00+00,Tue 14 Sep 2021,1548,10786,82,3549589,3364744,239111,3788700,3603855,80.4581615224085,76.5327282955471,391
-7.6926,53.28823,2021/09/14 23:00:00+00,Wed 15 Sep 2021,3284,12368,137,3552873,3377112,239248,3792121,3616360,80.5308110778149,76.798288859814,392
-7.6926,53.28823,2021/09/15 23:00:00+00,Thu 16 Sep 2021,1916,10576,115,3554789,3387688,239363,3794152,3627051,80.5739421058857,77.0253266840904,393
-7.6926,53.28823,2021/09/16 23:00:00+00,Fri 17 Sep 2021,2563,14615,94,3557352,3402303,239457,3796809,3641760,80.6303670894329,77.337692165082,394
-7.6926,53.28823,2021/09/17 23:00:00+00,Sat 18 Sep 2021,2289,11234,47,3559641,3413537,239504,3799145,3653041,80.679975204437,77.5772594362131,395
-7.6926,53.28823,2021/09/18 23:00:00+00,Sun 19 Sep 2021,1862,8491,16,3561503,3422028,239520,3801023,3661548,80.7198570708659,77.7579170707767,396
-7.6926,53.28823,2021/09/19 23:00:00+00,Mon 20 Sep 2021,957,5627,35,3562460,3427655,239555,3802015,3667210,80.7409235306622,77.8781572878802,397
-7.6926,53.28823,2021/09/20 23:00:00+00,Tue 21 Sep 2021,1469,6674,90,3563929,3434329,239645,3803574,3673974,80.7740310012493,78.0217999633461,398
-7.6926,53.28823,2021/09/21 23:00:00+00,Wed 22 Sep 2021,1897,8154,97,3565826,3442483,239742,3805568,3682225,80.8163762843479,78.1970210921558,399
-7.6926,53.28823,2021/09/22 23:00:00+00,Thu 23 Sep 2021,1699,8729,89,3567525,3451212,239831,3807356,3691043,80.8543468792227,78.3842832317563,400
-7.6926,53.28823,2021/09/23 23:00:00+00,Fri 24 Sep 2021,1913,7388,79,3569438,3458600,239910,3809348,3698510,80.8966496896201,78.5428550616948,401
-7.6926,53.28823,2021/09/24 23:00:00+00,Sat 25 Sep 2021,2421,6602,53,3571859,3465202,239963,3811822,3705165,80.9491884210072,78.6841829749451,402
-7.6926,53.28823,2021/09/25 23:00:00+00,Sun 26 Sep 2021,1549,7099,0,3573408,3472301,239963,3813371,3712264,80.9820835280884,78.8349398278624,403
-7.6926,53.28823,2021/09/26 23:00:00+00,Mon 27 Sep 2021,1177,3825,45,3574585,3476126,240008,3814593,3716134,81.0080343485229,78.9171245046887,404
-7.6926,53.28823,2021/09/27 23:00:00+00,Tue 28 Sep 2021,1450,5137,93,3576035,3481263,240101,3816136,3721364,81.0408020375004,79.0281906183324,405
-7.6926,53.28823,2021/09/28 23:00:00+00,Wed 29 Sep 2021,1652,3630,80,3577687,3484893,240181,3817868,3725074,81.0775833967415,79.1069774790626,406
-7.6926,53.28823,2021/09/29 23:00:00+00,Thu 30 Sep 2021,1281,3976,78,3578968,3488869,240259,3819227,3729128,81.1064435972084,79.1930696443994,407
-7.6926,53.28823,2021/09/30 23:00:00+00,Fri 01 Oct 2021,1861,5185,42,3580829,3494054,240301,3821130,3734355,81.1468563724023,79.3040720489914,408
-7.6926,53.28823,2021/10/01 23:00:00+00,Sat 02 Oct 2021,1705,4096,40,3582534,3498150,240341,3822875,3738491,81.1839138042013,79.3919055950776,409
-7.6926,53.28823,2021/10/02 23:00:00+00,Sun 03 Oct 2021,1196,3021,9,3583730,3501171,240350,3824080,3741521,81.2095036066756,79.4562517373989,410
-7.6926,53.28823,2021/10/03 23:00:00+00,Mon 04 Oct 2021,339,1243,18,3584069,3502414,240368,3824437,3742782,81.2170849838402,79.4830307755069,411
-7.6926,53.28823,2021/10/04 23:00:00+00,Tue 05 Oct 2021,959,2829,70,3585028,3505243,240438,3825466,3745681,81.2389371886087,79.5445949558995,412
-7.6926,53.28823,2021/10/05 23:00:00+00,Wed 06 Oct 2021,975,2577,40,3586003,3507820,240478,3826481,3748298,81.2604920844689,79.6001704854226,413
-7.6926,53.28823,2021/10/06 23:00:00+00,Thu 07 Oct 2021,1215,2704,44,3587218,3510524,240522,3827740,3751046,81.2872286498757,79.6585279768745,414
-7.6926,53.28823,2021/10/07 23:00:00+00,Fri 08 Oct 2021,937,2776,48,3588155,3513300,240570,3828725,3753870,81.3081464552177,79.718499430972,415
-7.6926,53.28823,2021/10/08 23:00:00+00,Sat 09 Oct 2021,731,2378,23,3588886,3515678,240593,3829479,3756271,81.324158663571,79.7694879087652,416
-7.6926,53.28823,2021/10/09 23:00:00+00,Sun 10 Oct 2021,1508,3919,2,3590394,3519597,240595,3830989,3760192,81.3562255529786,79.8527556394722,417
-7.6926,53.28823,2021/10/10 23:00:00+00,Mon 11 Oct 2021,335,1130,19,3590729,3520727,240614,3831343,3761341,81.3637432210914,79.8771562063128,418
-7.6926,53.28823,2021/10/11 23:00:00+00,Tue 12 Oct 2021,563,1615,20,3591292,3522342,240634,3831926,3762976,81.3761240134919,79.9118776395457,419
-7.6926,53.28823,2021/10/12 23:00:00+00,Wed 13 Oct 2021,992,2074,11,3592284,3524416,240645,3832929,3765061,81.3974240731448,79.956155430549,420
-7.6926,53.28823,2021/10/13 23:00:00+00,Thu 14 Oct 2021,670,1605,8,3592954,3526021,240653,3833607,3766674,81.4118223188523,79.9904096640685,421
-7.6926,53.28823,2021/10/14 23:00:00+00,Fri 15 Oct 2021,957,2075,9,3593911,3528096,240662,3834573,3768758,81.432336633533,80.0346662187212,422
-7.6926,53.28823,2021/10/15 23:00:00+00,Sat 16 Oct 2021,1374,2648,14,3595285,3530744,240676,3835961,3771420,81.4618126881673,80.0911973840214,423
-7.6926,53.28823,2021/10/16 23:00:00+00,Sun 17 Oct 2021,1700,2891,2,3596985,3533635,240678,3837663,3774313,81.4979569568904,80.1526341463104,424
-7.6926,53.28823,2021/10/17 23:00:00+00,Mon 18 Oct 2021,675,1247,6,3597660,3534882,240684,3838344,3775566,81.5124189116498,80.1792432936136,425
-7.6926,53.28823,2021/10/18 23:00:00+00,Tue 19 Oct 2021,1336,1802,13,3598996,3536684,240697,3839693,3777381,81.5410667486107,80.2177872699546,426
-7.6926,53.28823,2021/10/19 23:00:00+00,Wed 20 Oct 2021,2255,2330,0,3601251,3539014,240697,3841948,3779711,81.5889547192162,80.2672679668551,427
-7.6926,53.28823,2021/10/20 23:00:00+00,Thu 21 Oct 2021,1731,1844,11,3602982,3540858,240708,3843690,3781566,81.6259484419633,80.3066613972202,428
-7.6926,53.28823,2021/10/21 23:00:00+00,Fri 22 Oct 2021,1505,1932,3,3604487,3542790,240711,3845198,3783501,81.6579728586698,80.3477537356333,429
-7.6926,53.28823,2021/10/22 23:00:00+00,Sat 23 Oct 2021,2018,1701,1,3606505,3544491,240712,3847217,3785203,81.7008490505334,80.3838980043564,430
-7.6926,53.28823,2021/10/23 23:00:00+00,Sun 24 Oct 2021,1952,2186,2,3608457,3546677,240714,3849171,3787391,81.7423448796079,80.4303631394716,431
-7.6926,53.28823,2021/10/24 23:00:00+00,Mon 25 Oct 2021,1227,853,2,3609684,3547530,240716,3850400,3788246,81.7684443544967,80.4485202192356,432
-7.6926,53.28823,2021/10/25 23:00:00+00,Tue 26 Oct 2021,1237,1231,6,3610921,3548761,240722,3851643,3789483,81.7948411382939,80.4747895849292,433
-7.6926,53.28823,2021/10/26 23:00:00+00,Wed 27 Oct 2021,1555,1422,6,3612476,3550183,240728,3853204,3790911,81.8279910815822,80.5051150935875,434
-7.6926,53.28823,2021/10/27 23:00:00+00,Thu 28 Oct 2021,2150,1691,5,3614626,3551874,240733,3855359,3792607,81.8737554171276,80.541131944207,435
-7.6926,53.28823,2021/10/28 23:00:00+00,Fri 29 Oct 2021,2138,1363,2,3616764,3553237,240735,3857499,3793972,81.9192012074139,80.5701195627775,436
-7.6926,53.28823,2021/11/27 00:00:00+00,Sat 27 Nov 2021,1200,1564,6,3657174,3593867,240838,3898012,3834705,82.7795494793165,81.4351398318124,437
-7.6926,53.28823,2021/11/28 00:00:00+00,Sun 28 Nov 2021,1953,2259,1,3659127,3596126,240839,3899966,3836965,82.8210453083911,81.4831339841708,438
-7.6926,53.28823,2021/11/29 00:00:00+00,Mon 29 Nov 2021,534,993,1,3659661,3597119,240840,3900501,3837959,82.8324067559627,81.5042429166683,439
-7.6926,53.28823,2021/11/30 00:00:00+00,Tue 30 Nov 2021,1893,1646,6,3661554,3598765,240846,3902400,3839611,82.8727345857542,81.5393253678614,440
-7.6926,53.28823,2021/12/01 00:00:00+00,Wed 01 Dec 2021,1037,1381,4,3662591,3600146,240850,3903441,3840996,82.8948416267299,81.5687377134439,441
-7.6926,53.28823,2021/12/02 00:00:00+00,Thu 02 Dec 2021,1739,1411,0,3664330,3601557,240850,3905180,3842407,82.9317716404253,81.5987022041421,442
-7.6926,53.28823,2021/12/03 00:00:00+00,Fri 03 Dec 2021,1014,1189,2,3665344,3602746,240852,3906196,3843598,82.953347772636,81.623994697708,443
-7.6926,53.28823,2021/12/04 00:00:00+00,Sat 04 Dec 2021,1202,1700,1,3666546,3604446,240853,3907399,3845299,82.9788951024091,81.6601177300805,444
-7.6926,53.28823,2021/12/05 00:00:00+00,Sun 05 Dec 2021,1346,1774,2,3667892,3606220,240855,3908747,3847075,83.0075217030194,81.697833488748,445
-7.6926,53.28823,2021/12/06 00:00:00+00,Mon 06 Dec 2021,932,1298,0,3668824,3607518,240855,3909679,3848373,83.0273139817796,81.7253982718283,446
-7.6926,53.28823,2021/12/07 00:00:00+00,Tue 07 Dec 2021,484,742,2,3669308,3608260,240857,3910165,3849117,83.0376348481718,81.7411981166755,447
-7.6926,53.28823,2021/12/08 00:00:00+00,Wed 08 Dec 2021,785,1522,2,3670093,3609782,240859,3910952,3850641,83.0543478560949,81.7735623149916,448
-7.6926,53.28823,2021/12/09 00:00:00+00,Thu 09 Dec 2021,787,1210,1,3670880,3610992,240860,3911740,3851852,83.0710821003685,81.7992795355695,449
-7.6926,53.28823,2021/12/10 00:00:00+00,Fri 10 Dec 2021,887,1613,1,3671767,3612605,240861,3912628,3853466,83.0899399797023,81.8335550054397,450
-7.6926,53.28823,2021/12/11 00:00:00+00,Sat 11 Dec 2021,638,842,2,3672405,3613447,240863,3913268,3854310,83.103531244087,81.851478485347,451
-7.6926,53.28823,2021/12/12 00:00:00+00,Sun 12 Dec 2021,685,1192,0,3673090,3614639,240863,3913953,3855502,83.1180781442488,81.8767922152635,452
-7.6926,53.28823,2021/12/13 00:00:00+00,Mon 13 Dec 2021,719,1069,1,3673809,3615708,240864,3914673,3856572,83.1333683166816,81.8995151104067,453
-7.6926,53.28823,2021/12/14 00:00:00+00,Tue 14 Dec 2021,626,1201,3,3674435,3616909,240867,3915302,3857776,83.1467259812097,81.9250836765304,454
-7.6926,53.28823,2021/12/15 00:00:00+00,Wed 15 Dec 2021,789,1259,0,3675224,3618168,240867,3916091,3859035,83.1634814618339,81.9518202419372,455
-7.6926,53.28823,2021/12/16 00:00:00+00,Thu 16 Dec 2021,1042,1542,7,3676266,3619710,240874,3917140,3860584,83.1857583936145,81.9847153490184,456
-7.6926,53.28823,2021/12/17 00:00:00+00,Fri 17 Dec 2021,1197,2459,1,3677463,3622169,240875,3918338,3863044,83.2111995416346,82.0369567714971,457
-7.6926,53.28823,2021/12/18 00:00:00+00,Sat 18 Dec 2021,1245,1183,0,3678708,3623352,240875,3919583,3864227,83.237638798133,82.0620793742582,458
-7.6926,53.28823,2021/12/19 00:00:00+00,Sun 19 Dec 2021,544,887,1,3679252,3624239,240876,3920128,3865115,83.2492126092106,82.080937253592,459
-7.6926,53.28823,2021/12/20 00:00:00+00,Mon 20 Dec 2021,506,615,1,3679758,3624854,240877,3920635,3865731,83.2599794389653,82.0940188455623,460
-7.6926,53.28823,2021/12/21 00:00:00+00,Tue 21 Dec 2021,1398,1817,3,3681156,3626671,240880,3922036,3867551,83.2897315661575,82.1326690036563,461
-7.6926,53.28823,2021/12/22 00:00:00+00,Wed 22 Dec 2021,1153,1595,2,3682309,3628266,240882,3923191,3869148,83.3142595511018,82.1665834555662,462
-7.6926,53.28823,2021/12/23 00:00:00+00,Thu 23 Dec 2021,923,1394,0,3683232,3629660,240882,3924114,3870542,83.3338607027066,82.1961869283042,463
-7.6926,53.28823,2021/12/24 00:00:00+00,Fri 24 Dec 2021,102,157,0,3683334,3629817,240882,3924216,3870699,83.3360268104679,82.1995210353485,464
-7.6926,53.28823,2021/12/25 00:00:00+00,Sat 25 Dec 2021,1,6,0,3683335,3629823,240882,3924217,3870705,83.3360480468185,82.1996484534521,465
-7.6926,53.28823,2021/12/26 00:00:00+00,Sun 26 Dec 2021,12,11,0,3683347,3629834,240882,3924229,3870716,83.3363028830257,82.1998820533088,466
-7.6926,53.28823,2021/12/27 00:00:00+00,Mon 27 Dec 2021,389,589,0,3683736,3630423,240882,3924618,3871305,83.3445638234096,82.2123902638128,467
-7.6926,53.28823,2021/12/28 00:00:00+00,Tue 28 Dec 2021,466,747,0,3684202,3631170,240882,3925084,3872052,83.3544599627897,82.2282538177118,468
-7.6926,53.28823,2021/12/29 00:00:00+00,Wed 29 Dec 2021,1057,1309,0,3685259,3632479,240882,3926141,3873361,83.376906785375,82.2560522006487,469
-7.6926,53.28823,2021/12/30 00:00:00+00,Thu 30 Dec 2021,1048,1196,1,3686307,3633675,240883,3927190,3874558,83.3991837171556,82.2814721123182,470
-7.6926,53.28823,2021/12/31 00:00:00+00,Fri 31 Dec 2021,711,1680,0,3687018,3635355,240883,3927901,3876238,83.414282762433,82.3171491813281,471
-7.6926,53.28823,2022/01/01 00:00:00+00,Sat 01 Jan 2022,64,99,0,3687082,3635454,240883,3927965,3876337,83.4156418888714,82.3192515800376,472
-7.6926,53.28823,2022/01/02 00:00:00+00,Sun 02 Jan 2022,270,628,0,3687352,3636082,240883,3928235,3876965,83.4213757035338,82.3325880082151,473
-7.6926,53.28823,2022/01/03 00:00:00+00,Mon 03 Jan 2022,3630,728,1,3690982,3636810,240884,3931866,3877694,83.4984848925664,82.3480693078033,474
-7.6926,53.28823,2022/01/04 00:00:00+00,Tue 04 Jan 2022,1186,782,1,3692168,3637592,240885,3933053,3878477,83.5236924407299,82.3646973703239,475
-7.6926,53.28823,2022/01/05 00:00:00+00,Wed 05 Jan 2022,2140,908,0,3694308,3638500,240885,3935193,3879385,83.5691382310162,82.3839799766697,476
-7.6926,53.28823,2022/01/06 00:00:00+00,Thu 06 Jan 2022,2455,1694,1,3696763,3640194,240886,3937649,3881080,83.6212947080925,82.4199755909386,477
-7.6926,53.28823,2022/01/07 00:00:00+00,Fri 07 Jan 2022,4853,784,2,3701616,3640978,240888,3942504,3881866,83.7243971902609,82.4366673625111,478
-7.6926,53.28823,2022/01/08 00:00:00+00,Sat 08 Jan 2022,9789,740,2,3711405,3641718,240890,3952295,3882608,83.9323222989964,82.4524247346571,479
-7.6926,53.28823,2022/01/09 00:00:00+00,Sun 09 Jan 2022,7115,666,0,3718520,3642384,240890,3959410,3883274,84.0834189335232,82.4665681441574,480
-7.6926,53.28823,2022/01/10 00:00:00+00,Mon 10 Jan 2022,6659,508,1,3725179,3642892,240891,3966070,3883783,84.2248530285266,82.4773774466134,481
-7.6926,53.28823,2022/01/11 00:00:00+00,Tue 11 Jan 2022,4780,1366,1,3729959,3644258,240892,3970851,3885150,84.3263840207505,82.5064075378851,482
-7.6926,53.28823,2022/01/12 00:00:00+00,Wed 12 Jan 2022,7559,919,1,3737518,3645177,240893,3978411,3886070,84.4869308312948,82.5259449804381,483
-7.6926,53.28823,2022/01/13 00:00:00+00,Thu 13 Jan 2022,7322,816,0,3744840,3645993,240893,3985733,3886886,84.6424233903961,82.5432738425286,484
-7.6926,53.28823,2022/01/14 00:00:00+00,Fri 14 Jan 2022,10721,835,0,3755561,3646828,240893,3996454,3887721,84.8700983051906,82.5610061952806,485
-7.6926,53.28823,2022/01/15 00:00:00+00,Sat 15 Jan 2022,8360,652,2,3763921,3647480,240895,4004816,3888375,85.047676668917,82.5748947685737,486
-7.6926,53.28823,2022/01/16 00:00:00+00,Sun 16 Jan 2022,6965,1215,1,3770886,3648695,240896,4011782,3889591,85.1956090872043,82.6007181709046,487
-7.6926,53.28823,2022/01/17 00:00:00+00,Mon 17 Jan 2022,2562,560,0,3773448,3649255,240896,4014344,3890151,85.2500166174443,82.6126105272412,488
-7.6926,53.28823,2022/01/18 00:00:00+00,Tue 18 Jan 2022,4056,451,3,3777504,3649706,240899,4018403,3890605,85.3362149645342,82.6222518304142,489
-7.6926,53.28823,2022/01/19 00:00:00+00,Wed 19 Jan 2022,3486,621,0,3780990,3650327,240899,4021889,3891226,85.4102448827297,82.6354396041374,490
-7.6926,53.28823,2022/01/20 00:00:00+00,Thu 20 Jan 2022,3693,935,0,3784683,3651262,240899,4025582,3892161,85.4886707254996,82.6552955919495,491
-7.6926,53.28823,2022/01/21 00:00:00+00,Fri 21 Jan 2022,3251,977,0,3787934,3652239,240899,4028833,3893138,85.5577101013038,82.6760435064867,492
-7.6926,53.28823,2022/01/22 00:00:00+00,Sat 22 Jan 2022,4270,644,0,3792204,3652883,240899,4033103,3893782,85.6483893183705,82.6897197162739,493
-7.6926,53.28823,2022/01/23 00:00:00+00,Sun 23 Jan 2022,3092,677,0,3795296,3653560,240899,4036195,3894459,85.7140521144291,82.7040967256308,494
-7.6926,53.28823,2022/01/24 00:00:00+00,Mon 24 Jan 2022,646,464,0,3795942,3654024,240899,4036841,3894923,85.7277707969174,82.7139503923097,495
-7.6926,53.28823,2022/01/25 00:00:00+00,Tue 25 Jan 2022,692,1836,0,3796634,3655860,240899,4037533,3896759,85.7424663515334,82.7529403320134,496
-7.6926,53.28823,2022/01/26 00:00:00+00,Wed 26 Jan 2022,700,897,0,3797334,3656757,240899,4038233,3897656,85.7573317969541,82.7719893385026,497
-7.6926,53.28823,2022/01/27 00:00:00+00,Thu 27 Jan 2022,1274,1178,0,3798608,3657935,240899,4039507,3898834,85.78438690762,82.7970057595106,498
-7.6926,53.28823,2022/01/28 00:00:00+00,Fri 28 Jan 2022,1028,3094,1,3799636,3661029,240900,4040536,3901929,85.8062391123885,82.8627322646211,499
-7.6926,53.28823,2022/01/29 00:00:00+00,Sat 29 Jan 2022,2328,3445,0,3801964,3664474,240900,4042864,3905374,85.8556773365879,82.9358914924419,500
-7.6926,53.28823,2022/01/30 00:00:00+00,Sun 30 Jan 2022,1639,7537,0,3803603,3672011,240900,4044503,3912911,85.8904837152231,83.0959498669224,501
-7.6926,53.28823,2022/01/31 00:00:00+00,Mon 31 Jan 2022,480,1392,0,3804083,3673403,240900,4044983,3914303,85.9006771635116,83.1255108669591,502
-7.6926,53.28823,2022/02/01 00:00:00+00,Tue 01 Feb 2022,747,3417,1,3804830,3676820,240901,4045731,3917721,85.9165619537612,83.1980967133137,503
-7.6926,53.28823,2022/02/02 00:00:00+00,Wed 02 Feb 2022,650,2996,0,3805480,3679816,240901,4046381,3920717,85.930365581652,83.2617208197146,504
-7.6926,53.28823,2022/02/03 00:00:00+00,Thu 03 Feb 2022,905,2435,1,3806385,3682251,240902,4047287,3923153,85.9496057152966,83.3134525697789,505
-7.6926,53.28823,2022/02/04 00:00:00+00,Fri 04 Feb 2022,1172,6523,0,3807557,3688774,240902,4048459,3929676,85.9744947182011,83.4519772847499,506
-7.6926,53.28823,2022/02/05 00:00:00+00,Sat 05 Feb 2022,1777,5750,0,3809334,3694524,240902,4050236,3935426,86.0122317132192,83.5740863007063,507
-7.6926,53.28823,2022/02/06 00:00:00+00,Sun 06 Feb 2022,1407,7555,0,3810741,3702079,240902,4051643,3942981,86.042111258515,83.7345269294977,508
-7.6926,53.28823,2022/02/07 00:00:00+00,Mon 07 Feb 2022,441,1351,0,3811182,3703430,240902,4052084,3944332,86.0514764891301,83.7632172391597,509
-7.6926,53.28823,2022/02/08 00:00:00+00,Tue 08 Feb 2022,900,1237,0,3812082,3704667,240902,4052984,3945569,86.0705892046711,83.7894866048533,510
-7.6926,53.28823,2022/02/09 00:00:00+00,Wed 09 Feb 2022,1334,1783,0,3813416,3706450,240902,4054318,3947352,86.0989184963729,83.8273510179751,511
-7.6926,53.28823,2022/02/10 00:00:00+00,Thu 10 Feb 2022,685,2549,0,3814101,3708999,240902,4055003,3949901,86.1134653965347,83.8814824756573,512
-7.6926,53.28823,2022/02/11 00:00:00+00,Fri 11 Feb 2022,547,4920,0,3814648,3713919,240902,4055550,3954821,86.1250816803135,83.9859653206147,513
-7.6926,53.28823,2022/02/12 00:00:00+00,Sat 12 Feb 2022,1397,5462,0,3816045,3719381,240902,4056947,3960283,86.1547488621032,84.101958267598,514
-7.6926,53.28823,2022/02/13 00:00:00+00,Sun 13 Feb 2022,1566,4706,0,3817611,3724087,240902,4058513,3964989,86.1880049871446,84.2018965335268,515
-7.6926,53.28823,2022/02/14 00:00:00+00,Mon 14 Feb 2022,173,954,0,3817784,3725041,240902,4058686,3965943,86.1916788757986,84.2221560120002,516
-7.6926,53.28823,2022/02/15 00:00:00+00,Tue 15 Feb 2022,649,817,1,3818433,3725858,240903,4059336,3966761,86.2054825036893,84.2395273467919,517
-7.6926,53.28823,2022/02/16 00:00:00+00,Wed 16 Feb 2022,800,1786,0,3819233,3727644,240903,4060136,3968547,86.2224715841702,84.2774554689655,518
-7.6926,53.28823,2022/02/17 00:00:00+00,Thu 17 Feb 2022,790,1192,2,3820023,3728836,240905,4060928,3969741,86.2392907738462,84.3028116715832,519
-7.6926,53.28823,2022/02/18 00:00:00+00,Fri 18 Feb 2022,791,3293,0,3820814,3732129,240905,4061719,3973034,86.2560887271717,84.3727429741127,520
-7.6926,53.28823,2022/02/19 00:00:00+00,Sat 19 Feb 2022,980,3555,0,3821794,3735684,240905,4062699,3976589,86.2769003507608,84.4482382004996,521
-7.6926,53.28823,2022/02/20 00:00:00+00,Sun 20 Feb 2022,1366,3587,0,3823160,3739271,240905,4064065,3980176,86.3059092056819,84.5244129901058,522
-7.6926,53.28823,2022/02/21 00:00:00+00,Mon 21 Feb 2022,253,994,1,3823413,3740265,240906,4064319,3981171,86.3113032387346,84.5455431589539,523
-7.6926,53.28823,2022/02/22 00:00:00+00,Tue 22 Feb 2022,476,981,0,3823889,3741246,240906,4064795,3982152,86.3214117416207,84.5663760188935,524
-7.6926,53.28823,2022/02/23 00:00:00+00,Wed 23 Feb 2022,832,1272,1,3824721,3742518,240907,4065628,3983425,86.3391016216714,84.5934098932088,525
-7.6926,53.28823,2022/02/24 00:00:00+00,Thu 24 Feb 2022,657,1232,0,3825378,3743750,240907,4066285,3984657,86.3530539040164,84.6195730771493,526
-7.6926,53.28823,2022/02/25 00:00:00+00,Fri 25 Feb 2022,691,1227,0,3826069,3744977,240907,4066976,3985884,86.3677282222817,84.6456300793369,527
-7.6926,53.28823,2022/02/26 00:00:00+00,Sat 26 Feb 2022,959,2092,0,3827028,3747069,240907,4067935,3987976,86.3880938825082,84.6900565247944,528
-7.6926,53.28823,2022/02/27 00:00:00+00,Sun 27 Feb 2022,671,1783,0,3827699,3748852,240907,4068606,3989759,86.4023434737615,84.7279209379162,529
-7.6926,53.28823,2022/02/28 00:00:00+00,Mon 28 Feb 2022,82,428,0,3827781,3749280,240907,4068688,3990187,86.4040848545108,84.7370100959734,530
-7.6926,53.28823,2022/03/01 00:00:00+00,Tue 01 Mar 2022,130,937,0,3827911,3750217,240907,4068818,3991124,86.406845580089,84.7569085564867,531
-7.6926,53.28823,2022/03/02 00:00:00+00,Wed 02 Mar 2022,206,996,2,3828117,3751213,240909,4069026,3992122,86.411262741014,84.7781024343866,532
-7.6926,53.28823,2022/03/03 00:00:00+00,Thu 03 Mar 2022,279,1275,0,3828396,3752488,240909,4069305,3993397,86.4171876828317,84.805178781403,533
-7.6926,53.28823,2022/03/04 00:00:00+00,Fri 04 Mar 2022,735,1507,1,3829131,3753995,240910,4070041,3994905,86.4328176368741,84.8372031981094,534
-7.6926,53.28823,2022/03/05 00:00:00+00,Sat 05 Mar 2022,962,3341,0,3830093,3757336,240910,4071003,3998246,86.4532470061524,84.9081538454678,535
-7.6926,53.28823,2022/03/06 00:00:00+00,Sun 06 Mar 2022,455,1914,0,3830548,3759250,240910,4071458,4000160,86.4629095456759,84.9488002205183,536
-7.6926,53.28823,2022/03/07 00:00:00+00,Mon 07 Mar 2022,114,124,1,3830662,3759374,240911,4071573,4000285,86.465351725995,84.9514547643434,537
-7.6926,53.28823,2022/03/08 00:00:00+00,Tue 08 Mar 2022,120,493,0,3830782,3759867,240911,4071693,4000778,86.4679000880672,84.9619242851898,538
-7.6926,53.28823,2022/03/09 00:00:00+00,Wed 09 Mar 2022,130,345,1,3830912,3760212,240912,4071824,4001124,86.4706820499959,84.9692720624977,539
-7.6926,53.28823,2022/03/10 00:00:00+00,Thu 10 Mar 2022,258,509,0,3831170,3760721,240912,4072082,4001633,86.476161028451,84.9800813649537,540
-7.6926,53.28823,2022/03/11 00:00:00+00,Fri 11 Mar 2022,492,2182,0,3831662,3762903,240912,4072574,4003815,86.4866093129467,85.0264190819653,541
-7.6926,53.28823,2022/03/12 00:00:00+00,Sat 12 Mar 2022,473,2391,2,3832135,3765294,240914,4073049,4006208,86.4966965794822,85.0772376689538,542
-7.6926,53.28823,2022/03/13 00:00:00+00,Sun 13 Mar 2022,358,1082,0,3832493,3766376,240914,4073407,4007290,86.5042991929974,85.1002154003042,543
-7.6926,53.28823,2022/03/14 00:00:00+00,Mon 14 Mar 2022,109,121,0,3832602,3766497,240914,4073516,4007411,86.506613955213,85.1027849987269,544
-7.6926,53.28823,2022/03/15 00:00:00+00,Tue 15 Mar 2022,220,756,1,3832822,3767253,240915,4073737,4008168,86.5113071886958,85.1188609161319,545
-7.6926,53.28823,2022/03/16 00:00:00+00,Wed 16 Mar 2022,196,797,0,3833018,3768050,240915,4073933,4008965,86.5154695134136,85.135786287561,546
-7.6926,53.28823,2022/03/18 00:00:00+00,Fri 18 Mar 2022,2,6,0,3833020,3768056,240915,4073935,4008971,86.5155119861148,85.1359137056646,547
-7.6926,53.28823,2022/03/19 00:00:00+00,Sat 19 Mar 2022,744,2778,0,3833764,3770834,240915,4074679,4011749,86.531311830962,85.1949082876345,548
-7.6926,53.28823,2022/03/20 00:00:00+00,Sun 20 Mar 2022,395,1402,0,3834159,3772236,240915,4075074,4013151,86.5397001894495,85.2246816511772,549
-7.6926,53.28823,2022/03/21 00:00:00+00,Mon 21 Mar 2022,56,112,0,3834215,3772348,240915,4075130,4013263,86.5408894250832,85.2270601224446,550
-7.6926,53.28823,2022/03/22 00:00:00+00,Tue 22 Mar 2022,140,574,0,3834355,3772922,240915,4075270,4013837,86.5438625141673,85.2392497876896,551
-7.6926,53.28823,2022/03/23 00:00:00+00,Wed 23 Mar 2022,102,221,0,3834457,3773143,240915,4075372,4014058,86.5460286219286,85.2439430211724,552
-7.6926,53.28823,2022/03/24 00:00:00+00,Thu 24 Mar 2022,148,244,0,3834605,3773387,240915,4075520,4014302,86.5491716018176,85.2491246907191,553
-7.6926,53.28823,2022/03/25 00:00:00+00,Fri 25 Mar 2022,435,1625,0,3835040,3775012,240915,4075955,4015927,86.5584094143291,85.2836337604459,554
-7.6926,53.28823,2022/03/26 00:00:00+00,Sat 26 Mar 2022,874,1848,1,3835914,3776860,240916,4076830,4017776,86.576991221105,85.3228997727073,555
-7.6926,53.28823,2022/03/27 00:00:00+00,Sun 27 Mar 2022,380,803,0,3836294,3777663,240916,4077210,4018579,86.5850610343334,85.33995256224,556
-7.6926,53.28823,2022/03/27 23:00:00+00,Mon 28 Mar 2022,44,53,1,3836338,3777716,240917,4077255,4018633,86.5860166701105,85.3410993251725,557
-7.6926,53.28823,2022/03/28 23:00:00+00,Tue 29 Mar 2022,138,194,3,3836476,3777910,240920,4077396,4018830,86.5890109955453,85.3452828862409,558
-7.6926,53.28823,2022/03/29 23:00:00+00,Wed 30 Mar 2022,109,135,0,3836585,3778045,240920,4077505,4018965,86.5913257577608,85.3481497935721,559
-7.6926,53.28823,2022/03/30 23:00:00+00,Thu 31 Mar 2022,227,358,0,3836812,3778403,240920,4077732,4019323,86.5961464093472,85.3557524070873,560
-7.6926,53.28823,2022/03/31 23:00:00+00,Fri 01 Apr 2022,304,904,0,3837116,3779307,240920,4078036,4020227,86.60260225993,85.3749500680307,561
-7.6926,53.28823,2022/04/01 23:00:00+00,Sat 02 Apr 2022,730,1539,0,3837846,3780846,240920,4078766,4021766,86.6181047958688,85.4076328116058,562
-7.6926,53.28823,2022/04/02 23:00:00+00,Sun 03 Apr 2022,538,815,0,3838384,3781661,240920,4079304,4022581,86.6295299524922,85.4249404373457,563
-7.6926,53.28823,2022/04/03 23:00:00+00,Mon 04 Apr 2022,50,52,0,3838434,3781713,240920,4079354,4022633,86.6305917700222,85.4260447275769,564
-7.6926,53.28823,2022/04/04 23:00:00+00,Tue 05 Apr 2022,130,169,0,3838564,3781882,240920,4079484,4022802,86.6333524956004,85.4296336708285,565
-7.6926,53.28823,2022/04/05 23:00:00+00,Wed 06 Apr 2022,159,210,0,3838723,3782092,240920,4079643,4023012,86.6367290753459,85.4340933044547,566
-7.6926,53.28823,2022/04/06 23:00:00+00,Thu 07 Apr 2022,117,178,0,3838840,3782270,240920,4079760,4023190,86.6392137283663,85.4378733748617,567
-7.6926,53.28823,2022/04/07 23:00:00+00,Fri 08 Apr 2022,258,421,2,3839098,3782691,240922,4080020,4023613,86.6447351795225,85.446856351166,568
-7.6926,53.28823,2022/04/08 23:00:00+00,Sat 09 Apr 2022,559,1018,0,3839657,3783709,240922,4080579,4024631,86.6566062995086,85.4684749560779,569
-7.6926,53.28823,2022/04/09 23:00:00+00,Sun 10 Apr 2022,412,719,0,3840069,3784428,240922,4080991,4025350,86.6653556759562,85.4837438921601,570
-7.6926,53.28823,2022/04/10 23:00:00+00,Mon 11 Apr 2022,70,93,1,3840139,3784521,240923,4081062,4025444,86.6668634568489,85.4857401091166,571
-7.6926,53.28823,2022/04/11 23:00:00+00,Tue 12 Apr 2022,198,177,0,3840337,3784698,240923,4081260,4025621,86.6710682542679,85.489498943173,572
-7.6926,53.28823,2022/04/12 23:00:00+00,Wed 13 Apr 2022,144,233,0,3840481,3784931,240923,4081404,4025854,86.6741262887545,85.4944470128631,573
-7.6926,53.28823,2022/04/13 23:00:00+00,Thu 14 Apr 2022,360,431,0,3840841,3785362,240923,4081764,4026285,86.6817713749709,85.5035998799721,574
-7.6926,53.28823,2022/04/14 23:00:00+00,Fri 15 Apr 2022,446,991,0,3841287,3786353,240923,4082210,4027276,86.691242787339,85.5246451034178,575
-7.6926,53.28823,2022/04/15 23:00:00+00,Sat 16 Apr 2022,42,88,0,3841329,3786441,240923,4082252,4027364,86.6921347140642,85.5265139022707,576
-7.6926,53.28823,2022/04/16 23:00:00+00,Sun 17 Apr 2022,1,0,0,3841330,3786441,240923,4082253,4027364,86.6921559504148,85.5265139022707,577
-7.6926,53.28823,2022/04/17 23:00:00+00,Mon 18 Apr 2022,36,62,1,3841366,3786503,240924,4082290,4027427,86.6929416953871,85.5278517923586,578
-7.6926,53.28823,2022/04/18 23:00:00+00,Tue 19 Apr 2022,218,269,1,3841584,3786772,240925,4082509,4027697,86.6975924561687,85.5335856070209,579
-7.6926,53.28823,2022/04/19 23:00:00+00,Wed 20 Apr 2022,250,606,0,3841834,3787378,240925,4082759,4028303,86.702901543819,85.5464548354852,580
-7.6926,53.28823,2022/04/20 23:00:00+00,Thu 21 Apr 2022,171,236,0,3842005,3787614,240925,4082930,4028539,86.7065329597718,85.551466614227,581
-7.6926,53.28823,2022/04/21 23:00:00+00,Fri 22 Apr 2022,196,254,0,3842201,3787868,240925,4083126,4028793,86.7106952844896,85.5568606472797,582
-7.6926,53.28823,2022/04/22 23:00:00+00,Sat 23 Apr 2022,324,1010,0,3842525,3788878,240925,4083450,4029803,86.7175758620843,85.5783093613868,583
-7.6926,53.28823,2022/04/23 23:00:00+00,Sun 24 Apr 2022,181,252,0,3842706,3789130,240925,4083631,4030055,86.7214196415431,85.5836609217383,584
-7.6926,53.28823,2022/04/24 23:00:00+00,Mon 25 Apr 2022,42,58,1,3842748,3789188,240926,4083674,4030114,86.722332804619,85.5849138664238,585
-7.6926,53.28823,2022/04/25 23:00:00+00,Tue 26 Apr 2022,145,238,0,3842893,3789426,240926,4083819,4030352,86.7254120754561,85.5899681178668,586
-7.6926,53.28823,2022/04/26 23:00:00+00,Wed 27 Apr 2022,122,208,0,3843015,3789634,240926,4083941,4030560,86.7280029102295,85.5943852787919,587
-7.6926,53.28823,2022/04/27 23:00:00+00,Thu 28 Apr 2022,103,130,0,3843118,3789764,240926,4084044,4030690,86.7301902543414,85.59714600437,588
-7.6926,53.28823,2022/04/28 23:00:00+00,Fri 29 Apr 2022,171,222,0,3843289,3789986,240926,4084215,4030912,86.7338216702942,85.6018604742035,589
-7.6926,53.28823,2022/04/29 23:00:00+00,Sat 30 Apr 2022,282,723,0,3843571,3790709,240926,4084497,4031635,86.7398103211637,85.6172143556881,590
-7.6926,53.28823,2022/04/30 23:00:00+00,Sun 01 May 2022,187,746,0,3843758,3791455,240926,4084684,4032381,86.7437815187261,85.6330566732365,591
-7.6926,53.28823,2022/05/01 23:00:00+00,Mon 02 May 2022,13,26,0,3843771,3791481,240926,4084697,4032407,86.7440575912839,85.6336088183521,592
-7.6926,53.28823,2022/05/02 23:00:00+00,Tue 03 May 2022,101,118,0,3843872,3791599,240926,4084798,4032525,86.7462024626946,85.636114707723,593
-7.6926,53.28823,2022/05/03 23:00:00+00,Wed 04 May 2022,116,128,0,3843988,3791727,240926,4084914,4032653,86.7486658793644,85.6388329606,594
-7.6926,53.28823,2022/05/04 23:00:00+00,Thu 05 May 2022,117,164,0,3844105,3791891,240926,4085031,4032817,86.7511505323847,85.6423157220986,595
-7.6926,53.28823,2022/05/05 23:00:00+00,Fri 06 May 2022,140,256,0,3844245,3792147,240926,4085171,4033073,86.7541236214688,85.6477522278525,596
-7.6926,53.28823,2022/05/06 23:00:00+00,Sat 07 May 2022,442,1087,0,3844687,3793234,240926,4085613,4034160,86.7635100884345,85.6708361409559,597
-7.6926,53.28823,2022/05/07 23:00:00+00,Sun 08 May 2022,275,437,0,3844962,3793671,240926,4085888,4034597,86.7693500848498,85.6801164261685,598
-7.6926,53.28823,2022/05/08 23:00:00+00,Mon 09 May 2022,27,32,0,3844989,3793703,240926,4085915,4034629,86.7699234663161,85.6807959893878,599
-7.6926,53.28823,2022/05/09 23:00:00+00,Tue 10 May 2022,84,98,1,3845073,3793801,240927,4086000,4034728,86.7717285561172,85.6828983880973,600
-7.6926,53.28823,2022/05/10 23:00:00+00,Wed 11 May 2022,123,132,0,3845196,3793933,240927,4086123,4034860,86.7743406272411,85.6857015863766,601
-7.6926,53.28823,2022/05/11 23:00:00+00,Thu 12 May 2022,248,398,0,3845444,3794331,240927,4086371,4035258,86.7796072421902,85.6941536539159,602
-7.6926,53.28823,2022/05/12 23:00:00+00,Fri 13 May 2022,182,326,0,3845626,3794657,240927,4086553,4035584,86.7834722579996,85.7010767042118,603
-7.6926,53.28823,2022/05/13 23:00:00+00,Sat 14 May 2022,333,633,0,3845959,3795290,240927,4086886,4036217,86.7905439627498,85.7145193141423,604
-7.6926,53.28823,2022/05/14 23:00:00+00,Sun 15 May 2022,169,254,0,3846128,3795544,240927,4087055,4036471,86.7941329060013,85.719913347195,605
-7.6926,53.28823,2022/05/15 23:00:00+00,Mon 16 May 2022,32,42,0,3846160,3795586,240927,4087087,4036513,86.7948124692206,85.7208052739202,606
-7.6926,53.28823,2022/05/16 23:00:00+00,Tue 17 May 2022,97,99,0,3846257,3795685,240927,4087184,4036612,86.7968723952289,85.7229076726298,607
-7.6926,53.28823,2022/05/17 23:00:00+00,Wed 18 May 2022,103,122,0,3846360,3795807,240927,4087287,4036734,86.7990597393408,85.7254985074031,608
-7.6926,53.28823,2022/05/18 23:00:00+00,Thu 19 May 2022,100,104,0,3846460,3795911,240927,4087387,4036838,86.8011833744009,85.7277070878656,609
-7.6926,53.28823,2022/05/19 23:00:00+00,Fri 20 May 2022,128,208,0,3846588,3796119,240927,4087515,4037046,86.8039016272778,85.7321242487906,610
-7.6926,53.28823,2022/05/20 23:00:00+00,Sat 21 May 2022,393,761,0,3846981,3796880,240927,4087908,4037807,86.8122475130641,85.7482851115981,611
-7.6926,53.28823,2022/05/21 23:00:00+00,Sun 22 May 2022,234,409,0,3847215,3797289,240927,4088142,4038216,86.8172168191047,85.7569707789939,612
