X,Y,VaccinationDate,VaccineText,Dose1,Dose2,SingleDose,Dose1Cum,Dose2Cum,SingleDoseCum,PartiallyVacc,FullyVacc,PartialPercent,FullyPercent,ObjectId
-7.6926,53.28823,2020/12/28 00:00:00+00,Mon 28 Dec 2020,259,16,2,259,16,2,261,18,0.00543917821311117,0.000375115738835253,1
-7.6926,53.28823,2021/04/21 23:00:00+00,Thu 22 Apr 2021,31635,12189,1,981999,411865,265,982264,412130,20.4701492272928,8.58869163589849,2
-7.6926,53.28823,2020/12/29 00:00:00+00,Tue 29 Dec 2020,79,3,0,338,19,2,340,21,0.00708551951133256,0.000437635028641129,3
-7.6926,53.28823,2021/04/22 23:00:00+00,Fri 23 Apr 2021,33612,12362,3,1015611,424227,268,1015879,424495,21.1706778695677,8.84637530871504,4
-7.6926,53.28823,2021/04/23 23:00:00+00,Sat 24 Apr 2021,23707,7004,2,1039318,431231,270,1039588,431501,21.6647678169035,8.99237869017503,5
-7.6926,53.28823,2020/12/30 00:00:00+00,Wed 30 Dec 2020,1063,2,0,1401,21,2,1403,23,0.0292381878658811,0.000479314555178379,6
-7.6926,53.28823,2021/04/24 23:00:00+00,Sun 25 Apr 2021,9755,309,3,1049073,431540,273,1049346,431813,21.8681222268788,8.99888069631484,7
-7.6926,53.28823,2020/12/31 00:00:00+00,Thu 31 Dec 2020,1038,1,0,2439,22,2,2441,24,0.050869862138714,0.000500154318447004,8
-7.6926,53.28823,2021/01/01 00:00:00+00,Fri 01 Jan 2021,818,0,0,3257,22,2,3259,24,0.0679167884924494,0.000500154318447004,9
-7.6926,53.28823,2021/04/25 23:00:00+00,Mon 26 Apr 2021,15600,3058,4,1064673,434598,277,1064950,434875,22.1933058929224,9.06269205144337,10
-7.6926,53.28823,2021/01/02 00:00:00+00,Sat 02 Jan 2021,1019,0,0,4276,22,2,4278,24,0.0891525072631785,0.000500154318447004,11
-7.6926,53.28823,2021/04/26 23:00:00+00,Tue 27 Apr 2021,25920,7824,9,1090593,442422,286,1090879,442708,22.7336601147146,9.22592991712651,12
-7.6926,53.28823,2021/01/03 00:00:00+00,Sun 03 Jan 2021,22,3,1,4298,25,3,4301,28,0.0896318218183569,0.000583513371521505,13
-7.6926,53.28823,2021/04/27 23:00:00+00,Wed 28 Apr 2021,26046,8622,5,1116639,451044,291,1116930,451335,23.2765567876255,9.40571455484494,14
-7.6926,53.28823,2021/01/04 00:00:00+00,Mon 04 Jan 2021,1197,5,0,5495,30,3,5498,33,0.114577018450901,0.000687712187864631,15
-7.6926,53.28823,2021/04/28 23:00:00+00,Thu 29 Apr 2021,31695,11331,6,1148334,462375,297,1148631,462672,23.9371981230042,9.64197495102135,16
-7.6926,53.28823,2021/01/05 00:00:00+00,Tue 05 Jan 2021,3541,13,0,9036,43,3,9039,46,0.188370620185103,0.000958629110356758,17
-7.6926,53.28823,2021/04/29 23:00:00+00,Fri 30 Apr 2021,36098,13543,8,1184432,475918,305,1184737,476223,24.6896386155812,9.92437458307448,18
-7.6926,53.28823,2021/01/06 00:00:00+00,Wed 06 Jan 2021,6786,13,0,15822,56,3,15825,59,0.329789253725993,0.00122954603284889,19
-7.6926,53.28823,2021/04/30 23:00:00+00,Sat 01 May 2021,16604,6699,19,1201036,482617,324,1201360,482941,25.0360580003955,10.0643761127131,20
-7.6926,53.28823,2021/01/07 00:00:00+00,Thu 07 Jan 2021,11737,9,0,27559,65,3,27562,68,0.574385555209847,0.00141710390226651,21
-7.6926,53.28823,2021/05/01 23:00:00+00,Sun 02 May 2021,12470,911,16,1213506,483528,340,1213846,483868,25.2962632845676,10.0836945732631,22
-7.6926,53.28823,2021/01/08 00:00:00+00,Fri 08 Jan 2021,12685,6,0,40244,71,3,40247,74,0.838737952272357,0.00154214248187826,23
-7.6926,53.28823,2021/05/02 23:00:00+00,Mon 03 May 2021,14273,931,21,1227779,484459,361,1228140,484820,25.5941468607293,10.1035340278949,24
-7.6926,53.28823,2021/01/09 00:00:00+00,Sat 09 Jan 2021,8077,7,0,48321,78,3,48324,81,1.00706072019304,0.00168802082475864,25
-7.6926,53.28823,2021/05/03 23:00:00+00,Tue 04 May 2021,26665,6802,10,1254444,491261,371,1254815,491632,26.1500475459199,10.2454944952807,26
-7.6926,53.28823,2021/01/10 00:00:00+00,Sun 10 Jan 2021,4787,4,1,53108,82,4,53112,86,1.10684150672322,0.00179221964110177,27
-7.6926,53.28823,2021/05/04 23:00:00+00,Wed 05 May 2021,32125,13465,70,1286569,504726,441,1287010,505167,26.8209837243533,10.5275606911216,28
-7.6926,53.28823,2021/01/11 00:00:00+00,Mon 11 Jan 2021,8347,8,0,61455,90,4,61459,94,1.28079101072643,0.00195893774725077,29
-7.6926,53.28823,2021/05/05 23:00:00+00,Thu 06 May 2021,37300,14383,133,1323869,519109,574,1324443,519683,27.6010785827877,10.8300706947289,30
-7.6926,53.28823,2021/01/12 00:00:00+00,Tue 12 Jan 2021,8894,13,0,70349,103,4,70353,107,1.46613986523759,0.00222985466974289,31
-7.6926,53.28823,2021/05/06 23:00:00+00,Fri 07 May 2021,40598,15090,98,1364467,534199,672,1365139,534871,28.4491735887677,11.1465850192528,32
-7.6926,53.28823,2021/01/13 00:00:00+00,Wed 13 Jan 2021,9899,4,0,80248,107,4,80252,111,1.67243268183371,0.00231321372281739,33
-7.6926,53.28823,2021/05/07 23:00:00+00,Sat 08 May 2021,25632,7063,10,1390099,541262,682,1390781,541944,28.9835467985018,11.2939846648518,34
-7.6926,53.28823,2021/01/14 00:00:00+00,Thu 14 Jan 2021,8096,5,0,88344,112,4,88348,116,1.8411514052565,0.00241741253916052,35
-7.6926,53.28823,2021/01/15 00:00:00+00,Fri 15 Jan 2021,7699,4,0,96043,116,4,96047,120,2.00159674266164,0.00250077159223502,36
-7.6926,53.28823,2021/05/08 23:00:00+00,Sun 09 May 2021,19675,931,5,1409774,542193,687,1410461,542880,29.3936733396283,11.3134906832712,37
-7.6926,53.28823,2021/01/16 00:00:00+00,Sat 16 Jan 2021,5244,2,0,101287,118,4,101291,122,2.11088046124231,0.00254245111877227,38
-7.6926,53.28823,2021/05/09 23:00:00+00,Mon 10 May 2021,28855,4656,171,1438629,546849,858,1439487,547707,29.9985683082634,11.4140842205689,39
-7.6926,53.28823,2021/01/17 00:00:00+00,Sun 17 Jan 2021,1115,5,0,102402,123,4,102406,127,2.13411679728683,0.0026466499351154,40
-7.6926,53.28823,2021/05/10 23:00:00+00,Tue 11 May 2021,33927,14819,153,1472556,561668,1011,1473567,562679,30.7087874404582,11.7260971562267,41
-7.6926,53.28823,2021/01/18 00:00:00+00,Mon 18 Jan 2021,8723,9,1,111125,132,5,111130,137,2.31592289204232,0.00285504756780165,42
-7.6926,53.28823,2021/05/11 23:00:00+00,Wed 12 May 2021,31302,20932,174,1503858,582600,1185,1505043,583785,31.3647398291014,12.1659411997743,43
-7.6926,53.28823,2021/08/14 23:00:00+00,Sun 15 Aug 2021,17003,3739,52,3343982,2914844,232155,3576137,3146999,74.5258484961714,65.5827141666002,44
-7.6926,53.28823,2021/05/12 23:00:00+00,Thu 13 May 2021,36007,25486,152,1539865,608086,1337,1541202,609423,32.1182848291317,12.7002310504554,45
-7.6926,53.28823,2021/01/19 00:00:00+00,Tue 19 Jan 2021,8393,21,0,119518,153,5,119523,158,2.49083102515589,0.00329268259644278,46
-7.6926,53.28823,2021/05/13 23:00:00+00,Fri 14 May 2021,38234,27953,237,1578099,636039,1574,1579673,637613,32.9200113618389,13.2877039769979,47
-7.6926,53.28823,2021/08/15 23:00:00+00,Mon 16 Aug 2021,10201,23167,386,3354183,2938011,232541,3586724,3170552,74.7464790698964,66.0735531108661,48
-7.6926,53.28823,2021/01/20 00:00:00+00,Wed 20 Jan 2021,8450,964,0,127968,1117,5,127973,1122,2.66692702477577,0.0233822143873974,49
-7.6926,53.28823,2021/08/16 23:00:00+00,Tue 17 Aug 2021,12876,26873,530,3367059,2964884,233071,3600130,3197955,75.0258569362755,66.6446251437162,50
-7.6926,53.28823,2021/05/14 23:00:00+00,Sat 15 May 2021,28877,12462,22,1606976,648501,1596,1608572,650097,33.5222596805389,13.5478675816434,51
-7.6926,53.28823,2021/08/17 23:00:00+00,Wed 18 Aug 2021,15242,25779,658,3382301,2990663,233729,3616030,3224392,75.3572091722467,67.1955659652489,52
-7.6926,53.28823,2021/01/21 00:00:00+00,Thu 21 Jan 2021,9010,964,0,136978,2081,5,136983,2086,2.85469329182608,0.0434717461783521,53
-7.6926,53.28823,2021/08/18 23:00:00+00,Thu 19 Aug 2021,11371,25728,545,3393672,3016391,234274,3627946,3250665,75.6055357913556,67.7430890656055,54
-7.6926,53.28823,2021/05/15 23:00:00+00,Sun 16 May 2021,23187,1182,11,1630163,649683,1607,1631770,651290,34.0057005088445,13.5727294192229,55
-7.6926,53.28823,2021/01/22 00:00:00+00,Fri 22 Jan 2021,6790,969,0,143768,3050,5,143773,3055,2.99619528442005,0.0636654767856499,56
-7.6926,53.28823,2021/08/19 23:00:00+00,Fri 20 Aug 2021,14859,22271,686,3408531,3038662,234960,3643491,3273622,75.9294899113664,68.2215075109633,57
-7.6926,53.28823,2021/05/16 23:00:00+00,Mon 17 May 2021,35400,3957,120,1665563,653640,1727,1667290,655367,34.7459289001461,13.6576931340691,58
-7.6926,53.28823,2021/01/23 00:00:00+00,Sat 23 Jan 2021,4198,460,0,147966,3510,5,147971,3515,3.08368061062174,0.0732517678892175,59
-7.6926,53.28823,2021/08/20 23:00:00+00,Sat 21 Aug 2021,11902,7992,246,3420433,3046654,235206,3655639,3281860,76.1826513555537,68.3931854807702,60
-7.6926,53.28823,2021/05/17 23:00:00+00,Tue 18 May 2021,39024,12511,127,1704587,666151,1854,1706441,668005,35.561826471876,13.921066062258,61
-7.6926,53.28823,2021/01/24 00:00:00+00,Sun 24 Jan 2021,1187,399,0,149153,3909,5,149158,3914,3.10841740962159,0.0815668334333989,62
-7.6926,53.28823,2021/08/21 23:00:00+00,Sun 22 Aug 2021,8005,12260,162,3428438,3058914,235368,3663806,3294282,76.3528497021685,68.6520570200931,63
-7.6926,53.28823,2021/05/18 23:00:00+00,Wed 19 May 2021,37038,17604,211,1741625,683755,2065,1743690,685820,36.338086813869,14.2923264448885,64
-7.6926,53.28823,2021/01/25 00:00:00+00,Mon 25 Jan 2021,1367,1292,0,150520,5201,5,150525,5206,3.1369053660098,0.108491807576463,65
-7.6926,53.28823,2021/08/22 23:00:00+00,Mon 23 Aug 2021,10878,15396,291,3439316,3074310,235659,3674975,3309969,76.5856090181158,68.978970386488,66
-7.6926,53.28823,2021/05/19 23:00:00+00,Thu 20 May 2021,39097,19644,136,1780722,703399,2201,1782923,705600,37.155693246187,14.7045369623419,67
-7.6926,53.28823,2021/01/26 00:00:00+00,Tue 26 Jan 2021,1008,3506,0,151528,8707,5,151533,8712,3.15791184738458,0.181556017596262,68
-7.6926,53.28823,2021/08/23 23:00:00+00,Tue 24 Aug 2021,9719,22930,384,3449035,3097240,236043,3685078,3333283,76.7961531464187,69.4648286273327,69
-7.6926,53.28823,2021/05/20 23:00:00+00,Fri 21 May 2021,25846,23257,14934,1806568,726656,17135,1823703,743791,38.0055387922815,15.500428361334,70
-7.6926,53.28823,2021/01/27 00:00:00+00,Wed 27 Jan 2021,2185,6705,0,153713,15412,5,153718,15417,3.20344673012652,0.321286630312394,71
-7.6926,53.28823,2021/08/24 23:00:00+00,Wed 25 Aug 2021,9424,19545,317,3458459,3116785,236360,3694819,3353145,76.9991532804184,69.8787480053742,72
-7.6926,53.28823,2021/05/21 23:00:00+00,Sat 22 May 2021,16594,10257,13523,1823162,736913,30658,1853820,767571,38.6331699426427,15.9959979318619,73
-7.6926,53.28823,2021/01/28 00:00:00+00,Thu 28 Jan 2021,1021,11542,0,154734,26954,5,154739,26959,3.22472412842379,0.561819177958866,74
-7.6926,53.28823,2021/08/25 23:00:00+00,Thu 26 Aug 2021,8596,19453,369,3467055,3136238,236729,3703784,3372967,77.1859817581216,70.2918337928848,75
-7.6926,53.28823,2021/05/22 23:00:00+00,Sun 23 May 2021,8225,5535,10205,1831387,742448,40863,1872250,783311,39.0172467796835,16.3240158057101,76
-7.6926,53.28823,2021/01/29 00:00:00+00,Fri 29 Jan 2021,1591,11526,0,156325,38480,5,156330,38485,3.25788019178417,0.80201828939304,77
-7.6926,53.28823,2021/08/26 23:00:00+00,Fri 27 Aug 2021,9731,19226,432,3476786,3155464,237161,3713947,3392625,77.3977762722207,70.7015018592195,78
-7.6926,53.28823,2021/05/23 23:00:00+00,Mon 24 May 2021,22558,8237,8452,1853945,750685,49315,1903260,800000,39.6634878386435,16.6718106149001,79
-7.6926,53.28823,2021/01/30 00:00:00+00,Sat 30 Jan 2021,654,7793,0,156979,46273,5,156984,46278,3.27150939696185,0.964422564545436,80
-7.6926,53.28823,2021/08/27 23:00:00+00,Sat 28 Aug 2021,9931,7940,153,3486717,3163404,237314,3724031,3400718,77.6079244450215,70.8701580633525,81
-7.6926,53.28823,2021/05/24 23:00:00+00,Tue 25 May 2021,30361,16516,3224,1884306,767201,52539,1936845,819740,40.3633912880203,17.0831875418228,82
-7.6926,53.28823,2021/01/31 00:00:00+00,Sun 31 Jan 2021,236,4086,0,157215,50359,5,157220,50364,3.27642758109325,1.04957383726104,83
-7.6926,53.28823,2021/08/28 23:00:00+00,Sun 29 Aug 2021,8801,9195,30,3495518,3172599,237344,3732862,3409943,77.7919603944467,71.0624048795055,84
-7.6926,53.28823,2021/05/25 23:00:00+00,Wed 26 May 2021,19986,25474,3054,1904292,792675,55593,1959885,848268,40.8435394337294,17.6777043083501,85
-7.6926,53.28823,2021/02/01 00:00:00+00,Mon 01 Feb 2021,1035,8332,1,158250,58691,6,158256,58697,3.29801757583955,1.22323158457849,86
-7.6926,53.28823,2021/08/29 23:00:00+00,Mon 30 Aug 2021,5071,11153,85,3500589,3183752,237429,3738018,3421181,77.8994102138597,71.2966021391183,87
-7.6926,53.28823,2021/05/26 23:00:00+00,Thu 27 May 2021,17019,36057,550,1921311,828732,56143,1977454,884875,41.2096732345959,18.4405855223247,88
-7.6926,53.28823,2021/02/02 00:00:00+00,Tue 02 Feb 2021,841,5110,0,159091,63801,6,159097,63807,3.31554381674846,1.32972277488117,89
-7.6926,53.28823,2021/08/30 23:00:00+00,Tue 31 Aug 2021,4075,12912,145,3504664,3196664,237574,3742238,3434238,77.9873540148533,71.5687069281168,90
-7.6926,53.28823,2021/05/27 23:00:00+00,Fri 28 May 2021,27050,31836,1562,1948361,860568,57705,2006066,918273,41.8059405412378,19.1365919359702,91
-7.6926,53.28823,2021/02/03 00:00:00+00,Wed 03 Feb 2021,1410,6869,0,160501,70670,6,160507,70676,3.34492788295722,1.47287110877335,92
-7.6926,53.28823,2021/08/31 23:00:00+00,Wed 01 Sep 2021,4984,12556,183,3509648,3209220,237757,3747405,3446977,78.0950330716623,71.8341846723958,93
-7.6926,53.28823,2021/05/28 23:00:00+00,Sat 29 May 2021,24497,7397,537,1972858,867965,58242,2031100,926207,42.3276431749046,19.3019346177435,94
-7.6926,53.28823,2021/02/04 00:00:00+00,Thu 04 Feb 2021,1453,10541,1,161954,81211,7,161961,81218,3.3752288987498,1.6925638931512,95
-7.6926,53.28823,2021/09/01 23:00:00+00,Thu 02 Sep 2021,5013,12376,248,3514661,3221596,238005,3752666,3459601,78.2046710662186,72.0972658438989,96
-7.6926,53.28823,2021/09/02 23:00:00+00,Fri 03 Sep 2021,4784,16098,167,3519445,3237694,238172,3757617,3475866,78.3078487341615,72.4362245934631,97
-7.6926,53.28823,2021/09/03 23:00:00+00,Sat 04 Sep 2021,4631,10590,136,3524076,3248284,238308,3762384,3486592,78.4071918856631,72.6597518942824,98
-7.6926,53.28823,2021/09/04 23:00:00+00,Sun 05 Sep 2021,5311,11910,1,3529387,3260194,238309,3767696,3498503,78.517892708146,72.907974314575,99
-7.6926,53.28823,2021/09/05 23:00:00+00,Mon 06 Sep 2021,2167,9697,76,3531554,3269891,238385,3769939,3508276,78.5646362971575,73.1116413209993,100
-7.6926,53.28823,2021/09/06 23:00:00+00,Tue 07 Sep 2021,3035,10034,160,3534589,3279925,238545,3773134,3518470,78.6312193408008,73.3240818677596,101
-7.6926,53.28823,2021/09/07 23:00:00+00,Wed 08 Sep 2021,2613,14803,191,3537202,3294728,238736,3775938,3533464,78.689654037006,73.6365532782094,102
-7.6926,53.28823,2021/09/08 23:00:00+00,Thu 09 Sep 2021,3125,14822,138,3540327,3309550,238874,3779201,3548424,78.7576541845515,73.948316136708,103
-7.6926,53.28823,2021/09/09 23:00:00+00,Fri 10 Sep 2021,3389,13950,116,3543716,3323500,238990,3782706,3562490,78.8306975548081,74.2414482468445,104
-7.6926,53.28823,2021/09/10 23:00:00+00,Sat 11 Sep 2021,2564,11347,62,3546280,3334847,239052,3785332,3573899,78.8854227731515,74.4792091059762,105
-7.6926,53.28823,2021/09/11 23:00:00+00,Sun 12 Sep 2021,2043,12885,1,3548323,3347732,239053,3787376,3586785,78.9280192492725,74.7477502954557,106
-7.6926,53.28823,2021/09/12 23:00:00+00,Mon 13 Sep 2021,1623,7750,52,3549946,3355482,239105,3789051,3594587,78.9629258527475,74.9103421284776,107
-7.6926,53.28823,2021/09/13 23:00:00+00,Tue 14 Sep 2021,1551,10793,82,3551497,3366275,239187,3790684,3605462,78.9969571861651,75.1369745540239,108
-7.6926,53.28823,2021/09/14 23:00:00+00,Wed 15 Sep 2021,3288,12379,138,3554785,3378654,239325,3794110,3617979,79.0683542151235,75.3978258708572,109
-7.6926,53.28823,2021/09/15 23:00:00+00,Thu 16 Sep 2021,1919,10581,115,3556704,3389235,239440,3796144,3628675,79.1107422936118,75.6207279787785,110
-7.6926,53.28823,2021/09/16 23:00:00+00,Fri 17 Sep 2021,2563,14624,95,3559267,3403859,239535,3798802,3643394,79.1661343843798,75.9274684543293,111
-7.6926,53.28823,2021/09/17 23:00:00+00,Sat 18 Sep 2021,2291,11242,48,3561558,3415101,239583,3801141,3654684,79.2148785906652,76.1627493816321,112
-7.6926,53.28823,2021/09/18 23:00:00+00,Sun 19 Sep 2021,1864,8495,16,3563422,3423596,239599,3803021,3663195,79.2540573456102,76.3401166068114,113
-7.6926,53.28823,2021/09/19 23:00:00+00,Mon 20 Sep 2021,964,5634,35,3564386,3429230,239634,3804020,3668864,79.2748762691155,76.4582572247812,114
-7.6926,53.28823,2021/09/20 23:00:00+00,Tue 21 Sep 2021,1476,6680,90,3565862,3435910,239724,3805586,3675634,79.3075113383942,76.5993424221098,115
-7.6926,53.28823,2021/09/21 23:00:00+00,Wed 22 Sep 2021,1902,8159,97,3567764,3444069,239821,3807585,3683890,79.3491700251682,76.7713955076556,116
-7.6926,53.28823,2021/09/22 23:00:00+00,Thu 23 Sep 2021,1690,8737,89,3569454,3452806,239910,3809364,3692716,79.3862439640231,76.9553272582645,117
-7.6926,53.28823,2021/09/23 23:00:00+00,Fri 24 Sep 2021,1914,7398,80,3571368,3460204,239990,3811358,3700194,79.4277984519807,77.1111670079873,118
-7.6926,53.28823,2021/09/24 23:00:00+00,Sat 25 Sep 2021,2422,6609,53,3573790,3466813,240043,3813833,3706856,79.4793768660706,77.2500015108828,119
-7.6926,53.28823,2021/09/25 23:00:00+00,Sun 26 Sep 2021,1549,7101,0,3575339,3473914,240043,3815382,3713957,79.5116576593737,77.3979846698533,120
-7.6926,53.28823,2021/09/26 23:00:00+00,Mon 27 Sep 2021,1179,3830,45,3576518,3477744,240088,3816606,3717832,79.5371655296145,77.4787387525193,121
-7.6926,53.28823,2021/09/27 23:00:00+00,Tue 28 Sep 2021,1455,5149,93,3577973,3482893,240181,3818154,3723074,79.5694254831543,77.5879807915734,122
-7.6926,53.28823,2021/09/28 23:00:00+00,Wed 29 Sep 2021,1654,3631,80,3579627,3486524,240261,3819888,3726785,79.6055616326621,77.6653171530633,123
-7.6926,53.28823,2021/09/29 23:00:00+00,Thu 30 Sep 2021,1275,3984,78,3580902,3490508,240339,3821241,3730847,79.6337578323645,77.7499682714604,124
-7.6926,53.28823,2021/09/30 23:00:00+00,Fri 01 Oct 2021,1870,5193,42,3582772,3495701,240381,3823153,3736082,79.6736034597341,77.8590644321717,125
-7.6926,53.28823,2021/10/01 23:00:00+00,Sat 02 Oct 2021,1683,4102,41,3584455,3499803,240422,3824877,3740225,79.7095312116092,77.9454035713936,126
-7.6926,53.28823,2021/10/02 23:00:00+00,Sun 03 Oct 2021,1197,3022,9,3585652,3502825,240431,3826083,3743256,79.7346639661112,78.0085688938608,127
-7.6926,53.28823,2021/10/03 23:00:00+00,Mon 04 Oct 2021,347,1236,18,3585999,3504061,240449,3826448,3744510,79.7422704797043,78.0347019569997,128
-7.6926,53.28823,2021/10/04 23:00:00+00,Tue 05 Oct 2021,960,2836,70,3586959,3506897,240519,3827478,3747416,79.7637354358709,78.0952623090583,129
-7.6926,53.28823,2021/10/05 23:00:00+00,Wed 06 Oct 2021,971,2581,40,3587930,3509478,240559,3828489,3750037,79.7848044365355,78.1498833285853,130
-7.6926,53.28823,2021/10/06 23:00:00+00,Thu 07 Oct 2021,1213,2712,44,3589143,3512190,240603,3829746,3752793,79.8110000189642,78.2073177161537,131
-7.6926,53.28823,2021/10/07 23:00:00+00,Fri 08 Oct 2021,915,2745,48,3590058,3514935,240651,3830709,3755586,79.8310687109919,78.2655231749629,132
-7.6926,53.28823,2021/10/08 23:00:00+00,Sat 09 Oct 2021,723,2368,23,3590781,3517303,240674,3831455,3757977,79.8466151743903,78.3153510489382,133
-7.6926,53.28823,2021/10/09 23:00:00+00,Sun 10 Oct 2021,1516,3926,2,3592297,3521229,240676,3832973,3761905,79.878249935032,78.3972096390574,134
-7.6926,53.28823,2021/10/10 23:00:00+00,Mon 11 Oct 2021,335,1136,19,3592632,3522365,240695,3833327,3763060,79.8856272112291,78.4212795656326,135
-7.6926,53.28823,2021/10/11 23:00:00+00,Tue 12 Oct 2021,563,1625,21,3593195,3523990,240716,3833911,3764706,79.897797632978,78.4555818159728,136
-7.6926,53.28823,2021/10/12 23:00:00+00,Wed 13 Oct 2021,989,2079,11,3594184,3526069,240727,3834911,3766796,79.9186373962466,78.4991369212042,137
-7.6926,53.28823,2021/10/13 23:00:00+00,Thu 14 Oct 2021,653,1609,9,3594837,3527678,240736,3835573,3768414,79.9324333195305,78.5328556581729,138
-7.6926,53.28823,2021/10/14 23:00:00+00,Fri 15 Oct 2021,957,2079,9,3595794,3529757,240745,3836539,3770502,79.952564530848,78.5763690838778,139
-7.6926,53.28823,2021/10/15 23:00:00+00,Sat 16 Oct 2021,1383,2651,14,3597177,3532408,240759,3837936,3773167,79.9816776801342,78.6319070529886,140
-7.6926,53.28823,2021/10/16 23:00:00+00,Sun 17 Oct 2021,1704,2892,2,3598881,3535300,240761,3839642,3776061,80.0172303162705,78.692217327888,141
-7.6926,53.28823,2021/10/17 23:00:00+00,Mon 18 Oct 2021,679,1255,6,3599560,3536555,240767,3840327,3777322,80.0315055541095,78.7184962693698,142
-7.6926,53.28823,2021/10/18 23:00:00+00,Tue 19 Oct 2021,1340,1808,13,3600900,3538363,240780,3841680,3779143,80.059701753812,78.7564454782819,143
-7.6926,53.28823,2021/10/19 23:00:00+00,Wed 20 Oct 2021,2262,2337,0,3603162,3540700,240780,3843942,3781480,80.1068412983256,78.8051480050407,144
-7.6926,53.28823,2021/10/20 23:00:00+00,Thu 21 Oct 2021,1729,1853,11,3604891,3542553,240791,3845682,3783344,80.143102486413,78.8439933237734,145
-7.6926,53.28823,2021/10/21 23:00:00+00,Fri 22 Oct 2021,1507,1936,3,3606398,3544489,240794,3847192,3785283,80.1745705289486,78.8844016247513,146
-7.6926,53.28823,2021/10/22 23:00:00+00,Sat 23 Oct 2021,2018,1705,1,3608416,3546194,240795,3849211,3786989,80.216646010988,78.9199542608876,147
-7.6926,53.28823,2021/10/23 23:00:00+00,Sun 24 Oct 2021,1955,2189,2,3610371,3548383,240797,3851168,3789180,80.2574294277047,78.9656141822091,148
-7.6926,53.28823,2021/10/24 23:00:00+00,Mon 25 Oct 2021,1234,862,2,3611605,3549245,240799,3852404,3790044,80.2831873751047,78.9836197376732,149
-7.6926,53.28823,2021/10/25 23:00:00+00,Tue 26 Oct 2021,1246,1237,6,3612851,3550482,240805,3853656,3791287,80.309278758717,79.0095235634161,150
-7.6926,53.28823,2021/10/26 23:00:00+00,Wed 27 Oct 2021,1567,1431,6,3614418,3551913,240811,3855229,3792724,80.3420597063386,79.0394703032331,151
-7.6926,53.28823,2021/10/27 23:00:00+00,Thu 28 Oct 2021,2159,1697,5,3616577,3553610,240816,3857393,3794426,80.3871569540519,79.0749395803163,152
-7.6926,53.28823,2021/10/28 23:00:00+00,Fri 29 Oct 2021,2145,1376,2,3618722,3554986,240818,3859540,3795804,80.4318999257896,79.1036567741005,153
-7.6926,53.28823,2021/10/29 23:00:00+00,Sat 30 Oct 2021,2020,1455,1,3620742,3556441,240819,3861561,3797260,80.4740170873555,79.1339994694196,154
-7.6926,53.28823,2021/10/30 23:00:00+00,Sun 31 Oct 2021,1597,1320,0,3622339,3557761,240819,3863158,3798580,80.5072981892955,79.1615079569342,155
-7.6926,53.28823,2021/11/01 00:00:00+00,Mon 01 Nov 2021,289,296,2,3622628,3558057,240821,3863449,3798878,80.5133625604066,79.1677182063883,156
-7.6926,53.28823,2021/11/02 00:00:00+00,Tue 02 Nov 2021,1100,1098,10,3623728,3559155,240831,3864559,3799986,80.5364946976348,79.1908086640899,157
-7.6926,53.28823,2021/11/03 00:00:00+00,Wed 03 Nov 2021,2538,1882,7,3626266,3561037,240838,3867104,3801875,80.5895318951535,79.2301749769043,158
-7.6926,53.28823,2021/11/04 00:00:00+00,Thu 04 Nov 2021,1536,1287,2,3627802,3562324,240840,3868642,3803164,80.6215834510606,79.2570374317576,159
-7.6926,53.28823,2021/11/05 00:00:00+00,Fri 05 Nov 2021,1631,1102,4,3629433,3563426,240844,3870277,3804270,80.6556564640048,79.2800862099327,160
-7.6926,53.28823,2021/11/06 00:00:00+00,Sat 06 Nov 2021,1821,1358,6,3631254,3564784,240850,3872104,3805634,80.6937307114966,79.3085116470311,161
-7.6926,53.28823,2021/11/07 00:00:00+00,Sun 07 Nov 2021,697,776,0,3631951,3565560,240850,3872801,3806410,80.7082560264948,79.3246833033275,162
-7.6926,53.28823,2021/11/08 00:00:00+00,Mon 08 Nov 2021,516,533,4,3632467,3566093,240854,3873321,3806947,80.7190927033945,79.3358742562028,163
-7.6926,53.28823,2021/11/09 00:00:00+00,Tue 09 Nov 2021,1372,1070,4,3633839,3567163,240858,3874697,3808021,80.7477682176522,79.3582561619533,164
-7.6926,53.28823,2021/11/10 00:00:00+00,Wed 10 Nov 2021,1601,1367,2,3635440,3568530,240860,3876300,3809390,80.7811743581718,79.3867857978681,165
-7.6926,53.28823,2021/11/11 00:00:00+00,Thu 11 Nov 2021,1392,1123,2,3636832,3569653,240862,3877694,3810515,80.8102249881682,79.4102305315453,166
-7.6926,53.28823,2021/11/12 00:00:00+00,Fri 12 Nov 2021,1143,1160,6,3637975,3570813,240868,3878843,3811681,80.8341698761639,79.4345296955165,167
-7.6926,53.28823,2021/11/13 00:00:00+00,Sat 13 Nov 2021,1395,1384,0,3639370,3572197,240868,3880238,3813065,80.8632413459236,79.4633719278802,168
-7.6926,53.28823,2021/11/14 00:00:00+00,Sun 14 Nov 2021,1646,1808,1,3641016,3574005,240869,3881885,3814874,80.897564436027,79.5010710596332,169
-7.6926,53.28823,2021/11/15 00:00:00+00,Mon 15 Nov 2021,1241,597,1,3642257,3574602,240870,3883127,3815472,80.9234474220067,79.5135332380678,170
-7.6926,53.28823,2021/11/16 00:00:00+00,Tue 16 Nov 2021,1314,1079,5,3643571,3575681,240875,3884446,3816556,80.950935069758,79.536123541451,171
-7.6926,53.28823,2021/11/17 00:00:00+00,Wed 17 Nov 2021,1504,1122,3,3645075,3576803,240878,3885953,3817681,80.9823405930038,79.5595682751282,172
-7.6926,53.28823,2021/11/18 00:00:00+00,Thu 18 Nov 2021,1639,2509,5,3646714,3579312,240883,3887597,3820195,81.0166011638174,79.6119594399855,173
-7.6926,53.28823,2021/11/19 00:00:00+00,Fri 19 Nov 2021,1165,1558,0,3647879,3580870,240883,3888762,3821753,81.0408794880254,79.6444277911581,174
-7.6926,53.28823,2021/11/20 00:00:00+00,Sat 20 Nov 2021,1547,2946,12,3649426,3583816,240895,3890321,3824711,81.0733686789612,79.7060718109066,175
-7.6926,53.28823,2021/11/21 00:00:00+00,Sun 21 Nov 2021,1789,2769,0,3651215,3586585,240895,3892110,3827480,81.1106510154487,79.7637771153975,176
-7.6926,53.28823,2021/11/22 00:00:00+00,Mon 22 Nov 2021,724,522,3,3651939,3587107,240898,3892837,3828005,81.125801523345,79.7747179911135,177
-7.6926,53.28823,2021/11/23 00:00:00+00,Tue 23 Nov 2021,2155,1598,8,3654094,3588705,240906,3895000,3829611,81.1708779312951,79.8081866509229,178
-7.6926,53.28823,2021/11/24 00:00:00+00,Wed 24 Nov 2021,1613,3151,2,3655707,3591856,240908,3896615,3832764,81.2045341489739,79.8738944245089,179
-7.6926,53.28823,2021/11/25 00:00:00+00,Thu 25 Nov 2021,981,1188,1,3656688,3593044,240909,3897597,3833953,81.2249987965037,79.8986729030353,180
-7.6926,53.28823,2021/11/26 00:00:00+00,Fri 26 Nov 2021,1279,1111,12,3657967,3594155,240921,3898888,3835076,81.2519029308835,79.922075957186,181
-7.6926,53.28823,2021/11/27 00:00:00+00,Sat 27 Nov 2021,1201,1567,6,3659168,3595722,240927,3900095,3836649,81.2770565251487,79.9548569048075,182
-7.6926,53.28823,2021/11/28 00:00:00+00,Sun 28 Nov 2021,1961,2262,1,3661129,3597984,240928,3902057,3838912,81.3179441406817,80.0020172890844,183
-7.6926,53.28823,2021/11/29 00:00:00+00,Mon 29 Nov 2021,536,999,2,3661665,3598983,240930,3902595,3839913,81.3291559333203,80.0228778921163,184
-7.6926,53.28823,2021/11/30 00:00:00+00,Tue 30 Nov 2021,1895,1649,6,3663560,3600632,240936,3904496,3841568,81.3687723232939,80.0573677003259,185
-7.6926,53.28823,2021/12/01 00:00:00+00,Wed 01 Dec 2021,1070,1388,4,3664630,3602020,240940,3905570,3842960,81.3911542290444,80.0863766507958,186
-7.6926,53.28823,2021/12/02 00:00:00+00,Thu 02 Dec 2021,1737,1413,0,3666367,3603433,240940,3907307,3844373,81.427352897842,80.1158232362944,187
-7.6926,53.28823,2021/12/03 00:00:00+00,Fri 03 Dec 2021,1014,1196,2,3667381,3604629,240942,3908323,3845571,81.448526097323,80.1407892726902,188
-7.6926,53.28823,2021/12/04 00:00:00+00,Sat 04 Dec 2021,1204,1702,1,3668585,3606331,240943,3909528,3847274,81.4736380120616,80.1762793895366,189
-7.6926,53.28823,2021/12/05 00:00:00+00,Sun 05 Dec 2021,1347,1777,2,3669932,3608108,240945,3910877,3849053,81.501750852711,80.2133533283915,190
-7.6926,53.28823,2021/12/06 00:00:00+00,Mon 06 Dec 2021,936,1304,0,3670868,3609412,240945,3911813,3850357,81.5212568711304,80.2405283796938,191
-7.6926,53.28823,2021/12/07 00:00:00+00,Tue 07 Dec 2021,483,746,2,3671351,3610158,240947,3912298,3851105,81.5313641563157,80.2561165226188,192
-7.6926,53.28823,2021/12/08 00:00:00+00,Wed 08 Dec 2021,795,1525,2,3672146,3611683,240949,3913095,3852632,81.5479734476408,80.2879388411299,193
-7.6926,53.28823,2021/12/09 00:00:00+00,Thu 09 Dec 2021,784,1212,1,3672930,3612895,240950,3913880,3853845,81.5643326618067,80.3132174739748,194
-7.6926,53.28823,2021/12/10 00:00:00+00,Fri 10 Dec 2021,895,1618,1,3673825,3614513,240951,3914776,3855464,81.5830050896954,80.3469570507067,195
-7.6926,53.28823,2021/05/29 23:00:00+00,Sun 30 May 2021,24260,1687,210,1997118,869652,58452,2055570,928104,42.8375921820878,19.3414676486641,196
-7.6926,53.28823,2021/12/11 00:00:00+00,Sat 11 Dec 2021,643,844,2,3674468,3615357,240953,3915421,3856310,81.5964467370036,80.3645874904319,197
-7.6926,53.28823,2021/12/12 00:00:00+00,Sun 12 Dec 2021,685,1193,0,3675153,3616550,240953,3916106,3857503,81.6107219748427,80.3894493280114,198
-7.6926,53.28823,2021/02/05 00:00:00+00,Fri 05 Feb 2021,3402,8616,0,165356,89827,7,165363,89834,3.44612577338966,1.87211929347367,199
-7.6926,53.28823,2021/05/30 23:00:00+00,Mon 31 May 2021,22602,7316,3445,2019720,876968,61897,2081617,938865,43.3804054959457,19.5657243411978,200
-7.6926,53.28823,2021/12/13 00:00:00+00,Mon 13 Dec 2021,720,1071,1,3675873,3617621,240954,3916827,3858575,81.6257474441593,80.4117895542354,201
-7.6926,53.28823,2021/05/31 23:00:00+00,Tue 01 Jun 2021,27602,11526,3654,2047322,888494,65551,2112873,954045,44.0317731366699,19.8820719476155,202
-7.6926,53.28823,2021/12/14 00:00:00+00,Tue 14 Dec 2021,632,1203,3,3676505,3618824,240957,3917462,3859781,81.6389806938349,80.4369223087374,203
-7.6926,53.28823,2021/06/01 23:00:00+00,Wed 02 Jun 2021,18716,20918,4008,2066038,909412,69559,2135597,978971,44.5053359171861,20.4015238868493,204
-7.6926,53.28823,2021/12/15 00:00:00+00,Wed 15 Dec 2021,790,1260,1,3677295,3620084,240958,3918253,3861042,81.6554649465804,80.4632012502191,205
-7.6926,53.28823,2021/06/02 23:00:00+00,Thu 03 Jun 2021,16699,30709,1978,2082737,940121,71537,2154274,1011658,44.8945601757542,21.0827132288108,206
-7.6926,53.28823,2021/12/16 00:00:00+00,Thu 16 Dec 2021,1046,1545,8,3678341,3621629,240966,3919307,3862595,81.6774300570655,80.4955654025753,207
-7.6926,53.28823,2021/06/03 23:00:00+00,Fri 04 Jun 2021,28996,23346,153,2111733,963467,71690,2183423,1035157,45.5020184352714,21.5724268258602,208
-7.6926,53.28823,2021/12/17 00:00:00+00,Fri 17 Dec 2021,1197,2459,1,3679538,3624088,240967,3920505,3865055,81.7023960934613,80.5468312202161,209
-7.6926,53.28823,2021/06/04 23:00:00+00,Sat 05 Jun 2021,20976,11502,35,2132709,974969,71725,2204434,1046694,45.9398827013085,21.8128551746904,210
-7.6926,53.28823,2021/12/18 00:00:00+00,Sat 18 Dec 2021,1251,1183,0,3680789,3625271,240967,3921756,3866238,81.7284666373104,80.5714846601629,211
-7.6926,53.28823,2021/06/05 23:00:00+00,Sun 06 Jun 2021,19951,3918,47,2152660,978887,71772,2224432,1050659,46.3566362871544,21.8954848360505,212
-7.6926,53.28823,2021/12/19 00:00:00+00,Sun 19 Dec 2021,550,890,1,3681339,3626161,240968,3922307,3867129,81.7399493468714,80.5900528892352,213
-7.6926,53.28823,2021/06/06 23:00:00+00,Mon 07 Jun 2021,19844,4605,47,2172504,983492,71819,2244323,1055311,46.7711600183307,21.9924314147761,214
-7.6926,53.28823,2021/12/20 00:00:00+00,Mon 20 Dec 2021,517,617,1,3681856,3626778,240969,3922825,3867747,81.7507443442446,80.6029318629352,215
-7.6926,53.28823,2021/06/07 23:00:00+00,Tue 08 Jun 2021,26422,18346,47,2198926,1001838,71866,2270792,1073704,47.3227677122879,22.3757371805759,216
-7.6926,53.28823,2021/12/21 00:00:00+00,Tue 21 Dec 2021,1405,1817,3,3683261,3628595,240972,3924233,3869567,81.7800867309268,80.6408602320841,217
-7.6926,53.28823,2021/06/08 23:00:00+00,Wed 09 Jun 2021,32817,20128,175,2231743,1021966,72041,2303784,1094007,48.0103131820464,22.7988468942188,218
-7.6926,53.28823,2021/12/22 00:00:00+00,Wed 22 Dec 2021,1165,1599,2,3684426,3630194,240974,3925400,3871168,81.8044067346613,80.6742246930772,219
-7.6926,53.28823,2021/06/09 23:00:00+00,Thu 10 Jun 2021,27710,27508,273,2259453,1049474,72314,2331767,1121788,48.5934722775923,23.3777963575845,220
-7.6926,53.28823,2021/12/23 00:00:00+00,Thu 23 Dec 2021,928,1399,0,3685354,3631593,240974,3926328,3872567,81.8237460349745,80.70337952189,221
-7.6926,53.28823,2021/02/06 00:00:00+00,Sat 06 Feb 2021,911,3870,0,166267,93697,7,166274,93704,3.46511079772738,1.95276917732325,222
-7.6926,53.28823,2021/06/10 23:00:00+00,Fri 11 Jun 2021,26456,32913,42,2285909,1082387,72356,2358265,1154743,49.1456843246843,24.064570756102,223
-7.6926,53.28823,2021/12/24 00:00:00+00,Fri 24 Dec 2021,101,162,0,3685455,3631755,240974,3926429,3872729,81.8258508510647,80.7067555635395,224
-7.6926,53.28823,2021/02/07 00:00:00+00,Sun 07 Feb 2021,336,1301,2,166603,94998,9,166612,95007,3.47215463771218,1.97992338886227,225
-7.6926,53.28823,2021/06/11 23:00:00+00,Sat 12 Jun 2021,12223,19730,105,2298132,1102117,72461,2370593,1174578,49.40259692626,24.4779274605352,226
-7.6926,53.28823,2021/12/25 00:00:00+00,Sat 25 Dec 2021,1,7,0,3685456,3631762,240974,3926430,3872736,81.8258716908279,80.7069014418824,227
-7.6926,53.28823,2021/02/08 00:00:00+00,Mon 08 Feb 2021,1193,881,0,167796,95879,9,167805,95888,3.49701647529165,1.99828322030193,228
-7.6926,53.28823,2021/12/26 00:00:00+00,Sun 26 Dec 2021,12,11,0,3685468,3631773,240974,3926442,3872747,81.8261217679872,80.7071306792783,229
-7.6926,53.28823,2021/06/12 23:00:00+00,Sun 13 Jun 2021,8558,18178,835,2306690,1120295,73296,2379986,1193591,49.5983448226422,24.8741538795616,230
-7.6926,53.28823,2021/02/09 00:00:00+00,Tue 09 Feb 2021,4274,552,3,172070,96431,12,172082,96443,3.58614814279156,2.00984928891602,231
-7.6926,53.28823,2021/12/27 00:00:00+00,Mon 27 Dec 2021,391,590,0,3685859,3632363,240974,3926833,3873337,81.8342701154252,80.7194261396068,232
-7.6926,53.28823,2021/06/13 23:00:00+00,Mon 14 Jun 2021,16027,31313,52,2322717,1151608,73348,2396065,1224956,49.9334273762384,25.527793054482,233
-7.6926,53.28823,2021/02/10 00:00:00+00,Wed 10 Feb 2021,8832,584,0,180902,97015,12,180914,97027,3.77020493198006,2.02201971066489,234
-7.6926,53.28823,2021/12/28 00:00:00+00,Tue 28 Dec 2021,467,749,0,3686326,3633112,240974,3927300,3874086,81.8440022848716,80.735035122295,235
-7.6926,53.28823,2021/06/14 23:00:00+00,Tue 15 Jun 2021,14707,41594,206,2337424,1193202,73554,2410978,1266756,50.2442107658634,26.3988951591106,236
-7.6926,53.28823,2021/02/11 00:00:00+00,Thu 11 Feb 2021,6198,448,0,187100,97463,12,187112,97475,3.89936978471899,2.03135592460924,237
-7.6926,53.28823,2021/12/29 00:00:00+00,Wed 29 Dec 2021,1058,1312,0,3687384,3634424,240974,3928358,3875398,81.8660507544098,80.7623768917035,238
-7.6926,53.28823,2022/04/02 23:00:00+00,Sun 03 Apr 2022,538,815,0,3840534,3783670,241014,4081548,4024684,85.0584940895305,83.8734617910234,239
-7.6926,53.28823,2021/06/15 23:00:00+00,Wed 16 Jun 2021,13480,48399,219,2350904,1241601,73773,2424677,1315374,50.5296946828803,27.4120827697046,240
-7.6926,53.28823,2021/06/16 23:00:00+00,Thu 17 Jun 2021,21580,42695,535,2372484,1284296,74308,2446792,1358604,50.9905660475659,28.3129857358072,241
-7.6926,53.28823,2021/06/17 23:00:00+00,Fri 18 Jun 2021,12021,50025,554,2384505,1334321,74862,2459367,1409183,51.2526260706689,29.367040122171,242
-7.6926,53.28823,2021/06/18 23:00:00+00,Sat 19 Jun 2021,6329,32820,434,2390834,1367141,75296,2466130,1442437,51.3935653896546,30.0600456099059,243
-7.6926,53.28823,2021/06/19 23:00:00+00,Sun 20 Jun 2021,8522,26147,178,2399356,1393288,75474,2474830,1468762,51.5748713300916,30.6086523779524,244
-7.6926,53.28823,2021/06/20 23:00:00+00,Mon 21 Jun 2021,15494,32345,575,2414850,1425633,76049,2490899,1501682,51.9097454860552,31.2946973847556,245
-7.6926,53.28823,2021/06/21 23:00:00+00,Tue 22 Jun 2021,15152,43553,722,2430002,1469186,76771,2506773,1545957,52.2405558881813,32.217377903474,246
-7.6926,53.28823,2021/06/22 23:00:00+00,Wed 23 Jun 2021,20105,39409,884,2450107,1508595,77655,2527762,1586250,52.6779616794265,33.0570744848567,247
-7.6926,53.28823,2021/06/23 23:00:00+00,Thu 24 Jun 2021,19029,44276,1032,2469136,1552871,78687,2547823,1631558,53.0960281703584,34.0012824790316,248
-7.6926,53.28823,2021/06/24 23:00:00+00,Fri 25 Jun 2021,15218,50128,843,2484354,1602999,79530,2563884,1682529,53.4307356082158,35.0635060525966,249
-7.6926,53.28823,2021/06/25 23:00:00+00,Sat 26 Jun 2021,9072,30574,512,2493426,1633573,80042,2573468,1713615,53.6304638993823,35.7113309335651,250
-7.6926,53.28823,2021/06/26 23:00:00+00,Sun 27 Jun 2021,8741,30483,59,2502167,1664056,80101,2582268,1744157,53.8138538161462,36.3478189833155,251
-7.6926,53.28823,2021/06/27 23:00:00+00,Mon 28 Jun 2021,24246,24665,527,2526413,1688721,80628,2607041,1769349,54.3301172715998,36.8728142995787,252
-7.6926,53.28823,2021/06/28 23:00:00+00,Tue 29 Jun 2021,28152,31057,812,2554565,1719778,81440,2636005,1801218,54.9337201749123,37.5369567151865,253
-7.6926,53.28823,2021/06/29 23:00:00+00,Wed 30 Jun 2021,22585,36882,589,2577150,1756660,82029,2659179,1838689,55.4166608488994,38.3178434846252,254
-7.6926,53.28823,2021/06/30 23:00:00+00,Thu 01 Jul 2021,15043,48306,642,2592193,1804966,82671,2674864,1887637,55.7435325357678,39.3379082170978,255
-7.6926,53.28823,2021/07/01 23:00:00+00,Fri 02 Jul 2021,13691,47273,817,2605884,1852239,83488,2689372,1935727,56.045875821269,40.340092432686,256
-7.6926,53.28823,2021/07/02 23:00:00+00,Sat 03 Jul 2021,9322,30487,506,2615206,1882726,83994,2699200,1966720,56.2506890146731,40.9859792156705,257
-7.6926,53.28823,2021/07/03 23:00:00+00,Sun 04 Jul 2021,6460,27786,233,2621666,1910512,84227,2705893,1994739,56.39016955023,41.5698885426941,258
-7.6926,53.28823,2021/07/04 23:00:00+00,Mon 05 Jul 2021,15629,33476,5342,2637295,1943988,89569,2726864,2033557,56.8272002257363,42.3788464732556,259
-7.6926,53.28823,2021/07/05 23:00:00+00,Tue 06 Jul 2021,12406,48303,5488,2649701,1992291,95057,2744758,2087348,57.2001069496651,43.4998381792382,260
-7.6926,53.28823,2021/07/06 23:00:00+00,Wed 07 Jul 2021,19709,43767,5059,2669410,2036058,100116,2769526,2136174,57.7162662063024,44.5173604605921,261
-7.6926,53.28823,2021/07/07 23:00:00+00,Thu 08 Jul 2021,17796,45608,5997,2687206,2081666,106113,2793319,2187779,58.2121066937528,45.5927964440695,262
-7.6926,53.28823,2021/07/08 23:00:00+00,Fri 09 Jul 2021,13530,45096,6531,2700736,2126762,112644,2813380,2239406,58.6301731846847,46.6686909023388,263
-7.6926,53.28823,2021/07/09 23:00:00+00,Sat 10 Jul 2021,8644,23882,4364,2709380,2150644,117008,2826388,2267652,58.901256825283,47.2573308556244,264
-7.6926,53.28823,2021/07/10 23:00:00+00,Sun 11 Jul 2021,15241,16122,2153,2724621,2166766,119161,2843782,2285927,59.2637436675774,47.6381775293585,265
-7.6926,53.28823,2021/07/11 23:00:00+00,Mon 12 Jul 2021,17123,31783,6092,2741744,2198549,125253,2866997,2323802,59.7475387718586,48.4274835631577,266
-7.6926,53.28823,2021/07/12 23:00:00+00,Tue 13 Jul 2021,20116,36575,8490,2761860,2235124,133743,2895603,2368867,60.3436810399209,49.3666274948583,267
-7.6926,53.28823,2021/07/13 23:00:00+00,Wed 14 Jul 2021,20803,35722,9335,2782663,2270846,143078,2925741,2413924,60.9717498253107,50.3056047084528,268
-7.6926,53.28823,2021/07/14 23:00:00+00,Thu 15 Jul 2021,23660,28843,9585,2806323,2299689,152663,2958986,2452352,61.6645677551761,51.1064351313395,269
-7.6926,53.28823,2021/07/15 23:00:00+00,Fri 16 Jul 2021,23520,27435,9168,2829843,2327124,161831,2991674,2488955,62.3457779369009,51.869232986261,270
-7.6926,53.28823,2021/07/16 23:00:00+00,Sat 17 Jul 2021,11518,19434,4677,2841361,2346558,166508,3007869,2513066,62.6832779030363,52.3717005184308,271
-7.6926,53.28823,2021/07/17 23:00:00+00,Sun 18 Jul 2021,16870,15823,1931,2858231,2362381,168439,3026670,2530820,63.0750862922498,52.741689675502,272
-7.6926,53.28823,2021/07/18 23:00:00+00,Mon 19 Jul 2021,24905,18451,6253,2883136,2380832,174692,3057828,2555524,63.7244116361736,53.2565151872901,273
-7.6926,53.28823,2021/07/19 23:00:00+00,Tue 20 Jul 2021,30600,18187,7699,2913736,2399019,182391,3096127,2581410,64.5225537295987,53.7959732992617,274
-7.6926,53.28823,2021/07/20 23:00:00+00,Wed 21 Jul 2021,30370,19849,6894,2944106,2418868,189285,3133391,2608153,65.2991266680407,54.3532910883546,275
-7.6926,53.28823,2021/07/21 23:00:00+00,Thu 22 Jul 2021,33544,15940,6937,2977650,2434808,196222,3173872,2631030,66.1427411249179,54.8300423526509,276
-7.6926,53.28823,2021/07/22 23:00:00+00,Fri 23 Jul 2021,27085,20841,5615,3004735,2455649,201837,3206572,2657486,66.824201383802,55.3813791296856,277
-7.6926,53.28823,2021/07/23 23:00:00+00,Sat 24 Jul 2021,15444,14818,2276,3020179,2470467,204113,3224292,2674580,67.193481988922,55.7376140429995,278
-7.6926,53.28823,2021/07/24 23:00:00+00,Sun 25 Jul 2021,14741,13651,1046,3034920,2484118,205159,3240079,2689277,67.5224793316438,56.0438960437585,279
-7.6926,53.28823,2021/07/25 23:00:00+00,Mon 26 Jul 2021,23849,18317,3422,3058769,2502435,208581,3267350,2711016,68.0908005157425,56.4969316574551,280
-7.6926,53.28823,2021/07/26 23:00:00+00,Tue 27 Jul 2021,25524,23916,3672,3084293,2526351,212253,3296546,2738604,68.6992382441332,57.07185904651,281
-7.6926,53.28823,2021/07/27 23:00:00+00,Wed 28 Jul 2021,23447,25296,3265,3107740,2551647,215518,3323258,2767165,69.2559100005648,57.6670635252252,282
-7.6926,53.28823,2021/07/28 23:00:00+00,Thu 29 Jul 2021,19293,27879,2962,3127033,2579526,218480,3345513,2798006,69.719698932108,58.3097826641928,283
-7.6926,53.28823,2021/07/29 23:00:00+00,Fri 30 Jul 2021,21962,22956,2123,3148995,2602482,220603,3369598,2823085,70.2216246304328,58.8324230872067,284
-7.6926,53.28823,2021/07/30 23:00:00+00,Sat 31 Jul 2021,13754,12494,907,3162749,2614976,221510,3384259,2836486,70.5271563997142,59.1116967547695,285
-7.6926,53.28823,2021/07/31 23:00:00+00,Sun 01 Aug 2021,11142,9345,369,3173891,2624321,221879,3395770,2846200,70.7670429146993,59.314134215161,286
-7.6926,53.28823,2021/08/01 23:00:00+00,Mon 02 Aug 2021,15031,16043,430,3188922,2640364,222309,3411231,2862673,71.0892464945955,59.657427635485,287
-7.6926,53.28823,2021/08/02 23:00:00+00,Tue 03 Aug 2021,17355,25461,1111,3206277,2665825,223420,3429697,2889245,71.4740735631139,60.2111818250589,288
-7.6926,53.28823,2021/08/03 23:00:00+00,Wed 04 Aug 2021,22127,17312,1575,3228404,2683137,224995,3453399,2908132,71.9680176321069,60.6047824339135,289
-7.6926,53.28823,2021/08/04 23:00:00+00,Thu 05 Aug 2021,13544,30059,1421,3241948,2713196,226416,3468364,2939612,72.2798846894219,61.2608181816098,290
-7.6926,53.28823,2021/08/05 23:00:00+00,Fri 06 Aug 2021,12220,24750,949,3254168,2737946,227365,3481533,2965311,72.5543235319064,61.7963792578502,291
-7.6926,53.28823,2021/08/06 23:00:00+00,Sat 07 Aug 2021,6342,8467,583,3260510,2746413,227948,3488458,2974361,72.6986388925416,61.9849791154312,292
-7.6926,53.28823,2021/08/07 23:00:00+00,Sun 08 Aug 2021,8633,11990,153,3269143,2758403,228101,3497244,2986504,72.8817370526198,62.2380363608021,293
-7.6926,53.28823,2021/08/08 23:00:00+00,Mon 09 Aug 2021,5556,23046,600,3274699,2781449,228701,3503400,3010150,73.0100266353014,62.7308134030521,294
-7.6926,53.28823,2021/08/09 23:00:00+00,Tue 10 Aug 2021,9376,26021,716,3284075,2807470,229417,3513492,3036887,73.2203415262084,63.2880061535653,295
-7.6926,53.28823,2021/08/10 23:00:00+00,Wed 11 Aug 2021,7027,31246,666,3291102,2838716,230083,3521185,3068799,73.3806618250339,63.9530446789937,296
-7.6926,53.28823,2021/08/11 23:00:00+00,Thu 12 Aug 2021,6790,38303,865,3297892,2877019,230948,3528840,3107967,73.5401902128553,64.7692965266992,297
-7.6926,53.28823,2021/08/12 23:00:00+00,Fri 13 Aug 2021,10942,28232,874,3308834,2905251,231822,3540656,3137073,73.7864328556373,65.3758586763958,298
-7.6926,53.28823,2021/08/13 23:00:00+00,Sat 14 Aug 2021,18145,5854,281,3326979,2911105,232103,3559082,3143208,74.170426333625,65.5037106240488,299
-7.6926,53.28823,2022/07/26 23:00:00+00,Wed 27 Jul 2022,60,72,1,3854691,3808551,241031,4095722,4049582,85.3538768941,84.3923302168857,300
-7.6926,53.28823,2021/02/12 00:00:00+00,Fri 12 Feb 2021,4401,526,0,191501,97989,12,191513,98001,3.99108558286421,2.04231764008854,301
-7.6926,53.28823,2022/07/27 23:00:00+00,Thu 28 Jul 2022,49,71,0,3854740,3808622,241031,4095771,4049653,85.3548980425002,84.3938098400777,302
-7.6926,53.28823,2021/02/13 00:00:00+00,Sat 13 Feb 2021,1220,1917,0,192721,99906,12,192733,99918,4.01651009405194,2.08226746627449,303
-7.6926,53.28823,2021/12/30 00:00:00+00,Thu 30 Dec 2021,1049,1199,1,3688433,3635623,240975,3929408,3876598,81.8879325058419,80.7873846076258,304
-7.6926,53.28823,2022/07/28 23:00:00+00,Fri 29 Jul 2022,71,105,0,3854811,3808727,241031,4095842,4049758,85.3563776656923,84.3959980152209,305
-7.6926,53.28823,2022/04/03 23:00:00+00,Mon 04 Apr 2022,50,51,0,3840584,3783721,241014,4081598,4024735,85.059536077694,83.8745246189501,306
-7.6926,53.28823,2021/02/14 00:00:00+00,Sun 14 Feb 2021,2704,27,0,195425,99933,12,195437,99945,4.0728608139303,2.08283013988274,307
-7.6926,53.28823,2021/12/31 00:00:00+00,Fri 31 Dec 2021,712,1682,0,3689145,3637305,240975,3930120,3878280,81.9027704172892,80.8224370894436,308
-7.6926,53.28823,2022/07/29 23:00:00+00,Sat 30 Jul 2022,100,119,0,3854911,3808846,241031,4095942,4049877,85.3584616420191,84.3984779470499,309
-7.6926,53.28823,2022/04/04 23:00:00+00,Tue 05 Apr 2022,130,169,0,3840714,3783890,241014,4081728,4024904,85.0622452469189,83.8780465389425,310
-7.6926,53.28823,2021/02/15 00:00:00+00,Mon 15 Feb 2021,1968,7893,0,197393,107826,12,197405,107838,4.11387346804295,2.247318391362,311
-7.6926,53.28823,2022/01/01 00:00:00+00,Sat 01 Jan 2022,69,100,0,3689214,3637405,240975,3930189,3878380,81.9042083609547,80.8245210657705,312
-7.6926,53.28823,2022/07/30 23:00:00+00,Sun 31 Jul 2022,32,57,0,3854943,3808903,241031,4095974,4049934,85.3591285144437,84.3996658135562,313
-7.6926,53.28823,2022/04/05 23:00:00+00,Wed 06 Apr 2022,158,210,0,3840872,3784100,241014,4081886,4025114,85.0655379295153,83.8824228892289,314
-7.6926,53.28823,2021/02/16 00:00:00+00,Tue 16 Feb 2021,5659,8164,0,203052,115990,12,203064,116002,4.2318056883801,2.41745421868706,315
-7.6926,53.28823,2022/01/02 00:00:00+00,Sun 02 Jan 2022,271,629,0,3689485,3638034,240975,3930460,3879009,81.9098559368005,80.8376292768665,316
-7.6926,53.28823,2022/07/31 23:00:00+00,Mon 01 Aug 2022,9,15,0,3854952,3808918,241031,4095983,4049949,85.3593160723131,84.3999784100052,317
-7.6926,53.28823,2022/04/06 23:00:00+00,Thu 07 Apr 2022,117,178,0,3840989,3784278,241014,4082003,4025292,85.0679761818178,83.8861323670908,318
-7.6926,53.28823,2021/02/17 00:00:00+00,Wed 17 Feb 2021,9757,8465,0,212809,124455,12,212821,124467,4.43513925859208,2.59386281475597,319
-7.6926,53.28823,2022/01/03 00:00:00+00,Mon 03 Jan 2022,3632,728,1,3693117,3638762,240976,3934093,3879738,81.9855667967554,80.8528214642893,320
-7.6926,53.28823,2022/08/01 23:00:00+00,Tue 02 Aug 2022,36,28,0,3854988,3808946,241031,4096019,4049977,85.3600663037908,84.4005619233768,321
-7.6926,53.28823,2022/04/07 23:00:00+00,Fri 08 Apr 2022,256,422,2,3841245,3784700,241016,4082261,4025716,85.0733528407411,83.8949684267167,322
-7.6926,53.28823,2021/02/18 00:00:00+00,Thu 18 Feb 2021,8471,8358,1,221280,132813,13,221293,132826,4.61169373300387,2.76806239591841,323
-7.6926,53.28823,2022/01/04 00:00:00+00,Tue 04 Jan 2022,1187,783,1,3694304,3639545,240977,3935281,3880522,82.0103244355185,80.8691598386919,324
-7.6926,53.28823,2022/08/02 23:00:00+00,Wed 03 Aug 2022,93,139,0,3855081,3809085,241031,4096112,4050116,85.3620044017748,84.4034586504711,325
-7.6926,53.28823,2022/04/08 23:00:00+00,Sat 09 Apr 2022,558,1018,0,3841803,3785718,241016,4082819,4026734,85.084981428645,83.9161833057241,326
-7.6926,53.28823,2021/02/19 00:00:00+00,Fri 19 Feb 2021,9400,6589,1,230680,139402,14,230694,139416,4.80760834749222,2.90539643585865,327
-7.6926,53.28823,2022/01/05 00:00:00+00,Wed 05 Jan 2022,2139,911,0,3696443,3640456,240977,3937420,3881433,82.0549006891501,80.8881448630296,328
-7.6926,53.28823,2022/08/03 23:00:00+00,Thu 04 Aug 2022,45,52,0,3855126,3809137,241031,4096157,4050168,85.3629421911219,84.4045423181611,329
-7.6926,53.28823,2022/04/09 23:00:00+00,Sun 10 Apr 2022,413,719,0,3842216,3786437,241016,4083232,4027453,85.0935882508749,83.9311670955143,330
-7.6926,53.28823,2021/02/20 00:00:00+00,Sat 20 Feb 2021,5897,3574,2,236577,142976,16,236593,142992,4.93054211101384,2.97991942930725,331
-7.6926,53.28823,2022/01/06 00:00:00+00,Thu 06 Jan 2022,2456,1697,1,3698899,3642153,240978,3939877,3883131,82.1061039875011,80.9235307810597,332
-7.6926,53.28823,2022/08/04 23:00:00+00,Fri 05 Aug 2022,96,91,0,3855222,3809228,241031,4096253,4050259,85.3649428083957,84.4064387366185,333
-7.6926,53.28823,2022/04/10 23:00:00+00,Mon 11 Apr 2022,70,93,1,3842286,3786530,241017,4083303,4027547,85.095067874067,83.9331260332615,334
-7.6926,53.28823,2021/02/21 00:00:00+00,Sun 21 Feb 2021,1116,1025,6,237693,144001,22,237715,144023,4.95392432540123,3.0014052252372,335
-7.6926,53.28823,2022/01/07 00:00:00+00,Fri 07 Jan 2022,4854,782,2,3703753,3642935,240980,3944733,3883915,82.2073018779336,80.9398691554623,336
-7.6926,53.28823,2022/08/05 23:00:00+00,Sat 06 Aug 2022,74,130,0,3855296,3809358,241031,4096327,4050389,85.3664849508775,84.4091479058435,337
-7.6926,53.28823,2022/08/06 23:00:00+00,Sun 07 Aug 2022,28,80,0,3855324,3809438,241031,4096355,4050469,85.3670684642491,84.4108150869049,338
-7.6926,53.28823,2022/08/07 23:00:00+00,Mon 08 Aug 2022,11,15,0,3855335,3809453,241031,4096366,4050484,85.367297701645,84.411127683354,339
-7.6926,53.28823,2022/08/08 23:00:00+00,Tue 09 Aug 2022,47,42,0,3855382,3809495,241031,4096413,4050526,85.3682771705187,84.4120029534112,340
-7.6926,53.28823,2022/08/09 23:00:00+00,Wed 10 Aug 2022,55,94,0,3855437,3809589,241031,4096468,4050620,85.3694233574984,84.4139618911585,341
-7.6926,53.28823,2022/08/10 23:00:00+00,Thu 11 Aug 2022,45,39,0,3855482,3809628,241031,4096513,4050659,85.3703611468455,84.414774641926,342
-7.6926,53.28823,2022/08/11 23:00:00+00,Fri 12 Aug 2022,70,75,0,3855552,3809703,241031,4096583,4050734,85.3718199302743,84.4163376241711,343
-7.6926,53.28823,2022/08/12 23:00:00+00,Sat 13 Aug 2022,103,151,0,3855655,3809854,241031,4096686,4050885,85.373966425891,84.4194844284247,344
-7.6926,53.28823,2022/08/13 23:00:00+00,Sun 14 Aug 2022,17,26,0,3855672,3809880,241031,4096703,4050911,85.3743207018666,84.4200262622697,345
-7.6926,53.28823,2022/08/14 23:00:00+00,Mon 15 Aug 2022,7,11,0,3855679,3809891,241031,4096710,4050922,85.3744665802094,84.4202554996656,346
-7.6926,53.28823,2022/08/15 23:00:00+00,Tue 16 Aug 2022,41,28,0,3855720,3809919,241031,4096751,4050950,85.3753210105034,84.4208390130372,347
-7.6926,53.28823,2022/08/16 23:00:00+00,Wed 17 Aug 2022,51,58,0,3855771,3809977,241031,4096802,4051008,85.3763838384301,84.4220477193067,348
-7.6926,53.28823,2022/08/17 23:00:00+00,Thu 18 Aug 2022,55,39,0,3855826,3810016,241031,4096857,4051047,85.3775300254099,84.4228604700742,349
-7.6926,53.28823,2022/08/18 23:00:00+00,Fri 19 Aug 2022,72,56,0,3855898,3810072,241031,4096929,4051103,85.3790304883653,84.4240274968172,350
-7.6926,53.28823,2022/08/19 23:00:00+00,Sat 20 Aug 2022,108,127,0,3856006,3810199,241031,4097037,4051230,85.3812811827983,84.4266741467524,351
-7.6926,53.28823,2022/08/20 23:00:00+00,Sun 21 Aug 2022,39,36,0,3856045,3810235,241031,4097076,4051266,85.3820939335658,84.42742437823,352
-7.6926,53.28823,2022/08/21 23:00:00+00,Mon 22 Aug 2022,12,13,0,3856057,3810248,241031,4097088,4051279,85.382344010725,84.4276952951525,353
-7.6926,53.28823,2022/08/22 23:00:00+00,Tue 23 Aug 2022,77,72,0,3856134,3810320,241031,4097165,4051351,85.3839486724967,84.4291957581079,354
-7.6926,53.28823,2022/08/23 23:00:00+00,Wed 24 Aug 2022,53,55,0,3856187,3810375,241031,4097218,4051406,85.3850531799499,84.4303419450876,355
-7.6926,53.28823,2022/08/24 23:00:00+00,Thu 25 Aug 2022,40,49,0,3856227,3810424,241031,4097258,4051455,85.3858867704807,84.4313630934878,356
-7.6926,53.28823,2022/08/25 23:00:00+00,Fri 26 Aug 2022,98,89,0,3856325,3810513,241031,4097356,4051544,85.387929067281,84.4332178324187,357
-7.6926,53.28823,2022/08/26 23:00:00+00,Sat 27 Aug 2022,86,119,0,3856411,3810632,241031,4097442,4051663,85.3897212869221,84.4356977642477,358
-7.6926,53.28823,2022/08/27 23:00:00+00,Sun 28 Aug 2022,44,20,0,3856455,3810652,241031,4097486,4051683,85.3906382365059,84.4361145595131,359
-7.6926,53.28823,2022/08/28 23:00:00+00,Mon 29 Aug 2022,13,12,0,3856468,3810664,241031,4097499,4051695,85.3909091534284,84.4363646366723,360
-7.6926,53.28823,2022/08/29 23:00:00+00,Tue 30 Aug 2022,41,44,0,3856509,3810708,241031,4097540,4051739,85.3917635837224,84.4372815862561,361
-7.6926,53.28823,2022/08/30 23:00:00+00,Wed 31 Aug 2022,28,30,0,3856537,3810738,241031,4097568,4051769,85.3923470970939,84.4379067791541,362
-7.6926,53.28823,2022/08/31 23:00:00+00,Thu 01 Sep 2022,32,29,0,3856569,3810767,241031,4097600,4051798,85.3930139695185,84.4385111322889,363
-7.6926,53.28823,2022/09/01 23:00:00+00,Fri 02 Sep 2022,47,51,0,3856616,3810818,241031,4097647,4051849,85.3939934383921,84.4395739602156,364
-7.6926,53.28823,2022/09/02 23:00:00+00,Sat 03 Sep 2022,73,101,0,3856689,3810919,241031,4097720,4051950,85.3955147411107,84.4416787763058,365
-7.6926,53.28823,2022/09/03 23:00:00+00,Sun 04 Sep 2022,58,82,0,3856747,3811001,241031,4097778,4052032,85.3967234473803,84.4433876368938,366
-7.6926,53.28823,2022/09/04 23:00:00+00,Mon 05 Sep 2022,9,5,0,3856756,3811006,241031,4097787,4052037,85.3969110052497,84.4434918357101,367
-7.6926,53.28823,2022/09/05 23:00:00+00,Tue 06 Sep 2022,42,22,0,3856798,3811028,241031,4097829,4052059,85.397786275307,84.4439503105021,368
-7.6926,53.28823,2022/09/06 23:00:00+00,Wed 07 Sep 2022,49,42,0,3856847,3811070,241031,4097878,4052101,85.3988074237072,84.4448255805593,369
-7.6926,53.28823,2022/09/07 23:00:00+00,Thu 08 Sep 2022,39,49,2,3856886,3811119,241033,4097919,4052152,85.3996618540012,84.445888408486,370
-7.6926,53.28823,2022/09/08 23:00:00+00,Fri 09 Sep 2022,64,61,0,3856950,3811180,241033,4097983,4052213,85.4009955988504,84.4471596340454,371
-7.6926,53.28823,2022/09/09 23:00:00+00,Sat 10 Sep 2022,94,135,0,3857044,3811315,241033,4098077,4052348,85.4029545365976,84.4499730020867,372
-7.6926,53.28823,2022/09/10 23:00:00+00,Sun 11 Sep 2022,58,58,0,3857102,3811373,241033,4098135,4052406,85.4041632428672,84.4511817083563,373
-7.6926,53.28823,2022/09/11 23:00:00+00,Mon 12 Sep 2022,13,13,0,3857115,3811386,241033,4098148,4052419,85.4044341597897,84.4514526252788,374
-7.6926,53.28823,2022/09/12 23:00:00+00,Tue 13 Sep 2022,28,25,0,3857143,3811411,241033,4098176,4052444,85.4050176731612,84.4519736193605,375
-7.6926,53.28823,2022/09/13 23:00:00+00,Wed 14 Sep 2022,36,33,0,3857179,3811444,241033,4098212,4052477,85.4057679046389,84.4526613315483,376
-7.6926,53.28823,2022/09/14 23:00:00+00,Thu 15 Sep 2022,50,35,0,3857229,3811479,241033,4098262,4052512,85.4068098928023,84.4533907232627,377
-7.6926,53.28823,2022/09/15 23:00:00+00,Fri 16 Sep 2022,38,56,0,3857267,3811535,241033,4098300,4052568,85.4076018038066,84.4545577500058,378
-7.6926,53.28823,2022/09/16 23:00:00+00,Sat 17 Sep 2022,67,149,0,3857334,3811684,241033,4098367,4052717,85.4089980679455,84.4576628747328,379
-7.6926,53.28823,2022/09/17 23:00:00+00,Sun 18 Sep 2022,30,53,0,3857364,3811737,241033,4098397,4052770,85.4096232608436,84.4587673821861,380
-7.6926,53.28823,2022/09/18 23:00:00+00,Mon 19 Sep 2022,11,11,0,3857375,3811748,241033,4098408,4052781,85.4098524982396,84.458996619582,381
-7.6926,53.28823,2022/09/19 23:00:00+00,Tue 20 Sep 2022,39,37,0,3857414,3811785,241033,4098447,4052818,85.410665249007,84.4597676908229,382
-7.6926,53.28823,2022/09/20 23:00:00+00,Wed 21 Sep 2022,41,32,0,3857455,3811817,241033,4098488,4052850,85.4115196793011,84.4604345632475,383
-7.6926,53.28823,2022/09/21 23:00:00+00,Thu 22 Sep 2022,62,34,0,3857517,3811851,241033,4098550,4052884,85.4128117446237,84.4611431151987,384
-7.6926,53.28823,2022/09/22 23:00:00+00,Fri 23 Sep 2022,38,39,0,3857555,3811890,241033,4098588,4052923,85.4136036556279,84.4619558659661,385
-7.6926,53.28823,2022/09/23 23:00:00+00,Sat 24 Sep 2022,56,104,0,3857611,3811994,241033,4098644,4053027,85.414770682371,84.4641232013461,386
-7.6926,53.28823,2022/09/24 23:00:00+00,Sun 25 Sep 2022,42,74,0,3857653,3812068,241033,4098686,4053101,85.4156459524282,84.465665343828,387
-7.6926,53.28823,2022/09/25 23:00:00+00,Mon 26 Sep 2022,23,10,0,3857676,3812078,241033,4098709,4053111,85.4161252669834,84.4658737414607,388
-7.6926,53.28823,2022/09/26 23:00:00+00,Tue 27 Sep 2022,30,33,2,3857706,3812111,241035,4098741,4053146,85.416792139408,84.466603133175,389
-7.6926,53.28823,2022/09/27 23:00:00+00,Wed 28 Sep 2022,43,27,0,3857749,3812138,241035,4098784,4053173,85.4176882492286,84.4671658067833,390
-7.6926,53.28823,2022/09/28 23:00:00+00,Thu 29 Sep 2022,30,23,0,3857779,3812161,241035,4098814,4053196,85.4183134421266,84.4676451213385,391
-7.6926,53.28823,2022/09/29 23:00:00+00,Fri 30 Sep 2022,39,58,0,3857818,3812219,241035,4098853,4053254,85.4191261928941,84.4688538276081,392
-7.6926,53.28823,2022/09/30 23:00:00+00,Sat 01 Oct 2022,51,105,0,3857869,3812324,241035,4098904,4053359,85.4201890208208,84.4710420027513,393
-7.6926,53.28823,2022/10/01 23:00:00+00,Sun 02 Oct 2022,26,47,0,3857895,3812371,241035,4098930,4053406,85.4207308546658,84.4720214716249,394
-7.6926,53.28823,2022/10/02 23:00:00+00,Mon 03 Oct 2022,24,1,0,3857919,3812372,241035,4098954,4053407,85.4212310089842,84.4720423113882,395
-7.6926,53.28823,2022/10/03 23:00:00+00,Tue 04 Oct 2022,31,17,0,3857950,3812389,241035,4098985,4053424,85.4218770416456,84.4723965873637,396
-7.6926,53.28823,2022/10/04 23:00:00+00,Wed 05 Oct 2022,49,37,0,3857999,3812426,241035,4099034,4053461,85.4228981900457,84.4731676586047,397
-7.6926,53.28823,2022/10/05 23:00:00+00,Thu 06 Oct 2022,58,25,0,3858057,3812451,241035,4099092,4053486,85.4241068963153,84.4736886526864,398
-7.6926,53.28823,2022/10/06 23:00:00+00,Fri 07 Oct 2022,82,39,0,3858139,3812490,241035,4099174,4053525,85.4258157569033,84.4745014034539,399
-7.6926,53.28823,2022/10/07 23:00:00+00,Sat 08 Oct 2022,101,101,0,3858240,3812591,241035,4099275,4053626,85.4279205729935,84.476606219544,400
-7.6926,53.28823,2022/10/08 23:00:00+00,Sun 09 Oct 2022,37,28,0,3858277,3812619,241035,4099312,4053654,85.4286916442344,84.4771897329155,401
-7.6926,53.28823,2022/10/09 23:00:00+00,Mon 10 Oct 2022,19,2,0,3858296,3812621,241035,4099331,4053656,85.4290875997365,84.477231412442,402
-7.6926,53.28823,2022/10/10 23:00:00+00,Tue 11 Oct 2022,80,14,0,3858376,3812635,241035,4099411,4053670,85.430754780798,84.4775231691278,403
-7.6926,53.28823,2022/10/11 23:00:00+00,Wed 12 Oct 2022,58,36,0,3858434,3812671,241035,4099469,4053706,85.4319634870676,84.4782734006055,404
-7.6926,53.28823,2022/10/12 23:00:00+00,Thu 13 Oct 2022,79,29,0,3858513,3812700,241035,4099548,4053735,85.4336098283658,84.4788777537403,405
-7.6926,53.28823,2022/10/13 23:00:00+00,Fri 14 Oct 2022,131,21,0,3858644,3812721,241035,4099679,4053756,85.436339837354,84.4793153887689,406
-7.6926,53.28823,2022/10/14 23:00:00+00,Sat 15 Oct 2022,91,120,0,3858735,3812841,241035,4099770,4053876,85.4382362558114,84.4818161603611,407
-7.6926,53.28823,2022/10/15 23:00:00+00,Sun 16 Oct 2022,26,37,1,3858761,3812878,241036,4099797,4053914,85.4387989294197,84.4826080713653,408
-7.6926,53.28823,2022/10/16 23:00:00+00,Mon 17 Oct 2022,68,3,1,3858829,3812881,241037,4099866,4053918,85.4402368730852,84.4826914304184,409
-7.6926,53.28823,2022/10/17 23:00:00+00,Tue 18 Oct 2022,127,17,0,3858956,3812898,241037,4099993,4053935,85.4428835230203,84.483045706394,410
-7.6926,53.28823,2022/10/18 23:00:00+00,Wed 19 Oct 2022,97,40,0,3859053,3812938,241037,4100090,4053975,85.4449049800574,84.4838792969247,411
-7.6926,53.28823,2022/10/19 23:00:00+00,Thu 20 Oct 2022,122,9,0,3859175,3812947,241037,4100212,4053984,85.4474474311762,84.4840668547942,412
-7.6926,53.28823,2022/10/20 23:00:00+00,Fri 21 Oct 2022,137,17,0,3859312,3812964,241037,4100349,4054001,85.450302478744,84.4844211307697,413
-7.6926,53.28823,2022/10/21 23:00:00+00,Sat 22 Oct 2022,101,56,0,3859413,3813020,241037,4100450,4054057,85.4524072948341,84.4855881575128,414
-7.6926,53.28823,2022/10/22 23:00:00+00,Sun 23 Oct 2022,81,46,0,3859494,3813066,241037,4100531,4054103,85.4540953156588,84.4865467866231,415
-7.6926,53.28823,2022/10/23 23:00:00+00,Mon 24 Oct 2022,83,4,0,3859577,3813070,241037,4100614,4054107,85.4558250160102,84.4866301456762,416
-7.6926,53.28823,2022/10/24 23:00:00+00,Tue 25 Oct 2022,72,26,0,3859649,3813096,241037,4100686,4054133,85.4573254789655,84.4871719795212,417
-7.6926,53.28823,2022/10/25 23:00:00+00,Wed 26 Oct 2022,46,25,0,3859695,3813121,241037,4100732,4054158,85.4582841080758,84.4876929736029,418
-7.6926,53.28823,2022/10/26 23:00:00+00,Thu 27 Oct 2022,64,34,0,3859759,3813155,241037,4100796,4054192,85.459617852925,84.488401525554,419
-7.6926,53.28823,2022/10/27 23:00:00+00,Fri 28 Oct 2022,59,19,0,3859818,3813174,241037,4100855,4054211,85.4608473989579,84.4887974810561,420
-7.6926,53.28823,2022/10/28 23:00:00+00,Sat 29 Oct 2022,90,61,0,3859908,3813235,241037,4100945,4054272,85.4627229776521,84.4900687066155,421
-7.6926,53.28823,2022/10/29 23:00:00+00,Sun 30 Oct 2022,11,5,0,3859919,3813240,241037,4100956,4054277,85.462952215048,84.4901729054319,422
-7.6926,53.28823,2022/10/31 00:00:00+00,Mon 31 Oct 2022,1,1,0,3859920,3813241,241037,4100957,4054278,85.4629730548113,84.4901937451951,423
-7.6926,53.28823,2022/11/01 00:00:00+00,Tue 01 Nov 2022,98,25,0,3860018,3813266,241037,4101055,4054303,85.4650153516116,84.4907147392769,424
-7.6926,53.28823,2022/11/02 00:00:00+00,Wed 02 Nov 2022,125,11,0,3860143,3813277,241037,4101180,4054314,85.4676203220202,84.4909439766728,425
-7.6926,53.28823,2022/11/03 00:00:00+00,Thu 03 Nov 2022,92,28,0,3860235,3813305,241037,4101272,4054342,85.4695375802409,84.4915274900443,426
-7.6926,53.28823,2022/11/04 00:00:00+00,Fri 04 Nov 2022,62,20,0,3860297,3813325,241037,4101334,4054362,85.4708296455636,84.4919442853097,427
-7.6926,53.28823,2022/11/05 00:00:00+00,Sat 05 Nov 2022,48,52,0,3860345,3813377,241037,4101382,4054414,85.4718299542004,84.4930279529997,428
-7.6926,53.28823,2022/11/06 00:00:00+00,Sun 06 Nov 2022,57,75,0,3860402,3813452,241037,4101439,4054489,85.4730178207068,84.4945909352448,429
-7.6926,53.28823,2022/11/07 00:00:00+00,Mon 07 Nov 2022,53,4,0,3860455,3813456,241037,4101492,4054493,85.47412232816,84.4946742942979,430
-7.6926,53.28823,2022/11/08 00:00:00+00,Tue 08 Nov 2022,79,27,0,3860534,3813483,241037,4101571,4054520,85.4757686694582,84.4952369679061,431
-7.6926,53.28823,2022/11/09 00:00:00+00,Wed 09 Nov 2022,91,32,0,3860625,3813515,241037,4101662,4054552,85.4776650879157,84.4959038403307,432
-7.6926,53.28823,2022/11/10 00:00:00+00,Thu 10 Nov 2022,39,13,0,3860664,3813528,241037,4101701,4054565,85.4784778386831,84.4961747572532,433
-7.6926,53.28823,2022/11/11 00:00:00+00,Fri 11 Nov 2022,45,16,0,3860709,3813544,241037,4101746,4054581,85.4794156280302,84.4965081934655,434
-7.6926,53.28823,2022/11/12 00:00:00+00,Sat 12 Nov 2022,78,83,0,3860787,3813627,241037,4101824,4054664,85.4810411295652,84.4982378938168,435
-7.6926,53.28823,2022/11/13 00:00:00+00,Sun 13 Nov 2022,45,58,0,3860832,3813685,241037,4101869,4054722,85.4819789189123,84.4994466000864,436
-7.6926,53.28823,2022/11/14 00:00:00+00,Mon 14 Nov 2022,16,1,0,3860848,3813686,241037,4101885,4054723,85.4823123551246,84.4994674398497,437
-7.6926,53.28823,2022/01/08 00:00:00+00,Sat 08 Jan 2022,9789,744,2,3713542,3643679,240982,3954524,3884661,82.4113440000967,80.9554156188607,438
-7.6926,53.28823,2022/04/11 23:00:00+00,Tue 12 Apr 2022,197,178,0,3842483,3786708,241017,4083500,4027725,85.0991733074309,83.9368355111233,439
-7.6926,53.28823,2021/02/22 00:00:00+00,Mon 22 Feb 2021,3953,1123,2,241646,145124,24,241670,145148,5.03634558912865,3.02484995891441,440
-7.6926,53.28823,2022/01/09 00:00:00+00,Sun 09 Jan 2022,7116,667,0,3720658,3644346,240982,3961640,3885328,82.5596397555162,80.9693157409609,441
-7.6926,53.28823,2021/02/23 00:00:00+00,Tue 23 Feb 2021,13369,1073,1,255015,146197,25,255040,146222,5.31497322403016,3.04723186466491,442
-7.6926,53.28823,2022/01/10 00:00:00+00,Mon 10 Jan 2022,6663,508,1,3727321,3644854,240983,3968304,3885837,82.6985159379384,80.9799231804646,443
-7.6926,53.28823,2021/02/24 00:00:00+00,Wed 24 Feb 2021,16949,2108,5,271964,148305,30,271994,148335,5.66829057048644,3.09126628445152,444
-7.6926,53.28823,2022/04/12 23:00:00+00,Wed 13 Apr 2022,142,235,0,3842625,3786943,241017,4083642,4027960,85.102132553815,83.9417328554915,445
-7.6926,53.28823,2022/01/11 00:00:00+00,Tue 11 Jan 2022,4781,1368,1,3732102,3646222,240984,3973086,3887206,82.7981716858889,81.0084528163794,446
-7.6926,53.28823,2021/02/25 00:00:00+00,Thu 25 Feb 2021,18106,1763,3,290070,150068,33,290103,150101,6.04567784351797,3.12806930638391,447
-7.6926,53.28823,2022/04/13 23:00:00+00,Thu 14 Apr 2022,359,431,0,3842984,3787374,241017,4084001,4028391,85.1096140288285,83.9507147934602,448
-7.6926,53.28823,2022/01/12 00:00:00+00,Wed 12 Jan 2022,7558,927,1,3739660,3647149,240985,3980645,3888134,82.9556994564364,81.0277921166927,449
-7.6926,53.28823,2021/02/26 00:00:00+00,Fri 26 Feb 2021,16088,2773,0,306158,152841,33,306191,152874,6.38094795498361,3.18585796992781,450
-7.6926,53.28823,2022/04/14 23:00:00+00,Fri 15 Apr 2022,446,990,0,3843430,3788364,241017,4084447,4029381,85.1189085632463,83.9713461590962,451
-7.6926,53.28823,2022/01/13 00:00:00+00,Thu 13 Jan 2022,7321,816,0,3746981,3647965,240985,3987966,3888950,83.1082673633261,81.0447973635199,452
-7.6926,53.28823,2021/02/27 00:00:00+00,Sat 27 Feb 2021,9007,706,1,315165,153547,34,315199,153581,6.56867254250739,3.20059168255872,453
-7.6926,53.28823,2022/04/15 23:00:00+00,Sat 16 Apr 2022,43,88,0,3843473,3788452,241017,4084490,4029469,85.1198046730668,83.9731800582638,454
-7.6926,53.28823,2022/01/14 00:00:00+00,Fri 14 Jan 2022,10723,835,0,3757704,3648800,240985,3998689,3889785,83.3317321448555,81.0621985658492,455
-7.6926,53.28823,2021/02/28 00:00:00+00,Sun 28 Feb 2021,2451,59,2,317616,153606,36,317652,153642,6.61979248180532,3.20186290811811,456
-7.6926,53.28823,2022/04/16 23:00:00+00,Sun 17 Apr 2022,1,1,0,3843474,3788453,241017,4084491,4029470,85.1198255128301,83.9732008980271,457
-7.6926,53.28823,2022/01/15 00:00:00+00,Sat 15 Jan 2022,8363,652,2,3766067,3649452,240987,4007054,3890439,83.5060567645976,81.0758277710269,458
-7.6926,53.28823,2021/03/01 00:00:00+00,Mon 01 Mar 2021,5613,803,0,323229,154409,36,323265,154445,6.73676607303212,3.21859723802281,459
-7.6926,53.28823,2022/04/17 23:00:00+00,Mon 18 Apr 2022,36,62,1,3843510,3788515,241018,4084528,4029533,85.120596584071,83.974513803113,460
-7.6926,53.28823,2022/01/16 00:00:00+00,Sun 16 Jan 2022,6965,1215,1,3773032,3650667,240988,4014020,3891655,83.6512265555268,81.1011689231615,461
-7.6926,53.28823,2021/03/02 00:00:00+00,Tue 02 Mar 2021,12197,1615,0,335426,156024,36,335462,156060,6.99094866561954,3.25225345570164,462
-7.6926,53.28823,2022/04/18 23:00:00+00,Tue 19 Apr 2022,218,270,1,3843728,3788785,241019,4084747,4029804,85.1251604922269,83.9801613789588,463
-7.6926,53.28823,2022/01/17 00:00:00+00,Mon 17 Jan 2022,2562,561,0,3775594,3651228,240988,4016582,3892216,83.704618029021,81.1128600303552,464
-7.6926,53.28823,2021/03/03 00:00:00+00,Wed 03 Mar 2021,12917,1510,1,348343,157534,37,348380,157571,7.26015672752364,3.28374233800054,465
-7.6926,53.28823,2022/04/19 23:00:00+00,Wed 20 Apr 2022,250,607,0,3843978,3789392,241019,4084997,4030411,85.130370433044,83.9928111152629,466
-7.6926,53.28823,2022/01/18 00:00:00+00,Tue 18 Jan 2022,4056,452,3,3779650,3651680,240991,4020641,3892671,83.7892066281284,81.1223421226424,467
-7.6926,53.28823,2021/03/04 00:00:00+00,Thu 04 Mar 2021,18733,1697,5,367076,159231,42,367118,159273,7.65065221165114,3.31921161508374,468
-7.6926,53.28823,2022/04/20 23:00:00+00,Thu 21 Apr 2022,170,236,0,3844148,3789628,241019,4085167,4030647,85.1339131927997,83.9977292993943,469
-7.6926,53.28823,2022/01/19 00:00:00+00,Wed 19 Jan 2022,3486,622,0,3783136,3652302,240991,4024127,3893293,83.8618540428828,81.1353044553955,470
-7.6926,53.28823,2021/03/05 00:00:00+00,Fri 05 Mar 2021,18461,2403,6,385537,161634,48,385585,161682,8.03550011993284,3.36941460479786,471
-7.6926,53.28823,2022/04/21 23:00:00+00,Fri 22 Apr 2022,194,254,0,3844342,3789882,241019,4085361,4030901,85.1379561068738,84.0030225992645,472
-7.6926,53.28823,2022/01/20 00:00:00+00,Thu 20 Jan 2022,3698,938,0,3786834,3653240,240991,4027825,3894231,83.9389194874502,81.1548521533415,473
-7.6926,53.28823,2021/03/06 00:00:00+00,Sat 06 Mar 2021,10410,149,5,395947,161783,53,396000,161836,8.25254625437557,3.37262392834122,474
-7.6926,53.28823,2022/04/22 23:00:00+00,Sat 23 Apr 2022,322,1010,0,3844664,3790892,241019,4085683,4031911,85.1446665106463,84.0240707601658,475
-7.6926,53.28823,2022/01/21 00:00:00+00,Fri 21 Jan 2022,3252,977,0,3790086,3654217,240991,4031077,3895208,84.0066903975998,81.1752126020549,476
-7.6926,53.28823,2021/03/07 00:00:00+00,Sun 07 Mar 2021,1534,14,3,397481,161797,56,397537,161853,8.28457697051945,3.37297820431679,477
-7.6926,53.28823,2022/04/23 23:00:00+00,Sun 24 Apr 2022,181,252,0,3844845,3791144,241019,4085864,4032163,85.1484385077979,84.0293223805095,478
-7.6926,53.28823,2022/01/22 00:00:00+00,Sat 22 Jan 2022,4271,644,0,3794357,3654861,240991,4035348,3895852,84.0956970265201,81.1886334095999,479
-7.6926,53.28823,2021/03/08 00:00:00+00,Mon 08 Mar 2021,6681,1506,5,404162,163303,61,404223,163364,8.42391162773347,3.40446708661568,480
-7.6926,53.28823,2021/03/09 00:00:00+00,Tue 09 Mar 2021,13851,3111,6,418013,166414,67,418080,166481,8.71268822734681,3.46942462872399,481
-7.6926,53.28823,2021/03/10 00:00:00+00,Wed 10 Mar 2021,13752,3997,3,431765,170411,70,431835,170481,8.99933917110675,3.55278368179849,482
-7.6926,53.28823,2021/03/11 00:00:00+00,Thu 11 Mar 2021,18501,2107,3,450266,172518,73,450339,172591,9.38495815062939,3.59675558229529,483
-7.6926,53.28823,2021/03/12 00:00:00+00,Fri 12 Mar 2021,17343,1348,4,467609,173866,77,467686,173943,9.74646552405023,3.62493094223447,484
-7.6926,53.28823,2021/03/13 00:00:00+00,Sat 13 Mar 2021,8326,178,0,475935,174044,77,476012,174121,9.91997739302481,3.62864042009628,485
-7.6926,53.28823,2021/03/14 00:00:00+00,Sun 14 Mar 2021,392,23,2,476327,174067,79,476406,174146,9.92818825975264,3.629161414178,486
-7.6926,53.28823,2021/03/15 00:00:00+00,Mon 15 Mar 2021,2671,1000,0,478998,175067,79,479077,175146,9.98385126744314,3.65000117744662,487
-7.6926,53.28823,2021/03/16 00:00:00+00,Tue 16 Mar 2021,8964,3828,2,487962,178895,81,488043,178976,10.1707005849096,3.72981747076546,488
-7.6926,53.28823,2021/03/17 00:00:00+00,Wed 17 Mar 2021,4895,2425,7,492857,181320,88,492945,181408,10.2728571044524,3.78049977503476,489
-7.6926,53.28823,2021/03/18 00:00:00+00,Thu 18 Mar 2021,11741,4688,5,504598,186008,93,504691,186101,10.5176409638057,3.87830078405441,490
-7.6926,53.28823,2021/03/19 00:00:00+00,Fri 19 Mar 2021,10389,6139,2,514987,192147,95,515082,192242,10.73418694393,4.00627777028704,491
-7.6926,53.28823,2021/03/20 00:00:00+00,Sat 20 Mar 2021,5258,3126,4,520245,195273,99,520344,195372,10.8438457782495,4.07150622931784,492
-7.6926,53.28823,2021/03/21 00:00:00+00,Sun 21 Mar 2021,3652,58,3,523897,195331,102,523999,195433,10.9200151129963,4.07277745487722,493
-7.6926,53.28823,2021/03/22 00:00:00+00,Mon 22 Mar 2021,7427,2416,1,531324,197747,103,531427,197850,11.0748128745557,4.12314716269749,494
-7.6926,53.28823,2021/03/23 00:00:00+00,Tue 23 Mar 2021,12573,7404,4,543897,205151,107,544004,205258,11.3369145771852,4.27752812899147,495
-7.6926,53.28823,2021/03/24 00:00:00+00,Wed 24 Mar 2021,13641,9784,2,557538,214935,109,557647,215044,11.621231467459,4.48146605233823,496
-7.6926,53.28823,2021/03/25 00:00:00+00,Thu 25 Mar 2021,20881,10228,3,578419,225163,112,578531,225275,12.056449083561,4.69467767033954,497
-7.6926,53.28823,2021/03/26 00:00:00+00,Fri 26 Mar 2021,19710,9506,1,598129,234669,113,598242,234782,12.4672216573489,4.89280129973436,498
-7.6926,53.28823,2021/03/27 00:00:00+00,Sat 27 Mar 2021,11764,5362,3,609893,240031,116,610009,240147,12.7124431517308,5.00460662967053,499
-7.6926,53.28823,2021/03/28 00:00:00+00,Sun 28 Mar 2021,2495,488,0,612388,240519,116,612504,240635,12.764438361086,5.01477643414562,500
-7.6926,53.28823,2021/03/28 23:00:00+00,Mon 29 Mar 2021,9287,3128,3,621675,243647,119,621794,243766,12.9580397618515,5.08002573293968,501
-7.6926,53.28823,2021/03/29 23:00:00+00,Tue 30 Mar 2021,13344,8676,4,635019,252323,123,635142,252446,13.2362089219611,5.26091487811135,502
-7.6926,53.28823,2021/03/30 23:00:00+00,Wed 31 Mar 2021,15843,10506,4,650862,262829,127,650989,262956,13.566456650479,5.4799407900646,503
-7.6926,53.28823,2021/03/31 23:00:00+00,Thu 01 Apr 2021,19714,11583,9,670576,274412,136,670712,274548,13.9774793014261,5.7215153258745,504
-7.6926,53.28823,2021/04/01 23:00:00+00,Fri 02 Apr 2021,20161,13727,9,690737,288139,145,690882,288284,14.3978173265543,6.00777031413234,505
-7.6926,53.28823,2021/04/02 23:00:00+00,Sat 03 Apr 2021,7553,4638,7,698290,292777,152,698442,292929,14.5553659368651,6.1045710145151,506
-7.6926,53.28823,2021/04/03 23:00:00+00,Sun 04 Apr 2021,3046,172,3,701336,292949,155,701491,293104,14.6189063750711,6.10821797308711,507
-7.6926,53.28823,2021/04/04 23:00:00+00,Mon 05 Apr 2021,3445,613,5,704781,293562,160,704941,293722,14.6908035583479,6.12109694678712,508
-7.6926,53.28823,2021/04/05 23:00:00+00,Tue 06 Apr 2021,12007,8157,12,716788,301719,172,716960,301891,14.9412766730735,6.29133697292852,509
-7.6926,53.28823,2021/04/06 23:00:00+00,Wed 07 Apr 2021,18375,10489,12,735163,312208,184,735347,312392,15.3244574002937,6.51017532701235,510
-7.6926,53.28823,2021/04/07 23:00:00+00,Thu 08 Apr 2021,20198,10570,17,755361,322778,201,755562,322979,15.745733214769,6.73080590073729,511
-7.6926,53.28823,2021/04/08 23:00:00+00,Fri 09 Apr 2021,20682,9166,16,776043,331944,217,776260,332161,16.177074634903,6.92215660706981,512
-7.6926,53.28823,2021/04/09 23:00:00+00,Sat 10 Apr 2021,11186,4183,12,787229,336127,229,787458,336356,16.410438303985,7.00957941398169,513
-7.6926,53.28823,2021/04/10 23:00:00+00,Sun 11 Apr 2021,2869,367,9,790098,336494,238,790336,336732,16.4704151426721,7.01741516497069,514
-7.6926,53.28823,2021/04/11 23:00:00+00,Mon 12 Apr 2021,7787,2803,13,797885,339297,251,798136,339548,16.6329652961674,7.07609993833514,515
-7.6926,53.28823,2021/04/12 23:00:00+00,Tue 13 Apr 2021,11527,8593,1,809412,347890,252,809664,348142,16.8732060871281,7.2551968638657,516
-7.6926,53.28823,2021/04/13 23:00:00+00,Wed 14 Apr 2021,20352,6596,2,829764,354486,254,830018,354740,17.2973786286977,7.39269762191209,517
-7.6926,53.28823,2021/04/14 23:00:00+00,Thu 15 Apr 2021,27112,10818,1,856876,365304,255,857131,365559,17.8624071302,7.61816302071535,518
-7.6926,53.28823,2021/04/15 23:00:00+00,Fri 16 Apr 2021,27967,9841,1,884843,375145,256,885099,375401,18.4452536292969,7.82326797080516,519
-7.6926,53.28823,2021/04/16 23:00:00+00,Sat 17 Apr 2021,15855,4562,3,900698,379707,259,900957,379966,18.7757305952107,7.91840149012643,520
-7.6926,53.28823,2021/04/17 23:00:00+00,Sun 18 Apr 2021,1077,486,0,901775,380193,259,902034,380452,18.798175020251,7.92852961507498,521
-7.6926,53.28823,2021/04/18 23:00:00+00,Mon 19 Apr 2021,6756,2264,0,908531,382457,259,908790,382716,18.9389684608939,7.97571083911515,522
-7.6926,53.28823,2021/04/19 23:00:00+00,Tue 20 Apr 2021,15097,7323,1,923628,389780,260,923888,390040,19.2536072067236,8.12834126529456,523
-7.6926,53.28823,2021/04/20 23:00:00+00,Wed 21 Apr 2021,26736,9896,4,950364,399676,264,950628,399940,19.8108624765266,8.33465492165395,524
-7.6926,53.28823,2022/01/23 00:00:00+00,Sun 23 Jan 2022,3092,680,0,3797449,3655541,240991,4038440,3896532,84.1601335745466,81.2028044486226,525
-7.6926,53.28823,2022/01/24 00:00:00+00,Mon 24 Jan 2022,646,466,0,3798095,3656007,240991,4039086,3896998,84.1735960616182,81.2125157783058,526
-7.6926,53.28823,2022/01/25 00:00:00+00,Tue 25 Jan 2022,692,1836,0,3798787,3657843,240991,4039778,3898834,84.1880171778001,81.250777583667,527
-7.6926,53.28823,2022/01/26 00:00:00+00,Wed 26 Jan 2022,700,897,0,3799487,3658740,240991,4040478,3899731,84.2026050120881,81.2694708513189,528
-7.6926,53.28823,2022/01/27 00:00:00+00,Thu 27 Jan 2022,1274,1178,0,3800761,3659918,240991,4041752,3900909,84.2291548704923,81.2940200924494,529
-7.6926,53.28823,2022/01/28 00:00:00+00,Fri 28 Jan 2022,1028,3094,1,3801789,3663012,240992,4042781,3904004,84.2505989868958,81.3585191597657,530
-7.6926,53.28823,2022/01/29 00:00:00+00,Sat 29 Jan 2022,2328,3445,0,3804117,3666457,240992,4045109,3907449,84.2991139557851,81.4303121442262,531
-7.6926,53.28823,2022/01/30 00:00:00+00,Sun 30 Jan 2022,1639,7536,0,3805756,3673993,240992,4046748,3914985,84.3332703277824,81.5873606002185,532
-7.6926,53.28823,2022/01/31 00:00:00+00,Mon 31 Jan 2022,481,1394,0,3806237,3675387,240992,4047229,3916379,84.3432942539146,81.616411230215,533
-7.6926,53.28823,2022/02/01 00:00:00+00,Tue 01 Feb 2022,749,3418,1,3806986,3678805,240993,4047979,3919798,84.3589240763661,81.6876623808304,534
-7.6926,53.28823,2022/02/02 00:00:00+00,Wed 02 Feb 2022,650,2996,0,3807636,3681801,240993,4048629,3922794,84.3724699224907,81.7500983115832,535
-7.6926,53.28823,2022/02/03 00:00:00+00,Thu 03 Feb 2022,907,2436,1,3808543,3684237,240994,4049537,3925231,84.3913924275386,81.8008848146689,536
-7.6926,53.28823,2022/02/04 00:00:00+00,Fri 04 Feb 2022,1172,6523,0,3809715,3690760,240994,4050709,3931754,84.4158166300894,81.9368225904701,537
-7.6926,53.28823,2022/02/05 00:00:00+00,Sat 05 Feb 2022,1777,5750,0,3811492,3696510,240994,4052486,3937504,84.4528488894178,82.0566512292647,538
-7.6926,53.28823,2022/02/06 00:00:00+00,Sun 06 Feb 2022,1407,7555,0,3812899,3704065,240994,4053893,3945059,84.4821704363367,82.2140956407592,539
-7.6926,53.28823,2022/02/07 00:00:00+00,Mon 07 Feb 2022,439,1351,0,3813338,3705416,240994,4054332,3946410,84.4913190924116,82.2422501609351,540
-7.6926,53.28823,2022/02/08 00:00:00+00,Tue 08 Feb 2022,899,1238,0,3814237,3706654,240994,4055231,3947648,84.5100540395901,82.2680497878616,541
-7.6926,53.28823,2022/02/09 00:00:00+00,Wed 09 Feb 2022,1335,1784,0,3815572,3708438,240994,4056566,3949432,84.5378751235537,82.3052279255328,542
-7.6926,53.28823,2022/02/10 00:00:00+00,Thu 10 Feb 2022,686,2552,0,3816258,3710990,240994,4057252,3951984,84.552171201156,82.3584110013944,543
-7.6926,53.28823,2022/02/11 00:00:00+00,Fri 11 Feb 2022,546,4920,0,3816804,3715910,240994,4057798,3956904,84.5635497119007,82.460942636676,544
-7.6926,53.28823,2022/02/12 00:00:00+00,Sat 12 Feb 2022,1397,5462,0,3818201,3721372,240994,4059195,3962366,84.592662861187,82.5747694236493,545
-7.6926,53.28823,2022/02/13 00:00:00+00,Sun 13 Feb 2022,1566,4706,0,3819767,3726078,240994,4060761,3967072,84.6252979304656,82.6728413495914,546
-7.6926,53.28823,2022/02/14 00:00:00+00,Mon 14 Feb 2022,174,954,0,3819941,3727032,240994,4060935,3968026,84.6289240492744,82.6927224837497,547
-7.6926,53.28823,2022/04/24 23:00:00+00,Mon 25 Apr 2022,41,59,1,3844886,3791203,241020,4085906,4032223,85.1493137778552,84.0305727663056,548
-7.6926,53.28823,2022/02/15 00:00:00+00,Tue 15 Feb 2022,649,818,1,3820590,3727850,240995,4061585,3968845,84.642469895399,82.7097902498667,549
-7.6926,53.28823,2022/02/16 00:00:00+00,Wed 16 Feb 2022,798,1786,0,3821388,3729636,240995,4062383,3970631,84.6591000264873,82.7470100670644,550
-7.6926,53.28823,2022/02/17 00:00:00+00,Thu 17 Feb 2022,790,1193,2,3822178,3730829,240997,4063175,3971826,84.6756051189961,82.7719135841704,551
-7.6926,53.28823,2022/02/18 00:00:00+00,Fri 18 Feb 2022,790,3295,0,3822968,3734124,240997,4063965,3975121,84.6920685319783,82.8405806041406,552
-7.6926,53.28823,2022/02/19 00:00:00+00,Sat 19 Feb 2022,980,3555,0,3823948,3737679,240997,4064945,3978676,84.7124914999816,82.9146659625605,553
-7.6926,53.28823,2022/02/20 00:00:00+00,Sun 20 Feb 2022,1366,3588,0,3825314,3741267,240997,4066311,3982264,84.7409586166065,82.9894390331684,554
-7.6926,53.28823,2022/02/21 00:00:00+00,Mon 21 Feb 2022,254,995,1,3825568,3742262,240998,4066566,3983260,84.74627275624,83.0101954373839,555
-7.6926,53.28823,2022/02/22 00:00:00+00,Tue 22 Feb 2022,475,981,1,3826043,3743243,240999,4067042,3984242,84.7561924835559,83.0306600849137,556
-7.6926,53.28823,2022/02/23 00:00:00+00,Wed 23 Feb 2022,829,1273,1,3826872,3744516,241000,4067872,3985516,84.7734894870688,83.0572099433179,557
-7.6926,53.28823,2022/02/24 00:00:00+00,Thu 24 Feb 2022,655,1232,0,3827527,3745748,241000,4068527,3986748,84.7871395320098,83.0828845316649,558
-7.6926,53.28823,2022/02/25 00:00:00+00,Fri 25 Feb 2022,692,1227,0,3828219,3746975,241000,4069219,3987975,84.8015606481917,83.1084549211955,559
-7.6926,53.28823,2022/02/26 00:00:00+00,Sat 26 Feb 2022,960,2092,0,3829179,3749067,241000,4070179,3990067,84.8215668209295,83.1520517059534,560
-7.6926,53.28823,2022/02/27 00:00:00+00,Sun 27 Feb 2022,671,1783,0,3829850,3750850,241000,4070850,3991850,84.8355503020828,83.1892090038614,561
-7.6926,53.28823,2022/02/28 00:00:00+00,Mon 28 Feb 2022,80,432,0,3829930,3751282,241000,4070930,3992282,84.8372174831443,83.1982117815934,562
-7.6926,53.28823,2022/03/01 00:00:00+00,Tue 01 Mar 2022,132,936,0,3830062,3752218,241000,4071062,3993218,84.8399683318957,83.2177178000129,563
-7.6926,53.28823,2022/03/02 00:00:00+00,Wed 02 Mar 2022,206,997,2,3830268,3753215,241002,4071270,3994217,84.8443030026556,83.2385367235182,564
-7.6926,53.28823,2022/03/03 00:00:00+00,Thu 03 Mar 2022,278,1277,0,3830546,3754492,241002,4071548,3995494,84.8500964568443,83.2651491012123,565
-7.6926,53.28823,2022/03/04 00:00:00+00,Fri 04 Mar 2022,735,1508,1,3831281,3756000,241003,4072284,3997003,84.86543452261,83.2965963039846,566
-7.6926,53.28823,2022/03/05 00:00:00+00,Sat 05 Mar 2022,962,3341,0,3832243,3759341,241003,4073246,4000344,84.8854823748744,83.3662219530651,567
-7.6926,53.28823,2022/03/06 00:00:00+00,Sun 06 Mar 2022,455,1915,0,3832698,3761256,241003,4073701,4002259,84.8949644671616,83.4061300997245,568
-7.6926,53.28823,2022/03/07 00:00:00+00,Mon 07 Mar 2022,115,124,1,3832813,3761380,241004,4073817,4002384,84.8973818797008,83.4087350701331,569
-7.6926,53.28823,2022/03/08 00:00:00+00,Tue 08 Mar 2022,120,493,0,3832933,3761873,241004,4073937,4002877,84.899882651293,83.4190090734245,570
-7.6926,53.28823,2022/03/09 00:00:00+00,Wed 09 Mar 2022,129,345,1,3833062,3762218,241005,4074067,4003223,84.902591820518,83.4262196315155,571
-7.6926,53.28823,2022/03/10 00:00:00+00,Thu 10 Mar 2022,258,508,0,3833320,3762726,241005,4074325,4003731,84.9079684794413,83.4368062312559,572
-7.6926,53.28823,2022/03/11 00:00:00+00,Fri 11 Mar 2022,492,2182,0,3833812,3764908,241005,4074817,4005913,84.9182216429694,83.4822785947081,573
-7.6926,53.28823,2022/03/12 00:00:00+00,Sat 12 Mar 2022,473,2391,2,3834285,3767299,241007,4075292,4008306,84.928120530522,83.5321481482099,574
-7.6926,53.28823,2022/03/13 00:00:00+00,Sun 13 Mar 2022,358,1082,0,3834643,3768381,241007,4075650,4009388,84.9355811657722,83.5546967720665,575
-7.6926,53.28823,2022/03/14 00:00:00+00,Mon 14 Mar 2022,109,122,0,3834752,3768503,241007,4075759,4009510,84.9378526999685,83.5572392231853,576
-7.6926,53.28823,2022/03/15 00:00:00+00,Tue 15 Mar 2022,222,755,1,3834974,3769258,241008,4075982,4010266,84.9424999671774,83.5729940842164,577
-7.6926,53.28823,2022/03/16 00:00:00+00,Wed 16 Mar 2022,195,798,0,3835169,3770056,241008,4076177,4011064,84.9465637210148,83.5896242153048,578
-7.6926,53.28823,2022/03/18 00:00:00+00,Fri 18 Mar 2022,3,6,0,3835172,3770062,241008,4076180,4011070,84.9466262403046,83.5897492538844,579
-7.6926,53.28823,2022/03/19 00:00:00+00,Sat 19 Mar 2022,743,2778,0,3835915,3772840,241008,4076923,4013848,84.9621101844131,83.6476421162446,580
-7.6926,53.28823,2022/03/20 00:00:00+00,Sun 20 Mar 2022,395,1402,0,3836310,3774242,241008,4077318,4015250,84.9703418909043,83.6768594643472,581
-7.6926,53.28823,2022/03/21 00:00:00+00,Mon 21 Mar 2022,56,112,0,3836366,3774354,241008,4077374,4015362,84.9715089176473,83.6791935178333,582
-7.6926,53.28823,2022/03/22 00:00:00+00,Tue 22 Mar 2022,141,575,0,3836507,3774929,241008,4077515,4015937,84.9744473242682,83.6911763817128,583
-7.6926,53.28823,2022/03/23 00:00:00+00,Wed 23 Mar 2022,102,221,0,3836609,3775150,241008,4077617,4016158,84.9765729801216,83.6957819693951,584
-7.6926,53.28823,2022/03/24 00:00:00+00,Thu 24 Mar 2022,147,246,0,3836756,3775396,241008,4077764,4016404,84.9796364253221,83.7009085511592,585
-7.6926,53.28823,2022/03/25 00:00:00+00,Fri 25 Mar 2022,434,1625,0,3837190,3777021,241008,4078198,4018029,84.9886808825807,83.7347731664707,586
-7.6926,53.28823,2022/03/26 00:00:00+00,Sat 26 Mar 2022,874,1848,1,3838064,3778869,241009,4079073,4019878,85.0069156754407,83.7733058887544,587
-7.6926,53.28823,2022/03/27 00:00:00+00,Sun 27 Mar 2022,380,803,0,3838444,3779672,241009,4079453,4020681,85.0148347854828,83.7900402186591,588
-7.6926,53.28823,2022/03/27 23:00:00+00,Mon 28 Mar 2022,44,53,1,3838488,3779725,241010,4079498,4020735,85.0157725748299,83.7911655658756,589
-7.6926,53.28823,2022/03/28 23:00:00+00,Tue 29 Mar 2022,137,193,3,3838625,3779918,241013,4079638,4020931,85.0186901416875,83.7952501594763,590
-7.6926,53.28823,2022/03/29 23:00:00+00,Wed 30 Mar 2022,109,135,0,3838734,3780053,241013,4079747,4021066,85.0209616758837,83.7980635275176,591
-7.6926,53.28823,2022/03/30 23:00:00+00,Thu 31 Mar 2022,227,359,0,3838961,3780412,241013,4079974,4021425,85.0256923021457,83.805545002531,592
-7.6926,53.28823,2022/03/31 23:00:00+00,Fri 01 Apr 2022,306,905,0,3839267,3781317,241013,4080280,4022330,85.0320692697059,83.8244049882891,593
-7.6926,53.28823,2022/04/01 23:00:00+00,Sat 02 Apr 2022,729,1538,1,3839996,3782855,241014,4081010,4023869,85.047282296892,83.8564773839595,594
-7.6926,53.28823,2022/04/25 23:00:00+00,Tue 26 Apr 2022,144,238,0,3845030,3791441,241020,4086050,4032461,85.1523147037659,84.0355326299635,595
-7.6926,53.28823,2022/04/26 23:00:00+00,Wed 27 Apr 2022,122,208,0,3845152,3791649,241020,4086172,4032669,85.1548571548847,84.0398673007234,596
-7.6926,53.28823,2022/04/27 23:00:00+00,Thu 28 Apr 2022,101,130,0,3845253,3791779,241020,4086273,4032799,85.1569619709748,84.0425764699483,597
-7.6926,53.28823,2022/04/28 23:00:00+00,Fri 29 Apr 2022,168,222,0,3845421,3792001,241020,4086441,4033021,85.1604630512039,84.047202897394,598
-7.6926,53.28823,2022/04/29 23:00:00+00,Sat 30 Apr 2022,281,723,0,3845702,3792724,241020,4086722,4033744,85.1663190246824,84.0622700462372,599
-7.6926,53.28823,2022/04/30 23:00:00+00,Sun 01 May 2022,187,746,0,3845889,3793470,241020,4086909,4034490,85.1702160604136,84.0778165096356,600
-7.6926,53.28823,2022/05/01 23:00:00+00,Mon 02 May 2022,12,26,0,3845901,3793496,241020,4086921,4034516,85.1704661375729,84.0783583434806,601
-7.6926,53.28823,2022/05/02 23:00:00+00,Tue 03 May 2022,96,118,0,3845997,3793614,241020,4087017,4034634,85.1724667548467,84.0808174355463,602
-7.6926,53.28823,2022/05/03 23:00:00+00,Wed 04 May 2022,113,128,0,3846110,3793742,241020,4087130,4034762,85.174821648096,84.0834849252446,603
-7.6926,53.28823,2022/05/04 23:00:00+00,Thu 05 May 2022,112,165,0,3846222,3793907,241020,4087242,4034927,85.1771557015821,84.086923486184,604
-7.6926,53.28823,2022/05/05 23:00:00+00,Fri 06 May 2022,138,257,0,3846360,3794164,241020,4087380,4035184,85.1800315889132,84.092279305344,605
-7.6926,53.28823,2022/05/06 23:00:00+00,Sat 07 May 2022,441,1088,0,3846801,3795252,241020,4087821,4036272,85.1892219245146,84.1149529677803,606
-7.6926,53.28823,2022/05/07 23:00:00+00,Sun 08 May 2022,274,437,0,3847075,3795689,241020,4088095,4036709,85.1949320196502,84.1240599443286,607
-7.6926,53.28823,2022/05/08 23:00:00+00,Mon 09 May 2022,24,32,0,3847099,3795721,241020,4088119,4036741,85.1954321739687,84.1247268167533,608
-7.6926,53.28823,2022/05/09 23:00:00+00,Tue 10 May 2022,80,98,1,3847179,3795819,241021,4088200,4036840,85.1971201947934,84.1267899533168,609
-7.6926,53.28823,2022/05/10 23:00:00+00,Wed 11 May 2022,112,132,0,3847291,3795951,241021,4088312,4036972,85.1994542482795,84.1295408020683,610
-7.6926,53.28823,2022/05/11 23:00:00+00,Thu 12 May 2022,207,398,0,3847498,3796349,241021,4088519,4037370,85.2037680792761,84.1378350278492,611
-7.6926,53.28823,2022/05/12 23:00:00+00,Fri 13 May 2022,173,327,0,3847671,3796676,241021,4088692,4037697,85.2073733583216,84.1446496304381,612
-7.6926,53.28823,2022/05/13 23:00:00+00,Sat 14 May 2022,333,633,0,3848004,3797309,241021,4089025,4038330,85.21431299949,84.1578412005871,613
-7.6926,53.28823,2022/05/14 23:00:00+00,Sun 15 May 2022,168,254,0,3848172,3797563,241021,4089193,4038584,85.2178140797192,84.1631345004573,614
-7.6926,53.28823,2022/05/15 23:00:00+00,Mon 16 May 2022,31,41,0,3848203,3797604,241021,4089224,4038625,85.2184601123805,84.1639889307513,615
-7.6926,53.28823,2022/05/16 23:00:00+00,Tue 17 May 2022,97,101,0,3848300,3797705,241021,4089321,4038726,85.2204815694176,84.1660937468415,616
-7.6926,53.28823,2022/05/17 23:00:00+00,Wed 18 May 2022,98,122,0,3848398,3797827,241021,4089419,4038848,85.2225238662179,84.1686361979602,617
-7.6926,53.28823,2022/05/18 23:00:00+00,Thu 19 May 2022,74,106,0,3848472,3797933,241021,4089493,4038954,85.2240660086998,84.1708452128667,618
-7.6926,53.28823,2022/05/19 23:00:00+00,Fri 20 May 2022,126,208,0,3848598,3798141,241021,4089619,4039162,85.2266918188716,84.1751798836266,619
-7.6926,53.28823,2022/05/20 23:00:00+00,Sat 21 May 2022,392,762,0,3848990,3798903,241021,4090011,4039924,85.2348610060729,84.1910597832373,620
-7.6926,53.28823,2022/05/21 23:00:00+00,Sun 22 May 2022,234,409,0,3849224,3799312,241021,4090245,4040333,85.2397375106778,84.1995832464142,621
-7.6926,53.28823,2022/05/22 23:00:00+00,Mon 23 May 2022,26,35,0,3849250,3799347,241021,4090271,4040368,85.2402793445228,84.2003126381286,622
-7.6926,53.28823,2022/05/23 23:00:00+00,Tue 24 May 2022,64,83,0,3849314,3799430,241021,4090335,4040451,85.241613089372,84.2020423384799,623
-7.6926,53.28823,2022/05/24 23:00:00+00,Wed 25 May 2022,86,134,1,3849400,3799564,241022,4090422,4040586,85.2434261487763,84.2048557065211,624
-7.6926,53.28823,2022/05/25 23:00:00+00,Thu 26 May 2022,98,155,0,3849498,3799719,241022,4090520,4040741,85.2454684455766,84.2080858698278,625
-7.6926,53.28823,2022/05/26 23:00:00+00,Fri 27 May 2022,95,152,0,3849593,3799871,241022,4090615,4040893,85.2474482230872,84.2112535138446,626
-7.6926,53.28823,2022/05/27 23:00:00+00,Sat 28 May 2022,334,580,0,3849927,3800451,241022,4090949,4041473,85.2544087040189,84.2233405765404,627
-7.6926,53.28823,2022/05/28 23:00:00+00,Sun 29 May 2022,182,349,0,3850109,3800800,241022,4091131,4041822,85.2582015409338,84.2306136539211,628
-7.6926,53.28823,2022/05/29 23:00:00+00,Mon 30 May 2022,8,23,0,3850117,3800823,241022,4091139,4041845,85.2583682590399,84.2310929684763,629
-7.6926,53.28823,2022/05/30 23:00:00+00,Tue 31 May 2022,65,79,1,3850182,3800902,241023,4091205,4041925,85.2597436834156,84.2327601495378,630
-7.6926,53.28823,2022/05/31 23:00:00+00,Wed 01 Jun 2022,68,102,0,3850250,3801004,241023,4091273,4042027,85.2611607873179,84.2348858053912,631
-7.6926,53.28823,2022/06/01 23:00:00+00,Thu 02 Jun 2022,91,140,0,3850341,3801144,241023,4091364,4042167,85.2630572057754,84.2378033722488,632
-7.6926,53.28823,2022/06/02 23:00:00+00,Fri 03 Jun 2022,60,143,0,3850401,3801287,241023,4091424,4042310,85.2643075915715,84.2407834583962,633
-7.6926,53.28823,2022/06/03 23:00:00+00,Sat 04 Jun 2022,305,607,0,3850706,3801894,241023,4091729,4042917,85.2706637193684,84.2534331947003,634
-7.6926,53.28823,2022/06/04 23:00:00+00,Sun 05 Jun 2022,143,273,0,3850849,3802167,241023,4091872,4043190,85.2736438055158,84.2591224500726,635
-7.6926,53.28823,2022/06/05 23:00:00+00,Mon 06 Jun 2022,4,7,1,3850853,3802174,241024,4091877,4043198,85.2737480043322,84.2592891681788,636
-7.6926,53.28823,2022/06/06 23:00:00+00,Tue 07 Jun 2022,29,51,0,3850882,3802225,241024,4091906,4043249,85.274352357467,84.2603519961055,637
-7.6926,53.28823,2022/06/07 23:00:00+00,Wed 08 Jun 2022,36,76,0,3850918,3802301,241024,4091942,4043325,85.2751025889446,84.2619358181139,638
-7.6926,53.28823,2022/06/08 23:00:00+00,Thu 09 Jun 2022,73,122,0,3850991,3802423,241024,4092015,4043447,85.2766238916632,84.2644782692327,639
-7.6926,53.28823,2022/06/09 23:00:00+00,Fri 10 Jun 2022,56,108,0,3851047,3802531,241024,4092071,4043555,85.2777909184063,84.2667289636657,640
-7.6926,53.28823,2022/06/10 23:00:00+00,Sat 11 Jun 2022,189,561,0,3851236,3803092,241024,4092260,4044116,85.281729633664,84.2784200708594,641
-7.6926,53.28823,2022/06/11 23:00:00+00,Sun 12 Jun 2022,143,288,0,3851379,3803380,241024,4092403,4044404,85.2847097198115,84.2844219226807,642
-7.6926,53.28823,2022/06/12 23:00:00+00,Mon 13 Jun 2022,17,44,0,3851396,3803424,241024,4092420,4044448,85.285063995787,84.2853388722645,643
-7.6926,53.28823,2022/06/13 23:00:00+00,Tue 14 Jun 2022,37,55,0,3851433,3803479,241024,4092457,4044503,85.285835067028,84.2864850592443,644
-7.6926,53.28823,2022/06/14 23:00:00+00,Wed 15 Jun 2022,66,123,0,3851499,3803602,241024,4092523,4044626,85.2872104914037,84.2890483501264,645
-7.6926,53.28823,2022/06/15 23:00:00+00,Thu 16 Jun 2022,42,85,0,3851541,3803687,241024,4092565,4044711,85.288085761461,84.2908197300042,646
-7.6926,53.28823,2022/06/16 23:00:00+00,Fri 17 Jun 2022,57,95,0,3851598,3803782,241024,4092622,4044806,85.2892736279673,84.2927995075147,647
-7.6926,53.28823,2022/06/17 23:00:00+00,Sat 18 Jun 2022,223,488,0,3851821,3804270,241024,4092845,4045294,85.2939208951762,84.3029693119898,648
-7.6926,53.28823,2022/06/18 23:00:00+00,Sun 19 Jun 2022,80,129,0,3851901,3804399,241024,4092925,4045423,85.2955880762377,84.3056576414515,649
-7.6926,53.28823,2022/06/19 23:00:00+00,Mon 20 Jun 2022,9,28,0,3851910,3804427,241024,4092934,4045451,85.2957756341071,84.306241154823,650
-7.6926,53.28823,2022/06/20 23:00:00+00,Tue 21 Jun 2022,74,169,1,3851984,3804596,241025,4093009,4045621,85.2973386163523,84.3097839145786,651
-7.6926,53.28823,2022/06/21 23:00:00+00,Wed 22 Jun 2022,60,94,0,3852044,3804690,241025,4093069,4045715,85.2985890021484,84.3117428523259,652
-7.6926,53.28823,2022/06/22 23:00:00+00,Thu 23 Jun 2022,64,114,0,3852108,3804804,241025,4093133,4045829,85.2999227469976,84.3141185853385,653
-7.6926,53.28823,2022/06/23 23:00:00+00,Fri 24 Jun 2022,55,93,1,3852163,3804897,241026,4093189,4045923,85.3010897737406,84.3160775230858,654
-7.6926,53.28823,2022/06/24 23:00:00+00,Sat 25 Jun 2022,210,293,0,3852373,3805190,241026,4093399,4046216,85.305466124027,84.3221835737235,655
-7.6926,53.28823,2022/06/25 23:00:00+00,Sun 26 Jun 2022,174,402,0,3852547,3805592,241026,4093573,4046618,85.3090922428358,84.3305611585575,656
-7.6926,53.28823,2022/06/26 23:00:00+00,Mon 27 Jun 2022,4,33,0,3852551,3805625,241026,4093577,4046651,85.3091756018888,84.3312488707453,657
-7.6926,53.28823,2022/06/27 23:00:00+00,Tue 28 Jun 2022,48,60,0,3852599,3805685,241026,4093625,4046711,85.3101759105257,84.3324992565415,658
-7.6926,53.28823,2022/06/28 23:00:00+00,Wed 29 Jun 2022,63,81,3,3852662,3805766,241029,4093691,4046795,85.3115513349015,84.334249796656,659
-7.6926,53.28823,2022/06/29 23:00:00+00,Thu 30 Jun 2022,49,88,0,3852711,3805854,241029,4093740,4046883,85.3125724833016,84.3360836958236,660
-7.6926,53.28823,2022/06/30 23:00:00+00,Fri 01 Jul 2022,46,64,0,3852757,3805918,241029,4093786,4046947,85.313531112412,84.3374174406729,661
-7.6926,53.28823,2022/07/01 23:00:00+00,Sat 02 Jul 2022,182,228,0,3852939,3806146,241029,4093968,4047175,85.3173239493269,84.3421689066981,662
-7.6926,53.28823,2022/07/02 23:00:00+00,Sun 03 Jul 2022,108,273,0,3853047,3806419,241029,4094076,4047448,85.3195746437599,84.3478581620704,663
-7.6926,53.28823,2022/07/03 23:00:00+00,Mon 04 Jul 2022,13,15,0,3853060,3806434,241029,4094089,4047463,85.3198455606824,84.3481707585194,664
-7.6926,53.28823,2022/07/04 23:00:00+00,Tue 05 Jul 2022,51,69,0,3853111,3806503,241029,4094140,4047532,85.3209083886091,84.349608702185,665
-7.6926,53.28823,2022/07/05 23:00:00+00,Wed 06 Jul 2022,60,83,0,3853171,3806586,241029,4094200,4047615,85.3221587744052,84.3513384025363,666
-7.6926,53.28823,2022/07/06 23:00:00+00,Thu 07 Jul 2022,76,76,0,3853247,3806662,241029,4094276,4047691,85.3237425964136,84.3529222245447,667
-7.6926,53.28823,2022/07/07 23:00:00+00,Fri 08 Jul 2022,99,90,0,3853346,3806752,241029,4094375,4047781,85.3258057329772,84.3547978032389,668
-7.6926,53.28823,2022/07/08 23:00:00+00,Sat 09 Jul 2022,119,143,0,3853465,3806895,241029,4094494,4047924,85.3282856648062,84.3577778893863,669
-7.6926,53.28823,2022/07/09 23:00:00+00,Sun 10 Jul 2022,132,219,0,3853597,3807114,241029,4094626,4048143,85.3310365135576,84.3623417975421,670
-7.6926,53.28823,2022/07/10 23:00:00+00,Mon 11 Jul 2022,11,16,0,3853608,3807130,241029,4094637,4048159,85.3312657509536,84.3626752337544,671
-7.6926,53.28823,2022/07/11 23:00:00+00,Tue 12 Jul 2022,44,81,0,3853652,3807211,241029,4094681,4048240,85.3321827005374,84.3643632545792,672
-7.6926,53.28823,2022/07/12 23:00:00+00,Wed 13 Jul 2022,99,74,0,3853751,3807285,241029,4094780,4048314,85.334245837101,84.365905397061,673
-7.6926,53.28823,2022/07/13 23:00:00+00,Thu 14 Jul 2022,71,39,0,3853822,3807324,241029,4094851,4048353,85.3357254602931,84.3667181478285,674
-7.6926,53.28823,2022/07/14 23:00:00+00,Fri 15 Jul 2022,80,118,1,3853902,3807442,241030,4094932,4048472,85.3374134811178,84.3691980796575,675
-7.6926,53.28823,2022/07/15 23:00:00+00,Sat 16 Jul 2022,124,210,0,3854026,3807652,241030,4095056,4048682,85.3399976117631,84.3735744299439,676
-7.6926,53.28823,2022/07/16 23:00:00+00,Sun 17 Jul 2022,119,165,0,3854145,3807817,241030,4095175,4048847,85.3424775435921,84.3770129908832,677
-7.6926,53.28823,2022/07/17 23:00:00+00,Mon 18 Jul 2022,14,18,0,3854159,3807835,241030,4095189,4048865,85.3427693002779,84.3773881066221,678
-7.6926,53.28823,2022/07/18 23:00:00+00,Tue 19 Jul 2022,30,33,0,3854189,3807868,241030,4095219,4048898,85.3433944931759,84.3780758188099,679
-7.6926,53.28823,2022/07/19 23:00:00+00,Wed 20 Jul 2022,78,66,0,3854267,3807934,241030,4095297,4048964,85.3450199947109,84.3794512431857,680
-7.6926,53.28823,2022/07/20 23:00:00+00,Thu 21 Jul 2022,52,30,0,3854319,3807964,241030,4095349,4048994,85.3461036624008,84.3800764360837,681
-7.6926,53.28823,2022/07/21 23:00:00+00,Fri 22 Jul 2022,73,70,0,3854392,3808034,241030,4095422,4049064,85.3476249651195,84.3815352195125,682
-7.6926,53.28823,2022/07/22 23:00:00+00,Sat 23 Jul 2022,99,175,0,3854491,3808209,241030,4095521,4049239,85.349688101683,84.3851821780845,683
-7.6926,53.28823,2022/07/23 23:00:00+00,Sun 24 Jul 2022,108,231,0,3854599,3808440,241030,4095629,4049470,85.3519387961161,84.3899961633996,684
-7.6926,53.28823,2022/07/24 23:00:00+00,Mon 25 Jul 2022,14,23,0,3854613,3808463,241030,4095643,4049493,85.3522305528018,84.3904754779548,685
-7.6926,53.28823,2022/07/25 23:00:00+00,Tue 26 Jul 2022,18,16,0,3854631,3808479,241030,4095661,4049509,85.3526056685406,84.3908089141671,686
