X,Y,VaccinationDate,VaccineText,Dose1,Dose2,SingleDose,Dose1Cum,Dose2Cum,SingleDoseCum,PartiallyVacc,FullyVacc,PartialPercent,FullyPercent,ObjectId
-7.6926,53.28823,2022/04/10 23:00:00+00,Mon 11 Apr 2022,70,93,1,3842725,3786955,241038,4083763,4027993,85.1046541651705,83.9424205676793,1
-7.6926,53.28823,2022/08/05 23:00:00+00,Sat 06 Aug 2022,74,130,0,3855740,3809791,241053,4096793,4050844,85.3761962805607,84.4186299981307,2
-7.6926,53.28823,2021/04/23 23:00:00+00,Sat 24 Apr 2021,23708,7005,2,1039490,431324,274,1039764,431598,21.6684356152388,8.99440014721209,3
-7.6926,53.28823,2021/12/14 00:00:00+00,Tue 14 Dec 2021,632,1203,3,3676936,3619216,240977,3917913,3860193,81.6483794270691,80.445508291204,4
-7.6926,53.28823,2022/04/11 23:00:00+00,Tue 12 Apr 2022,197,178,0,3842922,3787133,241038,4083960,4028171,85.1087595985345,83.9461300455411,5
-7.6926,53.28823,2022/08/06 23:00:00+00,Sun 07 Aug 2022,28,80,0,3855768,3809871,241053,4096821,4050924,85.3767797939323,84.4202971791922,6
-7.6926,53.28823,2021/12/15 00:00:00+00,Wed 15 Dec 2021,790,1258,1,3677726,3620474,240978,3918704,3861452,81.6648636798145,80.4717455531592,7
-7.6926,53.28823,2021/04/24 23:00:00+00,Sun 25 Apr 2021,9755,309,3,1049245,431633,277,1049522,431910,21.871790025214,9.0009021533519,8
-7.6926,53.28823,2022/04/12 23:00:00+00,Wed 13 Apr 2022,142,235,0,3843064,3787368,241038,4084102,4028406,85.1117188449186,83.9510273899093,9
-7.6926,53.28823,2022/08/07 23:00:00+00,Mon 08 Aug 2022,11,15,0,3855779,3809886,241053,4096832,4050939,85.3770090313282,84.4206097756412,10
-7.6926,53.28823,2021/12/16 00:00:00+00,Thu 16 Dec 2021,1048,1546,8,3678774,3622020,240986,3919760,3863006,81.6868704698262,80.5041305452787,11
-7.6926,53.28823,2021/04/25 23:00:00+00,Mon 26 Apr 2021,15600,3060,4,1064845,434693,281,1065126,434974,22.1969736912577,9.06475518800697,12
-7.6926,53.28823,2022/04/13 23:00:00+00,Thu 14 Apr 2022,359,431,0,3843423,3787799,241038,4084461,4028837,85.119200319932,83.960009327878,13
-7.6926,53.28823,2021/04/26 23:00:00+00,Tue 27 Apr 2021,25920,7825,9,1090765,442518,290,1091055,442808,22.7373279130498,9.22801389345338,14
-7.6926,53.28823,2022/08/08 23:00:00+00,Tue 09 Aug 2022,47,42,0,3855826,3809928,241053,4096879,4050981,85.3779885002018,84.4214850456985,15
-7.6926,53.28823,2021/12/17 00:00:00+00,Fri 17 Dec 2021,1197,2459,1,3679971,3624479,240987,3920958,3865466,81.711836506222,80.5553963629195,16
-7.6926,53.28823,2022/04/14 23:00:00+00,Fri 15 Apr 2022,446,990,0,3843869,3788789,241038,4084907,4029827,85.1284948543499,83.980640693514,17
-7.6926,53.28823,2022/08/09 23:00:00+00,Wed 10 Aug 2022,55,94,1,3855881,3810022,241054,4096935,4051076,85.3791555269449,84.423464823209,18
-7.6926,53.28823,2021/04/27 23:00:00+00,Wed 28 Apr 2021,26046,8623,5,1116811,451141,295,1117106,451436,23.2802245859608,9.40781937093507,19
-7.6926,53.28823,2021/12/18 00:00:00+00,Sat 18 Dec 2021,1251,1185,0,3681222,3625664,240987,3922209,3866651,81.7379070500711,80.5800914823928,20
-7.6926,53.28823,2022/04/15 23:00:00+00,Sat 16 Apr 2022,43,88,0,3843912,3788877,241038,4084950,4029915,85.1293909641704,83.9824745926816,21
-7.6926,53.28823,2022/08/10 23:00:00+00,Thu 11 Aug 2022,45,39,0,3855926,3810061,241054,4096980,4051115,85.380093316292,84.4242775739765,22
-7.6926,53.28823,2021/04/28 23:00:00+00,Thu 29 Apr 2021,31697,11332,6,1148508,462473,301,1148809,462774,23.940907600866,9.64410060687475,23
-7.6926,53.28823,2021/12/19 00:00:00+00,Sun 19 Dec 2021,550,890,2,3681772,3626554,240989,3922761,3867543,81.7494105993954,80.5986805512284,24
-7.6926,53.28823,2022/04/16 23:00:00+00,Sun 17 Apr 2022,1,1,0,3843913,3788878,241038,4084951,4029916,85.1294118039337,83.9824954324449,25
-7.6926,53.28823,2022/08/11 23:00:00+00,Fri 12 Aug 2022,70,75,0,3855996,3810136,241054,4097050,4051190,85.3815520997208,84.4258405562216,26
-7.6926,53.28823,2021/04/29 23:00:00+00,Fri 30 Apr 2021,36100,13544,8,1184608,476017,309,1184917,476326,24.6933897729695,9.92652107869115,27
-7.6926,53.28823,2021/12/20 00:00:00+00,Mon 20 Dec 2021,517,619,1,3682289,3627173,240990,3923279,3868163,81.7602055967685,80.611601204455,28
-7.6926,53.28823,2022/04/17 23:00:00+00,Mon 18 Apr 2022,36,62,1,3843949,3788940,241039,4084988,4029979,85.1301828751746,83.9838083375308,29
-7.6926,53.28823,2022/08/12 23:00:00+00,Sat 13 Aug 2022,103,151,0,3856099,3810287,241054,4097153,4051341,85.3836985953374,84.4289873604752,30
-7.6926,53.28823,2021/04/30 23:00:00+00,Sat 01 May 2021,16607,6699,20,1201215,482716,329,1201544,483045,25.039892516837,10.066543448093,31
-7.6926,53.28823,2021/12/21 00:00:00+00,Tue 21 Dec 2021,1405,1820,3,3683694,3628993,240993,3924687,3869986,81.7895479834507,80.6495920928937,32
-7.6926,53.28823,2022/04/18 23:00:00+00,Tue 19 Apr 2022,218,270,1,3844167,3789210,241040,4085207,4030250,85.1347467833304,83.9894559133766,33
-7.6926,53.28823,2022/08/13 23:00:00+00,Sun 14 Aug 2022,17,26,0,3856116,3810313,241054,4097170,4051367,85.384052871313,84.4295291943202,34
-7.6926,53.28823,2021/05/01 23:00:00+00,Sun 02 May 2021,12473,911,16,1213688,483627,345,1214033,483972,25.3001603202988,10.0858619086431,35
-7.6926,53.28823,2021/12/22 00:00:00+00,Wed 22 Dec 2021,1165,1601,2,3684859,3630594,240995,3925854,3871589,81.8138679871852,80.6829982334133,36
-7.6926,53.28823,2022/04/19 23:00:00+00,Wed 20 Apr 2022,250,607,0,3844417,3789817,241040,4085457,4030857,85.1399567241476,84.0021056496807,37
-7.6926,53.28823,2022/08/14 23:00:00+00,Mon 15 Aug 2022,7,11,0,3856123,3810324,241054,4097177,4051378,85.3841987496559,84.4297584317161,38
-7.6926,53.28823,2021/05/02 23:00:00+00,Mon 03 May 2021,14273,934,21,1227961,484561,366,1228327,484927,25.5980438964606,10.1057638825646,39
-7.6926,53.28823,2021/12/23 00:00:00+00,Thu 23 Dec 2021,928,1400,0,3685787,3631994,240995,3926782,3872989,81.8332072874985,80.7121739019893,40
-7.6926,53.28823,2022/04/20 23:00:00+00,Thu 21 Apr 2022,170,236,0,3844587,3790053,241040,4085627,4031093,85.1434994839033,84.0070238338121,41
-7.6926,53.28823,2022/08/15 23:00:00+00,Tue 16 Aug 2022,41,28,0,3856164,3810352,241054,4097218,4051406,85.3850531799499,84.4303419450876,42
-7.6926,53.28823,2021/05/03 23:00:00+00,Tue 04 May 2021,26666,6804,10,1254627,491365,376,1255003,491741,26.1539654214144,10.247766029477,43
-7.6926,53.28823,2021/12/24 00:00:00+00,Fri 24 Dec 2021,101,163,0,3685888,3632157,240995,3926883,3873152,81.8353121035886,80.7155707834021,44
-7.6926,53.28823,2022/04/21 23:00:00+00,Fri 22 Apr 2022,195,254,0,3844782,3790307,241040,4085822,4031347,85.1475632377406,84.0123171336823,45
-7.6926,53.28823,2022/08/16 23:00:00+00,Wed 17 Aug 2022,51,58,0,3856215,3810410,241054,4097269,4051464,85.3861160078766,84.4315506513572,46
-7.6926,53.28823,2021/12/25 00:00:00+00,Sat 25 Dec 2021,1,7,0,3685889,3632164,240995,3926884,3873159,81.8353329433519,80.715716661745,47
-7.6926,53.28823,2021/05/04 23:00:00+00,Wed 05 May 2021,32130,13467,70,1286757,504832,446,1287203,505278,26.8250057986641,10.5298739048444,48
-7.6926,53.28823,2022/04/22 23:00:00+00,Sat 23 Apr 2022,324,1010,0,3845106,3791317,241040,4086146,4032357,85.1543153210397,84.0333652945836,49
-7.6926,53.28823,2022/08/17 23:00:00+00,Thu 18 Aug 2022,55,39,0,3856270,3810449,241054,4097324,4051503,85.3872621948564,84.4323634021247,50
-7.6926,53.28823,2022/04/23 23:00:00+00,Sun 24 Apr 2022,181,252,0,3845287,3791569,241040,4086327,4032609,85.1580873181913,84.0386169149273,51
-7.6926,53.28823,2021/12/26 00:00:00+00,Sun 26 Dec 2021,12,13,0,3685901,3632177,240995,3926896,3873172,81.8355830205111,80.7159875786675,52
-7.6926,53.28823,2021/05/05 23:00:00+00,Thu 06 May 2021,37301,14384,133,1324058,519216,579,1324637,519795,27.6051214968618,10.832404748215,53
-7.6926,53.28823,2022/08/18 23:00:00+00,Fri 19 Aug 2022,72,56,0,3856342,3810505,241054,4097396,4051559,85.3887626578117,84.4335304288677,54
-7.6926,53.28823,2022/04/24 23:00:00+00,Mon 25 Apr 2022,41,59,1,3845328,3791628,241041,4086369,4032669,85.1589625882486,84.0398673007234,55
-7.6926,53.28823,2022/08/19 23:00:00+00,Sat 20 Aug 2022,108,127,0,3856450,3810632,241054,4097504,4051686,85.3910133522447,84.4361770788029,56
-7.6926,53.28823,2021/08/18 23:00:00+00,Thu 19 Aug 2021,11372,25733,545,3394027,3016651,234288,3628315,3250939,75.6132256640017,67.7487991607411,57
-7.6926,53.28823,2021/05/06 23:00:00+00,Fri 07 May 2021,40600,15091,98,1364658,534307,677,1365335,534984,28.4532581823684,11.1489399125022,58
-7.6926,53.28823,2022/04/25 23:00:00+00,Tue 26 Apr 2022,144,238,0,3845472,3791866,241041,4086513,4032907,85.1619635141593,84.0448271643813,59
-7.6926,53.28823,2021/12/27 00:00:00+00,Mon 27 Dec 2021,391,590,0,3686292,3632767,240995,3927287,3873762,81.8437313679492,80.728283038996,60
-7.6926,53.28823,2022/08/20 23:00:00+00,Sun 21 Aug 2022,39,36,0,3856489,3810668,241054,4097543,4051722,85.3918261030122,84.4369273102805,61
-7.6926,53.28823,2021/05/07 23:00:00+00,Sat 08 May 2021,25632,7066,10,1390290,541373,687,1390977,542060,28.9876313921024,11.296402077391,62
-7.6926,53.28823,2021/08/19 23:00:00+00,Fri 20 Aug 2021,14859,22273,686,3408886,3038924,234974,3643860,3273898,75.9371797840125,68.2272592856254,63
-7.6926,53.28823,2022/04/26 23:00:00+00,Wed 27 Apr 2022,122,208,0,3845594,3792074,241041,4086635,4033115,85.164505965278,84.0491618351412,64
-7.6926,53.28823,2021/12/28 00:00:00+00,Tue 28 Dec 2021,468,750,0,3686760,3633517,240995,3927755,3874512,81.8534843771589,80.7439128614475,65
-7.6926,53.28823,2022/08/21 23:00:00+00,Mon 22 Aug 2022,12,13,0,3856501,3810681,241054,4097555,4051735,85.3920761801714,84.437198227203,66
-7.6926,53.28823,2021/05/08 23:00:00+00,Sun 09 May 2021,19678,931,5,1409968,542304,692,1410660,542996,29.3978204525188,11.3159080958104,67
-7.6926,53.28823,2021/08/20 23:00:00+00,Sat 21 Aug 2021,11903,7992,246,3420789,3046916,235220,3656009,3282136,76.1903620679631,68.3989372554324,68
-7.6926,53.28823,2022/04/27 23:00:00+00,Thu 28 Apr 2022,100,130,0,3845694,3792204,241041,4086735,4033245,85.1665899416049,84.0518710043661,69
-7.6926,53.28823,2021/12/29 00:00:00+00,Wed 29 Dec 2021,1058,1312,0,3687818,3634829,240995,3928813,3875824,81.8755328466971,80.7712546308559,70
-7.6926,53.28823,2022/08/22 23:00:00+00,Tue 23 Aug 2022,78,72,0,3856579,3810753,241054,4097633,4051807,85.3937016817064,84.4386986901584,71
-7.6926,53.28823,2021/05/09 23:00:00+00,Mon 10 May 2021,28856,4659,171,1438824,546963,863,1439687,547826,30.0027362609172,11.4165641523979,72
-7.6926,53.28823,2021/08/21 23:00:00+00,Sun 22 Aug 2021,8005,12260,162,3428794,3059176,235382,3664176,3294558,76.3605604145779,68.6578087947552,73
-7.6926,53.28823,2022/04/28 23:00:00+00,Fri 29 Apr 2022,168,222,0,3845862,3792426,241041,4086903,4033467,85.170091021834,84.0564974318118,74
-7.6926,53.28823,2021/12/30 00:00:00+00,Thu 30 Dec 2021,1050,1199,1,3688868,3636028,240996,3929864,3877024,81.8974354378924,80.7962623467782,75
-7.6926,53.28823,2022/08/23 23:00:00+00,Wed 24 Aug 2022,53,55,0,3856632,3810808,241054,4097686,4051862,85.3948061891596,84.4398448771381,76
-7.6926,53.28823,2021/05/10 23:00:00+00,Tue 11 May 2021,33926,14819,153,1472750,561782,1016,1473766,562798,30.7129345533486,11.7285770880557,77
-7.6926,53.28823,2021/08/22 23:00:00+00,Mon 23 Aug 2021,10881,15397,291,3439675,3074573,235673,3675348,3310246,76.593382249815,68.9847430009134,78
-7.6926,53.28823,2022/04/29 23:00:00+00,Sat 30 Apr 2022,281,724,0,3846143,3793150,241041,4087184,4034191,85.1759469953125,84.0715854204183,79
-7.6926,53.28823,2021/12/31 00:00:00+00,Fri 31 Dec 2021,713,1682,0,3689581,3637710,240996,3930577,3878706,81.9122941891029,80.8313148285961,80
-7.6926,53.28823,2022/08/24 23:00:00+00,Thu 25 Aug 2022,40,49,0,3856672,3810857,241054,4097726,4051911,85.3956397796904,84.4408660255383,81
-7.6926,53.28823,2021/05/11 23:00:00+00,Wed 12 May 2021,31302,20932,175,1504052,582714,1191,1505243,583905,31.3689077817552,12.1684419713666,82
-7.6926,53.28823,2021/08/23 23:00:00+00,Tue 24 Aug 2021,9721,22932,384,3449396,3097505,236057,3685453,3333562,76.8039680576445,69.4706429212847,83
-7.6926,53.28823,2022/04/30 23:00:00+00,Sun 01 May 2022,187,746,0,3846330,3793896,241041,4087371,4034937,85.1798440310438,84.0871318838167,84
-7.6926,53.28823,2022/01/01 00:00:00+00,Sat 01 Jan 2022,69,100,0,3689650,3637810,240996,3930646,3878806,81.9137321327685,80.8333988049229,85
-7.6926,53.28823,2022/08/25 23:00:00+00,Fri 26 Aug 2022,98,89,0,3856770,3810946,241054,4097824,4052000,85.3976820764907,84.4427207644692,86
-7.6926,53.28823,2021/05/12 23:00:00+00,Thu 13 May 2021,36009,25486,152,1540061,608200,1343,1541404,609543,32.1224944613119,12.7027318220476,87
-7.6926,53.28823,2021/08/24 23:00:00+00,Wed 25 Aug 2021,9426,19548,317,3458822,3117053,236374,3695196,3353427,77.0070098711707,69.8846248186159,88
-7.6926,53.28823,2022/05/01 23:00:00+00,Mon 02 May 2022,12,26,0,3846342,3793922,241041,4087383,4034963,85.180094108203,84.0876737176616,89
-7.6926,53.28823,2022/01/02 00:00:00+00,Sun 02 Jan 2022,272,629,0,3689922,3638439,240996,3930918,3879435,81.9194005483775,80.8465070160189,90
-7.6926,53.28823,2022/08/26 23:00:00+00,Sat 27 Aug 2022,86,119,0,3856856,3811065,241054,4097910,4052119,85.3994742961318,84.4452006962982,91
-7.6926,53.28823,2021/05/13 23:00:00+00,Fri 14 May 2021,38234,27954,237,1578295,636154,1580,1579875,637734,32.9242209940192,13.2902255883534,92
-7.6926,53.28823,2021/08/25 23:00:00+00,Thu 26 Aug 2021,8596,19453,369,3467418,3136506,236743,3704161,3373249,77.1938383488739,70.2977106061266,93
-7.6926,53.28823,2022/05/02 23:00:00+00,Tue 03 May 2022,96,119,0,3846438,3794041,241041,4087479,4035082,85.1820947254768,84.0901536494906,94
-7.6926,53.28823,2022/01/03 00:00:00+00,Mon 03 Jan 2022,3632,728,1,3693554,3639167,240997,3934551,3880164,81.9951114083324,80.8616992034417,95
-7.6926,53.28823,2022/08/27 23:00:00+00,Sun 28 Aug 2022,44,20,0,3856900,3811085,241054,4097954,4052139,85.4003912457156,84.4456174915635,96
-7.6926,53.28823,2021/05/14 23:00:00+00,Sat 15 May 2021,28877,12464,22,1607172,648618,1602,1608774,650220,33.5264693127192,13.5504308725255,97
-7.6926,53.28823,2021/08/26 23:00:00+00,Fri 27 Aug 2021,9731,19227,432,3477149,3155733,237175,3714324,3392908,77.4056328629729,70.7073995122245,98
-7.6926,53.28823,2021/08/27 23:00:00+00,Sat 28 Aug 2021,9933,7940,155,3487082,3163673,237330,3724412,3401003,77.6158643948268,70.876097395884,99
-7.6926,53.28823,2021/08/28 23:00:00+00,Sun 29 Aug 2021,8803,9198,30,3495885,3172871,237360,3733245,3410231,77.7999420237786,71.0684067313269,100
-7.6926,53.28823,2021/08/29 23:00:00+00,Mon 30 Aug 2021,5073,11156,85,3500958,3184027,237445,3738403,3421472,77.9074335227182,71.3026665102295,101
-7.6926,53.28823,2021/08/30 23:00:00+00,Tue 31 Aug 2021,4076,12914,145,3505034,3196941,237590,3742624,3434531,77.995398163475,71.5748129787545,102
-7.6926,53.28823,2021/08/31 23:00:00+00,Wed 01 Sep 2021,4987,12557,184,3510021,3209498,237774,3747795,3447272,78.1031605793371,71.84033240256,103
-7.6926,53.28823,2021/09/01 23:00:00+00,Thu 02 Sep 2021,5014,12377,249,3515035,3221875,238023,3753058,3459898,78.2128402534199,72.1034552535897,104
-7.6926,53.28823,2021/09/02 23:00:00+00,Fri 03 Sep 2021,4784,16101,167,3519819,3237976,238190,3758009,3476166,78.3160179213628,72.4424765224437,105
-7.6926,53.28823,2021/09/03 23:00:00+00,Sat 04 Sep 2021,4631,10590,136,3524450,3248566,238326,3762776,3486892,78.4153610728644,72.666003823263,106
-7.6926,53.28823,2021/09/04 23:00:00+00,Sun 05 Sep 2021,5310,11912,1,3529760,3260478,238327,3768087,3498805,78.526041055584,72.9142679230821,107
-7.6926,53.28823,2021/09/05 23:00:00+00,Mon 06 Sep 2021,2169,9698,76,3531929,3270176,238403,3770332,3508579,78.5728263241221,73.1179557692696,108
-7.6926,53.28823,2021/09/06 23:00:00+00,Tue 07 Sep 2021,3035,10035,160,3534964,3280211,238563,3773527,3518774,78.6394093677653,73.3304171557933,109
-7.6926,53.28823,2021/09/07 23:00:00+00,Wed 08 Sep 2021,2614,14805,191,3537578,3295016,238754,3776332,3533770,78.6978649037338,73.6429302457696,110
-7.6926,53.28823,2021/09/08 23:00:00+00,Thu 09 Sep 2021,3129,14823,138,3540707,3309839,238892,3779599,3548731,78.7659484103324,73.9547139440315,111
-7.6926,53.28823,2021/09/09 23:00:00+00,Fri 10 Sep 2021,3389,13950,116,3544096,3323789,239008,3783104,3562797,78.838991780589,74.247846054168,112
-7.6926,53.28823,2021/09/10 23:00:00+00,Sat 11 Sep 2021,2564,11347,62,3546660,3335136,239070,3785730,3574206,78.8937169989324,74.4856069132997,113
-7.6926,53.28823,2021/09/11 23:00:00+00,Sun 12 Sep 2021,2043,12885,1,3548703,3348021,239071,3787774,3587092,78.9363134750534,74.7541481027792,114
-7.6926,53.28823,2021/09/12 23:00:00+00,Mon 13 Sep 2021,1624,7750,52,3550327,3355771,239123,3789450,3594894,78.9712409182917,74.916739935801,115
-7.6926,53.28823,2021/09/13 23:00:00+00,Tue 14 Sep 2021,1555,10796,82,3551882,3366567,239205,3791087,3605772,79.0053556107624,75.1434348806371,116
-7.6926,53.28823,2021/09/14 23:00:00+00,Wed 15 Sep 2021,3291,12380,138,3555173,3378947,239343,3794516,3618290,79.0768151590105,75.4043070372338,117
-7.6926,53.28823,2021/09/15 23:00:00+00,Thu 16 Sep 2021,1919,10582,115,3557092,3389529,239458,3796550,3628987,79.1192032374989,75.6272299849183,118
-7.6926,53.28823,2021/09/16 23:00:00+00,Fri 17 Sep 2021,2563,14623,95,3559655,3404152,239553,3799208,3643705,79.1745953282669,75.9339496207059,119
-7.6926,53.28823,2021/09/17 23:00:00+00,Sat 18 Sep 2021,2293,11242,48,3561948,3415394,239601,3801549,3654995,79.2233812140788,76.1692305480087,120
-7.6926,53.28823,2021/09/18 23:00:00+00,Sun 19 Sep 2021,1864,8496,16,3563812,3423890,239617,3803429,3663507,79.2625599690238,76.3466186129512,121
-7.6926,53.28823,2021/09/19 23:00:00+00,Mon 20 Sep 2021,964,5634,35,3564776,3429524,239652,3804428,3669176,79.2833788925291,76.464759230921,122
-7.6926,53.28823,2021/09/20 23:00:00+00,Tue 21 Sep 2021,1477,6681,90,3566253,3436205,239742,3805995,3675947,79.3160348015711,76.6058652680129,123
-7.6926,53.28823,2021/09/21 23:00:00+00,Wed 22 Sep 2021,1902,8159,97,3568155,3444364,239839,3807994,3684203,79.357693488345,76.7779183535587,124
-7.6926,53.28823,2021/09/22 23:00:00+00,Thu 23 Sep 2021,1691,8741,89,3569846,3453105,239928,3809774,3693033,79.3947882669632,76.9619334632206,125
-7.6926,53.28823,2021/09/23 23:00:00+00,Fri 24 Sep 2021,1914,7399,81,3571760,3460504,240009,3811769,3700513,79.4363635946841,77.11781489247,126
-7.6926,53.28823,2021/09/24 23:00:00+00,Sat 25 Sep 2021,2422,6609,53,3574182,3467113,240062,3814244,3707175,79.487942008774,77.2566493953655,127
-7.6926,53.28823,2021/09/25 23:00:00+00,Sun 26 Sep 2021,1549,7101,0,3575731,3474214,240062,3815793,3714276,79.5202228020771,77.404632554336,128
-7.6926,53.28823,2021/09/26 23:00:00+00,Mon 27 Sep 2021,1179,3833,45,3576910,3478047,240107,3817017,3718154,79.5457306723178,77.4854491562918,129
-7.6926,53.28823,2021/09/27 23:00:00+00,Tue 28 Sep 2021,1455,5151,93,3578365,3483198,240200,3818565,3723398,79.5779906258577,77.5947328748724,130
-7.6926,53.28823,2021/09/28 23:00:00+00,Wed 29 Sep 2021,1654,3631,80,3580019,3486829,240280,3820299,3727109,79.6141267753655,77.6720692363623,131
-7.6926,53.28823,2021/09/29 23:00:00+00,Thu 30 Sep 2021,1275,3988,78,3581294,3490817,240358,3821652,3731175,79.6423229750679,77.7568037138125,132
-7.6926,53.28823,2021/09/30 23:00:00+00,Fri 01 Oct 2021,1871,5196,42,3583165,3496013,240400,3823565,3736413,79.6821894422008,77.8659623938136,133
-7.6926,53.28823,2021/10/01 23:00:00+00,Sat 02 Oct 2021,1684,4102,41,3584849,3500115,240441,3825290,3740556,79.7181380338392,77.9523015330355,134
-7.6926,53.28823,2021/10/02 23:00:00+00,Sun 03 Oct 2021,1197,3022,9,3586046,3503137,240450,3826496,3743587,79.7432707883411,78.0154668555027,135
-7.6926,53.28823,2021/10/03 23:00:00+00,Mon 04 Oct 2021,348,1243,18,3586394,3504380,240468,3826862,3744848,79.7508981416975,78.0417457969844,136
-7.6926,53.28823,2021/10/04 23:00:00+00,Tue 05 Oct 2021,960,2837,70,3587354,3507217,240538,3827892,3747755,79.7723630978642,78.1023269888063,137
-7.6926,53.28823,2021/10/05 23:00:00+00,Wed 06 Oct 2021,972,2581,40,3588326,3509798,240578,3828904,3750376,79.793452938292,78.1569480083334,138
-7.6926,53.28823,2021/10/06 23:00:00+00,Thu 07 Oct 2021,1213,2713,44,3589539,3512511,240622,3830161,3753133,79.8196485207207,78.214403235665,139
-7.6926,53.28823,2021/10/07 23:00:00+00,Fri 08 Oct 2021,916,2746,48,3590455,3515257,240670,3831125,3755927,79.8397380525116,78.2726295342376,140
-7.6926,53.28823,2021/10/08 23:00:00+00,Sat 09 Oct 2021,723,2368,23,3591178,3517625,240693,3831871,3758318,79.85528451591,78.3224574082128,141
-7.6926,53.28823,2021/10/09 23:00:00+00,Sun 10 Oct 2021,1518,3927,2,3592696,3521552,240695,3833391,3762247,79.8869609560783,78.4043368380953,142
-7.6926,53.28823,2021/10/10 23:00:00+00,Mon 11 Oct 2021,335,1139,19,3593031,3522691,240714,3833745,3763405,79.8943382322754,78.4284692839603,143
-7.6926,53.28823,2021/10/11 23:00:00+00,Tue 12 Oct 2021,563,1626,21,3593594,3524317,240735,3834329,3765052,79.9065086540243,78.4627923740638,144
-7.6926,53.28823,2020/12/28 00:00:00+00,Mon 28 Dec 2020,265,16,2,265,16,2,267,18,0.00556421679272292,0.000375115738835253,145
-7.6926,53.28823,2021/10/12 23:00:00+00,Wed 13 Oct 2021,989,2081,11,3594583,3526398,240746,3835329,3767144,79.9273484172929,78.5063891588217,146
-7.6926,53.28823,2021/10/13 23:00:00+00,Thu 14 Oct 2021,654,1610,9,3595237,3528008,240755,3835992,3768763,79.94116518034,78.5401287355536,147
-7.6926,53.28823,2021/10/14 23:00:00+00,Fri 15 Oct 2021,957,2080,9,3596194,3530088,240764,3836958,3770852,79.9612963916575,78.5836630010218,148
-7.6926,53.28823,2021/10/15 23:00:00+00,Sat 16 Oct 2021,1383,2653,14,3597577,3532741,240778,3838355,3773519,79.9904095409438,78.6392426496592,149
-7.6926,53.28823,2021/10/16 23:00:00+00,Sun 17 Oct 2021,1706,2892,2,3599283,3535633,240780,3840063,3776413,80.0260038566066,78.6995529245586,150
-7.6926,53.28823,2021/10/17 23:00:00+00,Mon 18 Oct 2021,679,1257,6,3599962,3536890,240786,3840748,3777676,80.0402790944456,78.7258735455669,151
-7.6926,53.28823,2021/10/18 23:00:00+00,Tue 19 Oct 2021,1341,1810,13,3601303,3538700,240799,3842102,3779499,80.0684961339113,78.7638644340056,152
-7.6926,53.28823,2021/10/19 23:00:00+00,Wed 20 Oct 2021,2263,2339,0,3603566,3541039,240799,3844365,3781838,80.1156565181882,78.8126086402909,153
-7.6926,53.28823,2021/10/20 23:00:00+00,Thu 21 Oct 2021,1731,1857,11,3605297,3542896,240810,3846107,3783706,80.1519593858022,78.8515373180767,154
-7.6926,53.28823,2021/10/21 23:00:00+00,Fri 22 Oct 2021,1508,1937,3,3606805,3544833,240813,3847618,3785646,80.1834482681011,78.8919664588178,155
-7.6926,53.28823,2021/10/22 23:00:00+00,Sat 23 Oct 2021,2018,1708,1,3608823,3546541,240814,3849637,3787355,80.2255237501404,78.9275816142439,156
-7.6926,53.28823,2021/10/23 23:00:00+00,Sun 24 Oct 2021,1956,2189,2,3610779,3548730,240816,3851595,3789546,80.2663280066204,78.9732415355654,157
-7.6926,53.28823,2021/10/24 23:00:00+00,Mon 25 Oct 2021,1235,863,2,3612014,3549593,240818,3852832,3790411,80.2921067937837,78.9912679307928,158
-7.6926,53.28823,2021/10/25 23:00:00+00,Tue 26 Oct 2021,1247,1237,6,3613261,3550830,240824,3854085,3791654,80.3182190171593,79.0171717565357,159
-7.6926,53.28823,2021/10/26 23:00:00+00,Wed 27 Oct 2021,1568,1433,6,3614829,3552263,240830,3855659,3793093,80.3510208045441,79.0471601758793,160
-7.6926,53.28823,2021/10/27 23:00:00+00,Thu 28 Oct 2021,2159,1698,5,3616988,3553961,240835,3857823,3794796,80.3961180522574,79.0826502927257,161
-7.6926,53.28823,2021/10/28 23:00:00+00,Fri 29 Oct 2021,2145,1379,2,3619133,3555340,240837,3859970,3796177,80.4408610239951,79.1114300057997,162
-7.6926,53.28823,2021/10/29 23:00:00+00,Sat 30 Oct 2021,2020,1455,1,3621153,3556795,240838,3861991,3797633,80.482978185561,79.1417727011188,163
-7.6926,53.28823,2021/10/30 23:00:00+00,Sun 31 Oct 2021,1597,1320,0,3622750,3558115,240838,3863588,3798953,80.516259287501,79.1692811886334,164
-7.6926,53.28823,2021/11/01 00:00:00+00,Mon 01 Nov 2021,291,297,2,3623041,3558412,240840,3863881,3799252,80.5223653381387,79.1755122778507,165
-7.6926,53.28823,2021/11/02 00:00:00+00,Tue 02 Nov 2021,1101,1098,10,3624142,3559510,240850,3864992,3800360,80.5455183151302,79.1986027355524,166
-7.6926,53.28823,2021/11/03 00:00:00+00,Wed 03 Nov 2021,2538,1883,7,3626680,3561393,240857,3867537,3802250,80.5985555126488,79.2379898881301,167
-7.6926,53.28823,2021/11/04 00:00:00+00,Thu 04 Nov 2021,1536,1288,2,3628216,3562681,240859,3869075,3803540,80.6306070685559,79.2648731827466,168
-7.6926,53.28823,2021/11/05 00:00:00+00,Fri 05 Nov 2021,1631,1102,4,3629847,3563783,240863,3870710,3804646,80.6646800815002,79.2879219609217,169
-7.6926,53.28823,2021/11/06 00:00:00+00,Sat 06 Nov 2021,1821,1360,6,3631668,3565143,240869,3872537,3806012,80.7027543289919,79.3163890775466,170
-7.6926,53.28823,2021/11/07 00:00:00+00,Sun 07 Nov 2021,697,775,0,3632365,3565918,240869,3873234,3806787,80.7172796439902,79.3325398940798,171
-7.6926,53.28823,2021/11/08 00:00:00+00,Mon 08 Nov 2021,516,535,4,3632881,3566453,240873,3873754,3807326,80.7281163208898,79.3437725264816,172
-7.6926,53.28823,2021/11/09 00:00:00+00,Tue 09 Nov 2021,1372,1072,4,3634253,3567525,240877,3875130,3808402,80.7567918351475,79.3661961117586,173
-7.6926,53.28823,2021/11/10 00:00:00+00,Wed 10 Nov 2021,1601,1369,2,3635854,3568894,240879,3876733,3809773,80.7901979756671,79.3947674271999,174
-7.6926,53.28823,2021/11/11 00:00:00+00,Thu 11 Nov 2021,1394,1125,2,3637248,3570019,240881,3878129,3810900,80.8192902851901,79.4182538404037,175
-7.6926,53.28823,2021/11/12 00:00:00+00,Fri 12 Nov 2021,1143,1161,6,3638391,3571180,240887,3879278,3812067,80.8432351731857,79.4425738441382,176
-7.6926,53.28823,2021/11/13 00:00:00+00,Sat 13 Nov 2021,1395,1384,0,3639786,3572564,240887,3880673,3813451,80.8723066429455,79.4714160765019,177
-7.6926,53.28823,2021/11/14 00:00:00+00,Sun 14 Nov 2021,1646,1809,1,3641432,3574373,240888,3882320,3815261,80.9066297330489,79.5091360480181,178
-7.6926,53.28823,2021/11/15 00:00:00+00,Mon 15 Nov 2021,1243,599,1,3642675,3574972,240889,3883564,3815861,80.9325543985551,79.5216399059793,179
-7.6926,53.28823,2021/11/16 00:00:00+00,Tue 16 Nov 2021,1317,1081,5,3643992,3576053,240894,3884886,3816947,80.9601045655962,79.5442718888891,180
-7.6926,53.28823,2021/11/17 00:00:00+00,Wed 17 Nov 2021,1504,1122,3,3645496,3577175,240897,3886393,3818072,80.991510088842,79.5677166225663,181
-7.6926,53.28823,2021/11/18 00:00:00+00,Thu 18 Nov 2021,1639,2512,5,3647135,3579687,240902,3888037,3820589,81.0257706596556,79.6201703067134,182
-7.6926,53.28823,2021/11/19 00:00:00+00,Fri 19 Nov 2021,1165,1559,0,3648300,3581246,240902,3889202,3822148,81.0500489838636,79.6526594976492,183
-7.6926,53.28823,2021/11/20 00:00:00+00,Sat 20 Nov 2021,1547,2947,12,3649847,3584193,240914,3890761,3825107,81.0825381747993,79.714324357161,184
-7.6926,53.28823,2021/11/21 00:00:00+00,Sun 21 Nov 2021,1789,2770,0,3651636,3586963,240914,3892550,3827877,81.1198205112869,79.7720505014151,185
-7.6926,53.28823,2021/11/22 00:00:00+00,Mon 22 Nov 2021,725,522,3,3652361,3587485,240917,3893278,3828402,81.1349918589465,79.7829913771312,186
-7.6926,53.28823,2021/11/23 00:00:00+00,Tue 23 Nov 2021,2156,1599,8,3654517,3589084,240925,3895442,3830009,81.1800891066598,79.8164808767038,187
-7.6926,53.28823,2021/11/24 00:00:00+00,Wed 24 Nov 2021,1614,3152,2,3656131,3592236,240927,3897058,3833163,81.2137661641019,79.8822094900531,188
-7.6926,53.28823,2021/11/25 00:00:00+00,Thu 25 Nov 2021,982,1190,2,3657113,3593426,240929,3898042,3834355,81.2342724911582,79.9070504878693,189
-7.6926,53.28823,2021/11/26 00:00:00+00,Fri 26 Nov 2021,1279,1113,12,3658392,3594539,240941,3899333,3835480,81.261176625538,79.9304952215465,190
-7.6926,53.28823,2021/11/27 00:00:00+00,Sat 27 Nov 2021,1201,1567,6,3659593,3596106,240947,3900540,3837053,81.2863302198032,79.963276169168,191
-7.6926,53.28823,2021/11/28 00:00:00+00,Sun 28 Nov 2021,1962,2262,1,3661555,3598368,240948,3902503,3839316,81.3272386750996,80.0104365534449,192
-7.6926,53.28823,2021/11/29 00:00:00+00,Mon 29 Nov 2021,536,999,2,3662091,3599367,240950,3903041,3840317,81.3384504677381,80.0312971564768,193
-7.6926,53.28823,2021/11/30 00:00:00+00,Tue 30 Nov 2021,1895,1649,6,3663986,3601016,240956,3904942,3841972,81.3780668577117,80.0657869646864,194
-7.6926,53.28823,2021/12/01 00:00:00+00,Wed 01 Dec 2021,1070,1388,4,3665056,3602404,240960,3906016,3843364,81.4004487634622,80.0947959151563,195
-7.6926,53.28823,2021/12/02 00:00:00+00,Thu 02 Dec 2021,1737,1414,0,3666793,3603818,240960,3907753,3844778,81.4366474322598,80.1242633404182,196
-7.6926,53.28823,2021/12/03 00:00:00+00,Fri 03 Dec 2021,1016,1198,2,3667809,3605016,240962,3908771,3845978,81.4578623112673,80.1492710563405,197
-7.6926,53.28823,2021/12/04 00:00:00+00,Sat 04 Dec 2021,1204,1702,1,3669013,3606718,240963,3909976,3847681,81.482974226006,80.184761173187,198
-7.6926,53.28823,2021/12/05 00:00:00+00,Sun 05 Dec 2021,1348,1777,2,3670361,3608495,240965,3911326,3849460,81.5111079064186,80.2218351120419,199
-7.6926,53.28823,2021/12/06 00:00:00+00,Mon 06 Dec 2021,936,1305,0,3671297,3609800,240965,3912262,3850765,81.5306139248381,80.2490310031074,200
-7.6926,53.28823,2021/12/07 00:00:00+00,Tue 07 Dec 2021,483,747,2,3671780,3610547,240967,3912747,3851514,81.5407212100233,80.2646399857956,201
-7.6926,53.28823,2021/12/08 00:00:00+00,Wed 08 Dec 2021,795,1526,2,3672575,3612073,240969,3913544,3853042,81.5573305013484,80.2964831440701,202
-7.6926,53.28823,2021/12/09 00:00:00+00,Thu 09 Dec 2021,785,1212,1,3673360,3613285,240970,3914330,3854255,81.5737105552776,80.3217617769149,203
-7.6926,53.28823,2021/12/10 00:00:00+00,Fri 10 Dec 2021,895,1620,1,3674255,3614905,240971,3915226,3855876,81.5923829831663,80.3555430331734,204
-7.6926,53.28823,2021/12/11 00:00:00+00,Sat 11 Dec 2021,643,844,2,3674898,3615749,240973,3915871,3856722,81.6058246304745,80.3731734728986,205
-7.6926,53.28823,2021/12/12 00:00:00+00,Sun 12 Dec 2021,685,1193,0,3675583,3616942,240973,3916556,3857915,81.6200998683135,80.3980353104781,206
-7.6926,53.28823,2021/12/13 00:00:00+00,Mon 13 Dec 2021,721,1071,1,3676304,3618013,240974,3917278,3858987,81.6351461773935,80.4203755367021,207
-7.6926,53.28823,2022/01/04 00:00:00+00,Tue 04 Jan 2022,1187,783,1,3694741,3639950,240998,3935739,3880948,82.0198690470956,80.8780375778443,208
-7.6926,53.28823,2022/08/28 23:00:00+00,Mon 29 Aug 2022,13,12,0,3856913,3811097,241054,4097967,4052151,85.4006621626381,84.4458675687228,209
-7.6926,53.28823,2021/05/15 23:00:00+00,Sun 16 May 2021,23187,1182,11,1630359,649800,1613,1631972,651413,34.0099101410248,13.5752927101049,210
-7.6926,53.28823,2022/01/05 00:00:00+00,Wed 05 Jan 2022,2139,913,0,3696880,3640863,240998,3937878,3881861,82.0644453007272,80.8970642817086,211
-7.6926,53.28823,2022/05/03 23:00:00+00,Wed 04 May 2022,113,128,0,3846551,3794169,241041,4087592,4035210,85.1844496187261,84.092821139189,212
-7.6926,53.28823,2022/08/29 23:00:00+00,Tue 30 Aug 2022,41,44,0,3856954,3811141,241054,4098008,4052195,85.4015165929321,84.4467845183066,213
-7.6926,53.28823,2020/12/29 00:00:00+00,Tue 29 Dec 2020,79,3,0,344,19,2,346,21,0.00721055809094431,0.000437635028641129,214
-7.6926,53.28823,2021/05/16 23:00:00+00,Mon 17 May 2021,35399,3959,120,1665758,653759,1733,1667491,655492,34.7501176925631,13.6602981044777,215
-7.6926,53.28823,2022/05/04 23:00:00+00,Thu 05 May 2022,112,165,0,3846663,3794334,241041,4087704,4035375,85.1867836722122,84.0962597001283,216
-7.6926,53.28823,2022/08/30 23:00:00+00,Wed 31 Aug 2022,28,30,0,3856982,3811171,241054,4098036,4052225,85.4021001063036,84.4474097112046,217
-7.6926,53.28823,2020/12/30 00:00:00+00,Wed 30 Dec 2020,1063,2,0,1407,21,2,1409,23,0.0293632264454929,0.000479314555178379,218
-7.6926,53.28823,2022/01/06 00:00:00+00,Thu 06 Jan 2022,2455,1697,1,3699335,3642560,240999,3940334,3883559,82.1156277593149,80.9324501997387,219
-7.6926,53.28823,2021/05/17 23:00:00+00,Tue 18 May 2021,39025,12511,127,1704783,666270,1860,1706643,668130,35.5660361040563,13.9236710326665,220
-7.6926,53.28823,2022/05/05 23:00:00+00,Fri 06 May 2022,138,257,0,3846801,3794591,241041,4087842,4035632,85.1896595595433,84.1016155192883,221
-7.6926,53.28823,2022/08/31 23:00:00+00,Thu 01 Sep 2022,32,29,0,3857014,3811200,241054,4098068,4052254,85.4027669787282,84.4480140643394,222
-7.6926,53.28823,2020/12/31 00:00:00+00,Thu 31 Dec 2020,1039,1,0,2446,22,2,2448,24,0.0510157404815944,0.000500154318447004,223
-7.6926,53.28823,2022/01/07 00:00:00+00,Fri 07 Jan 2022,4854,782,2,3704189,3643342,241001,3945190,3884343,82.2168256497473,80.9487885741413,224
-7.6926,53.28823,2021/05/18 23:00:00+00,Wed 19 May 2021,37042,17605,211,1741825,683875,2071,1743896,685946,36.3423798051024,14.2949522550604,225
-7.6926,53.28823,2022/05/06 23:00:00+00,Sat 07 May 2022,441,1088,0,3847242,3795679,241041,4088283,4036720,85.1988498951447,84.1242891817246,226
-7.6926,53.28823,2022/09/01 23:00:00+00,Fri 02 Sep 2022,47,51,0,3857061,3811251,241054,4098115,4052305,85.4037464476019,84.4490768922661,227
-7.6926,53.28823,2021/01/01 00:00:00+00,Fri 01 Jan 2021,819,0,0,3265,22,2,3267,24,0.0680835065985985,0.000500154318447004,228
-7.6926,53.28823,2022/01/08 00:00:00+00,Sat 08 Jan 2022,9789,744,2,3713978,3644086,241003,3954981,3885089,82.4208677719105,80.9643350375397,229
-7.6926,53.28823,2021/05/19 23:00:00+00,Thu 20 May 2021,39098,19647,136,1780923,703522,2207,1783130,705729,37.1600070771836,14.7072252918036,230
-7.6926,53.28823,2022/05/07 23:00:00+00,Sun 08 May 2022,274,437,0,3847516,3796116,241041,4088557,4037157,85.2045599902803,84.133396158273,231
-7.6926,53.28823,2022/09/02 23:00:00+00,Sat 03 Sep 2022,73,101,0,3857134,3811352,241054,4098188,4052406,85.4052677503205,84.4511817083563,232
-7.6926,53.28823,2021/01/02 00:00:00+00,Sat 02 Jan 2021,1020,0,0,4285,22,2,4287,24,0.0893400651325961,0.000500154318447004,233
-7.6926,53.28823,2022/01/09 00:00:00+00,Sun 09 Jan 2022,7116,667,0,3721094,3644753,241003,3962097,3885756,82.56916352733,80.9782351596399,234
-7.6926,53.28823,2021/05/20 23:00:00+00,Fri 21 May 2021,25847,23258,14935,1806770,726780,17142,1823912,743922,38.0098943028047,15.5031583703222,235
-7.6926,53.28823,2022/05/08 23:00:00+00,Mon 09 May 2022,24,32,0,3847540,3796148,241041,4088581,4037189,85.2050601445988,84.1340630306976,236
-7.6926,53.28823,2022/09/03 23:00:00+00,Sun 04 Sep 2022,58,82,0,3857192,3811434,241054,4098246,4052488,85.40647645659,84.4528905689443,237
-7.6926,53.28823,2021/01/03 00:00:00+00,Sun 03 Jan 2021,24,3,1,4309,25,3,4312,28,0.0898610592143118,0.000583513371521505,238
-7.6926,53.28823,2022/01/10 00:00:00+00,Mon 10 Jan 2022,6663,509,1,3727757,3645262,241004,3968761,3886266,82.7080397097521,80.9888634389069,239
-7.6926,53.28823,2021/05/21 23:00:00+00,Sat 22 May 2021,16594,10259,13523,1823364,737039,30665,1854029,767704,38.6375254531659,15.9987696203766,240
-7.6926,53.28823,2022/05/09 23:00:00+00,Tue 10 May 2022,80,98,1,3847620,3796246,241042,4088662,4037288,85.2067481654235,84.1361261672612,241
-7.6926,53.28823,2022/09/04 23:00:00+00,Mon 05 Sep 2022,9,5,0,3857201,3811439,241054,4098255,4052493,85.4066640144595,84.4529947677606,242
-7.6926,53.28823,2021/01/04 00:00:00+00,Mon 04 Jan 2021,1197,5,0,5506,30,3,5509,33,0.114806255846856,0.000687712187864631,243
-7.6926,53.28823,2022/01/11 00:00:00+00,Tue 11 Jan 2022,4780,1369,1,3732537,3646631,241005,3973542,3887636,82.8076746179394,81.0174139145849,244
-7.6926,53.28823,2022/01/12 00:00:00+00,Wed 12 Jan 2022,7558,927,1,3740095,3647558,241006,3981101,3888564,82.9652023884869,81.0367532148982,245
-7.6926,53.28823,2022/01/13 00:00:00+00,Thu 13 Jan 2022,7321,817,0,3747416,3648375,241006,3988422,3889381,83.1177702953765,81.0537793014886,246
-7.6926,53.28823,2022/01/14 00:00:00+00,Fri 14 Jan 2022,10723,835,0,3758139,3649210,241006,3999145,3890216,83.341235076906,81.071180503818,247
-7.6926,53.28823,2022/01/15 00:00:00+00,Sat 15 Jan 2022,8363,652,2,3766502,3649862,241008,4007510,3890870,83.5155596966481,81.0848097089956,248
-7.6926,53.28823,2022/01/16 00:00:00+00,Sun 16 Jan 2022,6965,1216,1,3773467,3651078,241009,4014476,3892087,83.6607294875773,81.1101717008935,249
-7.6926,53.28823,2022/01/17 00:00:00+00,Mon 17 Jan 2022,2562,562,0,3776029,3651640,241009,4017038,3892649,83.7141209610715,81.1218836478505,250
-7.6926,53.28823,2022/01/18 00:00:00+00,Tue 18 Jan 2022,4056,452,3,3780085,3652092,241012,4021097,3893104,83.7987095601789,81.1313657401377,251
-7.6926,53.28823,2022/01/19 00:00:00+00,Wed 19 Jan 2022,3486,622,0,3783571,3652714,241012,4024583,3893726,83.8713569749333,81.1443280728908,252
-7.6926,53.28823,2022/01/20 00:00:00+00,Thu 20 Jan 2022,3698,938,0,3787269,3653652,241012,4028281,3894664,83.9484224195007,81.1638757708368,253
-7.6926,53.28823,2022/01/21 00:00:00+00,Fri 21 Jan 2022,3252,977,0,3790521,3654629,241012,4031533,3895641,84.0161933296503,81.1842362195502,254
-7.6926,53.28823,2022/01/22 00:00:00+00,Sat 22 Jan 2022,4272,645,0,3794793,3655274,241012,4035805,3896286,84.1052207983338,81.1976778668585,255
-7.6926,53.28823,2022/01/23 00:00:00+00,Sun 23 Jan 2022,3092,680,0,3797885,3655954,241012,4038897,3896966,84.1696573463604,81.2118489058812,256
-7.6926,53.28823,2022/01/24 00:00:00+00,Mon 24 Jan 2022,646,468,0,3798531,3656422,241012,4039543,3897434,84.1831198334319,81.2216019150909,257
-7.6926,53.28823,2022/01/25 00:00:00+00,Tue 25 Jan 2022,692,1836,0,3799223,3658258,241012,4040235,3899270,84.1975409496138,81.2598637204521,258
-7.6926,53.28823,2022/01/26 00:00:00+00,Wed 26 Jan 2022,700,897,0,3799923,3659155,241012,4040935,3900167,84.2121287839019,81.278556988104,259
-7.6926,53.28823,2022/01/27 00:00:00+00,Thu 27 Jan 2022,1274,1179,0,3801197,3660334,241012,4042209,3901346,84.2386786423061,81.3031270689978,260
-7.6926,53.28823,2022/01/28 00:00:00+00,Fri 28 Jan 2022,1028,3095,1,3802225,3663429,241013,4043238,3904442,84.2601227587095,81.3676469760774,261
-7.6926,53.28823,2022/01/29 00:00:00+00,Sat 29 Jan 2022,2328,3445,0,3804553,3666874,241013,4045566,3907887,84.3086377275989,81.4394399605378,262
-7.6926,53.28823,2022/01/30 00:00:00+00,Sun 30 Jan 2022,1639,7536,0,3806192,3674410,241013,4047205,3915423,84.3427940995961,81.5964884165302,263
-7.6926,53.28823,2022/01/31 00:00:00+00,Mon 31 Jan 2022,481,1394,0,3806673,3675804,241013,4047686,3916817,84.3528180257284,81.6255390465267,264
-7.6926,53.28823,2022/02/01 00:00:00+00,Tue 01 Feb 2022,749,3418,1,3807422,3679222,241014,4048436,3920236,84.3684478481798,81.6967901971421,265
-7.6926,53.28823,2022/02/02 00:00:00+00,Wed 02 Feb 2022,650,2996,0,3808072,3682218,241014,4049086,3923232,84.3819936943044,81.7592261278949,266
-7.6926,53.28823,2022/02/03 00:00:00+00,Thu 03 Feb 2022,907,2436,1,3808979,3684654,241015,4049994,3925669,84.4009161993523,81.8100126309805,267
-7.6926,53.28823,2022/02/04 00:00:00+00,Fri 04 Feb 2022,1173,6523,0,3810152,3691177,241015,4051167,3932192,84.4253612416664,81.9459504067818,268
-7.6926,53.28823,2022/02/05 00:00:00+00,Sat 05 Feb 2022,1777,5750,0,3811929,3696927,241015,4052944,3937942,84.4623935009948,82.0657790455764,269
-7.6926,53.28823,2022/02/06 00:00:00+00,Sun 06 Feb 2022,1407,7555,0,3813336,3704482,241015,4054351,3945497,84.4917150479137,82.2232234570708,270
-7.6926,53.28823,2022/02/07 00:00:00+00,Mon 07 Feb 2022,439,1351,0,3813775,3705833,241015,4054790,3946848,84.5008637039887,82.2513779772467,271
-7.6926,53.28823,2022/02/08 00:00:00+00,Tue 08 Feb 2022,899,1238,0,3814674,3707071,241015,4055689,3948086,84.5195986511672,82.2771776041733,272
-7.6926,53.28823,2022/02/09 00:00:00+00,Wed 09 Feb 2022,1335,1784,0,3816009,3708855,241015,4057024,3949870,84.5474197351308,82.3143557418445,273
-7.6926,53.28823,2022/02/10 00:00:00+00,Thu 10 Feb 2022,686,2552,0,3816695,3711407,241015,4057710,3952422,84.5617158127331,82.367538817706,274
-7.6926,53.28823,2022/02/11 00:00:00+00,Fri 11 Feb 2022,546,4922,0,3817241,3716329,241015,4058256,3957344,84.5730943234777,82.4701121325142,275
-7.6926,53.28823,2022/02/12 00:00:00+00,Sat 12 Feb 2022,1397,5463,0,3818638,3721792,241015,4059653,3962807,84.602207472764,82.5839597592507,276
-7.6926,53.28823,2022/02/13 00:00:00+00,Sun 13 Feb 2022,1566,4706,0,3820204,3726498,241015,4061219,3967513,84.6348425420426,82.6820316851929,277
-7.6926,53.28823,2022/02/14 00:00:00+00,Mon 14 Feb 2022,174,954,0,3820378,3727452,241015,4061393,3968467,84.6384686608514,82.7019128193511,278
-7.6926,53.28823,2022/02/15 00:00:00+00,Tue 15 Feb 2022,649,818,1,3821027,3728270,241016,4062043,3969286,84.652014506976,82.7189805854681,279
-7.6926,53.28823,2022/02/16 00:00:00+00,Wed 16 Feb 2022,798,1786,0,3821825,3730056,241016,4062841,3971072,84.6686446380644,82.7562004026659,280
-7.6926,53.28823,2022/02/17 00:00:00+00,Thu 17 Feb 2022,790,1194,2,3822615,3731250,241018,4063633,3972268,84.6851497305731,82.7811247595352,281
-7.6926,53.28823,2022/02/18 00:00:00+00,Fri 18 Feb 2022,791,3295,0,3823406,3734545,241018,4064424,3975563,84.7016339833186,82.8497917795053,282
-7.6926,53.28823,2022/02/19 00:00:00+00,Sat 19 Feb 2022,980,3555,0,3824386,3738100,241018,4065404,3979118,84.7220569513219,82.9238771379253,283
-7.6926,53.28823,2022/02/20 00:00:00+00,Sun 20 Feb 2022,1365,3588,0,3825751,3741688,241018,4066769,3982706,84.7505032281835,82.9986502085331,284
-7.6926,53.28823,2022/02/21 00:00:00+00,Mon 21 Feb 2022,254,995,1,3826005,3742683,241019,4067024,3983702,84.755817367817,83.0194066127486,285
-7.6926,53.28823,2022/02/22 00:00:00+00,Tue 22 Feb 2022,476,981,1,3826481,3743664,241020,4067501,3984684,84.7657579348962,83.0398712602784,286
-7.6926,53.28823,2022/02/23 00:00:00+00,Wed 23 Feb 2022,829,1273,1,3827310,3744937,241021,4068331,3985958,84.7830549384091,83.0664211186827,287
-7.6926,53.28823,2022/02/24 00:00:00+00,Thu 24 Feb 2022,654,1233,0,3827964,3746170,241021,4068985,3987191,84.7966841435868,83.0921165467929,288
-7.6926,53.28823,2022/02/25 00:00:00+00,Fri 25 Feb 2022,692,1227,0,3828656,3747397,241021,4069677,3988418,84.8111052597687,83.1176869363235,289
-7.6926,53.28823,2022/02/26 00:00:00+00,Sat 26 Feb 2022,960,2092,0,3829616,3749489,241021,4070637,3990510,84.8311114325066,83.1612837210814,290
-7.6926,53.28823,2022/02/27 00:00:00+00,Sun 27 Feb 2022,671,1783,0,3830287,3751272,241021,4071308,3992293,84.8450949136598,83.1984410189894,291
-7.6926,53.28823,2022/02/28 00:00:00+00,Mon 28 Feb 2022,81,432,0,3830368,3751704,241021,4071389,3992725,84.8467829344846,83.2074437967214,292
-7.6926,53.28823,2022/03/01 00:00:00+00,Tue 01 Mar 2022,132,936,0,3830500,3752640,241021,4071521,3993661,84.849533783236,83.2269498151409,293
-7.6926,53.28823,2022/03/02 00:00:00+00,Wed 02 Mar 2022,206,997,2,3830706,3753637,241023,4071729,3994660,84.8538684539959,83.2477687386462,294
-7.6926,53.28823,2022/03/03 00:00:00+00,Thu 03 Mar 2022,278,1277,0,3830984,3754914,241023,4072007,3995937,84.8596619081846,83.2743811163403,295
-7.6926,53.28823,2022/03/04 00:00:00+00,Fri 04 Mar 2022,735,1508,1,3831719,3756422,241024,4072743,3997446,84.8749999739503,83.3058283191126,296
-7.6926,53.28823,2022/03/05 00:00:00+00,Sat 05 Mar 2022,962,3341,0,3832681,3759763,241024,4073705,4000787,84.8950478262147,83.3754539681931,297
-7.6926,53.28823,2022/03/06 00:00:00+00,Sun 06 Mar 2022,455,1915,0,3833136,3761678,241024,4074160,4002702,84.9045299185019,83.4153621148525,298
-7.6926,53.28823,2022/03/07 00:00:00+00,Mon 07 Mar 2022,115,124,1,3833251,3761802,241025,4074276,4002827,84.9069473310411,83.4179670852611,299
-7.6926,53.28823,2022/03/08 00:00:00+00,Tue 08 Mar 2022,120,493,0,3833371,3762295,241025,4074396,4003320,84.9094481026333,83.4282410885525,300
-7.6926,53.28823,2022/03/09 00:00:00+00,Wed 09 Mar 2022,129,345,1,3833500,3762640,241026,4074526,4003666,84.9121572718583,83.4354516466435,301
-7.6926,53.28823,2022/03/10 00:00:00+00,Thu 10 Mar 2022,259,508,0,3833759,3763148,241026,4074785,4004174,84.9175547705448,83.4460382463839,302
-7.6926,53.28823,2022/03/11 00:00:00+00,Fri 11 Mar 2022,492,2182,0,3834251,3765330,241026,4075277,4006356,84.927807934073,83.4915106098361,303
-7.6926,53.28823,2022/03/12 00:00:00+00,Sat 12 Mar 2022,473,2391,2,3834724,3767721,241028,4075752,4008749,84.9377068216256,83.5413801633379,304
-7.6926,53.28823,2022/03/13 00:00:00+00,Sun 13 Mar 2022,358,1082,0,3835082,3768803,241028,4076110,4009831,84.9451674568758,83.5639287871946,305
-7.6926,53.28823,2022/03/14 00:00:00+00,Mon 14 Mar 2022,109,122,0,3835191,3768925,241028,4076219,4009953,84.947438991072,83.5664712383133,306
-7.6926,53.28823,2022/03/15 00:00:00+00,Tue 15 Mar 2022,222,755,1,3835413,3769680,241029,4076442,4010709,84.9520862582809,83.5822260993444,307
-7.6926,53.28823,2022/03/16 00:00:00+00,Wed 16 Mar 2022,195,798,0,3835608,3770478,241029,4076637,4011507,84.9561500121183,83.5988562304328,308
-7.6926,53.28823,2022/03/18 00:00:00+00,Fri 18 Mar 2022,3,6,0,3835611,3770484,241029,4076640,4011513,84.9562125314081,83.5989812690124,309
-7.6926,53.28823,2022/03/19 00:00:00+00,Sat 19 Mar 2022,743,2778,0,3836354,3773262,241029,4077383,4014291,84.9716964755167,83.6568741313726,310
-7.6926,53.28823,2022/03/20 00:00:00+00,Sun 20 Mar 2022,395,1402,0,3836749,3774664,241029,4077778,4015693,84.9799281820078,83.6860914794752,311
-7.6926,53.28823,2022/03/21 00:00:00+00,Mon 21 Mar 2022,56,112,0,3836805,3774776,241029,4077834,4015805,84.9810952087509,83.6884255329613,312
-7.6926,53.28823,2022/03/22 00:00:00+00,Tue 22 Mar 2022,141,576,0,3836946,3775352,241029,4077975,4016381,84.9840336153717,83.7004292366041,313
-7.6926,53.28823,2022/03/23 00:00:00+00,Wed 23 Mar 2022,101,221,0,3837047,3775573,241029,4078076,4016602,84.9861384314619,83.7050348242864,314
-7.6926,53.28823,2022/03/24 00:00:00+00,Thu 24 Mar 2022,147,247,0,3837194,3775820,241029,4078223,4016849,84.9892018766624,83.7101822458138,315
-7.6926,53.28823,2022/03/25 00:00:00+00,Fri 25 Mar 2022,434,1625,0,3837628,3777445,241029,4078657,4018474,84.9982463339209,83.7440468611253,316
-7.6926,53.28823,2022/03/26 00:00:00+00,Sat 26 Mar 2022,874,1848,1,3838502,3779293,241030,4079532,4020323,85.016481126781,83.782579583409,317
-7.6926,53.28823,2022/03/27 00:00:00+00,Sun 27 Mar 2022,380,803,0,3838882,3780096,241030,4079912,4021126,85.0244002368231,83.7993139133137,318
-7.6926,53.28823,2022/03/27 23:00:00+00,Mon 28 Mar 2022,44,53,1,3838926,3780149,241031,4079957,4021180,85.0253380261702,83.8004392605302,319
-7.6926,53.28823,2022/03/28 23:00:00+00,Tue 29 Mar 2022,137,193,3,3839063,3780342,241034,4080097,4021376,85.0282555930278,83.8045238541308,320
-7.6926,53.28823,2022/03/29 23:00:00+00,Wed 30 Mar 2022,109,135,0,3839172,3780477,241034,4080206,4021511,85.030527127224,83.8073372221721,321
-7.6926,53.28823,2022/03/30 23:00:00+00,Thu 31 Mar 2022,227,360,0,3839399,3780837,241034,4080433,4021871,85.035257753486,83.8148395369488,322
-7.6926,53.28823,2022/03/31 23:00:00+00,Fri 01 Apr 2022,307,905,0,3839706,3781742,241034,4080740,4022776,85.0416555608095,83.8336995227069,323
-7.6926,53.28823,2022/04/01 23:00:00+00,Sat 02 Apr 2022,729,1538,1,3840435,3783280,241035,4081470,4024315,85.0568685879956,83.8657719183773,324
-7.6926,53.28823,2022/04/02 23:00:00+00,Sun 03 Apr 2022,538,815,0,3840973,3784095,241035,4082008,4025130,85.0680803806341,83.8827563254412,325
-7.6926,53.28823,2022/04/03 23:00:00+00,Mon 04 Apr 2022,50,51,0,3841023,3784146,241035,4082058,4025181,85.0691223687975,83.8838191533679,326
-7.6926,53.28823,2022/04/04 23:00:00+00,Tue 05 Apr 2022,130,169,0,3841153,3784315,241035,4082188,4025350,85.0718315380225,83.8873410733603,327
-7.6926,53.28823,2022/04/05 23:00:00+00,Wed 06 Apr 2022,158,210,0,3841311,3784525,241035,4082346,4025560,85.0751242206189,83.8917174236468,328
-7.6926,53.28823,2022/04/06 23:00:00+00,Thu 07 Apr 2022,117,178,0,3841428,3784703,241035,4082463,4025738,85.0775624729213,83.8954269015086,329
-7.6926,53.28823,2022/04/07 23:00:00+00,Fri 08 Apr 2022,256,422,2,3841684,3785125,241037,4082721,4026162,85.0829391318446,83.9042629611345,330
-7.6926,53.28823,2022/04/08 23:00:00+00,Sat 09 Apr 2022,558,1018,0,3842242,3786143,241037,4083279,4027180,85.0945677197485,83.9254778401419,331
-7.6926,53.28823,2022/04/09 23:00:00+00,Sun 10 Apr 2022,413,719,0,3842655,3786862,241037,4083692,4027899,85.1031745419785,83.9404616299321,332
-7.6926,53.28823,2022/05/10 23:00:00+00,Wed 11 May 2022,112,132,0,3847732,3796378,241042,4088774,4037420,85.2090822189096,84.1388770160126,333
-7.6926,53.28823,2022/09/05 23:00:00+00,Tue 06 Sep 2022,42,22,0,3857243,3811461,241054,4098297,4052515,85.4075392845167,84.4534532425525,334
-7.6926,53.28823,2021/01/05 00:00:00+00,Tue 05 Jan 2021,3542,14,0,9048,44,3,9051,47,0.188620697344326,0.000979468873625383,335
-7.6926,53.28823,2022/05/11 23:00:00+00,Thu 12 May 2022,207,398,0,3847939,3796776,241042,4088981,4037818,85.2133960499062,84.1471712417936,336
-7.6926,53.28823,2021/05/22 23:00:00+00,Sun 23 May 2021,8227,5536,10205,1831591,742575,40870,1872461,783445,39.0216439697332,16.326808333988,337
-7.6926,53.28823,2021/01/06 00:00:00+00,Wed 06 Jan 2021,6789,14,0,15837,58,3,15840,61,0.330101850175023,0.00127122555938614,338
-7.6926,53.28823,2022/05/12 23:00:00+00,Fri 13 May 2022,173,327,0,3848112,3797103,241042,4089154,4038145,85.2170013289517,84.1539858443824,339
-7.6926,53.28823,2022/09/06 23:00:00+00,Wed 07 Sep 2022,49,42,0,3857292,3811503,241054,4098346,4052557,85.4085604329169,84.4543285126098,340
-7.6926,53.28823,2021/01/07 00:00:00+00,Thu 07 Jan 2021,11737,9,0,27574,67,3,27577,70,0.574698151658876,0.00145878342880376,341
-7.6926,53.28823,2022/05/13 23:00:00+00,Sat 14 May 2022,333,633,0,3848445,3797736,241042,4089487,4038778,85.2239409701202,84.1671774145315,342
-7.6926,53.28823,2022/09/07 23:00:00+00,Thu 08 Sep 2022,39,49,2,3857331,3811552,241056,4098387,4052608,85.4094148632109,84.4553913405365,343
-7.6926,53.28823,2021/01/08 00:00:00+00,Fri 08 Jan 2021,12687,6,0,40261,73,3,40264,76,0.839092228247924,0.00158382200841551,344
-7.6926,53.28823,2021/05/23 23:00:00+00,Mon 24 May 2021,22567,8238,8452,1854158,750813,49322,1903480,800135,39.6680725865626,16.6746239829414,345
-7.6926,53.28823,2021/01/09 00:00:00+00,Sat 09 Jan 2021,8077,7,0,48338,80,3,48341,83,1.00741499616861,0.00172970035129589,346
-7.6926,53.28823,2022/09/08 23:00:00+00,Fri 09 Sep 2022,63,61,0,3857394,3811613,241056,4098450,4052669,85.4107277682969,84.4566625660959,347
-7.6926,53.28823,2022/05/14 23:00:00+00,Sun 15 May 2022,168,254,0,3848613,3797990,241042,4089655,4039032,85.2274420503493,84.1724707144017,348
-7.6926,53.28823,2021/05/24 23:00:00+00,Tue 25 May 2021,30362,16516,3224,1884520,767329,52546,1937066,819875,40.3679968757027,17.0860009098641,349
-7.6926,53.28823,2021/01/10 00:00:00+00,Sun 10 Jan 2021,4787,5,1,53125,85,4,53129,89,1.10719578269879,0.00185473893090764,350
-7.6926,53.28823,2022/09/09 23:00:00+00,Sat 10 Sep 2022,94,135,0,3857488,3811748,241056,4098544,4052804,85.4126867060441,84.4594759341372,351
-7.6926,53.28823,2022/05/15 23:00:00+00,Mon 16 May 2022,31,41,0,3848644,3798031,241042,4089686,4039073,85.2280880830106,84.1733251446957,352
-7.6926,53.28823,2021/05/25 23:00:00+00,Wed 26 May 2021,19989,25475,3054,1904509,792804,55600,1960109,848404,40.8482075407016,17.6805385161547,353
-7.6926,53.28823,2021/01/11 00:00:00+00,Mon 11 Jan 2021,8349,8,0,61474,93,4,61478,97,1.28118696622854,0.00202145703705664,354
-7.6926,53.28823,2022/09/10 23:00:00+00,Sun 11 Sep 2022,58,58,0,3857546,3811806,241056,4098602,4052862,85.4138954123137,84.4606846404068,355
-7.6926,53.28823,2022/05/16 23:00:00+00,Tue 17 May 2022,97,102,0,3848741,3798133,241042,4089783,4039175,85.2301095400477,84.1754508005491,356
-7.6926,53.28823,2021/05/26 23:00:00+00,Thu 27 May 2021,17022,36057,550,1921531,828861,56150,1977681,885011,41.2144038608579,18.4434197301292,357
-7.6926,53.28823,2021/01/12 00:00:00+00,Tue 12 Jan 2021,8896,14,0,70370,107,4,70374,111,1.46657750026623,0.00231321372281739,358
-7.6926,53.28823,2022/09/11 23:00:00+00,Mon 12 Sep 2022,13,13,0,3857559,3811819,241056,4098615,4052875,85.4141663292362,84.4609555573293,359
-7.6926,53.28823,2022/05/17 23:00:00+00,Wed 18 May 2022,98,123,0,3848839,3798256,241042,4089881,4039298,85.232151836848,84.1780140914311,360
-7.6926,53.28823,2021/05/27 23:00:00+00,Fri 28 May 2021,27056,31840,1562,1948587,860701,57712,2006299,918413,41.8107962060794,19.1395095028278,361
-7.6926,53.28823,2021/01/13 00:00:00+00,Wed 13 Jan 2021,9899,4,0,80269,111,4,80273,115,1.67287031686235,0.0023965727758919,362
-7.6926,53.28823,2022/09/12 23:00:00+00,Tue 13 Sep 2022,29,25,0,3857588,3811844,241056,4098644,4052900,85.414770682371,84.461476551411,363
-7.6926,53.28823,2022/05/18 23:00:00+00,Thu 19 May 2022,73,106,0,3848912,3798362,241042,4089954,4039404,85.2336731395666,84.1802231063376,364
-7.6926,53.28823,2022/05/19 23:00:00+00,Fri 20 May 2022,127,208,0,3849039,3798570,241042,4090081,4039612,85.2363197895017,84.1845577770975,365
-7.6926,53.28823,2022/05/20 23:00:00+00,Sat 21 May 2022,392,762,0,3849431,3799332,241042,4090473,4040374,85.244488976703,84.2004376767082,366
-7.6926,53.28823,2022/05/21 23:00:00+00,Sun 22 May 2022,234,409,0,3849665,3799741,241042,4090707,4040783,85.2493654813079,84.208961139885,367
-7.6926,53.28823,2022/05/22 23:00:00+00,Mon 23 May 2022,27,35,0,3849692,3799776,241042,4090734,4040818,85.2499281549161,84.2096905315994,368
-7.6926,53.28823,2022/05/23 23:00:00+00,Tue 24 May 2022,64,83,0,3849756,3799859,241042,4090798,4040901,85.2512618997653,84.2114202319507,369
-7.6926,53.28823,2022/05/24 23:00:00+00,Wed 25 May 2022,86,134,1,3849842,3799993,241043,4090885,4041036,85.2530749591697,84.214233599992,370
-7.6926,53.28823,2022/05/25 23:00:00+00,Thu 26 May 2022,98,155,0,3849940,3800148,241043,4090983,4041191,85.25511725597,84.2174637632986,371
-7.6926,53.28823,2022/05/26 23:00:00+00,Fri 27 May 2022,95,152,0,3850035,3800300,241043,4091078,4041343,85.2570970334805,84.2206314073155,372
-7.6926,53.28823,2022/05/27 23:00:00+00,Sat 28 May 2022,335,580,0,3850370,3800880,241043,4091413,4041923,85.2640783541755,84.2327184700113,373
-7.6926,53.28823,2022/05/28 23:00:00+00,Sun 29 May 2022,182,349,0,3850552,3801229,241043,4091595,4042272,85.2678711910904,84.239991547392,374
-7.6926,53.28823,2022/05/29 23:00:00+00,Mon 30 May 2022,8,23,0,3850560,3801252,241043,4091603,4042295,85.2680379091966,84.2404708619472,375
-7.6926,53.28823,2022/05/30 23:00:00+00,Tue 31 May 2022,65,79,2,3850625,3801331,241045,4091670,4042376,85.2694341733356,84.242158882772,376
-7.6926,53.28823,2022/05/31 23:00:00+00,Wed 01 Jun 2022,68,102,0,3850693,3801433,241045,4091738,4042478,85.2708512772378,84.2442845386254,377
-7.6926,53.28823,2022/06/01 23:00:00+00,Thu 02 Jun 2022,91,141,0,3850784,3801574,241045,4091829,4042619,85.2727476956953,84.2472229452462,378
-7.6926,53.28823,2022/06/02 23:00:00+00,Fri 03 Jun 2022,60,143,0,3850844,3801717,241045,4091889,4042762,85.2739980814914,84.2502030313936,379
-7.6926,53.28823,2022/06/03 23:00:00+00,Sat 04 Jun 2022,305,607,0,3851149,3802324,241045,4092194,4043369,85.2803542092883,84.2628527676977,380
-7.6926,53.28823,2022/06/04 23:00:00+00,Sun 05 Jun 2022,143,273,0,3851292,3802597,241045,4092337,4043642,85.2833342954357,84.26854202307,381
-7.6926,53.28823,2022/06/05 23:00:00+00,Mon 06 Jun 2022,4,7,1,3851296,3802604,241046,4092342,4043650,85.2834384942521,84.2687087411762,382
-7.6926,53.28823,2022/06/06 23:00:00+00,Tue 07 Jun 2022,29,52,0,3851325,3802656,241046,4092371,4043702,85.2840428473869,84.2697924088662,383
-7.6926,53.28823,2022/06/07 23:00:00+00,Wed 08 Jun 2022,36,76,0,3851361,3802732,241046,4092407,4043778,85.2847930788645,84.2713762308746,384
-7.6926,53.28823,2022/06/08 23:00:00+00,Thu 09 Jun 2022,73,122,0,3851434,3802854,241046,4092480,4043900,85.2863143815832,84.2739186819933,385
-7.6926,53.28823,2022/06/09 23:00:00+00,Fri 10 Jun 2022,56,108,0,3851490,3802962,241046,4092536,4044008,85.2874814083262,84.2761693764264,386
-7.6926,53.28823,2022/06/10 23:00:00+00,Sat 11 Jun 2022,189,562,0,3851679,3803524,241046,4092725,4044570,85.291420123584,84.2878813233833,387
-7.6926,53.28823,2022/06/11 23:00:00+00,Sun 12 Jun 2022,143,288,0,3851822,3803812,241046,4092868,4044858,85.2944002097314,84.2938831752047,388
-7.6926,53.28823,2022/06/12 23:00:00+00,Mon 13 Jun 2022,17,44,0,3851839,3803856,241046,4092885,4044902,85.2947544857069,84.2948001247885,389
-7.6926,53.28823,2022/06/13 23:00:00+00,Tue 14 Jun 2022,37,55,0,3851876,3803911,241046,4092922,4044957,85.2955255569479,84.2959463117683,390
-7.6926,53.28823,2022/06/14 23:00:00+00,Wed 15 Jun 2022,66,123,0,3851942,3804034,241046,4092988,4045080,85.2969009813236,84.2985096026503,391
-7.6926,53.28823,2022/06/15 23:00:00+00,Thu 16 Jun 2022,42,85,0,3851984,3804119,241046,4093030,4045165,85.2977762513809,84.3002809825282,392
-7.6926,53.28823,2022/06/16 23:00:00+00,Fri 17 Jun 2022,58,95,0,3852042,3804214,241046,4093088,4045260,85.2989849576505,84.3022607600387,393
-7.6926,53.28823,2022/06/17 23:00:00+00,Sat 18 Jun 2022,223,488,0,3852265,3804702,241046,4093311,4045748,85.3036322248594,84.3124305645138,394
-7.6926,53.28823,2022/06/18 23:00:00+00,Sun 19 Jun 2022,80,129,0,3852345,3804831,241046,4093391,4045877,85.3052994059209,84.3151188939754,395
-7.6926,53.28823,2022/06/19 23:00:00+00,Mon 20 Jun 2022,9,28,0,3852354,3804859,241046,4093400,4045905,85.3054869637903,84.3157024073469,396
-7.6926,53.28823,2022/06/20 23:00:00+00,Tue 21 Jun 2022,74,169,1,3852428,3805028,241047,4093475,4046075,85.3070499460354,84.3192451671026,397
-7.6926,53.28823,2022/06/21 23:00:00+00,Wed 22 Jun 2022,60,94,0,3852488,3805122,241047,4093535,4046169,85.3083003318316,84.3212041048498,398
-7.6926,53.28823,2022/06/22 23:00:00+00,Thu 23 Jun 2022,64,114,0,3852552,3805236,241047,4093599,4046283,85.3096340766807,84.3235798378625,399
-7.6926,53.28823,2022/06/23 23:00:00+00,Fri 24 Jun 2022,55,93,1,3852607,3805329,241048,4093655,4046377,85.3108011034238,84.3255387756097,400
-7.6926,53.28823,2022/06/24 23:00:00+00,Sat 25 Jun 2022,210,293,0,3852817,3805622,241048,4093865,4046670,85.3151774537102,84.3316448262474,401
-7.6926,53.28823,2022/06/25 23:00:00+00,Sun 26 Jun 2022,174,402,0,3852991,3806024,241048,4094039,4047072,85.3188035725189,84.3400224110814,402
-7.6926,53.28823,2022/06/26 23:00:00+00,Mon 27 Jun 2022,4,33,0,3852995,3806057,241048,4094043,4047105,85.318886931572,84.3407101232693,403
-7.6926,53.28823,2022/06/27 23:00:00+00,Tue 28 Jun 2022,48,60,0,3853043,3806117,241048,4094091,4047165,85.3198872402089,84.3419605090654,404
-7.6926,53.28823,2022/06/28 23:00:00+00,Wed 29 Jun 2022,63,81,3,3853106,3806198,241051,4094157,4047249,85.3212626645846,84.34371104918,405
-7.6926,53.28823,2022/06/29 23:00:00+00,Thu 30 Jun 2022,49,88,0,3853155,3806286,241051,4094206,4047337,85.3222838129848,84.3455449483476,406
-7.6926,53.28823,2022/06/30 23:00:00+00,Fri 01 Jul 2022,46,64,0,3853201,3806350,241051,4094252,4047401,85.3232424420952,84.3468786931968,407
-7.6926,53.28823,2022/07/01 23:00:00+00,Sat 02 Jul 2022,182,228,0,3853383,3806578,241051,4094434,4047629,85.32703527901,84.351630159222,408
-7.6926,53.28823,2022/07/02 23:00:00+00,Sun 03 Jul 2022,108,273,0,3853491,3806851,241051,4094542,4047902,85.3292859734431,84.3573194145944,409
-7.6926,53.28823,2022/07/03 23:00:00+00,Mon 04 Jul 2022,13,15,0,3853504,3806866,241051,4094555,4047917,85.3295568903655,84.3576320110434,410
-7.6926,53.28823,2022/07/04 23:00:00+00,Tue 05 Jul 2022,51,69,0,3853555,3806935,241051,4094606,4047986,85.3306197182922,84.3590699547089,411
-7.6926,53.28823,2022/07/05 23:00:00+00,Wed 06 Jul 2022,60,83,0,3853615,3807018,241051,4094666,4048069,85.3318701040884,84.3607996550602,412
-7.6926,53.28823,2022/07/06 23:00:00+00,Thu 07 Jul 2022,76,77,0,3853691,3807095,241051,4094742,4048146,85.3334539260968,84.3624043168319,413
-7.6926,53.28823,2022/07/07 23:00:00+00,Fri 08 Jul 2022,99,90,0,3853790,3807185,241051,4094841,4048236,85.3355170626604,84.3642798955261,414
-7.6926,53.28823,2022/07/08 23:00:00+00,Sat 09 Jul 2022,119,143,0,3853909,3807328,241051,4094960,4048379,85.3379969944893,84.3672599816735,415
-7.6926,53.28823,2022/07/09 23:00:00+00,Sun 10 Jul 2022,132,219,0,3854041,3807547,241051,4095092,4048598,85.3407478432408,84.3718238898293,416
-7.6926,53.28823,2022/07/10 23:00:00+00,Mon 11 Jul 2022,11,16,0,3854052,3807563,241051,4095103,4048614,85.3409770806368,84.3721573260416,417
-7.6926,53.28823,2022/07/11 23:00:00+00,Tue 12 Jul 2022,44,81,0,3854096,3807644,241051,4095147,4048695,85.3418940302206,84.3738453468664,418
-7.6926,53.28823,2022/07/12 23:00:00+00,Wed 13 Jul 2022,99,74,0,3854195,3807718,241051,4095246,4048769,85.3439571667842,84.3753874893483,419
-7.6926,53.28823,2022/07/13 23:00:00+00,Thu 14 Jul 2022,71,39,0,3854266,3807757,241051,4095317,4048808,85.3454367899762,84.3762002401158,420
-7.6926,53.28823,2022/07/14 23:00:00+00,Fri 15 Jul 2022,80,118,1,3854346,3807875,241052,4095398,4048927,85.347124810801,84.3786801719447,421
-7.6926,53.28823,2022/07/15 23:00:00+00,Sat 16 Jul 2022,124,210,0,3854470,3808085,241052,4095522,4049137,85.3497089414463,84.3830565222311,422
-7.6926,53.28823,2022/07/16 23:00:00+00,Sun 17 Jul 2022,119,165,0,3854589,3808250,241052,4095641,4049302,85.3521888732753,84.3864950831705,423
-7.6926,53.28823,2022/07/17 23:00:00+00,Mon 18 Jul 2022,14,18,0,3854603,3808268,241052,4095655,4049320,85.352480629961,84.3868701989093,424
-7.6926,53.28823,2022/07/18 23:00:00+00,Tue 19 Jul 2022,30,33,0,3854633,3808301,241052,4095685,4049353,85.3531058228591,84.3875579110972,425
-7.6926,53.28823,2022/07/19 23:00:00+00,Wed 20 Jul 2022,78,66,0,3854711,3808367,241052,4095763,4049419,85.3547313243941,84.3889333354729,426
-7.6926,53.28823,2022/07/20 23:00:00+00,Thu 21 Jul 2022,52,30,0,3854763,3808397,241052,4095815,4049449,85.355814992084,84.3895585283709,427
-7.6926,53.28823,2022/07/21 23:00:00+00,Fri 22 Jul 2022,73,70,0,3854836,3808467,241052,4095888,4049519,85.3573362948026,84.3910173117997,428
-7.6926,53.28823,2022/07/22 23:00:00+00,Sat 23 Jul 2022,99,175,0,3854935,3808642,241052,4095987,4049694,85.3593994313662,84.3946642703717,429
-7.6926,53.28823,2022/07/23 23:00:00+00,Sun 24 Jul 2022,108,231,0,3855043,3808873,241052,4096095,4049925,85.3616501257992,84.3994782556868,430
-7.6926,53.28823,2022/07/24 23:00:00+00,Mon 25 Jul 2022,14,23,0,3855057,3808896,241052,4096109,4049948,85.361941882485,84.399957570242,431
-7.6926,53.28823,2022/07/25 23:00:00+00,Tue 26 Jul 2022,18,16,0,3855075,3808912,241052,4096127,4049964,85.3623169982238,84.4002910064543,432
-7.6926,53.28823,2022/07/26 23:00:00+00,Wed 27 Jul 2022,60,72,1,3855135,3808984,241053,4096188,4050037,85.3635882237832,84.4018123091729,433
-7.6926,53.28823,2022/07/27 23:00:00+00,Thu 28 Jul 2022,49,71,0,3855184,3809055,241053,4096237,4050108,85.3646093721834,84.403291932365,434
-7.6926,53.28823,2022/07/28 23:00:00+00,Fri 29 Jul 2022,71,105,0,3855255,3809160,241053,4096308,4050213,85.3660889953754,84.4054801075082,435
-7.6926,53.28823,2022/07/29 23:00:00+00,Sat 30 Jul 2022,100,119,0,3855355,3809279,241053,4096408,4050332,85.3681729717023,84.4079600393371,436
-7.6926,53.28823,2022/07/30 23:00:00+00,Sun 31 Jul 2022,32,57,0,3855387,3809336,241053,4096440,4050389,85.3688398441269,84.4091479058435,437
-7.6926,53.28823,2022/07/31 23:00:00+00,Mon 01 Aug 2022,9,15,0,3855396,3809351,241053,4096449,4050404,85.3690274019963,84.4094605022925,438
-7.6926,53.28823,2022/08/01 23:00:00+00,Tue 02 Aug 2022,36,28,0,3855432,3809379,241053,4096485,4050432,85.369777633474,84.410044015664,439
-7.6926,53.28823,2022/08/02 23:00:00+00,Wed 03 Aug 2022,93,139,0,3855525,3809518,241053,4096578,4050571,85.371715731458,84.4129407427583,440
-7.6926,53.28823,2022/08/03 23:00:00+00,Thu 04 Aug 2022,45,52,0,3855570,3809570,241053,4096623,4050623,85.3726535208051,84.4140244104483,441
-7.6926,53.28823,2022/08/04 23:00:00+00,Fri 05 Aug 2022,96,91,0,3855666,3809661,241053,4096719,4050714,85.3746541380789,84.4159208289058,442
-7.6926,53.28823,2021/01/14 00:00:00+00,Thu 14 Jan 2021,8096,6,0,88365,117,4,88369,121,1.84158904028514,0.00252161135550365,443
-7.6926,53.28823,2021/05/28 23:00:00+00,Sat 29 May 2021,24499,7397,537,1973086,868098,58249,2031335,926347,42.3325405192727,19.3048521846011,444
-7.6926,53.28823,2022/09/13 23:00:00+00,Wed 14 Sep 2022,36,33,0,3857624,3811877,241056,4098680,4052933,85.4155209138486,84.4621642635988,445
-7.6926,53.28823,2021/05/29 23:00:00+00,Sun 30 May 2021,24260,1688,210,1997346,869786,58459,2055805,928245,42.842489526456,19.344406055285,446
-7.6926,53.28823,2021/01/15 00:00:00+00,Fri 15 Jan 2021,7700,4,0,96065,121,4,96069,125,2.00205521745355,0.00260497040857815,447
-7.6926,53.28823,2022/09/14 23:00:00+00,Thu 15 Sep 2022,50,35,0,3857674,3811912,241056,4098730,4052968,85.4165629020121,84.4628936553132,448
-7.6926,53.28823,2021/05/30 23:00:00+00,Mon 31 May 2021,22604,7317,3445,2019950,877103,61904,2081854,939007,43.3853445198404,19.5686835875819,449
-7.6926,53.28823,2021/01/16 00:00:00+00,Sat 16 Jan 2021,5245,2,0,101310,123,4,101314,127,2.11135977579749,0.0026466499351154,450
-7.6926,53.28823,2022/09/15 23:00:00+00,Fri 16 Sep 2022,38,56,0,3857712,3811968,241056,4098768,4053024,85.4173548130163,84.4640606820563,451
-7.6926,53.28823,2021/05/31 23:00:00+00,Tue 01 Jun 2021,27605,11527,3654,2047555,888630,65558,2113113,954188,44.0367746798543,19.8850520337629,452
-7.6926,53.28823,2021/01/17 00:00:00+00,Sun 17 Jan 2021,1115,5,0,102425,128,4,102429,132,2.13459611184201,0.00275084875145852,453
-7.6926,53.28823,2022/09/16 23:00:00+00,Sat 17 Sep 2022,67,149,0,3857779,3812117,241056,4098835,4053173,85.4187510771553,84.4671658067833,454
-7.6926,53.28823,2021/06/01 23:00:00+00,Wed 02 Jun 2021,18718,20919,4008,2066273,909549,69566,2135839,979115,44.5103791398971,20.4045248127599,455
-7.6926,53.28823,2021/01/18 00:00:00+00,Mon 18 Jan 2021,8726,9,1,111151,137,5,111156,142,2.3164647258873,0.00295924638414477,456
-7.6926,53.28823,2022/09/17 23:00:00+00,Sun 18 Sep 2022,30,53,0,3857809,3812170,241056,4098865,4053226,85.4193762700533,84.4682703142365,457
-7.6926,53.28823,2021/06/02 23:00:00+00,Thu 03 Jun 2021,16700,30709,1978,2082973,940258,71544,2154517,1011802,44.8996242382285,21.0857141547215,458
-7.6926,53.28823,2021/01/19 00:00:00+00,Tue 19 Jan 2021,8395,21,0,119546,158,5,119551,163,2.49141453852741,0.0033968814127859,459
-7.6926,53.28823,2022/09/18 23:00:00+00,Mon 19 Sep 2022,11,11,0,3857820,3812181,241056,4098876,4053237,85.4196055074493,84.4684995516325,460
-7.6926,53.28823,2022/09/19 23:00:00+00,Tue 20 Sep 2022,39,37,0,3857859,3812218,241056,4098915,4053274,85.4204182582168,84.4692706228734,461
-7.6926,53.28823,2022/09/20 23:00:00+00,Wed 21 Sep 2022,41,32,0,3857900,3812250,241056,4098956,4053306,85.4212726885108,84.469937495298,462
-7.6926,53.28823,2022/09/21 23:00:00+00,Thu 22 Sep 2022,61,34,0,3857961,3812284,241056,4099017,4053340,85.4225439140702,84.4706460472492,463
-7.6926,53.28823,2022/09/22 23:00:00+00,Fri 23 Sep 2022,38,39,0,3857999,3812323,241056,4099055,4053379,85.4233358250744,84.4714587980166,464
-7.6926,53.28823,2022/09/23 23:00:00+00,Sat 24 Sep 2022,56,104,0,3858055,3812427,241056,4099111,4053483,85.4245028518174,84.4736261333966,465
-7.6926,53.28823,2022/09/24 23:00:00+00,Sun 25 Sep 2022,42,74,0,3858097,3812501,241056,4099153,4053557,85.4253781218747,84.4751682758785,466
-7.6926,53.28823,2022/09/25 23:00:00+00,Mon 26 Sep 2022,23,10,0,3858120,3812511,241056,4099176,4053567,85.4258574364299,84.4753766735111,467
-7.6926,53.28823,2022/09/26 23:00:00+00,Tue 27 Sep 2022,30,33,2,3858150,3812544,241058,4099208,4053602,85.4265243088545,84.4761060652255,468
-7.6926,53.28823,2022/09/27 23:00:00+00,Wed 28 Sep 2022,43,27,0,3858193,3812571,241058,4099251,4053629,85.427420418675,84.4766687388338,469
-7.6926,53.28823,2022/09/28 23:00:00+00,Thu 29 Sep 2022,30,23,0,3858223,3812594,241058,4099281,4053652,85.4280456115731,84.477148053389,470
-7.6926,53.28823,2022/09/29 23:00:00+00,Fri 30 Sep 2022,39,58,0,3858262,3812652,241058,4099320,4053710,85.4288583623405,84.4783567596586,471
-7.6926,53.28823,2022/09/30 23:00:00+00,Sat 01 Oct 2022,51,105,0,3858313,3812757,241058,4099371,4053815,85.4299211902672,84.4805449348018,472
-7.6926,53.28823,2022/10/01 23:00:00+00,Sun 02 Oct 2022,26,47,0,3858339,3812804,241058,4099397,4053862,85.4304630241122,84.4815244036754,473
-7.6926,53.28823,2022/10/02 23:00:00+00,Mon 03 Oct 2022,24,1,0,3858363,3812805,241058,4099421,4053863,85.4309631784307,84.4815452434386,474
-7.6926,53.28823,2022/10/03 23:00:00+00,Tue 04 Oct 2022,31,17,0,3858394,3812822,241058,4099452,4053880,85.431609211092,84.4818995194142,475
-7.6926,53.28823,2022/10/04 23:00:00+00,Wed 05 Oct 2022,49,37,0,3858443,3812859,241058,4099501,4053917,85.4326303594922,84.4826705906552,476
-7.6926,53.28823,2022/10/05 23:00:00+00,Thu 06 Oct 2022,59,26,0,3858502,3812885,241058,4099560,4053943,85.433859905525,84.4832124245001,477
-7.6926,53.28823,2022/10/06 23:00:00+00,Fri 07 Oct 2022,82,39,0,3858584,3812924,241058,4099642,4053982,85.4355687661131,84.4840251752676,478
-7.6926,53.28823,2022/10/07 23:00:00+00,Sat 08 Oct 2022,101,101,0,3858685,3813025,241058,4099743,4054083,85.4376735822032,84.4861299913578,479
-7.6926,53.28823,2022/10/08 23:00:00+00,Sun 09 Oct 2022,38,28,0,3858723,3813053,241058,4099781,4054111,85.4384654932074,84.4867135047293,480
-7.6926,53.28823,2022/10/09 23:00:00+00,Mon 10 Oct 2022,19,2,0,3858742,3813055,241058,4099800,4054113,85.4388614487095,84.4867551842558,481
-7.6926,53.28823,2022/10/10 23:00:00+00,Tue 11 Oct 2022,80,14,0,3858822,3813069,241058,4099880,4054127,85.440528629771,84.4870469409416,482
-7.6926,53.28823,2022/10/11 23:00:00+00,Wed 12 Oct 2022,58,36,0,3858880,3813105,241058,4099938,4054163,85.4417373360406,84.4877971724192,483
-7.6926,53.28823,2022/10/12 23:00:00+00,Thu 13 Oct 2022,80,29,0,3858960,3813134,241058,4100018,4054192,85.4434045171021,84.488401525554,484
-7.6926,53.28823,2022/10/13 23:00:00+00,Fri 14 Oct 2022,131,21,0,3859091,3813155,241058,4100149,4054213,85.4461345260902,84.4888391605827,485
-7.6926,53.28823,2022/10/14 23:00:00+00,Sat 15 Oct 2022,108,120,0,3859199,3813275,241058,4100257,4054333,85.4483852205232,84.4913399321749,486
-7.6926,53.28823,2022/10/15 23:00:00+00,Sun 16 Oct 2022,26,37,1,3859225,3813312,241059,4100284,4054371,85.4489478941315,84.4921318431791,487
-7.6926,53.28823,2022/10/16 23:00:00+00,Mon 17 Oct 2022,67,3,1,3859292,3813315,241060,4100352,4054375,85.4503649980338,84.4922152022322,488
-7.6926,53.28823,2022/10/17 23:00:00+00,Tue 18 Oct 2022,128,17,0,3859420,3813332,241060,4100480,4054392,85.4530324877321,84.4925694782078,489
-7.6926,53.28823,2022/10/18 23:00:00+00,Wed 19 Oct 2022,95,40,0,3859515,3813372,241060,4100575,4054432,85.4550122652427,84.4934030687385,490
-7.6926,53.28823,2022/10/19 23:00:00+00,Thu 20 Oct 2022,123,9,0,3859638,3813381,241060,4100698,4054441,85.4575755561247,84.4935906266079,491
-7.6926,53.28823,2022/10/20 23:00:00+00,Fri 21 Oct 2022,135,17,0,3859773,3813398,241060,4100833,4054458,85.460388924166,84.4939449025835,492
-7.6926,53.28823,2022/10/21 23:00:00+00,Sat 22 Oct 2022,101,56,0,3859874,3813454,241060,4100934,4054514,85.4624937402561,84.4951119293265,493
-7.6926,53.28823,2022/10/22 23:00:00+00,Sun 23 Oct 2022,81,47,0,3859955,3813501,241060,4101015,4054561,85.4641817610809,84.4960913982002,494
-7.6926,53.28823,2022/10/23 23:00:00+00,Mon 24 Oct 2022,84,4,0,3860039,3813505,241060,4101099,4054565,85.4659323011954,84.4961747572532,495
-7.6926,53.28823,2022/10/24 23:00:00+00,Tue 25 Oct 2022,74,26,0,3860113,3813531,241060,4101173,4054591,85.4674744436773,84.4967165910982,496
-7.6926,53.28823,2022/10/25 23:00:00+00,Wed 26 Oct 2022,46,25,0,3860159,3813556,241060,4101219,4054616,85.4684330727877,84.4972375851799,497
-7.6926,53.28823,2022/10/26 23:00:00+00,Thu 27 Oct 2022,64,34,0,3860223,3813590,241060,4101283,4054650,85.4697668176369,84.4979461371311,498
-7.6926,53.28823,2022/10/27 23:00:00+00,Fri 28 Oct 2022,59,19,0,3860282,3813609,241060,4101342,4054669,85.4709963636697,84.4983420926332,499
-7.6926,53.28823,2022/10/28 23:00:00+00,Sat 29 Oct 2022,91,61,0,3860373,3813670,241060,4101433,4054730,85.4728927821271,84.4996133181925,500
-7.6926,53.28823,2022/10/29 23:00:00+00,Sun 30 Oct 2022,11,6,0,3860384,3813676,241060,4101444,4054736,85.4731220195231,84.4997383567722,501
-7.6926,53.28823,2022/10/31 00:00:00+00,Mon 31 Oct 2022,1,1,0,3860385,3813677,241060,4101445,4054737,85.4731428592864,84.4997591965354,502
-7.6926,53.28823,2022/11/01 00:00:00+00,Tue 01 Nov 2022,98,24,0,3860483,3813701,241060,4101543,4054761,85.4751851560867,84.5002593508539,503
-7.6926,53.28823,2022/11/02 00:00:00+00,Wed 02 Nov 2022,123,12,0,3860606,3813713,241060,4101666,4054773,85.4777484469687,84.5005094280131,504
-7.6926,53.28823,2022/11/03 00:00:00+00,Thu 03 Nov 2022,92,28,0,3860698,3813741,241060,4101758,4054801,85.4796657051895,84.5010929413846,505
-7.6926,53.28823,2022/11/04 00:00:00+00,Fri 04 Nov 2022,60,21,0,3860758,3813762,241060,4101818,4054822,85.4809160909856,84.5015305764133,506
-7.6926,53.28823,2022/11/05 00:00:00+00,Sat 05 Nov 2022,47,54,0,3860805,3813816,241060,4101865,4054876,85.4818955598592,84.5026559236298,507
-7.6926,53.28823,2022/11/06 00:00:00+00,Sun 06 Nov 2022,56,75,0,3860861,3813891,241060,4101921,4054951,85.4830625866022,84.5042189058749,508
-7.6926,53.28823,2022/11/07 00:00:00+00,Mon 07 Nov 2022,52,4,0,3860913,3813895,241060,4101973,4054955,85.4841462542922,84.504302264928,509
-7.6926,53.28823,2022/11/08 00:00:00+00,Tue 08 Nov 2022,77,28,0,3860990,3813923,241060,4102050,4054983,85.4857509160639,84.5048857782995,510
-7.6926,53.28823,2022/11/09 00:00:00+00,Wed 09 Nov 2022,90,32,0,3861080,3813955,241060,4102140,4055015,85.4876264947581,84.5055526507241,511
-7.6926,53.28823,2022/11/10 00:00:00+00,Thu 10 Nov 2022,48,15,0,3861128,3813970,241060,4102188,4055030,85.488626803395,84.5058652471731,512
-7.6926,53.28823,2022/11/11 00:00:00+00,Fri 11 Nov 2022,48,16,0,3861176,3813986,241060,4102236,4055046,85.4896271120319,84.5061986833854,513
-7.6926,53.28823,2022/11/12 00:00:00+00,Sat 12 Nov 2022,78,84,0,3861254,3814070,241060,4102314,4055130,85.4912526135668,84.5079492235,514
-7.6926,53.28823,2022/11/13 00:00:00+00,Sun 13 Nov 2022,45,60,0,3861299,3814130,241060,4102359,4055190,85.4921904029139,84.5091996092961,515
-7.6926,53.28823,2022/11/14 00:00:00+00,Mon 14 Nov 2022,16,2,0,3861315,3814132,241060,4102375,4055192,85.4925238391262,84.5092412888227,516
-7.6926,53.28823,2022/11/15 00:00:00+00,Tue 15 Nov 2022,82,6,0,3861397,3814138,241060,4102457,4055198,85.4942326997142,84.5093663274023,517
-7.6926,53.28823,2022/11/16 00:00:00+00,Wed 16 Nov 2022,52,20,0,3861449,3814158,241060,4102509,4055218,85.4953163674042,84.5097831226676,518
-7.6926,53.28823,2022/11/17 00:00:00+00,Thu 17 Nov 2022,65,8,1,3861514,3814166,241061,4102575,4055227,85.4966917917799,84.5099706805371,519
-7.6926,53.28823,2022/11/18 00:00:00+00,Fri 18 Nov 2022,29,22,0,3861543,3814188,241061,4102604,4055249,85.4972961449147,84.510429155329,520
-7.6926,53.28823,2022/11/19 00:00:00+00,Sat 19 Nov 2022,54,57,0,3861597,3814245,241061,4102658,4055306,85.4984214921312,84.5116170218353,521
-7.6926,53.28823,2022/11/20 00:00:00+00,Sun 20 Nov 2022,43,53,0,3861640,3814298,241061,4102701,4055359,85.4993176019518,84.5127215292885,522
-7.6926,53.28823,2022/11/21 00:00:00+00,Mon 21 Nov 2022,18,3,0,3861658,3814301,241061,4102719,4055362,85.4996927176906,84.5127840485783,523
-7.6926,53.28823,2022/11/22 00:00:00+00,Tue 22 Nov 2022,49,21,0,3861707,3814322,241061,4102768,4055383,85.5007138660908,84.513221683607,524
-7.6926,53.28823,2022/11/23 00:00:00+00,Wed 23 Nov 2022,25,16,0,3861732,3814338,241061,4102793,4055399,85.5012348601725,84.5135551198193,525
-7.6926,53.28823,2022/11/24 00:00:00+00,Thu 24 Nov 2022,26,16,0,3861758,3814354,241061,4102819,4055415,85.5017766940175,84.5138885560316,526
-7.6926,53.28823,2022/11/25 00:00:00+00,Fri 25 Nov 2022,19,9,0,3861777,3814363,241061,4102838,4055424,85.5021726495196,84.514076113901,527
-7.6926,53.28823,2022/11/26 00:00:00+00,Sat 26 Nov 2022,67,59,0,3861844,3814422,241061,4102905,4055483,85.5035689136586,84.5153056599338,528
-7.6926,53.28823,2022/11/27 00:00:00+00,Sun 27 Nov 2022,35,42,0,3861879,3814464,241061,4102940,4055525,85.504298305373,84.5161809299911,529
-7.6926,53.28823,2021/06/03 23:00:00+00,Fri 04 Jun 2021,28998,23347,153,2111971,963605,71697,2183668,1035302,45.5071241772722,21.5754485915342,530
-7.6926,53.28823,2021/06/04 23:00:00+00,Sat 05 Jun 2021,20978,11502,35,2132949,975107,71732,2204681,1046839,45.9450301228358,21.8158769403643,531
-7.6926,53.28823,2021/01/20 00:00:00+00,Wed 20 Jan 2021,8452,965,0,127998,1123,5,128003,1128,2.66755221767383,0.0235072529670092,532
-7.6926,53.28823,2021/06/05 23:00:00+00,Sun 06 Jun 2021,19951,3918,47,2152900,979025,71779,2224679,1050804,46.3617837086818,21.8985066017244,533
-7.6926,53.28823,2021/01/21 00:00:00+00,Thu 21 Jan 2021,9011,964,0,137009,2087,5,137014,2092,2.85533932448741,0.0435967847579639,534
-7.6926,53.28823,2021/06/06 23:00:00+00,Mon 07 Jun 2021,19845,4606,47,2172745,983631,71826,2244571,1055457,46.7763282796213,21.9954740202133,535
-7.6926,53.28823,2021/01/22 00:00:00+00,Fri 22 Jan 2021,6790,970,0,143799,3057,5,143804,3062,2.99684131708137,0.0638113551285303,536
-7.6926,53.28823,2021/06/07 23:00:00+00,Tue 08 Jun 2021,26425,18346,48,2199170,1001977,71874,2271044,1073851,47.3280193326316,22.3788006257764,537
-7.6926,53.28823,2021/01/23 00:00:00+00,Sat 23 Jan 2021,4203,461,0,148002,3518,5,148007,3523,3.08443084209941,0.0734184859953665,538
-7.6926,53.28823,2021/06/08 23:00:00+00,Wed 09 Jun 2021,32820,20131,175,2231990,1022108,72049,2304039,1094157,48.0156273216799,22.8019728587091,539
-7.6926,53.28823,2021/01/24 00:00:00+00,Sun 24 Jan 2021,1189,399,0,149191,3917,5,149196,3922,3.1092093206258,0.0817335515395479,540
-7.6926,53.28823,2021/06/09 23:00:00+00,Thu 10 Jun 2021,27710,27509,273,2259700,1049617,72322,2332022,1121939,48.5987864172258,23.3809431618381,541
-7.6926,53.28823,2021/01/25 00:00:00+00,Mon 25 Jan 2021,1371,1293,0,150562,5210,5,150567,5215,3.13778063606709,0.10867936544588,542
-7.6926,53.28823,2021/06/10 23:00:00+00,Fri 11 Jun 2021,26458,32916,42,2286158,1082533,72364,2358522,1154897,49.1510401438444,24.0677800796454,543
-7.6926,53.28823,2021/01/26 00:00:00+00,Tue 26 Jan 2021,1010,3507,0,151572,8717,5,151577,8722,3.1588287969684,0.181764415228949,544
-7.6926,53.28823,2021/06/11 23:00:00+00,Sat 12 Jun 2021,12223,19732,105,2298381,1102265,72469,2370850,1174734,49.40795274542,24.4811784636051,545
-7.6926,53.28823,2021/01/27 00:00:00+00,Wed 27 Jan 2021,2188,6708,0,153760,15425,5,153765,15430,3.20442619900015,0.321557547234886,546
-7.6926,53.28823,2021/06/12 23:00:00+00,Sun 13 Jun 2021,8558,18178,835,2306939,1120443,73304,2380243,1193747,49.6037006418022,24.8774048826315,547
-7.6926,53.28823,2021/01/28 00:00:00+00,Thu 28 Jan 2021,1022,11542,0,154782,26967,5,154787,26972,3.22572443706069,0.562090094881358,548
-7.6926,53.28823,2021/06/13 23:00:00+00,Mon 14 Jun 2021,16029,31316,52,2322968,1151759,73356,2396324,1225115,49.938824874925,25.5311065768417,549
-7.6926,53.28823,2021/01/29 00:00:00+00,Fri 29 Jan 2021,1591,11526,0,156373,38493,5,156378,38498,3.25888050042107,0.802289206315532,550
-7.6926,53.28823,2021/06/14 23:00:00+00,Tue 15 Jun 2021,14712,41597,206,2337680,1193356,73562,2411242,1266918,50.2497124633663,26.4022712007601,551
-7.6926,53.28823,2021/01/30 00:00:00+00,Sat 30 Jan 2021,654,7793,0,157027,46286,5,157032,46291,3.27250970559875,0.964693481467928,552
-7.6926,53.28823,2021/06/15 23:00:00+00,Wed 16 Jun 2021,13484,48401,219,2351164,1241757,73781,2424945,1315538,50.5352797394363,27.4155004908806,553
-7.6926,53.28823,2021/01/31 00:00:00+00,Sun 31 Jan 2021,238,4086,0,157265,50372,5,157270,50377,3.27746956925668,1.04984475418353,554
-7.6926,53.28823,2021/06/16 23:00:00+00,Thu 17 Jun 2021,21580,42698,535,2372744,1284455,74316,2447060,1358771,50.9961511041219,28.3164659762731,555
-7.6926,53.28823,2021/06/17 23:00:00+00,Fri 18 Jun 2021,12023,50027,554,2384767,1334482,74870,2459637,1409352,51.2582528067514,29.3705620421634,556
-7.6926,53.28823,2021/06/18 23:00:00+00,Sat 19 Jun 2021,6329,32820,434,2391096,1367302,75304,2466400,1442606,51.3991921257371,30.0635675298983,557
-7.6926,53.28823,2021/06/19 23:00:00+00,Sun 20 Jun 2021,8524,26147,178,2399620,1393449,75482,2475102,1468931,51.5805397457007,30.6121742979448,558
-7.6926,53.28823,2021/06/20 23:00:00+00,Mon 21 Jun 2021,15497,32347,575,2415117,1425796,76057,2491174,1501853,51.915476420954,31.2982609842745,559
-7.6926,53.28823,2021/06/21 23:00:00+00,Tue 22 Jun 2021,15153,43555,722,2430270,1469351,76779,2507049,1546130,52.2463076628435,32.2209831825194,560
-7.6926,53.28823,2021/06/22 23:00:00+00,Wed 23 Jun 2021,20105,39409,884,2450375,1508760,77663,2528038,1586423,52.6837134540886,33.0606797639022,561
-7.6926,53.28823,2021/06/23 23:00:00+00,Thu 24 Jun 2021,19029,44277,1032,2469404,1553037,78695,2548099,1631732,53.1017799450205,34.0049085978403,562
-7.6926,53.28823,2021/06/24 23:00:00+00,Fri 25 Jun 2021,15222,50131,843,2484626,1603168,79538,2564164,1682706,53.436570741931,35.0671946906952,563
-7.6926,53.28823,2021/06/25 23:00:00+00,Sat 26 Jun 2021,9073,30577,512,2493699,1633745,80050,2573749,1713795,53.6363198728608,35.7150820909535,564
-7.6926,53.28823,2021/06/26 23:00:00+00,Sun 27 Jun 2021,8742,30484,59,2502441,1664229,80109,2582550,1744338,53.8197306293879,36.3515909804671,565
-7.6926,53.28823,2021/06/27 23:00:00+00,Mon 28 Jun 2021,24249,24666,527,2526690,1688895,80636,2607326,1769531,54.3360566041314,36.8766071364936,566
-7.6926,53.28823,2021/06/28 23:00:00+00,Tue 29 Jun 2021,28152,31059,812,2554842,1719954,81448,2636290,1801402,54.9396595074439,37.5407912316279,567
-7.6926,53.28823,2021/06/29 23:00:00+00,Wed 30 Jun 2021,22587,36883,589,2577429,1756837,82037,2659466,1838874,55.4226418609575,38.3216988408298,568
-7.6926,53.28823,2021/06/30 23:00:00+00,Thu 01 Jul 2021,15049,48306,643,2592478,1805143,82680,2675158,1887823,55.7496594261688,39.3417844130658,569
-7.6926,53.28823,2021/07/01 23:00:00+00,Fri 02 Jul 2021,13692,47274,817,2606170,1852417,83497,2689667,1935914,56.0520235514333,40.3439894684172,570
-7.6926,53.28823,2021/07/02 23:00:00+00,Sat 03 Jul 2021,9322,30487,506,2615492,1882904,84003,2699495,1966907,56.2568367448373,40.9898762514017,571
-7.6926,53.28823,2021/07/03 23:00:00+00,Sun 04 Jul 2021,6460,27786,233,2621952,1910690,84236,2706188,1994926,56.3963172803942,41.5737855784253,572
-7.6926,53.28823,2021/07/04 23:00:00+00,Mon 05 Jul 2021,15630,33477,5342,2637582,1944167,89578,2727160,2033745,56.8333687956638,42.3827643487501,573
-7.6926,53.28823,2021/07/05 23:00:00+00,Tue 06 Jul 2021,12407,48305,5488,2649989,1992472,95066,2745055,2087538,57.2062963593559,43.5037977342593,574
-7.6926,53.28823,2021/07/06 23:00:00+00,Wed 07 Jul 2021,19711,43772,5059,2669700,2036244,100125,2769825,2136369,57.7224972955197,44.5214242144295,575
-7.6926,53.28823,2021/07/07 23:00:00+00,Thu 08 Jul 2021,17797,45610,5997,2687497,2081854,106122,2793619,2187976,58.2183586227334,45.5969018774334,576
-7.6926,53.28823,2021/07/08 23:00:00+00,Fri 09 Jul 2021,13531,45099,6531,2701028,2126953,112653,2813681,2239606,58.6364459534285,46.6728588549925,577
-7.6926,53.28823,2021/07/09 23:00:00+00,Sat 10 Jul 2021,8644,23882,4365,2709672,2150835,117018,2826690,2267853,58.9075504337901,47.2615196480414,578
-7.6926,53.28823,2021/07/10 23:00:00+00,Sun 11 Jul 2021,15241,16122,2153,2724913,2166957,119171,2844084,2286128,59.2700372760846,47.6423663217755,579
-7.6926,53.28823,2021/07/11 23:00:00+00,Mon 12 Jul 2021,17124,31784,6092,2742037,2198741,125263,2867300,2324004,59.753853220129,48.431693195338,580
-7.6926,53.28823,2021/07/12 23:00:00+00,Tue 13 Jul 2021,20117,36577,8490,2762154,2235318,133753,2895907,2369071,60.3500163279545,49.3708788065651,581
-7.6926,53.28823,2021/07/13 23:00:00+00,Wed 14 Jul 2021,20804,35728,9335,2782958,2271046,143088,2926046,2414134,60.9781059531076,50.3099810587392,582
-7.6926,53.28823,2021/07/14 23:00:00+00,Thu 15 Jul 2021,23660,28846,9585,2806618,2299892,152673,2959291,2452565,61.6709238829731,51.1108740009157,583
-7.6926,53.28823,2021/07/15 23:00:00+00,Fri 16 Jul 2021,23519,27437,9168,2830137,2327329,161841,2991978,2489170,62.3521132249346,51.8737135353637,584
-7.6926,53.28823,2021/07/16 23:00:00+00,Sat 17 Jul 2021,11520,19436,4677,2841657,2346765,166518,3008175,2513283,62.6896548705965,52.3762227470601,585
-7.6926,53.28823,2021/07/17 23:00:00+00,Sun 18 Jul 2021,16872,15826,1931,2858529,2362591,168449,3026978,2531040,63.0815049393365,52.7462744234211,586
-7.6926,53.28823,2021/07/18 23:00:00+00,Mon 19 Jul 2021,24909,18453,6253,2883438,2381044,174702,3058140,2555746,63.7309136423134,53.2611416147357,587
-7.6926,53.28823,2021/07/19 23:00:00+00,Tue 20 Jul 2021,30600,18191,7699,2914038,2399235,182401,3096439,2581636,64.5290557357385,53.8006830857604,588
-7.6926,53.28823,2021/07/20 23:00:00+00,Wed 21 Jul 2021,30371,19851,6894,2944409,2419086,189295,3133704,2608381,65.3056495139438,54.3580425543798,589
-7.6926,53.28823,2021/07/21 23:00:00+00,Thu 22 Jul 2021,33545,15940,6937,2977954,2435026,196232,3174186,2631258,66.1492848105843,54.8347938186761,590
-7.6926,53.28823,2021/07/22 23:00:00+00,Fri 23 Jul 2021,27088,20844,5616,3005042,2455870,201848,3206890,2657718,66.8308284285214,55.386213954764,591
-7.6926,53.28823,2021/07/23 23:00:00+00,Sat 24 Jul 2021,15446,14820,2276,3020488,2470690,204124,3224612,2674814,67.200150713168,55.7424905476044,592
-7.6926,53.28823,2021/07/24 23:00:00+00,Sun 25 Jul 2021,14742,13654,1046,3035230,2484344,205170,3240400,2689514,67.529168895653,56.0488350676532,593
-7.6926,53.28823,2021/07/25 23:00:00+00,Mon 26 Jul 2021,23853,18318,3422,3059083,2502662,208592,3267675,2711254,68.0975734388048,56.5018915211131,594
-7.6926,53.28823,2021/07/26 23:00:00+00,Tue 27 Jul 2021,25529,23918,3672,3084612,2526580,212264,3296876,2738844,68.7061153660119,57.0768605896944,595
-7.6926,53.28823,2021/07/27 23:00:00+00,Wed 28 Jul 2021,23449,25296,3265,3108061,2551876,215529,3323590,2767405,69.2628288019699,57.6720650684097,596
-7.6926,53.28823,2021/07/28 23:00:00+00,Thu 29 Jul 2021,19294,27881,2962,3127355,2579757,218491,3345846,2798248,69.7266385732765,58.3148258869039,597
-7.6926,53.28823,2021/07/29 23:00:00+00,Fri 30 Jul 2021,21965,22956,2123,3149320,2602713,220614,3369934,2823327,70.2286267908911,58.8374663099177,598
-7.6926,53.28823,2021/07/30 23:00:00+00,Sat 31 Jul 2021,13756,12494,907,3163076,2615207,221521,3384597,2836728,70.5342002396989,59.1167399774805,599
-7.6926,53.28823,2021/07/31 23:00:00+00,Sun 01 Aug 2021,11144,9346,369,3174220,2624553,221890,3396110,2846443,70.7741284342106,59.3191982776352,600
-7.6926,53.28823,2021/08/01 23:00:00+00,Mon 02 Aug 2021,15032,16045,430,3189252,2640598,222320,3411572,2862918,71.0963528538701,59.6625333774859,601
-7.6926,53.28823,2021/08/02 23:00:00+00,Tue 03 Aug 2021,17355,25461,1111,3206607,2666059,223431,3430038,2889490,71.4811799223885,60.2162875670598,602
-7.6926,53.28823,2021/08/03 23:00:00+00,Wed 04 Aug 2021,22132,17315,1575,3228739,2683374,225006,3453745,2908380,71.9752281901979,60.6099506952041,603
-7.6926,53.28823,2021/08/04 23:00:00+00,Thu 05 Aug 2021,13547,30060,1421,3242286,2713434,226427,3468713,2939861,72.2871577668026,61.2660072826637,604
-7.6926,53.28823,2021/08/05 23:00:00+00,Fri 06 Aug 2021,12222,24753,949,3254508,2738187,227376,3481884,2965563,72.5616382888137,61.8016308781939,605
-7.6926,53.28823,2021/08/06 23:00:00+00,Sat 07 Aug 2021,6343,8468,583,3260851,2746655,227959,3488810,2974614,72.7059744892122,61.9902515755382,606
-7.6926,53.28823,2021/08/07 23:00:00+00,Sun 08 Aug 2021,8633,11990,153,3269484,2758645,228112,3497596,2986757,72.8890726492903,62.2433088209091,607
-7.6926,53.28823,2021/08/08 23:00:00+00,Mon 09 Aug 2021,5556,23047,601,3275040,2781692,228713,3503753,3010405,73.0173830717353,62.7361275426856,608
-7.6926,53.28823,2021/08/09 23:00:00+00,Tue 10 Aug 2021,9378,26022,717,3284418,2807714,229430,3513848,3037144,73.227760481932,63.2933619727253,609
-7.6926,53.28823,2021/08/10 23:00:00+00,Wed 11 Aug 2021,7028,31247,666,3291446,2838961,230096,3521542,3069057,73.3881016205208,63.958421337917,610
-7.6926,53.28823,2021/08/11 23:00:00+00,Thu 12 Aug 2021,6791,38307,865,3298237,2877268,230961,3529198,3108229,73.5476508481054,64.7747565446756,611
-7.6926,53.28823,2021/08/12 23:00:00+00,Fri 13 Aug 2021,10944,28232,875,3309181,2905500,231836,3541017,3137336,73.7939560101773,65.3813395341354,612
-7.6926,53.28823,2021/08/13 23:00:00+00,Sat 14 Aug 2021,18147,5854,281,3327328,2911354,232117,3559445,3143471,74.1779911676915,65.5091914817884,613
-7.6926,53.28823,2021/08/14 23:00:00+00,Sun 15 Aug 2021,17003,3740,52,3344331,2915094,232169,3576500,3147263,74.5334133302379,65.5882158641031,614
-7.6926,53.28823,2021/08/15 23:00:00+00,Mon 16 Aug 2021,10201,23168,386,3354532,2938262,232555,3587087,3170817,74.7540439039629,66.0790756481323,615
-7.6926,53.28823,2021/08/16 23:00:00+00,Tue 17 Aug 2021,12879,26874,530,3367411,2965136,233085,3600496,3198221,75.0334842896319,66.6501685207457,616
-7.6926,53.28823,2021/08/17 23:00:00+00,Wed 18 Aug 2021,15244,25782,658,3382655,2990918,233743,3616398,3224661,75.3648782051295,67.2011718615681,617
-7.6926,53.28823,2021/02/01 00:00:00+00,Mon 01 Feb 2021,1041,8333,1,158306,58705,6,158312,58711,3.29918460258259,1.22352334126425,618
-7.6926,53.28823,2021/02/02 00:00:00+00,Tue 02 Feb 2021,842,5110,0,159148,63815,6,159154,63821,3.31673168325477,1.33001453156693,619
-7.6926,53.28823,2021/02/03 00:00:00+00,Wed 03 Feb 2021,1412,6869,0,160560,70684,6,160566,70690,3.34615742899007,1.47316286545911,620
-7.6926,53.28823,2021/02/04 00:00:00+00,Thu 04 Feb 2021,1453,10541,1,162013,81225,7,162020,81232,3.37645844478265,1.69285564983696,621
-7.6926,53.28823,2021/02/05 00:00:00+00,Fri 05 Feb 2021,3403,8616,0,165416,89841,7,165423,89848,3.44737615918578,1.87241105015943,622
-7.6926,53.28823,2021/02/06 00:00:00+00,Sat 06 Feb 2021,913,3870,0,166329,93711,7,166336,93718,3.46640286305004,1.95306093400901,623
-7.6926,53.28823,2021/02/07 00:00:00+00,Sun 07 Feb 2021,337,1301,2,166666,95012,9,166675,95021,3.4734675427981,1.98021514554803,624
-7.6926,53.28823,2021/02/08 00:00:00+00,Mon 08 Feb 2021,1197,881,0,167863,95893,9,167872,95902,3.49841273943065,1.99857497698769,625
-7.6926,53.28823,2021/02/09 00:00:00+00,Tue 09 Feb 2021,4274,553,3,172137,96446,12,172149,96458,3.58754440693056,2.01016188536505,626
-7.6926,53.28823,2021/02/10 00:00:00+00,Wed 10 Feb 2021,8832,584,0,180969,97030,12,180981,97042,3.77160119611905,2.02233230711392,627
-7.6926,53.28823,2021/02/11 00:00:00+00,Thu 11 Feb 2021,6199,449,0,187168,97479,12,187180,97491,3.90078688862126,2.03168936082154,628
-7.6926,53.28823,2021/02/12 00:00:00+00,Fri 12 Feb 2021,4401,527,0,191569,98006,12,191581,98018,3.99250268676648,2.0426719160641,629
-7.6926,53.28823,2021/02/13 00:00:00+00,Sat 13 Feb 2021,1221,1917,0,192790,99923,12,192802,99935,4.01794803771747,2.08262174225006,630
-7.6926,53.28823,2021/02/14 00:00:00+00,Sun 14 Feb 2021,2704,27,0,195494,99950,12,195506,99962,4.07429875759583,2.08318441585831,631
-7.6926,53.28823,2021/02/15 00:00:00+00,Mon 15 Feb 2021,1969,7894,0,197463,107844,12,197475,107856,4.11533225147176,2.24769350710084,632
-7.6926,53.28823,2021/02/16 00:00:00+00,Tue 16 Feb 2021,5658,8166,0,203121,116010,12,203133,116022,4.23324363204564,2.41787101395243,633
-7.6926,53.28823,2021/02/17 00:00:00+00,Wed 17 Feb 2021,9757,8465,0,212878,124475,12,212890,124487,4.43657720225761,2.59427961002134,634
-7.6926,53.28823,2021/02/18 00:00:00+00,Thu 18 Feb 2021,8473,8358,1,221351,132833,13,221364,132846,4.61317335619594,2.76847919118378,635
-7.6926,53.28823,2021/02/19 00:00:00+00,Fri 19 Feb 2021,9400,6589,1,230751,139422,14,230765,139436,4.80908797068429,2.90581323112402,636
-7.6926,53.28823,2021/02/20 00:00:00+00,Sat 20 Feb 2021,5899,3574,2,236650,142996,16,236666,143012,4.93206341373245,2.98033622457262,637
-7.6926,53.28823,2021/02/21 00:00:00+00,Sun 21 Feb 2021,1116,1025,6,237766,144021,22,237788,144043,4.95544562811984,3.00182202050258,638
-7.6926,53.28823,2021/02/22 00:00:00+00,Mon 22 Feb 2021,3953,1127,2,241719,145148,24,241743,145172,5.03786689184726,3.02535011323285,639
-7.6926,53.28823,2021/02/23 00:00:00+00,Tue 23 Feb 2021,13370,1075,1,255089,146223,25,255114,146248,5.31651536651204,3.04777369850989,640
-7.6926,53.28823,2021/02/24 00:00:00+00,Wed 24 Feb 2021,16950,2109,5,272039,148332,30,272069,148362,5.66985355273158,3.09182895805977,641
-7.6926,53.28823,2021/02/25 00:00:00+00,Thu 25 Feb 2021,18106,1763,3,290145,150095,33,290178,150128,6.04724082576312,3.12863197999216,642
-7.6926,53.28823,2021/02/26 00:00:00+00,Fri 26 Feb 2021,16090,2774,1,306235,152869,34,306269,152903,6.38257345651856,3.1864623230626,643
-7.6926,53.28823,2021/02/27 00:00:00+00,Sat 27 Feb 2021,9008,706,1,315243,153575,35,315278,153610,6.57031888380561,3.20119603569351,644
-7.6926,53.28823,2021/02/28 00:00:00+00,Sun 28 Feb 2021,2452,59,2,317695,153634,37,317732,153671,6.62145966286681,3.2024672612529,645
-7.6926,53.28823,2021/03/01 00:00:00+00,Mon 01 Mar 2021,5613,806,0,323308,154440,37,323345,154477,6.73843325409361,3.21926411044741,646
-7.6926,53.28823,2021/03/02 00:00:00+00,Tue 02 Mar 2021,12199,1617,0,335507,156057,37,335544,156094,6.99265752620757,3.25296200765278,647
-7.6926,53.28823,2021/03/03 00:00:00+00,Wed 03 Mar 2021,12919,1510,1,348426,157567,38,348464,157605,7.2619072676382,3.28445088995167,648
-7.6926,53.28823,2021/03/04 00:00:00+00,Thu 04 Mar 2021,18734,1697,5,367160,159264,43,367203,159307,7.65242359152897,3.31992016703487,649
-7.6926,53.28823,2021/03/05 00:00:00+00,Fri 05 Mar 2021,18467,2403,6,385627,161667,49,385676,161716,8.03739653839028,3.37012315674899,650
-7.6926,53.28823,2021/03/06 00:00:00+00,Sat 06 Mar 2021,10411,149,5,396038,161816,54,396092,161870,8.25446351259628,3.37333248029236,651
-7.6926,53.28823,2021/03/07 00:00:00+00,Sun 07 Mar 2021,1537,14,3,397575,161830,57,397632,161887,8.28655674802996,3.37368675626792,652
-7.6926,53.28823,2021/03/08 00:00:00+00,Mon 08 Mar 2021,6682,1509,5,404257,163339,62,404319,163401,8.42591224500726,3.40523815785662,653
-7.6926,53.28823,2021/03/09 00:00:00+00,Tue 09 Mar 2021,13851,3115,6,418108,166454,68,418176,166522,8.7146888446206,3.470279059018,654
-7.6926,53.28823,2021/03/10 00:00:00+00,Wed 10 Mar 2021,13754,3997,3,431862,170451,71,431933,170522,9.00138146790708,3.5536381120925,655
-7.6926,53.28823,2021/03/11 00:00:00+00,Thu 11 Mar 2021,18503,2108,3,450365,172559,74,450439,172633,9.38704212695625,3.59763085235257,656
-7.6926,53.28823,2021/03/12 00:00:00+00,Fri 12 Mar 2021,17345,1348,4,467710,173907,78,467788,173985,9.74859117990363,3.62580621229175,657
-7.6926,53.28823,2021/03/13 00:00:00+00,Sat 13 Mar 2021,8334,179,0,476044,174086,78,476122,174164,9.92226976698436,3.62953652991683,658
-7.6926,53.28823,2021/03/14 00:00:00+00,Sun 14 Mar 2021,392,23,2,476436,174109,80,476516,174189,9.93048063371219,3.63005752399855,659
-7.6926,53.28823,2021/03/15 00:00:00+00,Mon 15 Mar 2021,2673,1001,0,479109,175110,80,479189,175190,9.98618532092923,3.65091812703044,660
-7.6926,53.28823,2021/03/16 00:00:00+00,Tue 16 Mar 2021,8970,3830,2,488079,178940,82,488161,179022,10.1731596769753,3.73077609987582,661
-7.6926,53.28823,2021/03/17 00:00:00+00,Wed 17 Mar 2021,4895,2426,7,492974,181366,89,493063,181455,10.2753161965181,3.78147924390838,662
-7.6926,53.28823,2021/03/18 00:00:00+00,Thu 18 Mar 2021,11742,4690,7,504716,186056,96,504812,186152,10.5201625751612,3.87936361198111,663
-7.6926,53.28823,2021/03/19 00:00:00+00,Fri 19 Mar 2021,10390,6142,2,515106,192198,98,515204,192296,10.7367293950488,4.00740311750355,664
-7.6926,53.28823,2021/03/20 00:00:00+00,Sat 20 Mar 2021,5259,3126,4,520365,195324,102,520467,195426,10.8464090691315,4.07263157653434,665
-7.6926,53.28823,2021/03/21 00:00:00+00,Sun 21 Mar 2021,3654,59,3,524019,195383,105,524124,195488,10.9226200834049,4.073923641857,666
-7.6926,53.28823,2021/03/22 00:00:00+00,Mon 22 Mar 2021,7427,2417,1,531446,197800,106,531552,197906,11.0774178449642,4.12431418944053,667
-7.6926,53.28823,2021/03/23 00:00:00+00,Tue 23 Mar 2021,12577,7407,4,544023,205207,110,544133,205317,11.3396029066468,4.27875767502431,668
-7.6926,53.28823,2021/03/24 00:00:00+00,Wed 24 Mar 2021,13642,9785,2,557665,214992,112,557777,215104,11.6239406366839,4.48271643813435,669
-7.6926,53.28823,2021/03/25 00:00:00+00,Thu 25 Mar 2021,20887,10229,3,578552,225221,115,578667,225336,12.0592832913655,4.69594889589892,670
-7.6926,53.28823,2021/03/26 00:00:00+00,Fri 26 Mar 2021,19711,9507,1,598263,234728,116,598379,234844,12.4700767049167,4.89409336505701,671
-7.6926,53.28823,2021/03/27 00:00:00+00,Sat 27 Mar 2021,11764,5362,3,610027,240090,119,610146,240209,12.7152981992986,5.00589869499318,672
-7.6926,53.28823,2021/03/28 00:00:00+00,Sun 28 Mar 2021,2499,489,0,612526,240579,119,612645,240698,12.7673767677069,5.01608933923154,673
-7.6926,53.28823,2021/03/28 23:00:00+00,Mon 29 Mar 2021,9287,3129,3,621813,243708,122,621935,243830,12.9609781684724,5.08135947778888,674
-7.6926,53.28823,2021/03/29 23:00:00+00,Tue 30 Mar 2021,13346,8677,4,635159,252385,126,635285,252511,13.2391890081085,5.26226946272381,675
-7.6926,53.28823,2021/03/30 23:00:00+00,Wed 31 Mar 2021,15846,10508,4,651005,262893,130,651135,263023,13.5694992559163,5.4813370542036,676
-7.6926,53.28823,2021/03/31 23:00:00+00,Thu 01 Apr 2021,19717,11585,9,670722,274478,139,670861,274617,13.9805844261532,5.72295326954004,677
-7.6926,53.28823,2021/04/01 23:00:00+00,Fri 02 Apr 2021,20161,13727,9,690883,288205,148,691031,288353,14.4009224512813,6.00920825779787,678
-7.6926,53.28823,2021/04/02 23:00:00+00,Sat 03 Apr 2021,7555,4639,7,698438,292844,155,698593,292999,14.5585127411187,6.10602979794391,679
-7.6926,53.28823,2021/04/03 23:00:00+00,Sun 04 Apr 2021,3046,172,3,701484,293016,158,701642,293174,14.6220531793247,6.10967675651592,680
-7.6926,53.28823,2021/04/04 23:00:00+00,Mon 05 Apr 2021,3449,614,6,704933,293630,164,705097,293794,14.6940545614178,6.12259740974246,681
-7.6926,53.28823,2021/04/05 23:00:00+00,Tue 06 Apr 2021,12007,8160,12,716940,301790,176,717116,301966,14.9445276761434,6.29289995517367,682
-7.6926,53.28823,2021/04/06 23:00:00+00,Wed 07 Apr 2021,18377,10491,12,735317,312281,188,735505,312469,15.3277500828902,6.51177998878404,683
-7.6926,53.28823,2021/04/07 23:00:00+00,Thu 08 Apr 2021,20201,10573,17,755518,322854,205,755723,323059,15.7490884166552,6.73247308179878,684
-7.6926,53.28823,2021/04/08 23:00:00+00,Fri 09 Apr 2021,20687,9169,16,776205,332023,221,776426,332244,16.1805340356056,6.9238863074211,685
-7.6926,53.28823,2021/04/09 23:00:00+00,Sat 10 Apr 2021,11187,4185,12,787392,336208,233,787625,336441,16.4139185444509,7.01135079385952,686
-7.6926,53.28823,2021/04/10 23:00:00+00,Sun 11 Apr 2021,2869,368,9,790261,336576,242,790503,336818,16.473895383138,7.01920738461179,687
-7.6926,53.28823,2021/04/11 23:00:00+00,Mon 12 Apr 2021,7788,2806,13,798049,339382,255,798304,339637,16.6364663763965,7.07795467726605,688
-7.6926,53.28823,2021/04/12 23:00:00+00,Tue 13 Apr 2021,11527,8594,1,809576,347976,256,809832,348232,16.8767071673573,7.25707244255988,689
-7.6926,53.28823,2021/04/13 23:00:00+00,Wed 14 Apr 2021,20352,6598,2,829928,354574,258,830186,354832,17.3008797089269,7.39461488013281,690
-7.6926,53.28823,2021/04/14 23:00:00+00,Thu 15 Apr 2021,27114,10819,1,857042,365393,259,857301,365652,17.8659498899556,7.62010111869933,691
-7.6926,53.28823,2021/04/15 23:00:00+00,Fri 16 Apr 2021,27968,9841,1,885010,375234,260,885270,375494,18.4488172288158,7.82520606878914,692
-7.6926,53.28823,2021/04/16 23:00:00+00,Sat 17 Apr 2021,15855,4563,3,900865,379797,263,901128,380060,18.7792941947297,7.92036042787368,693
-7.6926,53.28823,2021/04/17 23:00:00+00,Sun 18 Apr 2021,1079,486,0,901944,380283,263,902207,380546,18.8017802992965,7.93048855282224,694
-7.6926,53.28823,2021/04/18 23:00:00+00,Mon 19 Apr 2021,6756,2265,0,908700,382548,263,908963,382811,18.9425737399393,7.97769061662567,695
-7.6926,53.28823,2021/04/19 23:00:00+00,Tue 20 Apr 2021,15097,7324,1,923797,389872,264,924061,390136,19.257212485769,8.13034188256835,696
-7.6926,53.28823,2021/04/20 23:00:00+00,Wed 21 Apr 2021,26736,9896,4,950533,399768,268,950801,400036,19.8144677555721,8.33665553892774,697
-7.6926,53.28823,2021/04/21 23:00:00+00,Thu 22 Apr 2021,31637,12189,1,982170,411957,269,982439,412226,20.4737961858648,8.59069225317228,698
-7.6926,53.28823,2021/04/22 23:00:00+00,Fri 23 Apr 2021,33612,12362,3,1015782,424319,272,1016054,424591,21.1743248281397,8.84837592598883,699
