X,Y,VaccinationDate,VaccineText,Dose1,Dose2,SingleDose,Dose1Cum,Dose2Cum,SingleDoseCum,PartiallyVacc,FullyVacc,PartialPercent,FullyPercent,ObjectId
-7.6926,53.28823,2021/07/25 23:00:00+00,Mon 26 Jul 2021,23747,18088,3394,3043381,2492187,207053,3250434,2699240,69.0273560297538,57.3220069965281,1
-7.6926,53.28823,2021/07/26 23:00:00+00,Tue 27 Jul 2021,25385,23698,3646,3068766,2515885,210699,3279465,2726584,69.6438685240545,57.9026937673647,2
-7.6926,53.28823,2021/07/27 23:00:00+00,Wed 28 Jul 2021,23356,25103,3241,3092122,2540988,213940,3306062,2754928,70.2086917409921,58.5046168888024,3
-7.6926,53.28823,2021/07/28 23:00:00+00,Thu 29 Jul 2021,19176,27713,2939,3111298,2568701,216879,3328177,2785580,70.6783336345356,59.1555535074275,4
-7.6926,53.28823,2021/07/29 23:00:00+00,Fri 30 Jul 2021,21853,22764,2103,3133151,2591465,218982,3352133,2810447,71.1870716495357,59.6836378378252,5
-7.6926,53.28823,2021/07/30 23:00:00+00,Sat 31 Jul 2021,13671,12343,896,3146822,2603808,219878,3366700,2823686,71.496421568742,59.9647858834332,6
-7.6926,53.28823,2021/07/31 23:00:00+00,Sun 01 Aug 2021,11025,9228,359,3157847,2613036,220237,3378084,2833273,71.7381761839849,60.1683787766461,7
-7.6926,53.28823,2021/08/01 23:00:00+00,Mon 02 Aug 2021,14949,15849,413,3172796,2628885,220650,3393446,2849535,72.0644090019191,60.5137243101212,8
-7.6926,53.28823,2021/08/02 23:00:00+00,Tue 03 Aug 2021,17264,25283,1094,3190060,2654168,221744,3411804,2875912,72.4542659262542,61.0738755299266,9
-7.6926,53.28823,2021/08/03 23:00:00+00,Wed 04 Aug 2021,22027,17121,1565,3212087,2671289,223309,3435396,2894598,72.9552739096355,61.4706979772588,10
-7.6926,53.28823,2021/08/04 23:00:00+00,Thu 05 Aug 2021,13447,29888,1415,3225534,2701177,224724,3450258,2925901,73.2708885522691,62.1354594601253,11
-7.6926,53.28823,2021/08/05 23:00:00+00,Fri 06 Aug 2021,12114,24604,936,3237648,2725781,225660,3463308,2951441,73.5480229276136,62.6778358544775,12
-7.6926,53.28823,2021/08/06 23:00:00+00,Sat 07 Aug 2021,6298,8339,571,3243946,2734120,226231,3470177,2960351,73.6938954198926,62.8670517383333,13
-7.6926,53.28823,2021/08/07 23:00:00+00,Sun 08 Aug 2021,8580,11881,150,3252526,2746001,226381,3478907,2972382,73.8792887606402,63.1225462724152,14
-7.6926,53.28823,2021/08/08 23:00:00+00,Mon 09 Aug 2021,5489,22881,592,3258015,2768882,226973,3484988,2995855,74.0084270086455,63.621027130075,15
-7.6926,53.28823,2021/08/09 23:00:00+00,Tue 10 Aug 2021,9268,25846,697,3267283,2794728,227670,3494953,3022398,74.2200472423855,64.1847035840801,16
-7.6926,53.28823,2021/08/10 23:00:00+00,Wed 11 Aug 2021,6946,31060,644,3274229,2825788,228314,3502543,3054102,74.3812311434479,64.8579808435376,17
-7.6926,53.28823,2021/08/11 23:00:00+00,Thu 12 Aug 2021,6694,38158,854,3280923,2863946,229168,3510091,3093114,74.5415231177851,65.6864533531879,18
-7.6926,53.28823,2021/08/12 23:00:00+00,Fri 13 Aug 2021,10853,28111,852,3291776,2892057,230020,3521796,3122077,74.790094601571,66.3015217756477,19
-7.6926,53.28823,2021/08/13 23:00:00+00,Sat 14 Aug 2021,18078,5751,272,3309854,2897808,230292,3540146,3128100,75.1797816351013,66.4294283153182,20
-7.6926,53.28823,2021/08/14 23:00:00+00,Sun 15 Aug 2021,16966,3668,43,3326820,2901476,230335,3557155,3131811,75.5409907224755,66.5082364123989,21
-7.6926,53.28823,2021/08/15 23:00:00+00,Mon 16 Aug 2021,10138,23021,373,3336958,2924497,230708,3567666,3155205,75.7642060036437,67.0050395983612,22
-7.6926,53.28823,2021/08/16 23:00:00+00,Tue 17 Aug 2021,12838,26759,522,3349796,2951256,231230,3581026,3182486,76.0479236476745,67.5843884791099,23
-7.6926,53.28823,2021/08/17 23:00:00+00,Wed 18 Aug 2021,15178,25655,650,3364974,2976911,231880,3596854,3208791,76.3840526049888,68.143010681672,24
-7.6926,53.28823,2021/08/18 23:00:00+00,Thu 19 Aug 2021,11325,25584,536,3376299,3002495,232416,3608715,3234911,76.6359369594685,68.6977041593729,25
-7.6926,53.28823,2021/08/19 23:00:00+00,Fri 20 Aug 2021,14795,22126,677,3391094,3024621,233093,3624187,3257714,76.9645057759688,69.1819566621299,26
-7.6926,53.28823,2021/08/20 23:00:00+00,Sat 21 Aug 2021,11829,7893,236,3402923,3032514,233329,3636252,3265843,77.2207223459712,69.3545869561663,27
-7.6926,53.28823,2021/08/21 23:00:00+00,Sun 22 Aug 2021,7991,12204,159,3410914,3044718,233488,3644402,3278206,77.3937986033702,69.6171319586477,28
-7.6926,53.28823,2021/08/22 23:00:00+00,Mon 23 Aug 2021,10831,15262,280,3421745,3059980,233768,3655513,3293748,77.629755694899,69.9471873196901,29
-7.6926,53.28823,2021/08/23 23:00:00+00,Tue 24 Aug 2021,9714,22821,382,3431459,3082801,234150,3665609,3316951,77.8441578905678,70.4399343626876,30
-7.6926,53.28823,2021/08/24 23:00:00+00,Wed 25 Aug 2021,9382,19404,308,3440841,3102205,234458,3675299,3336663,78.0499381278925,70.8585453057366,31
-7.6926,53.28823,2021/08/25 23:00:00+00,Thu 26 Aug 2021,8538,19338,363,3449379,3121543,234821,3684200,3356364,78.238962884593,71.2769226489289,32
-7.6926,53.28823,2021/08/26 23:00:00+00,Fri 27 Aug 2021,9681,19109,429,3459060,3140652,235250,3694310,3375902,78.4536623891701,71.6918384669733,33
-7.6926,53.28823,2021/08/27 23:00:00+00,Sat 28 Aug 2021,9897,7844,151,3468957,3148496,235401,3704358,3383897,78.6670452400101,71.8616230900292,34
-7.6926,53.28823,2021/08/28 23:00:00+00,Sun 29 Aug 2021,8786,9153,27,3477743,3157649,235428,3713171,3393077,78.8542011978576,72.0565727885473,35
-7.6926,53.28823,2021/08/29 23:00:00+00,Mon 30 Aug 2021,5035,11035,80,3482778,3168684,235508,3718286,3404192,78.9628251311822,72.2926148254786,36
-7.6926,53.28823,2021/08/30 23:00:00+00,Tue 31 Aug 2021,4037,12782,140,3486815,3181466,235648,3722463,3417114,79.0515293676431,72.5670309479461,37
-7.6926,53.28823,2021/08/31 23:00:00+00,Wed 01 Sep 2021,4920,12450,178,3491735,3193916,235826,3727561,3429742,79.1597922830075,72.8352035833369,38
-7.6926,53.28823,2021/09/01 23:00:00+00,Thu 02 Sep 2021,4984,12293,244,3496719,3206209,236070,3732789,3442279,79.2708159239501,73.1014437108229,39
-7.6926,53.28823,2021/09/02 23:00:00+00,Fri 03 Sep 2021,4743,15981,163,3501462,3222190,236233,3737695,3458423,79.3750014599991,73.4442833549272,40
-7.6926,53.28823,2021/09/03 23:00:00+00,Sat 04 Sep 2021,4609,10535,131,3506071,3232725,236364,3742435,3469089,79.4756617618483,73.6707902704386,41
-7.6926,53.28823,2021/09/04 23:00:00+00,Sun 05 Sep 2021,5300,11865,1,3511371,3244590,236365,3747736,3480955,79.5882356563848,73.9227808066713,42
-7.6926,53.28823,2021/09/05 23:00:00+00,Mon 06 Sep 2021,2131,9626,73,3513502,3254216,236438,3749940,3490654,79.6350405731096,74.1287521711514,43
-7.6926,53.28823,2021/09/06 23:00:00+00,Tue 07 Sep 2021,3019,9931,153,3516521,3264147,236591,3753112,3500738,79.7024022772164,74.3428995306129,44
-7.6926,53.28823,2021/09/07 23:00:00+00,Wed 08 Sep 2021,2583,14739,184,3519104,3278886,236775,3755879,3515661,79.7611632593296,74.6598095906332,45
-7.6926,53.28823,2021/09/08 23:00:00+00,Thu 09 Sep 2021,3094,14745,136,3522198,3293631,236911,3759109,3530542,79.8297566717712,74.9758277239283,46
-7.6926,53.28823,2021/09/09 23:00:00+00,Fri 10 Sep 2021,3359,13895,112,3525557,3307526,237023,3762580,3544549,79.9034680447076,75.273285286798,47
-7.6926,53.28823,2021/09/10 23:00:00+00,Sat 11 Sep 2021,2544,11275,59,3528101,3318801,237082,3765183,3555883,79.9587462653223,75.5139780845109,48
-7.6926,53.28823,2021/09/11 23:00:00+00,Sun 12 Sep 2021,2027,12855,1,3530128,3331656,237083,3767211,3568739,80.0018135843413,75.7869926078387,49
-7.6926,53.28823,2021/09/12 23:00:00+00,Mon 13 Sep 2021,1591,7694,49,3531719,3339350,237132,3768851,3576482,80.0366411993271,75.9514256705431,50
-7.6926,53.28823,2021/09/13 23:00:00+00,Tue 14 Sep 2021,1529,10730,81,3533248,3350080,237213,3770461,3587293,80.0708317237949,76.1810118568916,51
-7.6926,53.28823,2021/09/14 23:00:00+00,Wed 15 Sep 2021,3261,12362,134,3536509,3362442,237347,3773856,3599789,80.1429291340857,76.446381294003,52
-7.6926,53.28823,2021/09/15 23:00:00+00,Thu 16 Sep 2021,1892,10553,111,3538401,3372995,237458,3775859,3610453,80.1854655443397,76.6728457368132,53
-7.6926,53.28823,2021/09/16 23:00:00+00,Fri 17 Sep 2021,2550,14569,90,3540951,3387564,237548,3778499,3625112,80.2415295099266,76.9841494002748,54
-7.6926,53.28823,2021/09/17 23:00:00+00,Sat 18 Sep 2021,2276,11201,43,3543227,3398765,237591,3780818,3636356,80.2907766069706,77.2229309264337,55
-7.6926,53.28823,2021/09/18 23:00:00+00,Sun 19 Sep 2021,1856,8475,12,3545083,3407240,237603,3782686,3644843,80.3304461098934,77.4031638339853,56
-7.6926,53.28823,2021/09/19 23:00:00+00,Mon 20 Sep 2021,942,5583,32,3546025,3412823,237635,3783660,3650458,80.3511303153789,77.5224059426105,57
-7.6926,53.28823,2021/09/20 23:00:00+00,Tue 21 Sep 2021,1449,6628,90,3547474,3419451,237725,3785199,3657176,80.383813058954,77.6650717459487,58
-7.6926,53.28823,2021/09/21 23:00:00+00,Wed 22 Sep 2021,1887,8102,96,3549361,3427553,237821,3787182,3665374,80.425924742196,77.8391673481765,59
-7.6926,53.28823,2021/09/22 23:00:00+00,Thu 23 Sep 2021,1686,8726,87,3551047,3436279,237908,3788955,3674187,80.4635767918118,78.0263233060241,60
-7.6926,53.28823,2021/09/23 23:00:00+00,Fri 24 Sep 2021,1904,7352,79,3552951,3443631,237987,3790938,3681618,80.5056884750538,78.1841306273409,61
-7.6926,53.28823,2021/09/24 23:00:00+00,Sat 25 Sep 2021,2404,6564,51,3555355,3450195,238038,3793393,3688233,80.5578237157795,78.3246090865672,62
-7.6926,53.28823,2021/09/25 23:00:00+00,Sun 26 Sep 2021,1538,7085,0,3556893,3457280,238038,3794931,3695318,80.590485223004,78.475068630576,63
-7.6926,53.28823,2021/09/26 23:00:00+00,Mon 27 Sep 2021,1167,3766,45,3558060,3461046,238083,3796143,3699129,80.6162236799325,78.5560003627169,64
-7.6926,53.28823,2021/09/27 23:00:00+00,Tue 28 Sep 2021,1437,5091,91,3559497,3466137,238174,3797671,3704311,80.648672823651,78.6660471315318,65
-7.6926,53.28823,2021/09/28 23:00:00+00,Wed 29 Sep 2021,1641,3574,76,3561138,3469711,238250,3799388,3707961,80.6851356376331,78.7435598112258,66
-7.6926,53.28823,2021/09/29 23:00:00+00,Thu 30 Sep 2021,1275,3924,77,3562413,3473635,238327,3800740,3711962,80.7138471836458,78.8285264499809,67
-7.6926,53.28823,2021/09/30 23:00:00+00,Fri 01 Oct 2021,1833,5137,41,3564246,3478772,238368,3802614,3717140,80.7536441046723,78.9384882733934,68
-7.6926,53.28823,2021/10/01 23:00:00+00,Sat 02 Oct 2021,1706,4060,39,3565952,3482832,238407,3804359,3721239,80.7907015364712,79.0255360745073,69
-7.6926,53.28823,2021/10/02 23:00:00+00,Sun 03 Oct 2021,1201,2999,9,3567153,3485831,238416,3805569,3724247,80.8163975206985,79.0894150171154,70
-7.6926,53.28823,2021/10/03 23:00:00+00,Mon 04 Oct 2021,334,1199,17,3567487,3487030,238433,3805920,3725463,80.8238514797595,79.1152384194464,71
-7.6926,53.28823,2021/10/04 23:00:00+00,Tue 05 Oct 2021,959,2785,69,3568446,3489815,238502,3806948,3728317,80.8456824481775,79.1758469640619,72
-7.6926,53.28823,2021/10/05 23:00:00+00,Wed 06 Oct 2021,972,2522,35,3569418,3492337,238537,3807955,3730874,80.8670674532328,79.230148312549,73
-7.6926,53.28823,2021/10/06 23:00:00+00,Thu 07 Oct 2021,1208,2662,44,3570626,3494999,238581,3809207,3733580,80.8936553641854,79.2876138772755,74
-7.6926,53.28823,2021/10/07 23:00:00+00,Fri 08 Oct 2021,977,2741,45,3571603,3497740,238626,3810229,3736366,80.9153589144997,79.3467783500502,75
-7.6926,53.28823,2021/10/08 23:00:00+00,Sat 09 Oct 2021,728,2342,20,3572331,3500082,238646,3810977,3738728,80.9312437047493,79.39693861017,76
-7.6926,53.28823,2021/10/09 23:00:00+00,Sun 10 Oct 2021,1519,3902,0,3573850,3503984,238646,3812496,3742630,80.9635017213124,79.4798028502156,77
-7.6926,53.28823,2021/10/10 23:00:00+00,Mon 11 Oct 2021,330,1089,15,3574180,3505073,238661,3812841,3743734,80.9708282622698,79.5032477812792,78
-7.6926,53.28823,2021/10/11 23:00:00+00,Tue 12 Oct 2021,561,1575,20,3574741,3506648,238681,3813422,3745329,80.983166581969,79.5371197604879,79
-7.6926,53.28823,2021/10/12 23:00:00+00,Wed 13 Oct 2021,1031,2009,9,3575772,3508657,238690,3814462,3747347,81.0052523865942,79.579974716001,80
-7.6926,53.28823,2021/10/13 23:00:00+00,Thu 14 Oct 2021,699,1547,7,3576471,3510204,238697,3815168,3748901,81.0202452501185,79.6129760048351,81
-7.6926,53.28823,2021/10/14 23:00:00+00,Fri 15 Oct 2021,953,2030,7,3577424,3512234,238704,3816128,3750938,81.0406321466956,79.6562344510095,82
-7.6926,53.28823,2021/10/15 23:00:00+00,Sat 16 Oct 2021,1371,2607,12,3578795,3514841,238716,3817511,3753557,81.0700020195769,79.7118524532338,83
-7.6926,53.28823,2021/10/16 23:00:00+00,Sun 17 Oct 2021,1707,2882,2,3580502,3517723,238718,3819220,3756441,81.1062949427542,79.7730980883674,84
-7.6926,53.28823,2021/10/17 23:00:00+00,Mon 18 Oct 2021,669,1198,4,3581171,3518921,238722,3819893,3757643,81.1205870067088,79.79862418179,85
-7.6926,53.28823,2021/10/18 23:00:00+00,Tue 19 Oct 2021,1329,1745,10,3582500,3520666,238732,3821232,3759398,81.1490224801637,79.8358939770949,86
-7.6926,53.28823,2021/10/19 23:00:00+00,Wed 20 Oct 2021,2245,2279,0,3584745,3522945,238732,3823477,3761677,81.1966980872631,79.8842916201148,87
-7.6926,53.28823,2021/10/20 23:00:00+00,Thu 21 Oct 2021,1750,1787,10,3586495,3524732,238742,3825237,3763474,81.2340740643211,79.922453342145,88
-7.6926,53.28823,2021/10/21 23:00:00+00,Fri 22 Oct 2021,1491,1890,1,3587986,3526622,238743,3826729,3765365,81.2657586994179,79.9626112811317,89
-7.6926,53.28823,2021/10/22 23:00:00+00,Sat 23 Oct 2021,2007,1671,0,3589993,3528293,238743,3828736,3767036,81.3083800550744,79.9980972229861,90
-7.6926,53.28823,2021/10/23 23:00:00+00,Sun 24 Oct 2021,1943,2174,2,3591936,3530467,238745,3830681,3769212,81.3496847569935,80.0443075218941,91
-7.6926,53.28823,2021/10/24 23:00:00+00,Mon 25 Oct 2021,1215,816,1,3593151,3531283,238746,3831897,3770029,81.3755081593245,80.0616576203353,92
-7.6926,53.28823,2021/10/25 23:00:00+00,Tue 26 Oct 2021,1236,1183,6,3594387,3532466,238752,3833139,3771218,81.401883706771,80.0869076412,93
-7.6926,53.28823,2021/10/26 23:00:00+00,Wed 27 Oct 2021,1548,1390,5,3595935,3533856,238757,3834692,3772613,81.4348637592545,80.1165323502885,94
-7.6926,53.28823,2021/10/27 23:00:00+00,Thu 28 Oct 2021,2143,1658,2,3598078,3535514,238759,3836837,3774273,81.4804157312939,80.1517846922863,95
-7.6926,53.28823,2021/10/28 23:00:00+00,Fri 29 Oct 2021,2131,1331,0,3600209,3536845,238759,3838968,3775604,81.5256703944249,80.1800502749364,96
-7.6926,53.28823,2021/10/29 23:00:00+00,Sat 30 Oct 2021,2003,1429,0,3602212,3538274,238759,3840971,3777033,81.5682068046789,80.2103970199454,97
-7.6926,53.28823,2021/10/30 23:00:00+00,Sun 31 Oct 2021,1624,1311,0,3603836,3539585,238759,3842595,3778344,81.6026946380551,80.2382378755834,98
-7.6926,53.28823,2021/11/01 00:00:00+00,Mon 01 Nov 2021,257,257,2,3604093,3539842,238761,3842854,3778603,81.6081948528608,80.2437380903891,99
-7.6926,53.28823,2021/11/02 00:00:00+00,Tue 02 Nov 2021,1087,1064,9,3605180,3540906,238770,3843950,3779676,81.6314698931196,80.2665246945841,100
-7.6926,53.28823,2021/11/03 00:00:00+00,Wed 03 Nov 2021,2536,1821,5,3607716,3542727,238775,3846491,3781502,81.685431459997,80.3053022707817,101
-7.6926,53.28823,2021/11/04 00:00:00+00,Thu 04 Nov 2021,1545,1246,1,3609261,3543973,238776,3848037,3782749,81.7182628580263,80.3317839999813,102
-7.6926,53.28823,2021/11/05 00:00:00+00,Fri 05 Nov 2021,1628,1050,1,3610889,3545023,238777,3849666,3783800,81.7528568731555,80.3541034044631,103
-7.6926,53.28823,2021/11/06 00:00:00+00,Sat 06 Nov 2021,1820,1336,5,3612709,3546359,238782,3851491,3785141,81.7916132130025,80.3825813506191,104
-7.6926,53.28823,2021/11/07 00:00:00+00,Sun 07 Nov 2021,726,765,0,3613435,3547124,238782,3852217,3785906,81.8070308035389,80.398827158829,105
-7.6926,53.28823,2020/12/28 00:00:00+00,Mon 28 Dec 2020,167,27,4,167,27,4,171,31,0.00363141595278904,0.000658326868634271,106
-7.6926,53.28823,2020/12/29 00:00:00+00,Tue 29 Dec 2020,72,1,0,239,28,4,243,32,0.00516043319606864,0.000679563219235377,107
-7.6926,53.28823,2020/12/30 00:00:00+00,Wed 30 Dec 2020,1052,0,0,1291,28,4,1295,32,0.0275010740284316,0.000679563219235377,108
-7.6926,53.28823,2020/12/31 00:00:00+00,Thu 31 Dec 2020,1026,1,0,2317,29,4,2321,33,0.0492895697451659,0.000700799569836482,109
-7.6926,53.28823,2021/01/01 00:00:00+00,Fri 01 Jan 2021,806,0,0,3123,29,4,3127,33,0.066406068329657,0.000700799569836482,110
-7.6926,53.28823,2021/01/02 00:00:00+00,Sat 02 Jan 2021,1015,0,0,4138,29,4,4142,33,0.0879609641897791,0.000700799569836482,111
-7.6926,53.28823,2021/01/03 00:00:00+00,Sun 03 Jan 2021,18,2,0,4156,31,4,4160,35,0.088343218500599,0.000743272271038693,112
-7.6926,53.28823,2021/01/04 00:00:00+00,Mon 04 Jan 2021,1185,3,0,5341,34,4,5345,38,0.113508293962909,0.00080698132284201,113
-7.6926,53.28823,2021/01/05 00:00:00+00,Tue 05 Jan 2021,3511,5,0,8852,39,4,8856,43,0.188069120923391,0.000913163075847537,114
-7.6926,53.28823,2021/01/06 00:00:00+00,Wed 06 Jan 2021,6761,5,0,15613,44,4,15617,48,0.331648087337465,0.00101934482885307,115
-7.6926,53.28823,2021/01/07 00:00:00+00,Thu 07 Jan 2021,11710,6,0,27323,50,4,27327,54,0.580325752876411,0.0011467629324597,116
-7.6926,53.28823,2021/01/08 00:00:00+00,Fri 08 Jan 2021,12666,5,0,39989,55,4,39993,59,0.849305369590013,0.00125294468546523,117
-7.6926,53.28823,2021/01/09 00:00:00+00,Sat 09 Jan 2021,8068,3,0,48057,58,4,48061,62,1.02064024623973,0.00131665373726854,118
-7.6926,53.28823,2021/01/10 00:00:00+00,Sun 10 Jan 2021,4762,3,1,52819,61,5,52824,66,1.1217889841528,0.00140159913967296,119
-7.6926,53.28823,2021/01/11 00:00:00+00,Mon 11 Jan 2021,8328,6,0,61147,67,5,61152,72,1.2986453119588,0.0015290172432796,120
-7.6926,53.28823,2021/01/12 00:00:00+00,Tue 12 Jan 2021,8862,7,0,70009,74,5,70014,79,1.4868418509858,0.00167767169748734,121
-7.6926,53.28823,2021/01/13 00:00:00+00,Wed 13 Jan 2021,9865,5,0,79874,79,5,79879,84,1.69633844966571,0.00178385345049286,122
-7.6926,53.28823,2021/01/14 00:00:00+00,Thu 14 Jan 2021,8059,4,0,87933,83,5,87938,88,1.86748219916002,0.00186879885289729,123
-7.6926,53.28823,2021/01/15 00:00:00+00,Fri 15 Jan 2021,7664,3,0,95597,86,5,95602,91,2.03023759016689,0.0019325079047006,124
-7.6926,53.28823,2021/01/16 00:00:00+00,Sat 16 Jan 2021,5212,2,0,100809,88,5,100814,93,2.14092144949985,0.00197498060590281,125
-7.6926,53.28823,2021/01/17 00:00:00+00,Sun 17 Jan 2021,1106,4,0,101915,92,5,101920,97,2.16440885326467,0.00205992600830724,126
-7.6926,53.28823,2021/01/18 00:00:00+00,Mon 18 Jan 2021,8685,6,0,110600,98,5,110605,103,2.34884655823528,0.00218734411191387,127
-7.6926,53.28823,2021/01/19 00:00:00+00,Tue 19 Jan 2021,8362,18,0,118962,116,5,118967,121,2.52642492196172,0.00256959842273377,128
-7.6926,53.28823,2021/01/20 00:00:00+00,Wed 20 Jan 2021,8431,957,0,127393,1073,5,127398,1078,2.70546859387964,0.0228927859479918,129
-7.6926,53.28823,2021/01/21 00:00:00+00,Thu 21 Jan 2021,8969,957,0,136362,2030,5,136367,2035,2.89593742242096,0.0432159734732497,130
-7.6926,53.28823,2021/01/22 00:00:00+00,Fri 22 Jan 2021,6748,965,0,143110,2995,5,143115,3000,3.03924031627722,0.0637090518033166,131
-7.6926,53.28823,2021/01/23 00:00:00+00,Sat 23 Jan 2021,4169,459,0,147279,3454,5,147284,3459,3.12777466193323,0.073456536729224,132
-7.6926,53.28823,2021/01/24 00:00:00+00,Sun 24 Jan 2021,1174,397,0,148453,3851,5,148458,3856,3.15270613753892,0.0818873679178629,133
-7.6926,53.28823,2021/01/25 00:00:00+00,Mon 25 Jan 2021,1340,1283,0,149793,5134,5,149798,5139,3.1811628473444,0.109133605739081,134
-7.6926,53.28823,2021/01/26 00:00:00+00,Tue 26 Jan 2021,991,3494,0,150784,8628,5,150789,8633,3.2022080707901,0.183333414739344,135
-7.6926,53.28823,2021/01/27 00:00:00+00,Wed 27 Jan 2021,2151,6697,0,152935,15325,5,152940,15330,3.24788746093308,0.325553254714948,136
-7.6926,53.28823,2021/01/28 00:00:00+00,Thu 28 Jan 2021,969,11534,0,153904,26859,5,153909,26864,3.26846548466555,0.570493322548099,137
-7.6926,53.28823,2021/01/29 00:00:00+00,Fri 29 Jan 2021,1550,11523,0,155454,38382,5,155459,38387,3.30138182809726,0.815199790524638,138
-7.6926,53.28823,2021/01/30 00:00:00+00,Sat 30 Jan 2021,610,7793,0,156064,46175,5,156069,46180,3.31433600196394,0.980694670759053,139
-7.6926,53.28823,2021/01/31 00:00:00+00,Sun 31 Jan 2021,209,4083,0,156273,50258,5,156278,50263,3.31877439923957,1.06740269026337,140
-7.6926,53.28823,2021/02/01 00:00:00+00,Mon 01 Feb 2021,996,8335,0,157269,58593,5,157274,58598,3.33992580443827,1.24440767252358,141
-7.6926,53.28823,2021/02/02 00:00:00+00,Tue 02 Feb 2021,814,5101,0,158083,63694,5,158088,63699,3.35721219382757,1.35273429693982,142
-7.6926,53.28823,2021/11/08 00:00:00+00,Mon 08 Nov 2021,508,508,1,3613943,3547632,238783,3852726,3786415,81.8178401059949,80.409636461285,143
-7.6926,53.28823,2021/02/03 00:00:00+00,Wed 03 Feb 2021,1379,6860,0,159462,70554,5,159467,70559,3.38649712130649,1.4984156620634,144
-7.6926,53.28823,2021/02/04 00:00:00+00,Thu 04 Feb 2021,1409,10532,1,160871,81086,6,160877,81092,3.41644037565405,1.72209814294485,145
-7.6926,53.28823,2021/02/05 00:00:00+00,Fri 05 Feb 2021,3364,8605,0,164235,89691,6,164241,89697,3.48787945907617,1.90483693986736,146
-7.6926,53.28823,2021/02/06 00:00:00+00,Sat 06 Feb 2021,884,3863,0,165119,93554,6,165125,93560,3.50665239300755,1.98687296223943,147
-7.6926,53.28823,2021/02/07 00:00:00+00,Sun 07 Feb 2021,316,1295,1,165435,94849,7,165442,94856,3.5133843161481,2.01439527261847,148
-7.6926,53.28823,2021/02/08 00:00:00+00,Mon 08 Feb 2021,1145,871,0,166580,95720,7,166587,95727,3.53769993758637,2.03289213399203,149
-7.6926,53.28823,2021/02/09 00:00:00+00,Tue 09 Feb 2021,4218,533,1,170798,96253,8,170806,96261,3.62729610077243,2.04423234521302,150
-7.6926,53.28823,2021/02/10 00:00:00+00,Wed 10 Feb 2021,8798,578,0,179596,96831,8,179604,96839,3.81413351336096,2.05650695586046,151
-7.6926,53.28823,2021/02/11 00:00:00+00,Thu 11 Feb 2021,6157,437,0,185753,97268,8,185761,97276,3.94488572401196,2.06578724107314,152
-7.6926,53.28823,2021/02/12 00:00:00+00,Fri 12 Feb 2021,4369,518,0,190122,97786,8,190130,97794,4.03766733978819,2.07678767068451,153
-7.6926,53.28823,2021/02/13 00:00:00+00,Sat 13 Feb 2021,1197,1910,0,191319,99696,8,191327,99704,4.06308725145772,2.11734910033262,154
-7.6926,53.28823,2021/02/14 00:00:00+00,Sun 14 Feb 2021,2686,23,0,194005,99719,8,194013,99727,4.12012808917229,2.11783753639645,155
-7.6926,53.28823,2021/02/15 00:00:00+00,Mon 15 Feb 2021,1942,7873,0,195947,107592,8,195955,107600,4.16136908203963,2.28503132467895,156
-7.6926,53.28823,2021/02/16 00:00:00+00,Tue 16 Feb 2021,5619,8154,0,201566,115746,8,201574,115754,4.28069613606724,2.45819252748037,157
-7.6926,53.28823,2021/02/17 00:00:00+00,Wed 17 Feb 2021,9711,8460,0,211277,124206,8,211285,124214,4.48692233675458,2.63785205356572,158
-7.6926,53.28823,2021/02/18 00:00:00+00,Thu 18 Feb 2021,8445,8341,0,219722,132547,8,219730,132555,4.66626331758092,2.81498445392954,159
-7.6926,53.28823,2021/02/19 00:00:00+00,Fri 19 Feb 2021,9367,6575,0,229089,139122,8,229097,139130,4.86518421366147,2.95461345913181,160
-7.6926,53.28823,2021/02/20 00:00:00+00,Sat 20 Feb 2021,5871,3565,2,234960,142687,10,234970,142697,4.98990530074176,3.03036352172595,161
-7.6926,53.28823,2021/02/21 00:00:00+00,Sun 21 Feb 2021,1099,1019,4,236059,143706,14,236073,143720,5.01332899545478,3.05208830839089,162
-7.6926,53.28823,2021/02/22 00:00:00+00,Mon 22 Feb 2021,3927,1109,1,239986,144815,15,240001,144830,5.09674538061593,3.07566065755811,163
-7.6926,53.28823,2021/04/11 23:00:00+00,Mon 12 Apr 2021,7724,2769,6,793572,337989,157,793729,338146,16.8559073262649,7.18098701036143,164
-7.6926,53.28823,2021/02/23 00:00:00+00,Tue 23 Feb 2021,13341,1058,0,253327,145873,15,253342,145888,5.38005953398527,3.09812871649408,165
-7.6926,53.28823,2021/02/24 00:00:00+00,Wed 24 Feb 2021,16913,2090,2,270240,147963,17,270257,147980,5.73927240440297,3.1425551619516,166
-7.6926,53.28823,2021/02/25 00:00:00+00,Thu 25 Feb 2021,18053,1746,2,288293,149709,19,288312,149728,6.12269471450594,3.17967630280233,167
-7.6926,53.28823,2021/02/26 00:00:00+00,Fri 26 Feb 2021,16061,2755,0,304354,152464,19,304373,152483,6.46377174151029,3.23818244870837,168
-7.6926,53.28823,2021/02/27 00:00:00+00,Sat 27 Feb 2021,8970,700,1,313324,153164,20,313344,153184,6.65428304275281,3.25306913047975,169
-7.6926,53.28823,2021/02/28 00:00:00+00,Sun 28 Feb 2021,2428,48,1,315752,153212,21,315773,153233,6.70586613836289,3.2541097116592,170
-7.6926,53.28823,2021/03/01 00:00:00+00,Mon 01 Mar 2021,5564,781,0,321316,153993,21,321337,154014,6.82402519310745,3.27069530147867,171
-7.6926,53.28823,2021/03/02 00:00:00+00,Tue 02 Mar 2021,12156,1600,0,333472,155593,21,333493,155614,7.08217427101448,3.30467346244044,172
-7.6926,53.28823,2021/03/03 00:00:00+00,Wed 03 Mar 2021,12856,1495,1,346328,157088,22,346350,157110,7.3552100306929,3.33644304293969,173
-7.6926,53.28823,2021/03/04 00:00:00+00,Thu 04 Mar 2021,18705,1678,3,365033,158766,25,365058,158791,7.75249967773838,3.37214134830015,174
-7.6926,53.28823,2021/03/05 00:00:00+00,Fri 05 Mar 2021,18407,2387,6,383440,161153,31,383471,161184,8.14352460135654,3.42295993528859,175
-7.6926,53.28823,2021/03/06 00:00:00+00,Sat 06 Mar 2021,10421,131,3,393861,161284,34,393895,161318,8.36489232002246,3.42580560626914,176
-7.6926,53.28823,2021/03/07 00:00:00+00,Sun 07 Mar 2021,1502,9,1,395363,161293,35,395398,161328,8.39681055497592,3.42601796977515,177
-7.6926,53.28823,2021/03/08 00:00:00+00,Mon 08 Mar 2021,6634,1486,3,401997,162779,38,402035,162817,8.53775621391546,3.4576388958202,178
-7.6926,53.28823,2021/03/09 00:00:00+00,Tue 09 Mar 2021,13789,3088,2,415786,165867,40,415826,165907,8.83062672505531,3.52325921917761,179
-7.6926,53.28823,2021/03/10 00:00:00+00,Wed 10 Mar 2021,13686,3969,3,429472,169836,43,429515,169879,9.12133112843384,3.6076100037652,180
-7.6926,53.28823,2021/03/11 00:00:00+00,Thu 11 Mar 2021,18428,2092,2,447900,171928,45,447945,171973,9.51271707001221,3.65207892192392,181
-7.6926,53.28823,2021/03/12 00:00:00+00,Fri 12 Mar 2021,17290,1327,2,465190,173255,47,465237,173302,9.87993604460653,3.68030203187279,182
-7.6926,53.28823,2021/03/13 00:00:00+00,Sat 13 Mar 2021,8257,166,0,473447,173421,47,473494,173468,10.0552845915199,3.68382726607257,183
-7.6926,53.28823,2021/03/14 00:00:00+00,Sun 14 Mar 2021,364,15,1,473811,173436,48,473859,173484,10.0630358594893,3.68416704768219,184
-7.6926,53.28823,2021/03/15 00:00:00+00,Mon 15 Mar 2021,2607,983,0,476418,174419,48,476466,174467,10.1183990255063,3.70504238032308,185
-7.6926,53.28823,2021/03/16 00:00:00+00,Tue 16 Mar 2021,8911,3806,2,485329,178225,50,485379,178275,10.307678618414,3.78591040341209,186
-7.6926,53.28823,2021/03/17 00:00:00+00,Wed 17 Mar 2021,4855,2402,6,490184,180627,56,490240,180683,10.410908518686,3.83704753565955,187
-7.6926,53.28823,2021/03/18 00:00:00+00,Thu 18 Mar 2021,11682,4671,2,501866,185298,58,501924,185356,10.6590340391093,3.93628500201851,188
-7.6926,53.28823,2021/03/19 00:00:00+00,Fri 19 Mar 2021,10310,6107,2,512176,191405,60,512236,191465,10.8780232865079,4.06601786784067,189
-7.6926,53.28823,2021/03/20 00:00:00+00,Sat 20 Mar 2021,5202,3109,2,517378,194514,62,517440,194576,10.988537255036,4.13208415456071,190
-7.6926,53.28823,2021/03/21 00:00:00+00,Sun 21 Mar 2021,3606,47,3,520984,194561,65,521049,194626,11.0651792443554,4.13314597209076,191
-7.6926,53.28823,2021/03/22 00:00:00+00,Mon 22 Mar 2021,7358,2389,0,528342,196950,65,528407,197015,11.2214363120784,4.1838796136768,192
-7.6926,53.28823,2021/03/23 00:00:00+00,Tue 23 Mar 2021,12526,7371,3,540868,204321,68,540936,204389,11.4875065487596,4.34047646300936,193
-7.6926,53.28823,2021/03/24 00:00:00+00,Wed 24 Mar 2021,13572,9763,1,554440,214084,69,554509,214153,11.7757475354684,4.54782819027855,194
-7.6926,53.28823,2021/03/25 00:00:00+00,Thu 25 Mar 2021,20808,10202,2,575248,224286,71,575319,224357,12.2176759914774,4.76452391181223,195
-7.6926,53.28823,2021/03/26 00:00:00+00,Fri 26 Mar 2021,19661,9475,1,594909,233761,72,594981,233833,12.6352251169964,4.96575957010831,196
-7.6926,53.28823,2021/03/27 00:00:00+00,Sat 27 Mar 2021,11698,5324,0,606607,239085,72,606679,239157,12.8836479463281,5.07882190070859,197
-7.6926,53.28823,2021/03/28 00:00:00+00,Sun 28 Mar 2021,2461,477,0,609068,239562,72,609140,239634,12.9359106051574,5.08895163994532,198
-7.6926,53.28823,2021/03/28 23:00:00+00,Mon 29 Mar 2021,9213,3098,3,618281,242660,75,618356,242735,13.1316248122972,5.15480556315935,199
-7.6926,53.28823,2021/03/29 23:00:00+00,Tue 30 Mar 2021,13278,8652,3,631559,251312,78,631637,251390,13.4136647846305,5.33860617761192,200
-7.6926,53.28823,2021/03/30 23:00:00+00,Wed 31 Mar 2021,15760,10483,3,647319,261795,81,647400,261876,13.7484133791557,5.56129055001511,201
-7.6926,53.28823,2021/03/31 23:00:00+00,Thu 01 Apr 2021,19632,11603,6,666951,273398,87,667038,273485,14.1654528322602,5.80782334414334,202
-7.6926,53.28823,2021/04/01 23:00:00+00,Fri 02 Apr 2021,20087,13705,5,687038,287103,92,687130,287195,14.5921335885376,6.0989737108845,203
-7.6926,53.28823,2021/04/02 23:00:00+00,Sat 03 Apr 2021,7503,4627,5,694541,291730,97,694638,291827,14.7515761088507,6.19734048686882,204
-7.6926,53.28823,2021/04/03 23:00:00+00,Sun 04 Apr 2021,2993,165,1,697534,291895,98,697632,291993,14.8151577425504,6.2008657210686,205
-7.6926,53.28823,2021/04/04 23:00:00+00,Mon 05 Apr 2021,3389,589,3,700923,292484,101,701024,292585,14.8871914437894,6.21343764062446,206
-7.6926,53.28823,2021/04/05 23:00:00+00,Tue 06 Apr 2021,11921,8140,6,712844,300624,107,712951,300731,15.1404773974088,6.38642895262107,207
-7.6926,53.28823,2021/04/06 23:00:00+00,Wed 07 Apr 2021,18295,10441,4,731139,311065,111,731250,311176,15.5290813770584,6.60824263464961,208
-7.6926,53.28823,2021/04/07 23:00:00+00,Thu 08 Apr 2021,20117,10539,13,751256,321604,124,751380,321728,15.9565691146587,6.83232860619248,209
-7.6926,53.28823,2021/04/08 23:00:00+00,Fri 09 Apr 2021,20650,9133,13,771906,330737,137,772043,330874,16.3953758271293,7.02655626879019,210
-7.6926,53.28823,2021/04/09 23:00:00+00,Sat 10 Apr 2021,11120,4142,12,783026,334879,149,783175,335028,16.6317788820208,7.11477206918718,211
-7.6926,53.28823,2021/04/10 23:00:00+00,Sun 11 Apr 2021,2822,341,2,785848,335220,151,785999,335371,16.6917503361183,7.12205613744336,212
-7.6926,53.28823,2021/04/12 23:00:00+00,Tue 13 Apr 2021,11455,8568,1,805027,346557,158,805185,346715,17.0991909587512,7.3629612986623,213
-7.6926,53.28823,2021/04/13 23:00:00+00,Wed 14 Apr 2021,20305,6562,2,825332,353119,160,825492,353279,17.5304375304078,7.50235670400796,214
-7.6926,53.28823,2021/04/14 23:00:00+00,Thu 15 Apr 2021,27071,10764,1,852403,363883,161,852564,364044,18.1053480138809,7.73096601822886,215
-7.6926,53.28823,2021/04/15 23:00:00+00,Fri 16 Apr 2021,27920,9806,1,880323,373689,162,880485,373851,18.6982881590144,7.9392309085739,216
-7.6926,53.28823,2021/04/16 23:00:00+00,Sat 17 Apr 2021,15811,4526,1,896134,378215,163,896297,378378,19.0340773347191,8.03536786774511,217
-7.6926,53.28823,2021/11/09 00:00:00+00,Tue 09 Nov 2021,1376,1023,1,3615319,3548655,238784,3854103,3787439,81.8470825607726,80.4313824843005,218
-7.6926,53.28823,2021/04/17 23:00:00+00,Sun 18 Apr 2021,1040,459,0,897174,378674,163,897337,378837,19.0561631393442,8.04511535267101,219
-7.6926,53.28823,2021/04/18 23:00:00+00,Mon 19 Apr 2021,6704,2225,0,903878,380899,163,904041,381062,19.198531633774,8.09236623275847,220
-7.6926,53.28823,2021/11/10 00:00:00+00,Wed 10 Nov 2021,1626,1312,0,3616945,3549967,238784,3855729,3788751,81.88161286685,80.4592445762892,221
-7.6926,53.28823,2021/04/19 23:00:00+00,Tue 20 Apr 2021,15024,7270,1,918902,388169,164,919066,388333,19.5176078015556,8.24677573797911,222
-7.6926,53.28823,2021/11/11 00:00:00+00,Thu 11 Nov 2021,1400,1082,1,3618345,3551049,238785,3857130,3789834,81.9113649940421,80.4822435439901,223
-7.6926,53.28823,2021/04/20 23:00:00+00,Wed 21 Apr 2021,26645,9830,2,945547,397999,166,945713,398165,20.0834928360233,8.45557153708918,224
-7.6926,53.28823,2021/11/12 00:00:00+00,Fri 12 Nov 2021,1158,1095,5,3619503,3552144,238790,3858293,3790934,81.9360628697912,80.5056035296514,225
-7.6926,53.28823,2021/04/21 23:00:00+00,Thu 22 Apr 2021,31571,12147,0,977118,410146,166,977284,410312,20.7539456608508,8.71352948784081,226
-7.6926,53.28823,2021/11/13 00:00:00+00,Sat 13 Nov 2021,1414,1351,0,3620917,3553495,238790,3859707,3792285,81.9660910695412,80.5342938393134,227
-7.6926,53.28823,2021/04/22 23:00:00+00,Fri 23 Apr 2021,33532,12341,1,1010650,422487,167,1010817,422654,21.4660642055577,8.97562852695965,228
-7.6926,53.28823,2021/11/14 00:00:00+00,Sun 14 Nov 2021,1650,1798,0,3622567,3555293,238790,3861357,3794083,82.001131048033,80.5724767976942,229
-7.6926,53.28823,2021/04/23 23:00:00+00,Sat 24 Apr 2021,23635,6973,0,1034285,429460,167,1034452,429627,21.9679853520148,9.12370959970116,230
-7.6926,53.28823,2021/11/15 00:00:00+00,Mon 15 Nov 2021,1246,561,0,3623813,3555854,238790,3862603,3794644,82.027591540882,80.5843903903815,231
-7.6926,53.28823,2021/04/24 23:00:00+00,Sun 25 Apr 2021,9709,278,2,1043994,429738,169,1044163,429907,22.1742115527021,9.12965577786947,232
-7.6926,53.28823,2021/11/16 00:00:00+00,Tue 16 Nov 2021,1319,1044,4,3625132,3556898,238794,3863926,3795692,82.0556872327273,80.6066460858114,233
-7.6926,53.28823,2021/04/25 23:00:00+00,Mon 26 Apr 2021,15522,3021,1,1059516,432759,170,1059686,432929,22.5038634230831,9.19383202938601,234
-7.6926,53.28823,2021/11/17 00:00:00+00,Wed 17 Nov 2021,1518,1075,0,3626650,3557973,238794,3865444,3796767,82.0879240129397,80.6294751627076,235
-7.6926,53.28823,2021/04/26 23:00:00+00,Tue 27 Apr 2021,25864,7770,5,1085380,440529,175,1085555,440704,23.0532265767831,9.35894465530961,236
-7.6926,53.28823,2021/11/18 00:00:00+00,Thu 18 Nov 2021,1671,2454,5,3628321,3560427,238799,3867120,3799226,82.1235161365472,80.6816953488357,237
-7.6926,53.28823,2021/04/27 23:00:00+00,Wed 28 Apr 2021,25978,8560,4,1111358,449089,179,1111537,449268,23.604989438101,9.54081276185748,238
-7.6926,53.28823,2021/11/19 00:00:00+00,Fri 19 Nov 2021,1185,1442,0,3629506,3561869,238799,3868305,3800668,82.1486812120095,80.7123181664025,239
-7.6926,53.28823,2021/04/28 23:00:00+00,Thu 29 Apr 2021,31636,11304,4,1142994,460393,183,1143177,460576,24.27690757112,9.78095341445478,240
-7.6926,53.28823,2021/04/29 23:00:00+00,Fri 30 Apr 2021,36053,13487,5,1179047,473880,188,1179235,474068,25.0426479010947,10.0674742567649,241
-7.6926,53.28823,2021/04/30 23:00:00+00,Sat 01 May 2021,16490,6657,13,1195537,480537,201,1195738,480738,25.3931113950647,10.2091207152743,242
-7.6926,53.28823,2021/05/01 23:00:00+00,Sun 02 May 2021,12390,889,8,1207927,481426,209,1208136,481635,25.6563996698172,10.2281697217635,243
-7.6926,53.28823,2021/05/02 23:00:00+00,Mon 03 May 2021,14193,896,14,1222120,482322,223,1222343,482545,25.9581045028071,10.2474948008105,244
-7.6926,53.28823,2021/05/03 23:00:00+00,Tue 04 May 2021,26570,6747,6,1248690,489069,229,1248919,489298,26.5224817563821,10.3909038764197,245
-7.6926,53.28823,2021/05/04 23:00:00+00,Wed 05 May 2021,32005,13405,68,1280695,502474,297,1280992,502771,27.2035952292114,10.6770212280684,246
-7.6926,53.28823,2021/05/05 23:00:00+00,Thu 06 May 2021,37198,14346,130,1317893,516820,427,1318320,517247,27.9963057244494,10.98443863937,247
-7.6926,53.28823,2021/05/06 23:00:00+00,Fri 07 May 2021,40507,15030,90,1358400,531850,517,1358917,532367,28.8584378498025,11.3055322604587,248
-7.6926,53.28823,2021/05/07 23:00:00+00,Sat 08 May 2021,25533,7003,9,1383933,538853,526,1384459,539379,29.4008567168559,11.4544415508737,249
-7.6926,53.28823,2021/05/08 23:00:00+00,Sun 09 May 2021,19615,898,1,1403548,539751,527,1404075,540278,29.8174289702472,11.4735330300641,250
-7.6926,53.28823,2021/05/09 23:00:00+00,Mon 10 May 2021,28738,4595,167,1432286,544346,694,1432980,545040,30.4312656843722,11.5746605316266,251
-7.6926,53.28823,2021/05/10 23:00:00+00,Tue 11 May 2021,33849,14776,148,1466135,559122,842,1466977,559964,31.153237895758,11.8915918279975,252
-7.6926,53.28823,2021/05/11 23:00:00+00,Wed 12 May 2021,31195,20899,162,1497330,580021,1004,1498334,581025,31.8191461415568,12.3388506080073,253
-7.6926,53.28823,2021/05/12 23:00:00+00,Thu 13 May 2021,35904,25441,146,1533234,605462,1150,1534384,606612,32.5847165807267,12.8822251108378,254
-7.6926,53.28823,2021/05/13 23:00:00+00,Fri 14 May 2021,38108,27926,229,1571342,633388,1379,1572721,634767,33.3988545537213,13.4801345620119,255
-7.6926,53.28823,2021/05/14 23:00:00+00,Sat 15 May 2021,28767,12410,13,1600109,645798,1392,1601501,647190,34.0100367240211,13.7439537455295,256
-7.6926,53.28823,2021/05/15 23:00:00+00,Sun 16 May 2021,23103,1142,5,1623212,646940,1397,1624609,648337,34.5007663137114,13.768311839669,257
-7.6926,53.28823,2021/05/16 23:00:00+00,Mon 17 May 2021,35312,3912,110,1658524,650852,1507,1660031,652359,35.2530003247038,13.8537244417866,258
-7.6926,53.28823,2021/05/17 23:00:00+00,Tue 18 May 2021,38963,12449,118,1697487,663301,1625,1699112,664926,36.0829381425456,14.1206016597907,259
-7.6926,53.28823,2021/05/18 23:00:00+00,Wed 19 May 2021,36931,17552,200,1734418,680853,1825,1736243,682678,36.8714650767153,14.4975893556615,260
-7.6926,53.28823,2021/05/19 23:00:00+00,Thu 20 May 2021,38976,19633,126,1773394,700486,1951,1775345,702437,37.7018488579197,14.9171984071888,261
-7.6926,53.28823,2021/05/20 23:00:00+00,Fri 21 May 2021,25743,23200,14923,1799137,723686,16874,1816011,740560,38.5654462914642,15.7267918011547,262
-7.6926,53.28823,2021/05/21 23:00:00+00,Sat 22 May 2021,16512,10222,13508,1815649,733908,30382,1846031,764290,39.2029615365094,16.2307304009189,263
-7.6926,53.28823,2021/05/22 23:00:00+00,Sun 23 May 2021,8156,5509,10201,1823805,739417,40583,1864388,780000,39.5927972244939,16.5643534688623,264
-7.6926,53.28823,2021/05/23 23:00:00+00,Mon 24 May 2021,22449,8169,8440,1846254,747586,49023,1895277,796609,40.2487668582115,16.9170680159961,265
-7.6926,53.28823,2021/05/24 23:00:00+00,Tue 25 May 2021,30211,16460,3215,1876465,764046,52238,1928703,816284,40.958613113404,17.3348932140728,266
-7.6926,53.28823,2021/05/25 23:00:00+00,Wed 26 May 2021,19842,25377,3040,1896307,789423,55278,1951585,844701,41.4445432878585,17.9383665891044,267
-7.6926,53.28823,2021/05/26 23:00:00+00,Thu 27 May 2021,16906,35946,546,1913213,825369,55824,1969037,881193,41.815160078549,18.71332349524,268
-7.6926,53.28823,2021/05/27 23:00:00+00,Fri 28 May 2021,26906,31768,1545,1940119,857137,57369,1997488,914506,42.4193554895011,19.4207700428146,269
-7.6926,53.28823,2021/05/28 23:00:00+00,Sat 29 May 2021,24381,7360,521,1964500,864497,57890,2022390,922387,42.9481830921698,19.5881337219019,270
-7.6926,53.28823,2021/05/29 23:00:00+00,Sun 30 May 2021,24168,1651,202,1988668,866148,58092,2046760,924240,43.4657129563187,19.6274846795658,271
-7.6926,53.28823,2021/05/30 23:00:00+00,Mon 31 May 2021,22452,7277,3429,2011120,873425,61521,2072641,934946,44.015330946226,19.8548410491012,272
-7.6926,53.28823,2021/05/31 23:00:00+00,Tue 01 Jun 2021,27388,11448,3633,2038508,884873,65154,2103662,950027,44.6741037782228,20.1751064525165,273
-7.6926,53.28823,2021/06/01 23:00:00+00,Wed 02 Jun 2021,18564,20832,3988,2057072,905705,69142,2126214,974847,45.153025956979,20.7021926744359,274
-7.6926,53.28823,2021/06/02 23:00:00+00,Thu 03 Jun 2021,16560,30642,1968,2073632,936347,71110,2144742,1007457,45.5464930609163,21.394710067538,275
-7.6926,53.28823,2021/06/03 23:00:00+00,Fri 04 Jun 2021,28911,23296,134,2102543,959643,71244,2173787,1030887,46.1633028641254,21.8922777621219,276
-7.6926,53.28823,2021/06/04 23:00:00+00,Sat 05 Jun 2021,20835,11431,24,2123378,971074,71268,2194646,1042342,46.6062719013138,22.1355401582575,277
-7.6926,53.28823,2021/06/05 23:00:00+00,Sun 06 Jun 2021,19840,3861,30,2143218,974935,71298,2214516,1046233,47.0282381877578,22.2181707984464,278
-7.6926,53.28823,2021/06/06 23:00:00+00,Mon 07 Jun 2021,19685,4506,35,2162903,979441,71333,2234236,1050774,47.4470190216116,22.3146050665261,279
-7.6926,53.28823,2021/06/07 23:00:00+00,Tue 08 Jun 2021,26302,18264,32,2189205,997705,71365,2260570,1069070,48.0062570783411,22.7031453371239,280
-7.6926,53.28823,2021/06/08 23:00:00+00,Wed 09 Jun 2021,32662,20034,160,2221867,1017739,71525,2293392,1089264,48.7032765777706,23.1319922011626,281
-7.6926,53.28823,2021/06/09 23:00:00+00,Thu 10 Jun 2021,27570,27398,252,2249437,1045137,71777,2321214,1116914,49.2941143241946,23.7191772952832,282
-7.6926,53.28823,2021/06/10 23:00:00+00,Fri 11 Jun 2021,26326,32809,21,2275763,1077946,71798,2347561,1149744,49.8536284534819,24.4163666855175,283
-7.6926,53.28823,2021/06/11 23:00:00+00,Sat 12 Jun 2021,12094,19654,92,2287857,1097600,71890,2359747,1169490,50.112414621907,24.8356996644869,284
-7.6926,53.28823,2021/06/12 23:00:00+00,Sun 13 Jun 2021,8479,18126,821,2296336,1115726,72711,2369047,1188437,50.3099126824972,25.238064799326,285
-7.6926,53.28823,2021/06/13 23:00:00+00,Mon 14 Jun 2021,15930,31234,28,2312266,1146960,72739,2385005,1219699,50.6488023653897,25.9019555918178,286
-7.6926,53.28823,2021/06/14 23:00:00+00,Tue 15 Jun 2021,14577,41445,194,2326843,1188405,72933,2399776,1261338,50.9624845001186,26.7862159944972,287
-7.6926,53.28823,2021/06/15 23:00:00+00,Wed 16 Jun 2021,13320,48285,201,2340163,1236690,73134,2413297,1309824,51.2496211965962,27.8158816897424,288
-7.6926,53.28823,2021/06/16 23:00:00+00,Thu 17 Jun 2021,21466,42571,516,2361629,1279261,73650,2435279,1352911,51.7164386555097,28.7308923280923,289
-7.6926,53.28823,2021/06/17 23:00:00+00,Fri 18 Jun 2021,11920,49957,539,2373549,1329218,74189,2447738,1403407,51.9810223476488,29.8032430880457,290
-7.6926,53.28823,2021/06/18 23:00:00+00,Sat 19 Jun 2021,6219,32712,418,2379768,1361930,74607,2454375,1436537,52.1219680065884,30.5068033834603,291
-7.6926,53.28823,2021/06/19 23:00:00+00,Sun 20 Jun 2021,8448,26085,170,2388216,1388015,74777,2462993,1462792,52.3049828760687,31.0643637684923,292
-7.6926,53.28823,2021/06/20 23:00:00+00,Mon 21 Jun 2021,15374,32236,555,2403590,1420251,75332,2478922,1495583,52.6432567047937,31.7607249410532,293
-7.6926,53.28823,2021/06/21 23:00:00+00,Tue 22 Jun 2021,15041,43443,705,2418631,1463694,76037,2494668,1539731,52.9776442813587,32.6982673473908,294
-7.6926,53.28823,2021/06/22 23:00:00+00,Wed 23 Jun 2021,19962,39276,867,2438593,1502970,76904,2515497,1579874,53.4199762280291,33.550758169571,295
-7.6926,53.28823,2021/06/23 23:00:00+00,Thu 24 Jun 2021,18908,44153,1021,2457501,1547123,77925,2535426,1625048,53.8431954591586,34.5100890716253,296
-7.6926,53.28823,2021/06/24 23:00:00+00,Fri 25 Jun 2021,15094,50046,811,2472595,1597169,78736,2551331,1675905,54.1809596154691,35.5901061541458,297
-7.6926,53.28823,2021/06/25 23:00:00+00,Sat 26 Jun 2021,8955,30453,480,2481550,1627622,79216,2560766,1706838,54.3813245833906,36.2470101872897,298
-7.6926,53.28823,2021/06/26 23:00:00+00,Sun 27 Jun 2021,8658,30392,46,2490208,1658014,79262,2569470,1737276,54.5661657790226,36.8934022268862,299
-7.6926,53.28823,2021/06/27 23:00:00+00,Mon 28 Jun 2021,24128,24530,497,2514336,1682544,79759,2594095,1762303,55.0891109125748,37.4248843733801,300
-7.6926,53.28823,2021/06/28 23:00:00+00,Tue 29 Jun 2021,28040,30886,787,2542376,1713430,80546,2622922,1793976,55.7012911913529,38.0975033059689,301
-7.6926,53.28823,2021/06/29 23:00:00+00,Wed 30 Jun 2021,22435,36729,558,2564811,1750159,81104,2645915,1831263,56.1895786007241,38.8893431108323,302
-7.6926,53.28823,2021/06/30 23:00:00+00,Thu 01 Jul 2021,14810,48199,616,2579621,1798358,81720,2661341,1880078,56.5171705450968,39.9259955654253,303
-7.6926,53.28823,2021/07/01 23:00:00+00,Fri 02 Jul 2021,13534,47133,799,2593155,1845491,82519,2675674,1928010,56.8215511582624,40.9438963224375,304
-7.6926,53.28823,2021/07/02 23:00:00+00,Sat 03 Jul 2021,9223,30361,488,2602378,1875852,83007,2685385,1958859,57.0277773589497,41.599016502131,305
-7.6926,53.28823,2021/07/03 23:00:00+00,Sun 04 Jul 2021,6372,27711,216,2608750,1903563,83223,2691973,1986786,57.1676824367098,42.192084065368,306
-7.6926,53.28823,2021/07/04 23:00:00+00,Mon 05 Jul 2021,15442,33303,5318,2624192,1936866,88541,2712733,2025407,57.6085490751888,43.0122531619333,307
-7.6926,53.28823,2021/07/05 23:00:00+00,Tue 06 Jul 2021,12268,48213,5463,2636460,1985079,94004,2730464,2079083,57.985090807697,44.1521355167983,308
-7.6926,53.28823,2021/07/06 23:00:00+00,Wed 07 Jul 2021,19573,43618,5036,2656033,2028697,99040,2755073,2127737,58.5076961596396,45.1853689189445,309
-7.6926,53.28823,2021/07/07 23:00:00+00,Thu 08 Jul 2021,17654,45469,5974,2673687,2074166,105014,2778701,2179180,59.0094686516425,46.2778305029171,310
-7.6926,53.28823,2021/07/08 23:00:00+00,Fri 09 Jul 2021,13413,44979,6515,2687100,2119145,111529,2798629,2230674,59.4326666464214,47.3713751407705,311
-7.6926,53.28823,2021/07/09 23:00:00+00,Sat 10 Jul 2021,8535,23735,4341,2695635,2142880,115870,2811505,2258750,59.7061058967612,47.9676069202471,312
-7.6926,53.28823,2021/07/10 23:00:00+00,Sun 11 Jul 2021,15168,16029,2141,2710803,2158909,118011,2828814,2276920,60.0736858893157,48.3534714106692,313
-7.6926,53.28823,2021/07/11 23:00:00+00,Mon 12 Jul 2021,17014,31617,6068,2727817,2190526,124079,2851896,2314605,60.5638633338904,49.1537632830718,314
-7.6926,53.28823,2021/07/12 23:00:00+00,Tue 13 Jul 2021,19999,36407,8468,2747816,2226933,132547,2880363,2359480,61.1683985264521,50.1067445162965,315
-7.6926,53.28823,2021/07/13 23:00:00+00,Wed 14 Jul 2021,20692,35546,9309,2768508,2262479,141856,2910364,2404335,61.8055102808359,51.059301022509,316
-7.6926,53.28823,2021/07/14 23:00:00+00,Thu 15 Jul 2021,23514,28693,9550,2792022,2291172,151406,2943428,2442578,62.5076689771108,51.8714427785471,317
-7.6926,53.28823,2021/07/15 23:00:00+00,Fri 16 Jul 2021,23450,27253,9143,2815472,2318425,160549,2976021,2478974,63.1998253522527,52.644360995025,318
-7.6926,53.28823,2021/07/16 23:00:00+00,Sat 17 Jul 2021,11420,19306,4659,2826892,2337731,165208,2992100,2502939,63.5412846335678,53.1532901371805,319
-7.6926,53.28823,2021/07/17 23:00:00+00,Sun 18 Jul 2021,16802,15713,1920,2843694,2353444,167128,3010822,2520572,63.9388715895217,53.5277507073297,320
-7.6926,53.28823,2021/07/18 23:00:00+00,Mon 19 Jul 2021,24780,18261,6217,2868474,2371705,173345,3041819,2545050,64.5971347491042,54.0475740973436,321
-7.6926,53.28823,2021/07/19 23:00:00+00,Tue 20 Jul 2021,30474,18022,7680,2898948,2389727,181025,3079973,2570752,65.4073864699388,54.5933907804932,322
-7.6926,53.28823,2021/07/20 23:00:00+00,Wed 21 Jul 2021,30230,19680,6866,2929178,2409407,187891,3117069,2597298,66.1951701318374,55.1571309435502,323
-7.6926,53.28823,2021/07/21 23:00:00+00,Thu 22 Jul 2021,33433,15771,6907,2962611,2425178,194798,3157409,2619976,67.051844515086,55.638728902482,324
-7.6926,53.28823,2021/07/22 23:00:00+00,Fri 23 Jul 2021,26997,20676,5581,2989608,2445854,200379,3189987,2646233,67.7436823449688,56.1963317602153,325
-7.6926,53.28823,2021/07/23 23:00:00+00,Sat 24 Jul 2021,15361,14683,2252,3004969,2460537,202631,3207600,2663168,68.1177181881061,56.555969357645,326
-7.6926,53.28823,2021/07/24 23:00:00+00,Sun 25 Jul 2021,14665,13562,1028,3019634,2474099,203659,3223293,2677758,68.4509802380892,56.8658077129151,327
-7.6926,53.28823,2021/11/20 00:00:00+00,Sat 20 Nov 2021,1539,2918,10,3631045,3564787,238809,3869854,3803596,82.1815763190906,80.7744982009626,328
-7.6926,53.28823,2021/11/21 00:00:00+00,Sun 21 Nov 2021,1786,2752,0,3632831,3567539,238809,3871640,3806348,82.2195044412642,80.8329406378168,329
-7.6926,53.28823,2021/11/22 00:00:00+00,Mon 22 Nov 2021,712,481,2,3633543,3568020,238811,3872354,3806831,82.2346671955934,80.8431977951571,330
-7.6926,53.28823,2021/11/23 00:00:00+00,Tue 23 Nov 2021,2165,1553,4,3635708,3569573,238815,3874523,3808388,82.2807288400472,80.8762627930431,331
-7.6926,53.28823,2021/11/24 00:00:00+00,Wed 24 Nov 2021,1625,3112,1,3637333,3572685,238816,3876149,3811501,82.3152591461246,80.9423715524643,332
-7.6926,53.28823,2021/11/25 00:00:00+00,Thu 25 Nov 2021,1008,1153,1,3638341,3573838,238817,3877158,3812655,82.3366866238811,80.966878301058,333
-7.6926,53.28823,2021/11/26 00:00:00+00,Fri 26 Nov 2021,1292,1073,12,3639633,3574911,238829,3878462,3813740,82.3643788250649,80.9899197414602,334
-7.6926,53.28823,2021/11/27 00:00:00+00,Sat 27 Nov 2021,1226,1545,5,3640859,3576456,238834,3879693,3815290,82.3905207726549,81.0228360848919,335
-7.6926,53.28823,2021/11/28 00:00:00+00,Sun 28 Nov 2021,1968,2250,0,3642827,3578706,238834,3881661,3817540,82.4323139106379,81.0706178737444,336
-7.6926,53.28823,2021/11/29 00:00:00+00,Mon 29 Nov 2021,549,970,1,3643376,3579676,238835,3882211,3818511,82.4439939034685,81.091238370178,337
-7.6926,53.28823,2021/11/30 00:00:00+00,Tue 30 Nov 2021,1931,1616,6,3645307,3581292,238841,3884148,3820133,82.4851287145828,81.125683730853,338
-7.6926,53.28823,2021/12/01 00:00:00+00,Wed 01 Dec 2021,1091,1349,1,3646398,3582641,238842,3885240,3821483,82.5083188094392,81.1543528041645,339
-7.6926,53.28823,2021/12/02 00:00:00+00,Thu 02 Dec 2021,1787,1388,0,3648185,3584029,238842,3887027,3822871,82.5462681679634,81.1838288587989,340
-7.6926,53.28823,2021/12/03 00:00:00+00,Fri 03 Dec 2021,1044,1157,3,3649229,3585186,238845,3888074,3824031,82.5685026270427,81.2084630254961,341
-7.6926,53.28823,2021/12/04 00:00:00+00,Sat 04 Dec 2021,1203,1694,0,3650432,3586880,238845,3889277,3825725,82.5940499568159,81.2444374034144,342
-7.6926,53.28823,2021/12/05 00:00:00+00,Sun 05 Dec 2021,1348,1770,0,3651780,3588650,238845,3890625,3827495,82.6226765574262,81.2820257439784,343
-7.6926,53.28823,2021/12/06 00:00:00+00,Mon 06 Dec 2021,937,1268,0,3652717,3589918,238845,3891562,3828763,82.6425750179394,81.3089534365406,344
-7.6926,53.28823,2021/12/07 00:00:00+00,Tue 07 Dec 2021,484,724,1,3653201,3590642,238846,3892047,3829488,82.652874647981,81.3243497907264,345
-7.6926,53.28823,2021/12/08 00:00:00+00,Wed 08 Dec 2021,816,1483,0,3654017,3592125,238846,3892863,3830971,82.6702035100714,81.3558432986678,346
-7.6926,53.28823,2021/12/09 00:00:00+00,Thu 09 Dec 2021,793,1176,0,3654810,3593301,238846,3893656,3832147,82.6870439360981,81.3808172469747,347
-7.6926,53.28823,2021/12/10 00:00:00+00,Fri 10 Dec 2021,888,1594,1,3655698,3594895,238847,3894545,3833742,82.7059230517825,81.4146892261835,348
-7.6926,53.28823,2021/12/11 00:00:00+00,Sat 11 Dec 2021,640,831,0,3656338,3595726,238847,3895185,3834573,82.7195143161672,81.432336633533,349
-7.6926,53.28823,2021/12/12 00:00:00+00,Sun 12 Dec 2021,692,1187,0,3657030,3596913,238847,3895877,3835760,82.7342098707832,81.4575441816965,350
-7.6926,53.28823,2021/12/13 00:00:00+00,Mon 13 Dec 2021,716,1041,0,3657746,3597954,238847,3896593,3836801,82.7494150978136,81.4796512226723,351
-7.6926,53.28823,2021/12/14 00:00:00+00,Tue 14 Dec 2021,625,1163,1,3658371,3599117,238848,3897219,3837965,82.7627090532899,81.504370334772,352
-7.6926,53.28823,2021/12/15 00:00:00+00,Wed 15 Dec 2021,792,1212,1,3659163,3600329,238849,3898012,3839178,82.7795494793165,81.5301300280511,353
-7.6926,53.28823,2021/12/16 00:00:00+00,Thu 16 Dec 2021,1058,1496,7,3660221,3601825,238856,3899077,3840681,82.8021661927067,81.5620482630046,354
-7.6926,53.28823,2021/12/17 00:00:00+00,Fri 17 Dec 2021,1207,2408,1,3661428,3604233,238857,3900285,3843090,82.8278197042329,81.6132066316026,355
-7.6926,53.28823,2021/12/18 00:00:00+00,Sat 18 Dec 2021,1266,1142,0,3662694,3605375,238857,3901551,3844232,82.8547049240939,81.6374585439891,356
-7.6926,53.28823,2021/12/19 00:00:00+00,Sun 19 Dec 2021,556,873,0,3663250,3606248,238857,3902107,3845105,82.8665123350281,81.6559978780638,357
-7.6926,53.28823,2021/12/20 00:00:00+00,Mon 20 Dec 2021,539,571,0,3663789,3606819,238857,3902646,3845676,82.8779587280021,81.6681238342571,358
-7.6926,53.28823,2021/12/21 00:00:00+00,Tue 21 Dec 2021,1464,1756,2,3665253,3608575,238859,3904112,3847434,82.9090912179833,81.7054573386138,359
-7.6926,53.28823,2021/12/22 00:00:00+00,Wed 22 Dec 2021,1252,1530,2,3666505,3610105,238861,3905366,3848966,82.9357216016371,81.7379914277347,360
-7.6926,53.28823,2021/12/23 00:00:00+00,Thu 23 Dec 2021,963,1314,0,3667468,3611419,238861,3906329,3850280,82.9561722072659,81.7658959924246,361
-7.6926,53.28823,2021/12/24 00:00:00+00,Fri 24 Dec 2021,101,133,0,3667569,3611552,238861,3906430,3850413,82.9583170786766,81.7687204270545,362
-7.6926,53.28823,2021/12/25 00:00:00+00,Sat 25 Dec 2021,1,0,0,3667570,3611552,238861,3906431,3850413,82.9583383150272,81.7687204270545,363
-7.6926,53.28823,2021/12/26 00:00:00+00,Sun 26 Dec 2021,8,6,0,3667578,3611558,238861,3906439,3850419,82.958508205832,81.7688478451581,364
-7.6926,53.28823,2021/12/27 00:00:00+00,Mon 27 Dec 2021,387,581,0,3667965,3612139,238861,3906826,3851000,82.9667266735147,81.7811861648574,365
-7.6926,53.28823,2021/12/28 00:00:00+00,Tue 28 Dec 2021,457,732,0,3668422,3612871,238861,3907283,3851732,82.9764316857394,81.7967311734974,366
-7.6926,53.28823,2021/12/29 00:00:00+00,Wed 29 Dec 2021,1084,1265,0,3669506,3614136,238861,3908367,3852997,82.999451889791,81.8235951570078,367
-7.6926,53.28823,2021/12/30 00:00:00+00,Thu 30 Dec 2021,1061,1157,1,3670567,3615293,238862,3909429,3854155,83.0220048941294,81.8481868510039,368
-7.6926,53.28823,2021/12/31 00:00:00+00,Fri 31 Dec 2021,720,1662,0,3671287,3616955,238862,3910149,3855817,83.0372950665622,81.8834816657029,369
-7.6926,53.28823,2022/01/01 00:00:00+00,Sat 01 Jan 2022,66,95,0,3671353,3617050,238862,3910215,3855912,83.0386966657018,81.88549911901,370
-7.6926,53.28823,2022/01/02 00:00:00+00,Sun 02 Jan 2022,271,620,0,3671624,3617670,238862,3910486,3856532,83.0444517167147,81.8986656563827,371
-7.6926,53.28823,2022/01/03 00:00:00+00,Mon 03 Jan 2022,3629,715,0,3675253,3618385,238862,3914115,3857247,83.1215184330461,81.9138496470625,372
-7.6926,53.28823,2022/01/04 00:00:00+00,Tue 04 Jan 2022,1187,749,0,3676440,3619134,238862,3915302,3857996,83.1467259812097,81.9297556736627,373
-7.6926,53.28823,2022/01/05 00:00:00+00,Wed 05 Jan 2022,2143,855,0,3678583,3619989,238862,3917445,3858851,83.1922354805478,81.9479127534266,374
-7.6926,53.28823,2022/01/06 00:00:00+00,Thu 06 Jan 2022,2461,1638,0,3681044,3621627,238862,3919906,3860489,83.2444981393771,81.9826978957113,375
-7.6926,53.28823,2022/01/07 00:00:00+00,Fri 07 Jan 2022,4838,739,0,3685882,3622366,238862,3924744,3861228,83.3472396035853,81.9983915588055,376
-7.6926,53.28823,2022/01/08 00:00:00+00,Sat 08 Jan 2022,9790,724,1,3695672,3623090,238863,3934535,3861953,83.5551647123207,82.0137879129913,377
-7.6926,53.28823,2022/01/09 00:00:00+00,Sun 09 Jan 2022,7113,660,0,3702785,3623750,238863,3941648,3862613,83.7062188741464,82.027803904388,378
-7.6926,53.28823,2022/01/10 00:00:00+00,Mon 10 Jan 2022,6653,466,0,3709438,3624216,238863,3948301,3863079,83.8475043146955,82.0377000437681,379
-7.6926,53.28823,2022/01/11 00:00:00+00,Tue 11 Jan 2022,4765,1311,1,3714203,3625527,238864,3953067,3864391,83.9487167616604,82.0655621357568,380
-7.6926,53.28823,2022/01/12 00:00:00+00,Wed 12 Jan 2022,7549,856,1,3721752,3626383,238865,3960617,3865248,84.1090512086987,82.0837616882219,381
-7.6926,53.28823,2022/01/13 00:00:00+00,Thu 13 Jan 2022,7312,755,0,3729064,3627138,238865,3967929,3866003,84.264331404294,82.0997951329257,382
-7.6926,53.28823,2022/01/14 00:00:00+00,Fri 14 Jan 2022,10724,785,0,3739788,3627923,238865,3978653,3866788,84.4920700281403,82.1164656681476,383
-7.6926,53.28823,2022/01/15 00:00:00+00,Sat 15 Jan 2022,8349,631,0,3748137,3628554,238865,3987002,3867419,84.6693723193089,82.1298658053769,384
-7.6926,53.28823,2022/01/16 00:00:00+00,Sun 16 Jan 2022,6968,1206,1,3755105,3629760,238866,3993971,3868626,84.817368446648,82.1554980805524,385
-7.6926,53.28823,2022/01/17 00:00:00+00,Mon 17 Jan 2022,2554,537,0,3757659,3630297,238866,3996525,3869163,84.8716060860832,82.1669020008252,386
-7.6926,53.28823,2022/01/18 00:00:00+00,Tue 18 Jan 2022,4056,409,3,3761715,3630706,238869,4000584,3869575,84.9578044331731,82.1756513772729,387
-7.6926,53.28823,2022/01/19 00:00:00+00,Wed 19 Jan 2022,3486,573,0,3765201,3631279,238869,4004070,3870148,85.0318343513686,82.1878198061673,388
-7.6926,53.28823,2022/01/20 00:00:00+00,Thu 20 Jan 2022,3687,904,0,3768888,3632183,238869,4007757,3871052,85.1101327760349,82.2070174671107,389
-7.6926,53.28823,2022/01/21 00:00:00+00,Fri 21 Jan 2022,3245,948,0,3772133,3633131,238869,4011002,3872000,85.1790447337355,82.2271495274806,390
-7.6926,53.28823,2022/01/22 00:00:00+00,Sat 22 Jan 2022,4270,626,0,3776403,3633757,238869,4015272,3872626,85.2697239508022,82.2404434829569,391
-7.6926,53.28823,2022/01/23 00:00:00+00,Sun 23 Jan 2022,3091,676,0,3779494,3634433,238869,4018363,3873302,85.3353655105102,82.2547992559632,392
-7.6926,53.28823,2022/01/24 00:00:00+00,Mon 24 Jan 2022,640,451,0,3780134,3634884,238869,4019003,3873753,85.3489567748949,82.2643768500843,393
-7.6926,53.28823,2022/01/25 00:00:00+00,Tue 25 Jan 2022,697,1821,0,3780831,3636705,238869,4019700,3875574,85.3637585112639,82.3030482445289,394
-7.6926,53.28823,2022/01/26 00:00:00+00,Wed 26 Jan 2022,694,875,0,3781525,3637580,238869,4020394,3876449,85.378496538581,82.3216300513049,395
-7.6926,53.28823,2022/01/27 00:00:00+00,Thu 27 Jan 2022,1272,1149,0,3782797,3638729,238869,4021666,3877598,85.4055091765456,82.3460306181456,396
-7.6926,53.28823,2022/01/28 00:00:00+00,Fri 28 Jan 2022,1021,3067,0,3783818,3641796,238869,4022687,3880665,85.4271914905094,82.4111625054392,397
-7.6926,53.28823,2022/01/29 00:00:00+00,Sat 29 Jan 2022,2324,3440,0,3786142,3645236,238869,4025011,3884105,85.4765447693063,82.484215551507,398
-7.6926,53.28823,2022/01/30 00:00:00+00,Sun 30 Jan 2022,1634,7532,0,3787776,3652768,238869,4026645,3891637,85.5112449661885,82.6441677442345,399
-7.6926,53.28823,2022/01/31 00:00:00+00,Mon 31 Jan 2022,475,1369,1,3788251,3654137,238870,4027121,3893007,85.5213534690747,82.673261544558,400
-7.6926,53.28823,2022/02/01 00:00:00+00,Tue 01 Feb 2022,743,3395,1,3788994,3657532,238871,4027865,3896403,85.5371533139219,82.7453801911994,401
-7.6926,53.28823,2022/02/02 00:00:00+00,Wed 02 Feb 2022,640,2976,0,3789634,3660508,238871,4028505,3899379,85.5507445783066,82.8085795705883,402
-7.6926,53.28823,2022/02/03 00:00:00+00,Thu 03 Feb 2022,909,2409,1,3790543,3662917,238872,4029415,3901789,85.5700696573536,82.8597591755369,403
-7.6926,53.28823,2022/02/04 00:00:00+00,Fri 04 Feb 2022,1165,6486,0,3791708,3669403,238872,4030580,3908275,85.5948100058039,82.9974981455357,404
-7.6926,53.28823,2022/02/05 00:00:00+00,Sat 05 Feb 2022,1775,5743,0,3793483,3675146,238872,4032355,3914018,85.6325045281209,83.1194585070378,405
-7.6926,53.28823,2022/02/06 00:00:00+00,Sun 06 Feb 2022,1406,7556,0,3794889,3682702,238872,4033761,3921574,85.662362837066,83.2799203721798,406
-7.6926,53.28823,2022/02/07 00:00:00+00,Mon 07 Feb 2022,434,1335,0,3795323,3684037,238872,4034195,3922909,85.6715794132269,83.3082709002323,407
-7.6926,53.28823,2022/02/08 00:00:00+00,Tue 08 Feb 2022,893,1212,0,3796216,3685249,238872,4035088,3924121,85.6905434743137,83.3340093571608,408
-7.6926,53.28823,2022/02/09 00:00:00+00,Wed 09 Feb 2022,1338,1740,0,3797554,3686989,238872,4036426,3925861,85.718957711418,83.3709606072067,409
-7.6926,53.28823,2022/02/10 00:00:00+00,Thu 10 Feb 2022,685,2521,0,3798239,3689510,238872,4037111,3928382,85.7335046115797,83.4244974470721,410
-7.6926,53.28823,2022/02/11 00:00:00+00,Fri 11 Feb 2022,553,4891,0,3798792,3694401,238872,4037664,3933273,85.7452483134621,83.5283644378621,411
-7.6926,53.28823,2022/02/12 00:00:00+00,Sat 12 Feb 2022,1396,5453,0,3800188,3699854,238872,4039060,3938726,85.7748942589013,83.6441662576899,412
-7.6926,53.28823,2022/02/13 00:00:00+00,Sun 13 Feb 2022,1567,4705,0,3801755,3704559,238872,4040627,3943431,85.8081716202932,83.7440832872681,413
-7.6926,53.28823,2022/02/14 00:00:00+00,Mon 14 Feb 2022,170,934,1,3801925,3705493,238873,4040798,3944366,85.811803036246,83.7639392750802,414
-7.6926,53.28823,2022/02/15 00:00:00+00,Tue 15 Feb 2022,643,789,1,3802568,3706282,238874,4041442,3945156,85.8254792460331,83.7807159920551,415
-7.6926,53.28823,2022/02/16 00:00:00+00,Wed 16 Feb 2022,784,1761,0,3803352,3708043,238874,4042226,3946917,85.8421285449044,83.8181132054636,416
-7.6926,53.28823,2022/02/17 00:00:00+00,Thu 17 Feb 2022,768,1127,2,3804120,3709170,238876,4042996,3948046,85.8584805348672,83.8420890452923,417
-7.6926,53.28823,2022/02/18 00:00:00+00,Fri 18 Feb 2022,783,3222,0,3804903,3712392,238876,4043779,3951268,85.8751085973879,83.910512566929,418
-7.6926,53.28823,2022/02/19 00:00:00+00,Sat 19 Feb 2022,969,3518,0,3805872,3715910,238876,4044748,3954786,85.8956866211204,83.9852220483437,419
-7.6926,53.28823,2022/02/20 00:00:00+00,Sun 20 Feb 2022,1362,3584,0,3807234,3719494,238876,4046110,3958370,85.9246105306391,84.0613331288981,420
