X,Y,VaccinationDate,VaccineText,Dose1,Dose2,SingleDose,Dose1Cum,Dose2Cum,SingleDoseCum,PartiallyVacc,FullyVacc,PartialPercent,FullyPercent,ObjectId
-7.6926,53.28823,2020/12/28 00:00:00+00,Mon 28 Dec 2020,297,23,4,297,23,4,301,27,0.00590169578660095,0.000529387994146929,1
-7.6926,53.28823,2020/12/29 00:00:00+00,Tue 29 Dec 2020,81,3,0,378,26,4,382,30,0.00748985976904174,0.000588208882385477,2
-7.6926,53.28823,2020/12/30 00:00:00+00,Wed 30 Dec 2020,1066,2,0,1444,28,4,1448,32,0.0283908820564724,0.000627422807877842,3
-7.6926,53.28823,2020/12/31 00:00:00+00,Thu 31 Dec 2020,1042,2,0,2486,30,4,2490,34,0.0488213372379946,0.000666636733370208,4
-7.6926,53.28823,2021/01/01 00:00:00+00,Fri 01 Jan 2021,827,1,0,3313,31,4,3317,35,0.0650362954290876,0.00068624369611639,5
-7.6926,53.28823,2021/01/02 00:00:00+00,Sat 02 Jan 2021,1021,0,0,4334,31,4,4338,35,0.08505500439294,0.00068624369611639,6
-7.6926,53.28823,2021/01/03 00:00:00+00,Sun 03 Jan 2021,26,3,1,4360,34,5,4365,39,0.0855843923870869,0.00076467154710112,7
-7.6926,53.28823,2021/01/04 00:00:00+00,Mon 04 Jan 2021,1198,5,0,5558,39,5,5563,44,0.109073533757014,0.000862706360832033,8
-7.6926,53.28823,2021/01/05 00:00:00+00,Tue 05 Jan 2021,3548,14,0,9106,53,5,9111,58,0.178639037580469,0.00113720383927859,9
-7.6926,53.28823,2021/01/06 00:00:00+00,Wed 06 Jan 2021,6798,14,0,15904,67,5,15909,72,0.311927170329019,0.00141170131772515,10
-7.6926,53.28823,2021/01/07 00:00:00+00,Thu 07 Jan 2021,11744,9,0,27648,76,5,27653,81,0.542191340820187,0.00158816398244079,11
-7.6926,53.28823,2021/01/08 00:00:00+00,Fri 08 Jan 2021,12693,8,0,40341,84,5,40346,89,0.791062518957482,0.00174501968441025,12
-7.6926,53.28823,2021/01/09 00:00:00+00,Sat 09 Jan 2021,8083,7,0,48424,91,5,48429,96,0.949545598834876,0.00188226842363353,13
-7.6926,53.28823,2021/01/10 00:00:00+00,Sun 10 Jan 2021,4791,6,1,53215,97,6,53221,103,1.04350216431458,0.00201951716285681,14
-7.6926,53.28823,2021/01/11 00:00:00+00,Mon 11 Jan 2021,8356,8,0,61571,105,6,61577,111,1.20733794502168,0.00217637286482627,15
-7.6926,53.28823,2021/01/12 00:00:00+00,Tue 12 Jan 2021,8902,15,0,70473,120,6,70479,126,1.3818791273882,0.002470477306019,16
-7.6926,53.28823,2021/01/13 00:00:00+00,Wed 13 Jan 2021,9909,6,0,80382,126,6,80388,132,1.57616452124012,0.0025881190824961,17
-7.6926,53.28823,2021/01/14 00:00:00+00,Thu 14 Jan 2021,8102,6,0,88484,132,6,88490,138,1.7350201334097,0.00270576085897319,18
-7.6926,53.28823,2021/01/15 00:00:00+00,Fri 15 Jan 2021,7708,5,0,96192,137,6,96198,143,1.88615060225727,0.00280379567270411,19
-7.6926,53.28823,2021/01/16 00:00:00+00,Sat 16 Jan 2021,5250,3,0,101442,140,6,101448,146,1.98908715667473,0.00286261656094266,20
-7.6926,53.28823,2021/01/17 00:00:00+00,Sun 17 Jan 2021,1117,5,0,102559,145,6,102565,151,2.01098813406222,0.00296065137467357,21
-7.6926,53.28823,2021/01/18 00:00:00+00,Mon 18 Jan 2021,8734,9,1,111293,154,7,111300,161,2.18225495365012,0.00315672100213539,22
-7.6926,53.28823,2021/01/19 00:00:00+00,Tue 19 Jan 2021,8401,21,0,119694,175,7,119701,182,2.3469730476808,0.00356846721980523,23
-7.6926,53.28823,2021/01/20 00:00:00+00,Wed 20 Jan 2021,8460,966,0,128154,1141,7,128161,1148,2.5128479525135,0.0225087932326176,24
-7.6926,53.28823,2021/01/21 00:00:00+00,Thu 21 Jan 2021,9028,967,0,137182,2108,7,137189,2115,2.68985961218604,0.0414687262081761,25
-7.6926,53.28823,2021/01/22 00:00:00+00,Fri 22 Jan 2021,6802,972,0,143984,3080,7,143991,3087,2.82322617278557,0.0605266939974656,26
-7.6926,53.28823,2021/01/23 00:00:00+00,Sat 23 Jan 2021,4201,461,0,148185,3541,7,148192,3548,2.90559502328229,0.0695655038234558,27
-7.6926,53.28823,2021/01/24 00:00:00+00,Sun 24 Jan 2021,1191,400,0,149376,3941,7,149383,3948,2.92894691591299,0.0774082889219288,28
-7.6926,53.28823,2021/01/25 00:00:00+00,Mon 25 Jan 2021,1379,1296,0,150755,5237,7,150762,5244,2.95598491753998,0.102818912640981,29
-7.6926,53.28823,2021/01/26 00:00:00+00,Tue 26 Jan 2021,1013,3508,0,151768,8745,7,151775,8752,2.97584677080186,0.17160013795459,30
-7.6926,53.28823,2021/01/27 00:00:00+00,Wed 27 Jan 2021,2195,6713,0,153963,15458,7,153970,15465,3.01888405402973,0.303221678869713,31
-7.6926,53.28823,2021/01/28 00:00:00+00,Thu 28 Jan 2021,1030,11545,0,154993,27003,7,155000,27010,3.0390792256583,0.529584063774391,32
-7.6926,53.28823,2021/01/29 00:00:00+00,Fri 29 Jan 2021,1598,11527,0,156591,38530,7,156598,38537,3.0704111521267,0.755593523349638,33
-7.6926,53.28823,2021/01/30 00:00:00+00,Sat 30 Jan 2021,661,7796,0,157252,46326,7,157259,46333,3.08337135450193,0.908449404918877,34
-7.6926,53.28823,2021/01/31 00:00:00+00,Sun 31 Jan 2021,242,4088,0,157494,50414,7,157501,50421,3.0881162394865,0.988602668625272,35
-7.6926,53.28823,2021/02/01 00:00:00+00,Mon 01 Feb 2021,1049,8337,1,158543,58751,8,158551,58759,3.10870355036999,1.15208552400294,36
-7.6926,53.28823,2021/02/02 00:00:00+00,Tue 02 Feb 2021,855,5113,1,159398,63864,9,159407,63873,3.12548711048073,1.25235553148692,37
-7.6926,53.28823,2021/02/03 00:00:00+00,Wed 03 Feb 2021,1416,6874,0,160814,70738,9,160823,70747,3.15325056972932,1.38713379340418,38
-7.6926,53.28823,2021/02/04 00:00:00+00,Thu 04 Feb 2021,1460,10543,1,162274,81281,10,162284,81291,3.18189634230149,1.59386960859993,39
-7.6926,53.28823,2021/02/05 00:00:00+00,Fri 05 Feb 2021,3412,8616,0,165686,89897,10,165696,89907,3.24879529919147,1.76280319962104,40
-7.6926,53.28823,2021/02/06 00:00:00+00,Sat 06 Feb 2021,916,3871,0,166602,93768,10,166612,93778,3.26675527706697,1.83870175241151,41
-7.6926,53.28823,2021/02/07 00:00:00+00,Sun 07 Feb 2021,342,1300,2,166944,95068,12,166956,95080,3.27350007225166,1.86423001790704,42
-7.6926,53.28823,2021/02/08 00:00:00+00,Mon 08 Feb 2021,1197,883,0,168141,95951,12,168153,95963,3.29696960665884,1.88154296601192,43
-7.6926,53.28823,2021/02/09 00:00:00+00,Tue 09 Feb 2021,4280,556,3,172421,96507,15,172436,96522,3.38094622810074,1.89250325818703,44
-7.6926,53.28823,2021/02/10 00:00:00+00,Wed 10 Feb 2021,8839,588,0,181260,97095,15,181275,97110,3.55425217181425,1.90403215228179,45
-7.6926,53.28823,2021/02/11 00:00:00+00,Thu 11 Feb 2021,6210,453,0,187470,97548,15,187485,97563,3.67601141046804,1.91291410640581,46
-7.6926,53.28823,2021/02/12 00:00:00+00,Fri 12 Feb 2021,4409,528,0,191879,98076,15,191894,98091,3.76245850921596,1.92326658273579,47
-7.6926,53.28823,2021/02/13 00:00:00+00,Sat 13 Feb 2021,1227,1919,0,193106,99995,15,193121,100010,3.78651625250553,1.96089234424572,48
-7.6926,53.28823,2021/02/14 00:00:00+00,Sun 14 Feb 2021,2712,29,0,195818,100024,15,195833,100039,3.83969033547317,1.96146094616536,49
-7.6926,53.28823,2021/02/15 00:00:00+00,Mon 15 Feb 2021,1979,7900,0,197797,107924,15,197812,107939,3.87849251474787,2.1163559518602,50
-7.6926,53.28823,2021/02/16 00:00:00+00,Tue 16 Feb 2021,5665,8171,0,203462,116095,15,203477,116110,3.98956595870499,2.27656444445926,51
-7.6926,53.28823,2021/02/17 00:00:00+00,Wed 17 Feb 2021,9765,8467,0,213227,124562,15,213242,124577,4.18102794992146,2.44257659803119,52
-7.6926,53.28823,2021/02/18 00:00:00+00,Thu 18 Feb 2021,8478,8362,1,221705,132924,16,221721,132940,4.34727538704635,2.60654962747751,53
-7.6926,53.28823,2021/02/19 00:00:00+00,Fri 19 Feb 2021,9406,6595,3,231111,139519,19,231130,139538,4.53175729952518,2.73591636767682,54
-7.6926,53.28823,2021/02/20 00:00:00+00,Sat 20 Feb 2021,5900,3581,2,237011,143100,21,237032,143121,4.64747759365315,2.8061681151964,55
-7.6926,53.28823,2021/02/21 00:00:00+00,Sun 21 Feb 2021,1121,1026,7,238132,144126,28,238160,144154,4.66959424763084,2.8264221077132,56
-7.6926,53.28823,2021/02/22 00:00:00+00,Mon 22 Feb 2021,3958,1132,3,242090,145258,31,242121,145289,4.74725742706847,2.84867601043012,57
-7.6926,53.28823,2021/02/23 00:00:00+00,Tue 23 Feb 2021,13381,1075,1,255471,146333,32,255503,146365,5.00963780253789,2.86977310234501,58
-7.6926,53.28823,2021/02/24 00:00:00+00,Wed 24 Feb 2021,16959,2113,6,272430,148446,38,272468,148484,5.34226992552687,2.91132025640417,59
-7.6926,53.28823,2021/02/25 00:00:00+00,Thu 25 Feb 2021,18114,1770,3,290544,150216,41,290585,150257,5.69748926959946,2.94608340135315,60
-7.6926,53.28823,2021/02/26 00:00:00+00,Fri 26 Feb 2021,16102,2783,1,306646,152999,42,306688,153041,6.01322019070124,3.00066918563853,61
-7.6926,53.28823,2021/02/27 00:00:00+00,Sat 27 Feb 2021,9012,707,1,315658,153706,43,315701,153749,6.18993774593258,3.01455091526282,62
-7.6926,53.28823,2021/02/28 00:00:00+00,Sun 28 Feb 2021,2455,61,2,318113,153767,45,318158,153812,6.23811205339995,3.01578615391583,63
-7.6926,53.28823,2021/03/01 00:00:00+00,Mon 01 Mar 2021,5645,811,0,323758,154578,45,323803,154623,6.34879335810216,3.03168740070299,64
-7.6926,53.28823,2021/03/02 00:00:00+00,Tue 02 Mar 2021,12219,1623,0,335977,156201,45,336022,156246,6.58837083589776,3.06350950124004,65
-7.6926,53.28823,2021/03/03 00:00:00+00,Wed 03 Mar 2021,12930,1517,1,348907,157718,46,348953,157764,6.84190847116865,3.09327287068875,66
-7.6926,53.28823,2021/03/04 00:00:00+00,Thu 04 Mar 2021,18746,1701,5,367653,159419,51,367704,159470,7.20955862962232,3.12672234913373,67
-7.6926,53.28823,2021/03/05 00:00:00+00,Fri 05 Mar 2021,18481,2410,6,386134,161829,57,386191,161886,7.57203254991099,3.17409277112851,68
-7.6926,53.28823,2021/03/06 00:00:00+00,Sat 06 Mar 2021,10419,153,5,396553,161982,62,396615,162044,7.7764155295772,3.17719067124241,69
-7.6926,53.28823,2021/03/07 00:00:00+00,Sun 07 Mar 2021,1541,19,5,398094,162001,67,398161,162068,7.8067278939828,3.17766123834832,70
-7.6926,53.28823,2021/03/08 00:00:00+00,Mon 08 Mar 2021,6688,1514,6,404782,163515,73,404855,163588,7.93797690260574,3.20746382172252,71
-7.6926,53.28823,2021/03/09 00:00:00+00,Tue 09 Mar 2021,13868,3116,7,418650,166631,80,418730,166711,8.21002351070903,3.26869636637884,72
-7.6926,53.28823,2021/03/10 00:00:00+00,Wed 10 Mar 2021,13769,4009,3,432419,170640,83,432502,170723,8.48005060164946,3.34735950091653,73
-7.6926,53.28823,2021/03/11 00:00:00+00,Thu 11 Mar 2021,18516,2110,4,450935,172750,87,451022,172837,8.84317155170876,3.38880862016196,74
-7.6926,53.28823,2021/03/12 00:00:00+00,Fri 12 Mar 2021,17366,1353,4,468301,174103,91,468392,174194,9.18374449460995,3.41541526860853,75
-7.6926,53.28823,2021/03/13 00:00:00+00,Sat 13 Mar 2021,8342,181,0,476643,174284,91,476734,174375,9.3473057778386,3.41896412886559,76
-7.6926,53.28823,2021/03/14 00:00:00+00,Sun 14 Mar 2021,400,23,3,477043,174307,94,477137,174401,9.35520738382531,3.41947390989699,77
-7.6926,53.28823,2021/03/15 00:00:00+00,Mon 15 Mar 2021,2683,1007,0,479726,175314,94,479820,175408,9.40781286487332,3.43921812138239,78
-7.6926,53.28823,2021/03/16 00:00:00+00,Tue 16 Mar 2021,8980,3834,2,488706,179148,96,488802,179244,9.58392260425953,3.51443043047675,79
-7.6926,53.28823,2021/03/17 00:00:00+00,Wed 17 Mar 2021,4918,2430,8,493624,181578,104,493728,181682,9.68050650274723,3.56223220565194,80
-7.6926,53.28823,2021/03/18 00:00:00+00,Thu 18 Mar 2021,11761,4697,8,505385,186275,112,505497,186387,9.91126084730705,3.65448296537273,81
-7.6926,53.28823,2021/03/19 00:00:00+00,Fri 19 Mar 2021,10402,6146,2,515787,192421,114,515901,192535,10.1152516877183,3.77502657233626,82
-7.6926,53.28823,2021/03/20 00:00:00+00,Sat 20 Mar 2021,5268,3132,4,521055,195553,118,521173,195671,10.2186195953162,3.83651400750829,83
-7.6926,53.28823,2021/03/21 00:00:00+00,Sun 21 Mar 2021,3661,59,3,524716,195612,121,524837,195733,10.2904595068182,3.83772963919855,84
-7.6926,53.28823,2021/03/22 00:00:00+00,Mon 22 Mar 2021,7438,2425,1,532154,198037,122,532276,198159,10.4363157026871,3.88529613082079,85
-7.6926,53.28823,2021/03/23 00:00:00+00,Tue 23 Mar 2021,12584,7414,6,544738,205451,128,544866,205579,10.6831673636615,4.03077979439747,86
-7.6926,53.28823,2021/03/24 00:00:00+00,Wed 24 Mar 2021,13656,9792,2,558394,215243,130,558524,215373,10.9509592608489,4.22281038753358,87
-7.6926,53.28823,2021/03/25 00:00:00+00,Thu 25 Mar 2021,20903,10237,3,579297,225480,133,579430,225613,11.3608624240206,4.42358568605449,88
-7.6926,53.28823,2021/03/26 00:00:00+00,Fri 26 Mar 2021,19725,9516,1,599022,234996,134,599156,235130,11.7476293711518,4.61018515050991,89
-7.6926,53.28823,2021/03/27 00:00:00+00,Sat 27 Mar 2021,11777,5365,3,610799,240361,137,610936,240498,11.9785993923018,4.71543532653142,90
-7.6926,53.28823,2021/03/28 00:00:00+00,Sun 28 Mar 2021,2505,490,0,613304,240851,137,613441,240988,12.027714833981,4.72504273827705,91
-7.6926,53.28823,2021/03/28 23:00:00+00,Mon 29 Mar 2021,9298,3133,3,622602,243984,140,622742,244124,12.2100791944832,4.78653017344907,92
-7.6926,53.28823,2021/03/29 23:00:00+00,Tue 30 Mar 2021,13357,8684,4,635959,252668,144,636103,252812,12.472047823735,4.95687546578791,93
-7.6926,53.28823,2021/03/30 23:00:00+00,Wed 31 Mar 2021,15864,10523,4,651823,263191,148,651971,263339,12.7831711085914,5.16327796261697,94
-7.6926,53.28823,2021/03/31 23:00:00+00,Thu 01 Apr 2021,19741,11599,9,671564,274790,157,671721,274947,13.1704086228285,5.39087558617466,95
-7.6926,53.28823,2021/04/01 23:00:00+00,Fri 02 Apr 2021,20169,13731,9,691733,288521,166,691899,288687,13.566037917121,5.66027525430721,96
-7.6926,53.28823,2021/04/02 23:00:00+00,Sat 03 Apr 2021,7566,4644,7,699299,293165,173,699472,293338,13.7145214459978,5.7514672380397,97
-7.6926,53.28823,2021/04/03 23:00:00+00,Sun 04 Apr 2021,3052,176,3,702351,293341,176,702527,293517,13.7744207171874,5.75497688437127,98
-7.6926,53.28823,2021/04/04 23:00:00+00,Mon 05 Apr 2021,3459,619,6,705810,293960,182,705992,294142,13.8423588431029,5.76723123608763,99
-7.6926,53.28823,2021/04/05 23:00:00+00,Tue 06 Apr 2021,12023,8163,14,717833,302123,196,718029,302319,14.0783678536787,5.92755737046317,100
-7.6926,53.28823,2021/04/06 23:00:00+00,Wed 07 Apr 2021,18390,10500,12,736223,312623,208,736431,312831,14.439175182134,6.13366576285104,101
-7.6926,53.28823,2021/04/07 23:00:00+00,Thu 08 Apr 2021,20208,10588,18,756431,323211,226,756657,323437,14.8357456106383,6.34161720973705,102
-7.6926,53.28823,2021/04/08 23:00:00+00,Fri 09 Apr 2021,20690,9174,16,777121,332385,242,777363,332627,15.2417273812607,6.52180519737447,103
-7.6926,53.28823,2021/04/09 23:00:00+00,Sat 10 Apr 2021,11195,4192,12,788316,336577,254,788570,336831,15.4614626127572,6.60423286875942,104
-7.6926,53.28823,2021/04/10 23:00:00+00,Sun 11 Apr 2021,2878,371,9,791194,336948,263,791457,337211,15.5180679142054,6.61168351460297,105
-7.6926,53.28823,2021/04/11 23:00:00+00,Mon 12 Apr 2021,7799,2811,14,798993,339759,277,799270,340036,15.6712571141413,6.66707318436094,106
-7.6926,53.28823,2021/04/12 23:00:00+00,Tue 13 Apr 2021,11538,8600,1,810531,348359,278,810809,348637,15.8975018572695,6.83571267094085,107
-7.6926,53.28823,2021/04/13 23:00:00+00,Wed 14 Apr 2021,20365,6607,2,830896,354966,280,831176,355246,16.296836867521,6.96529508773038,108
-7.6926,53.28823,2022/03/05 00:00:00+00,Sat 05 Mar 2022,963,3343,0,3836535,3763685,241203,4077738,4004888,79.952057054693,78.5236898186336,109
-7.6926,53.28823,2022/03/06 00:00:00+00,Sun 06 Mar 2022,455,1916,0,3836990,3765601,241203,4078193,4006804,79.9609782227426,78.5612567592553,110
-7.6926,53.28823,2022/03/07 00:00:00+00,Mon 07 Mar 2022,116,125,1,3837106,3765726,241204,4078310,4006930,79.9632722373838,78.5637272365613,111
-7.6926,53.28823,2022/03/08 00:00:00+00,Tue 08 Mar 2022,120,494,0,3837226,3766220,241204,4078430,4007424,79.9656250729134,78.5734130761579,112
-7.6926,53.28823,2022/03/09 00:00:00+00,Wed 09 Mar 2022,128,344,1,3837354,3766564,241205,4078559,4007769,79.9681543711076,78.5801774783054,113
-7.6926,53.28823,2022/03/10 00:00:00+00,Thu 10 Mar 2022,257,508,0,3837611,3767072,241205,4078816,4008277,79.9731933605334,78.5901378153804,114
-7.6926,53.28823,2022/03/11 00:00:00+00,Fri 11 Mar 2022,493,2184,0,3838104,3769256,241205,4079309,4010461,79.9828595931673,78.6329594220181,115
-7.6926,53.28823,2022/03/12 00:00:00+00,Sat 12 Mar 2022,473,2393,2,3838577,3771649,241207,4079784,4012856,79.9921729004717,78.6799180977952,116
-7.6926,53.28823,2022/03/13 00:00:00+00,Sun 13 Mar 2022,358,1082,0,3838935,3772731,241207,4080142,4013938,79.9991921931349,78.7011328314866,117
-7.6926,53.28823,2022/03/14 00:00:00+00,Mon 14 Mar 2022,106,123,0,3839041,3772854,241207,4080248,4014061,80.001270531186,78.7035444879044,118
-7.6926,53.28823,2022/03/15 00:00:00+00,Tue 15 Mar 2022,220,756,1,3839261,3773610,241208,4080469,4014818,80.0056036699529,78.7183869587032,119
-7.6926,53.28823,2022/03/16 00:00:00+00,Wed 16 Mar 2022,194,799,0,3839455,3774409,241208,4080663,4015617,80.0094074207256,78.7340529219374,120
-7.6926,53.28823,2022/03/17 00:00:00+00,Thu 17 Mar 2022,1,4,0,3839456,3774413,241208,4080664,4015621,80.0094270276884,78.7341313497884,121
-7.6926,53.28823,2022/03/18 00:00:00+00,Fri 18 Mar 2022,4,7,0,3839460,3774420,241208,4080668,4015628,80.0095054555394,78.7342685985276,122
-7.6926,53.28823,2022/03/19 00:00:00+00,Sat 19 Mar 2022,740,2781,0,3840200,3777201,241208,4081408,4018409,80.0240146079715,78.7887955619248,123
-7.6926,53.28823,2022/03/20 00:00:00+00,Sun 20 Mar 2022,395,1402,0,3840595,3778603,241208,4081803,4019811,80.0317593582563,78.8162845236949,124
-7.6926,53.28823,2022/03/21 00:00:00+00,Mon 21 Mar 2022,56,112,0,3840651,3778715,241208,4081859,4019923,80.0328573481701,78.8184805035225,125
-7.6926,53.28823,2022/03/22 00:00:00+00,Tue 22 Mar 2022,140,575,0,3840791,3779290,241208,4081999,4020498,80.0356023229545,78.8297545071015,126
-7.6926,53.28823,2022/03/23 00:00:00+00,Wed 23 Mar 2022,99,221,0,3840890,3779511,241208,4082098,4020719,80.0375434122664,78.8340876458685,127
-7.6926,53.28823,2022/03/24 00:00:00+00,Thu 24 Mar 2022,141,245,0,3841031,3779756,241208,4082239,4020964,80.0403079940136,78.8388913517413,128
-7.6926,53.28823,2022/03/25 00:00:00+00,Fri 25 Mar 2022,433,1625,0,3841464,3781381,241208,4082672,4022589,80.0487978088827,78.8707526662038,129
-7.6926,53.28823,2022/03/26 00:00:00+00,Sat 26 Mar 2022,874,1848,1,3842338,3783229,241209,4083547,4024438,80.0659539012856,78.9070059403215,130
-7.6926,53.28823,2022/03/27 00:00:00+00,Sun 27 Mar 2022,380,804,0,3842718,3784033,241209,4083927,4025242,80.0734045471292,78.9227699383694,131
-7.6926,53.28823,2022/03/27 23:00:00+00,Mon 28 Mar 2022,43,54,1,3842761,3784087,241210,4083971,4025297,80.07426725349,78.9238483213205,132
-7.6926,53.28823,2022/03/28 23:00:00+00,Tue 29 Mar 2022,137,193,3,3842898,3784280,241213,4084111,4025493,80.0770122282745,78.9276912860187,133
-7.6926,53.28823,2022/03/29 23:00:00+00,Wed 30 Mar 2022,109,138,0,3843007,3784418,241213,4084220,4025631,80.0791493872138,78.9303970468777,134
-7.6926,53.28823,2022/03/30 23:00:00+00,Thu 31 Mar 2022,226,361,0,3843233,3784779,241213,4084446,4025992,80.0835805607944,78.9374751604291,135
-7.6926,53.28823,2022/03/31 23:00:00+00,Fri 01 Apr 2022,306,906,0,3843539,3785685,241213,4084752,4026898,80.0895802913948,78.9552390686771,136
-7.6926,53.28823,2022/04/01 23:00:00+00,Sat 02 Apr 2022,726,1538,1,3844265,3787223,241214,4085479,4028437,80.1038345533112,78.9854141843435,137
-7.6926,53.28823,2022/04/02 23:00:00+00,Sun 03 Apr 2022,538,817,0,3844803,3788040,241214,4086017,4029254,80.1143830992687,79.0014330729071,138
-7.6926,53.28823,2022/04/03 23:00:00+00,Mon 04 Apr 2022,47,53,0,3844850,3788093,241214,4086064,4029307,80.1153046265177,79.0024722419327,139
-7.6926,53.28823,2022/04/04 23:00:00+00,Tue 05 Apr 2022,130,170,0,3844980,3788263,241214,4086194,4029477,80.1178535316748,79.0058054255995,140
-7.6926,53.28823,2022/04/05 23:00:00+00,Wed 06 Apr 2022,157,211,0,3845137,3788474,241214,4086351,4029688,80.1209318248259,79.009942494739,141
-7.6926,53.28823,2022/04/06 23:00:00+00,Thu 07 Apr 2022,116,181,0,3845253,3788655,241214,4086467,4029869,80.1232062325045,79.013491354996,142
-7.6926,53.28823,2022/06/20 23:00:00+00,Tue 21 Jun 2022,73,169,2,3856214,3808997,241232,4097446,4050229,80.3384710764948,79.4126891165083,143
-7.6926,53.28823,2022/04/07 23:00:00+00,Fri 08 Apr 2022,252,422,2,3845505,3789077,241216,4086721,4030293,80.128186401042,79.0218047072004,144
-7.6926,53.28823,2022/04/08 23:00:00+00,Sat 09 Apr 2022,559,1019,0,3846064,3790096,241216,4087280,4031312,80.1391466932171,79.0417842022388,145
-7.6926,53.28823,2022/04/09 23:00:00+00,Sun 10 Apr 2022,413,720,0,3846477,3790816,241216,4087693,4032032,80.1472443688313,79.055901215416,146
-7.6926,53.28823,2022/04/10 23:00:00+00,Mon 11 Apr 2022,69,93,1,3846546,3790909,241217,4087763,4032126,80.1486168562235,79.0577442699142,147
-7.6926,53.28823,2022/04/11 23:00:00+00,Tue 12 Apr 2022,193,179,1,3846739,3791088,241218,4087957,4032306,80.1524206069963,79.0612735232085,148
-7.6926,53.28823,2022/04/12 23:00:00+00,Wed 13 Apr 2022,141,235,0,3846880,3791323,241218,4088098,4032541,80.1551851887435,79.0658811594538,149
-7.6926,53.28823,2022/04/13 23:00:00+00,Thu 14 Apr 2022,357,431,0,3847237,3791754,241218,4088455,4032972,80.1621848744439,79.0743317603974,150
-7.6926,53.28823,2022/04/14 23:00:00+00,Fri 15 Apr 2022,446,990,0,3847683,3792744,241218,4088901,4033962,80.1709295798287,79.0937426535161,151
-7.6926,53.28823,2022/04/15 23:00:00+00,Sat 16 Apr 2022,43,88,0,3847726,3792832,241218,4088944,4034050,80.1717726792268,79.0954680662378,152
-7.6926,53.28823,2022/04/16 23:00:00+00,Sun 17 Apr 2022,1,1,0,3847727,3792833,241218,4088945,4034051,80.1717922861895,79.0954876732006,153
-7.6926,53.28823,2022/04/17 23:00:00+00,Mon 18 Apr 2022,36,62,1,3847763,3792895,241219,4088982,4034114,80.1725177438111,79.0967229118536,154
-7.6926,53.28823,2022/04/18 23:00:00+00,Tue 19 Apr 2022,218,271,1,3847981,3793166,241220,4089201,4034386,80.1768116686525,79.1020560057205,155
-7.6926,53.28823,2022/04/19 23:00:00+00,Wed 20 Apr 2022,253,607,0,3848234,3793773,241220,4089454,4034993,80.1817722302273,79.1139574321075,156
-7.6926,53.28823,2022/04/20 23:00:00+00,Thu 21 Apr 2022,169,236,0,3848403,3794009,241220,4089623,4035229,80.1850858069314,79.1185846753156,157
-7.6926,53.28823,2022/04/21 23:00:00+00,Fri 22 Apr 2022,194,254,0,3848597,3794263,241220,4089817,4035483,80.1888895577042,79.1235648438531,158
-7.6926,53.28823,2022/04/22 23:00:00+00,Sat 23 Apr 2022,323,1010,0,3848920,3795273,241220,4090140,4036493,80.1952226066712,79.1433678762267,159
-7.6926,53.28823,2022/04/23 23:00:00+00,Sun 24 Apr 2022,181,252,0,3849101,3795525,241220,4090321,4036745,80.1987714669282,79.1483088308388,160
-7.6926,53.28823,2022/04/24 23:00:00+00,Mon 25 Apr 2022,41,60,1,3849142,3795585,241221,4090363,4036806,80.1995949593636,79.1495048555663,161
-7.6926,53.28823,2022/04/25 23:00:00+00,Tue 26 Apr 2022,144,238,0,3849286,3795823,241221,4090507,4037044,80.202418361999,79.1541713126999,162
-7.6926,53.28823,2022/04/26 23:00:00+00,Wed 27 Apr 2022,123,207,0,3849409,3796030,241221,4090630,4037251,80.2048300184168,79.1582299539883,163
-7.6926,53.28823,2022/04/27 23:00:00+00,Thu 28 Apr 2022,100,130,0,3849509,3796160,241221,4090730,4037381,80.2067907146914,79.1607788591453,164
-7.6926,53.28823,2022/04/28 23:00:00+00,Fri 29 Apr 2022,169,222,0,3849678,3796382,241221,4090899,4037603,80.2101042913955,79.165131604875,165
-7.6926,53.28823,2022/04/29 23:00:00+00,Sat 30 Apr 2022,281,725,0,3849959,3797107,241221,4091180,4038328,80.2156138479272,79.179346652866,166
-7.6926,53.28823,2022/04/30 23:00:00+00,Sun 01 May 2022,188,748,0,3850147,3797855,241221,4091368,4039076,80.2192999569235,79.1940126610001,167
-7.6926,53.28823,2022/05/01 23:00:00+00,Mon 02 May 2022,12,26,0,3850159,3797881,241221,4091380,4039102,80.2195352404765,79.1945224420315,168
-7.6926,53.28823,2022/05/02 23:00:00+00,Tue 03 May 2022,94,117,0,3850253,3797998,241221,4091474,4039219,80.2213782949746,79.1968164566728,169
-7.6926,53.28823,2022/05/03 23:00:00+00,Wed 04 May 2022,112,129,0,3850365,3798127,241221,4091586,4039348,80.2235742748022,79.1993457548671,170
-7.6926,53.28823,2022/05/04 23:00:00+00,Thu 05 May 2022,112,167,1,3850477,3798294,241222,4091699,4039516,80.2257898615925,79.2026397246084,171
-7.6926,53.28823,2022/05/05 23:00:00+00,Fri 06 May 2022,135,257,0,3850612,3798551,241222,4091834,4039773,80.2284368015632,79.2076787140342,172
-7.6926,53.28823,2022/05/06 23:00:00+00,Sat 07 May 2022,441,1088,0,3851053,3799639,241222,4092275,4040861,80.2370834721343,79.2290110895021,173
-7.6926,53.28823,2022/05/07 23:00:00+00,Sun 08 May 2022,274,437,0,3851327,3800076,241222,4092549,4041298,80.2424557799267,79.2375793322221,174
-7.6926,53.28823,2022/05/08 23:00:00+00,Mon 09 May 2022,23,32,0,3851350,3800108,241222,4092572,4041330,80.2429067400699,79.23820675503,175
-7.6926,53.28823,2022/05/09 23:00:00+00,Tue 10 May 2022,80,99,1,3851430,3800207,241223,4092653,4041430,80.2444949040523,79.2401674513046,176
-7.6926,53.28823,2022/05/10 23:00:00+00,Wed 11 May 2022,110,132,0,3851540,3800339,241223,4092763,4041562,80.2466516699544,79.2427555703871,177
-7.6926,53.28823,2022/05/11 23:00:00+00,Thu 12 May 2022,207,398,0,3851747,3800737,241223,4092970,4041960,80.2507103112429,79.2505591415601,178
-7.6926,53.28823,2022/05/12 23:00:00+00,Fri 13 May 2022,172,327,0,3851919,3801064,241223,4093142,4042287,80.2540827088352,79.2569706183781,179
-7.6926,53.28823,2022/10/06 23:00:00+00,Fri 07 Oct 2022,35,40,0,3861971,3816933,241247,4103218,4058180,80.4516424654658,79.5685840773032,180
-7.6926,53.28823,2022/05/13 23:00:00+00,Sat 14 May 2022,333,634,0,3852252,3801698,241223,4093475,4042921,80.2606118274297,79.2694014327592,181
-7.6926,53.28823,2022/05/14 23:00:00+00,Sun 15 May 2022,168,254,0,3852420,3801952,241223,4093643,4043175,80.2639057971711,79.2743816012967,182
-7.6926,53.28823,2022/05/15 23:00:00+00,Mon 16 May 2022,29,41,0,3852449,3801993,241223,4093672,4043216,80.2644743990907,79.2751854867693,183
-7.6926,53.28823,2022/05/16 23:00:00+00,Tue 17 May 2022,96,101,0,3852545,3802094,241223,4093768,4043317,80.2663566675143,79.2771657900067,184
-7.6926,53.28823,2022/05/17 23:00:00+00,Wed 18 May 2022,97,123,0,3852642,3802217,241223,4093865,4043440,80.2682585429007,79.2795774464245,185
-7.6926,53.28823,2022/05/18 23:00:00+00,Thu 19 May 2022,70,107,0,3852712,3802324,241223,4093935,4043547,80.269631030293,79.2816753914383,186
-7.6926,53.28823,2022/05/19 23:00:00+00,Fri 20 May 2022,126,210,0,3852838,3802534,241223,4094061,4043757,80.272101507599,79.285792853615,187
-7.6926,53.28823,2022/05/20 23:00:00+00,Sat 21 May 2022,392,763,0,3853230,3803297,241223,4094453,4044520,80.2797874369955,79.3007529661903,188
-7.6926,53.28823,2022/05/21 23:00:00+00,Sun 22 May 2022,234,410,0,3853464,3803707,241223,4094687,4044930,80.2843754662781,79.3087918209163,189
-7.6926,53.28823,2021/07/31 23:00:00+00,Sun 01 Aug 2021,11170,9375,370,3177386,2626628,222024,3399410,2848652,66.6521052290005,55.8534136408385,190
-7.6926,53.28823,2021/04/14 23:00:00+00,Thu 15 Apr 2021,27128,10827,1,858024,365793,281,858305,366074,16.8287541598622,7.17759928034604,191
-7.6926,53.28823,2022/05/22 23:00:00+00,Mon 23 May 2022,25,35,0,3853489,3803742,241223,4094712,4044965,80.2848656403467,79.3094780646124,192
-7.6926,53.28823,2022/05/23 23:00:00+00,Tue 24 May 2022,62,84,0,3853551,3803826,241223,4094774,4045049,80.286081272037,79.3111250494831,193
-7.6926,53.28823,2022/05/24 23:00:00+00,Wed 25 May 2022,84,133,1,3853635,3803959,241224,4094859,4045183,80.2877478638704,79.3137523824911,194
-7.6926,53.28823,2022/05/25 23:00:00+00,Thu 26 May 2022,97,155,0,3853732,3804114,241224,4094956,4045338,80.2896497392568,79.3167914617167,195
-7.6926,53.28823,2022/05/26 23:00:00+00,Fri 27 May 2022,95,152,2,3853827,3804266,241226,4095053,4045492,80.2915516146432,79.3198109339796,196
-7.6926,53.28823,2022/05/27 23:00:00+00,Sat 28 May 2022,335,580,0,3854162,3804846,241226,4095388,4046072,80.2981199471632,79.3311829723724,197
-7.6926,53.28823,2022/05/28 23:00:00+00,Sun 29 May 2022,181,349,0,3854343,3805195,241226,4095569,4046421,80.3016688074202,79.3380258023708,198
-7.6926,53.28823,2022/05/29 23:00:00+00,Mon 30 May 2022,9,24,0,3854352,3805219,241226,4095578,4046445,80.3018452700849,79.3384963694767,199
-7.6926,53.28823,2022/05/30 23:00:00+00,Tue 31 May 2022,62,80,2,3854414,3805299,241228,4095642,4046527,80.3031001157007,79.3401041404219,200
-7.6926,53.28823,2022/05/31 23:00:00+00,Wed 01 Jun 2022,73,102,0,3854487,3805401,241228,4095715,4046629,80.3045314239812,79.342104050622,201
-7.6926,53.28823,2022/06/01 23:00:00+00,Thu 02 Jun 2022,90,142,0,3854577,3805543,241228,4095805,4046771,80.3062960506283,79.344888239332,202
-7.6926,53.28823,2022/06/02 23:00:00+00,Fri 03 Jun 2022,58,143,0,3854635,3805686,241228,4095863,4046914,80.3074332544676,79.3476920350047,203
-7.6926,53.28823,2022/06/03 23:00:00+00,Sat 04 Jun 2022,305,607,0,3854940,3806293,241228,4096168,4047521,80.3134133781052,79.3595934613916,204
-7.6926,53.28823,2022/06/04 23:00:00+00,Sun 05 Jun 2022,143,273,0,3855083,3806566,241228,4096311,4047794,80.3162171737779,79.3649461622213,205
-7.6926,53.28823,2022/06/05 23:00:00+00,Mon 06 Jun 2022,5,7,2,3855088,3806573,241230,4096318,4047803,80.3163544225171,79.3651226248861,206
-7.6926,53.28823,2022/06/06 23:00:00+00,Tue 07 Jun 2022,29,54,0,3855117,3806627,241230,4096347,4047857,80.3169230244367,79.3661814008744,207
-7.6926,53.28823,2022/06/07 23:00:00+00,Wed 08 Jun 2022,36,76,0,3855153,3806703,241230,4096383,4047933,80.3176288750956,79.3676715300431,208
-7.6926,53.28823,2022/06/08 23:00:00+00,Thu 09 Jun 2022,73,122,0,3855226,3806825,241230,4096456,4048055,80.3190601833761,79.3700635794981,209
-7.6926,53.28823,2022/06/09 23:00:00+00,Fri 10 Jun 2022,55,108,0,3855281,3806933,241230,4096511,4048163,80.3201385663271,79.3721811314747,210
-7.6926,53.28823,2022/06/10 23:00:00+00,Sat 11 Jun 2022,190,562,0,3855471,3807495,241230,4096701,4048725,80.3238638892489,79.383200244538,211
-7.6926,53.28823,2022/06/11 23:00:00+00,Sun 12 Jun 2022,143,288,0,3855614,3807783,241230,4096844,4049013,80.3266676849216,79.3888470498089,212
-7.6926,53.28823,2022/06/12 23:00:00+00,Mon 13 Jun 2022,17,42,0,3855631,3807825,241230,4096861,4049055,80.3270010032883,79.3896705422443,213
-7.6926,53.28823,2022/06/13 23:00:00+00,Tue 14 Jun 2022,36,55,0,3855667,3807880,241230,4096897,4049110,80.3277068539471,79.3907489251953,214
-7.6926,53.28823,2022/06/14 23:00:00+00,Wed 15 Jun 2022,64,124,0,3855731,3808004,241230,4096961,4049234,80.3289616995629,79.3931801885759,215
-7.6926,53.28823,2022/06/15 23:00:00+00,Thu 16 Jun 2022,41,84,0,3855772,3808088,241230,4097002,4049318,80.3297655850355,79.3948271734465,216
-7.6926,53.28823,2022/06/16 23:00:00+00,Fri 17 Jun 2022,58,95,0,3855830,3808183,241230,4097060,4049413,80.3309027888748,79.3966898349074,217
-7.6926,53.28823,2022/06/17 23:00:00+00,Sat 18 Jun 2022,223,488,0,3856053,3808671,241230,4097283,4049901,80.3352751415672,79.4062580327275,218
-7.6926,53.28823,2022/06/18 23:00:00+00,Sun 19 Jun 2022,79,129,0,3856132,3808800,241230,4097362,4050030,80.3368240916241,79.4087873309218,219
-7.6926,53.28823,2022/06/19 23:00:00+00,Mon 20 Jun 2022,9,28,0,3856141,3808828,241230,4097371,4050058,80.3370005542888,79.4093363258787,220
-7.6926,53.28823,2022/06/21 23:00:00+00,Wed 22 Jun 2022,60,96,0,3856274,3809093,241232,4097506,4050325,80.3396474942596,79.4145713849319,221
-7.6926,53.28823,2021/08/01 23:00:00+00,Mon 02 Aug 2021,15050,16078,431,3192436,2642706,222455,3414891,2865161,66.9556406192742,56.1771049888152,222
-7.6926,53.28823,2022/06/22 23:00:00+00,Thu 23 Jun 2022,62,113,0,3856336,3809206,241232,4097568,4050438,80.3408631259498,79.4167869717222,223
-7.6926,53.28823,2022/06/23 23:00:00+00,Fri 24 Jun 2022,55,93,1,3856391,3809299,241233,4097624,4050532,80.3419611158636,79.4186300262204,224
-7.6926,53.28823,2021/08/02 23:00:00+00,Tue 03 Aug 2021,17367,25473,1111,3209803,2668179,223566,3433369,2891745,67.3179380768981,56.6983364864597,225
-7.6926,53.28823,2022/06/24 23:00:00+00,Sat 25 Jun 2022,210,293,0,3856601,3809592,241233,4097834,4050825,80.3460785780403,79.424374866305,226
-7.6926,53.28823,2021/04/15 23:00:00+00,Fri 16 Apr 2021,27982,9855,1,886006,375648,282,886288,375930,17.3774157983887,7.37084550517241,227
-7.6926,53.28823,2021/08/03 23:00:00+00,Wed 04 Aug 2021,22151,17350,1577,3231954,2685529,225143,3457097,2910672,67.7831720889395,57.0694374703567,228
-7.6926,53.28823,2022/06/25 23:00:00+00,Sun 26 Jun 2022,174,402,0,3856775,3809994,241233,4098008,4051227,80.3494901895582,79.432256865329,229
-7.6926,53.28823,2021/04/16 23:00:00+00,Sat 17 Apr 2021,15864,4570,3,901870,380218,285,902155,380503,17.6885194762823,7.46050814581071,230
-7.6926,53.28823,2021/08/04 23:00:00+00,Thu 05 Aug 2021,13566,30088,1421,3245520,2715617,226564,3472084,2942181,68.0770216396166,57.6872332595262,231
-7.6926,53.28823,2022/06/26 23:00:00+00,Mon 27 Jun 2022,5,35,0,3856780,3810029,241233,4098013,4051262,80.3495882243719,79.4329431090251,232
-7.6926,53.28823,2021/04/17 23:00:00+00,Sun 18 Apr 2021,1082,490,0,902952,380708,285,903237,380993,17.7097342099737,7.47011555755634,233
-7.6926,53.28823,2021/08/05 23:00:00+00,Fri 06 Aug 2021,12243,24781,949,3257763,2740398,227513,3485276,2967911,68.3356766921642,58.1917204109855,234
-7.6926,53.28823,2022/06/27 23:00:00+00,Tue 28 Jun 2022,48,60,0,3856828,3810089,241233,4098061,4051322,80.3505293585837,79.4341195267899,235
-7.6926,53.28823,2022/10/07 23:00:00+00,Sat 08 Oct 2022,94,102,0,3862065,3817035,241247,4103312,4058282,80.4534855199639,79.5705839875033,236
-7.6926,53.28823,2021/04/18 23:00:00+00,Mon 19 Apr 2021,6775,2271,0,909727,382979,285,910012,383264,17.8425713825791,7.51464296995292,237
-7.6926,53.28823,2021/08/06 23:00:00+00,Sat 07 Aug 2021,6353,8496,585,3264116,2748894,228098,3492214,2976992,68.4717097996972,58.3697712396836,238
-7.6926,53.28823,2022/06/28 23:00:00+00,Wed 29 Jun 2022,62,81,4,3856890,3810170,241237,4098127,4051407,80.351823418125,79.4357861186233,239
-7.6926,53.28823,2022/10/08 23:00:00+00,Sun 09 Oct 2022,37,29,0,3862102,3817064,241247,4103349,4058311,80.4542109775855,79.571152589423,240
-7.6926,53.28823,2021/04/19 23:00:00+00,Tue 20 Apr 2021,15107,7337,1,924834,390316,286,925120,390602,18.1387933757484,7.65851886258441,241
-7.6926,53.28823,2021/08/07 23:00:00+00,Sun 08 Aug 2021,8638,12009,153,3272754,2760903,228251,3501005,2989154,68.6440746091989,58.6082311206026,242
-7.6926,53.28823,2022/06/29 23:00:00+00,Thu 30 Jun 2022,48,89,0,3856938,3810259,241237,4098175,4051496,80.3527645523368,79.4375311383077,243
-7.6926,53.28823,2021/11/17 00:00:00+00,Wed 17 Nov 2021,1504,1130,3,3649247,3580762,241064,3890311,3821826,76.2771828480643,74.934400004392,244
-7.6926,53.28823,2022/10/09 23:00:00+00,Mon 10 Oct 2022,2,3,0,3862104,3817067,241247,4103351,4058314,80.454250191511,79.5712114103112,245
-7.6926,53.28823,2022/10/10 23:00:00+00,Tue 11 Oct 2022,38,16,0,3862142,3817083,241247,4103389,4058330,80.4549952560954,79.5715251217151,246
-7.6926,53.28823,2022/10/11 23:00:00+00,Wed 12 Oct 2022,38,36,0,3862180,3817119,241247,4103427,4058366,80.4557403206797,79.572230972374,247
-7.6926,53.28823,2022/10/12 23:00:00+00,Thu 13 Oct 2022,51,30,0,3862231,3817149,241247,4103478,4058396,80.4567402757798,79.5728191812564,248
-7.6926,53.28823,2022/10/13 23:00:00+00,Fri 14 Oct 2022,68,23,0,3862299,3817172,241247,4103546,4058419,80.4580735492465,79.5732701413995,249
-7.6926,53.28823,2022/10/14 23:00:00+00,Sat 15 Oct 2022,87,121,0,3862386,3817293,241247,4103633,4058540,80.4597793550054,79.5756425838918,250
-7.6926,53.28823,2022/10/15 23:00:00+00,Sun 16 Oct 2022,26,37,1,3862412,3817330,241248,4103660,4058578,80.4603087429996,79.5763876484762,251
-7.6926,53.28823,2022/10/16 23:00:00+00,Mon 17 Oct 2022,17,3,0,3862429,3817333,241248,4103677,4058581,80.4606420613663,79.5764464693644,252
-7.6926,53.28823,2022/10/17 23:00:00+00,Tue 18 Oct 2022,46,17,0,3862475,3817350,241248,4103723,4058598,80.4615439816526,79.5767797877311,253
-7.6926,53.28823,2022/10/18 23:00:00+00,Wed 19 Oct 2022,39,41,0,3862514,3817391,241248,4103762,4058639,80.4623086531997,79.5775836732037,254
-7.6926,53.28823,2022/10/19 23:00:00+00,Thu 20 Oct 2022,54,10,0,3862568,3817401,241248,4103816,4058649,80.463367429188,79.5777797428312,255
-7.6926,53.28823,2022/10/20 23:00:00+00,Fri 21 Oct 2022,41,21,0,3862609,3817422,241248,4103857,4058670,80.4641713146606,79.5781914890488,256
-7.6926,53.28823,2022/10/21 23:00:00+00,Sat 22 Oct 2022,85,58,0,3862694,3817480,241248,4103942,4058728,80.465837906494,79.5793286928881,257
-7.6926,53.28823,2022/10/22 23:00:00+00,Sun 23 Oct 2022,79,48,0,3862773,3817528,241248,4104021,4058776,80.4673868565509,79.5802698270999,258
-7.6926,53.28823,2022/10/23 23:00:00+00,Mon 24 Oct 2022,20,4,0,3862793,3817532,241248,4104041,4058780,80.4677789958059,79.5803482549509,259
-7.6926,53.28823,2022/10/24 23:00:00+00,Tue 25 Oct 2022,33,21,0,3862826,3817553,241248,4104074,4058801,80.4684260255765,79.5807600011686,260
-7.6926,53.28823,2022/10/25 23:00:00+00,Wed 26 Oct 2022,25,23,0,3862851,3817576,241248,4104099,4058824,80.4689161996452,79.5812109613117,261
-7.6926,53.28823,2022/10/26 23:00:00+00,Thu 27 Oct 2022,35,35,0,3862886,3817611,241248,4104134,4058859,80.4696024433413,79.5818972050079,262
-7.6926,53.28823,2022/10/27 23:00:00+00,Fri 28 Oct 2022,22,19,0,3862908,3817630,241248,4104156,4058878,80.4700337965217,79.5822697373,263
-7.6926,53.28823,2022/10/28 23:00:00+00,Sat 29 Oct 2022,87,64,0,3862995,3817694,241248,4104243,4058942,80.4717396022806,79.5835245829158,264
-7.6926,53.28823,2022/10/29 23:00:00+00,Sun 30 Oct 2022,11,6,0,3863006,3817700,241248,4104254,4058948,80.4719552788708,79.5836422246923,265
-7.6926,53.28823,2022/11/01 00:00:00+00,Tue 01 Nov 2022,40,25,0,3863046,3817725,241248,4104294,4058973,80.4727395573807,79.5841323987609,266
-7.6926,53.28823,2022/11/02 00:00:00+00,Wed 02 Nov 2022,59,14,0,3863105,3817739,241248,4104353,4058987,80.4738963681827,79.5844068962394,267
-7.6926,53.28823,2022/11/03 00:00:00+00,Thu 03 Nov 2022,45,28,0,3863150,3817767,241248,4104398,4059015,80.4747786815063,79.5849558911963,268
-7.6926,53.28823,2022/11/04 00:00:00+00,Fri 04 Nov 2022,32,22,0,3863182,3817789,241248,4104430,4059037,80.4754061043141,79.5853872443767,269
-7.6926,53.28823,2022/11/05 00:00:00+00,Sat 05 Nov 2022,34,54,0,3863216,3817843,241248,4104464,4059091,80.4760727410475,79.586446020365,270
-7.6926,53.28823,2022/11/06 00:00:00+00,Sun 06 Nov 2022,56,78,0,3863272,3817921,241248,4104520,4059169,80.4771707309613,79.5879753634592,271
-7.6926,53.28823,2022/11/07 00:00:00+00,Mon 07 Nov 2022,13,3,0,3863285,3817924,241248,4104533,4059172,80.477425621477,79.5880341843474,272
-7.6926,53.28823,2022/11/08 00:00:00+00,Tue 08 Nov 2022,17,32,0,3863302,3817956,241248,4104550,4059204,80.4777589398437,79.5886616071553,273
-7.6926,53.28823,2022/11/09 00:00:00+00,Wed 09 Nov 2022,35,32,0,3863337,3817988,241248,4104585,4059236,80.4784451835398,79.5892890299632,274
-7.6926,53.28823,2022/11/10 00:00:00+00,Thu 10 Nov 2022,21,15,0,3863358,3818003,241248,4104606,4059251,80.4788569297575,79.5895831344044,275
-7.6926,53.28823,2022/11/11 00:00:00+00,Fri 11 Nov 2022,25,15,0,3863383,3818018,241248,4104631,4059266,80.4793471038261,79.5898772388455,276
-7.6926,53.28823,2022/11/12 00:00:00+00,Sat 12 Nov 2022,69,87,0,3863452,3818105,241248,4104700,4059353,80.4806999842556,79.5915830446045,277
-7.6926,53.28823,2022/11/13 00:00:00+00,Sun 13 Nov 2022,38,62,1,3863490,3818167,241249,4104739,4059416,80.4814646558027,79.5928182832575,278
-7.6926,53.28823,2022/11/14 00:00:00+00,Mon 14 Nov 2022,4,2,0,3863494,3818169,241249,4104743,4059418,80.4815430836537,79.592857497183,279
-7.6926,53.28823,2022/11/15 00:00:00+00,Tue 15 Nov 2022,13,8,0,3863507,3818177,241249,4104756,4059426,80.4817979741694,79.5930143528849,280
-7.6926,53.28823,2022/11/16 00:00:00+00,Wed 16 Nov 2022,28,20,0,3863535,3818197,241249,4104784,4059446,80.4823469691263,79.5934064921399,281
-7.6926,53.28823,2022/11/17 00:00:00+00,Thu 17 Nov 2022,28,9,1,3863563,3818206,241250,4104813,4059456,80.4829155710459,79.5936025617673,282
-7.6926,53.28823,2022/11/18 00:00:00+00,Fri 18 Nov 2022,15,22,0,3863578,3818228,241250,4104828,4059478,80.4832096754871,79.5940339149477,283
-7.6926,53.28823,2022/11/19 00:00:00+00,Sat 19 Nov 2022,52,57,0,3863630,3818285,241250,4104880,4059535,80.4842292375499,79.5951515118243,284
-7.6926,53.28823,2022/11/20 00:00:00+00,Sun 20 Nov 2022,39,56,0,3863669,3818341,241250,4104919,4059591,80.484993909097,79.5962495017381,285
-7.6926,53.28823,2022/11/21 00:00:00+00,Mon 21 Nov 2022,4,3,0,3863673,3818344,241250,4104923,4059594,80.485072336948,79.5963083226263,286
-7.6926,53.28823,2022/11/22 00:00:00+00,Tue 22 Nov 2022,31,22,0,3863704,3818366,241250,4104954,4059616,80.4856801527931,79.5967396758067,287
-7.6926,53.28823,2022/11/23 00:00:00+00,Wed 23 Nov 2022,12,17,0,3863716,3818383,241250,4104966,4059633,80.4859154363461,79.5970729941734,288
-7.6926,53.28823,2022/11/24 00:00:00+00,Thu 24 Nov 2022,17,18,0,3863733,3818401,241250,4104983,4059651,80.4862487547128,79.5974259195028,289
-7.6926,53.28823,2022/11/25 00:00:00+00,Fri 25 Nov 2022,7,11,0,3863740,3818412,241250,4104990,4059662,80.486386003452,79.597641596093,290
-7.6926,53.28823,2022/11/26 00:00:00+00,Sat 26 Nov 2022,64,63,0,3863804,3818475,241250,4105054,4059725,80.4876408490678,79.5988768347461,291
-7.6926,53.28823,2023/01/29 00:00:00+00,Sun 29 Jan 2023,28,28,0,3865322,3819731,241252,4106574,4060983,80.517443432442,79.6235423938807,292
-7.6926,53.28823,2022/11/27 00:00:00+00,Sun 27 Nov 2022,36,42,0,3863840,3818517,241250,4105090,4059767,80.4883466997266,79.5997003271814,293
-7.6926,53.28823,2022/11/28 00:00:00+00,Mon 28 Nov 2022,4,1,0,3863844,3818518,241250,4105094,4059768,80.4884251275776,79.5997199341441,294
-7.6926,53.28823,2022/11/29 00:00:00+00,Tue 29 Nov 2022,21,18,0,3863865,3818536,241250,4105115,4059786,80.4888368737953,79.6000728594736,295
-7.6926,53.28823,2022/11/30 00:00:00+00,Wed 30 Nov 2022,27,13,0,3863892,3818549,241250,4105142,4059799,80.4893662617894,79.6003277499893,296
-7.6926,53.28823,2022/12/01 00:00:00+00,Thu 01 Dec 2022,15,11,0,3863907,3818560,241250,4105157,4059810,80.4896603662306,79.6005434265795,297
-7.6926,53.28823,2022/12/02 00:00:00+00,Fri 02 Dec 2022,8,18,0,3863915,3818578,241250,4105165,4059828,80.4898172219326,79.6008963519089,298
-7.6926,53.28823,2022/12/03 00:00:00+00,Sat 03 Dec 2022,40,71,0,3863955,3818649,241250,4105205,4059899,80.4906015004424,79.6022884462639,299
-7.6926,53.28823,2022/12/04 00:00:00+00,Sun 04 Dec 2022,41,47,0,3863996,3818696,241250,4105246,4059946,80.491405385915,79.603209973513,300
-7.6926,53.28823,2022/12/05 00:00:00+00,Mon 05 Dec 2022,9,6,0,3864005,3818702,241250,4105255,4059952,80.4915818485797,79.6033276152894,301
-7.6926,53.28823,2022/12/06 00:00:00+00,Tue 06 Dec 2022,25,30,0,3864030,3818732,241250,4105280,4059982,80.4920720226484,79.6039158241718,302
-7.6926,53.28823,2022/12/07 00:00:00+00,Wed 07 Dec 2022,16,24,0,3864046,3818756,241250,4105296,4060006,80.4923857340523,79.6043863912777,303
-7.6926,53.28823,2022/12/08 00:00:00+00,Thu 08 Dec 2022,11,13,2,3864057,3818769,241252,4105309,4060021,80.492640624568,79.6046804957189,304
-7.6926,53.28823,2022/12/09 00:00:00+00,Fri 09 Dec 2022,12,17,0,3864069,3818786,241252,4105321,4060038,80.492875908121,79.6050138140856,305
-7.6926,53.28823,2022/12/10 00:00:00+00,Sat 10 Dec 2022,45,44,0,3864114,3818830,241252,4105366,4060082,80.4937582214446,79.6058765204464,306
-7.6926,53.28823,2022/12/11 00:00:00+00,Sun 11 Dec 2022,28,42,0,3864142,3818872,241252,4105394,4060124,80.4943072164015,79.6067000128818,307
-7.6926,53.28823,2022/12/12 00:00:00+00,Mon 12 Dec 2022,4,2,0,3864146,3818874,241252,4105398,4060126,80.4943856442524,79.6067392268073,308
-7.6926,53.28823,2022/12/13 00:00:00+00,Tue 13 Dec 2022,17,15,0,3864163,3818889,241252,4105415,4060141,80.4947189626191,79.6070333312485,309
-7.6926,53.28823,2022/12/14 00:00:00+00,Wed 14 Dec 2022,11,20,0,3864174,3818909,241252,4105426,4060161,80.4949346392093,79.6074254705034,310
-7.6926,53.28823,2022/12/15 00:00:00+00,Thu 15 Dec 2022,12,9,0,3864186,3818918,241252,4105438,4060170,80.4951699227623,79.6076019331681,311
-7.6926,53.28823,2022/12/16 00:00:00+00,Fri 16 Dec 2022,9,4,0,3864195,3818922,241252,4105447,4060174,80.495346385427,79.6076803610191,312
-7.6926,53.28823,2022/12/17 00:00:00+00,Sat 17 Dec 2022,20,43,0,3864215,3818965,241252,4105467,4060217,80.4957385246819,79.6085234604172,313
-7.6926,53.28823,2022/12/18 00:00:00+00,Sun 18 Dec 2022,29,35,0,3864244,3819000,241252,4105496,4060252,80.4963071266016,79.6092097041133,314
-7.6926,53.28823,2022/12/19 00:00:00+00,Mon 19 Dec 2022,4,1,0,3864248,3819001,241252,4105500,4060253,80.4963855544526,79.609229311076,315
-7.6926,53.28823,2022/12/20 00:00:00+00,Tue 20 Dec 2022,17,18,0,3864265,3819019,241252,4105517,4060271,80.4967188728192,79.6095822364055,316
-7.6926,53.28823,2022/12/21 00:00:00+00,Wed 21 Dec 2022,17,28,0,3864282,3819047,241252,4105534,4060299,80.4970521911859,79.6101312313624,317
-7.6926,53.28823,2022/12/22 00:00:00+00,Thu 22 Dec 2022,6,15,0,3864288,3819062,241252,4105540,4060314,80.4971698329624,79.6104253358035,318
-7.6926,53.28823,2022/12/23 00:00:00+00,Fri 23 Dec 2022,19,6,0,3864307,3819068,241252,4105559,4060320,80.4975423652546,79.61054297758,319
-7.6926,53.28823,2022/12/28 00:00:00+00,Wed 28 Dec 2022,19,24,0,3864326,3819092,241252,4105578,4060344,80.4979148975467,79.6110135446859,320
-7.6926,53.28823,2022/12/29 00:00:00+00,Thu 29 Dec 2022,15,12,0,3864341,3819104,241252,4105593,4060356,80.498209001988,79.6112488282389,321
-7.6926,53.28823,2022/12/30 00:00:00+00,Fri 30 Dec 2022,66,31,0,3864407,3819135,241252,4105659,4060387,80.4995030615292,79.611856644084,322
-7.6926,53.28823,2022/12/31 00:00:00+00,Sat 31 Dec 2022,34,26,0,3864441,3819161,241252,4105693,4060413,80.5001696982626,79.6123664251154,323
-7.6926,53.28823,2023/01/01 00:00:00+00,Sun 01 Jan 2023,6,0,0,3864447,3819161,241252,4105699,4060413,80.5002873400391,79.6123664251154,324
-7.6926,53.28823,2023/01/03 00:00:00+00,Tue 03 Jan 2023,8,14,0,3864455,3819175,241252,4105707,4060427,80.500444195741,79.6126409225939,325
-7.6926,53.28823,2023/01/04 00:00:00+00,Wed 04 Jan 2023,53,28,0,3864508,3819203,241252,4105760,4060455,80.5014833647666,79.6131899175508,326
-7.6926,53.28823,2023/01/05 00:00:00+00,Thu 05 Jan 2023,22,16,0,3864530,3819219,241252,4105782,4060471,80.501914717947,79.6135036289547,327
-7.6926,53.28823,2023/01/06 00:00:00+00,Fri 06 Jan 2023,34,21,0,3864564,3819240,241252,4105816,4060492,80.5025813546803,79.6139153751724,328
-7.6926,53.28823,2023/01/07 00:00:00+00,Sat 07 Jan 2023,136,74,0,3864700,3819314,241252,4105952,4060566,80.5052479016138,79.6153662904156,329
-7.6926,53.28823,2023/01/08 00:00:00+00,Sun 08 Jan 2023,51,45,0,3864751,3819359,241252,4106003,4060611,80.5062478567139,79.6162486037392,330
-7.6926,53.28823,2023/01/09 00:00:00+00,Mon 09 Jan 2023,1,2,0,3864752,3819361,241252,4106004,4060613,80.5062674636766,79.6162878176647,331
-7.6926,53.28823,2023/01/10 00:00:00+00,Tue 10 Jan 2023,42,14,0,3864794,3819375,241252,4106046,4060627,80.507090956112,79.6165623151431,332
-7.6926,53.28823,2023/01/11 00:00:00+00,Wed 11 Jan 2023,58,31,0,3864852,3819406,241252,4106104,4060658,80.5082281599512,79.6171701309882,333
-7.6926,53.28823,2023/01/12 00:00:00+00,Thu 12 Jan 2023,14,12,0,3864866,3819418,241252,4106118,4060670,80.5085026574297,79.6174054145412,334
-7.6926,53.28823,2023/01/13 00:00:00+00,Fri 13 Jan 2023,27,13,0,3864893,3819431,241252,4106145,4060683,80.5090320454239,79.6176603050569,335
-7.6926,53.28823,2023/01/14 00:00:00+00,Sat 14 Jan 2023,72,40,0,3864965,3819471,241252,4106217,4060723,80.5104437467416,79.6184445835667,336
-7.6926,53.28823,2023/01/15 00:00:00+00,Sun 15 Jan 2023,60,30,0,3865025,3819501,241252,4106277,4060753,80.5116201645063,79.6190327924491,337
-7.6926,53.28823,2023/01/16 00:00:00+00,Mon 16 Jan 2023,6,2,0,3865031,3819503,241252,4106283,4060755,80.5117378062828,79.6190720063746,338
-7.6926,53.28823,2023/01/17 00:00:00+00,Tue 17 Jan 2023,14,19,0,3865045,3819522,241252,4106297,4060774,80.5120123037613,79.6194445386668,339
-7.6926,53.28823,2023/01/18 00:00:00+00,Wed 18 Jan 2023,33,17,0,3865078,3819539,241252,4106330,4060791,80.5126593335319,79.6197778570335,340
-7.6926,53.28823,2023/01/19 00:00:00+00,Thu 19 Jan 2023,15,7,0,3865093,3819546,241252,4106345,4060798,80.5129534379731,79.6199151057727,341
-7.6926,53.28823,2023/01/20 00:00:00+00,Fri 20 Jan 2023,17,8,0,3865110,3819554,241252,4106362,4060806,80.5132867563398,79.6200719614747,342
-7.6926,53.28823,2023/01/21 00:00:00+00,Sat 21 Jan 2023,73,27,0,3865183,3819581,241252,4106435,4060833,80.5147180646202,79.6206013494688,343
-7.6926,53.28823,2023/01/22 00:00:00+00,Sun 22 Jan 2023,20,13,0,3865203,3819594,241252,4106455,4060846,80.5151102038752,79.6208562399845,344
-7.6926,53.28823,2023/01/23 00:00:00+00,Mon 23 Jan 2023,3,1,0,3865206,3819595,241252,4106458,4060847,80.5151690247634,79.6208758469473,345
-7.6926,53.28823,2023/01/24 00:00:00+00,Tue 24 Jan 2023,16,13,0,3865222,3819608,241252,4106474,4060860,80.5154827361673,79.621130737463,346
-7.6926,53.28823,2023/01/25 00:00:00+00,Wed 25 Jan 2023,24,17,0,3865246,3819625,241252,4106498,4060877,80.5159533032732,79.6214640558296,347
-7.6926,53.28823,2023/01/26 00:00:00+00,Thu 26 Jan 2023,12,12,0,3865258,3819637,241252,4106510,4060889,80.5161885868262,79.6216993393826,348
-7.6926,53.28823,2023/01/27 00:00:00+00,Fri 27 Jan 2023,12,9,0,3865270,3819646,241252,4106522,4060898,80.5164238703792,79.6218758020473,349
-7.6926,53.28823,2023/01/28 00:00:00+00,Sat 28 Jan 2023,24,57,0,3865294,3819703,241252,4106546,4060955,80.5168944374851,79.6229933989239,350
-7.6926,53.28823,2022/06/30 23:00:00+00,Fri 01 Jul 2022,45,66,0,3856983,3810325,241237,4098220,4051562,80.3536468656603,79.438825197849,351
-7.6926,53.28823,2021/11/18 00:00:00+00,Thu 18 Nov 2021,1641,2522,5,3650888,3583284,241069,3891957,3824353,76.3094559087445,74.9839467992516,352
-7.6926,53.28823,2021/08/08 23:00:00+00,Mon 09 Aug 2021,5573,23062,601,3278327,2783965,228852,3507179,3012817,68.7651279971939,59.0721906800655,353
-7.6926,53.28823,2022/07/01 23:00:00+00,Sat 02 Jul 2022,181,228,0,3857164,3810553,241237,4098401,4051790,80.3571957259174,79.4432955853551,354
-7.6926,53.28823,2021/11/19 00:00:00+00,Fri 19 Nov 2021,1166,1570,0,3652054,3584854,241069,3893123,3825923,76.3323176273065,75.0147297307631,355
-7.6926,53.28823,2021/04/20 23:00:00+00,Wed 21 Apr 2021,26757,9913,4,951591,400229,290,951881,400519,18.663495305799,7.8529611121383,356
-7.6926,53.28823,2021/08/09 23:00:00+00,Tue 10 Aug 2021,9387,26047,718,3287714,2810012,229570,3517284,3039582,68.963256355744,59.5969710379671,357
-7.6926,53.28823,2023/01/30 00:00:00+00,Mon 30 Jan 2023,5,2,0,3865327,3819733,241252,4106579,4060985,80.5175414672557,79.6235816078062,358
-7.6926,53.28823,2022/07/02 23:00:00+00,Sun 03 Jul 2022,108,274,0,3857272,3810827,241237,4098509,4052064,80.359313277894,79.4486678931475,359
-7.6926,53.28823,2021/08/10 23:00:00+00,Wed 11 Aug 2021,7049,31262,668,3294763,2841274,230238,3525001,3071512,69.1145632872563,60.2230213584527,360
-7.6926,53.28823,2023/01/31 00:00:00+00,Tue 31 Jan 2023,23,15,0,3865350,3819748,241252,4106602,4061000,80.5179924273988,79.6238757122474,361
-7.6926,53.28823,2021/04/21 23:00:00+00,Thu 22 Apr 2021,31650,12200,1,983241,412429,291,983532,412720,19.2840752836784,8.09218566460447,362
-7.6926,53.28823,2022/07/03 23:00:00+00,Mon 04 Jul 2022,14,15,1,3857286,3810842,241238,4098524,4052080,80.3596073823352,79.4489816045515,363
-7.6926,53.28823,2021/11/20 00:00:00+00,Sat 20 Nov 2021,1549,2955,12,3653603,3587809,241081,3894684,3828890,76.3629240961533,75.072903589231,364
-7.6926,53.28823,2021/08/11 23:00:00+00,Thu 12 Aug 2021,6799,38324,865,3301562,2879598,231103,3532665,3110701,69.2648310497431,60.9913986215129,365
-7.6926,53.28823,2023/02/01 00:00:00+00,Wed 01 Feb 2023,14,38,0,3865364,3819786,241252,4106616,4061038,80.5182669248773,79.6246207768318,366
-7.6926,53.28823,2021/04/22 23:00:00+00,Fri 23 Apr 2021,33628,12370,3,1016869,424799,294,1017163,425093,19.9434770477953,8.33478261466299,367
-7.6926,53.28823,2022/07/04 23:00:00+00,Tue 05 Jul 2022,50,69,0,3857336,3810911,241238,4098574,4052149,80.3605877304725,79.450334484981,368
-7.6926,53.28823,2021/11/21 00:00:00+00,Sun 21 Nov 2021,1790,2773,0,3655393,3590582,241081,3896474,3831663,76.398020559469,75.1272736969262,369
-7.6926,53.28823,2021/08/12 23:00:00+00,Fri 13 Aug 2021,10959,28255,875,3312521,2907853,231978,3544499,3139831,69.4968598468814,61.5625494463092,370
-7.6926,53.28823,2023/02/02 00:00:00+00,Thu 02 Feb 2023,13,13,0,3865377,3819799,241252,4106629,4061051,80.518521815393,79.6248756673475,371
-7.6926,53.28823,2021/04/23 23:00:00+00,Sat 24 Apr 2021,23714,7020,2,1040583,431819,296,1040879,432115,20.4084757762838,8.47246270706668,372
-7.6926,53.28823,2022/07/05 23:00:00+00,Wed 06 Jul 2022,61,83,0,3857397,3810994,241238,4098635,4052232,80.3617837552,79.4519618628889,373
-7.6926,53.28823,2021/11/22 00:00:00+00,Mon 22 Nov 2021,725,522,3,3656118,3591104,241084,3897202,3832188,76.4122944283482,75.1375673523679,374
-7.6926,53.28823,2021/08/13 23:00:00+00,Sat 14 Aug 2021,18156,5868,281,3330677,2913721,232259,3562936,3145980,69.8583534190328,61.6831126602355,375
-7.6926,53.28823,2023/02/03 00:00:00+00,Fri 03 Feb 2023,14,10,0,3865391,3819809,241252,4106643,4061061,80.5187963128714,79.6250717369749,376
-7.6926,53.28823,2021/04/24 23:00:00+00,Sun 25 Apr 2021,9762,313,3,1050345,432132,299,1050644,432431,20.5999377675002,8.47865850729448,377
-7.6926,53.28823,2022/07/06 23:00:00+00,Thu 07 Jul 2022,78,77,0,3857475,3811071,241238,4098713,4052309,80.3633130982942,79.4534715990203,378
-7.6926,53.28823,2021/11/23 00:00:00+00,Tue 23 Nov 2021,2159,1605,8,3658277,3592709,241092,3899369,3833801,76.4547827166192,75.1691933832775,379
-7.6926,53.28823,2021/08/14 23:00:00+00,Sun 15 Aug 2021,17009,3745,54,3347686,2917466,232313,3579999,3149779,70.1929070243709,61.7575995117082,380
-7.6926,53.28823,2023/02/04 00:00:00+00,Sat 04 Feb 2023,38,44,0,3865429,3819853,241252,4106681,4061105,80.5195413774558,79.6259344433358,381
-7.6926,53.28823,2021/04/25 23:00:00+00,Mon 26 Apr 2021,15610,3065,4,1065955,435197,303,1066258,435500,20.9060808838191,8.53883227596251,382
-7.6926,53.28823,2022/07/07 23:00:00+00,Fri 08 Jul 2022,98,91,0,3857573,3811162,241238,4098811,4052400,80.3652345806433,79.4552558326303,383
-7.6926,53.28823,2021/11/24 00:00:00+00,Wed 24 Nov 2021,1615,3155,2,3659892,3595864,241094,3900986,3836958,76.4864871753798,75.2310925646672,384
-7.6926,53.28823,2021/08/15 23:00:00+00,Mon 16 Aug 2021,10210,23188,386,3357896,2940654,232699,3590595,3173353,70.4006624016294,62.2198140514867,385
-7.6926,53.28823,2023/02/05 00:00:00+00,Sun 05 Feb 2023,29,22,0,3865458,3819875,241252,4106710,4061127,80.5201099793754,79.6263657965162,386
-7.6926,53.28823,2021/04/26 23:00:00+00,Tue 27 Apr 2021,25937,7830,10,1091892,443027,313,1092205,443340,21.4148227461943,8.69255086389258,387
-7.6926,53.28823,2022/07/08 23:00:00+00,Sat 09 Jul 2022,119,144,0,3857692,3811306,241238,4098930,4052544,80.3675678092101,79.4580792352657,388
-7.6926,53.28823,2021/11/25 00:00:00+00,Thu 25 Nov 2021,981,1193,2,3660873,3597057,241096,3901969,3838153,76.5057608197593,75.2545228851489,389
-7.6926,53.28823,2021/08/16 23:00:00+00,Tue 17 Aug 2021,12887,26892,532,3370783,2967546,233231,3604014,3200777,70.6637682347204,62.757515397838,390
-7.6926,53.28823,2023/02/06 00:00:00+00,Mon 06 Feb 2023,12,7,0,3865470,3819882,241252,4106722,4061134,80.5203452629284,79.6265030452554,391
-7.6926,53.28823,2022/07/09 23:00:00+00,Sun 10 Jul 2022,134,219,0,3857826,3811525,241238,4099064,4052763,80.3701951422181,79.4623731601071,392
-7.6926,53.28823,2023/02/07 00:00:00+00,Tue 07 Feb 2023,20,13,0,3865490,3819895,241252,4106742,4061147,80.5207374021833,79.6267579357711,393
-7.6926,53.28823,2021/08/17 23:00:00+00,Wed 18 Aug 2021,15254,25806,659,3386037,2993352,233890,3619927,3227242,70.9757738329004,63.2764136669157,394
-7.6926,53.28823,2021/11/26 00:00:00+00,Fri 26 Nov 2021,1279,1117,12,3662152,3598174,241108,3903260,3839282,76.5310734086646,75.2766591460893,395
-7.6926,53.28823,2021/04/27 23:00:00+00,Wed 28 Apr 2021,26062,8638,7,1117954,451665,320,1118274,451985,21.9259566580246,8.86205305683333,396
-7.6926,53.28823,2022/07/10 23:00:00+00,Mon 11 Jul 2022,10,16,0,3857836,3811541,241238,4099074,4052779,80.3703912118456,79.4626868715111,397
-7.6926,53.28823,2021/08/18 23:00:00+00,Thu 19 Aug 2021,11384,25751,545,3397421,3019103,234435,3631856,3253538,71.2096652914997,63.7919983592894,398
-7.6926,53.28823,2021/04/28 23:00:00+00,Thu 29 Apr 2021,31711,11340,7,1149665,463005,327,1149992,463332,22.547850302408,9.08453326311426,399
-7.6926,53.28823,2021/11/27 00:00:00+00,Sat 27 Nov 2021,1200,1569,6,3663352,3599743,241114,3904466,3840857,76.5547194057365,75.3075401124146,400
-7.6926,53.28823,2023/02/08 00:00:00+00,Wed 08 Feb 2023,25,31,0,3865515,3819926,241252,4106767,4061178,80.521227576252,79.6273657516163,401
-7.6926,53.28823,2022/07/11 23:00:00+00,Tue 12 Jul 2022,38,82,0,3857874,3811623,241238,4099112,4052861,80.37113627643,79.4642946424563,402
-7.6926,53.28823,2021/08/19 23:00:00+00,Fri 20 Aug 2021,14873,22299,686,3412294,3041402,235121,3647415,3276523,71.5147300248675,64.2426643980104,403
-7.6926,53.28823,2021/04/29 23:00:00+00,Fri 30 Apr 2021,36121,13549,9,1185786,476554,336,1186122,476890,23.2562498664276,9.35036446402701,404
-7.6926,53.28823,2021/11/28 00:00:00+00,Sun 28 Nov 2021,1961,2267,1,3665313,3602010,241115,3906428,3843125,76.5931882666445,75.3520087039229,405
-7.6926,53.28823,2023/02/09 00:00:00+00,Thu 09 Feb 2023,7,15,0,3865522,3819941,241252,4106774,4061193,80.5213648249912,79.6276598560574,406
-7.6926,53.28823,2022/07/12 23:00:00+00,Wed 13 Jul 2022,93,74,1,3857967,3811697,241239,4099206,4052936,80.3729793309281,79.4657651646622,407
-7.6926,53.28823,2021/08/20 23:00:00+00,Sat 21 Aug 2021,11920,8010,246,3424214,3049412,235367,3659581,3284779,71.7532683336376,64.4045394824428,408
-7.6926,53.28823,2021/04/30 23:00:00+00,Sat 01 May 2021,16650,6705,21,1202436,483259,357,1202793,483616,23.5831175423692,9.48224089545783,409
-7.6926,53.28823,2021/11/29 00:00:00+00,Mon 29 Nov 2021,535,1006,2,3665848,3603016,241117,3906965,3844133,76.6037172056392,75.371772522371,410
-7.6926,53.28823,2023/02/10 00:00:00+00,Fri 10 Feb 2023,7,15,0,3865529,3819956,241252,4106781,4061208,80.5215020737304,79.6279539604986,411
-7.6926,53.28823,2022/07/13 23:00:00+00,Thu 14 Jul 2022,45,39,0,3858012,3811736,241239,4099251,4052975,80.3738616442517,79.4665298362093,412
-7.6926,53.28823,2021/08/21 23:00:00+00,Sun 22 Aug 2021,8011,12269,162,3432225,3061681,235529,3667754,3297210,71.9135160401621,64.6482736363406,413
-7.6926,53.28823,2021/05/01 23:00:00+00,Sun 02 May 2021,12487,915,16,1214923,484174,373,1215296,484547,23.8282633975847,9.50049497777453,414
-7.6926,53.28823,2021/11/30 00:00:00+00,Tue 30 Nov 2021,1898,1660,6,3667746,3604676,241123,3908869,3845799,76.6410488627079,75.4044377223062,415
-7.6926,53.28823,2023/02/11 00:00:00+00,Sat 11 Feb 2023,34,47,0,3865563,3820003,241252,4106815,4061255,80.5221687104638,79.6288754877477,416
-7.6926,53.28823,2022/07/14 23:00:00+00,Fri 15 Jul 2022,75,118,1,3858087,3811854,241240,4099327,4053094,80.3753517734204,79.4688630647761,417
-7.6926,53.28823,2021/08/22 23:00:00+00,Mon 23 Aug 2021,10894,15427,294,3443119,3077108,235823,3678942,3312931,72.1328787393664,64.9565146976734,418
-7.6926,53.28823,2021/05/02 23:00:00+00,Mon 03 May 2021,14289,944,21,1229212,485118,394,1229606,485512,24.1088390344826,9.51941569682459,419
-7.6926,53.28823,2021/12/01 00:00:00+00,Wed 01 Dec 2021,1075,1393,4,3668821,3606069,241127,3909948,3847196,76.6622047755111,75.4318286492626,420
-7.6926,53.28823,2023/02/12 00:00:00+00,Sun 12 Feb 2023,17,36,0,3865580,3820039,241252,4106832,4061291,80.5225020288305,79.6295813384066,421
-7.6926,53.28823,2022/07/15 23:00:00+00,Sat 16 Jul 2022,122,209,0,3858209,3812063,241240,4099449,4053303,80.3777438228754,79.4729609199901,422
-7.6926,53.28823,2021/08/23 23:00:00+00,Tue 24 Aug 2021,9728,22949,384,3452847,3100057,236207,3689054,3336264,72.3311443466558,65.4140039594301,423
-7.6926,53.28823,2021/05/03 23:00:00+00,Tue 04 May 2021,26685,6815,11,1255897,491933,405,1256302,492338,24.6322665119547,9.65325282453004,424
-7.6926,53.28823,2021/12/02 00:00:00+00,Thu 02 Dec 2021,1736,1420,0,3670557,3607489,241127,3911684,3848616,76.6962424628384,75.4596705363622,425
-7.6926,53.28823,2023/02/13 00:00:00+00,Mon 13 Feb 2023,1,1,0,3865581,3820040,241252,4106833,4061292,80.5225216357932,79.6296009453693,426
-7.6926,53.28823,2022/07/16 23:00:00+00,Sun 17 Jul 2022,119,165,0,3858328,3812228,241240,4099568,4053468,80.3800770514422,79.4761960688432,427
-7.6926,53.28823,2021/08/24 23:00:00+00,Wed 25 Aug 2021,9426,19565,318,3462273,3119622,236525,3698798,3356147,72.5221945916546,65.8038491997124,428
-7.6926,53.28823,2021/05/04 23:00:00+00,Wed 05 May 2021,32158,13478,70,1288055,505411,475,1288530,505886,25.2641597073386,9.91888795581532,429
-7.6926,53.28823,2021/12/03 00:00:00+00,Fri 03 Dec 2021,1016,1209,3,3671573,3608698,241130,3912703,3849828,76.7162219578768,75.4834341752106,430
-7.6926,53.28823,2023/02/14 00:00:00+00,Tue 14 Feb 2023,11,23,0,3865592,3820063,241252,4106844,4061315,80.5227373123834,79.6300519055125,431
-7.6926,53.28823,2022/07/17 23:00:00+00,Mon 18 Jul 2022,12,19,0,3858340,3812247,241240,4099580,4053487,80.3803123349952,79.4765686011354,432
-7.6926,53.28823,2021/08/25 23:00:00+00,Thu 26 Aug 2021,8608,19471,370,3470881,3139093,236895,3707776,3375988,72.6982259031898,66.1928709475594,433
-7.6926,53.28823,2021/05/05 23:00:00+00,Thu 06 May 2021,37319,14389,133,1325374,519800,608,1325982,520408,25.9984796761087,10.2036202688154,434
-7.6926,53.28823,2021/12/04 00:00:00+00,Sat 04 Dec 2021,1206,1707,3,3672779,3610405,241133,3913912,3851538,76.7399267758369,75.5169620815065,435
-7.6926,53.28823,2023/02/15 00:00:00+00,Wed 15 Feb 2023,15,13,0,3865607,3820076,241252,4106859,4061328,80.5230314168246,79.6303067960282,436
-7.6926,53.28823,2022/07/18 23:00:00+00,Tue 19 Jul 2022,29,34,0,3858369,3812281,241240,4099609,4053521,80.3808809369148,79.4772352378687,437
-7.6926,53.28823,2021/08/26 23:00:00+00,Fri 27 Aug 2021,9741,19255,432,3480622,3158348,237327,3717949,3395675,72.8976875352068,66.5788732231435,438
-7.6926,53.28823,2021/08/27 23:00:00+00,Sat 28 Aug 2021,9939,7953,155,3490561,3166301,237482,3728043,3403783,73.0956002171667,66.7378464770896,439
-7.6926,53.28823,2021/08/28 23:00:00+00,Sun 29 Aug 2021,8808,9208,30,3499369,3175509,237512,3736881,3413021,73.2688865539175,66.9189755989388,440
-7.6926,53.28823,2021/08/29 23:00:00+00,Mon 30 Aug 2021,5077,11182,85,3504446,3186691,237597,3742043,3424288,73.3700976956133,67.1398872482,441
-7.6926,53.28823,2021/08/30 23:00:00+00,Tue 31 Aug 2021,4090,12927,146,3508536,3199618,237743,3746279,3437361,73.4531527898061,67.3962090721809,442
-7.6926,53.28823,2021/08/31 23:00:00+00,Wed 01 Sep 2021,5011,12585,184,3513547,3212203,237927,3751474,3450130,73.5550109612725,67.6465703794869,443
-7.6926,53.28823,2021/09/01 23:00:00+00,Thu 02 Sep 2021,5017,12399,249,3518564,3224602,238176,3756740,3462778,73.6582612270939,67.8945592443006,444
-7.6926,53.28823,2021/09/02 23:00:00+00,Fri 03 Sep 2021,4790,16127,167,3523354,3240729,238343,3761697,3479072,73.7554529414268,68.2140350952869,445
-7.6926,53.28823,2021/09/03 23:00:00+00,Sat 04 Sep 2021,4635,10602,136,3527989,3251331,238479,3766468,3489810,73.8489977606888,68.4245746612554,446
-7.6926,53.28823,2021/09/04 23:00:00+00,Sun 05 Sep 2021,5310,11916,1,3533299,3263247,238480,3771779,3501727,73.9531303398338,68.6582308363017,447
-7.6926,53.28823,2021/09/05 23:00:00+00,Mon 06 Sep 2021,2175,9716,76,3535474,3272963,238556,3774030,3511519,73.9972656129754,68.8502222155123,448
-7.6926,53.28823,2021/09/06 23:00:00+00,Tue 07 Sep 2021,3045,10054,162,3538519,3283017,238718,3777237,3521735,74.0601451425024,69.0505269469273,449
-7.6926,53.28823,2021/09/07 23:00:00+00,Wed 08 Sep 2021,2617,14829,191,3541136,3297846,238909,3780045,3536755,74.1152014938937,69.3450235273749,450
-7.6926,53.28823,2021/09/08 23:00:00+00,Thu 09 Sep 2021,3133,14851,138,3544269,3312697,239047,3783316,3551744,74.1793358690365,69.6389122919775,451
-7.6926,53.28823,2021/09/09 23:00:00+00,Fri 10 Sep 2021,3399,13965,116,3547668,3326662,239163,3786831,3565825,74.2482543430893,69.9149979344065,452
-7.6926,53.28823,2021/09/10 23:00:00+00,Sat 11 Sep 2021,2571,11357,62,3550239,3338019,239225,3789464,3577244,74.299879476,70.1388898420051,453
-7.6926,53.28823,2021/09/11 23:00:00+00,Sun 12 Sep 2021,2045,12891,1,3552284,3350910,239226,3791510,3590136,74.3399953217787,70.3916628057289,454
-7.6926,53.28823,2021/09/12 23:00:00+00,Mon 13 Sep 2021,1628,7766,52,3553912,3358676,239278,3793190,3597954,74.3729350191923,70.5449500404786,455
-7.6926,53.28823,2021/09/13 23:00:00+00,Tue 14 Sep 2021,1562,10810,82,3555474,3369486,239360,3794834,3608846,74.405168865947,70.75850907871,456
-7.6926,53.28823,2021/09/14 23:00:00+00,Wed 15 Sep 2021,3294,12394,138,3558768,3381880,239498,3798266,3621378,74.4724599620919,71.0042235358452,457
-7.6926,53.28823,2021/09/15 23:00:00+00,Thu 16 Sep 2021,1923,10592,116,3560691,3392472,239614,3800305,3632086,74.5124385591314,71.2141748929313,458
-7.6926,53.28823,2021/09/16 23:00:00+00,Fri 17 Sep 2021,2567,14637,96,3563258,3407109,239710,3802968,3646819,74.5646519009244,71.5030442750708,459
-7.6926,53.28823,2021/09/17 23:00:00+00,Sat 18 Sep 2021,2292,11250,48,3565550,3418359,239758,3805308,3658117,74.6105321937505,71.7245637401772,460
-7.6926,53.28823,2021/09/18 23:00:00+00,Sun 19 Sep 2021,1866,8500,16,3567416,3426859,239774,3807190,3666633,74.6474324976388,71.8915366349237,461
-7.6926,53.28823,2021/09/19 23:00:00+00,Mon 20 Sep 2021,969,5652,35,3568385,3432511,239809,3808194,3672320,74.667117888236,72.0030414320612,462
-7.6926,53.28823,2021/09/20 23:00:00+00,Tue 21 Sep 2021,1480,6697,90,3569865,3439208,239899,3809764,3679107,74.6979008197475,72.1361138882195,463
-7.6926,53.28823,2021/09/21 23:00:00+00,Wed 22 Sep 2021,1904,8179,97,3571769,3447387,239996,3811765,3687383,74.7371343522026,72.2983811119069,464
-7.6926,53.28823,2021/09/22 23:00:00+00,Thu 23 Sep 2021,1693,8748,89,3573462,3456135,240085,3813547,3696220,74.7720739598163,72.471647841695,465
-7.6926,53.28823,2021/09/23 23:00:00+00,Fri 24 Sep 2021,1917,7414,81,3575379,3463549,240166,3815545,3703715,74.8112486713832,72.6186020274776,466
-7.6926,53.28823,2021/09/24 23:00:00+00,Sat 25 Sep 2021,2428,6625,53,3577807,3470174,240219,3818026,3710393,74.8598935459565,72.7495373246966,467
-7.6926,53.28823,2021/09/25 23:00:00+00,Sun 26 Sep 2021,1549,7105,0,3579356,3477279,240219,3819575,3717498,74.8902647312503,72.8888447950082,468
-7.6926,53.28823,2021/09/26 23:00:00+00,Mon 27 Sep 2021,1181,3851,45,3580537,3481130,240264,3820801,3721394,74.9143028675771,72.9652335218674,469
-7.6926,53.28823,2021/09/27 23:00:00+00,Tue 28 Sep 2021,1459,5165,94,3581996,3486295,240358,3822354,3726653,74.9447524807219,73.0683465389495,470
-7.6926,53.28823,2021/09/28 23:00:00+00,Wed 29 Sep 2021,1657,3646,80,3583653,3489941,240438,3824091,3730379,74.9788097750121,73.1414020821418,471
-7.6926,53.28823,2021/09/29 23:00:00+00,Thu 30 Sep 2021,1279,4006,79,3584932,3493947,240517,3825449,3734464,75.0054360304214,73.22149652496,472
-7.6926,53.28823,2021/09/30 23:00:00+00,Fri 01 Oct 2021,1878,5219,42,3586810,3499166,240559,3827369,3739725,75.043081398894,73.3246487559676,473
-7.6926,53.28823,2021/10/01 23:00:00+00,Sat 02 Oct 2021,1686,4115,41,3588496,3503281,240600,3829096,3743881,75.0769426235567,73.4061352931408,474
-7.6926,53.28823,2021/10/02 23:00:00+00,Sun 03 Oct 2021,1198,3027,9,3589694,3506308,240609,3830303,3746917,75.1006082275914,73.4656620320382,475
-7.6926,53.28823,2021/10/03 23:00:00+00,Mon 04 Oct 2021,353,1249,18,3590047,3507557,240627,3830674,3748184,75.1078824107702,73.4905040538376,476
-7.6926,53.28823,2021/10/04 23:00:00+00,Tue 05 Oct 2021,961,2848,70,3591008,3510405,240697,3831705,3751102,75.1280971893615,73.5477171711309,477
-7.6926,53.28823,2021/10/05 23:00:00+00,Wed 06 Oct 2021,974,2587,40,3591982,3512992,240737,3832719,3753729,75.1479786495861,73.5992246622652,478
-7.6926,53.28823,2021/10/06 23:00:00+00,Thu 07 Oct 2021,1214,2728,44,3593196,3515720,240781,3833977,3756501,75.1726442087208,73.6535751629976,479
-7.6926,53.28823,2021/10/07 23:00:00+00,Fri 08 Oct 2021,917,2767,48,3594113,3518487,240829,3834942,3759316,75.1915649277709,73.7087687631281,480
-7.6926,53.28823,2021/10/08 23:00:00+00,Sat 09 Oct 2021,724,2376,24,3594837,3520863,240853,3835690,3761716,75.206230935905,73.7558254737189,481
-7.6926,53.28823,2021/10/09 23:00:00+00,Sun 10 Oct 2021,1521,3931,3,3596358,3524794,240856,3837214,3765650,75.2361119471302,73.8329592651624,482
-7.6926,53.28823,2021/10/10 23:00:00+00,Mon 11 Oct 2021,336,1154,20,3596694,3525948,240876,3837570,3766824,75.2430920258679,73.8559778394264,483
-7.6926,53.28823,2021/10/11 23:00:00+00,Tue 12 Oct 2021,564,1637,21,3597258,3527585,240897,3838155,3768482,75.2545620990744,73.8884861836596,484
-7.6926,53.28823,2021/10/12 23:00:00+00,Wed 13 Oct 2021,990,2093,11,3598248,3529678,240908,3839156,3770586,75.2741886687833,73.9297392332776,485
-7.6926,53.28823,2021/10/13 23:00:00+00,Thu 14 Oct 2021,656,1626,9,3598904,3531304,240917,3839821,3772221,75.2872272990095,73.9617966173676,486
-7.6926,53.28823,2021/10/14 23:00:00+00,Fri 15 Oct 2021,958,2098,10,3599862,3533402,240927,3840789,3774329,75.3062068389478,74.0031280948365,487
-7.6926,53.28823,2021/10/15 23:00:00+00,Sat 16 Oct 2021,1385,2671,14,3601247,3536073,240941,3842188,3777014,75.3336369798297,74.05577278981,488
-7.6926,53.28823,2021/10/16 23:00:00+00,Sun 17 Oct 2021,1709,2895,3,3602956,3538968,240944,3843900,3779912,75.3672041000512,74.1125937678485,489
-7.6926,53.28823,2021/10/17 23:00:00+00,Mon 18 Oct 2021,682,1269,6,3603638,3540237,240950,3844588,3781187,75.3806936904206,74.1375926453499,490
-7.6926,53.28823,2021/10/18 23:00:00+00,Tue 19 Oct 2021,1342,1821,13,3604980,3542058,240963,3845943,3783021,75.4072611249417,74.1735518150263,491
-7.6926,53.28823,2021/10/19 23:00:00+00,Wed 20 Oct 2021,2265,2357,1,3607245,3544415,240964,3848209,3785379,75.4516905025245,74.2197850331818,492
-7.6926,53.28823,2021/10/20 23:00:00+00,Thu 21 Oct 2021,1732,1870,11,3608977,3546285,240975,3849952,3787260,75.4858654385911,74.2566657301074,493
-7.6926,53.28823,2021/10/21 23:00:00+00,Fri 22 Oct 2021,1511,1949,3,3610488,3548234,240978,3851466,3789212,75.5155503801888,74.294938521388,494
-7.6926,53.28823,2021/10/22 23:00:00+00,Sat 23 Oct 2021,2019,1717,1,3612507,3549951,240979,3853486,3790930,75.5551564449361,74.3286232833859,495
-7.6926,53.28823,2021/10/23 23:00:00+00,Sun 24 Oct 2021,1960,2194,2,3614467,3552145,240981,3855448,3793126,75.5936253058441,74.3716801735765,496
-7.6926,53.28823,2021/10/24 23:00:00+00,Mon 25 Oct 2021,1245,872,2,3615712,3553017,240983,3856695,3794000,75.6180751883886,74.3888166590167,497
-7.6926,53.28823,2021/10/25 23:00:00+00,Tue 26 Oct 2021,1246,1250,6,3616958,3554267,240989,3857947,3795256,75.6426231057468,74.4134430042259,498
-7.6926,53.28823,2021/10/26 23:00:00+00,Wed 27 Oct 2021,1570,1442,6,3618528,3555709,240995,3859523,3796704,75.6735236790348,74.4418338862824,499
-7.6926,53.28823,2021/10/27 23:00:00+00,Thu 28 Oct 2021,2163,1716,5,3620691,3557425,241000,3861691,3798425,75.7160315742685,74.4755774691685,500
-7.6926,53.28823,2021/10/28 23:00:00+00,Fri 29 Oct 2021,2150,1391,3,3622841,3558816,241003,3863844,3799819,75.7582453650611,74.5029095752367,501
-7.6926,53.28823,2021/10/29 23:00:00+00,Sat 30 Oct 2021,2022,1469,1,3624863,3560285,241004,3865867,3801289,75.7979102506966,74.5317318104736,502
-7.6926,53.28823,2021/10/30 23:00:00+00,Sun 31 Oct 2021,1600,1321,0,3626463,3561606,241004,3867467,3802610,75.8292813910905,74.5576326082613,503
-7.6926,53.28823,2021/11/01 00:00:00+00,Mon 01 Nov 2021,299,309,2,3626762,3561915,241006,3867768,3802921,75.8351830868771,74.5637303736754,504
-7.6926,53.28823,2021/11/02 00:00:00+00,Tue 02 Nov 2021,1101,1104,10,3627863,3563019,241016,3868879,3804035,75.8569664224881,74.5855725301746,505
-7.6926,53.28823,2021/11/03 00:00:00+00,Wed 03 Nov 2021,2539,1893,7,3630402,3564912,241023,3871425,3805935,75.9068857496399,74.6228257593924,506
-7.6926,53.28823,2021/11/04 00:00:00+00,Thu 04 Nov 2021,1537,1299,2,3631939,3566211,241025,3872964,3807236,75.9370608653063,74.6483344179252,507
-7.6926,53.28823,2021/11/05 00:00:00+00,Fri 05 Nov 2021,1629,1113,5,3633568,3567324,241030,3874598,3808354,75.9690986424335,74.6702550022754,508
-7.6926,53.28823,2021/11/06 00:00:00+00,Sat 06 Nov 2021,1826,1366,6,3635394,3568690,241036,3876430,3809726,76.0050185981845,74.6971557551632,509
-7.6926,53.28823,2021/11/07 00:00:00+00,Sun 07 Nov 2021,700,775,0,3636094,3569465,241036,3877130,3810501,76.0187434721068,74.7123511512914,510
-7.6926,53.28823,2021/11/08 00:00:00+00,Mon 08 Nov 2021,521,542,4,3636615,3570007,241040,3877655,3811047,76.0290371275486,74.7230565529509,511
-7.6926,53.28823,2021/11/09 00:00:00+00,Tue 09 Nov 2021,1375,1077,4,3637990,3571084,241044,3879034,3812128,76.0560751291756,74.7442516796795,512
-7.6926,53.28823,2021/11/10 00:00:00+00,Wed 10 Nov 2021,1602,1373,2,3639592,3572457,241046,3880638,3813503,76.0875246974204,74.7712112534555,513
-7.6926,53.28823,2021/11/11 00:00:00+00,Thu 11 Nov 2021,1397,1131,2,3640989,3573588,241048,3882037,3814636,76.1149548383024,74.7934259422469,514
-7.6926,53.28823,2021/11/12 00:00:00+00,Fri 12 Nov 2021,1145,1163,6,3642134,3574751,241054,3883188,3815805,76.1375224524232,74.8163464816972,515
-7.6926,53.28823,2021/11/13 00:00:00+00,Sat 13 Nov 2021,1397,1386,0,3643531,3576137,241054,3884585,3817191,76.1649133793796,74.8435217320634,516
-7.6926,53.28823,2021/11/14 00:00:00+00,Sun 14 Nov 2021,1647,1808,1,3645178,3577945,241055,3886233,3819000,76.1972256539853,74.8789907276713,517
-7.6926,53.28823,2021/11/15 00:00:00+00,Mon 15 Nov 2021,1245,601,1,3646423,3578546,241056,3887479,3819602,76.2216559295671,74.8907941192444,518
-7.6926,53.28823,2021/11/16 00:00:00+00,Tue 16 Nov 2021,1320,1086,5,3647743,3579632,241061,3888804,3820693,76.2476351552058,74.9121853156005,519
-7.6926,53.28823,2022/07/19 23:00:00+00,Wed 20 Jul 2022,75,66,0,3858444,3812347,241240,4099684,4053587,80.3823514591208,79.47852929741,520
-7.6926,53.28823,2023/02/16 00:00:00+00,Thu 16 Feb 2023,13,11,0,3865620,3820087,241252,4106872,4061339,80.5232863073403,79.6305224726184,521
-7.6926,53.28823,2022/07/20 23:00:00+00,Thu 21 Jul 2022,49,30,0,3858493,3812377,241240,4099733,4053617,80.3833122002953,79.4791175062924,522
-7.6926,53.28823,2022/07/21 23:00:00+00,Fri 22 Jul 2022,73,70,0,3858566,3812447,241240,4099806,4053687,80.3847435085758,79.4804899936846,523
-7.6926,53.28823,2023/02/17 00:00:00+00,Fri 17 Feb 2023,5,12,0,3865625,3820099,241252,4106877,4061351,80.523384342154,79.6307577561713,524
-7.6926,53.28823,2022/07/22 23:00:00+00,Sat 23 Jul 2022,100,175,0,3858666,3812622,241240,4099906,4053862,80.3867042048504,79.4839212121652,525
-7.6926,53.28823,2023/02/18 00:00:00+00,Sat 18 Feb 2023,21,43,0,3865646,3820142,241252,4106898,4061394,80.5237960883717,79.6316008555694,526
-7.6926,53.28823,2022/07/23 23:00:00+00,Sun 24 Jul 2022,108,230,0,3858774,3812852,241240,4100014,4054092,80.388821756827,79.4884308135968,527
-7.6926,53.28823,2023/02/19 00:00:00+00,Sun 19 Feb 2023,22,31,0,3865668,3820173,241252,4106920,4061425,80.5242274415521,79.6322086714146,528
-7.6926,53.28823,2022/07/24 23:00:00+00,Mon 25 Jul 2022,14,23,0,3858788,3812875,241240,4100028,4054115,80.3890962543054,79.48888177374,529
-7.6926,53.28823,2023/02/20 00:00:00+00,Mon 20 Feb 2023,3,0,0,3865671,3820173,241252,4106923,4061425,80.5242862624404,79.6322086714146,530
-7.6926,53.28823,2022/07/25 23:00:00+00,Tue 26 Jul 2022,17,16,0,3858805,3812891,241240,4100045,4054131,80.3894295726721,79.4891954851439,531
-7.6926,53.28823,2023/02/21 00:00:00+00,Tue 21 Feb 2023,52,16,0,3865723,3820189,241252,4106975,4061441,80.5253058245032,79.6325223828185,532
-7.6926,53.28823,2022/07/26 23:00:00+00,Wed 27 Jul 2022,58,72,1,3858863,3812963,241241,4100104,4054204,80.3905863834741,79.4906267934244,533
-7.6926,53.28823,2022/07/27 23:00:00+00,Thu 28 Jul 2022,33,73,0,3858896,3813036,241241,4100137,4054277,80.3912334132448,79.4920581017048,534
-7.6926,53.28823,2022/07/28 23:00:00+00,Fri 29 Jul 2022,70,105,0,3858966,3813141,241241,4100207,4054382,80.392605900637,79.4941168327932,535
-7.6926,53.28823,2022/07/29 23:00:00+00,Sat 30 Jul 2022,100,119,0,3859066,3813260,241241,4100307,4054501,80.3945665969116,79.49645006136,536
-7.6926,53.28823,2023/02/22 00:00:00+00,Wed 22 Feb 2023,22,17,0,3865745,3820206,241252,4106997,4061458,80.5257371776836,79.6328557011852,537
-7.6926,53.28823,2021/05/06 23:00:00+00,Fri 07 May 2021,40622,15105,99,1365996,534905,707,1366703,535612,26.796894806096,10.5017245304083,538
-7.6926,53.28823,2021/12/05 00:00:00+00,Sun 05 Dec 2021,1349,1779,2,3674128,3612184,241135,3915263,3853319,76.766415782507,75.5518820821575,539
-7.6926,53.28823,2022/07/30 23:00:00+00,Sun 31 Jul 2022,32,57,0,3859098,3813317,241241,4100339,4054558,80.3951940197195,79.4975676582365,540
-7.6926,53.28823,2021/12/06 00:00:00+00,Mon 06 Dec 2021,942,1307,0,3675070,3613491,241135,3916205,3854626,76.7848855414139,75.5775083824667,541
-7.6926,53.28823,2022/07/31 23:00:00+00,Mon 01 Aug 2022,9,15,0,3859107,3813332,241241,4100348,4054573,80.3953704823842,79.4978617626777,542
-7.6926,53.28823,2021/12/07 00:00:00+00,Tue 07 Dec 2021,488,753,2,3675558,3614244,241137,3916695,3855381,76.7944929531595,75.5923116393401,543
-7.6926,53.28823,2021/05/07 23:00:00+00,Sat 08 May 2021,25649,7073,10,1391645,541978,717,1392362,542695,27.2999898632003,10.6406006475396,544
-7.6926,53.28823,2022/08/01 23:00:00+00,Tue 02 Aug 2022,35,31,0,3859142,3813363,241241,4100383,4054604,80.3960567260803,79.4984695785228,545
-7.6926,53.28823,2021/12/08 00:00:00+00,Wed 08 Dec 2021,799,1528,2,3676357,3615772,241139,3917496,3856911,76.8101981303193,75.6223102923418,546
-7.6926,53.28823,2021/05/08 23:00:00+00,Sun 09 May 2021,19688,936,5,1411333,542914,722,1412055,543636,27.6861097805608,10.6590507994837,547
-7.6926,53.28823,2023/02/23 00:00:00+00,Thu 23 Feb 2023,21,11,0,3865766,3820217,241252,4107018,4061469,80.5261489239013,79.6330713777754,548
-7.6926,53.28823,2022/08/02 23:00:00+00,Wed 03 Aug 2022,89,139,0,3859231,3813502,241241,4100472,4054743,80.3978017457648,79.5011949463446,549
-7.6926,53.28823,2021/12/09 00:00:00+00,Thu 09 Dec 2021,788,1218,1,3677145,3616990,241140,3918285,3858130,76.825668023926,75.6462111799294,550
-7.6926,53.28823,2021/05/09 23:00:00+00,Mon 10 May 2021,28878,4670,172,1440211,547584,894,1441105,548478,28.2556920483374,10.7539877131007,551
-7.6926,53.28823,2023/02/24 00:00:00+00,Fri 24 Feb 2023,13,13,0,3865779,3820230,241252,4107031,4061482,80.526403814417,79.6333262682911,552
-7.6926,53.28823,2022/08/03 23:00:00+00,Thu 04 Aug 2022,43,54,0,3859274,3813556,241241,4100515,4054797,80.3986448451628,79.5022537223329,553
-7.6926,53.28823,2021/12/10 00:00:00+00,Fri 10 Dec 2021,894,1622,1,3678039,3618612,241141,3919180,3859753,76.8432162555838,75.6780332804664,554
-7.6926,53.28823,2021/05/10 23:00:00+00,Tue 11 May 2021,33938,14831,153,1474149,562415,1047,1475196,563462,28.9241130153175,11.0477784428895,555
-7.6926,53.28823,2023/02/25 00:00:00+00,Sat 25 Feb 2023,49,19,0,3865828,3820249,241252,4107080,4061501,80.5273645555915,79.6336988005833,556
-7.6926,53.28823,2022/08/04 23:00:00+00,Fri 05 Aug 2022,94,91,0,3859368,3813647,241241,4100609,4054888,80.400487899661,79.5040379559428,557
-7.6926,53.28823,2021/12/11 00:00:00+00,Sat 11 Dec 2021,644,851,2,3678683,3619463,241143,3919826,3860606,76.8558823535179,75.6947580196889,558
-7.6926,53.28823,2021/05/11 23:00:00+00,Wed 12 May 2021,31327,20941,176,1505476,583356,1223,1506699,584579,29.5417911627105,11.4618186752007,559
-7.6926,53.28823,2023/02/26 00:00:00+00,Sun 26 Feb 2023,78,41,0,3865906,3820290,241252,4107158,4061542,80.5288938986857,79.6345026860559,560
-7.6926,53.28823,2022/08/05 23:00:00+00,Sat 06 Aug 2022,74,130,0,3859442,3813777,241241,4100683,4055018,80.4019388149042,79.5065868610998,561
-7.6926,53.28823,2021/12/12 00:00:00+00,Sun 12 Dec 2021,686,1193,0,3679369,3620656,241143,3920512,3861799,76.8693327299617,75.7181491262451,562
-7.6926,53.28823,2021/05/12 23:00:00+00,Thu 13 May 2021,36026,25492,153,1541502,608848,1376,1542878,610224,30.2511514679047,11.9646392348265,563
-7.6926,53.28823,2023/02/27 00:00:00+00,Mon 27 Feb 2023,1,2,0,3865907,3820292,241252,4107159,4061544,80.5289135056485,79.6345418999814,564
-7.6926,53.28823,2022/08/06 23:00:00+00,Sun 07 Aug 2022,29,80,0,3859471,3813857,241241,4100712,4055098,80.4025074168238,79.5081554181195,565
-7.6926,53.28823,2021/12/13 00:00:00+00,Mon 13 Dec 2021,725,1074,1,3680094,3621730,241144,3921238,3862874,76.8835673849155,75.7392266111973,566
-7.6926,53.28823,2021/05/13 23:00:00+00,Fri 14 May 2021,38250,27962,237,1579752,636810,1613,1581365,638423,31.005764643117,12.5175359773061,567
-7.6926,53.28823,2023/02/28 00:00:00+00,Tue 28 Feb 2023,32,11,0,3865939,3820303,241252,4107191,4061555,80.5295409284563,79.6347575765716,568
-7.6926,53.28823,2022/08/07 23:00:00+00,Mon 08 Aug 2022,11,16,0,3859482,3813873,241241,4100723,4055114,80.402723093414,79.5084691295234,569
-7.6926,53.28823,2021/12/14 00:00:00+00,Tue 14 Dec 2021,630,1206,3,3680724,3622936,241147,3921871,3864083,76.8959785923338,75.7629314291574,570
-7.6926,53.28823,2021/05/14 23:00:00+00,Sat 15 May 2021,28898,12471,22,1608650,649281,1635,1610285,650916,31.5727980057366,12.7624857628942,571
-7.6926,53.28823,2023/03/01 00:00:00+00,Wed 01 Mar 2023,22,18,0,3865961,3820321,241252,4107213,4061573,80.5299722816368,79.635110501901,572
-7.6926,53.28823,2022/08/08 23:00:00+00,Tue 09 Aug 2022,46,41,0,3859528,3813914,241241,4100769,4055155,80.4036250137004,79.509273014996,573
-7.6926,53.28823,2021/12/15 00:00:00+00,Wed 15 Dec 2021,790,1260,1,3681514,3624196,241148,3922662,3865344,76.911487699866,75.7876558091803,574
-7.6926,53.28823,2021/05/15 23:00:00+00,Sun 16 May 2021,23202,1188,11,1631852,650469,1646,1633498,652115,32.0279344319637,12.7859945112268,575
-7.6926,53.28823,2023/03/02 00:00:00+00,Thu 02 Mar 2023,20,14,0,3865981,3820335,241252,4107233,4061587,80.5303644208917,79.6353849993794,576
-7.6926,53.28823,2022/08/09 23:00:00+00,Wed 10 Aug 2022,54,94,1,3859582,3814008,241242,4100824,4055250,80.4047033966514,79.5111356764569,577
-7.6926,53.28823,2021/12/16 00:00:00+00,Thu 16 Dec 2021,1049,1554,8,3682563,3625750,241156,3923719,3866906,76.9322122594887,75.8182818849899,578
-7.6926,53.28823,2021/05/16 23:00:00+00,Mon 17 May 2021,35415,3968,120,1667267,654437,1766,1669033,656203,32.7246678531493,12.8661477749332,579
-7.6926,53.28823,2023/03/03 00:00:00+00,Fri 03 Mar 2023,12,13,0,3865993,3820348,241252,4107245,4061600,80.5305997044446,79.6356398898951,580
-7.6926,53.28823,2022/08/10 23:00:00+00,Thu 11 Aug 2022,22,42,0,3859604,3814050,241242,4100846,4055292,80.4051347498318,79.5119591688922,581
-7.6926,53.28823,2021/12/17 00:00:00+00,Fri 17 Dec 2021,1198,2462,2,3683761,3628212,241158,3924919,3869370,76.9557406147842,75.8665934411965,582
-7.6926,53.28823,2021/12/18 00:00:00+00,Sat 18 Dec 2021,1251,1186,0,3685012,3629398,241158,3926170,3870556,76.9802689251796,75.8898472990134,583
-7.6926,53.28823,2021/12/19 00:00:00+00,Sun 19 Dec 2021,553,894,3,3685565,3630292,241161,3926726,3871453,76.9911703964665,75.9074347445968,584
-7.6926,53.28823,2021/12/20 00:00:00+00,Mon 20 Dec 2021,515,624,1,3686080,3630916,241162,3927242,3872078,77.0012875892435,75.9196890963131,585
-7.6926,53.28823,2021/12/21 00:00:00+00,Tue 21 Dec 2021,1401,1825,3,3687481,3632741,241165,3928646,3873906,77.0288157649392,75.9555306242132,586
-7.6926,53.28823,2021/12/22 00:00:00+00,Wed 22 Dec 2021,1161,1607,2,3688642,3634348,241167,3929809,3875515,77.051618662613,75.9870782272718,587
-7.6926,53.28823,2021/12/23 00:00:00+00,Thu 23 Dec 2021,930,1406,0,3689572,3635754,241167,3930739,3876921,77.0698531379669,76.0146456168929,588
-7.6926,53.28823,2021/12/24 00:00:00+00,Fri 24 Dec 2021,101,166,0,3689673,3635920,241167,3930840,3877087,77.0718334412043,76.0179003727088,589
-7.6926,53.28823,2021/12/25 00:00:00+00,Sat 25 Dec 2021,2,7,0,3689675,3635927,241167,3930842,3877094,77.0718726551298,76.018037621448,590
-7.6926,53.28823,2021/12/26 00:00:00+00,Sun 26 Dec 2021,12,14,0,3689687,3635941,241167,3930854,3877108,77.0721079386827,76.0183121189264,591
-7.6926,53.28823,2021/12/27 00:00:00+00,Mon 27 Dec 2021,393,591,0,3690080,3636532,241167,3931247,3877699,77.079813475042,76.0298998339094,592
-7.6926,53.28823,2021/12/28 00:00:00+00,Tue 28 Dec 2021,469,752,0,3690549,3637284,241167,3931716,3878451,77.08900914057,76.0446442698945,593
-7.6926,53.28823,2021/12/29 00:00:00+00,Wed 29 Dec 2021,1060,1318,0,3691609,3638602,241167,3932776,3879769,77.1097925210809,76.070486246794,594
-7.6926,53.28823,2021/12/30 00:00:00+00,Thu 30 Dec 2021,1050,1206,2,3692659,3639808,241169,3933828,3880977,77.1304190458899,76.0941714577914,595
-7.6926,53.28823,2021/12/31 00:00:00+00,Fri 31 Dec 2021,716,1682,0,3693375,3641490,241169,3934544,3882659,77.1444576312162,76.1271503691305,596
-7.6926,53.28823,2022/01/01 00:00:00+00,Sat 01 Jan 2022,72,101,1,3693447,3641591,241170,3934617,3882761,77.1458889394966,76.1291502793306,597
-7.6926,53.28823,2022/01/02 00:00:00+00,Sun 02 Jan 2022,271,629,0,3693718,3642220,241170,3934888,3883390,77.1512024264009,76.1414830588979,598
-7.6926,53.28823,2022/01/03 00:00:00+00,Mon 03 Jan 2022,3635,731,1,3697353,3642951,241171,3938524,3884122,77.222493342946,76.1558353556282,599
-7.6926,53.28823,2022/01/04 00:00:00+00,Tue 04 Jan 2022,1190,793,1,3698543,3643744,241172,3939715,3884916,77.2458452355767,76.1714032840486,600
-7.6926,53.28823,2022/01/05 00:00:00+00,Wed 05 Jan 2022,2140,918,0,3700683,3644662,241172,3941855,3885834,77.2878041358535,76.1894024758496,601
-7.6926,53.28823,2022/01/06 00:00:00+00,Thu 06 Jan 2022,2454,1700,1,3703137,3646362,241173,3944310,3887535,77.3359392293954,76.2227539194809,602
-7.6926,53.28823,2022/01/07 00:00:00+00,Fri 07 Jan 2022,4856,785,2,3707993,3647147,241175,3949168,3888322,77.4311898544163,76.2381845991621,603
-7.6926,53.28823,2022/01/08 00:00:00+00,Sat 08 Jan 2022,9789,747,2,3717782,3647894,241177,3958959,3889071,77.6231616266642,76.252870214259,604
-7.6926,53.28823,2022/01/09 00:00:00+00,Sun 09 Jan 2022,7117,667,0,3724899,3648561,241177,3966076,3889738,77.7627043805288,76.2659480584107,605
-7.6926,53.28823,2022/01/10 00:00:00+00,Mon 10 Jan 2022,6668,512,1,3731567,3649073,241178,3972745,3890251,77.8934632150831,76.2760064302995,606
-7.6926,53.28823,2022/01/11 00:00:00+00,Tue 11 Jan 2022,4779,1374,1,3736346,3650447,241179,3977525,3891626,77.9871844970098,76.3029660040755,607
-7.6926,53.28823,2022/01/12 00:00:00+00,Wed 12 Jan 2022,7560,929,1,3743906,3651376,241180,3985086,3892556,78.1354327423337,76.3212004794295,608
-7.6926,53.28823,2022/01/13 00:00:00+00,Thu 13 Jan 2022,7323,820,0,3751229,3652196,241180,3992409,3893376,78.279014530524,76.3372781888813,609
-7.6926,53.28823,2022/01/14 00:00:00+00,Fri 14 Jan 2022,10723,840,0,3761952,3653036,241180,4003132,3894216,78.4892599920513,76.3537480375881,610
-7.6926,53.28823,2022/01/15 00:00:00+00,Sat 15 Jan 2022,8362,655,2,3770314,3653691,241182,4011496,3894873,78.6532526284604,76.3666298121124,611
-7.6926,53.28823,2022/01/16 00:00:00+00,Sun 16 Jan 2022,6965,1216,1,3777279,3654907,241183,4018462,3896090,78.7898347309503,76.3904914857745,612
-7.6926,53.28823,2022/01/17 00:00:00+00,Mon 17 Jan 2022,2565,564,0,3779844,3655471,241183,4021027,3896654,78.8401265903943,76.4015498127633,613
-7.6926,53.28823,2022/01/18 00:00:00+00,Tue 18 Jan 2022,4056,456,3,3783900,3655927,241186,4025086,3897113,78.919711252181,76.4105494086638,614
-7.6926,53.28823,2022/01/19 00:00:00+00,Wed 19 Jan 2022,3487,627,0,3787387,3656554,241186,4028573,3897740,78.988080731277,76.4228429743057,615
-7.6926,53.28823,2022/01/20 00:00:00+00,Thu 20 Jan 2022,3699,940,2,3791086,3657494,241188,4032274,3898682,79.0606461004006,76.4413127332126,616
-7.6926,53.28823,2022/01/21 00:00:00+00,Fri 21 Jan 2022,3253,978,0,3794339,3658472,241188,4035527,3899660,79.1244275502139,76.4604883427783,617
-7.6926,53.28823,2022/01/22 00:00:00+00,Sat 22 Jan 2022,4273,645,0,3798612,3659117,241188,4039800,3900305,79.2082081020284,76.4731348337496,618
-7.6926,53.28823,2022/01/23 00:00:00+00,Sun 23 Jan 2022,3094,680,0,3801706,3659797,241188,4042894,3900985,79.268872044765,76.486467568417,619
-7.6926,53.28823,2022/01/24 00:00:00+00,Mon 24 Jan 2022,646,469,0,3802352,3660266,241188,4043540,3901454,79.2815381426991,76.495663233945,620
-7.6926,53.28823,2022/01/25 00:00:00+00,Tue 25 Jan 2022,692,1838,1,3803044,3662104,241189,4044233,3903293,79.2951257678822,76.5317204384352,621
-7.6926,53.28823,2022/01/26 00:00:00+00,Wed 26 Jan 2022,700,898,0,3803744,3663002,241189,4044933,3904191,79.3088506418045,76.5493274909813,622
-7.6926,53.28823,2022/01/27 00:00:00+00,Thu 27 Jan 2022,1279,1180,0,3805023,3664182,241189,4046212,3905371,79.3339279471569,76.5724637070218,623
-7.6926,53.28823,2022/01/28 00:00:00+00,Fri 28 Jan 2022,1033,3096,1,3806056,3667278,241190,4047246,3908468,79.3542015466364,76.6331864706467,624
-7.6926,53.28823,2022/01/29 00:00:00+00,Sat 29 Jan 2022,2330,3446,0,3808386,3670724,241190,4049576,3911914,79.399885769835,76.70075206427,625
-7.6926,53.28823,2022/01/30 00:00:00+00,Sun 30 Jan 2022,1639,7540,0,3810025,3678264,241190,4051215,3919454,79.432021581776,76.8485885633763,626
-7.6926,53.28823,2022/01/31 00:00:00+00,Mon 31 Jan 2022,484,1397,0,3810509,3679661,241190,4051699,3920851,79.4415113517452,76.8759794903327,627
-7.6926,53.28823,2022/02/01 00:00:00+00,Tue 01 Feb 2022,752,3422,1,3811261,3683083,241191,4052452,3924274,79.4562753946931,76.9430941238129,628
-7.6926,53.28823,2022/02/02 00:00:00+00,Wed 02 Feb 2022,652,3000,0,3811913,3686083,241191,4053104,3927274,79.4690591344036,77.0019150120514,629
-7.6926,53.28823,2022/02/03 00:00:00+00,Thu 03 Feb 2022,908,2438,1,3812821,3688521,241192,4054013,3929713,79.4868818635398,77.0497363941894,630
-7.6926,53.28823,2022/02/04 00:00:00+00,Fri 04 Feb 2022,1174,6525,0,3813995,3695046,241192,4055187,3936238,79.5099004378039,77.1776718261082,631
-7.6926,53.28823,2022/02/05 00:00:00+00,Sat 05 Feb 2022,1777,5751,0,3815772,3700797,241192,4056964,3941989,79.5447420106038,77.2904314688615,632
-7.6926,53.28823,2022/02/06 00:00:00+00,Sun 06 Feb 2022,1407,7556,0,3817179,3708353,241192,4058371,3949545,79.5723290071877,77.4385816793717,633
-7.6926,53.28823,2022/02/07 00:00:00+00,Mon 07 Feb 2022,443,1354,0,3817622,3709707,241192,4058814,3950899,79.5810148916843,77.46512950693,634
-7.6926,53.28823,2022/02/08 00:00:00+00,Tue 08 Feb 2022,900,1240,0,3818522,3710947,241192,4059714,3952139,79.5986611581558,77.4894421407352,635
-7.6926,53.28823,2022/02/09 00:00:00+00,Wed 09 Feb 2022,1335,1785,0,3819857,3712732,241192,4061049,3953924,79.624836453422,77.5244405692372,636
-7.6926,53.28823,2022/02/10 00:00:00+00,Thu 10 Feb 2022,688,2555,1,3820545,3715287,241193,4061738,3956480,79.6383456507541,77.5745559660164,637
-7.6926,53.28823,2022/02/11 00:00:00+00,Fri 11 Feb 2022,546,4927,0,3821091,3720214,241193,4062284,3961407,79.6490510524135,77.6711594714669,638
-7.6926,53.28823,2022/02/12 00:00:00+00,Sat 12 Feb 2022,1397,5463,0,3822488,3725677,241193,4063681,3966870,79.67644197937,77.7782723089493,639
-7.6926,53.28823,2022/02/13 00:00:00+00,Sun 13 Feb 2022,1566,4706,0,3824054,3730383,241193,4065247,3971576,79.7071464830305,77.8705426756328,640
-7.6926,53.28823,2022/02/14 00:00:00+00,Mon 14 Feb 2022,175,954,0,3824229,3731337,241193,4065422,3972530,79.7105777015111,77.8892477180927,641
-7.6926,53.28823,2022/02/15 00:00:00+00,Tue 15 Feb 2022,649,820,1,3824878,3732157,241194,4066072,3973351,79.7233222272961,77.9053450345073,642
-7.6926,53.28823,2022/02/16 00:00:00+00,Wed 16 Feb 2022,799,1787,0,3825677,3733944,241194,4066871,3975138,79.7389881905303,77.9403826769347,643
-7.6926,53.28823,2022/02/17 00:00:00+00,Thu 17 Feb 2022,791,1194,2,3826468,3735138,241196,4067664,3976334,79.754536511988,77.9638326043791,644
-7.6926,53.28823,2022/02/18 00:00:00+00,Fri 18 Feb 2022,792,3296,0,3827260,3738434,241196,4068456,3979630,79.770065226483,78.0284571535906,645
-7.6926,53.28823,2022/02/19 00:00:00+00,Sat 19 Feb 2022,980,3557,0,3828240,3741991,241196,4069436,3983187,79.7892800499742,78.0981991200787,646
-7.6926,53.28823,2022/02/20 00:00:00+00,Sun 20 Feb 2022,1365,3588,0,3829605,3745579,241196,4070801,3986775,79.8160435541228,78.168548902412,647
-7.6926,53.28823,2022/02/21 00:00:00+00,Mon 21 Feb 2022,254,997,1,3829859,3746576,241197,4071056,3987773,79.821043329623,78.1881166512327,648
-7.6926,53.28823,2022/02/22 00:00:00+00,Tue 22 Feb 2022,477,989,1,3830336,3747565,241198,4071534,3988763,79.8304154578157,78.2075275443514,649
-7.6926,53.28823,2022/02/23 00:00:00+00,Wed 23 Feb 2022,829,1274,1,3831165,3748839,241199,4072364,3990038,79.846689236895,78.2325264218528,650
-7.6926,53.28823,2022/02/24 00:00:00+00,Thu 24 Feb 2022,653,1237,0,3831818,3750076,241199,4073017,3991275,79.8594925835683,78.2567802347698,651
-7.6926,53.28823,2022/02/25 00:00:00+00,Fri 25 Feb 2022,693,1229,0,3832511,3751305,241199,4073710,3992504,79.8730802087514,78.2808771919849,652
-7.6926,53.28823,2022/02/26 00:00:00+00,Sat 26 Feb 2022,959,2094,0,3833470,3753399,241199,4074669,3994598,79.891883286025,78.3219341719754,653
-7.6926,53.28823,2022/02/27 00:00:00+00,Sun 27 Feb 2022,671,1783,0,3834141,3755182,241199,4075340,3996381,79.9050395580277,78.3568933865519,654
-7.6926,53.28823,2022/02/28 00:00:00+00,Mon 28 Feb 2022,80,437,0,3834221,3755619,241199,4075420,3996818,79.9066081150474,78.3654616292719,655
-7.6926,53.28823,2022/03/01 00:00:00+00,Tue 01 Mar 2022,130,939,1,3834351,3756558,241200,4075551,3997758,79.9091766271671,78.3838921742534,656
-7.6926,53.28823,2022/03/02 00:00:00+00,Wed 02 Mar 2022,207,997,2,3834558,3757555,241202,4075760,3998757,79.9132744823811,78.4034795300368,657
-7.6926,53.28823,2022/03/03 00:00:00+00,Thu 03 Mar 2022,279,1278,0,3834837,3758833,241202,4076039,4000035,79.9187448249873,78.4285372284264,658
-7.6926,53.28823,2022/03/04 00:00:00+00,Fri 04 Mar 2022,735,1509,1,3835572,3760342,241203,4076775,4001545,79.9331755495685,78.4581437421731,659
-7.6926,53.28823,2022/08/11 23:00:00+00,Fri 12 Aug 2022,66,75,0,3859670,3814125,241242,4100912,4055367,80.4064288093731,79.5134296910982,660
-7.6926,53.28823,2022/08/12 23:00:00+00,Sat 13 Aug 2022,101,151,0,3859771,3814276,241242,4101013,4055518,80.4084091126104,79.5163903424729,661
-7.6926,53.28823,2022/08/13 23:00:00+00,Sun 14 Aug 2022,17,26,0,3859788,3814302,241242,4101030,4055544,80.4087424309771,79.5169001235043,662
-7.6926,53.28823,2022/08/14 23:00:00+00,Mon 15 Aug 2022,6,11,0,3859794,3814313,241242,4101036,4055555,80.4088600727536,79.5171158000945,663
-7.6926,53.28823,2022/08/15 23:00:00+00,Tue 16 Aug 2022,41,29,0,3859835,3814342,241242,4101077,4055584,80.4096639582262,79.5176844020141,664
-7.6926,53.28823,2022/08/16 23:00:00+00,Wed 17 Aug 2022,49,58,0,3859884,3814400,241242,4101126,4055642,80.4106246994008,79.5188216058534,665
-7.6926,53.28823,2022/08/17 23:00:00+00,Thu 18 Aug 2022,52,40,0,3859936,3814440,241242,4101178,4055682,80.4116442614636,79.5196058843632,666
-7.6926,53.28823,2022/08/18 23:00:00+00,Fri 19 Aug 2022,69,56,0,3860005,3814496,241242,4101247,4055738,80.412997141893,79.520703874277,667
-7.6926,53.28823,2022/08/19 23:00:00+00,Sat 20 Aug 2022,109,127,0,3860114,3814623,241242,4101356,4055865,80.4151343008324,79.5231939585458,668
-7.6926,53.28823,2022/08/20 23:00:00+00,Sun 21 Aug 2022,39,36,0,3860153,3814659,241242,4101395,4055901,80.4158989723795,79.5238998092047,669
-7.6926,53.28823,2022/08/21 23:00:00+00,Mon 22 Aug 2022,12,13,0,3860165,3814672,241242,4101407,4055914,80.4161342559324,79.5241546997204,670
-7.6926,53.28823,2022/08/22 23:00:00+00,Tue 23 Aug 2022,76,72,0,3860241,3814744,241242,4101483,4055986,80.4176243851011,79.5255664010381,671
-7.6926,53.28823,2022/08/23 23:00:00+00,Wed 24 Aug 2022,53,56,0,3860294,3814800,241242,4101536,4056042,80.4186635541267,79.5266643909519,672
-7.6926,53.28823,2022/08/24 23:00:00+00,Thu 25 Aug 2022,38,49,0,3860332,3814849,241242,4101574,4056091,80.419408618711,79.5276251321264,673
-7.6926,53.28823,2022/08/25 23:00:00+00,Fri 26 Aug 2022,95,90,0,3860427,3814939,241242,4101669,4056181,80.4212712801719,79.5293897587736,674
-7.6926,53.28823,2022/08/26 23:00:00+00,Sat 27 Aug 2022,86,119,0,3860513,3815058,241242,4101755,4056300,80.4229574789681,79.5317229873404,675
-7.6926,53.28823,2022/08/27 23:00:00+00,Sun 28 Aug 2022,44,21,0,3860557,3815079,241242,4101799,4056321,80.4238201853289,79.5321347335581,676
-7.6926,53.28823,2023/03/04 00:00:00+00,Sat 04 Mar 2023,39,25,0,3866032,3820373,241252,4107284,4061625,80.5313643759917,79.6361300639638,677
-7.6926,53.28823,2021/05/17 23:00:00+00,Tue 18 May 2021,39052,12521,127,1706319,666958,1893,1708212,668851,33.492849046582,13.114136639747,678
-7.6926,53.28823,2022/08/28 23:00:00+00,Mon 29 Aug 2022,11,12,0,3860568,3815091,241242,4101810,4056333,80.4240358619191,79.532370017111,679
-7.6926,53.28823,2021/05/18 23:00:00+00,Wed 19 May 2021,37060,17622,212,1743379,684580,2105,1745484,686685,34.2236397620577,13.4638072133624,680
-7.6926,53.28823,2022/08/29 23:00:00+00,Tue 30 Aug 2022,41,44,1,3860609,3815135,241243,4101852,4056378,80.4248593543545,79.5332523304346,681
-7.6926,53.28823,2021/05/19 23:00:00+00,Thu 20 May 2021,39127,19651,138,1782506,704231,2243,1784749,706474,34.9935071542866,13.8518093991466,682
-7.6926,53.28823,2023/03/05 00:00:00+00,Sun 05 Mar 2023,27,19,0,3866059,3820392,241252,4107311,4061644,80.5318937639859,79.636502596256,683
-7.6926,53.28823,2022/08/30 23:00:00+00,Wed 31 Aug 2022,26,29,0,3860635,3815164,241243,4101878,4056407,80.4253691353859,79.5338209323542,684
-7.6926,53.28823,2021/05/20 23:00:00+00,Fri 21 May 2021,25874,23270,14937,1808380,727501,17180,1825560,744681,35.7936869109211,14.60093262479,685
-7.6926,53.28823,2023/03/06 00:00:00+00,Mon 06 Mar 2023,1,1,0,3866060,3820393,241252,4107312,4061645,80.5319133709486,79.6365222032187,686
-7.6926,53.28823,2022/08/31 23:00:00+00,Thu 01 Sep 2022,31,32,0,3860666,3815196,241243,4101909,4056439,80.425976951231,79.5344483551621,687
-7.6926,53.28823,2021/05/21 23:00:00+00,Sat 22 May 2021,16623,10266,13524,1825003,737767,30704,1855707,768471,36.3847780168302,15.0673822685217,688
-7.6926,53.28823,2023/03/07 00:00:00+00,Tue 07 Mar 2023,12,14,0,3866072,3820407,241252,4107324,4061659,80.5321486545016,79.6367967006972,689
-7.6926,53.28823,2022/09/01 23:00:00+00,Fri 02 Sep 2022,47,51,0,3860713,3815247,241243,4101956,4056490,80.4268984784801,79.5354483102621,690
-7.6926,53.28823,2021/05/22 23:00:00+00,Sun 23 May 2021,8241,5543,10206,1833244,743310,40910,1874154,784220,36.7464676586091,15.3761723248113,691
-7.6926,53.28823,2023/03/08 00:00:00+00,Wed 08 Mar 2023,28,27,0,3866100,3820434,241252,4107352,4061686,80.5326976494585,79.6373260886913,692
-7.6926,53.28823,2022/09/02 23:00:00+00,Sat 03 Sep 2022,66,101,0,3860779,3815348,241243,4102022,4056591,80.4281925380213,79.5374286134995,693
-7.6926,53.28823,2021/05/23 23:00:00+00,Mon 24 May 2021,22584,8256,8453,1855828,751566,49363,1905191,800929,37.3550089613623,15.7037850653373,694
-7.6926,53.28823,2023/03/09 00:00:00+00,Thu 09 Mar 2023,14,8,0,3866114,3820442,241252,4107366,4061694,80.5329721469369,79.6374829443933,695
-7.6926,53.28823,2022/09/03 23:00:00+00,Sun 04 Sep 2022,58,82,0,3860837,3815430,241243,4102080,4056673,80.4293297418606,79.5390363844447,696
-7.6926,53.28823,2021/05/24 23:00:00+00,Tue 25 May 2021,30392,16535,3225,1886220,768101,52588,1938808,820689,38.0141362280007,16.0912186492018,697
-7.6926,53.28823,2023/03/10 00:00:00+00,Fri 10 Mar 2023,10,4,0,3866124,3820446,241252,4107376,4061698,80.5331682165644,79.6375613722443,698
-7.6926,53.28823,2022/09/04 23:00:00+00,Mon 05 Sep 2022,10,5,0,3860847,3815435,241243,4102090,4056678,80.4295258114881,79.5391344192584,699
-7.6926,53.28823,2021/05/25 23:00:00+00,Wed 26 May 2021,20012,25493,3056,1906232,793594,55644,1961876,849238,38.4664296446297,16.6509778286426,700
-7.6926,53.28823,2023/03/11 00:00:00+00,Sat 11 Mar 2023,28,23,0,3866152,3820469,241252,4107404,4061721,80.5337172115213,79.6380123323874,701
-7.6926,53.28823,2022/09/05 23:00:00+00,Tue 06 Sep 2022,37,22,0,3860884,3815457,241243,4102127,4056700,80.4302512691097,79.5395657724388,702
-7.6926,53.28823,2021/05/26 23:00:00+00,Thu 27 May 2021,17053,36073,550,1923285,829667,56194,1979479,885861,38.8115710098507,17.369043625296,703
-7.6926,53.28823,2023/03/12 00:00:00+00,Sun 12 Mar 2023,15,14,0,3866167,3820483,241252,4107419,4061735,80.5340113159625,79.6382868298659,704
-7.6926,53.28823,2022/09/06 23:00:00+00,Wed 07 Sep 2022,39,42,0,3860923,3815499,241243,4102166,4056742,80.4310159406568,79.5403892648742,705
-7.6926,53.28823,2021/05/27 23:00:00+00,Fri 28 May 2021,27077,31852,1562,1950362,861519,57756,2008118,919275,39.3730948159387,18.024190678497,706
-7.6926,53.28823,2023/03/13 00:00:00+00,Mon 13 Mar 2023,2,0,0,3866169,3820483,241252,4107421,4061735,80.534050529888,79.6382868298659,707
-7.6926,53.28823,2022/09/07 23:00:00+00,Thu 08 Sep 2022,31,52,2,3860954,3815551,241245,4102199,4056796,80.4316629704274,79.5414480408625,708
-7.6926,53.28823,2021/05/28 23:00:00+00,Sat 29 May 2021,24518,7408,538,1974880,868927,58294,2033174,927221,39.864366874507,18.1799876044781,709
-7.6926,53.28823,2023/03/14 00:00:00+00,Tue 14 Mar 2023,11,17,0,3866180,3820500,241252,4107432,4061752,80.5342662064782,79.6386201482326,710
-7.6926,53.28823,2022/09/08 23:00:00+00,Fri 09 Sep 2022,59,60,0,3861013,3815611,241245,4102258,4056856,80.4328197812294,79.5426244586273,711
-7.6926,53.28823,2021/05/29 23:00:00+00,Sun 30 May 2021,24279,1697,210,1999159,870624,58504,2057663,929128,40.3445217851983,18.2173780824351,712
-7.6926,53.28823,2023/03/15 00:00:00+00,Wed 15 Mar 2023,29,24,0,3866209,3820524,241252,4107461,4061776,80.5348348083978,79.6390907153385,713
-7.6926,53.28823,2022/09/09 23:00:00+00,Sat 10 Sep 2022,94,135,0,3861107,3815746,241245,4102352,4056991,80.4346628357276,79.545271398598,714
-7.6926,53.28823,2021/05/30 23:00:00+00,Mon 31 May 2021,22629,7326,3445,2021788,877950,61949,2083737,939899,40.8557537318422,18.4285646781743,715
-7.6926,53.28823,2023/03/16 00:00:00+00,Thu 16 Mar 2023,10,17,0,3866219,3820541,241252,4107471,4061793,80.5350308780253,79.6394240337052,716
-7.6926,53.28823,2022/09/10 23:00:00+00,Sun 11 Sep 2022,58,58,0,3861165,3815804,241245,4102410,4057049,80.4358000395669,79.5464086024373,717
-7.6926,53.28823,2021/05/31 23:00:00+00,Tue 01 Jun 2021,27659,11544,3657,2049447,889494,65606,2115053,955100,41.4697653772017,18.726610118879,718
-7.6926,53.28823,2023/03/18 00:00:00+00,Sat 18 Mar 2023,20,45,0,3866239,3820586,241252,4107491,4061838,80.5354230172802,79.6403063470287,719
-7.6926,53.28823,2022/09/11 23:00:00+00,Mon 12 Sep 2022,11,13,0,3861176,3815817,241245,4102421,4057062,80.4360157161571,79.546663492953,720
-7.6926,53.28823,2021/06/01 23:00:00+00,Wed 02 Jun 2021,18740,20927,4010,2068187,910421,69616,2137803,980037,41.9158237796773,19.2155489488805,721
-7.6926,53.28823,2023/03/19 00:00:00+00,Sun 19 Mar 2023,13,38,0,3866252,3820624,241252,4107504,4061876,80.5356779077959,79.6410514116131,722
-7.6926,53.28823,2022/09/12 23:00:00+00,Tue 13 Sep 2022,25,25,0,3861201,3815842,241245,4102446,4057087,80.4365058902257,79.5471536670216,723
-7.6926,53.28823,2021/06/02 23:00:00+00,Thu 03 Jun 2021,16733,30722,1978,2084920,941143,71594,2156514,1012737,42.2826896596212,19.8566966306807,724
-7.6926,53.28823,2023/03/20 00:00:00+00,Mon 20 Mar 2023,8,3,0,3866260,3820627,241252,4107512,4061879,80.5358347634979,79.6411102325013,725
-7.6926,53.28823,2022/09/13 23:00:00+00,Wed 14 Sep 2022,32,32,0,3861233,3815874,241245,4102478,4057119,80.4371333130336,79.5477810898295,726
-7.6926,53.28823,2023/03/21 00:00:00+00,Tue 21 Mar 2023,25,24,0,3866285,3820651,241252,4107537,4061903,80.5363249375665,79.6415807996072,727
-7.6926,53.28823,2021/06/03 23:00:00+00,Fri 04 Jun 2021,29037,23360,155,2113957,964503,71749,2185706,1036252,42.8550561161077,20.3177543596572,728
-7.6926,53.28823,2022/09/14 23:00:00+00,Thu 15 Sep 2022,32,36,0,3861265,3815910,241245,4102510,4057155,80.4377607358415,79.5484869404884,729
-7.6926,53.28823,2021/06/04 23:00:00+00,Sat 05 Jun 2021,20998,11514,37,2134955,976017,71786,2206741,1047803,43.2674885774737,20.5442343863383,730
-7.6926,53.28823,2023/03/22 00:00:00+00,Wed 22 Mar 2023,12,17,0,3866297,3820668,241252,4107549,4061920,80.5365602211195,79.6419141179739,731
-7.6926,53.28823,2022/09/15 23:00:00+00,Fri 16 Sep 2022,36,56,0,3861301,3815966,241245,4102546,4057211,80.4384665865003,79.5495849304021,732
-7.6926,53.28823,2021/06/05 23:00:00+00,Sun 06 Jun 2021,19979,3927,47,2154934,979944,71833,2226767,1051777,43.6601376134287,20.6221524562917,733
-7.6926,53.28823,2023/03/23 00:00:00+00,Thu 23 Mar 2023,9,15,0,3866306,3820683,241252,4107558,4061935,80.5367366837842,79.6422082224151,734
-7.6926,53.28823,2022/09/16 23:00:00+00,Sat 17 Sep 2022,64,149,0,3861365,3816115,241245,4102610,4057360,80.4397214321161,79.5525063678513,735
-7.6926,53.28823,2021/06/06 23:00:00+00,Mon 07 Jun 2021,19863,4617,48,2174797,984561,71881,2246678,1056442,44.050531848668,20.7136189375026,736
-7.6926,53.28823,2023/03/24 00:00:00+00,Fri 24 Mar 2023,10,9,0,3866316,3820692,241252,4107568,4061944,80.5369327534117,79.6423846850798,737
-7.6926,53.28823,2022/09/17 23:00:00+00,Sun 18 Sep 2022,30,54,0,3861395,3816169,241245,4102640,4057414,80.4403096409985,79.5535651438396,738
-7.6926,53.28823,2021/06/07 23:00:00+00,Tue 08 Jun 2021,26454,18361,48,2201251,1002922,71929,2273180,1074851,44.5701555753673,21.0745635146971,739
-7.6926,53.28823,2023/03/25 00:00:00+00,Sat 25 Mar 2023,20,44,0,3866336,3820736,241252,4107588,4061988,80.5373248926666,79.6432473914407,740
-7.6926,53.28823,2022/09/18 23:00:00+00,Mon 19 Sep 2022,9,11,0,3861404,3816180,241245,4102649,4057425,80.4404861036632,79.5537808204298,741
-7.6926,53.28823,2021/06/08 23:00:00+00,Wed 09 Jun 2021,32856,20143,178,2234107,1023065,72107,2306214,1095172,45.2178519827247,21.4729966046623,742
-7.6926,53.28823,2023/03/26 00:00:00+00,Sun 26 Mar 2023,19,44,0,3866355,3820780,241252,4107607,4062032,80.5376974249588,79.6441100978015,743
-7.6926,53.28823,2022/09/19 23:00:00+00,Tue 20 Sep 2022,35,37,0,3861439,3816217,241245,4102684,4057462,80.4411723473593,79.5545062780514,744
-7.6926,53.28823,2021/06/09 23:00:00+00,Thu 10 Jun 2021,27739,27519,273,2261846,1050584,72380,2334226,1122964,45.7670822231708,22.0179133133042,745
-7.6926,53.28823,2023/03/27 23:00:00+00,Tue 28 Mar 2023,13,25,0,3866368,3820805,241252,4107620,4062057,80.5379523154745,79.6446002718701,746
-7.6926,53.28823,2022/09/20 23:00:00+00,Wed 21 Sep 2022,38,32,0,3861477,3816249,241245,4102722,4057494,80.4419174119437,79.5551337008593,747
-7.6926,53.28823,2021/06/10 23:00:00+00,Fri 11 Jun 2021,26491,32924,44,2288337,1083508,72424,2360761,1155932,46.2873529796407,22.6643156611203,748
-7.6926,53.28823,2023/03/28 23:00:00+00,Wed 29 Mar 2023,12,21,0,3866380,3820826,241252,4107632,4062078,80.5381875990274,79.6450120180878,749
-7.6926,53.28823,2022/09/21 23:00:00+00,Thu 22 Sep 2022,37,35,0,3861514,3816284,241245,4102759,4057529,80.4426428695653,79.5558199445554,750
-7.6926,53.28823,2021/06/11 23:00:00+00,Sat 12 Jun 2021,12245,19745,105,2300582,1103253,72529,2373111,1175782,46.5294989695561,23.053513871632,751
-7.6926,53.28823,2023/03/29 23:00:00+00,Thu 30 Mar 2023,7,15,1,3866387,3820841,241253,4107640,4062094,80.5383444547294,79.6453257294918,752
-7.6926,53.28823,2022/09/22 23:00:00+00,Fri 23 Sep 2022,35,40,0,3861549,3816324,241245,4102794,4057569,80.4433291132614,79.5566042230653,753
-7.6926,53.28823,2021/06/12 23:00:00+00,Sun 13 Jun 2021,8568,18190,835,2309150,1121443,73364,2382514,1194807,46.7138632402584,23.4265363378782,754
-7.6926,53.28823,2023/03/30 23:00:00+00,Fri 31 Mar 2023,10,11,0,3866397,3820852,241253,4107650,4062105,80.5385405243568,79.645541406082,755
-7.6926,53.28823,2022/09/23 23:00:00+00,Sat 24 Sep 2022,54,104,0,3861603,3816428,241245,4102848,4057673,80.4443878892497,79.5586433471909,756
-7.6926,53.28823,2021/06/13 23:00:00+00,Mon 14 Jun 2021,16056,31332,56,2325206,1152775,73420,2398626,1226195,47.0297706240249,24.0419596845553,757
-7.6926,53.28823,2023/03/31 23:00:00+00,Sat 01 Apr 2023,32,31,0,3866429,3820883,241253,4107682,4062136,80.5391679471647,79.6461492219271,758
-7.6926,53.28823,2022/09/24 23:00:00+00,Sun 25 Sep 2022,42,75,0,3861645,3816503,241245,4102890,4057748,80.445211381685,79.5601138693968,759
-7.6926,53.28823,2021/06/14 23:00:00+00,Tue 15 Jun 2021,14750,41611,207,2339956,1194386,73627,2413583,1268013,47.3230319658196,24.8618836526752,760
-7.6926,53.28823,2023/04/01 23:00:00+00,Sun 02 Apr 2023,28,23,0,3866457,3820906,241253,4107710,4062159,80.5397169421216,79.6466001820703,761
-7.6926,53.28823,2022/09/25 23:00:00+00,Mon 26 Sep 2022,20,10,0,3861665,3816513,241245,4102910,4057758,80.4456035209399,79.5603099390243,762
-7.6926,53.28823,2021/06/15 23:00:00+00,Wed 16 Jun 2021,13516,48415,220,2353472,1242801,73847,2427319,1316648,47.5923532061011,25.8154682858358,763
-7.6926,53.28823,2023/04/02 23:00:00+00,Mon 03 Apr 2023,1,0,0,3866458,3820906,241253,4107711,4062159,80.5397365490844,79.6466001820703,764
-7.6926,53.28823,2022/09/26 23:00:00+00,Tue 27 Sep 2022,24,33,2,3861689,3816546,241247,4102936,4057793,80.4461133019714,79.5609961827204,765
-7.6926,53.28823,2021/06/16 23:00:00+00,Thu 17 Jun 2021,21610,42715,536,2375082,1285516,74383,2449465,1359899,48.0265690030781,26.6634890315709,766
-7.6926,53.28823,2023/04/03 23:00:00+00,Tue 04 Apr 2023,23,23,0,3866481,3820929,241253,4107734,4062182,80.5401875092275,79.6470511422134,767
-7.6926,53.28823,2022/09/27 23:00:00+00,Wed 28 Sep 2022,27,29,0,3861716,3816575,241247,4102963,4057822,80.4466426899655,79.5615647846401,768
-7.6926,53.28823,2021/06/17 23:00:00+00,Fri 18 Jun 2021,12041,50051,556,2387123,1335567,74939,2462062,1410506,48.2735579127918,27.655738595267,769
-7.6926,53.28823,2023/04/04 23:00:00+00,Wed 05 Apr 2023,7,26,0,3866488,3820955,241253,4107741,4062208,80.5403247579668,79.6475609232448,770
-7.6926,53.28823,2022/09/28 23:00:00+00,Thu 29 Sep 2022,21,23,0,3861737,3816598,241247,4102984,4057845,80.4470544361832,79.5620157447832,771
-7.6926,53.28823,2021/06/18 23:00:00+00,Sat 19 Jun 2021,6351,32830,434,2393474,1368397,75373,2468847,1443770,48.4065911550246,28.307944604056,772
-7.6926,53.28823,2021/06/19 23:00:00+00,Sun 20 Jun 2021,8543,26160,178,2402017,1394557,75551,2477568,1470108,48.5775834771341,28.824352788865,773
-7.6926,53.28823,2021/06/20 23:00:00+00,Mon 21 Jun 2021,15523,32371,575,2417540,1426928,76126,2493666,1503054,48.8932163634221,29.4703237835007,774
-7.6926,53.28823,2021/06/21 23:00:00+00,Tue 22 Jun 2021,15176,43582,723,2432716,1470510,76849,2509565,1547359,49.2049474641237,30.3390102679703,775
-7.6926,53.28823,2021/06/22 23:00:00+00,Wed 23 Jun 2021,20110,39420,887,2452826,1509930,77736,2530562,1587666,49.6166348609053,31.1293081153807,776
-7.6926,53.28823,2021/06/23 23:00:00+00,Thu 24 Jun 2021,19057,44291,1033,2471883,1554221,78769,2550652,1632990,50.0105387424761,32.0179740948887,777
-7.6926,53.28823,2021/06/24 23:00:00+00,Fri 25 Jun 2021,15241,50145,844,2487124,1604366,79613,2566737,1683979,50.3259167382484,33.0177135183538,778
-7.6926,53.28823,2021/06/25 23:00:00+00,Sat 26 Jun 2021,9096,30600,513,2496220,1634966,80126,2576346,1715092,50.5143200432765,33.6277449502758,779
-7.6926,53.28823,2021/06/26 23:00:00+00,Sun 27 Jun 2021,8752,30498,60,2504972,1665464,80186,2585158,1745650,50.6870965989959,34.2268945178736,780
-7.6926,53.28823,2021/06/27 23:00:00+00,Mon 28 Jun 2021,24263,24688,528,2529235,1690152,80714,2609949,1770866,51.1731728124365,34.7213036904813,781
-7.6926,53.28823,2021/06/28 23:00:00+00,Tue 29 Jun 2021,28169,31076,813,2557404,1721228,81527,2638931,1802755,51.7414218067463,35.3465501254944,782
-7.6926,53.28823,2021/06/29 23:00:00+00,Wed 30 Jun 2021,22618,36914,593,2580022,1758142,82120,2662142,1840262,52.196519019048,36.0819484772154,783
-7.6926,53.28823,2021/06/30 23:00:00+00,Thu 01 Jul 2021,15085,48349,644,2595107,1806491,82764,2677871,1889255,52.5049169360827,37.0425524030392,784
-7.6926,53.28823,2021/07/01 23:00:00+00,Fri 02 Jul 2021,13719,47313,819,2608826,1853804,83583,2692409,1937387,52.7899629604867,37.9862747339384,785
-7.6926,53.28823,2021/07/02 23:00:00+00,Sat 03 Jul 2021,9339,30507,507,2618165,1884311,84090,2702255,1968401,52.9830131156856,38.5943650765485,786
-7.6926,53.28823,2021/07/03 23:00:00+00,Sun 04 Jul 2021,6470,27799,233,2624635,1912110,84323,2708958,1996433,53.1144385869733,39.1439874562495,787
-7.6926,53.28823,2021/07/04 23:00:00+00,Mon 05 Jul 2021,15656,33502,5344,2640291,1945612,89667,2729958,2035279,53.5261848046431,39.9056395310877,788
-7.6926,53.28823,2021/07/05 23:00:00+00,Tue 06 Jul 2021,12430,48325,5491,2652721,1993937,95158,2747879,2089095,53.8775611840174,40.9608078382363,789
-7.6926,53.28823,2021/07/06 23:00:00+00,Wed 07 Jul 2021,19732,43799,5061,2672453,2037736,100219,2772672,2137955,54.3636766113835,41.9188040380148,790
-7.6926,53.28823,2021/07/07 23:00:00+00,Thu 08 Jul 2021,17817,45634,6004,2690270,2083370,106223,2796493,2189593,54.8307340709603,42.9312683803021,791
-7.6926,53.28823,2021/07/08 23:00:00+00,Fri 09 Jul 2021,13543,45127,6534,2703813,2128497,112757,2816570,2241254,55.2243830620154,43.9441836827327,792
-7.6926,53.28823,2021/07/09 23:00:00+00,Sat 10 Jul 2021,8666,23903,4365,2712479,2152400,117122,2829601,2269522,55.479881393561,44.4984333056418,793
-7.6926,53.28823,2021/07/10 23:00:00+00,Sun 11 Jul 2021,15251,16137,2153,2727730,2168537,119275,2847005,2287812,55.8211209731955,44.8570446542694,794
-7.6926,53.28823,2021/07/11 23:00:00+00,Mon 12 Jul 2021,17142,31795,6096,2744872,2200332,125371,2870243,2325703,56.2767475734913,45.599972079685,795
-7.6926,53.28823,2021/07/12 23:00:00+00,Tue 13 Jul 2021,20128,36605,8490,2765000,2236937,133861,2898861,2370798,56.8378596333616,46.4841480647242,796
-7.6926,53.28823,2021/07/13 23:00:00+00,Wed 14 Jul 2021,20813,35748,9335,2785813,2272685,143196,2929009,2415881,57.4289703462335,47.3680887662103,797
-7.6926,53.28823,2021/07/14 23:00:00+00,Thu 15 Jul 2021,23684,28878,9587,2809497,2301563,152783,2962280,2454346,58.0813136037617,48.1222705882422,798
-7.6926,53.28823,2021/07/15 23:00:00+00,Fri 16 Jul 2021,23538,27461,9168,2833035,2329024,161951,2994986,2490975,58.7225789273384,48.8404540266721,799
-7.6926,53.28823,2021/07/16 23:00:00+00,Sat 17 Jul 2021,11529,19459,4683,2844564,2348483,166634,3011198,2515117,59.0404470073795,49.3138053212905,800
-7.6926,53.28823,2021/07/17 23:00:00+00,Sun 18 Jul 2021,16879,15845,1934,2861443,2364328,168568,3030011,2532896,59.4093127975234,49.6623975119549,801
-7.6926,53.28823,2021/07/18 23:00:00+00,Mon 19 Jul 2021,24929,18476,6254,2886372,2382804,174822,3061194,2557626,60.0207167168376,50.1472777006679,802
-7.6926,53.28823,2021/07/19 23:00:00+00,Tue 20 Jul 2021,30621,18218,7700,2916993,2401022,182522,3099515,2583544,60.7720751362341,50.6554509611235,803
-7.6926,53.28823,2021/07/20 23:00:00+00,Wed 21 Jul 2021,30389,19870,6895,2947382,2420892,189417,3136799,2610309,61.5031011352628,51.1802313190251,804
-7.6926,53.28823,2021/07/21 23:00:00+00,Thu 22 Jul 2021,33570,15958,6939,2980952,2436850,196356,3177308,2633206,62.2973595891479,51.6291719450244,805
-7.6926,53.28823,2021/07/22 23:00:00+00,Fri 23 Jul 2021,27112,20876,5616,3008064,2457726,201972,3210036,2659698,62.9390562659049,52.1485996020963,806
-7.6926,53.28823,2021/07/23 23:00:00+00,Sat 24 Jul 2021,15462,14836,2277,3023526,2472562,204249,3227775,2676811,63.2868641780595,52.4841335555717,807
-7.6926,53.28823,2021/07/24 23:00:00+00,Sun 25 Jul 2021,14748,13664,1046,3038274,2486226,205295,3243569,2691521,63.5965365476727,52.7725519775681,808
-7.6926,53.28823,2021/07/25 23:00:00+00,Mon 26 Jul 2021,23873,18348,3424,3062147,2504574,208719,3270866,2713293,64.1317478097552,53.1994347704779,809
-7.6926,53.28823,2021/07/26 23:00:00+00,Tue 27 Jul 2021,25543,23943,3672,3087690,2528517,212391,3300081,2740908,64.7045652263849,53.7408810467138,810
-7.6926,53.28823,2021/07/27 23:00:00+00,Wed 28 Jul 2021,23462,25332,3265,3111152,2553849,215656,3326808,2769505,65.2286005197022,54.3015813603664,811
-7.6926,53.28823,2021/07/28 23:00:00+00,Thu 29 Jul 2021,19308,27903,2966,3130460,2581752,218622,3349082,2800374,65.6653260079106,54.9068286933783,812
-7.6926,53.28823,2021/07/29 23:00:00+00,Fri 30 Jul 2021,21983,22984,2125,3152443,2604736,220747,3373190,2825483,66.1380106657956,55.3991399209722,813
-7.6926,53.28823,2021/07/30 23:00:00+00,Sat 31 Jul 2021,13773,12517,907,3166216,2617253,221654,3387870,2838907,66.4258408789096,55.6623437888769,814
-7.6926,53.28823,2022/09/29 23:00:00+00,Fri 30 Sep 2022,33,59,0,3861770,3816657,241247,4103017,4057904,80.4477014659538,79.5631725555853,815
-7.6926,53.28823,2022/09/30 23:00:00+00,Sat 01 Oct 2022,49,106,0,3861819,3816763,241247,4103066,4058010,80.4486622071284,79.5652508936363,816
-7.6926,53.28823,2022/10/01 23:00:00+00,Sun 02 Oct 2022,26,47,0,3861845,3816810,241247,4103092,4058057,80.4491719881597,79.5661724208854,817
-7.6926,53.28823,2022/10/02 23:00:00+00,Mon 03 Oct 2022,8,1,0,3861853,3816811,241247,4103100,4058058,80.4493288438617,79.5661920278482,818
-7.6926,53.28823,2022/10/03 23:00:00+00,Tue 04 Oct 2022,14,17,0,3861867,3816828,241247,4103114,4058075,80.4496033413402,79.5665253462148,819
-7.6926,53.28823,2022/10/04 23:00:00+00,Wed 05 Oct 2022,32,37,0,3861899,3816865,241247,4103146,4058112,80.450230764148,79.5672508038365,820
-7.6926,53.28823,2022/10/05 23:00:00+00,Thu 06 Oct 2022,37,28,0,3861936,3816893,241247,4103183,4058140,80.4509562217697,79.5677997987933,821
-7.6926,53.28823,2023/04/05 23:00:00+00,Thu 06 Apr 2023,17,22,0,3866505,3820977,241253,4107758,4062230,80.5406580763334,79.6479922764252,822
-7.6926,53.28823,2023/04/06 23:00:00+00,Fri 07 Apr 2023,8,10,0,3866513,3820987,241253,4107766,4062240,80.5408149320354,79.6481883460527,823
-7.6926,53.28823,2023/04/07 23:00:00+00,Sat 08 Apr 2023,11,19,0,3866524,3821006,241253,4107777,4062259,80.5410306086256,79.6485608783449,824
-7.6926,53.28823,2023/04/08 23:00:00+00,Sun 09 Apr 2023,1,3,0,3866525,3821009,241253,4107778,4062262,80.5410502155884,79.6486196992331,825
-7.6926,53.28823,2023/04/10 23:00:00+00,Tue 11 Apr 2023,11,15,0,3866536,3821024,241253,4107789,4062277,80.5412658921786,79.6489138036743,826
-7.6926,53.28823,2023/04/11 23:00:00+00,Wed 12 Apr 2023,6,12,0,3866542,3821036,241253,4107795,4062289,80.541383533955,79.6491490872273,827
-7.6926,53.28823,2023/04/12 23:00:00+00,Thu 13 Apr 2023,11,17,0,3866553,3821053,241253,4107806,4062306,80.5415992105453,79.6494824055939,828
-7.6926,53.28823,2023/04/13 23:00:00+00,Fri 14 Apr 2023,6,7,0,3866559,3821060,241253,4107812,4062313,80.5417168523217,79.6496196543332,829
-7.6926,53.28823,2023/04/14 23:00:00+00,Sat 15 Apr 2023,21,32,0,3866580,3821092,241253,4107833,4062345,80.5421285985394,79.650247077141,830
-7.6926,53.28823,2023/04/15 23:00:00+00,Sun 16 Apr 2023,28,31,0,3866608,3821123,241253,4107861,4062376,80.5426775934963,79.6508548929862,831
-7.6926,53.28823,2023/04/16 23:00:00+00,Mon 17 Apr 2023,3,0,0,3866611,3821123,241253,4107864,4062376,80.5427364143845,79.6508548929862,832
-7.6926,53.28823,2023/04/17 23:00:00+00,Tue 18 Apr 2023,10,11,0,3866621,3821134,241253,4107874,4062387,80.542932484012,79.6510705695764,833
-7.6926,53.28823,2023/04/18 23:00:00+00,Wed 19 Apr 2023,14,20,0,3866635,3821154,241253,4107888,4062407,80.5432069814904,79.6514627088313,834
-7.6926,53.28823,2023/04/19 23:00:00+00,Thu 20 Apr 2023,3,6,0,3866638,3821160,241253,4107891,4062413,80.5432658023787,79.6515803506078,835
-7.6926,53.28823,2023/04/20 23:00:00+00,Fri 21 Apr 2023,4,9,0,3866642,3821169,241253,4107895,4062422,80.5433442302297,79.6517568132725,836
-7.6926,53.28823,2023/04/21 23:00:00+00,Sat 22 Apr 2023,17,25,0,3866659,3821194,241253,4107912,4062447,80.5436775485963,79.6522469873412,837
-7.6926,53.28823,2023/04/22 23:00:00+00,Sun 23 Apr 2023,11,16,0,3866670,3821210,241253,4107923,4062463,80.5438932251866,79.6525606987451,838
-7.6926,53.28823,2023/04/25 23:00:00+00,Wed 26 Apr 2023,15,12,0,3866685,3821222,241253,4107938,4062475,80.5441873296277,79.6527959822981,839
-7.6926,53.28823,2023/04/26 23:00:00+00,Thu 27 Apr 2023,9,8,0,3866694,3821230,241253,4107947,4062483,80.5443637922925,79.652952838,840
-7.6926,53.28823,2023/04/27 23:00:00+00,Fri 28 Apr 2023,13,16,0,3866707,3821246,241253,4107960,4062499,80.5446186828082,79.653266549404,841
-7.6926,53.28823,2023/04/28 23:00:00+00,Sat 29 Apr 2023,13,9,0,3866720,3821255,241253,4107973,4062508,80.5448735733239,79.6534430120687,842
-7.6926,53.28823,2023/04/29 23:00:00+00,Sun 30 Apr 2023,6,11,0,3866726,3821266,241253,4107979,4062519,80.5449912151003,79.6536586886589,843
-7.6926,53.28823,2023/05/01 23:00:00+00,Tue 02 May 2023,6,13,0,3866732,3821279,241253,4107985,4062532,80.5451088568768,79.6539135791746,844
-7.6926,53.28823,2023/05/02 23:00:00+00,Wed 03 May 2023,2,11,0,3866734,3821290,241253,4107987,4062543,80.5451480708023,79.6541292557648,845
-7.6926,53.28823,2023/05/03 23:00:00+00,Thu 04 May 2023,6,1,0,3866740,3821291,241253,4107993,4062544,80.5452657125788,79.6541488627275,846
-7.6926,53.28823,2023/05/04 23:00:00+00,Fri 05 May 2023,1,2,0,3866741,3821293,241253,4107994,4062546,80.5452853195415,79.654188076653,847
-7.6926,53.28823,2023/05/05 23:00:00+00,Sat 06 May 2023,10,19,0,3866751,3821312,241253,4108004,4062565,80.545481389169,79.6545606089452,848
-7.6926,53.28823,2023/05/06 23:00:00+00,Sun 07 May 2023,15,19,0,3866766,3821331,241253,4108019,4062584,80.5457754936102,79.6549331412374,849
-7.6926,53.28823,2023/05/07 23:00:00+00,Mon 08 May 2023,1,1,0,3866767,3821332,241253,4108020,4062585,80.5457951005729,79.6549527482001,850
-7.6926,53.28823,2023/05/08 23:00:00+00,Tue 09 May 2023,6,5,0,3866773,3821337,241253,4108026,4062590,80.5459127423494,79.6550507830139,851
-7.6926,53.28823,2023/05/09 23:00:00+00,Wed 10 May 2023,7,6,0,3866780,3821343,241253,4108033,4062596,80.5460499910886,79.6551684247903,852
-7.6926,53.28823,2023/05/10 23:00:00+00,Thu 11 May 2023,7,8,0,3866787,3821351,241253,4108040,4062604,80.5461872398279,79.6553252804923,853
-7.6926,53.28823,2023/05/11 23:00:00+00,Fri 12 May 2023,1,1,0,3866788,3821352,241253,4108041,4062605,80.5462068467906,79.655344887455,854
-7.6926,53.28823,2023/05/12 23:00:00+00,Sat 13 May 2023,6,5,0,3866794,3821357,241253,4108047,4062610,80.5463244885671,79.6554429222688,855
-7.6926,53.28823,2023/05/13 23:00:00+00,Sun 14 May 2023,11,13,0,3866805,3821370,241253,4108058,4062623,80.5465401651573,79.6556978127845,856
-7.6926,53.28823,2023/05/14 23:00:00+00,Mon 15 May 2023,1,2,0,3866806,3821372,241253,4108059,4062625,80.54655977212,79.65573702671,857
-7.6926,53.28823,2023/05/15 23:00:00+00,Tue 16 May 2023,2,3,0,3866808,3821375,241253,4108061,4062628,80.5465989860455,79.6557958475982,858
-7.6926,53.28823,2023/05/16 23:00:00+00,Wed 17 May 2023,1,3,0,3866809,3821378,241253,4108062,4062631,80.5466185930083,79.6558546684865,859
