X,Y,VaccinationDate,VaccineText,Dose1,Dose2,SingleDose,Dose1Cum,Dose2Cum,SingleDoseCum,PartiallyVacc,FullyVacc,PartialPercent,FullyPercent,ObjectId
-7.6926,53.28823,2020/12/28 00:00:00+00,Mon 28 Dec 2020,219,17,0,219,17,0,219,17,0.00465076078164211,0.000361017960218794,1
-7.6926,53.28823,2020/12/29 00:00:00+00,Tue 29 Dec 2020,75,2,0,294,19,0,294,19,0.00624348707672502,0.000403490661421005,2
-7.6926,53.28823,2020/12/30 00:00:00+00,Wed 30 Dec 2020,1057,1,0,1351,20,0,1351,20,0.0286903096620936,0.00042472701202211,3
-7.6926,53.28823,2020/12/31 00:00:00+00,Thu 31 Dec 2020,1033,1,0,2384,21,0,2384,21,0.0506274598330356,0.000445963362623216,4
-7.6926,53.28823,2021/01/01 00:00:00+00,Fri 01 Jan 2021,815,0,2,3199,21,2,3201,23,0.0679775582741388,0.000488436063825427,5
-7.6926,53.28823,2021/01/02 00:00:00+00,Sat 02 Jan 2021,1016,0,0,4215,21,2,4217,23,0.089553690484862,0.000488436063825427,6
-7.6926,53.28823,2021/01/03 00:00:00+00,Sun 03 Jan 2021,21,2,1,4236,23,3,4239,26,0.0900208901980863,0.000552145115628744,7
-7.6926,53.28823,2021/01/04 00:00:00+00,Mon 04 Jan 2021,1187,3,0,5423,26,3,5426,29,0.115228438361599,0.00061585416743206,8
-7.6926,53.28823,2021/01/05 00:00:00+00,Tue 05 Jan 2021,3528,10,0,8951,36,3,8954,39,0.190150283282299,0.000828217673443115,9
-7.6926,53.28823,2021/01/06 00:00:00+00,Wed 06 Jan 2021,6777,10,0,15728,46,3,15731,49,0.334069031305991,0.00104058117945417,10
-7.6926,53.28823,2021/01/07 00:00:00+00,Thu 07 Jan 2021,11723,8,0,27451,54,3,27454,57,0.583022769402751,0.00121047198426301,11
-7.6926,53.28823,2021/01/08 00:00:00+00,Fri 08 Jan 2021,12676,5,0,40127,59,3,40130,62,0.852214749622365,0.00131665373726854,12
-7.6926,53.28823,2021/01/09 00:00:00+00,Sat 09 Jan 2021,8074,7,0,48201,66,3,48204,69,1.02367704437569,0.00146530819147628,13
-7.6926,53.28823,2021/01/10 00:00:00+00,Sun 10 Jan 2021,4780,4,1,52981,70,4,52985,74,1.12520803659958,0.00157148994448181,14
-7.6926,53.28823,2021/01/11 00:00:00+00,Mon 11 Jan 2021,8340,6,0,61321,76,4,61325,80,1.3023192006128,0.00169890804808844,15
-7.6926,53.28823,2021/01/12 00:00:00+00,Tue 12 Jan 2021,8879,10,0,70200,86,4,70204,90,1.49087675760001,0.0019112715540995,16
-7.6926,53.28823,2021/01/13 00:00:00+00,Wed 13 Jan 2021,9878,5,0,80078,91,4,80082,95,1.70064942883773,0.00201745330710502,17
-7.6926,53.28823,2021/01/14 00:00:00+00,Thu 14 Jan 2021,8081,4,0,88159,95,4,88163,99,1.87226037804527,0.00210239870950945,18
-7.6926,53.28823,2021/01/15 00:00:00+00,Fri 15 Jan 2021,7690,2,0,95849,97,4,95853,101,2.03556791416777,0.00214487141071166,19
-7.6926,53.28823,2021/01/16 00:00:00+00,Sat 16 Jan 2021,5231,3,0,101080,100,4,101084,104,2.14665526416215,0.00220858046251497,20
-7.6926,53.28823,2021/01/17 00:00:00+00,Sun 17 Jan 2021,1111,4,0,102191,104,4,102195,108,2.17024884967998,0.0022935258649194,21
-7.6926,53.28823,2021/01/18 00:00:00+00,Mon 18 Jan 2021,8712,8,1,110903,112,5,110908,117,2.35528117246741,0.00248465302032935,22
-7.6926,53.28823,2021/01/19 00:00:00+00,Tue 19 Jan 2021,8376,19,0,119279,131,5,119284,136,2.53315684510227,0.00288814368175035,23
-7.6926,53.28823,2021/01/20 00:00:00+00,Wed 20 Jan 2021,8445,962,1,127724,1093,6,127730,1099,2.71251906227921,0.023338749310615,24
-7.6926,53.28823,2021/01/21 00:00:00+00,Thu 21 Jan 2021,9003,962,0,136727,2055,6,136733,2061,2.90370992674096,0.0437681185888785,25
-7.6926,53.28823,2021/01/22 00:00:00+00,Fri 22 Jan 2021,6778,967,0,143505,3022,6,143511,3028,3.04764991111525,0.0643036696201475,26
-7.6926,53.28823,2021/01/23 00:00:00+00,Sat 23 Jan 2021,4185,460,0,147690,3482,6,147696,3488,3.13652403838088,0.0740723908966561,27
-7.6926,53.28823,2022/02/21 00:00:00+00,Mon 21 Feb 2022,252,989,2,3821314,3736540,240651,4061965,3977191,86.2613128694196,84.4610224835615,28
-7.6926,53.28823,2021/01/24 00:00:00+00,Sun 24 Jan 2021,1181,398,0,148871,3880,6,148877,3886,3.16160416844079,0.0825244584358961,29
-7.6926,53.28823,2022/02/22 00:00:00+00,Tue 22 Feb 2022,473,976,0,3821787,3737516,240651,4062438,3978167,86.2713576632539,84.4817491617482,30
-7.6926,53.28823,2021/01/25 00:00:00+00,Mon 25 Jan 2021,1355,1287,0,150226,5167,6,150232,5173,3.19037942350528,0.109855641659519,31
-7.6926,53.28823,2021/04/11 23:00:00+00,Mon 12 Apr 2021,7773,2795,13,796413,338790,230,796643,339020,16.9177900519165,7.19954758078679,32
-7.6926,53.28823,2021/01/26 00:00:00+00,Tue 26 Jan 2021,1001,3499,0,151227,8666,6,151233,8672,3.21163701045699,0.184161632412787,33
-7.6926,53.28823,2021/11/08 00:00:00+00,Mon 08 Nov 2021,515,525,3,3627753,3561651,240531,3868284,3802182,82.1482352486469,80.7444700012126,34
-7.6926,53.28823,2022/02/23 00:00:00+00,Wed 23 Feb 2022,828,1270,1,3822615,3738786,240652,4063267,3979438,86.2889625979022,84.5087405633622,35
-7.6926,53.28823,2021/07/25 23:00:00+00,Mon 26 Jul 2021,23818,18270,3419,3055275,2500098,208376,3263651,2708474,69.3080368756486,57.5181034579787,36
-7.6926,53.28823,2021/04/12 23:00:00+00,Tue 13 Apr 2021,11508,8593,1,807921,347383,231,808152,347614,17.1621992109846,7.38205277785269,37
-7.6926,53.28823,2021/01/27 00:00:00+00,Wed 27 Jan 2021,2167,6700,0,153394,15366,6,153400,15372,3.25765618220959,0.326445181440194,38
-7.6926,53.28823,2021/11/09 00:00:00+00,Tue 09 Nov 2021,1368,1048,1,3629121,3562699,240532,3869653,3803231,82.1773078126198,80.7667469329931,39
-7.6926,53.28823,2022/02/24 00:00:00+00,Thu 24 Feb 2022,660,1231,0,3823275,3740017,240652,4063927,3980669,86.302978589299,84.5348825109521,40
-7.6926,53.28823,2021/04/13 23:00:00+00,Wed 14 Apr 2021,20344,6596,2,828265,353979,233,828498,354212,17.5942740003147,7.52217021911879,41
-7.6926,53.28823,2021/07/26 23:00:00+00,Tue 27 Jul 2021,25495,23883,3669,3080770,2523981,212045,3292815,2736026,69.9273738045793,58.1032073897403,42
-7.6926,53.28823,2022/02/25 00:00:00+00,Fri 25 Feb 2022,691,1221,0,3823966,3741238,240652,4064618,3981890,86.3176529075643,84.5608120950361,43
-7.6926,53.28823,2021/11/10 00:00:00+00,Wed 10 Nov 2021,1616,1347,1,3630737,3564046,240533,3871270,3804579,82.2116469915418,80.7953735336034,44
-7.6926,53.28823,2021/01/28 00:00:00+00,Thu 28 Jan 2021,1003,11538,0,154397,26904,6,154403,26910,3.2789562418625,0.57147019467575,45
-7.6926,53.28823,2021/07/27 23:00:00+00,Wed 28 Jul 2021,23424,25271,3259,3104194,2549252,215304,3319498,2764556,70.4940233476686,58.7090804723899,46
-7.6926,53.28823,2021/04/14 23:00:00+00,Thu 15 Apr 2021,27125,10800,1,855390,364779,234,855624,365013,18.1703312467203,7.75154404196133,47
-7.6926,53.28823,2022/02/26 00:00:00+00,Sat 26 Feb 2022,960,2087,0,3824926,3743325,240652,4065578,3983977,86.3380398041414,84.6051323587406,48
-7.6926,53.28823,2021/07/28 23:00:00+00,Thu 29 Jul 2021,19251,27848,2958,3123445,2577100,218262,3341707,2795362,70.9656614581685,59.3632874890075,49
-7.6926,53.28823,2021/11/11 00:00:00+00,Thu 11 Nov 2021,1387,1098,2,3632124,3565144,240535,3872659,3805679,82.2411442825267,80.8187335192647,50
-7.6926,53.28823,2021/01/29 00:00:00+00,Fri 29 Jan 2021,1575,11526,0,155972,38430,6,155978,38436,3.31240349405924,0.816240371704092,51
-7.6926,53.28823,2021/04/15 23:00:00+00,Fri 16 Apr 2021,27966,9832,1,883356,374611,235,883591,374846,18.7642482639814,7.960361077422,52
-7.6926,53.28823,2021/11/12 00:00:00+00,Fri 12 Nov 2021,1146,1133,6,3633270,3566277,240541,3873811,3806818,82.2656085584192,80.8429217225993,53
-7.6926,53.28823,2021/11/13 00:00:00+00,Sat 13 Nov 2021,1399,1363,0,3634669,3567640,240541,3875210,3808181,82.2953182129101,80.8718668684686,54
-7.6926,53.28823,2021/11/14 00:00:00+00,Sun 14 Nov 2021,1646,1801,0,3636315,3569441,240541,3876856,3809982,82.3302732459995,80.9101135359012,55
-7.6926,53.28823,2021/11/15 00:00:00+00,Mon 15 Nov 2021,1244,579,1,3637559,3570020,240542,3878101,3810562,82.3567125024979,80.9224306192499,56
-7.6926,53.28823,2021/11/16 00:00:00+00,Tue 16 Nov 2021,1318,1059,5,3638877,3571079,240547,3879424,3811626,82.3848081943432,80.9450260962894,57
-7.6926,53.28823,2021/11/17 00:00:00+00,Wed 17 Nov 2021,1507,1097,0,3640384,3572176,240547,3880931,3812723,82.4168113746991,80.9683223728989,58
-7.6926,53.28823,2021/11/18 00:00:00+00,Thu 18 Nov 2021,1653,2489,5,3642037,3574665,240552,3882589,3815217,82.4520212439957,81.021285831298,59
-7.6926,53.28823,2021/11/19 00:00:00+00,Fri 19 Nov 2021,1166,1534,0,3643203,3576199,240552,3883755,3816751,82.4767828287966,81.0538623931201,60
-7.6926,53.28823,2021/11/20 00:00:00+00,Sat 20 Nov 2021,1543,2928,12,3644746,3579127,240564,3885310,3819691,82.5098053539813,81.1162972638873,61
-7.6926,53.28823,2021/11/21 00:00:00+00,Sun 21 Nov 2021,1785,2759,0,3646531,3581886,240564,3887095,3822450,82.5477122398043,81.1748883551958,62
-7.6926,53.28823,2021/11/22 00:00:00+00,Mon 22 Nov 2021,714,502,2,3647245,3582388,240566,3887811,3822954,82.5629174668347,81.1855914758988,63
-7.6926,53.28823,2021/11/23 00:00:00+00,Tue 23 Nov 2021,2154,1573,7,3649399,3583961,240573,3889972,3824534,82.6088092204836,81.2191449098485,64
-7.6926,53.28823,2021/11/24 00:00:00+00,Wed 24 Nov 2021,1621,3126,2,3651020,3587087,240575,3891595,3827662,82.6432758175092,81.2855722145288,65
-7.6926,53.28823,2021/11/25 00:00:00+00,Thu 25 Nov 2021,988,1167,1,3652008,3588254,240576,3892584,3828830,82.6642785682537,81.3103762720309,66
-7.6926,53.28823,2021/11/26 00:00:00+00,Fri 26 Nov 2021,1286,1089,12,3653294,3589343,240588,3893882,3829931,82.691843351334,81.3337574940427,67
-7.6926,53.28823,2021/11/27 00:00:00+00,Sat 27 Nov 2021,1201,1553,6,3654495,3590896,240594,3895089,3831490,82.7174756265095,81.3668649646298,68
-7.6926,53.28823,2021/11/28 00:00:00+00,Sun 28 Nov 2021,1963,2254,0,3656458,3593150,240594,3897052,3833744,82.7591625827395,81.4147316988847,69
-7.6926,53.28823,2021/11/29 00:00:00+00,Mon 29 Nov 2021,540,984,2,3656998,3594134,240596,3897594,3834730,82.7706726847653,81.4356707405774,70
-7.6926,53.28823,2021/11/30 00:00:00+00,Tue 30 Nov 2021,1950,1629,6,3658948,3595763,240602,3899550,3836365,82.812210986541,81.4703921738102,71
-7.6926,53.28823,2021/12/01 00:00:00+00,Wed 01 Dec 2021,1078,1358,2,3660026,3597121,240604,3900630,3837725,82.8351462451902,81.4992736106277,72
-7.6926,53.28823,2021/12/02 00:00:00+00,Thu 02 Dec 2021,1773,1396,0,3661799,3598517,240604,3902403,3839121,82.872798294806,81.5289195560668,73
-7.6926,53.28823,2021/12/03 00:00:00+00,Fri 03 Dec 2021,1045,1166,3,3662844,3599683,240607,3903451,3840290,82.895053990236,81.5537448499195,74
-7.6926,53.28823,2021/12/04 00:00:00+00,Sat 04 Dec 2021,1204,1695,1,3664048,3601378,240608,3904656,3841986,82.9206437927103,81.589761700539,75
-7.6926,53.28823,2021/12/05 00:00:00+00,Sun 05 Dec 2021,1345,1772,2,3665393,3603150,240610,3906003,3843760,82.94924915697,81.6274349865054,76
-7.6926,53.28823,2021/12/06 00:00:00+00,Mon 06 Dec 2021,933,1283,0,3666326,3604433,240610,3906936,3845043,82.9690626720808,81.6546812243266,77
-7.6926,53.28823,2021/12/07 00:00:00+00,Tue 07 Dec 2021,482,737,2,3666808,3605170,240612,3907420,3845782,82.9793410657717,81.6703748874208,78
-7.6926,53.28823,2021/12/08 00:00:00+00,Wed 08 Dec 2021,803,1502,1,3667611,3606672,240613,3908224,3847285,82.996415091655,81.7022931223743,79
-7.6926,53.28823,2021/12/09 00:00:00+00,Thu 09 Dec 2021,798,1197,0,3668409,3607869,240613,3909022,3848482,83.0133616994347,81.7277130340438,80
-7.6926,53.28823,2021/12/10 00:00:00+00,Fri 10 Dec 2021,892,1598,1,3669301,3609467,240614,3909915,3850081,83.0323257605215,81.7616699586549,81
-7.6926,53.28823,2021/12/11 00:00:00+00,Sat 11 Dec 2021,639,836,1,3669940,3610303,240615,3910555,3850918,83.0459170249062,81.7794447841081,82
-7.6926,53.28823,2021/12/12 00:00:00+00,Sun 12 Dec 2021,689,1190,0,3670629,3611493,240615,3911244,3852108,83.0605488704704,81.8047160413234,83
-7.6926,53.28823,2021/12/13 00:00:00+00,Mon 13 Dec 2021,726,1053,1,3671355,3612546,240616,3911971,3853162,83.0759876973574,81.827099154857,84
-7.6926,53.28823,2021/12/14 00:00:00+00,Tue 14 Dec 2021,627,1190,1,3671982,3613736,240617,3912599,3854353,83.0893241255349,81.8523916484229,85
-7.6926,53.28823,2021/12/15 00:00:00+00,Wed 15 Dec 2021,796,1233,1,3672778,3614969,240618,3913396,3855587,83.1062494969639,81.8785973050646,86
-7.6926,53.28823,2021/12/16 00:00:00+00,Thu 16 Dec 2021,1057,1524,7,3673835,3616493,240625,3914460,3857118,83.1288449740035,81.9111101578349,87
-7.6926,53.28823,2021/12/17 00:00:00+00,Fri 17 Dec 2021,1212,2436,1,3675047,3618929,240626,3915673,3859555,83.1546046672827,81.9628631442498,88
-7.6926,53.28823,2021/12/18 00:00:00+00,Sat 18 Dec 2021,1258,1179,0,3676305,3620108,240626,3916931,3860734,83.1813199963389,81.9879008016085,89
-7.6926,53.28823,2021/12/19 00:00:00+00,Sun 19 Dec 2021,553,881,1,3676858,3620989,240627,3917485,3861616,83.1930849345719,82.0066312628387,90
-7.6926,53.28823,2021/12/20 00:00:00+00,Mon 20 Dec 2021,525,600,0,3677383,3621589,240627,3918010,3862216,83.2042340186375,82.0193730731994,91
-7.6926,53.28823,2021/12/21 00:00:00+00,Tue 21 Dec 2021,1445,1795,3,3678828,3623384,240630,3919458,3864014,83.2349842543078,82.0575560315801,92
-7.6926,53.28823,2021/12/22 00:00:00+00,Wed 22 Dec 2021,1208,1571,2,3680036,3624955,240632,3920668,3865587,83.2606802385352,82.0909608110757,93
-7.6926,53.28823,2021/12/23 00:00:00+00,Thu 23 Dec 2021,951,1353,0,3680987,3626308,240632,3921619,3866940,83.2808760079568,82.119693593439,94
-7.6926,53.28823,2021/12/24 00:00:00+00,Fri 24 Dec 2021,104,146,0,3681091,3626454,240632,3921723,3867086,83.2830845884194,82.1227941006267,95
-7.6926,53.28823,2021/12/25 00:00:00+00,Sat 25 Dec 2021,2,22,0,3681093,3626476,240632,3921725,3867108,83.2831270611206,82.12326130034,96
-7.6926,53.28823,2021/12/26 00:00:00+00,Sun 26 Dec 2021,11,9,0,3681104,3626485,240632,3921736,3867117,83.2833606609772,82.1234524274954,97
-7.6926,53.28823,2021/12/27 00:00:00+00,Mon 27 Dec 2021,390,585,0,3681494,3627070,240632,3922126,3867702,83.2916428377116,82.135875692597,98
-7.6926,53.28823,2021/12/28 00:00:00+00,Tue 28 Dec 2021,470,740,1,3681964,3627810,240633,3922597,3868443,83.3016451588447,82.1516118283924,99
-7.6926,53.28823,2021/12/29 00:00:00+00,Wed 29 Dec 2021,1076,1294,0,3683040,3629104,240633,3923673,3869737,83.3244954720915,82.1790916660703,100
-7.6926,53.28823,2021/12/30 00:00:00+00,Thu 30 Dec 2021,1067,1182,1,3684107,3630286,240634,3924741,3870920,83.3471758945335,82.2042142688314,101
-7.6926,53.28823,2021/12/31 00:00:00+00,Fri 31 Dec 2021,718,1671,0,3684825,3631957,240634,3925459,3872591,83.3624235942651,82.2397002106858,102
-7.6926,53.28823,2022/01/01 00:00:00+00,Sat 01 Jan 2022,68,96,0,3684893,3632053,240634,3925527,3872687,83.3638676661059,82.2417389003435,103
-7.6926,53.28823,2022/01/02 00:00:00+00,Sun 02 Jan 2022,272,624,0,3685165,3632677,240634,3925799,3873311,83.3696439534694,82.2549903831186,104
-7.6926,53.28823,2022/01/03 00:00:00+00,Mon 03 Jan 2022,3631,718,1,3688796,3633395,240635,3929431,3874030,83.4467743788527,82.2702593192008,105
-7.6926,53.28823,2022/01/04 00:00:00+00,Tue 04 Jan 2022,1191,772,0,3689987,3634167,240635,3930622,3874802,83.4720668724186,82.2866537818649,106
-7.6926,53.28823,2022/01/05 00:00:00+00,Wed 05 Jan 2022,2145,887,0,3692132,3635054,240635,3932767,3875689,83.517618844458,82.3054904248481,107
-7.6926,53.28823,2022/01/06 00:00:00+00,Thu 06 Jan 2022,2464,1681,1,3694596,3636735,240636,3935232,3877371,83.5699664486897,82.3412099665591,108
-7.6926,53.28823,2022/01/07 00:00:00+00,Fri 07 Jan 2022,4855,771,0,3699451,3637506,240636,3940087,3878142,83.6730689308581,82.3575831928726,109
-7.6926,53.28823,2022/01/08 00:00:00+00,Sat 08 Jan 2022,9792,733,1,3709243,3638239,240637,3949880,3878876,83.8810365122947,82.3731706742138,110
-7.6926,53.28823,2022/01/09 00:00:00+00,Sun 09 Jan 2022,7115,663,0,3716358,3638902,240637,3956995,3879539,84.0321331468215,82.3872503746623,111
-7.6926,53.28823,2022/01/10 00:00:00+00,Mon 10 Jan 2022,6658,498,0,3723016,3639400,240637,3963653,3880037,84.1735247691237,82.3978260772617,112
-7.6926,53.28823,2022/01/11 00:00:00+00,Tue 11 Jan 2022,4777,1349,1,3727793,3640749,240638,3968431,3881387,84.2749920522958,82.4264951505732,113
-7.6926,53.28823,2022/01/12 00:00:00+00,Wed 12 Jan 2022,7565,898,1,3735358,3641647,240639,3975997,3882286,84.4356662809437,82.4455866297636,114
-7.6926,53.28823,2022/01/13 00:00:00+00,Thu 13 Jan 2022,7327,797,0,3742685,3642444,240639,3983324,3883083,84.5912650217981,82.4625120011926,115
-7.6926,53.28823,2022/01/14 00:00:00+00,Fri 14 Jan 2022,10728,821,0,3753413,3643265,240639,3994052,3883904,84.8190885910467,82.4799470450361,116
-7.6926,53.28823,2022/01/15 00:00:00+00,Sat 15 Jan 2022,8356,645,0,3761769,3643910,240639,4002408,3884549,84.9965395366695,82.4936444911739,117
-7.6926,53.28823,2022/01/16 00:00:00+00,Sun 16 Jan 2022,6966,1214,1,3768735,3645124,240640,4009375,3885764,85.1444931913074,82.5194466571542,118
-7.6926,53.28823,2022/01/17 00:00:00+00,Mon 17 Jan 2022,2566,549,0,3771301,3645673,240640,4011941,3886313,85.1989856669499,82.5311054136342,119
-7.6926,53.28823,2022/01/18 00:00:00+00,Tue 18 Jan 2022,4060,435,3,3775361,3646108,240643,4016004,3886751,85.2852689594422,82.5404069351975,120
-7.6926,53.28823,2022/01/19 00:00:00+00,Wed 19 Jan 2022,3489,614,0,3778850,3646722,240643,4019493,3887365,85.3593625866894,82.5534460544666,121
-7.6926,53.28823,2022/01/20 00:00:00+00,Thu 20 Jan 2022,3699,929,1,3782549,3647651,240644,4023193,3888295,85.4379370839135,82.5731958605256,122
-7.6926,53.28823,2022/01/21 00:00:00+00,Fri 21 Jan 2022,3254,969,0,3785803,3648620,240644,4026447,3889264,85.5070401687695,82.5937738842581,123
-7.6926,53.28823,2022/01/22 00:00:00+00,Sat 22 Jan 2022,4269,640,0,3790072,3649260,240644,4030716,3889904,85.5976981494857,82.6073651486428,124
-7.6926,53.28823,2022/01/23 00:00:00+00,Sun 23 Jan 2022,3091,677,0,3793163,3649937,240644,4033807,3890581,85.6633397091937,82.6217421579997,125
-7.6926,53.28823,2022/01/24 00:00:00+00,Mon 24 Jan 2022,647,457,0,3793810,3650394,240644,4034454,3891038,85.6770796280326,82.6314471702244,126
-7.6926,53.28823,2022/01/25 00:00:00+00,Tue 25 Jan 2022,699,1829,0,3794509,3652223,240644,4035153,3892867,85.6919238371027,82.6702884554739,127
-7.6926,53.28823,2022/01/26 00:00:00+00,Wed 26 Jan 2022,700,887,0,3795209,3653110,240644,4035853,3893754,85.7067892825235,82.689125098457,128
-7.6926,53.28823,2022/01/27 00:00:00+00,Thu 27 Jan 2022,1274,1165,0,3796483,3654275,240644,4037127,3894919,85.7338443931893,82.7138654469073,129
-7.6926,53.28823,2022/01/28 00:00:00+00,Fri 28 Jan 2022,1032,3091,0,3797515,3657366,240644,4038159,3898010,85.7557603070097,82.7795070066153,130
-7.6926,53.28823,2022/01/29 00:00:00+00,Sat 29 Jan 2022,2328,3442,0,3799843,3660808,240644,4040487,3901452,85.805198531209,82.8526025253843,131
-7.6926,53.28823,2022/01/30 00:00:00+00,Sun 30 Jan 2022,1634,7538,0,3801477,3668346,240644,4042121,3908990,85.8398987280913,83.0126821362155,132
-7.6926,53.28823,2022/01/31 00:00:00+00,Mon 31 Jan 2022,481,1388,0,3801958,3669734,240644,4042602,3910378,85.8501134127304,83.0421581908498,133
-7.6926,53.28823,2022/02/01 00:00:00+00,Tue 01 Feb 2022,754,3413,1,3802712,3673147,240645,4043357,3913792,85.8661468574342,83.114659091802,134
-7.6926,53.28823,2022/02/02 00:00:00+00,Wed 02 Feb 2022,647,2994,0,3803359,3676141,240645,4044004,3916786,85.8798867762731,83.1782407255017,135
-7.6926,53.28823,2022/02/03 00:00:00+00,Thu 03 Feb 2022,909,2428,1,3804268,3678569,240646,4044914,3919215,85.8992118553201,83.2298238211118,136
-7.6926,53.28823,2022/02/04 00:00:00+00,Fri 04 Feb 2022,1175,6519,0,3805443,3685088,240646,4046089,3925734,85.9241645672764,83.3682635906804,137
-7.6926,53.28823,2022/02/05 00:00:00+00,Sat 05 Feb 2022,1777,5748,0,3807220,3690836,240646,4047866,3931482,85.9619015622946,83.4903301339355,138
-7.6926,53.28823,2022/02/06 00:00:00+00,Sun 06 Feb 2022,1408,7555,0,3808628,3698391,240646,4049274,3939037,85.991802343941,83.6507707627269,139
-7.6926,53.28823,2022/02/07 00:00:00+00,Mon 07 Feb 2022,440,1349,0,3809068,3699740,240646,4049714,3940386,86.0011463382054,83.6794185996878,140
-7.6926,53.28823,2022/02/08 00:00:00+00,Tue 08 Feb 2022,900,1235,0,3809968,3700975,240646,4050614,3941621,86.0202590537464,83.7056454926801,141
-7.6926,53.28823,2022/02/09 00:00:00+00,Wed 09 Feb 2022,1332,1782,0,3811300,3702757,240646,4051946,3943403,86.0485458727471,83.7434886694513,142
-7.6926,53.28823,2022/02/10 00:00:00+00,Thu 10 Feb 2022,687,2544,0,3811987,3705301,240646,4052633,3945947,86.0631352456101,83.7975139453805,143
-7.6926,53.28823,2022/02/11 00:00:00+00,Fri 11 Feb 2022,551,4916,0,3812538,3710217,240646,4053184,3950863,86.0748364747913,83.9019118449356,144
-7.6926,53.28823,2022/02/12 00:00:00+00,Sat 12 Feb 2022,1398,5459,0,3813936,3715676,240646,4054582,3956322,86.1045248929316,84.017841082867,145
-7.6926,53.28823,2022/02/13 00:00:00+00,Sun 13 Feb 2022,1568,4705,0,3815504,3720381,240646,4056150,3961027,86.1378234906742,84.1177581124452,146
-7.6926,53.28823,2022/02/14 00:00:00+00,Mon 14 Feb 2022,173,953,0,3815677,3721334,240646,4056323,3961980,86.1414973793282,84.1379963545681,147
-7.6926,53.28823,2022/02/15 00:00:00+00,Tue 15 Feb 2022,649,815,1,3816326,3722149,240647,4056973,3962796,86.1553010072189,84.1553252166586,148
-7.6926,53.28823,2022/02/16 00:00:00+00,Wed 16 Feb 2022,801,1785,0,3817127,3723934,240647,4057774,3964581,86.1723113240504,84.1932321024815,149
-7.6926,53.28823,2022/02/17 00:00:00+00,Thu 17 Feb 2022,795,1187,2,3817922,3725121,240649,4058571,3965770,86.1892366954794,84.2184821233462,150
-7.6926,53.28823,2022/02/18 00:00:00+00,Fri 18 Feb 2022,795,3290,0,3818717,3728411,240649,4059366,3969060,86.2061195942073,84.2883497168239,151
-7.6926,53.28823,2022/02/19 00:00:00+00,Sat 19 Feb 2022,979,3553,0,3819696,3731964,240649,4060345,3972613,86.2269099814458,84.3638024705096,152
-7.6926,53.28823,2022/02/20 00:00:00+00,Sun 20 Feb 2022,1366,3587,0,3821062,3735551,240649,4061711,3976200,86.2559188363669,84.4399772601158,153
-7.6926,53.28823,2021/04/16 23:00:00+00,Sat 17 Apr 2021,15848,4550,3,899204,379161,238,899442,379399,19.1008656573596,8.05705018170883,154
-7.6926,53.28823,2022/02/27 00:00:00+00,Sun 27 Feb 2022,671,1782,0,3825597,3745107,240652,4066249,3985759,86.3522893953947,84.6429755355117,155
-7.6926,53.28823,2022/02/28 00:00:00+00,Mon 28 Feb 2022,84,427,0,3825681,3745534,240652,4066333,3986186,86.3540732488452,84.6520434572184,156
-7.6926,53.28823,2021/01/30 00:00:00+00,Sat 30 Jan 2021,631,7793,0,156603,46223,6,156609,46229,3.32580363128853,0.981735251938507,157
-7.6926,53.28823,2021/07/29 23:00:00+00,Fri 30 Jul 2021,21941,22926,2115,3145386,2600026,220377,3365763,2820403,71.4765231082287,59.8950669444098,158
-7.6926,53.28823,2021/04/17 23:00:00+00,Sun 18 Apr 2021,1071,485,0,900275,379646,238,900513,379884,19.1236097888533,8.06734981175037,159
-7.6926,53.28823,2022/03/01 00:00:00+00,Tue 01 Mar 2022,130,939,0,3825811,3746473,240652,4066463,3987125,86.3568339744234,84.6719843904329,160
-7.6926,53.28823,2021/01/31 00:00:00+00,Sun 31 Jan 2021,225,4086,0,156828,50309,6,156834,50315,3.33058181017378,1.06850698049462,161
-7.6926,53.28823,2021/07/30 23:00:00+00,Sat 31 Jul 2021,13730,12462,906,3159116,2612488,221283,3380399,2833771,71.7873383356265,60.1789544792454,162
-7.6926,53.28823,2021/04/18 23:00:00+00,Mon 19 Apr 2021,6738,2254,0,907013,381900,238,907251,382138,19.2667003192036,8.11521654600526,163
-7.6926,53.28823,2022/03/02 00:00:00+00,Wed 02 Mar 2022,206,993,2,3826017,3747466,240654,4066671,3988120,86.3612511353484,84.693114559281,164
-7.6926,53.28823,2021/02/01 00:00:00+00,Mon 01 Feb 2021,1024,8335,0,157852,58644,6,157858,58650,3.35232783318932,1.24551196275484,165
-7.6926,53.28823,2021/07/31 23:00:00+00,Sun 01 Aug 2021,11091,9311,368,3170207,2621799,221651,3391858,2843450,72.0306856771646,60.3845011167135,166
-7.6926,53.28823,2021/04/19 23:00:00+00,Tue 20 Apr 2021,15088,7310,1,922101,389210,239,922340,389449,19.5871356134237,8.27047550524994,167
-7.6926,53.28823,2022/03/03 00:00:00+00,Thu 03 Mar 2022,278,1273,0,3826295,3748739,240654,4066949,3989393,86.3671548408155,84.7201484335962,168
-7.6926,53.28823,2021/02/02 00:00:00+00,Tue 02 Feb 2021,826,5108,0,158678,63752,6,158684,63758,3.36986905878583,1.35398724162529,169
-7.6926,53.28823,2021/08/01 23:00:00+00,Mon 02 Aug 2021,15006,15994,428,3185213,2637793,222079,3407292,2859872,72.358447512342,60.7332444662849,170
-7.6926,53.28823,2021/04/20 23:00:00+00,Wed 21 Apr 2021,26712,9875,4,948813,399085,243,949056,399328,20.1544859560828,8.48026941283827,171
-7.6926,53.28823,2022/03/04 00:00:00+00,Fri 04 Mar 2022,733,1505,2,3827028,3750244,240656,4067684,3990900,86.3827635585073,84.752151613952,172
-7.6926,53.28823,2021/02/03 00:00:00+00,Wed 03 Feb 2021,1396,6864,0,160074,70616,6,160080,70622,3.39951500422497,1.49975355215127,173
-7.6926,53.28823,2021/08/02 23:00:00+00,Tue 03 Aug 2021,17327,25431,1109,3202540,2663224,223188,3425728,2886412,72.749960872024,61.2968572112382,174
-7.6926,53.28823,2021/04/21 23:00:00+00,Thu 22 Apr 2021,31618,12180,1,980431,411265,244,980675,411509,20.8259581257392,8.73894939951033,175
-7.6926,53.28823,2022/03/05 00:00:00+00,Sat 05 Mar 2022,963,3341,0,3827991,3753585,240656,4068647,3994241,86.4032141641362,84.8231022613103,176
-7.6926,53.28823,2021/02/04 00:00:00+00,Thu 04 Feb 2021,1426,10541,1,161500,81157,7,161507,81164,3.42981927653275,1.72362716018813,177
-7.6926,53.28823,2021/08/03 23:00:00+00,Wed 04 Aug 2021,22092,17282,1574,3224632,2680506,224762,3449394,2905268,73.2525403453498,61.6972898381726,178
-7.6926,53.28823,2021/04/22 23:00:00+00,Fri 23 Apr 2021,33611,12350,3,1014042,423615,247,1014289,423862,21.5397968148447,9.00128203848579,179
-7.6926,53.28823,2022/03/06 00:00:00+00,Sun 06 Mar 2022,456,1915,0,3828447,3755500,240656,4069103,3996156,86.4128979400103,84.8637698727114,180
-7.6926,53.28823,2021/02/05 00:00:00+00,Fri 05 Feb 2021,3389,8613,0,164889,89770,7,164896,89777,3.5017892687199,1.90653584791545,181
-7.6926,53.28823,2021/08/04 23:00:00+00,Thu 05 Aug 2021,13509,30022,1420,3238141,2710528,226182,3464323,2936710,73.5695778234737,62.3650031737726,182
-7.6926,53.28823,2021/04/23 23:00:00+00,Sat 24 Apr 2021,23700,6988,2,1037742,430603,249,1037991,430852,22.0431407967921,9.14972412918752,183
-7.6926,53.28823,2022/03/07 00:00:00+00,Mon 07 Mar 2022,112,123,0,3828559,3755623,240656,4069215,3996279,86.4152764112776,84.8663819438354,184
-7.6926,53.28823,2021/02/06 00:00:00+00,Sat 06 Feb 2021,893,3867,0,165782,93637,7,165789,93644,3.52075332980668,1.98865681568993,185
-7.6926,53.28823,2021/08/05 23:00:00+00,Fri 06 Aug 2021,12192,24732,947,3250333,2735260,227129,3477462,2962389,73.8486022340216,62.9103314208584,186
-7.6926,53.28823,2021/04/24 23:00:00+00,Sun 25 Apr 2021,9747,298,2,1047489,430901,251,1047740,431152,22.2501739788023,9.15609503436785,187
-7.6926,53.28823,2022/03/08 00:00:00+00,Tue 08 Mar 2022,119,492,0,3828678,3756115,240656,4069334,3996771,86.4178035369991,84.8768302283311,188
-7.6926,53.28823,2021/02/07 00:00:00+00,Sun 07 Feb 2021,328,1300,2,166110,94937,9,166119,94946,3.52776132550505,2.01630654417256,189
-7.6926,53.28823,2021/08/06 23:00:00+00,Sat 07 Aug 2021,6324,8442,583,3256657,2743702,227712,3484369,2971414,73.9952817076234,63.1019894850334,190
-7.6926,53.28823,2021/04/25 23:00:00+00,Mon 26 Apr 2021,15581,3052,3,1063070,433953,254,1063324,434207,22.5811212665699,9.22097208545422,191
-7.6926,53.28823,2022/03/09 00:00:00+00,Wed 09 Mar 2022,125,343,0,3828803,3756458,240656,4069459,3997114,86.4204580808243,84.8841142965873,192
-7.6926,53.28823,2021/02/08 00:00:00+00,Mon 08 Feb 2021,1178,879,0,167288,95816,9,167297,95825,3.55277774651315,2.03497329635094,193
-7.6926,53.28823,2021/08/07 23:00:00+00,Sun 08 Aug 2021,8619,11962,153,3265276,2755664,227865,3493141,2983529,74.1815669750963,63.3592678725658,194
-7.6926,53.28823,2021/04/26 23:00:00+00,Tue 27 Apr 2021,25910,7807,9,1088980,441760,263,1089243,442023,23.1315462378,9.38695540175247,195
-7.6926,53.28823,2022/03/10 00:00:00+00,Thu 10 Mar 2022,257,507,0,3829060,3756965,240656,4069716,3997621,86.4259158229288,84.8948811263421,196
-7.6926,53.28823,2021/02/09 00:00:00+00,Tue 09 Feb 2021,4260,543,2,171548,96359,11,171559,96370,3.64328707277506,2.04654710742854,197
-7.6926,53.28823,2021/02/10 00:00:00+00,Wed 10 Feb 2021,8823,580,0,180371,96939,11,180382,96950,3.83065539412862,2.05886419077718,198
-7.6926,53.28823,2021/02/11 00:00:00+00,Thu 11 Feb 2021,6176,445,0,186547,97384,11,186558,97395,3.96181109544104,2.06831436679467,199
-7.6926,53.28823,2021/02/12 00:00:00+00,Fri 12 Feb 2021,4392,522,0,190939,97906,11,190950,97917,4.0550811472811,2.07939974180845,200
-7.6926,53.28823,2021/02/13 00:00:00+00,Sat 13 Feb 2021,1208,1914,0,192147,99820,11,192158,99831,4.08073465880724,2.12004611685897,201
-7.6926,53.28823,2021/02/14 00:00:00+00,Sun 14 Feb 2021,2695,27,0,194842,99847,11,194853,99858,4.13796662367721,2.1206194983252,202
-7.6926,53.28823,2021/02/15 00:00:00+00,Mon 15 Feb 2021,1961,7887,0,196803,107734,11,196814,107745,4.17961110720598,2.28811059551611,203
-7.6926,53.28823,2021/02/16 00:00:00+00,Tue 16 Feb 2021,5646,8158,0,202449,115892,11,202460,115903,4.29951154269982,2.46135674371993,204
-7.6926,53.28823,2021/02/17 00:00:00+00,Wed 17 Feb 2021,9741,8463,0,212190,124355,11,212201,124366,4.50637483390519,2.64107997885709,205
-7.6926,53.28823,2021/02/18 00:00:00+00,Thu 18 Feb 2021,8459,8350,1,220649,132705,12,220661,132717,4.68603435999055,2.81842474272692,206
-7.6926,53.28823,2021/02/19 00:00:00+00,Fri 19 Feb 2021,9385,6582,0,230034,139287,12,230046,139299,4.88533751038192,2.9582024023834,207
-7.6926,53.28823,2021/02/20 00:00:00+00,Sat 20 Feb 2021,5885,3568,2,235919,142855,14,235933,142869,5.01035590637063,3.03401617402934,208
-7.6926,53.28823,2021/02/21 00:00:00+00,Sun 21 Feb 2021,1108,1023,5,237027,143878,19,237046,143897,5.03399196458966,3.05584714244728,209
-7.6926,53.28823,2021/02/22 00:00:00+00,Mon 22 Feb 2021,3941,1123,1,240968,145001,20,240988,145021,5.11770565865922,3.07971680052292,210
-7.6926,53.28823,2021/02/23 00:00:00+00,Tue 23 Feb 2021,13359,1063,1,254327,146064,21,254348,146085,5.40142330268999,3.1023122775625,211
-7.6926,53.28823,2021/02/24 00:00:00+00,Wed 24 Feb 2021,16936,2102,3,271263,148166,24,271287,148190,5.76114584552211,3.14701479557783,212
-7.6926,53.28823,2021/02/25 00:00:00+00,Thu 25 Feb 2021,18085,1755,2,289348,149921,26,289374,149947,6.14524771884431,3.18432706358397,213
-7.6926,53.28823,2021/02/26 00:00:00+00,Fri 26 Feb 2021,16076,2767,0,305424,152688,26,305450,152714,6.48664329110768,3.24308804569723,214
-7.6926,53.28823,2021/02/27 00:00:00+00,Sat 27 Feb 2021,8991,704,1,314415,153392,27,314442,153419,6.67760055571282,3.25805967287101,215
-7.6926,53.28823,2021/02/28 00:00:00+00,Sun 28 Feb 2021,2441,57,2,316856,153449,29,316885,153478,6.72948096023132,3.25931261755647,216
-7.6926,53.28823,2021/03/01 00:00:00+00,Mon 01 Mar 2021,5592,795,0,322448,154244,29,322477,154273,6.84823463279271,3.27619551628435,217
-7.6926,53.28823,2021/03/02 00:00:00+00,Tue 02 Mar 2021,12178,1609,0,334626,155853,29,334655,155882,7.10685091041297,3.31036480440153,218
-7.6926,53.28823,2021/03/03 00:00:00+00,Wed 03 Mar 2021,12895,1503,1,347521,157356,30,347551,157386,7.38071488776482,3.34230427570559,219
-7.6926,53.28823,2021/03/04 00:00:00+00,Thu 04 Mar 2021,18736,1687,4,366257,159043,34,366291,159077,7.77868409802954,3.37821494457206,220
-7.6926,53.28823,2021/03/05 00:00:00+00,Fri 05 Mar 2021,18442,2395,6,384699,161438,40,384739,161478,8.17045229391874,3.42920342236532,221
-7.6926,53.28823,2021/03/06 00:00:00+00,Sat 06 Mar 2021,10393,139,4,395092,161577,44,395136,161621,8.39124663111843,3.43224022050128,222
-7.6926,53.28823,2021/03/07 00:00:00+00,Sun 07 Mar 2021,1519,11,3,396611,161588,47,396658,161635,8.42356835673331,3.43253752940969,223
-7.6926,53.28823,2021/03/08 00:00:00+00,Mon 08 Mar 2021,6668,1495,5,403279,163083,52,403331,163135,8.56527852429449,3.46439205531135,224
-7.6926,53.28823,2021/03/09 00:00:00+00,Tue 09 Mar 2021,13823,3103,5,417102,166186,57,417159,166243,8.85893478040658,3.53039463297959,225
-7.6926,53.28823,2021/03/10 00:00:00+00,Wed 10 Mar 2021,13731,3987,3,430833,170173,60,430893,170233,9.15059481956216,3.615127671878,226
-7.6926,53.28823,2021/03/11 00:00:00+00,Thu 11 Mar 2021,18475,2097,3,449308,172270,63,449371,172333,9.54300010596939,3.65972400814032,227
-7.6926,53.28823,2021/03/12 00:00:00+00,Fri 12 Mar 2021,17324,1337,4,466632,173607,67,466699,173674,9.91098358918535,3.6882019542964,228
-7.6926,53.28823,2021/03/13 00:00:00+00,Sat 13 Mar 2021,8303,174,0,474935,173781,67,475002,173848,10.0873090082263,3.69189707930099,229
-7.6926,53.28823,2021/03/14 00:00:00+00,Sun 14 Mar 2021,381,19,2,475316,173800,69,475385,173869,10.0954425305065,3.69234304266362,230
-7.6926,53.28823,2021/03/15 00:00:00+00,Mon 15 Mar 2021,2653,992,0,477969,174792,69,478038,174861,10.1517825686513,3.71340950245991,231
-7.6926,53.28823,2021/03/16 00:00:00+00,Tue 16 Mar 2021,8933,3820,2,486902,178612,71,486973,178683,10.3415293612722,3.79457483445734,232
-7.6926,53.28823,2021/03/17 00:00:00+00,Wed 17 Mar 2021,4898,2415,6,491800,181027,77,491877,181104,10.44567242462,3.84598803926261,233
-7.6926,53.28823,2021/03/18 00:00:00+00,Thu 18 Mar 2021,11719,4679,5,503519,185706,82,503601,185788,10.6946473990673,3.94545910547819,234
-7.6926,53.28823,2021/03/19 00:00:00+00,Fri 19 Mar 2021,10366,6127,2,513885,191833,84,513969,191917,10.9148258820996,4.07561669831237,235
-7.6926,53.28823,2021/03/20 00:00:00+00,Sat 20 Mar 2021,5240,3118,4,519125,194951,88,519213,195039,11.0261893046518,4.14191658488902,236
-7.6926,53.28823,2021/03/21 00:00:00+00,Sun 21 Mar 2021,3636,55,3,522761,195006,91,522852,195097,11.1034683844892,4.14314829322388,237
-7.6926,53.28823,2021/03/22 00:00:00+00,Mon 22 Mar 2021,7412,2403,1,530173,197409,92,530265,197501,11.2608934514952,4.19420048006894,238
-7.6926,53.28823,2021/03/23 00:00:00+00,Tue 23 Mar 2021,12560,7386,4,542733,204795,96,542829,204891,11.5277069604475,4.35113711101111,239
-7.6926,53.28823,2021/03/24 00:00:00+00,Wed 24 Mar 2021,13622,9779,2,556355,214574,98,556453,214672,11.817031001037,4.55884985624052,240
-7.6926,53.28823,2021/03/25 00:00:00+00,Thu 25 Mar 2021,20866,10225,3,577221,224799,101,577322,224900,12.2602124017314,4.77605525018863,241
-7.6926,53.28823,2021/03/26 00:00:00+00,Fri 26 Mar 2021,19695,9494,1,596916,234293,102,597018,234395,12.6784835631708,4.97769439914613,242
-7.6926,53.28823,2021/03/27 00:00:00+00,Sat 27 Mar 2021,11748,5349,3,608664,239642,105,608769,239747,12.9280319190844,5.09135134756325,243
-7.6926,53.28823,2021/03/28 00:00:00+00,Sun 28 Mar 2021,2488,482,0,611152,240124,105,611257,240229,12.98086795938,5.10158726855298,244
-7.6926,53.28823,2021/03/28 23:00:00+00,Mon 29 Mar 2021,9266,3119,3,620418,243243,108,620526,243351,13.1777076931016,5.16788715512963,245
-7.6926,53.28823,2021/03/29 23:00:00+00,Tue 30 Mar 2021,13321,8661,4,633739,251904,112,633851,252016,13.4606820648613,5.35190013308821,246
-7.6926,53.28823,2021/03/30 23:00:00+00,Wed 31 Mar 2021,15834,10504,4,649573,262408,116,649689,262524,13.7970233856816,5.57505170520463,247
-7.6926,53.28823,2021/03/31 23:00:00+00,Thu 01 Apr 2021,19693,11572,8,669266,273980,124,669390,274104,14.215400728874,5.82096864516543,248
-7.6926,53.28823,2021/04/01 23:00:00+00,Fri 02 Apr 2021,20137,13720,8,689403,287700,132,689535,287832,14.6432070117333,6.1125012662174,249
-7.6926,53.28823,2021/04/02 23:00:00+00,Sat 03 Apr 2021,7546,4636,6,696949,292336,138,697087,292474,14.8035839314728,6.21108040570774,250
-7.6926,53.28823,2021/04/03 23:00:00+00,Sun 04 Apr 2021,3033,169,3,699982,292505,141,700123,292646,14.8680574918978,6.21473305801113,251
-7.6926,53.28823,2021/04/04 23:00:00+00,Mon 05 Apr 2021,3430,605,4,703412,293110,145,703557,293255,14.940983119862,6.2276659955272,252
-7.6926,53.28823,2021/04/05 23:00:00+00,Tue 06 Apr 2021,11987,8158,11,715399,301268,156,715555,301424,15.1957768543741,6.40114574358763,253
-7.6926,53.28823,2021/04/06 23:00:00+00,Wed 07 Apr 2021,18357,10467,10,733756,311735,166,733922,311901,15.5858249058646,6.62363898883541,254
-7.6926,53.28823,2021/04/07 23:00:00+00,Thu 08 Apr 2021,20181,10575,15,753937,322310,181,754118,322491,16.0147142426045,6.84853194170112,255
-7.6926,53.28823,2021/04/08 23:00:00+00,Fri 09 Apr 2021,20677,9156,16,774614,331466,197,774811,331663,16.4541580455932,7.04331174941446,256
-7.6926,53.28823,2021/04/09 23:00:00+00,Sat 10 Apr 2021,11167,4167,12,785781,335633,209,785990,335842,16.6915592089629,7.13205845857648,257
-7.6926,53.28823,2021/04/10 23:00:00+00,Sun 11 Apr 2021,2859,362,8,788640,335995,217,788857,336212,16.7524438261363,7.13991590829889,258
-7.6926,53.28823,2021/04/27 23:00:00+00,Wed 28 Apr 2021,26029,8594,5,1115009,450354,268,1115277,450622,23.6844133893492,9.56956678057137,259
-7.6926,53.28823,2021/04/28 23:00:00+00,Thu 29 Apr 2021,31689,11331,6,1146698,461685,274,1146972,461959,24.3574995216512,9.81032328733611,260
-7.6926,53.28823,2022/03/11 00:00:00+00,Fri 11 Mar 2022,494,2181,0,3829554,3759146,240656,4070210,3999802,86.4364065801257,84.9411976070031,261
-7.6926,53.28823,2021/04/29 23:00:00+00,Fri 30 Apr 2021,36115,13521,8,1182813,475206,282,1183095,475488,25.1246202144149,10.0976298746185,262
-7.6926,53.28823,2022/03/12 00:00:00+00,Sat 12 Mar 2022,473,2387,2,3830027,3761533,240658,4070685,4002191,86.4464938466612,84.9919312485891,263
-7.6926,53.28823,2021/04/30 23:00:00+00,Sat 01 May 2021,16576,6681,18,1199389,481887,300,1199689,482187,25.4770162162897,10.2398921872953,264
-7.6926,53.28823,2021/08/08 23:00:00+00,Mon 09 Aug 2021,5523,23018,598,3270799,2778682,228463,3499262,3007145,74.3115546771257,63.8607855283615,265
-7.6926,53.28823,2022/03/13 00:00:00+00,Sun 13 Mar 2022,359,1082,0,3830386,3762615,240658,4071044,4003273,86.454117696527,85.0149089799395,266
-7.6926,53.28823,2021/08/09 23:00:00+00,Tue 10 Aug 2021,9340,25982,713,3280139,2804664,229176,3509315,3033840,74.5250437097186,64.427689907658,267
-7.6926,53.28823,2021/05/01 23:00:00+00,Sun 02 May 2021,12456,909,15,1211845,482796,315,1212160,483111,25.7418547446361,10.2595145752507,268
-7.6926,53.28823,2022/03/14 00:00:00+00,Mon 14 Mar 2022,109,120,0,3830495,3762735,240658,4071153,4003393,86.4564324587426,85.0174573420116,269
-7.6926,53.28823,2021/08/10 23:00:00+00,Wed 11 Aug 2021,6998,31224,663,3287137,2835888,229839,3516976,3065727,74.6877353916737,65.1048534192754,270
-7.6926,53.28823,2021/05/02 23:00:00+00,Mon 03 May 2021,14255,921,21,1226100,483717,336,1226436,484053,26.0450248858175,10.2795192175169,271
-7.6926,53.28823,2022/03/15 00:00:00+00,Tue 15 Mar 2022,220,757,0,3830715,3763492,240658,4071373,4004150,86.4611044558748,85.0335332594167,272
-7.6926,53.28823,2021/08/11 23:00:00+00,Thu 12 Aug 2021,6756,38273,862,3293893,2874161,230701,3524594,3104862,74.8495139105529,65.9359380000497,273
-7.6926,53.28823,2021/05/03 23:00:00+00,Tue 04 May 2021,26657,6785,10,1252757,490502,346,1253103,490848,26.6113346472971,10.4238202198514,274
-7.6926,53.28823,2022/03/16 00:00:00+00,Wed 16 Mar 2022,196,798,0,3830911,3764290,240658,4071569,4004948,86.4652667805926,85.0504798671964,275
-7.6926,53.28823,2021/08/12 23:00:00+00,Fri 13 Aug 2021,10916,28226,870,3304809,2902387,231571,3536380,3133958,75.0998055387375,66.5538308571395,276
-7.6926,53.28823,2021/05/04 23:00:00+00,Wed 05 May 2021,32102,13456,69,1284859,503958,415,1285274,504373,27.2945292824853,10.7110418617314,277
-7.6926,53.28823,2022/03/18 00:00:00+00,Fri 18 Mar 2022,2,6,0,3830913,3764296,240658,4071571,4004954,86.4653092532938,85.0506072853,278
-7.6926,53.28823,2021/08/13 23:00:00+00,Sat 14 Aug 2021,18123,5826,279,3322932,2908213,231850,3554782,3140063,75.4905968624991,66.6834787775592,279
-7.6926,53.28823,2021/05/05 23:00:00+00,Thu 06 May 2021,37277,14376,132,1322136,518334,547,1322683,518881,28.0889599221221,11.0191388362522,280
-7.6926,53.28823,2022/03/19 00:00:00+00,Sat 19 Mar 2022,743,2779,0,3831656,3767075,240658,4072314,4007733,86.4810878617904,85.1096231036204,281
-7.6926,53.28823,2021/08/14 23:00:00+00,Sun 15 Aug 2021,16995,3719,49,3339927,2911932,231899,3571826,3143831,75.8525492221443,66.7634973466242,282
-7.6926,53.28823,2021/05/06 23:00:00+00,Fri 07 May 2021,40597,15066,97,1362733,533400,644,1363377,534044,28.9531519734834,11.3411456204168,283
-7.6926,53.28823,2022/03/20 00:00:00+00,Sun 20 Mar 2022,394,1401,0,3832050,3768476,240658,4072708,4009134,86.4894549839273,85.1393752308126,284
-7.6926,53.28823,2021/08/15 23:00:00+00,Mon 16 Aug 2021,10176,23134,384,3350103,2935066,232283,3582386,3167349,76.076805084492,67.262933840061,285
-7.6926,53.28823,2021/05/07 23:00:00+00,Sat 08 May 2021,25612,7039,10,1388345,540439,654,1388999,541093,29.497269748585,11.490840655804,286
-7.6926,53.28823,2022/03/21 00:00:00+00,Mon 21 Mar 2022,54,111,0,3832104,3768587,240658,4072762,4009245,86.4906017468597,85.1417324657293,287
-7.6926,53.28823,2021/08/16 23:00:00+00,Tue 17 Aug 2021,12856,26843,528,3362959,2961909,232811,3595770,3194720,76.3610324009372,67.8441939923638,288
-7.6926,53.28823,2021/05/08 23:00:00+00,Sun 09 May 2021,19667,921,5,1408012,541360,659,1408671,542019,29.9150312376099,11.5105055164606,289
-7.6926,53.28823,2022/03/22 00:00:00+00,Tue 22 Mar 2022,137,573,0,3832241,3769160,240658,4072899,4009818,86.4935111268921,85.1539008946237,290
-7.6926,53.28823,2021/08/17 23:00:00+00,Wed 18 Aug 2021,15223,25757,657,3378182,2987666,233468,3611650,3221134,76.6982656484828,68.4051309571414,291
-7.6926,53.28823,2021/05/09 23:00:00+00,Mon 10 May 2021,28841,4640,173,1436853,546000,832,1437685,546832,30.5311827139504,11.6127160719037,292
-7.6926,53.28823,2022/03/23 00:00:00+00,Wed 23 Mar 2022,98,220,0,3832339,3769380,240658,4072997,4010038,86.495592289251,85.158572891756,293
-7.6926,53.28823,2022/03/24 00:00:00+00,Thu 24 Mar 2022,147,239,0,3832486,3769619,240658,4073144,4010277,86.4987140327894,85.1636483795497,294
-7.6926,53.28823,2022/03/25 00:00:00+00,Fri 25 Mar 2022,435,1622,0,3832921,3771241,240658,4073579,4011899,86.5079518453008,85.1980937402246,295
-7.6926,53.28823,2022/03/26 00:00:00+00,Sat 26 Mar 2022,874,1847,0,3833795,3773088,240658,4074453,4013746,86.5265124157262,85.2373172797849,296
-7.6926,53.28823,2022/03/27 00:00:00+00,Sun 27 Mar 2022,380,802,0,3834175,3773890,240658,4074833,4014548,86.5345822289546,85.254348832967,297
-7.6926,53.28823,2022/03/27 23:00:00+00,Mon 28 Mar 2022,40,51,0,3834215,3773941,240658,4074873,4014599,86.5354316829787,85.2554318868476,298
-7.6926,53.28823,2022/03/28 23:00:00+00,Tue 29 Mar 2022,138,192,3,3834353,3774133,240661,4075014,4014794,86.5384260084134,85.2595729752149,299
-7.6926,53.28823,2022/03/29 23:00:00+00,Wed 30 Mar 2022,110,134,0,3834463,3774267,240661,4075124,4014928,86.5407620069795,85.2624186461954,300
-7.6926,53.28823,2022/03/30 23:00:00+00,Thu 31 Mar 2022,228,355,0,3834691,3774622,240661,4075352,4015283,86.5456038949166,85.2699575506588,301
-7.6926,53.28823,2022/03/31 23:00:00+00,Fri 01 Apr 2022,311,903,0,3835002,3775525,240661,4075663,4016186,86.5522083999535,85.2891339752516,302
-7.6926,53.28823,2022/04/01 23:00:00+00,Sat 02 Apr 2022,726,1538,0,3835728,3777063,240661,4076389,4017724,86.5676259904899,85.3217954824761,303
-7.6926,53.28823,2022/04/02 23:00:00+00,Sun 03 Apr 2022,536,816,0,3836264,3777879,240661,4076925,4018540,86.5790086744121,85.3391243445666,304
-7.6926,53.28823,2022/04/03 23:00:00+00,Mon 04 Apr 2022,48,50,0,3836312,3777929,240661,4076973,4018590,86.580028019241,85.3401861620966,305
-7.6926,53.28823,2022/04/04 23:00:00+00,Tue 05 Apr 2022,130,166,0,3836442,3778095,240661,4077103,4018756,86.5827887448191,85.3437113962964,306
-7.6926,53.28823,2022/04/05 23:00:00+00,Wed 06 Apr 2022,159,209,0,3836601,3778304,240661,4077262,4018965,86.5861653245647,85.3481497935721,307
-7.6926,53.28823,2022/04/06 23:00:00+00,Thu 07 Apr 2022,120,175,0,3836721,3778479,240661,4077382,4019140,86.5887136866368,85.3518661549273,308
-7.6926,53.28823,2022/04/07 23:00:00+00,Fri 08 Apr 2022,267,417,0,3836988,3778896,240661,4077649,4019557,86.5943837922473,85.3607217131279,309
-7.6926,53.28823,2022/04/08 23:00:00+00,Sat 09 Apr 2022,561,1018,0,3837549,3779914,240661,4078210,4020575,86.6062973849345,85.3823403180398,310
-7.6926,53.28823,2022/04/09 23:00:00+00,Sun 10 Apr 2022,412,719,0,3837961,3780633,240661,4078622,4021294,86.6150467613822,85.397609254122,311
-7.6926,53.28823,2022/04/10 23:00:00+00,Mon 11 Apr 2022,72,92,0,3838033,3780725,240661,4078694,4021386,86.6165757786255,85.3995629983773,312
-7.6926,53.28823,2022/04/11 23:00:00+00,Tue 12 Apr 2022,192,176,0,3838225,3780901,240661,4078886,4021562,86.6206531579409,85.4033005960831,313
-7.6926,53.28823,2022/04/12 23:00:00+00,Wed 13 Apr 2022,146,231,0,3838371,3781132,240661,4079032,4021793,86.6237536651287,85.408206193072,314
-7.6926,53.28823,2022/04/13 23:00:00+00,Thu 14 Apr 2022,360,426,0,3838731,3781558,240661,4079392,4022219,86.6313987513451,85.4172528784281,315
-7.6926,53.28823,2022/04/14 23:00:00+00,Fri 15 Apr 2022,450,989,0,3839181,3782547,240661,4079842,4023208,86.6409551091156,85.4382556291725,316
-7.6926,53.28823,2022/04/15 23:00:00+00,Sat 16 Apr 2022,42,88,0,3839223,3782635,240661,4079884,4023296,86.6418470358408,85.4401244280254,317
-7.6926,53.28823,2022/04/16 23:00:00+00,Sun 17 Apr 2022,1,0,0,3839224,3782635,240661,4079885,4023296,86.6418682721914,85.4401244280254,318
-7.6926,53.28823,2022/04/17 23:00:00+00,Mon 18 Apr 2022,36,61,0,3839260,3782696,240661,4079921,4023357,86.642632780813,85.4414198454121,319
-7.6926,53.28823,2022/04/18 23:00:00+00,Tue 19 Apr 2022,218,268,1,3839478,3782964,240662,4080140,4023626,86.6472835415947,85.4471324237238,320
-7.6926,53.28823,2022/04/19 23:00:00+00,Wed 20 Apr 2022,249,606,0,3839727,3783570,240662,4080389,4024232,86.6525713928944,85.4600016521881,321
-7.6926,53.28823,2022/04/20 23:00:00+00,Thu 21 Apr 2022,169,238,0,3839896,3783808,240662,4080558,4024470,86.6561603361459,85.4650559036311,322
-7.6926,53.28823,2022/04/21 23:00:00+00,Fri 22 Apr 2022,198,251,0,3840094,3784059,240662,4080756,4024721,86.660365133565,85.470386227632,323
-7.6926,53.28823,2022/04/22 23:00:00+00,Sat 23 Apr 2022,322,1010,0,3840416,3785069,240662,4081078,4025731,86.6672032384585,85.4918349417391,324
-7.6926,53.28823,2022/04/23 23:00:00+00,Sun 24 Apr 2022,182,253,0,3840598,3785322,240662,4081260,4025984,86.6710682542679,85.4972077384412,325
-7.6926,53.28823,2022/04/24 23:00:00+00,Mon 25 Apr 2022,41,56,0,3840639,3785378,240662,4081301,4026040,86.6719389446426,85.4983969740749,326
-7.6926,53.28823,2022/04/25 23:00:00+00,Tue 26 Apr 2022,144,237,0,3840783,3785615,240662,4081445,4026277,86.6749969791291,85.5034299891673,327
-7.6926,53.28823,2022/04/26 23:00:00+00,Wed 27 Apr 2022,122,208,0,3840905,3785823,240662,4081567,4026485,86.6775878139025,85.5078471500924,328
-7.6926,53.28823,2022/04/27 23:00:00+00,Thu 28 Apr 2022,106,128,0,3841011,3785951,240662,4081673,4026613,86.6798388670662,85.5105654029693,329
-7.6926,53.28823,2022/04/28 23:00:00+00,Fri 29 Apr 2022,171,221,0,3841182,3786172,240662,4081844,4026834,86.683470283019,85.5152586364521,330
-7.6926,53.28823,2022/04/29 23:00:00+00,Sat 30 Apr 2022,281,722,0,3841463,3786894,240662,4082125,4027556,86.6894376975379,85.5305912815862,331
-7.6926,53.28823,2022/04/30 23:00:00+00,Sun 01 May 2022,186,746,0,3841649,3787640,240662,4082311,4028302,86.6933876587497,85.5464335991346,332
-7.6926,53.28823,2022/05/01 23:00:00+00,Mon 02 May 2022,11,26,0,3841660,3787666,240662,4082322,4028328,86.6936212586063,85.5469857442502,333
-7.6926,53.28823,2022/05/02 23:00:00+00,Tue 03 May 2022,94,117,0,3841754,3787783,240662,4082416,4028445,86.6956174755628,85.5494703972705,334
-7.6926,53.28823,2022/05/03 23:00:00+00,Wed 04 May 2022,119,128,0,3841873,3787911,240662,4082535,4028573,86.6981446012843,85.5521886501475,335
-7.6926,53.28823,2022/05/04 23:00:00+00,Thu 05 May 2022,123,161,0,3841996,3788072,240662,4082658,4028734,86.7007566724083,85.5556077025942,336
-7.6926,53.28823,2022/05/05 23:00:00+00,Fri 06 May 2022,143,258,0,3842139,3788330,240662,4082801,4028992,86.7037934705442,85.5610866810493,337
-7.6926,53.28823,2022/05/06 23:00:00+00,Sat 07 May 2022,442,1084,0,3842581,3789414,240662,4083243,4030076,86.7131799375099,85.5841068851009,338
-7.6926,53.28823,2022/05/07 23:00:00+00,Sun 08 May 2022,273,436,0,3842854,3789850,240662,4083516,4030512,86.718977461224,85.593365933963,339
-7.6926,53.28823,2022/05/08 23:00:00+00,Mon 09 May 2022,26,31,0,3842880,3789881,240662,4083542,4030543,86.7195296063396,85.5940242608317,340
-7.6926,53.28823,2022/05/09 23:00:00+00,Tue 10 May 2022,96,103,1,3842976,3789984,240663,4083639,4030647,86.7215895323479,85.5962328412942,341
-7.6926,53.28823,2022/05/10 23:00:00+00,Wed 11 May 2022,128,132,0,3843104,3790116,240663,4083767,4030779,86.7243077852249,85.5990360395735,342
-7.6926,53.28823,2022/05/11 23:00:00+00,Thu 12 May 2022,247,397,0,3843351,3790513,240663,4084014,4031176,86.7295531638234,85.6074668707622,343
-7.6926,53.28823,2022/05/12 23:00:00+00,Fri 13 May 2022,182,327,0,3843533,3790840,240663,4084196,4031503,86.7334181796328,85.6144111574087,344
-7.6926,53.28823,2022/05/13 23:00:00+00,Sat 14 May 2022,333,632,0,3843866,3791472,240663,4084529,4032135,86.7404898843829,85.6278325309886,345
-7.6926,53.28823,2022/05/14 23:00:00+00,Sun 15 May 2022,169,254,0,3844035,3791726,240663,4084698,4032389,86.7440788276345,85.6332265640413,346
-7.6926,53.28823,2022/05/15 23:00:00+00,Mon 16 May 2022,33,39,0,3844068,3791765,240663,4084731,4032428,86.7447796272044,85.6340547817147,347
-7.6926,53.28823,2022/05/16 23:00:00+00,Tue 17 May 2022,105,90,0,3844173,3791855,240663,4084836,4032518,86.7470094440175,85.6359660532688,348
-7.6926,53.28823,2022/05/17 23:00:00+00,Wed 18 May 2022,98,115,0,3844271,3791970,240663,4084934,4032633,86.7490906063764,85.638408233588,349
-7.6926,53.28823,2022/05/18 23:00:00+00,Thu 19 May 2022,76,97,0,3844347,3792067,240663,4085010,4032730,86.7507045690221,85.6404681595963,350
-7.6926,53.28823,2022/05/19 23:00:00+00,Fri 20 May 2022,124,196,0,3844471,3792263,240663,4085134,4032926,86.7533378764966,85.6446304843141,351
-7.6926,53.28823,2022/05/20 23:00:00+00,Sat 21 May 2022,392,758,0,3844863,3793021,240663,4085526,4033684,86.7616625259322,85.6607276380697,352
-7.6926,53.28823,2022/05/21 23:00:00+00,Sun 22 May 2022,232,409,0,3845095,3793430,240663,4085758,4034093,86.7665893592717,85.6694133054656,353
-7.6926,53.28823,2022/05/22 23:00:00+00,Mon 23 May 2022,29,32,0,3845124,3793462,240663,4085787,4034125,86.7672052134391,85.6700928686848,354
-7.6926,53.28823,2022/05/23 23:00:00+00,Tue 24 May 2022,69,76,0,3845193,3793538,240663,4085856,4034201,86.7686705216306,85.6717068313305,355
-7.6926,53.28823,2022/05/24 23:00:00+00,Wed 25 May 2022,87,121,0,3845280,3793659,240663,4085943,4034322,86.7705180841329,85.6742764297532,356
-7.6926,53.28823,2022/05/25 23:00:00+00,Thu 26 May 2022,89,144,0,3845369,3793803,240663,4086032,4034466,86.7724081193364,85.6773344642398,357
-7.6926,53.28823,2022/05/26 23:00:00+00,Fri 27 May 2022,95,146,0,3845464,3793949,240663,4086127,4034612,86.7744255726435,85.6804349714276,358
-7.6926,53.28823,2022/05/27 23:00:00+00,Sat 28 May 2022,334,574,0,3845798,3794523,240663,4086461,4035186,86.7815185137443,85.6926246366726,359
-7.6926,53.28823,2022/05/28 23:00:00+00,Sun 29 May 2022,182,347,0,3845980,3794870,240663,4086643,4035533,86.7853835295537,85.6999936503312,360
-7.6926,53.28823,2022/05/29 23:00:00+00,Mon 30 May 2022,14,16,0,3845994,3794886,240663,4086657,4035549,86.7856808384621,85.7003334319408,361
-7.6926,53.28823,2022/05/30 23:00:00+00,Tue 31 May 2022,68,66,1,3846062,3794952,240664,4086726,4035616,86.7871461466536,85.7017562674311,362
-7.6926,53.28823,2022/05/31 23:00:00+00,Wed 01 Jun 2022,60,89,0,3846122,3795041,240664,4086786,4035705,86.7884203276896,85.7036463026346,363
-7.6926,53.28823,2022/06/01 23:00:00+00,Thu 02 Jun 2022,87,121,0,3846209,3795162,240664,4086873,4035826,86.7902678901919,85.7062159010573,364
-7.6926,53.28823,2022/06/02 23:00:00+00,Fri 03 Jun 2022,56,130,0,3846265,3795292,240664,4086929,4035956,86.7914571258256,85.7089766266354,365
-7.6926,53.28823,2022/06/03 23:00:00+00,Sat 04 Jun 2022,304,598,0,3846569,3795890,240664,4087233,4036554,86.7979129764083,85.7216759642949,366
-7.6926,53.28823,2022/06/04 23:00:00+00,Sun 05 Jun 2022,142,273,0,3846711,3796163,240664,4087375,4036827,86.8009285381937,85.727473488009,367
-7.6926,53.28823,2022/06/05 23:00:00+00,Mon 06 Jun 2022,3,3,0,3846714,3796166,240664,4087378,4036830,86.8009922472455,85.7275371970608,368
-7.6926,53.28823,2021/05/10 23:00:00+00,Tue 11 May 2021,33917,14815,153,1470770,560815,985,1471755,561800,31.2547051789301,11.9305817677011,369
-7.6926,53.28823,2021/05/11 23:00:00+00,Wed 12 May 2021,31291,20928,171,1502061,581743,1156,1503217,582899,31.922843241542,12.3786475290338,370
-7.6926,53.28823,2021/05/12 23:00:00+00,Thu 13 May 2021,35999,25474,152,1538060,607217,1308,1539368,608525,32.6905585521226,12.9228502495377,371
-7.6926,53.28823,2021/05/13 23:00:00+00,Fri 14 May 2021,38214,27942,236,1576274,635159,1544,1577818,636703,33.5070962327351,13.5212481367757,372
-7.6926,53.28823,2021/05/14 23:00:00+00,Sat 15 May 2021,28855,12443,22,1605129,647602,1566,1606695,649168,34.1203383290432,13.7859592470185,373
-7.6926,53.28823,2021/05/15 23:00:00+00,Sun 16 May 2021,23170,1170,9,1628299,648772,1575,1629874,650347,34.6125756996263,13.8109969043772,374
-7.6926,53.28823,2021/05/16 23:00:00+00,Mon 17 May 2021,35389,3942,115,1663688,652714,1690,1665378,654404,35.3665510913679,13.8971527787659,375
-7.6926,53.28823,2021/05/17 23:00:00+00,Tue 18 May 2021,39003,12488,126,1702691,665202,1816,1704507,667018,36.1975082540386,14.1650281052482,376
-7.6926,53.28823,2021/05/18 23:00:00+00,Wed 19 May 2021,37024,17585,208,1739715,682787,2024,1741739,684811,36.9881800596189,14.5428864914937,377
-7.6926,53.28823,2021/05/19 23:00:00+00,Thu 20 May 2021,39078,19638,136,1778793,702425,2160,1780953,704585,37.8209423120907,14.9628140882799,378
-7.6926,53.28823,2021/05/20 23:00:00+00,Fri 21 May 2021,25842,23243,14933,1804635,725668,17093,1821728,742761,38.6868545078508,15.7735330088277,379
-7.6926,53.28823,2021/05/21 23:00:00+00,Sat 22 May 2021,16590,10241,13522,1821225,735909,30615,1851840,766524,39.3263234971513,16.2781724081618,380
-7.6926,53.28823,2021/05/22 23:00:00+00,Sun 23 May 2021,8210,5523,10204,1829435,741432,40819,1870254,782251,39.71736965712,16.6121564940654,381
-7.6926,53.28823,2021/05/23 23:00:00+00,Mon 24 May 2021,22546,8211,8450,1851981,749643,49269,1901250,798912,40.3756115803519,16.9659753314304,382
-7.6926,53.28823,2021/05/24 23:00:00+00,Tue 25 May 2021,30333,16480,3222,1882314,766123,52491,1934805,818614,41.088197324772,17.3843739109734,383
-7.6926,53.28823,2021/05/25 23:00:00+00,Wed 26 May 2021,19966,25387,3049,1902280,791510,55540,1957820,847050,41.5769519338564,17.9882507766664,384
-7.6926,53.28823,2021/05/26 23:00:00+00,Thu 27 May 2021,17005,36025,551,1919285,827535,56091,1975376,883626,41.9497773050094,18.7649915362525,385
-7.6926,53.28823,2021/05/27 23:00:00+00,Fri 28 May 2021,27031,31814,1558,1946316,859349,57649,2003965,916998,42.5569033323444,19.4736910285126,386
-7.6926,53.28823,2021/05/28 23:00:00+00,Sat 29 May 2021,24464,7382,534,1970780,866731,58183,2028963,924914,43.0877696246709,19.6417979798709,387
-7.6926,53.28823,2021/05/29 23:00:00+00,Sun 30 May 2021,24241,1675,209,1995021,868406,58392,2053413,926798,43.6069983968679,19.6818072644034,388
-7.6926,53.28823,2021/05/30 23:00:00+00,Mon 31 May 2021,22575,7323,3443,2017596,875729,61835,2079431,937564,44.1595257668075,19.9104378149749,389
-7.6926,53.28823,2021/05/31 23:00:00+00,Tue 01 Jun 2021,27544,11508,3653,2045140,887237,65488,2110628,952725,44.8220361965101,20.2324021264383,390
-7.6926,53.28823,2021/06/01 23:00:00+00,Wed 02 Jun 2021,18685,20891,4007,2063825,908128,69495,2133320,977623,45.3039314643504,20.7611447837046,391
-7.6926,53.28823,2021/06/02 23:00:00+00,Thu 03 Jun 2021,16677,30705,1976,2080502,938833,71471,2151973,1010304,45.7000531121129,21.4551699576993,392
-7.6926,53.28823,2021/06/03 23:00:00+00,Fri 04 Jun 2021,28997,23341,153,2109499,962174,71624,2181123,1033798,46.3190927321351,21.9540967787217,393
-7.6926,53.28823,2021/06/04 23:00:00+00,Sat 05 Jun 2021,20948,11487,33,2130447,973661,71657,2202104,1045318,46.7646526040969,22.1987395376464,394
-7.6926,53.28823,2021/06/05 23:00:00+00,Sun 06 Jun 2021,19931,3899,44,2150378,977560,71701,2222079,1049261,47.188848707354,22.2824744680666,395
-7.6926,53.28823,2021/06/06 23:00:00+00,Mon 07 Jun 2021,19801,4582,45,2170179,982142,71746,2241925,1053888,47.6103053213835,22.3807350622979,396
-7.6926,53.28823,2021/06/07 23:00:00+00,Tue 08 Jun 2021,26393,18351,45,2196572,1000493,71791,2268363,1072284,48.1717519585755,22.7713989679558,397
-7.6926,53.28823,2021/06/08 23:00:00+00,Wed 09 Jun 2021,32787,20109,173,2229359,1020602,71964,2301323,1092566,48.871702074388,23.2021146308475,398
-7.6926,53.28823,2021/06/09 23:00:00+00,Thu 10 Jun 2021,27675,27485,270,2257034,1048087,72234,2329268,1120321,49.4651518919359,23.7915295417811,399
-7.6926,53.28823,2021/06/10 23:00:00+00,Fri 11 Jun 2021,26422,32891,40,2283456,1080978,72274,2355730,1153252,50.0271082015423,24.4908638034261,400
-7.6926,53.28823,2021/06/11 23:00:00+00,Sat 12 Jun 2021,12200,19718,103,2295656,1100696,72377,2368033,1173073,50.2883790229877,24.9117895086907,401
-7.6926,53.28823,2021/06/12 23:00:00+00,Sun 13 Jun 2021,8541,18167,831,2304197,1118863,73208,2377405,1192071,50.4874061008213,25.3152376974105,402
-7.6926,53.28823,2021/06/13 23:00:00+00,Mon 14 Jun 2021,16009,31299,49,2320206,1150162,73257,2393463,1223419,50.8284194187738,25.9809548160539,403
-7.6926,53.28823,2021/06/14 23:00:00+00,Tue 15 Jun 2021,14684,41578,205,2334890,1191740,73462,2408352,1265202,51.1446074428737,26.8682732532199,404
-7.6926,53.28823,2021/06/15 23:00:00+00,Wed 16 Jun 2021,13457,48385,215,2348347,1240125,73677,2422024,1313802,51.434950828292,27.9003598924336,405
-7.6926,53.28823,2021/06/16 23:00:00+00,Thu 17 Jun 2021,21565,42668,535,2369912,1282793,74212,2444124,1357005,51.9042741765764,28.8178339474532,406
-7.6926,53.28823,2021/06/17 23:00:00+00,Fri 18 Jun 2021,12008,50039,553,2381920,1332832,74765,2456685,1407597,52.1710239764769,29.8922233970643,407
-7.6926,53.28823,2021/06/18 23:00:00+00,Sat 19 Jun 2021,6305,32794,432,2388225,1365626,75197,2463422,1440823,52.3140932704766,30.5978223821367,408
-7.6926,53.28823,2021/06/19 23:00:00+00,Sun 20 Jun 2021,8508,26136,177,2396733,1391762,75374,2472107,1467136,52.4985309754472,31.1566144755036,409
-7.6926,53.28823,2021/06/20 23:00:00+00,Mon 21 Jun 2021,15461,32336,572,2412194,1424098,75946,2488140,1500044,52.8390133846347,31.8554603010847,410
-7.6926,53.28823,2021/06/21 23:00:00+00,Tue 22 Jun 2021,15127,43537,722,2427321,1467635,76668,2503989,1544303,53.1755883053116,32.7953599423391,411
-7.6926,53.28823,2021/06/22 23:00:00+00,Wed 23 Jun 2021,20075,39381,882,2447396,1507016,77550,2524946,1584566,53.620638504859,33.6503991265914,412
-7.6926,53.28823,2021/06/23 23:00:00+00,Thu 24 Jun 2021,19010,44263,1031,2466406,1551279,78581,2544987,1629860,54.0462362072557,34.6122783907178,413
-7.6926,53.28823,2021/06/24 23:00:00+00,Fri 25 Jun 2021,15200,50116,842,2481606,1601395,79423,2561029,1680818,54.3869097435987,35.694440344649,414
-7.6926,53.28823,2021/06/25 23:00:00+00,Sat 26 Jun 2021,9053,30542,509,2490659,1631937,79932,2570591,1711869,54.5899717280465,36.3538502671639,415
-7.6926,53.28823,2021/06/26 23:00:00+00,Sun 27 Jun 2021,8718,30471,58,2499377,1662408,79990,2579367,1742398,54.7763419409217,37.0021748146651,416
-7.6926,53.28823,2021/06/27 23:00:00+00,Mon 28 Jun 2021,24219,24631,522,2523596,1687039,80512,2604108,1767551,55.3017504911437,37.5363327413347,417
-7.6926,53.28823,2021/06/28 23:00:00+00,Tue 29 Jun 2021,28145,31017,809,2551741,1718056,81321,2633062,1799377,55.9166277864481,38.2122008355655,418
-7.6926,53.28823,2021/06/29 23:00:00+00,Wed 30 Jun 2021,22554,36856,588,2574295,1754912,81909,2656204,1836821,56.4080794120589,39.0073747474732,419
-7.6926,53.28823,2021/06/30 23:00:00+00,Thu 01 Jul 2021,14998,48308,639,2589293,1803220,82548,2671841,1885768,56.7401522264084,40.0468304003456,420
-7.6926,53.28823,2021/07/01 23:00:00+00,Fri 02 Jul 2021,13650,47254,815,2602943,1850474,83363,2686306,1933837,57.0473360378534,41.0676405373901,421
-7.6926,53.28823,2021/07/02 23:00:00+00,Sat 03 Jul 2021,9303,30463,505,2612246,1880937,83868,2696114,1964805,57.255622164549,41.7252878428051,422
-7.6926,53.28823,2021/07/03 23:00:00+00,Sun 04 Jul 2021,6445,27773,233,2618691,1908710,84101,2702792,1992811,57.3974385138632,42.3200330777397,423
-7.6926,53.28823,2021/07/04 23:00:00+00,Mon 05 Jul 2021,15589,33443,5338,2634280,1942153,89439,2723719,2031592,57.8418516228925,43.1435999904012,424
-7.6926,53.28823,2021/07/05 23:00:00+00,Tue 06 Jul 2021,12402,48286,5484,2646682,1990439,94923,2741605,2085362,58.2216849897439,44.2854785622226,425
-7.6926,53.28823,2021/07/06 23:00:00+00,Wed 07 Jul 2021,19697,43751,5055,2666379,2034190,99978,2766357,2134168,58.7473271398225,45.3219398896602,426
-7.6926,53.28823,2021/07/07 23:00:00+00,Thu 08 Jul 2021,17755,45579,5993,2684134,2079769,105971,2790105,2185740,59.2516479938975,46.4171409628604,427
-7.6926,53.28823,2021/07/08 23:00:00+00,Fri 09 Jul 2021,13511,45082,6528,2697645,2124851,112499,2810144,2237350,59.6772032235931,47.5131490173834,428
-7.6926,53.28823,2021/07/09 23:00:00+00,Sat 10 Jul 2021,8621,23859,4363,2706266,2148710,116862,2823128,2265572,59.9529359997978,48.1124813040478,429
-7.6926,53.28823,2021/07/10 23:00:00+00,Sun 11 Jul 2021,15224,16104,2153,2721490,2164814,119015,2840505,2283829,60.3219600641932,48.5001933569722,430
-7.6926,53.28823,2021/07/11 23:00:00+00,Mon 12 Jul 2021,17098,31746,6091,2738588,2196560,125106,2863694,2321666,60.8144097982823,49.3037131546662,431
-7.6926,53.28823,2021/07/12 23:00:00+00,Tue 13 Jul 2021,20096,36552,8486,2758684,2233112,133592,2892276,2366704,61.4213871711631,50.2601559130388,432
-7.6926,53.28823,2021/07/13 23:00:00+00,Wed 14 Jul 2021,20785,35690,9331,2779469,2268802,142923,2922392,2411725,62.060941105866,51.2162376534512,433
-7.6926,53.28823,2021/07/14 23:00:00+00,Thu 15 Jul 2021,23619,28819,9581,2803088,2297621,152504,2955592,2450125,62.7659879458227,52.0317135165337,434
-7.6926,53.28823,2021/07/15 23:00:00+00,Fri 16 Jul 2021,23522,27407,9162,2826610,2325028,161666,2988276,2486694,63.4600768288692,52.8083056216655,435
-7.6926,53.28823,2021/07/16 23:00:00+00,Sat 17 Jul 2021,11488,19417,4676,2838098,2344445,166342,3004440,2510787,63.8033411999855,53.3199530166979,436
-7.6926,53.28823,2021/07/17 23:00:00+00,Sun 18 Jul 2021,16849,15806,1930,2854947,2360251,168272,3023219,2528523,64.2021386279236,53.6966009309591,437
-7.6926,53.28823,2021/07/18 23:00:00+00,Mon 19 Jul 2021,24873,18414,6248,2879820,2378665,174520,3054340,2553185,64.8630350949806,54.2203318094836,438
-7.6926,53.28823,2021/07/19 23:00:00+00,Tue 20 Jul 2021,30560,18162,7693,2910380,2396827,182213,3092593,2579040,65.6753892145247,54.7693976542752,439
-7.6926,53.28823,2021/07/20 23:00:00+00,Wed 21 Jul 2021,30342,19828,6886,2940722,2416655,189099,3129821,2605754,66.4659760747027,55.3367055242331,440
-7.6926,53.28823,2021/07/21 23:00:00+00,Thu 22 Jul 2021,33522,15917,6932,2974244,2432572,196031,3170275,2628603,67.3250714019198,55.8219348991178,441
-7.6926,53.28823,2021/07/22 23:00:00+00,Fri 23 Jul 2021,27078,20813,5613,3001322,2453385,201644,3202966,2655029,68.0193089394206,56.3831267001026,442
-7.6926,53.28823,2021/07/23 23:00:00+00,Sat 24 Jul 2021,15423,14804,2271,3016745,2468189,203915,3220660,2672104,68.3950649269565,56.7457373866165,443
-7.6926,53.28823,2021/07/24 23:00:00+00,Sun 25 Jul 2021,14712,13639,1042,3031457,2481828,204957,3236414,2686785,68.7296223943263,57.0575082497913,444
-7.6926,53.28823,2021/08/18 23:00:00+00,Thu 19 Aug 2021,11353,25690,542,3389535,3013356,234010,3623545,3247366,76.9508720388829,68.9622029061096,445
-7.6926,53.28823,2021/08/19 23:00:00+00,Fri 20 Aug 2021,14836,22240,685,3404371,3035596,234695,3639066,3270291,77.2804814365627,69.44904624364,446
-7.6926,53.28823,2021/08/20 23:00:00+00,Sat 21 Aug 2021,11876,7959,245,3416247,3043555,234940,3651187,3278495,77.5378872421987,69.6232692639714,447
-7.6926,53.28823,2021/08/21 23:00:00+00,Sun 22 Aug 2021,8002,12247,161,3424249,3055802,235101,3659350,3290903,77.7112395721555,69.88676990223,448
-7.6926,53.28823,2021/08/22 23:00:00+00,Mon 23 Aug 2021,10859,15361,289,3435108,3071163,235390,3670498,3306553,77.9479824086566,70.2191187891373,449
-7.6926,53.28823,2021/08/23 23:00:00+00,Tue 24 Aug 2021,9705,22904,383,3444813,3094067,235773,3680586,3329840,78.1622147135206,70.7136496855852,450
-7.6926,53.28823,2021/08/24 23:00:00+00,Wed 25 Aug 2021,9411,19504,313,3454224,3113571,236086,3690310,3349657,78.3687169867657,71.1344904454473,451
-7.6926,53.28823,2021/08/25 23:00:00+00,Thu 26 Aug 2021,8572,19419,367,3462796,3132990,236453,3699249,3369443,78.558548724789,71.5546728784408,452
-7.6926,53.28823,2021/08/26 23:00:00+00,Fri 27 Aug 2021,9713,19191,430,3472509,3152181,236883,3709392,3389064,78.773949028936,71.9713513135851,453
-7.6926,53.28823,2021/08/27 23:00:00+00,Sat 28 Aug 2021,9914,7903,153,3482423,3160084,237036,3719459,3397120,78.9877353704373,72.1424313540276,454
-7.6926,53.28823,2021/08/28 23:00:00+00,Sun 29 Aug 2021,8793,9182,29,3491216,3169266,237065,3728281,3406331,79.1750824554403,72.3380393794144,455
-7.6926,53.28823,2021/08/29 23:00:00+00,Mon 30 Aug 2021,5054,11111,84,3496270,3180377,237149,3733419,3417526,79.2841948248288,72.5757803243937,456
-7.6926,53.28823,2021/08/30 23:00:00+00,Tue 31 Aug 2021,4057,12879,142,3500327,3193256,237291,3737618,3430547,79.3733662610028,72.8522988455707,457
-7.6926,53.28823,2021/08/31 23:00:00+00,Wed 01 Sep 2021,4954,12517,180,3505281,3205773,237471,3742752,3443244,79.4823936849889,73.121936789153,458
-7.6926,53.28823,2021/09/01 23:00:00+00,Thu 02 Sep 2021,5006,12345,247,3510287,3218118,237718,3748005,3455836,79.5939482346965,73.3893449159221,459
-7.6926,53.28823,2021/09/02 23:00:00+00,Fri 03 Sep 2021,4770,16057,165,3515057,3234175,237883,3752940,3472058,79.698749624913,73.7338409953732,460
-7.6926,53.28823,2021/09/03 23:00:00+00,Sat 04 Sep 2021,4626,10571,133,3519683,3244746,238016,3757699,3482762,79.7998134174236,73.9611548922075,461
-7.6926,53.28823,2021/09/04 23:00:00+00,Sun 05 Sep 2021,5304,11894,1,3524987,3256640,238017,3763004,3494657,79.9124722573625,74.2137612826076,462
-7.6926,53.28823,2021/09/05 23:00:00+00,Mon 06 Sep 2021,2151,9663,75,3527138,3266303,238092,3765230,3504395,79.9597443738005,74.4205608647612,463
-7.6926,53.28823,2021/09/06 23:00:00+00,Tue 07 Sep 2021,3025,10003,158,3530163,3276306,238250,3768413,3514556,80.0273396777639,74.636343423219,464
-7.6926,53.28823,2021/09/07 23:00:00+00,Wed 08 Sep 2021,2607,14807,187,3532770,3291113,238437,3771207,3529550,80.0866740413434,74.954761264132,465
-7.6926,53.28823,2021/09/08 23:00:00+00,Thu 09 Sep 2021,3113,14804,138,3535883,3305917,238575,3774458,3544492,80.1557134171475,75.2720748148137,466
-7.6926,53.28823,2021/09/09 23:00:00+00,Fri 10 Sep 2021,3373,13944,115,3539256,3319861,238690,3777946,3558551,80.2297858080442,75.5706366679147,467
-7.6926,53.28823,2021/09/10 23:00:00+00,Sat 11 Sep 2021,2557,11326,62,3541813,3331187,238752,3780565,3569939,80.2854038102685,75.81247622856,468
-7.6926,53.28823,2021/09/11 23:00:00+00,Sun 12 Sep 2021,2040,12880,1,3543853,3344067,238753,3782606,3582820,80.3287472018453,76.0860216606529,469
-7.6926,53.28823,2021/09/12 23:00:00+00,Mon 13 Sep 2021,1610,7728,52,3545463,3351795,238805,3784268,3590600,80.3640420165444,76.2512404683295,470
-7.6926,53.28823,2021/09/13 23:00:00+00,Tue 14 Sep 2021,1543,10779,82,3547006,3362574,238887,3785893,3601461,80.3985510862712,76.4818884722081,471
-7.6926,53.28823,2021/09/14 23:00:00+00,Wed 15 Sep 2021,3276,12393,138,3550282,3374967,239025,3789307,3613992,80.4710519872234,76.7480011815906,472
-7.6926,53.28823,2021/09/15 23:00:00+00,Thu 16 Sep 2021,1906,10589,115,3552188,3385556,239140,3791328,3624696,80.5139706517882,76.9753150784248,473
-7.6926,53.28823,2021/09/16 23:00:00+00,Fri 17 Sep 2021,2556,14608,94,3554744,3400164,239234,3793978,3639398,80.5702469808811,77.2875319049622,474
-7.6926,53.28823,2021/09/17 23:00:00+00,Sat 18 Sep 2021,2284,11226,47,3557028,3411390,239281,3796309,3650671,80.6197489141323,77.5269292852885,475
-7.6926,53.28823,2021/09/18 23:00:00+00,Sun 19 Sep 2021,1860,8488,15,3558888,3419878,239296,3798184,3659174,80.6595670715094,77.7075019744497,476
-7.6926,53.28823,2021/09/19 23:00:00+00,Mon 20 Sep 2021,952,5607,35,3559840,3425485,239331,3799171,3664816,80.6805273495527,77.8273174645411,477
-7.6926,53.28823,2021/09/20 23:00:00+00,Tue 21 Sep 2021,1462,6664,90,3561302,3432149,239421,3800723,3671570,80.7134861656856,77.970747776501,478
-7.6926,53.28823,2021/09/21 23:00:00+00,Wed 22 Sep 2021,1891,8143,97,3563193,3440292,239518,3802711,3679810,80.7557040306806,78.1457353054541,479
-7.6926,53.28823,2021/09/22 23:00:00+00,Thu 23 Sep 2021,1698,8737,89,3564891,3449029,239607,3804498,3688636,80.7936533892047,78.3331673358595,480
-7.6926,53.28823,2021/09/23 23:00:00+00,Fri 24 Sep 2021,1908,7390,79,3566799,3456419,239686,3806485,3696105,80.8358500178492,78.4917816384991,481
-7.6926,53.28823,2021/09/24 23:00:00+00,Sat 25 Sep 2021,2414,6591,52,3569213,3463010,239738,3808951,3702748,80.8882188584315,78.6328547155423,482
-7.6926,53.28823,2021/09/25 23:00:00+00,Sun 26 Sep 2021,1548,7097,0,3570761,3470107,239738,3810499,3709845,80.921092729162,78.7835690957583,483
-7.6926,53.28823,2021/09/26 23:00:00+00,Mon 27 Sep 2021,1176,3814,45,3571937,3473921,239783,3811720,3713704,80.9470223132459,78.865520172728,484
-7.6926,53.28823,2021/09/27 23:00:00+00,Tue 28 Sep 2021,1448,5122,93,3573385,3479043,239876,3813261,3718919,80.9797475295222,78.9762677411127,485
-7.6926,53.28823,2021/09/28 23:00:00+00,Wed 29 Sep 2021,1651,3612,79,3575036,3482655,239955,3814991,3722610,81.0164864160622,79.0546511111814,486
-7.6926,53.28823,2021/09/29 23:00:00+00,Thu 30 Sep 2021,1281,3962,78,3576317,3486617,240033,3816350,3726650,81.0453466165291,79.1404459676099,487
-7.6926,53.28823,2021/09/30 23:00:00+00,Fri 01 Oct 2021,1845,5175,41,3578162,3491792,240074,3818236,3731866,81.0853983737627,79.2512147723453,488
-7.6926,53.28823,2021/10/01 23:00:00+00,Sat 02 Oct 2021,1712,4083,40,3579874,3495875,240114,3819988,3735989,81.1226044600159,79.3387722458736,489
-7.6926,53.28823,2021/10/02 23:00:00+00,Sun 03 Oct 2021,1196,3014,9,3581070,3498889,240123,3821193,3739012,81.1481942624902,79.4029697337408,490
-7.6926,53.28823,2021/10/03 23:00:00+00,Mon 04 Oct 2021,336,1233,18,3581406,3500122,240141,3821547,3740263,81.155711930603,79.4295364083427,491
-7.6926,53.28823,2021/10/04 23:00:00+00,Tue 05 Oct 2021,964,2816,70,3582370,3502938,240211,3822581,3743149,81.1776703171246,79.4908245161775,492
-7.6926,53.28823,2021/10/05 23:00:00+00,Wed 06 Oct 2021,974,2566,38,3583344,3505504,240249,3823593,3745753,81.1991615039329,79.5461239731428,493
-7.6926,53.28823,2021/10/06 23:00:00+00,Thu 07 Oct 2021,1211,2691,44,3584555,3508195,240293,3824848,3748488,81.2258131239373,79.6042053920368,494
-7.6926,53.28823,2021/10/07 23:00:00+00,Fri 08 Oct 2021,963,2778,48,3585518,3510973,240341,3825859,3751314,81.247283074395,79.6642193188356,495
-7.6926,53.28823,2021/10/08 23:00:00+00,Sat 09 Oct 2021,732,2376,23,3586250,3513349,240364,3826614,3753713,81.2633165190988,79.7151653239276,496
-7.6926,53.28823,2021/10/09 23:00:00+00,Sun 10 Oct 2021,1501,3915,1,3587751,3517264,240365,3828116,3757629,81.2952135177017,79.7983268728815,497
-7.6926,53.28823,2021/10/10 23:00:00+00,Mon 11 Oct 2021,331,1121,19,3588082,3518385,240384,3828466,3758769,81.3026462404121,79.8225363125668,498
-7.6926,53.28823,2021/10/11 23:00:00+00,Tue 12 Oct 2021,558,1606,20,3588640,3519991,240404,3829044,3760395,81.3149208510595,79.8570666186442,499
-7.6926,53.28823,2021/10/12 23:00:00+00,Wed 13 Oct 2021,997,2068,11,3589637,3522059,240415,3830052,3762474,81.3363270924654,79.9012169915439,500
-7.6926,53.28823,2021/10/13 23:00:00+00,Thu 14 Oct 2021,682,1590,8,3590319,3523649,240423,3830742,3764072,81.3509801743802,79.9351526798045,501
-7.6926,53.28823,2021/10/14 23:00:00+00,Fri 15 Oct 2021,950,2063,8,3591269,3525712,240431,3831700,3766143,81.371324598256,79.9791331618994,502
-7.6926,53.28823,2021/10/15 23:00:00+00,Sat 16 Oct 2021,1368,2636,14,3592637,3528348,240445,3833082,3768793,81.4006732347868,80.0354094909923,503
-7.6926,53.28823,2021/10/16 23:00:00+00,Sun 17 Oct 2021,1700,2886,2,3594337,3531234,240447,3834784,3771681,81.4368175035098,80.0967400715283,504
-7.6926,53.28823,2021/10/17 23:00:00+00,Mon 18 Oct 2021,670,1238,6,3595007,3532472,240453,3835460,3772925,81.4511732765162,80.123158091676,505
-7.6926,53.28823,2021/10/18 23:00:00+00,Tue 19 Oct 2021,1333,1792,13,3596340,3534264,240466,3836806,3774730,81.4797574044253,80.161489704511,506
-7.6926,53.28823,2021/10/19 23:00:00+00,Wed 20 Oct 2021,2250,2315,0,3598590,3536579,240466,3839056,3777045,81.5275391932778,80.2106518561526,507
-7.6926,53.28823,2021/10/20 23:00:00+00,Thu 21 Oct 2021,1739,1824,11,3600329,3538403,240477,3840806,3778880,81.5647028068297,80.2496205595056,508
-7.6926,53.28823,2021/10/21 23:00:00+00,Fri 22 Oct 2021,1497,1920,3,3601826,3540323,240480,3842306,3780803,81.5965573327314,80.2904580617116,509
-7.6926,53.28823,2021/10/22 23:00:00+00,Sat 23 Oct 2021,2007,1692,1,3603833,3542015,240481,3844314,3782496,81.6391999247384,80.3264112032792,510
-7.6926,53.28823,2021/10/23 23:00:00+00,Sun 24 Oct 2021,1948,2184,2,3605781,3544199,240483,3846264,3784682,81.6806108084105,80.3728338656933,511
-7.6926,53.28823,2021/10/24 23:00:00+00,Mon 25 Oct 2021,1217,840,2,3606998,3545039,240485,3847483,3785524,81.7064979197933,80.3907148728994,512
-7.6926,53.28823,2021/10/25 23:00:00+00,Tue 26 Oct 2021,1237,1212,6,3608235,3546251,240491,3848726,3786742,81.7328947035904,80.4165807479315,513
-7.6926,53.28823,2021/10/26 23:00:00+00,Wed 27 Oct 2021,1555,1414,5,3609790,3547665,240496,3850286,3788161,81.7660234105282,80.4467151294345,514
-7.6926,53.28823,2021/10/27 23:00:00+00,Thu 28 Oct 2021,2150,1683,4,3611940,3549348,240500,3852440,3789848,81.811766509723,80.4825408528986,515
-7.6926,53.28823,2021/10/28 23:00:00+00,Fri 29 Oct 2021,2131,1354,1,3614071,3550702,240501,3854572,3791203,81.8570424092045,80.5113161079631,516
-7.6926,53.28823,2021/10/29 23:00:00+00,Sat 30 Oct 2021,2013,1444,0,3616084,3552146,240501,3856585,3792647,81.8997911829645,80.5419813982311,517
-7.6926,53.28823,2021/10/30 23:00:00+00,Sun 31 Oct 2021,1594,1317,0,3617678,3553463,240501,3858179,3793964,81.9336419258227,80.5699496719727,518
-7.6926,53.28823,2021/11/01 00:00:00+00,Mon 01 Nov 2021,265,270,3,3617943,3553733,240504,3858447,3794237,81.9393332677838,80.5757471956868,519
-7.6926,53.28823,2021/11/02 00:00:00+00,Tue 02 Nov 2021,1090,1081,9,3619033,3554814,240513,3859546,3795327,81.9626720170944,80.598894817842,520
-7.6926,53.28823,2021/11/03 00:00:00+00,Wed 03 Nov 2021,2530,1857,6,3621563,3556671,240519,3862082,3797190,82.0165274022188,80.6384581390119,521
-7.6926,53.28823,2021/11/04 00:00:00+00,Thu 04 Nov 2021,1536,1264,1,3623099,3557935,240520,3863619,3798455,82.0491676730927,80.6653221225223,522
-7.6926,53.28823,2021/11/05 00:00:00+00,Fri 05 Nov 2021,1632,1078,3,3624731,3559013,240523,3865254,3799536,82.0838891063255,80.6882786175221,523
-7.6926,53.28823,2021/11/06 00:00:00+00,Sat 06 Nov 2021,1814,1343,5,3626545,3560356,240528,3867073,3800884,82.1225180280689,80.7169052181324,524
-7.6926,53.28823,2021/11/07 00:00:00+00,Sun 07 Nov 2021,693,770,0,3627238,3561126,240528,3867766,3801654,82.1372348190355,80.7332572080952,525
