X,Y,VaccinationDate,VaccineText,Dose1,Dose2,SingleDose,Dose1Cum,Dose2Cum,SingleDoseCum,PartiallyVacc,FullyVacc,PartialPercent,FullyPercent,ObjectId
-7.6926,53.28823,2021/08/22 23:00:00+00,Mon 23 Aug 2021,10868,15383,290,3437071,3072682,235558,3672629,3308240,77.9932370717876,70.2549445126013,1
-7.6926,53.28823,2021/08/23 23:00:00+00,Tue 24 Aug 2021,9711,22924,384,3446782,3095606,235942,3682724,3331548,78.2076180311057,70.7499213724119,2
-7.6926,53.28823,2021/08/24 23:00:00+00,Wed 25 Aug 2021,9414,19529,315,3456196,3115135,236257,3692453,3351392,78.4142264861039,71.1713355137402,3
-7.6926,53.28823,2021/08/25 23:00:00+00,Thu 26 Aug 2021,8586,19444,369,3464782,3134579,236626,3701408,3371205,78.6043980057368,71.5920913281999,4
-7.6926,53.28823,2021/08/26 23:00:00+00,Fri 27 Aug 2021,9725,19212,432,3474507,3153791,237058,3711565,3390849,78.8200956187922,72.0092581994081,5
-7.6926,53.28823,2021/08/27 23:00:00+00,Sat 28 Aug 2021,9921,7923,153,3484428,3161714,237211,3721639,3398925,79.0340306147477,72.1807629668626,6
-7.6926,53.28823,2021/08/28 23:00:00+00,Sun 29 Aug 2021,8800,9188,30,3493228,3170902,237241,3730469,3408143,79.2215475905555,72.3765196467036,7
-7.6926,53.28823,2021/08/29 23:00:00+00,Mon 30 Aug 2021,5061,11136,84,3498289,3182038,237325,3735614,3419363,79.3308086143982,72.614791500448,8
-7.6926,53.28823,2021/08/30 23:00:00+00,Tue 31 Aug 2021,4062,12889,143,3502351,3194927,237468,3739819,3432395,79.4201074686759,72.8915436214816,9
-7.6926,53.28823,2021/08/31 23:00:00+00,Wed 01 Sep 2021,4963,12532,181,3507314,3207459,237649,3744963,3445108,79.5293472561679,73.1615213466734,10
-7.6926,53.28823,2021/09/01 23:00:00+00,Thu 02 Sep 2021,5010,12360,248,3512324,3219819,237897,3750221,3457716,79.6410079876286,73.4292692550522,11
-7.6926,53.28823,2021/09/02 23:00:00+00,Fri 03 Sep 2021,4775,16071,166,3517099,3235890,238063,3755162,3473953,79.7459367959486,73.7740838797623,12
-7.6926,53.28823,2021/09/03 23:00:00+00,Sat 04 Sep 2021,4628,10583,134,3521727,3246473,238197,3759924,3484670,79.8470642975111,74.0016738491544,13
-7.6926,53.28823,2021/09/04 23:00:00+00,Sun 05 Sep 2021,5307,11903,1,3527034,3258376,238198,3765232,3496574,79.9597868465017,74.2544713667099,14
-7.6926,53.28823,2021/09/05 23:00:00+00,Mon 06 Sep 2021,2160,9678,75,3529194,3268054,238273,3767467,3506327,80.0072500900952,74.4615894941225,15
-7.6926,53.28823,2021/09/06 23:00:00+00,Tue 07 Sep 2021,3031,10023,158,3532225,3278077,238431,3770656,3516508,80.0749728121621,74.6777967795924,16
-7.6926,53.28823,2021/09/07 23:00:00+00,Wed 08 Sep 2021,2610,14797,189,3534835,3292874,238620,3773455,3531494,80.1344133574946,74.9960447297005,17
-7.6926,53.28823,2021/09/08 23:00:00+00,Thu 09 Sep 2021,3116,14809,138,3537951,3307683,238758,3776709,3546441,80.2035164423506,75.3134644621353,18
-7.6926,53.28823,2021/09/09 23:00:00+00,Fri 10 Sep 2021,3384,13944,117,3541335,3321627,238875,3780210,3560502,80.2778649058051,75.6120687879374,19
-7.6926,53.28823,2021/09/10 23:00:00+00,Sat 11 Sep 2021,2559,11337,62,3543894,3332964,238937,3782831,3571901,80.3335253807306,75.8541419484394,20
-7.6926,53.28823,2021/09/11 23:00:00+00,Sun 12 Sep 2021,2041,12883,1,3545935,3345847,238938,3784873,3584785,80.3768900086581,76.1277510895841,21
-7.6926,53.28823,2021/09/12 23:00:00+00,Mon 13 Sep 2021,1616,7743,52,3547551,3353590,238990,3786541,3592580,80.4123122414607,76.2932884425197,22
-7.6926,53.28823,2021/09/13 23:00:00+00,Tue 14 Sep 2021,1548,10784,82,3549099,3364374,239072,3788171,3603446,80.4469274929405,76.5240426281513,23
-7.6926,53.28823,2021/09/14 23:00:00+00,Wed 15 Sep 2021,3283,12367,137,3552382,3376741,239209,3791591,3615950,80.5195558119963,76.7895819560675,24
-7.6926,53.28823,2021/09/15 23:00:00+00,Thu 16 Sep 2021,1913,10573,115,3554295,3387314,239324,3793619,3626638,80.5626231310153,77.0165560712921,25
-7.6926,53.28823,2021/09/16 23:00:00+00,Fri 17 Sep 2021,2561,14613,94,3556856,3401927,239418,3796274,3641345,80.6190056418613,77.3288790795826,26
-7.6926,53.28823,2021/09/17 23:00:00+00,Sat 18 Sep 2021,2289,11233,47,3559145,3413160,239465,3798610,3652625,80.6686137568655,77.5684251143631,27
-7.6926,53.28823,2021/09/18 23:00:00+00,Sun 19 Sep 2021,1862,8491,15,3561007,3421651,239480,3800487,3661131,80.7084743869437,77.7490615125761,28
-7.6926,53.28823,2021/09/19 23:00:00+00,Mon 20 Sep 2021,956,5624,35,3561963,3427275,239515,3801478,3666790,80.7295196103894,77.8692380206277,29
-7.6926,53.28823,2021/09/20 23:00:00+00,Tue 21 Sep 2021,1466,6671,90,3563429,3433946,239605,3803034,3673551,80.7625633719247,78.0128169870418,30
-7.6926,53.28823,2021/09/21 23:00:00+00,Wed 22 Sep 2021,1896,8150,97,3565325,3442096,239702,3805027,3681798,80.8048874186727,78.1879531704491,31
-7.6926,53.28823,2021/09/22 23:00:00+00,Thu 23 Sep 2021,1702,8727,89,3567027,3450823,239791,3806818,3690614,80.8429217225993,78.3751728373484,32
-7.6926,53.28823,2021/09/23 23:00:00+00,Fri 24 Sep 2021,1911,7379,79,3568938,3458202,239870,3808808,3698072,80.8851820602955,78.5335535401315,33
-7.6926,53.28823,2021/09/24 23:00:00+00,Sat 25 Sep 2021,2421,6602,53,3571359,3464804,239923,3811282,3704727,80.9377207916827,78.6748814533819,34
-7.6926,53.28823,2021/09/25 23:00:00+00,Sun 26 Sep 2021,1549,7098,0,3572908,3471902,239923,3812831,3711825,80.9706158987638,78.8256170699485,35
-7.6926,53.28823,2021/09/26 23:00:00+00,Mon 27 Sep 2021,1178,3823,45,3574086,3475725,239968,3814054,3715693,80.9965879555489,78.9077592740736,36
-7.6926,53.28823,2021/09/27 23:00:00+00,Tue 28 Sep 2021,1451,5136,93,3575537,3480861,240061,3815598,3720922,81.029376880877,79.0188041513668,37
-7.6926,53.28823,2021/09/28 23:00:00+00,Wed 29 Sep 2021,1652,3629,79,3577189,3484490,240140,3817329,3724630,81.0661370037675,79.0975485393957,38
-7.6926,53.28823,2021/09/29 23:00:00+00,Thu 30 Sep 2021,1283,3974,78,3578472,3488464,240218,3818690,3728682,81.0950396769356,79.1835982320313,39
-7.6926,53.28823,2021/09/30 23:00:00+00,Fri 01 Oct 2021,1859,5184,42,3580331,3493648,240260,3820591,3733908,81.1354099794283,79.2945794002727,40
-7.6926,53.28823,2021/10/01 23:00:00+00,Sat 02 Oct 2021,1705,4093,40,3582036,3497741,240300,3822336,3738041,81.1724674112273,79.3823492373071,41
-7.6926,53.28823,2021/10/02 23:00:00+00,Sun 03 Oct 2021,1196,3018,9,3583232,3500759,240309,3823541,3741068,81.1980572137016,79.4466316705766,42
-7.6926,53.28823,2021/10/03 23:00:00+00,Mon 04 Oct 2021,339,1242,18,3583571,3502001,240327,3823898,3742328,81.2056385908662,79.473389472334,43
-7.6926,53.28823,2021/10/04 23:00:00+00,Tue 05 Oct 2021,959,2826,70,3584530,3504827,240397,3824927,3745224,81.2274907956347,79.5348899436748,44
-7.6926,53.28823,2021/10/05 23:00:00+00,Wed 06 Oct 2021,975,2575,40,3585505,3507402,240437,3825942,3747839,81.2490456914949,79.5904230004967,45
-7.6926,53.28823,2021/10/06 23:00:00+00,Thu 07 Oct 2021,1213,2699,44,3586718,3510101,240481,3827199,3750582,81.2757397842005,79.6486743101956,46
-7.6926,53.28823,2021/10/07 23:00:00+00,Fri 08 Oct 2021,937,2771,48,3587655,3512872,240529,3828184,3753401,81.2966575895425,79.7085395825401,47
-7.6926,53.28823,2021/10/08 23:00:00+00,Sat 09 Oct 2021,730,2377,23,3588385,3515249,240552,3828937,3755801,81.3126485615452,79.7595068239827,48
-7.6926,53.28823,2020/12/28 00:00:00+00,Mon 28 Dec 2020,223,14,1,223,14,1,224,15,0.00475694253464764,0.000318545259016583,49
-7.6926,53.28823,2021/10/09 23:00:00+00,Sun 10 Oct 2021,1507,3918,2,3589892,3519167,240554,3830446,3759721,81.3446942146022,79.842753318339,50
-7.6926,53.28823,2021/10/10 23:00:00+00,Mon 11 Oct 2021,334,1128,19,3590226,3520295,240573,3830799,3760868,81.3521906463644,79.8671114124785,51
-7.6926,53.28823,2021/10/11 23:00:00+00,Tue 12 Oct 2021,562,1611,20,3590788,3521906,240593,3831381,3762499,81.3645502024143,79.9017479003089,52
-7.6926,53.28823,2021/10/12 23:00:00+00,Wed 13 Oct 2021,989,2073,11,3591777,3523979,240604,3832381,3764583,81.3857865530154,79.9460044549616,53
-7.6926,53.28823,2021/10/13 23:00:00+00,Thu 14 Oct 2021,670,1604,8,3592447,3525583,240612,3833059,3766195,81.4001847987229,79.9802374521306,54
-7.6926,53.28823,2021/10/14 23:00:00+00,Fri 15 Oct 2021,954,2069,9,3593401,3527652,240621,3834022,3768273,81.4206354043518,80.0243665886797,55
-7.6926,53.28823,2021/10/15 23:00:00+00,Sat 16 Oct 2021,1373,2647,14,3594774,3530299,240635,3835409,3770934,81.4500902226355,80.0808765176292,56
-7.6926,53.28823,2021/10/16 23:00:00+00,Sun 17 Oct 2021,1701,2892,2,3596475,3533191,240637,3837112,3773828,81.4862557277092,80.1423345162689,57
-7.6926,53.28823,2021/10/17 23:00:00+00,Mon 18 Oct 2021,673,1246,6,3597148,3534437,240643,3837791,3775080,81.5006752097674,80.1689224272214,58
-7.6926,53.28823,2021/10/18 23:00:00+00,Tue 19 Oct 2021,1333,1802,13,3598481,3536239,240656,3839137,3776895,81.5292593376765,80.2074664035624,59
-7.6926,53.28823,2021/10/19 23:00:00+00,Wed 20 Oct 2021,2253,2329,0,3600734,3538568,240656,3841390,3779224,81.5771048355807,80.2569258641124,60
-7.6926,53.28823,2021/10/20 23:00:00+00,Thu 21 Oct 2021,1729,1842,11,3602463,3540410,240667,3843130,3781077,81.6140560856267,80.2962768217763,61
-7.6926,53.28823,2021/10/21 23:00:00+00,Fri 22 Oct 2021,1504,1927,3,3603967,3542337,240670,3844637,3783007,81.6460592659825,80.3372629784364,62
-7.6926,53.28823,2021/10/22 23:00:00+00,Sat 23 Oct 2021,2015,1701,1,3605982,3544038,240671,3846653,3784709,81.6888717487944,80.3734072471595,63
-7.6926,53.28823,2021/10/23 23:00:00+00,Sun 24 Oct 2021,1949,2186,2,3607931,3546224,240673,3848604,3786897,81.7303038688171,80.4198723822747,64
-7.6926,53.28823,2021/10/24 23:00:00+00,Mon 25 Oct 2021,1220,853,2,3609151,3547077,240675,3849826,3787752,81.7562546892517,80.4380294620386,65
-7.6926,53.28823,2021/10/25 23:00:00+00,Tue 26 Oct 2021,1235,1226,6,3610386,3548303,240681,3851067,3788984,81.7826090003476,80.4641926459792,66
-7.6926,53.28823,2021/10/26 23:00:00+00,Wed 27 Oct 2021,1554,1420,5,3611940,3549723,240686,3852626,3790409,81.8157164709348,80.4944544455858,67
-7.6926,53.28823,2021/10/27 23:00:00+00,Thu 28 Oct 2021,2149,1690,5,3614089,3551413,240691,3854780,3792104,81.8614595701295,80.5304500598547,68
-7.6926,53.28823,2021/10/28 23:00:00+00,Fri 29 Oct 2021,2135,1361,2,3616224,3552774,240693,3856917,3793467,81.9068416513641,80.559395205724,69
-7.6926,53.28823,2021/10/29 23:00:00+00,Sat 30 Oct 2021,2017,1449,1,3618241,3554223,240694,3858935,3794917,81.9496966068771,80.5901879140956,70
-7.6926,53.28823,2021/10/30 23:00:00+00,Sun 31 Oct 2021,1594,1320,0,3619835,3555543,240694,3860529,3796237,81.9835473497353,80.618219896889,71
-7.6926,53.28823,2021/11/01 00:00:00+00,Mon 01 Nov 2021,278,287,2,3620113,3555830,240696,3860809,3796526,81.9894935279036,80.6243572022127,72
-7.6926,53.28823,2021/11/02 00:00:00+00,Tue 02 Nov 2021,1097,1094,10,3621210,3556924,240706,3861916,3797630,82.013002168019,80.6478021332764,73
-7.6926,53.28823,2021/11/03 00:00:00+00,Wed 03 Nov 2021,2533,1877,6,3623743,3558801,240712,3864455,3799513,82.0669212621952,80.6877901814582,74
-7.6926,53.28823,2021/11/04 00:00:00+00,Thu 04 Nov 2021,1533,1281,1,3625276,3560082,240713,3865989,3800795,82.0994978240173,80.7150151829289,75
-7.6926,53.28823,2021/11/05 00:00:00+00,Fri 05 Nov 2021,1628,1093,3,3626904,3561175,240716,3867620,3801891,82.1341343118477,80.7382902231877,76
-7.6926,53.28823,2021/11/06 00:00:00+00,Sat 06 Nov 2021,1815,1354,6,3628719,3562529,240722,3869441,3803251,82.1728057062924,80.7671716600052,77
-7.6926,53.28823,2021/11/07 00:00:00+00,Sun 07 Nov 2021,695,775,0,3629414,3563304,240722,3870136,3804026,82.1875649699601,80.783629831721,78
-7.6926,53.28823,2021/11/08 00:00:00+00,Mon 08 Nov 2021,516,529,3,3629930,3563833,240725,3870655,3804558,82.1985866359221,80.7949275702408,79
-7.6926,53.28823,2021/11/09 00:00:00+00,Tue 09 Nov 2021,1369,1062,3,3631299,3564895,240728,3872027,3805623,82.2277229089468,80.817544283631,80
-7.6926,53.28823,2021/11/10 00:00:00+00,Wed 10 Nov 2021,1608,1359,1,3632907,3566254,240729,3873636,3806983,82.261892197064,80.8464257204485,81
-7.6926,53.28823,2021/11/11 00:00:00+00,Thu 11 Nov 2021,1384,1111,1,3634291,3567365,240730,3875021,3808095,82.2913045426465,80.8700405423169,82
-7.6926,53.28823,2021/11/12 00:00:00+00,Fri 12 Nov 2021,1141,1154,6,3635432,3568519,240736,3876168,3809255,82.315662636786,80.8946747090142,83
-7.6926,53.28823,2021/11/13 00:00:00+00,Sat 13 Nov 2021,1396,1375,0,3636828,3569894,240736,3877564,3810630,82.3453085822251,80.9238746910907,84
-7.6926,53.28823,2021/11/14 00:00:00+00,Sun 14 Nov 2021,1648,1806,0,3638476,3571700,240736,3879212,3812436,82.3803060880158,80.9622275402763,85
-7.6926,53.28823,2021/11/15 00:00:00+00,Mon 15 Nov 2021,1237,592,1,3639713,3572292,240737,3880450,3813029,82.4065966900599,80.9748206961828,86
-7.6926,53.28823,2021/11/16 00:00:00+00,Tue 16 Nov 2021,1316,1071,5,3641029,3573363,240742,3881771,3814105,82.434649909204,80.9976710094296,87
-7.6926,53.28823,2021/11/17 00:00:00+00,Wed 17 Nov 2021,1497,1112,1,3642526,3574475,240743,3883269,3815218,82.4664619624044,81.0213070676486,88
-7.6926,53.28823,2021/11/18 00:00:00+00,Thu 18 Nov 2021,1643,2501,5,3644169,3576976,240748,3884917,3817724,82.5014594681951,81.074525362255,89
-7.6926,53.28823,2021/11/19 00:00:00+00,Fri 19 Nov 2021,1162,1551,0,3645331,3578527,240748,3886079,3819275,82.5261361075935,81.1074629420373,90
-7.6926,53.28823,2021/11/20 00:00:00+00,Sat 20 Nov 2021,1545,2938,12,3646876,3581465,240760,3887636,3822225,82.5592011054795,81.1701101763105,91
-7.6926,53.28823,2021/11/21 00:00:00+00,Sun 21 Nov 2021,1788,2763,0,3648664,3584228,240760,3889424,3824988,82.5971717003542,81.2287862130214,92
-7.6926,53.28823,2021/11/22 00:00:00+00,Mon 22 Nov 2021,719,519,2,3649383,3584747,240762,3890145,3825509,82.6124831091376,81.2398503516846,93
-7.6926,53.28823,2021/11/23 00:00:00+00,Tue 23 Nov 2021,2153,1591,7,3651536,3586338,240769,3892305,3827107,82.658353626436,81.2737860399452,94
-7.6926,53.28823,2021/11/24 00:00:00+00,Wed 24 Nov 2021,1607,3143,2,3653143,3589481,240771,3893914,3830252,82.6925229145532,81.3405743625856,95
-7.6926,53.28823,2021/11/25 00:00:00+00,Thu 25 Nov 2021,975,1182,1,3654118,3590663,240772,3894890,3831435,82.7132495927399,81.3656969653467,96
-7.6926,53.28823,2021/12/20 00:00:00+00,Mon 20 Dec 2021,504,615,0,3679171,3624282,240827,3919998,3865109,83.2464518836324,82.0808098354884,97
-7.6926,53.28823,2021/11/26 00:00:00+00,Fri 26 Nov 2021,1285,1104,12,3655403,3591767,240784,3896187,3832551,82.7407931394695,81.3893967326176,98
-7.6926,53.28823,2021/11/27 00:00:00+00,Sat 27 Nov 2021,1200,1565,6,3656603,3593332,240790,3897393,3834122,82.7664041782945,81.4227590394119,99
-7.6926,53.28823,2021/11/28 00:00:00+00,Sun 28 Nov 2021,1953,2256,0,3658556,3595588,240790,3899346,3836378,82.8078787710184,81.470668246368,100
-7.6926,53.28823,2021/11/29 00:00:00+00,Mon 29 Nov 2021,532,993,1,3659088,3596581,240791,3899879,3837372,82.8191977458888,81.4917771788655,101
-7.6926,53.28823,2021/11/30 00:00:00+00,Tue 30 Nov 2021,1894,1645,6,3660982,3598226,240797,3901779,3839023,82.8595468120309,81.5268383937079,102
-7.6926,53.28823,2021/12/01 00:00:00+00,Wed 01 Dec 2021,1036,1380,4,3662018,3599606,240801,3902819,3840407,82.881632616656,81.5562295029399,103
-7.6926,53.28823,2021/12/02 00:00:00+00,Thu 02 Dec 2021,1739,1411,0,3663757,3601017,240801,3904558,3841818,82.9185626303514,81.586193993638,104
-7.6926,53.28823,2021/12/03 00:00:00+00,Fri 03 Dec 2021,1014,1186,2,3664771,3602203,240803,3905574,3843006,82.9401387625621,81.6114227781521,105
-7.6926,53.28823,2021/12/04 00:00:00+00,Sat 04 Dec 2021,1202,1699,1,3665973,3603902,240804,3906777,3844706,82.9656860923352,81.647524574174,106
-7.6926,53.28823,2021/12/05 00:00:00+00,Sun 05 Dec 2021,1346,1774,2,3667319,3605676,240806,3908125,3846482,82.9943126929455,81.6852403328416,107
-7.6926,53.28823,2021/12/06 00:00:00+00,Mon 06 Dec 2021,931,1292,0,3668250,3606968,240806,3909056,3847774,83.0140837353551,81.7126776978182,108
-7.6926,53.28823,2021/12/07 00:00:00+00,Tue 07 Dec 2021,483,740,2,3668733,3607708,240808,3909541,3848516,83.0243833653967,81.7284350699642,109
-7.6926,53.28823,2021/12/08 00:00:00+00,Wed 08 Dec 2021,785,1516,2,3669518,3609224,240810,3910328,3850034,83.0410963733198,81.7606718501767,110
-7.6926,53.28823,2021/12/09 00:00:00+00,Thu 09 Dec 2021,784,1208,1,3670302,3610432,240811,3911113,3851243,83.0577669085416,81.7863465980534,111
-7.6926,53.28823,2021/12/10 00:00:00+00,Fri 10 Dec 2021,886,1612,1,3671188,3612044,240812,3912000,3852856,83.0766035515248,81.820600831573,112
-7.6926,53.28823,2021/12/11 00:00:00+00,Sat 11 Dec 2021,638,841,2,3671826,3612885,240814,3912640,3853699,83.0901948159095,81.8385030751298,113
-7.6926,53.28823,2021/12/12 00:00:00+00,Sun 12 Dec 2021,686,1191,0,3672512,3614076,240814,3913326,3854890,83.1047629524219,81.8637955686957,114
-7.6926,53.28823,2021/12/13 00:00:00+00,Mon 13 Dec 2021,719,1067,1,3673231,3615143,240815,3914046,3855958,83.1200531248547,81.8864759911376,115
-7.6926,53.28823,2021/12/14 00:00:00+00,Tue 14 Dec 2021,625,1200,3,3673856,3616343,240818,3914674,3857161,83.1333895530322,81.9120233209108,116
-7.6926,53.28823,2021/12/15 00:00:00+00,Wed 15 Dec 2021,786,1255,0,3674642,3617598,240818,3915460,3858416,83.1500813246046,81.9386749409152,117
-7.6926,53.28823,2021/12/16 00:00:00+00,Thu 16 Dec 2021,1041,1541,7,3675683,3619139,240825,3916508,3859964,83.1723370200346,81.9715488116457,118
-7.6926,53.28823,2021/12/17 00:00:00+00,Fri 17 Dec 2021,1198,2458,1,3676881,3621597,240826,3917707,3862423,83.1977994044053,82.0237689977738,119
-7.6926,53.28823,2021/12/18 00:00:00+00,Sat 18 Dec 2021,1245,1183,0,3678126,3622780,240826,3918952,3863606,83.2242386609037,82.0488916005349,120
-7.6926,53.28823,2021/12/19 00:00:00+00,Sun 19 Dec 2021,541,887,1,3678667,3623667,240827,3919494,3864494,83.2357487629295,82.0677494798687,121
-7.6926,53.28823,2021/04/25 23:00:00+00,Mon 26 Apr 2021,15594,3055,3,1063621,434155,260,1063881,434415,22.5929499138547,9.22538924637925,122
-7.6926,53.28823,2020/12/29 00:00:00+00,Tue 29 Dec 2020,77,2,0,300,16,1,301,17,0.00639214153093276,0.000361017960218794,123
-7.6926,53.28823,2020/12/30 00:00:00+00,Wed 30 Dec 2020,1057,1,0,1357,17,1,1358,18,0.0288389641163013,0.000382254310819899,124
-7.6926,53.28823,2020/12/31 00:00:00+00,Thu 31 Dec 2020,1033,1,0,2390,18,1,2391,19,0.0507761142872433,0.000403490661421005,125
-7.6926,53.28823,2021/04/26 23:00:00+00,Tue 27 Apr 2021,25916,7816,9,1089537,441971,269,1089806,442240,23.1435023031884,9.39156368983291,126
-7.6926,53.28823,2021/01/01 00:00:00+00,Fri 01 Jan 2021,814,0,0,3204,18,1,3205,19,0.0680625036765432,0.000403490661421005,127
-7.6926,53.28823,2021/12/21 00:00:00+00,Tue 21 Dec 2021,1395,1816,3,3680566,3626098,240830,3921396,3866928,83.2761403017728,82.1194387572318,128
-7.6926,53.28823,2021/04/27 23:00:00+00,Wed 28 Apr 2021,26038,8610,5,1115575,450581,274,1115849,450855,23.696560581893,9.57451485026143,129
-7.6926,53.28823,2021/01/02 00:00:00+00,Sat 02 Jan 2021,1016,0,0,4220,18,1,4221,19,0.0896386358872664,0.000403490661421005,130
-7.6926,53.28823,2021/12/22 00:00:00+00,Wed 22 Dec 2021,1155,1591,2,3681721,3627689,240832,3922553,3868521,83.3007107594183,82.1532682637393,131
-7.6926,53.28823,2021/04/28 23:00:00+00,Thu 29 Apr 2021,31689,11334,6,1147264,461915,280,1147544,462195,24.369646714195,9.81533506607797,132
-7.6926,53.28823,2021/01/03 00:00:00+00,Sun 03 Jan 2021,20,2,1,4240,20,2,4242,22,0.0900845992498896,0.000467199713224322,133
-7.6926,53.28823,2021/12/23 00:00:00+00,Thu 23 Dec 2021,920,1389,0,3682641,3629078,240832,3923473,3869910,83.3202482019713,82.1827655547243,134
-7.6926,53.28823,2021/04/29 23:00:00+00,Fri 30 Apr 2021,36110,13530,8,1183374,475445,288,1183662,475733,25.1366612252058,10.1028327805157,135
-7.6926,53.28823,2021/01/04 00:00:00+00,Mon 04 Jan 2021,1189,3,0,5429,23,2,5431,25,0.115334620114604,0.000530908765027638,136
-7.6926,53.28823,2021/12/24 00:00:00+00,Fri 24 Dec 2021,100,157,0,3682741,3629235,240832,3923573,3870067,83.3223718370314,82.1860996617686,137
-7.6926,53.28823,2021/04/30 23:00:00+00,Sat 01 May 2021,16583,6698,18,1199957,482143,306,1200263,482449,25.4892058815347,10.2454561111528,138
-7.6926,53.28823,2021/01/05 00:00:00+00,Tue 05 Jan 2021,3531,13,0,8960,36,2,8962,38,0.190320174087108,0.00080698132284201,139
-7.6926,53.28823,2021/12/25 00:00:00+00,Sat 25 Dec 2021,1,5,0,3682742,3629240,240832,3923574,3870072,83.322393073382,82.1862058435216,140
-7.6926,53.28823,2021/05/01 23:00:00+00,Sun 02 May 2021,12463,909,15,1212420,483052,321,1212741,483373,25.7541930643353,10.2650784991082,141
-7.6926,53.28823,2021/01/06 00:00:00+00,Wed 06 Jan 2021,6777,12,0,15737,48,2,15739,50,0.3342389221108,0.00106181753005528,142
-7.6926,53.28823,2021/12/26 00:00:00+00,Sun 26 Dec 2021,12,10,0,3682754,3629250,240832,3923586,3870082,83.3226479095892,82.1864182070277,143
-7.6926,53.28823,2021/05/02 23:00:00+00,Mon 03 May 2021,14265,926,21,1226685,483978,342,1227027,484320,26.0575755690227,10.2851893231274,144
-7.6926,53.28823,2021/01/07 00:00:00+00,Thu 07 Jan 2021,11726,8,0,27463,56,2,27465,58,0.583256369259363,0.00123170833486412,145
-7.6926,53.28823,2021/12/27 00:00:00+00,Mon 27 Dec 2021,389,589,0,3683143,3629839,240832,3923975,3870671,83.330908849973,82.1989264175317,146
-7.6926,53.28823,2021/12/28 00:00:00+00,Tue 28 Dec 2021,465,746,0,3683608,3630585,240832,3924440,3871417,83.3407837530026,82.2147687350801,147
-7.6926,53.28823,2021/12/29 00:00:00+00,Wed 29 Dec 2021,1058,1306,0,3684666,3631891,240832,3925498,3872723,83.3632518119385,82.2425034089652,148
-7.6926,53.28823,2021/12/30 00:00:00+00,Thu 30 Dec 2021,1047,1195,1,3685713,3633086,240833,3926546,3873919,83.3855075073685,82.2679020842841,149
-7.6926,53.28823,2021/12/31 00:00:00+00,Fri 31 Dec 2021,710,1680,0,3686423,3634766,240833,3927256,3875599,83.4005853162953,82.303579153294,150
-7.6926,53.28823,2022/01/01 00:00:00+00,Sat 01 Jan 2022,64,98,0,3686487,3634864,240833,3927320,3875697,83.4019444427337,82.3056603156529,151
-7.6926,53.28823,2022/01/02 00:00:00+00,Sun 02 Jan 2022,270,627,0,3686757,3635491,240833,3927590,3876324,83.407678257396,82.3189755074798,152
-7.6926,53.28823,2022/01/03 00:00:00+00,Mon 03 Jan 2022,3630,726,1,3690387,3636217,240834,3931221,3877051,83.4847874464287,82.3344143343668,153
-7.6926,53.28823,2022/01/04 00:00:00+00,Tue 04 Jan 2022,1186,779,1,3691573,3636996,240835,3932408,3877831,83.5099949945922,82.3509786878356,154
-7.6926,53.28823,2022/01/05 00:00:00+00,Wed 05 Jan 2022,2140,900,0,3693713,3637896,240835,3934548,3878731,83.5554407848785,82.3700914033766,155
-7.6926,53.28823,2022/01/06 00:00:00+00,Thu 06 Jan 2022,2455,1693,1,3696168,3639589,240836,3937004,3880425,83.6075972619549,82.4060657812949,156
-7.6926,53.28823,2022/01/07 00:00:00+00,Fri 07 Jan 2022,4853,785,2,3701021,3640374,240838,3941859,3881212,83.7106997441232,82.422778789218,157
-7.6926,53.28823,2022/01/08 00:00:00+00,Sat 08 Jan 2022,9789,738,2,3710810,3641112,240840,3951650,3881952,83.9186248528586,82.4384936886628,158
-7.6926,53.28823,2022/01/09 00:00:00+00,Sun 09 Jan 2022,7115,664,0,3717925,3641776,240840,3958765,3882616,84.0697214873855,82.4525946254619,159
-7.6926,53.28823,2022/01/10 00:00:00+00,Mon 10 Jan 2022,6658,507,1,3724583,3642283,240841,3965424,3883124,84.2111343460383,82.4633826915673,160
-7.6926,53.28823,2022/01/11 00:00:00+00,Tue 11 Jan 2022,4774,1367,1,3729357,3643650,240842,3970199,3884492,84.3125379201585,82.4924340191896,161
-7.6926,53.28823,2022/01/12 00:00:00+00,Wed 12 Jan 2022,7559,918,1,3736916,3644568,240843,3977759,3885411,84.4730847307029,82.511950225392,162
-7.6926,53.28823,2022/01/13 00:00:00+00,Thu 13 Jan 2022,7321,815,0,3744237,3645383,240843,3985080,3886226,84.6285560534536,82.5292578511319,163
-7.6926,53.28823,2022/01/14 00:00:00+00,Fri 14 Jan 2022,10721,833,0,3754958,3646216,240843,3995801,3887059,84.856230968248,82.5469477311826,164
-7.6926,53.28823,2022/01/15 00:00:00+00,Sat 15 Jan 2022,8359,652,2,3763317,3646868,240845,4004162,3887713,85.0337880956239,82.5608363044757,165
-7.6926,53.28823,2022/01/16 00:00:00+00,Sun 16 Jan 2022,6965,1215,1,3770282,3648083,240846,4011128,3888929,85.1817205139112,82.5866597068067,166
-7.6926,53.28823,2022/01/17 00:00:00+00,Mon 17 Jan 2022,2562,560,0,3772844,3648643,240846,4013690,3889489,85.2361280441512,82.5985520631433,167
-7.6926,53.28823,2022/01/18 00:00:00+00,Tue 18 Jan 2022,4056,448,3,3776900,3649091,240849,4017749,3889940,85.3223263912411,82.6081296572644,168
-7.6926,53.28823,2022/01/19 00:00:00+00,Wed 19 Jan 2022,3487,622,0,3780387,3649713,240849,4021236,3890562,85.3963775457872,82.6213386673383,169
-7.6926,53.28823,2022/01/20 00:00:00+00,Thu 20 Jan 2022,3691,932,0,3784078,3650645,240849,4024927,3891494,85.4747609158558,82.6411309460985,170
-7.6926,53.28823,2022/01/21 00:00:00+00,Fri 21 Jan 2022,3250,976,0,3787328,3651621,240849,4028177,3892470,85.5437790553094,82.6618576242852,171
-7.6926,53.28823,2022/01/22 00:00:00+00,Sat 22 Jan 2022,4270,643,0,3791598,3652264,240849,4032447,3893113,85.6344582723762,82.6755125977217,172
-7.6926,53.28823,2022/01/23 00:00:00+00,Sun 23 Jan 2022,3092,677,0,3794690,3652941,240849,4035539,3893790,85.7001210684348,82.6898896070787,173
-7.6926,53.28823,2022/01/24 00:00:00+00,Mon 24 Jan 2022,646,461,0,3795336,3653402,240849,4036185,3894251,85.7138397509231,82.6996795647058,174
-7.6926,53.28823,2022/01/25 00:00:00+00,Tue 25 Jan 2022,692,1837,0,3796028,3655239,240849,4036877,3896088,85.7285353055391,82.73869074076,175
-7.6926,53.28823,2022/01/26 00:00:00+00,Wed 26 Jan 2022,700,896,0,3796728,3656135,240849,4037577,3896984,85.7434007509598,82.7577185108986,176
-7.6926,53.28823,2022/01/27 00:00:00+00,Thu 27 Jan 2022,1272,1175,0,3798000,3657310,240849,4038849,3898159,85.7704133889244,82.7826712228549,177
-7.6926,53.28823,2022/01/28 00:00:00+00,Fri 28 Jan 2022,1027,3094,1,3799027,3660404,240850,4039877,3901254,85.7922443573424,82.8483977279653,178
-7.6926,53.28823,2022/01/29 00:00:00+00,Sat 29 Jan 2022,2328,3444,0,3801355,3663848,240850,4042205,3904698,85.8416825815417,82.9215357194355,179
-7.6926,53.28823,2022/01/30 00:00:00+00,Sun 30 Jan 2022,1638,7537,0,3802993,3671385,240850,4043843,3912235,85.8764677238264,83.0815940939161,180
-7.6926,53.28823,2022/01/31 00:00:00+00,Mon 31 Jan 2022,480,1392,0,3803473,3672777,240850,4044323,3913627,85.8866611721149,83.1111550939528,181
-7.6926,53.28823,2022/02/01 00:00:00+00,Tue 01 Feb 2022,747,3417,1,3804220,3676194,240851,4045071,3917045,85.9025459623645,83.1837409403074,182
-7.6926,53.28823,2022/02/02 00:00:00+00,Wed 02 Feb 2022,650,2997,0,3804870,3679191,240851,4045721,3920042,85.9163495902552,83.2473862830589,183
-7.6926,53.28823,2022/02/03 00:00:00+00,Thu 03 Feb 2022,905,2434,1,3805775,3681625,240852,4046627,3922477,85.9355897238998,83.2990967967726,184
-7.6926,53.28823,2022/02/04 00:00:00+00,Fri 04 Feb 2022,1173,6523,0,3806948,3688148,240852,4047800,3929000,85.9604999631549,83.4376215117436,185
-7.6926,53.28823,2022/02/05 00:00:00+00,Sat 05 Feb 2022,1777,5750,0,3808725,3693898,240852,4049577,3934750,85.9982369581731,83.5597305277,186
-7.6926,53.28823,2022/02/06 00:00:00+00,Sun 06 Feb 2022,1407,7555,0,3810132,3701453,240852,4050984,3942305,86.0281165034689,83.7201711564913,187
-7.6926,53.28823,2022/02/07 00:00:00+00,Mon 07 Feb 2022,440,1351,0,3810572,3702804,240852,4051424,3943656,86.0374604977333,83.7488614661534,188
-7.6926,53.28823,2022/02/08 00:00:00+00,Tue 08 Feb 2022,901,1236,0,3811473,3704040,240852,4052325,3944892,86.0565944496249,83.7751095954964,189
-7.6926,53.28823,2022/02/09 00:00:00+00,Wed 09 Feb 2022,1332,1783,0,3812805,3705823,240852,4053657,3946675,86.0848812686256,83.8129740086181,190
-7.6926,53.28823,2022/02/10 00:00:00+00,Thu 10 Feb 2022,684,2548,0,3813489,3708371,240852,4054341,3949223,86.0994069324368,83.8670842299498,191
-7.6926,53.28823,2022/02/11 00:00:00+00,Fri 11 Feb 2022,547,4920,0,3814036,3713291,240852,4054888,3954143,86.1110232162156,83.9715670749072,192
-7.6926,53.28823,2022/02/12 00:00:00+00,Sat 12 Feb 2022,1397,5462,0,3815433,3718753,240852,4056285,3959605,86.1406903980053,84.0875600218904,193
-7.6926,53.28823,2022/02/13 00:00:00+00,Sun 13 Feb 2022,1567,4706,0,3817000,3723459,240852,4057852,3964311,86.1739677593972,84.1874982878192,194
-7.6926,53.28823,2022/02/14 00:00:00+00,Mon 14 Feb 2022,173,953,0,3817173,3724412,240852,4058025,3965264,86.1776416480512,84.2077365299421,195
-7.6926,53.28823,2022/02/15 00:00:00+00,Tue 15 Feb 2022,649,818,1,3817822,3725230,240853,4058675,3966083,86.191445275942,84.2251291010844,196
-7.6926,53.28823,2022/02/16 00:00:00+00,Wed 16 Feb 2022,800,1785,0,3818622,3727015,240853,4059475,3967868,86.2084343564228,84.2630359869074,197
-7.6926,53.28823,2022/02/17 00:00:00+00,Thu 17 Feb 2022,791,1192,2,3819413,3728207,240855,4060268,3969062,86.2252747824495,84.2883921895251,198
-7.6926,53.28823,2022/02/18 00:00:00+00,Fri 18 Feb 2022,790,3293,0,3820203,3731500,240855,4061058,3972355,86.2420514994244,84.3583234920545,199
-7.6926,53.28823,2022/02/19 00:00:00+00,Sat 19 Feb 2022,980,3555,0,3821183,3735055,240855,4062038,3975910,86.2628631230135,84.4338187184415,200
-7.6926,53.28823,2022/02/20 00:00:00+00,Sun 20 Feb 2022,1366,3587,0,3822549,3738642,240855,4063404,3979497,86.2918719779346,84.5099935080476,201
-7.6926,53.28823,2022/02/21 00:00:00+00,Mon 21 Feb 2022,253,994,1,3822802,3739636,240856,4063658,3980492,86.2972660109873,84.5311236768957,202
-7.6926,53.28823,2022/02/22 00:00:00+00,Tue 22 Feb 2022,475,981,0,3823277,3740617,240856,4064133,3981473,86.3073532775228,84.5519565368354,203
-7.6926,53.28823,2022/02/23 00:00:00+00,Wed 23 Feb 2022,831,1272,1,3824108,3741889,240857,4064965,3982746,86.3250219212229,84.5789904111506,204
-7.6926,53.28823,2022/02/24 00:00:00+00,Thu 24 Feb 2022,657,1233,0,3824765,3743122,240857,4065622,3983979,86.3389742035678,84.6051748314418,205
-7.6926,53.28823,2022/02/25 00:00:00+00,Fri 25 Feb 2022,690,1228,0,3825455,3744350,240857,4066312,3985207,86.3536272854826,84.6312530699799,206
-7.6926,53.28823,2022/02/26 00:00:00+00,Sat 26 Feb 2022,959,2092,0,3826414,3746442,240857,4067271,3987299,86.373992945709,84.6756795154375,207
-7.6926,53.28823,2022/02/27 00:00:00+00,Sun 27 Feb 2022,671,1783,0,3827085,3748225,240857,4067942,3989082,86.3882425369624,84.7135439285592,208
-7.6926,53.28823,2022/02/28 00:00:00+00,Mon 28 Feb 2022,81,428,0,3827166,3748653,240857,4068023,3989510,86.3899626813611,84.7226330866165,209
-7.6926,53.28823,2022/03/01 00:00:00+00,Tue 01 Mar 2022,129,937,0,3827295,3749590,240857,4068152,3990447,86.3927021705886,84.7425315471297,210
-7.6926,53.28823,2022/03/02 00:00:00+00,Wed 02 Mar 2022,206,996,2,3827501,3750586,240859,4068360,3991445,86.3971193315137,84.7637254250296,211
-7.6926,53.28823,2022/03/03 00:00:00+00,Thu 03 Mar 2022,279,1273,0,3827780,3751859,240859,4068639,3992718,86.4030442733314,84.7907592993448,212
-7.6926,53.28823,2022/03/04 00:00:00+00,Fri 04 Mar 2022,734,1506,1,3828514,3753365,240860,4069374,3994225,86.4186529910232,84.8227624797007,213
-7.6926,53.28823,2022/03/05 00:00:00+00,Sat 05 Mar 2022,962,3341,0,3829476,3756706,240860,4070336,3997566,86.4390823603014,84.893713127059,214
-7.6926,53.28823,2022/03/06 00:00:00+00,Sun 06 Mar 2022,455,1915,0,3829931,3758621,240860,4070791,3999481,86.4487448998249,84.9343807384601,215
-7.6926,53.28823,2022/03/07 00:00:00+00,Mon 07 Mar 2022,114,123,1,3830045,3758744,240861,4070906,3999605,86.4511870801441,84.9370140459347,216
-7.6926,53.28823,2022/03/08 00:00:00+00,Tue 08 Mar 2022,120,492,0,3830165,3759236,240861,4071026,4000097,86.4537354422162,84.9474623304304,217
-7.6926,53.28823,2022/03/09 00:00:00+00,Wed 09 Mar 2022,129,344,1,3830294,3759580,240862,4071156,4000442,86.4564961677944,84.9547888713878,218
-7.6926,53.28823,2022/03/10 00:00:00+00,Thu 10 Mar 2022,258,508,0,3830552,3760088,240862,4071414,4000950,86.4619751462494,84.9655769374931,219
-7.6926,53.28823,2022/03/11 00:00:00+00,Fri 11 Mar 2022,492,2182,0,3831044,3762270,240862,4071906,4003132,86.4724234307452,85.0119146545047,220
-7.6926,53.28823,2022/03/12 00:00:00+00,Sat 12 Mar 2022,473,2391,2,3831517,3764661,240864,4072381,4005525,86.4825106972807,85.0627332414932,221
-7.6926,53.28823,2022/03/13 00:00:00+00,Sun 13 Mar 2022,358,1082,0,3831875,3765743,240864,4072739,4006607,86.4901133107959,85.0857109728436,222
-7.6926,53.28823,2022/03/14 00:00:00+00,Mon 14 Mar 2022,109,121,0,3831984,3765864,240864,4072848,4006728,86.4924280730114,85.0882805712663,223
-7.6926,53.28823,2022/03/15 00:00:00+00,Tue 15 Mar 2022,219,757,1,3832203,3766621,240865,4073068,4007486,86.4971000701437,85.104377725022,224
-7.6926,53.28823,2022/03/16 00:00:00+00,Wed 16 Mar 2022,196,797,0,3832399,3767418,240865,4073264,4008283,86.5012623948615,85.121303096451,225
-7.6926,53.28823,2022/03/18 00:00:00+00,Fri 18 Mar 2022,1,6,0,3832400,3767424,240865,4073265,4008289,86.5012836312121,85.1214305145546,226
-7.6926,53.28823,2022/03/19 00:00:00+00,Sat 19 Mar 2022,743,2779,0,3833143,3770203,240865,4074008,4011068,86.5170622397087,85.1804463328751,227
-7.6926,53.28823,2022/03/20 00:00:00+00,Sun 20 Mar 2022,395,1402,0,3833538,3771605,240865,4074403,4012470,86.5254505981961,85.2102196964179,228
-7.6926,53.28823,2022/03/21 00:00:00+00,Mon 21 Mar 2022,54,112,0,3833592,3771717,240865,4074457,4012582,86.5265973611286,85.2125981676852,229
-7.6926,53.28823,2022/03/22 00:00:00+00,Tue 22 Mar 2022,140,575,0,3833732,3772292,240865,4074597,4013157,86.5295704502128,85.2248090692808,230
-7.6926,53.28823,2022/03/23 00:00:00+00,Wed 23 Mar 2022,102,221,0,3833834,3772513,240865,4074699,4013378,86.5317365579741,85.2295023027637,231
-7.6926,53.28823,2022/03/24 00:00:00+00,Thu 24 Mar 2022,147,244,0,3833981,3772757,240865,4074846,4013622,86.5348583015124,85.2346839723103,232
-7.6926,53.28823,2022/03/25 00:00:00+00,Fri 25 Mar 2022,435,1625,0,3834416,3774382,240865,4075281,4015247,86.5440961140239,85.2691930420371,233
-7.6926,53.28823,2022/03/26 00:00:00+00,Sat 26 Mar 2022,874,1848,0,3835290,3776230,240865,4076155,4017095,86.5626566844493,85.308437817948,234
-7.6926,53.28823,2022/03/27 00:00:00+00,Sun 27 Mar 2022,380,803,0,3835670,3777033,240865,4076535,4017898,86.5707264976777,85.3254906074807,235
-7.6926,53.28823,2022/03/27 23:00:00+00,Mon 28 Mar 2022,44,53,1,3835714,3777086,240866,4076580,4017952,86.5716821334548,85.3266373704131,236
-7.6926,53.28823,2022/03/28 23:00:00+00,Tue 29 Mar 2022,138,193,3,3835852,3777279,240869,4076721,4018148,86.5746764588895,85.3307996951309,237
-7.6926,53.28823,2022/03/29 23:00:00+00,Wed 30 Mar 2022,109,135,0,3835961,3777414,240869,4076830,4018283,86.576991221105,85.3336666024621,238
-7.6926,53.28823,2022/03/30 23:00:00+00,Thu 31 Mar 2022,227,358,0,3836188,3777772,240869,4077057,4018641,86.5818118726915,85.3412692159773,239
-7.6926,53.28823,2022/03/31 23:00:00+00,Fri 01 Apr 2022,304,904,0,3836492,3778676,240869,4077361,4019545,86.5882677232742,85.3604668769207,240
-7.6926,53.28823,2022/04/01 23:00:00+00,Sat 02 Apr 2022,729,1539,0,3837221,3780215,240869,4078090,4021084,86.6037490228624,85.3931496204958,241
-7.6926,53.28823,2022/04/02 23:00:00+00,Sun 03 Apr 2022,537,816,0,3837758,3781031,240869,4078627,4021900,86.6151529431352,85.4104784825863,242
-7.6926,53.28823,2022/04/03 23:00:00+00,Mon 04 Apr 2022,49,53,0,3837807,3781084,240869,4078676,4021953,86.6161935243147,85.4116040091682,243
-7.6926,53.28823,2022/04/04 23:00:00+00,Tue 05 Apr 2022,130,169,0,3837937,3781253,240869,4078806,4022122,86.6189542498928,85.4151929524197,244
-7.6926,53.28823,2022/04/05 23:00:00+00,Wed 06 Apr 2022,159,209,0,3838096,3781462,240869,4078965,4022331,86.6223308296384,85.4196313496954,245
-7.6926,53.28823,2022/04/06 23:00:00+00,Thu 07 Apr 2022,116,178,0,3838212,3781640,240869,4079081,4022509,86.6247942463081,85.4234114201024,246
-7.6926,53.28823,2022/04/07 23:00:00+00,Fri 08 Apr 2022,258,421,2,3838470,3782061,240871,4079341,4022932,86.6303156974644,85.4323943964066,247
-7.6926,53.28823,2022/04/08 23:00:00+00,Sat 09 Apr 2022,559,1018,0,3839029,3783079,240871,4079900,4023950,86.6421868174504,85.4540130013186,248
-7.6926,53.28823,2022/04/09 23:00:00+00,Sun 10 Apr 2022,413,719,0,3839442,3783798,240871,4080313,4024669,86.6509574302487,85.4692819374008,249
-7.6926,53.28823,2022/04/10 23:00:00+00,Mon 11 Apr 2022,70,92,1,3839512,3783890,240872,4080384,4024762,86.6524652111413,85.4712569180067,250
-7.6926,53.28823,2022/04/11 23:00:00+00,Tue 12 Apr 2022,196,177,0,3839708,3784067,240872,4080580,4024939,86.6566275358592,85.4750157520631,251
-7.6926,53.28823,2022/04/12 23:00:00+00,Wed 13 Apr 2022,144,232,0,3839852,3784299,240872,4080724,4025171,86.6596855703457,85.4799425854025,252
-7.6926,53.28823,2022/04/13 23:00:00+00,Thu 14 Apr 2022,360,429,0,3840212,3784728,240872,4081084,4025600,86.6673306565621,85.4890529798104,253
-7.6926,53.28823,2022/04/14 23:00:00+00,Fri 15 Apr 2022,446,990,0,3840658,3785718,240872,4081530,4026590,86.6768020689302,85.5100769669055,254
-7.6926,53.28823,2022/04/15 23:00:00+00,Sat 16 Apr 2022,42,88,0,3840700,3785806,240872,4081572,4026678,86.6776939956555,85.5119457657584,255
-7.6926,53.28823,2022/04/16 23:00:00+00,Sun 17 Apr 2022,1,0,0,3840701,3785806,240872,4081573,4026678,86.6777152320061,85.5119457657584,256
-7.6926,53.28823,2022/04/17 23:00:00+00,Mon 18 Apr 2022,36,61,1,3840737,3785867,240873,4081610,4026740,86.6785009769783,85.5132624194956,257
-7.6926,53.28823,2021/05/03 23:00:00+00,Tue 04 May 2021,26662,6793,10,1253347,490771,352,1253699,491123,26.6239915122554,10.4296602162667,258
-7.6926,53.28823,2021/05/04 23:00:00+00,Wed 05 May 2021,32113,13456,69,1285460,504227,421,1285881,504648,27.3074197473002,10.7168818581467,259
-7.6926,53.28823,2021/01/08 00:00:00+00,Fri 08 Jan 2021,12682,5,0,40145,61,2,40147,63,0.852575767582583,0.00133789008786965,260
-7.6926,53.28823,2021/05/05 23:00:00+00,Thu 06 May 2021,37294,14374,132,1322754,518601,553,1323307,519154,28.1022114048971,11.0249363599663,261
-7.6926,53.28823,2021/01/09 00:00:00+00,Sat 09 Jan 2021,8073,7,0,48218,68,2,48220,70,1.02401682598531,0.00148654454207739,262
-7.6926,53.28823,2021/05/06 23:00:00+00,Fri 07 May 2021,40604,15072,97,1363358,533673,650,1364008,534323,28.9665521107127,11.3470705622345,263
-7.6926,53.28823,2021/01/10 00:00:00+00,Sun 10 Jan 2021,4781,4,1,52999,72,3,53002,75,1.12556905455979,0.00159272629508291,264
-7.6926,53.28823,2021/05/07 23:00:00+00,Sat 08 May 2021,25625,7054,10,1388983,540727,660,1389643,541387,29.5109459583721,11.4970841428807,265
-7.6926,53.28823,2021/01/11 00:00:00+00,Mon 11 Jan 2021,8343,7,0,61342,79,3,61345,82,1.30274392762482,0.00174138074929065,266
-7.6926,53.28823,2021/05/08 23:00:00+00,Sun 09 May 2021,19674,926,5,1408657,541653,665,1409322,542318,29.9288561018512,11.5168551852903,267
-7.6926,53.28823,2021/01/12 00:00:00+00,Tue 12 Jan 2021,8885,10,0,70227,89,3,70230,92,1.49142890271564,0.00195374425530171,268
-7.6926,53.28823,2021/05/09 23:00:00+00,Mon 10 May 2021,28843,4646,171,1437500,546299,836,1438336,547135,30.5450075781917,11.6191506861359,269
-7.6926,53.28823,2021/01/13 00:00:00+00,Wed 13 Jan 2021,9885,4,0,80112,93,3,80115,96,1.70135022840757,0.00203868965770613,270
-7.6926,53.28823,2021/05/10 23:00:00+00,Tue 11 May 2021,33924,14825,153,1471424,561124,989,1472413,562113,31.2686786976256,11.9372287454392,271
-7.6926,53.28823,2021/01/14 00:00:00+00,Thu 14 Jan 2021,8084,4,0,88196,97,3,88199,100,1.87302488666691,0.00212363506011055,272
-7.6926,53.28823,2021/05/11 23:00:00+00,Wed 12 May 2021,31292,20946,173,1502716,582070,1162,1503878,583232,31.9368804692894,12.385719233784,273
-7.6926,53.28823,2021/01/15 00:00:00+00,Fri 15 Jan 2021,7691,2,0,95887,99,3,95890,102,2.03635365914001,0.00216610776131276,274
-7.6926,53.28823,2021/05/12 23:00:00+00,Thu 13 May 2021,35998,25479,152,1538714,607549,1314,1540028,608863,32.7045745435193,12.9300281360409,275
-7.6926,53.28823,2021/01/16 00:00:00+00,Sat 16 Jan 2021,5239,3,0,101126,102,3,101129,105,2.1476108999392,0.00222981681311608,276
-7.6926,53.28823,2021/05/13 23:00:00+00,Fri 14 May 2021,38218,27941,236,1576932,635490,1550,1578482,637040,33.5211971695342,13.5284047869283,277
-7.6926,53.28823,2021/01/17 00:00:00+00,Sun 17 Jan 2021,1113,4,0,102239,106,3,102242,109,2.17124695815823,0.0023147622155205,278
-7.6926,53.28823,2021/05/14 23:00:00+00,Sat 15 May 2021,28858,12450,22,1605790,647940,1572,1607362,649512,34.1345029748942,13.7932645516253,279
-7.6926,53.28823,2021/01/18 00:00:00+00,Mon 18 Jan 2021,8714,8,1,110953,114,4,110957,118,2.35632175364687,0.00250588937093045,280
-7.6926,53.28823,2021/05/15 23:00:00+00,Sun 16 May 2021,23179,1173,9,1628969,649113,1581,1630550,650694,34.6269314726326,13.8183659180358,281
-7.6926,53.28823,2021/01/19 00:00:00+00,Tue 19 Jan 2021,8382,19,0,119335,133,4,119339,137,2.53432484438533,0.00290938003235146,282
-7.6926,53.28823,2021/05/16 23:00:00+00,Mon 17 May 2021,35383,3951,118,1664352,653064,1699,1666051,654763,35.3808431553225,13.9047766286317,283
-7.6926,53.28823,2021/01/20 00:00:00+00,Wed 20 Jan 2021,8446,962,0,127781,1095,4,127785,1099,2.71368706156227,0.023338749310615,284
-7.6926,53.28823,2021/05/17 23:00:00+00,Tue 18 May 2021,39011,12496,127,1703363,665560,1826,1705189,667386,36.2119914451485,14.1728430822694,285
-7.6926,53.28823,2021/01/21 00:00:00+00,Thu 21 Jan 2021,9006,962,0,136787,2057,4,136791,2061,2.90494163507583,0.0437681185888785,286
-7.6926,53.28823,2021/05/18 23:00:00+00,Wed 19 May 2021,37021,17590,211,1740384,683150,2037,1742421,685187,37.0026632507289,14.5508713593197,287
-7.6926,53.28823,2021/01/22 00:00:00+00,Fri 22 Jan 2021,6782,967,0,143569,3024,4,143573,3028,3.04896656485252,0.0643036696201475,288
-7.6926,53.28823,2021/01/23 00:00:00+00,Sat 23 Jan 2021,4188,460,0,147757,3484,4,147761,3488,3.13790440116995,0.0740723908966561,289
-7.6926,53.28823,2021/01/24 00:00:00+00,Sun 24 Jan 2021,1182,398,0,148939,3882,4,148943,3886,3.16300576758046,0.0825244584358961,290
-7.6926,53.28823,2021/01/25 00:00:00+00,Mon 25 Jan 2021,1359,1289,0,150298,5171,4,150302,5175,3.19186596804736,0.109898114360721,291
-7.6926,53.28823,2021/01/26 00:00:00+00,Tue 26 Jan 2021,1002,3500,0,151300,8671,4,151304,8675,3.21314479134967,0.18422534146459,292
-7.6926,53.28823,2021/01/27 00:00:00+00,Wed 27 Jan 2021,2179,6700,0,153479,15371,4,153483,15375,3.25941879930948,0.326508890491997,293
-7.6926,53.28823,2021/01/28 00:00:00+00,Thu 28 Jan 2021,1009,11541,0,154488,26912,4,154492,26916,3.28084627706599,0.571597612779356,294
-7.6926,53.28823,2021/01/29 00:00:00+00,Fri 29 Jan 2021,1578,11526,0,156066,38438,4,156070,38442,3.31435723831454,0.816367789807699,295
-7.6926,53.28823,2021/01/30 00:00:00+00,Sat 30 Jan 2021,642,7792,0,156708,46230,4,156712,46234,3.32799097540045,0.981841433691513,296
-7.6926,53.28823,2021/01/31 00:00:00+00,Sun 31 Jan 2021,231,4086,0,156939,50316,4,156943,50320,3.3328965723893,1.06861316224763,297
-7.6926,53.28823,2021/02/01 00:00:00+00,Mon 01 Feb 2021,1027,8334,1,157966,58650,5,157971,58655,3.35472754080724,1.24561814450784,298
-7.6926,53.28823,2021/02/02 00:00:00+00,Tue 02 Feb 2021,830,5108,0,158796,63758,5,158801,63763,3.37235371180616,1.35409342337829,299
-7.6926,53.28823,2021/02/03 00:00:00+00,Wed 03 Feb 2021,1404,6865,0,160200,70623,5,160205,70628,3.40216954805011,1.49988097025488,300
-7.6926,53.28823,2021/02/04 00:00:00+00,Thu 04 Feb 2021,1435,10541,1,161635,81164,6,161641,81170,3.4326649475133,1.72375457829174,301
-7.6926,53.28823,2021/02/05 00:00:00+00,Fri 05 Feb 2021,3395,8614,0,165030,89778,6,165036,89784,3.50476235780405,1.90668450236966,302
-7.6926,53.28823,2021/02/06 00:00:00+00,Sat 06 Feb 2021,901,3870,0,165931,93648,6,165937,93654,3.52389630969565,1.98886917919594,303
-7.6926,53.28823,2021/02/07 00:00:00+00,Sun 07 Feb 2021,331,1300,2,166262,94948,8,166270,94956,3.53096801444581,2.01651890767858,304
-7.6926,53.28823,2021/02/08 00:00:00+00,Mon 08 Feb 2021,1185,879,0,167447,95827,8,167455,95835,3.55613308990812,2.03518565985695,305
-7.6926,53.28823,2021/02/09 00:00:00+00,Tue 09 Feb 2021,4263,544,3,171710,96371,11,171721,96382,3.64672736157244,2.04680194363575,306
-7.6926,53.28823,2021/02/10 00:00:00+00,Wed 10 Feb 2021,8827,579,0,180537,96950,11,180548,96961,3.8341806283284,2.05909779063379,307
-7.6926,53.28823,2021/02/11 00:00:00+00,Thu 11 Feb 2021,6185,445,0,186722,97395,11,186733,97406,3.96552745679624,2.06854796665128,308
-7.6926,53.28823,2021/02/12 00:00:00+00,Fri 12 Feb 2021,4397,524,0,191119,97919,11,191130,97930,4.0589036903893,2.07967581436626,309
-7.6926,53.28823,2021/02/13 00:00:00+00,Sat 13 Feb 2021,1210,1915,0,192329,99834,11,192340,99845,4.08459967461664,2.12034342576738,310
-7.6926,53.28823,2021/02/14 00:00:00+00,Sun 14 Feb 2021,2701,27,0,195030,99861,11,195041,99872,4.14195905759022,2.12091680723361,311
-7.6926,53.28823,2021/02/15 00:00:00+00,Mon 15 Feb 2021,1964,7890,0,196994,107751,11,197005,107762,4.18366725017079,2.28847161347633,312
-7.6926,53.28823,2021/02/16 00:00:00+00,Tue 16 Feb 2021,5652,8162,0,202646,115913,11,202657,115924,4.30369510376824,2.46180270708256,313
-7.6926,53.28823,2021/02/17 00:00:00+00,Wed 17 Feb 2021,9745,8465,0,212391,124378,11,212402,124389,4.51064334037602,2.64156841492091,314
-7.6926,53.28823,2021/02/18 00:00:00+00,Thu 18 Feb 2021,8466,8354,1,220857,132732,12,220869,132744,4.69045152091558,2.81899812419315,315
-7.6926,53.28823,2021/02/19 00:00:00+00,Fri 19 Feb 2021,9388,6582,0,230245,139314,12,230257,139326,4.88981838035875,2.95877578384963,316
-7.6926,53.28823,2021/02/20 00:00:00+00,Sat 20 Feb 2021,5886,3571,2,236131,142885,14,236145,142899,5.01485801269806,3.03465326454738,317
-7.6926,53.28823,2021/02/21 00:00:00+00,Sun 21 Feb 2021,1112,1024,6,237243,143909,20,237263,143929,5.0386002526701,3.05652670566652,318
-7.6926,53.28823,2021/02/22 00:00:00+00,Mon 22 Feb 2021,3945,1122,1,241188,145031,21,241209,145052,5.12239889214206,3.08037512739156,319
-7.6926,53.28823,2021/02/23 00:00:00+00,Tue 23 Feb 2021,13361,1067,1,254549,146098,22,254571,146120,5.40615900887403,3.10305554983354,320
-7.6926,53.28823,2021/02/24 00:00:00+00,Wed 24 Feb 2021,16937,2104,3,271486,148202,25,271511,148227,5.76590278805676,3.14780054055007,321
-7.6926,53.28823,2021/02/25 00:00:00+00,Thu 25 Feb 2021,18093,1757,2,289579,149959,27,289606,149986,6.15017455218377,3.18515528125741,322
-7.6926,53.28823,2021/02/26 00:00:00+00,Fri 26 Feb 2021,16078,2769,0,305657,152728,27,305684,152755,6.49161259714834,3.24395873607187,323
-7.6926,53.28823,2021/02/27 00:00:00+00,Sat 27 Feb 2021,8995,704,1,314652,153432,28,314680,153460,6.68265480715589,3.25893036324565,324
-7.6926,53.28823,2021/02/28 00:00:00+00,Sun 28 Feb 2021,2444,57,2,317096,153489,30,317126,153519,6.73459892072619,3.26018330793112,325
-7.6926,53.28823,2021/03/01 00:00:00+00,Mon 01 Mar 2021,5601,794,0,322697,154283,30,322727,154313,6.85354372044298,3.2770449703084,326
-7.6926,53.28823,2021/03/02 00:00:00+00,Tue 02 Mar 2021,12178,1611,0,334875,155894,30,334905,155924,7.11215999806324,3.31125673112678,327
-7.6926,53.28823,2021/03/03 00:00:00+00,Wed 03 Mar 2021,12912,1504,1,347787,157398,31,347818,157429,7.38638499337532,3.34321743878144,328
-7.6926,53.28823,2021/03/04 00:00:00+00,Thu 04 Mar 2021,18739,1691,5,366526,159089,36,366562,159125,7.78443914904244,3.37923428940092,329
-7.6926,53.28823,2021/03/05 00:00:00+00,Fri 05 Mar 2021,18448,2399,6,384974,161488,42,385016,161530,8.17633476303524,3.43030771259658,330
-7.6926,53.28823,2021/03/06 00:00:00+00,Sat 06 Mar 2021,10401,141,4,395375,161629,46,395421,161675,8.39729899103975,3.43338698343374,331
-7.6926,53.28823,2021/03/07 00:00:00+00,Sun 07 Mar 2021,1523,12,3,396898,161641,49,396947,161690,8.42970566205703,3.43370552869275,332
-7.6926,53.28823,2021/03/08 00:00:00+00,Mon 08 Mar 2021,6668,1498,5,403566,163139,54,403620,163193,8.57141582961821,3.46562376364621,333
-7.6926,53.28823,2021/03/09 00:00:00+00,Tue 09 Mar 2021,13829,3106,6,417395,166245,60,417455,166305,8.8652207401845,3.53171128671685,334
-7.6926,53.28823,2021/03/10 00:00:00+00,Wed 10 Mar 2021,13736,3990,3,431131,170235,63,431194,170298,9.15698696109309,3.61650803466707,335
-7.6926,53.28823,2021/03/11 00:00:00+00,Thu 11 Mar 2021,18484,2102,3,449615,172337,66,449681,172403,9.54958337465573,3.6612105526824,336
-7.6926,53.28823,2021/03/12 00:00:00+00,Fri 12 Mar 2021,17333,1339,4,466948,173676,70,467018,173746,9.9177579850271,3.68973097153968,337
-7.6926,53.28823,2021/03/13 00:00:00+00,Sat 13 Mar 2021,8309,175,0,475257,173851,70,475327,173921,10.0942108221717,3.69344733289487,338
-7.6926,53.28823,2021/03/14 00:00:00+00,Sun 14 Mar 2021,383,20,2,475640,173871,72,475712,173943,10.1023868171531,3.6939145326081,339
-7.6926,53.28823,2021/03/15 00:00:00+00,Mon 15 Mar 2021,2655,992,0,478295,174863,72,478367,174935,10.158769327999,3.71498099240439,340
-7.6926,53.28823,2021/03/16 00:00:00+00,Tue 16 Mar 2021,8945,3823,2,487240,178686,74,487314,178760,10.3487709568271,3.79621003345362,341
-7.6926,53.28823,2021/03/17 00:00:00+00,Wed 17 Mar 2021,4898,2415,6,492138,181101,80,492218,181181,10.452914020175,3.8476232382589,342
-7.6926,53.28823,2021/03/18 00:00:00+00,Thu 18 Mar 2021,11731,4682,5,503869,185783,85,503954,185868,10.7021438308295,3.94715801352628,343
-7.6926,53.28823,2021/03/19 00:00:00+00,Fri 19 Mar 2021,10368,6132,2,514237,191915,87,514324,192002,10.922364786563,4.07742178811346,344
-7.6926,53.28823,2021/03/20 00:00:00+00,Sat 20 Mar 2021,5242,3117,4,519479,195032,91,519570,195123,11.0337706818164,4.14370043833951,345
-7.6926,53.28823,2021/03/21 00:00:00+00,Sun 21 Mar 2021,3638,55,3,523117,195087,94,523211,195181,11.111092234355,4.14493214667438,346
-7.6926,53.28823,2021/03/22 00:00:00+00,Mon 22 Mar 2021,7414,2406,1,530531,197493,95,530626,197588,11.2685597740622,4.19604804257124,347
-7.6926,53.28823,2021/03/23 00:00:00+00,Tue 23 Mar 2021,12566,7391,4,543097,204884,99,543196,204983,11.5355007011181,4.35309085526641,348
-7.6926,53.28823,2021/03/24 00:00:00+00,Wed 24 Mar 2021,13627,9780,2,556724,214664,101,556825,214765,11.8249309234606,4.56082483684643,349
-7.6926,53.28823,2021/03/25 00:00:00+00,Thu 25 Mar 2021,20872,10225,3,577596,224889,104,577700,224993,12.2682397422587,4.77803023079453,350
-7.6926,53.28823,2021/03/26 00:00:00+00,Fri 26 Mar 2021,19700,9497,1,597296,234386,105,597401,234491,12.686617085451,4.97973308880383,351
-7.6926,53.28823,2021/03/27 00:00:00+00,Sat 27 Mar 2021,11758,5354,3,609054,239740,108,609162,239848,12.9363778048706,5.09349621897396,352
-7.6926,53.28823,2021/03/28 00:00:00+00,Sun 28 Mar 2021,2492,483,0,611546,240223,108,611654,240331,12.9892987905686,5.10375337631429,353
-7.6926,53.28823,2021/03/28 23:00:00+00,Mon 29 Mar 2021,9276,3120,3,620822,243343,111,620933,243454,13.1863508877963,5.17007449924154,354
-7.6926,53.28823,2021/03/29 23:00:00+00,Tue 30 Mar 2021,13330,8668,4,634152,252011,115,634267,252126,13.4695163867114,5.35423613165433,355
-7.6926,53.28823,2021/03/30 23:00:00+00,Wed 31 Mar 2021,15838,10515,4,649990,262526,119,650109,262645,13.8059426529341,5.57762130362736,356
-7.6926,53.28823,2021/03/31 23:00:00+00,Thu 01 Apr 2021,19715,11583,8,669705,274109,127,669832,274236,14.2247871958397,5.82377184344477,357
-7.6926,53.28823,2021/04/01 23:00:00+00,Fri 02 Apr 2021,20140,13723,9,689845,287832,136,689981,287968,14.6526784241014,6.11538940989916,358
-7.6926,53.28823,2021/04/02 23:00:00+00,Sat 03 Apr 2021,7547,4635,6,697392,292467,142,697534,292609,14.8130765801915,6.21394731303889,359
-7.6926,53.28823,2021/04/03 23:00:00+00,Sun 04 Apr 2021,3038,170,3,700430,292637,145,700575,292782,14.8776563223695,6.21762120169288,360
-7.6926,53.28823,2021/04/04 23:00:00+00,Mon 05 Apr 2021,3434,608,4,703864,293245,149,704013,293394,14.9506668957361,6.23061784826075,361
-7.6926,53.28823,2021/04/05 23:00:00+00,Tue 06 Apr 2021,11994,8150,11,715858,301395,160,716018,301555,15.2056092847024,6.40392770551638,362
-7.6926,53.28823,2021/04/06 23:00:00+00,Wed 07 Apr 2021,18364,10472,11,734222,311867,171,734393,312038,15.5958272269977,6.62654836886776,363
-7.6926,53.28823,2021/04/07 23:00:00+00,Thu 08 Apr 2021,20183,10564,16,754405,322431,187,754592,322618,16.0247802727894,6.85122895822746,364
-7.6926,53.28823,2021/04/08 23:00:00+00,Fri 09 Apr 2021,20675,9159,16,775080,331590,203,775283,331793,16.4641816030769,7.0460724749926,365
-7.6926,53.28823,2021/04/09 23:00:00+00,Sat 10 Apr 2021,11179,4173,12,786259,335763,215,786474,335978,16.7018376026539,7.13494660225823,366
-7.6926,53.28823,2021/04/10 23:00:00+00,Sun 11 Apr 2021,2860,365,8,789119,336128,223,789342,336351,16.7627434561778,7.14286776103244,367
-7.6926,53.28823,2021/04/11 23:00:00+00,Mon 12 Apr 2021,7776,2796,13,796895,338924,236,797131,339160,16.9281533910098,7.20252066987095,368
-7.6926,53.28823,2021/04/12 23:00:00+00,Tue 13 Apr 2021,11513,8601,1,808408,347525,237,808645,347762,17.172668731831,7.38519575774166,369
-7.6926,53.28823,2021/04/13 23:00:00+00,Wed 14 Apr 2021,20353,6597,2,828761,354122,239,829000,354361,17.6049346483165,7.52533443535835,370
-7.6926,53.28823,2021/04/14 23:00:00+00,Thu 15 Apr 2021,27130,10812,1,855891,364934,240,856131,365174,18.1810980764751,7.75496309440811,371
-7.6926,53.28823,2021/04/15 23:00:00+00,Fri 16 Apr 2021,27976,9834,1,883867,374768,241,884108,375009,18.7752274572422,7.96382260256998,372
-7.6926,53.28823,2021/04/16 23:00:00+00,Sat 17 Apr 2021,15846,4555,3,899713,379323,244,899957,379567,19.1118023779191,8.06061788860982,373
-7.6926,53.28823,2021/04/17 23:00:00+00,Sun 18 Apr 2021,1073,483,0,900786,379806,244,901030,380050,19.1345889821141,8.07087504595015,374
-7.6926,53.28823,2021/04/18 23:00:00+00,Mon 19 Apr 2021,6742,2259,0,907528,382065,244,907772,382309,19.2777644578668,8.11884796195805,375
-7.6926,53.28823,2021/04/19 23:00:00+00,Tue 20 Apr 2021,15087,7320,1,922615,389385,245,922860,389630,19.5981785157362,8.27431928470875,376
-7.6926,53.28823,2021/04/20 23:00:00+00,Wed 21 Apr 2021,26722,9885,4,949337,399270,249,949586,399519,20.1657412219014,8.48432555580308,377
-7.6926,53.28823,2021/04/21 23:00:00+00,Thu 22 Apr 2021,31623,12180,1,980960,411450,250,981210,411700,20.8373195733108,8.74300554247514,378
-7.6926,53.28823,2021/04/22 23:00:00+00,Fri 23 Apr 2021,33615,12353,3,1014575,423803,253,1014828,424056,21.5512432078187,9.0054018905024,379
-7.6926,53.28823,2021/04/23 23:00:00+00,Sat 24 Apr 2021,23701,6995,2,1038276,430798,255,1038531,431053,22.0546084261167,9.15399263565834,380
-7.6926,53.28823,2021/04/24 23:00:00+00,Sun 25 Apr 2021,9751,302,2,1048027,431100,257,1048284,431357,22.2617265535293,9.16044848624107,381
-7.6926,53.28823,2022/04/18 23:00:00+00,Tue 19 Apr 2022,218,269,1,3840955,3786136,240874,4081829,4027010,86.68315173776,85.518996234158,382
-7.6926,53.28823,2022/04/19 23:00:00+00,Wed 20 Apr 2022,250,606,0,3841205,3786742,240874,4082079,4027616,86.6884608254102,85.5318654626222,383
-7.6926,53.28823,2022/04/20 23:00:00+00,Thu 21 Apr 2022,171,236,0,3841376,3786978,240874,4082250,4027852,86.692092241363,85.5368772413641,384
-7.6926,53.28823,2021/05/19 23:00:00+00,Thu 20 May 2021,39091,19642,136,1779475,702792,2173,1781648,704965,37.8357015757584,14.9708839015084,385
-7.6926,53.28823,2022/04/21 23:00:00+00,Fri 22 Apr 2022,196,254,0,3841572,3787232,240874,4082446,4028106,86.6962545660808,85.5422712744168,386
-7.6926,53.28823,2021/05/20 23:00:00+00,Fri 21 May 2021,25837,23246,14934,1805312,726038,17107,1822419,743145,38.7015288261161,15.7816877674586,387
-7.6926,53.28823,2022/04/22 23:00:00+00,Sat 23 Apr 2022,324,1010,0,3841896,3788242,240874,4082770,4029116,86.7031351436756,85.5637199885239,388
-7.6926,53.28823,2021/05/21 23:00:00+00,Sat 22 May 2021,16586,10248,13522,1821898,736286,30629,1852527,766915,39.3409128700142,16.2864758212468,389
-7.6926,53.28823,2022/04/23 23:00:00+00,Sun 24 Apr 2022,181,253,0,3842077,3788495,240874,4082951,4029369,86.7069789231344,85.5690927852259,390
-7.6926,53.28823,2021/05/22 23:00:00+00,Sun 23 May 2021,8216,5525,10205,1830114,741811,40834,1870948,782645,39.7321076844372,16.6205236162022,391
-7.6926,53.28823,2022/04/24 23:00:00+00,Mon 25 Apr 2022,42,58,1,3842119,3788553,240875,4082994,4029428,86.7078920862102,85.5703457299114,392
-7.6926,53.28823,2021/05/23 23:00:00+00,Mon 24 May 2021,22547,8217,8450,1852661,750028,49284,1901945,799312,40.3903708440196,16.9744698716709,393
-7.6926,53.28823,2022/04/25 23:00:00+00,Tue 26 Apr 2022,145,238,0,3842264,3788791,240875,4083139,4029666,86.7109713570474,85.5753999813545,394
-7.6926,53.28823,2021/05/24 23:00:00+00,Tue 25 May 2021,30346,16498,3224,1883007,766526,52508,1935515,819034,41.1032751336988,17.3932931782259,395
-7.6926,53.28823,2022/04/26 23:00:00+00,Wed 27 Apr 2022,122,208,0,3842386,3788999,240875,4083261,4029874,86.7135621918207,85.5798171422795,396
-7.6926,53.28823,2021/05/25 23:00:00+00,Wed 26 May 2021,19976,25450,3054,1902983,791976,55562,1958545,847538,41.5923482880422,17.9986141157598,397
-7.6926,53.28823,2022/04/27 23:00:00+00,Thu 28 Apr 2022,103,130,0,3842489,3789129,240875,4083364,4030004,86.7157495359326,85.5825778678577,398
-7.6926,53.28823,2021/05/26 23:00:00+00,Thu 27 May 2021,17013,36036,550,1919996,828012,56112,1976108,884124,41.9653223136494,18.7755672388518,399
-7.6926,53.28823,2022/04/28 23:00:00+00,Fri 29 Apr 2022,171,222,0,3842660,3789351,240875,4083535,4030226,86.7193809518854,85.5872923376911,400
-7.6926,53.28823,2021/05/27 23:00:00+00,Fri 28 May 2021,27043,31826,1558,1947039,859838,57670,2004709,917508,42.5727031771916,19.4845215673191,401
-7.6926,53.28823,2022/04/29 23:00:00+00,Sat 30 Apr 2022,281,723,0,3842941,3790074,240875,4083816,4030949,86.7253483664043,85.6026462191757,402
-7.6926,53.28823,2021/05/28 23:00:00+00,Sat 29 May 2021,24481,7386,534,1971520,867224,58204,2029724,925428,43.1039304874783,19.6527134640799,403
-7.6926,53.28823,2022/04/30 23:00:00+00,Sun 01 May 2022,187,746,0,3843128,3790820,240875,4084003,4031695,86.7293195639668,85.6184885367241,404
-7.6926,53.28823,2021/05/29 23:00:00+00,Sun 30 May 2021,24250,1676,209,1995770,868900,58413,2054183,927313,43.6233503868307,19.692743984963,405
-7.6926,53.28823,2022/05/01 23:00:00+00,Mon 02 May 2022,13,26,0,3843141,3790846,240875,4084016,4031721,86.7295956365246,85.6190406818397,406
-7.6926,53.28823,2021/05/30 23:00:00+00,Mon 31 May 2021,22587,7320,3443,2018357,876220,61856,2080213,938076,44.1761325929775,19.9213108264827,407
-7.6926,53.28823,2022/05/02 23:00:00+00,Tue 03 May 2022,101,117,0,3843242,3790963,240875,4084117,4031838,86.7317405079353,85.6215253348601,408
-7.6926,53.28823,2021/05/31 23:00:00+00,Tue 01 Jun 2021,27571,11516,3653,2045928,887736,65509,2111437,953245,44.8392164041464,20.2434450287508,409
-7.6926,53.28823,2022/05/03 23:00:00+00,Wed 04 May 2022,116,128,0,3843358,3791091,240875,4084233,4031966,86.734203924605,85.624243587737,410
-7.6926,53.28823,2021/06/01 23:00:00+00,Wed 02 Jun 2021,18697,20898,4008,2064625,908634,69517,2134142,978151,45.3213877445445,20.772357576822,411
-7.6926,53.28823,2022/05/04 23:00:00+00,Thu 05 May 2022,117,164,0,3843475,3791255,240875,4084350,4032130,86.7366885776253,85.6277263492356,412
-7.6926,53.28823,2021/06/02 23:00:00+00,Thu 03 Jun 2021,16693,30706,1977,2081318,939340,71494,2152812,1010834,45.7178704102672,21.4664252235179,413
-7.6926,53.28823,2022/05/05 23:00:00+00,Fri 06 May 2022,140,257,0,3843615,3791512,240875,4084490,4032387,86.7396616667095,85.6331840913401,414
-7.6926,53.28823,2021/06/03 23:00:00+00,Fri 04 Jun 2021,28979,23342,153,2110297,962682,71647,2181944,1034329,46.3365277759786,21.9653732808909,415
-7.6926,53.28823,2022/05/06 23:00:00+00,Sat 07 May 2022,441,1088,0,3844056,3792600,240875,4084931,4033475,86.7490268973246,85.6562892407941,416
-7.6926,53.28823,2021/06/04 23:00:00+00,Sat 05 Jun 2021,20963,11493,33,2131260,974175,71680,2202940,1045855,46.7824061931994,22.2101434579192,417
-7.6926,53.28823,2022/05/07 23:00:00+00,Sun 08 May 2022,275,437,0,3844331,3793037,240875,4085206,4033912,86.7548668937399,85.6655695260068,418
-7.6926,53.28823,2021/06/05 23:00:00+00,Sun 06 Jun 2021,19945,3908,46,2151205,978083,71726,2222931,1049809,47.2069420780661,22.294111988196,419
-7.6926,53.28823,2022/05/08 23:00:00+00,Mon 09 May 2022,27,32,0,3844358,3793069,240875,4085233,4033944,86.7554402752061,85.666249089226,420
-7.6926,53.28823,2021/06/06 23:00:00+00,Mon 07 Jun 2021,19815,4591,45,2171020,982674,71771,2242791,1054445,47.6286960010041,22.3925637095827,421
-7.6926,53.28823,2022/05/09 23:00:00+00,Tue 10 May 2022,86,98,1,3844444,3793167,240876,4085320,4034043,86.7572878377084,85.6683514879355,422
-7.6926,53.28823,2021/06/07 23:00:00+00,Tue 08 Jun 2021,26412,18340,45,2197432,1001014,71816,2269248,1072830,48.1905461288575,22.782994015384,423
-7.6926,53.28823,2022/05/10 23:00:00+00,Wed 11 May 2022,123,132,0,3844567,3793299,240876,4085443,4034175,86.7598999088324,85.6711546862149,424
-7.6926,53.28823,2021/06/08 23:00:00+00,Wed 09 Jun 2021,32801,20110,174,2230233,1021124,71990,2302223,1093114,48.890814789929,23.2137521509769,425
-7.6926,53.28823,2022/05/11 23:00:00+00,Thu 12 May 2022,247,397,0,3844814,3793696,240876,4085690,4034572,86.7651452874308,85.6795855174035,426
-7.6926,53.28823,2021/06/09 23:00:00+00,Thu 10 Jun 2021,27699,27490,273,2257932,1048614,72263,2330195,1120877,49.4848379889431,23.8033369527154,427
-7.6926,53.28823,2022/05/12 23:00:00+00,Fri 13 May 2022,182,326,0,3844996,3794022,240876,4085872,4034898,86.7690103032402,85.6865085676995,428
-7.6926,53.28823,2021/06/10 23:00:00+00,Fri 11 Jun 2021,26439,32898,40,2284371,1081512,72303,2356674,1153815,50.0471553165098,24.5028198688146,429
-7.6926,53.28823,2022/05/13 23:00:00+00,Sat 14 May 2022,333,632,0,3845329,3794654,240876,4086205,4035530,86.7760820079904,85.6999299412794,430
-7.6926,53.28823,2022/05/14 23:00:00+00,Sun 15 May 2022,169,254,0,3845498,3794908,240876,4086374,4035784,86.779670951242,85.705323974332,431
-7.6926,53.28823,2022/05/15 23:00:00+00,Mon 16 May 2022,31,40,0,3845529,3794948,240876,4086405,4035824,86.7803292781106,85.7061734283561,432
-7.6926,53.28823,2022/05/16 23:00:00+00,Tue 17 May 2022,97,96,0,3845626,3795044,240876,4086502,4035920,86.7823892041189,85.7082121180138,433
-7.6926,53.28823,2022/05/17 23:00:00+00,Wed 18 May 2022,103,121,0,3845729,3795165,240876,4086605,4036041,86.7845765482308,85.7107817164365,434
-7.6926,53.28823,2022/05/18 23:00:00+00,Thu 19 May 2022,100,104,0,3845829,3795269,240876,4086705,4036145,86.7867001832909,85.7129902968991,435
-7.6926,53.28823,2022/05/19 23:00:00+00,Fri 20 May 2022,127,208,0,3845956,3795477,240876,4086832,4036353,86.7893971998173,85.7174074578241,436
-7.6926,53.28823,2022/05/20 23:00:00+00,Sat 21 May 2022,393,761,0,3846349,3796238,240876,4087225,4037114,86.7977430856035,85.7335683206315,437
-7.6926,53.28823,2022/05/21 23:00:00+00,Sun 22 May 2022,234,409,0,3846583,3796647,240876,4087459,4037523,86.8027123916442,85.7422539880274,438
-7.6926,53.28823,2022/05/22 23:00:00+00,Mon 23 May 2022,30,35,0,3846613,3796682,240876,4087489,4037558,86.8033494821622,85.7429972602984,439
-7.6926,53.28823,2022/05/23 23:00:00+00,Tue 24 May 2022,77,83,0,3846690,3796765,240876,4087566,4037641,86.8049846811585,85.7447598773983,440
-7.6926,53.28823,2022/05/24 23:00:00+00,Wed 25 May 2022,88,134,1,3846778,3796899,240877,4087655,4037776,86.806874716362,85.7476267847294,441
-7.6926,53.28823,2022/05/25 23:00:00+00,Thu 26 May 2022,135,155,0,3846913,3797054,240877,4087790,4037931,86.8097416236931,85.7509184190726,442
-7.6926,53.28823,2022/05/26 23:00:00+00,Fri 27 May 2022,98,151,0,3847011,3797205,240877,4087888,4038082,86.811822786052,85.7541251080134,443
-7.6926,53.28823,2022/05/27 23:00:00+00,Sat 28 May 2022,335,578,0,3847346,3797783,240877,4088223,4038660,86.8189369635034,85.7663997186608,444
-7.6926,53.28823,2022/05/28 23:00:00+00,Sun 29 May 2022,181,348,0,3847527,3798131,240877,4088404,4039008,86.8227807429622,85.77378996867,445
-7.6926,53.28823,2022/05/29 23:00:00+00,Mon 30 May 2022,11,21,0,3847538,3798152,240877,4088415,4039029,86.8230143428188,85.7742359320326,446
-7.6926,53.28823,2022/05/30 23:00:00+00,Tue 31 May 2022,67,79,1,3847605,3798231,240878,4088483,4039109,86.8244584146597,85.7759348400807,447
-7.6926,53.28823,2022/05/31 23:00:00+00,Wed 01 Jun 2022,72,100,0,3847677,3798331,240878,4088555,4039209,86.825987431903,85.7780584751408,448
-7.6926,53.28823,2022/06/01 23:00:00+00,Thu 02 Jun 2022,120,138,0,3847797,3798469,240878,4088675,4039347,86.8285357939751,85.7809890915238,449
-7.6926,53.28823,2022/06/02 23:00:00+00,Fri 03 Jun 2022,63,144,0,3847860,3798613,240878,4088738,4039491,86.829873684063,85.7840471260103,450
-7.6926,53.28823,2022/06/03 23:00:00+00,Sat 04 Jun 2022,307,606,0,3848167,3799219,240878,4089045,4040097,86.8363932436975,85.7969163544746,451
-7.6926,53.28823,2022/06/04 23:00:00+00,Sun 05 Jun 2022,142,273,0,3848309,3799492,240878,4089187,4040370,86.8394088054829,85.8027138781887,452
-7.6926,53.28823,2022/06/05 23:00:00+00,Mon 06 Jun 2022,3,6,0,3848312,3799498,240878,4089190,4040376,86.8394725145347,85.8028412962923,453
-7.6926,53.28823,2022/06/06 23:00:00+00,Tue 07 Jun 2022,29,50,0,3848341,3799548,240878,4089219,4040426,86.8400883687021,85.8039031138224,454
-7.6926,53.28823,2022/06/07 23:00:00+00,Wed 08 Jun 2022,41,76,0,3848382,3799624,240878,4089260,4040502,86.8409590590768,85.8055170764681,455
-7.6926,53.28823,2022/06/08 23:00:00+00,Thu 09 Jun 2022,82,124,0,3848464,3799748,240878,4089342,4040626,86.8427004398261,85.8081503839426,456
-7.6926,53.28823,2022/06/09 23:00:00+00,Fri 10 Jun 2022,56,108,0,3848520,3799856,240878,4089398,4040734,86.8438896754597,85.8104439098075,457
-7.6926,53.28823,2022/06/10 23:00:00+00,Sat 11 Jun 2022,191,560,0,3848711,3800416,240878,4089589,4041294,86.8479458184245,85.8223362661441,458
-7.6926,53.28823,2022/06/11 23:00:00+00,Sun 12 Jun 2022,143,287,0,3848854,3800703,240878,4089732,4041581,86.8509826165605,85.8284310987667,459
-7.6926,53.28823,2022/06/12 23:00:00+00,Mon 13 Jun 2022,19,44,0,3848873,3800747,240878,4089751,4041625,86.8513861072219,85.8293654981931,460
-7.6926,53.28823,2022/06/13 23:00:00+00,Tue 14 Jun 2022,39,54,0,3848912,3800801,240878,4089790,4041679,86.8522143248953,85.8305122611256,461
-7.6926,53.28823,2022/06/14 23:00:00+00,Wed 15 Jun 2022,70,122,0,3848982,3800923,240878,4089860,4041801,86.8537008694374,85.8331030958989,462
-7.6926,53.28823,2022/06/15 23:00:00+00,Thu 16 Jun 2022,82,85,0,3849064,3801008,240878,4089942,4041886,86.8554422501867,85.8349081857,463
-7.6926,53.28823,2022/06/16 23:00:00+00,Fri 17 Jun 2022,60,94,0,3849124,3801102,240878,4090002,4041980,86.8567164312228,85.8369044026565,464
-7.6926,53.28823,2022/06/17 23:00:00+00,Sat 18 Jun 2022,223,487,0,3849347,3801589,240878,4090225,4042467,86.8614521374068,85.8472465053992,465
-7.6926,53.28823,2022/06/18 23:00:00+00,Sun 19 Jun 2022,80,129,0,3849427,3801718,240878,4090305,4042596,86.8631510454549,85.8499859946268,466
-7.6926,53.28823,2022/06/19 23:00:00+00,Mon 20 Jun 2022,9,27,0,3849436,3801745,240878,4090314,4042623,86.8633421726103,85.850559376093,467
-7.6926,53.28823,2022/06/20 23:00:00+00,Tue 21 Jun 2022,79,168,1,3849515,3801913,240879,4090394,4042792,86.8650410806584,85.8541483193446,468
-7.6926,53.28823,2022/06/21 23:00:00+00,Wed 22 Jun 2022,59,94,0,3849574,3802007,240879,4090453,4042886,86.8662940253439,85.8561445363011,469
-7.6926,53.28823,2022/06/22 23:00:00+00,Thu 23 Jun 2022,65,115,0,3849639,3802122,240879,4090518,4043001,86.867674388133,85.8585867166202,470
-7.6926,53.28823,2022/06/23 23:00:00+00,Fri 24 Jun 2022,56,90,1,3849695,3802212,240880,4090575,4043092,86.8688848601172,85.8605192245249,471
-7.6926,53.28823,2022/06/24 23:00:00+00,Sat 25 Jun 2022,209,292,0,3849904,3802504,240880,4090784,4043384,86.8733232573929,85.8667202389005,472
-7.6926,53.28823,2022/06/25 23:00:00+00,Sun 26 Jun 2022,174,403,0,3850078,3802907,240880,4090958,4043787,86.8770183823974,85.8752784881927,473
-7.6926,53.28823,2022/06/26 23:00:00+00,Mon 27 Jun 2022,2,33,0,3850080,3802940,240880,4090960,4043820,86.8770608550986,85.8759792877625,474
-7.6926,53.28823,2022/06/27 23:00:00+00,Tue 28 Jun 2022,47,60,0,3850127,3803000,240880,4091007,4043880,86.8780589635769,85.8772534687986,475
-7.6926,53.28823,2022/06/28 23:00:00+00,Wed 29 Jun 2022,66,81,3,3850193,3803081,240883,4091076,4043964,86.8795242717684,85.8790373222491,476
-7.6926,53.28823,2022/06/29 23:00:00+00,Thu 30 Jun 2022,72,88,0,3850265,3803169,240883,4091148,4044052,86.8810532890117,85.880906121102,477
-7.6926,53.28823,2022/06/30 23:00:00+00,Fri 01 Jul 2022,49,62,0,3850314,3803231,240883,4091197,4044114,86.8820938701911,85.8822227748392,478
-7.6926,53.28823,2022/07/01 23:00:00+00,Sat 02 Jul 2022,182,228,0,3850496,3803459,240883,4091379,4044342,86.8859588860005,85.8870646627763,479
-7.6926,53.28823,2022/07/02 23:00:00+00,Sun 03 Jul 2022,108,273,0,3850604,3803732,240883,4091487,4044615,86.8882524118654,85.8928621864904,480
-7.6926,53.28823,2022/07/03 23:00:00+00,Mon 04 Jul 2022,14,14,0,3850618,3803746,240883,4091501,4044629,86.8885497207738,85.8931594953988,481
-7.6926,53.28823,2022/07/04 23:00:00+00,Tue 05 Jul 2022,53,68,0,3850671,3803814,240883,4091554,4044697,86.8896752473557,85.8946035672397,482
-7.6926,53.28823,2022/07/05 23:00:00+00,Wed 06 Jul 2022,63,82,0,3850734,3803896,240883,4091617,4044779,86.8910131374436,85.896344947989,483
-7.6926,53.28823,2022/07/06 23:00:00+00,Thu 07 Jul 2022,76,73,0,3850810,3803969,240883,4091693,4044852,86.8926271000893,85.8978952015829,484
-7.6926,53.28823,2022/07/07 23:00:00+00,Fri 08 Jul 2022,101,88,0,3850911,3804057,240883,4091794,4044940,86.8947719715,85.8997640004358,485
-7.6926,53.28823,2022/07/08 23:00:00+00,Sat 09 Jul 2022,120,142,0,3851031,3804199,240883,4091914,4045082,86.8973203335721,85.9027795622211,486
-7.6926,53.28823,2022/07/09 23:00:00+00,Sun 10 Jul 2022,131,219,0,3851162,3804418,240883,4092045,4045301,86.9001022955008,85.9074303230028,487
-7.6926,53.28823,2022/07/10 23:00:00+00,Mon 11 Jul 2022,10,14,0,3851172,3804432,240883,4092055,4045315,86.9003146590069,85.9077276319112,488
-7.6926,53.28823,2022/07/11 23:00:00+00,Tue 12 Jul 2022,43,80,0,3851215,3804512,240883,4092098,4045395,86.9012278220827,85.9094265399593,489
-7.6926,53.28823,2022/07/12 23:00:00+00,Wed 13 Jul 2022,99,73,0,3851314,3804585,240883,4092197,4045468,86.9033302207922,85.9109767935531,490
-7.6926,53.28823,2022/07/13 23:00:00+00,Thu 14 Jul 2022,70,39,0,3851384,3804624,240883,4092267,4045507,86.9048167653343,85.9118050112266,491
-7.6926,53.28823,2022/07/14 23:00:00+00,Fri 15 Jul 2022,79,115,1,3851463,3804739,240884,4092347,4045623,86.9065156733824,85.9142684278963,492
-7.6926,53.28823,2022/07/15 23:00:00+00,Sat 16 Jul 2022,124,209,0,3851587,3804948,240884,4092471,4045832,86.9091489808569,85.918706825172,493
-7.6926,53.28823,2022/07/16 23:00:00+00,Sun 17 Jul 2022,119,165,0,3851706,3805113,240884,4092590,4045997,86.9116761065785,85.9222108230211,494
-7.6926,53.28823,2022/07/17 23:00:00+00,Mon 18 Jul 2022,11,17,0,3851717,3805130,240884,4092601,4046014,86.9119097064351,85.9225718409813,495
-7.6926,53.28823,2022/07/18 23:00:00+00,Tue 19 Jul 2022,29,35,0,3851746,3805165,240884,4092630,4046049,86.9125255606025,85.9233151132524,496
-7.6926,53.28823,2022/07/19 23:00:00+00,Wed 20 Jul 2022,76,66,0,3851822,3805231,240884,4092706,4046115,86.9141395232482,85.9247167123921,497
-7.6926,53.28823,2022/07/20 23:00:00+00,Thu 21 Jul 2022,50,30,0,3851872,3805261,240884,4092756,4046145,86.9152013407782,85.9253538029101,498
-7.6926,53.28823,2022/07/21 23:00:00+00,Fri 22 Jul 2022,71,69,0,3851943,3805330,240884,4092827,4046214,86.9167091216709,85.9268191111016,499
-7.6926,53.28823,2022/07/22 23:00:00+00,Sat 23 Jul 2022,97,175,0,3852040,3805505,240884,4092924,4046389,86.9187690476792,85.9305354724568,500
-7.6926,53.28823,2022/07/23 23:00:00+00,Sun 24 Jul 2022,106,232,0,3852146,3805737,240884,4093030,4046621,86.9210201008429,85.9354623057962,501
-7.6926,53.28823,2022/07/24 23:00:00+00,Mon 25 Jul 2022,12,21,0,3852158,3805758,240884,4093042,4046642,86.9212749370502,85.9359082691589,502
-7.6926,53.28823,2022/07/25 23:00:00+00,Tue 26 Jul 2022,16,14,0,3852174,3805772,240884,4093058,4046656,86.9216147186598,85.9362055780673,503
-7.6926,53.28823,2022/07/26 23:00:00+00,Wed 27 Jul 2022,59,69,1,3852233,3805841,240885,4093118,4046726,86.9228888996958,85.9376921226093,504
-7.6926,53.28823,2022/07/27 23:00:00+00,Thu 28 Jul 2022,36,62,0,3852269,3805903,240885,4093154,4046788,86.9236534083175,85.9390087763466,505
-7.6926,53.28823,2022/07/28 23:00:00+00,Fri 29 Jul 2022,69,97,0,3852338,3806000,240885,4093223,4046885,86.9251187165089,85.9410687023549,506
-7.6926,53.28823,2022/07/29 23:00:00+00,Sat 30 Jul 2022,100,115,0,3852438,3806115,240885,4093323,4047000,86.927242351569,85.943510882674,507
-7.6926,53.28823,2022/07/30 23:00:00+00,Sun 31 Jul 2022,31,57,0,3852469,3806172,240885,4093354,4047057,86.9279006784377,85.9447213546583,508
-7.6926,53.28823,2022/07/31 23:00:00+00,Mon 01 Aug 2022,9,13,0,3852478,3806185,240885,4093363,4047070,86.9280918055931,85.9449974272161,509
-7.6926,53.28823,2022/08/01 23:00:00+00,Tue 02 Aug 2022,32,26,0,3852510,3806211,240885,4093395,4047096,86.9287713688123,85.9455495723318,510
-7.6926,53.28823,2022/08/02 23:00:00+00,Wed 03 Aug 2022,92,137,0,3852602,3806348,240885,4093487,4047233,86.9307251130676,85.9484589523641,511
-7.6926,53.28823,2022/08/03 23:00:00+00,Thu 04 Aug 2022,41,43,0,3852643,3806391,240885,4093528,4047276,86.9315958034423,85.9493721154399,512
-7.6926,53.28823,2022/08/04 23:00:00+00,Fri 05 Aug 2022,94,82,0,3852737,3806473,240885,4093622,4047358,86.9335920203988,85.9511134961893,513
-7.6926,53.28823,2022/08/05 23:00:00+00,Sat 06 Aug 2022,71,128,0,3852808,3806601,240885,4093693,4047486,86.9350998012915,85.9538317490662,514
-7.6926,53.28823,2022/08/06 23:00:00+00,Sun 07 Aug 2022,28,80,0,3852836,3806681,240885,4093721,4047566,86.9356944191083,85.9555306571143,515
-7.6926,53.28823,2022/08/07 23:00:00+00,Mon 08 Aug 2022,8,11,0,3852844,3806692,240885,4093729,4047577,86.9358643099131,85.9557642569709,516
-7.6926,53.28823,2022/08/08 23:00:00+00,Tue 09 Aug 2022,43,35,0,3852887,3806727,240885,4093772,4047612,86.936777472989,85.9565075292419,517
-7.6926,53.28823,2022/08/09 23:00:00+00,Wed 10 Aug 2022,53,91,0,3852940,3806818,240885,4093825,4047703,86.9379029995708,85.9584400371466,518
-7.6926,53.28823,2022/08/10 23:00:00+00,Thu 11 Aug 2022,19,22,0,3852959,3806840,240885,4093844,4047725,86.9383064902322,85.9589072368598,519
-7.6926,53.28823,2021/06/11 23:00:00+00,Sat 12 Jun 2021,12212,19721,105,2296583,1101233,72408,2368991,1173641,50.3087234468636,24.9238517558321,520
-7.6926,53.28823,2021/06/12 23:00:00+00,Sun 13 Jun 2021,8551,18173,834,2305134,1119406,73242,2378376,1192648,50.508026597255,25.3274910717073,521
-7.6926,53.28823,2021/06/13 23:00:00+00,Mon 14 Jun 2021,16019,31303,51,2321153,1150709,73293,2394446,1224002,50.8492947514147,25.9933356084544,522
-7.6926,53.28823,2021/06/14 23:00:00+00,Tue 15 Jun 2021,14701,41588,205,2335854,1192297,73498,2409352,1265795,51.1658437934748,26.8808664091264,523
-7.6926,53.28823,2021/06/15 23:00:00+00,Wed 16 Jun 2021,13471,48388,217,2349325,1240685,73715,2423040,1314400,51.4565269605027,27.9130592300931,524
-7.6926,53.28823,2021/06/16 23:00:00+00,Thu 17 Jun 2021,21571,42692,534,2370896,1283377,74249,2445145,1357626,51.9259564905402,28.8310217211765,525
-7.6926,53.28823,2021/06/17 23:00:00+00,Fri 18 Jun 2021,12019,50018,554,2382915,1333395,74803,2457718,1408198,52.1929611266479,29.9049864437756,526
-7.6926,53.28823,2021/06/18 23:00:00+00,Sat 19 Jun 2021,6318,32804,433,2389233,1366199,75236,2464469,1441435,52.3363277295559,30.6108190287045,527
-7.6926,53.28823,2021/06/19 23:00:00+00,Sun 20 Jun 2021,8516,26142,177,2397749,1392341,75413,2473162,1467754,52.5209353253313,31.169738540175,528
-7.6926,53.28823,2021/06/20 23:00:00+00,Mon 21 Jun 2021,15481,32336,574,2413230,1424677,75987,2489217,1500664,52.8618849342321,31.8686268384574,529
-7.6926,53.28823,2021/06/21 23:00:00+00,Tue 22 Jun 2021,15147,43542,722,2428377,1468219,76709,2505086,1544928,53.198884581921,32.8086326614648,530
-7.6926,53.28823,2021/06/22 23:00:00+00,Wed 23 Jun 2021,20086,39385,883,2448463,1507604,77592,2526055,1585196,53.6441896176756,33.6637780274701,531
-7.6926,53.28823,2021/06/23 23:00:00+00,Thu 24 Jun 2021,19022,44275,1032,2467485,1551879,78624,2546109,1630503,54.0700633926302,34.6259333641544,532
-7.6926,53.28823,2021/06/24 23:00:00+00,Fri 25 Jun 2021,15210,50123,843,2482695,1602002,79467,2562162,1681469,54.4109705288297,35.7082652088903,533
-7.6926,53.28823,2021/06/25 23:00:00+00,Sat 26 Jun 2021,9066,30559,511,2491761,1632561,79978,2571739,1712539,54.6143510585365,36.3680786220667,534
-7.6926,53.28823,2021/06/26 23:00:00+00,Sun 27 Jun 2021,8734,30477,59,2500495,1663038,80037,2580532,1743075,54.801082289372,37.016551824022,535
-7.6926,53.28823,2021/06/27 23:00:00+00,Mon 28 Jun 2021,24232,24645,524,2524727,1687683,80561,2605288,1768244,55.326809384853,37.5510495323012,536
-7.6926,53.28823,2021/06/28 23:00:00+00,Tue 29 Jun 2021,28143,31038,810,2552870,1718721,81371,2634241,1800092,55.9416654438068,38.2273848262452,537
-7.6926,53.28823,2021/06/29 23:00:00+00,Wed 30 Jun 2021,22575,36867,590,2575445,1755588,81961,2657406,1837549,56.4336055054814,39.0228348107108,538
-7.6926,53.28823,2021/06/30 23:00:00+00,Thu 01 Jul 2021,15026,48304,640,2590471,1803892,82601,2673072,1886493,56.7662941739983,40.0622267545314,539
-7.6926,53.28823,2021/07/01 23:00:00+00,Fri 02 Jul 2021,13684,47265,817,2604155,1851157,83418,2687573,1934575,57.074242494065,41.0833129641337,540
-7.6926,53.28823,2021/07/02 23:00:00+00,Sat 03 Jul 2021,9316,30476,505,2613471,1881633,83923,2697394,1965556,57.2828046933184,41.7412363421066,541
-7.6926,53.28823,2021/07/03 23:00:00+00,Sun 04 Jul 2021,6451,27782,233,2619922,1909415,84156,2704078,1993571,57.4247484607362,42.3361727041965,542
-7.6926,53.28823,2021/07/04 23:00:00+00,Mon 05 Jul 2021,15615,33460,5343,2635537,1942875,89499,2725036,2032374,57.8698198966342,43.1602068165712,543
-7.6926,53.28823,2021/07/05 23:00:00+00,Tue 06 Jul 2021,12409,48298,5486,2647946,1991173,94985,2742931,2086158,58.249844390641,44.3023826973011,544
-7.6926,53.28823,2021/07/06 23:00:00+00,Wed 07 Jul 2021,19706,43757,5059,2667652,2034930,100044,2767696,2134974,58.7757626132774,45.3390563882447,545
-7.6926,53.28823,2021/07/07 23:00:00+00,Thu 08 Jul 2021,17779,45593,5997,2685431,2080523,106041,2791472,2186564,59.2806780851692,46.4346397157557,546
-7.6926,53.28823,2021/07/08 23:00:00+00,Fri 09 Jul 2021,13525,45085,6531,2698956,2125608,112572,2811528,2238180,59.706594332825,47.5307751883824,547
-7.6926,53.28823,2021/07/09 23:00:00+00,Sat 10 Jul 2021,8636,23869,4364,2707592,2149477,116936,2824528,2266413,59.9826668906394,48.1303410749034,548
-7.6926,53.28823,2021/07/10 23:00:00+00,Sun 11 Jul 2021,15236,16110,2153,2722828,2165587,119089,2841917,2284676,60.351945791242,48.5181805459314,549
-7.6926,53.28823,2021/07/11 23:00:00+00,Mon 12 Jul 2021,17109,31763,6092,2739937,2197350,125181,2865118,2322531,60.8446503615383,49.3220825979362,550
-7.6926,53.28823,2021/07/12 23:00:00+00,Tue 13 Jul 2021,20104,36567,8491,2760041,2233917,133672,2893713,2367589,61.4519038069769,50.2789500833208,551
-7.6926,53.28823,2021/07/13 23:00:00+00,Wed 14 Jul 2021,20801,35709,9335,2780842,2269626,143007,2923849,2412633,62.0918824686918,51.235520259797,552
-7.6926,53.28823,2021/07/14 23:00:00+00,Thu 15 Jul 2021,23645,28834,9586,2804487,2298460,152593,2957080,2451053,62.7975876355171,52.0514208498915,553
-7.6926,53.28823,2021/07/15 23:00:00+00,Fri 16 Jul 2021,23528,27426,9166,2828015,2325886,161759,2989774,2487645,63.4918888820697,52.8285013910871,554
-7.6926,53.28823,2021/07/16 23:00:00+00,Sat 17 Jul 2021,11509,19426,4677,2839524,2345312,166436,3005960,2511748,63.8356204528992,53.3403611496256,555
-7.6926,53.28823,2021/07/17 23:00:00+00,Sun 18 Jul 2021,16864,15818,1932,2856388,2361130,168368,3024756,2529498,64.2347788987975,53.7173063727952,556
-7.6926,53.28823,2021/07/18 23:00:00+00,Mon 19 Jul 2021,24887,18436,6255,2881275,2379566,174623,3055898,2554189,64.8961213292172,54.2416531054871,557
-7.6926,53.28823,2021/07/19 23:00:00+00,Tue 20 Jul 2021,30586,18181,7699,2911861,2397747,182322,3094183,2580069,65.7091550119805,54.7912498590437,558
-7.6926,53.28823,2021/07/20 23:00:00+00,Wed 21 Jul 2021,30358,19841,6889,2942219,2417588,189211,3131430,2606799,66.5001453628199,55.3588975106113,559
-7.6926,53.28823,2021/07/21 23:00:00+00,Thu 22 Jul 2021,33538,15925,6934,2975757,2433513,196145,3171902,2629658,67.3596229443478,55.8443392490019,560
-7.6926,53.28823,2021/07/22 23:00:00+00,Fri 23 Jul 2021,27087,20835,5615,3002844,2454348,201760,3204604,2656108,68.0540940817052,56.4060407224012,561
-7.6926,53.28823,2021/07/23 23:00:00+00,Sat 24 Jul 2021,15437,14812,2275,3018281,2469160,204035,3222316,2673195,68.4302323235519,56.7689062451223,562
-7.6926,53.28823,2021/07/24 23:00:00+00,Sun 25 Jul 2021,14722,13642,1046,3033003,2482802,205081,3238084,2687883,68.7650870998302,57.0808257627513,563
-7.6926,53.28823,2021/07/25 23:00:00+00,Mon 26 Jul 2021,23836,18300,3422,3056839,2501102,208503,3265342,2709605,69.3439475445151,57.5421217705085,564
-7.6926,53.28823,2021/07/26 23:00:00+00,Tue 27 Jul 2021,25507,23908,3671,3082346,2525010,212174,3294520,2737184,69.9635817823542,58.1277990837364,565
-7.6926,53.28823,2021/07/27 23:00:00+00,Wed 28 Jul 2021,23439,25285,3263,3105785,2550295,215437,3321222,2765732,70.5306348161049,58.7340544206968,566
-7.6926,53.28823,2021/07/28 23:00:00+00,Thu 29 Jul 2021,19272,27867,2962,3125057,2578162,218399,3343456,2796561,71.0028038353699,59.3887498733783,567
-7.6926,53.28823,2021/07/29 23:00:00+00,Fri 30 Jul 2021,21955,22935,2120,3147012,2601097,220519,3367531,2821616,71.5140689760915,59.920826637689,568
-7.6926,53.28823,2021/07/30 23:00:00+00,Sat 31 Jul 2021,13744,12484,907,3160756,2613581,221426,3382182,2835007,71.8252027487483,60.2052026085884,569
-7.6926,53.28823,2021/07/31 23:00:00+00,Sun 01 Aug 2021,11116,9328,368,3171872,2622909,221794,3393666,2844703,72.0690809990514,60.4111102640167,570
-7.6926,53.28823,2021/08/01 23:00:00+00,Mon 02 Aug 2021,15023,16022,430,3186895,2638931,222224,3409119,2861155,72.3972463248902,60.7604907041061,571
-7.6926,53.28823,2021/08/02 23:00:00+00,Tue 03 Aug 2021,17347,25448,1111,3204242,2664379,223335,3427577,2887714,72.7892268842855,61.3245069397208,572
-7.6926,53.28823,2021/08/03 23:00:00+00,Wed 04 Aug 2021,22113,17305,1576,3226355,2681684,224911,3451266,2906595,73.2922947936751,61.7254704754203,573
-7.6926,53.28823,2021/08/04 23:00:00+00,Thu 05 Aug 2021,13534,30047,1420,3239889,2711731,226331,3466220,2938062,73.609863180564,62.3937147197853,574
-7.6926,53.28823,2021/08/05 23:00:00+00,Fri 06 Aug 2021,12207,24750,948,3252096,2736481,227279,3479375,2963760,73.8892273727215,62.9394464575325,575
-7.6926,53.28823,2021/08/06 23:00:00+00,Sat 07 Aug 2021,6335,8461,583,3258431,2744942,227862,3486293,2972804,74.03614044618,63.1315080123689,576
-7.6926,53.28823,2021/08/07 23:00:00+00,Sun 08 Aug 2021,8626,11976,153,3267057,2756918,228015,3495072,2984933,74.2225743681071,63.3890837088097,577
-7.6926,53.28823,2021/08/08 23:00:00+00,Mon 09 Aug 2021,5543,23038,600,3272600,2779956,228615,3501215,3008571,74.3530292698497,63.8910685643186,578
-7.6926,53.28823,2021/08/09 23:00:00+00,Tue 10 Aug 2021,9355,26012,716,3281955,2805968,229331,3511286,3035299,74.5669005567534,64.458673743185,579
-7.6926,53.28823,2021/08/10 23:00:00+00,Wed 11 Aug 2021,7013,31242,666,3288968,2837210,229997,3518965,3067207,74.7299744930193,65.1362832181651,580
-7.6926,53.28823,2021/08/11 23:00:00+00,Thu 12 Aug 2021,6773,38298,862,3295741,2875508,230859,3526600,3106367,74.8921140298587,65.9678987077044,581
-7.6926,53.28823,2021/08/12 23:00:00+00,Fri 13 Aug 2021,10931,28246,870,3306672,2903754,231729,3538401,3135483,75.1427242033024,66.5862162918061,582
-7.6926,53.28823,2021/08/13 23:00:00+00,Sat 14 Aug 2021,18137,5845,281,3324809,2909599,232010,3556819,3141609,75.5338553086735,66.7163101755885,583
-7.6926,53.28823,2021/08/14 23:00:00+00,Sun 15 Aug 2021,16999,3730,51,3341808,2913329,232061,3573869,3145390,75.8959350864224,66.7966048172113,584
-7.6926,53.28823,2021/08/15 23:00:00+00,Mon 16 Aug 2021,10187,23154,384,3351995,2936483,232445,3584440,3168928,76.1204245486267,67.2964660376601,585
-7.6926,53.28823,2021/08/16 23:00:00+00,Tue 17 Aug 2021,12866,26866,528,3364861,2963349,232973,3597834,3196322,76.4048642285779,67.8782146260268,586
-7.6926,53.28823,2021/08/17 23:00:00+00,Wed 18 Aug 2021,15234,25764,658,3380095,2989113,233631,3613726,3222744,76.7423523123307,68.4393214816092,587
-7.6926,53.28823,2021/08/18 23:00:00+00,Thu 19 Aug 2021,11362,25707,544,3391457,3014820,234175,3625632,3248995,76.9951923025874,68.9967969212388,588
-7.6926,53.28823,2021/08/19 23:00:00+00,Fri 20 Aug 2021,14849,22250,686,3406306,3037070,234861,3641167,3271931,77.3250990091756,69.4838738586258,589
-7.6926,53.28823,2021/08/20 23:00:00+00,Sat 21 Aug 2021,11893,7978,246,3418199,3045048,235107,3653306,3280155,77.5828870691224,69.6585216059693,590
-7.6926,53.28823,2021/08/21 23:00:00+00,Sun 22 Aug 2021,8004,12251,161,3426203,3057299,235268,3661471,3292567,77.7562818717804,69.9221071896302,591
