X,Y,VaccinationDate,VaccineText,Dose1,Dose2,SingleDose,Dose1Cum,Dose2Cum,SingleDoseCum,PartiallyVacc,FullyVacc,PartialPercent,FullyPercent,ObjectId
-7.6926,53.28823,2022/06/01 23:00:00+00,Thu 02 Jun 2022,90,138,0,3848141,3799332,240940,4089081,4040272,85.2154800262331,84.1983120208548,1
-7.6926,53.28823,2021/11/05 00:00:00+00,Fri 05 Nov 2021,1627,1097,4,3627550,3561828,240770,3868320,3802598,80.6148730472881,79.2452421257476,2
-7.6926,53.28823,2022/06/02 23:00:00+00,Fri 03 Jun 2022,60,143,0,3848201,3799475,240940,4089141,4040415,85.2167304120292,84.2012921070022,3
-7.6926,53.28823,2021/11/06 00:00:00+00,Sat 06 Nov 2021,1817,1356,6,3629367,3563184,240776,3870143,3803960,80.6528639357268,79.2736258833194,4
-7.6926,53.28823,2021/11/07 00:00:00+00,Sun 07 Nov 2021,696,774,0,3630063,3563958,240776,3870839,3804734,80.6673684109618,79.2897558600893,5
-7.6926,53.28823,2022/06/03 23:00:00+00,Sat 04 Jun 2022,305,606,0,3848506,3800081,240940,4089446,4041021,85.2230865398261,84.213921003543,6
-7.6926,53.28823,2021/11/08 00:00:00+00,Mon 08 Nov 2021,515,531,3,3630578,3564489,240779,3871357,3805268,80.678163408335,79.3008842936748,7
-7.6926,53.28823,2021/11/09 00:00:00+00,Tue 09 Nov 2021,1367,1064,3,3631945,3565553,240782,3872727,3806335,80.706713884013,79.3231203210824,8
-7.6926,53.28823,2022/06/04 23:00:00+00,Sun 05 Jun 2022,143,273,0,3848649,3800354,240940,4089589,4041294,85.2260666259735,84.2196102589153,9
-7.6926,53.28823,2021/11/10 00:00:00+00,Wed 10 Nov 2021,1596,1361,2,3633541,3566914,240784,3874325,3807698,80.7400158257162,79.3515249184175,10
-7.6926,53.28823,2022/06/05 23:00:00+00,Mon 06 Jun 2022,4,7,1,3848653,3800361,240941,4089594,4041302,85.2261708247899,84.2197769770215,11
-7.6926,53.28823,2021/11/11 00:00:00+00,Thu 11 Nov 2021,1383,1116,1,3634924,3568030,240785,3875709,3808815,80.76885805808,79.3748029339886,12
-7.6926,53.28823,2022/06/06 23:00:00+00,Tue 07 Jun 2022,29,50,0,3848682,3800411,240941,4089623,4041352,85.2267751779247,84.2208189651849,13
-7.6926,53.28823,2022/06/07 23:00:00+00,Wed 08 Jun 2022,36,76,0,3848718,3800487,240941,4089659,4041428,85.2275254094024,84.2224027871933,14
-7.6926,53.28823,2021/11/12 00:00:00+00,Fri 12 Nov 2021,1141,1156,6,3636065,3569186,240791,3876856,3809977,80.7927612665491,79.3990187389067,15
-7.6926,53.28823,2021/11/13 00:00:00+00,Sat 13 Nov 2021,1396,1379,0,3637461,3570565,240791,3878252,3811356,80.8218535760721,79.4277567724542,16
-7.6926,53.28823,2022/06/08 23:00:00+00,Thu 09 Jun 2022,71,123,0,3848789,3800610,240941,4089730,4041551,85.2290050325944,84.2249660780753,17
-7.6926,53.28823,2021/11/14 00:00:00+00,Sun 14 Nov 2021,1646,1807,1,3639107,3572372,240792,3879899,3813164,80.8561766661755,79.4654350644439,18
-7.6926,53.28823,2021/11/15 00:00:00+00,Mon 15 Nov 2021,1238,597,1,3640345,3572969,240793,3881138,3813762,80.8819971328654,79.4778972428785,19
-7.6926,53.28823,2022/06/09 23:00:00+00,Fri 10 Jun 2022,56,108,0,3848845,3800718,240941,4089786,4041659,85.2301720593375,84.2272167725084,20
-7.6926,53.28823,2021/11/16 00:00:00+00,Tue 16 Nov 2021,1311,1075,5,3641656,3574044,240798,3882454,3814842,80.9094222613269,79.5004041872086,21
-7.6926,53.28823,2022/06/10 23:00:00+00,Sat 11 Jun 2022,189,561,0,3849034,3801279,240941,4089975,4042220,85.2341107745952,84.2389078797021,22
-7.6926,53.28823,2021/11/17 00:00:00+00,Wed 17 Nov 2021,1495,1119,2,3643151,3575163,240800,3883951,3815963,80.94061938694,79.5237655618327,23
-7.6926,53.28823,2022/06/11 23:00:00+00,Sun 12 Jun 2022,143,288,0,3849177,3801567,240941,4090118,4042508,85.2370908607427,84.2449097315234,24
-7.6926,53.28823,2021/11/18 00:00:00+00,Thu 18 Nov 2021,1637,2502,5,3644788,3577665,240805,3885593,3818470,80.9748382782271,79.5760108483472,25
-7.6926,53.28823,2022/06/12 23:00:00+00,Mon 13 Jun 2022,17,44,0,3849194,3801611,240941,4090135,4042552,85.2374451367182,84.2458266811072,26
-7.6926,53.28823,2021/11/19 00:00:00+00,Fri 19 Nov 2021,1160,1555,0,3645948,3579220,240805,3886753,3820025,80.9990124036187,79.6084166802299,27
-7.6926,53.28823,2022/06/13 23:00:00+00,Tue 14 Jun 2022,37,54,0,3849231,3801665,240941,4090172,4042606,85.2382162079592,84.2469520283237,28
-7.6926,53.28823,2021/11/20 00:00:00+00,Sat 20 Nov 2021,1544,2943,12,3647492,3582163,240817,3888309,3822980,81.0314390752647,79.6699981806887,29
-7.6926,53.28823,2022/06/14 23:00:00+00,Wed 15 Jun 2022,66,122,0,3849297,3801787,240941,4090238,4042728,85.2395916323349,84.2494944794425,30
-7.6926,53.28823,2021/11/21 00:00:00+00,Sun 21 Nov 2021,1788,2766,0,3649280,3584929,240817,3890097,3825746,81.068700571989,79.7276409658897,31
-7.6926,53.28823,2022/06/15 23:00:00+00,Thu 16 Jun 2022,42,87,0,3849339,3801874,240941,4090280,4042815,85.2404669023922,84.2513075388469,32
-7.6926,53.28823,2021/11/22 00:00:00+00,Mon 22 Nov 2021,719,519,3,3649999,3585448,240820,3890819,3826268,81.0837468810689,79.7385193223159,33
-7.6926,53.28823,2022/06/16 23:00:00+00,Fri 17 Jun 2022,57,95,0,3849396,3801969,240941,4090337,4042910,85.2416547688985,84.2532873163574,34
-7.6926,53.28823,2021/11/23 00:00:00+00,Tue 23 Nov 2021,2152,1596,8,3652151,3587044,240828,3892979,3827872,81.1287607697292,79.7719463025988,35
-7.6926,53.28823,2022/06/17 23:00:00+00,Sat 18 Jun 2022,223,487,0,3849619,3802456,240941,4090560,4043397,85.2463020361074,84.2634362810692,36
-7.6926,53.28823,2022/06/18 23:00:00+00,Sun 19 Jun 2022,80,129,0,3849699,3802585,240941,4090640,4043526,85.2479692171689,84.2661246105309,37
-7.6926,53.28823,2021/11/24 00:00:00+00,Wed 24 Nov 2021,1606,3149,2,3653757,3590193,240830,3894587,3831023,81.1622711090651,79.8376123966582,38
-7.6926,53.28823,2022/06/19 23:00:00+00,Mon 20 Jun 2022,8,27,0,3849707,3802612,240941,4090648,4043553,85.248135935275,84.2666872841391,39
-7.6926,53.28823,2021/11/25 00:00:00+00,Thu 25 Nov 2021,974,1186,1,3654731,3591379,240831,3895562,3832210,81.182589878252,79.8623491956581,40
-7.6926,53.28823,2022/06/20 23:00:00+00,Tue 21 Jun 2022,73,168,1,3849780,3802780,240942,4090722,4043722,85.2496780777569,84.2702092041315,41
-7.6926,53.28823,2021/11/26 00:00:00+00,Fri 26 Nov 2021,1279,1108,12,3656010,3592487,240843,3896853,3833330,81.2094940126318,79.8856897305189,42
-7.6926,53.28823,2022/06/21 23:00:00+00,Wed 22 Jun 2022,60,95,0,3849840,3802875,240942,4090782,4043817,85.250928463553,84.272188981642,43
-7.6926,53.28823,2022/06/22 23:00:00+00,Thu 23 Jun 2022,64,114,0,3849904,3802989,240942,4090846,4043931,85.2522622084022,84.2745647146547,44
-7.6926,53.28823,2021/11/27 00:00:00+00,Sat 27 Nov 2021,1198,1564,6,3657208,3594051,240849,3898057,3834900,81.2345850876072,79.9184081588507,45
-7.6926,53.28823,2022/06/23 23:00:00+00,Fri 24 Jun 2022,55,92,1,3849959,3803081,240943,4090902,4044024,85.2534292351453,84.2765028126387,46
-7.6926,53.28823,2021/11/28 00:00:00+00,Sun 28 Nov 2021,1950,2259,1,3659158,3596310,240850,3900008,3837160,81.2752434657443,79.9655060238378,47
-7.6926,53.28823,2022/06/24 23:00:00+00,Sat 25 Jun 2022,210,291,0,3850169,3803372,240943,4091112,4044315,85.2578055854317,84.2825671837498,48
-7.6926,53.28823,2021/11/29 00:00:00+00,Mon 29 Nov 2021,532,993,1,3659690,3597303,240851,3900541,3838154,81.2863510595665,79.9862207485268,49
-7.6926,53.28823,2021/07/23 23:00:00+00,Sat 24 Jul 2021,15443,14813,2275,3018837,2469480,204063,3222900,2673543,67.1644730384521,55.71600320849,50
-7.6926,53.28823,2022/06/25 23:00:00+00,Sun 26 Jun 2022,174,403,0,3850343,3803775,240943,4091286,4044718,85.2614317042404,84.2909656083471,51
-7.6926,53.28823,2022/06/26 23:00:00+00,Mon 27 Jun 2022,4,33,0,3850347,3803808,240943,4091290,4044751,85.2615150632935,84.2916533205349,52
-7.6926,53.28823,2022/06/27 23:00:00+00,Tue 28 Jun 2022,47,60,0,3850394,3803868,240943,4091337,4044811,85.2624945321671,84.2929037063311,53
-7.6926,53.28823,2022/06/28 23:00:00+00,Wed 29 Jun 2022,63,81,3,3850457,3803949,240946,4091403,4044895,85.2638699565428,84.2946542464456,54
-7.6926,53.28823,2022/06/29 23:00:00+00,Thu 30 Jun 2022,49,86,0,3850506,3804035,240946,4091452,4044981,85.264891104943,84.2964464660867,55
-7.6926,53.28823,2022/06/30 23:00:00+00,Fri 01 Jul 2022,46,62,0,3850552,3804097,240946,4091498,4045043,85.2658497340534,84.2977385314094,56
-7.6926,53.28823,2022/07/01 23:00:00+00,Sat 02 Jul 2022,182,228,0,3850734,3804325,240946,4091680,4045271,85.2696425709682,84.3024899974346,57
-7.6926,53.28823,2022/07/02 23:00:00+00,Sun 03 Jul 2022,108,273,0,3850842,3804598,240946,4091788,4045544,85.2718932654013,84.308179252807,58
-7.6926,53.28823,2022/07/03 23:00:00+00,Mon 04 Jul 2022,13,15,0,3850855,3804613,240946,4091801,4045559,85.2721641823237,84.308491849256,59
-7.6926,53.28823,2022/07/04 23:00:00+00,Tue 05 Jul 2022,51,69,0,3850906,3804682,240946,4091852,4045628,85.2732270102505,84.3099297929215,60
-7.6926,53.28823,2022/07/05 23:00:00+00,Wed 06 Jul 2022,61,83,0,3850967,3804765,240946,4091913,4045711,85.2744982358098,84.3116594932728,61
-7.6926,53.28823,2022/07/06 23:00:00+00,Thu 07 Jul 2022,77,75,0,3851044,3804840,240946,4091990,4045786,85.2761028975815,84.313222475518,62
-7.6926,53.28823,2022/07/07 23:00:00+00,Fri 08 Jul 2022,99,89,0,3851143,3804929,240946,4092089,4045875,85.2781660341451,84.3150772144489,63
-7.6926,53.28823,2022/07/08 23:00:00+00,Sat 09 Jul 2022,119,143,0,3851262,3805072,240946,4092208,4046018,85.2806459659741,84.3180573005963,64
-7.6926,53.28823,2022/07/09 23:00:00+00,Sun 10 Jul 2022,131,219,0,3851393,3805291,240946,4092339,4046237,85.2833759749623,84.3226212087521,65
-7.6926,53.28823,2022/07/10 23:00:00+00,Mon 11 Jul 2022,11,16,0,3851404,3805307,240946,4092350,4046253,85.2836052123582,84.3229546449644,66
-7.6926,53.28823,2022/07/11 23:00:00+00,Tue 12 Jul 2022,43,80,0,3851447,3805387,240946,4092393,4046333,85.2845013221788,84.3246218260259,67
-7.6926,53.28823,2022/07/12 23:00:00+00,Wed 13 Jul 2022,99,73,0,3851546,3805460,240946,4092492,4046406,85.2865644587424,84.3261431287445,68
-7.6926,53.28823,2022/07/13 23:00:00+00,Thu 14 Jul 2022,71,39,0,3851617,3805499,240946,4092563,4046445,85.2880440819344,84.326955879512,69
-7.6926,53.28823,2022/07/14 23:00:00+00,Fri 15 Jul 2022,79,117,1,3851696,3805616,240947,4092643,4046563,85.2897112629959,84.3294149715777,70
-7.6926,53.28823,2022/07/15 23:00:00+00,Sat 16 Jul 2022,124,209,0,3851820,3805825,240947,4092767,4046772,85.2922953936413,84.3337704821008,71
-7.6926,53.28823,2022/07/16 23:00:00+00,Sun 17 Jul 2022,119,165,0,3851939,3805990,240947,4092886,4046937,85.2947753254702,84.3372090430401,72
-7.6926,53.28823,2022/07/17 23:00:00+00,Mon 18 Jul 2022,14,17,0,3851953,3806007,240947,4092900,4046954,85.295067082156,84.3375633190157,73
-7.6926,53.28823,2022/07/18 23:00:00+00,Tue 19 Jul 2022,29,33,0,3851982,3806040,240947,4092929,4046987,85.2956714352908,84.3382510312036,74
-7.6926,53.28823,2022/07/19 23:00:00+00,Wed 20 Jul 2022,78,66,0,3852060,3806106,240947,4093007,4047053,85.2972969368257,84.3396264555793,75
-7.6926,53.28823,2022/07/20 23:00:00+00,Thu 21 Jul 2022,51,30,0,3852111,3806136,240947,4093058,4047083,85.2983597647524,84.3402516484774,76
-7.6926,53.28823,2022/07/21 23:00:00+00,Fri 22 Jul 2022,73,70,0,3852184,3806206,240947,4093131,4047153,85.299881067471,84.3417104319062,77
-7.6926,53.28823,2022/07/22 23:00:00+00,Sat 23 Jul 2022,97,175,0,3852281,3806381,240947,4093228,4047328,85.3019025245081,84.3453573904782,78
-7.6926,53.28823,2022/07/23 23:00:00+00,Sun 24 Jul 2022,107,232,0,3852388,3806613,240947,4093335,4047560,85.3041323791778,84.3501922155565,79
-7.6926,53.28823,2022/07/24 23:00:00+00,Mon 25 Jul 2022,13,23,0,3852401,3806636,240947,4093348,4047583,85.3044032961003,84.3506715301117,80
-7.6926,53.28823,2022/07/25 23:00:00+00,Tue 26 Jul 2022,18,16,0,3852419,3806652,240947,4093366,4047599,85.3047784118392,84.351004966324,81
-7.6926,53.28823,2022/07/26 23:00:00+00,Wed 27 Jul 2022,61,72,1,3852480,3806724,240948,4093428,4047672,85.3060704771618,84.3525262690426,82
-7.6926,53.28823,2022/07/27 23:00:00+00,Thu 28 Jul 2022,48,71,0,3852528,3806795,240948,4093476,4047743,85.3070707857987,84.3540058922347,83
-7.6926,53.28823,2022/07/28 23:00:00+00,Fri 29 Jul 2022,70,105,0,3852598,3806900,240948,4093546,4047848,85.3085295692275,84.3561940673779,84
-7.6926,53.28823,2022/07/29 23:00:00+00,Sat 30 Jul 2022,100,118,0,3852698,3807018,240948,4093646,4047966,85.3106135455544,84.3586531594436,85
-7.6926,53.28823,2022/07/30 23:00:00+00,Sun 31 Jul 2022,32,57,0,3852730,3807075,240948,4093678,4048023,85.311280417979,84.3598410259499,86
-7.6926,53.28823,2022/07/31 23:00:00+00,Mon 01 Aug 2022,9,14,0,3852739,3807089,240948,4093687,4048037,85.3114679758484,84.3601327826356,87
-7.6926,53.28823,2022/08/01 23:00:00+00,Tue 02 Aug 2022,36,28,0,3852775,3807117,240948,4093723,4048065,85.3122182073261,84.3607162960072,88
-7.6926,53.28823,2022/08/02 23:00:00+00,Wed 03 Aug 2022,93,139,0,3852868,3807256,240948,4093816,4048204,85.31415630531,84.3636130231015,89
-7.6926,53.28823,2022/08/03 23:00:00+00,Thu 04 Aug 2022,45,51,0,3852913,3807307,240948,4093861,4048255,85.3150940946571,84.3646758510282,90
-7.6926,53.28823,2022/08/04 23:00:00+00,Fri 05 Aug 2022,96,91,0,3853009,3807398,240948,4093957,4048346,85.3170947119309,84.3665722694857,91
-7.6926,53.28823,2022/08/05 23:00:00+00,Sat 06 Aug 2022,72,130,0,3853081,3807528,240948,4094029,4048476,85.3185951748862,84.3692814387106,92
-7.6926,53.28823,2022/08/06 23:00:00+00,Sun 07 Aug 2022,28,80,0,3853109,3807608,240948,4094057,4048556,85.3191786882578,84.3709486197721,93
-7.6926,53.28823,2022/08/07 23:00:00+00,Mon 08 Aug 2022,11,16,0,3853120,3807624,240948,4094068,4048572,85.3194079256537,84.3712820559844,94
-7.6926,53.28823,2022/08/08 23:00:00+00,Tue 09 Aug 2022,47,42,0,3853167,3807666,240948,4094115,4048614,85.3203873945274,84.3721573260416,95
-7.6926,53.28823,2022/08/09 23:00:00+00,Wed 10 Aug 2022,54,94,0,3853221,3807760,240948,4094169,4048708,85.3215127417439,84.3741162637889,96
-7.6926,53.28823,2022/08/10 23:00:00+00,Thu 11 Aug 2022,45,38,0,3853266,3807798,240948,4094214,4048746,85.3224505310909,84.3749081747931,97
-7.6926,53.28823,2022/08/11 23:00:00+00,Fri 12 Aug 2022,70,75,0,3853336,3807873,240948,4094284,4048821,85.3239093145198,84.3764711570383,98
-7.6926,53.28823,2022/08/12 23:00:00+00,Sat 13 Aug 2022,102,151,0,3853438,3808024,240948,4094386,4048972,85.3260349703732,84.3796179612918,99
-7.6926,53.28823,2022/08/13 23:00:00+00,Sun 14 Aug 2022,18,26,0,3853456,3808050,240948,4094404,4048998,85.326410086112,84.3801597951368,100
-7.6926,53.28823,2022/08/14 23:00:00+00,Mon 15 Aug 2022,7,11,0,3853463,3808061,240948,4094411,4049009,85.3265559644549,84.3803890325327,101
-7.6926,53.28823,2022/08/15 23:00:00+00,Tue 16 Aug 2022,40,28,0,3853503,3808089,240948,4094451,4049037,85.3273895549856,84.3809725459043,102
-7.6926,53.28823,2022/08/16 23:00:00+00,Wed 17 Aug 2022,50,57,0,3853553,3808146,240948,4094501,4049094,85.328431543149,84.3821604124106,103
-7.6926,53.28823,2022/08/17 23:00:00+00,Thu 18 Aug 2022,56,38,0,3853609,3808184,240948,4094557,4049132,85.3295985698921,84.3829523234148,104
-7.6926,53.28823,2022/08/18 23:00:00+00,Fri 19 Aug 2022,69,56,0,3853678,3808240,240948,4094626,4049188,85.3310365135576,84.3841193501578,105
-7.6926,53.28823,2022/08/19 23:00:00+00,Sat 20 Aug 2022,109,127,0,3853787,3808367,240948,4094735,4049315,85.3333080477539,84.3867660000929,106
-7.6926,53.28823,2022/08/20 23:00:00+00,Sun 21 Aug 2022,38,36,0,3853825,3808403,240948,4094773,4049351,85.3340999587581,84.3875162315706,107
-7.6926,53.28823,2022/08/21 23:00:00+00,Mon 22 Aug 2022,12,13,0,3853837,3808416,240948,4094785,4049364,85.3343500359173,84.3877871484931,108
-7.6926,53.28823,2022/08/22 23:00:00+00,Tue 23 Aug 2022,77,71,0,3853914,3808487,240948,4094862,4049435,85.335954697689,84.3892667716852,109
-7.6926,53.28823,2022/08/23 23:00:00+00,Wed 24 Aug 2022,54,53,0,3853968,3808540,240948,4094916,4049488,85.3370800449055,84.3903712791384,110
-7.6926,53.28823,2022/08/24 23:00:00+00,Thu 25 Aug 2022,39,47,0,3854007,3808587,240948,4094955,4049535,85.337892795673,84.391350748012,111
-7.6926,53.28823,2022/08/25 23:00:00+00,Fri 26 Aug 2022,92,82,0,3854099,3808669,240948,4095047,4049617,85.3398100538937,84.3930596086001,112
-7.6926,53.28823,2022/08/26 23:00:00+00,Sat 27 Aug 2022,86,119,0,3854185,3808788,240948,4095133,4049736,85.3416022735348,84.395539540429,113
-7.6926,53.28823,2022/08/27 23:00:00+00,Sun 28 Aug 2022,44,20,0,3854229,3808808,240948,4095177,4049756,85.3425192231186,84.3959563356944,114
-7.6926,53.28823,2022/08/28 23:00:00+00,Mon 29 Aug 2022,11,12,0,3854240,3808820,240948,4095188,4049768,85.3427484605146,84.3962064128536,115
-7.6926,53.28823,2022/08/29 23:00:00+00,Tue 30 Aug 2022,38,44,0,3854278,3808864,240948,4095226,4049812,85.3435403715188,84.3971233624375,116
-7.6926,53.28823,2022/08/30 23:00:00+00,Wed 31 Aug 2022,27,28,0,3854305,3808892,240948,4095253,4049840,85.3441030451271,84.397706875809,117
-7.6926,53.28823,2022/08/31 23:00:00+00,Thu 01 Sep 2022,29,27,0,3854334,3808919,240948,4095282,4049867,85.3447073982618,84.3982695494172,118
-7.6926,53.28823,2022/09/01 23:00:00+00,Fri 02 Sep 2022,48,44,0,3854382,3808963,240948,4095330,4049911,85.3457077068987,84.399186499001,119
-7.6926,53.28823,2022/09/02 23:00:00+00,Sat 03 Sep 2022,73,100,0,3854455,3809063,240948,4095403,4050011,85.3472290096173,84.4012704753279,120
-7.6926,53.28823,2022/09/03 23:00:00+00,Sun 04 Sep 2022,58,82,0,3854513,3809145,240948,4095461,4050093,85.3484377158869,84.4029793359159,121
-7.6926,53.28823,2022/09/04 23:00:00+00,Mon 05 Sep 2022,2,4,0,3854515,3809149,240948,4095463,4050097,85.3484793954135,84.403062694969,122
-7.6926,53.28823,2022/09/05 23:00:00+00,Tue 06 Sep 2022,36,21,0,3854551,3809170,240948,4095499,4050118,85.3492296268911,84.4035003299977,123
-7.6926,53.28823,2022/09/06 23:00:00+00,Wed 07 Sep 2022,44,38,0,3854595,3809208,240948,4095543,4050156,85.350146576475,84.4042922410019,124
-7.6926,53.28823,2022/09/07 23:00:00+00,Thu 08 Sep 2022,33,34,2,3854628,3809242,240950,4095578,4050192,85.3508759681894,84.4050424724795,125
-7.6926,53.28823,2020/12/28 00:00:00+00,Mon 28 Dec 2020,232,14,1,232,14,1,233,15,0.00485566484158967,0.000312596449029378,126
-7.6926,53.28823,2022/02/17 00:00:00+00,Thu 17 Feb 2022,790,1192,2,3820013,3729046,240916,4060929,3969962,84.6287990106947,82.7330682654377,127
-7.6926,53.28823,2020/12/29 00:00:00+00,Tue 29 Dec 2020,78,3,0,310,17,1,311,18,0.00648116637654243,0.000375115738835253,128
-7.6926,53.28823,2021/11/30 00:00:00+00,Tue 30 Nov 2021,1888,1647,6,3661578,3598950,240857,3902435,3839807,81.3258215711973,80.0206688772098,129
-7.6926,53.28823,2022/02/18 00:00:00+00,Fri 18 Feb 2022,791,3293,0,3820804,3732339,240916,4061720,3973255,84.6452832634402,82.8016936058813,130
-7.6926,53.28823,2021/12/01 00:00:00+00,Wed 01 Dec 2021,1028,1386,4,3662606,3600336,240861,3903467,3841197,81.3473282068905,80.0496361481532,131
-7.6926,53.28823,2022/02/19 00:00:00+00,Sat 19 Feb 2022,980,3555,0,3821784,3735894,240916,4062700,3976810,84.6657062314435,82.8757789643013,132
-7.6926,53.28823,2021/07/24 23:00:00+00,Sun 25 Jul 2021,14727,13647,1046,3033564,2483127,205109,3238673,2688236,67.4931786244881,56.0222018501959,133
-7.6926,53.28823,2021/12/02 00:00:00+00,Thu 02 Dec 2021,1727,1411,0,3664333,3601747,240861,3905194,3842608,81.3833184780554,80.0790410541252,134
-7.6926,53.28823,2022/02/20 00:00:00+00,Sun 20 Feb 2022,1366,3588,0,3823150,3739482,240916,4064066,3980398,84.6941733480684,82.9505520349091,135
-7.6926,53.28823,2021/12/03 00:00:00+00,Fri 03 Dec 2021,1006,1189,2,3665339,3602936,240863,3906202,3843799,81.4043249594302,80.1038612121782,136
-7.6926,53.28823,2021/07/25 23:00:00+00,Mon 26 Jul 2021,23841,18306,3422,3057405,2501433,208531,3265936,2709964,68.0613330904806,56.4750082264965,137
-7.6926,53.28823,2020/12/30 00:00:00+00,Wed 30 Dec 2020,1060,1,0,1370,18,1,1371,19,0.0285713154412851,0.000395955502103878,138
-7.6926,53.28823,2022/02/21 00:00:00+00,Mon 21 Feb 2022,252,994,1,3823402,3740476,240917,4064319,3981393,84.6994458081754,82.9712875993614,139
-7.6926,53.28823,2021/12/04 00:00:00+00,Sat 04 Dec 2021,1201,1700,1,3666540,3604636,240864,3907404,3845500,81.4293743548791,80.1393096494981,140
-7.6926,53.28823,2021/07/26 23:00:00+00,Tue 27 Jul 2021,25513,23913,3674,3082918,2525346,212205,3295123,2737551,68.669583261002,57.0499147757881,141
-7.6926,53.28823,2020/12/31 00:00:00+00,Thu 31 Dec 2020,1034,1,0,2404,19,1,2405,20,0.0501196306610435,0.000416795265372503,142
-7.6926,53.28823,2022/02/22 00:00:00+00,Tue 22 Feb 2022,475,981,0,3823877,3741457,240917,4064794,3982374,84.709344695728,82.9917314071279,143
-7.6926,53.28823,2021/12/05 00:00:00+00,Sun 05 Dec 2021,1346,1775,2,3667886,3606411,240866,3908752,3847277,81.4574663557652,80.1763419088265,144
-7.6926,53.28823,2021/07/27 23:00:00+00,Wed 28 Jul 2021,23443,25291,3264,3106361,2550637,215469,3321830,2766106,69.2261508186172,57.6449942159237,145
-7.6926,53.28823,2021/01/01 00:00:00+00,Fri 01 Jan 2021,816,0,0,3220,19,1,3221,20,0.0671248774882417,0.000416795265372503,146
-7.6926,53.28823,2022/02/23 00:00:00+00,Wed 23 Feb 2022,832,1272,1,3824709,3742729,240918,4065627,3983647,84.7267042185308,83.0182604257689,147
-7.6926,53.28823,2021/12/06 00:00:00+00,Mon 06 Dec 2021,930,1299,0,3668816,3607710,240866,3909682,3848576,81.476847335605,80.2034127613124,148
-7.6926,53.28823,2021/12/07 00:00:00+00,Tue 07 Dec 2021,483,743,2,3669299,3608453,240868,3910167,3849321,81.4869546207903,80.2189383849475,149
-7.6926,53.28823,2021/12/08 00:00:00+00,Wed 08 Dec 2021,782,1523,2,3670081,3609976,240870,3910951,3850846,81.5032929951929,80.2507190239322,150
-7.6926,53.28823,2021/12/09 00:00:00+00,Thu 09 Dec 2021,784,1209,1,3670865,3611185,240871,3911736,3852056,81.5196522093588,80.2759351374872,151
-7.6926,53.28823,2021/12/10 00:00:00+00,Fri 10 Dec 2021,887,1614,1,3671752,3612799,240872,3912624,3853671,81.5381579191413,80.309591355166,152
-7.6926,53.28823,2021/12/11 00:00:00+00,Sat 11 Dec 2021,639,842,2,3672391,3613641,240874,3913265,3854515,81.5515162073965,80.3271801153648,153
-7.6926,53.28823,2021/12/12 00:00:00+00,Sun 12 Dec 2021,686,1193,0,3673077,3614834,240874,3913951,3855708,81.5658122849988,80.3520419529442,154
-7.6926,53.28823,2021/12/13 00:00:00+00,Mon 13 Dec 2021,719,1069,1,3673796,3615903,240875,3914671,3856778,81.5808169145522,80.3743404996417,155
-7.6926,53.28823,2021/12/14 00:00:00+00,Tue 14 Dec 2021,626,1202,3,3674422,3617105,240878,3915300,3857983,81.5939251256481,80.3994524143804,156
-7.6926,53.28823,2021/12/15 00:00:00+00,Wed 15 Dec 2021,789,1259,0,3675211,3618364,240878,3916089,3859242,81.6103676988671,80.4256896763356,157
-7.6926,53.28823,2021/12/16 00:00:00+00,Thu 16 Dec 2021,1042,1542,7,3676253,3619906,240885,3917138,3860791,81.6322286105359,80.4579704696387,158
-7.6926,53.28823,2021/12/17 00:00:00+00,Fri 17 Dec 2021,1196,2460,1,3677449,3622366,240886,3918335,3863252,81.6571738071684,80.5092571270427,159
-7.6926,53.28823,2021/12/18 00:00:00+00,Sat 18 Dec 2021,1247,1183,0,3678696,3623549,240886,3919582,3864435,81.6831609919644,80.5339105669895,160
-7.6926,53.28823,2021/12/19 00:00:00+00,Sun 19 Dec 2021,544,887,1,3679240,3624436,240887,3920127,3865323,81.6945186629458,80.5524162767721,161
-7.6926,53.28823,2021/12/20 00:00:00+00,Mon 20 Dec 2021,506,616,1,3679746,3625052,240888,3920634,3865940,81.705084422923,80.5652744107088,162
-7.6926,53.28823,2021/12/21 00:00:00+00,Tue 21 Dec 2021,1398,1817,3,3681144,3626869,240891,3922035,3867760,81.7342809312623,80.6032027798577,163
-7.6926,53.28823,2021/12/22 00:00:00+00,Wed 22 Dec 2021,1155,1595,2,3682299,3628464,240893,3923192,3869357,81.7583925373641,80.6364838817977,164
-7.6926,53.28823,2021/12/23 00:00:00+00,Thu 23 Dec 2021,923,1395,0,3683222,3629859,240893,3924115,3870752,81.7776276388611,80.6655553515574,165
-7.6926,53.28823,2021/12/24 00:00:00+00,Fri 24 Dec 2021,102,157,0,3683324,3630016,240893,3924217,3870909,81.7797532947145,80.6688271943906,166
-7.6926,53.28823,2021/12/25 00:00:00+00,Sat 25 Dec 2021,1,6,0,3683325,3630022,240893,3924218,3870915,81.7797741344777,80.6689522329702,167
-7.6926,53.28823,2021/12/26 00:00:00+00,Sun 26 Dec 2021,12,11,0,3683337,3630033,240893,3924230,3870926,81.780024211637,80.6691814703662,168
-7.6926,53.28823,2021/12/27 00:00:00+00,Mon 27 Dec 2021,389,589,0,3683726,3630622,240893,3924619,3871515,81.7881308795485,80.6814560909314,169
-7.6926,53.28823,2021/12/28 00:00:00+00,Tue 28 Dec 2021,466,747,0,3684192,3631369,240893,3925085,3872262,81.7978422092316,80.6970233940931,170
-7.6926,53.28823,2021/12/29 00:00:00+00,Wed 29 Dec 2021,1057,1309,0,3685249,3632678,240893,3926142,3873571,81.8198698390066,80.7243026442117,171
-7.6926,53.28823,2021/12/30 00:00:00+00,Thu 30 Dec 2021,1047,1197,1,3686296,3633875,240894,3927190,3874769,81.8417099109121,80.7492686806075,172
-7.6926,53.28823,2021/12/31 00:00:00+00,Fri 31 Dec 2021,711,1680,0,3687007,3635555,240894,3927901,3876449,81.8565269825961,80.7842794828988,173
-7.6926,53.28823,2022/01/01 00:00:00+00,Sat 01 Jan 2022,64,99,0,3687071,3635654,240894,3927965,3876548,81.8578607274453,80.7863426194624,174
-7.6926,53.28823,2022/01/02 00:00:00+00,Sun 02 Jan 2022,270,629,0,3687341,3636283,240894,3928235,3877177,81.8634874635278,80.7994508305584,175
-7.6926,53.28823,2022/01/03 00:00:00+00,Mon 03 Jan 2022,3630,728,1,3690971,3637011,240895,3931866,3877906,81.9391566439562,80.8146430179812,176
-7.6926,53.28823,2022/01/04 00:00:00+00,Tue 04 Jan 2022,1186,782,1,3692157,3637793,240896,3933053,3878689,81.963893442956,80.8309605526205,177
-7.6926,53.28823,2022/01/05 00:00:00+00,Wed 05 Jan 2022,2141,908,0,3694298,3638701,240896,3935194,3879597,82.0085113761142,80.8498830576684,178
-7.6926,53.28823,2022/01/06 00:00:00+00,Thu 06 Jan 2022,2454,1695,1,3696752,3640396,240897,3937649,3881293,82.0596729949387,80.885227296172,179
-7.6926,53.28823,2022/01/07 00:00:00+00,Fri 07 Jan 2022,4853,784,2,3701605,3641180,240899,3942504,3882079,82.1608500456078,80.9016073501011,180
-7.6926,53.28823,2022/01/08 00:00:00+00,Sat 08 Jan 2022,9789,740,2,3711394,3641920,240901,3952295,3882821,82.3648921677709,80.9170704544465,181
-7.6926,53.28823,2022/01/09 00:00:00+00,Sun 09 Jan 2022,7115,666,0,3718509,3642586,240901,3959410,3883487,82.5131670834272,80.9309497367834,182
-7.6926,53.28823,2022/01/10 00:00:00+00,Mon 10 Jan 2022,6659,508,1,3725168,3643094,240902,3966070,3883996,82.6519599067963,80.9415571762871,183
-7.6926,53.28823,2022/01/11 00:00:00+00,Tue 11 Jan 2022,4781,1367,1,3729949,3644461,240903,3970852,3885364,82.7516156547468,80.9700659724386,184
-7.6926,53.28823,2022/01/12 00:00:00+00,Wed 12 Jan 2022,7559,921,1,3737508,3645382,240904,3978412,3886286,82.9091642650576,80.9892802341723,185
-7.6926,53.28823,2022/01/13 00:00:00+00,Thu 13 Jan 2022,7322,816,0,3744830,3646198,240904,3985734,3887102,83.0617530117105,81.0062854809995,186
-7.6926,53.28823,2022/01/14 00:00:00+00,Fri 14 Jan 2022,10721,835,0,3755551,3647033,240904,3996455,3887937,83.2851761137134,81.0236866833287,187
-7.6926,53.28823,2022/01/15 00:00:00+00,Sat 15 Jan 2022,8360,652,2,3763911,3647685,240906,4004817,3888591,83.4594382141657,81.0373158885064,188
-7.6926,53.28823,2022/01/16 00:00:00+00,Sun 16 Jan 2022,6965,1215,1,3770876,3648900,240907,4011783,3889807,83.6046080050949,81.0626570406411,189
-7.6926,53.28823,2022/01/17 00:00:00+00,Mon 17 Jan 2022,2561,560,0,3773437,3649460,240907,4014344,3890367,83.6579786388259,81.0743273080715,190
-7.6926,53.28823,2022/01/18 00:00:00+00,Tue 18 Jan 2022,4056,452,3,3777493,3649912,240910,4018403,3890822,83.7425672379332,81.0838094003587,191
-7.6926,53.28823,2022/01/19 00:00:00+00,Wed 19 Jan 2022,3486,622,0,3780979,3650534,240910,4021889,3891444,83.8152146526876,81.0967717331118,192
-7.6926,53.28823,2022/01/20 00:00:00+00,Thu 20 Jan 2022,3693,935,0,3784672,3651469,240910,4025582,3892379,83.8921758984387,81.116256911768,193
-7.6926,53.28823,2022/01/21 00:00:00+00,Fri 21 Jan 2022,3252,978,0,3787924,3652447,240910,4028834,3893357,83.9599468085882,81.1366382002447,194
-7.6926,53.28823,2022/01/22 00:00:00+00,Sat 22 Jan 2022,4270,644,0,3792194,3653091,240910,4033104,3894001,84.0489325977453,81.1500590077897,195
-7.6926,53.28823,2022/01/23 00:00:00+00,Sun 23 Jan 2022,3092,677,0,3795286,3653768,240910,4036196,3894678,84.1133691457719,81.1641675275226,196
-7.6926,53.28823,2022/01/24 00:00:00+00,Mon 24 Jan 2022,646,464,0,3795932,3654232,240910,4036842,3895142,84.1268316328434,81.1738371776792,197
-7.6926,53.28823,2022/01/25 00:00:00+00,Tue 25 Jan 2022,692,1836,0,3796624,3656068,240910,4037534,3896978,84.1412527490253,81.2120989830404,198
-7.6926,53.28823,2022/01/26 00:00:00+00,Wed 26 Jan 2022,700,897,0,3797324,3656965,240910,4038234,3897875,84.1558405833133,81.2307922506923,199
-7.6926,53.28823,2022/01/27 00:00:00+00,Thu 27 Jan 2022,1274,1178,0,3798598,3658143,240910,4039508,3899053,84.1823904417175,81.2553414918228,200
-7.6926,53.28823,2022/01/28 00:00:00+00,Fri 28 Jan 2022,1028,3094,1,3799626,3661237,240911,4040537,3902148,84.2038345581209,81.3198405591392,201
-7.6926,53.28823,2022/01/29 00:00:00+00,Sat 29 Jan 2022,2328,3445,0,3801954,3664682,240911,4042865,3905593,84.2523495270103,81.3916335435996,202
-7.6926,53.28823,2022/01/30 00:00:00+00,Sun 30 Jan 2022,1639,7537,0,3803593,3672219,240911,4044504,3913130,84.2865058990076,81.5487028393552,203
-7.6926,53.28823,2022/01/31 00:00:00+00,Mon 31 Jan 2022,480,1392,0,3804073,3673611,240911,4044984,3914522,84.2965089853765,81.5777117898251,204
-7.6926,53.28823,2022/02/01 00:00:00+00,Tue 01 Feb 2022,747,3417,1,3804820,3677028,240912,4045732,3917940,84.3120971283015,81.6489421006773,205
-7.6926,53.28823,2022/02/02 00:00:00+00,Wed 02 Feb 2022,650,2996,0,3805470,3680024,240912,4046382,3920936,84.3256429744261,81.7113780314301,206
-7.6926,53.28823,2022/02/03 00:00:00+00,Thu 03 Feb 2022,905,2435,1,3806375,3682459,240913,4047288,3923372,84.3445237999475,81.7621436947525,207
-7.6926,53.28823,2022/02/04 00:00:00+00,Fri 04 Feb 2022,1172,6523,0,3807547,3688982,240913,4048460,3929895,84.3689480024983,81.8980814705537,208
-7.6926,53.28823,2022/02/05 00:00:00+00,Sat 05 Feb 2022,1777,5749,0,3809324,3694731,240913,4050237,3935644,84.4059802618266,82.0178892695851,209
-7.6926,53.28823,2022/02/06 00:00:00+00,Sun 06 Feb 2022,1407,7555,0,3810731,3702286,240913,4051644,3943199,84.4353018087456,82.1753336810795,210
-7.6926,53.28823,2022/02/07 00:00:00+00,Mon 07 Feb 2022,441,1351,0,3811172,3703637,240913,4052085,3944550,84.444492144347,82.2034882012554,211
-7.6926,53.28823,2022/02/08 00:00:00+00,Tue 08 Feb 2022,899,1238,0,3812071,3704875,240913,4052984,3945788,84.4632270915255,82.229287828182,212
-7.6926,53.28823,2022/02/09 00:00:00+00,Wed 09 Feb 2022,1334,1784,0,3813405,3706659,240913,4054318,3947572,84.4910273357259,82.2664659658532,213
-7.6926,53.28823,2022/02/10 00:00:00+00,Thu 10 Feb 2022,685,2549,0,3814090,3709208,240913,4055003,3950121,84.5053025735649,82.3195865224249,214
-7.6926,53.28823,2022/02/11 00:00:00+00,Fri 11 Feb 2022,547,4921,0,3814637,3714129,240913,4055550,3955042,84.5167019240728,82.4221389974698,215
-7.6926,53.28823,2022/02/12 00:00:00+00,Sat 12 Feb 2022,1397,5462,0,3816034,3719591,240913,4056947,3960504,84.5458150733591,82.5359657844431,216
-7.6926,53.28823,2022/02/13 00:00:00+00,Sun 13 Feb 2022,1566,4706,0,3817600,3724297,240913,4058513,3965210,84.5784501426378,82.6340377103852,217
-7.6926,53.28823,2022/02/14 00:00:00+00,Mon 14 Feb 2022,173,954,0,3817773,3725251,240913,4058686,3966164,84.5820554216832,82.6539188445435,218
-7.6926,53.28823,2022/02/15 00:00:00+00,Tue 15 Feb 2022,650,817,1,3818423,3726068,240914,4059337,3966982,84.5956221075711,82.6709657708972,219
-7.6926,53.28823,2022/02/16 00:00:00+00,Wed 16 Feb 2022,800,1786,0,3819223,3727854,240914,4060137,3968768,84.612293918186,82.708185588095,220
-7.6926,53.28823,2021/07/28 23:00:00+00,Thu 29 Jul 2021,19278,27869,2963,3125639,2578506,218432,3344071,2796938,69.6896479934747,58.287525797022,221
-7.6926,53.28823,2021/07/29 23:00:00+00,Fri 30 Jul 2021,21957,22946,2120,3147596,2601452,220552,3368148,2822004,70.1914069736933,58.8098953031133,222
-7.6926,53.28823,2022/02/24 00:00:00+00,Thu 24 Feb 2022,655,1232,0,3825364,3743961,240918,4066282,3984879,84.7403542634717,83.0439350141158,223
-7.6926,53.28823,2021/07/30 23:00:00+00,Sat 31 Jul 2021,13749,12490,907,3161345,2613942,221459,3382804,2835401,70.4968345441583,59.0890856116231,224
-7.6926,53.28823,2022/02/25 00:00:00+00,Fri 25 Feb 2022,691,1227,0,3826055,3745188,240918,4066973,3986106,84.7547545398903,83.0695054036464,225
-7.6926,53.28823,2021/07/31 23:00:00+00,Sun 01 Aug 2021,11128,9339,369,3172473,2623281,221828,3394301,2845109,70.7364293024577,59.2913980334349,226
-7.6926,53.28823,2021/01/02 00:00:00+00,Sat 02 Jan 2021,1017,0,0,4237,19,1,4238,20,0.0883189167324335,0.000416795265372503,227
-7.6926,53.28823,2022/02/26 00:00:00+00,Sat 26 Feb 2022,959,2092,0,3827014,3747280,240918,4067932,3988198,84.7747398728649,83.1131021884044,228
-7.6926,53.28823,2021/01/03 00:00:00+00,Sun 03 Jan 2021,20,2,1,4257,21,2,4259,23,0.0887565517610746,0.000479314555178379,229
-7.6926,53.28823,2022/02/27 00:00:00+00,Sun 27 Feb 2022,671,1783,0,3827685,3749063,240918,4068603,3989981,84.7887233540182,83.1502594863123,230
-7.6926,53.28823,2021/01/04 00:00:00+00,Mon 04 Jan 2021,1192,3,0,5449,24,2,5451,26,0.113597549577276,0.000541833844984254,231
-7.6926,53.28823,2021/08/01 23:00:00+00,Mon 02 Aug 2021,15024,16029,430,3187497,2639310,222258,3409755,2861568,71.058487004011,59.6343996970732,232
-7.6926,53.28823,2022/02/28 00:00:00+00,Mon 28 Feb 2022,82,430,0,3827767,3749493,240918,4068685,3990411,84.7904322146062,83.1592205845178,233
-7.6926,53.28823,2021/01/05 00:00:00+00,Tue 05 Jan 2021,3532,13,0,8981,37,2,8983,39,0.18720359344206,0.000812750767476382,234
-7.6926,53.28823,2021/08/02 23:00:00+00,Tue 03 Aug 2021,17348,25455,1111,3204845,2664765,223369,3428214,2888134,71.4431681941866,60.1880288480675,235
-7.6926,53.28823,2022/03/01 00:00:00+00,Tue 01 Mar 2022,130,937,0,3827897,3750430,240918,4068815,3991348,84.7931413838311,83.1787474427006,236
-7.6926,53.28823,2021/01/06 00:00:00+00,Wed 06 Jan 2021,6778,13,0,15759,50,2,15761,52,0.328455508876801,0.00108366768996851,237
-7.6926,53.28823,2021/08/03 23:00:00+00,Wed 04 Aug 2021,22119,17311,1576,3226964,2682076,224945,3451909,2907021,71.9369663848367,60.581629456922,238
-7.6926,53.28823,2022/03/02 00:00:00+00,Wed 02 Mar 2022,205,997,2,3828102,3751427,240920,4069022,3992347,84.7974552148277,83.1995663662059,239
-7.6926,53.28823,2021/01/07 00:00:00+00,Thu 07 Jan 2021,11729,9,0,27488,59,2,27490,61,0.572885092254506,0.00127122555938614,240
-7.6926,53.28823,2021/08/04 23:00:00+00,Thu 05 Aug 2021,13535,30053,1421,3240499,2712129,226366,3466865,2938495,72.2486458842822,61.2375401660387,241
-7.6926,53.28823,2022/03/03 00:00:00+00,Thu 03 Mar 2022,279,1275,0,3828381,3752702,240920,4069301,3993622,84.8032695087797,83.2261370643734,242
-7.6926,53.28823,2021/01/08 00:00:00+00,Fri 08 Jan 2021,12682,5,0,40170,64,2,40172,66,0.837174970027211,0.00137542437572926,243
-7.6926,53.28823,2021/08/05 23:00:00+00,Fri 06 Aug 2021,12213,24754,948,3252712,2736883,227314,3480026,2964197,72.5229180086606,61.7731637615689,244
-7.6926,53.28823,2021/08/06 23:00:00+00,Sat 07 Aug 2021,6337,8464,583,3259049,2745347,227897,3486946,2973244,72.6671291704795,61.9617010998602,245
-7.6926,53.28823,2021/08/07 23:00:00+00,Sun 08 Aug 2021,8628,11980,153,3267677,2757327,228050,3495727,2985377,72.8501231317413,62.2145499475984,246
-7.6926,53.28823,2021/08/08 23:00:00+00,Mon 09 Aug 2021,5549,23041,600,3273226,2780368,228650,3501876,3009018,72.9782668360801,62.707222791032,247
-7.6926,53.28823,2021/08/09 23:00:00+00,Tue 10 Aug 2021,9358,26015,716,3282584,2806383,229366,3511950,3035749,73.1882066112482,63.2642905029656,248
-7.6926,53.28823,2021/08/10 23:00:00+00,Wed 11 Aug 2021,7018,31248,666,3289602,2837631,230032,3519634,3067663,73.3483393522043,63.9293707079205,249
-7.6926,53.28823,2021/08/11 23:00:00+00,Thu 12 Aug 2021,6781,38301,864,3296383,2875932,230896,3527279,3106828,73.5076593423929,64.7455600363362,250
-7.6926,53.28823,2021/08/12 23:00:00+00,Fri 13 Aug 2021,10933,28253,873,3307316,2904185,231769,3539085,3135954,73.7536935875423,65.3525389812982,251
-7.6926,53.28823,2021/08/13 23:00:00+00,Sat 14 Aug 2021,18140,5849,281,3325456,2910034,232050,3557506,3142084,74.1375828667137,65.4802867301349,252
-7.6926,53.28823,2021/08/14 23:00:00+00,Sun 15 Aug 2021,17001,3734,51,3342457,2913768,232101,3574558,3145869,74.4929425099703,65.5591652341066,253
-7.6926,53.28823,2021/08/15 23:00:00+00,Mon 16 Aug 2021,10195,23157,384,3352652,2936925,232485,3585137,3169410,74.7134063655891,66.0497541012133,254
-7.6926,53.28823,2021/08/16 23:00:00+00,Tue 17 Aug 2021,12874,26868,528,3365526,2963793,233013,3598539,3196806,74.9927008729152,66.6206802557206,255
-7.6926,53.28823,2021/08/17 23:00:00+00,Wed 18 Aug 2021,15238,25770,658,3380764,2989563,233671,3614435,3223234,75.3239697498332,67.1714335193838,256
-7.6926,53.28823,2021/08/18 23:00:00+00,Thu 19 Aug 2021,11364,25718,544,3392128,3015281,234215,3626343,3249496,75.572129650836,67.7187273823444,257
-7.6926,53.28823,2021/08/19 23:00:00+00,Fri 20 Aug 2021,14853,22253,686,3406981,3037534,234901,3641882,3272435,75.8959587322672,68.1967707119634,258
-7.6926,53.28823,2021/08/20 23:00:00+00,Sat 21 Aug 2021,11895,7986,246,3418876,3045520,235147,3654023,3280667,76.1489742981116,68.3683236431907,259
-7.6926,53.28823,2021/08/21 23:00:00+00,Sun 22 Aug 2021,8004,12254,161,3426880,3057774,235308,3662188,3293082,76.3191309651999,68.6270493041707,260
-7.6926,53.28823,2021/08/22 23:00:00+00,Mon 23 Aug 2021,10869,15389,291,3437749,3073163,235599,3673348,3308762,76.5517027232777,68.9538167922228,261
-7.6926,53.28823,2021/08/23 23:00:00+00,Tue 24 Aug 2021,9717,22928,384,3447466,3096091,235983,3683449,3332074,76.7622051720541,69.439633353541,262
-7.6926,53.28823,2021/08/24 23:00:00+00,Wed 25 Aug 2021,9420,19536,316,3456886,3115627,236299,3693185,3351926,76.9651011072375,69.8533443339497,263
-7.6926,53.28823,2021/08/25 23:00:00+00,Thu 26 Aug 2021,8589,19446,369,3465475,3135073,236668,3702143,3371741,77.1517837065978,70.2662842431175,264
-7.6926,53.28823,2021/08/26 23:00:00+00,Fri 27 Aug 2021,9726,19216,432,3475201,3154289,237100,3712301,3391389,77.3634740218805,70.6757439118195,265
-7.6926,53.28823,2021/08/27 23:00:00+00,Sat 28 Aug 2021,9925,7930,153,3485126,3162219,237253,3722379,3399472,77.5734971561017,70.8441917183198,266
-7.6926,53.28823,2021/08/28 23:00:00+00,Sun 29 Aug 2021,8800,9192,30,3493926,3171411,237283,3731209,3408694,77.7575122657637,71.036376015183,267
-7.6926,53.28823,2021/08/29 23:00:00+00,Mon 30 Aug 2021,5066,11142,84,3498992,3182553,237367,3736359,3419920,77.8648370465971,71.2703231976366,268
-7.6926,53.28823,2021/08/30 23:00:00+00,Tue 31 Aug 2021,4070,12900,145,3503062,3195453,237512,3740574,3432965,77.9526766487743,71.5421779094758,269
-7.6926,53.28823,2021/08/31 23:00:00+00,Wed 01 Sep 2021,4970,12545,181,3508032,3207998,237693,3745725,3445691,78.060022269371,71.8073847368323,270
-7.6926,53.28823,2021/09/01 23:00:00+00,Thu 02 Sep 2021,5011,12363,248,3513043,3220361,237941,3750984,3458302,78.1696185844007,72.070194991413,271
-7.6926,53.28823,2021/09/02 23:00:00+00,Fri 03 Sep 2021,4778,16078,166,3517821,3236439,238107,3755928,3474546,78.2726503740008,72.4087161059485,272
-7.6926,53.28823,2021/09/03 23:00:00+00,Sat 04 Sep 2021,4630,10586,135,3522451,3247025,238242,3760693,3485267,78.3719518459758,72.6321392079515,273
-7.6926,53.28823,2021/09/04 23:00:00+00,Sun 05 Sep 2021,5309,11904,1,3527760,3258929,238243,3766003,3497172,78.4826109889322,72.8802365896644,274
-7.6926,53.28823,2021/09/05 23:00:00+00,Mon 06 Sep 2021,2164,9686,75,3529924,3268615,238318,3768242,3506933,78.5292712188907,73.0836535189295,275
-7.6926,53.28823,2021/09/06 23:00:00+00,Tue 07 Sep 2021,3032,10025,160,3532956,3278640,238478,3771434,3517118,78.5957917432441,73.2959065078204,276
-7.6926,53.28823,2021/09/07 23:00:00+00,Wed 08 Sep 2021,2612,14800,191,3535568,3293440,238669,3774237,3532109,78.6542055996861,73.6083153989804,277
-7.6926,53.28823,2021/09/08 23:00:00+00,Thu 09 Sep 2021,3119,14814,138,3538687,3308254,238807,3777494,3547061,78.722080708652,73.9199115393729,278
-7.6926,53.28823,2021/09/09 23:00:00+00,Fri 10 Sep 2021,3386,13946,116,3542073,3322200,238923,3780996,3561123,78.7950615596187,74.2129602904563,279
-7.6926,53.28823,2021/09/10 23:00:00+00,Sat 11 Sep 2021,2560,11340,62,3544633,3333540,238985,3783618,3572525,78.849703418909,74.4505752712451,280
-7.6926,53.28823,2021/09/11 23:00:00+00,Sun 12 Sep 2021,2043,12883,1,3546676,3346423,238986,3785662,3585409,78.8922998950301,74.7190747811981,281
-7.6926,53.28823,2021/09/12 23:00:00+00,Mon 13 Sep 2021,1618,7746,52,3548294,3354169,239038,3787332,3593207,78.9271022996887,74.8815832551668,282
-7.6926,53.28823,2021/09/13 23:00:00+00,Tue 14 Sep 2021,1548,10786,82,3549842,3364955,239120,3788962,3604075,78.9610711138166,75.1080698023703,283
-7.6926,53.28823,2021/09/14 23:00:00+00,Wed 15 Sep 2021,3284,12370,137,3553126,3377325,239257,3792383,3616582,79.0323639439585,75.368712721571,284
-7.6926,53.28823,2021/09/15 23:00:00+00,Thu 16 Sep 2021,1917,10579,115,3555043,3387904,239372,3794415,3627276,79.0747103429204,75.5915731499656,285
-7.6926,53.28823,2021/09/16 23:00:00+00,Fri 17 Sep 2021,2565,14615,94,3557608,3402519,239466,3797074,3641985,79.1301232734517,75.8981052278838,286
-7.6926,53.28823,2021/09/17 23:00:00+00,Sat 18 Sep 2021,2289,11236,47,3559897,3413755,239513,3799410,3653268,79.1788049604472,76.1332402768438,287
-7.6926,53.28823,2021/09/18 23:00:00+00,Sun 19 Sep 2021,1862,8491,16,3561759,3422246,239529,3801288,3661775,79.2179420358656,76.31052414297,288
-7.6926,53.28823,2021/09/19 23:00:00+00,Mon 20 Sep 2021,958,5629,35,3562717,3427875,239564,3802281,3667439,79.2386359207914,76.4285605621234,289
-7.6926,53.28823,2021/09/20 23:00:00+00,Tue 21 Sep 2021,1469,6675,90,3564186,3434550,239654,3803840,3674204,79.2711251117272,76.5695415606357,290
-7.6926,53.28823,2021/09/21 23:00:00+00,Wed 22 Sep 2021,1897,8156,97,3566083,3442706,239751,3805834,3682457,79.3126795996848,76.7415321268917,291
-7.6926,53.28823,2021/09/22 23:00:00+00,Thu 23 Sep 2021,1688,8729,89,3567771,3451435,239840,3807611,3691275,79.3497118590132,76.9252971593944,292
-7.6926,53.28823,2021/09/23 23:00:00+00,Fri 24 Sep 2021,1912,7389,79,3569683,3458824,239919,3809602,3698743,79.391203827681,77.0809285114845,293
-7.6926,53.28823,2021/09/24 23:00:00+00,Sat 25 Sep 2021,2422,6605,53,3572105,3465429,239972,3812077,3705401,79.4427822417708,77.219679655327,294
-7.6926,53.28823,2021/09/25 23:00:00+00,Sun 26 Sep 2021,1549,7099,0,3573654,3472528,239972,3813626,3712500,79.4750630350739,77.367621134771,295
-7.6926,53.28823,2021/09/26 23:00:00+00,Mon 27 Sep 2021,1175,3827,45,3574829,3476355,240017,3814846,3716372,79.5004875462617,77.4483126981471,296
-7.6926,53.28823,2021/09/27 23:00:00+00,Tue 28 Sep 2021,1451,5139,93,3576280,3481494,240110,3816390,3721604,79.5326641407484,77.5573463395685,297
-7.6926,53.28823,2021/09/28 23:00:00+00,Wed 29 Sep 2021,1650,3628,80,3577930,3485122,240190,3818120,3725312,79.5687169312031,77.6346201817686,298
-7.6926,53.28823,2021/09/29 23:00:00+00,Thu 30 Sep 2021,1277,3977,78,3579207,3489099,240268,3819475,3729367,79.5969548104321,77.7191254218229,299
-7.6926,53.28823,2021/09/30 23:00:00+00,Fri 01 Oct 2021,1860,5187,42,3581067,3494286,240310,3821377,3734596,79.6365920401691,77.8280965439545,300
-7.6926,53.28823,2021/10/01 23:00:00+00,Sat 02 Oct 2021,1681,4094,40,3582748,3498380,240350,3823098,3738730,79.6724572727544,77.914248125307,301
-7.6926,53.28823,2021/10/02 23:00:00+00,Sun 03 Oct 2021,1196,3021,9,3583944,3501401,240359,3824303,3741760,79.6975691874931,77.9773926080109,302
-7.6926,53.28823,2021/10/03 23:00:00+00,Mon 04 Oct 2021,340,1223,18,3584284,3502624,240377,3824661,3743001,79.7050298227432,78.0032547542273,303
-7.6926,53.28823,2021/10/04 23:00:00+00,Tue 05 Oct 2021,942,2826,70,3585226,3505450,240447,3825673,3745897,79.7261196631711,78.0636067086532,304
-7.6926,53.28823,2021/10/05 23:00:00+00,Wed 06 Oct 2021,965,2577,40,3586191,3508027,240487,3826678,3748514,79.747063625256,78.1181443691272,305
-7.6926,53.28823,2021/10/06 23:00:00+00,Thu 07 Oct 2021,1212,2704,44,3587403,3510731,240531,3827934,3751262,79.7732383679214,78.1754120385894,306
-7.6926,53.28823,2021/10/07 23:00:00+00,Fri 08 Oct 2021,908,2743,48,3588311,3513474,240579,3828890,3754053,79.7931611816062,78.2335758178721,307
-7.6926,53.28823,2021/10/08 23:00:00+00,Sat 09 Oct 2021,720,2363,23,3589031,3515837,240602,3829633,3756439,79.8086451257148,78.2832994930311,308
-7.6926,53.28823,2021/10/09 23:00:00+00,Sun 10 Oct 2021,1508,3919,2,3590539,3519756,240604,3831143,3760360,79.8401131682505,78.3650122048074,309
-7.6926,53.28823,2021/10/10 23:00:00+00,Mon 11 Oct 2021,334,1133,19,3590873,3520889,240623,3831496,3761512,79.8474696046843,78.3890196120928,310
-7.6926,53.28823,2021/10/11 23:00:00+00,Tue 12 Oct 2021,562,1615,20,3591435,3522504,240643,3832078,3763147,79.8595983469066,78.423092625037,311
-7.6926,53.28823,2021/10/12 23:00:00+00,Wed 13 Oct 2021,986,2074,11,3592421,3524578,240654,3833075,3765232,79.8803755908854,78.4665435314521,312
-7.6926,53.28823,2021/10/13 23:00:00+00,Thu 14 Oct 2021,648,1605,8,3593069,3526183,240662,3833731,3766845,79.8940464755896,78.5001580696044,313
-7.6926,53.28823,2021/10/14 23:00:00+00,Fri 15 Oct 2021,956,2075,9,3594025,3528258,240671,3834696,3768929,79.9141568471439,78.5435881362562,314
-7.6926,53.28823,2021/10/15 23:00:00+00,Sat 16 Oct 2021,1373,2642,14,3595398,3530900,240685,3836083,3771585,79.9430615987975,78.5989385474977,315
-7.6926,53.28823,2021/10/16 23:00:00+00,Sun 17 Oct 2021,1700,2892,2,3597098,3533792,240687,3837785,3774479,79.9785308758807,78.6592488223971,316
-7.6926,53.28823,2021/10/17 23:00:00+00,Mon 18 Oct 2021,675,1248,6,3597773,3535040,240693,3838466,3775733,79.9927227546666,78.6853818855359,317
-7.6926,53.28823,2021/10/18 23:00:00+00,Tue 19 Oct 2021,1335,1804,13,3599108,3536844,240706,3839814,3777550,80.0208147555527,78.723247735395,318
-7.6926,53.28823,2021/10/19 23:00:00+00,Wed 20 Oct 2021,2249,2331,0,3601357,3539175,240706,3842063,3779881,80.0676833831438,78.7718252235742,319
-7.6926,53.28823,2021/10/20 23:00:00+00,Thu 21 Oct 2021,1723,1844,11,3603080,3541019,240717,3843797,3781736,80.1038195326516,78.8104829844375,320
-7.6926,53.28823,2021/10/21 23:00:00+00,Fri 22 Oct 2021,1503,1931,3,3604583,3542950,240720,3845303,3783670,80.1352042161342,78.850787086599,321
-7.6926,53.28823,2021/10/22 23:00:00+00,Sat 23 Oct 2021,2018,1702,1,3606601,3544652,240721,3847322,3785373,80.1772796981735,78.8862772034455,322
-7.6926,53.28823,2021/10/23 23:00:00+00,Sun 24 Oct 2021,1952,2186,2,3608553,3546838,240723,3849276,3787561,80.2180005956004,78.9318746054772,323
-7.6926,53.28823,2021/10/24 23:00:00+00,Mon 25 Oct 2021,1229,854,2,3609782,3547692,240725,3850507,3788417,80.2436543441841,78.9497134428352,324
-7.6926,53.28823,2021/10/25 23:00:00+00,Tue 26 Oct 2021,1234,1234,6,3611016,3548926,240731,3851747,3789657,80.2694956506372,78.9755547492883,325
-7.6926,53.28823,2021/10/26 23:00:00+00,Wed 27 Oct 2021,1556,1424,6,3612572,3550350,240737,3853309,3791087,80.3020473608628,79.0053556107624,326
-7.6926,53.28823,2021/10/27 23:00:00+00,Thu 28 Oct 2021,2150,1693,5,3614722,3552043,240742,3855464,3792785,80.3469570507067,79.0407415287925,327
-7.6926,53.28823,2021/10/28 23:00:00+00,Fri 29 Oct 2021,2138,1365,2,3616860,3553408,240744,3857604,3794152,80.3915541441015,79.0692294851807,328
-7.6926,53.28823,2021/10/29 23:00:00+00,Sat 30 Oct 2021,2019,1453,1,3618879,3554861,240745,3859624,3795606,80.4336504659042,79.0995305009733,329
-7.6926,53.28823,2021/10/30 23:00:00+00,Sun 31 Oct 2021,1596,1320,0,3620475,3556181,240745,3861220,3796926,80.4669107280809,79.1270389884879,330
-7.6926,53.28823,2021/11/01 00:00:00+00,Mon 01 Nov 2021,283,290,2,3620758,3556471,240747,3861505,3797218,80.4728500606125,79.1331241993623,331
-7.6926,53.28823,2021/11/02 00:00:00+00,Tue 02 Nov 2021,1099,1095,10,3621857,3557566,240757,3862614,3798323,80.4959613580774,79.1561521377742,332
-7.6926,53.28823,2021/11/03 00:00:00+00,Wed 03 Nov 2021,2534,1880,7,3624391,3559446,240764,3865155,3800210,80.5489151965429,79.1954767710621,333
-7.6926,53.28823,2021/11/04 00:00:00+00,Thu 04 Nov 2021,1532,1285,2,3625923,3560731,240766,3866689,3801497,80.580883393397,79.2222975463888,334
-7.6926,53.28823,2022/03/04 00:00:00+00,Fri 04 Mar 2022,735,1507,1,3829116,3754209,240921,4070037,3995130,84.8186075745454,83.2575634273825,335
-7.6926,53.28823,2022/03/05 00:00:00+00,Sat 05 Mar 2022,962,3341,0,3830078,3757550,240921,4070999,3998471,84.8386554268098,83.327189076463,336
-7.6926,53.28823,2021/01/09 00:00:00+00,Sat 09 Jan 2021,8073,7,0,48243,71,2,48245,73,1.00541437889482,0.00152130271860964,337
-7.6926,53.28823,2022/03/06 00:00:00+00,Sun 06 Mar 2022,455,1915,0,3830533,3759465,240921,4071454,4000386,84.848137519097,83.3670972231224,338
-7.6926,53.28823,2022/03/07 00:00:00+00,Mon 07 Mar 2022,114,124,1,3830647,3759589,240922,4071569,4000511,84.8505340918729,83.369702193531,339
-7.6926,53.28823,2022/03/08 00:00:00+00,Tue 08 Mar 2022,120,493,0,3830767,3760082,240922,4071689,4001004,84.8530348634652,83.3799761968224,340
-7.6926,53.28823,2022/03/09 00:00:00+00,Wed 09 Mar 2022,130,345,1,3830897,3760427,240923,4071820,4001350,84.8557648724533,83.3871867549133,341
-7.6926,53.28823,2022/03/10 00:00:00+00,Thu 10 Mar 2022,258,509,0,3831155,3760936,240923,4072078,4001859,84.8611415313767,83.3977941944171,342
-7.6926,53.28823,2022/03/11 00:00:00+00,Fri 11 Mar 2022,492,2182,0,3831647,3763118,240923,4072570,4004041,84.8713946949048,83.4432665578692,343
-7.6926,53.28823,2022/03/12 00:00:00+00,Sat 12 Mar 2022,473,2391,2,3832120,3765509,240925,4073045,4006434,84.8812935824574,83.493136111371,344
-7.6926,53.28823,2022/03/13 00:00:00+00,Sun 13 Mar 2022,358,1082,0,3832478,3766591,240925,4073403,4007516,84.8887542177076,83.5156847352277,345
-7.6926,53.28823,2022/03/14 00:00:00+00,Mon 14 Mar 2022,109,121,0,3832587,3766712,240925,4073512,4007637,84.8910257519039,83.5182063465832,346
-7.6926,53.28823,2022/03/15 00:00:00+00,Tue 15 Mar 2022,220,756,1,3832807,3767468,240926,4073733,4008394,84.8956313395862,83.5339820473775,347
-7.6926,53.28823,2022/03/16 00:00:00+00,Wed 16 Mar 2022,196,797,0,3833003,3768265,240926,4073929,4009191,84.8997159331869,83.5505913387026,348
-7.6926,53.28823,2022/03/18 00:00:00+00,Fri 18 Mar 2022,2,6,0,3833005,3768271,240926,4073931,4009197,84.8997576127134,83.5507163772822,349
-7.6926,53.28823,2022/03/19 00:00:00+00,Sat 19 Mar 2022,743,2778,0,3833748,3771049,240926,4074674,4011975,84.915241556822,83.6086092396425,350
-7.6926,53.28823,2022/03/20 00:00:00+00,Sun 20 Mar 2022,395,1402,0,3834143,3772451,240926,4075069,4013377,84.9234732633131,83.6378265877451,351
-7.6926,53.28823,2022/03/21 00:00:00+00,Mon 21 Mar 2022,56,112,0,3834199,3772563,240926,4075125,4013489,84.9246402900562,83.6401606412312,352
-7.6926,53.28823,2022/03/22 00:00:00+00,Tue 22 Mar 2022,140,574,0,3834339,3773137,240926,4075265,4014063,84.9275578569138,83.6521226653474,353
-7.6926,53.28823,2022/03/23 00:00:00+00,Wed 23 Mar 2022,102,221,0,3834441,3773358,240926,4075367,4014284,84.9296835127672,83.6567282530297,354
-7.6926,53.28823,2022/03/24 00:00:00+00,Thu 24 Mar 2022,148,244,0,3834589,3773602,240926,4075515,4014528,84.9327677977309,83.6618131552673,355
-7.6926,53.28823,2022/03/25 00:00:00+00,Fri 25 Mar 2022,435,1625,0,3835024,3775227,240926,4075950,4016153,84.9418330947528,83.6956777705788,356
-7.6926,53.28823,2022/03/26 00:00:00+00,Sat 26 Mar 2022,874,1848,1,3835898,3777075,240927,4076825,4018002,84.9600678876128,83.7342104928625,357
-7.6926,53.28823,2022/03/27 00:00:00+00,Sun 27 Mar 2022,380,803,0,3836278,3777878,240927,4077205,4018805,84.9679869976549,83.7509448227672,358
-7.6926,53.28823,2022/03/27 23:00:00+00,Mon 28 Mar 2022,44,53,1,3836322,3777931,240928,4077250,4018859,84.968924787002,83.7520701699837,359
-7.6926,53.28823,2022/03/28 23:00:00+00,Tue 29 Mar 2022,138,194,3,3836460,3778125,240931,4077391,4019056,84.9718631936229,83.7561756033476,360
-7.6926,53.28823,2022/03/29 23:00:00+00,Wed 30 Mar 2022,109,135,0,3836569,3778260,240931,4077500,4019191,84.9741347278191,83.7589889713889,361
-7.6926,53.28823,2022/03/30 23:00:00+00,Thu 31 Mar 2022,227,358,0,3836796,3778618,240931,4077727,4019549,84.9788653540811,83.766449606639,362
-7.6926,53.28823,2022/03/31 23:00:00+00,Fri 01 Apr 2022,304,904,0,3837100,3779522,240931,4078031,4020453,84.9852006421148,83.7852887526339,363
-7.6926,53.28823,2022/04/01 23:00:00+00,Sat 02 Apr 2022,729,1539,0,3837829,3781061,240931,4078760,4021992,85.0003928295376,83.8173611483043,364
-7.6926,53.28823,2022/04/02 23:00:00+00,Sun 03 Apr 2022,538,815,0,3838367,3781876,240931,4079298,4022807,85.0116046221761,83.8343455553682,365
-7.6926,53.28823,2022/04/03 23:00:00+00,Mon 04 Apr 2022,50,52,0,3838417,3781928,240931,4079348,4022859,85.0126466103396,83.8354292230582,366
-7.6926,53.28823,2022/04/04 23:00:00+00,Tue 05 Apr 2022,129,169,0,3838546,3782097,240931,4079477,4023028,85.0153349398012,83.8389511430506,367
-7.6926,53.28823,2022/04/05 23:00:00+00,Wed 06 Apr 2022,158,210,0,3838704,3782307,240931,4079635,4023238,85.0186276223977,83.843327493337,368
-7.6926,53.28823,2022/04/06 23:00:00+00,Thu 07 Apr 2022,117,178,0,3838821,3782485,240931,4079752,4023416,85.0210658747001,83.8470369711988,369
-7.6926,53.28823,2022/04/07 23:00:00+00,Fri 08 Apr 2022,257,421,2,3839078,3782906,240933,4080011,4023839,85.0264633733867,83.8558521910615,370
-7.6926,53.28823,2022/04/08 23:00:00+00,Sat 09 Apr 2022,558,1018,0,3839636,3783924,240933,4080569,4024857,85.0380919612905,83.8770670700689,371
-7.6926,53.28823,2022/04/09 23:00:00+00,Sun 10 Apr 2022,412,719,0,3840048,3784643,240933,4080981,4025576,85.0466779437572,83.8920508598591,372
-7.6926,53.28823,2022/04/10 23:00:00+00,Mon 11 Apr 2022,70,93,1,3840118,3784736,240934,4081052,4025670,85.0481575669493,83.8940097976063,373
-7.6926,53.28823,2022/04/11 23:00:00+00,Tue 12 Apr 2022,196,177,0,3840314,3784913,240934,4081248,4025847,85.05224216055,83.8976984357049,374
-7.6926,53.28823,2022/04/12 23:00:00+00,Wed 13 Apr 2022,143,233,0,3840457,3785146,240934,4081391,4026080,85.0552222466974,83.9025541005464,375
-7.6926,53.28823,2022/04/13 23:00:00+00,Thu 14 Apr 2022,357,431,0,3840814,3785577,240934,4081748,4026511,85.0626620421843,83.9115360385152,376
-7.6926,53.28823,2022/04/14 23:00:00+00,Fri 15 Apr 2022,445,991,0,3841259,3786568,240934,4082193,4027502,85.0719357368388,83.9321882439144,377
-7.6926,53.28823,2022/04/15 23:00:00+00,Sat 16 Apr 2022,42,88,0,3841301,3786656,240934,4082235,4027590,85.0728110068961,83.9340221430821,378
-7.6926,53.28823,2022/04/16 23:00:00+00,Sun 17 Apr 2022,1,0,0,3841302,3786656,240934,4082236,4027590,85.0728318466594,83.9340221430821,379
-7.6926,53.28823,2022/04/17 23:00:00+00,Mon 18 Apr 2022,36,62,1,3841338,3786718,240935,4082273,4027653,85.0736029179003,83.935335048168,380
-7.6926,53.28823,2022/04/18 23:00:00+00,Tue 19 Apr 2022,218,269,1,3841556,3786987,240936,4082492,4027923,85.0781668260561,83.9409617842505,381
-7.6926,53.28823,2022/04/19 23:00:00+00,Wed 20 Apr 2022,250,606,0,3841806,3787593,240936,4082742,4028529,85.0833767668733,83.9535906807913,382
-7.6926,53.28823,2022/04/20 23:00:00+00,Thu 21 Apr 2022,169,236,0,3841975,3787829,240936,4082911,4028765,85.0868986868657,83.9585088649227,383
-7.6926,53.28823,2022/04/21 23:00:00+00,Fri 22 Apr 2022,192,254,0,3842167,3788083,240936,4083103,4029019,85.0908999214133,83.9638021647929,384
-7.6926,53.28823,2022/04/22 23:00:00+00,Sat 23 Apr 2022,320,1010,0,3842487,3789093,240936,4083423,4030029,85.0975686456592,83.9848503256942,385
-7.6926,53.28823,2022/04/23 23:00:00+00,Sun 24 Apr 2022,181,252,0,3842668,3789345,240936,4083604,4030281,85.1013406428108,83.9901019460379,386
-7.6926,53.28823,2022/04/24 23:00:00+00,Mon 25 Apr 2022,41,58,1,3842709,3789403,240937,4083646,4030340,85.1022159128681,83.9913314920708,387
-7.6926,53.28823,2022/04/25 23:00:00+00,Tue 26 Apr 2022,145,238,0,3842854,3789641,240937,4083791,4030578,85.1052376785421,83.9962913557287,388
-7.6926,53.28823,2022/04/26 23:00:00+00,Wed 27 Apr 2022,120,208,0,3842974,3789849,240937,4083911,4030786,85.1077384501343,84.0006260264886,389
-7.6926,53.28823,2022/04/27 23:00:00+00,Thu 28 Apr 2022,99,130,0,3843073,3789979,240937,4084010,4030916,85.1098015866979,84.0033351957135,390
-7.6926,53.28823,2022/04/28 23:00:00+00,Fri 29 Apr 2022,168,222,0,3843241,3790201,240937,4084178,4031138,85.113302666927,84.0079616231591,391
-7.6926,53.28823,2022/04/29 23:00:00+00,Sat 30 Apr 2022,281,723,0,3843522,3790924,240937,4084459,4031861,85.1191586404055,84.0230287720024,392
-7.6926,53.28823,2022/04/30 23:00:00+00,Sun 01 May 2022,187,746,0,3843709,3791670,240937,4084646,4032607,85.1230556761367,84.0385752354008,393
-7.6926,53.28823,2022/05/01 23:00:00+00,Mon 02 May 2022,13,26,0,3843722,3791696,240937,4084659,4032633,85.1233265930592,84.0391170692457,394
-7.6926,53.28823,2022/05/02 23:00:00+00,Tue 03 May 2022,95,118,0,3843817,3791814,240937,4084754,4032751,85.1253063705698,84.0415761613114,395
-7.6926,53.28823,2022/05/03 23:00:00+00,Wed 04 May 2022,113,128,0,3843930,3791942,240937,4084867,4032879,85.1276612638191,84.0442436510098,396
-7.6926,53.28823,2022/05/04 23:00:00+00,Thu 05 May 2022,110,164,0,3844040,3792106,240937,4084977,4033043,85.1299536377787,84.0476613721859,397
-7.6926,53.28823,2022/05/05 23:00:00+00,Fri 06 May 2022,137,257,0,3844177,3792363,240937,4085114,4033300,85.1328086853465,84.0530171913459,398
-7.6926,53.28823,2022/05/06 23:00:00+00,Sat 07 May 2022,441,1087,0,3844618,3793450,240937,4085555,4034387,85.1419990209479,84.0756700140189,399
-7.6926,53.28823,2022/05/07 23:00:00+00,Sun 08 May 2022,274,437,0,3844892,3793887,240937,4085829,4034824,85.1477091160835,84.0847769905673,400
-7.6926,53.28823,2022/05/08 23:00:00+00,Mon 09 May 2022,23,32,0,3844915,3793919,240937,4085852,4034856,85.1481884306387,84.0854438629919,401
-7.6926,53.28823,2022/05/09 23:00:00+00,Tue 10 May 2022,80,98,1,3844995,3794017,240938,4085933,4034955,85.1498764514635,84.0875069995555,402
-7.6926,53.28823,2022/05/10 23:00:00+00,Wed 11 May 2022,111,132,0,3845106,3794149,240938,4086044,4035087,85.1521896651863,84.0902578483069,403
-7.6926,53.28823,2022/05/11 23:00:00+00,Thu 12 May 2022,207,398,0,3845313,3794547,240938,4086251,4035485,85.1565034961829,84.0985520740879,404
-7.6926,53.28823,2022/05/12 23:00:00+00,Fri 13 May 2022,174,326,0,3845487,3794873,240938,4086425,4035811,85.1601296149916,84.1053458369134,405
-7.6926,53.28823,2022/05/13 23:00:00+00,Sat 14 May 2022,333,633,0,3845820,3795506,240938,4086758,4036444,85.1670692561601,84.1185374070625,406
-7.6926,53.28823,2022/05/14 23:00:00+00,Sun 15 May 2022,168,254,0,3845988,3795760,240938,4086926,4036698,85.1705703363892,84.1238307069327,407
-7.6926,53.28823,2022/05/15 23:00:00+00,Mon 16 May 2022,31,42,0,3846019,3795802,240938,4086957,4036740,85.1712163690505,84.12470597699,408
-7.6926,53.28823,2022/05/16 23:00:00+00,Tue 17 May 2022,94,99,0,3846113,3795901,240938,4087051,4036839,85.1731753067978,84.1267691135536,409
-7.6926,53.28823,2022/05/17 23:00:00+00,Wed 18 May 2022,92,122,0,3846205,3796023,240938,4087143,4036961,85.1750925650185,84.1293115646723,410
-7.6926,53.28823,2022/05/18 23:00:00+00,Thu 19 May 2022,73,104,0,3846278,3796127,240938,4087216,4037065,85.1766138677371,84.1314789000523,411
-7.6926,53.28823,2022/05/19 23:00:00+00,Fri 20 May 2022,125,208,0,3846403,3796335,240938,4087341,4037273,85.1792188381457,84.1358135708122,412
-7.6926,53.28823,2022/05/20 23:00:00+00,Sat 21 May 2022,393,761,0,3846796,3797096,240938,4087734,4038034,85.1874088651103,84.1516726306596,413
-7.6926,53.28823,2022/05/21 23:00:00+00,Sun 22 May 2022,234,409,0,3847030,3797505,240938,4087968,4038443,85.1922853697151,84.1601960938364,414
-7.6926,53.28823,2022/05/22 23:00:00+00,Mon 23 May 2022,27,36,0,3847057,3797541,240938,4087995,4038479,85.1928480433234,84.1609463253141,415
-7.6926,53.28823,2022/05/23 23:00:00+00,Tue 24 May 2022,62,83,0,3847119,3797624,240938,4088057,4038562,85.194140108646,84.1626760256654,416
-7.6926,53.28823,2022/05/24 23:00:00+00,Wed 25 May 2022,83,134,1,3847202,3797758,240939,4088141,4038697,85.1958906487606,84.1654893937067,417
-7.6926,53.28823,2022/05/25 23:00:00+00,Thu 26 May 2022,98,155,0,3847300,3797913,240939,4088239,4038852,85.1979329455609,84.1687195570133,418
-7.6926,53.28823,2022/05/26 23:00:00+00,Fri 27 May 2022,95,152,0,3847395,3798065,240939,4088334,4039004,85.1999127230714,84.1718872010301,419
-7.6926,53.28823,2022/05/27 23:00:00+00,Sat 28 May 2022,334,578,0,3847729,3798643,240939,4088668,4039582,85.2068732040032,84.1839325841994,420
-7.6926,53.28823,2022/05/28 23:00:00+00,Sun 29 May 2022,182,349,0,3847911,3798992,240939,4088850,4039931,85.210666040918,84.1912056615802,421
-7.6926,53.28823,2022/05/29 23:00:00+00,Mon 30 May 2022,9,23,0,3847920,3799015,240939,4088859,4039954,85.2108535987875,84.1916849761353,422
-7.6926,53.28823,2022/05/30 23:00:00+00,Tue 31 May 2022,64,79,1,3847984,3799094,240940,4088924,4040034,85.2122081833999,84.1933521571968,423
-7.6926,53.28823,2022/05/31 23:00:00+00,Wed 01 Jun 2022,67,100,0,3848051,3799194,240940,4088991,4040134,85.2136044475389,84.1954361335237,424
-7.6926,53.28823,2021/01/10 00:00:00+00,Sun 10 Jan 2021,4782,4,1,53025,75,3,53028,78,1.10509096660866,0.00162550153495276,425
-7.6926,53.28823,2021/01/11 00:00:00+00,Mon 11 Jan 2021,8342,7,0,61367,82,3,61370,85,1.27893627179553,0.00177137987783314,426
-7.6926,53.28823,2021/01/12 00:00:00+00,Tue 12 Jan 2021,8886,11,0,70253,93,3,70256,96,1.46411840820053,0.00200061727378802,427
-7.6926,53.28823,2021/01/13 00:00:00+00,Wed 13 Jan 2021,9890,4,0,80143,97,3,80146,100,1.67022366692723,0.00208397632686252,428
-7.6926,53.28823,2021/01/14 00:00:00+00,Thu 14 Jan 2021,8085,5,0,88228,102,3,88231,105,1.83871315295407,0.00218817514320564,429
-7.6926,53.28823,2021/01/15 00:00:00+00,Fri 15 Jan 2021,7695,2,0,95923,104,3,95926,107,1.99907513130614,0.00222985466974289,430
-7.6926,53.28823,2021/01/16 00:00:00+00,Sat 16 Jan 2021,5241,2,0,101164,106,3,101167,109,2.108296330597,0.00227153419628014,431
-7.6926,53.28823,2021/01/17 00:00:00+00,Sun 17 Jan 2021,1114,4,0,102278,110,3,102281,113,2.13151182687825,0.00235489324935464,432
-7.6926,53.28823,2021/01/18 00:00:00+00,Mon 18 Jan 2021,8717,8,1,110995,118,4,110999,122,2.31319288305413,0.00254245111877227,433
-7.6926,53.28823,2021/01/19 00:00:00+00,Tue 19 Jan 2021,8385,20,0,119380,138,4,119384,142,2.48793429806155,0.00295924638414477,434
-7.6926,53.28823,2021/01/20 00:00:00+00,Wed 20 Jan 2021,8449,962,0,127829,1100,4,127833,1104,2.66400945791816,0.0230070986485622,435
-7.6926,53.28823,2021/01/21 00:00:00+00,Thu 21 Jan 2021,9005,963,0,136834,2063,4,136838,2067,2.85167152615213,0.0430757906762482,436
-7.6926,53.28823,2021/01/22 00:00:00+00,Fri 22 Jan 2021,6785,967,0,143619,3030,4,143623,3034,2.99306931992975,0.0632278417570088,437
-7.6926,53.28823,2021/01/23 00:00:00+00,Sat 23 Jan 2021,4192,460,0,147811,3490,4,147815,3494,3.08042960755183,0.0728141328605763,438
-7.6926,53.28823,2021/01/24 00:00:00+00,Sun 24 Jan 2021,1184,398,0,148995,3888,4,148999,3892,3.10510388726188,0.0811083586414892,439
-7.6926,53.28823,2021/01/25 00:00:00+00,Mon 25 Jan 2021,1365,1290,0,150360,5178,4,150364,5182,3.13355016412356,0.107991653258016,440
-7.6926,53.28823,2021/01/26 00:00:00+00,Tue 26 Jan 2021,1003,3502,0,151363,8680,4,151367,8684,3.15445244668199,0.180972504224741,441
-7.6926,53.28823,2021/01/27 00:00:00+00,Wed 27 Jan 2021,2180,6700,0,153543,15380,4,153547,15384,3.19988313060759,0.32059891812453,442
-7.6926,53.28823,2021/01/28 00:00:00+00,Thu 28 Jan 2021,1015,11542,0,154558,26922,4,154562,26926,3.22103549032524,0.561131465771001,443
-7.6926,53.28823,2021/01/29 00:00:00+00,Fri 29 Jan 2021,1579,11526,0,156137,38448,4,156141,38452,3.2539414765264,0.801330577205175,444
-7.6926,53.28823,2021/01/30 00:00:00+00,Sat 30 Jan 2021,648,7793,0,156785,46241,4,156789,46245,3.26744564312447,0.963734852357571,445
-7.6926,53.28823,2021/01/31 00:00:00+00,Sun 31 Jan 2021,232,4086,0,157017,50327,4,157021,50331,3.27228046820279,1.04888612507317,446
-7.6926,53.28823,2021/02/01 00:00:00+00,Mon 01 Feb 2021,1028,8332,1,158045,58659,5,158050,58664,3.29372458460621,1.22254387239063,447
-7.6926,53.28823,2021/02/02 00:00:00+00,Tue 02 Feb 2021,835,5108,0,158880,63767,5,158885,63772,3.31112578693551,1.32899338316676,448
-7.6926,53.28823,2021/02/03 00:00:00+00,Wed 03 Feb 2021,1405,6868,0,160285,70635,5,160290,70640,3.34040565432793,1.47212087729568,449
-7.6926,53.28823,2021/02/04 00:00:00+00,Thu 04 Feb 2021,1440,10541,1,161725,81176,6,161731,81182,3.37043575319802,1.69181366167353,450
-7.6926,53.28823,2021/02/05 00:00:00+00,Fri 05 Feb 2021,3396,8614,0,165121,89790,6,165127,89796,3.44120758925827,1.87132738246947,451
-7.6926,53.28823,2021/02/06 00:00:00+00,Sat 06 Feb 2021,902,3870,0,166023,93660,6,166029,93666,3.46000505572657,1.95197726631905,452
-7.6926,53.28823,2021/02/07 00:00:00+00,Sun 07 Feb 2021,332,1301,2,166355,94961,8,166363,94969,3.46696553665829,1.97913147785806,453
-7.6926,53.28823,2021/02/08 00:00:00+00,Mon 08 Feb 2021,1188,879,0,167543,95840,8,167551,95848,3.49172317542142,1.99744962977119,454
-7.6926,53.28823,2021/02/09 00:00:00+00,Tue 09 Feb 2021,4265,545,3,171808,96385,11,171819,96396,3.58066728505191,2.00886982004239,455
-7.6926,53.28823,2021/02/10 00:00:00+00,Wed 10 Feb 2021,8828,579,0,180636,96964,11,180647,96975,3.76464071518733,2.02093604297493,456
-7.6926,53.28823,2021/02/11 00:00:00+00,Thu 11 Feb 2021,6189,446,0,186825,97410,11,186836,97421,3.89361801005685,2.03023057739273,457
-7.6926,53.28823,2021/02/12 00:00:00+00,Fri 12 Feb 2021,4398,525,0,191223,97935,11,191234,97946,3.98527128891227,2.04117145310876,458
-7.6926,53.28823,2021/02/13 00:00:00+00,Sat 13 Feb 2021,1212,1915,0,192435,99850,11,192446,99861,4.01052908199384,2.08107959976818,459
-7.6926,53.28823,2021/02/14 00:00:00+00,Sun 14 Feb 2021,2701,27,0,195136,99877,11,195147,99888,4.0668172825824,2.08164227337643,460
-7.6926,53.28823,2021/02/15 00:00:00+00,Mon 15 Feb 2021,1964,7892,0,197100,107769,11,197111,107780,4.10774657764198,2.24610968509242,461
-7.6926,53.28823,2021/02/16 00:00:00+00,Tue 16 Feb 2021,5656,8164,0,202756,115933,11,202767,115944,4.22561627868932,2.41624551241748,462
-7.6926,53.28823,2021/02/17 00:00:00+00,Wed 17 Feb 2021,9747,8464,0,212503,124397,11,212514,124408,4.42874145126861,2.59263326872312,463
-7.6926,53.28823,2021/02/18 00:00:00+00,Thu 18 Feb 2021,8467,8354,1,220970,132751,12,220982,132763,4.60521256662733,2.76674949083248,464
-7.6926,53.28823,2021/02/19 00:00:00+00,Fri 19 Feb 2021,9395,6582,0,230365,139333,12,230377,139345,4.80100214253606,2.90391681266657,465
-7.6926,53.28823,2021/02/20 00:00:00+00,Sat 20 Feb 2021,5893,3573,2,236258,142906,14,236272,142920,4.92385254700461,2.97841896635191,466
-7.6926,53.28823,2021/02/21 00:00:00+00,Sun 21 Feb 2021,1112,1024,6,237370,143930,20,237390,143950,4.94715140233893,2.99988392251859,467
-7.6926,53.28823,2021/02/22 00:00:00+00,Mon 22 Feb 2021,3946,1123,1,241316,145053,21,241337,145074,5.02940594796019,3.02330781643253,468
-7.6926,53.28823,2021/02/23 00:00:00+00,Tue 23 Feb 2021,13362,1070,1,254678,146123,22,254700,146145,5.30788770451883,3.04562720289323,469
-7.6926,53.28823,2021/02/24 00:00:00+00,Wed 24 Feb 2021,16942,2106,5,271620,148229,27,271647,148256,5.66105917263222,3.08961994315329,470
-7.6926,53.28823,2021/02/25 00:00:00+00,Thu 25 Feb 2021,18097,1758,2,289717,149987,29,289746,150016,6.03823804803107,3.12629792650607,471
-7.6926,53.28823,2021/02/26 00:00:00+00,Fri 26 Feb 2021,16080,2770,0,305797,152757,29,305826,152786,6.37334144139056,3.18402407076017,472
-7.6926,53.28823,2021/02/27 00:00:00+00,Sat 27 Feb 2021,8998,705,1,314795,153462,30,314825,153492,6.56087847104492,3.19873694362782,473
-7.6926,53.28823,2021/02/28 00:00:00+00,Sun 28 Feb 2021,2446,58,2,317241,153520,32,317273,153552,6.61189421152651,3.19998732942393,474
-7.6926,53.28823,2021/03/01 00:00:00+00,Mon 01 Mar 2021,5606,796,0,322847,154316,32,322879,154348,6.72872192441043,3.21657578098576,475
-7.6926,53.28823,2021/03/02 00:00:00+00,Tue 02 Mar 2021,12182,1612,0,335029,155928,32,335061,155960,6.98259192054882,3.25016947937478,476
-7.6926,53.28823,2021/03/03 00:00:00+00,Wed 03 Mar 2021,12905,1504,1,347934,157432,33,347967,157465,7.2515499052937,3.28153332309406,477
-7.6926,53.28823,2021/03/04 00:00:00+00,Thu 04 Mar 2021,18725,1691,5,366659,159123,38,366697,159161,7.64187867131505,3.31687756159765,478
-7.6926,53.28823,2021/03/05 00:00:00+00,Fri 05 Mar 2021,18451,2400,6,385110,161523,44,385154,161567,8.02651818196406,3.36701803202196,479
-7.6926,53.28823,2021/03/06 00:00:00+00,Sat 06 Mar 2021,10404,142,4,395514,161665,48,395562,161713,8.24341843806391,3.37006063745918,480
-7.6926,53.28823,2021/03/07 00:00:00+00,Sun 07 Mar 2021,1523,12,3,397037,161677,51,397088,161728,8.27521991681183,3.37037323390821,481
-7.6926,53.28823,2021/03/08 00:00:00+00,Mon 08 Mar 2021,6670,1498,5,403707,163175,56,403763,163231,8.41432533662991,3.40169539810096,482
-7.6926,53.28823,2021/03/09 00:00:00+00,Tue 09 Mar 2021,13835,3106,6,417542,166281,62,417604,166343,8.70276850003095,3.46654874139292,483
-7.6926,53.28823,2021/03/10 00:00:00+00,Wed 10 Mar 2021,13742,3990,3,431284,170271,65,431349,170336,8.9892110461582,3.54976191612454,484
-7.6926,53.28823,2021/03/11 00:00:00+00,Thu 11 Mar 2021,18490,2102,3,449774,172373,68,449842,172441,9.37460078828489,3.59362961780499,485
-7.6926,53.28823,2021/03/12 00:00:00+00,Fri 12 Mar 2021,17337,1341,4,467111,173714,72,467183,173786,9.73598312312611,3.62165909940129,486
-7.6926,53.28823,2021/03/13 00:00:00+00,Sat 13 Mar 2021,8315,176,0,475426,173890,72,475498,173962,9.90926575470473,3.62532689773657,487
-7.6926,53.28823,2021/03/14 00:00:00+00,Sun 14 Mar 2021,384,20,2,475810,173910,74,475884,173984,9.91730990332642,3.62578537252848,488
-7.6926,53.28823,2021/03/15 00:00:00+00,Mon 15 Mar 2021,2661,993,0,478471,174903,74,478545,174977,9.97276451338423,3.64647925745423,489
-7.6926,53.28823,2021/03/16 00:00:00+00,Tue 16 Mar 2021,8950,3823,2,487421,178726,76,487497,178802,10.159322074165,3.72619135195672,490
-7.6926,53.28823,2021/03/17 00:00:00+00,Wed 17 Mar 2021,4884,2416,7,492305,181142,83,492388,181225,10.2612493563118,3.7766860983566,491
-7.6926,53.28823,2021/03/18 00:00:00+00,Thu 18 Mar 2021,11723,4683,5,504028,185825,88,504116,185913,10.5056580999262,3.87438290855991,492
-7.6926,53.28823,2021/03/19 00:00:00+00,Fri 19 Mar 2021,10379,6133,2,514407,191958,90,514497,192048,10.7219956824178,4.00223485621293,493
-7.6926,53.28823,2021/03/20 00:00:00+00,Sat 20 Mar 2021,5248,3120,4,519655,195078,94,519749,195172,10.8314461191047,4.06733827666411,494
-7.6926,53.28823,2021/03/21 00:00:00+00,Sun 21 Mar 2021,3643,54,3,523298,195132,97,523395,195229,10.9074278959821,4.06852614317042,495
-7.6926,53.28823,2021/03/22 00:00:00+00,Mon 22 Mar 2021,7418,2410,1,530716,197542,98,530814,197640,11.062038099672,4.11877081241108,496
-7.6926,53.28823,2021/03/23 00:00:00+00,Tue 23 Mar 2021,12572,7393,4,543288,204935,102,543390,205037,11.3241189625382,4.2729225413091,497
-7.6926,53.28823,2021/03/24 00:00:00+00,Wed 24 Mar 2021,13631,9781,2,556919,214716,104,557023,214820,11.6082274551794,4.47679794536606,498
-7.6926,53.28823,2021/03/25 00:00:00+00,Thu 25 Mar 2021,20877,10224,3,577796,224940,107,577903,225047,12.0433617122283,4.68992620431429,499
-7.6926,53.28823,2021/03/26 00:00:00+00,Fri 26 Mar 2021,19703,9499,1,597499,234439,108,597607,234547,12.4539884076733,4.88790395536623,500
-7.6926,53.28823,2021/03/27 00:00:00+00,Sat 27 Mar 2021,11763,5358,3,609262,239797,111,609373,239908,12.6991890622919,4.99962592624933,501
-7.6926,53.28823,2021/03/28 00:00:00+00,Sun 28 Mar 2021,2492,484,0,611754,240281,111,611865,240392,12.7511217523573,5.00971237167134,502
-7.6926,53.28823,2021/03/28 23:00:00+00,Mon 29 Mar 2021,9282,3123,3,621036,243404,114,621150,243518,12.9446189543065,5.07485747164907,503
-7.6926,53.28823,2021/03/29 23:00:00+00,Tue 30 Mar 2021,13336,8670,4,634372,252074,118,634490,252192,13.22262139631,5.25562157824112,504
-7.6926,53.28823,2021/03/30 23:00:00+00,Wed 31 Mar 2021,15839,10503,4,650211,262577,122,650333,262699,13.5527857657748,5.47458497090456,505
-7.6926,53.28823,2021/03/31 23:00:00+00,Thu 01 Apr 2021,19696,11573,8,669907,274150,130,670037,274280,13.9634124612198,5.71593026931851,506
-7.6926,53.28823,2021/04/01 23:00:00+00,Fri 02 Apr 2021,20149,13723,9,690056,287873,139,690195,288012,14.3835004091888,6.00210189852327,507
-7.6926,53.28823,2021/04/02 23:00:00+00,Sat 03 Apr 2021,7548,4634,6,697604,292507,145,697749,292652,14.5409239809199,6.09879840008969,508
-7.6926,53.28823,2021/04/03 23:00:00+00,Sun 04 Apr 2021,3041,170,3,700645,292677,148,700793,292825,14.6043602203096,6.10240367913517,509
-7.6926,53.28823,2021/04/04 23:00:00+00,Mon 05 Apr 2021,3437,608,4,704082,293285,152,704234,293437,14.676069845717,6.11515761425557,510
-7.6926,53.28823,2021/04/05 23:00:00+00,Tue 06 Apr 2021,11998,8153,11,716080,301438,163,716243,301601,14.9263345628099,6.28529344158062,511
-7.6926,53.28823,2021/04/06 23:00:00+00,Wed 07 Apr 2021,18371,10473,12,734451,311911,175,734626,312086,15.309431930977,6.50379835945216,512
-7.6926,53.28823,2021/04/07 23:00:00+00,Thu 08 Apr 2021,20188,10566,16,754639,322477,191,754830,322668,15.7304785080563,6.72432473436075,513
-7.6926,53.28823,2021/04/08 23:00:00+00,Fri 09 Apr 2021,20678,9160,16,775317,331637,207,775524,331844,16.1617365691373,6.91555040211365,514
-7.6926,53.28823,2021/04/09 23:00:00+00,Sat 10 Apr 2021,11180,4179,12,786497,335816,219,786716,336035,16.3949751996397,7.00288984997246,515
-7.6926,53.28823,2021/04/10 23:00:00+00,Sun 11 Apr 2021,2864,366,8,789361,336182,227,789588,336409,16.4548269997472,7.01068392143493,516
-7.6926,53.28823,2021/04/11 23:00:00+00,Mon 12 Apr 2021,7780,2798,13,797141,338980,240,797381,339220,16.6172312748996,7.06926449598303,517
-7.6926,53.28823,2021/04/12 23:00:00+00,Tue 13 Apr 2021,11520,8589,1,808661,347569,241,808902,347810,16.8573261875174,7.24827806246052,518
-7.6926,53.28823,2021/04/13 23:00:00+00,Wed 14 Apr 2021,20344,6587,2,829005,354156,243,829248,354399,17.2813320109809,7.38559126263749,519
-7.6926,53.28823,2021/04/14 23:00:00+00,Thu 15 Apr 2021,27104,10815,1,856109,364971,244,856353,365215,17.846193794377,7.61099414215094,520
-7.6926,53.28823,2021/04/15 23:00:00+00,Fri 16 Apr 2021,27961,9836,1,884070,374807,245,884315,375052,18.4289152548943,7.81599489342441,521
-7.6926,53.28823,2021/04/16 23:00:00+00,Sat 17 Apr 2021,15851,4558,3,899921,379365,248,900169,379613,18.7593088617551,7.91104505369261,522
-7.6926,53.28823,2021/04/17 23:00:00+00,Sun 18 Apr 2021,1073,484,0,900994,379849,248,901242,380097,18.7816699277423,7.92113149911462,523
-7.6926,53.28823,2021/04/18 23:00:00+00,Mon 19 Apr 2021,6748,2260,0,907742,382109,248,907990,382357,18.922296650279,7.96822936410172,524
-7.6926,53.28823,2021/04/19 23:00:00+00,Tue 20 Apr 2021,15088,7323,1,922830,389432,249,923079,389681,19.2367478382393,8.12085979028113,525
-7.6926,53.28823,2021/04/20 23:00:00+00,Wed 21 Apr 2021,26729,9890,4,949559,399322,253,949812,399575,19.7938572296994,8.3270484080609,526
-7.6926,53.28823,2021/04/21 23:00:00+00,Thu 22 Apr 2021,31622,12183,1,981181,411505,254,981435,411759,20.4528730635431,8.58096008372583,527
-7.6926,53.28823,2021/04/22 23:00:00+00,Fri 23 Apr 2021,33615,12355,3,1014796,423860,257,1015053,424117,21.1534642251078,8.8384978781995,528
-7.6926,53.28823,2021/04/23 23:00:00+00,Sat 24 Apr 2021,23704,6996,2,1038500,430856,259,1038759,431115,21.6474916531538,8.98433454155334,529
-7.6926,53.28823,2021/04/24 23:00:00+00,Sun 25 Apr 2021,9751,305,2,1048251,431161,261,1048512,431422,21.8507418643127,8.99073234887681,530
-7.6926,53.28823,2021/04/25 23:00:00+00,Mon 26 Apr 2021,15596,3056,3,1063847,434217,264,1064111,434481,22.17582133154,9.05448118471553,531
-7.6926,53.28823,2021/04/26 23:00:00+00,Tue 27 Apr 2021,25917,7820,9,1089764,442037,273,1090037,442310,22.7161130340424,9.2176356913456,532
-7.6926,53.28823,2021/04/27 23:00:00+00,Wed 28 Apr 2021,26042,8613,5,1115806,450650,278,1116084,450928,23.2589263479003,9.39723277119461,533
-7.6926,53.28823,2021/04/28 23:00:00+00,Thu 29 Apr 2021,31690,11322,6,1147496,461972,284,1147780,462256,23.9194634844626,9.6333056095016,534
-7.6926,53.28823,2021/04/29 23:00:00+00,Fri 30 Apr 2021,36099,13538,8,1183595,475510,292,1183887,475802,24.6719248168028,9.91560104273839,535
-7.6926,53.28823,2021/04/30 23:00:00+00,Sat 01 May 2021,16592,6693,18,1200187,482203,310,1200497,482513,25.0180732846947,10.0554566940341,536
-7.6926,53.28823,2021/05/01 23:00:00+00,Sun 02 May 2021,12467,911,16,1212654,483114,326,1212980,483440,25.278216049577,10.0747751545842,537
-7.6926,53.28823,2021/05/02 23:00:00+00,Mon 03 May 2021,14268,928,21,1226922,484042,347,1227269,484389,25.5759954269223,10.0945520899261,538
-7.6926,53.28823,2021/05/03 23:00:00+00,Tue 04 May 2021,26662,6800,10,1253584,490842,357,1253941,491199,26.1318335928231,10.2364708777854,539
-7.6926,53.28823,2021/05/04 23:00:00+00,Wed 05 May 2021,32120,13459,69,1285704,504301,426,1286130,504727,26.8026447326769,10.5183911952834,540
-7.6926,53.28823,2021/05/05 23:00:00+00,Thu 06 May 2021,37295,14375,132,1322999,518676,558,1323557,519234,27.5826145525317,10.8207136410213,541
-7.6926,53.28823,2021/05/06 23:00:00+00,Fri 07 May 2021,40597,15077,98,1363596,533753,656,1364252,534409,28.4306887187484,11.1369570486227,542
-7.6926,53.28823,2021/05/07 23:00:00+00,Sat 08 May 2021,25627,7055,10,1389223,540808,666,1389889,541474,28.9649577296662,11.2841899761155,543
-7.6926,53.28823,2021/05/08 23:00:00+00,Sun 09 May 2021,19674,928,5,1408897,541736,671,1409568,542407,29.3750634310294,11.3036334752452,544
-7.6926,53.28823,2021/05/09 23:00:00+00,Mon 10 May 2021,28847,4652,171,1437744,546388,842,1438586,547230,29.9797916815584,11.4041436534898,545
-7.6926,53.28823,2021/05/10 23:00:00+00,Tue 11 May 2021,33929,14810,153,1471673,561198,995,1472668,562193,30.6900524932797,11.7159690312782,546
-7.6926,53.28823,2021/05/11 23:00:00+00,Wed 12 May 2021,31297,20922,173,1502970,582120,1168,1504138,583288,31.3458798433433,12.1555838374298,547
-7.6926,53.28823,2021/05/12 23:00:00+00,Thu 13 May 2021,36004,25469,152,1538974,607589,1320,1540294,608909,32.0993623240837,12.6895194121353,548
-7.6926,53.28823,2021/05/13 23:00:00+00,Fri 14 May 2021,38225,27948,236,1577199,635537,1556,1578755,637093,32.9008804591583,13.2768673000982,549
-7.6926,53.28823,2021/05/14 23:00:00+00,Sat 15 May 2021,28862,12455,22,1606061,647992,1578,1607639,649570,33.5028161814093,13.5368850264009,550
-7.6926,53.28823,2021/05/15 23:00:00+00,Sun 16 May 2021,23184,1175,10,1629245,649167,1588,1630833,650755,33.9861736506618,13.5615801458742,551
-7.6926,53.28823,2021/05/16 23:00:00+00,Mon 17 May 2021,35391,3953,118,1664636,653120,1706,1666342,654826,34.7261728045674,13.6464188221407,552
-7.6926,53.28823,2021/05/17 23:00:00+00,Tue 18 May 2021,39013,12504,128,1703649,665624,1834,1705483,667458,35.5418619786647,13.90966671175,553
-7.6926,53.28823,2021/05/18 23:00:00+00,Wed 19 May 2021,37027,17595,211,1740676,683219,2045,1742721,685264,36.3178930832617,14.2807395365112,554
-7.6926,53.28823,2021/05/19 23:00:00+00,Thu 20 May 2021,39090,19643,136,1779766,702862,2181,1781947,705043,37.1353536372368,14.6929292142013,555
-7.6926,53.28823,2021/05/20 23:00:00+00,Fri 21 May 2021,25840,23249,14934,1805606,726111,17115,1822721,743226,37.9850741447517,15.4886538950872,556
-7.6926,53.28823,2021/05/21 23:00:00+00,Sat 22 May 2021,16589,10250,13523,1822195,736361,30638,1852833,766999,38.6126010962966,15.9840775872722,557
-7.6926,53.28823,2021/05/22 23:00:00+00,Sun 23 May 2021,8219,5528,10205,1830414,741889,40843,1871257,782732,38.9965528947577,16.3119495827775,558
-7.6926,53.28823,2021/05/23 23:00:00+00,Mon 24 May 2021,22552,8219,8450,1852966,750108,49293,1902259,799401,39.6426272356117,16.6593275967022,559
-7.6926,53.28823,2021/05/24 23:00:00+00,Tue 25 May 2021,30345,16506,3224,1883311,766614,52517,1935828,819131,40.3421972487761,17.0704961259922,560
-7.6926,53.28823,2021/05/25 23:00:00+00,Wed 26 May 2021,19981,25458,3054,1903292,792072,55571,1958863,847643,40.8222411956689,17.6646794563072,561
-7.6926,53.28823,2021/05/26 23:00:00+00,Thu 27 May 2021,17018,36044,550,1920310,828116,56121,1976431,884237,41.1883541567721,18.4272897533593,562
-7.6926,53.28823,2021/05/27 23:00:00+00,Fri 28 May 2021,27045,31830,1559,1947355,859946,57680,2005035,917626,41.7844547453079,19.1231086091354,563
-7.6926,53.28823,2021/05/28 23:00:00+00,Sat 29 May 2021,24482,7387,536,1971837,867333,58216,2030053,925549,42.3058239427623,19.2882220535128,564
-7.6926,53.28823,2021/05/29 23:00:00+00,Sun 30 May 2021,24255,1681,209,1996092,869014,58425,2054517,927439,42.815647911366,19.3276092060905,565
-7.6926,53.28823,2021/05/30 23:00:00+00,Mon 31 May 2021,22591,7308,3444,2018683,876322,61869,2080552,938191,43.3582111480646,19.5516783407547,566
-7.6926,53.28823,2021/05/31 23:00:00+00,Tue 01 Jun 2021,27584,11516,3653,2046267,887838,65522,2111789,953360,44.0091828332867,19.8677967097765,567
-7.6926,53.28823,2021/06/01 23:00:00+00,Wed 02 Jun 2021,18704,20908,4008,2064971,908746,69530,2134501,978276,44.4824955366437,20.3870402513776,568
-7.6926,53.28823,2021/06/02 23:00:00+00,Thu 03 Jun 2021,16695,30704,1978,2081666,939450,71508,2153174,1010958,44.8716364361587,21.0681253945228,569
-7.6926,53.28823,2021/06/03 23:00:00+00,Fri 04 Jun 2021,28987,23339,153,2110653,962789,71661,2182314,1034450,45.4789071378065,21.5576931132293,570
-7.6926,53.28823,2021/06/04 23:00:00+00,Sat 05 Jun 2021,20968,11494,33,2131621,974283,71694,2203315,1045977,45.9165630062109,21.7979130644268,571
-7.6926,53.28823,2021/06/05 23:00:00+00,Sun 06 Jun 2021,19947,3914,47,2151568,978197,71741,2223309,1049938,46.3332332330038,21.8804593667338,572
-7.6926,53.28823,2021/06/06 23:00:00+00,Mon 07 Jun 2021,19823,4596,45,2171391,982793,71786,2243177,1054579,46.7472776496248,21.9771767080635,573
-7.6926,53.28823,2021/06/07 23:00:00+00,Tue 08 Jun 2021,26414,18348,45,2197805,1001141,71831,2269636,1072972,47.2986769459494,22.3604824738633,574
-7.6926,53.28823,2021/06/08 23:00:00+00,Wed 09 Jun 2021,32807,20118,174,2230612,1021259,72005,2302617,1093264,47.9859931783119,22.7833629501102,575
-7.6926,53.28823,2021/06/09 23:00:00+00,Thu 10 Jun 2021,27704,27497,273,2258316,1048756,72278,2330594,1121034,48.5690272352782,23.36208317608,576
-7.6926,53.28823,2021/06/10 23:00:00+00,Fri 11 Jun 2021,26443,32906,42,2284759,1081662,72320,2357079,1153982,49.1209683654478,24.0487116962546,577
-7.6926,53.28823,2021/06/11 23:00:00+00,Sat 12 Jun 2021,12217,19721,105,2296976,1101383,72425,2369401,1173808,49.3777559284438,24.4618808428184,578
-7.6926,53.28823,2021/06/12 23:00:00+00,Sun 13 Jun 2021,8552,18175,834,2305528,1119558,73259,2378787,1192817,49.5733579464831,24.8580239027917,579
-7.6926,53.28823,2021/06/13 23:00:00+00,Mon 14 Jun 2021,16022,31307,52,2321550,1150865,73311,2394861,1224176,49.9083363012629,25.5115380391325,580
-7.6926,53.28823,2021/06/14 23:00:00+00,Tue 15 Jun 2021,14704,41592,205,2336254,1192457,73516,2409770,1265973,50.2190363318349,26.3825776244712,581
-7.6926,53.28823,2021/06/15 23:00:00+00,Wed 16 Jun 2021,13474,48391,217,2349728,1240848,73733,2423461,1314581,50.5043535307456,27.3955568374326,582
-7.6926,53.28823,2021/06/16 23:00:00+00,Thu 17 Jun 2021,21572,42690,535,2371300,1283538,74268,2445568,1357806,50.9650581773251,28.2963556047189,583
-7.6926,53.28823,2021/06/17 23:00:00+00,Fri 18 Jun 2021,12021,50020,554,2383321,1333558,74822,2458143,1408380,51.2271182004281,29.3503057922663,584
-7.6926,53.28823,2021/06/18 23:00:00+00,Sat 19 Jun 2021,6326,32810,433,2389647,1366368,75255,2464902,1441623,51.3679741603607,30.0430820426052,585
-7.6926,53.28823,2021/06/19 23:00:00+00,Sun 20 Jun 2021,8519,26143,177,2398166,1392511,75432,2473598,1467943,51.5491967417447,30.5915846118354,586
-7.6926,53.28823,2021/06/20 23:00:00+00,Mon 21 Jun 2021,15484,32336,574,2413650,1424847,76006,2489656,1500853,51.8838416603123,31.2774212210059,587
-7.6926,53.28823,2021/06/21 23:00:00+00,Tue 22 Jun 2021,15149,43546,722,2428799,1468393,76728,2505527,1545121,52.2145895431486,32.1999558613814,588
-7.6926,53.28823,2021/06/22 23:00:00+00,Wed 23 Jun 2021,20093,39396,883,2448892,1507789,77611,2526503,1585400,52.6517244174713,33.0393606860784,589
-7.6926,53.28823,2021/06/23 23:00:00+00,Thu 24 Jun 2021,19023,44277,1032,2467915,1552066,78643,2546558,1630709,53.0696658698236,33.9835895200165,590
-7.6926,53.28823,2021/06/24 23:00:00+00,Fri 25 Jun 2021,15212,50125,843,2483127,1602191,79486,2562613,1681677,53.4042482691014,35.0457505742918,591
-7.6926,53.28823,2021/06/25 23:00:00+00,Sat 26 Jun 2021,9067,30566,511,2492194,1632757,79997,2572191,1712754,53.6038515216882,35.6933878973908,592
-7.6926,53.28823,2021/06/26 23:00:00+00,Sun 27 Jun 2021,8736,30478,59,2500930,1663235,80056,2580986,1743291,53.7871372396358,36.3297717483248,593
-7.6926,53.28823,2021/06/27 23:00:00+00,Mon 28 Jun 2021,24238,24652,524,2525168,1687887,80580,2605748,1768467,54.3031714576935,36.8544336283758,594
-7.6926,53.28823,2021/06/28 23:00:00+00,Tue 29 Jun 2021,28147,31047,811,2553315,1718934,81391,2634706,1800325,54.9066493224264,37.5183468065876,595
-7.6926,53.28823,2021/06/29 23:00:00+00,Wed 30 Jun 2021,22578,36870,590,2575893,1755804,81981,2657874,1837785,55.3894649578339,38.2990043386303,596
-7.6926,53.28823,2021/06/30 23:00:00+00,Thu 01 Jul 2021,15031,48307,642,2590924,1804111,82623,2673547,1886734,55.716086567543,39.3190899108663,597
-7.6926,53.28823,2021/07/01 23:00:00+00,Fri 02 Jul 2021,13691,47270,818,2604615,1851381,83441,2688056,1934822,56.0184506928075,40.3212324469279,598
-7.6926,53.28823,2021/07/02 23:00:00+00,Sat 03 Jul 2021,9317,30479,505,2613932,1881860,83946,2697878,1965806,56.223138847632,40.966931672043,599
-7.6926,53.28823,2021/07/03 23:00:00+00,Sun 04 Jul 2021,6457,27784,233,2620389,1909644,84179,2704568,1993823,56.3625568638991,41.55079931954,600
-7.6926,53.28823,2021/07/04 23:00:00+00,Mon 05 Jul 2021,15618,33467,5343,2636007,1943111,89522,2725529,2032633,56.7993791417727,42.3595905319954,601
-7.6926,53.28823,2021/07/05 23:00:00+00,Tue 06 Jul 2021,12414,48302,5487,2648421,1991413,95009,2743430,2086422,57.1724317440444,43.4805405584515,602
-7.6926,53.28823,2021/07/06 23:00:00+00,Wed 07 Jul 2021,19710,43762,5060,2668131,2035175,100069,2768200,2135244,57.6886326802082,44.4979794807523,603
-7.6926,53.28823,2021/07/07 23:00:00+00,Thu 08 Jul 2021,17787,45599,5998,2685918,2080774,106067,2791985,2186841,58.1843064495525,45.5732487461235,604
-7.6926,53.28823,2021/07/08 23:00:00+00,Fri 09 Jul 2021,13531,45090,6531,2699449,2125864,112598,2812047,2238462,58.6023937802476,46.6490181658132,605
-7.6926,53.28823,2021/07/09 23:00:00+00,Sat 10 Jul 2021,8639,23875,4364,2708088,2149739,116962,2825050,2266701,58.8733732220295,47.237512240756,606
-7.6926,53.28823,2021/07/10 23:00:00+00,Sun 11 Jul 2021,15239,16114,2153,2723327,2165853,119115,2842442,2284968,59.2358183847975,47.6181921963839,607
-7.6926,53.28823,2021/07/11 23:00:00+00,Mon 12 Jul 2021,17112,31774,6092,2740439,2197627,125207,2865646,2322834,59.7193842516826,48.4073106723137,608
-7.6926,53.28823,2021/07/12 23:00:00+00,Tue 13 Jul 2021,20111,36569,8491,2760550,2234196,133698,2894248,2367894,60.3154431606919,49.3463504051979,609
-7.6926,53.28823,2021/07/13 23:00:00+00,Wed 14 Jul 2021,20802,35713,9335,2781352,2269909,143033,2924385,2412942,60.9434911063184,50.285140060923,610
-7.6926,53.28823,2021/07/14 23:00:00+00,Thu 15 Jul 2021,23651,28834,9586,2805003,2298743,152619,2957622,2451362,61.6361423180777,51.0858037657035,611
-7.6926,53.28823,2021/07/15 23:00:00+00,Fri 16 Jul 2021,23529,27431,9167,2828532,2326174,161786,2990318,2487960,62.3175192179087,51.8484974218087,612
-7.6926,53.28823,2021/07/16 23:00:00+00,Sat 17 Jul 2021,11509,19432,4677,2840041,2345606,166463,3006504,2512069,62.6548316261747,52.350923274452,613
-7.6926,53.28823,2021/07/17 23:00:00+00,Sun 18 Jul 2021,16865,15818,1932,2856906,2361424,168395,3025301,2529819,63.046556656335,52.7208290724701,614
-7.6926,53.28823,2021/07/18 23:00:00+00,Mon 19 Jul 2021,24895,18442,6255,2881801,2379866,174650,3056451,2554516,63.6957152821527,53.2355087059153,615
-7.6926,53.28823,2021/07/19 23:00:00+00,Tue 20 Jul 2021,30589,18185,7699,2912390,2398051,182349,3094739,2580400,64.4936281381818,53.7749251383604,616
-7.6926,53.28823,2021/07/20 23:00:00+00,Wed 21 Jul 2021,30368,19844,6890,2942758,2417895,189239,3131997,2607134,65.2700760380442,54.3320553695838,617
-7.6926,53.28823,2021/07/21 23:00:00+00,Thu 22 Jul 2021,33543,15933,6934,2976301,2433828,196173,3172474,2630001,66.1136071358684,54.8085982362475,618
-7.6926,53.28823,2021/07/22 23:00:00+00,Fri 23 Jul 2021,27093,20839,5615,3003394,2454667,201788,3205182,2656455,66.7952341128586,55.3598933337557,619
