X,Y,VaccinationDate,VaccineText,Dose1,Dose2,SingleDose,Dose1Cum,Dose2Cum,SingleDoseCum,PartiallyVacc,FullyVacc,PartialPercent,FullyPercent,ObjectId
-7.6926,53.28823,2020/12/28 00:00:00+00,Mon 28 Dec 2020,119,8,5,119,8,5,124,13,0.00293281904932197,0.000307472964848272,1
-7.6926,53.28823,2020/12/29 00:00:00+00,Tue 29 Dec 2020,68,1,0,187,9,5,192,14,0.0045411391731437,0.000331124731375062,2
-7.6926,53.28823,2020/12/30 00:00:00+00,Wed 30 Dec 2020,1046,0,0,1233,9,5,1238,14,0.0292808869601662,0.000331124731375062,3
-7.6926,53.28823,2020/12/31 00:00:00+00,Thu 31 Dec 2020,1022,1,0,2255,10,5,2260,15,0.0534529923505457,0.000354776497901852,4
-7.6926,53.28823,2021/01/01 00:00:00+00,Fri 01 Jan 2021,802,0,0,3057,10,5,3062,15,0.0724217091050313,0.000354776497901852,5
-7.6926,53.28823,2021/01/02 00:00:00+00,Sat 02 Jan 2021,1009,0,0,4066,10,5,4071,15,0.0962863415305626,0.000354776497901852,6
-7.6926,53.28823,2021/01/03 00:00:00+00,Sun 03 Jan 2021,14,0,0,4080,10,5,4085,15,0.0966174662619376,0.000354776497901852,7
-7.6926,53.28823,2021/01/04 00:00:00+00,Mon 04 Jan 2021,1169,2,0,5249,12,5,5254,17,0.124266381331755,0.000402080030955432,8
-7.6926,53.28823,2021/01/05 00:00:00+00,Tue 05 Jan 2021,3494,3,0,8743,15,5,8748,20,0.20690565357636,0.000473035330535802,9
-7.6926,53.28823,2021/01/06 00:00:00+00,Wed 06 Jan 2021,6739,2,0,15482,17,5,15487,22,0.366294908200399,0.000520338863589383,10
-7.6926,53.28823,2021/01/07 00:00:00+00,Thu 07 Jan 2021,11699,2,0,27181,19,5,27186,24,0.642996924797316,0.000567642396642963,11
-7.6926,53.28823,2021/01/08 00:00:00+00,Fri 08 Jan 2021,12654,2,0,39835,21,5,39840,26,0.942286378427318,0.000614945929696543,12
-7.6926,53.28823,2021/01/09 00:00:00+00,Sat 09 Jan 2021,8056,1,0,47891,22,5,47896,27,1.13282500956714,0.000638597696223333,13
-7.6926,53.28823,2021/01/10 00:00:00+00,Sun 10 Jan 2021,4754,1,1,52645,23,6,52651,29,1.24528915940203,0.000685901229276913,14
-7.6926,53.28823,2021/01/11 00:00:00+00,Mon 11 Jan 2021,8311,3,0,60956,26,6,60962,32,1.44185899100618,0.000756856528857284,15
-7.6926,53.28823,2021/01/12 00:00:00+00,Tue 12 Jan 2021,8840,4,0,69796,30,6,69802,36,1.650940607103,0.000851463594964444,16
-7.6926,53.28823,2021/01/13 00:00:00+00,Wed 13 Jan 2021,9841,2,0,79637,32,6,79643,38,1.88369764149315,0.000898767128018024,17
-7.6926,53.28823,2021/01/14 00:00:00+00,Thu 14 Jan 2021,8037,2,0,87674,34,6,87680,40,2.07378688906896,0.000946070661071605,18
-7.6926,53.28823,2021/01/15 00:00:00+00,Fri 15 Jan 2021,7636,2,0,95310,36,6,95316,42,2.25439177826753,0.000993374194125185,19
-7.6926,53.28823,2021/01/16 00:00:00+00,Sat 16 Jan 2021,5202,1,0,100512,37,6,100518,43,2.37742826773989,0.00101702596065198,20
-7.6926,53.28823,2021/01/17 00:00:00+00,Sun 17 Jan 2021,1094,3,0,101606,40,6,101612,46,2.4033033003202,0.00108798126023235,21
-7.6926,53.28823,2021/01/18 00:00:00+00,Mon 18 Jan 2021,8661,4,0,110267,44,6,110273,50,2.60815125020873,0.00118258832633951,22
-7.6926,53.28823,2021/01/19 00:00:00+00,Tue 19 Jan 2021,8342,15,0,118609,59,6,118615,65,2.80545428657521,0.00153736482424136,23
-7.6926,53.28823,2021/01/20 00:00:00+00,Wed 20 Jan 2021,8415,954,0,127024,1013,6,127030,1019,3.00448390189815,0.0241011500907991,24
-7.6926,53.28823,2021/01/21 00:00:00+00,Thu 21 Jan 2021,8940,955,0,135964,1968,6,135970,1974,3.21593069464765,0.0466885871238837,25
-7.6926,53.28823,2021/01/22 00:00:00+00,Fri 22 Jan 2021,6720,961,0,142684,2929,6,142690,2935,3.37487056570768,0.069417934756129,26
-7.6926,53.28823,2021/01/23 00:00:00+00,Sat 23 Jan 2021,4148,456,0,146832,3385,6,146838,3391,3.47297809326081,0.0802031402923453,27
-7.6926,53.28823,2021/01/24 00:00:00+00,Sun 24 Jan 2021,1161,393,0,147993,3778,6,147999,3784,3.50043779419841,0.0894982845373738,28
-7.6926,53.28823,2021/01/25 00:00:00+00,Mon 25 Jan 2021,1323,1280,0,149316,5058,6,149322,5064,3.53172908131335,0.119772545691665,29
-7.6926,53.28823,2021/01/26 00:00:00+00,Tue 26 Jan 2021,974,3493,0,150290,8551,6,150296,8557,3.55476590191045,0.202388166169743,30
-7.6926,53.28823,2021/01/27 00:00:00+00,Wed 27 Jan 2021,2134,6691,0,152424,15242,6,152430,15248,3.60523877167862,0.360642136000496,31
-7.6926,53.28823,2021/01/28 00:00:00+00,Thu 28 Jan 2021,940,11538,0,153364,26780,6,153370,26786,3.6274714322138,0.6335362181866,32
-7.6926,53.28823,2021/01/29 00:00:00+00,Fri 29 Jan 2021,1530,11517,0,154894,38297,6,154900,38303,3.66365863499979,0.905933613275642,33
-7.6926,53.28823,2021/01/30 00:00:00+00,Sat 30 Jan 2021,593,7791,0,155487,46088,6,155493,46094,3.67768413255018,1.09020452628586,34
-7.6926,53.28823,2021/01/31 00:00:00+00,Sun 31 Jan 2021,202,4079,0,155689,50167,6,155695,50173,3.68246178938859,1.18668008194864,35
-7.6926,53.28823,2021/02/01 00:00:00+00,Mon 01 Feb 2021,969,8329,0,156658,58496,6,156664,58502,3.70538035115305,1.38367564535028,36
-7.6926,53.28823,2021/02/02 00:00:00+00,Tue 02 Feb 2021,784,5091,0,157442,63587,6,157448,63593,3.72392333611005,1.50408678873816,37
-7.6926,53.28823,2021/02/03 00:00:00+00,Wed 03 Feb 2021,1355,6854,0,158797,70441,6,158803,70447,3.75597147975385,1.66619599651278,38
-7.6926,53.28823,2021/02/04 00:00:00+00,Thu 04 Feb 2021,1377,10527,0,160174,80968,6,160180,80974,3.78853996226124,1.9151781427403,39
-7.6926,53.28823,2021/02/05 00:00:00+00,Fri 05 Feb 2021,3353,8595,0,163527,89563,6,163533,89569,3.86784433542557,2.11846507603806,40
-7.6926,53.28823,2021/02/06 00:00:00+00,Sat 06 Feb 2021,868,3860,0,164395,93423,6,164401,93429,3.88837406877082,2.20976089483147,41
-7.6926,53.28823,2021/02/07 00:00:00+00,Sun 07 Feb 2021,302,1289,0,164697,94712,6,164703,94718,3.89551690226191,2.24024802188451,42
-7.6926,53.28823,2021/02/08 00:00:00+00,Mon 08 Feb 2021,1122,868,0,165819,95580,6,165825,95586,3.92205418430497,2.26077775522976,43
-7.6926,53.28823,2021/02/09 00:00:00+00,Tue 09 Feb 2021,4188,524,0,170007,96104,6,170013,96110,4.02110778251917,2.2731712808898,44
-7.6926,53.28823,2021/02/10 00:00:00+00,Wed 10 Feb 2021,8784,572,0,178791,96676,6,178797,96682,4.22886489969049,2.28670009134312,45
-7.6926,53.28823,2021/02/11 00:00:00+00,Thu 11 Feb 2021,6120,427,0,184911,97103,6,184917,97109,4.37361371083445,2.29679939565006,46
-7.6926,53.28823,2021/02/12 00:00:00+00,Fri 12 Feb 2021,4350,513,0,189261,97616,6,189267,97622,4.47649889522599,2.3089327518783,47
-7.6926,53.28823,2021/02/13 00:00:00+00,Sat 13 Feb 2021,1174,1909,0,190435,99525,6,190441,99531,4.50426606912844,2.35408397417795,48
-7.6926,53.28823,2021/04/21 23:00:00+00,Thu 22 Apr 2021,31470,12086,0,971664,408365,55,971719,408420,22.982870917646,9.65985448487162,49
-7.6926,53.28823,2021/08/14 23:00:00+00,Sun 15 Aug 2021,16955,3606,39,3308227,2885103,228262,3536489,3113365,83.6442121525615,73.6365820926799,50
-7.6926,53.28823,2021/02/14 00:00:00+00,Sun 14 Feb 2021,2667,16,0,193102,99541,6,193108,99547,4.56734533045539,2.35446240244238,51
-7.6926,53.28823,2021/02/15 00:00:00+00,Mon 15 Feb 2021,1920,7860,0,195022,107401,6,195028,107407,4.61275672218682,2.54036528734295,52
-7.6926,53.28823,2021/02/16 00:00:00+00,Tue 16 Feb 2021,5591,8136,0,200613,115537,6,200619,115543,4.74499374883811,2.73279605980491,53
-7.6926,53.28823,2021/02/17 00:00:00+00,Wed 17 Feb 2021,9691,8453,0,210304,123990,6,210310,123996,4.97420301824923,2.93272444225587,54
-7.6926,53.28823,2021/02/18 00:00:00+00,Thu 18 Feb 2021,8418,8321,0,218722,132311,6,218728,132317,5.17330358887175,3.12953079152529,55
-7.6926,53.28823,2021/02/19 00:00:00+00,Fri 19 Feb 2021,9357,6561,0,228079,138872,6,228085,138878,5.39461316826293,3.28471003170756,56
-7.6926,53.28823,2021/02/20 00:00:00+00,Sat 20 Feb 2021,5848,3556,1,233927,142428,7,233934,142435,5.53295235067812,3.36883936524335,57
-7.6926,53.28823,2021/02/21 00:00:00+00,Sun 21 Feb 2021,1076,1015,3,235003,143443,10,235013,143453,5.55847260676053,3.39291686356762,58
-7.6926,53.28823,2021/02/22 00:00:00+00,Mon 22 Feb 2021,3901,1096,1,238904,144539,11,238915,144550,5.65076179974806,3.41886285144751,59
-7.6926,53.28823,2021/02/23 00:00:00+00,Tue 23 Feb 2021,13311,1050,0,252215,145589,11,252226,145600,5.96559046398616,3.44369720630064,60
-7.6926,53.28823,2021/02/24 00:00:00+00,Wed 24 Feb 2021,16867,2078,2,269082,147667,13,269095,147680,6.36457211352659,3.49289288067636,61
-7.6926,53.28823,2021/02/25 00:00:00+00,Thu 25 Feb 2021,17990,1732,1,287072,149399,14,287086,149413,6.79009104511007,3.53388139206729,62
-7.6926,53.28823,2021/02/26 00:00:00+00,Fri 26 Feb 2021,16020,2739,0,303092,152138,14,303106,152152,7.16899234486925,3.59866358058417,63
-7.6926,53.28823,2021/02/27 00:00:00+00,Sat 27 Feb 2021,8931,696,1,312023,152834,15,312038,152849,7.38024992348654,3.61514886185334,64
-7.6926,53.28823,2021/02/28 00:00:00+00,Sun 28 Feb 2021,2412,45,1,314435,152879,16,314451,152895,7.43732163611568,3.61623684311358,65
-7.6926,53.28823,2021/03/01 00:00:00+00,Mon 01 Mar 2021,5520,773,0,319955,153652,16,319971,153668,7.56787938734356,3.63451965863878,66
-7.6926,53.28823,2021/03/02 00:00:00+00,Tue 02 Mar 2021,12111,1587,0,332066,155239,16,332082,155255,7.85432593174952,3.6720550121168,67
-7.6926,53.28823,2021/03/03 00:00:00+00,Wed 03 Mar 2021,12764,1482,1,344830,156721,17,344847,156738,8.15624073146399,3.70713058187603,68
-7.6926,53.28823,2021/03/04 00:00:00+00,Thu 04 Mar 2021,18632,1668,0,363462,158389,17,363479,158406,8.59692044539115,3.74658172844272,69
-7.6926,53.28823,2021/03/05 00:00:00+00,Fri 05 Mar 2021,18350,2374,1,381812,160763,18,381830,160781,9.03095401292427,3.80275467394384,70
-7.6926,53.28823,2021/03/06 00:00:00+00,Sat 06 Mar 2021,10356,123,0,392168,160886,18,392186,160904,9.27589170707571,3.80566384122664,71
-7.6926,53.28823,2021/03/07 00:00:00+00,Sun 07 Mar 2021,1474,5,0,393642,160891,18,393660,160909,9.3107544109362,3.80578210005927,72
-7.6926,53.28823,2021/03/08 00:00:00+00,Mon 08 Mar 2021,6576,1475,1,400218,162366,19,400237,162385,9.4663120793829,3.84069210745281,73
-7.6926,53.28823,2021/03/09 00:00:00+00,Tue 09 Mar 2021,13711,3079,1,413929,165445,20,413949,165465,9.79062510199824,3.91353954835533,74
-7.6926,53.28823,2021/03/10 00:00:00+00,Wed 10 Mar 2021,13619,3959,0,427548,169404,20,427568,169424,10.1127385103266,4.00717689203489,75
-7.6926,53.28823,2021/03/11 00:00:00+00,Thu 11 Mar 2021,18354,2075,0,445902,171479,20,445922,171499,10.5468430331593,4.05625430757798,76
-7.6926,53.28823,2021/03/12 00:00:00+00,Fri 12 Mar 2021,17211,1311,2,463113,172790,22,463135,172812,10.9539608903849,4.08730907702765,77
-7.6926,53.28823,2021/03/13 00:00:00+00,Sat 13 Mar 2021,8205,158,0,471318,172948,22,471340,172970,11.1480236347373,4.09104605613889,78
-7.6926,53.28823,2021/03/14 00:00:00+00,Sun 14 Mar 2021,322,8,1,471640,172956,23,471663,172979,11.1556631553254,4.09125892203763,79
-7.6926,53.28823,2021/03/15 00:00:00+00,Mon 15 Mar 2021,2532,966,0,474172,173922,23,474195,173945,11.2155494281712,4.11410652850251,80
-7.6926,53.28823,2021/03/16 00:00:00+00,Tue 16 Mar 2021,8842,3785,0,483014,177707,23,483037,177730,11.4246783478011,4.20362846480641,81
-7.6926,53.28823,2021/03/17 00:00:00+00,Wed 17 Mar 2021,4806,2383,4,487820,180090,27,487847,180117,11.538443344795,4.26008523150586,82
-7.6926,53.28823,2021/03/18 00:00:00+00,Thu 18 Mar 2021,11598,4652,1,499418,184742,28,499446,184770,11.8127801847392,4.37013690115501,83
-7.6926,53.28823,2021/03/19 00:00:00+00,Fri 19 Mar 2021,10222,6092,1,509640,190834,29,509669,190863,12.0545721939426,4.51424711460274,84
-7.6926,53.28823,2021/03/20 00:00:00+00,Sat 20 Mar 2021,5111,3088,0,514751,193922,29,514780,193951,12.175456372661,4.58728376963747,85
-7.6926,53.28823,2021/03/21 00:00:00+00,Sun 21 Mar 2021,3545,40,0,518296,193962,29,518325,193991,12.2593018849985,4.58822984029854,86
-7.6926,53.28823,2021/03/22 00:00:00+00,Mon 22 Mar 2021,7287,2369,0,525583,196331,29,525612,196360,12.4316523076792,4.64426087520051,87
-7.6926,53.28823,2021/03/23 00:00:00+00,Tue 23 Mar 2021,12425,7352,1,538008,203683,30,538038,203713,12.7255491585411,4.818172314472,88
-7.6926,53.28823,2021/03/24 00:00:00+00,Wed 24 Mar 2021,13488,9737,0,551496,213420,30,551526,213450,13.0445641854544,5.04846956514335,89
-7.6926,53.28823,2021/03/25 00:00:00+00,Thu 25 Mar 2021,20728,10176,2,572224,223596,32,572256,223628,13.5348653055548,5.28919724485302,90
-7.6926,53.28823,2021/03/26 00:00:00+00,Fri 26 Mar 2021,19559,9426,1,591783,233022,33,591816,233055,13.9974938588188,5.51216244790107,91
-7.6926,53.28823,2021/03/27 00:00:00+00,Sat 27 Mar 2021,11603,5297,1,603386,238319,34,603420,238353,14.2719489575957,5.63746950696,92
-7.6926,53.28823,2021/03/28 00:00:00+00,Sun 28 Mar 2021,2409,461,0,605795,238780,34,605829,238814,14.3289260631587,5.64837297132886,93
-7.6926,53.28823,2021/03/28 23:00:00+00,Mon 29 Mar 2021,9145,3064,1,614940,241844,35,614975,241879,14.5452451198128,5.72086563573347,94
-7.6926,53.28823,2021/03/29 23:00:00+00,Tue 30 Mar 2021,13196,8608,1,628136,250452,36,628172,250488,14.8573774826668,5.9244836937626,95
-7.6926,53.28823,2021/03/30 23:00:00+00,Wed 31 Mar 2021,15639,10425,0,643775,260877,36,643811,260913,15.2272674593793,6.17105335980439,96
-7.6926,53.28823,2021/03/31 23:00:00+00,Thu 01 Apr 2021,19544,11540,0,663319,272417,36,663355,272453,15.6895175843789,6.44399474552355,97
-7.6926,53.28823,2021/04/01 23:00:00+00,Fri 02 Apr 2021,20007,13668,2,683326,286085,38,683364,286123,16.1627657808134,6.76731439394477,98
-7.6926,53.28823,2021/04/02 23:00:00+00,Sat 03 Apr 2021,7428,4586,0,690754,290671,38,690792,290709,16.3384511025744,6.87578139523663,99
-7.6926,53.28823,2021/04/03 23:00:00+00,Sun 04 Apr 2021,2933,151,0,693687,290822,38,693725,290860,16.4078217337975,6.87935281198217,100
-7.6926,53.28823,2021/04/04 23:00:00+00,Mon 05 Apr 2021,3326,570,1,697013,291392,39,697052,291431,16.4865111610321,6.89285797066897,101
-7.6926,53.28823,2021/04/05 23:00:00+00,Tue 06 Apr 2021,11832,8105,2,708845,299497,41,708886,299538,16.7664061661101,7.08460284190166,102
-7.6926,53.28823,2021/04/06 23:00:00+00,Wed 07 Apr 2021,18178,10414,1,727023,309911,42,727065,309953,17.1963716298007,7.33093599027818,103
-7.6926,53.28823,2021/04/07 23:00:00+00,Thu 08 Apr 2021,20020,10492,1,747043,320403,43,747086,320446,17.6699036474335,7.57911397644379,104
-7.6926,53.28823,2021/04/08 23:00:00+00,Fri 09 Apr 2021,20564,9088,2,767607,329491,45,767652,329536,18.1563258778235,7.79410853417231,105
-7.6926,53.28823,2021/04/09 23:00:00+00,Sat 10 Apr 2021,11027,4130,3,778634,333621,48,778682,333669,18.417204862614,7.89186128522753,106
-7.6926,53.28823,2021/04/10 23:00:00+00,Sun 11 Apr 2021,2781,315,0,781415,333936,48,781463,333984,18.482980425325,7.89931159168347,107
-7.6926,53.28823,2021/04/11 23:00:00+00,Mon 12 Apr 2021,7650,2714,2,789065,336650,50,789115,336700,18.663963742788,7.96354978957023,108
-7.6926,53.28823,2021/04/12 23:00:00+00,Tue 13 Apr 2021,11379,8519,0,800444,345169,50,800494,345219,18.9330971940963,8.16503918861196,109
-7.6926,53.28823,2021/04/13 23:00:00+00,Wed 14 Apr 2021,20200,6528,2,820644,351697,52,820696,351749,19.4109101814705,8.3194852240319,110
-7.6926,53.28823,2021/04/14 23:00:00+00,Thu 15 Apr 2021,26964,10716,1,847608,362413,53,847661,362466,20.0486800658654,8.57296120589951,111
-7.6926,53.28823,2021/04/15 23:00:00+00,Fri 16 Apr 2021,27814,9756,1,875422,372169,54,875476,372223,20.7065539518081,8.8037314919014,112
-7.6926,53.28823,2021/04/16 23:00:00+00,Sat 17 Apr 2021,15704,4487,1,891126,376656,55,891181,376711,21.0780049451113,8.90988062007363,113
-7.6926,53.28823,2021/04/17 23:00:00+00,Sun 18 Apr 2021,988,437,0,892114,377093,55,892169,377148,21.1013728904398,8.92021644204584,114
-7.6926,53.28823,2021/04/18 23:00:00+00,Mon 19 Apr 2021,6624,2180,0,898738,379273,55,898793,379328,21.2580421919133,8.97177729307424,115
-7.6926,53.28823,2021/04/19 23:00:00+00,Tue 20 Apr 2021,14931,7235,0,913669,386508,55,913724,386563,21.6111867179248,9.14289782389557,116
-7.6926,53.28823,2021/04/20 23:00:00+00,Wed 21 Apr 2021,26525,9771,0,940194,396279,55,940249,396334,22.2385498250479,9.37399923462883,117
-7.6926,53.28823,2021/04/22 23:00:00+00,Fri 23 Apr 2021,33432,12299,0,1005096,420664,55,1005151,420719,23.7735967761696,9.95074756138461,118
-7.6926,53.28823,2021/04/23 23:00:00+00,Sat 24 Apr 2021,23529,6929,0,1028625,427593,55,1028680,427648,24.3300991907785,10.1146306516487,119
-7.6926,53.28823,2021/04/24 23:00:00+00,Sun 25 Apr 2021,9659,243,0,1038284,427836,55,1038339,427891,24.5585516036607,10.1203780309148,120
-7.6926,53.28823,2021/04/25 23:00:00+00,Mon 26 Apr 2021,15438,2965,1,1053722,430801,56,1053778,430857,24.9237112270678,10.1905291704332,121
-7.6926,53.28823,2021/04/26 23:00:00+00,Tue 27 Apr 2021,25745,7724,2,1079467,438525,58,1079525,438583,25.5326732598331,10.3732627186192,122
-7.6926,53.28823,2021/04/27 23:00:00+00,Wed 28 Apr 2021,25883,8500,1,1105350,447025,59,1105409,447084,26.1448755846125,10.5743263858634,123
-7.6926,53.28823,2021/04/28 23:00:00+00,Thu 29 Apr 2021,31546,11237,0,1136896,458262,59,1136955,458321,26.8909942114667,10.840101286325,124
-7.6926,53.28823,2021/04/29 23:00:00+00,Fri 30 Apr 2021,35929,13450,0,1172825,471712,59,1172884,471771,27.7407785310077,11.1582175461103,125
-7.6926,53.28823,2021/04/30 23:00:00+00,Sat 01 May 2021,16389,6607,0,1189214,478319,59,1189273,478378,28.1284073326153,11.3144847675528,126
-7.6926,53.28823,2021/05/01 23:00:00+00,Sun 02 May 2021,12313,860,1,1201527,479179,60,1201587,479239,28.4196551856262,11.3348489385324,127
-7.6926,53.28823,2021/05/02 23:00:00+00,Mon 03 May 2021,14103,851,3,1215630,480030,63,1215693,480093,28.7532870042531,11.3550475471462,128
-7.6926,53.28823,2021/05/03 23:00:00+00,Tue 04 May 2021,26447,6694,1,1242077,486724,64,1242141,486788,29.3788289253536,11.5133961240431,129
-7.6926,53.28823,2021/05/04 23:00:00+00,Wed 05 May 2021,31864,13326,62,1273941,500050,126,1274067,500176,30.1339352234879,11.8300459743038,130
-7.6926,53.28823,2021/05/05 23:00:00+00,Thu 06 May 2021,37080,14267,119,1311021,514317,245,1311266,514562,31.013757286518,12.1703002875582,131
-7.6926,53.28823,2021/05/06 23:00:00+00,Fri 07 May 2021,40369,14958,81,1351390,529275,326,1351716,529601,31.9704712425266,12.5259992043546,132
-7.6926,53.28823,2021/05/07 23:00:00+00,Sat 08 May 2021,25399,6962,2,1376789,536237,328,1377117,536565,32.5712497640736,12.6907101064471,133
-7.6926,53.28823,2021/05/08 23:00:00+00,Sun 09 May 2021,19548,868,0,1396337,537105,328,1396665,537433,33.0335944961393,12.7112398397924,134
-7.6926,53.28823,2021/05/09 23:00:00+00,Mon 10 May 2021,28603,4530,155,1424940,541635,483,1425423,542118,33.7137719979168,12.8220483659704,135
-7.6926,53.28823,2021/05/10 23:00:00+00,Tue 11 May 2021,34121,14720,145,1459061,556355,628,1459689,556983,34.5242234297237,13.1736318753911,136
-7.6926,53.28823,2021/05/11 23:00:00+00,Wed 12 May 2021,31031,20814,145,1490092,577169,773,1490865,577942,35.261590902963,13.6693492500261,137
-7.6926,53.28823,2021/05/12 23:00:00+00,Thu 13 May 2021,35767,25376,134,1525859,602545,907,1526766,603452,36.1107129730412,14.2727058141246,138
-7.6926,53.28823,2021/05/13 23:00:00+00,Fri 14 May 2021,37973,27855,221,1563832,630400,1128,1564960,631528,37.0140685437655,14.9367528111307,139
-7.6926,53.28823,2021/05/14 23:00:00+00,Sat 15 May 2021,28618,12346,1,1592450,642746,1129,1593579,643875,37.6909584499957,15.228781172437,140
-7.6926,53.28823,2021/05/15 23:00:00+00,Sun 16 May 2021,23008,1112,1,1615458,643858,1130,1616588,644988,38.2351619460106,15.2551055885813,141
-7.6926,53.28823,2021/05/16 23:00:00+00,Mon 17 May 2021,35184,3863,101,1650642,647721,1231,1651873,648952,39.0697145279084,15.3488611910935,142
-7.6926,53.28823,2021/05/17 23:00:00+00,Tue 18 May 2021,38796,12368,110,1689438,660089,1341,1690779,661430,39.9899101563997,15.6439879338148,143
-7.6926,53.28823,2021/05/18 23:00:00+00,Wed 19 May 2021,36767,17477,193,1726205,677566,1534,1727739,679100,40.8640794472298,16.0619146483432,144
-7.6926,53.28823,2021/05/19 23:00:00+00,Thu 20 May 2021,38820,19523,108,1765025,697089,1642,1766667,698731,41.7847954145847,16.5262224770306,145
-7.6926,53.28823,2021/05/20 23:00:00+00,Fri 21 May 2021,25578,23080,14908,1790603,720169,16550,1807153,736719,42.7423608341883,17.4247057838503,146
-7.6926,53.28823,2021/05/21 23:00:00+00,Sat 22 May 2021,16379,10153,13490,1806982,730322,30040,1837022,760362,43.448815448577,17.9839044998432,147
-7.6926,53.28823,2021/05/22 23:00:00+00,Sun 23 May 2021,8062,5474,10189,1815044,735796,40229,1855273,776025,43.8804838394575,18.3543621189523,148
-7.6926,53.28823,2021/05/23 23:00:00+00,Mon 24 May 2021,22302,8090,8426,1837346,743886,48655,1886001,792541,44.6072553212927,18.7449946949088,149
-7.6926,53.28823,2021/05/24 23:00:00+00,Tue 25 May 2021,30049,16359,3205,1867395,760245,51860,1919255,812105,45.3937711653746,19.2077178552389,150
-7.6926,53.28823,2021/05/25 23:00:00+00,Wed 26 May 2021,19669,25297,3029,1887064,785542,54889,1941953,840431,45.9306189619997,19.8776777938767,151
-7.6926,53.28823,2021/05/26 23:00:00+00,Thu 27 May 2021,16723,35851,540,1903787,821393,55429,1959216,876822,46.3389194075516,20.7383892295532,152
-7.6926,53.28823,2021/05/27 23:00:00+00,Fri 28 May 2021,26748,31703,1514,1930535,853096,56943,1987478,910039,47.0073656331318,21.5240299582736,153
-7.6926,53.28823,2021/05/28 23:00:00+00,Sat 29 May 2021,24249,7305,493,1954784,860401,57436,2012220,917837,47.5925576405376,21.7084664336495,154
-7.6926,53.28823,2021/05/29 23:00:00+00,Sun 30 May 2021,24071,1608,182,1978855,862009,57618,2036473,919627,48.1661839341119,21.7508030957324,155
-7.6926,53.28823,2021/05/30 23:00:00+00,Mon 31 May 2021,22276,7218,3410,2001131,869227,61028,2062159,930255,48.773703209119,22.0021740703791,156
-7.6926,53.28823,2021/05/31 23:00:00+00,Tue 01 Jun 2021,27166,11358,3617,2028297,880585,64645,2092942,945230,49.5017755381132,22.3563592741178,157
-7.6926,53.28823,2021/06/01 23:00:00+00,Wed 02 Jun 2021,18365,20751,3970,2046662,901336,68615,2115277,969951,50.030037743489,22.9410545944266,158
-7.6926,53.28823,2021/06/02 23:00:00+00,Thu 03 Jun 2021,16428,30537,1951,2063090,931873,70566,2133656,1002439,50.4647335604849,23.709453185349,159
-7.6926,53.28823,2021/06/03 23:00:00+00,Fri 04 Jun 2021,28747,23165,113,2091837,955038,70679,2162516,1025717,51.1473235424481,24.2600190065596,160
-7.6926,53.28823,2021/06/04 23:00:00+00,Sat 05 Jun 2021,20682,11356,2,2112519,966394,70681,2183200,1037075,51.6365366812882,24.5286557707709,161
-7.6926,53.28823,2021/06/05 23:00:00+00,Sun 06 Jun 2021,19734,3797,8,2132253,970191,70689,2202942,1040880,52.1034698560601,24.6186507424053,162
-7.6926,53.28823,2021/06/06 23:00:00+00,Mon 07 Jun 2021,19526,4396,1,2151779,974587,70690,2222469,1045277,52.5653179010287,24.7226475598236,163
-7.6926,53.28823,2021/06/07 23:00:00+00,Tue 08 Jun 2021,26260,18354,12,2178039,992941,70702,2248741,1063643,53.1866971112205,25.1570359038546,164
-7.6926,53.28823,2021/06/08 23:00:00+00,Wed 09 Jun 2021,32578,19918,141,2210617,1012859,70843,2281460,1083702,53.9605592602106,25.6314666886155,165
-7.6926,53.28823,2021/06/09 23:00:00+00,Thu 10 Jun 2021,27404,27304,234,2238021,1040163,71077,2309098,1111240,54.614246783478,26.2827890352303,166
-7.6926,53.28823,2021/06/10 23:00:00+00,Fri 11 Jun 2021,26186,32706,3,2264207,1072869,71080,2335287,1143949,55.2336628970481,27.056414666555,167
-7.6926,53.28823,2021/06/11 23:00:00+00,Sat 12 Jun 2021,11948,19542,75,2276155,1092411,71155,2347310,1163566,55.5180280859997,27.5203913705111,168
-7.6926,53.28823,2021/06/12 23:00:00+00,Sun 13 Jun 2021,8397,18064,807,2284552,1110475,71962,2356514,1182437,55.7357189451123,27.9667238566381,169
-7.6926,53.28823,2021/06/13 23:00:00+00,Mon 14 Jun 2021,15771,31081,9,2300323,1141556,71971,2372294,1213527,56.108943820905,28.702057277956,170
-7.6926,53.28823,2021/06/14 23:00:00+00,Tue 15 Jun 2021,14416,41276,177,2314739,1182832,72148,2386887,1254980,56.4540940498305,29.6824939557911,171
-7.6926,53.28823,2021/06/15 23:00:00+00,Wed 16 Jun 2021,13149,48086,190,2327888,1230918,72338,2400226,1303256,56.7695849635313,30.8243066366384,172
-7.6926,53.28823,2021/06/16 23:00:00+00,Thu 17 Jun 2021,21280,42394,497,2349168,1273312,72835,2422003,1346147,57.2846494831852,31.8387545547389,173
-7.6926,53.28823,2021/06/17 23:00:00+00,Fri 18 Jun 2021,11801,49798,521,2360969,1323110,73356,2434325,1396466,57.5760865503284,33.0288877946005,174
-7.6926,53.28823,2021/06/18 23:00:00+00,Sat 19 Jun 2021,6070,32599,400,2367039,1355709,73756,2440795,1429465,57.7291134797567,33.809372438218,175
-7.6926,53.28823,2021/06/19 23:00:00+00,Sun 20 Jun 2021,8339,26004,158,2375378,1381713,73914,2449292,1455627,57.9300825399348,34.4281499540919,176
-7.6926,53.28823,2021/06/20 23:00:00+00,Mon 21 Jun 2021,15212,32102,532,2390590,1413815,74446,2465036,1488261,58.3024559521326,35.2000017029272,177
-7.6926,53.28823,2021/06/21 23:00:00+00,Tue 22 Jun 2021,14879,43300,686,2405469,1457115,75132,2480601,1532247,58.6705956981221,36.2403483053746,178
-7.6926,53.28823,2021/06/22 23:00:00+00,Wed 23 Jun 2021,19795,39103,849,2425264,1496218,75981,2501245,1572199,59.1588627663012,37.1852836816529,179
-7.6926,53.28823,2021/06/23 23:00:00+00,Thu 24 Jun 2021,18782,43989,999,2444046,1540207,76980,2521026,1617187,59.6267183599676,38.2493293541601,180
-7.6926,53.28823,2021/06/24 23:00:00+00,Fri 25 Jun 2021,14924,49861,786,2458970,1590068,77766,2536736,1667834,59.9982876121035,39.4472203734425,181
-7.6926,53.28823,2021/06/25 23:00:00+00,Sat 26 Jun 2021,8798,30299,451,2467768,1620367,78217,2545985,1698584,60.2170428007097,40.1745121941413,182
-7.6926,53.28823,2021/06/26 23:00:00+00,Sun 27 Jun 2021,8566,30278,32,2476334,1650645,78249,2554583,1728894,60.4204006893071,40.8913972375683,183
-7.6926,53.28823,2021/06/27 23:00:00+00,Mon 28 Jun 2021,23992,24367,450,2500326,1675012,78699,2579025,1753711,60.9984971667549,41.4783631274636,184
-7.6926,53.28823,2021/06/28 23:00:00+00,Tue 29 Jun 2021,27857,30710,755,2528183,1705722,79454,2607637,1785176,61.6752215106194,42.2225659612291,185
-7.6926,53.28823,2021/06/29 23:00:00+00,Wed 30 Jun 2021,22252,36512,529,2550435,1742234,79983,2630418,1822217,62.2140324038662,43.0986510451479,186
-7.6926,53.28823,2021/06/30 23:00:00+00,Thu 01 Jul 2021,14589,48044,583,2565024,1790278,80566,2645590,1870844,62.5728770056107,44.2487654960461,187
-7.6926,53.28823,2021/07/01 23:00:00+00,Fri 02 Jul 2021,13342,46951,768,2578366,1837229,81334,2659700,1918563,62.9066034313037,45.377404142938,188
-7.6926,53.28823,2021/07/02 23:00:00+00,Sat 03 Jul 2021,9096,30170,456,2587462,1867399,81790,2669252,1949189,63.1325251051676,46.1017631445875,189
-7.6926,53.28823,2021/07/03 23:00:00+00,Sun 04 Jul 2021,6279,27630,196,2593741,1895029,81986,2675727,1977015,63.2856702934285,46.759897199962,190
-7.6926,53.28823,2021/07/04 23:00:00+00,Mon 05 Jul 2021,15230,33058,5302,2608971,1928087,87288,2696259,2015375,63.7712883637566,47.6671789639296,191
-7.6926,53.28823,2021/07/05 23:00:00+00,Tue 06 Jul 2021,12115,48068,5434,2621086,1976155,92722,2713808,2068877,64.1863532145352,48.932595776646,192
-7.6926,53.28823,2021/07/06 23:00:00+00,Wed 07 Jul 2021,19415,43397,4987,2640501,2019552,97709,2738210,2117261,64.763503621322,50.0769628482782,193
-7.6926,53.28823,2021/07/07 23:00:00+00,Thu 08 Jul 2021,17528,45280,5942,2658029,2064832,103651,2761680,2168483,65.3186105817057,51.2884536333134,194
-7.6926,53.28823,2021/07/08 23:00:00+00,Fri 09 Jul 2021,13285,44768,6491,2671314,2109600,110142,2781456,2219742,65.7863479165395,52.5008195337101,195
-7.6926,53.28823,2021/07/09 23:00:00+00,Sat 10 Jul 2021,8416,23567,4316,2679730,2133167,114458,2794188,2247625,66.0874822079586,53.1603017397766,196
-7.6926,53.28823,2021/07/10 23:00:00+00,Sun 11 Jul 2021,15094,15938,2129,2694824,2149105,116587,2811411,2265692,66.4948365828495,53.5876182056162,197
-7.6926,53.28823,2021/07/11 23:00:00+00,Mon 12 Jul 2021,16917,31408,6035,2711741,2180513,122622,2834363,2303135,67.0376919281724,54.4732112996788,198
-7.6926,53.28823,2021/07/12 23:00:00+00,Tue 13 Jul 2021,19884,36193,8444,2731625,2216706,131066,2862691,2347772,67.7076991703433,55.5289552021351,199
-7.6926,53.28823,2021/07/13 23:00:00+00,Wed 14 Jul 2021,20581,35312,9282,2752206,2252018,140348,2892554,2392366,68.4140118741329,56.5836820786308,200
-7.6926,53.28823,2021/07/14 23:00:00+00,Thu 15 Jul 2021,23394,28453,9523,2775600,2280471,149871,2925471,2430342,69.1925570728952,57.4818815642522,201
-7.6926,53.28823,2021/07/15 23:00:00+00,Fri 16 Jul 2021,23343,27023,9115,2798943,2307494,158986,2957929,2466480,69.9602461108218,58.3366091029973,202
-7.6926,53.28823,2021/07/16 23:00:00+00,Sat 17 Jul 2021,11355,19119,4630,2810298,2326613,163616,2973914,2490229,70.3383195987525,58.898314906242,203
-7.6926,53.28823,2021/07/17 23:00:00+00,Sun 18 Jul 2021,16737,15594,1908,2827035,2342207,165524,2992559,2507731,70.7793067856445,59.3122681239939,204
-7.6926,53.28823,2021/07/18 23:00:00+00,Mon 19 Jul 2021,24662,18061,6189,2851697,2360268,171713,3023410,2531981,71.5089874347625,59.8858234622686,205
-7.6926,53.28823,2021/07/19 23:00:00+00,Tue 20 Jul 2021,30374,17753,7651,2882071,2378021,179364,3061435,2557385,72.4083458569437,60.4866729391152,206
-7.6926,53.28823,2021/07/20 23:00:00+00,Wed 21 Jul 2021,30095,19461,6830,2912166,2397482,186194,3098360,2583676,73.2816873359454,61.108501532871,207
-7.6926,53.28823,2021/07/21 23:00:00+00,Thu 22 Jul 2021,33322,15550,6877,2945488,2413032,193071,3138559,2606103,74.2324646985559,61.6389397007673,208
-7.6926,53.28823,2021/07/22 23:00:00+00,Fri 23 Jul 2021,26906,20444,5547,2972394,2433476,198618,3171012,2632094,75.0000354776498,62.2536727645651,209
-7.6926,53.28823,2021/07/23 23:00:00+00,Sat 24 Jul 2021,15306,14493,2232,2987700,2447969,200850,3188550,2648819,75.4148401589966,62.6492485597257,210
-7.6926,53.28823,2021/07/24 23:00:00+00,Sun 25 Jul 2021,14626,13453,1016,3002326,2461422,201866,3204192,2663288,75.7848010910087,62.9914659696018,211
-7.6926,53.28823,2021/07/25 23:00:00+00,Mon 26 Jul 2021,23673,17813,3370,3025999,2479235,205236,3231235,2684471,76.4244158131927,63.4924813399388,212
-7.6926,53.28823,2021/07/26 23:00:00+00,Tue 27 Jul 2021,25293,23443,3606,3051292,2502678,208842,3260134,2711520,77.1079282140504,64.1322379727219,213
-7.6926,53.28823,2021/07/27 23:00:00+00,Wed 28 Jul 2021,23259,24909,3225,3074551,2527587,212067,3286618,2739654,77.7343215987459,64.7976567721867,214
-7.6926,53.28823,2021/07/28 23:00:00+00,Thu 29 Jul 2021,19115,27495,2920,3093666,2555082,214987,3308653,2770069,78.2554882741637,65.517025251099,215
-7.6926,53.28823,2021/07/29 23:00:00+00,Fri 30 Jul 2021,21768,22544,2080,3115434,2577626,217067,3332501,2794693,78.8195356022946,66.0994263500547,216
-7.6926,53.28823,2021/07/30 23:00:00+00,Sat 31 Jul 2021,13624,12184,883,3129058,2589810,217950,3347008,2807760,79.1626517792987,66.4084839832602,217
-7.6926,53.28823,2021/07/31 23:00:00+00,Sun 01 Aug 2021,10977,9135,355,3140035,2598945,218305,3358340,2817250,79.4306735975803,66.6329392475995,218
-7.6926,53.28823,2021/08/01 23:00:00+00,Mon 02 Aug 2021,14874,15629,394,3154909,2614574,218699,3373608,2833273,79.7917887689114,67.0119115026582,219
-7.6926,53.28823,2021/08/02 23:00:00+00,Tue 03 Aug 2021,17191,25091,1084,3172100,2639665,219783,3391883,2859448,80.2240248021885,67.630996491497,220
-7.6926,53.28823,2021/08/03 23:00:00+00,Wed 04 Aug 2021,21942,16929,1555,3194042,2656594,221338,3415380,2877932,80.7797703602684,68.0681757439781,221
-7.6926,53.28823,2021/08/04 23:00:00+00,Thu 05 Aug 2021,13372,29704,1401,3207414,2686298,222739,3430153,2909037,81.1291779071687,68.8038639417939,222
-7.6926,53.28823,2021/08/05 23:00:00+00,Fri 06 Aug 2021,12032,24419,923,3219446,2710717,223662,3443108,2934379,81.4355865425233,69.4032470091159,223
-7.6926,53.28823,2021/08/06 23:00:00+00,Sat 07 Aug 2021,6252,8196,560,3225698,2718913,224222,3449920,2943135,81.5967023761038,69.6103418768244,224
-7.6926,53.28823,2021/08/07 23:00:00+00,Sun 08 Aug 2021,8546,11786,140,3234244,2730699,224362,3458606,2955061,81.8021416201555,69.8924128444229,225
-7.6926,53.28823,2021/08/08 23:00:00+00,Mon 09 Aug 2021,5439,22698,584,3239683,2753397,224946,3464629,2978343,81.9445962099463,70.4430732726997,226
-7.6926,53.28823,2021/08/09 23:00:00+00,Tue 10 Aug 2021,9204,25663,685,3248887,2779060,225631,3474518,3004691,82.1784885291298,71.0662500171475,227
-7.6926,53.28823,2021/08/10 23:00:00+00,Wed 11 Aug 2021,6906,30902,633,3255793,2809962,226264,3482057,3036226,82.3567991969752,71.8121084745699,228
-7.6926,53.28823,2021/08/11 23:00:00+00,Thu 12 Aug 2021,6636,37975,849,3262429,2847937,227113,3489542,3075050,82.5338326694282,72.730364658206,229
-7.6926,53.28823,2021/08/12 23:00:00+00,Fri 13 Aug 2021,10802,27917,843,3273231,2875854,227956,3501187,3103810,82.8092574906327,73.4105894635164,230
-7.6926,53.28823,2021/08/13 23:00:00+00,Sat 14 Aug 2021,18041,5643,267,3291272,2881497,228223,3519495,3109720,83.2422740322052,73.5503714036898,231
-7.6926,53.28823,2021/08/15 23:00:00+00,Mon 16 Aug 2021,10101,22871,350,3318328,2907974,228612,3546940,3136586,83.8913967645329,74.1857997631985,232
-7.6926,53.28823,2021/08/16 23:00:00+00,Tue 17 Aug 2021,12774,26610,511,3331102,2934584,229123,3560225,3163707,84.2056104828414,74.8272593231716,233
-7.6926,53.28823,2021/08/17 23:00:00+00,Wed 18 Aug 2021,15139,25516,645,3346241,2960100,229768,3576009,3189868,84.5789299657002,75.446013187279,234
-7.6926,53.28823,2021/08/18 23:00:00+00,Thu 19 Aug 2021,11292,25454,522,3357533,2985554,230290,3587823,3215844,84.8583519354477,76.0603914745789,235
-7.6926,53.28823,2021/08/19 23:00:00+00,Fri 20 Aug 2021,14743,22021,664,3372276,3007575,230954,3603230,3238529,85.222754702326,76.5969317982391,236
-7.6926,53.28823,2021/08/20 23:00:00+00,Sat 21 Aug 2021,11801,7814,224,3384077,3015389,231178,3615255,3246567,85.5071671948106,76.7870446975814,237
-7.6926,53.28823,2021/08/21 23:00:00+00,Sun 22 Aug 2021,7984,12161,156,3392061,3027550,231334,3623395,3258884,85.6996925743387,77.0783635058919,238
-7.6926,53.28823,2021/08/22 23:00:00+00,Mon 23 Aug 2021,10797,15150,271,3402858,3042700,231605,3634463,3274305,85.9614703262572,77.4430973975015,239
-7.6926,53.28823,2021/08/23 23:00:00+00,Tue 24 Aug 2021,9638,22708,368,3412496,3065408,231973,3644469,3297381,86.1981299021243,77.9888855618737,240
-7.6926,53.28823,2021/08/24 23:00:00+00,Wed 25 Aug 2021,9342,19268,305,3421838,3084676,232278,3654116,3316954,86.4262984938082,78.4518215881026,241
-7.6926,53.28823,2021/08/25 23:00:00+00,Thu 26 Aug 2021,8507,19222,358,3430345,3103898,232636,3662981,3336534,86.6359714040682,78.9149231766971,242
-7.6926,53.28823,2021/08/26 23:00:00+00,Fri 27 Aug 2021,9653,19017,425,3439998,3122915,233061,3673059,3355976,86.8743339071252,79.374760821511,243
-7.6926,53.28823,2021/08/27 23:00:00+00,Sat 28 Aug 2021,9878,7765,145,3449876,3130680,233206,3683082,3363886,87.1113955630232,79.5618462947379,244
-7.6926,53.28823,2021/08/28 23:00:00+00,Sun 29 Aug 2021,8782,9122,23,3458658,3139802,233229,3691887,3373031,87.3196493672916,79.7781416996254,245
-7.6926,53.28823,2021/08/29 23:00:00+00,Mon 30 Aug 2021,5017,10950,78,3463675,3150752,233307,3696982,3384059,87.4401551177456,80.0389733808829,246
-7.6926,53.28823,2021/08/30 23:00:00+00,Tue 31 Aug 2021,4010,12668,134,3467685,3163420,233441,3701126,3396861,87.5381680382326,80.3417632959588,247
-7.6926,53.28823,2021/08/31 23:00:00+00,Wed 01 Sep 2021,4894,12362,171,3472579,3175782,233612,3706191,3409394,87.6579642356908,80.6381908858391,248
-7.6926,53.28823,2021/09/01 23:00:00+00,Thu 02 Sep 2021,4960,12227,243,3477539,3188009,233855,3711394,3421864,87.7810243769297,80.9331284144281,249
-7.6926,53.28823,2021/09/02 23:00:00+00,Fri 03 Sep 2021,4718,15881,159,3482257,3203890,234014,3716271,3437904,87.8963740422808,81.3125027495179,250
-7.6926,53.28823,2021/09/03 23:00:00+00,Sat 04 Sep 2021,4600,10497,128,3486857,3214387,234142,3720999,3448529,88.0081995944195,81.563802768865,251
-7.6926,53.28823,2021/09/04 23:00:00+00,Sun 05 Sep 2021,5291,11833,0,3492148,3226220,234142,3726290,3460362,88.1333410911128,81.8436741221765,252
-7.6926,53.28823,2021/09/05 23:00:00+00,Mon 06 Sep 2021,2107,9563,68,3494255,3235783,234210,3728465,3469993,88.1847836833085,82.071464285596,253
-7.6926,53.28823,2021/09/06 23:00:00+00,Tue 07 Sep 2021,2994,9888,134,3497249,3245671,234344,3731593,3480015,88.2587664090043,82.3085022897275,254
-7.6926,53.28823,2021/09/07 23:00:00+00,Wed 08 Sep 2021,2569,14678,178,3499818,3260349,234522,3734340,3494871,88.3237378116534,82.6598729332495,255
-7.6926,53.28823,2021/09/08 23:00:00+00,Thu 09 Sep 2021,3074,14677,135,3502892,3275026,234657,3737549,3509683,88.3996363304379,83.0102028990443,256
-7.6926,53.28823,2021/09/09 23:00:00+00,Fri 10 Sep 2021,3349,13839,108,3506241,3288865,234765,3741006,3523630,88.481400487321,83.3400740867935,257
-7.6926,53.28823,2021/09/10 23:00:00+00,Sat 11 Sep 2021,2538,11228,57,3508779,3300093,234822,3743601,3534915,88.542776821458,83.6069842720483,258
-7.6926,53.28823,2021/09/11 23:00:00+00,Sun 12 Sep 2021,2023,12842,0,3510802,3312935,234822,3745624,3547757,88.5906243451417,83.9107202577853,259
-7.6926,53.28823,2021/09/12 23:00:00+00,Mon 13 Sep 2021,1572,7636,46,3512374,3320571,234868,3747242,3555439,88.6288929033821,84.0924131282441,260
-7.6926,53.28823,2021/09/13 23:00:00+00,Tue 14 Sep 2021,1516,10672,79,3513890,3331243,234947,3748837,3566190,88.6666174709923,84.3466932701737,261
-7.6926,53.28823,2021/09/14 23:00:00+00,Wed 15 Sep 2021,3245,12307,130,3517135,3343550,235077,3752212,3578627,88.7464421830202,84.6408502904673,262
-7.6926,53.28823,2021/09/15 23:00:00+00,Thu 16 Sep 2021,1882,10499,109,3519017,3354049,235186,3754203,3589235,88.7935328501751,84.8917482297835,263
-7.6926,53.28823,2021/09/16 23:00:00+00,Fri 17 Sep 2021,2537,14514,89,3521554,3368563,235275,3756829,3603838,88.8556423890744,85.2371349763743,264
-7.6926,53.28823,2021/09/17 23:00:00+00,Sat 18 Sep 2021,2270,11164,40,3523824,3379727,235315,3759139,3615042,88.9102779697513,85.5021293685404,265
-7.6926,53.28823,2021/09/18 23:00:00+00,Sun 19 Sep 2021,1853,8455,11,3525677,3388182,235326,3761003,3623508,88.9543648625572,85.7023652239562,266
-7.6926,53.28823,2021/09/19 23:00:00+00,Mon 20 Sep 2021,946,5548,29,3526623,3393730,235355,3761978,3629085,88.9774253349208,85.8342711258761,267
-7.6926,53.28823,2021/09/20 23:00:00+00,Tue 21 Sep 2021,1440,6589,89,3528063,3400319,235444,3763507,3635763,89.0135888859403,85.992217622742,268
-7.6926,53.28823,2021/09/21 23:00:00+00,Wed 22 Sep 2021,1881,8063,94,3529944,3408382,235538,3765482,3643920,89.0603011248307,86.185145082301,269
-7.6926,53.28823,2021/09/22 23:00:00+00,Thu 23 Sep 2021,1679,8680,85,3531623,3417062,235623,3767246,3652685,89.102022840984,86.3924528159084,270
-7.6926,53.28823,2021/09/23 23:00:00+00,Fri 24 Sep 2021,1896,7295,79,3533519,3424357,235702,3769221,3660059,89.1487350798744,86.5668609422769,271
-7.6926,53.28823,2021/09/24 23:00:00+00,Sat 25 Sep 2021,2399,6532,50,3535918,3430889,235752,3771670,3666641,89.2066582560985,86.7225368695563,272
-7.6926,53.28823,2021/09/25 23:00:00+00,Sun 26 Sep 2021,1536,7079,0,3537454,3437968,235752,3773206,3673720,89.2429873694836,86.8899677247994,273
-7.6926,53.28823,2021/09/26 23:00:00+00,Mon 27 Sep 2021,1165,3698,45,3538619,3441666,235797,3774416,3677463,89.271606006981,86.9784962869092,274
-7.6926,53.28823,2021/09/27 23:00:00+00,Tue 28 Sep 2021,1434,5040,89,3540053,3446706,235886,3775939,3682592,89.3076276474014,87.0998061974251,275
-7.6926,53.28823,2021/09/28 23:00:00+00,Wed 29 Sep 2021,1630,3532,72,3541683,3450238,235958,3777641,3686196,89.34788295403,87.1850471639876,276
-7.6926,53.28823,2021/09/29 23:00:00+00,Thu 30 Sep 2021,1266,3877,77,3542949,3454115,236035,3778984,3690150,89.3796472764754,87.2785662488346,277
-7.6926,53.28823,2021/09/30 23:00:00+00,Fri 01 Oct 2021,1830,5089,37,3544779,3459204,236072,3780851,3695276,89.423805124581,87.3998052040509,278
-7.6926,53.28823,2021/10/01 23:00:00+00,Sat 02 Oct 2021,1702,4035,39,3546481,3463239,236111,3782592,3699350,89.4649828501041,87.496162500881,279
-7.6926,53.28823,2021/10/02 23:00:00+00,Sun 03 Oct 2021,1203,2989,9,3547684,3466228,236120,3783804,3702348,89.4936487911346,87.5670704969284,280
-7.6926,53.28823,2021/10/03 23:00:00+00,Mon 04 Oct 2021,328,1157,16,3548012,3467385,236136,3784148,3703521,89.5017849988198,87.5948140190643,281
-7.6926,53.28823,2021/10/04 23:00:00+00,Tue 05 Oct 2021,970,2748,68,3548982,3470133,236204,3785186,3706337,89.5263355324746,87.6614173936037,282
-7.6926,53.28823,2021/10/05 23:00:00+00,Wed 06 Oct 2021,974,2489,34,3549956,3472622,236238,3786194,3708860,89.5501765131336,87.7210908005508,283
-7.6926,53.28823,2021/10/06 23:00:00+00,Thu 07 Oct 2021,1201,2626,41,3551157,3475248,236279,3787436,3711527,89.5795520071599,87.7841700618778,284
-7.6926,53.28823,2021/10/07 23:00:00+00,Fri 08 Oct 2021,981,2683,42,3552138,3477931,236321,3788459,3714252,89.6037477643168,87.8486211256633,285
-7.6926,53.28823,2021/10/08 23:00:00+00,Sat 09 Oct 2021,729,2317,18,3552867,3480248,236339,3789206,3716587,89.6214156339123,87.9038480005033,286
-7.6926,53.28823,2021/10/09 23:00:00+00,Sun 10 Oct 2021,1526,3889,0,3554393,3484137,236339,3790732,3720476,89.6575082296322,87.995829720526,287
-7.6926,53.28823,2021/10/10 23:00:00+00,Mon 11 Oct 2021,324,1064,12,3554717,3485201,236351,3791068,3721552,89.6654552231852,88.0212790213088,288
-7.6926,53.28823,2021/10/11 23:00:00+00,Tue 12 Oct 2021,547,1561,20,3555264,3486762,236371,3791635,3723133,89.6788657748058,88.0586724641877,289
-7.6926,53.28823,2021/10/12 23:00:00+00,Wed 13 Oct 2021,999,1974,9,3556263,3488736,236380,3792643,3725116,89.7027067554649,88.1055739172103,290
-7.6926,53.28823,2021/10/13 23:00:00+00,Thu 14 Oct 2021,696,1510,7,3556959,3490246,236387,3793346,3726633,89.7193339473332,88.1414536470314,291
-7.6926,53.28823,2021/10/14 23:00:00+00,Fri 15 Oct 2021,951,1998,5,3557910,3492244,236392,3794302,3728636,89.7419450361328,88.1888281353846,292
-7.6926,53.28823,2021/10/15 23:00:00+00,Sat 16 Oct 2021,1375,2589,11,3559285,3494833,236403,3795688,3731236,89.7747263845389,88.2503227283543,293
-7.6926,53.28823,2021/10/16 23:00:00+00,Sun 17 Oct 2021,1709,2872,1,3560994,3497705,236404,3797398,3734109,89.8151709052998,88.3182742535857,294
-7.6926,53.28823,2021/10/17 23:00:00+00,Mon 18 Oct 2021,668,1169,3,3561662,3498874,236407,3798069,3735281,89.8310412406392,88.3459941239551,295
-7.6926,53.28823,2021/10/18 23:00:00+00,Tue 19 Oct 2021,1328,1727,10,3562990,3500601,236417,3799407,3737018,89.8626873042521,88.3870772424122,296
-7.6926,53.28823,2021/10/19 23:00:00+00,Wed 20 Oct 2021,2242,2251,0,3565232,3502852,236417,3801649,3739269,89.9157145648051,88.440317368864,297
-7.6926,53.28823,2021/10/20 23:00:00+00,Thu 21 Oct 2021,1748,1762,8,3566980,3504614,236425,3803405,3741039,89.9572470668262,88.4821809956164,298
-7.6926,53.28823,2021/10/21 23:00:00+00,Fri 22 Oct 2021,1481,1895,1,3568461,3506509,236426,3804887,3742935,89.9922989848189,88.5270247449512,299
-7.6926,53.28823,2021/10/22 23:00:00+00,Sat 23 Oct 2021,2002,1662,0,3570463,3508171,236426,3806889,3744597,90.0396498214055,88.5663339809187,300
-7.6926,53.28823,2021/10/23 23:00:00+00,Sun 24 Oct 2021,1943,2170,0,3572406,3510341,236426,3808832,3746767,90.0856052037671,88.6176583142818,301
-7.6926,53.28823,2021/10/24 23:00:00+00,Mon 25 Oct 2021,1211,805,0,3573617,3511146,236426,3810043,3747572,90.114247493031,88.6366979863359,302
-7.6926,53.28823,2021/10/25 23:00:00+00,Tue 26 Oct 2021,1230,1160,5,3574847,3512306,236431,3811278,3748737,90.1434574246916,88.6642522943396,303
-7.6926,53.28823,2021/10/26 23:00:00+00,Wed 27 Oct 2021,1549,1381,4,3576396,3513687,236435,3812831,3750122,90.1801886181077,88.6970099909792,304
-7.6926,53.28823,2021/10/27 23:00:00+00,Thu 28 Oct 2021,2140,1638,2,3578536,3515325,236437,3814973,3751762,90.2308507020081,88.7357988880832,305
-7.6926,53.28823,2021/10/28 23:00:00+00,Fri 29 Oct 2021,2129,1313,0,3580665,3516638,236437,3817102,3753075,90.2812053129436,88.7668536575328,306
-7.6926,53.28823,2021/10/29 23:00:00+00,Sat 30 Oct 2021,2001,1419,0,3582666,3518057,236437,3819103,3754494,90.3285324977637,88.8004155142343,307
-7.6926,53.28823,2021/10/30 23:00:00+00,Sun 31 Oct 2021,1624,1309,0,3584290,3519366,236437,3820727,3755803,90.3669429666032,88.8313756766179,308
-7.6926,53.28823,2021/11/01 00:00:00+00,Mon 01 Nov 2021,251,240,0,3584541,3519606,236437,3820978,3756043,90.3728795600015,88.8370521005843,309
-7.6926,53.28823,2021/11/02 00:00:00+00,Tue 02 Nov 2021,1081,1048,9,3585622,3520654,236446,3822068,3757100,90.3986599855157,88.8620520178032,310
-7.6926,53.28823,2021/11/03 00:00:00+00,Wed 03 Nov 2021,2522,1776,5,3588144,3522430,236451,3824595,3758881,90.4584279995289,88.9041758139874,311
-7.6926,53.28823,2021/11/04 00:00:00+00,Thu 04 Nov 2021,1546,1210,0,3589690,3523640,236451,3826141,3760091,90.4949936305793,88.9327944514848,312
-7.6926,53.28823,2021/11/05 00:00:00+00,Fri 05 Nov 2021,1616,1006,0,3591306,3524646,236451,3827757,3761097,90.5332148852866,88.9565881286107,313
-7.6926,53.28823,2021/11/06 00:00:00+00,Sat 06 Nov 2021,1819,1311,5,3593125,3525957,236456,3829581,3762413,90.5763557074314,88.98771385336,314
-7.6926,53.28823,2021/11/07 00:00:00+00,Sun 07 Nov 2021,728,764,0,3593853,3526721,236456,3830309,3763177,90.5935741934629,89.0057838029865,315
-7.6926,53.28823,2021/11/08 00:00:00+00,Mon 08 Nov 2021,500,484,1,3594353,3527205,236457,3830810,3763662,90.6054237284929,89.017254909752,316
-7.6926,53.28823,2021/11/09 00:00:00+00,Tue 09 Nov 2021,1372,984,1,3595725,3528189,236458,3832183,3764647,90.6378976039341,89.0405518997808,317
-7.6926,53.28823,2021/11/10 00:00:00+00,Wed 10 Nov 2021,1588,1273,0,3597313,3529462,236458,3833771,3765920,90.6754566091787,89.0706605985694,318
-7.6926,53.28823,2021/11/11 00:00:00+00,Thu 11 Nov 2021,1393,1032,1,3598706,3530494,236459,3835165,3766953,90.708427171717,89.0950928733916,319
-7.6926,53.28823,2021/11/12 00:00:00+00,Fri 12 Nov 2021,1131,1057,5,3599837,3531551,236464,3836301,3768015,90.7352955784915,89.1202110494431,320
-7.6926,53.28823,2021/11/13 00:00:00+00,Sat 13 Nov 2021,1407,1324,0,3601244,3532875,236464,3837708,3769339,90.7685736139946,89.1515259883245,321
-7.6926,53.28823,2021/11/14 00:00:00+00,Sun 14 Nov 2021,1642,1791,0,3602886,3534666,236464,3839350,3771130,90.8074098146316,89.193886302174,322
-7.6926,53.28823,2021/11/15 00:00:00+00,Mon 15 Nov 2021,1240,539,0,3604126,3535205,236464,3840590,3771669,90.8367380051249,89.206634604332,323
-7.6926,53.28823,2021/11/16 00:00:00+00,Tue 16 Nov 2021,1310,1004,4,3605436,3536209,236468,3841904,3772677,90.8678164263411,89.230475584991,324
-7.6926,53.28823,2021/11/17 00:00:00+00,Wed 17 Nov 2021,1488,1024,0,3606924,3537233,236468,3843392,3773701,90.9030102549329,89.2546949939144,325
-7.6926,53.28823,2021/11/18 00:00:00+00,Thu 18 Nov 2021,1606,2401,5,3608530,3539634,236473,3845003,3776107,90.9411132508076,89.3116011441779,326
-7.6926,53.28823,2021/11/19 00:00:00+00,Fri 19 Nov 2021,1128,1420,0,3609658,3541054,236473,3846131,3777527,90.9677924434498,89.3451866526459,327
-7.6926,53.28823,2021/11/20 00:00:00+00,Sat 20 Nov 2021,1500,2877,10,3611158,3543931,236483,3847641,3780414,91.0035066109053,89.4134693026087,328
-7.6926,53.28823,2021/11/21 00:00:00+00,Sun 21 Nov 2021,1780,2742,0,3612938,3546673,236483,3849421,3783156,91.045606755323,89.4783224464252,329
-7.6926,53.28823,2021/11/22 00:00:00+00,Mon 22 Nov 2021,691,439,2,3613629,3547112,236485,3850114,3783597,91.061997429526,89.4887528754635,330
-7.6926,53.28823,2021/11/23 00:00:00+00,Tue 23 Nov 2021,2147,1513,4,3615776,3548625,236489,3852265,3785114,91.1128723793251,89.5246326052847,331
-7.6926,53.28823,2021/11/24 00:00:00+00,Wed 24 Nov 2021,1599,3030,0,3617375,3551655,236489,3853864,3788144,91.1506915540015,89.5962974578608,332
-7.6926,53.28823,2021/11/25 00:00:00+00,Thu 25 Nov 2021,965,1070,0,3618340,3552725,236489,3854829,3789214,91.1735155086998,89.6216048480445,333
-7.6926,53.28823,2021/11/26 00:00:00+00,Fri 26 Nov 2021,1247,997,13,3619587,3553722,236502,3856089,3790224,91.2033167345236,89.6454931322366,334
-7.6926,53.28823,2021/11/27 00:00:00+00,Sat 27 Nov 2021,1220,1487,5,3620807,3555209,236507,3857314,3791716,91.2322901485189,89.6807815678945,335
-7.6926,53.28823,2021/11/28 00:00:00+00,Sun 28 Nov 2021,1975,2228,0,3622782,3557437,236507,3859289,3793944,91.2790023874093,89.7334777037162,336
-7.6926,53.28823,2021/11/29 00:00:00+00,Mon 29 Nov 2021,527,927,1,3623309,3558364,236508,3859817,3794872,91.2914905201355,89.7554265430531,337
-7.6926,53.28823,2021/11/30 00:00:00+00,Tue 30 Nov 2021,1890,1531,4,3625199,3559895,236512,3861711,3796407,91.3362869659372,89.7917320046717,338
-7.6926,53.28823,2021/12/01 00:00:00+00,Wed 01 Dec 2021,1112,1270,1,3626311,3561165,236513,3862824,3797678,91.3626113820815,89.8217933999273,339
-7.6926,53.28823,2021/12/02 00:00:00+00,Thu 02 Dec 2021,1706,1265,1,3628017,3562430,236514,3864531,3798944,91.4029849475427,89.8517365363502,340
-7.6926,53.28823,2021/12/03 00:00:00+00,Fri 03 Dec 2021,905,976,4,3628922,3563406,236518,3865440,3799924,91.4244844033156,89.8749152675464,341
-7.6926,53.28823,2021/12/04 00:00:00+00,Sat 04 Dec 2021,1146,1597,0,3630068,3565003,236518,3866586,3801521,91.4515893277553,89.9126871386897,342
-7.6926,53.28823,2021/12/05 00:00:00+00,Sun 05 Dec 2021,1347,1751,0,3631415,3566754,236518,3867933,3803272,91.4834482572669,89.9541013818781,343
