X,Y,VaccinationDate,VaccineText,Dose1,Dose2,SingleDose,Dose1Cum,Dose2Cum,SingleDoseCum,PartiallyVacc,FullyVacc,PartialPercent,FullyPercent,ObjectId
-7.6926,53.28823,2021/04/14 23:00:00+00,Thu 15 Apr 2021,27122,10825,1,857686,365668,273,857959,365941,17.8796624541864,7.62612381028397,1
-7.6926,53.28823,2021/04/15 23:00:00+00,Fri 16 Apr 2021,27981,9852,1,885667,375520,274,885941,375794,18.4628007099691,7.83145799776973,2
-7.6926,53.28823,2021/04/16 23:00:00+00,Sat 17 Apr 2021,15863,4568,3,901530,380088,277,901807,380365,18.7934443939891,7.92671655567061,3
-7.6926,53.28823,2021/04/17 23:00:00+00,Sun 18 Apr 2021,1080,490,0,902610,380578,277,902887,380855,18.8159513383192,7.93692803967224,4
-7.6926,53.28823,2021/04/18 23:00:00+00,Mon 19 Apr 2021,6769,2270,0,909379,382848,277,909656,383125,18.9570156958845,7.98423430229202,5
-7.6926,53.28823,2021/04/19 23:00:00+00,Tue 20 Apr 2021,15105,7334,1,924484,390182,278,924762,390460,19.2718211598204,8.13709396586739,6
-7.6926,53.28823,2021/04/20 23:00:00+00,Wed 21 Apr 2021,26746,9907,4,951230,400089,282,951512,400371,19.8292848272561,8.34363685962273,7
-7.6926,53.28823,2021/04/21 23:00:00+00,Thu 22 Apr 2021,31647,12199,1,982877,412288,283,983160,412571,20.4888216551815,8.59788197149996,8
-7.6926,53.28823,2021/04/22 23:00:00+00,Fri 23 Apr 2021,33626,12365,3,1016503,424653,286,1016789,424939,21.1896420541421,8.85562816360631,9
-7.6926,53.28823,2021/04/23 23:00:00+00,Sat 24 Apr 2021,23712,7013,2,1040215,431666,288,1040503,431954,21.6838362002943,9.00181910293572,10
-7.6926,53.28823,2021/04/24 23:00:00+00,Sun 25 Apr 2021,9759,312,3,1049974,431978,291,1050265,432269,21.8872739693226,9.00838362836534,11
-7.6926,53.28823,2021/04/25 23:00:00+00,Mon 26 Apr 2021,15607,3064,4,1065581,435042,295,1065876,435337,22.2126035137091,9.07232002207348,12
-7.6926,53.28823,2021/04/26 23:00:00+00,Tue 27 Apr 2021,25934,7827,9,1091515,442869,304,1091819,443173,22.7532494921871,9.23562040704642,13
-7.6926,53.28823,2021/04/27 23:00:00+00,Wed 28 Apr 2021,26060,8629,6,1117575,451498,310,1117885,451808,23.2964587615471,9.415571762871,14
-7.6926,53.28823,2021/04/28 23:00:00+00,Thu 29 Apr 2021,31705,11339,7,1149280,462837,317,1149597,463154,23.9573293343217,9.65201971691682,15
-7.6926,53.28823,2021/04/29 23:00:00+00,Fri 30 Apr 2021,36118,13546,8,1185398,476383,325,1185723,476708,24.710186622164,9.93448186825977,16
-7.6926,53.28823,2021/04/30 23:00:00+00,Sat 01 May 2021,16636,6704,21,1202034,483087,346,1202380,483433,25.0573145589295,10.0746292762413,17
-7.6926,53.28823,2021/05/01 23:00:00+00,Sun 02 May 2021,12481,915,16,1214515,484002,362,1214877,484364,25.3177490804975,10.0940310958444,18
-7.6926,53.28823,2021/05/02 23:00:00+00,Mon 03 May 2021,14283,939,21,1228798,484941,383,1229181,485324,25.615841054292,10.1140372685822,19
-7.6926,53.28823,2021/05/03 23:00:00+00,Tue 04 May 2021,26679,6810,11,1255477,491751,394,1255871,492145,26.1720543359316,10.2561852938375,20
-7.6926,53.28823,2021/05/04 23:00:00+00,Wed 05 May 2021,32148,13474,70,1287625,505225,464,1288089,505689,26.8434698289201,10.5384390475478,21
-7.6926,53.28823,2021/05/05 23:00:00+00,Thu 06 May 2021,37311,14388,133,1324936,519613,597,1325533,520210,27.6237939247505,10.8410532499715,22
-7.6926,53.28823,2021/05/06 23:00:00+00,Fri 07 May 2021,40615,15102,99,1365551,534715,696,1366247,535411,28.4722640464693,11.1578384914179,23
-7.6926,53.28823,2021/05/07 23:00:00+00,Sat 08 May 2021,25642,7067,10,1391193,541782,706,1391899,542488,29.0068456538361,11.3053214960699,24
-7.6926,53.28823,2021/05/08 23:00:00+00,Sun 09 May 2021,19686,936,5,1410879,542718,711,1411590,543429,29.4172014323586,11.3249317133057,25
-7.6926,53.28823,2021/05/09 23:00:00+00,Mon 10 May 2021,28868,4667,172,1439747,547385,883,1440630,548268,30.0223881576795,11.4257753277626,26
-7.6926,53.28823,2021/05/10 23:00:00+00,Tue 11 May 2021,33931,14824,153,1473678,562209,1036,1474714,563245,30.7326906489273,11.7378924622368,27
-7.6926,53.28823,2021/05/11 23:00:00+00,Wed 12 May 2021,31313,20935,175,1504991,583144,1211,1506202,584355,31.3888931147298,12.1778198648375,28
-7.6926,53.28823,2021/05/12 23:00:00+00,Thu 13 May 2021,36021,25489,153,1541012,608633,1364,1542376,609997,32.142750711209,12.7121930745716,29
-7.6926,53.28823,2021/05/13 23:00:00+00,Fri 14 May 2021,38245,27960,237,1579257,636593,1601,1580858,638194,32.9447064813123,13.299811879457,30
-7.6926,53.28823,2021/05/14 23:00:00+00,Sat 15 May 2021,28894,12469,22,1608151,649062,1623,1609774,650685,33.5473090759878,13.5601213624454,31
-7.6926,53.28823,2021/05/15 23:00:00+00,Sun 16 May 2021,23196,1184,11,1631347,650246,1634,1632981,651880,34.0309374621628,13.5850248795514,32
-7.6926,53.28823,2021/05/16 23:00:00+00,Mon 17 May 2021,35407,3966,120,1666754,654212,1754,1668508,655966,34.7713117318073,13.670176152267,33
-7.6926,53.28823,2021/05/17 23:00:00+00,Tue 18 May 2021,39045,12518,127,1705799,666730,1881,1707680,668611,35.5876469385658,13.9336949587987,34
-7.6926,53.28823,2021/05/18 23:00:00+00,Wed 19 May 2021,37052,17620,212,1742851,684350,2093,1744944,686443,36.3642198770079,14.3053096174049,35
-7.6926,53.28823,2021/05/19 23:00:00+00,Thu 20 May 2021,39113,19650,137,1781964,704000,2230,1784194,706230,37.1821805853014,14.7176660132012,36
-7.6926,53.28823,2021/05/20 23:00:00+00,Fri 21 May 2021,25861,23270,14935,1807825,727270,17165,1824990,744435,38.0323595676083,15.513849168879,37
-7.6926,53.28823,2021/05/21 23:00:00+00,Sat 22 May 2021,16613,10262,13524,1824438,737532,30689,1855127,768221,38.6604075132348,16.0095437779865,38
-7.6926,53.28823,2021/05/22 23:00:00+00,Sun 23 May 2021,8237,5544,10205,1832675,743076,40894,1873569,783970,39.0447344274348,16.3377492097041,39
-7.6926,53.28823,2021/05/23 23:00:00+00,Mon 24 May 2021,22570,8250,8453,1855245,751326,49347,1904592,800673,39.6912464033174,16.6858357755799,40
-7.6926,53.28823,2021/05/24 23:00:00+00,Tue 25 May 2021,30384,16527,3225,1885629,767853,52572,1938201,820425,40.3916500070126,17.0974627796618,41
-7.6926,53.28823,2021/05/25 23:00:00+00,Wed 26 May 2021,20001,25491,3055,1905630,793344,55627,1961257,848971,40.872131588934,17.692354661928,42
-7.6926,53.28823,2021/05/26 23:00:00+00,Thu 27 May 2021,17037,36069,550,1922667,829413,56177,1978844,885590,41.2386405055393,18.4554859530618,43
-7.6926,53.28823,2021/05/27 23:00:00+00,Fri 28 May 2021,27064,31851,1562,1949731,861264,57739,2007470,919003,41.835199568867,19.1518049631563,44
-7.6926,53.28823,2021/05/28 23:00:00+00,Sat 29 May 2021,24509,7406,538,1974240,868670,58277,2032517,926947,42.3571731194562,19.3173560425623,45
-7.6926,53.28823,2021/05/29 23:00:00+00,Sun 30 May 2021,24273,1695,210,1998513,870365,58487,2057000,928852,42.867393043562,19.357055791589,46
-7.6926,53.28823,2021/05/30 23:00:00+00,Mon 31 May 2021,22618,7323,3445,2021131,877688,61932,2083063,939620,43.4105397936322,19.5814583624656,47
-7.6926,53.28823,2021/05/31 23:00:00+00,Tue 01 Jun 2021,27633,11542,3657,2048764,889230,65589,2114353,954819,44.0626159863074,19.8982019243854,48
-7.6926,53.28823,2021/06/01 23:00:00+00,Wed 02 Jun 2021,18731,20925,4009,2067495,910155,69598,2137093,979753,44.536512203036,20.4178205817253,49
-7.6926,53.28823,2021/06/02 23:00:00+00,Thu 03 Jun 2021,16720,30719,1978,2084215,940874,71576,2155791,1012450,44.9261740966327,21.0992183213196,50
-7.6926,53.28823,2021/06/03 23:00:00+00,Fri 04 Jun 2021,29021,23358,155,2113236,964232,71731,2184967,1035963,45.5341950297581,21.5892236750547,51
-7.6926,53.28823,2021/06/04 23:00:00+00,Sat 05 Jun 2021,20984,11512,35,2134220,975744,71766,2205986,1047510,45.9722260139014,21.8298604215176,52
-7.6926,53.28823,2021/06/05 23:00:00+00,Sun 06 Jun 2021,19967,3926,47,2154187,979670,71813,2226000,1051483,46.3893130359596,21.9126568009838,53
-7.6926,53.28823,2021/06/06 23:00:00+00,Mon 07 Jun 2021,19856,4614,47,2174043,984284,71860,2245903,1056144,46.8040868442951,22.0097909375789,54
-7.6926,53.28823,2021/06/07 23:00:00+00,Tue 08 Jun 2021,26441,18355,48,2200484,1002639,71908,2272392,1074547,47.3561113335177,22.3933051010114,55
-7.6926,53.28823,2021/06/08 23:00:00+00,Wed 09 Jun 2021,32842,20140,177,2233326,1022779,72085,2305411,1094864,48.0442194768844,22.81670657134,56
-7.6926,53.28823,2021/06/09 23:00:00+00,Thu 10 Jun 2021,27724,27515,273,2261050,1050294,72358,2333408,1122652,48.6276703291161,23.3958019130486,57
-7.6926,53.28823,2021/06/10 23:00:00+00,Fri 11 Jun 2021,26474,32919,44,2287524,1083213,72402,2359926,1155615,49.1802991714735,24.0827430296723,58
-7.6926,53.28823,2021/06/11 23:00:00+00,Sat 12 Jun 2021,12238,19739,105,2299762,1102952,72507,2372269,1175459,49.4375243694982,24.4962872919749,59
-7.6926,53.28823,2021/06/12 23:00:00+00,Sun 13 Jun 2021,8565,18186,835,2308327,1121138,73342,2381669,1194480,49.6334181442232,24.8926804291074,60
-7.6926,53.28823,2021/06/13 23:00:00+00,Mon 14 Jun 2021,16039,31324,54,2324366,1152462,73396,2397762,1225858,49.9687924545052,25.5465905209503,61
-7.6926,53.28823,2021/06/14 23:00:00+00,Tue 15 Jun 2021,14729,41605,206,2339095,1194067,73602,2412697,1267669,50.2800343189221,26.4179218629748,62
-7.6926,53.28823,2021/06/15 23:00:00+00,Wed 16 Jun 2021,13501,48412,220,2352596,1242479,73822,2426418,1316301,50.565976710731,27.4314012302546,63
-7.6926,53.28823,2021/06/16 23:00:00+00,Thu 17 Jun 2021,21598,42711,535,2374194,1285190,74357,2448551,1359547,51.0272231911554,28.3326376325696,64
-7.6926,53.28823,2021/06/17 23:00:00+00,Fri 18 Jun 2021,12031,50043,555,2386225,1335233,74912,2461137,1410145,51.2895124516544,29.3870879744354,65
-7.6926,53.28823,2021/06/18 23:00:00+00,Sat 19 Jun 2021,6343,32828,434,2392568,1368061,75346,2467914,1443407,51.4307435273258,30.0802601802765,66
-7.6926,53.28823,2021/06/19 23:00:00+00,Sun 20 Jun 2021,8535,26155,178,2401103,1394216,75524,2476627,1469740,51.6123203846854,30.6290336664292,67
-7.6926,53.28823,2021/06/20 23:00:00+00,Mon 21 Jun 2021,15509,32363,575,2416612,1426579,76099,2492711,1502678,51.9475071370979,31.3154537889711,68
-7.6926,53.28823,2021/06/21 23:00:00+00,Tue 22 Jun 2021,15164,43576,723,2431776,1470155,76822,2508598,1546977,52.2785884561466,32.238634462008,69
-7.6926,53.28823,2021/06/22 23:00:00+00,Wed 23 Jun 2021,20111,39417,886,2451887,1509572,77708,2529595,1587280,52.7161609654979,33.0785394410234,70
-7.6926,53.28823,2021/06/23 23:00:00+00,Thu 24 Jun 2021,19050,44288,1033,2470937,1553860,78741,2549678,1632601,53.1346859312217,34.0230183521207,71
-7.6926,53.28823,2021/06/24 23:00:00+00,Fri 25 Jun 2021,15233,50142,844,2486170,1604002,79585,2565755,1683587,53.4697268052914,35.0855545221348,72
-7.6926,53.28823,2021/06/25 23:00:00+00,Sat 26 Jun 2021,9090,30594,513,2495260,1634596,80098,2575358,1714694,53.66985105196,35.733817038132,73
-7.6926,53.28823,2021/06/26 23:00:00+00,Sun 27 Jun 2021,8748,30494,59,2504008,1665090,80157,2584165,1745247,53.8533868470668,36.3705343252783,74
-7.6926,53.28823,2021/06/27 23:00:00+00,Mon 28 Jun 2021,24256,24682,528,2528264,1689772,80685,2608949,1770457,54.3698795399164,36.8959047572803,75
-7.6926,53.28823,2021/06/28 23:00:00+00,Tue 29 Jun 2021,28167,31070,812,2556431,1720842,81497,2637928,1802339,54.9737950396779,37.5603180898106,76
-7.6926,53.28823,2021/06/29 23:00:00+00,Wed 30 Jun 2021,22608,36898,593,2579039,1757740,82090,2661129,1839830,55.4572983872732,38.3416216545147,77
-7.6926,53.28823,2021/06/30 23:00:00+00,Thu 01 Jul 2021,15069,48330,644,2594108,1806070,82734,2676842,1888804,55.7847535875131,39.3622282208323,78
-7.6926,53.28823,2021/07/01 23:00:00+00,Fri 02 Jul 2021,13709,47295,819,2607817,1853365,83553,2691370,1936918,56.0875136682797,40.3649125907389,79
-7.6926,53.28823,2021/07/02 23:00:00+00,Sat 03 Jul 2021,9334,30502,506,2617151,1883867,84059,2701210,1967926,56.292576938843,41.0111119701725,80
-7.6926,53.28823,2021/07/03 23:00:00+00,Sun 04 Jul 2021,6465,27794,233,2623616,1911661,84292,2707908,1995953,56.4321616732162,41.5951880153022,81
-7.6926,53.28823,2021/07/04 23:00:00+00,Mon 05 Jul 2021,15649,33487,5344,2639265,1945148,89636,2728901,2034784,56.8696508235145,42.4044168627862,82
-7.6926,53.28823,2021/07/05 23:00:00+00,Tue 06 Jul 2021,12416,48321,5490,2651681,1993469,95126,2746807,2088595,57.2428076246025,43.5258253640342,83
-7.6926,53.28823,2021/07/06 23:00:00+00,Wed 07 Jul 2021,19722,43779,5060,2671403,2037248,100186,2771589,2137434,57.7592586379256,44.5436185623106,84
-7.6926,53.28823,2021/07/07 23:00:00+00,Thu 08 Jul 2021,17806,45628,6003,2689209,2082876,106189,2795398,2189065,58.2554325615883,45.619596379633,85
-7.6926,53.28823,2021/07/08 23:00:00+00,Fri 09 Jul 2021,13534,45120,6533,2702743,2127996,112722,2815465,2240718,58.6736240910998,46.6960326717473,86
-7.6926,53.28823,2021/07/09 23:00:00+00,Sat 10 Jul 2021,8661,23894,4365,2711404,2151890,117087,2828491,2268977,58.9450828474369,47.2849435419553,87
-7.6926,53.28823,2021/07/10 23:00:00+00,Sun 11 Jul 2021,15248,16135,2153,2726652,2168025,119240,2845892,2287265,59.3077155680742,47.666061132612,88
-7.6926,53.28823,2021/07/11 23:00:00+00,Mon 12 Jul 2021,17135,31788,6095,2743787,2199813,125335,2869122,2325148,59.7918232688044,48.4555338845173,89
-7.6926,53.28823,2021/07/12 23:00:00+00,Tue 13 Jul 2021,20124,36594,8490,2763911,2236407,133825,2897736,2370232,60.3881322549728,49.39507377172,90
-7.6926,53.28823,2021/07/13 23:00:00+00,Wed 14 Jul 2021,20809,35742,9335,2784720,2272149,143160,2927880,2415309,61.0163260789423,50.3344677805798,91
-7.6926,53.28823,2021/07/14 23:00:00+00,Thu 15 Jul 2021,23672,28865,9587,2808392,2301014,152747,2961139,2453761,61.7094357654935,51.135798357785,92
-7.6926,53.28823,2021/07/15 23:00:00+00,Fri 16 Jul 2021,23530,27452,9169,2831922,2328466,161916,2993838,2490382,62.3908751846142,51.8989713284453,93
-7.6926,53.28823,2021/07/16 23:00:00+00,Sat 17 Jul 2021,11522,19451,4678,2843444,2347917,166594,3010038,2514511,62.728479349566,52.4018139763539,94
-7.6926,53.28823,2021/07/17 23:00:00+00,Sun 18 Jul 2021,16875,15842,1932,2860319,2363759,168526,3028845,2532285,63.120412777359,52.7722199286905,95
-7.6926,53.28823,2021/07/18 23:00:00+00,Mon 19 Jul 2021,24921,18471,6253,2885240,2382230,174779,3060019,2557009,63.7700715574951,53.287462235744,96
-7.6926,53.28823,2021/07/19 23:00:00+00,Tue 20 Jul 2021,30613,18203,7700,2915853,2400433,182479,3098332,2582912,64.568505407606,53.8272746236912,97
-7.6926,53.28823,2021/07/20 23:00:00+00,Wed 21 Jul 2021,30384,19863,6894,2946237,2420296,189373,3135610,2609669,65.3453701027338,54.3848841694698,98
-7.6926,53.28823,2021/07/21 23:00:00+00,Thu 22 Jul 2021,33558,15952,6937,2979795,2436248,196310,3176105,2632558,66.1892763162968,54.8618855109253,99
-7.6926,53.28823,2021/07/22 23:00:00+00,Fri 23 Jul 2021,27101,20866,5616,3006896,2457114,201926,3208822,2659040,66.8710908511564,55.4137641218051,100
-7.6926,53.28823,2021/07/23 23:00:00+00,Sat 24 Jul 2021,15453,14831,2277,3022349,2471945,204203,3226552,2676148,67.2405798539091,55.7702907918047,101
-7.6926,53.28823,2021/07/24 23:00:00+00,Sun 25 Jul 2021,14745,13658,1046,3037094,2485603,205249,3242343,2690852,67.569660555684,56.0767186709066,102
-7.6926,53.28823,2021/07/25 23:00:00+00,Mon 26 Jul 2021,23864,18335,3422,3060958,2503938,208671,3269629,2712609,68.1382943362317,56.5301294003421,103
-7.6926,53.28823,2021/07/26 23:00:00+00,Tue 27 Jul 2021,25540,23933,3672,3086498,2527871,212343,3298841,2740214,68.7470655008347,57.1054110653725,104
-7.6926,53.28823,2021/07/27 23:00:00+00,Wed 28 Jul 2021,23456,25317,3265,3109954,2553188,215608,3325562,2768796,69.3039248151357,57.7010531791163,105
-7.6926,53.28823,2021/07/28 23:00:00+00,Thu 29 Jul 2021,19303,27892,2965,3129257,2581080,218573,3347830,2799653,69.7679846636014,58.3441057542963,106
-7.6926,53.28823,2021/07/29 23:00:00+00,Fri 30 Jul 2021,21976,22972,2125,3151233,2604052,220698,3371931,2824750,70.2702437981386,58.867121293049,107
-7.6926,53.28823,2021/07/30 23:00:00+00,Sat 31 Jul 2021,13763,12510,907,3164996,2616562,221605,3386601,2838167,70.5759631252893,59.1467283968241,108
-7.6926,53.28823,2020/12/28 00:00:00+00,Mon 28 Dec 2020,294,24,4,294,24,4,298,28,0.0062102494540503,0.000583513371521505,109
-7.6926,53.28823,2020/12/29 00:00:00+00,Tue 29 Dec 2020,81,3,0,375,27,4,379,31,0.00789827027880894,0.00064603266132738,110
-7.6926,53.28823,2020/12/30 00:00:00+00,Wed 30 Dec 2020,1065,2,0,1440,29,4,1444,33,0.0300926181598947,0.000687712187864631,111
-7.6926,53.28823,2020/12/31 00:00:00+00,Thu 31 Dec 2020,1042,1,0,2482,30,4,2486,34,0.0518076514858022,0.000708551951133256,112
-7.6926,53.28823,2021/07/31 23:00:00+00,Sun 01 Aug 2021,11161,9361,369,3176157,2625923,221974,3398131,2847897,70.8162455957765,59.3494992934278,113
-7.6926,53.28823,2021/01/01 00:00:00+00,Fri 01 Jan 2021,823,0,0,3305,30,4,3309,34,0.0689587766558807,0.000708551951133256,114
-7.6926,53.28823,2021/01/02 00:00:00+00,Sat 02 Jan 2021,1021,0,0,4326,30,4,4330,34,0.090236174953147,0.000708551951133256,115
-7.6926,53.28823,2021/01/03 00:00:00+00,Sun 03 Jan 2021,24,3,1,4350,33,5,4355,38,0.0907571690348626,0.000791911004207756,116
-7.6926,53.28823,2021/08/01 23:00:00+00,Mon 02 Aug 2021,15042,16066,431,3191199,2641989,222405,3413604,2864394,71.138699252832,59.6932928680703,117
-7.6926,53.28823,2021/01/04 00:00:00+00,Mon 04 Jan 2021,1197,5,0,5547,38,5,5552,43,0.115702365667407,0.000896109820550883,118
-7.6926,53.28823,2021/08/02 23:00:00+00,Tue 03 Aug 2021,17366,25469,1111,3208565,2667458,223516,3432081,2890974,71.5237555587464,60.2472137757504,119
-7.6926,53.28823,2021/01/05 00:00:00+00,Tue 05 Jan 2021,3546,14,0,9093,52,5,9098,57,0.189600166217952,0.00118786650631163,120
-7.6926,53.28823,2021/08/03 23:00:00+00,Wed 04 Aug 2021,22142,17336,1576,3230707,2684794,225092,3455799,2909886,72.0180330639516,60.6413353786866,121
-7.6926,53.28823,2021/01/06 00:00:00+00,Wed 06 Jan 2021,6796,14,0,15889,66,5,15894,71,0.331227197391529,0.00147962319207239,122
-7.6926,53.28823,2021/08/04 23:00:00+00,Thu 05 Aug 2021,13557,30077,1421,3244264,2714871,226513,3470777,2941384,72.3301710381891,61.2977462421218,123
-7.6926,53.28823,2021/01/07 00:00:00+00,Thu 07 Jan 2021,11743,9,0,27632,75,5,27637,80,0.575948537454994,0.00166718106149001,124
-7.6926,53.28823,2021/08/05 23:00:00+00,Fri 06 Aug 2021,12237,24768,949,3256501,2739639,227462,3483963,2967101,72.6049641566492,61.833682434101,125
-7.6926,53.28823,2021/01/08 00:00:00+00,Fri 08 Jan 2021,12690,8,0,40322,83,5,40327,88,0.840405133333847,0.00183389916763902,126
-7.6926,53.28823,2021/08/06 23:00:00+00,Sat 07 Aug 2021,6349,8483,585,3262850,2748122,228047,3490897,2976169,72.7494670751538,62.0226574074209,127
-7.6926,53.28823,2021/01/09 00:00:00+00,Sat 09 Jan 2021,8081,7,0,48403,90,5,48408,95,1.00881126030761,0.00197977751051939,128
-7.6926,53.28823,2021/08/07 23:00:00+00,Sun 08 Aug 2021,8636,11998,153,3271486,2760120,228200,3499686,2988320,72.9326277545218,62.275881370898,129
-7.6926,53.28823,2021/01/10 00:00:00+00,Sun 10 Jan 2021,4790,6,1,53193,96,6,53199,102,1.10865456612759,0.00212565585339977,130
-7.6926,53.28823,2021/08/08 23:00:00+00,Mon 09 Aug 2021,5570,23056,601,3277056,2783176,228801,3505857,3011977,73.0612299336525,62.7688876505438,131
-7.6926,53.28823,2021/01/11 00:00:00+00,Mon 11 Jan 2021,8355,8,0,61548,104,6,61554,110,1.28277078823695,0.00229237395954877,132
-7.6926,53.28823,2021/08/09 23:00:00+00,Tue 10 Aug 2021,9385,26039,718,3286441,2809215,229519,3515960,3038734,73.2717740619554,63.3264971963224,133
-7.6926,53.28823,2021/01/12 00:00:00+00,Tue 12 Jan 2021,8901,15,0,70449,119,6,70455,125,1.46826552109099,0.00260497040857815,134
-7.6926,53.28823,2021/08/10 23:00:00+00,Wed 11 Aug 2021,7038,31254,668,3293479,2840469,230187,3523666,3070656,73.4323652777034,63.9917441193835,135
-7.6926,53.28823,2021/01/13 00:00:00+00,Wed 13 Jan 2021,9906,5,0,80355,124,6,80361,130,1.67470421602999,0.00270916922492127,136
-7.6926,53.28823,2021/08/11 23:00:00+00,Thu 12 Aug 2021,6795,38317,865,3300274,2878786,231052,3531326,3109838,73.5919978643411,64.8082877237748,137
-7.6926,53.28823,2021/01/14 00:00:00+00,Thu 14 Jan 2021,8099,6,0,88454,130,6,88460,136,1.84348545874258,0.00283420780453302,138
-7.6926,53.28823,2021/08/12 23:00:00+00,Fri 13 Aug 2021,10954,28245,875,3311228,2907031,231927,3543155,3138958,73.8385114240456,65.4151416301571,139
-7.6926,53.28823,2021/01/15 00:00:00+00,Fri 15 Jan 2021,7708,5,0,96162,135,6,96168,141,2.00411835401715,0.00293840662087615,140
-7.6926,53.28823,2021/08/13 23:00:00+00,Sat 14 Aug 2021,18153,5864,281,3329381,2912895,232208,3561589,3145103,74.2226716201395,65.5432019754428,141
-7.6926,53.28823,2021/01/16 00:00:00+00,Sat 16 Jan 2021,5248,3,0,101410,138,6,101416,144,2.11348543165089,0.00300092591068202,142
-7.6926,53.28823,2021/08/14 23:00:00+00,Sun 15 Aug 2021,17006,3742,52,3346387,2916637,232260,3578647,3148897,74.5781563019757,65.622268037284,143
-7.6926,53.28823,2021/01/17 00:00:00+00,Sun 17 Jan 2021,1118,5,0,102528,143,6,102534,149,2.13678428698521,0.00310512472702515,144
-7.6926,53.28823,2021/01/18 00:00:00+00,Mon 18 Jan 2021,8731,9,1,111259,152,7,111266,159,2.31875709984685,0.0033135223597114,145
-7.6926,53.28823,2021/01/19 00:00:00+00,Tue 19 Jan 2021,8398,21,0,119657,173,7,119664,180,2.49376943177676,0.00375115738835253,146
-7.6926,53.28823,2021/01/20 00:00:00+00,Wed 20 Jan 2021,8458,965,0,128115,1138,7,128122,1145,2.67003214950279,0.0238615289425758,147
-7.6926,53.28823,2021/01/21 00:00:00+00,Thu 21 Jan 2021,9023,967,0,137138,2105,7,137145,2112,2.8580693334756,0.0440135800233364,148
-7.6926,53.28823,2021/01/22 00:00:00+00,Fri 22 Jan 2021,6794,971,0,143932,3076,7,143939,3083,2.99965468512264,0.0642489901571714,149
-7.6926,53.28823,2021/01/23 00:00:00+00,Sat 23 Jan 2021,4201,461,0,148133,3537,7,148140,3544,3.08720253061413,0.0738561210240076,150
-7.6926,53.28823,2021/01/24 00:00:00+00,Sun 24 Jan 2021,1190,399,0,149323,3936,7,149330,3943,3.1120018489038,0.0821711865681891,151
-7.6926,53.28823,2021/01/25 00:00:00+00,Mon 25 Jan 2021,1377,1294,0,150700,5230,7,150707,5237,3.14069820292469,0.10913784023779,152
-7.6926,53.28823,2021/01/26 00:00:00+00,Tue 26 Jan 2021,1012,3508,0,151712,8738,7,151719,8745,3.16178804335254,0.182243729784127,153
-7.6926,53.28823,2021/01/27 00:00:00+00,Wed 27 Jan 2021,2193,6710,0,153905,15448,7,153912,15455,3.20748964420064,0.322078541316602,154
-7.6926,53.28823,2021/01/28 00:00:00+00,Thu 28 Jan 2021,1028,11545,0,154933,26993,7,154940,27000,3.22891292084078,0.56267360825288,155
-7.6926,53.28823,2021/01/29 00:00:00+00,Fri 29 Jan 2021,1593,11526,0,156526,38519,7,156533,38526,3.2621106637277,0.802872719687054,156
-7.6926,53.28823,2021/01/30 00:00:00+00,Sat 30 Jan 2021,656,7795,0,157182,46314,7,157189,46321,3.27578154843192,0.965318674365987,157
-7.6926,53.28823,2021/01/31 00:00:00+00,Sun 31 Jan 2021,239,4088,0,157421,50402,7,157428,50409,3.28076225185312,1.05051162660813,158
-7.6926,53.28823,2021/02/01 00:00:00+00,Mon 01 Feb 2021,1044,8336,1,158465,58738,8,158473,58746,3.30253980446884,1.22425273297865,159
-7.6926,53.28823,2021/02/02 00:00:00+00,Tue 02 Feb 2021,851,5113,1,159316,63851,9,159325,63860,3.32029528277371,1.3308272823344,160
-7.6926,53.28823,2021/02/03 00:00:00+00,Wed 03 Feb 2021,1413,6873,0,160729,70724,9,160738,70733,3.34974186827227,1.47405897527966,161
-7.6926,53.28823,2021/02/04 00:00:00+00,Thu 04 Feb 2021,1458,10542,1,162187,81266,10,162197,81276,3.3801470828812,1.69377259942078,162
-7.6926,53.28823,2021/02/05 00:00:00+00,Fri 05 Feb 2021,3408,8616,0,165595,89882,10,165605,89892,3.45116899610067,1.87332799974325,163
-7.6926,53.28823,2021/02/06 00:00:00+00,Sat 06 Feb 2021,913,3871,0,166508,93753,10,166518,93763,3.47019569996493,1.9539987233561,164
-7.6926,53.28823,2021/02/07 00:00:00+00,Sun 07 Feb 2021,341,1301,2,166849,95054,12,166861,95066,3.47734373876607,1.98115293489512,165
-7.6926,53.28823,2021/02/08 00:00:00+00,Mon 08 Feb 2021,1197,882,0,168046,95936,12,168058,95948,3.50228893539861,1.99953360609805,166
-7.6926,53.28823,2021/02/09 00:00:00+00,Tue 09 Feb 2021,4276,555,3,172322,96491,15,172337,96506,3.59146228242506,2.01116219400194,167
-7.6926,53.28823,2021/02/10 00:00:00+00,Wed 10 Feb 2021,8835,585,0,181157,97076,15,181172,97091,3.77558159090336,2.02335345551409,168
-7.6926,53.28823,2021/02/11 00:00:00+00,Thu 11 Feb 2021,6207,452,0,187364,97528,15,187379,97543,3.90493400151172,2.03277302851151,169
-7.6926,53.28823,2021/02/12 00:00:00+00,Fri 12 Feb 2021,4408,527,0,191772,98055,15,191787,98070,3.99679567799982,2.04375558375407,170
-7.6926,53.28823,2021/02/13 00:00:00+00,Sat 13 Feb 2021,1224,1918,0,192996,99973,15,193011,99988,4.02230354824061,2.08372624970329,171
-7.6926,53.28823,2021/02/14 00:00:00+00,Sun 14 Feb 2021,2712,29,0,195708,100002,15,195723,100017,4.07882098622513,2.08433060283808,172
-7.6926,53.28823,2021/02/15 00:00:00+00,Mon 15 Feb 2021,1977,7896,0,197685,107898,15,197700,107913,4.1200211982072,2.24888137360715,173
-7.6926,53.28823,2021/02/16 00:00:00+00,Tue 16 Feb 2021,5663,8170,0,203348,116068,15,203363,116083,4.23803677759742,2.41914223951182,174
-7.6926,53.28823,2021/02/17 00:00:00+00,Wed 17 Feb 2021,9761,8467,0,213109,124535,15,213124,124550,4.44145370686247,2.59559251510727,175
-7.6926,53.28823,2021/02/18 00:00:00+00,Thu 18 Feb 2021,8478,8362,1,221587,132897,16,221603,132913,4.61815405961714,2.76987545532278,176
-7.6926,53.28823,2021/02/19 00:00:00+00,Fri 19 Feb 2021,9402,6593,2,230989,139490,18,231007,139508,4.8141311933953,2.90731369407936,177
-7.6926,53.28823,2021/02/20 00:00:00+00,Sat 20 Feb 2021,5900,3581,2,236889,143071,20,236909,143091,4.93712747620672,2.98198256587084,178
-7.6926,53.28823,2021/02/21 00:00:00+00,Sun 21 Feb 2021,1119,1025,6,238008,144096,26,238034,144122,4.96057220988392,3.0034683618008,179
-7.6926,53.28823,2021/02/22 00:00:00+00,Mon 22 Feb 2021,3955,1129,2,241963,145225,28,241991,145253,5.04303515313787,3.02703813405761,180
-7.6926,53.28823,2021/02/23 00:00:00+00,Tue 23 Feb 2021,13380,1075,1,255343,146300,29,255372,146329,5.32189202543535,3.04946171933465,181
-7.6926,53.28823,2021/02/24 00:00:00+00,Wed 24 Feb 2021,16954,2110,6,272297,148410,35,272332,148445,5.67533441047123,3.09355865841106,182
-7.6926,53.28823,2021/02/25 00:00:00+00,Thu 25 Feb 2021,18110,1770,3,290407,150180,38,290445,150218,6.05280504255584,3.13050755868634,183
-7.6926,53.28823,2021/02/26 00:00:00+00,Fri 26 Feb 2021,16099,2780,1,306506,152960,39,306545,152999,6.3883252311807,3.18846294033638,184
-7.6926,53.28823,2021/02/27 00:00:00+00,Sat 27 Feb 2021,9013,707,1,315519,153667,40,315559,153707,6.57617485728409,3.20321749273057,185
-7.6926,53.28823,2021/02/28 00:00:00+00,Sun 28 Feb 2021,2455,61,2,317974,153728,42,318016,153770,6.6273781556351,3.20453039781649,186
-7.6926,53.28823,2021/03/01 00:00:00+00,Mon 01 Mar 2021,5633,809,0,323607,154537,42,323649,154579,6.74476854212727,3.22138976630081,187
-7.6926,53.28823,2021/03/02 00:00:00+00,Tue 02 Mar 2021,12212,1621,0,335819,156158,42,335861,156200,6.99926373116372,3.25517102255925,188
-7.6926,53.28823,2021/03/03 00:00:00+00,Wed 03 Mar 2021,12926,1514,1,348745,157672,43,348788,157715,7.26865935093724,3.28674326391122,189
-7.6926,53.28823,2021/03/04 00:00:00+00,Thu 04 Mar 2021,18743,1699,5,367488,159371,48,367536,159419,7.65936323269742,3.32225422052096,190
-7.6926,53.28823,2021/03/05 00:00:00+00,Fri 05 Mar 2021,18475,2407,6,385963,161778,54,386017,161832,8.04450289766488,3.37254056928815,191
-7.6926,53.28823,2021/03/06 00:00:00+00,Sat 06 Mar 2021,10414,150,5,396377,161928,59,396436,161987,8.26163239116069,3.37577073259479,192
-7.6926,53.28823,2021/03/07 00:00:00+00,Sun 07 Mar 2021,1539,18,5,397916,161946,64,397980,162010,8.29380898564745,3.37625004714996,193
-7.6926,53.28823,2021/03/08 00:00:00+00,Mon 08 Mar 2021,6685,1513,6,404601,163459,70,404671,163529,8.43324784167782,3.40790564755501,194
-7.6926,53.28823,2021/03/09 00:00:00+00,Tue 09 Mar 2021,13866,3115,6,418467,166574,76,418543,166650,8.72233703774019,3.47294654871639,195
-7.6926,53.28823,2021/03/10 00:00:00+00,Wed 10 Mar 2021,13764,4007,3,432231,170581,79,432310,170660,9.00923805865935,3.55651399942357,196
-7.6926,53.28823,2021/03/11 00:00:00+00,Thu 11 Mar 2021,18509,2108,4,450740,172689,83,450823,172772,9.39504459605141,3.60052757944691,197
-7.6926,53.28823,2021/03/12 00:00:00+00,Fri 12 Mar 2021,17362,1351,4,468102,174040,87,468189,174127,9.75694792497435,3.6287654586759,198
-7.6926,53.28823,2021/03/13 00:00:00+00,Sat 13 Mar 2021,8339,182,0,476441,174222,87,476528,174309,9.93073071087142,3.63255829559079,199
-7.6926,53.28823,2021/03/14 00:00:00+00,Sun 14 Mar 2021,399,23,2,476840,174245,89,476929,174334,9.93908745594214,3.6330792896725,200
-7.6926,53.28823,2021/03/15 00:00:00+00,Mon 15 Mar 2021,2679,1005,0,479519,175250,89,479608,175339,9.99491718173878,3.65402325175747,201
-7.6926,53.28823,2021/03/16 00:00:00+00,Tue 16 Mar 2021,8976,3833,2,488495,179083,91,488586,179174,10.1820165763645,3.73394374389265,202
-7.6926,53.28823,2021/03/17 00:00:00+00,Wed 17 Mar 2021,4913,2430,8,493408,181513,99,493507,181612,10.2845690514094,3.78475108674155,203
-7.6926,53.28823,2021/03/18 00:00:00+00,Thu 18 Mar 2021,11751,4691,7,505159,186204,106,505265,186310,10.5296029879219,3.88265629457756,204
-7.6926,53.28823,2021/03/19 00:00:00+00,Fri 19 Mar 2021,10398,6143,2,515557,192347,108,515665,192455,10.7463365259156,4.01071663986326,205
-7.6926,53.28823,2021/03/20 00:00:00+00,Sat 20 Mar 2021,5261,3130,4,520818,195477,112,520930,195589,10.8560578795249,4.07602845794713,206
-7.6926,53.28823,2021/03/21 00:00:00+00,Sun 21 Mar 2021,3661,59,3,524479,195536,115,524594,195651,10.9324147721412,4.07732052326978,207
-7.6926,53.28823,2021/03/22 00:00:00+00,Mon 22 Mar 2021,7436,2420,1,531915,197956,116,532031,198072,11.0874000915699,4.12777359014312,208
-7.6926,53.28823,2021/03/23 00:00:00+00,Tue 23 Mar 2021,12584,7411,6,544499,205367,122,544621,205489,11.3497727111219,4.28234211430652,209
-7.6926,53.28823,2021/03/24 00:00:00+00,Wed 24 Mar 2021,13650,9786,2,558149,215153,124,558273,215277,11.6342771592652,4.48632171717982,210
-7.6926,53.28823,2021/03/25 00:00:00+00,Thu 25 Mar 2021,20896,10234,3,579045,225387,127,579172,225514,12.0698073718162,4.69965837376074,211
-7.6926,53.28823,2021/03/26 00:00:00+00,Fri 26 Mar 2021,19722,9515,1,598767,234902,128,598895,235030,12.4808300227633,4.89796956102497,212
-7.6926,53.28823,2021/03/27 00:00:00+00,Sat 27 Mar 2021,11775,5364,3,610542,240266,131,610673,240397,12.7262807545411,5.00981657048769,213
-7.6926,53.28823,2021/03/28 00:00:00+00,Sun 28 Mar 2021,2505,490,0,613047,240756,131,613178,240887,12.778484361529,5.02002805448931,214
-7.6926,53.28823,2021/03/28 23:00:00+00,Mon 29 Mar 2021,9294,3133,3,622341,243889,134,622475,244023,12.9722316406375,5.08538155209972,215
-7.6926,53.28823,2021/03/29 23:00:00+00,Tue 30 Mar 2021,13348,8684,4,635689,252573,138,635827,252711,13.2504841598001,5.26643741537754,216
-7.6926,53.28823,2021/03/30 23:00:00+00,Wed 31 Mar 2021,15858,10518,4,651547,263091,142,651689,263233,13.5810444847671,5.48571340449001,217
-7.6926,53.28823,2021/03/31 23:00:00+00,Thu 01 Apr 2021,19734,11594,9,671281,274685,151,671432,274836,13.9924839309795,5.72751717769587,218
-7.6926,53.28823,2021/04/01 23:00:00+00,Fri 02 Apr 2021,20166,13730,9,691447,288415,160,691607,288575,14.412926154924,6.01383468524351,219
-7.6926,53.28823,2021/04/02 23:00:00+00,Sat 03 Apr 2021,7560,4644,7,699007,293059,167,699174,293226,14.5706206435777,6.11076042420589,220
-7.6926,53.28823,2021/04/03 23:00:00+00,Sun 04 Apr 2021,3049,175,3,702056,293234,170,702226,293404,14.6342236010736,6.1144699020677,221
-7.6926,53.28823,2021/04/04 23:00:00+00,Mon 05 Apr 2021,3455,618,6,705511,293852,176,705687,294028,14.7063500217463,6.12747391434732,222
-7.6926,53.28823,2021/04/05 23:00:00+00,Tue 06 Apr 2021,12013,8163,12,717524,302015,188,717712,302203,14.9569481750515,6.29783897906833,223
-7.6926,53.28823,2021/04/06 23:00:00+00,Wed 07 Apr 2021,18385,10499,12,735909,312514,200,736109,312714,15.3403372999044,6.51688573078485,224
-7.6926,53.28823,2021/04/07 23:00:00+00,Thu 08 Apr 2021,20207,10584,18,756116,323098,218,756334,323316,15.7618215120124,6.73782890095882,225
-7.6926,53.28823,2021/04/08 23:00:00+00,Fri 09 Apr 2021,20689,9174,16,776805,332272,234,777039,332506,16.1933088104892,6.92934632539748,226
-7.6926,53.28823,2021/04/09 23:00:00+00,Sat 10 Apr 2021,11194,4188,12,787999,336460,246,788245,336706,16.4268391976775,7.01687333112571,227
-7.6926,53.28823,2021/04/10 23:00:00+00,Sun 11 Apr 2021,2878,370,9,790877,336830,255,791132,337085,16.487003594234,7.02477160140452,228
-7.6926,53.28823,2021/04/11 23:00:00+00,Mon 12 Apr 2021,7795,2811,14,798672,339641,269,798941,339910,16.6497413055987,7.08364393263838,229
-7.6926,53.28823,2021/04/12 23:00:00+00,Tue 13 Apr 2021,11535,8599,1,810207,348240,270,810477,348510,16.8901488146655,7.26286589674856,230
-7.6926,53.28823,2021/04/13 23:00:00+00,Wed 14 Apr 2021,20357,6603,2,830564,354843,272,830836,355115,17.3144255550515,7.40051253313783,231
-7.6926,53.28823,2022/10/07 23:00:00+00,Sat 08 Oct 2022,100,102,0,3861079,3815473,241166,4102245,4056639,85.4898146699013,84.5393964262723,232
-7.6926,53.28823,2021/08/15 23:00:00+00,Mon 16 Aug 2021,10208,23178,386,3356595,2939815,232646,3589241,3172461,74.7989327540435,66.1133362189459,233
-7.6926,53.28823,2022/10/08 23:00:00+00,Sun 09 Oct 2022,37,29,0,3861116,3815502,241166,4102282,4056668,85.4905857411422,84.5400007794071,234
-7.6926,53.28823,2021/08/16 23:00:00+00,Tue 17 Aug 2021,12886,26885,531,3369481,2966700,233177,3602658,3199877,75.0785398578186,66.6846791687185,235
-7.6926,53.28823,2022/10/09 23:00:00+00,Mon 10 Oct 2022,19,3,0,3861135,3815505,241166,4102301,4056671,85.4909816966443,84.5400632986969,236
-7.6926,53.28823,2021/08/17 23:00:00+00,Wed 18 Aug 2021,15250,25794,658,3384731,2992494,233835,3618566,3226329,75.4100588118959,67.2359325867002,237
-7.6926,53.28823,2022/10/10 23:00:00+00,Tue 11 Oct 2022,76,16,0,3861211,3815521,241166,4102377,4056687,85.4925655186527,84.5403967349093,238
-7.6926,53.28823,2021/08/18 23:00:00+00,Thu 19 Aug 2021,11381,25744,545,3396112,3018238,234380,3630492,3252618,75.6585938286375,67.7837891232691,239
-7.6926,53.28823,2021/08/19 23:00:00+00,Fri 20 Aug 2021,14869,22290,686,3410981,3040528,235066,3646047,3275594,75.982756346281,68.262603524129,240
-7.6926,53.28823,2021/08/20 23:00:00+00,Sat 21 Aug 2021,11914,8000,246,3422895,3048528,235312,3658207,3283840,76.2361678676275,68.4344482120421,241
-7.6926,53.28823,2021/08/21 23:00:00+00,Sun 22 Aug 2021,8007,12265,162,3430902,3060793,235474,3666376,3296267,76.4064078937689,68.6934239501813,242
-7.6926,53.28823,2021/08/22 23:00:00+00,Mon 23 Aug 2021,10888,15413,291,3441790,3076206,235765,3677555,3311971,76.6393756073489,69.0206915925518,243
-7.6926,53.28823,2021/08/23 23:00:00+00,Tue 24 Aug 2021,9725,22941,384,3451515,3099147,236149,3687664,3335296,76.8500447742314,69.5067790707925,244
-7.6926,53.28823,2021/08/24 23:00:00+00,Wed 25 Aug 2021,9426,19555,318,3460941,3118702,236467,3697408,3355169,77.0531074275209,69.9209276862298,245
-7.6926,53.28823,2021/08/25 23:00:00+00,Thu 26 Aug 2021,8605,19467,370,3469546,3138169,236837,3706383,3375006,77.2401443028568,70.3343260701896,246
-7.6926,53.28823,2021/08/26 23:00:00+00,Fri 27 Aug 2021,9735,19244,432,3479281,3157413,237269,3716550,3394682,77.4520221760089,70.744369252263,247
-7.6926,53.28823,2021/08/27 23:00:00+00,Sat 28 Aug 2021,9936,7947,155,3489217,3165360,237424,3726641,3402784,77.6623162271526,70.9132130142654,248
-7.6926,53.28823,2021/08/28 23:00:00+00,Sun 29 Aug 2021,8807,9204,30,3498024,3174564,237454,3735478,3412018,77.8464772151574,71.1056473882879,249
-7.6926,53.28823,2021/08/29 23:00:00+00,Mon 30 Aug 2021,5073,11172,85,3503097,3185736,237539,3740636,3423275,77.953968714097,71.3402406034028,250
-7.6926,53.28823,2021/08/30 23:00:00+00,Tue 31 Aug 2021,4084,12918,146,3507181,3198654,237685,3744866,3436339,78.0421209127233,71.6124912707442,251
-7.6926,53.28823,2021/08/31 23:00:00+00,Wed 01 Sep 2021,5004,12573,184,3512185,3211227,237869,3750054,3449096,78.1502376045609,71.878344130762,252
-7.6926,53.28823,2021/09/01 23:00:00+00,Thu 02 Sep 2021,5016,12390,249,3517201,3223617,238118,3755319,3461735,78.2599589581702,72.1417378987142,253
-7.6926,53.28823,2021/09/02 23:00:00+00,Fri 03 Sep 2021,4789,16119,167,3521990,3239736,238285,3760275,3478021,78.3632408249295,72.481134283307,254
-7.6926,53.28823,2021/09/03 23:00:00+00,Sat 04 Sep 2021,4634,10596,136,3526624,3250332,238421,3765045,3488753,78.4626464957209,72.7047866227059,255
-7.6926,53.28823,2021/09/04 23:00:00+00,Sun 05 Sep 2021,5310,11914,1,3531934,3262246,238422,3770356,3500668,78.5733264784405,72.9530924020515,256
-7.6926,53.28823,2021/09/05 23:00:00+00,Mon 06 Sep 2021,2172,9707,76,3534106,3271953,238498,3772604,3510451,78.6201742662684,73.1569678061085,257
-7.6926,53.28823,2021/09/06 23:00:00+00,Tue 07 Sep 2021,3040,10045,162,3537146,3281998,238660,3775806,3520658,78.6869031882545,73.3696792697914,258
-7.6926,53.28823,2021/09/07 23:00:00+00,Wed 08 Sep 2021,2615,14825,191,3539761,3296823,238851,3778612,3535674,78.7453795639863,73.682609155033,259
-7.6926,53.28823,2021/09/08 23:00:00+00,Thu 09 Sep 2021,3131,14839,138,3542892,3311662,238989,3781881,3550651,78.8135047501114,73.9947262895072,260
-7.6926,53.28823,2021/09/09 23:00:00+00,Fri 10 Sep 2021,3395,13957,116,3546287,3325619,239105,3785392,3564724,78.8866731589476,74.2880042779866,261
-7.6926,53.28823,2021/09/10 23:00:00+00,Sat 11 Sep 2021,2567,11350,62,3548854,3336969,239167,3788021,3576136,78.9414608965808,74.5258276564082,262
-7.6926,53.28823,2021/09/11 23:00:00+00,Sun 12 Sep 2021,2045,12888,1,3550899,3349857,239168,3790067,3589025,78.9840990522284,74.7944313651775,263
-7.6926,53.28823,2021/09/12 23:00:00+00,Mon 13 Sep 2021,1624,7761,52,3552523,3357618,239220,3791743,3596838,79.0190264954666,74.9572524355952,264
-7.6926,53.28823,2021/09/13 23:00:00+00,Tue 14 Sep 2021,1558,10802,82,3554081,3368420,239302,3793383,3607722,79.0532037072272,75.1840724190109,265
-7.6926,53.28823,2021/09/14 23:00:00+00,Wed 15 Sep 2021,3292,12382,138,3557373,3380802,239440,3796813,3620242,79.1246840952385,75.4449862551341,266
-7.6926,53.28823,2021/09/15 23:00:00+00,Thu 16 Sep 2021,1922,10588,115,3559295,3391390,239555,3798850,3630945,79.1671346930167,75.6680342413982,267
-7.6926,53.28823,2021/09/16 23:00:00+00,Fri 17 Sep 2021,2565,14631,95,3561860,3406021,239650,3801510,3645671,79.2225684633113,75.974920595292,268
-7.6926,53.28823,2021/09/17 23:00:00+00,Sat 18 Sep 2021,2292,11247,48,3564152,3417268,239698,3803850,3656966,79.2713335093599,76.2103057214111,269
-7.6926,53.28823,2021/09/18 23:00:00+00,Sun 19 Sep 2021,1865,8498,16,3566017,3425766,239714,3805731,3665480,79.3105331040681,76.3877354658802,270
-7.6926,53.28823,2021/09/19 23:00:00+00,Mon 20 Sep 2021,968,5646,35,3566985,3431412,239749,3806734,3671161,79.3314353866266,76.5061261610093,271
-7.6926,53.28823,2021/09/20 23:00:00+00,Tue 21 Sep 2021,1479,6693,90,3568464,3438105,239839,3808303,3677944,79.3641329751951,76.6474822752603,272
-7.6926,53.28823,2021/09/21 23:00:00+00,Wed 22 Sep 2021,1902,8172,97,3570366,3446277,239936,3810302,3686213,79.405791661969,76.8198062777286,273
-7.6926,53.28823,2021/09/22 23:00:00+00,Thu 23 Sep 2021,1692,8743,89,3572058,3455020,240025,3812083,3695045,79.4429072803505,77.0038630669171,274
-7.6926,53.28823,2021/09/23 23:00:00+00,Fri 24 Sep 2021,1916,7409,81,3573974,3462429,240106,3814080,3702535,79.4845242875979,77.1599528937991,275
-7.6926,53.28823,2021/09/24 23:00:00+00,Sat 25 Sep 2021,2426,6618,53,3576400,3469047,240159,3816559,3709206,79.5361860607408,77.2989749545641,276
-7.6926,53.28823,2021/09/25 23:00:00+00,Sun 26 Sep 2021,1550,7102,0,3577950,3476149,240159,3818109,3716308,79.5684876938072,77.4469789532979,277
-7.6926,53.28823,2021/09/26 23:00:00+00,Mon 27 Sep 2021,1181,3844,45,3579131,3479993,240204,3819335,3720197,79.5940372435745,77.5280247926496,278
-7.6926,53.28823,2021/09/27 23:00:00+00,Tue 28 Sep 2021,1457,5162,93,3580588,3485155,240297,3820885,3725452,79.6263388766409,77.6375377486262,279
-7.6926,53.28823,2021/09/28 23:00:00+00,Wed 29 Sep 2021,1654,3638,80,3582242,3488793,240377,3822619,3729170,79.6624750261487,77.7150199884589,280
-7.6926,53.28823,2021/09/29 23:00:00+00,Thu 30 Sep 2021,1276,3999,78,3583518,3492792,240455,3823973,3733247,79.6906920656144,77.7999837033051,281
-7.6926,53.28823,2021/09/30 23:00:00+00,Fri 01 Oct 2021,1875,5209,42,3585393,3498001,240497,3825890,3738498,79.7306418918004,77.9094133002287,282
-7.6926,53.28823,2021/10/01 23:00:00+00,Sat 02 Oct 2021,1684,4111,41,3587077,3502112,240538,3827615,3742650,79.7665904834387,77.99593999732,283
-7.6926,53.28823,2021/10/02 23:00:00+00,Sun 03 Oct 2021,1197,3025,9,3588274,3505137,240547,3828821,3745684,79.7917232379407,78.059167839077,284
-7.6926,53.28823,2021/10/03 23:00:00+00,Mon 04 Oct 2021,350,1244,18,3588624,3506381,240565,3829189,3746946,79.7993922708236,78.085467620322,285
-7.6926,53.28823,2021/10/04 23:00:00+00,Tue 05 Oct 2021,960,2844,70,3589584,3509225,240635,3830219,3749860,79.8208572269903,78.1461946904868,286
-7.6926,53.28823,2021/10/05 23:00:00+00,Wed 06 Oct 2021,974,2584,40,3590558,3511809,240675,3831233,3752484,79.8419887469446,78.2008782293037,287
-7.6926,53.28823,2021/10/06 23:00:00+00,Thu 07 Oct 2021,1214,2721,44,3591772,3514530,240719,3832491,3755249,79.8682051691366,78.2585001747414,288
-7.6926,53.28823,2021/10/07 23:00:00+00,Fri 08 Oct 2021,916,2762,48,3592688,3517292,240767,3833455,3758059,79.8882947009275,78.3170599095263,289
-7.6926,53.28823,2021/10/08 23:00:00+00,Sat 09 Oct 2021,725,2372,23,3593413,3519664,240790,3834203,3760454,79.9038828438524,78.3669711425546,290
-7.6926,53.28823,2021/10/09 23:00:00+00,Sun 10 Oct 2021,1521,3930,3,3594934,3523594,240793,3835727,3764387,79.9356426430738,78.4489339314901,291
-7.6926,53.28823,2021/10/10 23:00:00+00,Mon 11 Oct 2021,335,1149,19,3595269,3524743,240812,3836081,3765555,79.9430199192709,78.4732747749879,292
-7.6926,53.28823,2021/10/11 23:00:00+00,Tue 12 Oct 2021,563,1632,21,3595832,3526375,240833,3836665,3767208,79.9551903410198,78.5077229036709,293
-7.6926,53.28823,2021/10/12 23:00:00+00,Wed 13 Oct 2021,991,2088,11,3596823,3528463,240844,3837667,3769307,79.976071783815,78.5514655667718,294
-7.6926,53.28823,2021/10/13 23:00:00+00,Thu 14 Oct 2021,655,1621,9,3597478,3530084,240853,3838331,3770937,79.9899093866253,78.5854343808996,295
-7.6926,53.28823,2021/10/14 23:00:00+00,Fri 15 Oct 2021,957,2091,10,3598435,3532175,240863,3839298,3773038,80.0100614377061,78.629218723527,296
-7.6926,53.28823,2021/10/15 23:00:00+00,Sat 16 Oct 2021,1384,2660,14,3599819,3534835,240877,3840696,3775712,80.0391954267556,78.6849442505073,297
-7.6926,53.28823,2021/10/16 23:00:00+00,Sun 17 Oct 2021,1708,2894,3,3601527,3537729,240880,3842407,3778609,80.0748522617083,78.7453170446965,298
-7.6926,53.28823,2021/10/17 23:00:00+00,Mon 18 Oct 2021,679,1268,6,3602206,3538997,240886,3843092,3779883,80.0891274995472,78.7718669031007,299
-7.6926,53.28823,2021/10/18 23:00:00+00,Tue 19 Oct 2021,1343,1817,13,3603549,3540814,240899,3844448,3781713,80.1173862185395,78.8100036698823,300
-7.6926,53.28823,2021/10/19 23:00:00+00,Wed 20 Oct 2021,2263,2351,0,3605812,3543165,240899,3846711,3784064,80.1645466028164,78.8589979533268,301
-7.6926,53.28823,2021/10/20 23:00:00+00,Thu 21 Oct 2021,1731,1864,11,3607543,3545029,240910,3848453,3785939,80.2008494704304,78.8980725094555,302
-7.6926,53.28823,2021/10/21 23:00:00+00,Fri 22 Oct 2021,1509,1944,3,3609052,3546973,240913,3849965,3787886,80.2323591924925,78.9386475285395,303
-7.6926,53.28823,2021/10/22 23:00:00+00,Sat 23 Oct 2021,2018,1716,1,3611070,3548689,240914,3851984,3789603,80.2744346745319,78.9744294020718,304
-7.6926,53.28823,2021/10/23 23:00:00+00,Sun 24 Oct 2021,1959,2192,2,3613029,3550881,240916,3853945,3791797,80.3153014503016,79.0201518426831,305
-7.6926,53.28823,2021/10/24 23:00:00+00,Mon 25 Oct 2021,1242,869,2,3614271,3551750,240918,3855189,3792668,80.3412261158078,79.0383032764901,306
-7.6926,53.28823,2021/10/25 23:00:00+00,Tue 26 Oct 2021,1247,1244,6,3615518,3552994,240924,3856442,3793918,80.3673383391834,79.0643529805759,307
-7.6926,53.28823,2021/10/26 23:00:00+00,Wed 27 Oct 2021,1569,1440,6,3617087,3554434,240930,3858017,3795364,80.4001609663315,79.0944872782623,308
-7.6926,53.28823,2021/10/27 23:00:00+00,Thu 28 Oct 2021,2160,1711,5,3619247,3556145,240935,3860182,3797080,80.4452790538081,79.1302483120313,309
-7.6926,53.28823,2021/10/28 23:00:00+00,Fri 29 Oct 2021,2148,1383,3,3621395,3557528,240938,3862333,3798466,80.4901053845989,79.1591322239216,310
-7.6926,53.28823,2021/10/29 23:00:00+00,Sat 30 Oct 2021,2021,1462,1,3623416,3558990,240939,3864355,3799929,80.532243385928,79.1896207975836,311
-7.6926,53.28823,2021/10/30 23:00:00+00,Sun 31 Oct 2021,1601,1322,0,3625017,3560312,240939,3865956,3801251,80.5656078469211,79.2171709646247,312
-7.6926,53.28823,2021/11/01 00:00:00+00,Mon 01 Nov 2021,295,304,2,3625312,3560616,240941,3866253,3801557,80.5717972566119,79.2235479321849,313
-7.6926,53.28823,2021/11/02 00:00:00+00,Tue 02 Nov 2021,1100,1101,10,3626412,3561717,240951,3867363,3802668,80.59492939384,79.2467009091764,314
-7.6926,53.28823,2021/11/03 00:00:00+00,Wed 03 Nov 2021,2540,1889,7,3628952,3563606,240958,3869910,3804564,80.6480082708852,79.2862131003337,315
-7.6926,53.28823,2021/11/04 00:00:00+00,Thu 04 Nov 2021,1538,1296,2,3630490,3564902,240960,3871450,3805862,80.6801015063189,79.3132631130563,316
-7.6926,53.28823,2021/11/05 00:00:00+00,Fri 05 Nov 2021,1630,1109,4,3632120,3566011,240964,3873084,3806975,80.7141536794999,79.3364577695743,317
-7.6926,53.28823,2021/11/06 00:00:00+00,Sat 06 Nov 2021,1824,1366,6,3633944,3567377,240970,3874914,3808347,80.7522904462814,79.3650499247789,318
-7.6926,53.28823,2021/11/07 00:00:00+00,Sun 07 Nov 2021,698,775,0,3634642,3568152,240970,3875612,3809122,80.7668366010429,79.3812007413121,319
-7.6926,53.28823,2021/11/08 00:00:00+00,Mon 08 Nov 2021,520,537,4,3635162,3568689,240974,3876136,3809663,80.7777566369957,79.3924750532404,320
-7.6926,53.28823,2021/11/09 00:00:00+00,Tue 09 Nov 2021,1374,1077,4,3636536,3569766,240978,3877514,3810744,80.8064738307799,79.4150028373338,321
-7.6926,53.28823,2021/11/10 00:00:00+00,Wed 10 Nov 2021,1604,1370,2,3638140,3571136,240980,3879120,3812116,80.8399424905893,79.4435949925383,322
-7.6926,53.28823,2021/11/11 00:00:00+00,Thu 11 Nov 2021,1395,1129,2,3639535,3572265,240982,3880517,3813247,80.8690556398756,79.4671647647951,323
-7.6926,53.28823,2021/11/12 00:00:00+00,Fri 12 Nov 2021,1143,1162,6,3640678,3573427,240988,3881666,3814415,80.8930005278712,79.4915056082929,324
-7.6926,53.28823,2021/11/13 00:00:00+00,Sat 13 Nov 2021,1396,1386,0,3642074,3574813,240988,3883062,3815801,80.9220928373942,79.5203895201832,325
-7.6926,53.28823,2021/11/14 00:00:00+00,Sun 14 Nov 2021,1646,1808,1,3643720,3576621,240989,3884709,3817610,80.9564159274976,79.5580886519362,326
-7.6926,53.28823,2021/11/15 00:00:00+00,Mon 15 Nov 2021,1244,600,1,3644964,3577221,240990,3885954,3818211,80.9823614327671,79.5706133496606,327
-7.6926,53.28823,2021/11/16 00:00:00+00,Tue 16 Nov 2021,1318,1084,5,3646282,3578305,240995,3887277,3819300,81.0099324395715,79.5933078518601,328
-7.6926,53.28823,2022/10/11 23:00:00+00,Wed 12 Oct 2022,56,36,0,3861267,3815557,241166,4102433,4056723,85.4937325453958,84.5411469663869,329
-7.6926,53.28823,2022/10/12 23:00:00+00,Thu 13 Oct 2022,80,29,0,3861347,3815586,241166,4102513,4056752,85.4953997264573,84.5417513195217,330
-7.6926,53.28823,2022/10/13 23:00:00+00,Fri 14 Oct 2022,120,21,0,3861467,3815607,241166,4102633,4056773,85.4979004980495,84.5421889545504,331
-7.6926,53.28823,2022/10/14 23:00:00+00,Sat 15 Oct 2022,98,120,0,3861565,3815727,241166,4102731,4056893,85.4999427948498,84.5446897261426,332
-7.6926,53.28823,2022/10/15 23:00:00+00,Sun 16 Oct 2022,26,37,1,3861591,3815764,241167,4102758,4056931,85.5005054684581,84.5454816371468,333
-7.6926,53.28823,2022/10/16 23:00:00+00,Mon 17 Oct 2022,51,3,0,3861642,3815767,241167,4102809,4056934,85.5015682963848,84.5455441564366,334
-7.6926,53.28823,2022/10/17 23:00:00+00,Tue 18 Oct 2022,117,17,0,3861759,3815784,241167,4102926,4056951,85.5040065486872,84.5458984324122,335
-7.6926,53.28823,2022/10/18 23:00:00+00,Wed 19 Oct 2022,87,40,0,3861846,3815824,241167,4103013,4056991,85.5058196080916,84.5467320229429,336
-7.6926,53.28823,2022/10/19 23:00:00+00,Thu 20 Oct 2022,97,10,0,3861943,3815834,241167,4103110,4057001,85.5078410651286,84.5469404205756,337
-7.6926,53.28823,2022/10/20 23:00:00+00,Fri 21 Oct 2022,124,21,0,3862067,3815855,241167,4103234,4057022,85.5104251957739,84.5473780556042,338
-7.6926,53.28823,2022/10/21 23:00:00+00,Sat 22 Oct 2022,95,58,0,3862162,3815913,241167,4103329,4057080,85.5124049732845,84.5485867618738,339
-7.6926,53.28823,2022/10/22 23:00:00+00,Sun 23 Oct 2022,80,48,0,3862242,3815961,241167,4103409,4057128,85.514072154346,84.5495870705107,340
-7.6926,53.28823,2022/10/23 23:00:00+00,Mon 24 Oct 2022,65,4,0,3862307,3815965,241167,4103474,4057132,85.5154267389584,84.5496704295638,341
-7.6926,53.28823,2022/10/24 23:00:00+00,Tue 25 Oct 2022,75,28,0,3862382,3815993,241167,4103549,4057160,85.5169897212036,84.5502539429353,342
-7.6926,53.28823,2021/11/17 00:00:00+00,Wed 17 Nov 2021,1503,1126,3,3647785,3579431,240998,3888783,3820429,81.041317123054,79.6168359445904,343
-7.6926,53.28823,2022/10/25 23:00:00+00,Wed 26 Oct 2022,45,25,0,3862427,3816018,241167,4103594,4057185,85.5179275105506,84.550774937017,344
-7.6926,53.28823,2022/10/26 23:00:00+00,Thu 27 Oct 2022,64,35,0,3862491,3816053,241167,4103658,4057220,85.5192612553999,84.5515043287314,345
-7.6926,53.28823,2022/10/27 23:00:00+00,Fri 28 Oct 2022,50,19,0,3862541,3816072,241167,4103708,4057239,85.5203032435633,84.5519002842335,346
-7.6926,53.28823,2022/10/28 23:00:00+00,Sat 29 Oct 2022,87,64,0,3862628,3816136,241167,4103795,4057303,85.5221163029676,84.5532340290827,347
-7.6926,53.28823,2022/10/29 23:00:00+00,Sun 30 Oct 2022,11,6,0,3862639,3816142,241167,4103806,4057309,85.5223455403636,84.5533590676623,348
-7.6926,53.28823,2022/11/01 00:00:00+00,Tue 01 Nov 2022,99,25,0,3862738,3816167,241167,4103905,4057334,85.5244086769272,84.5538800617441,349
-7.6926,53.28823,2022/11/02 00:00:00+00,Wed 02 Nov 2022,108,13,0,3862846,3816180,241167,4104013,4057347,85.5266593713602,84.5541509786665,350
-7.6926,53.28823,2022/11/03 00:00:00+00,Thu 03 Nov 2022,91,28,0,3862937,3816208,241167,4104104,4057375,85.5285557898176,84.5547344920381,351
-7.6926,53.28823,2022/11/04 00:00:00+00,Fri 04 Nov 2022,61,22,0,3862998,3816230,241167,4104165,4057397,85.529827015377,84.55519296683,352
-7.6926,53.28823,2022/11/05 00:00:00+00,Sat 05 Nov 2022,46,54,0,3863044,3816284,241167,4104211,4057451,85.5307856444874,84.5563183140465,353
-7.6926,53.28823,2022/11/06 00:00:00+00,Sun 06 Nov 2022,56,78,0,3863100,3816362,241167,4104267,4057529,85.5319526712304,84.5579438155814,354
-7.6926,53.28823,2022/11/07 00:00:00+00,Mon 07 Nov 2022,43,3,0,3863143,3816365,241167,4104310,4057532,85.532848781051,84.5580063348712,355
-7.6926,53.28823,2022/11/08 00:00:00+00,Tue 08 Nov 2022,66,32,0,3863209,3816397,241167,4104376,4057564,85.5342242054267,84.5586732072958,356
-7.6926,53.28823,2022/11/09 00:00:00+00,Wed 09 Nov 2022,95,32,0,3863304,3816429,241167,4104471,4057596,85.5362039829372,84.5593400797204,357
-7.6926,53.28823,2022/11/10 00:00:00+00,Thu 10 Nov 2022,48,15,0,3863352,3816444,241167,4104519,4057611,85.5372042915741,84.5596526761695,358
-7.6926,53.28823,2022/11/11 00:00:00+00,Fri 11 Nov 2022,50,17,0,3863402,3816461,241167,4104569,4057628,85.5382462797376,84.560006952145,359
-7.6926,53.28823,2022/11/12 00:00:00+00,Sat 12 Nov 2022,74,87,0,3863476,3816548,241167,4104643,4057715,85.5397884222194,84.5618200115494,360
-7.6926,53.28823,2022/11/13 00:00:00+00,Sun 13 Nov 2022,42,62,1,3863518,3816610,241168,4104686,4057778,85.54068453204,84.5631329166353,361
-7.6926,53.28823,2022/11/14 00:00:00+00,Mon 14 Nov 2022,15,2,0,3863533,3816612,241168,4104701,4057780,85.540997128489,84.5631745961619,362
-7.6926,53.28823,2022/11/15 00:00:00+00,Tue 15 Nov 2022,57,8,0,3863590,3816620,241168,4104758,4057788,85.5421849949953,84.563341314268,363
-7.6926,53.28823,2022/11/16 00:00:00+00,Wed 16 Nov 2022,46,20,0,3863636,3816640,241168,4104804,4057808,85.5431436241057,84.5637581095334,364
-7.6926,53.28823,2022/11/17 00:00:00+00,Thu 17 Nov 2022,64,9,1,3863700,3816649,241169,4104869,4057818,85.5444982087181,84.5639665071661,365
-7.6926,53.28823,2022/11/18 00:00:00+00,Fri 18 Nov 2022,28,22,0,3863728,3816671,241169,4104897,4057840,85.5450817220897,84.564424981958,366
-7.6926,53.28823,2022/11/19 00:00:00+00,Sat 19 Nov 2022,55,57,0,3863783,3816728,241169,4104952,4057897,85.5462279090694,84.5656128484643,367
-7.6926,53.28823,2022/11/20 00:00:00+00,Sun 20 Nov 2022,40,56,0,3863823,3816784,241169,4104992,4057953,85.5470614996002,84.5667798752073,368
-7.6926,53.28823,2022/11/21 00:00:00+00,Mon 21 Nov 2022,17,3,0,3863840,3816787,241169,4105009,4057956,85.5474157755758,84.5668423944971,369
-7.6926,53.28823,2022/11/22 00:00:00+00,Tue 22 Nov 2022,48,22,0,3863888,3816809,241169,4105057,4057978,85.5484160842126,84.567300869289,370
-7.6926,53.28823,2022/11/23 00:00:00+00,Wed 23 Nov 2022,23,16,0,3863911,3816825,241169,4105080,4057994,85.5488953987678,84.5676343055013,371
-7.6926,53.28823,2022/11/24 00:00:00+00,Thu 24 Nov 2022,25,18,0,3863936,3816843,241169,4105105,4058012,85.5494163928495,84.5680094212402,372
-7.6926,53.28823,2022/11/25 00:00:00+00,Fri 25 Nov 2022,18,11,0,3863954,3816854,241169,4105123,4058023,85.5497915085884,84.5682386586361,373
-7.6926,53.28823,2022/11/26 00:00:00+00,Sat 26 Nov 2022,65,63,0,3864019,3816917,241169,4105188,4058086,85.5511460932008,84.5695515637221,374
-7.6926,53.28823,2022/11/27 00:00:00+00,Sun 27 Nov 2022,36,42,0,3864055,3816959,241169,4105224,4058128,85.5518963246785,84.5704268337794,375
-7.6926,53.28823,2022/11/28 00:00:00+00,Mon 28 Nov 2022,16,1,0,3864071,3816960,241169,4105240,4058129,85.5522297608908,84.5704476735426,376
-7.6926,53.28823,2022/11/29 00:00:00+00,Tue 29 Nov 2022,32,18,0,3864103,3816978,241169,4105272,4058147,85.5528966333154,84.5708227892814,377
-7.6926,53.28823,2022/11/30 00:00:00+00,Wed 30 Nov 2022,46,13,0,3864149,3816991,241169,4105318,4058160,85.5538552624258,84.5710937062039,378
-7.6926,53.28823,2022/12/01 00:00:00+00,Thu 01 Dec 2022,20,11,0,3864169,3817002,241169,4105338,4058171,85.5542720576911,84.5713229435999,379
-7.6926,53.28823,2022/12/02 00:00:00+00,Fri 02 Dec 2022,17,18,0,3864186,3817020,241169,4105355,4058189,85.5546263336667,84.5716980593387,380
-7.6926,53.28823,2022/12/03 00:00:00+00,Sat 03 Dec 2022,41,71,0,3864227,3817091,241169,4105396,4058260,85.5554807639607,84.5731776825308,381
-7.6926,53.28823,2022/12/04 00:00:00+00,Sun 04 Dec 2022,44,47,0,3864271,3817138,241169,4105440,4058307,85.5563977135445,84.5741571514044,382
-7.6926,53.28823,2022/12/05 00:00:00+00,Mon 05 Dec 2022,20,5,0,3864291,3817143,241169,4105460,4058312,85.5568145088099,84.5742613502208,383
-7.6926,53.28823,2022/12/06 00:00:00+00,Tue 06 Dec 2022,35,29,0,3864326,3817172,241169,4105495,4058341,85.5575439005243,84.5748657033556,384
-7.6926,53.28823,2022/12/07 00:00:00+00,Wed 07 Dec 2022,21,23,0,3864347,3817195,241169,4105516,4058364,85.557981535553,84.5753450179107,385
-7.6926,53.28823,2022/12/08 00:00:00+00,Thu 08 Dec 2022,16,13,1,3864363,3817208,241170,4105533,4058378,85.5583358115285,84.5756367745965,386
-7.6926,53.28823,2022/12/09 00:00:00+00,Fri 09 Dec 2022,24,17,0,3864387,3817225,241170,4105557,4058395,85.558835965847,84.5759910505721,387
-7.6926,53.28823,2022/12/10 00:00:00+00,Sat 10 Dec 2022,49,44,0,3864436,3817269,241170,4105606,4058439,85.5598571142471,84.5769080001559,388
-7.6926,53.28823,2022/12/11 00:00:00+00,Sun 11 Dec 2022,28,41,0,3864464,3817310,241170,4105634,4058480,85.5604406276186,84.5777624304499,389
-7.6926,53.28823,2022/12/12 00:00:00+00,Mon 12 Dec 2022,15,2,0,3864479,3817312,241170,4105649,4058482,85.5607532240677,84.5778041099764,390
-7.6926,53.28823,2022/12/13 00:00:00+00,Tue 13 Dec 2022,30,15,0,3864509,3817327,241170,4105679,4058497,85.5613784169657,84.5781167064255,391
-7.6926,53.28823,2022/12/14 00:00:00+00,Wed 14 Dec 2022,20,20,0,3864529,3817347,241170,4105699,4058517,85.5617952122311,84.5785335016908,392
-7.6926,53.28823,2022/12/15 00:00:00+00,Thu 15 Dec 2022,13,9,0,3864542,3817356,241170,4105712,4058526,85.5620661291536,84.5787210595603,393
-7.6926,53.28823,2022/12/16 00:00:00+00,Fri 16 Dec 2022,15,4,0,3864557,3817360,241170,4105727,4058530,85.5623787256026,84.5788044186133,394
-7.6926,53.28823,2022/12/17 00:00:00+00,Sat 17 Dec 2022,20,43,0,3864577,3817403,241170,4105747,4058573,85.562795520868,84.5797005284339,395
-7.6926,53.28823,2022/12/18 00:00:00+00,Sun 18 Dec 2022,29,35,0,3864606,3817438,241170,4105776,4058608,85.5633998740028,84.5804299201483,396
-7.6926,53.28823,2022/12/19 00:00:00+00,Mon 19 Dec 2022,9,1,0,3864615,3817439,241170,4105785,4058609,85.5635874318722,84.5804507599116,397
-7.6926,53.28823,2022/12/20 00:00:00+00,Tue 20 Dec 2022,20,18,0,3864635,3817457,241170,4105805,4058627,85.5640042271376,84.5808258756504,398
-7.6926,53.28823,2022/12/21 00:00:00+00,Wed 21 Dec 2022,17,29,0,3864652,3817486,241170,4105822,4058656,85.5643585031131,84.5814302287852,399
-7.6926,53.28823,2022/12/22 00:00:00+00,Thu 22 Dec 2022,7,15,0,3864659,3817501,241170,4105829,4058671,85.564504381456,84.5817428252342,400
-7.6926,53.28823,2022/12/23 00:00:00+00,Fri 23 Dec 2022,20,6,0,3864679,3817507,241170,4105849,4058677,85.5649211767214,84.5818678638138,401
-7.6926,53.28823,2022/12/28 00:00:00+00,Wed 28 Dec 2022,20,24,0,3864699,3817531,241170,4105869,4058701,85.5653379719868,84.5823680181323,402
-7.6926,53.28823,2022/12/29 00:00:00+00,Thu 29 Dec 2022,18,12,0,3864717,3817543,241170,4105887,4058713,85.5657130877256,84.5826180952915,403
-7.6926,53.28823,2022/12/30 00:00:00+00,Fri 30 Dec 2022,71,31,0,3864788,3817574,241170,4105958,4058744,85.5671927109177,84.5832641279528,404
-7.6926,53.28823,2022/12/31 00:00:00+00,Sat 31 Dec 2022,36,26,0,3864824,3817600,241170,4105994,4058770,85.5679429423953,84.5838059617978,405
-7.6926,53.28823,2023/01/03 00:00:00+00,Tue 03 Jan 2023,16,14,0,3864840,3817614,241170,4106010,4058784,85.5682763786076,84.5840977184835,406
-7.6926,53.28823,2023/01/04 00:00:00+00,Wed 04 Jan 2023,56,28,0,3864896,3817642,241170,4106066,4058812,85.5694434053507,84.5846812318551,407
-7.6926,53.28823,2023/01/05 00:00:00+00,Thu 05 Jan 2023,26,16,0,3864922,3817658,241170,4106092,4058828,85.5699852391957,84.5850146680674,408
-7.6926,53.28823,2023/01/06 00:00:00+00,Fri 06 Jan 2023,37,21,0,3864959,3817679,241170,4106129,4058849,85.5707563104366,84.585452303096,409
-7.6926,53.28823,2023/01/07 00:00:00+00,Sat 07 Jan 2023,138,74,0,3865097,3817753,241170,4106267,4058923,85.5736321977677,84.5869944455779,410
-7.6926,53.28823,2023/01/08 00:00:00+00,Sun 08 Jan 2023,51,45,0,3865148,3817798,241170,4106318,4058968,85.5746950256944,84.587932234925,411
-7.6926,53.28823,2023/01/09 00:00:00+00,Mon 09 Jan 2023,1,1,0,3865149,3817799,241170,4106319,4058969,85.5747158654576,84.5879530746882,412
-7.6926,53.28823,2023/01/10 00:00:00+00,Tue 10 Jan 2023,43,13,0,3865192,3817812,241170,4106362,4058982,85.5756119752782,84.5882239916107,413
-7.6926,53.28823,2023/01/11 00:00:00+00,Wed 11 Jan 2023,58,31,0,3865250,3817843,241170,4106420,4059013,85.5768206815478,84.5888700242721,414
-7.6926,53.28823,2023/01/12 00:00:00+00,Thu 12 Jan 2023,14,12,0,3865264,3817855,241170,4106434,4059025,85.5771124382336,84.5891201014313,415
-7.6926,53.28823,2023/01/13 00:00:00+00,Fri 13 Jan 2023,30,12,0,3865294,3817867,241170,4106464,4059037,85.5777376311316,84.5893701785905,416
-7.6926,53.28823,2023/01/14 00:00:00+00,Sat 14 Jan 2023,72,39,0,3865366,3817906,241170,4106536,4059076,85.5792380940869,84.590182929358,417
-7.6926,53.28823,2023/01/15 00:00:00+00,Sun 15 Jan 2023,60,30,0,3865426,3817936,241170,4106596,4059106,85.5804884798831,84.590808122256,418
-7.6926,53.28823,2023/01/16 00:00:00+00,Mon 16 Jan 2023,6,2,0,3865432,3817938,241170,4106602,4059108,85.5806135184627,84.5908498017826,419
-7.6926,53.28823,2023/01/17 00:00:00+00,Tue 17 Jan 2023,13,18,0,3865445,3817956,241170,4106615,4059126,85.5808844353852,84.5912249175214,420
-7.6926,53.28823,2023/01/18 00:00:00+00,Wed 18 Jan 2023,36,13,0,3865481,3817969,241170,4106651,4059139,85.5816346668628,84.5914958344439,421
-7.6926,53.28823,2023/01/19 00:00:00+00,Thu 19 Jan 2023,23,6,0,3865504,3817975,241170,4106674,4059145,85.582113981418,84.5916208730235,422
-7.6926,53.28823,2023/01/20 00:00:00+00,Fri 20 Jan 2023,20,8,0,3865524,3817983,241170,4106694,4059153,85.5825307766834,84.5917875911297,423
-7.6926,53.28823,2023/01/21 00:00:00+00,Sat 21 Jan 2023,75,26,0,3865599,3818009,241170,4106769,4059179,85.5840937589285,84.5923294249747,424
-7.6926,53.28823,2023/01/22 00:00:00+00,Sun 22 Jan 2023,21,13,0,3865620,3818022,241170,4106790,4059192,85.5845313939572,84.5926003418972,425
-7.6926,53.28823,2023/01/23 00:00:00+00,Mon 23 Jan 2023,8,1,0,3865628,3818023,241170,4106798,4059193,85.5846981120633,84.5926211816604,426
-7.6926,53.28823,2023/01/24 00:00:00+00,Tue 24 Jan 2023,17,13,0,3865645,3818036,241170,4106815,4059206,85.5850523880389,84.5928920985829,427
-7.6926,53.28823,2023/01/25 00:00:00+00,Wed 25 Jan 2023,22,16,0,3865667,3818052,241170,4106837,4059222,85.5855108628308,84.5932255347952,428
-7.6926,53.28823,2023/01/26 00:00:00+00,Thu 26 Jan 2023,11,11,0,3865678,3818063,241170,4106848,4059233,85.5857401002268,84.5934547721912,429
-7.6926,53.28823,2023/01/27 00:00:00+00,Fri 27 Jan 2023,13,7,0,3865691,3818070,241170,4106861,4059240,85.5860110171493,84.5936006505341,430
-7.6926,53.28823,2023/01/28 00:00:00+00,Sat 28 Jan 2023,28,46,0,3865719,3818116,241170,4106889,4059286,85.5865945305208,84.5945592796444,431
-7.6926,53.28823,2023/01/29 00:00:00+00,Sun 29 Jan 2023,28,24,0,3865747,3818140,241170,4106917,4059310,85.5871780438923,84.5950594339628,432
-7.6926,53.28823,2023/01/30 00:00:00+00,Mon 30 Jan 2023,4,2,0,3865751,3818142,241170,4106921,4059312,85.5872614029454,84.5951011134894,433
-7.6926,53.28823,2022/06/21 23:00:00+00,Wed 22 Jun 2022,60,95,0,3854871,3807555,241153,4096024,4048708,85.3601705026072,84.3741162637889,434
-7.6926,53.28823,2022/06/22 23:00:00+00,Thu 23 Jun 2022,64,113,0,3854935,3807668,241153,4096088,4048821,85.3615042474564,84.3764711570383,435
-7.6926,53.28823,2021/11/18 00:00:00+00,Thu 18 Nov 2021,1641,2518,5,3649426,3581949,241003,3890429,3822952,81.0756193733942,79.6694146673171,436
-7.6926,53.28823,2021/11/19 00:00:00+00,Fri 19 Nov 2021,1166,1565,0,3650592,3583514,241003,3891595,3824517,81.0999185373654,79.7020288968325,437
-7.6926,53.28823,2021/11/20 00:00:00+00,Sat 20 Nov 2021,1547,2952,12,3652139,3586466,241015,3893154,3827481,81.1324077283012,79.7637979551608,438
-7.6926,53.28823,2021/11/21 00:00:00+00,Sun 21 Nov 2021,1789,2771,0,3653928,3589237,241015,3894943,3830252,81.1696900647887,79.8215449391781,439
-7.6926,53.28823,2021/11/22 00:00:00+00,Mon 22 Nov 2021,725,523,3,3654653,3589760,241018,3895671,3830778,81.1848614124483,79.8325066546574,440
-7.6926,53.28823,2021/11/23 00:00:00+00,Tue 23 Nov 2021,2156,1603,8,3656809,3591363,241026,3897835,3832389,81.2299586601616,79.8660795132832,441
-7.6926,53.28823,2021/11/24 00:00:00+00,Wed 24 Nov 2021,1615,3154,2,3658424,3594517,241028,3899452,3835545,81.263656557367,79.9318498061589,442
-7.6926,53.28823,2021/11/25 00:00:00+00,Thu 25 Nov 2021,982,1191,2,3659406,3595708,241030,3900436,3836738,81.2841628844233,79.9567116437384,443
-7.6926,53.28823,2021/11/26 00:00:00+00,Fri 26 Nov 2021,1279,1115,12,3660685,3596823,241042,3901727,3837865,81.3110670188031,79.9801980569422,444
-7.6926,53.28823,2021/11/27 00:00:00+00,Sat 27 Nov 2021,1200,1567,6,3661885,3598390,241048,3902933,3839438,81.3361997733051,80.0129790045637,445
-7.6926,53.28823,2021/11/28 00:00:00+00,Sun 28 Nov 2021,1962,2263,1,3663847,3600653,241049,3904896,3841702,81.3771082286014,80.0601602286039,446
-7.6926,53.28823,2021/11/29 00:00:00+00,Mon 29 Nov 2021,536,1005,2,3664383,3601658,241051,3905434,3842709,81.3883200212399,80.0811458702154,447
-7.6926,53.28823,2021/11/30 00:00:00+00,Tue 30 Nov 2021,1898,1653,6,3666281,3603311,241057,3907338,3844368,81.4279989305033,80.115719037478,448
-7.6926,53.28823,2021/12/01 00:00:00+00,Wed 01 Dec 2021,1075,1392,4,3667356,3604703,241061,3908417,3845764,81.4504850350702,80.144811347001,449
-7.6926,53.28823,2021/12/02 00:00:00+00,Thu 02 Dec 2021,1737,1418,0,3669093,3606121,241061,3910154,3847182,81.4866837038678,80.1743621313159,450
-7.6926,53.28823,2021/12/03 00:00:00+00,Fri 03 Dec 2021,1016,1204,2,3670109,3607325,241063,3911172,3848388,81.5078985828753,80.1994948858179,451
-7.6926,53.28823,2021/12/04 00:00:00+00,Sat 04 Dec 2021,1204,1705,3,3671313,3609030,241066,3912379,3850096,81.5330521771405,80.2350892014807,452
-7.6926,53.28823,2021/12/05 00:00:00+00,Sun 05 Dec 2021,1349,1778,2,3672662,3610808,241068,3913730,3851876,81.5612066973164,80.2721839800989,453
-7.6926,53.28823,2021/12/06 00:00:00+00,Mon 06 Dec 2021,939,1306,0,3673601,3612114,241068,3914669,3853182,81.5807752350256,80.2994007109277,454
-7.6926,53.28823,2021/12/07 00:00:00+00,Tue 07 Dec 2021,486,751,2,3674087,3612865,241070,3915157,3853935,81.5909450395007,80.315093052669,455
-7.6926,53.28823,2021/12/08 00:00:00+00,Wed 08 Dec 2021,797,1526,2,3674884,3614391,241072,3915956,3855463,81.6075960103524,80.3469362109434,456
-7.6926,53.28823,2021/12/09 00:00:00+00,Thu 09 Dec 2021,787,1217,1,3675671,3615608,241073,3916744,3856681,81.624017743808,80.3723190426046,457
-7.6926,53.28823,2021/12/10 00:00:00+00,Fri 10 Dec 2021,894,1620,1,3676565,3617228,241074,3917639,3858302,81.6426693319335,80.4061002988631,458
-7.6926,53.28823,2021/12/11 00:00:00+00,Sat 11 Dec 2021,645,848,2,3677210,3618076,241076,3918286,3859152,81.6561526587682,80.4238140976414,459
-7.6926,53.28823,2021/12/12 00:00:00+00,Sun 12 Dec 2021,686,1193,0,3677896,3619269,241076,3918972,3860345,81.6704487363705,80.4486759352208,460
-7.6926,53.28823,2021/12/13 00:00:00+00,Mon 13 Dec 2021,724,1071,1,3678620,3620340,241077,3919697,3861417,81.6855575647403,80.4710161614448,461
-7.6926,53.28823,2021/12/14 00:00:00+00,Tue 14 Dec 2021,631,1204,3,3679251,3621544,241080,3920331,3862624,81.6987699746526,80.49616975571,462
-7.6926,53.28823,2021/12/15 00:00:00+00,Wed 15 Dec 2021,792,1258,1,3680043,3622802,241081,3921124,3863883,81.7152959069246,80.5224070176652,463
-7.6926,53.28823,2021/12/16 00:00:00+00,Thu 16 Dec 2021,1049,1549,8,3681092,3624351,241089,3922181,3865440,81.7373235366996,80.5548545290745,464
-7.6926,53.28823,2021/12/17 00:00:00+00,Fri 17 Dec 2021,1199,2460,1,3682291,3626811,241090,3923381,3867901,81.7623312526219,80.6061411864786,465
-7.6926,53.28823,2021/12/18 00:00:00+00,Sat 18 Dec 2021,1251,1185,0,3683542,3627996,241090,3924632,3869086,81.7884017964709,80.6308363059519,466
-7.6926,53.28823,2021/12/19 00:00:00+00,Sun 19 Dec 2021,553,892,2,3684095,3628888,241092,3925187,3869980,81.799967865085,80.649467054314,467
-7.6926,53.28823,2021/12/20 00:00:00+00,Mon 20 Dec 2021,516,622,1,3684611,3629510,241093,3925704,3870603,81.8107420226949,80.6624502268304,468
-7.6926,53.28823,2021/12/21 00:00:00+00,Tue 21 Dec 2021,1406,1822,3,3686017,3631332,241096,3927113,3872428,81.8401052491404,80.7004827947956,469
-7.6926,53.28823,2021/12/22 00:00:00+00,Wed 22 Dec 2021,1166,1602,2,3687183,3632934,241098,3928281,3874032,81.8644460926382,80.7339097750785,470
-7.6926,53.28823,2021/12/23 00:00:00+00,Thu 23 Dec 2021,930,1403,0,3688113,3634337,241098,3929211,3875435,81.883827072478,80.7631479629444,471
-7.6926,53.28823,2021/12/24 00:00:00+00,Fri 24 Dec 2021,101,164,0,3688214,3634501,241098,3929312,3875599,81.8859318885681,80.7665656841205,472
-7.6926,53.28823,2021/12/25 00:00:00+00,Sat 25 Dec 2021,1,6,0,3688215,3634507,241098,3929313,3875605,81.8859527283314,80.7666907227001,473
-7.6926,53.28823,2021/12/26 00:00:00+00,Sun 26 Dec 2021,12,13,0,3688227,3634520,241098,3929325,3875618,81.8862028054906,80.7669616396226,474
-7.6926,53.28823,2021/12/27 00:00:00+00,Mon 27 Dec 2021,392,591,0,3688619,3635111,241098,3929717,3876209,81.8943719926919,80.7792779397143,475
-7.6926,53.28823,2021/12/28 00:00:00+00,Tue 28 Dec 2021,469,752,0,3689088,3635863,241098,3930186,3876961,81.9041458416649,80.7949494416923,476
-7.6926,53.28823,2021/12/29 00:00:00+00,Wed 29 Dec 2021,1058,1313,0,3690146,3637176,241098,3931244,3878274,81.9261943112031,80.822312050864,477
-7.6926,53.28823,2021/12/30 00:00:00+00,Thu 30 Dec 2021,1051,1201,1,3691197,3638377,241099,3932296,3879476,81.9481177421617,80.8473614463129,478
-7.6926,53.28823,2021/12/31 00:00:00+00,Fri 31 Dec 2021,714,1681,0,3691911,3640058,241099,3933010,3881157,81.9629973331355,80.8823930883675,479
-7.6926,53.28823,2022/01/01 00:00:00+00,Sat 01 Jan 2022,71,100,0,3691982,3640158,241099,3933081,3881257,81.9644769563276,80.8844770646943,480
-7.6926,53.28823,2022/01/02 00:00:00+00,Sun 02 Jan 2022,271,629,0,3692253,3640787,241099,3933352,3881886,81.9701245321734,80.8975852757903,481
-7.6926,53.28823,2022/01/03 00:00:00+00,Mon 03 Jan 2022,3633,729,1,3695886,3641516,241100,3936986,3882616,82.0458562318915,80.9127983029764,482
-7.6926,53.28823,2022/01/04 00:00:00+00,Tue 04 Jan 2022,1190,785,1,3697076,3642301,241101,3938177,3883402,82.0706763899445,80.9291783569055,483
-7.6926,53.28823,2022/01/05 00:00:00+00,Wed 05 Jan 2022,2139,914,0,3699215,3643215,241101,3940316,3884316,82.1152526435761,80.9482259005331,484
-7.6926,53.28823,2022/01/06 00:00:00+00,Thu 06 Jan 2022,2454,1700,1,3701669,3644915,241102,3942771,3886017,82.1664142624006,80.983674337853,485
-7.6926,53.28823,2022/01/07 00:00:00+00,Fri 07 Jan 2022,4854,785,2,3706523,3645700,241104,3947627,3886804,82.267612152833,81.0000752315454,486
-7.6926,53.28823,2022/01/08 00:00:00+00,Sat 08 Jan 2022,9789,745,2,3716312,3646445,241106,3957418,3887551,82.4716542749961,81.0156425347071,487
-7.6926,53.28823,2022/01/09 00:00:00+00,Sun 09 Jan 2022,7116,667,0,3723428,3647112,241106,3964534,3888218,82.6199500304156,81.0295426568072,488
-7.6926,53.28823,2022/01/10 00:00:00+00,Mon 10 Jan 2022,6666,510,1,3730094,3647622,241107,3971201,3888729,82.7588887321276,81.0401917758375,489
-7.6926,53.28823,2022/01/11 00:00:00+00,Tue 11 Jan 2022,4779,1372,1,3734873,3648994,241108,3975981,3890102,82.8585028005516,81.0688047708053,490
-7.6926,53.28823,2022/01/12 00:00:00+00,Wed 12 Jan 2022,7560,928,1,3742433,3649922,241109,3983542,3891031,83.0160722506257,81.0881649108819,491
-7.6926,53.28823,2022/01/13 00:00:00+00,Thu 13 Jan 2022,7322,818,0,3749755,3650740,241109,3990864,3891849,83.1686609972785,81.1052118372356,492
-7.6926,53.28823,2022/01/14 00:00:00+00,Fri 14 Jan 2022,10724,839,0,3760479,3651579,241109,4001588,3892688,83.3921466185713,81.122696398618,493
-7.6926,53.28823,2022/01/15 00:00:00+00,Sat 15 Jan 2022,8363,653,2,3768842,3652232,241111,4009953,3893343,83.5664712383133,81.1363464435589,494
-7.6926,53.28823,2022/01/16 00:00:00+00,Sun 16 Jan 2022,6965,1216,1,3775807,3653448,241112,4016919,3894560,83.7116410292426,81.1617084354569,495
-7.6926,53.28823,2022/01/17 00:00:00+00,Mon 17 Jan 2022,2565,563,0,3778372,3654011,241112,4019484,3895123,83.7650950220266,81.1734412221771,496
-7.6926,53.28823,2022/01/18 00:00:00+00,Tue 18 Jan 2022,4056,454,3,3782428,3654465,241115,4023543,3895580,83.8496836211339,81.1829649939909,497
-7.6926,53.28823,2022/01/19 00:00:00+00,Wed 19 Jan 2022,3487,623,0,3785915,3655088,241115,4027030,3896203,83.9223518756516,81.1959481665072,498
-7.6926,53.28823,2022/01/20 00:00:00+00,Thu 20 Jan 2022,3699,938,0,3789614,3656026,241115,4030729,3897141,83.9994381599823,81.2154958644532,499
-7.6926,53.28823,2022/01/21 00:00:00+00,Fri 21 Jan 2022,3252,977,0,3792866,3657003,241115,4033981,3898118,84.0672090701318,81.2358563131666,500
-7.6926,53.28823,2022/01/22 00:00:00+00,Sat 22 Jan 2022,4273,645,0,3797139,3657648,241115,4038254,3898763,84.1562573785787,81.2492979604749,501
-7.6926,53.28823,2022/01/23 00:00:00+00,Sun 23 Jan 2022,3094,680,0,3800233,3658328,241115,4041348,3899443,84.2207356061318,81.2634689994976,502
-7.6926,53.28823,2022/01/24 00:00:00+00,Mon 24 Jan 2022,646,469,0,3800879,3658797,241115,4041994,3899912,84.2341980932033,81.2732428484705,503
-7.6926,53.28823,2022/01/25 00:00:00+00,Tue 25 Jan 2022,692,1837,1,3801571,3660634,241116,4042687,3901750,84.2486400491485,81.3115463333583,504
-7.6926,53.28823,2022/01/26 00:00:00+00,Wed 26 Jan 2022,700,898,0,3802271,3661532,241116,4043387,3902648,84.2632278834365,81.3302604407735,505
-7.6926,53.28823,2022/01/27 00:00:00+00,Thu 27 Jan 2022,1277,1178,0,3803548,3662710,241116,4044664,3903826,84.2898402611306,81.3548096819039,506
-7.6926,53.28823,2022/01/28 00:00:00+00,Fri 28 Jan 2022,1029,3095,1,3804577,3665805,241117,4045694,3906922,84.3113052172972,81.4193295889836,507
-7.6926,53.28823,2022/01/29 00:00:00+00,Sat 29 Jan 2022,2329,3446,0,3806906,3669251,241117,4048023,3910368,84.3598410259499,81.4911434132073,508
-7.6926,53.28823,2022/01/30 00:00:00+00,Sun 30 Jan 2022,1639,7538,0,3808545,3676789,241117,4049662,3917906,84.3939973979472,81.6482335487262,509
-7.6926,53.28823,2022/01/31 00:00:00+00,Mon 31 Jan 2022,482,1396,0,3809027,3678185,241117,4050144,3919302,84.4040421638426,81.6773258582492,510
-7.6926,53.28823,2022/02/01 00:00:00+00,Tue 01 Feb 2022,751,3422,1,3809778,3681607,241118,4050896,3922725,84.4197136658206,81.7486603679177,511
-7.6926,53.28823,2022/02/02 00:00:00+00,Wed 02 Feb 2022,653,2998,0,3810431,3684605,241118,4051549,3925723,84.4333220312351,81.811137978197,512
-7.6926,53.28823,2022/02/03 00:00:00+00,Thu 03 Feb 2022,908,2436,1,3811339,3687041,241119,4052458,3928160,84.4522653760462,81.8619244812827,513
-7.6926,53.28823,2022/02/04 00:00:00+00,Fri 04 Feb 2022,1173,6524,0,3812512,3693565,241119,4053631,3934684,84.4767104183603,81.9978830968472,514
-7.6926,53.28823,2022/02/05 00:00:00+00,Sat 05 Feb 2022,1777,5750,0,3814289,3699315,241119,4055408,3940434,84.5137426776887,82.1177117356418,515
-7.6926,53.28823,2022/02/06 00:00:00+00,Sun 06 Feb 2022,1407,7556,0,3815696,3706871,241119,4056815,3947990,84.5430642246076,82.2751769868995,516
-7.6926,53.28823,2022/02/07 00:00:00+00,Mon 07 Feb 2022,441,1352,0,3816137,3708223,241119,4057256,3949342,84.5522545602091,82.3033523468387,517
-7.6926,53.28823,2022/02/08 00:00:00+00,Tue 08 Feb 2022,899,1238,0,3817036,3709461,241119,4058155,3950580,84.5709895073876,82.3291519737652,518
-7.6926,53.28823,2022/02/09 00:00:00+00,Wed 09 Feb 2022,1335,1785,0,3818371,3711246,241119,4059490,3952365,84.5988105913512,82.3663509511997,519
-7.6926,53.28823,2022/02/10 00:00:00+00,Thu 10 Feb 2022,687,2555,1,3819058,3713801,241120,4060178,3954921,84.61314834848,82.4196173861143,520
-7.6926,53.28823,2022/02/11 00:00:00+00,Fri 11 Feb 2022,546,4925,0,3819604,3718726,241120,4060724,3959846,84.6245268592247,82.5222532202123,521
-7.6926,53.28823,2022/02/12 00:00:00+00,Sat 12 Feb 2022,1397,5463,0,3821001,3724189,241120,4062121,3965309,84.653640008511,82.6361008469488,522
-7.6926,53.28823,2022/02/13 00:00:00+00,Sun 13 Feb 2022,1566,4706,0,3822567,3728895,241120,4063687,3970015,84.6862750777896,82.734172772891,523
-7.6926,53.28823,2022/02/14 00:00:00+00,Mon 14 Feb 2022,175,954,0,3822742,3729849,241120,4063862,3970969,84.6899220363616,82.7540539070492,524
-7.6926,53.28823,2022/02/15 00:00:00+00,Tue 15 Feb 2022,650,817,1,3823392,3730666,241121,4064513,3971787,84.7034887222495,82.771100833403,525
-7.6926,53.28823,2022/02/16 00:00:00+00,Wed 16 Feb 2022,798,1787,0,3824190,3732453,241121,4065311,3973574,84.7201188533379,82.808341490364,526
-7.6926,53.28823,2022/02/17 00:00:00+00,Thu 17 Feb 2022,791,1194,2,3824981,3733647,241123,4066104,3974770,84.7366447856099,82.8332658472333,527
-7.6926,53.28823,2022/02/18 00:00:00+00,Fri 18 Feb 2022,792,3295,0,3825773,3736942,241123,4066896,3978065,84.7531498781186,82.9019328672034,528
-7.6926,53.28823,2022/02/19 00:00:00+00,Sat 19 Feb 2022,980,3556,0,3826753,3740498,241123,4067876,3981621,84.7735728461219,82.9760390653866,529
-7.6926,53.28823,2022/02/20 00:00:00+00,Sun 20 Feb 2022,1365,3588,0,3828118,3744086,241123,4069241,3985209,84.8020191229836,83.0508121359945,530
-7.6926,53.28823,2022/02/21 00:00:00+00,Mon 21 Feb 2022,254,996,1,3828372,3745082,241124,4069496,3986206,84.8073332626171,83.0715893799733,531
-7.6926,53.28823,2022/02/22 00:00:00+00,Tue 22 Feb 2022,475,985,1,3828847,3746067,241125,4069972,3987192,84.8172529899329,83.0921373865561,532
-7.6926,53.28823,2022/02/23 00:00:00+00,Wed 23 Feb 2022,829,1273,1,3829676,3747340,241126,4070802,3988466,84.8345499934459,83.1186872449604,533
-7.6926,53.28823,2022/02/24 00:00:00+00,Thu 24 Feb 2022,653,1236,0,3830329,3748576,241126,4071455,3989702,84.8481583588603,83.1444451923604,534
-7.6926,53.28823,2022/02/25 00:00:00+00,Fri 25 Feb 2022,693,1228,0,3831022,3749804,241126,4072148,3990930,84.8626003148055,83.1700364216543,535
-7.6926,53.28823,2022/02/26 00:00:00+00,Sat 26 Feb 2022,960,2092,0,3831982,3751896,241126,4073108,3993022,84.8826064875433,83.2136332064122,536
-7.6926,53.28823,2022/02/27 00:00:00+00,Sun 27 Feb 2022,671,1783,0,3832653,3753679,241126,4073779,3994805,84.8965899686966,83.2507905043202,537
-7.6926,53.28823,2022/02/28 00:00:00+00,Mon 28 Feb 2022,81,437,0,3832734,3754116,241126,4073860,3995242,84.8982779895213,83.2598974808686,538
-7.6926,53.28823,2022/03/01 00:00:00+00,Tue 01 Mar 2022,133,937,0,3832867,3755053,241126,4073993,3996179,84.9010496780361,83.2794243390513,539
-7.6926,53.28823,2022/03/02 00:00:00+00,Wed 02 Mar 2022,207,997,2,3833074,3756050,241128,4074202,3997178,84.9054051885592,83.3002432625566,540
-7.6926,53.28823,2022/03/03 00:00:00+00,Thu 03 Mar 2022,279,1277,0,3833353,3757327,241128,4074481,3998455,84.9112194825112,83.3268556402507,541
-7.6926,53.28823,2022/03/04 00:00:00+00,Fri 04 Mar 2022,735,1508,1,3834088,3758835,241129,4075217,3999964,84.9265575482769,83.358302843023,542
-7.6926,53.28823,2022/06/23 23:00:00+00,Fri 24 Jun 2022,55,93,1,3854990,3807761,241154,4096144,4048915,85.3626712741994,84.3784300947855,543
-7.6926,53.28823,2022/06/24 23:00:00+00,Sat 25 Jun 2022,210,293,0,3855200,3808054,241154,4096354,4049208,85.3670476244858,84.3845361454232,544
-7.6926,53.28823,2022/06/25 23:00:00+00,Sun 26 Jun 2022,174,402,0,3855374,3808456,241154,4096528,4049610,85.3706737432945,84.3929137302572,545
-7.6926,53.28823,2022/06/26 23:00:00+00,Mon 27 Jun 2022,5,34,0,3855379,3808490,241154,4096533,4049644,85.3707779421109,84.3936222822083,546
-7.6926,53.28823,2022/06/27 23:00:00+00,Tue 28 Jun 2022,49,60,0,3855428,3808550,241154,4096582,4049704,85.371799090511,84.3948726680044,547
-7.6926,53.28823,2022/06/28 23:00:00+00,Wed 29 Jun 2022,63,81,3,3855491,3808631,241157,4096648,4049788,85.3731745148868,84.396623208119,548
-7.6926,53.28823,2022/06/29 23:00:00+00,Thu 30 Jun 2022,48,89,0,3855539,3808720,241157,4096696,4049877,85.3741748235237,84.3984779470499,549
-7.6926,53.28823,2022/06/30 23:00:00+00,Fri 01 Jul 2022,46,65,0,3855585,3808785,241157,4096742,4049942,85.375133452634,84.3998325316624,550
-7.6926,53.28823,2022/07/01 23:00:00+00,Sat 02 Jul 2022,182,228,0,3855767,3809013,241157,4096924,4050170,85.3789262895489,84.4045839976876,551
-7.6926,53.28823,2022/07/02 23:00:00+00,Sun 03 Jul 2022,108,273,0,3855875,3809286,241157,4097032,4050443,85.3811769839819,84.41027325306,552
-7.6926,53.28823,2022/07/03 23:00:00+00,Mon 04 Jul 2022,14,15,0,3855889,3809301,241157,4097046,4050458,85.3814687406677,84.410585849509,553
-7.6926,53.28823,2022/07/04 23:00:00+00,Tue 05 Jul 2022,51,70,0,3855940,3809371,241157,4097097,4050528,85.3825315685944,84.4120446329378,554
-7.6926,53.28823,2022/07/05 23:00:00+00,Wed 06 Jul 2022,60,83,0,3856000,3809454,241157,4097157,4050611,85.3837819543905,84.4137743332891,555
-7.6926,53.28823,2022/07/06 23:00:00+00,Thu 07 Jul 2022,77,77,0,3856077,3809531,241157,4097234,4050688,85.3853866161622,84.4153789950608,556
-7.6926,53.28823,2022/07/07 23:00:00+00,Fri 08 Jul 2022,99,90,0,3856176,3809621,241157,4097333,4050778,85.3874497527258,84.4172545737549,557
-7.6926,53.28823,2022/07/08 23:00:00+00,Sat 09 Jul 2022,119,143,0,3856295,3809764,241157,4097452,4050921,85.3899296845548,84.4202346599024,558
-7.6926,53.28823,2022/07/09 23:00:00+00,Sun 10 Jul 2022,134,219,0,3856429,3809983,241157,4097586,4051140,85.3927222128328,84.4247985680582,559
-7.6926,53.28823,2022/07/10 23:00:00+00,Mon 11 Jul 2022,11,16,0,3856440,3809999,241157,4097597,4051156,85.3929514502287,84.4251320042705,560
-7.6926,53.28823,2022/07/11 23:00:00+00,Tue 12 Jul 2022,44,81,0,3856484,3810080,241157,4097641,4051237,85.3938683998125,84.4268200250952,561
-7.6926,53.28823,2022/07/12 23:00:00+00,Wed 13 Jul 2022,99,74,0,3856583,3810154,241157,4097740,4051311,85.3959315363761,84.4283621675771,562
-7.6926,53.28823,2022/07/13 23:00:00+00,Thu 14 Jul 2022,72,39,0,3856655,3810193,241157,4097812,4051350,85.3974319993315,84.4291749183446,563
-7.6926,53.28823,2022/07/14 23:00:00+00,Fri 15 Jul 2022,80,118,1,3856735,3810311,241158,4097893,4051469,85.3991200201562,84.4316548501736,564
-7.6926,53.28823,2022/07/15 23:00:00+00,Sat 16 Jul 2022,124,209,0,3856859,3810520,241158,4098017,4051678,85.4017041508015,84.4360103606967,565
-7.6926,53.28823,2022/07/16 23:00:00+00,Sun 17 Jul 2022,119,165,0,3856978,3810685,241158,4098136,4051843,85.4041840826305,84.439448921636,566
-7.6926,53.28823,2022/07/17 23:00:00+00,Mon 18 Jul 2022,14,18,0,3856992,3810703,241158,4098150,4051861,85.4044758393162,84.4398240373749,567
-7.6926,53.28823,2022/07/18 23:00:00+00,Tue 19 Jul 2022,30,34,0,3857022,3810737,241158,4098180,4051895,85.4051010322143,84.440532589326,568
-7.6926,53.28823,2022/07/19 23:00:00+00,Wed 20 Jul 2022,78,66,0,3857100,3810803,241158,4098258,4051961,85.4067265337493,84.4419080137017,569
-7.6926,53.28823,2022/07/20 23:00:00+00,Thu 21 Jul 2022,52,30,0,3857152,3810833,241158,4098310,4051991,85.4078102014392,84.4425332065998,570
-7.6926,53.28823,2022/07/21 23:00:00+00,Fri 22 Jul 2022,75,70,0,3857227,3810903,241158,4098385,4052061,85.4093731836844,84.4439919900286,571
-7.6926,53.28823,2022/07/22 23:00:00+00,Sat 23 Jul 2022,99,175,0,3857326,3811078,241158,4098484,4052236,85.411436320248,84.4476389486006,572
-7.6926,53.28823,2022/07/23 23:00:00+00,Sun 24 Jul 2022,108,230,0,3857434,3811308,241158,4098592,4052466,85.413687014681,84.4524320941524,573
-7.6926,53.28823,2022/07/24 23:00:00+00,Mon 25 Jul 2022,14,23,0,3857448,3811331,241158,4098606,4052489,85.4139787713667,84.4529114087076,574
-7.6926,53.28823,2022/07/25 23:00:00+00,Tue 26 Jul 2022,18,16,0,3857466,3811347,241158,4098624,4052505,85.4143538871056,84.4532448449199,575
-7.6926,53.28823,2022/07/26 23:00:00+00,Wed 27 Jul 2022,61,72,1,3857527,3811419,241159,4098686,4052578,85.4156459524282,84.4547661476385,576
-7.6926,53.28823,2022/07/27 23:00:00+00,Thu 28 Jul 2022,48,71,0,3857575,3811490,241159,4098734,4052649,85.4166462610651,84.4562457708305,577
-7.6926,53.28823,2022/07/28 23:00:00+00,Fri 29 Jul 2022,71,105,0,3857646,3811595,241159,4098805,4052754,85.4181258842572,84.4584339459737,578
-7.6926,53.28823,2022/07/29 23:00:00+00,Sat 30 Jul 2022,100,119,0,3857746,3811714,241159,4098905,4052873,85.4202098605841,84.4609138778027,579
-7.6926,53.28823,2022/07/30 23:00:00+00,Sun 31 Jul 2022,32,57,0,3857778,3811771,241159,4098937,4052930,85.4208767330087,84.462101744309,580
-7.6926,53.28823,2022/07/31 23:00:00+00,Mon 01 Aug 2022,10,15,0,3857788,3811786,241159,4098947,4052945,85.4210851306413,84.462414340758,581
-7.6926,53.28823,2022/08/01 23:00:00+00,Tue 02 Aug 2022,36,30,0,3857824,3811816,241159,4098983,4052975,85.421835362119,84.4630395336561,582
-7.6926,53.28823,2022/08/02 23:00:00+00,Wed 03 Aug 2022,93,139,0,3857917,3811955,241159,4099076,4053114,85.423773460103,84.4659362607505,583
-7.6926,53.28823,2022/08/03 23:00:00+00,Thu 04 Aug 2022,45,52,0,3857962,3812007,241159,4099121,4053166,85.4247112494501,84.4670199284404,584
-7.6926,53.28823,2022/08/04 23:00:00+00,Fri 05 Aug 2022,96,91,0,3858058,3812098,241159,4099217,4053257,85.4267118667239,84.4689163468979,585
-7.6926,53.28823,2022/08/05 23:00:00+00,Sat 06 Aug 2022,74,130,0,3858132,3812228,241159,4099291,4053387,85.4282540092058,84.4716255161228,586
-7.6926,53.28823,2022/08/06 23:00:00+00,Sun 07 Aug 2022,28,80,0,3858160,3812308,241159,4099319,4053467,85.4288375225773,84.4732926971843,587
-7.6926,53.28823,2022/08/07 23:00:00+00,Mon 08 Aug 2022,11,15,0,3858171,3812323,241159,4099330,4053482,85.4290667599732,84.4736052936333,588
-7.6926,53.28823,2022/08/08 23:00:00+00,Tue 09 Aug 2022,47,42,0,3858218,3812365,241159,4099377,4053524,85.4300462288469,84.4744805636906,589
-7.6926,53.28823,2022/08/09 23:00:00+00,Wed 10 Aug 2022,55,94,1,3858273,3812459,241160,4099433,4053619,85.4312132555899,84.4764603412011,590
-7.6926,53.28823,2022/08/10 23:00:00+00,Thu 11 Aug 2022,44,42,0,3858317,3812501,241160,4099477,4053661,85.4321302051737,84.4773356112584,591
-7.6926,53.28823,2022/08/11 23:00:00+00,Fri 12 Aug 2022,69,75,0,3858386,3812576,241160,4099546,4053736,85.4335681488393,84.4788985935035,592
-7.6926,53.28823,2022/08/12 23:00:00+00,Sat 13 Aug 2022,103,151,0,3858489,3812727,241160,4099649,4053887,85.4357146444559,84.4820453977571,593
-7.6926,53.28823,2022/08/13 23:00:00+00,Sun 14 Aug 2022,17,26,0,3858506,3812753,241160,4099666,4053913,85.4360689204315,84.4825872316021,594
-7.6926,53.28823,2022/08/14 23:00:00+00,Mon 15 Aug 2022,7,11,0,3858513,3812764,241160,4099673,4053924,85.4362147987744,84.482816468998,595
-7.6926,53.28823,2022/08/15 23:00:00+00,Tue 16 Aug 2022,41,28,0,3858554,3812792,241160,4099714,4053952,85.4370692290684,84.4833999823696,596
-7.6926,53.28823,2022/08/16 23:00:00+00,Wed 17 Aug 2022,51,58,0,3858605,3812850,241160,4099765,4054010,85.4381320569951,84.4846086886391,597
-7.6926,53.28823,2022/08/17 23:00:00+00,Thu 18 Aug 2022,55,39,0,3858660,3812889,241160,4099820,4054049,85.4392782439749,84.4854214394066,598
-7.6926,53.28823,2022/08/18 23:00:00+00,Fri 19 Aug 2022,74,56,0,3858734,3812945,241160,4099894,4054105,85.4408203864567,84.4865884661497,599
-7.6926,53.28823,2022/08/19 23:00:00+00,Sat 20 Aug 2022,109,127,1,3858843,3813072,241161,4100004,4054233,85.4431127604163,84.489255955848,600
-7.6926,53.28823,2022/08/20 23:00:00+00,Sun 21 Aug 2022,39,36,0,3858882,3813108,241161,4100043,4054269,85.4439255111838,84.4900061873257,601
-7.6926,53.28823,2022/08/21 23:00:00+00,Mon 22 Aug 2022,12,13,0,3858894,3813121,241161,4100055,4054282,85.444175588343,84.4902771042482,602
-7.6926,53.28823,2022/08/22 23:00:00+00,Tue 23 Aug 2022,78,73,0,3858972,3813194,241161,4100133,4054355,85.4458010898779,84.4917984069668,603
-7.6926,53.28823,2022/08/23 23:00:00+00,Wed 24 Aug 2022,53,56,0,3859025,3813250,241161,4100186,4054411,85.4469055973312,84.4929654337099,604
-7.6926,53.28823,2022/08/24 23:00:00+00,Thu 25 Aug 2022,40,49,0,3859065,3813299,241161,4100226,4054460,85.4477391878619,84.49398658211,605
-7.6926,53.28823,2022/08/25 23:00:00+00,Fri 26 Aug 2022,99,90,0,3859164,3813389,241161,4100325,4054550,85.4498023244255,84.4958621608042,606
-7.6926,53.28823,2022/08/26 23:00:00+00,Sat 27 Aug 2022,86,119,0,3859250,3813508,241161,4100411,4054669,85.4515945440666,84.4983420926332,607
-7.6926,53.28823,2022/08/27 23:00:00+00,Sun 28 Aug 2022,44,21,0,3859294,3813529,241161,4100455,4054690,85.4525114936504,84.4987797276618,608
-7.6926,53.28823,2022/08/28 23:00:00+00,Mon 29 Aug 2022,13,12,0,3859307,3813541,241161,4100468,4054702,85.4527824105729,84.499029804821,609
-7.6926,53.28823,2022/08/29 23:00:00+00,Tue 30 Aug 2022,41,44,1,3859348,3813585,241162,4100510,4054747,85.4536576806302,84.4999675941681,610
-7.6926,53.28823,2022/08/30 23:00:00+00,Wed 31 Aug 2022,28,29,0,3859376,3813614,241162,4100538,4054776,85.4542411940017,84.5005719473029,611
-7.6926,53.28823,2022/08/31 23:00:00+00,Thu 01 Sep 2022,35,30,0,3859411,3813644,241162,4100573,4054806,85.4549705857161,84.501197140201,612
-7.6926,53.28823,2022/09/01 23:00:00+00,Fri 02 Sep 2022,48,51,0,3859459,3813695,241162,4100621,4054857,85.455970894353,84.5022599681277,613
-7.6926,53.28823,2022/09/02 23:00:00+00,Sat 03 Sep 2022,73,101,0,3859532,3813796,241162,4100694,4054958,85.4574921970716,84.5043647842178,614
-7.6926,53.28823,2022/09/03 23:00:00+00,Sun 04 Sep 2022,58,82,0,3859590,3813878,241162,4100752,4055040,85.4587009033412,84.5060736448058,615
-7.6926,53.28823,2022/09/04 23:00:00+00,Mon 05 Sep 2022,9,5,0,3859599,3813883,241162,4100761,4055045,85.4588884612106,84.5061778436222,616
-7.6926,53.28823,2022/09/05 23:00:00+00,Tue 06 Sep 2022,42,22,0,3859641,3813905,241162,4100803,4055067,85.4597637312679,84.5066363184141,617
-7.6926,53.28823,2022/09/06 23:00:00+00,Wed 07 Sep 2022,48,42,0,3859689,3813947,241162,4100851,4055109,85.4607640399048,84.5075115884714,618
-7.6926,53.28823,2022/09/07 23:00:00+00,Thu 08 Sep 2022,39,50,2,3859728,3813997,241164,4100892,4055161,85.4616184701988,84.5085952561613,619
-7.6926,53.28823,2022/09/08 23:00:00+00,Fri 09 Sep 2022,64,60,0,3859792,3814057,241164,4100956,4055221,85.462952215048,84.5098456419575,620
-7.6926,53.28823,2022/09/09 23:00:00+00,Sat 10 Sep 2022,94,135,0,3859886,3814192,241164,4101050,4055356,85.4649111527953,84.5126590099987,621
-7.6926,53.28823,2022/09/10 23:00:00+00,Sun 11 Sep 2022,58,58,0,3859944,3814250,241164,4101108,4055414,85.4661198590648,84.5138677162683,622
-7.6926,53.28823,2022/09/11 23:00:00+00,Mon 12 Sep 2022,13,13,0,3859957,3814263,241164,4101121,4055427,85.4663907759873,84.5141386331908,623
-7.6926,53.28823,2022/09/12 23:00:00+00,Tue 13 Sep 2022,29,25,0,3859986,3814288,241164,4101150,4055452,85.4669951291221,84.5146596272725,624
-7.6926,53.28823,2022/09/13 23:00:00+00,Wed 14 Sep 2022,36,33,0,3860022,3814321,241164,4101186,4055485,85.4677453605998,84.5153473394604,625
-7.6926,53.28823,2022/09/14 23:00:00+00,Thu 15 Sep 2022,51,36,0,3860073,3814357,241164,4101237,4055521,85.4688081885265,84.516097570938,626
-7.6926,53.28823,2022/09/15 23:00:00+00,Fri 16 Sep 2022,38,56,0,3860111,3814413,241164,4101275,4055577,85.4696000995307,84.5172645976811,627
-7.6926,53.28823,2022/09/16 23:00:00+00,Sat 17 Sep 2022,67,149,0,3860178,3814562,241164,4101342,4055726,85.4709963636697,84.5203697224081,628
-7.6926,53.28823,2022/09/17 23:00:00+00,Sun 18 Sep 2022,30,53,0,3860208,3814615,241164,4101372,4055779,85.4716215565678,84.5214742298613,629
-7.6926,53.28823,2022/09/18 23:00:00+00,Mon 19 Sep 2022,11,11,0,3860219,3814626,241164,4101383,4055790,85.4718507939637,84.5217034672573,630
-7.6926,53.28823,2022/09/19 23:00:00+00,Tue 20 Sep 2022,39,37,0,3860258,3814663,241164,4101422,4055827,85.4726635447312,84.5224745384982,631
-7.6926,53.28823,2022/09/20 23:00:00+00,Wed 21 Sep 2022,42,32,0,3860300,3814695,241164,4101464,4055859,85.4735388147885,84.5231414109228,632
-7.6926,53.28823,2022/09/21 23:00:00+00,Thu 22 Sep 2022,61,34,0,3860361,3814729,241164,4101525,4055893,85.4748100403479,84.523849962874,633
-7.6926,53.28823,2022/09/22 23:00:00+00,Fri 23 Sep 2022,38,39,0,3860399,3814768,241164,4101563,4055932,85.4756019513521,84.5246627136414,634
-7.6926,53.28823,2022/09/23 23:00:00+00,Sat 24 Sep 2022,56,104,0,3860455,3814872,241164,4101619,4056036,85.4767689780951,84.5268300490214,635
-7.6926,53.28823,2022/09/24 23:00:00+00,Sun 25 Sep 2022,42,74,0,3860497,3814946,241164,4101661,4056110,85.4776442481524,84.5283721915033,636
-7.6926,53.28823,2022/09/25 23:00:00+00,Mon 26 Sep 2022,24,10,0,3860521,3814956,241164,4101685,4056120,85.4781444024708,84.5285805891359,637
-7.6926,53.28823,2022/09/26 23:00:00+00,Tue 27 Sep 2022,30,33,2,3860551,3814989,241166,4101717,4056155,85.4788112748954,84.5293099808503,638
-7.6926,53.28823,2022/09/27 23:00:00+00,Wed 28 Sep 2022,43,27,0,3860594,3815016,241166,4101760,4056182,85.479707384716,84.5298726544586,639
-7.6926,53.28823,2022/09/28 23:00:00+00,Thu 29 Sep 2022,31,23,0,3860625,3815039,241166,4101791,4056205,85.4803534173773,84.5303519690138,640
-7.6926,53.28823,2022/09/29 23:00:00+00,Fri 30 Sep 2022,39,58,0,3860664,3815097,241166,4101830,4056263,85.4811661681448,84.5315606752834,641
-7.6926,53.28823,2022/09/30 23:00:00+00,Sat 01 Oct 2022,53,105,0,3860717,3815202,241166,4101883,4056368,85.482270675598,84.5337488504266,642
-7.6926,53.28823,2022/10/01 23:00:00+00,Sun 02 Oct 2022,26,47,0,3860743,3815249,241166,4101909,4056415,85.482812509443,84.5347283193002,643
-7.6926,53.28823,2022/10/02 23:00:00+00,Mon 03 Oct 2022,22,1,0,3860765,3815250,241166,4101931,4056416,85.4832709842349,84.5347491590635,644
-7.6926,53.28823,2022/10/03 23:00:00+00,Tue 04 Oct 2022,29,17,0,3860794,3815267,241166,4101960,4056433,85.4838753373697,84.535103435039,645
-7.6926,53.28823,2022/10/04 23:00:00+00,Wed 05 Oct 2022,49,37,0,3860843,3815304,241166,4102009,4056470,85.4848964857699,84.53587450628,646
-7.6926,53.28823,2022/10/05 23:00:00+00,Thu 06 Oct 2022,56,27,0,3860899,3815331,241166,4102065,4056497,85.4860635125129,84.5364371798882,647
-7.6926,53.28823,2022/10/06 23:00:00+00,Fri 07 Oct 2022,80,40,0,3860979,3815371,241166,4102145,4056537,85.4877306935744,84.537270770419,648
-7.6926,53.28823,2022/03/05 00:00:00+00,Sat 05 Mar 2022,963,3343,0,3835051,3762178,241129,4076180,4003307,84.9466262403046,83.42797017163,649
-7.6926,53.28823,2022/03/06 00:00:00+00,Sun 06 Mar 2022,455,1916,0,3835506,3764094,241129,4076635,4005223,84.9561083325918,83.4678991580527,650
-7.6926,53.28823,2022/03/07 00:00:00+00,Mon 07 Mar 2022,116,125,1,3835622,3764219,241130,4076752,4005349,84.9585465848942,83.4705249682246,651
-7.6926,53.28823,2022/03/08 00:00:00+00,Tue 08 Mar 2022,120,493,0,3835742,3764712,241130,4076872,4005842,84.9610473564864,83.480798971516,652
-7.6926,53.28823,2022/03/09 00:00:00+00,Wed 09 Mar 2022,130,344,1,3835872,3765056,241131,4077003,4006187,84.9637773654746,83.4879886898437,653
-7.6926,53.28823,2022/03/10 00:00:00+00,Thu 10 Mar 2022,259,508,0,3836131,3765564,241131,4077262,4006695,84.9691748641612,83.4985752895841,654
-7.6926,53.28823,2022/03/11 00:00:00+00,Fri 11 Mar 2022,493,2183,0,3836624,3767747,241131,4077755,4008878,84.9794488674526,83.5440684927996,655
-7.6926,53.28823,2022/03/12 00:00:00+00,Sat 12 Mar 2022,473,2393,2,3837097,3770140,241133,4078230,4011273,84.9893477550052,83.5939797258279,656
-7.6926,53.28823,2022/03/13 00:00:00+00,Sun 13 Mar 2022,358,1082,0,3837455,3771222,241133,4078588,4012355,84.9968083902554,83.6165283496846,657
-7.6926,53.28823,2022/03/14 00:00:00+00,Mon 14 Mar 2022,109,122,0,3837564,3771344,241133,4078697,4012477,84.9990799244517,83.6190708008033,658
-7.6926,53.28823,2022/03/15 00:00:00+00,Tue 15 Mar 2022,222,755,1,3837786,3772099,241134,4078920,4013233,85.0037271916606,83.6348256618344,659
-7.6926,53.28823,2022/03/16 00:00:00+00,Wed 16 Mar 2022,195,798,0,3837981,3772897,241134,4079115,4014031,85.007790945498,83.6514557929228,660
-7.6926,53.28823,2022/03/18 00:00:00+00,Fri 18 Mar 2022,4,6,0,3837985,3772903,241134,4079119,4014037,85.0078743045511,83.6515808315024,661
-7.6926,53.28823,2022/03/19 00:00:00+00,Sat 19 Mar 2022,743,2779,0,3838728,3775682,241134,4079862,4016816,85.0233582486596,83.7094945336259,662
-7.6926,53.28823,2022/03/20 00:00:00+00,Sun 20 Mar 2022,395,1402,0,3839123,3777084,241134,4080257,4018218,85.0315899551507,83.7387118817285,663
-7.6926,53.28823,2022/03/21 00:00:00+00,Mon 21 Mar 2022,56,112,0,3839179,3777196,241134,4080313,4018330,85.0327569818938,83.7410459352146,664
-7.6926,53.28823,2022/03/22 00:00:00+00,Tue 22 Mar 2022,141,575,0,3839320,3777771,241134,4080454,4018905,85.0356953885147,83.7530287990941,665
-7.6926,53.28823,2022/03/23 00:00:00+00,Wed 23 Mar 2022,102,221,0,3839422,3777992,241134,4080556,4019126,85.0378210443681,83.7576343867764,666
-7.6926,53.28823,2022/03/24 00:00:00+00,Thu 24 Mar 2022,147,245,0,3839569,3778237,241134,4080703,4019371,85.0408844895686,83.7627401287772,667
-7.6926,53.28823,2022/03/25 00:00:00+00,Fri 25 Mar 2022,434,1625,0,3840003,3779862,241134,4081137,4020996,85.0499289468271,83.7966047440888,668
-7.6926,53.28823,2022/03/26 00:00:00+00,Sat 26 Mar 2022,874,1848,1,3840877,3781710,241135,4082012,4022845,85.0681637396872,83.8351374663724,669
-7.6926,53.28823,2022/03/27 00:00:00+00,Sun 27 Mar 2022,380,804,0,3841257,3782514,241135,4082392,4023649,85.0760828497293,83.8518926360404,670
-7.6926,53.28823,2022/03/27 23:00:00+00,Mon 28 Mar 2022,44,53,1,3841301,3782567,241136,4082437,4023703,85.0770206390764,83.8530179832569,671
-7.6926,53.28823,2022/03/28 23:00:00+00,Tue 29 Mar 2022,137,193,3,3841438,3782760,241139,4082577,4023899,85.079938205934,83.8571025768576,672
-7.6926,53.28823,2022/03/29 23:00:00+00,Wed 30 Mar 2022,109,136,0,3841547,3782896,241139,4082686,4024035,85.0822097401302,83.8599367846621,673
-7.6926,53.28823,2022/03/30 23:00:00+00,Thu 31 Mar 2022,227,360,0,3841774,3783256,241139,4082913,4024395,85.0869403663922,83.8674390994388,674
-7.6926,53.28823,2022/03/31 23:00:00+00,Fri 01 Apr 2022,307,905,0,3842081,3784161,241139,4083220,4025300,85.0933381737157,83.8862990851969,675
-7.6926,53.28823,2022/04/01 23:00:00+00,Sat 02 Apr 2022,729,1538,1,3842810,3785699,241140,4083950,4026839,85.1085512009018,83.9183714808673,676
-7.6926,53.28823,2022/04/02 23:00:00+00,Sun 03 Apr 2022,538,817,0,3843348,3786516,241140,4084488,4027656,85.1197629935403,83.9353975674578,677
-7.6926,53.28823,2022/04/03 23:00:00+00,Mon 04 Apr 2022,50,52,0,3843398,3786568,241140,4084538,4027708,85.1208049817037,83.9364812351478,678
-7.6926,53.28823,2022/04/04 23:00:00+00,Tue 05 Apr 2022,131,170,0,3843529,3786738,241140,4084669,4027878,85.1235349906919,83.9400239949034,679
-7.6926,53.28823,2022/04/05 23:00:00+00,Wed 06 Apr 2022,158,210,0,3843687,3786948,241140,4084827,4028088,85.1268276732884,83.9444003451898,680
-7.6926,53.28823,2022/04/06 23:00:00+00,Thu 07 Apr 2022,117,179,0,3843804,3787127,241140,4084944,4028267,85.1292659255908,83.9481306628149,681
-7.6926,53.28823,2022/04/07 23:00:00+00,Fri 08 Apr 2022,256,422,2,3844060,3787549,241142,4085202,4028691,85.1346425845141,83.9569667224408,682
-7.6926,53.28823,2022/04/08 23:00:00+00,Sat 09 Apr 2022,558,1018,0,3844618,3788567,241142,4085760,4029709,85.146271172418,83.9781816014483,683
-7.6926,53.28823,2022/04/09 23:00:00+00,Sun 10 Apr 2022,413,720,0,3845031,3789287,241142,4086173,4030429,85.1548779946479,83.9931862310017,684
-7.6926,53.28823,2022/04/10 23:00:00+00,Mon 11 Apr 2022,70,93,1,3845101,3789380,241143,4086244,4030523,85.15635761784,83.9951451687489,685
-7.6926,53.28823,2022/04/11 23:00:00+00,Tue 12 Apr 2022,197,178,0,3845298,3789558,241143,4086441,4030701,85.1604630512039,83.9988546466108,686
-7.6926,53.28823,2022/04/12 23:00:00+00,Wed 13 Apr 2022,142,235,0,3845440,3789793,241143,4086583,4030936,85.1634222975881,84.0037519909789,687
-7.6926,53.28823,2022/04/13 23:00:00+00,Thu 14 Apr 2022,359,431,0,3845799,3790224,241143,4086942,4031367,85.1709037726015,84.0127339289477,688
-7.6926,53.28823,2022/04/14 23:00:00+00,Fri 15 Apr 2022,446,990,0,3846245,3791214,241143,4087388,4032357,85.1801983070193,84.0333652945836,689
-7.6926,53.28823,2022/04/15 23:00:00+00,Sat 16 Apr 2022,43,88,0,3846288,3791302,241143,4087431,4032445,85.1810944168399,84.0351991937512,690
-7.6926,53.28823,2022/04/16 23:00:00+00,Sun 17 Apr 2022,1,1,0,3846289,3791303,241143,4087432,4032446,85.1811152566031,84.0352200335145,691
-7.6926,53.28823,2022/04/17 23:00:00+00,Mon 18 Apr 2022,36,62,1,3846325,3791365,241144,4087469,4032509,85.1818863278441,84.0365329386004,692
-7.6926,53.28823,2022/04/18 23:00:00+00,Tue 19 Apr 2022,218,270,1,3846543,3791635,241145,4087688,4032780,85.1864502359999,84.0421805144462,693
-7.6926,53.28823,2022/04/19 23:00:00+00,Wed 20 Apr 2022,251,607,0,3846794,3792242,241145,4087939,4033387,85.1916810165803,84.0548302507503,694
-7.6926,53.28823,2022/04/20 23:00:00+00,Thu 21 Apr 2022,170,236,0,3846964,3792478,241145,4088109,4033623,85.195223776336,84.0597484348817,695
-7.6926,53.28823,2022/04/21 23:00:00+00,Fri 22 Apr 2022,195,254,0,3847159,3792732,241145,4088304,4033877,85.1992875301734,84.0650417347519,696
-7.6926,53.28823,2022/04/22 23:00:00+00,Sat 23 Apr 2022,325,1010,0,3847484,3793742,241145,4088629,4034887,85.2060604532357,84.0860898956532,697
-7.6926,53.28823,2022/04/23 23:00:00+00,Sun 24 Apr 2022,181,252,0,3847665,3793994,241145,4088810,4035139,85.2098324503873,84.0913415159969,698
-7.6926,53.28823,2022/04/24 23:00:00+00,Mon 25 Apr 2022,41,59,1,3847706,3794053,241146,4088852,4035199,85.2107077204446,84.092591901793,699
-7.6926,53.28823,2022/04/25 23:00:00+00,Tue 26 Apr 2022,144,238,0,3847850,3794291,241146,4088996,4035437,85.2137086463553,84.097551765451,700
-7.6926,53.28823,2022/04/26 23:00:00+00,Wed 27 Apr 2022,122,208,0,3847972,3794499,241146,4089118,4035645,85.216251097474,84.1018864362108,701
-7.6926,53.28823,2022/04/27 23:00:00+00,Thu 28 Apr 2022,100,130,0,3848072,3794629,241146,4089218,4035775,85.2183350738009,84.1045956054358,702
-7.6926,53.28823,2022/04/28 23:00:00+00,Fri 29 Apr 2022,169,222,0,3848241,3794851,241146,4089387,4035997,85.2218569937933,84.1092220328814,703
-7.6926,53.28823,2022/04/29 23:00:00+00,Sat 30 Apr 2022,281,724,0,3848522,3795575,241146,4089668,4036721,85.2277129672718,84.1243100214879,704
-7.6926,53.28823,2022/04/30 23:00:00+00,Sun 01 May 2022,188,747,0,3848710,3796322,241146,4089856,4037468,85.2316308427663,84.1398773246495,705
-7.6926,53.28823,2022/05/01 23:00:00+00,Mon 02 May 2022,12,26,0,3848722,3796348,241146,4089868,4037494,85.2318809199255,84.1404191584945,706
-7.6926,53.28823,2022/05/02 23:00:00+00,Tue 03 May 2022,96,118,0,3848818,3796466,241146,4089964,4037612,85.2338815371993,84.1428782505602,707
-7.6926,53.28823,2022/05/03 23:00:00+00,Wed 04 May 2022,113,128,0,3848931,3796594,241146,4090077,4037740,85.2362364304486,84.1455457402586,708
-7.6926,53.28823,2022/05/04 23:00:00+00,Thu 05 May 2022,112,165,0,3849043,3796759,241146,4090189,4037905,85.2385704839347,84.1489843011979,709
-7.6926,53.28823,2022/05/05 23:00:00+00,Fri 06 May 2022,138,257,0,3849181,3797016,241146,4090327,4038162,85.2414463712658,84.154340120358,710
-7.6926,53.28823,2022/05/06 23:00:00+00,Sat 07 May 2022,441,1088,0,3849622,3798104,241146,4090768,4039250,85.2506367068673,84.1770137827942,711
-7.6926,53.28823,2022/05/07 23:00:00+00,Sun 08 May 2022,274,437,0,3849896,3798541,241146,4091042,4039687,85.2563468020029,84.1861207593426,712
-7.6926,53.28823,2022/05/08 23:00:00+00,Mon 09 May 2022,24,32,0,3849920,3798573,241146,4091066,4039719,85.2568469563213,84.1867876317672,713
-7.6926,53.28823,2022/05/09 23:00:00+00,Tue 10 May 2022,80,98,1,3850000,3798671,241147,4091147,4039818,85.2585349771461,84.1888507683308,714
-7.6926,53.28823,2022/05/10 23:00:00+00,Wed 11 May 2022,112,132,0,3850112,3798803,241147,4091259,4039950,85.2608690306322,84.1916016170823,715
-7.6926,53.28823,2022/05/11 23:00:00+00,Thu 12 May 2022,207,398,0,3850319,3799201,241147,4091466,4040348,85.2651828616288,84.1998958428632,716
-7.6926,53.28823,2022/05/12 23:00:00+00,Fri 13 May 2022,173,326,0,3850492,3799527,241147,4091639,4040674,85.2687881406742,84.2066896056888,717
-7.6926,53.28823,2022/05/13 23:00:00+00,Sat 14 May 2022,333,633,0,3850825,3800160,241147,4091972,4041307,85.2757277818427,84.2198811758378,718
-7.6926,53.28823,2022/05/14 23:00:00+00,Sun 15 May 2022,168,254,0,3850993,3800414,241147,4092140,4041561,85.2792288620718,84.225174475708,719
-7.6926,53.28823,2022/05/15 23:00:00+00,Mon 16 May 2022,31,41,0,3851024,3800455,241147,4092171,4041602,85.2798748947331,84.226028906002,720
-7.6926,53.28823,2022/05/16 23:00:00+00,Tue 17 May 2022,97,101,0,3851121,3800556,241147,4092268,4041703,85.2818963517702,84.2281337220922,721
-7.6926,53.28823,2022/05/17 23:00:00+00,Wed 18 May 2022,99,123,0,3851220,3800679,241147,4092367,4041826,85.2839594883338,84.2306970129742,722
-7.6926,53.28823,2022/05/18 23:00:00+00,Thu 19 May 2022,73,107,0,3851293,3800786,241147,4092440,4041933,85.2854807910524,84.232926867644,723
-7.6926,53.28823,2022/05/19 23:00:00+00,Fri 20 May 2022,127,210,0,3851420,3800996,241147,4092567,4042143,85.2881274409875,84.2373032179304,724
-7.6926,53.28823,2022/05/20 23:00:00+00,Sat 21 May 2022,392,762,0,3851812,3801758,241147,4092959,4042905,85.2962966281888,84.2531831175411,725
-7.6926,53.28823,2022/05/21 23:00:00+00,Sun 22 May 2022,234,410,0,3852046,3802168,241147,4093193,4043315,85.3011731327937,84.2617274204812,726
-7.6926,53.28823,2022/05/22 23:00:00+00,Mon 23 May 2022,26,35,0,3852072,3802203,241147,4093219,4043350,85.3017149666387,84.2624568121956,727
-7.6926,53.28823,2022/05/23 23:00:00+00,Tue 24 May 2022,64,83,0,3852136,3802286,241147,4093283,4043433,85.3030487114879,84.2641865125469,728
-7.6926,53.28823,2022/05/24 23:00:00+00,Wed 25 May 2022,87,134,1,3852223,3802420,241148,4093371,4043568,85.3048826106555,84.2669998805882,729
-7.6926,53.28823,2022/05/25 23:00:00+00,Thu 26 May 2022,97,155,0,3852320,3802575,241148,4093468,4043723,85.3069040676926,84.2702300438948,730
-7.6926,53.28823,2022/05/26 23:00:00+00,Fri 27 May 2022,95,152,1,3852415,3802727,241149,4093564,4043876,85.3089046849663,84.2734185276749,731
-7.6926,53.28823,2022/05/27 23:00:00+00,Sat 28 May 2022,335,580,0,3852750,3803307,241149,4093899,4044456,85.3158860056613,84.2855055903707,732
-7.6926,53.28823,2022/05/28 23:00:00+00,Sun 29 May 2022,181,349,0,3852931,3803656,241149,4094080,4044805,85.3196580028129,84.2927786677514,733
-7.6926,53.28823,2022/05/29 23:00:00+00,Mon 30 May 2022,9,24,0,3852940,3803680,241149,4094089,4044829,85.3198455606824,84.2932788220699,734
-7.6926,53.28823,2022/05/30 23:00:00+00,Tue 31 May 2022,65,80,2,3853005,3803760,241151,4094156,4044911,85.3212418248214,84.2949876826579,735
-7.6926,53.28823,2022/05/31 23:00:00+00,Wed 01 Jun 2022,70,102,0,3853075,3803862,241151,4094226,4045013,85.3227006082502,84.2971133385113,736
-7.6926,53.28823,2022/06/01 23:00:00+00,Thu 02 Jun 2022,91,142,0,3853166,3804004,241151,4094317,4045155,85.3245970267076,84.3000725848955,737
-7.6926,53.28823,2022/06/02 23:00:00+00,Fri 03 Jun 2022,59,143,0,3853225,3804147,241151,4094376,4045298,85.3258265727405,84.3030526710429,738
-7.6926,53.28823,2022/06/03 23:00:00+00,Sat 04 Jun 2022,305,607,0,3853530,3804754,241151,4094681,4045905,85.3321827005374,84.3157024073469,739
-7.6926,53.28823,2022/06/04 23:00:00+00,Sun 05 Jun 2022,143,273,0,3853673,3805027,241151,4094824,4046178,85.3351627866848,84.3213916627193,740
-7.6926,53.28823,2022/06/05 23:00:00+00,Mon 06 Jun 2022,5,7,1,3853678,3805034,241152,4094830,4046186,85.3352878252644,84.3215583808254,741
-7.6926,53.28823,2022/06/06 23:00:00+00,Tue 07 Jun 2022,29,54,0,3853707,3805088,241152,4094859,4046240,85.3358921783992,84.3226837280419,742
-7.6926,53.28823,2022/06/07 23:00:00+00,Wed 08 Jun 2022,36,76,0,3853743,3805164,241152,4094895,4046316,85.3366424098769,84.3242675500503,743
-7.6926,53.28823,2022/06/08 23:00:00+00,Thu 09 Jun 2022,73,122,0,3853816,3805286,241152,4094968,4046438,85.3381637125955,84.3268100011691,744
-7.6926,53.28823,2022/06/09 23:00:00+00,Fri 10 Jun 2022,56,108,0,3853872,3805394,241152,4095024,4046546,85.3393307393385,84.3290606956021,745
-7.6926,53.28823,2022/06/10 23:00:00+00,Sat 11 Jun 2022,190,562,0,3854062,3805956,241152,4095214,4047108,85.3432902943596,84.3407726425591,746
-7.6926,53.28823,2022/06/11 23:00:00+00,Sun 12 Jun 2022,143,288,0,3854205,3806244,241152,4095357,4047396,85.346270380507,84.3467744943805,747
-7.6926,53.28823,2022/06/12 23:00:00+00,Mon 13 Jun 2022,17,44,0,3854222,3806288,241152,4095374,4047440,85.3466246564825,84.3476914439643,748
-7.6926,53.28823,2022/06/13 23:00:00+00,Tue 14 Jun 2022,37,55,0,3854259,3806343,241152,4095411,4047495,85.3473957277235,84.348837630944,749
-7.6926,53.28823,2022/06/14 23:00:00+00,Wed 15 Jun 2022,66,123,0,3854325,3806466,241152,4095477,4047618,85.3487711520992,84.3514009218261,750
-7.6926,53.28823,2022/06/15 23:00:00+00,Thu 16 Jun 2022,42,85,0,3854367,3806551,241152,4095519,4047703,85.3496464221565,84.3531723017039,751
-7.6926,53.28823,2022/06/16 23:00:00+00,Fri 17 Jun 2022,58,95,0,3854425,3806646,241152,4095577,4047798,85.3508551284261,84.3551520792144,752
-7.6926,53.28823,2022/06/17 23:00:00+00,Sat 18 Jun 2022,223,488,0,3854648,3807134,241152,4095800,4048286,85.355502395635,84.3653218836895,753
-7.6926,53.28823,2022/06/18 23:00:00+00,Sun 19 Jun 2022,80,129,0,3854728,3807263,241152,4095880,4048415,85.3571695766965,84.3680102131512,754
-7.6926,53.28823,2022/06/19 23:00:00+00,Mon 20 Jun 2022,9,28,0,3854737,3807291,241152,4095889,4048443,85.3573571345659,84.3685937265227,755
-7.6926,53.28823,2022/06/20 23:00:00+00,Tue 21 Jun 2022,74,169,1,3854811,3807460,241153,4095964,4048613,85.358920116811,84.3721364862784,756
