X,Y,VaccinationDate,VaccineText,Dose1,Dose2,SingleDose,Dose1Cum,Dose2Cum,SingleDoseCum,PartiallyVacc,FullyVacc,PartialPercent,FullyPercent,ObjectId
-7.6926,53.28823,2021/04/19 23:00:00+00,Tue 20 Apr 2021,14927,7234,0,913369,386383,49,913418,386432,21.6039492773676,9.13979944248056,1
-7.6926,53.28823,2021/04/20 23:00:00+00,Wed 21 Apr 2021,26523,9768,0,939892,396151,49,939941,396200,22.2312650809576,9.37082989791424,2
-7.6926,53.28823,2021/04/21 23:00:00+00,Thu 22 Apr 2021,31467,12084,0,971359,408235,49,971408,408284,22.9755152182561,9.65663784462398,3
-7.6926,53.28823,2021/04/22 23:00:00+00,Fri 23 Apr 2021,33426,12297,0,1004785,420532,49,1004834,420581,23.7660991661806,9.94748361760391,4
-7.6926,53.28823,2021/04/23 23:00:00+00,Sat 24 Apr 2021,23527,6929,0,1028312,427461,49,1028361,427510,24.3225542772564,10.111366707868,5
-7.6926,53.28823,2021/04/24 23:00:00+00,Sun 25 Apr 2021,9660,241,0,1037972,427702,49,1038021,427751,24.5510303419052,10.117066783601,6
-7.6926,53.28823,2021/04/25 23:00:00+00,Mon 26 Apr 2021,15435,2958,1,1053407,430660,50,1053457,430710,24.9161190100127,10.1870523607538,7
-7.6926,53.28823,2021/04/26 23:00:00+00,Tue 27 Apr 2021,25743,7723,2,1079150,438383,52,1079202,438435,25.525033739245,10.3697622571732,8
-7.6926,53.28823,2021/04/27 23:00:00+00,Wed 28 Apr 2021,25880,8500,1,1105030,446883,53,1105083,446936,26.1371651087248,10.5708259244175,9
-7.6926,53.28823,2021/04/28 23:00:00+00,Thu 29 Apr 2021,31541,11235,0,1136571,458118,53,1136624,458171,26.8831654767463,10.836553521346,10
-7.6926,53.28823,2021/04/29 23:00:00+00,Fri 30 Apr 2021,35926,13445,0,1172497,471563,53,1172550,471616,27.7328788409878,11.1545515222986,11
-7.6926,53.28823,2021/04/30 23:00:00+00,Sat 01 May 2021,16386,6603,0,1188883,478166,53,1188936,478219,28.1204366872957,11.310724136675,12
-7.6926,53.28823,2021/05/01 23:00:00+00,Sun 02 May 2021,12313,859,1,1201196,479025,54,1201250,479079,28.4116845403066,11.3310646558881,13
-7.6926,53.28823,2021/05/02 23:00:00+00,Mon 03 May 2021,14102,850,1,1215298,479875,55,1215353,479930,28.745245403634,11.3511923092024,14
-7.6926,53.28823,2021/05/03 23:00:00+00,Tue 04 May 2021,26445,6694,1,1241743,486569,56,1241799,486625,29.3707400212014,11.5095408860992,15
-7.6926,53.28823,2021/05/04 23:00:00+00,Wed 05 May 2021,31858,13321,62,1273601,499890,118,1273719,500008,30.1257044087366,11.8260724775273,16
-7.6926,53.28823,2021/05/05 23:00:00+00,Thu 06 May 2021,37078,14265,119,1310679,514155,237,1310916,514392,31.0054791682336,12.1662794872486,17
-7.6926,53.28823,2021/05/06 23:00:00+00,Fri 07 May 2021,40362,14956,81,1351041,529111,318,1351359,529429,31.9620275618766,12.521931100512,18
-7.6926,53.28823,2021/05/07 23:00:00+00,Sat 08 May 2021,25397,6960,2,1376438,536071,320,1376758,536391,32.5627587798905,12.6865946990715,19
-7.6926,53.28823,2021/05/08 23:00:00+00,Sun 09 May 2021,19547,867,0,1395985,536938,320,1396305,537258,33.0250798601897,12.7071007806502,20
-7.6926,53.28823,2021/05/09 23:00:00+00,Mon 10 May 2021,28599,4528,155,1424584,541466,475,1425059,541941,33.705162754901,12.8178620032952,21
-7.6926,53.28823,2021/05/10 23:00:00+00,Tue 11 May 2021,34117,14716,143,1458701,556182,618,1459319,556800,34.5154722761088,13.1693036021167,22
-7.6926,53.28823,2021/05/11 23:00:00+00,Wed 12 May 2021,31030,20813,143,1489731,576995,761,1490492,577756,35.2527687940485,13.6649500214522,23
-7.6926,53.28823,2021/05/12 23:00:00+00,Thu 13 May 2021,35766,25374,134,1525497,602369,895,1526392,603264,36.1018672123602,14.2682592820175,24
-7.6926,53.28823,2021/05/13 23:00:00+00,Fri 14 May 2021,37968,27853,221,1563465,630222,1116,1564581,631338,37.0051045242518,14.9322589754906,25
-7.6926,53.28823,2021/05/14 23:00:00+00,Sat 15 May 2021,28616,12341,1,1592081,642563,1117,1593198,643680,37.681947126949,15.2241690779643,26
-7.6926,53.28823,2021/05/15 23:00:00+00,Sun 16 May 2021,23008,1111,0,1615089,643674,1117,1616206,644791,38.2261269711974,15.2504461905755,27
-7.6926,53.28823,2021/05/16 23:00:00+00,Mon 17 May 2021,35180,3859,100,1650269,647533,1217,1651486,648750,39.0605612942625,15.3440835342551,28
-7.6926,53.28823,2021/05/17 23:00:00+00,Tue 18 May 2021,38791,12363,109,1689060,659896,1326,1690386,661222,39.9806150121546,15.6390683663772,29
-7.6926,53.28823,2021/05/18 23:00:00+00,Wed 19 May 2021,36761,17473,193,1725821,677369,1519,1727340,678888,40.8546423923856,16.0569004738395,30
-7.6926,53.28823,2021/05/19 23:00:00+00,Thu 20 May 2021,38816,19519,108,1764637,696888,1627,1766264,698515,41.7752637526744,16.5211136954608,31
-7.6926,53.28823,2021/05/20 23:00:00+00,Fri 21 May 2021,25576,23073,14908,1790213,719961,16535,1806748,736496,42.732781868745,17.4194314399148,32
-7.6926,53.28823,2021/05/21 23:00:00+00,Sat 22 May 2021,16376,10150,13490,1806589,730111,30025,1836614,760136,43.4391655278341,17.9785592006081,33
-7.6926,53.28823,2021/05/22 23:00:00+00,Sun 23 May 2021,8059,5472,10189,1814648,735583,40214,1854862,775797,43.870762963415,18.3489695161842,34
-7.6926,53.28823,2021/05/23 23:00:00+00,Mon 24 May 2021,22300,8087,8426,1836948,743670,48640,1885588,792310,44.5974871417171,18.7395311368411,35
-7.6926,53.28823,2021/05/24 23:00:00+00,Tue 25 May 2021,30048,16355,3205,1866996,760025,51845,1918841,811870,45.3839793340325,19.2021596901051,36
-7.6926,53.28823,2021/05/25 23:00:00+00,Wed 26 May 2021,19666,25293,3028,1886662,785318,54873,1941535,840191,45.9207325235915,19.8720013699103,37
-7.6926,53.28823,2021/05/26 23:00:00+00,Thu 27 May 2021,16722,35846,540,1903384,821164,55413,1958797,876577,46.3290093173769,20.7325945467541,38
-7.6926,53.28823,2021/05/27 23:00:00+00,Fri 28 May 2021,26748,31700,1513,1930132,852864,56926,1987058,909790,46.9974318911905,21.5181406684084,39
-7.6926,53.28823,2021/05/28 23:00:00+00,Sat 29 May 2021,24247,7303,493,1954379,860167,57419,2011798,917586,47.5825765950633,21.7025298402512,40
-7.6926,53.28823,2021/05/29 23:00:00+00,Sun 30 May 2021,24071,1604,182,1978450,861771,57601,2036051,919372,48.1562028886376,21.7447718952681,41
-7.6926,53.28823,2021/05/30 23:00:00+00,Mon 31 May 2021,22271,7211,3409,2000721,868982,61010,2061731,929992,48.7635802530455,21.9959536557826,42
-7.6926,53.28823,2021/05/31 23:00:00+00,Tue 01 Jun 2021,27163,11350,3617,2027884,880332,64627,2092511,944959,49.4915816267401,22.3499496453891,43
-7.6926,53.28823,2021/06/01 23:00:00+00,Wed 02 Jun 2021,18362,20748,3970,2046246,901080,68597,2114843,969677,50.0197728768164,22.9345740103983,44
-7.6926,53.28823,2021/06/02 23:00:00+00,Thu 03 Jun 2021,16425,30531,1951,2062671,931611,70548,2133219,1002159,50.4543977385127,23.7028306907215,45
-7.6926,53.28823,2021/06/03 23:00:00+00,Fri 04 Jun 2021,28744,23161,113,2091415,954772,70661,2162076,1025433,51.1369167651763,24.253301904866,46
-7.6926,53.28823,2021/06/04 23:00:00+00,Sat 05 Jun 2021,20681,11353,2,2112096,966125,70663,2182759,1036788,51.6261062522499,24.5218677137777,47
-7.6926,53.28823,2021/06/05 23:00:00+00,Sun 06 Jun 2021,19734,3795,7,2131830,969920,70670,2202500,1040590,52.0930157752552,24.6117917301125,48
-7.6926,53.28823,2020/12/28 00:00:00+00,Mon 28 Dec 2020,115,8,5,115,8,5,120,13,0.00283821198321481,0.000307472964848272,49
-7.6926,53.28823,2021/06/06 23:00:00+00,Mon 07 Jun 2021,19526,4393,0,2151356,974313,70670,2222026,1044983,52.5548401684573,24.7156939404647,50
-7.6926,53.28823,2021/06/07 23:00:00+00,Tue 08 Jun 2021,26260,18344,12,2177616,992657,70682,2248298,1063339,53.1762193786492,25.1498457668305,51
-7.6926,53.28823,2021/06/08 23:00:00+00,Wed 09 Jun 2021,32579,19907,141,2210195,1012564,70823,2281018,1083387,53.9501051794058,25.6240163821596,52
-7.6926,53.28823,2021/06/09 23:00:00+00,Thu 10 Jun 2021,27403,27296,234,2237598,1039860,71057,2308655,1110917,54.6037690509066,26.2751495146421,53
-7.6926,53.28823,2021/06/10 23:00:00+00,Fri 11 Jun 2021,26185,32702,2,2263783,1072562,71059,2334842,1143621,55.2231378609437,27.0486568871342,54
-7.6926,53.28823,2021/06/11 23:00:00+00,Sat 12 Jun 2021,11945,19539,75,2275728,1092101,71134,2346862,1163235,55.5074320945957,27.5125626357907,55
-7.6926,53.28823,2021/06/12 23:00:00+00,Sun 13 Jun 2021,8397,18062,807,2284125,1110163,71941,2356066,1182104,55.7251229537083,27.9588478183847,56
-7.6926,53.28823,2021/06/13 23:00:00+00,Mon 14 Jun 2021,15770,31080,9,2299895,1141243,71950,2371845,1213193,56.0983241777345,28.6941575879361,57
-7.6926,53.28823,2021/06/14 23:00:00+00,Tue 15 Jun 2021,14415,41273,176,2314310,1182516,72126,2386436,1254642,56.4434271031269,29.674499658705,58
-7.6926,53.28823,2021/06/15 23:00:00+00,Wed 16 Jun 2021,13148,48076,190,2327458,1230592,72316,2399774,1302908,56.7588943650612,30.8160758218871,59
-7.6926,53.28823,2021/06/16 23:00:00+00,Thu 17 Jun 2021,21277,42387,497,2348735,1272979,72813,2421548,1345792,57.2738879294156,31.8303581776219,60
-7.6926,53.28823,2021/06/17 23:00:00+00,Fri 18 Jun 2021,11798,49792,521,2360533,1322771,73334,2433867,1396105,57.5652540412591,33.0203495068843,61
-7.6926,53.28823,2021/06/18 23:00:00+00,Sat 19 Jun 2021,6070,32595,400,2366603,1355366,73734,2440337,1429100,57.7182809706874,33.8007395434358,62
-7.6926,53.28823,2021/06/19 23:00:00+00,Sun 20 Jun 2021,8339,26002,158,2374942,1381368,73892,2448834,1455260,57.9192500308656,34.4194697557766,63
-7.6926,53.28823,2021/06/20 23:00:00+00,Mon 21 Jun 2021,15212,32096,532,2390154,1413464,74424,2464578,1487888,58.2916234430633,35.1911795940127,64
-7.6926,53.28823,2021/06/21 23:00:00+00,Tue 22 Jun 2021,14879,43294,686,2405033,1456758,75110,2480143,1531868,58.6597631890528,36.2313842858609,65
-7.6926,53.28823,2021/06/22 23:00:00+00,Wed 23 Jun 2021,19795,39096,848,2424828,1495854,75958,2500786,1571812,59.1480066054654,37.176130448007,66
-7.6926,53.28823,2021/06/23 23:00:00+00,Thu 24 Jun 2021,18782,43979,999,2443610,1539833,76957,2520567,1616790,59.6158621991318,38.239939602849,67
-7.6926,53.28823,2021/06/24 23:00:00+00,Fri 25 Jun 2021,14924,49860,785,2458534,1589693,77742,2536276,1667435,59.9874077995011,39.4377833185983,68
-7.6926,53.28823,2021/06/25 23:00:00+00,Sat 26 Jun 2021,8798,30299,451,2467332,1619992,78193,2545525,1698185,60.2061629881074,40.1650751392971,69
-7.6926,53.28823,2021/06/26 23:00:00+00,Sun 27 Jun 2021,8565,30275,32,2475897,1650267,78225,2554122,1728492,60.4094972249382,40.8818892274245,70
-7.6926,53.28823,2021/06/27 23:00:00+00,Mon 28 Jun 2021,23989,24361,449,2499886,1674628,78674,2578560,1753302,60.9874990953199,41.4686895549542,71
-7.6926,53.28823,2021/06/28 23:00:00+00,Tue 29 Jun 2021,27857,30704,754,2527743,1705332,79428,2607171,1784760,61.6641997874179,42.2127268263539,72
-7.6926,53.28823,2021/06/29 23:00:00+00,Wed 30 Jun 2021,22252,36505,529,2549995,1741837,79957,2629952,1821794,62.2030106806647,43.0886463479071,73
-7.6926,53.28823,2021/06/30 23:00:00+00,Thu 01 Jul 2021,14587,48038,581,2564582,1789875,80538,2645120,1870413,62.5617606753431,44.2385715846731,74
-7.6926,53.28823,2021/07/01 23:00:00+00,Fri 02 Jul 2021,13340,46945,768,2577922,1836820,81306,2659228,1918126,62.895439797503,45.3670683209658,75
-7.6926,53.28823,2021/07/02 23:00:00+00,Sat 03 Jul 2021,9096,30156,456,2587018,1866976,81762,2668780,1948738,63.1213614713669,46.0910961978839,76
-7.6926,53.28823,2021/07/03 23:00:00+00,Sun 04 Jul 2021,6278,27628,196,2593296,1894604,81958,2675254,1976562,63.2744830078614,46.7491829497253,77
-7.6926,53.28823,2021/07/04 23:00:00+00,Mon 05 Jul 2021,15228,33053,5302,2608524,1927657,87260,2695784,2014917,63.7600537746564,47.6563464548604,78
-7.6926,53.28823,2021/07/05 23:00:00+00,Tue 06 Jul 2021,12115,48063,5433,2620639,1975720,92693,2713332,2068413,64.1750949736685,48.9216213569775,79
-7.6926,53.28823,2021/07/06 23:00:00+00,Wed 07 Jul 2021,19415,43393,4987,2640054,2019113,97680,2737734,2116793,64.7522453804552,50.0658938215436,80
-7.6926,53.28823,2021/07/07 23:00:00+00,Thu 08 Jul 2021,17526,45277,5942,2657580,2064390,103622,2761202,2168012,65.3073050373059,51.2773136512793,81
-7.6926,53.28823,2021/07/08 23:00:00+00,Fri 09 Jul 2021,13283,44773,6491,2670863,2109163,110113,2780976,2219276,65.7749950686067,52.4897978105087,82
-7.6926,53.28823,2021/07/09 23:00:00+00,Sat 10 Jul 2021,8416,23566,4316,2679279,2132729,114429,2793708,2247158,66.0761293600258,53.1492563648086,83
-7.6926,53.28823,2021/07/10 23:00:00+00,Sun 11 Jul 2021,15094,15937,2129,2694373,2148666,116558,2810931,2265224,66.4834837349167,53.5765491788816,84
-7.6926,53.28823,2021/07/11 23:00:00+00,Mon 12 Jul 2021,16917,31408,6035,2711290,2180074,122593,2833883,2302667,67.0263390802396,54.4621422729442,85
-7.6926,53.28823,2021/07/12 23:00:00+00,Tue 13 Jul 2021,19884,36192,8443,2731174,2216266,131036,2862210,2347302,67.696322670644,55.5178388718675,86
-7.6926,53.28823,2021/07/13 23:00:00+00,Wed 14 Jul 2021,20580,35312,9281,2751754,2251578,140317,2892071,2391895,68.4025880709004,56.5725420965967,87
-7.6926,53.28823,2021/07/14 23:00:00+00,Thu 15 Jul 2021,23393,28451,9521,2775147,2280029,149838,2924985,2429867,69.1810623143632,57.4706469751519,88
-7.6926,53.28823,2021/07/15 23:00:00+00,Fri 16 Jul 2021,23342,27019,9115,2798489,2307048,158953,2957442,2466001,69.9487277005232,58.325279906831,89
-7.6926,53.28823,2021/07/16 23:00:00+00,Sat 17 Jul 2021,11354,19119,4630,2809843,2326167,163583,2973426,2489750,70.3267775366874,58.8869857100757,90
-7.6926,53.28823,2021/07/17 23:00:00+00,Sun 18 Jul 2021,16737,15593,1907,2826580,2341760,165490,2992070,2507250,70.7677410718129,59.3008916242945,91
-7.6926,53.28823,2021/07/18 23:00:00+00,Mon 19 Jul 2021,24661,18058,6189,2851241,2359818,171679,3022920,2531497,71.4973980691644,59.8743760072696,92
-7.6926,53.28823,2021/07/19 23:00:00+00,Tue 20 Jul 2021,30374,17751,7651,2881615,2377569,179330,3060945,2556899,72.3967564913456,60.4751781805831,93
-7.6926,53.28823,2021/07/20 23:00:00+00,Wed 21 Jul 2021,30095,19461,6830,2911710,2397030,186160,3097870,2583190,73.2700979703473,61.097006774339,94
-7.6926,53.28823,2021/07/21 23:00:00+00,Thu 22 Jul 2021,33320,15551,6876,2945030,2412581,193036,3138066,2605617,74.2208043776582,61.6274449422353,95
-7.6926,53.28823,2021/07/22 23:00:00+00,Fri 23 Jul 2021,26907,20444,5547,2971937,2433025,198583,3170520,2631608,74.9883988085186,62.2421780060331,96
-7.6926,53.28823,2021/07/23 23:00:00+00,Sat 24 Jul 2021,15306,14492,2232,2987243,2447517,200815,3188058,2648332,75.4032034898655,62.6377301494271,97
-7.6926,53.28823,2021/07/24 23:00:00+00,Sun 25 Jul 2021,14625,13453,1016,3001868,2460970,201831,3203699,2662801,75.773140770111,62.9799475593033,98
-7.6926,53.28823,2021/07/25 23:00:00+00,Mon 26 Jul 2021,23673,17813,3370,3025541,2478783,205201,3230742,2683984,76.412755492295,63.4809629296402,99
-7.6926,53.28823,2021/07/26 23:00:00+00,Tue 27 Jul 2021,25292,23441,3606,3050833,2502224,208807,3259640,2711031,77.0962442413861,64.1206722588903,100
-7.6926,53.28823,2021/07/27 23:00:00+00,Wed 28 Jul 2021,23258,24909,3225,3074091,2527133,212032,3286123,2739165,77.7226139743151,64.7860910583551,101
-7.6926,53.28823,2021/07/28 23:00:00+00,Thu 29 Jul 2021,19115,27495,2920,3093206,2554628,214952,3308158,2769580,78.243780649733,65.5054595372674,102
-7.6926,53.28823,2021/07/29 23:00:00+00,Fri 30 Jul 2021,21768,22543,2080,3114974,2577171,217032,3332006,2794203,78.8078279778638,66.0878369844565,103
-7.6926,53.28823,2021/07/30 23:00:00+00,Sat 31 Jul 2021,13624,12183,883,3128598,2589354,217915,3346513,2807269,79.150944154868,66.3968709658956,104
-7.6926,53.28823,2021/07/31 23:00:00+00,Sun 01 Aug 2021,10977,9134,355,3139575,2598488,218270,3357845,2816758,79.4189659731496,66.6213025784683,105
-7.6926,53.28823,2021/08/01 23:00:00+00,Mon 02 Aug 2021,14872,15628,393,3154447,2614116,218663,3373110,2832779,79.780010189181,67.000227529994,106
-7.6926,53.28823,2021/08/02 23:00:00+00,Tue 03 Aug 2021,17190,25091,1084,3171637,2639207,219747,3391384,2858954,80.2122225706916,67.6193125188327,107
-7.6926,53.28823,2021/08/03 23:00:00+00,Wed 04 Aug 2021,21942,16929,1555,3193579,2656136,221302,3414881,2877438,80.7679681287716,68.0564917713139,108
-7.6926,53.28823,2021/08/04 23:00:00+00,Thu 05 Aug 2021,13372,29704,1401,3206951,2685840,222703,3429654,2908543,81.1173756756718,68.7921799691297,109
-7.6926,53.28823,2021/08/05 23:00:00+00,Fri 06 Aug 2021,12031,24420,922,3218982,2710260,223625,3442607,2933885,81.4237370074934,69.3915630364516,110
-7.6926,53.28823,2021/08/06 23:00:00+00,Sat 07 Aug 2021,6252,8196,560,3225234,2718456,224185,3449419,2942641,81.5848528410739,69.5986579041602,111
-7.6926,53.28823,2021/08/07 23:00:00+00,Sun 08 Aug 2021,8546,11786,139,3233780,2730242,224324,3458104,2954566,81.790268433359,69.8807052199922,112
-7.6926,53.28823,2021/08/08 23:00:00+00,Mon 09 Aug 2021,5438,22697,584,3239218,2752939,224908,3464126,2977847,81.9326993713834,70.4313419965024,113
-7.6926,53.28823,2021/08/09 23:00:00+00,Tue 10 Aug 2021,9204,25663,685,3248422,2778602,225593,3474015,3004195,82.1665916905668,71.0545187409502,114
-7.6926,53.28823,2021/08/10 23:00:00+00,Wed 11 Aug 2021,6906,30900,633,3255328,2809502,226226,3481554,3035728,82.3449023584122,71.8003298948395,115
-7.6926,53.28823,2020/12/29 00:00:00+00,Tue 29 Dec 2020,68,1,0,183,9,5,188,14,0.00444653210703654,0.000331124731375062,116
-7.6926,53.28823,2021/08/11 23:00:00+00,Thu 12 Aug 2021,6636,37975,849,3261964,2847477,227075,3489039,3074552,82.5219358308653,72.7185860784756,117
-7.6926,53.28823,2020/12/30 00:00:00+00,Wed 30 Dec 2020,1044,0,0,1227,9,5,1232,14,0.0291389763610054,0.000331124731375062,118
-7.6926,53.28823,2021/08/12 23:00:00+00,Fri 13 Aug 2021,10802,27916,843,3272766,2875393,227918,3500684,3103311,82.7973606520697,73.3987872320196,119
-7.6926,53.28823,2020/12/31 00:00:00+00,Thu 31 Dec 2020,1021,1,0,2248,10,5,2253,15,0.0532874299848581,0.000354776497901852,120
-7.6926,53.28823,2021/08/13 23:00:00+00,Sat 14 Aug 2021,18041,5642,267,3290807,2881035,228185,3518992,3109220,83.2303771936422,73.5385455204264,121
-7.6926,53.28823,2021/01/01 00:00:00+00,Fri 01 Jan 2021,800,0,0,3048,10,5,3053,15,0.0722088432062902,0.000354776497901852,122
-7.6926,53.28823,2021/08/14 23:00:00+00,Sun 15 Aug 2021,16955,3605,39,3307762,2884640,228224,3535986,3112864,83.6323153139985,73.62473255765,123
-7.6926,53.28823,2021/01/02 00:00:00+00,Sat 02 Jan 2021,1009,0,0,4057,10,5,4062,15,0.0960734756318215,0.000354776497901852,124
-7.6926,53.28823,2021/08/15 23:00:00+00,Mon 16 Aug 2021,10101,22871,350,3317863,2907511,228574,3546437,3136085,83.87949992597,74.1739502281686,125
-7.6926,53.28823,2021/01/03 00:00:00+00,Sun 03 Jan 2021,12,0,0,4069,10,5,4074,15,0.0963572968301429,0.000354776497901852,126
-7.6926,53.28823,2021/08/16 23:00:00+00,Tue 17 Aug 2021,12773,26610,511,3330636,2934121,229085,3559721,3163206,84.1936899925118,74.8154097881417,127
-7.6926,53.28823,2021/01/04 00:00:00+00,Mon 04 Jan 2021,1168,1,0,5237,11,5,5242,16,0.123982560133434,0.000378428264428642,128
-7.6926,53.28823,2021/08/17 23:00:00+00,Wed 18 Aug 2021,15140,25515,645,3345776,2959636,229730,3575506,3189366,84.5670331271372,75.4341400004825,129
-7.6926,53.28823,2021/01/05 00:00:00+00,Tue 05 Jan 2021,3492,3,0,8729,14,5,8734,19,0.206574528844985,0.000449383564009012,130
-7.6926,53.28823,2021/08/18 23:00:00+00,Thu 19 Aug 2021,11292,25454,522,3357068,2985090,230252,3587320,3215342,84.8464550968847,76.0485182877824,131
-7.6926,53.28823,2021/01/06 00:00:00+00,Wed 06 Jan 2021,6738,2,0,15467,16,5,15472,21,0.365940131702497,0.000496687097062593,132
-7.6926,53.28823,2021/08/19 23:00:00+00,Fri 20 Aug 2021,14742,22021,664,3371810,3007111,230916,3602726,3238027,85.2108342119965,76.5850586114426,133
-7.6926,53.28823,2021/01/07 00:00:00+00,Thu 07 Jan 2021,11699,2,0,27166,18,5,27171,23,0.642642148299414,0.000543990630116173,134
-7.6926,53.28823,2021/08/20 23:00:00+00,Sat 21 Aug 2021,11802,7813,224,3383612,3014924,231140,3614752,3246064,85.4952703562476,76.7751478590184,135
-7.6926,53.28823,2021/01/08 00:00:00+00,Fri 08 Jan 2021,12652,2,0,39818,20,5,39823,25,0.941884298396363,0.000591294163169753,136
-7.6926,53.28823,2021/08/21 23:00:00+00,Sun 22 Aug 2021,7984,12161,156,3391596,3027085,231296,3622892,3258381,85.6877957357757,77.0664666673289,137
-7.6926,53.28823,2021/01/09 00:00:00+00,Sat 09 Jan 2021,8054,1,0,47872,21,5,47877,26,1.13237562600313,0.000614945929696543,138
-7.6926,53.28823,2021/08/22 23:00:00+00,Mon 23 Aug 2021,10797,15149,271,3402393,3042234,231567,3633960,3273801,85.9495734876942,77.431176907172,139
-7.6926,53.28823,2021/01/10 00:00:00+00,Sun 10 Jan 2021,4753,1,1,52625,22,6,52631,28,1.24481612407149,0.000662249462750123,140
-7.6926,53.28823,2021/08/23 23:00:00+00,Tue 24 Aug 2021,9638,22708,368,3412031,3064942,231935,3643966,3296877,86.1862330635613,77.9769650715442,141
-7.6926,53.28823,2021/01/11 00:00:00+00,Mon 11 Jan 2021,8310,3,0,60935,25,6,60941,31,1.44136230390912,0.000733204762330494,142
-7.6926,53.28823,2021/08/24 23:00:00+00,Wed 25 Aug 2021,9342,19268,305,3421373,3084210,232240,3653613,3316450,86.4144016552452,78.4399010977731,143
-7.6926,53.28823,2021/01/12 00:00:00+00,Tue 12 Jan 2021,8839,4,0,69774,29,6,69780,35,1.65042026823941,0.000827811828437654,144
-7.6926,53.28823,2021/08/25 23:00:00+00,Thu 26 Aug 2021,8507,19222,358,3429880,3103432,232598,3662478,3336030,86.6240745655052,78.9030026863676,145
-7.6926,53.28823,2021/08/26 23:00:00+00,Fri 27 Aug 2021,9653,19017,425,3439533,3122449,233023,3672556,3355472,86.8624370685622,79.3628403311815,146
-7.6926,53.28823,2021/08/27 23:00:00+00,Sat 28 Aug 2021,9877,7765,145,3449410,3130214,233168,3682578,3363382,87.0994750726937,79.5499258044084,147
-7.6926,53.28823,2021/08/28 23:00:00+00,Sun 29 Aug 2021,8782,9121,23,3458192,3139335,233191,3691383,3372526,87.3077288769621,79.7661975575294,148
-7.6926,53.28823,2021/08/29 23:00:00+00,Mon 30 Aug 2021,5016,10950,77,3463208,3150285,233268,3696476,3383553,87.428187323883,80.0270055870203,149
-7.6926,53.28823,2021/08/30 23:00:00+00,Tue 31 Aug 2021,4009,12668,134,3467217,3162953,233402,3700619,3396355,87.5261765926035,80.3297955020963,150
-7.6926,53.28823,2021/08/31 23:00:00+00,Wed 01 Sep 2021,4895,12362,171,3472112,3175315,233573,3705685,3408888,87.6459964418282,80.6262230919765,151
-7.6926,53.28823,2021/09/01 23:00:00+00,Thu 02 Sep 2021,4960,12227,243,3477072,3187542,233816,3710888,3421358,87.7690565830671,80.9211606205656,152
-7.6926,53.28823,2021/09/02 23:00:00+00,Fri 03 Sep 2021,4718,15881,159,3481790,3203423,233975,3715765,3437398,87.8844062484183,81.3005349556553,153
-7.6926,53.28823,2021/09/03 23:00:00+00,Sat 04 Sep 2021,4600,10497,128,3486390,3213920,234103,3720493,3448023,87.996231800557,81.5518349750024,154
-7.6926,53.28823,2021/09/04 23:00:00+00,Sun 05 Sep 2021,5290,11833,0,3491680,3225753,234103,3725783,3459856,88.1213496454837,81.831706328314,155
-7.6926,53.28823,2021/09/05 23:00:00+00,Mon 06 Sep 2021,2105,9562,68,3493785,3235315,234171,3727956,3469486,88.1727449341464,82.0594728399669,156
-7.6926,53.28823,2021/09/06 23:00:00+00,Tue 07 Sep 2021,2994,9888,134,3496779,3245203,234305,3731084,3479508,88.2467276598422,82.2965108440984,157
-7.6926,53.28823,2021/09/07 23:00:00+00,Wed 08 Sep 2021,2568,14677,178,3499347,3259880,234483,3733830,3494363,88.3116754107248,82.6478578358539,158
-7.6926,53.28823,2021/09/08 23:00:00+00,Thu 09 Sep 2021,3075,14677,135,3502422,3274557,234618,3737040,3509175,88.3875975812757,82.9981878016487,159
-7.6926,53.28823,2021/09/09 23:00:00+00,Fri 10 Sep 2021,3348,13839,108,3505770,3288396,234726,3740496,3523122,88.4693380863923,83.3280589893979,160
-7.6926,53.28823,2021/09/10 23:00:00+00,Sat 11 Sep 2021,2538,11228,57,3508308,3299624,234783,3743091,3534407,88.5307144205293,83.5949691746527,161
-7.6926,53.28823,2021/09/11 23:00:00+00,Sun 12 Sep 2021,2022,12842,0,3510330,3312466,234783,3745113,3547249,88.5785382924465,83.8987051603897,162
-7.6926,53.28823,2021/09/12 23:00:00+00,Mon 13 Sep 2021,1573,7636,46,3511903,3320102,234829,3746732,3554931,88.6168305024534,84.0803980308485,163
-7.6926,53.28823,2021/09/13 23:00:00+00,Tue 14 Sep 2021,1515,10672,79,3513418,3330774,234908,3748326,3565682,88.6545314182971,84.334678172778,164
-7.6926,53.28823,2021/09/14 23:00:00+00,Wed 15 Sep 2021,3244,12307,130,3516662,3343081,235038,3751700,3578119,88.7343324785585,84.6288351930717,165
-7.6926,53.28823,2021/09/15 23:00:00+00,Thu 16 Sep 2021,1882,10499,109,3518544,3353580,235147,3753691,3588727,88.7814231457133,84.8797331323879,166
-7.6926,53.28823,2021/09/16 23:00:00+00,Fri 17 Sep 2021,2536,14515,89,3521080,3368095,235236,3756316,3603331,88.8435090328462,85.2251435307452,167
-7.6926,53.28823,2021/09/17 23:00:00+00,Sat 18 Sep 2021,2269,11164,40,3523349,3379259,235276,3758625,3614535,88.8981209617565,85.4901379229113,168
-7.6926,53.28823,2021/09/18 23:00:00+00,Sun 19 Sep 2021,1853,8455,11,3525202,3387714,235287,3760489,3623001,88.9422078545625,85.6903737783271,169
-7.6926,53.28823,2021/09/19 23:00:00+00,Mon 20 Sep 2021,946,5548,29,3526148,3393262,235316,3761464,3628578,88.9652683269261,85.822279680247,170
-7.6926,53.28823,2021/09/20 23:00:00+00,Tue 21 Sep 2021,1440,6588,89,3527588,3399850,235405,3762993,3635255,89.0014318779455,85.9802025253464,171
-7.6926,53.28823,2021/09/21 23:00:00+00,Wed 22 Sep 2021,1881,8064,94,3529469,3407914,235499,3764968,3643413,89.0481441168359,86.173153636672,172
-7.6926,53.28823,2021/09/22 23:00:00+00,Thu 23 Sep 2021,1677,8680,85,3531146,3416594,235584,3766730,3652178,89.0898185294561,86.3804613702793,173
-7.6926,53.28823,2021/09/23 23:00:00+00,Fri 24 Sep 2021,1896,7294,79,3533042,3423888,235663,3768705,3659551,89.1365307683466,86.5548458448813,174
-7.6926,53.28823,2021/09/24 23:00:00+00,Sat 25 Sep 2021,2399,6532,50,3535441,3430420,235713,3771154,3666133,89.1944539445707,86.7105217721606,175
-7.6926,53.28823,2021/09/25 23:00:00+00,Sun 26 Sep 2021,1535,7078,0,3536976,3437498,235713,3772689,3673211,89.2307594061893,86.8779289756373,176
-7.6926,53.28823,2021/09/26 23:00:00+00,Mon 27 Sep 2021,1164,3697,45,3538140,3441195,235758,3773898,3676953,89.2593543919202,86.9664338859805,177
-7.6926,53.28823,2021/09/27 23:00:00+00,Tue 28 Sep 2021,1434,5040,89,3539574,3446235,235847,3775421,3682082,89.2953760323405,87.0877437964964,178
-7.6926,53.28823,2021/09/28 23:00:00+00,Wed 29 Sep 2021,1630,3533,72,3541204,3449768,235919,3777123,3685687,89.3356313389691,87.1730084148255,179
-7.6926,53.28823,2021/09/29 23:00:00+00,Thu 30 Sep 2021,1266,3877,77,3542470,3453645,235996,3778466,3689641,89.3673956614145,87.2665274996724,180
-7.6926,53.28823,2021/09/30 23:00:00+00,Fri 01 Oct 2021,1831,5088,37,3544301,3458733,236033,3780334,3694766,89.4115771612866,87.3877428031222,181
-7.6926,53.28823,2021/10/01 23:00:00+00,Sat 02 Oct 2021,1703,4035,39,3546004,3462768,236072,3782076,3698840,89.4527785385763,87.4841000999524,182
-7.6926,53.28823,2021/10/02 23:00:00+00,Sun 03 Oct 2021,1203,2989,9,3547207,3465757,236081,3783288,3701838,89.4814444796067,87.5550080959997,183
-7.6926,53.28823,2021/10/03 23:00:00+00,Mon 04 Oct 2021,328,1157,16,3547535,3466914,236097,3783632,3703011,89.489580687292,87.5827516181356,184
-7.6926,53.28823,2021/10/04 23:00:00+00,Tue 05 Oct 2021,970,2748,68,3548505,3469662,236165,3784670,3705827,89.5141312209468,87.649354992675,185
-7.6926,53.28823,2021/10/05 23:00:00+00,Wed 06 Oct 2021,974,2489,34,3549479,3472151,236199,3785678,3708350,89.5379722016058,87.7090283996221,186
-7.6926,53.28823,2021/10/06 23:00:00+00,Thu 07 Oct 2021,1198,2626,41,3550677,3474777,236240,3786917,3711017,89.5672767403325,87.7721076609491,187
-7.6926,53.28823,2021/10/07 23:00:00+00,Fri 08 Oct 2021,980,2682,42,3551657,3477459,236282,3787939,3713741,89.5914488457228,87.8365350729681,188
-7.6926,53.28823,2021/10/08 23:00:00+00,Sat 09 Oct 2021,728,2317,18,3552385,3479776,236300,3788685,3716076,89.6090930635518,87.8917619478081,189
-7.6926,53.28823,2021/10/09 23:00:00+00,Sun 10 Oct 2021,1527,3888,0,3553912,3483664,236300,3790212,3719964,89.6452093110382,87.9837200160643,190
-7.6926,53.28823,2021/10/10 23:00:00+00,Mon 11 Oct 2021,323,1063,12,3554235,3484727,236312,3790547,3721039,89.6531326528247,88.0091456650806,191
-7.6926,53.28823,2021/10/11 23:00:00+00,Tue 12 Oct 2021,546,1561,20,3554781,3486288,236332,3791113,3722620,89.6665195526789,88.0465391079594,192
-7.6926,53.28823,2021/10/12 23:00:00+00,Wed 13 Oct 2021,997,1974,9,3555778,3488262,236341,3792119,3724603,89.6903132298048,88.0934405609821,193
-7.6926,53.28823,2021/10/13 23:00:00+00,Thu 14 Oct 2021,696,1510,7,3556474,3489772,236348,3792822,3726120,89.7069404216732,88.1293202908032,194
-7.6926,53.28823,2021/10/14 23:00:00+00,Fri 15 Oct 2021,949,1998,5,3557423,3491770,236353,3793776,3728123,89.7295042069397,88.1766947791564,195
-7.6926,53.28823,2021/10/15 23:00:00+00,Sat 16 Oct 2021,1375,2589,11,3558798,3494359,236364,3795162,3730723,89.7622855553458,88.238189372126,196
-7.6926,53.28823,2021/10/16 23:00:00+00,Sun 17 Oct 2021,1709,2868,1,3560507,3497227,236365,3796872,3733592,89.8027300761067,88.3060462902914,197
-7.6926,53.28823,2021/10/17 23:00:00+00,Mon 18 Oct 2021,668,1169,3,3561175,3498396,236368,3797543,3734764,89.8186004114461,88.3337661606608,198
-7.6926,53.28823,2021/10/18 23:00:00+00,Tue 19 Oct 2021,1328,1727,10,3562503,3500123,236378,3798881,3736501,89.850246475059,88.3748492791178,199
-7.6926,53.28823,2021/10/19 23:00:00+00,Wed 20 Oct 2021,2241,2249,0,3564744,3502372,236378,3801122,3738750,89.9032500838455,88.4280421020366,200
-7.6926,53.28823,2021/10/20 23:00:00+00,Thu 21 Oct 2021,1746,1762,8,3566490,3504134,236386,3802876,3740520,89.9447352823335,88.469905728789,201
-7.6926,53.28823,2021/10/21 23:00:00+00,Fri 22 Oct 2021,1479,1888,1,3567969,3506022,236387,3804356,3742409,89.9797398967931,88.5145839157581,202
-7.6926,53.28823,2021/10/22 23:00:00+00,Sat 23 Oct 2021,2002,1659,0,3569971,3507681,236387,3806358,3744068,90.0270907333798,88.553822196426,203
-7.6926,53.28823,2021/10/23 23:00:00+00,Sun 24 Oct 2021,1943,2170,0,3571914,3509851,236387,3808301,3746238,90.0730461157413,88.6051465297892,204
-7.6926,53.28823,2021/10/24 23:00:00+00,Mon 25 Oct 2021,1210,805,0,3573124,3510656,236387,3809511,3747043,90.1016647532388,88.6241862018432,205
-7.6926,53.28823,2021/10/25 23:00:00+00,Tue 26 Oct 2021,1231,1160,5,3574355,3511816,236392,3810747,3748208,90.1308983366659,88.6517405098469,206
-7.6926,53.28823,2021/10/26 23:00:00+00,Wed 27 Oct 2021,1550,1382,4,3575905,3513198,236396,3812301,3749594,90.1676531818485,88.6845218582531,207
-7.6926,53.28823,2021/10/27 23:00:00+00,Thu 28 Oct 2021,2139,1638,2,3578044,3514836,236398,3814442,3751234,90.2182916139824,88.723310755357,208
-7.6926,53.28823,2021/10/28 23:00:00+00,Fri 29 Oct 2021,2129,1313,0,3580173,3516149,236398,3816571,3752547,90.2686462249179,88.7543655248067,209
-7.6926,53.28823,2021/10/29 23:00:00+00,Sat 30 Oct 2021,2000,1419,0,3582173,3517568,236398,3818571,3753966,90.3159497579715,88.7879273815082,210
-7.6926,53.28823,2021/10/30 23:00:00+00,Sun 31 Oct 2021,1623,1309,0,3583796,3518877,236398,3820194,3755275,90.3543365750445,88.8188875438918,211
-7.6926,53.28823,2021/11/01 00:00:00+00,Mon 01 Nov 2021,247,240,0,3584043,3519117,236398,3820441,3755515,90.3601785613766,88.8245639678582,212
-7.6926,53.28823,2021/11/02 00:00:00+00,Tue 02 Nov 2021,1078,1048,9,3585121,3520165,236407,3821528,3756572,90.3858880315912,88.849563885077,213
-7.6926,53.28823,2021/11/03 00:00:00+00,Wed 03 Nov 2021,2518,1774,5,3587639,3521939,236412,3824051,3758351,90.4455614385383,88.8916403777282,214
-7.6926,53.28823,2021/11/04 00:00:00+00,Thu 04 Nov 2021,1544,1208,0,3589183,3523147,236412,3825595,3759559,90.4820797660556,88.9202117116925,215
-7.6926,53.28823,2021/11/05 00:00:00+00,Fri 05 Nov 2021,1602,1003,0,3590785,3524150,236412,3827197,3760562,90.5199698960316,88.9439344335189,216
-7.6926,53.28823,2021/11/06 00:00:00+00,Sat 06 Nov 2021,1818,1311,5,3592603,3525461,236417,3829020,3761878,90.5630870664099,88.9750601582682,217
-7.6926,53.28823,2021/11/07 00:00:00+00,Sun 07 Nov 2021,727,763,0,3593330,3526224,236417,3829747,3762641,90.5802819006749,88.9931064561281,218
-7.6926,53.28823,2021/11/08 00:00:00+00,Mon 08 Nov 2021,501,484,1,3593831,3526708,236418,3830249,3763126,90.5921550874713,89.0045775628936,219
-7.6926,53.28823,2021/11/09 00:00:00+00,Tue 09 Nov 2021,1370,981,1,3595201,3527689,236419,3831620,3764108,90.6245816593796,89.0278035976229,220
-7.6926,53.28823,2021/11/10 00:00:00+00,Wed 10 Nov 2021,1566,1268,0,3596767,3528957,236419,3833186,3765376,90.6616203257605,89.0577940375789,221
-7.6926,53.28823,2021/11/11 00:00:00+00,Thu 11 Nov 2021,1385,1032,1,3598152,3529989,236420,3834572,3766409,90.6944016741666,89.082226312401,222
-7.6926,53.28823,2021/11/12 00:00:00+00,Fri 12 Nov 2021,1122,1055,5,3599274,3531044,236425,3835699,3767469,90.7210572150423,89.1072971849194,223
-7.6926,53.28823,2021/11/13 00:00:00+00,Sat 13 Nov 2021,1403,1324,0,3600677,3532368,236425,3837102,3768793,90.7542406434794,89.1386121238009,224
-7.6926,53.28823,2021/11/14 00:00:00+00,Sun 14 Nov 2021,1642,1790,0,3602319,3534158,236425,3838744,3770583,90.7930768441164,89.1809487858839,225
-7.6926,53.28823,2021/11/15 00:00:00+00,Mon 15 Nov 2021,1238,537,0,3603557,3534695,236425,3839982,3771120,90.8223577310766,89.1936497845088,226
-7.6926,53.28823,2021/11/16 00:00:00+00,Tue 16 Nov 2021,1304,999,4,3604861,3535694,236429,3841290,3772123,90.8532942416936,89.2173725063351,227
-7.6926,53.28823,2021/11/17 00:00:00+00,Wed 17 Nov 2021,1492,1019,0,3606353,3536713,236429,3842782,3773142,90.8885826773516,89.2414736564259,228
-7.6926,53.28823,2021/11/18 00:00:00+00,Thu 18 Nov 2021,1605,2401,5,3607958,3539114,236434,3844392,3775548,90.9266620214597,89.2983798066894,229
-7.6926,53.28823,2021/11/19 00:00:00+00,Fri 19 Nov 2021,1121,1415,0,3609079,3540529,236434,3845513,3776963,90.9531756517362,89.3318470563248,230
-7.6926,53.28823,2021/11/20 00:00:00+00,Sat 20 Nov 2021,1500,2875,10,3610579,3543404,236444,3847023,3779848,90.9888898191917,89.4000824027546,231
-7.6926,53.28823,2021/11/21 00:00:00+00,Sun 21 Nov 2021,1779,2742,0,3612358,3546146,236444,3848802,3782590,91.0309663118429,89.464935546571,232
-7.6926,53.28823,2021/11/22 00:00:00+00,Mon 22 Nov 2021,689,438,2,3613047,3546584,236446,3849493,3783030,91.0473096825129,89.4753423238428,233
-7.6926,53.28823,2021/11/23 00:00:00+00,Tue 23 Nov 2021,2138,1505,4,3615185,3548089,236450,3851635,3784539,91.0979717664133,89.5110328395318,234
-7.6926,53.28823,2021/11/24 00:00:00+00,Wed 24 Nov 2021,1572,3025,0,3616757,3551114,236450,3853207,3787564,91.1351523433934,89.5825794332753,235
-7.6926,53.28823,2021/11/25 00:00:00+00,Thu 25 Nov 2021,939,1054,0,3617696,3552168,236450,3854146,3788618,91.157361352162,89.6075083951945,236
-7.6926,53.28823,2021/11/26 00:00:00+00,Fri 26 Nov 2021,1221,968,13,3618917,3553136,236463,3855380,3789599,91.1865476320561,89.6307107781573,237
-7.6926,53.28823,2021/11/27 00:00:00+00,Sat 27 Nov 2021,1210,1477,5,3620127,3554613,236468,3856595,3791081,91.2152845283861,89.66576269615,238
-7.6926,53.28823,2021/11/28 00:00:00+00,Sun 28 Nov 2021,1975,2227,0,3622102,3556840,236468,3858570,3793308,91.2619967672766,89.7184351802052,239
-7.6926,53.28823,2021/11/29 00:00:00+00,Mon 29 Nov 2021,516,912,1,3622618,3557752,236469,3859087,3794221,91.2742247305709,89.7400292430441,240
-7.6926,53.28823,2021/11/30 00:00:00+00,Tue 30 Nov 2021,1861,1515,4,3624479,3559267,236473,3860952,3795740,91.3183352751434,89.7759562763983,241
-7.6926,53.28823,2021/12/01 00:00:00+00,Wed 01 Dec 2021,1020,1227,1,3625499,3560494,236474,3861973,3796968,91.3424837287672,89.8050006456932,242
-7.6926,53.28823,2021/01/13 00:00:00+00,Wed 13 Jan 2021,9839,2,0,79613,31,6,79619,37,1.8831299990965,0.000875115361491235,243
-7.6926,53.28823,2021/01/14 00:00:00+00,Thu 14 Jan 2021,8035,2,0,87648,33,6,87654,39,2.07317194313926,0.000922418894544815,244
-7.6926,53.28823,2021/01/15 00:00:00+00,Fri 15 Jan 2021,7634,2,0,95282,35,6,95288,41,2.25372952880478,0.000969722427598395,245
-7.6926,53.28823,2021/01/16 00:00:00+00,Sat 16 Jan 2021,5202,1,0,100484,36,6,100490,42,2.37676601827714,0.000993374194125185,246
-7.6926,53.28823,2021/01/17 00:00:00+00,Sun 17 Jan 2021,1094,3,0,101578,39,6,101584,45,2.40264105085745,0.00106432949370556,247
-7.6926,53.28823,2021/01/18 00:00:00+00,Mon 18 Jan 2021,8659,4,0,110237,43,6,110243,49,2.60744169721292,0.00115893655981272,248
-7.6926,53.28823,2021/01/19 00:00:00+00,Tue 19 Jan 2021,8342,14,0,118579,57,6,118585,63,2.80474473357941,0.00149006129118778,249
-7.6926,53.28823,2021/01/20 00:00:00+00,Wed 20 Jan 2021,8408,954,0,126987,1011,6,126993,1017,3.00360878653666,0.0240538465577456,250
-7.6926,53.28823,2021/01/21 00:00:00+00,Thu 21 Jan 2021,8936,955,0,135923,1966,6,135929,1972,3.21496097222005,0.0466412835908301,251
-7.6926,53.28823,2021/01/22 00:00:00+00,Fri 22 Jan 2021,6715,961,0,142638,2927,6,142644,2933,3.37378258444745,0.0693706312230754,252
-7.6926,53.28823,2021/01/23 00:00:00+00,Sat 23 Jan 2021,4144,456,0,146782,3383,6,146788,3389,3.47179550493447,0.0801558367592917,253
-7.6926,53.28823,2021/01/24 00:00:00+00,Sun 24 Jan 2021,1161,393,0,147943,3776,6,147949,3782,3.49925520587207,0.0894509810043202,254
-7.6926,53.28823,2021/01/25 00:00:00+00,Mon 25 Jan 2021,1321,1279,0,149264,5055,6,149270,5061,3.53049918945396,0.119701590392085,255
-7.6926,53.28823,2021/01/26 00:00:00+00,Tue 26 Jan 2021,973,3491,0,150237,8546,6,150243,8552,3.55351235828453,0.202269907337109,256
-7.6926,53.28823,2021/01/27 00:00:00+00,Wed 27 Jan 2021,2130,6692,0,152367,15238,6,152373,15244,3.60389062098659,0.360547528934389,257
-7.6926,53.28823,2021/01/28 00:00:00+00,Thu 28 Jan 2021,938,11537,0,153305,26775,6,153311,26781,3.62607597798872,0.633417959353966,258
-7.6926,53.28823,2021/01/29 00:00:00+00,Fri 29 Jan 2021,1529,11516,0,154834,38291,6,154840,38297,3.66223952900818,0.905791702676481,259
-7.6926,53.28823,2021/01/30 00:00:00+00,Sat 30 Jan 2021,592,7790,0,155426,46081,6,155432,46087,3.67624137479204,1.09003896392018,260
-7.6926,53.28823,2021/01/31 00:00:00+00,Sun 31 Jan 2021,199,4078,0,155625,50159,6,155631,50165,3.68094807633087,1.18649086781643,261
-7.6926,53.28823,2021/02/01 00:00:00+00,Mon 01 Feb 2021,967,8328,0,156592,58487,6,156598,58493,3.70381933456228,1.38346277945153,262
-7.6926,53.28823,2021/02/02 00:00:00+00,Tue 02 Feb 2021,782,5090,0,157374,63577,6,157380,63583,3.72231501598623,1.5038502710729,263
-7.6926,53.28823,2021/02/03 00:00:00+00,Wed 03 Feb 2021,1352,6853,0,158726,70430,6,158732,70436,3.75429220433045,1.66593582708099,264
-7.6926,53.28823,2021/02/04 00:00:00+00,Thu 04 Feb 2021,1377,10526,0,160103,80956,6,160109,80962,3.78686068683784,1.91489432154198,265
-7.6926,53.28823,2021/02/05 00:00:00+00,Fri 05 Feb 2021,3352,8595,0,163455,89551,6,163461,89557,3.86614140823564,2.11818125483974,266
-7.6926,53.28823,2021/02/06 00:00:00+00,Sat 06 Feb 2021,867,3860,0,164322,93411,6,164328,93417,3.88664748981437,2.20947707363315,267
-7.6926,53.28823,2021/02/07 00:00:00+00,Sun 07 Feb 2021,299,1289,0,164621,94700,6,164627,94706,3.89371936800588,2.23996420068619,268
-7.6926,53.28823,2021/02/08 00:00:00+00,Mon 08 Feb 2021,1119,867,0,165740,95567,6,165746,95573,3.92018569474935,2.26047028226491,269
-7.6926,53.28823,2021/02/09 00:00:00+00,Tue 09 Feb 2021,4185,522,0,169925,96089,6,169931,96095,4.01916833766397,2.2728165043919,270
-7.6926,53.28823,2021/02/10 00:00:00+00,Wed 10 Feb 2021,8782,571,0,178707,96660,6,178713,96666,4.22687815130224,2.28632166307869,271
-7.6926,53.28823,2021/02/11 00:00:00+00,Thu 11 Feb 2021,6118,426,0,184825,97086,6,184831,97092,4.37157965891315,2.29639731561911,272
-7.6926,53.28823,2021/02/12 00:00:00+00,Fri 12 Feb 2021,4349,512,0,189174,97598,6,189180,97604,4.47444119153815,2.30850702008082,273
-7.6926,53.28823,2021/02/13 00:00:00+00,Sat 13 Feb 2021,1172,1909,0,190346,99507,6,190352,99513,4.50216106190755,2.35365824238047,274
-7.6926,53.28823,2021/02/14 00:00:00+00,Sun 14 Feb 2021,2667,16,0,193013,99523,6,193019,99529,4.5652403232345,2.35403667064489,275
-7.6926,53.28823,2021/02/15 00:00:00+00,Mon 15 Feb 2021,1918,7860,0,194931,107383,6,194937,107389,4.61060441143289,2.53993955554546,276
-7.6926,53.28823,2021/02/16 00:00:00+00,Tue 16 Feb 2021,5590,8135,0,200521,115518,6,200527,115524,4.74281778631764,2.7323466762409,277
-7.6926,53.28823,2021/02/17 00:00:00+00,Wed 17 Feb 2021,9691,8451,0,210212,123969,6,210218,123975,4.97202705572877,2.9322277551588,278
-7.6926,53.28823,2021/02/18 00:00:00+00,Thu 18 Feb 2021,8416,8319,0,218628,132288,6,218634,132294,5.17108032281823,3.12898680089517,279
-7.6926,53.28823,2021/02/19 00:00:00+00,Fri 19 Feb 2021,9356,6560,0,227984,138848,6,227990,138854,5.39236625044288,3.28414238931092,280
-7.6926,53.28823,2021/02/20 00:00:00+00,Sat 20 Feb 2021,5845,3556,1,233829,142404,7,233836,142411,5.53063447755849,3.36827172284671,281
-7.6926,53.28823,2021/02/21 00:00:00+00,Sun 21 Feb 2021,1075,1015,3,234904,143419,10,234914,143429,5.55613108187437,3.39234922117098,282
-7.6926,53.28823,2021/02/22 00:00:00+00,Mon 22 Feb 2021,3896,1095,1,238800,144514,11,238811,144525,5.64830201602927,3.41827155728434,283
-7.6926,53.28823,2021/02/23 00:00:00+00,Tue 23 Feb 2021,13309,1049,0,252109,145563,11,252120,145574,5.96308337673432,3.44308226037095,284
-7.6926,53.28823,2021/02/24 00:00:00+00,Wed 24 Feb 2021,16866,2078,2,268975,147641,13,268988,147654,6.36204137450822,3.49227793474667,285
-7.6926,53.28823,2021/02/25 00:00:00+00,Thu 25 Feb 2021,17989,1729,1,286964,149370,14,286978,149384,6.78753665432518,3.53319549083802,286
-7.6926,53.28823,2021/02/26 00:00:00+00,Fri 26 Feb 2021,16016,2737,0,302980,152107,14,302994,152121,7.16634334701825,3.59793037582184,287
-7.6926,53.28823,2021/02/27 00:00:00+00,Sat 27 Feb 2021,8932,696,1,311912,152803,15,311927,152818,7.37762457740206,3.61441565709101,288
-7.6926,53.28823,2021/02/28 00:00:00+00,Sun 28 Feb 2021,2411,45,1,314323,152848,16,314339,152864,7.43467263826468,3.61550363835124,289
-7.6926,53.28823,2021/03/01 00:00:00+00,Mon 01 Mar 2021,5518,772,0,319841,153620,16,319857,153636,7.56518308595951,3.63376280210993,290
-7.6926,53.28823,2021/03/02 00:00:00+00,Tue 02 Mar 2021,12106,1586,0,331947,155206,16,331963,155222,7.85151137153283,3.67127450382142,291
-7.6926,53.28823,2021/03/03 00:00:00+00,Wed 03 Mar 2021,12763,1479,1,344710,156685,17,344727,156702,8.15340251948078,3.70627911828107,292
-7.6926,53.28823,2021/03/04 00:00:00+00,Thu 04 Mar 2021,18629,1668,0,363339,158353,17,363356,158370,8.59401127810835,3.74573026484775,293
-7.6926,53.28823,2021/03/05 00:00:00+00,Fri 05 Mar 2021,18349,2374,1,381688,160727,18,381706,160745,9.02802119387495,3.80190321034888,294
-7.6926,53.28823,2021/03/06 00:00:00+00,Sat 06 Mar 2021,10351,122,0,392039,160849,18,392057,160867,9.27284062919375,3.80478872586515,295
-7.6926,53.28823,2021/03/07 00:00:00+00,Sun 07 Mar 2021,1474,5,0,393513,160854,18,393531,160872,9.30770333305424,3.80490698469778,296
-7.6926,53.28823,2021/03/08 00:00:00+00,Mon 08 Mar 2021,6573,1474,1,400086,162328,19,400105,162347,9.46319004620136,3.8397933403248,297
-7.6926,53.28823,2021/03/09 00:00:00+00,Tue 09 Mar 2021,13704,3078,1,413790,165406,20,413810,165426,9.78733750645102,3.91261712946078,298
-7.6926,53.28823,2021/03/10 00:00:00+00,Wed 10 Mar 2021,13614,3959,0,427404,169365,20,427424,169385,10.1093326559467,4.00625447314034,299
-7.6926,53.28823,2021/03/11 00:00:00+00,Thu 11 Mar 2021,18351,2074,0,445755,171439,20,445775,171459,10.5433662234799,4.05530823691691,300
-7.6926,53.28823,2021/03/12 00:00:00+00,Fri 12 Mar 2021,17204,1311,2,462959,172750,22,462981,172772,10.9503185183398,4.08636300636658,301
-7.6926,53.28823,2021/03/13 00:00:00+00,Sat 13 Mar 2021,8204,156,0,471163,172906,22,471185,172928,11.1443576109256,4.09005268194476,302
-7.6926,53.28823,2021/03/14 00:00:00+00,Sun 14 Mar 2021,321,8,1,471484,172914,23,471507,172937,11.1519734797472,4.0902655478435,303
-7.6926,53.28823,2021/03/15 00:00:00+00,Mon 15 Mar 2021,2529,964,0,474013,173878,23,474036,173901,11.2117887972935,4.11306585077533,304
-7.6926,53.28823,2021/03/16 00:00:00+00,Tue 16 Mar 2021,8839,3784,0,482852,177662,23,482875,177685,11.4208467616238,4.2025641353127,305
-7.6926,53.28823,2021/03/17 00:00:00+00,Wed 17 Mar 2021,4802,2383,4,487654,180045,27,487681,180072,11.5345171515515,4.25902090201215,306
-7.6926,53.28823,2021/03/18 00:00:00+00,Thu 18 Mar 2021,11594,4651,1,499248,184696,28,499276,184724,11.8087593844297,4.36904891989478,307
-7.6926,53.28823,2021/03/19 00:00:00+00,Fri 19 Mar 2021,10218,6090,1,509466,190786,29,509495,190815,12.0504567865669,4.51311182980946,308
-7.6926,53.28823,2021/03/20 00:00:00+00,Sat 20 Mar 2021,5108,3089,0,514574,193875,29,514603,193904,12.1712700099858,4.58617213661071,309
-7.6926,53.28823,2021/03/21 00:00:00+00,Sun 21 Mar 2021,3540,39,0,518114,193914,29,518143,193943,12.2549972634906,4.58709455550526,310
-7.6926,53.28823,2021/03/22 00:00:00+00,Mon 22 Mar 2021,7284,2367,0,525398,196281,29,525427,196310,12.4272767308718,4.64307828687417,311
-7.6926,53.28823,2021/03/23 00:00:00+00,Tue 23 Mar 2021,12416,7351,1,537814,203632,30,537844,203662,12.7209607158349,4.81696607437913,312
-7.6926,53.28823,2021/03/24 00:00:00+00,Wed 24 Mar 2021,13485,9737,0,551299,213369,30,551329,213399,13.0399047874487,5.04726332505049,313
-7.6926,53.28823,2021/03/25 00:00:00+00,Thu 25 Mar 2021,20724,10174,2,572023,223543,32,572055,223575,13.5301113004829,5.2879437012271,314
-7.6926,53.28823,2021/03/26 00:00:00+00,Fri 26 Mar 2021,19556,9423,1,591579,232966,33,591612,232999,13.9926688984474,5.51083794897557,315
-7.6926,53.28823,2021/03/27 00:00:00+00,Sat 27 Mar 2021,11599,5293,1,603178,238259,34,603212,238293,14.2670293901581,5.6360504009684,316
-7.6926,53.28823,2021/03/28 00:00:00+00,Sun 28 Mar 2021,2406,460,0,605584,238719,34,605618,238753,14.3239355404216,5.64693021357072,317
-7.6926,53.28823,2021/03/28 23:00:00+00,Mon 29 Mar 2021,9134,3063,1,614718,241782,35,614753,241817,14.5399944276438,5.71939922620881,318
-7.6926,53.28823,2021/03/29 23:00:00+00,Tue 30 Mar 2021,13191,8606,1,627909,250388,36,627945,250424,14.8520085316652,5.92296998070489,319
-7.6926,53.28823,2021/03/30 23:00:00+00,Wed 31 Mar 2021,15632,10421,0,643541,260809,36,643577,260845,15.221732946012,6.16944503968057,320
-7.6926,53.28823,2021/03/31 23:00:00+00,Thu 01 Apr 2021,19540,11537,0,663081,272346,36,663117,272382,15.6838884639455,6.44231547010015,321
-7.6926,53.28823,2021/04/01 23:00:00+00,Fri 02 Apr 2021,20005,13666,2,683086,286012,38,683124,286050,16.157089356847,6.76558781498831,322
-7.6926,53.28823,2021/04/02 23:00:00+00,Sat 03 Apr 2021,7424,4585,0,690510,290597,38,690548,290635,16.3326800715419,6.87403116451365,323
-7.6926,53.28823,2021/04/03 23:00:00+00,Sun 04 Apr 2021,2931,150,0,693441,290747,38,693479,290785,16.4020033992319,6.87757892949266,324
-7.6926,53.28823,2021/04/04 23:00:00+00,Mon 05 Apr 2021,3325,570,1,696766,291317,39,696805,291356,16.4806691747,6.89108408817946,325
-7.6926,53.28823,2021/04/05 23:00:00+00,Tue 06 Apr 2021,11829,8102,1,708595,299419,40,708635,299459,16.7604695727119,7.08273435234604,326
-7.6926,53.28823,2021/04/06 23:00:00+00,Wed 07 Apr 2021,18173,10408,1,726768,309827,41,726809,309868,17.1903167775698,7.3289255901234,327
-7.6926,53.28823,2021/04/07 23:00:00+00,Thu 08 Apr 2021,20012,10490,0,746780,320317,41,746821,320358,17.6636359293039,7.57703262098943,328
-7.6926,53.28823,2021/04/08 23:00:00+00,Fri 09 Apr 2021,20560,9085,0,767340,329402,41,767381,329443,18.1499162490947,7.79190891988532,329
-7.6926,53.28823,2021/04/09 23:00:00+00,Sat 10 Apr 2021,11021,4128,3,778361,333530,44,778405,333574,18.4106533232861,7.88961436740749,330
-7.6926,53.28823,2021/04/10 23:00:00+00,Sun 11 Apr 2021,2779,313,0,781140,333843,44,781184,333887,18.476381582464,7.89701737033037,331
-7.6926,53.28823,2021/04/11 23:00:00+00,Mon 12 Apr 2021,7647,2712,1,788787,336555,45,788832,336600,18.6572702928609,7.96118461291755,332
-7.6926,53.28823,2021/04/12 23:00:00+00,Tue 13 Apr 2021,11377,8515,0,800164,345070,45,800209,345115,18.9263564406362,8.16257940489317,333
-7.6926,53.28823,2021/04/13 23:00:00+00,Wed 14 Apr 2021,20199,6524,2,820363,351594,47,820410,351641,19.4041457762439,8.316930833247,334
-7.6926,53.28823,2021/04/14 23:00:00+00,Thu 15 Apr 2021,26958,10712,0,847321,362306,47,847368,362353,20.0417500982731,8.57028855628198,335
-7.6926,53.28823,2021/04/15 23:00:00+00,Fri 16 Apr 2021,27812,9749,1,875133,372055,48,875181,372103,20.6995766806827,8.80089327991818,336
-7.6926,53.28823,2021/04/16 23:00:00+00,Sat 17 Apr 2021,15702,4484,1,890835,376539,49,890884,376588,21.0709803704529,8.90697145279084,337
-7.6926,53.28823,2021/04/17 23:00:00+00,Sun 18 Apr 2021,986,433,0,891821,376972,49,891870,377021,21.0943010122483,8.91721266769694,338
-7.6926,53.28823,2021/04/18 23:00:00+00,Mon 19 Apr 2021,6621,2177,0,898442,379149,49,898491,379198,21.2508993584222,8.96870256342576,339
