X,Y,VaccinationDate,VaccineText,Dose1,Dose2,SingleDose,Dose1Cum,Dose2Cum,SingleDoseCum,PartiallyVacc,FullyVacc,PartialPercent,FullyPercent,ObjectId
-7.6926,53.28823,2022/02/17 00:00:00+00,Thu 17 Feb 2022,791,1194,2,3823059,3731742,241041,4064100,3972783,84.6948819000196,82.7918572376185,1
-7.6926,53.28823,2021/11/05 00:00:00+00,Fri 05 Nov 2021,1630,1104,4,3630257,3564236,240885,3871142,3805121,80.6736828592322,79.2978208484743,2
-7.6926,53.28823,2022/06/01 23:00:00+00,Thu 02 Jun 2022,91,142,0,3851233,3802083,241069,4092302,4043152,85.2826049037213,84.2583305390684,3
-7.6926,53.28823,2022/02/18 00:00:00+00,Fri 18 Feb 2022,792,3295,0,3823851,3735037,241041,4064892,3976078,84.7113869925283,82.8605242575886,4
-7.6926,53.28823,2021/11/06 00:00:00+00,Sat 06 Nov 2021,1822,1361,6,3632079,3565597,240891,3872970,3806488,80.7117779464872,79.3263088048625,5
-7.6926,53.28823,2022/06/02 23:00:00+00,Fri 03 Jun 2022,60,143,0,3851293,3802226,241069,4092362,4043295,85.2838552895174,84.2613106252158,6
-7.6926,53.28823,2022/02/19 00:00:00+00,Sat 19 Feb 2022,980,3555,0,3824831,3738592,241041,4065872,3979633,84.7318099605316,82.9346096160086,7
-7.6926,53.28823,2022/06/03 23:00:00+00,Sat 04 Jun 2022,305,607,0,3851598,3802833,241069,4092667,4043902,85.2902114173144,84.2739603615199,8
-7.6926,53.28823,2021/11/07 00:00:00+00,Sun 07 Nov 2021,698,775,0,3632777,3566372,240891,3873668,3807263,80.7263241012487,79.3424596213957,9
-7.6926,53.28823,2022/02/20 00:00:00+00,Sun 20 Feb 2022,1365,3588,0,3826196,3742180,241041,4067237,3983221,84.7602562373932,83.0093826866164,10
-7.6926,53.28823,2022/06/04 23:00:00+00,Sun 05 Jun 2022,143,273,0,3851741,3803106,241069,4092810,4044175,85.2931915034618,84.2796496168922,11
-7.6926,53.28823,2021/11/08 00:00:00+00,Mon 08 Nov 2021,517,536,4,3633294,3566908,240895,3874189,3807803,80.7371816179117,79.3537130935607,12
-7.6926,53.28823,2022/02/21 00:00:00+00,Mon 21 Feb 2022,254,995,1,3826450,3743175,241042,4067492,3984217,84.7655703770267,83.030139090832,13
-7.6926,53.28823,2022/06/05 23:00:00+00,Mon 06 Jun 2022,5,7,1,3851746,3803113,241070,4092816,4044183,85.2933165420414,84.2798163349984,14
-7.6926,53.28823,2021/11/09 00:00:00+00,Tue 09 Nov 2021,1373,1073,4,3634667,3567981,240899,3875566,3808880,80.7658779719326,79.376157518601,15
-7.6926,53.28823,2022/02/22 00:00:00+00,Tue 22 Feb 2022,475,982,1,3826925,3744157,241043,4067968,3985200,84.7754901043426,83.050624578125,16
-7.6926,53.28823,2022/06/06 23:00:00+00,Tue 07 Jun 2022,29,53,0,3851775,3803166,241070,4092845,4044236,85.2939208951762,84.2809208424516,17
-7.6926,53.28823,2021/11/10 00:00:00+00,Wed 10 Nov 2021,1602,1369,2,3636269,3569350,240901,3877170,3810251,80.7993049522155,79.4047288340423,18
-7.6926,53.28823,2022/02/23 00:00:00+00,Wed 23 Feb 2022,829,1273,1,3827754,3745430,241044,4068798,3986474,84.7927871078556,83.0771744365293,19
-7.6926,53.28823,2022/06/07 23:00:00+00,Wed 08 Jun 2022,36,76,0,3851811,3803242,241070,4092881,4044312,85.2946711266539,84.28250466446,20
-7.6926,53.28823,2021/11/11 00:00:00+00,Thu 11 Nov 2021,1394,1126,2,3637663,3570476,240903,3878566,3811379,80.8283972617385,79.4282360870093,21
-7.6926,53.28823,2022/02/24 00:00:00+00,Thu 24 Feb 2022,653,1236,0,3828407,3746666,241044,4069451,3987710,84.80639547327,83.1029323839293,22
-7.6926,53.28823,2020/12/28 00:00:00+00,Mon 28 Dec 2020,275,18,2,275,18,2,277,20,0.00577261442540917,0.000416795265372503,23
-7.6926,53.28823,2022/06/08 23:00:00+00,Thu 09 Jun 2022,73,122,0,3851884,3803364,241070,4092954,4044434,85.2961924293725,84.2850471155788,24
-7.6926,53.28823,2021/11/12 00:00:00+00,Fri 12 Nov 2021,1143,1161,6,3638806,3571637,240909,3879715,3812546,80.8523421497341,79.4525560907438,25
-7.6926,53.28823,2022/02/25 00:00:00+00,Fri 25 Feb 2022,693,1228,0,3829100,3747894,241044,4070144,3988938,84.8208374292151,83.1285236132232,26
-7.6926,53.28823,2021/11/13 00:00:00+00,Sat 13 Nov 2021,1396,1384,0,3640202,3573021,240909,3881111,3813930,80.8814344592571,79.4813983231076,27
-7.6926,53.28823,2022/06/09 23:00:00+00,Fri 10 Jun 2022,56,108,0,3851940,3803472,241070,4093010,4044542,85.2973594561155,84.2872978100118,28
-7.6926,53.28823,2020/12/29 00:00:00+00,Tue 29 Dec 2020,80,3,0,355,21,2,357,23,0.00743979548689919,0.000479314555178379,29
-7.6926,53.28823,2021/11/14 00:00:00+00,Sun 14 Nov 2021,1646,1808,1,3641848,3574829,240910,3882758,3815739,80.9157575493605,79.5190974548606,30
-7.6926,53.28823,2022/02/26 00:00:00+00,Sat 26 Feb 2022,960,2092,0,3830060,3749986,241044,4071104,3991030,84.840843601953,83.1721203979811,31
-7.6926,53.28823,2022/06/10 23:00:00+00,Sat 11 Jun 2022,189,562,0,3852129,3804034,241070,4093199,4045104,85.3012981713733,84.2990097569688,32
-7.6926,53.28823,2021/11/15 00:00:00+00,Mon 15 Nov 2021,1243,598,1,3643091,3575427,240911,3884002,3816338,80.9416822148667,79.5315804730585,33
-7.6926,53.28823,2020/12/30 00:00:00+00,Wed 30 Dec 2020,1063,2,0,1418,23,2,1420,25,0.0295924638414477,0.000520994081715629,34
-7.6926,53.28823,2022/02/27 00:00:00+00,Sun 27 Feb 2022,671,1783,0,3830731,3751769,241044,4071775,3992813,84.8548270831063,83.2092776958891,35
-7.6926,53.28823,2022/06/11 23:00:00+00,Sun 12 Jun 2022,143,288,0,3852272,3804322,241070,4093342,4045392,85.3042782575207,84.3050116087901,36
-7.6926,53.28823,2021/11/16 00:00:00+00,Tue 16 Nov 2021,1316,1082,5,3644407,3576509,240916,3885323,3817425,80.9692115421446,79.5542332957315,37
-7.6926,53.28823,2022/02/28 00:00:00+00,Mon 28 Feb 2022,81,435,0,3830812,3752204,241044,4071856,3993248,84.856515103931,83.2183429929109,38
-7.6926,53.28823,2020/12/31 00:00:00+00,Thu 31 Dec 2020,1041,1,0,2459,24,2,2461,26,0.0512866574040866,0.000541833844984254,39
-7.6926,53.28823,2022/06/12 23:00:00+00,Mon 13 Jun 2022,17,44,0,3852289,3804366,241070,4093359,4045436,85.3046325334963,84.3059285583739,40
-7.6926,53.28823,2021/11/17 00:00:00+00,Wed 17 Nov 2021,1504,1123,3,3645911,3577632,240919,3886830,3818551,81.0006170653904,79.5776988691719,41
-7.6926,53.28823,2022/03/01 00:00:00+00,Tue 01 Mar 2022,132,937,0,3830944,3753141,241044,4071988,3994185,84.8592659526825,83.2378698510936,42
-7.6926,53.28823,2022/06/13 23:00:00+00,Tue 14 Jun 2022,37,55,0,3852326,3804421,241070,4093396,4045491,85.3054036047372,84.3070747453537,43
-7.6926,53.28823,2021/01/01 00:00:00+00,Fri 01 Jan 2021,820,0,0,3279,24,2,3281,26,0.0683752632843592,0.000541833844984254,44
-7.6926,53.28823,2021/11/18 00:00:00+00,Thu 18 Nov 2021,1640,2515,5,3647551,3580147,240924,3888475,3821071,81.0348984759673,79.6302150726089,45
-7.6926,53.28823,2022/03/02 00:00:00+00,Wed 02 Mar 2022,207,997,2,3831151,3754138,241046,4072197,3995184,84.8636214632056,83.258688774599,46
-7.6926,53.28823,2022/06/14 23:00:00+00,Wed 15 Jun 2022,66,123,0,3852392,3804544,241070,4093462,4045614,85.3067790291129,84.3096380362358,47
-7.6926,53.28823,2021/01/02 00:00:00+00,Sat 02 Jan 2021,1021,0,0,4300,24,2,4302,26,0.0896526615816255,0.000541833844984254,48
-7.6926,53.28823,2021/11/19 00:00:00+00,Fri 19 Nov 2021,1166,1562,0,3648717,3581709,240924,3889641,3822633,81.0591976399385,79.6627667828345,49
-7.6926,53.28823,2022/03/03 00:00:00+00,Thu 03 Mar 2022,278,1277,0,3831429,3755415,241046,4072475,3996461,84.8694149173943,83.285301152293,50
-7.6926,53.28823,2022/06/15 23:00:00+00,Thu 16 Jun 2022,42,85,0,3852434,3804629,241070,4093504,4045699,85.3076542991702,84.3114094161136,51
-7.6926,53.28823,2021/01/03 00:00:00+00,Sun 03 Jan 2021,24,3,1,4324,27,3,4327,30,0.0901736556633411,0.000625192898058755,52
-7.6926,53.28823,2021/01/04 00:00:00+00,Mon 04 Jan 2021,1197,5,0,5521,32,3,5524,35,0.115118852295885,0.000729391714401881,53
-7.6926,53.28823,2021/01/05 00:00:00+00,Tue 05 Jan 2021,3544,14,0,9065,46,3,9068,49,0.188974973319893,0.00102114840016263,54
-7.6926,53.28823,2021/01/06 00:00:00+00,Wed 06 Jan 2021,6793,14,0,15858,60,3,15861,63,0.330539485203664,0.00131290508592339,55
-7.6926,53.28823,2021/01/07 00:00:00+00,Thu 07 Jan 2021,11741,9,0,27599,69,3,27602,72,0.575219145740592,0.00150046295534101,56
-7.6926,53.28823,2021/01/08 00:00:00+00,Fri 08 Jan 2021,12690,6,0,40289,75,3,40292,78,0.839675741619445,0.00162550153495276,57
-7.6926,53.28823,2021/01/09 00:00:00+00,Sat 09 Jan 2021,8080,7,0,48369,82,3,48372,85,1.00806102882994,0.00177137987783314,58
-7.6926,53.28823,2021/01/10 00:00:00+00,Sun 10 Jan 2021,4790,5,1,53159,87,4,53163,91,1.10790433464992,0.00189641845744489,59
-7.6926,53.28823,2021/01/11 00:00:00+00,Mon 11 Jan 2021,8354,8,0,61513,95,4,61517,99,1.28199971699601,0.00206313656359389,60
-7.6926,53.28823,2021/01/12 00:00:00+00,Tue 12 Jan 2021,8897,14,0,70410,109,4,70414,113,1.46741109079697,0.00235489324935464,61
-7.6926,53.28823,2021/01/13 00:00:00+00,Wed 13 Jan 2021,9901,5,0,80311,114,4,80315,118,1.67374558691963,0.00245909206569777,62
-7.6926,53.28823,2021/01/14 00:00:00+00,Thu 14 Jan 2021,8096,6,0,88407,120,4,88411,124,1.84246431034242,0.00258413064530952,63
-7.6926,53.28823,2021/01/15 00:00:00+00,Fri 15 Jan 2021,7704,4,0,96111,124,4,96115,128,2.00301384656391,0.00266748969838402,64
-7.6926,53.28823,2021/01/16 00:00:00+00,Sat 16 Jan 2021,5247,2,0,101358,126,4,101362,130,2.11236008443438,0.00270916922492127,65
-7.6926,53.28823,2021/01/17 00:00:00+00,Sun 17 Jan 2021,1117,5,0,102475,131,4,102479,135,2.13563810000544,0.0028133680412644,66
-7.6926,53.28823,2021/01/18 00:00:00+00,Mon 18 Jan 2021,8728,9,1,111203,140,5,111208,145,2.31754839357727,0.00302176567395065,67
-7.6926,53.28823,2021/01/19 00:00:00+00,Tue 19 Jan 2021,8395,21,0,119598,161,5,119603,166,2.49249820621738,0.00345940070259178,68
-7.6926,53.28823,2021/01/20 00:00:00+00,Wed 20 Jan 2021,8453,965,0,128051,1126,5,128056,1131,2.66865672512706,0.0235697722568151,69
-7.6926,53.28823,2021/01/21 00:00:00+00,Thu 21 Jan 2021,9015,966,0,137066,2092,5,137071,2097,2.85652719099372,0.043700983574307,70
-7.6926,53.28823,2021/01/22 00:00:00+00,Fri 22 Jan 2021,6790,970,0,143856,3062,5,143861,3067,2.99802918358769,0.0639155539448734,71
-7.6926,53.28823,2021/01/23 00:00:00+00,Sat 23 Jan 2021,4201,461,0,148057,3523,5,148062,3528,3.08557702907918,0.0735226848117096,72
-7.6926,53.28823,2021/01/24 00:00:00+00,Sun 24 Jan 2021,1187,399,0,149244,3922,5,149249,3927,3.11031382807904,0.0818377503558911,73
-7.6926,53.28823,2021/01/25 00:00:00+00,Mon 25 Jan 2021,1371,1294,0,150615,5216,5,150620,5221,3.13888514352032,0.108804404025492,74
-7.6926,53.28823,2021/01/26 00:00:00+00,Tue 26 Jan 2021,1011,3507,0,151626,8723,5,151631,8728,3.1599541441849,0.181889453808561,75
-7.6926,53.28823,2021/01/27 00:00:00+00,Wed 27 Jan 2021,2189,6709,0,153815,15432,5,153820,15437,3.20557238597992,0.321703425577767,76
-7.6926,53.28823,2021/01/28 00:00:00+00,Thu 28 Jan 2021,1024,11544,0,154839,26976,5,154844,26981,3.226912303567,0.562277652750776,77
-7.6926,53.28823,2021/01/29 00:00:00+00,Fri 29 Jan 2021,1591,11526,0,156430,38502,5,156435,38507,3.26006836692738,0.80247676418495,78
-7.6926,53.28823,2021/01/30 00:00:00+00,Sat 30 Jan 2021,652,7793,0,157082,46295,5,157087,46300,3.27365589257852,0.964881039337346,79
-7.6926,53.28823,2021/01/31 00:00:00+00,Sun 31 Jan 2021,237,4087,0,157319,50382,5,157324,50387,3.27859491647319,1.05005315181622,80
-7.6926,53.28823,2021/02/01 00:00:00+00,Mon 01 Feb 2021,1039,8334,1,158358,58716,6,158364,58722,3.30026827027256,1.22375257866021,81
-7.6926,53.28823,2021/02/02 00:00:00+00,Tue 02 Feb 2021,843,5112,0,159201,63828,6,159207,63834,3.31783619070801,1.33028544848942,82
-7.6926,53.28823,2021/02/03 00:00:00+00,Wed 03 Feb 2021,1411,6872,0,160612,70700,6,160618,70706,3.34724109668004,1.47349630167141,83
-7.6926,53.28823,2021/02/04 00:00:00+00,Thu 04 Feb 2021,1455,10541,1,162067,81241,7,162074,81248,3.37758379199916,1.69318908604926,84
-7.6926,53.28823,2021/02/05 00:00:00+00,Fri 05 Feb 2021,3407,8617,0,165474,89858,7,165481,89865,3.44858486545536,1.872765326135,85
-7.6926,53.28823,2021/02/06 00:00:00+00,Sat 06 Feb 2021,912,3870,0,166386,93728,7,166393,93735,3.46759072955635,1.95341520998458,86
-7.6926,53.28823,2021/02/07 00:00:00+00,Sun 07 Feb 2021,339,1301,2,166725,95029,9,166734,95038,3.47469708883095,1.9805694215236,87
-7.6926,53.28823,2021/02/08 00:00:00+00,Mon 08 Feb 2021,1196,881,0,167921,95910,9,167930,95919,3.49962144570023,1.99892925296326,88
-7.6926,53.28823,2021/02/09 00:00:00+00,Tue 09 Feb 2021,4274,553,3,172195,96463,12,172207,96475,3.58875311320014,2.01051616134061,89
-7.6926,53.28823,2021/02/10 00:00:00+00,Wed 10 Feb 2021,8833,585,0,181028,97048,12,181040,97060,3.7728307421519,2.02270742285276,90
-7.6926,53.28823,2021/02/11 00:00:00+00,Thu 11 Feb 2021,6200,450,0,187228,97498,12,187240,97510,3.90203727441738,2.03208531632364,91
-7.6926,53.28823,2021/02/12 00:00:00+00,Fri 12 Feb 2021,4402,527,0,191630,98025,12,191642,98037,3.99377391232587,2.04306787156621,92
-7.6926,53.28823,2021/02/13 00:00:00+00,Sat 13 Feb 2021,1222,1918,0,192852,99943,12,192864,99955,4.01924010304013,2.08303853751543,93
-7.6926,53.28823,2021/02/14 00:00:00+00,Sun 14 Feb 2021,2706,27,0,195558,99970,12,195570,99982,4.07563250244502,2.08360121112368,94
-7.6926,53.28823,2021/02/15 00:00:00+00,Mon 15 Feb 2021,1970,7894,0,197528,107864,12,197540,107876,4.11668683608422,2.24811030236621,95
-7.6926,53.28823,2021/02/16 00:00:00+00,Tue 16 Feb 2021,5659,8167,0,203187,116031,12,203199,116043,4.23461905642137,2.41830864898107,96
-7.6926,53.28823,2021/02/17 00:00:00+00,Wed 17 Feb 2021,9758,8466,0,212945,124497,12,212957,124509,4.43797346639661,2.59473808481325,97
-7.6926,53.28823,2021/02/18 00:00:00+00,Thu 18 Feb 2021,8472,8359,1,221417,132856,13,221430,132869,4.61454878057167,2.76895850573896,98
-7.6926,53.28823,2021/02/19 00:00:00+00,Fri 19 Feb 2021,9400,6592,2,230817,139448,15,230832,139463,4.81048423482329,2.90637590473227,99
-7.6926,53.28823,2021/02/20 00:00:00+00,Sat 20 Feb 2021,5899,3578,2,236716,143026,17,236733,143043,4.93345967787144,2.98098225723395,100
-7.6926,53.28823,2021/02/21 00:00:00+00,Sun 21 Feb 2021,1117,1025,6,237833,144051,23,237856,144074,4.95686273202211,3.0024680531639,101
-7.6926,53.28823,2021/02/22 00:00:00+00,Mon 22 Feb 2021,3954,1124,2,241787,145175,25,241812,145200,5.03930483551279,3.02593362660438,102
-7.6926,53.28823,2021/02/23 00:00:00+00,Tue 23 Feb 2021,13370,1074,1,255157,146249,26,255183,146275,5.31795331017758,3.04833637211815,103
-7.6926,53.28823,2021/02/24 00:00:00+00,Wed 24 Feb 2021,16950,2110,6,272107,148359,32,272139,148391,5.67131233616039,3.09243331119456,104
-7.6926,53.28823,2021/02/25 00:00:00+00,Thu 25 Feb 2021,18108,1765,3,290215,150124,35,290250,150159,6.04874128871846,3.12927801265349,105
-7.6926,53.28823,2021/02/26 00:00:00+00,Fri 26 Feb 2021,16094,2775,1,306309,152899,36,306345,152935,6.38415727852698,3.18712919548719,106
-7.6926,53.28823,2021/02/27 00:00:00+00,Sat 27 Feb 2021,9008,706,1,315317,153605,37,315354,153642,6.57190270581402,3.20186290811811,107
-7.6926,53.28823,2021/02/28 00:00:00+00,Sun 28 Feb 2021,2451,59,2,317768,153664,39,317807,153703,6.62302264511196,3.2031341336775,108
-7.6926,53.28823,2021/03/01 00:00:00+00,Mon 01 Mar 2021,5618,807,0,323386,154471,39,323425,154510,6.7401004351551,3.21995182263528,109
-7.6926,53.28823,2021/03/02 00:00:00+00,Tue 02 Mar 2021,12204,1619,0,335590,156090,39,335629,156129,6.9944289060854,3.25369139936718,110
-7.6926,53.28823,2021/03/03 00:00:00+00,Wed 03 Mar 2021,12918,1512,1,348508,157602,40,348548,157642,7.26365780775277,3.28522196119261,111
-7.6926,53.28823,2021/03/04 00:00:00+00,Thu 04 Mar 2021,18737,1697,5,367245,159299,45,367290,159344,7.65423665093334,3.32069123827581,112
-7.6926,53.28823,2021/03/05 00:00:00+00,Fri 05 Mar 2021,18470,2403,6,385715,161702,51,385766,161753,8.03927211708446,3.37089422798993,113
-7.6926,53.28823,2021/03/06 00:00:00+00,Sat 06 Mar 2021,10412,148,5,396127,161850,56,396183,161906,8.25635993105373,3.37408271177003,114
-7.6926,53.28823,2021/03/07 00:00:00+00,Sun 07 Mar 2021,1538,16,3,397665,161866,59,397724,161925,8.28847400625068,3.37447866727213,115
-7.6926,53.28823,2021/03/08 00:00:00+00,Mon 08 Mar 2021,6683,1510,6,404348,163376,65,404413,163441,8.42787118275451,3.40607174838737,116
-7.6926,53.28823,2021/03/09 00:00:00+00,Tue 09 Mar 2021,13855,3113,6,418203,166489,71,418274,166560,8.71673114142093,3.47107097002221,117
-7.6926,53.28823,2021/03/10 00:00:00+00,Wed 10 Mar 2021,13757,4002,3,431960,170491,74,432034,170565,9.00348628399721,3.55453422191305,118
-7.6926,53.28823,2021/03/11 00:00:00+00,Thu 11 Mar 2021,18505,2108,4,450465,172599,78,450543,172677,9.38920946233619,3.59854780193639,119
-7.6926,53.28823,2021/03/12 00:00:00+00,Fri 12 Mar 2021,17353,1349,4,467818,173948,82,467900,174030,9.75092523338972,3.62674400163884,120
-7.6926,53.28823,2021/03/13 00:00:00+00,Sat 13 Mar 2021,8331,181,0,476149,174129,82,476231,174211,9.92454130118064,3.63051599879046,121
-7.6926,53.28823,2021/03/14 00:00:00+00,Sun 14 Mar 2021,395,22,2,476544,174151,84,476628,174235,9.93281468719828,3.63101615310891,122
-7.6926,53.28823,2021/03/15 00:00:00+00,Mon 15 Mar 2021,2675,1004,0,479219,175155,84,479303,175239,9.98856105394185,3.65193927543061,123
-7.6926,53.28823,2021/03/16 00:00:00+00,Tue 16 Mar 2021,8970,3831,2,488189,178986,86,488275,179072,10.175535409988,3.73181808803925,124
-7.6926,53.28823,2021/03/17 00:00:00+00,Wed 17 Mar 2021,4903,2428,7,493092,181414,93,493185,181507,10.2778586476369,3.78256291159835,125
-7.6926,53.28823,2021/03/18 00:00:00+00,Thu 18 Mar 2021,11748,4690,7,504840,186104,100,504940,186204,10.5228300648596,3.88044727967108,126
-7.6926,53.28823,2021/03/19 00:00:00+00,Fri 19 Mar 2021,10393,6142,2,515233,192246,102,515335,192348,10.739459404037,4.00848678519352,127
-7.6926,53.28823,2021/03/20 00:00:00+00,Sat 20 Mar 2021,5259,3127,4,520492,195373,106,520598,195479,10.8491390781197,4.07373608398758,128
-7.6926,53.28823,2021/03/21 00:00:00+00,Sun 21 Mar 2021,3654,59,3,524146,195432,109,524255,195541,10.9253500923931,4.07502814931023,129
-7.6926,53.28823,2021/03/22 00:00:00+00,Mon 22 Mar 2021,7432,2417,1,531578,197849,110,531688,197959,11.0802520527688,4.12541869689377,130
-7.6926,53.28823,2021/03/23 00:00:00+00,Tue 23 Mar 2021,12579,7408,4,544157,205257,114,544271,205371,11.3424787939779,4.27988302224082,131
-7.6926,53.28823,2021/03/24 00:00:00+00,Wed 24 Mar 2021,13647,9786,2,557804,215043,116,557920,215159,11.6269207228314,4.48386262511412,132
-7.6926,53.28823,2021/03/25 00:00:00+00,Thu 25 Mar 2021,20889,10231,3,578693,225274,119,578812,225393,12.0623050570395,4.69713676240523,133
-7.6926,53.28823,2021/03/26 00:00:00+00,Fri 26 Mar 2021,19714,9509,1,598407,234783,120,598527,234903,12.4731609898804,4.89532291108986,134
-7.6926,53.28823,2021/03/27 00:00:00+00,Sat 27 Mar 2021,11767,5362,3,610174,240145,123,610297,240268,12.7184450035521,5.00712824102603,135
-7.6926,53.28823,2021/03/28 00:00:00+00,Sun 28 Mar 2021,2500,489,0,612674,240634,123,612797,240757,12.7705444117237,5.01731888526439,136
-7.6926,53.28823,2021/03/28 23:00:00+00,Mon 29 Mar 2021,9290,3130,3,621964,243764,126,622090,243890,12.964208331779,5.08260986358499,137
-7.6926,53.28823,2021/03/29 23:00:00+00,Tue 30 Mar 2021,13346,8677,4,635310,252441,130,635440,252571,13.2424191714152,5.26351984851993,138
-7.6926,53.28823,2021/03/30 23:00:00+00,Wed 31 Mar 2021,15851,10511,4,651161,262952,134,651295,263086,13.5728336180392,5.48264995928952,139
-7.6926,53.28823,2021/03/31 23:00:00+00,Thu 01 Apr 2021,19723,11590,9,670884,274542,143,671027,274685,13.9840438268557,5.72437037344231,140
-7.6926,53.28823,2021/04/01 23:00:00+00,Fri 02 Apr 2021,20160,13728,9,691044,288270,152,691196,288422,14.4043610122206,6.01064620146341,141
-7.6926,53.28823,2021/04/02 23:00:00+00,Sat 03 Apr 2021,7556,4641,7,698600,292911,159,698759,293070,14.5619721418213,6.10750942113598,142
-7.6926,53.28823,2021/04/03 23:00:00+00,Sun 04 Apr 2021,3046,174,3,701646,293085,162,701808,293247,14.6255125800273,6.11119805923453,143
-7.6926,53.28823,2021/04/04 23:00:00+00,Mon 05 Apr 2021,3450,615,6,705096,293700,168,705264,293868,14.6975348018837,6.12413955222434,144
-7.6926,53.28823,2021/04/05 23:00:00+00,Tue 06 Apr 2021,12011,8162,12,717107,301862,180,717287,302042,14.9480912756623,6.29448377718208,145
-7.6926,53.28823,2021/04/06 23:00:00+00,Wed 07 Apr 2021,18381,10495,12,735488,312357,192,735680,312549,15.3313970414622,6.51344716984553,146
-7.6926,53.28823,2021/04/07 23:00:00+00,Thu 08 Apr 2021,20203,10576,18,755691,322933,210,755901,323143,15.752797894517,6.73422362191334,147
-7.6926,53.28823,2021/04/08 23:00:00+00,Fri 09 Apr 2021,20685,9170,16,776376,332103,226,776602,332329,16.1842018339408,6.92565768729893,148
-7.6926,53.28823,2021/04/09 23:00:00+00,Sat 10 Apr 2021,11186,4185,12,787562,336288,238,787800,336526,16.4175655030229,7.01312217373736,149
-7.6926,53.28823,2022/03/04 00:00:00+00,Fri 04 Mar 2022,735,1508,1,3832164,3756923,241047,4073211,3997970,84.88475298316,83.3167483550654,150
-7.6926,53.28823,2022/03/05 00:00:00+00,Sat 05 Mar 2022,962,3341,0,3833126,3760264,241047,4074173,4001311,84.9048008354244,83.3863740041459,151
-7.6926,53.28823,2021/11/20 00:00:00+00,Sat 20 Nov 2021,1547,2949,12,3650264,3584658,240936,3891200,3825594,81.0916868308743,79.7244733218729,152
-7.6926,53.28823,2022/06/16 23:00:00+00,Fri 17 Jun 2022,58,95,0,3852492,3804724,241070,4093562,4045794,85.3088630054398,84.3133891936241,153
-7.6926,53.28823,2022/03/06 00:00:00+00,Sun 06 Mar 2022,455,1916,0,3833581,3762180,241047,4074628,4003227,84.9142829277117,83.4263029905685,154
-7.6926,53.28823,2021/11/21 00:00:00+00,Sun 21 Nov 2021,1789,2771,0,3652053,3587429,240936,3892989,3828365,81.1289691673618,79.7822203058902,155
-7.6926,53.28823,2022/03/07 00:00:00+00,Mon 07 Mar 2022,116,124,1,3833697,3762304,241048,4074745,4003352,84.9167211800141,83.4289079609771,156
-7.6926,53.28823,2022/06/17 23:00:00+00,Sat 18 Jun 2022,223,488,0,3852715,3805212,241070,4093785,4046282,85.3135102726487,84.3235589980992,157
-7.6926,53.28823,2021/11/22 00:00:00+00,Mon 22 Nov 2021,725,521,3,3652778,3587950,240939,3893717,3828889,81.1441405150214,79.793140341843,158
-7.6926,53.28823,2022/03/08 00:00:00+00,Tue 08 Mar 2022,120,493,0,3833817,3762797,241048,4074865,4003845,84.9192219516063,83.4391819642686,159
-7.6926,53.28823,2022/06/18 23:00:00+00,Sun 19 Jun 2022,80,129,0,3852795,3805341,241070,4093865,4046411,85.3151774537102,84.3262473275608,160
-7.6926,53.28823,2021/11/23 00:00:00+00,Tue 23 Nov 2021,2156,1599,8,3654934,3589549,240947,3895881,3830496,81.1892377627347,79.8266298414157,161
-7.6926,53.28823,2022/03/09 00:00:00+00,Wed 09 Mar 2022,129,345,1,3833946,3763142,241049,4074995,4004191,84.9219311208312,83.4463925223595,162
-7.6926,53.28823,2022/06/19 23:00:00+00,Mon 20 Jun 2022,9,28,0,3852804,3805369,241070,4093874,4046439,85.3153650115796,84.3268308409324,163
-7.6926,53.28823,2021/11/24 00:00:00+00,Wed 24 Nov 2021,1615,3153,2,3656549,3592702,240949,3897498,3833651,81.2229356599401,79.8923792945282,164
-7.6926,53.28823,2022/03/10 00:00:00+00,Thu 10 Mar 2022,259,508,0,3834205,3763650,241049,4075254,4004699,84.9273286195178,83.4569791221,165
-7.6926,53.28823,2022/06/20 23:00:00+00,Tue 21 Jun 2022,74,169,1,3852878,3805538,241071,4093949,4046609,85.3169279938248,84.330373600688,166
-7.6926,53.28823,2021/11/25 00:00:00+00,Thu 25 Nov 2021,982,1190,2,3657531,3593892,240951,3898482,3834843,81.2434419869964,79.9172202923444,167
-7.6926,53.28823,2022/03/11 00:00:00+00,Fri 11 Mar 2022,493,2183,0,3834698,3765833,241049,4075747,4006882,84.9376026228093,83.5024723253154,168
-7.6926,53.28823,2022/06/21 23:00:00+00,Wed 22 Jun 2022,60,94,0,3852938,3805632,241071,4094009,4046703,85.3181783796209,84.3323325384353,169
-7.6926,53.28823,2021/11/26 00:00:00+00,Fri 26 Nov 2021,1279,1113,12,3658810,3595005,240963,3899773,3835968,81.2703461213762,79.9406650260216,170
-7.6926,53.28823,2022/03/12 00:00:00+00,Sat 12 Mar 2022,473,2392,2,3835171,3768225,241051,4076222,4009276,84.9475015103618,83.5523627185805,171
-7.6926,53.28823,2022/06/22 23:00:00+00,Thu 23 Jun 2022,64,113,0,3853002,3805745,241071,4094073,4046816,85.3195121244701,84.3346874316847,172
-7.6926,53.28823,2021/11/27 00:00:00+00,Sat 27 Nov 2021,1201,1566,6,3660011,3596571,240969,3900980,3837540,81.2954997156414,79.9734251338798,173
-7.6926,53.28823,2022/03/13 00:00:00+00,Sun 13 Mar 2022,358,1082,0,3835529,3769307,241051,4076580,4010358,84.954962145612,83.5749113424371,174
-7.6926,53.28823,2022/06/23 23:00:00+00,Fri 24 Jun 2022,55,93,1,3853057,3805838,241072,4094129,4046910,85.3206791512131,84.3366463694319,175
-7.6926,53.28823,2021/11/28 00:00:00+00,Sun 28 Nov 2021,1962,2262,1,3661973,3598833,240970,3902943,3839803,81.3364081709377,80.0205855181568,176
-7.6926,53.28823,2022/03/14 00:00:00+00,Mon 14 Mar 2022,109,122,0,3835638,3769429,241051,4076689,4010480,84.9572336798083,83.5774537935559,177
-7.6926,53.28823,2022/06/24 23:00:00+00,Sat 25 Jun 2022,210,293,0,3853267,3806131,241072,4094339,4047203,85.3250555014995,84.3427524200696,178
-7.6926,53.28823,2021/11/29 00:00:00+00,Mon 29 Nov 2021,536,1004,2,3662509,3599837,240972,3903481,3840809,81.3476199635762,80.041550320005,179
-7.6926,53.28823,2022/03/15 00:00:00+00,Tue 15 Mar 2022,222,755,1,3835860,3770184,241052,4076912,4011236,84.9618809470172,83.593208654587,180
-7.6926,53.28823,2022/06/25 23:00:00+00,Sun 26 Jun 2022,174,402,0,3853441,3806533,241072,4094513,4047605,85.3286816203083,84.3511300049036,181
-7.6926,53.28823,2021/11/30 00:00:00+00,Tue 30 Nov 2021,1895,1650,6,3664404,3601487,240978,3905382,3842465,81.3872363535499,80.0760609679778,182
-7.6926,53.28823,2022/03/16 00:00:00+00,Wed 16 Mar 2022,195,798,0,3836055,3770982,241052,4077107,4012034,84.9659447008546,83.6098387856753,183
-7.6926,53.28823,2022/06/26 23:00:00+00,Mon 27 Jun 2022,4,33,0,3853445,3806566,241072,4094517,4047638,85.3287649793613,84.3518177170915,184
-7.6926,53.28823,2021/12/01 00:00:00+00,Wed 01 Dec 2021,1071,1389,4,3665475,3602876,240982,3906457,3843858,81.4096390990637,80.105090758211,185
-7.6926,53.28823,2022/03/18 00:00:00+00,Fri 18 Mar 2022,4,6,0,3836059,3770988,241052,4077111,4012040,84.9660280599076,83.6099638242549,186
-7.6926,53.28823,2022/06/27 23:00:00+00,Tue 28 Jun 2022,48,60,0,3853493,3806626,241072,4094565,4047698,85.3297652879982,84.3530681028876,187
-7.6926,53.28823,2021/12/02 00:00:00+00,Thu 02 Dec 2021,1737,1415,0,3667212,3604291,240982,3908194,3845273,81.4458377678613,80.1345790232361,188
-7.6926,53.28823,2022/03/19 00:00:00+00,Sat 19 Mar 2022,743,2779,0,3836802,3773767,241052,4077854,4014819,84.9815120040162,83.6678775263784,189
-7.6926,53.28823,2022/06/28 23:00:00+00,Wed 29 Jun 2022,63,81,3,3853556,3806707,241075,4094631,4047782,85.331140712374,84.3548186430021,190
-7.6926,53.28823,2021/12/03 00:00:00+00,Fri 03 Dec 2021,1016,1199,2,3668228,3605490,240984,3909212,3846474,81.4670526468688,80.1596075789217,191
-7.6926,53.28823,2022/03/20 00:00:00+00,Sun 20 Mar 2022,395,1402,0,3837197,3775169,241052,4078249,4016221,84.9897437105074,83.6970948744811,192
-7.6926,53.28823,2022/06/29 23:00:00+00,Thu 30 Jun 2022,49,88,0,3853605,3806795,241075,4094680,4047870,85.3321618607741,84.3566525421698,193
-7.6926,53.28823,2021/12/04 00:00:00+00,Sat 04 Dec 2021,1204,1703,1,3669432,3607193,240985,3910417,3848178,81.4921645616075,80.1951185355315,194
-7.6926,53.28823,2022/03/21 00:00:00+00,Mon 21 Mar 2022,56,112,0,3837253,3775281,241052,4078305,4016333,84.9909107372504,83.6994289279671,195
-7.6926,53.28823,2022/03/22 00:00:00+00,Tue 22 Mar 2022,141,575,0,3837394,3775856,241052,4078446,4016908,84.9938491438713,83.7114117918466,196
-7.6926,53.28823,2022/03/23 00:00:00+00,Wed 23 Mar 2022,101,221,0,3837495,3776077,241052,4078547,4017129,84.9959539599614,83.716017379529,197
-7.6926,53.28823,2022/03/24 00:00:00+00,Thu 24 Mar 2022,147,245,0,3837642,3776322,241052,4078694,4017374,84.9990174051619,83.7211231215298,198
-7.6926,53.28823,2022/03/25 00:00:00+00,Fri 25 Mar 2022,434,1625,0,3838076,3777947,241052,4079128,4018999,85.0080618624205,83.7549877368413,199
-7.6926,53.28823,2022/03/26 00:00:00+00,Sat 26 Mar 2022,874,1848,1,3838950,3779795,241053,4080003,4020848,85.0262966552805,83.793520459125,200
-7.6926,53.28823,2022/03/27 00:00:00+00,Sun 27 Mar 2022,380,803,0,3839330,3780598,241053,4080383,4021651,85.0342157653226,83.8102547890297,201
-7.6926,53.28823,2022/03/27 23:00:00+00,Mon 28 Mar 2022,44,53,1,3839374,3780651,241054,4080428,4021705,85.0351535546697,83.8113801362462,202
-7.6926,53.28823,2022/03/28 23:00:00+00,Tue 29 Mar 2022,137,193,3,3839511,3780844,241057,4080568,4021901,85.0380711215273,83.8154647298469,203
-7.6926,53.28823,2022/03/29 23:00:00+00,Wed 30 Mar 2022,109,135,0,3839620,3780979,241057,4080677,4022036,85.0403426557236,83.8182780978881,204
-7.6926,53.28823,2022/03/30 23:00:00+00,Thu 31 Mar 2022,227,360,0,3839847,3781339,241057,4080904,4022396,85.0450732819856,83.8257804126648,205
-7.6926,53.28823,2022/03/31 23:00:00+00,Fri 01 Apr 2022,307,905,0,3840154,3782244,241057,4081211,4023301,85.051471089309,83.8446403984229,206
-7.6926,53.28823,2022/04/01 23:00:00+00,Sat 02 Apr 2022,729,1538,1,3840883,3783782,241058,4081941,4024840,85.0666841164951,83.8767127940934,207
-7.6926,53.28823,2022/04/02 23:00:00+00,Sun 03 Apr 2022,538,817,0,3841421,3784599,241058,4082479,4025657,85.0778959091336,83.8937388806838,208
-7.6926,53.28823,2022/04/03 23:00:00+00,Mon 04 Apr 2022,50,52,0,3841471,3784651,241058,4082529,4025709,85.0789378972971,83.8948225483738,209
-7.6926,53.28823,2022/04/04 23:00:00+00,Tue 05 Apr 2022,131,170,0,3841602,3784821,241058,4082660,4025879,85.0816679062852,83.8983653081294,210
-7.6926,53.28823,2022/04/05 23:00:00+00,Wed 06 Apr 2022,158,210,0,3841760,3785031,241058,4082818,4026089,85.0849605888817,83.9027416584159,211
-7.6926,53.28823,2022/04/06 23:00:00+00,Thu 07 Apr 2022,117,179,0,3841877,3785210,241058,4082935,4026268,85.0873988411841,83.9064719760409,212
-7.6926,53.28823,2022/04/07 23:00:00+00,Fri 08 Apr 2022,256,422,2,3842133,3785632,241060,4083193,4026692,85.0927755001074,83.9153080356668,213
-7.6926,53.28823,2022/04/08 23:00:00+00,Sat 09 Apr 2022,558,1018,0,3842691,3786650,241060,4083751,4027710,85.1044040880113,83.9365229146743,214
-7.6926,53.28823,2022/04/09 23:00:00+00,Sun 10 Apr 2022,413,719,0,3843104,3787369,241060,4084164,4028429,85.1130109102413,83.9515067044644,215
-7.6926,53.28823,2022/04/10 23:00:00+00,Mon 11 Apr 2022,70,93,1,3843174,3787462,241061,4084235,4028523,85.1144905334333,83.9534656422117,216
-7.6926,53.28823,2022/04/11 23:00:00+00,Tue 12 Apr 2022,197,178,0,3843371,3787640,241061,4084432,4028701,85.1185959667972,83.9571751200735,217
-7.6926,53.28823,2022/04/12 23:00:00+00,Wed 13 Apr 2022,142,235,0,3843513,3787875,241061,4084574,4028936,85.1215552131814,83.9620724644416,218
-7.6926,53.28823,2022/04/13 23:00:00+00,Thu 14 Apr 2022,359,431,0,3843872,3788306,241061,4084933,4029367,85.1290366881948,83.9710544024104,219
-7.6926,53.28823,2022/04/14 23:00:00+00,Fri 15 Apr 2022,446,990,0,3844318,3789296,241061,4085379,4030357,85.1383312226126,83.9916857680464,220
-7.6926,53.28823,2022/04/15 23:00:00+00,Sat 16 Apr 2022,43,88,0,3844361,3789384,241061,4085422,4030445,85.1392273324332,83.993519667214,221
-7.6926,53.28823,2022/04/16 23:00:00+00,Sun 17 Apr 2022,1,1,0,3844362,3789385,241061,4085423,4030446,85.1392481721965,83.9935405069773,222
-7.6926,53.28823,2022/04/17 23:00:00+00,Mon 18 Apr 2022,36,62,1,3844398,3789447,241062,4085460,4030509,85.1400192434374,83.9948534120632,223
-7.6926,53.28823,2022/04/18 23:00:00+00,Tue 19 Apr 2022,218,270,1,3844616,3789717,241063,4085679,4030780,85.1445831515932,84.000500987909,224
-7.6926,53.28823,2022/04/19 23:00:00+00,Wed 20 Apr 2022,250,607,0,3844866,3790324,241063,4085929,4031387,85.1497930924104,84.013150724213,225
-7.6926,53.28823,2022/04/20 23:00:00+00,Thu 21 Apr 2022,170,236,0,3845036,3790560,241063,4086099,4031623,85.1533358521661,84.0180689083444,226
-7.6926,53.28823,2022/04/21 23:00:00+00,Fri 22 Apr 2022,195,254,0,3845231,3790814,241063,4086294,4031877,85.1573996060034,84.0233622082147,227
-7.6926,53.28823,2022/04/22 23:00:00+00,Sat 23 Apr 2022,325,1010,0,3845556,3791824,241063,4086619,4032887,85.1641725290657,84.044410369116,228
-7.6926,53.28823,2022/04/23 23:00:00+00,Sun 24 Apr 2022,181,252,0,3845737,3792076,241063,4086800,4033139,85.1679445262174,84.0496619894597,229
-7.6926,53.28823,2022/04/24 23:00:00+00,Mon 25 Apr 2022,41,59,1,3845778,3792135,241064,4086842,4033199,85.1688197962746,84.0509123752558,230
-7.6926,53.28823,2022/04/25 23:00:00+00,Tue 26 Apr 2022,144,238,0,3845922,3792373,241064,4086986,4033437,85.1718207221853,84.0558722389137,231
-7.6926,53.28823,2022/04/26 23:00:00+00,Wed 27 Apr 2022,122,208,0,3846044,3792581,241064,4087108,4033645,85.1743631733041,84.0602069096736,232
-7.6926,53.28823,2022/04/27 23:00:00+00,Thu 28 Apr 2022,100,130,0,3846144,3792711,241064,4087208,4033775,85.176447149631,84.0629160788985,233
-7.6926,53.28823,2022/04/28 23:00:00+00,Fri 29 Apr 2022,168,222,0,3846312,3792933,241064,4087376,4033997,85.1799482298601,84.0675425063441,234
-7.6926,53.28823,2022/04/29 23:00:00+00,Sat 30 Apr 2022,281,724,0,3846593,3793657,241064,4087657,4034721,85.1858042033386,84.0826304949506,235
-7.6926,53.28823,2022/04/30 23:00:00+00,Sun 01 May 2022,187,747,0,3846780,3794404,241064,4087844,4035468,85.1897012390698,84.0981977981123,236
-7.6926,53.28823,2022/05/01 23:00:00+00,Mon 02 May 2022,12,26,0,3846792,3794430,241064,4087856,4035494,85.189951316229,84.0987396319573,237
-7.6926,53.28823,2022/05/02 23:00:00+00,Tue 03 May 2022,96,118,0,3846888,3794548,241064,4087952,4035612,85.1919519335028,84.101198724023,238
-7.6926,53.28823,2022/05/03 23:00:00+00,Wed 04 May 2022,113,128,0,3847001,3794676,241064,4088065,4035740,85.1943068267522,84.1038662137214,239
-7.6926,53.28823,2022/05/04 23:00:00+00,Thu 05 May 2022,112,165,0,3847113,3794841,241064,4088177,4035905,85.1966408802383,84.1073047746607,240
-7.6926,53.28823,2022/05/05 23:00:00+00,Fri 06 May 2022,138,257,0,3847251,3795098,241064,4088315,4036162,85.1995167675693,84.1126605938207,241
-7.6926,53.28823,2022/05/06 23:00:00+00,Sat 07 May 2022,441,1088,0,3847692,3796186,241064,4088756,4037250,85.2087071031708,84.135334256257,242
-7.6926,53.28823,2022/05/07 23:00:00+00,Sun 08 May 2022,274,437,0,3847966,3796623,241064,4089030,4037687,85.2144171983064,84.1444412328054,243
-7.6926,53.28823,2022/05/08 23:00:00+00,Mon 09 May 2022,24,32,0,3847990,3796655,241064,4089054,4037719,85.2149173526248,84.14510810523,244
-7.6926,53.28823,2022/05/09 23:00:00+00,Tue 10 May 2022,80,98,1,3848070,3796753,241065,4089135,4037818,85.2166053734496,84.1471712417936,245
-7.6926,53.28823,2022/05/10 23:00:00+00,Wed 11 May 2022,112,132,0,3848182,3796885,241065,4089247,4037950,85.2189394269357,84.149922090545,246
-7.6926,53.28823,2022/05/11 23:00:00+00,Thu 12 May 2022,207,398,0,3848389,3797283,241065,4089454,4038348,85.2232532579323,84.1582163163259,247
-7.6926,53.28823,2022/05/12 23:00:00+00,Fri 13 May 2022,173,327,0,3848562,3797610,241065,4089627,4038675,85.2268585369778,84.1650309189148,248
-7.6926,53.28823,2022/05/13 23:00:00+00,Sat 14 May 2022,333,633,0,3848895,3798243,241065,4089960,4039308,85.2337981781462,84.1782224890638,249
-7.6926,53.28823,2022/05/14 23:00:00+00,Sun 15 May 2022,168,254,0,3849063,3798497,241065,4090128,4039562,85.2372992583753,84.183515788934,250
-7.6926,53.28823,2022/05/15 23:00:00+00,Mon 16 May 2022,31,41,0,3849094,3798538,241065,4090159,4039603,85.2379452910367,84.1843702192281,251
-7.6926,53.28823,2022/05/16 23:00:00+00,Tue 17 May 2022,97,101,0,3849191,3798639,241065,4090256,4039704,85.2399667480737,84.1864750353182,252
-7.6926,53.28823,2022/05/17 23:00:00+00,Wed 18 May 2022,98,123,0,3849289,3798762,241065,4090354,4039827,85.2420090448741,84.1890383262002,253
-7.6926,53.28823,2022/05/18 23:00:00+00,Thu 19 May 2022,73,107,0,3849362,3798869,241065,4090427,4039934,85.2435303475927,84.19126818087,254
-7.6926,53.28823,2022/05/19 23:00:00+00,Fri 20 May 2022,126,208,0,3849488,3799077,241065,4090553,4040142,85.2461561577645,84.1956028516298,255
-7.6926,53.28823,2022/05/20 23:00:00+00,Sat 21 May 2022,392,762,0,3849880,3799839,241065,4090945,4040904,85.2543253449658,84.2114827512405,256
-7.6926,53.28823,2022/05/21 23:00:00+00,Sun 22 May 2022,234,409,0,3850114,3800248,241065,4091179,4041313,85.2592018495707,84.2200062144174,257
-7.6926,53.28823,2022/05/22 23:00:00+00,Mon 23 May 2022,26,35,0,3850140,3800283,241065,4091205,4041348,85.2597436834156,84.2207356061318,258
-7.6926,53.28823,2022/05/23 23:00:00+00,Tue 24 May 2022,64,83,0,3850204,3800366,241065,4091269,4041431,85.2610774282648,84.2224653064831,259
-7.6926,53.28823,2022/05/24 23:00:00+00,Wed 25 May 2022,87,134,1,3850291,3800500,241066,4091357,4041566,85.2629113274325,84.2252786745244,260
-7.6926,53.28823,2022/05/25 23:00:00+00,Thu 26 May 2022,97,155,0,3850388,3800655,241066,4091454,4041721,85.2649327844695,84.228508837831,261
-7.6926,53.28823,2022/05/26 23:00:00+00,Fri 27 May 2022,95,152,1,3850483,3800807,241067,4091550,4041874,85.2669334017433,84.2316973216111,262
-7.6926,53.28823,2022/05/27 23:00:00+00,Sat 28 May 2022,335,580,0,3850818,3801387,241067,4091885,4042454,85.2739147224383,84.2437843843069,263
-7.6926,53.28823,2022/05/28 23:00:00+00,Sun 29 May 2022,182,349,0,3851000,3801736,241067,4092067,4042803,85.2777075593532,84.2510574616877,264
-7.6926,53.28823,2022/05/29 23:00:00+00,Mon 30 May 2022,8,23,0,3851008,3801759,241067,4092075,4042826,85.2778742774593,84.2515367762428,265
-7.6926,53.28823,2022/05/30 23:00:00+00,Tue 31 May 2022,65,80,2,3851073,3801839,241069,4092142,4042908,85.2792705415984,84.2532456368309,266
-7.6926,53.28823,2022/05/31 23:00:00+00,Wed 01 Jun 2022,69,102,0,3851142,3801941,241069,4092211,4043010,85.2807084852639,84.2553712926843,267
-7.6926,53.28823,2021/07/23 23:00:00+00,Sat 24 Jul 2021,15446,14820,2276,3020831,2471006,204139,3224970,2675145,67.2076113484181,55.7493885092463,268
-7.6926,53.28823,2022/06/30 23:00:00+00,Fri 01 Jul 2022,46,64,0,3853651,3806859,241075,4094726,4047934,85.3331204898845,84.357986287019,269
-7.6926,53.28823,2021/12/05 00:00:00+00,Sun 05 Dec 2021,1349,1778,2,3670781,3608971,240987,3911768,3849958,81.5203190817834,80.2322133141496,270
-7.6926,53.28823,2021/07/24 23:00:00+00,Sun 25 Jul 2021,14741,13652,1046,3035572,2484658,205185,3240757,2689843,67.5366086911399,56.0556913497685,271
-7.6926,53.28823,2022/07/01 23:00:00+00,Sat 02 Jul 2022,182,228,0,3853833,3807087,241075,4094908,4048162,85.3369133267994,84.3627377530442,272
-7.6926,53.28823,2021/12/06 00:00:00+00,Mon 06 Dec 2021,938,1305,0,3671719,3610276,240987,3912706,3851263,81.5398667797293,80.2594092052152,273
-7.6926,53.28823,2021/07/25 23:00:00+00,Mon 26 Jul 2021,23855,18322,3422,3059427,2502980,208607,3268034,2711587,68.1050549138182,56.5088311622815,274
-7.6926,53.28823,2022/07/02 23:00:00+00,Sun 03 Jul 2022,108,273,0,3853941,3807360,241075,4095016,4048435,85.3391640212324,84.3684270084166,275
-7.6926,53.28823,2021/12/07 00:00:00+00,Tue 07 Dec 2021,484,750,2,3672203,3611026,240989,3913192,3852015,81.5499949046779,80.2750807071932,276
-7.6926,53.28823,2021/07/26 23:00:00+00,Tue 27 Jul 2021,25529,23922,3672,3084956,2526902,212279,3297235,2739181,68.7135968410253,57.083883589916,277
-7.6926,53.28823,2022/07/03 23:00:00+00,Mon 04 Jul 2022,14,15,0,3853955,3807375,241075,4095030,4048450,85.3394557779181,84.3687396048656,278
-7.6926,53.28823,2021/12/08 00:00:00+00,Wed 08 Dec 2021,797,1526,2,3673000,3612552,240991,3913991,3853543,81.5666458755295,80.3069238654677,279
-7.6926,53.28823,2021/07/27 23:00:00+00,Wed 28 Jul 2021,23449,25297,3265,3108405,2552199,215544,3323949,2767743,69.2703102769834,57.6791089083944,280
-7.6926,53.28823,2022/07/04 23:00:00+00,Tue 05 Jul 2022,51,70,0,3854006,3807445,241075,4095081,4048520,85.3405186058448,84.3701983882944,281
-7.6926,53.28823,2021/12/09 00:00:00+00,Thu 09 Dec 2021,785,1213,1,3673785,3613765,240992,3914777,3854757,81.5830259294587,80.3322233380758,282
-7.6926,53.28823,2021/07/28 23:00:00+00,Thu 29 Jul 2021,19295,27886,2962,3127700,2580085,218506,3346206,2798591,69.7341408880532,58.321973925705,283
-7.6926,53.28823,2022/07/05 23:00:00+00,Wed 06 Jul 2022,60,83,0,3854066,3807528,241075,4095141,4048603,85.341768991641,84.3719280886457,284
-7.6926,53.28823,2021/12/10 00:00:00+00,Fri 10 Dec 2021,894,1618,1,3674679,3615383,240993,3915672,3856376,81.6016775175841,80.3659629148077,285
-7.6926,53.28823,2021/07/29 23:00:00+00,Fri 30 Jul 2021,21964,22959,2123,3149664,2603044,220629,3370293,2823673,70.2361082659045,58.8446768680086,286
-7.6926,53.28823,2022/07/06 23:00:00+00,Thu 07 Jul 2022,77,77,0,3854143,3807605,241075,4095218,4048680,85.3433736534126,84.3735327504174,287
-7.6926,53.28823,2021/12/11 00:00:00+00,Sat 11 Dec 2021,644,846,2,3675323,3616229,240995,3916318,3857224,81.6151400046556,80.3836350340595,288
-7.6926,53.28823,2021/07/30 23:00:00+00,Sat 31 Jul 2021,13756,12498,907,3163420,2615542,221536,3384956,2837078,70.5416817147124,59.1240338946246,289
-7.6926,53.28823,2022/07/07 23:00:00+00,Fri 08 Jul 2022,99,90,0,3854242,3807695,241075,4095317,4048770,85.3454367899762,84.3754083291116,290
-7.6926,53.28823,2021/12/12 00:00:00+00,Sun 12 Dec 2021,686,1193,0,3676009,3617422,240995,3917004,3858417,81.6294360822579,80.4084968716389,291
-7.6926,53.28823,2021/12/13 00:00:00+00,Mon 13 Dec 2021,723,1071,1,3676732,3618493,240996,3917728,3859489,81.6445240708644,80.4308370978629,292
-7.6926,53.28823,2021/12/14 00:00:00+00,Tue 14 Dec 2021,631,1204,3,3677363,3619697,240999,3918362,3860696,81.6577364807767,80.4559906921281,293
-7.6926,53.28823,2021/12/15 00:00:00+00,Wed 15 Dec 2021,791,1258,1,3678154,3620955,241000,3919154,3861955,81.6742415732854,80.4822279540833,294
-7.6926,53.28823,2021/12/16 00:00:00+00,Thu 16 Dec 2021,1049,1548,8,3679203,3622503,241008,3920211,3863511,81.6962692030604,80.5146546257293,295
-7.6926,53.28823,2021/12/17 00:00:00+00,Fri 17 Dec 2021,1197,2459,1,3680400,3624962,241009,3921409,3865971,81.7212352394562,80.5659204433701,296
-7.6926,53.28823,2021/12/18 00:00:00+00,Sat 18 Dec 2021,1251,1185,0,3681651,3626147,241009,3922660,3867156,81.7473057833052,80.5906155628435,297
-7.6926,53.28823,2021/12/19 00:00:00+00,Sun 19 Dec 2021,550,890,2,3682201,3627037,241011,3923212,3868048,81.7588093326295,80.6092046316791,298
-7.6926,53.28823,2021/12/20 00:00:00+00,Mon 20 Dec 2021,516,620,1,3682717,3627657,241012,3923729,3868669,81.7695834902394,80.6221461246689,299
-7.6926,53.28823,2021/12/21 00:00:00+00,Tue 21 Dec 2021,1407,1820,3,3684124,3629477,241015,3925139,3870492,81.7989675564481,80.6601370131076,300
-7.6926,53.28823,2021/12/22 00:00:00+00,Wed 22 Dec 2021,1165,1601,2,3685289,3631078,241017,3926306,3872095,81.8232875601826,80.6935431536272,301
-7.6926,53.28823,2021/12/23 00:00:00+00,Thu 23 Dec 2021,930,1399,0,3686219,3632477,241017,3927236,3873494,81.8426685400225,80.72269798244,302
-7.6926,53.28823,2021/12/24 00:00:00+00,Fri 24 Dec 2021,101,164,0,3686320,3632641,241017,3927337,3873658,81.8447733561126,80.726115703616,303
-7.6926,53.28823,2021/12/25 00:00:00+00,Sat 25 Dec 2021,1,6,0,3686321,3632647,241017,3927338,3873664,81.8447941958758,80.7262407421957,304
-7.6926,53.28823,2021/12/26 00:00:00+00,Sun 26 Dec 2021,12,13,0,3686333,3632660,241017,3927350,3873677,81.8450442730351,80.7265116591182,305
-7.6926,53.28823,2021/12/27 00:00:00+00,Mon 27 Dec 2021,391,590,0,3686724,3633250,241017,3927741,3874267,81.8531926204731,80.7388071194466,306
-7.6926,53.28823,2021/12/28 00:00:00+00,Tue 28 Dec 2021,467,750,0,3687191,3634000,241017,3928208,3875017,81.8629247899196,80.7544369418981,307
-7.6926,53.28823,2021/12/29 00:00:00+00,Wed 29 Dec 2021,1058,1312,0,3688249,3635312,241017,3929266,3876329,81.8849732594578,80.7817787113066,308
-7.6926,53.28823,2021/12/30 00:00:00+00,Thu 30 Dec 2021,1051,1199,1,3689300,3636511,241018,3930318,3877529,81.9068966904163,80.8067864272289,309
-7.6926,53.28823,2021/12/31 00:00:00+00,Fri 31 Dec 2021,713,1682,0,3690013,3638193,241018,3931031,3879211,81.9217554416269,80.8418389090467,310
-7.6926,53.28823,2022/01/01 00:00:00+00,Sat 01 Jan 2022,68,100,0,3690081,3638293,241018,3931099,3879311,81.9231725455292,80.8439228853736,311
-7.6926,53.28823,2022/01/02 00:00:00+00,Sun 02 Jan 2022,271,629,0,3690352,3638922,241018,3931370,3879940,81.9288201213749,80.8570310964696,312
-7.6926,53.28823,2022/01/03 00:00:00+00,Mon 03 Jan 2022,3632,729,1,3693984,3639651,241019,3935003,3880670,82.0045309813299,80.8722441236557,313
-7.6926,53.28823,2022/01/04 00:00:00+00,Tue 04 Jan 2022,1188,785,1,3695172,3640436,241020,3936192,3881456,82.0293094598563,80.8886241775848,314
-7.6926,53.28823,2022/01/05 00:00:00+00,Wed 05 Jan 2022,2139,913,0,3697311,3641349,241020,3938331,3882369,82.0738857134879,80.907650881449,315
-7.6926,53.28823,2022/01/06 00:00:00+00,Thu 06 Jan 2022,2454,1698,1,3699765,3643047,241021,3940786,3884068,82.1250473323123,80.9430576392424,316
-7.6926,53.28823,2022/01/07 00:00:00+00,Fri 07 Jan 2022,4854,783,2,3704619,3643830,241023,3945642,3884853,82.2262452227448,80.9594168534083,317
-7.6926,53.28823,2022/01/08 00:00:00+00,Sat 08 Jan 2022,9789,745,2,3714408,3644575,241025,3955433,3885600,82.4302873449079,80.97498415657,318
-7.6926,53.28823,2022/01/09 00:00:00+00,Sun 09 Jan 2022,7116,667,0,3721524,3645242,241025,3962549,3886267,82.5785831003274,80.9888842786701,319
-7.6926,53.28823,2022/01/10 00:00:00+00,Mon 10 Jan 2022,6663,509,1,3728187,3645751,241026,3969213,3886777,82.7174592827495,80.9995125579372,320
-7.6926,53.28823,2022/01/11 00:00:00+00,Tue 11 Jan 2022,4779,1370,1,3732966,3647121,241027,3973993,3888148,82.8170733511736,81.0280838733784,321
-7.6926,53.28823,2022/01/12 00:00:00+00,Wed 12 Jan 2022,7560,927,1,3740526,3648048,241028,3981554,3889076,82.9746428012476,81.0474231736917,322
-7.6926,53.28823,2022/01/13 00:00:00+00,Thu 13 Jan 2022,7321,817,0,3747847,3648865,241028,3988875,3889893,83.1272107081372,81.0644492602822,323
-7.6926,53.28823,2022/01/14 00:00:00+00,Fri 14 Jan 2022,10723,835,0,3758570,3649700,241028,3999598,3890728,83.3506754896667,81.0818504626115,324
-7.6926,53.28823,2022/01/15 00:00:00+00,Sat 15 Jan 2022,8363,652,2,3766933,3650352,241030,4007963,3891382,83.5250001094088,81.0954796677892,325
-7.6926,53.28823,2022/01/16 00:00:00+00,Sun 16 Jan 2022,6965,1216,1,3773898,3651568,241031,4014929,3892599,83.670169900338,81.1208416596871,326
-7.6926,53.28823,2022/01/17 00:00:00+00,Mon 17 Jan 2022,2562,562,0,3776460,3652130,241031,4017491,3893161,83.7235613738322,81.1325536066441,327
-7.6926,53.28823,2022/01/18 00:00:00+00,Tue 18 Jan 2022,4056,452,3,3780516,3652582,241034,4021550,3893616,83.8081499729396,81.1420356989313,328
-7.6926,53.28823,2022/01/19 00:00:00+00,Wed 19 Jan 2022,3487,623,0,3784003,3653205,241034,4025037,3894239,83.8808182274573,81.1550188714476,329
-7.6926,53.28823,2022/01/20 00:00:00+00,Thu 20 Jan 2022,3699,938,0,3787702,3654143,241034,4028736,3895177,83.9579045117879,81.1745665693936,330
-7.6926,53.28823,2022/01/21 00:00:00+00,Fri 21 Jan 2022,3252,977,0,3790954,3655120,241034,4031988,3896154,84.0256754219375,81.194927018107,331
-7.6926,53.28823,2022/01/22 00:00:00+00,Sat 22 Jan 2022,4272,644,0,3795226,3655764,241034,4036260,3896798,84.114702890621,81.208347825652,332
-7.6926,53.28823,2022/01/23 00:00:00+00,Sun 23 Jan 2022,3094,680,0,3798320,3656444,241034,4039354,3897478,84.1791811181742,81.2225188646747,333
-7.6926,53.28823,2022/01/24 00:00:00+00,Mon 24 Jan 2022,646,468,0,3798966,3656912,241034,4040000,3897946,84.1926436052457,81.2322718738844,334
-7.6926,53.28823,2022/01/25 00:00:00+00,Tue 25 Jan 2022,692,1836,1,3799658,3658748,241035,4040693,3899783,84.2070855611909,81.2705545190089,335
-7.6926,53.28823,2022/01/26 00:00:00+00,Wed 26 Jan 2022,700,897,0,3800358,3659645,241035,4041393,3900680,84.2216733954789,81.2892477866609,336
-7.6926,53.28823,2022/01/27 00:00:00+00,Thu 27 Jan 2022,1275,1178,0,3801633,3660823,241035,4042668,3901858,84.2482440936464,81.3137970277913,337
-7.6926,53.28823,2022/01/28 00:00:00+00,Fri 28 Jan 2022,1028,3095,1,3802661,3663918,241036,4043697,3904954,84.2696882100498,81.3783169348709,338
-7.6926,53.28823,2022/01/29 00:00:00+00,Sat 29 Jan 2022,2329,3446,0,3804990,3667364,241036,4046026,3908400,84.3182240187024,81.4501307590946,339
-7.6926,53.28823,2022/01/30 00:00:00+00,Sun 30 Jan 2022,1639,7537,0,3806629,3674901,241036,4047665,3915937,84.3523803906997,81.6072000548503,340
-7.6926,53.28823,2022/01/31 00:00:00+00,Mon 31 Jan 2022,482,1395,0,3807111,3676296,241036,4048147,3917332,84.3624251565952,81.63627152461,341
-7.6926,53.28823,2022/02/01 00:00:00+00,Tue 01 Feb 2022,749,3419,1,3807860,3679715,241037,4048897,3920752,84.3780549790467,81.7075435149887,342
-7.6926,53.28823,2022/02/02 00:00:00+00,Wed 02 Feb 2022,652,2996,0,3808512,3682711,241037,4049549,3923748,84.3916425046978,81.7699794457415,343
-7.6926,53.28823,2022/02/03 00:00:00+00,Thu 03 Feb 2022,908,2436,1,3809420,3685147,241038,4050458,3926185,84.410585849509,81.8207659488271,344
-7.6926,53.28823,2022/02/04 00:00:00+00,Fri 04 Feb 2022,1173,6523,0,3810593,3691670,241038,4051631,3932708,84.4350308918231,81.9567037246284,345
-7.6926,53.28823,2022/02/05 00:00:00+00,Sat 05 Feb 2022,1777,5750,0,3812370,3697420,241038,4053408,3938458,84.4720631511514,82.076532363423,346
-7.6926,53.28823,2022/02/06 00:00:00+00,Sun 06 Feb 2022,1407,7555,0,3813777,3704975,241038,4054815,3946013,84.5013846980704,82.2339767749174,347
-7.6926,53.28823,2022/02/07 00:00:00+00,Mon 07 Feb 2022,440,1351,0,3814217,3706326,241038,4055255,3947364,84.5105541939086,82.2621312950933,348
-7.6926,53.28823,2022/02/08 00:00:00+00,Tue 08 Feb 2022,899,1238,0,3815116,3707564,241038,4056154,3948602,84.5292891410871,82.2879309220199,349
-7.6926,53.28823,2022/02/09 00:00:00+00,Wed 09 Feb 2022,1335,1784,0,3816451,3709348,241038,4057489,3950386,84.5571102250507,82.3251090596911,350
-7.6926,53.28823,2022/02/10 00:00:00+00,Thu 10 Feb 2022,687,2552,0,3817138,3711900,241038,4058176,3952938,84.5714271424162,82.3782921355527,351
-7.6926,53.28823,2022/02/11 00:00:00+00,Fri 11 Feb 2022,546,4922,0,3817684,3716822,241038,4058722,3957860,84.5828056531609,82.4808654503608,352
-7.6926,53.28823,2022/02/12 00:00:00+00,Sat 12 Feb 2022,1397,5462,0,3819081,3722284,241038,4060119,3963322,84.6119188024472,82.5946922373341,353
-7.6926,53.28823,2022/02/13 00:00:00+00,Sun 13 Feb 2022,1566,4706,0,3820647,3726990,241038,4061685,3968028,84.6445538717258,82.6927641632762,354
-7.6926,53.28823,2022/02/14 00:00:00+00,Mon 14 Feb 2022,174,954,0,3820821,3727944,241038,4061859,3968982,84.6481799905346,82.7126452974345,355
-7.6926,53.28823,2022/02/15 00:00:00+00,Tue 15 Feb 2022,649,817,1,3821470,3728761,241039,4062509,3969800,84.6617258366592,82.7296922237882,356
-7.6926,53.28823,2022/02/16 00:00:00+00,Wed 16 Feb 2022,798,1787,0,3822268,3730548,241039,4063307,3971587,84.6783559677475,82.7669328807492,357
-7.6926,53.28823,2021/04/10 23:00:00+00,Sun 11 Apr 2021,2868,368,9,790430,336656,247,790677,336903,16.4775215019467,7.02097876448963,358
-7.6926,53.28823,2022/07/08 23:00:00+00,Sat 09 Jul 2022,119,143,0,3854361,3807838,241075,4095436,4048913,85.3479167218052,84.378388415259,359
-7.6926,53.28823,2021/07/31 23:00:00+00,Sun 01 Aug 2021,11148,9350,369,3174568,2624892,221905,3396473,2846797,70.7816932682772,59.3265755538323,360
-7.6926,53.28823,2021/04/11 23:00:00+00,Mon 12 Apr 2021,7787,2810,13,798217,339466,260,798477,339726,16.640071655442,7.07980941619696,361
-7.6926,53.28823,2022/07/09 23:00:00+00,Sun 10 Jul 2022,133,219,0,3854494,3808057,241075,4095569,4049132,85.3506884103199,84.3829523234148,362
-7.6926,53.28823,2021/08/01 23:00:00+00,Mon 02 Aug 2021,15034,16052,431,3189602,2640944,222336,3411938,2863280,71.1039802072264,59.6700773717891,363
-7.6926,53.28823,2021/04/12 23:00:00+00,Tue 13 Apr 2021,11529,8595,1,809746,348061,261,810007,348322,16.8803541259293,7.25894802125406,364
-7.6926,53.28823,2022/07/10 23:00:00+00,Mon 11 Jul 2022,11,16,0,3854505,3808073,241075,4095580,4049148,85.3509176477159,84.3832857596271,365
-7.6926,53.28823,2021/08/02 23:00:00+00,Tue 03 Aug 2021,17356,25464,1111,3206958,2666408,223447,3430405,2889855,71.4888281155081,60.2238940806528,366
-7.6926,53.28823,2021/04/13 23:00:00+00,Wed 14 Apr 2021,20354,6600,2,830100,354661,263,830363,354924,17.3045683470254,7.39653213835352,367
-7.6926,53.28823,2021/08/03 23:00:00+00,Wed 04 Aug 2021,22131,17317,1576,3229089,2683725,225023,3454112,2908748,71.9828763833174,60.6176197280869,368
-7.6926,53.28823,2021/04/14 23:00:00+00,Thu 15 Apr 2021,27117,10822,1,857217,365483,264,857481,365747,17.869701047344,7.62208089620985,369
-7.6926,53.28823,2022/07/11 23:00:00+00,Tue 12 Jul 2022,44,81,0,3854549,3808154,241075,4095624,4049229,85.3518345972997,84.3849737804518,370
-7.6926,53.28823,2021/08/04 23:00:00+00,Thu 05 Aug 2021,13548,30062,1421,3242637,2713787,226444,3469081,2940231,72.2948267996855,61.2737179950731,371
-7.6926,53.28823,2021/04/15 23:00:00+00,Fri 16 Apr 2021,27971,9847,1,885188,375330,265,885453,375595,18.452630905494,7.82731088487927,372
-7.6926,53.28823,2022/07/12 23:00:00+00,Wed 13 Jul 2022,99,74,0,3854648,3808228,241075,4095723,4049303,85.3538977338633,84.3865159229337,373
-7.6926,53.28823,2021/08/05 23:00:00+00,Fri 06 Aug 2021,12224,24757,949,3254861,2738544,227393,3482254,2965937,72.5693490012231,61.8094249496563,374
-7.6926,53.28823,2021/04/16 23:00:00+00,Sat 17 Apr 2021,15856,4565,3,901044,379895,268,901312,380163,18.7831287111711,7.92250692349035,375
-7.6926,53.28823,2022/07/13 23:00:00+00,Thu 14 Jul 2022,72,39,0,3854720,3808267,241075,4095795,4049342,85.3553981968186,84.3873286737012,376
-7.6926,53.28823,2021/08/06 23:00:00+00,Sat 07 Aug 2021,6342,8472,584,3261203,2747016,227977,3489180,2974993,72.7136852016216,61.998149845817,377
-7.6926,53.28823,2021/04/17 23:00:00+00,Sun 18 Apr 2021,1080,487,0,902124,380382,268,902392,380650,18.8056356555012,7.93265588820217,378
-7.6926,53.28823,2022/07/14 23:00:00+00,Fri 15 Jul 2022,80,118,1,3854800,3808385,241076,4095876,4049461,85.3570862176434,84.3898086055302,379
-7.6926,53.28823,2021/08/07 23:00:00+00,Sun 08 Aug 2021,8634,11990,153,3269837,2759006,228130,3497967,2987136,72.896804201463,62.2512070911879,380
-7.6926,53.28823,2021/04/18 23:00:00+00,Mon 19 Apr 2021,6759,2267,0,908883,382649,268,909151,382917,18.9464916154338,7.97989963153215,381
-7.6926,53.28823,2022/07/15 23:00:00+00,Sat 16 Jul 2022,124,209,0,3854924,3808594,241076,4096000,4049670,85.3596703482887,84.3941641160533,382
-7.6926,53.28823,2021/08/08 23:00:00+00,Mon 09 Aug 2021,5560,23048,601,3275397,2782054,228731,3504128,3010785,73.025197982961,62.7440466527276,383
-7.6926,53.28823,2021/04/19 23:00:00+00,Tue 20 Apr 2021,15100,7328,1,923983,389977,269,924252,390246,19.2611928805534,8.1326342565279,384
-7.6926,53.28823,2022/07/16 23:00:00+00,Sun 17 Jul 2022,119,165,0,3855043,3808759,241076,4096119,4049835,85.3621502801177,84.3976026769926,385
-7.6926,53.28823,2021/08/09 23:00:00+00,Tue 10 Aug 2021,9380,26022,717,3284777,2808076,229448,3514225,3037524,73.2356170726843,63.3012810827674,386
-7.6926,53.28823,2021/04/20 23:00:00+00,Wed 21 Apr 2021,26738,9898,4,950721,399875,273,950994,400148,19.8184898298829,8.33898959241383,387
-7.6926,53.28823,2021/04/21 23:00:00+00,Thu 22 Apr 2021,31637,12194,1,982358,412069,274,982632,412343,20.4778182601757,8.59313050547471,388
-7.6926,53.28823,2021/04/22 23:00:00+00,Fri 23 Apr 2021,33617,12362,3,1015975,424431,277,1016252,424708,21.1784511012669,8.85081417829126,389
-7.6926,53.28823,2021/04/23 23:00:00+00,Sat 24 Apr 2021,23707,7005,2,1039682,431436,279,1039961,431715,21.6725410486027,8.99683839951452,390
-7.6926,53.28823,2021/04/24 23:00:00+00,Sun 25 Apr 2021,9756,310,3,1049438,431746,282,1049720,432028,21.8759162983412,9.0033612454176,391
-7.6926,53.28823,2021/04/25 23:00:00+00,Mon 26 Apr 2021,15601,3061,4,1065039,434807,286,1065325,435093,22.2011208041481,9.06723511983593,392
-7.6926,53.28823,2021/04/26 23:00:00+00,Tue 27 Apr 2021,25923,7826,9,1090962,442633,295,1091257,442928,22.7415375452301,9.23051466504561,393
-7.6926,53.28823,2021/04/27 23:00:00+00,Wed 28 Apr 2021,26051,8625,6,1117013,451258,301,1117314,451559,23.2845592567207,9.41038266181712,394
-7.6926,53.28823,2021/04/28 23:00:00+00,Thu 29 Apr 2021,31699,11334,6,1148712,462592,307,1149019,462899,23.9452839511524,9.64670557728332,395
-7.6926,53.28823,2021/04/29 23:00:00+00,Fri 30 Apr 2021,36104,13545,8,1184816,476137,315,1185131,476452,24.697849482309,9.929146888863,396
-7.6926,53.28823,2021/04/30 23:00:00+00,Sat 01 May 2021,16618,6702,21,1201434,482839,336,1201770,483175,25.0446023033357,10.069252617318,397
-7.6926,53.28823,2021/05/01 23:00:00+00,Sun 02 May 2021,12473,912,16,1213907,483751,352,1214259,484103,25.3048701067975,10.0885919176313,398
-7.6926,53.28823,2021/05/02 23:00:00+00,Mon 03 May 2021,14276,935,21,1228183,484686,373,1228556,485059,25.6028162022491,10.1085147313161,399
-7.6926,53.28823,2021/05/03 23:00:00+00,Tue 04 May 2021,26669,6807,11,1254852,491493,384,1255236,491877,26.158821086256,10.2506002372815,400
-7.6926,53.28823,2021/05/04 23:00:00+00,Wed 05 May 2021,32134,13469,70,1286986,504962,454,1287440,505416,26.8299448225588,10.5327497921755,401
-7.6926,53.28823,2021/05/05 23:00:00+00,Thu 06 May 2021,37303,14385,133,1324289,519347,587,1324876,519934,27.610102200283,10.8353014753094,402
-7.6926,53.28823,2021/05/06 23:00:00+00,Fri 07 May 2021,40606,15092,98,1364895,534439,685,1365580,535124,28.4583639243692,11.1518574793598,403
-7.6926,53.28823,2021/05/07 23:00:00+00,Sat 08 May 2021,25633,7065,10,1390528,541504,695,1391223,542199,28.9927579738665,11.2992988044853,404
-7.6926,53.28823,2021/05/08 23:00:00+00,Sun 09 May 2021,19679,931,5,1410207,542435,700,1410907,543135,29.4029678740461,11.3188048229047,405
-7.6926,53.28823,2021/05/09 23:00:00+00,Mon 10 May 2021,28858,4659,171,1439065,547094,871,1439936,547965,30.0079253619711,11.4194608794922,406
-7.6926,53.28823,2021/05/10 23:00:00+00,Tue 11 May 2021,33927,14822,153,1472992,561916,1024,1474016,562940,30.7181444941658,11.7315363344399,407
-7.6926,53.28823,2021/05/11 23:00:00+00,Wed 12 May 2021,31303,20932,175,1504295,582848,1199,1505494,584047,31.3741385623356,12.1714012177507,408
-7.6926,53.28823,2021/05/12 23:00:00+00,Thu 13 May 2021,36011,25487,152,1540306,608335,1351,1541657,609686,32.1277669214189,12.705711908195,409
-7.6926,53.28823,2021/05/13 23:00:00+00,Fri 14 May 2021,38234,27956,237,1578540,636291,1588,1580128,637879,32.9294934541262,13.2932473540274,410
-7.6926,53.28823,2021/05/14 23:00:00+00,Sat 15 May 2021,28883,12466,22,1607423,648757,1610,1609033,650367,33.5318668114058,13.5534943177259,411
-7.6926,53.28823,2021/05/15 23:00:00+00,Sun 16 May 2021,23190,1182,11,1630613,649939,1621,1632234,651560,34.0153701590011,13.5783561553054,412
-7.6926,53.28823,2021/05/16 23:00:00+00,Mon 17 May 2021,35399,3962,120,1666012,653901,1741,1667753,655642,34.7555777105394,13.6634240689679,413
-7.6926,53.28823,2021/05/17 23:00:00+00,Tue 18 May 2021,39028,12514,127,1705040,666415,1868,1706908,668283,35.5715586413225,13.9268595164466,414
-7.6926,53.28823,2021/05/18 23:00:00+00,Wed 19 May 2021,37045,17609,211,1742085,684024,2079,1744164,686103,36.3479648616584,14.2982240978935,415
-7.6926,53.28823,2021/05/19 23:00:00+00,Thu 20 May 2021,39101,19648,137,1781186,703672,2216,1783402,705888,37.1656754927927,14.7105388141633,416
-7.6926,53.28823,2021/05/20 23:00:00+00,Fri 21 May 2021,25852,23262,14935,1807038,726934,17151,1824189,744085,38.0156669172301,15.506555251735,417
-7.6926,53.28823,2021/05/21 23:00:00+00,Sat 22 May 2021,16599,10260,13523,1823637,737194,30674,1854311,767868,38.6434022664076,16.0021873415527,418
-7.6926,53.28823,2021/05/22 23:00:00+00,Sun 23 May 2021,8229,5537,10205,1831866,742731,40879,1872745,783610,39.0275624625015,16.3302468949274,419
-7.6926,53.28823,2021/05/23 23:00:00+00,Mon 24 May 2021,22561,8240,8453,1854427,750971,49332,1903759,800303,39.6738868805146,16.6781250631705,420
-7.6926,53.28823,2021/05/24 23:00:00+00,Tue 25 May 2021,30366,16518,3224,1884793,767489,52556,1937349,820045,40.3738945287077,17.0895436696197,421
-7.6926,53.28823,2021/05/25 23:00:00+00,Wed 26 May 2021,19990,25480,3054,1904783,792969,55610,1960393,848579,40.8541260334699,17.6841854747267,422
-7.6926,53.28823,2021/05/26 23:00:00+00,Thu 27 May 2021,17024,36062,550,1921807,829031,56160,1977967,885191,41.2203640331527,18.4471708875176,423
-7.6926,53.28823,2021/05/27 23:00:00+00,Fri 28 May 2021,27054,31846,1562,1948861,860877,57722,2006583,918599,41.8167146988477,19.1433856987958,424
-7.6926,53.28823,2021/05/28 23:00:00+00,Sat 29 May 2021,24497,7402,537,1973358,868279,58259,2031617,926538,42.3384173325145,19.3088325793854,425
-7.6926,53.28823,2021/05/29 23:00:00+00,Sun 30 May 2021,24260,1688,210,1997618,869967,58469,2056087,928436,42.8483663396977,19.3483864500693,426
-7.6926,53.28823,2021/05/30 23:00:00+00,Mon 31 May 2021,22605,7319,3445,2020223,877286,61914,2082137,939200,43.3912421728454,19.5727056618928,427
-7.6926,53.28823,2021/05/31 23:00:00+00,Tue 01 Jun 2021,27608,11533,3655,2047831,888819,65569,2113400,954388,44.0427556919124,19.8892199864166,428
-7.6926,53.28823,2021/06/01 23:00:00+00,Wed 02 Jun 2021,18715,20921,4008,2066546,909740,69577,2136123,979317,44.5162976326654,20.4087344449402,429
-7.6926,53.28823,2021/06/02 23:00:00+00,Thu 03 Jun 2021,16701,30712,1978,2083247,940452,71555,2154802,1012007,44.9055635707601,21.0899863061916,430
-7.6926,53.28823,2021/06/03 23:00:00+00,Fri 04 Jun 2021,28999,23353,153,2112246,963805,71708,2183954,1035513,45.513084349567,21.5798457815839,431
-7.6926,53.28823,2021/06/04 23:00:00+00,Sat 05 Jun 2021,20978,11504,35,2133224,975309,71743,2204967,1047052,45.9509902951306,21.8203158099405,432
-7.6926,53.28823,2021/06/05 23:00:00+00,Sun 06 Jun 2021,19954,3919,47,2153178,979228,71790,2224968,1051018,46.3678064002664,21.9029663110639,433
-7.6926,53.28823,2021/06/06 23:00:00+00,Mon 07 Jun 2021,19844,4606,47,2173022,983834,71837,2244859,1055671,46.7823301314426,21.9999337295528,434
-7.6926,53.28823,2021/06/07 23:00:00+00,Tue 08 Jun 2021,26428,18350,48,2199450,1002184,71885,2271335,1074069,47.3340837037428,22.383343694169,435
-7.6926,53.28823,2021/06/08 23:00:00+00,Wed 09 Jun 2021,32824,20135,175,2232274,1022319,72060,2304334,1094379,48.0217750518441,22.8065992861547,436
-7.6926,53.28823,2021/06/09 23:00:00+00,Thu 10 Jun 2021,27713,27510,273,2259987,1049829,72333,2332320,1122162,48.6049966666799,23.385590429047,437
-7.6926,53.28823,2021/06/10 23:00:00+00,Fri 11 Jun 2021,26456,32916,42,2286443,1082745,72375,2358818,1155120,49.1572087137719,24.0724273468543,438
-7.6926,53.28823,2021/06/11 23:00:00+00,Sat 12 Jun 2021,12225,19732,105,2298668,1102477,72480,2371148,1174957,49.414162994874,24.485825730814,439
-7.6926,53.28823,2021/06/12 23:00:00+00,Sun 13 Jun 2021,8558,18183,835,2307226,1120660,73315,2380541,1193975,49.6099108912562,24.8821563486567,440
-7.6926,53.28823,2021/06/13 23:00:00+00,Mon 14 Jun 2021,16029,31319,52,2323255,1151979,73367,2396622,1225346,49.945035124379,25.5359205621568,441
-7.6926,53.28823,2021/06/14 23:00:00+00,Tue 15 Jun 2021,14711,41598,206,2337966,1193577,73573,2411539,1267150,50.2559018730571,26.4071060258384,442
-7.6926,53.28823,2021/06/15 23:00:00+00,Wed 16 Jun 2021,13484,48407,219,2351450,1241984,73792,2425242,1315776,50.5414691491271,27.4204603545386,443
-7.6926,53.28823,2021/06/16 23:00:00+00,Thu 17 Jun 2021,21582,42703,535,2373032,1284687,74327,2447359,1359014,51.0023821933392,28.3215300387474,444
-7.6926,53.28823,2021/06/17 23:00:00+00,Fri 18 Jun 2021,12023,50031,554,2385055,1334718,74881,2459936,1409599,51.2644838959687,29.3757094636908,445
-7.6926,53.28823,2021/06/18 23:00:00+00,Sat 19 Jun 2021,6331,32822,434,2391386,1367540,75315,2466701,1442855,51.405464894481,30.0687566309522,446
-7.6926,53.28823,2021/06/19 23:00:00+00,Sun 20 Jun 2021,8526,26147,178,2399912,1393687,75493,2475405,1469180,51.5868541939711,30.6173633989987,447
-7.6926,53.28823,2021/06/20 23:00:00+00,Mon 21 Jun 2021,15497,32353,575,2415409,1426040,76068,2491477,1502108,51.9217908692244,31.303575123908,448
-7.6926,53.28823,2021/06/21 23:00:00+00,Tue 22 Jun 2021,15156,43561,722,2430565,1469601,76790,2507355,1546391,52.2526846304037,32.2264223607325,449
-7.6926,53.28823,2021/06/22 23:00:00+00,Wed 23 Jun 2021,20106,39410,885,2450671,1509011,77675,2528346,1586686,52.6901321011754,33.0661606216418,450
-7.6926,53.28823,2021/06/23 23:00:00+00,Thu 24 Jun 2021,19036,44281,1032,2469707,1553292,78707,2548414,1631999,53.1083444704502,34.010472814633,451
-7.6926,53.28823,2021/06/24 23:00:00+00,Fri 25 Jun 2021,15225,50132,843,2484932,1603424,79550,2564482,1682974,53.4431977866504,35.0727797472512,452
-7.6926,53.28823,2021/06/25 23:00:00+00,Sat 26 Jun 2021,9074,30579,512,2494006,1634003,80062,2574068,1714065,53.6429677573435,35.720708827036,453
-7.6926,53.28823,2021/06/26 23:00:00+00,Sun 27 Jun 2021,8741,30489,59,2502747,1664492,80121,2582868,1744613,53.8263576741074,36.357321915366,454
-7.6926,53.28823,2021/06/27 23:00:00+00,Mon 28 Jun 2021,24245,24664,527,2526992,1689156,80648,2607640,1769804,54.3426002897978,36.8822963918659,455
-7.6926,53.28823,2021/06/28 23:00:00+00,Tue 29 Jun 2021,28155,31062,812,2555147,1720218,81460,2636607,1801678,54.9462657124,37.5465430062901,456
-7.6926,53.28823,2021/06/29 23:00:00+00,Wed 30 Jun 2021,22589,36887,589,2577736,1757105,82049,2659785,1839154,55.4292897454402,38.3275339745451,457
-7.6926,53.28823,2021/06/30 23:00:00+00,Thu 01 Jul 2021,15053,48308,643,2592789,1805413,82692,2675481,1888105,55.7563906697045,39.3476612263075,458
-7.6926,53.28823,2021/07/01 23:00:00+00,Fri 02 Jul 2021,13694,47280,818,2606483,1852693,83510,2689993,1936203,56.0588173142588,40.3500121600019,459
-7.6926,53.28823,2021/07/02 23:00:00+00,Sat 03 Jul 2021,9323,30488,506,2615806,1883181,84016,2699822,1967197,56.2636513474262,40.9959197827496,460
-7.6926,53.28823,2021/07/03 23:00:00+00,Sun 04 Jul 2021,6461,27786,233,2622267,1910967,84249,2706516,1995216,56.4031527227463,41.5798291097732,461
-7.6926,53.28823,2021/07/04 23:00:00+00,Mon 05 Jul 2021,15636,33475,5342,2637903,1944442,89591,2727494,2034033,56.8403292765955,42.3887662005715,462
-7.6926,53.28823,2021/07/05 23:00:00+00,Tue 06 Jul 2021,12409,48308,5488,2650312,1992750,95079,2745391,2087829,57.2132985198141,43.5098621053704,463
-7.6926,53.28823,2021/07/06 23:00:00+00,Wed 07 Jul 2021,19713,43770,5059,2670025,2036520,100138,2770163,2136658,57.7295411355045,44.5274469060141,464
-7.6926,53.28823,2021/07/07 23:00:00+00,Thu 08 Jul 2021,17801,45612,5997,2687826,2082132,106135,2793961,2188267,58.2254858217713,45.6029662485446,465
-7.6926,53.28823,2021/07/08 23:00:00+00,Fri 09 Jul 2021,13531,45100,6531,2701357,2127232,112666,2814023,2239898,58.6435731524664,46.678944065867,466
-7.6926,53.28823,2021/07/09 23:00:00+00,Sat 10 Jul 2021,8645,23886,4365,2710002,2151118,117031,2827033,2268149,58.9146984725912,47.2676882179689,467
-7.6926,53.28823,2021/07/10 23:00:00+00,Sun 11 Jul 2021,15245,16122,2153,2725247,2167240,119184,2844431,2286424,59.2772686739388,47.648534891703,468
-7.6926,53.28823,2021/07/11 23:00:00+00,Mon 12 Jul 2021,17126,31784,6093,2742373,2199024,125277,2867650,2324301,59.761147137273,48.4378826050288,469
-7.6926,53.28823,2021/07/12 23:00:00+00,Tue 13 Jul 2021,20119,36579,8490,2762492,2235603,133767,2896259,2369370,60.3573519246251,49.3771098957824,470
-7.6926,53.28823,2021/07/13 23:00:00+00,Wed 14 Jul 2021,20804,35733,9335,2783296,2271336,143102,2926398,2414438,60.9854415497782,50.3163163467728,471
-7.6926,53.28823,2021/07/14 23:00:00+00,Thu 15 Jul 2021,23661,28846,9585,2806957,2300182,152687,2959644,2452869,61.6782803194069,51.1172092889494,472
-7.6926,53.28823,2021/07/15 23:00:00+00,Fri 16 Jul 2021,23519,27439,9168,2830476,2327621,161855,2992331,2489476,62.3594696613684,51.8800905029239,473
-7.6926,53.28823,2021/07/16 23:00:00+00,Sat 17 Jul 2021,11518,19437,4678,2841994,2347058,166533,3008527,2513591,62.6969904672671,52.3826413941468,474
-7.6926,53.28823,2021/07/17 23:00:00+00,Sun 18 Jul 2021,16871,15827,1931,2858865,2362885,168464,3027329,2531349,63.0888196962438,52.7527139102711,475
-7.6926,53.28823,2021/07/18 23:00:00+00,Mon 19 Jul 2021,24908,18456,6253,2883773,2381341,174717,3058490,2556058,63.7382075594574,53.2676436208755,476
-7.6926,53.28823,2021/07/19 23:00:00+00,Tue 20 Jul 2021,30606,18195,7699,2914379,2399536,182416,3096795,2581952,64.5364746914621,53.8072684509533,477
-7.6926,53.28823,2021/07/20 23:00:00+00,Wed 21 Jul 2021,30371,19854,6894,2944750,2419390,189310,3134060,2608700,65.3130684696674,54.3646904388625,478
-7.6926,53.28823,2021/07/21 23:00:00+00,Thu 22 Jul 2021,33547,15945,6937,2978297,2435335,196247,3174544,2631582,66.1567454458344,54.8415459019752,479
-7.6926,53.28823,2021/07/22 23:00:00+00,Fri 23 Jul 2021,27088,20851,5616,3005385,2456186,201863,3207248,2658049,66.8382890637716,55.3931119164059,480
-7.6926,53.28823,2022/07/17 23:00:00+00,Mon 18 Jul 2022,14,18,0,3855057,3808777,241076,4096133,4049853,85.3624420368034,84.3979777927315,481
-7.6926,53.28823,2021/08/10 23:00:00+00,Wed 11 Aug 2021,7030,31246,666,3291807,2839322,230114,3521921,3069436,73.3959998907996,63.9663196081958,482
-7.6926,53.28823,2022/07/18 23:00:00+00,Tue 19 Jul 2022,30,33,0,3855087,3808810,241076,4096163,4049886,85.3630672297015,84.3986655049193,483
-7.6926,53.28823,2021/08/11 23:00:00+00,Thu 12 Aug 2021,6789,38308,865,3298596,2877630,230979,3529575,3108609,73.5555074388577,64.7826756547176,484
-7.6926,53.28823,2022/07/19 23:00:00+00,Wed 20 Jul 2022,78,66,0,3855165,3808876,241076,4096241,4049952,85.3646927312364,84.4000409292951,485
-7.6926,53.28823,2021/08/12 23:00:00+00,Fri 13 Aug 2021,10945,28232,875,3309541,2905862,231854,3541395,3137716,73.8018334406928,65.3892586441775,486
-7.6926,53.28823,2022/07/20 23:00:00+00,Thu 21 Jul 2022,52,30,0,3855217,3808906,241076,4096293,4049982,85.3657763989264,84.4006661221931,487
-7.6926,53.28823,2021/08/13 23:00:00+00,Sat 14 Aug 2021,18149,5855,281,3327690,2911717,232135,3559825,3143852,74.1859102777336,65.5171314315938,488
-7.6926,53.28823,2021/08/14 23:00:00+00,Sun 15 Aug 2021,17003,3738,52,3344693,2915455,232187,3576880,3147642,74.54133244028,65.5961141343819,489
-7.6926,53.28823,2021/08/15 23:00:00+00,Mon 16 Aug 2021,10203,23169,386,3354896,2938624,232573,3587469,3171197,74.7620046935315,66.0869947581743,490
-7.6926,53.28823,2021/08/16 23:00:00+00,Tue 17 Aug 2021,12878,26877,530,3367774,2965501,233103,3600877,3198604,75.0414242394372,66.6581501500776,491
-7.6926,53.28823,2022/07/21 23:00:00+00,Fri 22 Jul 2022,75,70,0,3855292,3808976,241076,4096368,4050052,85.3673393811716,84.4021249056219,492
-7.6926,53.28823,2021/08/17 23:00:00+00,Wed 18 Aug 2021,15245,25782,658,3383019,2991283,233761,3616780,3225044,75.3728389946982,67.2091534909,493
-7.6926,53.28823,2022/07/22 23:00:00+00,Sat 23 Jul 2022,99,175,0,3855391,3809151,241076,4096467,4050227,85.3694025177352,84.4057718641939,494
-7.6926,53.28823,2021/08/18 23:00:00+00,Thu 19 Aug 2021,11373,25735,545,3394392,3017018,234306,3628698,3251324,75.6212072933336,67.7568224695995,495
-7.6926,53.28823,2022/07/23 23:00:00+00,Sun 24 Jul 2022,108,231,0,3855499,3809382,241076,4096575,4050458,85.3716532121682,84.410585849509,496
-7.6926,53.28823,2021/08/19 23:00:00+00,Fri 20 Aug 2021,14859,22278,686,3409251,3039296,234992,3644243,3274288,75.9451614133444,68.2353867933002,497
-7.6926,53.28823,2022/07/24 23:00:00+00,Mon 25 Jul 2022,14,23,0,3855513,3809405,241076,4096589,4050481,85.3719449688539,84.4110651640642,498
-7.6926,53.28823,2021/08/20 23:00:00+00,Sat 21 Aug 2021,11906,7994,246,3421157,3047290,235238,3656395,3282528,76.1984062165847,68.4071064426337,499
-7.6926,53.28823,2022/07/25 23:00:00+00,Tue 26 Jul 2022,18,16,0,3855531,3809421,241076,4096607,4050497,85.3723200845928,84.4113986002765,500
-7.6926,53.28823,2021/08/21 23:00:00+00,Sun 22 Aug 2021,8005,12261,162,3429162,3059551,235400,3664562,3294951,76.3686045631996,68.6659988217198,501
-7.6926,53.28823,2022/07/26 23:00:00+00,Wed 27 Jul 2022,61,72,1,3855592,3809493,241077,4096669,4050570,85.3736121499154,84.4129199029951,502
-7.6926,53.28823,2021/08/22 23:00:00+00,Mon 23 Aug 2021,10881,15399,291,3440043,3074950,235691,3675734,3310641,76.6014263984367,68.9929747074045,503
-7.6926,53.28823,2022/07/27 23:00:00+00,Thu 28 Jul 2022,49,71,0,3855641,3809564,241077,4096718,4050641,85.3746332983156,84.4143995261871,504
-7.6926,53.28823,2021/08/23 23:00:00+00,Tue 24 Aug 2021,9722,22935,384,3449765,3097885,236075,3685840,3333960,76.8120330460294,69.4789371470656,505
-7.6926,53.28823,2022/07/28 23:00:00+00,Fri 29 Jul 2022,71,105,0,3855712,3809669,241077,4096789,4050746,85.3761129215077,84.4165877013303,506
-7.6926,53.28823,2021/08/24 23:00:00+00,Wed 25 Aug 2021,9425,19549,318,3459190,3117434,236393,3695583,3353827,77.0150748595556,69.8929607239234,507
-7.6926,53.28823,2022/07/29 23:00:00+00,Sat 30 Jul 2022,100,119,0,3855812,3809788,241077,4096889,4050865,85.3781968978345,84.4190676331593,508
-7.6926,53.28823,2021/08/25 23:00:00+00,Thu 26 Aug 2021,8596,19454,370,3467786,3136888,236763,3704549,3373651,77.2019241770221,70.3060881909606,509
-7.6926,53.28823,2022/07/30 23:00:00+00,Sun 31 Jul 2022,32,57,0,3855844,3809845,241077,4096921,4050922,85.3788637702591,84.4202554996656,510
-7.6926,53.28823,2021/08/26 23:00:00+00,Fri 27 Aug 2021,9732,19228,432,3477518,3156116,237195,3714713,3393311,77.4137395308844,70.7157979368218,511
-7.6926,53.28823,2022/07/31 23:00:00+00,Mon 01 Aug 2022,10,15,0,3855854,3809860,241077,4096931,4050937,85.3790721678918,84.4205680961146,512
-7.6926,53.28823,2021/08/27 23:00:00+00,Sat 28 Aug 2021,9932,7943,155,3487450,3164059,237350,3724800,3401409,77.623950222975,70.8845583397711,513
-7.6926,53.28823,2022/08/01 23:00:00+00,Tue 02 Aug 2022,36,28,0,3855890,3809888,241077,4096967,4050965,85.3798223993695,84.4211516094862,514
-7.6926,53.28823,2021/08/28 23:00:00+00,Sun 29 Aug 2021,8804,9198,30,3496254,3173257,237380,3733634,3410637,77.8080486916901,71.076867675214,515
-7.6926,53.28823,2022/08/02 23:00:00+00,Wed 03 Aug 2022,93,139,0,3855983,3810027,241077,4097060,4051104,85.3817604973535,84.4240483365805,516
-7.6926,53.28823,2021/08/29 23:00:00+00,Mon 30 Aug 2021,5071,11157,85,3501325,3184414,237465,3738790,3421879,77.9154985111031,71.3111482938798,517
-7.6926,53.28823,2022/08/03 23:00:00+00,Thu 04 Aug 2022,45,52,0,3856028,3810079,241077,4097105,4051156,85.3826982867005,84.4251320042705,518
-7.6926,53.28823,2021/08/30 23:00:00+00,Tue 31 Aug 2021,4076,12914,146,3505401,3197328,237611,3743012,3434939,78.0034839916232,71.5833156021681,519
-7.6926,53.28823,2022/08/04 23:00:00+00,Fri 05 Aug 2022,96,91,0,3856124,3810170,241077,4097201,4051247,85.3846989039743,84.4270284227279,520
-7.6926,53.28823,2021/08/31 23:00:00+00,Wed 01 Sep 2021,4991,12559,184,3510392,3209887,237795,3748187,3447682,78.1113297665384,71.8488767055002,521
-7.6926,53.28823,2022/08/05 23:00:00+00,Sat 06 Aug 2022,74,130,0,3856198,3810300,241077,4097275,4051377,85.3862410464562,84.4297375919528,522
-7.6926,53.28823,2021/09/01 23:00:00+00,Thu 02 Sep 2021,5014,12376,249,3515406,3222263,238044,3753450,3460307,78.2210094406212,72.1119787167666,523
-7.6926,53.28823,2022/08/06 23:00:00+00,Sun 07 Aug 2022,28,80,0,3856226,3810380,241077,4097303,4051457,85.3868245598277,84.4314047730143,524
-7.6926,53.28823,2021/09/02 23:00:00+00,Fri 03 Sep 2021,4783,16103,167,3520189,3238366,238211,3758400,3476577,78.3241662688009,72.4510416651471,525
-7.6926,53.28823,2022/08/07 23:00:00+00,Mon 08 Aug 2022,11,15,0,3856237,3810395,241077,4097314,4051472,85.3870537972237,84.4317173694634,526
-7.6926,53.28823,2021/09/03 23:00:00+00,Sat 04 Sep 2021,4632,10591,136,3524821,3248957,238347,3763168,3487304,78.4235302600657,72.6745898057296,527
-7.6926,53.28823,2022/08/08 23:00:00+00,Tue 09 Aug 2022,47,42,0,3856284,3810437,241077,4097361,4051514,85.3880332660973,84.4325926395206,528
-7.6926,53.28823,2021/09/04 23:00:00+00,Sun 05 Sep 2021,5310,11912,1,3530131,3260869,238348,3768479,3499217,78.5342102427853,72.9228539055488,529
-7.6926,53.28823,2021/09/05 23:00:00+00,Mon 06 Sep 2021,2170,9698,76,3532301,3270567,238424,3770725,3508991,78.5810163510867,73.1265417517363,530
-7.6926,53.28823,2021/09/06 23:00:00+00,Tue 07 Sep 2021,3037,10038,160,3535338,3280605,238584,3773922,3519189,78.6476410742565,73.3390656575498,531
-7.6926,53.28823,2021/09/07 23:00:00+00,Wed 08 Sep 2021,2614,14807,191,3537952,3295412,238775,3776727,3534187,78.7060966102249,73.6516204270526,532
-7.6926,53.28823,2021/09/08 23:00:00+00,Thu 09 Sep 2021,3130,14825,138,3541082,3310237,238913,3779995,3549150,78.7742009565868,73.963445804841,533
-7.6926,53.28823,2021/09/09 23:00:00+00,Fri 10 Sep 2021,3392,13951,116,3544474,3324188,239029,3783503,3563217,78.8473068461332,74.2565987547408,534
-7.6926,53.28823,2021/09/10 23:00:00+00,Sat 11 Sep 2021,2563,11346,62,3547037,3335534,239091,3786128,3574625,78.9020112247133,74.4943387741093,535
-7.6926,53.28823,2021/09/11 23:00:00+00,Sun 12 Sep 2021,2044,12885,1,3549081,3348419,239092,3788173,3587511,78.9446285405976,74.7628799635888,536
-7.6926,53.28823,2021/09/12 23:00:00+00,Mon 13 Sep 2021,1624,7750,52,3550705,3356169,239144,3789849,3595313,78.9795559838359,74.9254717966106,537
-7.6926,53.28823,2021/09/13 23:00:00+00,Tue 14 Sep 2021,1557,10796,82,3552262,3366965,239226,3791488,3606191,79.0137123558331,75.1521667414467,538
-7.6926,53.28823,2021/09/14 23:00:00+00,Wed 15 Sep 2021,3290,12379,138,3555552,3379344,239364,3794916,3618708,79.085151064318,75.4130180582801,539
-7.6926,53.28823,2021/09/15 23:00:00+00,Thu 16 Sep 2021,1920,10583,115,3557472,3389927,239479,3796951,3629406,79.1275599825696,75.6359618457278,540
-7.6926,53.28823,2021/09/16 23:00:00+00,Fri 17 Sep 2021,2563,14625,95,3560035,3404552,239574,3799609,3644126,79.1829520733376,75.942723161042,541
-7.6926,53.28823,2021/09/17 23:00:00+00,Sat 18 Sep 2021,2292,11243,48,3562327,3415795,239622,3801949,3655417,79.2317171193862,76.178024928108,542
-7.6926,53.28823,2021/09/18 23:00:00+00,Sun 19 Sep 2021,1864,8497,16,3564191,3424292,239638,3803829,3663930,79.2708958743312,76.3554338328138,543
-7.6926,53.28823,2021/09/19 23:00:00+00,Mon 20 Sep 2021,966,5637,35,3565157,3429929,239673,3804830,3669602,79.2917564773631,76.4736369700735,544
-7.6926,53.28823,2021/09/20 23:00:00+00,Tue 21 Sep 2021,1477,6681,90,3566634,3436610,239763,3806397,3676373,79.3244123864051,76.6147430071653,545
-7.6926,53.28823,2021/09/21 23:00:00+00,Wed 22 Sep 2021,1902,8160,97,3568536,3444770,239860,3808396,3684630,79.366071073179,76.7868169324744,546
-7.6926,53.28823,2021/09/22 23:00:00+00,Thu 23 Sep 2021,1691,8736,89,3570227,3453506,239949,3810176,3693455,79.4031658517972,76.97072784332,547
-7.6926,53.28823,2021/09/23 23:00:00+00,Fri 24 Sep 2021,1915,7398,81,3572142,3460904,240030,3812172,3700934,79.4447620192814,77.126588432806,548
-7.6926,53.28823,2021/09/24 23:00:00+00,Sat 25 Sep 2021,2423,6609,53,3574565,3467513,240083,3814648,3707596,79.4963612731345,77.2654229357016,549
-7.6926,53.28823,2021/09/25 23:00:00+00,Sun 26 Sep 2021,1549,7101,0,3576114,3474614,240083,3816197,3714697,79.5286420664376,77.4134060946721,550
-7.6926,53.28823,2021/09/26 23:00:00+00,Mon 27 Sep 2021,1180,3834,45,3577294,3478448,240128,3817422,3718576,79.5541707764417,77.4942435363911,551
-7.6926,53.28823,2021/09/27 23:00:00+00,Tue 28 Sep 2021,1455,5153,93,3578749,3483601,240221,3818970,3723822,79.5864307299815,77.6035689344983,552
-7.6926,53.28823,2021/09/28 23:00:00+00,Wed 29 Sep 2021,1654,3632,80,3580403,3487233,240301,3820704,3727534,79.6225668794893,77.6809261357515,553
-7.6926,53.28823,2021/09/29 23:00:00+00,Thu 30 Sep 2021,1275,3989,78,3581678,3491222,240379,3822057,3731601,79.6507630791917,77.765681452965,554
-7.6926,53.28823,2021/09/30 23:00:00+00,Fri 01 Oct 2021,1873,5199,42,3583551,3496421,240421,3823972,3736842,79.6906712258511,77.8749026522558,555
-7.6926,53.28823,2021/10/01 23:00:00+00,Sat 02 Oct 2021,1684,4103,41,3585235,3500524,240462,3825697,3740986,79.7266198174895,77.961262631241,556
-7.6926,53.28823,2021/10/02 23:00:00+00,Sun 03 Oct 2021,1197,3022,9,3586432,3503546,240471,3826903,3744017,79.7517525719915,78.0244279537082,557
-7.6926,53.28823,2021/10/03 23:00:00+00,Mon 04 Oct 2021,349,1241,18,3586781,3504787,240489,3827270,3745276,79.7594007651111,78.0506652156634,558
-7.6926,53.28823,2021/10/04 23:00:00+00,Tue 05 Oct 2021,960,2837,70,3587741,3507624,240559,3828300,3748183,79.7808657212777,78.1112464074853,559
-7.6926,53.28823,2021/10/05 23:00:00+00,Wed 06 Oct 2021,973,2582,40,3588714,3510206,240599,3829313,3750805,79.8019764014689,78.1658882667756,560
-7.6926,53.28823,2021/10/06 23:00:00+00,Thu 07 Oct 2021,1213,2716,44,3589927,3512922,240643,3830570,3753565,79.8281719838975,78.223406013397,561
-7.6926,53.28823,2021/10/07 23:00:00+00,Fri 08 Oct 2021,916,2748,48,3590843,3515670,240691,3831534,3756361,79.8482615156885,78.2816739914961,562
-7.6926,53.28823,2021/10/08 23:00:00+00,Sat 09 Oct 2021,724,2368,23,3591567,3518038,240714,3832281,3758752,79.8638288188502,78.3315018654714,563
-7.6926,53.28823,2021/10/09 23:00:00+00,Sun 10 Oct 2021,1519,3926,2,3593086,3521964,240716,3833802,3762680,79.8955260987817,78.4133604555906,564
-7.6926,53.28823,2021/10/10 23:00:00+00,Mon 11 Oct 2021,335,1140,19,3593421,3523104,240735,3834156,3763839,79.9029033749788,78.4375137412189,565
-7.6926,53.28823,2021/10/11 23:00:00+00,Tue 12 Oct 2021,563,1628,21,3593984,3524732,240756,3834740,3765488,79.9150737967277,78.4718785108489,566
-7.6926,53.28823,2021/10/12 23:00:00+00,Wed 13 Oct 2021,990,2081,11,3594974,3526813,240767,3835741,3767580,79.9359343997596,78.5154752956068,567
-7.6926,53.28823,2021/10/13 23:00:00+00,Thu 14 Oct 2021,654,1613,9,3595628,3528426,240776,3836404,3769202,79.9497511628067,78.5492773916286,568
-7.6926,53.28823,2021/10/14 23:00:00+00,Fri 15 Oct 2021,957,2081,10,3596585,3530507,240786,3837371,3771293,79.9699032138874,78.5928533366232,569
-7.6926,53.28823,2021/10/15 23:00:00+00,Sat 16 Oct 2021,1384,2652,14,3597969,3533159,240800,3838769,3773959,79.999037202937,78.6484121454974,570
-7.6926,53.28823,2021/10/16 23:00:00+00,Sun 17 Oct 2021,1707,2892,2,3599676,3536051,240802,3840478,3776853,80.0346523583631,78.7087224203968,571
-7.6926,53.28823,2021/10/17 23:00:00+00,Mon 18 Oct 2021,680,1260,6,3600356,3537311,240808,3841164,3778119,80.0489484359653,78.7351055606949,572
-7.6926,53.28823,2021/10/18 23:00:00+00,Tue 19 Oct 2021,1343,1811,13,3601699,3539122,240821,3842520,3779943,80.0772071549576,78.7731172888968,573
-7.6926,53.28823,2021/10/19 23:00:00+00,Wed 20 Oct 2021,2262,2343,0,3603961,3541465,240821,3844782,3782286,80.1243466994712,78.8219448542352,574
-7.6926,53.28823,2021/10/20 23:00:00+00,Thu 21 Oct 2021,1731,1857,11,3605692,3543322,240832,3846524,3784154,80.1606495670852,78.860873532021,575
-7.6926,53.28823,2021/10/21 23:00:00+00,Fri 22 Oct 2021,1509,1938,3,3607201,3545260,240835,3848036,3786095,80.1921592891473,78.9013235125254,576
-7.6926,53.28823,2021/10/22 23:00:00+00,Sat 23 Oct 2021,2018,1711,1,3609219,3546971,240836,3850055,3787807,80.2342347711867,78.9370011872413,577
-7.6926,53.28823,2021/10/23 23:00:00+00,Sun 24 Oct 2021,1959,2190,2,3611178,3549161,240838,3852016,3789999,80.2751015469565,78.9826819483261,578
-7.6926,53.28823,2021/10/24 23:00:00+00,Mon 25 Oct 2021,1238,864,2,3612416,3550025,240840,3853256,3790865,80.3009428534096,79.0007291833168,579
-7.6926,53.28823,2021/10/25 23:00:00+00,Tue 26 Oct 2021,1247,1237,6,3613663,3551262,240846,3854509,3792108,80.3270550767851,79.0266330090597,580
-7.6926,53.28823,2021/10/26 23:00:00+00,Wed 27 Oct 2021,1568,1434,6,3615231,3552696,240852,3856083,3793548,80.35985686417,79.0566422681665,581
-7.6926,53.28823,2021/10/27 23:00:00+00,Thu 28 Oct 2021,2159,1702,5,3617390,3554398,240857,3858247,3795255,80.4049541118833,79.092215744066,582
-7.6926,53.28823,2021/10/28 23:00:00+00,Fri 29 Oct 2021,2148,1382,2,3619538,3555780,240859,3860397,3796639,80.4497596029108,79.1210579764298,583
-7.6926,53.28823,2021/10/29 23:00:00+00,Sat 30 Oct 2021,2021,1456,1,3621559,3557236,240860,3862419,3798096,80.49189760424,79.1514215115122,584
-7.6926,53.28823,2021/10/30 23:00:00+00,Sun 31 Oct 2021,1600,1321,0,3623159,3558557,240860,3864019,3799417,80.5252412254698,79.1789508387901,585
-7.6926,53.28823,2021/11/01 00:00:00+00,Mon 01 Nov 2021,292,299,2,3623451,3558856,240862,3864313,3799718,80.5313681158707,79.1852236075339,586
-7.6926,53.28823,2021/11/02 00:00:00+00,Tue 02 Nov 2021,1100,1100,10,3624551,3559956,240872,3865423,3800828,80.5545002530989,79.2083557447621,587
-7.6926,53.28823,2021/11/03 00:00:00+00,Wed 03 Nov 2021,2539,1885,7,3627090,3561841,240879,3867969,3802720,80.6075582903808,79.2477845768663,588
-7.6926,53.28823,2021/11/04 00:00:00+00,Thu 04 Nov 2021,1537,1291,2,3628627,3563132,240881,3869508,3804013,80.6396306860513,79.2747303907726,589
-7.6926,53.28823,2022/08/09 23:00:00+00,Wed 10 Aug 2022,55,94,1,3856339,3810531,241078,4097417,4051609,85.3892002928404,84.4345724170312,590
-7.6926,53.28823,2022/08/10 23:00:00+00,Thu 11 Aug 2022,45,41,0,3856384,3810572,241078,4097462,4051650,85.3901380821874,84.4354268473252,591
-7.6926,53.28823,2022/08/11 23:00:00+00,Fri 12 Aug 2022,70,75,0,3856454,3810647,241078,4097532,4051725,85.3915968656163,84.4369898295703,592
-7.6926,53.28823,2022/08/12 23:00:00+00,Sat 13 Aug 2022,103,151,0,3856557,3810798,241078,4097635,4051876,85.3937433612329,84.4401366338239,593
-7.6926,53.28823,2022/08/13 23:00:00+00,Sun 14 Aug 2022,17,26,0,3856574,3810824,241078,4097652,4051902,85.3940976372085,84.4406784676689,594
-7.6926,53.28823,2022/08/14 23:00:00+00,Mon 15 Aug 2022,7,11,0,3856581,3810835,241078,4097659,4051913,85.3942435155514,84.4409077050648,595
-7.6926,53.28823,2022/08/15 23:00:00+00,Tue 16 Aug 2022,41,28,0,3856622,3810863,241078,4097700,4051941,85.3950979458454,84.4414912184364,596
-7.6926,53.28823,2022/08/16 23:00:00+00,Wed 17 Aug 2022,51,58,0,3856673,3810921,241078,4097751,4051999,85.3961607737721,84.4426999247059,597
-7.6926,53.28823,2022/08/17 23:00:00+00,Thu 18 Aug 2022,55,39,0,3856728,3810960,241078,4097806,4052038,85.3973069607518,84.4435126754734,598
-7.6926,53.28823,2022/08/18 23:00:00+00,Fri 19 Aug 2022,74,56,0,3856802,3811016,241078,4097880,4052094,85.3988491032337,84.4446797022164,599
-7.6926,53.28823,2022/08/19 23:00:00+00,Sat 20 Aug 2022,109,127,0,3856911,3811143,241078,4097989,4052221,85.40112063743,84.4473263521516,600
-7.6926,53.28823,2022/08/20 23:00:00+00,Sun 21 Aug 2022,39,36,0,3856950,3811179,241078,4098028,4052257,85.4019333881975,84.4480765836292,601
-7.6926,53.28823,2022/08/21 23:00:00+00,Mon 22 Aug 2022,12,13,0,3856962,3811192,241078,4098040,4052270,85.4021834653567,84.4483475005517,602
-7.6926,53.28823,2022/08/22 23:00:00+00,Tue 23 Aug 2022,78,72,0,3857040,3811264,241078,4098118,4052342,85.4038089668917,84.4498479635071,603
-7.6926,53.28823,2022/08/23 23:00:00+00,Wed 24 Aug 2022,53,56,0,3857093,3811320,241078,4098171,4052398,85.4049134743449,84.4510149902501,604
-7.6926,53.28823,2022/08/24 23:00:00+00,Thu 25 Aug 2022,42,49,0,3857135,3811369,241078,4098213,4052447,85.4057887444022,84.4520361386503,605
-7.6926,53.28823,2022/08/25 23:00:00+00,Fri 26 Aug 2022,99,90,0,3857234,3811459,241078,4098312,4052537,85.4078518809658,84.4539117173445,606
-7.6926,53.28823,2022/08/26 23:00:00+00,Sat 27 Aug 2022,86,119,0,3857320,3811578,241078,4098398,4052656,85.4096441006069,84.4563916491734,607
-7.6926,53.28823,2022/08/27 23:00:00+00,Sun 28 Aug 2022,44,20,0,3857364,3811598,241078,4098442,4052676,85.4105610501907,84.4568084444388,608
-7.6926,53.28823,2022/08/28 23:00:00+00,Mon 29 Aug 2022,13,12,0,3857377,3811610,241078,4098455,4052688,85.4108319671132,84.457058521598,609
-7.6926,53.28823,2022/08/29 23:00:00+00,Tue 30 Aug 2022,41,44,1,3857418,3811654,241079,4098497,4052733,85.4117072371705,84.4579963109451,610
-7.6926,53.28823,2022/08/30 23:00:00+00,Wed 31 Aug 2022,28,29,0,3857446,3811683,241079,4098525,4052762,85.412290750542,84.4586006640799,611
-7.6926,53.28823,2022/08/31 23:00:00+00,Thu 01 Sep 2022,33,29,0,3857479,3811712,241079,4098558,4052791,85.4129784627299,84.4592050172147,612
-7.6926,53.28823,2022/09/01 23:00:00+00,Fri 02 Sep 2022,48,51,0,3857527,3811763,241079,4098606,4052842,85.4139787713667,84.4602678451414,613
-7.6926,53.28823,2022/09/02 23:00:00+00,Sat 03 Sep 2022,73,101,0,3857600,3811864,241079,4098679,4052943,85.4155000740854,84.4623726612315,614
-7.6926,53.28823,2022/09/03 23:00:00+00,Sun 04 Sep 2022,58,82,0,3857658,3811946,241079,4098737,4053025,85.4167087803549,84.4640815218196,615
-7.6926,53.28823,2022/09/04 23:00:00+00,Mon 05 Sep 2022,9,5,0,3857667,3811951,241079,4098746,4053030,85.4168963382244,84.4641857206359,616
-7.6926,53.28823,2022/09/05 23:00:00+00,Tue 06 Sep 2022,42,22,0,3857709,3811973,241079,4098788,4053052,85.4177716082816,84.4646441954278,617
-7.6926,53.28823,2022/09/06 23:00:00+00,Wed 07 Sep 2022,49,42,0,3857758,3812015,241079,4098837,4053094,85.4187927566818,84.4655194654851,618
-7.6926,53.28823,2022/09/07 23:00:00+00,Thu 08 Sep 2022,39,50,2,3857797,3812065,241081,4098878,4053146,85.4196471869758,84.466603133175,619
-7.6926,53.28823,2022/09/08 23:00:00+00,Fri 09 Sep 2022,63,61,0,3857860,3812126,241081,4098941,4053207,85.4209600920617,84.4678743587344,620
-7.6926,53.28823,2022/09/09 23:00:00+00,Sat 10 Sep 2022,94,135,0,3857954,3812261,241081,4099035,4053342,85.422919029809,84.4706877267757,621
-7.6926,53.28823,2022/09/10 23:00:00+00,Sun 11 Sep 2022,58,58,0,3858012,3812319,241081,4099093,4053400,85.4241277360786,84.4718964330453,622
-7.6926,53.28823,2022/09/11 23:00:00+00,Mon 12 Sep 2022,13,13,0,3858025,3812332,241081,4099106,4053413,85.4243986530011,84.4721673499678,623
-7.6926,53.28823,2022/09/12 23:00:00+00,Tue 13 Sep 2022,29,25,0,3858054,3812357,241081,4099135,4053438,85.4250030061359,84.4726883440495,624
-7.6926,53.28823,2022/09/13 23:00:00+00,Wed 14 Sep 2022,35,33,0,3858089,3812390,241081,4099170,4053471,85.4257323978503,84.4733760562373,625
-7.6926,53.28823,2022/09/14 23:00:00+00,Thu 15 Sep 2022,51,36,0,3858140,3812426,241081,4099221,4053507,85.426795225777,84.474126287715,626
-7.6926,53.28823,2022/09/15 23:00:00+00,Fri 16 Sep 2022,38,56,0,3858178,3812482,241081,4099259,4053563,85.4275871367812,84.4752933144581,627
-7.6926,53.28823,2022/09/16 23:00:00+00,Sat 17 Sep 2022,67,149,0,3858245,3812631,241081,4099326,4053712,85.4289834009202,84.4783984391851,628
-7.6926,53.28823,2022/09/17 23:00:00+00,Sun 18 Sep 2022,30,54,0,3858275,3812685,241081,4099356,4053766,85.4296085938182,84.4795237864016,629
-7.6926,53.28823,2022/09/18 23:00:00+00,Mon 19 Sep 2022,11,11,0,3858286,3812696,241081,4099367,4053777,85.4298378312142,84.4797530237976,630
-7.6926,53.28823,2022/09/19 23:00:00+00,Tue 20 Sep 2022,39,37,0,3858325,3812733,241081,4099406,4053814,85.4306505819817,84.4805240950385,631
-7.6926,53.28823,2022/09/20 23:00:00+00,Wed 21 Sep 2022,42,32,0,3858367,3812765,241081,4099448,4053846,85.4315258520389,84.4811909674631,632
-7.6926,53.28823,2022/09/21 23:00:00+00,Thu 22 Sep 2022,61,34,0,3858428,3812799,241081,4099509,4053880,85.4327970775983,84.4818995194142,633
-7.6926,53.28823,2022/09/22 23:00:00+00,Fri 23 Sep 2022,38,39,0,3858466,3812838,241081,4099547,4053919,85.4335889886025,84.4827122701817,634
-7.6926,53.28823,2022/09/23 23:00:00+00,Sat 24 Sep 2022,56,104,0,3858522,3812942,241081,4099603,4054023,85.4347560153456,84.4848796055616,635
-7.6926,53.28823,2022/09/24 23:00:00+00,Sun 25 Sep 2022,42,74,0,3858564,3813016,241081,4099645,4054097,85.4356312854028,84.4864217480435,636
-7.6926,53.28823,2022/09/25 23:00:00+00,Mon 26 Sep 2022,24,10,0,3858588,3813026,241081,4099669,4054107,85.4361314397213,84.4866301456762,637
-7.6926,53.28823,2022/09/26 23:00:00+00,Tue 27 Sep 2022,30,33,2,3858618,3813059,241083,4099701,4054142,85.4367983121459,84.4873595373906,638
-7.6926,53.28823,2022/09/27 23:00:00+00,Wed 28 Sep 2022,43,27,0,3858661,3813086,241083,4099744,4054169,85.4376944219665,84.4879222109989,639
-7.6926,53.28823,2022/09/28 23:00:00+00,Thu 29 Sep 2022,31,23,0,3858692,3813109,241083,4099775,4054192,85.4383404546278,84.488401525554,640
-7.6926,53.28823,2022/09/29 23:00:00+00,Fri 30 Sep 2022,39,58,0,3858731,3813167,241083,4099814,4054250,85.4391532053952,84.4896102318236,641
-7.6926,53.28823,2022/09/30 23:00:00+00,Sat 01 Oct 2022,51,105,0,3858782,3813272,241083,4099865,4054355,85.4402160333219,84.4917984069668,642
-7.6926,53.28823,2022/10/01 23:00:00+00,Sun 02 Oct 2022,26,47,0,3858808,3813319,241083,4099891,4054402,85.4407578671669,84.4927778758404,643
-7.6926,53.28823,2022/10/02 23:00:00+00,Mon 03 Oct 2022,22,1,0,3858830,3813320,241083,4099913,4054403,85.4412163419588,84.4927987156037,644
-7.6926,53.28823,2022/10/03 23:00:00+00,Tue 04 Oct 2022,31,17,0,3858861,3813337,241083,4099944,4054420,85.4418623746202,84.4931529915793,645
-7.6926,53.28823,2022/10/04 23:00:00+00,Wed 05 Oct 2022,49,37,0,3858910,3813374,241083,4099993,4054457,85.4428835230203,84.4939240628202,646
-7.6926,53.28823,2022/10/05 23:00:00+00,Thu 06 Oct 2022,56,26,0,3858966,3813400,241083,4100049,4054483,85.4440505497634,84.4944658966652,647
-7.6926,53.28823,2022/10/06 23:00:00+00,Fri 07 Oct 2022,80,40,0,3859046,3813440,241083,4100129,4054523,85.4457177308249,84.4952994871959,648
-7.6926,53.28823,2022/10/07 23:00:00+00,Sat 08 Oct 2022,100,102,0,3859146,3813542,241083,4100229,4054625,85.4478017071517,84.4974251430493,649
-7.6926,53.28823,2022/10/08 23:00:00+00,Sun 09 Oct 2022,37,29,0,3859183,3813571,241083,4100266,4054654,85.4485727783927,84.4980294961841,650
-7.6926,53.28823,2022/10/09 23:00:00+00,Mon 10 Oct 2022,19,2,0,3859202,3813573,241083,4100285,4054656,85.4489687338948,84.4980711757107,651
-7.6926,53.28823,2022/10/10 23:00:00+00,Tue 11 Oct 2022,76,15,0,3859278,3813588,241083,4100361,4054671,85.4505525559032,84.4983837721597,652
-7.6926,53.28823,2022/10/11 23:00:00+00,Wed 12 Oct 2022,56,36,0,3859334,3813624,241083,4100417,4054707,85.4517195826462,84.4991340036374,653
-7.6926,53.28823,2022/10/12 23:00:00+00,Thu 13 Oct 2022,80,29,0,3859414,3813653,241083,4100497,4054736,85.4533867637077,84.4997383567722,654
-7.6926,53.28823,2022/10/13 23:00:00+00,Fri 14 Oct 2022,120,21,0,3859534,3813674,241083,4100617,4054757,85.4558875353,84.5001759918008,655
-7.6926,53.28823,2022/10/14 23:00:00+00,Sat 15 Oct 2022,97,120,0,3859631,3813794,241083,4100714,4054877,85.457908992337,84.502676763393,656
-7.6926,53.28823,2022/10/15 23:00:00+00,Sun 16 Oct 2022,26,37,1,3859657,3813831,241084,4100741,4054915,85.4584716659453,84.5034686743972,657
-7.6926,53.28823,2022/10/16 23:00:00+00,Mon 17 Oct 2022,52,3,0,3859709,3813834,241084,4100793,4054918,85.4595553336352,84.5035311936871,658
-7.6926,53.28823,2022/10/17 23:00:00+00,Tue 18 Oct 2022,117,17,0,3859826,3813851,241084,4100910,4054935,85.4619935859377,84.5038854696626,659
-7.6926,53.28823,2022/10/18 23:00:00+00,Wed 19 Oct 2022,87,40,0,3859913,3813891,241084,4100997,4054975,85.463806645342,84.5047190601934,660
-7.6926,53.28823,2022/10/19 23:00:00+00,Thu 20 Oct 2022,97,10,0,3860010,3813901,241084,4101094,4054985,85.4658281023791,84.5049274578261,661
-7.6926,53.28823,2022/10/20 23:00:00+00,Fri 21 Oct 2022,126,21,0,3860136,3813922,241084,4101220,4055006,85.4684539125509,84.5053650928547,662
-7.6926,53.28823,2022/10/21 23:00:00+00,Sat 22 Oct 2022,95,58,0,3860231,3813980,241084,4101315,4055064,85.4704336900615,84.5065737991243,663
-7.6926,53.28823,2022/10/22 23:00:00+00,Sun 23 Oct 2022,80,48,0,3860311,3814028,241084,4101395,4055112,85.4721008711229,84.5075741077612,664
-7.6926,53.28823,2022/10/23 23:00:00+00,Mon 24 Oct 2022,65,4,0,3860376,3814032,241084,4101460,4055116,85.4734554557354,84.5076574668143,665
-7.6926,53.28823,2022/10/24 23:00:00+00,Tue 25 Oct 2022,74,27,0,3860450,3814059,241084,4101534,4055143,85.4749975982173,84.5082201404225,666
-7.6926,53.28823,2022/10/25 23:00:00+00,Wed 26 Oct 2022,44,25,0,3860494,3814084,241084,4101578,4055168,85.4759145478011,84.5087411345042,667
-7.6926,53.28823,2022/10/26 23:00:00+00,Thu 27 Oct 2022,64,35,0,3860558,3814119,241084,4101642,4055203,85.4772482926503,84.5094705262186,668
-7.6926,53.28823,2022/10/27 23:00:00+00,Fri 28 Oct 2022,50,19,0,3860608,3814138,241084,4101692,4055222,85.4782902808137,84.5098664817207,669
-7.6926,53.28823,2022/10/28 23:00:00+00,Sat 29 Oct 2022,88,64,0,3860696,3814202,241084,4101780,4055286,85.4801241799814,84.5112002265699,670
-7.6926,53.28823,2022/10/29 23:00:00+00,Sun 30 Oct 2022,11,6,0,3860707,3814208,241084,4101791,4055292,85.4803534173773,84.5113252651495,671
-7.6926,53.28823,2022/10/31 00:00:00+00,Mon 31 Oct 2022,1,1,0,3860708,3814209,241084,4101792,4055293,85.4803742571406,84.5113461049128,672
-7.6926,53.28823,2022/11/01 00:00:00+00,Tue 01 Nov 2022,96,25,0,3860804,3814234,241084,4101888,4055318,85.4823748744144,84.5118670989945,673
-7.6926,53.28823,2022/11/02 00:00:00+00,Wed 02 Nov 2022,110,12,0,3860914,3814246,241084,4101998,4055330,85.4846672483739,84.5121171761537,674
-7.6926,53.28823,2022/11/03 00:00:00+00,Thu 03 Nov 2022,91,28,0,3861005,3814274,241084,4102089,4055358,85.4865636668314,84.5127006895252,675
-7.6926,53.28823,2022/11/04 00:00:00+00,Fri 04 Nov 2022,61,22,0,3861066,3814296,241084,4102150,4055380,85.4878348923908,84.5131591643172,676
-7.6926,53.28823,2022/11/05 00:00:00+00,Sat 05 Nov 2022,46,54,0,3861112,3814350,241084,4102196,4055434,85.4887935215011,84.5142845115337,677
-7.6926,53.28823,2022/11/06 00:00:00+00,Sun 06 Nov 2022,56,78,0,3861168,3814428,241084,4102252,4055512,85.4899605482442,84.5159100130686,678
-7.6926,53.28823,2022/11/07 00:00:00+00,Mon 07 Nov 2022,43,3,0,3861211,3814431,241084,4102295,4055515,85.4908566580647,84.5159725323584,679
-7.6926,53.28823,2022/11/08 00:00:00+00,Tue 08 Nov 2022,67,32,0,3861278,3814463,241084,4102362,4055547,85.4922529222037,84.516639404783,680
-7.6926,53.28823,2022/11/09 00:00:00+00,Wed 09 Nov 2022,91,32,0,3861369,3814495,241084,4102453,4055579,85.4941493406612,84.5173062772076,681
-7.6926,53.28823,2022/11/10 00:00:00+00,Thu 10 Nov 2022,48,15,0,3861417,3814510,241084,4102501,4055594,85.495149649298,84.5176188736566,682
-7.6926,53.28823,2022/11/11 00:00:00+00,Fri 11 Nov 2022,49,17,0,3861466,3814527,241084,4102550,4055611,85.4961707976982,84.5179731496322,683
-7.6926,53.28823,2022/11/12 00:00:00+00,Sat 12 Nov 2022,74,87,0,3861540,3814614,241084,4102624,4055698,85.4977129401801,84.5197862090366,684
-7.6926,53.28823,2022/11/13 00:00:00+00,Sun 13 Nov 2022,42,62,1,3861582,3814676,241085,4102667,4055761,85.4986090500006,84.5210991141225,685
-7.6926,53.28823,2022/11/14 00:00:00+00,Mon 14 Nov 2022,16,2,0,3861598,3814678,241085,4102683,4055763,85.4989424862129,84.521140793649,686
-7.6926,53.28823,2022/11/15 00:00:00+00,Tue 15 Nov 2022,58,6,0,3861656,3814684,241085,4102741,4055769,85.5001511924825,84.5212658322287,687
-7.6926,53.28823,2022/11/16 00:00:00+00,Wed 16 Nov 2022,46,20,0,3861702,3814704,241085,4102787,4055789,85.5011098215929,84.521682627494,688
-7.6926,53.28823,2022/11/17 00:00:00+00,Thu 17 Nov 2022,64,9,1,3861766,3814713,241086,4102852,4055799,85.5024644062053,84.5218910251267,689
-7.6926,53.28823,2022/11/18 00:00:00+00,Fri 18 Nov 2022,27,22,0,3861793,3814735,241086,4102879,4055821,85.5030270798136,84.5223494999186,690
-7.6926,53.28823,2022/11/19 00:00:00+00,Sat 19 Nov 2022,54,57,0,3861847,3814792,241086,4102933,4055878,85.5041524270301,84.5235373664249,691
-7.6926,53.28823,2022/11/20 00:00:00+00,Sun 20 Nov 2022,40,56,0,3861887,3814848,241086,4102973,4055934,85.5049860175608,84.524704393168,692
-7.6926,53.28823,2022/11/21 00:00:00+00,Mon 21 Nov 2022,18,3,0,3861905,3814851,241086,4102991,4055937,85.5053611332997,84.5247669124578,693
-7.6926,53.28823,2022/11/22 00:00:00+00,Tue 22 Nov 2022,48,22,0,3861953,3814873,241086,4103039,4055959,85.5063614419366,84.5252253872497,694
-7.6926,53.28823,2022/11/23 00:00:00+00,Wed 23 Nov 2022,23,16,0,3861976,3814889,241086,4103062,4055975,85.5068407564917,84.525558823462,695
-7.6926,53.28823,2022/11/24 00:00:00+00,Thu 24 Nov 2022,25,18,0,3862001,3814907,241086,4103087,4055993,85.5073617505735,84.5259339392008,696
-7.6926,53.28823,2022/11/25 00:00:00+00,Fri 25 Nov 2022,18,10,0,3862019,3814917,241086,4103105,4056003,85.5077368663123,84.5261423368335,697
-7.6926,53.28823,2022/11/26 00:00:00+00,Sat 26 Nov 2022,66,62,0,3862085,3814979,241086,4103171,4056065,85.509112290688,84.5274344021562,698
-7.6926,53.28823,2022/11/27 00:00:00+00,Sun 27 Nov 2022,35,42,0,3862120,3815021,241086,4103206,4056107,85.5098416824024,84.5283096722135,699
-7.6926,53.28823,2022/11/28 00:00:00+00,Mon 28 Nov 2022,17,0,0,3862137,3815021,241086,4103223,4056107,85.510195958378,84.5283096722135,700
-7.6926,53.28823,2022/11/29 00:00:00+00,Tue 29 Nov 2022,32,18,0,3862169,3815039,241086,4103255,4056125,85.5108628308026,84.5286847879523,701
-7.6926,53.28823,2022/11/30 00:00:00+00,Wed 30 Nov 2022,47,12,0,3862216,3815051,241086,4103302,4056137,85.5118422996762,84.5289348651115,702
-7.6926,53.28823,2022/12/01 00:00:00+00,Thu 01 Dec 2022,20,11,0,3862236,3815062,241086,4103322,4056148,85.5122590949416,84.5291641025075,703
-7.6926,53.28823,2022/12/02 00:00:00+00,Fri 02 Dec 2022,19,16,0,3862255,3815078,241086,4103341,4056164,85.5126550504437,84.5294975387198,704
-7.6926,53.28823,2022/12/03 00:00:00+00,Sat 03 Dec 2022,41,71,0,3862296,3815149,241086,4103382,4056235,85.5135094807377,84.5309771619118,705
-7.6926,53.28823,2022/12/04 00:00:00+00,Sun 04 Dec 2022,44,47,0,3862340,3815196,241086,4103426,4056282,85.5144264303215,84.5319566307855,706
-7.6926,53.28823,2022/12/05 00:00:00+00,Mon 05 Dec 2022,20,5,0,3862360,3815201,241086,4103446,4056287,85.5148432255869,84.5320608296018,707
-7.6926,53.28823,2022/12/06 00:00:00+00,Tue 06 Dec 2022,36,29,0,3862396,3815230,241086,4103482,4056316,85.5155934570646,84.5326651827366,708
-7.6926,53.28823,2022/12/07 00:00:00+00,Wed 07 Dec 2022,19,23,0,3862415,3815253,241086,4103501,4056339,85.5159894125667,84.5331444972918,709
-7.6926,53.28823,2022/12/08 00:00:00+00,Thu 08 Dec 2022,16,13,1,3862431,3815266,241087,4103518,4056353,85.5163436885422,84.5334362539775,710
-7.6926,53.28823,2022/12/09 00:00:00+00,Fri 09 Dec 2022,27,16,0,3862458,3815282,241087,4103545,4056369,85.5169063621505,84.5337696901898,711
-7.6926,53.28823,2022/12/10 00:00:00+00,Sat 10 Dec 2022,49,44,0,3862507,3815326,241087,4103594,4056413,85.5179275105506,84.5346866397737,712
-7.6926,53.28823,2022/12/11 00:00:00+00,Sun 11 Dec 2022,28,40,0,3862535,3815366,241087,4103622,4056453,85.5185110239222,84.5355202303044,713
-7.6926,53.28823,2022/12/12 00:00:00+00,Mon 12 Dec 2022,16,2,0,3862551,3815368,241087,4103638,4056455,85.5188444601345,84.5355619098309,714
-7.6926,53.28823,2022/12/13 00:00:00+00,Tue 13 Dec 2022,29,15,0,3862580,3815383,241087,4103667,4056470,85.5194488132693,84.53587450628,715
-7.6926,53.28823,2022/12/14 00:00:00+00,Wed 14 Dec 2022,20,20,0,3862600,3815403,241087,4103687,4056490,85.5198656085346,84.5362913015453,716
-7.6926,53.28823,2022/12/15 00:00:00+00,Thu 15 Dec 2022,12,8,0,3862612,3815411,241087,4103699,4056498,85.5201156856939,84.5364580196515,717
-7.6926,53.28823,2022/12/16 00:00:00+00,Fri 16 Dec 2022,13,4,0,3862625,3815415,241087,4103712,4056502,85.5203866026164,84.5365413787046,718
-7.6926,53.28823,2022/12/17 00:00:00+00,Sat 17 Dec 2022,20,42,0,3862645,3815457,241087,4103732,4056544,85.5208033978817,84.5374166487618,719
-7.6926,53.28823,2022/12/18 00:00:00+00,Sun 18 Dec 2022,29,35,0,3862674,3815492,241087,4103761,4056579,85.5214077510165,84.5381460404762,720
-7.6926,53.28823,2022/12/19 00:00:00+00,Mon 19 Dec 2022,9,1,0,3862683,3815493,241087,4103770,4056580,85.5215953088859,84.5381668802395,721
-7.6926,53.28823,2022/12/20 00:00:00+00,Tue 20 Dec 2022,21,17,0,3862704,3815510,241087,4103791,4056597,85.5220329439146,84.5385211562151,722
-7.6926,53.28823,2022/12/21 00:00:00+00,Wed 21 Dec 2022,17,23,0,3862721,3815533,241087,4103808,4056620,85.5223872198901,84.5390004707702,723
-7.6926,53.28823,2022/12/22 00:00:00+00,Thu 22 Dec 2022,6,15,0,3862727,3815548,241087,4103814,4056635,85.5225122584697,84.5393130672193,724
