X,Y,VaccinationDate,VaccineText,Dose1,Dose2,SingleDose,Dose1Cum,Dose2Cum,SingleDoseCum,PartiallyVacc,FullyVacc,PartialPercent,FullyPercent,ObjectId
-7.6926,53.28823,2020/12/28 00:00:00+00,Mon 28 Dec 2020,219,18,0,219,18,0,219,18,0.00465076078164211,0.000382254310819899,1
-7.6926,53.28823,2021/07/29 23:00:00+00,Fri 30 Jul 2021,21942,22927,2115,3145597,2600146,220394,3365991,2820540,71.4813649961658,59.8979763244422,2
-7.6926,53.28823,2020/12/29 00:00:00+00,Tue 29 Dec 2020,75,2,0,294,20,0,294,20,0.00624348707672502,0.00042472701202211,3
-7.6926,53.28823,2021/07/30 23:00:00+00,Sat 31 Jul 2021,13732,12467,906,3159329,2612613,221300,3380629,2833913,71.7922226962648,60.1819700410308,4
-7.6926,53.28823,2021/07/31 23:00:00+00,Sun 01 Aug 2021,11093,9314,368,3170422,2621927,221668,3392090,2843595,72.035612510504,60.3875803875507,5
-7.6926,53.28823,2020/12/30 00:00:00+00,Wed 30 Dec 2020,1057,1,0,1351,21,0,1351,21,0.0286903096620936,0.000445963362623216,6
-7.6926,53.28823,2021/08/01 23:00:00+00,Mon 02 Aug 2021,15011,15996,430,3185433,2637923,222098,3407531,2860021,72.3635230001357,60.7364086825244,7
-7.6926,53.28823,2021/08/02 23:00:00+00,Tue 03 Aug 2021,17331,25437,1110,3202764,2663360,223208,3425972,2886568,72.7551425415707,61.300170081932,8
-7.6926,53.28823,2020/12/31 00:00:00+00,Thu 31 Dec 2020,1032,1,0,2383,22,0,2383,22,0.0506062234824345,0.000467199713224322,9
-7.6926,53.28823,2021/08/03 23:00:00+00,Wed 04 Aug 2021,22096,17283,1574,3224860,2680643,224782,3449642,2905425,73.2578069602989,61.700623945217,10
-7.6926,53.28823,2021/01/01 00:00:00+00,Fri 01 Jan 2021,811,0,0,3194,22,0,3194,22,0.067828903819931,0.000467199713224322,11
-7.6926,53.28823,2021/01/02 00:00:00+00,Sat 02 Jan 2021,1016,0,0,4210,22,0,4210,22,0.0894050360306543,0.000467199713224322,12
-7.6926,53.28823,2021/08/04 23:00:00+00,Thu 05 Aug 2021,13513,30022,1420,3238373,2710665,226202,3464575,2936867,73.5749293838252,62.368337280817,13
-7.6926,53.28823,2021/01/03 00:00:00+00,Sun 03 Jan 2021,20,2,1,4230,24,1,4231,25,0.0898509993932775,0.000530908765027638,14
-7.6926,53.28823,2021/01/04 00:00:00+00,Mon 04 Jan 2021,1187,3,0,5417,27,1,5418,28,0.11505854755679,0.000594617816830955,15
-7.6926,53.28823,2021/08/05 23:00:00+00,Fri 06 Aug 2021,12198,24732,947,3250571,2735397,227149,3477720,2962546,73.8540812124767,62.9136655279028,16
-7.6926,53.28823,2021/01/05 00:00:00+00,Tue 05 Jan 2021,3528,10,0,8945,37,1,8946,38,0.18998039247749,0.00080698132284201,17
-7.6926,53.28823,2021/01/06 00:00:00+00,Wed 06 Jan 2021,6775,10,0,15720,47,1,15721,48,0.33385666779998,0.00101934482885307,18
-7.6926,53.28823,2021/08/06 23:00:00+00,Sat 07 Aug 2021,6324,8445,583,3256895,2743842,227732,3484627,2971574,74.0007606860785,63.1053873011295,19
-7.6926,53.28823,2021/08/07 23:00:00+00,Sun 08 Aug 2021,8621,11964,153,3265516,2755806,227885,3493401,2983691,74.1870884262526,63.3627081613631,20
-7.6926,53.28823,2021/01/07 00:00:00+00,Thu 07 Jan 2021,11724,8,0,27444,55,1,27445,56,0.582831642247341,0.00118923563366191,21
-7.6926,53.28823,2021/08/08 23:00:00+00,Mon 09 Aug 2021,5525,23019,599,3271041,2778825,228484,3499525,3007309,74.3171398373338,63.86426828986,22
-7.6926,53.28823,2021/01/08 00:00:00+00,Fri 08 Jan 2021,12677,5,0,40121,60,1,40122,61,0.852044858817556,0.00129541738666744,23
-7.6926,53.28823,2021/08/09 23:00:00+00,Tue 10 Aug 2021,9342,25987,713,3280383,2804812,229197,3509580,3034009,74.5306713426279,64.4312788509096,24
-7.6926,53.28823,2021/08/10 23:00:00+00,Wed 11 Aug 2021,7001,31226,663,3287384,2836038,229860,3517244,3065898,74.6934267336348,65.1084848352282,25
-7.6926,53.28823,2021/01/09 00:00:00+00,Sat 09 Jan 2021,8074,7,0,48195,67,1,48196,68,1.02350715357088,0.00144407184087518,26
-7.6926,53.28823,2021/08/11 23:00:00+00,Thu 12 Aug 2021,6759,38277,862,3294143,2874315,230722,3524865,3105037,74.8552689615658,65.9396543614049,27
-7.6926,53.28823,2021/08/12 23:00:00+00,Fri 13 Aug 2021,10916,28231,870,3305059,2902546,231592,3536651,3134138,75.1055605897504,66.5576534002477,28
-7.6926,53.28823,2021/01/10 00:00:00+00,Sun 10 Jan 2021,4780,4,1,52975,71,2,52977,73,1.12503814579477,0.0015502535938807,29
-7.6926,53.28823,2021/01/11 00:00:00+00,Mon 11 Jan 2021,8339,6,0,61314,77,2,61316,79,1.30212807345739,0.00167767169748734,30
-7.6926,53.28823,2021/08/13 23:00:00+00,Sat 14 Aug 2021,18125,5829,279,3323184,2908375,231871,3555055,3140246,75.4963943862132,66.6873650297192,31
-7.6926,53.28823,2021/01/12 00:00:00+00,Tue 12 Jan 2021,8879,10,0,70193,87,2,70195,89,1.4906856304446,0.00189003520349839,32
-7.6926,53.28823,2021/08/14 23:00:00+00,Sun 15 Aug 2021,16996,3721,49,3340180,2912096,231920,3572100,3144016,75.858367982209,66.7674260714854,33
-7.6926,53.28823,2021/01/13 00:00:00+00,Wed 13 Jan 2021,9878,4,0,80071,91,2,80073,93,1.70045830168232,0.00197498060590281,34
-7.6926,53.28823,2021/01/14 00:00:00+00,Thu 14 Jan 2021,8081,4,0,88152,95,2,88154,97,1.87206925088986,0.00205992600830724,35
-7.6926,53.28823,2021/08/15 23:00:00+00,Mon 16 Aug 2021,10176,23137,384,3350356,2935233,232304,3582660,3167537,76.0826238445567,67.266926273974,36
-7.6926,53.28823,2021/01/15 00:00:00+00,Fri 15 Jan 2021,7691,2,0,95843,97,2,95845,99,2.03539802336296,0.00210239870950945,37
-7.6926,53.28823,2021/08/16 23:00:00+00,Tue 17 Aug 2021,12859,26846,528,3363215,2962079,232832,3596047,3194911,76.3669148700537,67.8482501353286,38
-7.6926,53.28823,2021/01/16 00:00:00+00,Sat 16 Jan 2021,5232,3,0,101075,100,2,101077,102,2.14650660970794,0.00216610776131276,39
-7.6926,53.28823,2021/08/17 23:00:00+00,Wed 18 Aug 2021,15223,25758,657,3378438,2987837,233489,3611927,3221326,76.7041481175993,68.4092083364569,40
-7.6926,53.28823,2021/01/17 00:00:00+00,Sun 17 Jan 2021,1111,4,0,102186,104,2,102188,106,2.17010019522577,0.00225105316371719,41
-7.6926,53.28823,2021/08/18 23:00:00+00,Thu 19 Aug 2021,11355,25693,542,3389793,3013530,234031,3623824,3247561,76.9567969807006,68.9663439944769,42
-7.6926,53.28823,2021/01/18 00:00:00+00,Mon 18 Jan 2021,8712,8,1,110898,112,3,110901,115,2.3551325180132,0.00244218031912714,43
-7.6926,53.28823,2021/08/19 23:00:00+00,Fri 20 Aug 2021,14837,22243,685,3404630,3035773,234716,3639346,3270489,77.286427614731,69.453251041059,44
-7.6926,53.28823,2021/01/19 00:00:00+00,Tue 19 Jan 2021,8378,19,0,119276,131,3,119279,134,2.53305066334927,0.00284567098054814,45
-7.6926,53.28823,2021/08/20 23:00:00+00,Sat 21 Aug 2021,11877,7964,245,3416507,3043737,234961,3651468,3278698,77.5438546567176,69.6275802431435,46
-7.6926,53.28823,2021/01/20 00:00:00+00,Wed 20 Jan 2021,8445,962,0,127721,1093,3,127724,1096,2.7123916441756,0.0232750402588116,47
-7.6926,53.28823,2021/01/21 00:00:00+00,Thu 21 Jan 2021,9004,962,0,136725,2055,3,136728,2058,2.90360374498796,0.0437044095370752,48
-7.6926,53.28823,2021/08/21 23:00:00+00,Sun 22 Aug 2021,8002,12248,161,3424509,3055985,235122,3659631,3291107,77.7172069866744,69.8911021177526,49
-7.6926,53.28823,2021/01/22 00:00:00+00,Fri 22 Jan 2021,6778,967,0,143503,3022,3,143506,3025,3.04754372936225,0.0642399605683442,50
-7.6926,53.28823,2021/08/22 23:00:00+00,Mon 23 Aug 2021,10860,15364,289,3435369,3071349,235411,3670780,3306760,77.9539710595261,70.2235147137117,51
-7.6926,53.28823,2021/01/23 00:00:00+00,Sat 23 Jan 2021,4185,460,0,147688,3482,3,147691,3485,3.13641785662788,0.0740086818448527,52
-7.6926,53.28823,2021/08/23 23:00:00+00,Tue 24 Aug 2021,9705,22910,383,3445074,3094259,235794,3680868,3330053,78.1682033643901,70.7181730282632,53
-7.6926,53.28823,2021/01/24 00:00:00+00,Sun 24 Jan 2021,1181,398,0,148869,3880,3,148872,3883,3.16149798668778,0.0824607493840927,54
-7.6926,53.28823,2021/08/24 23:00:00+00,Wed 25 Aug 2021,9412,19508,313,3454486,3113767,236107,3690593,3349874,78.3747268739858,71.1390987335278,55
-7.6926,53.28823,2021/01/25 00:00:00+00,Mon 25 Jan 2021,1356,1287,0,150225,5167,3,150228,5170,3.19029447810288,0.109791932607716,56
-7.6926,53.28823,2021/08/25 23:00:00+00,Thu 26 Aug 2021,8574,19421,367,3463060,3133188,236474,3699534,3369662,78.5646010847103,71.5593236392224,57
-7.6926,53.28823,2021/01/26 00:00:00+00,Tue 26 Jan 2021,1001,3500,0,151226,8667,3,151229,8670,3.21155206505459,0.184119159711585,58
-7.6926,53.28823,2021/08/26 23:00:00+00,Fri 27 Aug 2021,9717,19195,430,3472777,3152383,236904,3709681,3389287,78.7800863342597,71.9760870197691,59
-7.6926,53.28823,2021/01/27 00:00:00+00,Wed 27 Jan 2021,2170,6700,0,153396,15367,3,153399,15370,3.25763494585899,0.326402708738992,60
-7.6926,53.28823,2021/08/27 23:00:00+00,Sat 28 Aug 2021,9915,7904,153,3482692,3160287,237057,3719749,3397344,78.9938939121117,72.1471882965622,61
-7.6926,53.28823,2021/01/28 00:00:00+00,Thu 28 Jan 2021,1004,11538,0,154400,26905,3,154403,26908,3.2789562418625,0.571427721974547,62
-7.6926,53.28823,2021/08/28 23:00:00+00,Sun 29 Aug 2021,8795,9182,29,3491487,3169469,237086,3728573,3406555,79.1812834698158,72.342796321949,63
-7.6926,53.28823,2021/01/29 00:00:00+00,Fri 29 Jan 2021,1575,11526,0,155975,38431,3,155978,38434,3.31240349405924,0.81619789900289,64
-7.6926,53.28823,2021/08/29 23:00:00+00,Mon 30 Aug 2021,5055,11111,84,3496542,3180580,237170,3733712,3417750,79.2904170755549,72.5805372669284,65
-7.6926,53.28823,2021/01/30 00:00:00+00,Sat 30 Jan 2021,632,7793,0,156607,46224,3,156610,46227,3.32582486763914,0.981692779237305,66
-7.6926,53.28823,2021/08/30 23:00:00+00,Tue 31 Aug 2021,4058,12879,142,3500600,3193459,237312,3737912,3430771,79.3796097480795,72.8570557881054,67
-7.6926,53.28823,2021/01/31 00:00:00+00,Sun 31 Jan 2021,225,4086,0,156832,50310,3,156835,50313,3.33060304652438,1.06846450779342,68
-7.6926,53.28823,2021/08/31 23:00:00+00,Wed 01 Sep 2021,4954,12517,180,3505554,3205976,237492,3743046,3443468,79.4886371720656,73.1266937316876,69
-7.6926,53.28823,2021/02/01 00:00:00+00,Mon 01 Feb 2021,1023,8334,0,157855,58644,3,157858,58647,3.35232783318932,1.24544825370304,70
-7.6926,53.28823,2021/09/01 23:00:00+00,Thu 02 Sep 2021,5005,12342,247,3510559,3218318,237739,3748298,3456057,79.6001704854226,73.3940381494049,71
-7.6926,53.28823,2021/02/02 00:00:00+00,Tue 02 Feb 2021,826,5108,0,158681,63752,3,158684,63755,3.36986905878583,1.35392353257348,72
-7.6926,53.28823,2021/09/02 23:00:00+00,Fri 03 Sep 2021,4771,16058,165,3515330,3234376,237904,3753234,3472280,79.7049931119897,73.7385554652067,73
-7.6926,53.28823,2021/09/03 23:00:00+00,Sat 04 Sep 2021,4628,10572,133,3519958,3244948,238037,3757995,3482985,79.8060993772015,73.9658905983915,74
-7.6926,53.28823,2021/09/04 23:00:00+00,Sun 05 Sep 2021,5305,11896,1,3525263,3256844,238038,3763301,3494882,79.918779453491,74.2185394614929,75
-7.6926,53.28823,2021/09/05 23:00:00+00,Mon 06 Sep 2021,2152,9664,75,3527415,3266508,238113,3765528,3504621,79.9660728062797,74.425360279997,76
-7.6926,53.28823,2021/09/06 23:00:00+00,Tue 07 Sep 2021,3026,10004,158,3530441,3276512,238271,3768712,3514783,80.0336893465936,74.6411640748055,77
-7.6926,53.28823,2021/09/07 23:00:00+00,Wed 08 Sep 2021,2607,14805,187,3533048,3291317,238458,3771506,3529775,80.0930237101731,74.9595394430172,78
-7.6926,53.28823,2021/09/08 23:00:00+00,Thu 09 Sep 2021,3112,14805,138,3536160,3306122,238596,3774756,3544718,80.1620418496267,75.2768742300496,79
-7.6926,53.28823,2021/09/09 23:00:00+00,Fri 10 Sep 2021,3373,13943,115,3539533,3320065,238711,3778244,3558776,80.2361142405233,75.5754148467999,80
-7.6926,53.28823,2021/09/10 23:00:00+00,Sat 11 Sep 2021,2557,11326,62,3542090,3331391,238773,3780863,3570164,80.2917322427476,75.8172544074453,81
-7.6926,53.28823,2021/09/11 23:00:00+00,Sun 12 Sep 2021,2041,12879,1,3544131,3344270,238774,3782905,3583044,80.3350968706751,76.0907786031875,82
-7.6926,53.28823,2021/09/12 23:00:00+00,Mon 13 Sep 2021,1609,7730,52,3545740,3352000,238826,3784566,3590826,80.3703704490235,76.2560398835653,83
-7.6926,53.28823,2021/09/13 23:00:00+00,Tue 14 Sep 2021,1544,10778,82,3547284,3362778,238908,3786192,3601686,80.4049007551009,76.4866666510933,84
-7.6926,53.28823,2021/09/14 23:00:00+00,Wed 15 Sep 2021,3276,12391,138,3550560,3375169,239046,3789606,3614215,80.4774016560531,76.7527368877746,85
-7.6926,53.28823,2021/09/15 23:00:00+00,Thu 16 Sep 2021,1906,10588,115,3552466,3385757,239161,3791627,3624918,80.5203203206179,76.9800295482582,86
-7.6926,53.28823,2021/09/16 23:00:00+00,Fri 17 Sep 2021,2558,14610,94,3555024,3400367,239255,3794279,3639622,80.5766391224121,77.2922888474969,87
-7.6926,53.28823,2021/09/17 23:00:00+00,Sat 18 Sep 2021,2286,11227,47,3557310,3411594,239302,3796612,3650896,80.6261835283644,77.5317074641737,88
-7.6926,53.28823,2021/09/18 23:00:00+00,Sun 19 Sep 2021,1860,8489,15,3559170,3420083,239317,3798487,3659400,80.6660016857415,77.7123013896855,89
-7.6926,53.28823,2021/09/19 23:00:00+00,Mon 20 Sep 2021,952,5608,35,3560122,3425691,239352,3799474,3665043,80.6869619637848,77.8321381161276,90
-7.6926,53.28823,2021/09/20 23:00:00+00,Tue 21 Sep 2021,1464,6665,90,3561586,3432356,239442,3801028,3671798,80.7199632526189,77.975589664438,91
-7.6926,53.28823,2021/09/21 23:00:00+00,Wed 22 Sep 2021,1892,8145,97,3563478,3440501,239539,3803017,3680040,80.7622023539645,78.1506196660924,92
-7.6926,53.28823,2021/09/22 23:00:00+00,Thu 23 Sep 2021,1698,8733,89,3565176,3449234,239628,3804804,3688862,80.8001517124887,78.3379667510953,93
-7.6926,53.28823,2021/09/23 23:00:00+00,Fri 24 Sep 2021,1909,7383,79,3567085,3456617,239707,3806792,3696324,80.8423695774837,78.4964323992808,94
-7.6926,53.28823,2021/09/24 23:00:00+00,Sat 25 Sep 2021,2414,6593,52,3569499,3463210,239759,3809258,3702969,80.894738418066,78.6375479490251,95
-7.6926,53.28823,2021/09/25 23:00:00+00,Sun 26 Sep 2021,1548,7097,0,3571047,3470307,239759,3810806,3710066,80.9276122887965,78.7882623292411,96
-7.6926,53.28823,2021/09/26 23:00:00+00,Mon 27 Sep 2021,1176,3814,45,3572223,3474121,239804,3812027,3713925,80.9535418728805,78.8702134062108,97
-7.6926,53.28823,2021/09/27 23:00:00+00,Tue 28 Sep 2021,1449,5127,93,3573672,3479248,239897,3813569,3719145,80.9862883255074,78.9810671563486,98
-7.6926,53.28823,2021/09/28 23:00:00+00,Wed 29 Sep 2021,1651,3613,79,3575323,3482861,239976,3815299,3722837,81.0230272120473,79.0594717627679,99
-7.6926,53.28823,2021/09/29 23:00:00+00,Thu 30 Sep 2021,1281,3962,78,3576604,3486823,240054,3816658,3726877,81.0518874125142,79.1452666191963,100
-7.6926,53.28823,2021/09/30 23:00:00+00,Fri 01 Oct 2021,1843,5172,41,3578447,3491995,240095,3818542,3732090,81.0918966970467,79.2559717148799,101
-7.6926,53.28823,2021/10/01 23:00:00+00,Sat 02 Oct 2021,1710,4084,40,3580157,3496079,240135,3820292,3736214,81.1290603105986,79.3435504247589,102
-7.6926,53.28823,2021/10/02 23:00:00+00,Sun 03 Oct 2021,1196,3014,9,3581353,3499093,240144,3821497,3739237,81.1546501130729,79.407747912626,103
-7.6926,53.28823,2021/10/03 23:00:00+00,Mon 04 Oct 2021,335,1235,18,3581688,3500328,240162,3821850,3740490,81.1621465448351,79.4343570599292,104
-7.6926,53.28823,2021/10/04 23:00:00+00,Tue 05 Oct 2021,964,2820,70,3582652,3503148,240232,3822884,3743380,81.1841049313567,79.4957301131664,105
-7.6926,53.28823,2021/10/05 23:00:00+00,Wed 06 Oct 2021,976,2566,38,3583628,3505714,240270,3823898,3745984,81.2056385908662,79.5510295701317,106
-7.6926,53.28823,2021/10/06 23:00:00+00,Thu 07 Oct 2021,1212,2693,44,3584840,3508407,240314,3825154,3748721,81.2323114472212,79.6091534617269,107
-7.6926,53.28823,2021/10/07 23:00:00+00,Fri 08 Oct 2021,965,2776,48,3585805,3511183,240362,3826167,3751545,81.2538238703801,79.6691249158244,108
-7.6926,53.28823,2021/10/08 23:00:00+00,Sat 09 Oct 2021,732,2378,23,3586537,3513561,240385,3826922,3753946,81.269857315084,79.7201133936177,109
-7.6926,53.28823,2021/10/09 23:00:00+00,Sun 10 Oct 2021,1502,3915,1,3588039,3517476,240386,3828425,3757862,81.3017755500374,79.8032749425716,110
-7.6926,53.28823,2021/10/10 23:00:00+00,Mon 11 Oct 2021,331,1120,19,3588370,3518596,240405,3828775,3759001,81.3092082727478,79.8274631459063,111
-7.6926,53.28823,2021/10/11 23:00:00+00,Tue 12 Oct 2021,558,1607,20,3588928,3520203,240425,3829353,3760628,81.3214828833952,79.8620146883343,112
-7.6926,53.28823,2021/10/12 23:00:00+00,Wed 13 Oct 2021,997,2071,11,3589925,3522274,240436,3830361,3762710,81.3428891248011,79.9062287702858,113
-7.6926,53.28823,2021/10/13 23:00:00+00,Thu 14 Oct 2021,683,1595,8,3590608,3523869,240444,3831052,3764313,81.3575634430665,79.9402706402993,114
-7.6926,53.28823,2021/10/14 23:00:00+00,Fri 15 Oct 2021,950,2064,8,3591558,3525933,240452,3832010,3766385,81.3779078669424,79.9842723587448,115
-7.6926,53.28823,2021/10/15 23:00:00+00,Sat 16 Oct 2021,1369,2635,14,3592927,3528568,240466,3833393,3769034,81.4072777398237,80.0405274514872,116
-7.6926,53.28823,2021/10/16 23:00:00+00,Sun 17 Oct 2021,1701,2887,2,3594628,3531455,240468,3835096,3771923,81.4434432448974,80.1018792683738,117
-7.6926,53.28823,2021/10/17 23:00:00+00,Mon 18 Oct 2021,670,1239,6,3595298,3532694,240474,3835772,3773168,81.4577990179037,80.1283185248721,118
-7.6926,53.28823,2021/10/18 23:00:00+00,Tue 19 Oct 2021,1333,1792,13,3596631,3534486,240487,3837118,3774973,81.4863831458128,80.1666501377071,119
-7.6926,53.28823,2021/10/19 23:00:00+00,Wed 20 Oct 2021,2252,2316,0,3598883,3536802,240487,3839370,3777289,81.5342074073665,80.2158335256993,120
-7.6926,53.28823,2021/10/20 23:00:00+00,Thu 21 Oct 2021,1738,1824,11,3600621,3538626,240498,3841119,3779124,81.5713497845678,80.2548022290523,121
-7.6926,53.28823,2021/10/21 23:00:00+00,Fri 22 Oct 2021,1499,1920,3,3602120,3540546,240501,3842621,3781047,81.6032467831707,80.2956397312582,122
-7.6926,53.28823,2021/10/22 23:00:00+00,Sat 23 Oct 2021,2009,1693,1,3604129,3542239,240502,3844631,3782741,81.6459318478789,80.3316141091765,123
-7.6926,53.28823,2021/10/23 23:00:00+00,Sun 24 Oct 2021,1948,2184,2,3606077,3544423,240504,3846581,3784927,81.6873427315511,80.3780367715905,124
-7.6926,53.28823,2021/10/24 23:00:00+00,Mon 25 Oct 2021,1219,841,2,3607296,3545264,240506,3847802,3785770,81.713272315635,80.3959390151472,125
-7.6926,53.28823,2021/10/25 23:00:00+00,Tue 26 Oct 2021,1237,1218,6,3608533,3546482,240512,3849045,3786994,81.7396690994322,80.421932308283,126
-7.6926,53.28823,2021/10/26 23:00:00+00,Wed 27 Oct 2021,1555,1414,5,3610088,3547896,240517,3850605,3788413,81.7727978063699,80.452066689786,127
-7.6926,53.28823,2021/10/27 23:00:00+00,Thu 28 Oct 2021,2151,1687,4,3612239,3549583,240521,3852760,3790104,81.8185621419153,80.4879773586524,128
-7.6926,53.28823,2021/10/28 23:00:00+00,Fri 29 Oct 2021,2132,1354,1,3614371,3550937,240522,3854893,3791459,81.8638592777475,80.5167526137169,129
-7.6926,53.28823,2021/10/29 23:00:00+00,Sat 30 Oct 2021,2014,1444,0,3616385,3552381,240522,3856907,3792903,81.9066292878581,80.5474179039849,130
-7.6926,53.28823,2021/10/30 23:00:00+00,Sun 31 Oct 2021,1593,1317,0,3617978,3553698,240522,3858500,3794220,81.9404587943657,80.5753861777266,131
-7.6926,53.28823,2021/11/01 00:00:00+00,Mon 01 Nov 2021,265,271,2,3618243,3553969,240524,3858767,3794493,81.9461288999762,80.5811837014407,132
-7.6926,53.28823,2021/11/02 00:00:00+00,Tue 02 Nov 2021,1093,1081,9,3619336,3555050,240533,3859869,3795583,81.9695313583386,80.6043313235959,133
-7.6926,53.28823,2021/11/03 00:00:00+00,Wed 03 Nov 2021,2529,1859,6,3621865,3556909,240539,3862404,3797448,82.0233655071124,80.643937117467,134
-7.6926,53.28823,2021/11/04 00:00:00+00,Thu 04 Nov 2021,1536,1265,1,3623401,3558174,240540,3863941,3798714,82.0560057779863,80.670822337328,135
-7.6926,53.28823,2021/11/05 00:00:00+00,Fri 05 Nov 2021,1631,1078,3,3625032,3559252,240543,3865575,3799795,82.0907059748685,80.6937788323278,136
-7.6926,53.28823,2021/11/06 00:00:00+00,Sat 06 Nov 2021,1813,1344,5,3626845,3560596,240548,3867393,3801144,82.1293136602613,80.7224266692887,137
-7.6926,53.28823,2021/11/07 00:00:00+00,Sun 07 Nov 2021,693,770,0,3627538,3561366,240548,3868086,3801914,82.1440304512279,80.7387786592515,138
-7.6926,53.28823,2021/11/08 00:00:00+00,Mon 08 Nov 2021,515,526,3,3628053,3561892,240551,3868604,3802443,82.1550308808392,80.7500126887195,139
-7.6926,53.28823,2021/11/09 00:00:00+00,Tue 09 Nov 2021,1368,1049,3,3629421,3562941,240554,3869975,3803495,82.1841459175133,80.7723533295518,140
-7.6926,53.28823,2021/11/10 00:00:00+00,Wed 10 Nov 2021,1614,1347,1,3631035,3564288,240555,3871590,3804843,82.2184426237341,80.8009799301621,141
-7.6926,53.28823,2021/11/11 00:00:00+00,Thu 11 Nov 2021,1386,1097,2,3632421,3565385,240557,3872978,3805942,82.2479186783685,80.8243186794728,142
-7.6926,53.28823,2021/11/12 00:00:00+00,Fri 12 Nov 2021,1145,1137,6,3633566,3566522,240563,3874129,3807085,82.2723617179103,80.8485918282098,143
-7.6926,53.28823,2021/11/13 00:00:00+00,Sat 13 Nov 2021,1399,1363,0,3634965,3567885,240563,3875528,3808448,82.3020713724013,80.8775369740791,144
-7.6926,53.28823,2021/04/13 23:00:00+00,Wed 14 Apr 2021,20345,6596,2,828321,353999,231,828552,354230,17.5954207632472,7.52255247342961,145
-7.6926,53.28823,2021/02/03 00:00:00+00,Wed 03 Feb 2021,1396,6865,0,160077,70617,3,160080,70620,3.39951500422497,1.49971107945007,146
-7.6926,53.28823,2021/04/14 23:00:00+00,Thu 15 Apr 2021,27124,10801,1,855445,364800,232,855677,365032,18.1714567733022,7.75194753262275,147
-7.6926,53.28823,2021/02/04 00:00:00+00,Thu 04 Feb 2021,1427,10541,1,161504,81158,4,161508,81162,3.42984051288335,1.72358468748693,148
-7.6926,53.28823,2021/04/15 23:00:00+00,Fri 16 Apr 2021,27968,9831,1,883413,374631,233,883646,374864,18.7654162632645,7.96074333173282,149
-7.6926,53.28823,2021/02/05 00:00:00+00,Fri 05 Feb 2021,3389,8613,0,164893,89771,4,164897,89775,3.5018105050705,1.90649337521425,150
-7.6926,53.28823,2021/04/16 23:00:00+00,Sat 17 Apr 2021,15847,4551,3,899260,379182,236,899496,379418,19.102012420292,8.05745367237025,151
-7.6926,53.28823,2021/02/06 00:00:00+00,Sat 06 Feb 2021,896,3867,0,165789,93638,4,165793,93642,3.52083827520909,1.98861434298872,152
-7.6926,53.28823,2021/04/17 23:00:00+00,Sun 18 Apr 2021,1071,485,0,900331,379667,236,900567,379903,19.1247565517858,8.06775330241179,153
-7.6926,53.28823,2021/02/07 00:00:00+00,Sun 07 Feb 2021,328,1300,2,166117,94938,6,166123,94944,3.52784627090745,2.01626407147136,154
-7.6926,53.28823,2021/04/18 23:00:00+00,Mon 19 Apr 2021,6739,2255,0,907070,381922,236,907306,382158,19.2678683184866,8.11564127301728,155
-7.6926,53.28823,2021/02/08 00:00:00+00,Mon 08 Feb 2021,1179,879,0,167296,95817,6,167302,95823,3.55288392826616,2.03493082364973,156
-7.6926,53.28823,2021/04/19 23:00:00+00,Tue 20 Apr 2021,15088,7313,1,922158,389235,237,922395,389472,19.5883036127067,8.27096394131377,157
-7.6926,53.28823,2021/02/09 00:00:00+00,Tue 09 Feb 2021,4261,543,2,171557,96360,8,171565,96368,3.64341449087867,2.04650463472734,158
-7.6926,53.28823,2021/04/20 23:00:00+00,Wed 21 Apr 2021,26715,9875,4,948873,399110,241,949114,399351,20.1557176644177,8.48075784890209,159
-7.6926,53.28823,2021/02/10 00:00:00+00,Wed 10 Feb 2021,8823,580,0,180380,96940,8,180388,96948,3.83078281223222,2.05882171807598,160
-7.6926,53.28823,2021/04/21 23:00:00+00,Thu 22 Apr 2021,31618,12180,1,980491,411290,242,980733,411532,20.827189834074,8.73943783557416,161
-7.6926,53.28823,2021/02/11 00:00:00+00,Thu 11 Feb 2021,6177,445,0,186557,97385,8,186565,97393,3.96195974989525,2.06827189409347,162
-7.6926,53.28823,2021/04/22 23:00:00+00,Fri 23 Apr 2021,33614,12352,3,1014105,423642,245,1014350,423887,21.5410922322314,9.00181294725082,163
-7.6926,53.28823,2021/02/12 00:00:00+00,Fri 12 Feb 2021,4393,522,0,190950,97907,8,190958,97915,4.05525103808591,2.07935726910725,164
-7.6926,53.28823,2021/04/23 23:00:00+00,Sat 24 Apr 2021,23699,6989,2,1037804,430631,247,1038051,430878,22.0444149778282,9.15027627430315,165
-7.6926,53.28823,2021/02/13 00:00:00+00,Sat 13 Feb 2021,1208,1914,0,192158,99821,8,192166,99829,4.08090454961204,2.12000364415776,166
-7.6926,53.28823,2021/04/24 23:00:00+00,Sun 25 Apr 2021,9749,298,2,1047553,430929,249,1047802,431178,22.2514906325396,9.15664717948348,167
-7.6926,53.28823,2021/02/14 00:00:00+00,Sun 14 Feb 2021,2697,27,0,194855,99848,8,194863,99856,4.13817898718323,2.12057702562399,168
-7.6926,53.28823,2021/02/15 00:00:00+00,Mon 15 Feb 2021,1961,7888,0,196816,107736,8,196824,107744,4.17982347071199,2.28808935916551,169
-7.6926,53.28823,2021/02/16 00:00:00+00,Tue 16 Feb 2021,5646,8158,0,202462,115894,8,202470,115902,4.29972390620584,2.46133550736933,170
-7.6926,53.28823,2021/02/17 00:00:00+00,Wed 17 Feb 2021,9741,8464,0,212203,124358,8,212211,124366,4.5065871974112,2.64107997885709,171
-7.6926,53.28823,2021/02/18 00:00:00+00,Thu 18 Feb 2021,8460,8350,1,220663,132708,9,220672,132717,4.68626795984716,2.81842474272692,172
-7.6926,53.28823,2021/02/19 00:00:00+00,Fri 19 Feb 2021,9385,6582,0,230048,139290,9,230057,139299,4.88557111023853,2.9582024023834,173
-7.6926,53.28823,2021/02/20 00:00:00+00,Sat 20 Feb 2021,5885,3568,2,235933,142858,11,235944,142869,5.01058950622724,3.03401617402934,174
-7.6926,53.28823,2021/02/21 00:00:00+00,Sun 21 Feb 2021,1109,1023,5,237042,143881,16,237058,143897,5.03424680079687,3.05584714244728,175
-7.6926,53.28823,2021/02/22 00:00:00+00,Mon 22 Feb 2021,3943,1123,1,240985,145004,17,241002,145021,5.11800296756763,3.07971680052292,176
-7.6926,53.28823,2021/02/23 00:00:00+00,Tue 23 Feb 2021,13360,1064,1,254345,146068,18,254363,146086,5.401741847949,3.1023335139131,177
-7.6926,53.28823,2021/02/24 00:00:00+00,Wed 24 Feb 2021,16937,2103,3,271282,148171,21,271303,148192,5.76148562713173,3.14705726827903,178
-7.6926,53.28823,2021/02/25 00:00:00+00,Thu 25 Feb 2021,18085,1755,2,289367,149926,23,289390,149949,6.14558750045393,3.18436953628517,179
-7.6926,53.28823,2021/02/26 00:00:00+00,Fri 26 Feb 2021,16078,2768,0,305445,152694,23,305468,152717,6.4870255454185,3.24315175474903,180
-7.6926,53.28823,2021/02/27 00:00:00+00,Sat 27 Feb 2021,8991,704,1,314436,153398,24,314460,153422,6.67798281002364,3.25812338192281,181
-7.6926,53.28823,2021/02/28 00:00:00+00,Sun 28 Feb 2021,2442,57,2,316878,153455,26,316904,153481,6.72988445089274,3.25937632660828,182
-7.6926,53.28823,2021/03/01 00:00:00+00,Mon 01 Mar 2021,5594,795,0,322472,154250,26,322498,154276,6.84868059615533,3.27625922533616,183
-7.6926,53.28823,2021/03/02 00:00:00+00,Tue 02 Mar 2021,12176,1609,0,334648,155859,26,334674,155885,7.10725440107439,3.31042851345333,184
-7.6926,53.28823,2021/03/03 00:00:00+00,Wed 03 Mar 2021,12898,1504,1,347546,157363,27,347573,157390,7.38118208747805,3.342389221108,185
-7.6926,53.28823,2021/03/04 00:00:00+00,Thu 04 Mar 2021,18737,1687,4,366283,159050,31,366314,159081,7.77917253409337,3.37829988997447,186
-7.6926,53.28823,2021/03/05 00:00:00+00,Fri 05 Mar 2021,18444,2395,6,384727,161445,37,384764,161482,8.17098320268376,3.42928836776772,187
-7.6926,53.28823,2021/03/06 00:00:00+00,Sat 06 Mar 2021,10394,139,4,395121,161584,41,395162,161625,8.39179877623406,3.43232516590368,188
-7.6926,53.28823,2021/03/07 00:00:00+00,Sun 07 Mar 2021,1519,13,3,396640,161597,44,396684,161641,8.42412050184894,3.4326649475133,189
-7.6926,53.28823,2021/03/08 00:00:00+00,Mon 08 Mar 2021,6666,1495,5,403306,163092,49,403355,163141,8.56578819670892,3.46451947341496,190
-7.6926,53.28823,2021/03/09 00:00:00+00,Tue 09 Mar 2021,13828,3103,6,417134,166195,55,417189,166250,8.85957187092461,3.53054328743379,191
-7.6926,53.28823,2021/03/10 00:00:00+00,Wed 10 Mar 2021,13731,3988,3,430865,170183,58,430923,170241,9.1512319100802,3.61529756268281,192
-7.6926,53.28823,2021/03/11 00:00:00+00,Thu 11 Mar 2021,18479,2097,3,449344,172280,61,449405,172341,9.54372214188983,3.65989389894513,193
-7.6926,53.28823,2021/03/12 00:00:00+00,Fri 12 Mar 2021,17323,1338,4,466667,173618,65,466732,173683,9.91168438875518,3.68839308145181,194
-7.6926,53.28823,2021/03/13 00:00:00+00,Sat 13 Mar 2021,8304,173,0,474971,173791,65,475036,173856,10.0880310441468,3.6920669701058,195
-7.6926,53.28823,2021/03/14 00:00:00+00,Sun 14 Mar 2021,382,19,2,475353,173810,67,475420,173877,10.0961858027776,3.69251293346842,196
-7.6926,53.28823,2021/03/15 00:00:00+00,Mon 15 Mar 2021,2653,992,0,478006,174802,67,478073,174869,10.1525258409223,3.71357939326472,197
-7.6926,53.28823,2021/03/16 00:00:00+00,Tue 16 Mar 2021,8934,3822,2,486940,178624,69,487009,178693,10.3422938698938,3.79478719796335,198
-7.6926,53.28823,2021/03/17 00:00:00+00,Wed 17 Mar 2021,4899,2415,6,491839,181039,75,491914,181114,10.4464581695922,3.84620040276863,199
-7.6926,53.28823,2021/03/18 00:00:00+00,Thu 18 Mar 2021,11722,4679,5,503561,185718,80,503641,185798,10.6954968530914,3.9456714689842,200
-7.6926,53.28823,2021/03/19 00:00:00+00,Fri 19 Mar 2021,10366,6126,2,513927,191844,82,514009,191926,10.9156753361236,4.07580782546778,201
-7.6926,53.28823,2021/03/20 00:00:00+00,Sat 20 Mar 2021,5239,3118,4,519166,194962,86,519252,195048,11.0270175223252,4.14210771204443,202
-7.6926,53.28823,2021/03/21 00:00:00+00,Sun 21 Mar 2021,3637,55,3,522803,195017,89,522892,195106,11.1043178385133,4.14333942037929,203
-7.6926,53.28823,2021/03/22 00:00:00+00,Mon 22 Mar 2021,7412,2403,1,530215,197420,90,530305,197510,11.2617429055193,4.19439160722435,204
-7.6926,53.28823,2021/03/23 00:00:00+00,Tue 23 Mar 2021,12562,7387,4,542777,204807,94,542871,204901,11.5285988871728,4.35134947451712,205
-7.6926,53.28823,2021/03/24 00:00:00+00,Wed 24 Mar 2021,13622,9779,2,556399,214586,96,556495,214682,11.8179229277622,4.55906221974654,206
-7.6926,53.28823,2021/03/25 00:00:00+00,Thu 25 Mar 2021,20864,10226,3,577263,224812,99,577362,224911,12.2610618557555,4.77628885004524,207
-7.6926,53.28823,2021/03/26 00:00:00+00,Fri 26 Mar 2021,19695,9497,1,596958,234309,100,597058,234409,12.6793330171949,4.97799170805454,208
-7.6926,53.28823,2021/03/27 00:00:00+00,Sat 27 Mar 2021,11748,5350,3,608706,239659,103,608809,239762,12.9288813731085,5.09166989282226,209
-7.6926,53.28823,2021/03/28 00:00:00+00,Sun 28 Mar 2021,2489,482,0,611195,240141,103,611298,240244,12.9817386497546,5.101905813812,210
-7.6926,53.28823,2021/03/28 23:00:00+00,Mon 29 Mar 2021,9267,3119,3,620462,243260,106,620568,243366,13.1785996198269,5.16820570038865,211
-7.6926,53.28823,2021/03/29 23:00:00+00,Tue 30 Mar 2021,13323,8663,4,633785,251923,110,633895,252033,13.4616164642878,5.35226115104843,212
-7.6926,53.28823,2021/03/30 23:00:00+00,Wed 31 Mar 2021,15834,10507,4,649619,262430,114,649733,262544,13.7979577851081,5.57547643221665,213
-7.6926,53.28823,2021/03/31 23:00:00+00,Thu 01 Apr 2021,19696,11574,8,669315,274004,122,669437,274126,14.2163988373523,5.82143584487865,214
-7.6926,53.28823,2021/04/01 23:00:00+00,Fri 02 Apr 2021,20137,13722,8,689452,287726,130,689582,287856,14.6442051202115,6.11301093863183,215
-7.6926,53.28823,2021/04/02 23:00:00+00,Sat 03 Apr 2021,7547,4635,6,696999,292361,136,697135,292497,14.8046032763017,6.21156884177156,216
-7.6926,53.28823,2021/04/03 23:00:00+00,Sun 04 Apr 2021,3032,169,3,700031,292530,139,700170,292669,14.8690556003761,6.21522149407495,217
-7.6926,53.28823,2021/04/04 23:00:00+00,Mon 05 Apr 2021,3429,605,4,703460,293135,143,703603,293278,14.9419599919896,6.22815443159103,218
-7.6926,53.28823,2021/04/05 23:00:00+00,Tue 06 Apr 2021,11989,8156,11,715449,301291,154,715603,301445,15.1967961992029,6.40159170695025,219
-7.6926,53.28823,2021/04/06 23:00:00+00,Wed 07 Apr 2021,18357,10468,10,733806,311759,164,733970,311923,15.5868442506934,6.62410618854864,220
-7.6926,53.28823,2021/04/07 23:00:00+00,Thu 08 Apr 2021,20184,10574,15,753990,322333,179,754169,322512,16.0157972964852,6.84897790506374,221
-7.6926,53.28823,2021/04/08 23:00:00+00,Fri 09 Apr 2021,20677,9154,16,774667,331487,195,774862,331682,16.4552410994738,7.04371524007588,222
-7.6926,53.28823,2021/04/09 23:00:00+00,Sat 10 Apr 2021,11167,4168,12,785834,335655,207,786041,335862,16.6926422628436,7.1324831855885,223
-7.6926,53.28823,2021/04/10 23:00:00+00,Sun 11 Apr 2021,2859,362,8,788693,336017,215,788908,336232,16.753526880017,7.14034063531091,224
-7.6926,53.28823,2021/04/11 23:00:00+00,Mon 12 Apr 2021,7774,2796,13,796467,338813,228,796695,339041,16.9188943421478,7.19999354414942,225
-7.6926,53.28823,2021/04/12 23:00:00+00,Tue 13 Apr 2021,11509,8590,1,807976,347403,229,808205,347632,17.1633247375665,7.38243503216351,226
-7.6926,53.28823,2021/04/25 23:00:00+00,Mon 26 Apr 2021,15583,3052,3,1063136,433981,252,1063388,434233,22.5824803930084,9.22152423056985,227
-7.6926,53.28823,2021/04/26 23:00:00+00,Tue 27 Apr 2021,25915,7807,9,1089051,441788,261,1089312,442049,23.1330115459915,9.3875075468681,228
-7.6926,53.28823,2021/04/27 23:00:00+00,Wed 28 Apr 2021,26028,8596,5,1115079,450384,266,1115345,450650,23.68585746119,9.5701613983882,229
-7.6926,53.28823,2021/04/28 23:00:00+00,Thu 29 Apr 2021,31690,11330,6,1146769,461714,272,1147041,461986,24.3589648298427,9.81089666880234,230
-7.6926,53.28823,2021/04/29 23:00:00+00,Fri 30 Apr 2021,36113,13523,8,1182882,475237,280,1183162,475517,25.1260430499052,10.0982457287859,231
-7.6926,53.28823,2021/04/30 23:00:00+00,Sat 01 May 2021,16576,6683,18,1199458,481920,298,1199756,482218,25.47843905178,10.2405505141639,232
-7.6926,53.28823,2021/05/01 23:00:00+00,Sun 02 May 2021,12460,909,15,1211918,482829,313,1212231,483142,25.7433625255287,10.2601729021193,233
-7.6926,53.28823,2021/05/02 23:00:00+00,Mon 03 May 2021,14257,921,21,1226175,483750,334,1226509,484084,26.0465751394113,10.2801775443856,234
-7.6926,53.28823,2021/05/03 23:00:00+00,Tue 04 May 2021,26661,6786,10,1252836,490536,344,1253180,490880,26.6129698462934,10.4244997830707,235
-7.6926,53.28823,2021/05/04 23:00:00+00,Wed 05 May 2021,32104,13457,69,1284940,503993,413,1285353,504406,27.2962069541828,10.7117426613012,236
-7.6926,53.28823,2021/05/05 23:00:00+00,Thu 06 May 2021,37281,14376,132,1322221,518369,545,1322766,518914,28.0907225392219,11.0198396358221,237
-7.6926,53.28823,2021/05/06 23:00:00+00,Fri 07 May 2021,40595,15069,97,1362816,533438,642,1363458,534080,28.9548721178821,11.3419101290384,238
-7.6926,53.28823,2021/05/07 23:00:00+00,Sat 08 May 2021,25615,7039,10,1388431,540477,652,1389083,541129,29.4990536020355,11.4916051644256,239
-7.6926,53.28823,2021/05/08 23:00:00+00,Sun 09 May 2021,19670,922,5,1408101,541399,657,1408758,542056,29.9168788001122,11.5112912614329,240
-7.6926,53.28823,2021/05/09 23:00:00+00,Mon 10 May 2021,28839,4642,171,1436940,546041,828,1437768,546869,30.5329453310503,11.613501816876,241
-7.6926,53.28823,2021/05/10 23:00:00+00,Tue 11 May 2021,33918,14816,153,1470858,560857,981,1471839,561838,31.2564890323806,11.9313887490239,242
-7.6926,53.28823,2021/05/11 23:00:00+00,Wed 12 May 2021,31290,20929,171,1502148,581786,1152,1503300,582938,31.9246058586419,12.3794757467073,243
-7.6926,53.28823,2021/05/12 23:00:00+00,Thu 13 May 2021,35999,25474,152,1538147,607260,1304,1539451,608564,32.6923211692225,12.9236784672112,244
-7.6926,53.28823,2021/05/13 23:00:00+00,Fri 14 May 2021,38214,27942,236,1576361,635202,1540,1577901,636742,33.508858849835,13.5220763544491,245
-7.6926,53.28823,2021/05/14 23:00:00+00,Sat 15 May 2021,28851,12442,22,1605212,647644,1562,1606774,649206,34.1220160007407,13.7867662283413,246
-7.6926,53.28823,2021/05/15 23:00:00+00,Sun 16 May 2021,23171,1171,9,1628383,648815,1571,1629954,650386,34.6142746076744,13.8118251220506,247
-7.6926,53.28823,2021/05/16 23:00:00+00,Mon 17 May 2021,35391,3946,117,1663774,652761,1688,1665462,654449,35.3683349448184,13.8981084145429,248
-7.6926,53.28823,2021/05/17 23:00:00+00,Tue 18 May 2021,39004,12489,127,1702778,665250,1815,1704593,667065,36.1993345801903,14.1660262137265,249
-7.6926,53.28823,2021/05/18 23:00:00+00,Wed 19 May 2021,37024,17586,209,1739802,682836,2024,1741826,684860,36.9900276221212,14.5439270726731,250
-7.6926,53.28823,2021/05/19 23:00:00+00,Thu 20 May 2021,39080,19636,136,1778882,702472,2160,1781042,704632,37.8228323472942,14.9638121967582,251
-7.6926,53.28823,2021/05/20 23:00:00+00,Fri 21 May 2021,25841,23244,14934,1804723,725716,17094,1821817,742810,38.6887445430543,15.7745735900072,252
-7.6926,53.28823,2021/05/21 23:00:00+00,Sat 22 May 2021,16588,10242,13523,1821311,735958,30617,1851928,766575,39.3281922960041,16.2792554620425,253
-7.6926,53.28823,2021/05/22 23:00:00+00,Sun 23 May 2021,8210,5522,10204,1829521,741480,40821,1870342,782301,39.7192384559729,16.6132183115954,254
-7.6926,53.28823,2021/05/23 23:00:00+00,Mon 24 May 2021,22546,8212,8450,1852067,749692,49271,1901338,798963,40.3774803792048,16.9670583853111,255
-7.6926,53.28823,2021/05/24 23:00:00+00,Tue 25 May 2021,30336,16482,3222,1882403,766174,52493,1934896,818667,41.0901298326767,17.3854994375553,256
-7.6926,53.28823,2021/05/25 23:00:00+00,Wed 26 May 2021,19969,25388,3052,1902372,791562,55545,1957917,847107,41.5790118598647,17.9894612486507,257
-7.6926,53.28823,2021/05/26 23:00:00+00,Thu 27 May 2021,17013,36029,550,1919385,827591,56095,1975480,883686,41.9519858854719,18.7662657172885,258
-7.6926,53.28823,2021/05/27 23:00:00+00,Fri 28 May 2021,27036,31817,1558,1946421,859408,57653,2004074,917061,42.5592180945599,19.4750289186004,259
-7.6926,53.28823,2021/05/28 23:00:00+00,Sat 29 May 2021,24465,7382,534,1970886,866790,58187,2029073,924977,43.090105623237,19.6431358699588,260
-7.6926,53.28823,2021/05/29 23:00:00+00,Sun 30 May 2021,24241,1676,209,1995127,868466,58396,2053523,926862,43.609334395434,19.6831663908419,261
-7.6926,53.28823,2021/05/30 23:00:00+00,Mon 31 May 2021,22577,7324,3443,2017704,875790,61839,2079543,937629,44.1619042380748,19.911818177764,262
-7.6926,53.28823,2021/05/31 23:00:00+00,Tue 01 Jun 2021,27543,11510,3653,2045247,887300,65492,2110739,952792,44.8243934314269,20.2338249619285,263
-7.6926,53.28823,2021/06/01 23:00:00+00,Wed 02 Jun 2021,18689,20892,4007,2063936,908192,69499,2133435,977691,45.3063736446696,20.7625888555455,264
-7.6926,53.28823,2021/06/02 23:00:00+00,Thu 03 Jun 2021,16682,30706,1976,2080618,938898,71475,2152093,1010373,45.702601474185,21.4566352658908,265
-7.6926,53.28823,2021/06/03 23:00:00+00,Fri 04 Jun 2021,28995,23343,153,2109613,962241,71628,2181241,1033869,46.321598621506,21.9556045596144,266
-7.6926,53.28823,2021/06/04 23:00:00+00,Sat 05 Jun 2021,20948,11487,33,2130561,973728,71661,2202222,1045389,46.7671584934678,22.2002473185391,267
-7.6926,53.28823,2021/06/05 23:00:00+00,Sun 06 Jun 2021,19933,3901,45,2150494,977629,71706,2222200,1049335,47.1914183057767,22.2840459580111,268
-7.6926,53.28823,2021/06/06 23:00:00+00,Mon 07 Jun 2021,19804,4583,45,2170298,982212,71751,2242049,1053963,47.612938628858,22.382327788593,269
-7.6926,53.28823,2021/06/07 23:00:00+00,Tue 08 Jun 2021,26393,18352,45,2196691,1000564,71796,2268487,1072360,48.1743852660501,22.7730129306015,270
-7.6926,53.28823,2021/06/08 23:00:00+00,Wed 09 Jun 2021,32784,20109,173,2229475,1020673,71969,2301444,1092642,48.8742716728107,23.2037285934931,271
-7.6926,53.28823,2021/06/09 23:00:00+00,Thu 10 Jun 2021,27678,27482,270,2257153,1048155,72239,2329392,1120394,49.4677851994104,23.793079795375,272
-7.6926,53.28823,2021/06/10 23:00:00+00,Fri 11 Jun 2021,26428,32892,39,2283581,1081047,72278,2355859,1153325,50.0298476907699,24.49241405702,273
-7.6926,53.28823,2021/06/11 23:00:00+00,Sat 12 Jun 2021,12205,19714,104,2295786,1100761,72382,2368168,1173143,50.2912459303189,24.9132760532327,274
-7.6926,53.28823,2021/06/12 23:00:00+00,Sun 13 Jun 2021,8541,18169,832,2304327,1118930,73214,2377541,1192144,50.490294244503,25.3167879510043,275
-7.6926,53.28823,2021/06/13 23:00:00+00,Mon 14 Jun 2021,16014,31299,49,2320341,1150229,73263,2393604,1223492,50.8314137442086,25.9825050696478,276
-7.6926,53.28823,2021/06/14 23:00:00+00,Tue 15 Jun 2021,14685,41578,205,2335026,1191807,73468,2408494,1265275,51.147623004659,26.8698235068138,277
-7.6926,53.28823,2021/06/15 23:00:00+00,Wed 16 Jun 2021,13464,48385,215,2348490,1240192,73683,2422173,1313875,51.4381150445316,27.9019101460275,278
-7.6926,53.28823,2021/06/16 23:00:00+00,Thu 17 Jun 2021,21566,42675,535,2370056,1282867,74218,2444274,1357085,51.9074596291666,28.8195328555013,279
-7.6926,53.28823,2021/06/17 23:00:00+00,Fri 18 Jun 2021,12008,50034,553,2382064,1332901,74771,2456835,1407672,52.1742094290671,29.8938161233594,280
-7.6926,53.28823,2021/06/18 23:00:00+00,Sat 19 Jun 2021,6307,32795,432,2388371,1365696,75203,2463574,1440899,52.3173211957679,30.5994363447823,281
-7.6926,53.28823,2021/06/19 23:00:00+00,Sun 20 Jun 2021,8509,26136,177,2396880,1391832,75380,2472260,1467212,52.5017801370891,31.1582284381492,282
-7.6926,53.28823,2021/06/20 23:00:00+00,Mon 21 Jun 2021,15461,32336,572,2412341,1424168,75952,2488293,1500120,52.8422625462767,31.8570742637304,283
-7.6926,53.28823,2021/06/21 23:00:00+00,Tue 22 Jun 2021,15127,43537,722,2427468,1467705,76674,2504142,1544379,53.1788374669536,32.7969739049847,284
-7.6926,53.28823,2021/06/22 23:00:00+00,Wed 23 Jun 2021,20076,39383,883,2447544,1507088,77557,2525101,1584645,53.6239301392022,33.6520767982889,285
-7.6926,53.28823,2021/06/23 23:00:00+00,Thu 24 Jun 2021,19015,44263,1031,2466559,1551351,78588,2545147,1629939,54.0496340233519,34.6139560624153,286
-7.6926,53.28823,2021/06/24 23:00:00+00,Fri 25 Jun 2021,15199,50113,843,2481758,1601464,79431,2561189,1680895,54.3903075596948,35.6960755436453,287
-7.6926,53.28823,2021/06/25 23:00:00+00,Sat 26 Jun 2021,9055,30544,509,2490813,1632008,79940,2570753,1711948,54.5934120168438,36.3555279388614,288
-7.6926,53.28823,2021/06/26 23:00:00+00,Sun 27 Jun 2021,8721,30473,58,2499534,1662481,79998,2579532,1742479,54.7798459387709,37.0038949590638,289
-7.6926,53.28823,2021/06/27 23:00:00+00,Mon 28 Jun 2021,24220,24635,522,2523754,1687116,80520,2604274,1767636,55.3052757253435,37.5381378311358,290
-7.6926,53.28823,2021/06/28 23:00:00+00,Tue 29 Jun 2021,28140,31020,809,2551894,1718136,81329,2633223,1799465,55.9200468388949,38.2140696344183,291
-7.6926,53.28823,2021/06/29 23:00:00+00,Wed 30 Jun 2021,22555,36856,588,2574449,1754992,81917,2656366,1836909,56.4115197008563,39.0092435463261,292
-7.6926,53.28823,2021/06/30 23:00:00+00,Thu 01 Jul 2021,15001,48305,638,2589450,1803297,82555,2672005,1885852,56.743634987907,40.0486142537961,293
-7.6926,53.28823,2021/07/01 23:00:00+00,Fri 02 Jul 2021,13652,47254,815,2603102,1850551,83370,2686472,1933921,57.0508612720532,41.0694243908406,294
-7.6926,53.28823,2021/07/02 23:00:00+00,Sat 03 Jul 2021,9303,30470,505,2612405,1881021,83875,2696280,1964896,57.2591473987488,41.7272203507098,295
-7.6926,53.28823,2021/07/03 23:00:00+00,Sun 04 Jul 2021,6446,27774,233,2618851,1908795,84108,2702959,1992903,57.4009849844136,42.321986821995,296
-7.6926,53.28823,2021/07/04 23:00:00+00,Mon 05 Jul 2021,15593,33445,5340,2634444,1942240,89448,2723892,2031688,57.8455255115465,43.1456386800589,297
-7.6926,53.28823,2021/07/05 23:00:00+00,Tue 06 Jul 2021,12405,48286,5484,2646849,1990526,94932,2741781,2085458,58.2254225874497,44.2875172518803,298
-7.6926,53.28823,2021/07/06 23:00:00+00,Wed 07 Jul 2021,19698,43751,5057,2666547,2034277,99989,2766536,2134266,58.7511284465801,45.3240210520191,299
-7.6926,53.28823,2021/07/07 23:00:00+00,Thu 08 Jul 2021,17762,45580,5992,2684309,2079857,105981,2790290,2185838,59.2555767187587,46.4192221252193,300
-7.6926,53.28823,2021/07/08 23:00:00+00,Fri 09 Jul 2021,13511,45082,6528,2697820,2124939,112509,2810329,2237448,59.6811319484543,47.5152301797423,301
-7.6926,53.28823,2021/07/09 23:00:00+00,Sat 10 Jul 2021,8627,23859,4364,2706447,2148798,116873,2823320,2265671,59.9570133791132,48.1145837027573,302
-7.6926,53.28823,2021/07/10 23:00:00+00,Sun 11 Jul 2021,15225,16105,2153,2721672,2164903,119026,2840698,2283929,60.3260586798593,48.5023169920323,303
-7.6926,53.28823,2021/07/11 23:00:00+00,Mon 12 Jul 2021,17102,31747,6091,2738774,2196650,125117,2863891,2321767,60.8185933593507,49.305858026077,304
-7.6926,53.28823,2021/07/12 23:00:00+00,Tue 13 Jul 2021,20093,36554,8486,2758867,2233204,133603,2892470,2366807,61.4255070231797,50.2623432571508,305
-7.6926,53.28823,2021/07/13 23:00:00+00,Wed 14 Jul 2021,20788,35692,9332,2779655,2268896,142935,2922590,2411831,62.065145903285,51.2184887066149,306
-7.6926,53.28823,2021/07/14 23:00:00+00,Thu 15 Jul 2021,23623,28819,9581,2803278,2297715,152516,2955794,2450231,62.7702776886441,52.0339645696974,307
-7.6926,53.28823,2021/07/15 23:00:00+00,Fri 16 Jul 2021,23520,27410,9163,2826798,2325125,161679,2988477,2486804,63.46434533534,52.8106416202316,308
-7.6926,53.28823,2021/07/16 23:00:00+00,Sat 17 Jul 2021,11491,19417,4676,2838289,2344542,166355,3004644,2510897,63.8076734155081,53.3222890152641,309
-7.6926,53.28823,2021/07/17 23:00:00+00,Sun 18 Jul 2021,16852,15809,1930,2855141,2360351,168285,3023426,2528636,64.2065345524981,53.6990006385771,310
-7.6926,53.28823,2021/07/18 23:00:00+00,Mon 19 Jul 2021,24873,18418,6249,2880014,2378769,174534,3054548,2553303,64.8674522559057,54.2228376988545,311
-7.6926,53.28823,2021/07/19 23:00:00+00,Tue 20 Jul 2021,30562,18162,7694,2910576,2396931,182228,3092804,2579159,65.6798700845016,54.7719247799967,312
-7.6926,53.28823,2021/07/20 23:00:00+00,Wed 21 Jul 2021,30345,19830,6886,2940921,2416761,189114,3130035,2605875,66.4705206537313,55.3392751226558,313
-7.6926,53.28823,2021/07/21 23:00:00+00,Thu 22 Jul 2021,33523,15922,6932,2974444,2432683,196046,3170490,2628729,67.329637217299,55.8246106792935,314
-7.6926,53.28823,2021/07/22 23:00:00+00,Fri 23 Jul 2021,27080,20814,5613,3001524,2453497,201659,3203183,2655156,68.023917227501,56.3858237166289,315
-7.6926,53.28823,2021/07/23 23:00:00+00,Sat 24 Jul 2021,15427,14802,2271,3016951,2468299,203930,3220881,2672229,68.3997581604393,56.7483919304416,316
-7.6926,53.28823,2021/07/24 23:00:00+00,Sun 25 Jul 2021,14712,13638,1042,3031663,2481937,204972,3236635,2686909,68.7343156278092,57.0601415572658,317
-7.6926,53.28823,2021/07/25 23:00:00+00,Mon 26 Jul 2021,23820,18275,3419,3055483,2500212,208391,3263874,2708603,69.3127725818327,57.5208429472062,318
-7.6926,53.28823,2021/07/26 23:00:00+00,Tue 27 Jul 2021,25495,23885,3670,3080978,2524097,212061,3293039,2736158,69.9321307471139,58.1060105880197,319
-7.6926,53.28823,2021/07/27 23:00:00+00,Wed 28 Jul 2021,23425,25274,3260,3104403,2549371,215321,3319724,2764692,70.4988227629044,58.7119686160716,320
-7.6926,53.28823,2021/07/28 23:00:00+00,Thu 29 Jul 2021,19252,27848,2958,3123655,2577219,218279,3341934,2795498,70.970482109755,59.3661756326893,321
-7.6926,53.28823,2021/11/14 00:00:00+00,Sun 14 Nov 2021,1646,1802,0,3636611,3569687,240563,3877174,3810250,82.3370264054907,80.9158048778623,322
-7.6926,53.28823,2022/03/01 00:00:00+00,Tue 01 Mar 2022,130,939,1,3826031,3746739,240673,4066704,3987412,86.3619519349182,84.6780792230554,323
-7.6926,53.28823,2021/11/15 00:00:00+00,Mon 15 Nov 2021,1245,579,1,3637856,3570266,240564,3878420,3810830,82.3634868983397,80.9281219612109,324
-7.6926,53.28823,2022/03/02 00:00:00+00,Wed 02 Mar 2022,206,994,2,3826237,3747733,240675,4066912,3988408,86.3663690958433,84.6992306282541,325
-7.6926,53.28823,2021/11/16 00:00:00+00,Tue 16 Nov 2021,1317,1060,5,3639173,3571326,240569,3879742,3811895,82.3915613538343,80.9507386746011,326
-7.6926,53.28823,2022/03/03 00:00:00+00,Thu 03 Mar 2022,279,1272,0,3826516,3749005,240675,4067191,3989680,86.372294037661,84.7262432662187,327
-7.6926,53.28823,2022/03/04 00:00:00+00,Fri 04 Mar 2022,733,1506,2,3827249,3750511,240677,4067926,3991188,86.3879027553528,84.7582676829252,328
-7.6926,53.28823,2021/11/17 00:00:00+00,Wed 17 Nov 2021,1507,1097,0,3640680,3572423,240569,3881249,3812992,82.4235645341902,80.9740349512106,329
-7.6926,53.28823,2022/03/05 00:00:00+00,Sat 05 Mar 2022,963,3341,0,3828212,3753852,240677,4068889,3994529,86.4083533609816,84.8292183302834,330
-7.6926,53.28823,2021/11/18 00:00:00+00,Thu 18 Nov 2021,1654,2490,5,3642334,3574913,240574,3882908,3815487,82.4587956398374,81.0270196459603,331
-7.6926,53.28823,2022/03/06 00:00:00+00,Sun 06 Mar 2022,455,1915,0,3828667,3755767,240677,4069344,3996444,86.4180159005052,84.8698859416846,332
-7.6926,53.28823,2021/11/19 00:00:00+00,Fri 19 Nov 2021,1167,1536,0,3643501,3576449,240574,3884075,3817023,82.4835784609889,81.0596386804836,333
-7.6926,53.28823,2022/03/07 00:00:00+00,Mon 07 Mar 2022,112,122,0,3828779,3755889,240677,4069456,3996566,86.4203943717725,84.8724767764579,334
-7.6926,53.28823,2021/11/20 00:00:00+00,Sat 20 Nov 2021,1542,2928,12,3645043,3579377,240586,3885629,3819963,82.5165797498231,81.1220735512508,335
-7.6926,53.28823,2022/03/08 00:00:00+00,Tue 08 Mar 2022,119,492,0,3828898,3756381,240677,4069575,3997058,86.422921497494,84.8829250609536,336
-7.6926,53.28823,2021/11/21 00:00:00+00,Sun 21 Nov 2021,1785,2759,0,3646828,3582136,240586,3887414,3822722,82.554486635646,81.1806646425593,337
-7.6926,53.28823,2022/03/09 00:00:00+00,Wed 09 Mar 2022,125,343,0,3829023,3756724,240677,4069700,3997401,86.4255760413191,84.8902091292098,338
-7.6926,53.28823,2021/11/22 00:00:00+00,Mon 22 Nov 2021,715,499,2,3647543,3582635,240588,3888131,3823223,82.569713099027,81.1913040542105,339
-7.6926,53.28823,2022/03/10 00:00:00+00,Thu 10 Mar 2022,256,507,0,3829279,3757231,240677,4069956,3997908,86.431012547073,84.9009759589646,340
-7.6926,53.28823,2021/11/23 00:00:00+00,Tue 23 Nov 2021,2156,1575,7,3649699,3584210,240595,3890294,3824805,82.6156473253772,81.2248999608614,341
-7.6926,53.28823,2022/03/11 00:00:00+00,Fri 11 Mar 2022,494,2181,0,3829773,3759412,240677,4070450,4000089,86.44150330427,84.9472924396256,342
-7.6926,53.28823,2021/11/24 00:00:00+00,Wed 24 Nov 2021,1622,3127,2,3651321,3587337,240597,3891918,3827934,82.6501351587534,81.2913485018923,343
-7.6926,53.28823,2022/03/12 00:00:00+00,Sat 12 Mar 2022,473,2387,2,3830246,3761799,240679,4070925,4002478,86.4515905708055,84.9980260812116,344
-7.6926,53.28823,2021/11/25 00:00:00+00,Thu 25 Nov 2021,984,1167,1,3652305,3588504,240598,3892903,3829102,82.6710529640955,81.3161525593944,345
-7.6926,53.28823,2022/03/13 00:00:00+00,Sun 13 Mar 2022,359,1082,0,3830605,3762881,240679,4071284,4003560,86.4592144206713,85.021003812562,346
-7.6926,53.28823,2021/11/26 00:00:00+00,Fri 26 Nov 2021,1287,1092,12,3653592,3589596,240610,3894202,3830206,82.6986389835263,81.339597490458,347
-7.6926,53.28823,2022/03/14 00:00:00+00,Mon 14 Mar 2022,109,120,0,3830714,3763001,240679,4071393,4003680,86.4615291828868,85.0235521746341,348
-7.6926,53.28823,2021/11/27 00:00:00+00,Sat 27 Nov 2021,1201,1555,6,3654793,3591151,240616,3895409,3831767,82.7242712587019,81.3727474337463,349
-7.6926,53.28823,2022/03/15 00:00:00+00,Tue 15 Mar 2022,220,757,0,3830934,3763758,240679,4071613,4004437,86.4662011800191,85.0396280920392,350
-7.6926,53.28823,2021/11/28 00:00:00+00,Sun 28 Nov 2021,1961,2254,0,3656754,3593405,240616,3897370,3834021,82.7659157422306,81.4206141680012,351
-7.6926,53.28823,2022/03/16 00:00:00+00,Wed 16 Mar 2022,195,797,0,3831129,3764555,240679,4071808,4005234,86.4703422683863,85.0565534634683,352
-7.6926,53.28823,2021/11/29 00:00:00+00,Mon 29 Nov 2021,540,984,1,3657294,3594389,240617,3897911,3835006,82.7774046079058,81.4415319733433,353
-7.6926,53.28823,2022/03/18 00:00:00+00,Fri 18 Mar 2022,1,6,0,3831130,3764561,240679,4071809,4005240,86.4703635047369,85.0566808815719,354
-7.6926,53.28823,2021/11/30 00:00:00+00,Tue 30 Nov 2021,1918,1631,6,3659212,3596020,240623,3899835,3836643,82.8182633464623,81.4762958792773,355
-7.6926,53.28823,2022/03/19 00:00:00+00,Sat 19 Mar 2022,743,2779,0,3831873,3767340,240679,4072552,4008019,86.4861421132335,85.1156966998924,356
-7.6926,53.28823,2021/12/01 00:00:00+00,Wed 01 Dec 2021,1075,1359,2,3660287,3597379,240625,3900912,3838004,82.8411348960597,81.5051985524454,357
-7.6926,53.28823,2021/12/02 00:00:00+00,Thu 02 Dec 2021,1769,1396,0,3662056,3598775,240625,3902681,3839400,82.8787020002731,81.5348444978845,358
-7.6926,53.28823,2021/12/03 00:00:00+00,Fri 03 Dec 2021,1044,1167,2,3663100,3599942,240627,3903727,3840569,82.9009152230019,81.5596697917372,359
-7.6926,53.28823,2021/12/04 00:00:00+00,Sat 04 Dec 2021,1204,1695,1,3664304,3601637,240628,3904932,3842265,82.9265050254762,81.5956866423567,360
-7.6926,53.28823,2021/12/05 00:00:00+00,Sun 05 Dec 2021,1345,1772,2,3665649,3603409,240630,3906279,3844039,82.9551103897359,81.6333599283231,361
-7.6926,53.28823,2021/12/06 00:00:00+00,Mon 06 Dec 2021,933,1283,0,3666582,3604692,240630,3907212,3845322,82.9749239048467,81.6606061661443,362
-7.6926,53.28823,2021/12/07 00:00:00+00,Tue 07 Dec 2021,484,736,2,3667066,3605428,240632,3907698,3846060,82.9852447712388,81.6762785928879,363
-7.6926,53.28823,2021/12/08 00:00:00+00,Wed 08 Dec 2021,803,1501,1,3667869,3606929,240633,3908502,3847562,83.0023187971221,81.7081755914908,364
-7.6926,53.28823,2021/12/09 00:00:00+00,Thu 09 Dec 2021,796,1197,0,3668665,3608126,240633,3909298,3848759,83.0192229322006,81.7335955031603,365
-7.6926,53.28823,2021/12/10 00:00:00+00,Fri 10 Dec 2021,892,1600,1,3669557,3609726,240634,3910191,3850360,83.0381869932874,81.7675949004727,366
-7.6926,53.28823,2021/12/11 00:00:00+00,Sat 11 Dec 2021,639,836,1,3670196,3610562,240635,3910831,3851197,83.0517782576721,81.7853697259258,367
-7.6926,53.28823,2021/12/12 00:00:00+00,Sun 12 Dec 2021,689,1190,0,3670885,3611752,240635,3911520,3852387,83.0664101032363,81.8106409831411,368
-7.6926,53.28823,2021/12/13 00:00:00+00,Mon 13 Dec 2021,726,1054,1,3671611,3612806,240636,3912247,3853442,83.0818489301233,81.8330453330253,369
-7.6926,53.28823,2021/12/14 00:00:00+00,Tue 14 Dec 2021,628,1189,1,3672239,3613995,240637,3912876,3854632,83.0952065946514,81.8583165902406,370
-7.6926,53.28823,2021/12/15 00:00:00+00,Wed 15 Dec 2021,794,1235,1,3673033,3615230,240638,3913671,3855868,83.1120894933792,81.8845647195835,371
-7.6926,53.28823,2021/12/16 00:00:00+00,Thu 16 Dec 2021,1055,1525,7,3674088,3616755,240645,3914733,3857400,83.1346424977176,81.9170988087044,372
-7.6926,53.28823,2021/12/17 00:00:00+00,Fri 17 Dec 2021,1211,2437,1,3675299,3619192,240646,3915945,3859838,83.1603809546462,81.9688730314699,373
-7.6926,53.28823,2021/12/18 00:00:00+00,Sat 18 Dec 2021,1258,1180,0,3676557,3620372,240646,3917203,3861018,83.1870962837024,81.9939319251792,374
-7.6926,53.28823,2021/12/19 00:00:00+00,Sun 19 Dec 2021,553,882,1,3677110,3621254,240647,3917757,3861901,83.1988612219354,82.01268362276,375
-7.6926,53.28823,2021/12/20 00:00:00+00,Mon 20 Dec 2021,526,601,0,3677636,3621855,240647,3918283,3862502,83.2100315423515,82.0254466694713,376
-7.6926,53.28823,2021/12/21 00:00:00+00,Tue 21 Dec 2021,1442,1798,3,3679078,3623653,240650,3919728,3864303,83.2407180689701,82.0636933369039,377
-7.6926,53.28823,2021/12/22 00:00:00+00,Wed 22 Dec 2021,1204,1572,2,3680282,3625225,240652,3920934,3865877,83.2663291077951,82.09711935275,378
-7.6926,53.28823,2021/12/23 00:00:00+00,Thu 23 Dec 2021,951,1356,0,3681233,3626581,240652,3921885,3867233,83.2865248772167,82.1259158441651,379
-7.6926,53.28823,2021/12/24 00:00:00+00,Fri 24 Dec 2021,104,147,0,3681337,3626728,240652,3921989,3867380,83.2887334576792,82.1290375877035,380
-7.6926,53.28823,2021/12/25 00:00:00+00,Sat 25 Dec 2021,2,2,0,3681339,3626730,240652,3921991,3867382,83.2887759303804,82.1290800604047,381
-7.6926,53.28823,2021/12/26 00:00:00+00,Sun 26 Dec 2021,11,9,0,3681350,3626739,240652,3922002,3867391,83.2890095302371,82.1292711875601,382
-7.6926,53.28823,2021/12/27 00:00:00+00,Mon 27 Dec 2021,390,585,0,3681740,3627324,240652,3922392,3867976,83.2972917069715,82.1416944526617,383
-7.6926,53.28823,2021/12/28 00:00:00+00,Tue 28 Dec 2021,469,741,0,3682209,3628065,240652,3922861,3868717,83.3072515554034,82.1574305884571,384
-7.6926,53.28823,2021/12/29 00:00:00+00,Wed 29 Dec 2021,1073,1296,0,3683282,3629361,240652,3923934,3870013,83.3300381595984,82.1849528988362,385
-7.6926,53.28823,2021/12/30 00:00:00+00,Thu 30 Dec 2021,1067,1184,1,3684349,3630545,240653,3925002,3871198,83.3527185820404,82.2101179742985,386
-7.6926,53.28823,2021/12/31 00:00:00+00,Fri 31 Dec 2021,718,1671,0,3685067,3632216,240653,3925720,3872869,83.367966281772,82.2456039161529,387
-7.6926,53.28823,2022/01/01 00:00:00+00,Sat 01 Jan 2022,65,96,0,3685132,3632312,240653,3925785,3872965,83.369346644561,82.2476426058106,388
-7.6926,53.28823,2022/01/02 00:00:00+00,Sun 02 Jan 2022,272,624,0,3685404,3632936,240653,3926057,3873589,83.3751229319245,82.2608940885857,389
-7.6926,53.28823,2022/01/03 00:00:00+00,Mon 03 Jan 2022,3631,719,1,3689035,3633655,240654,3929689,3874309,83.4522533573078,82.2761842610185,390
-7.6926,53.28823,2022/01/04 00:00:00+00,Tue 04 Jan 2022,1191,773,0,3690226,3634428,240654,3930880,3875082,83.4775458508737,82.2925999600332,391
-7.6926,53.28823,2022/01/05 00:00:00+00,Wed 05 Jan 2022,2145,886,0,3692371,3635314,240654,3933025,3875968,83.523097822913,82.3114153666658,392
-7.6926,53.28823,2022/01/06 00:00:00+00,Thu 06 Jan 2022,2462,1680,1,3694833,3636994,240655,3935488,3877649,83.5754029544436,82.3471136720262,393
-7.6926,53.28823,2022/01/07 00:00:00+00,Fri 07 Jan 2022,4855,771,2,3699688,3637765,240657,3940345,3878422,83.6785479093131,82.3635293710409,394
-7.6926,53.28823,2022/01/08 00:00:00+00,Sat 08 Jan 2022,9791,733,1,3709479,3638498,240658,3950137,3879156,83.8864942543992,82.3791168523821,395
-7.6926,53.28823,2022/01/09 00:00:00+00,Sun 09 Jan 2022,7115,663,0,3716594,3639161,240658,3957252,3879819,84.037590888926,82.3931965528306,396
-7.6926,53.28823,2022/01/10 00:00:00+00,Mon 10 Jan 2022,6657,498,0,3723251,3639659,240658,3963909,3880317,84.1789612748776,82.40377225543,397
-7.6926,53.28823,2022/01/11 00:00:00+00,Tue 11 Jan 2022,4775,1350,1,3728026,3641009,240659,3968685,3881668,84.2803860853485,82.4324625650921,398
-7.6926,53.28823,2022/01/12 00:00:00+00,Wed 12 Jan 2022,7564,898,1,3735590,3641907,240660,3976250,3882567,84.4410390776458,82.4515540442825,399
-7.6926,53.28823,2022/01/13 00:00:00+00,Thu 13 Jan 2022,7327,799,0,3742917,3642706,240660,3983577,3883366,84.5966378185001,82.4685218884128,400
-7.6926,53.28823,2022/01/14 00:00:00+00,Fri 14 Jan 2022,10730,823,0,3753647,3643529,240660,3994307,3884189,84.82450386045,82.4859994049575,401
-7.6926,53.28823,2022/01/15 00:00:00+00,Sat 15 Jan 2022,8358,645,0,3762005,3644174,240660,4002665,3884834,85.001997278774,82.4996968510952,402
-7.6926,53.28823,2022/01/16 00:00:00+00,Sun 16 Jan 2022,6966,1214,1,3768971,3645388,240661,4009632,3886049,85.1499509334119,82.5254990170755,403
-7.6926,53.28823,2022/01/17 00:00:00+00,Mon 17 Jan 2022,2566,550,0,3771537,3645938,240661,4012198,3886599,85.2044434090544,82.5371790099061,404
-7.6926,53.28823,2022/01/18 00:00:00+00,Tue 18 Jan 2022,4058,435,3,3775595,3646373,240664,4016259,3887037,85.2906842288455,82.5464805314694,405
-7.6926,53.28823,2022/01/19 00:00:00+00,Wed 19 Jan 2022,3490,615,0,3779085,3646988,240664,4019749,3887652,85.3647990924433,82.5595408870891,406
-7.6926,53.28823,2022/01/20 00:00:00+00,Thu 20 Jan 2022,3697,930,0,3782782,3647918,240664,4023446,3888582,85.4433098806156,82.5792906931481,407
-7.6926,53.28823,2022/01/21 00:00:00+00,Fri 21 Jan 2022,3252,968,0,3786034,3648886,240664,4026698,3889550,85.5123704927704,82.59984748053,408
-7.6926,53.28823,2022/01/22 00:00:00+00,Sat 22 Jan 2022,4270,640,0,3790304,3649526,240664,4030968,3890190,85.6030497098371,82.6134387449147,409
-7.6926,53.28823,2022/01/23 00:00:00+00,Sun 23 Jan 2022,3091,677,0,3793395,3650203,240664,4034059,3890867,85.6686912695451,82.6278157542716,410
-7.6926,53.28823,2022/01/24 00:00:00+00,Mon 24 Jan 2022,648,458,0,3794043,3650661,240664,4034707,3891325,85.6824524247347,82.6375420028469,411
-7.6926,53.28823,2022/01/25 00:00:00+00,Tue 25 Jan 2022,698,1830,0,3794741,3652491,240664,4035405,3893155,85.6972753974542,82.676404524447,412
-7.6926,53.28823,2022/01/26 00:00:00+00,Wed 26 Jan 2022,701,887,0,3795442,3653378,240664,4036106,3894042,85.7121620792256,82.6952411674301,413
-7.6926,53.28823,2022/01/27 00:00:00+00,Thu 27 Jan 2022,1274,1164,0,3796716,3654542,240664,4037380,3895206,85.7392171898914,82.7199602795298,414
-7.6926,53.28823,2022/01/28 00:00:00+00,Fri 28 Jan 2022,1030,3091,0,3797746,3657633,240664,4038410,3898297,85.7610906310105,82.7856018392379,415
-7.6926,53.28823,2022/01/29 00:00:00+00,Sat 29 Jan 2022,2328,3442,0,3800074,3661075,240664,4040738,3901739,85.8105288552099,82.8586973580069,416
-7.6926,53.28823,2022/01/30 00:00:00+00,Sun 30 Jan 2022,1634,7537,0,3801708,3668612,240664,4042372,3909276,85.8452290520921,83.0187557324874,417
-7.6926,53.28823,2022/01/31 00:00:00+00,Mon 31 Jan 2022,480,1387,0,3802188,3669999,240664,4042852,3910663,85.8554225003807,83.0482105507711,418
-7.6926,53.28823,2022/02/01 00:00:00+00,Tue 01 Feb 2022,754,3411,1,3802942,3673410,240665,4043607,3914075,85.8714559450845,83.1206689790221,419
-7.6926,53.28823,2022/02/02 00:00:00+00,Wed 02 Feb 2022,648,2994,0,3803590,3676404,240665,4044255,3917069,85.885217100274,83.1842506127218,420
-7.6926,53.28823,2022/02/03 00:00:00+00,Thu 03 Feb 2022,909,2427,1,3804499,3678831,240666,4045165,3919497,85.904542179321,83.2358124719813,421
-7.6926,53.28823,2022/02/04 00:00:00+00,Fri 04 Feb 2022,1173,6519,0,3805672,3685350,240666,4046338,3926016,85.9294524185761,83.3742522415499,422
-7.6926,53.28823,2022/02/05 00:00:00+00,Sat 05 Feb 2022,1777,5748,0,3807449,3691098,240666,4048115,3931764,85.9671894135943,83.496318784805,423
-7.6926,53.28823,2022/02/06 00:00:00+00,Sun 06 Feb 2022,1407,7555,0,3808856,3698653,240666,4049522,3939319,85.99706895889,83.6567594135964,424
-7.6926,53.28823,2022/02/07 00:00:00+00,Mon 07 Feb 2022,440,1349,0,3809296,3700002,240666,4049962,3940668,86.0064129531545,83.6854072505573,425
-7.6926,53.28823,2022/02/08 00:00:00+00,Tue 08 Feb 2022,901,1235,0,3810197,3701237,240666,4050863,3941903,86.0255469050461,83.7116341435497,426
-7.6926,53.28823,2022/02/09 00:00:00+00,Wed 09 Feb 2022,1332,1781,0,3811529,3703018,240666,4052195,3943684,86.0538337240468,83.7494560839702,427
-7.6926,53.28823,2022/02/10 00:00:00+00,Thu 10 Feb 2022,685,2545,0,3812214,3705563,240666,4052880,3946229,86.0683806242086,83.80350259625,428
-7.6926,53.28823,2022/02/11 00:00:00+00,Fri 11 Feb 2022,549,4916,0,3812763,3710479,240666,4053429,3951145,86.0800393806886,83.9079004958051,429
-7.6926,53.28823,2022/02/12 00:00:00+00,Sat 12 Feb 2022,1398,5459,0,3814161,3715938,240666,4054827,3956604,86.1097277988289,84.0238297337365,430
-7.6926,53.28823,2022/02/13 00:00:00+00,Sun 13 Feb 2022,1568,4705,0,3815729,3720643,240666,4056395,3961309,86.1430263965714,84.1237467633147,431
-7.6926,53.28823,2022/02/14 00:00:00+00,Mon 14 Feb 2022,173,952,0,3815902,3721595,240666,4056568,3962261,86.1467002852254,84.143963769087,432
-7.6926,53.28823,2022/02/15 00:00:00+00,Tue 15 Feb 2022,649,815,1,3816551,3722410,240667,4057218,3963077,86.1605039131161,84.1612926311775,433
-7.6926,53.28823,2022/02/16 00:00:00+00,Wed 16 Feb 2022,801,1785,0,3817352,3724195,240667,4058019,3964862,86.1775142299476,84.1991995170005,434
-7.6926,53.28823,2022/02/17 00:00:00+00,Thu 17 Feb 2022,793,1188,2,3818145,3725383,240669,4058814,3966052,86.1943971286755,84.2244707742158,435
-7.6926,53.28823,2022/02/18 00:00:00+00,Fri 18 Feb 2022,795,3290,0,3818940,3728673,240669,4059609,3969342,86.2112800274034,84.2943383676934,436
-7.6926,53.28823,2022/02/19 00:00:00+00,Sat 19 Feb 2022,979,3553,0,3819919,3732226,240669,4060588,3972895,86.2320704146419,84.3697911213791,437
-7.6926,53.28823,2022/02/20 00:00:00+00,Sun 20 Feb 2022,1366,3587,0,3821285,3735813,240669,4061954,3976482,86.261079269563,84.4459659109853,438
-7.6926,53.28823,2022/02/21 00:00:00+00,Mon 21 Feb 2022,251,990,2,3821536,3736803,240671,4062207,3977474,86.2664520662651,84.4670323707816,439
-7.6926,53.28823,2022/02/22 00:00:00+00,Tue 22 Feb 2022,474,976,0,3822010,3737779,240671,4062681,3978450,86.27651809645,84.4877590489683,440
-7.6926,53.28823,2022/02/23 00:00:00+00,Wed 23 Feb 2022,828,1270,1,3822838,3739049,240672,4063510,3979721,86.2941230310983,84.5147504505823,441
-7.6926,53.28823,2022/02/24 00:00:00+00,Thu 24 Feb 2022,657,1232,0,3823495,3740281,240672,4064167,3980953,86.3080753134432,84.5409136345228,442
-7.6926,53.28823,2022/02/25 00:00:00+00,Fri 25 Feb 2022,691,1222,0,3824186,3741503,240672,4064858,3982175,86.3227496317086,84.5668644549574,443
-7.6926,53.28823,2022/02/26 00:00:00+00,Sat 26 Feb 2022,960,2088,0,3825146,3743591,240672,4065818,3984263,86.3431365282856,84.6112059550125,444
-7.6926,53.28823,2022/02/27 00:00:00+00,Sun 27 Feb 2022,672,1782,0,3825818,3745373,240672,4066490,3986045,86.3574073558896,84.6490491317837,445
-7.6926,53.28823,2022/02/28 00:00:00+00,Mon 28 Feb 2022,83,427,0,3825901,3745800,240672,4066573,3986472,86.3591699729895,84.6581170534903,446
-7.6926,53.28823,2022/03/20 00:00:00+00,Sun 20 Mar 2022,394,1401,0,3832267,3768741,240679,4072946,4009420,86.4945092353703,85.1454488270845,447
-7.6926,53.28823,2022/03/21 00:00:00+00,Mon 21 Mar 2022,54,112,0,3832321,3768853,240679,4073000,4009532,86.4956559983028,85.1478272983518,448
-7.6926,53.28823,2022/03/22 00:00:00+00,Tue 22 Mar 2022,137,573,0,3832458,3769426,240679,4073137,4010105,86.4985653783351,85.1599957272463,449
-7.6926,53.28823,2022/03/23 00:00:00+00,Wed 23 Mar 2022,100,219,0,3832558,3769645,240679,4073237,4010324,86.5006890133952,85.1646464880279,450
-7.6926,53.28823,2022/03/24 00:00:00+00,Thu 24 Mar 2022,147,239,0,3832705,3769884,240679,4073384,4010563,86.5038107569336,85.1697219758216,451
-7.6926,53.28823,2022/03/25 00:00:00+00,Fri 25 Mar 2022,435,1623,0,3833140,3771507,240679,4073819,4012186,86.5130485694451,85.2041885728472,452
-7.6926,53.28823,2022/03/26 00:00:00+00,Sat 26 Mar 2022,874,1847,0,3834014,3773354,240679,4074693,4014033,86.5316091398705,85.2434121124074,453
-7.6926,53.28823,2022/03/27 00:00:00+00,Sun 27 Mar 2022,380,802,0,3834394,3774156,240679,4075073,4014835,86.5396789530989,85.2604436655895,454
-7.6926,53.28823,2022/03/27 23:00:00+00,Mon 28 Mar 2022,42,51,0,3834436,3774207,240679,4075115,4014886,86.5405708798241,85.2615267194702,455
-7.6926,53.28823,2022/03/28 23:00:00+00,Tue 29 Mar 2022,138,192,3,3834574,3774399,240682,4075256,4015081,86.5435652052589,85.2656678078374,456
-7.6926,53.28823,2022/03/29 23:00:00+00,Wed 30 Mar 2022,110,133,0,3834684,3774532,240682,4075366,4015214,86.545901203825,85.2684922424673,457
-7.6926,53.28823,2022/03/30 23:00:00+00,Thu 31 Mar 2022,227,355,0,3834911,3774887,240682,4075593,4015569,86.5507218554115,85.2760311469307,458
-7.6926,53.28823,2022/03/31 23:00:00+00,Fri 01 Apr 2022,309,902,0,3835220,3775789,240682,4075902,4016471,86.5572838877472,85.2951863351729,459
-7.6926,53.28823,2022/04/01 23:00:00+00,Sat 02 Apr 2022,726,1538,0,3835946,3777327,240682,4076628,4018009,86.5727014782836,85.3278478423974,460
-7.6926,53.28823,2022/04/02 23:00:00+00,Sun 03 Apr 2022,536,816,0,3836482,3778143,240682,4077164,4018825,86.5840841622058,85.3451767044879,461
-7.6926,53.28823,2022/04/03 23:00:00+00,Mon 04 Apr 2022,48,51,0,3836530,3778194,240682,4077212,4018876,86.5851035070346,85.3462597583686,462
-7.6926,53.28823,2022/04/04 23:00:00+00,Tue 05 Apr 2022,130,165,0,3836660,3778359,240682,4077342,4019041,86.5878642326128,85.3497637562177,463
-7.6926,53.28823,2022/04/05 23:00:00+00,Wed 06 Apr 2022,159,209,0,3836819,3778568,240682,4077501,4019250,86.5912408123584,85.3542021534934,464
-7.6926,53.28823,2022/04/06 23:00:00+00,Thu 07 Apr 2022,120,175,0,3836939,3778743,240682,4077621,4019425,86.5937891744305,85.3579185148486,465
-7.6926,53.28823,2022/04/07 23:00:00+00,Fri 08 Apr 2022,266,417,0,3837205,3779160,240682,4077887,4019842,86.5994380436904,85.3667740730492,466
-7.6926,53.28823,2022/04/08 23:00:00+00,Sat 09 Apr 2022,561,1017,0,3837766,3780177,240682,4078448,4020859,86.6113516363776,85.3883714416105,467
-7.6926,53.28823,2022/04/09 23:00:00+00,Sun 10 Apr 2022,412,719,0,3838178,3780896,240682,4078860,4021578,86.6201010128253,85.4036403776928,468
-7.6926,53.28823,2022/04/10 23:00:00+00,Mon 11 Apr 2022,71,93,0,3838249,3780989,240682,4078931,4021671,86.621608793718,85.4056153582986,469
-7.6926,53.28823,2022/04/11 23:00:00+00,Tue 12 Apr 2022,194,176,0,3838443,3781165,240682,4079125,4021847,86.6257286457346,85.4093529560044,470
-7.6926,53.28823,2022/04/12 23:00:00+00,Wed 13 Apr 2022,145,233,0,3838588,3781398,240682,4079270,4022080,86.6288079165717,85.4143010256945,471
-7.6926,53.28823,2022/04/13 23:00:00+00,Thu 14 Apr 2022,359,426,0,3838947,3781824,240682,4079629,4022506,86.6364317664375,85.4233477110506,472
-7.6926,53.28823,2022/04/14 23:00:00+00,Fri 15 Apr 2022,448,989,0,3839395,3782813,240682,4080077,4023495,86.6459456515068,85.4443504617951,473
-7.6926,53.28823,2022/04/15 23:00:00+00,Sat 16 Apr 2022,42,88,0,3839437,3782901,240682,4080119,4023583,86.6468375782321,85.446219260648,474
-7.6926,53.28823,2022/04/16 23:00:00+00,Sun 17 Apr 2022,1,0,0,3839438,3782901,240682,4080120,4023583,86.6468588145827,85.446219260648,475
-7.6926,53.28823,2022/04/17 23:00:00+00,Mon 18 Apr 2022,36,61,0,3839474,3782962,240682,4080156,4023644,86.6476233232043,85.4475146780346,476
-7.6926,53.28823,2022/04/18 23:00:00+00,Tue 19 Apr 2022,219,268,1,3839693,3783230,240683,4080376,4023913,86.6522953203365,85.4532272563463,477
-7.6926,53.28823,2022/04/19 23:00:00+00,Wed 20 Apr 2022,249,606,0,3839942,3783836,240683,4080625,4024519,86.6575831716362,85.4660964848106,478
-7.6926,53.28823,2022/04/20 23:00:00+00,Thu 21 Apr 2022,169,238,0,3840111,3784074,240683,4080794,4024757,86.6611721148878,85.4711507362536,479
-7.6926,53.28823,2022/04/21 23:00:00+00,Fri 22 Apr 2022,198,251,0,3840309,3784325,240683,4080992,4025008,86.6653769123068,85.4764810602545,480
-7.6926,53.28823,2022/04/22 23:00:00+00,Sat 23 Apr 2022,322,1010,0,3840631,3785335,240683,4081314,4026018,86.6722150172004,85.4979297743617,481
-7.6926,53.28823,2022/04/23 23:00:00+00,Sun 24 Apr 2022,182,253,0,3840813,3785588,240683,4081496,4026271,86.6760800330098,85.5033025710637,482
-7.6926,53.28823,2022/04/24 23:00:00+00,Mon 25 Apr 2022,41,57,0,3840854,3785645,240683,4081537,4026328,86.6769507233844,85.504513043048,483
-7.6926,53.28823,2022/04/25 23:00:00+00,Tue 26 Apr 2022,144,237,0,3840998,3785882,240683,4081681,4026565,86.680008757871,85.5095460581404,484
-7.6926,53.28823,2022/04/26 23:00:00+00,Wed 27 Apr 2022,121,208,0,3841119,3786090,240683,4081802,4026773,86.6825783562937,85.5139632190655,485
-7.6926,53.28823,2022/04/27 23:00:00+00,Thu 28 Apr 2022,106,128,0,3841225,3786218,240683,4081908,4026901,86.6848294094574,85.5166814719424,486
-7.6926,53.28823,2022/04/28 23:00:00+00,Fri 29 Apr 2022,171,221,0,3841396,3786439,240683,4082079,4027122,86.6884608254102,85.5213747054253,487
-7.6926,53.28823,2022/04/29 23:00:00+00,Sat 30 Apr 2022,281,722,0,3841677,3787161,240683,4082360,4027844,86.6944282399291,85.5367073505593,488
-7.6926,53.28823,2022/04/30 23:00:00+00,Sun 01 May 2022,186,746,0,3841863,3787907,240683,4082546,4028590,86.6983782011409,85.5525496681077,489
-7.6926,53.28823,2022/05/01 23:00:00+00,Mon 02 May 2022,11,26,0,3841874,3787933,240683,4082557,4028616,86.6986118009976,85.5531018132233,490
-7.6926,53.28823,2022/05/02 23:00:00+00,Tue 03 May 2022,94,117,0,3841968,3788050,240683,4082651,4028733,86.7006080179541,85.5555864662437,491
-7.6926,53.28823,2022/05/03 23:00:00+00,Wed 04 May 2022,120,128,0,3842088,3788178,240683,4082771,4028861,86.7031563800262,85.5583047191206,492
-7.6926,53.28823,2022/05/04 23:00:00+00,Thu 05 May 2022,120,163,0,3842208,3788341,240683,4082891,4029024,86.7057047420983,85.5617662442686,493
-7.6926,53.28823,2022/05/05 23:00:00+00,Fri 06 May 2022,143,258,0,3842351,3788599,240683,4083034,4029282,86.7087415402343,85.5672452227237,494
-7.6926,53.28823,2022/05/06 23:00:00+00,Sat 07 May 2022,442,1084,0,3842793,3789683,240683,4083476,4030366,86.7181280072,85.5902654267753,495
-7.6926,53.28823,2022/05/07 23:00:00+00,Sun 08 May 2022,274,437,0,3843067,3790120,240683,4083750,4030803,86.7239467672647,85.5995457119879,496
-7.6926,53.28823,2022/05/08 23:00:00+00,Mon 09 May 2022,26,31,0,3843093,3790151,240683,4083776,4030834,86.7244989123803,85.6002040388566,497
-7.6926,53.28823,2022/05/09 23:00:00+00,Tue 10 May 2022,87,98,1,3843180,3790249,240684,4083864,4030933,86.7263677112332,85.6023064375661,498
-7.6926,53.28823,2022/05/10 23:00:00+00,Wed 11 May 2022,127,131,0,3843307,3790380,240684,4083991,4031064,86.7290647277595,85.6050883994948,499
-7.6926,53.28823,2022/05/11 23:00:00+00,Thu 12 May 2022,248,397,0,3843555,3790777,240684,4084239,4031461,86.7343313427086,85.6135192306835,500
-7.6926,53.28823,2022/05/12 23:00:00+00,Fri 13 May 2022,182,325,0,3843737,3791102,240684,4084421,4031786,86.738196358518,85.6204210446288,501
-7.6926,53.28823,2022/05/13 23:00:00+00,Sat 14 May 2022,333,632,0,3844070,3791734,240684,4084754,4032418,86.7452680632682,85.6338424182087,502
-7.6926,53.28823,2022/05/14 23:00:00+00,Sun 15 May 2022,169,254,0,3844239,3791988,240684,4084923,4032672,86.7488570065198,85.6392364512614,503
-7.6926,53.28823,2022/05/15 23:00:00+00,Mon 16 May 2022,32,39,0,3844271,3792027,240684,4084955,4032711,86.749536569739,85.6400646689348,504
-7.6926,53.28823,2022/05/16 23:00:00+00,Tue 17 May 2022,103,93,0,3844374,3792120,240684,4085058,4032804,86.7517239138509,85.6420396495408,505
-7.6926,53.28823,2022/05/17 23:00:00+00,Wed 18 May 2022,104,120,0,3844478,3792240,240684,4085162,4032924,86.7539324943134,85.6445880116129,506
-7.6926,53.28823,2022/05/18 23:00:00+00,Thu 19 May 2022,97,103,0,3844575,3792343,240684,4085259,4033027,86.7559924203217,85.6467753557248,507
-7.6926,53.28823,2022/05/19 23:00:00+00,Fri 20 May 2022,128,205,0,3844703,3792548,240684,4085387,4033232,86.7587106731987,85.651128807598,508
-7.6926,53.28823,2022/05/20 23:00:00+00,Sat 21 May 2022,392,762,0,3845095,3793310,240684,4085779,4033994,86.7670353226343,85.6673109067561,509
-7.6926,53.28823,2022/05/21 23:00:00+00,Sun 22 May 2022,232,410,0,3845327,3793720,240684,4086011,4034404,86.7719621559738,85.6760178105025,510
-7.6926,53.28823,2022/05/22 23:00:00+00,Mon 23 May 2022,29,34,0,3845356,3793754,240684,4086040,4034438,86.7725780101412,85.676739846423,511
-7.6926,53.28823,2022/05/23 23:00:00+00,Tue 24 May 2022,80,82,0,3845436,3793836,240684,4086120,4034520,86.7742769181893,85.6784812271723,512
-7.6926,53.28823,2022/05/24 23:00:00+00,Wed 25 May 2022,92,127,0,3845528,3793963,240684,4086212,4034647,86.7762306624446,85.6811782436986,513
-7.6926,53.28823,2022/05/25 23:00:00+00,Thu 26 May 2022,129,152,0,3845657,3794115,240684,4086341,4034799,86.7789701516721,85.68440616899,514
-7.6926,53.28823,2022/05/26 23:00:00+00,Fri 27 May 2022,97,150,0,3845754,3794265,240684,4086438,4034949,86.7810300776804,85.6875916215801,515
-7.6926,53.28823,2022/05/27 23:00:00+00,Sat 28 May 2022,335,578,0,3846089,3794843,240684,4086773,4035527,86.7881442551318,85.6998662322276,516
-7.6926,53.28823,2022/05/28 23:00:00+00,Sun 29 May 2022,181,348,0,3846270,3795191,240684,4086954,4035875,86.7919880345906,85.7072564822367,517
-7.6926,53.28823,2022/05/29 23:00:00+00,Mon 30 May 2022,14,21,0,3846284,3795212,240684,4086968,4035896,86.792285343499,85.7077024455994,518
-7.6926,53.28823,2022/05/30 23:00:00+00,Tue 31 May 2022,65,78,1,3846349,3795290,240685,4087034,4035975,86.7936869426387,85.7093801172969,519
-7.6926,53.28823,2022/05/31 23:00:00+00,Wed 01 Jun 2022,64,100,0,3846413,3795390,240685,4087098,4036075,86.7950460690772,85.711503752357,520
-7.6926,53.28823,2022/06/01 23:00:00+00,Thu 02 Jun 2022,121,131,0,3846534,3795521,240685,4087219,4036206,86.7976156674999,85.7142857142857,521
-7.6926,53.28823,2022/06/02 23:00:00+00,Fri 03 Jun 2022,62,140,0,3846596,3795661,240685,4087281,4036346,86.7989323212372,85.7172588033699,522
-7.6926,53.28823,2022/06/03 23:00:00+00,Sat 04 Jun 2022,304,606,0,3846900,3796267,240685,4087585,4036952,86.8053881718199,85.7301280318341,523
-7.6926,53.28823,2022/06/04 23:00:00+00,Sun 05 Jun 2022,142,273,0,3847042,3796540,240685,4087727,4037225,86.8084037336053,85.7359255555482,524
-7.6926,53.28823,2022/06/05 23:00:00+00,Mon 06 Jun 2022,3,4,0,3847045,3796544,240685,4087730,4037229,86.8084674426571,85.7360105009506,525
-7.6926,53.28823,2022/06/06 23:00:00+00,Tue 07 Jun 2022,29,48,0,3847074,3796592,240685,4087759,4037277,86.8090832968245,85.7370298457795,526
-7.6926,53.28823,2022/06/07 23:00:00+00,Wed 08 Jun 2022,42,75,0,3847116,3796667,240685,4087801,4037352,86.8099752235498,85.7386225720746,527
-7.6926,53.28823,2022/06/08 23:00:00+00,Thu 09 Jun 2022,85,119,0,3847201,3796786,240685,4087886,4037471,86.8117803133509,85.7411496977961,528
-7.6926,53.28823,2022/06/09 23:00:00+00,Fri 10 Jun 2022,58,103,0,3847259,3796889,240685,4087944,4037574,86.8130120216857,85.743337041908,529
-7.6926,53.28823,2022/06/10 23:00:00+00,Sat 11 Jun 2022,190,553,0,3847449,3797442,240685,4088134,4038127,86.8170469282999,85.7550807437904,530
-7.6926,53.28823,2022/06/11 23:00:00+00,Sun 12 Jun 2022,146,283,0,3847595,3797725,240685,4088280,4038410,86.8201474354877,85.7610906310105,531
-7.6926,53.28823,2022/06/12 23:00:00+00,Mon 13 Jun 2022,21,36,0,3847616,3797761,240685,4088301,4038446,86.8205933988503,85.7618551396322,532
-7.6926,53.28823,2022/06/13 23:00:00+00,Tue 14 Jun 2022,36,45,0,3847652,3797806,240685,4088337,4038491,86.8213579074719,85.7628107754092,533
