X,Y,VaccinationDate,VaccineText,Dose1,Dose2,SingleDose,Dose1Cum,Dose2Cum,SingleDoseCum,PartiallyVacc,FullyVacc,PartialPercent,FullyPercent,ObjectId
-7.6926,53.28823,2021/04/20 23:00:00+00,Wed 21 Apr 2021,26735,9896,4,950332,399662,264,950596,399926,19.810195604102,8.33436316496819,1
-7.6926,53.28823,2022/03/29 23:00:00+00,Wed 30 Mar 2022,109,135,0,3838647,3779959,241014,4079661,4020973,85.0191694562427,83.7961254295336,2
-7.6926,53.28823,2021/08/12 23:00:00+00,Fri 13 Aug 2021,10941,28230,874,3308762,2905195,231822,3540584,3137017,73.784932392682,65.3746916496527,3
-7.6926,53.28823,2021/04/21 23:00:00+00,Thu 22 Apr 2021,31635,12189,1,981967,411851,265,982232,412116,20.4694823548682,8.58839987921273,4
-7.6926,53.28823,2021/12/05 00:00:00+00,Sun 05 Dec 2021,1347,1777,2,3669847,3608022,240946,3910793,3848968,81.5000003125965,80.2115819485137,5
-7.6926,53.28823,2022/03/30 23:00:00+00,Thu 31 Mar 2022,227,359,0,3838874,3780318,241014,4079888,4021332,85.0239000825046,83.803606904547,6
-7.6926,53.28823,2021/08/13 23:00:00+00,Sat 14 Aug 2021,18145,5854,281,3326907,2911049,232103,3559010,3143152,74.1689258706697,65.5025435973057,7
-7.6926,53.28823,2021/04/22 23:00:00+00,Fri 23 Apr 2021,33612,12361,3,1015579,424212,268,1015847,424480,21.1700109971431,8.84606271226601,8
-7.6926,53.28823,2022/03/31 23:00:00+00,Fri 01 Apr 2022,306,905,0,3839180,3781223,241014,4080194,4022237,85.0302770500648,83.8224668903051,9
-7.6926,53.28823,2021/12/06 00:00:00+00,Mon 06 Dec 2021,936,1304,0,3670783,3609326,240946,3911729,3850272,81.5195063310159,80.238756999816,10
-7.6926,53.28823,2021/08/14 23:00:00+00,Sun 15 Aug 2021,17003,3739,52,3343910,2914788,232155,3576065,3146943,74.5243480332161,65.5815471398571,11
-7.6926,53.28823,2021/04/23 23:00:00+00,Sat 24 Apr 2021,23707,7004,2,1039286,431216,270,1039556,431486,21.6641009444789,8.992066093726,12
-7.6926,53.28823,2022/04/01 23:00:00+00,Sat 02 Apr 2022,729,1538,1,3839909,3782761,241015,4080924,4023776,85.0454900772509,83.8545392859755,13
-7.6926,53.28823,2021/12/07 00:00:00+00,Tue 07 Dec 2021,483,746,2,3671266,3610072,240948,3912214,3851020,81.5296136162012,80.2543451427409,14
-7.6926,53.28823,2021/08/15 23:00:00+00,Mon 16 Aug 2021,10201,23167,386,3354111,2937955,232541,3586652,3170496,74.744978606941,66.072386084123,15
-7.6926,53.28823,2021/04/24 23:00:00+00,Sun 25 Apr 2021,9755,309,3,1049041,431525,273,1049314,431798,21.8674553544542,8.99856809986581,16
-7.6926,53.28823,2022/04/02 23:00:00+00,Sun 03 Apr 2022,538,815,0,3840447,3783576,241015,4081462,4024591,85.0567018698894,83.8715236930394,17
-7.6926,53.28823,2021/12/08 00:00:00+00,Wed 08 Dec 2021,795,1525,2,3672061,3611597,240950,3913011,3852547,81.5462229075263,80.2861674612521,18
-7.6926,53.28823,2021/08/16 23:00:00+00,Tue 17 Aug 2021,12876,26873,530,3366987,2964828,233071,3600058,3197899,75.0243564733202,66.6434581169732,19
-7.6926,53.28823,2021/04/25 23:00:00+00,Mon 26 Apr 2021,15600,3058,4,1064641,434583,277,1064918,434860,22.1926390204978,9.06237945499434,20
-7.6926,53.28823,2022/04/03 23:00:00+00,Mon 04 Apr 2022,50,51,0,3840497,3783627,241015,4081512,4024642,85.0577438580529,83.8725865209662,21
-7.6926,53.28823,2021/12/09 00:00:00+00,Thu 09 Dec 2021,784,1212,1,3672845,3612809,240951,3913796,3853760,81.5625821216921,80.311446094097,22
-7.6926,53.28823,2021/08/17 23:00:00+00,Wed 18 Aug 2021,15242,25779,658,3382229,2990607,233729,3615958,3224336,75.3557087092913,67.1943989385058,23
-7.6926,53.28823,2021/04/26 23:00:00+00,Tue 27 Apr 2021,25920,7823,9,1090561,442406,286,1090847,442692,22.73299324229,9.22559648091421,24
-7.6926,53.28823,2022/04/04 23:00:00+00,Tue 05 Apr 2022,130,169,0,3840627,3783796,241015,4081642,4024811,85.0604530272778,83.8761084409585,25
-7.6926,53.28823,2021/12/10 00:00:00+00,Fri 10 Dec 2021,895,1617,1,3673740,3614426,240952,3914692,3855378,81.5812545495808,80.3451648310656,26
-7.6926,53.28823,2021/08/18 23:00:00+00,Thu 19 Aug 2021,11371,25727,545,3393600,3016334,234274,3627874,3250608,75.6040353284003,67.7419011990991,27
-7.6926,53.28823,2020/12/28 00:00:00+00,Mon 28 Dec 2020,259,16,2,259,16,2,261,18,0.00543917821311117,0.000375115738835253,28
-7.6926,53.28823,2021/04/27 23:00:00+00,Wed 28 Apr 2021,26045,8622,5,1116606,451028,291,1116897,451319,23.2758690754377,9.40538111863264,29
-7.6926,53.28823,2022/04/05 23:00:00+00,Wed 06 Apr 2022,158,210,0,3840785,3784006,241015,4081800,4025021,85.0637457098742,83.880484791245,30
-7.6926,53.28823,2021/12/11 00:00:00+00,Sat 11 Dec 2021,643,844,2,3674383,3615270,240954,3915337,3856224,81.5946961968891,80.3627952707908,31
-7.6926,53.28823,2021/08/19 23:00:00+00,Fri 20 Aug 2021,14859,22271,686,3408459,3038605,234960,3643419,3273565,75.9279894484111,68.220319644457,32
-7.6926,53.28823,2020/12/29 00:00:00+00,Tue 29 Dec 2020,79,3,0,338,19,2,340,21,0.00708551951133256,0.000437635028641129,33
-7.6926,53.28823,2021/04/28 23:00:00+00,Thu 29 Apr 2021,31695,11331,6,1148301,462359,297,1148598,462656,23.9365104108163,9.64164151480905,34
-7.6926,53.28823,2022/04/06 23:00:00+00,Thu 07 Apr 2022,117,178,0,3840902,3784184,241015,4081917,4025199,85.0661839621767,83.8841942691068,35
-7.6926,53.28823,2021/12/12 00:00:00+00,Sun 12 Dec 2021,685,1193,0,3675068,3616463,240954,3916022,3857417,81.6089714347281,80.3876571083703,36
-7.6926,53.28823,2021/08/20 23:00:00+00,Sat 21 Aug 2021,11900,7992,246,3420359,3046597,235206,3655565,3281803,76.1811092130718,68.3919976142639,37
-7.6926,53.28823,2020/12/30 00:00:00+00,Wed 30 Dec 2020,1063,2,0,1401,21,2,1403,23,0.0292381878658811,0.000479314555178379,38
-7.6926,53.28823,2021/04/29 23:00:00+00,Fri 30 Apr 2021,36098,13543,8,1184399,475902,305,1184704,476207,24.6889509033933,9.92404114686219,39
-7.6926,53.28823,2022/04/07 23:00:00+00,Fri 08 Apr 2022,256,422,2,3841158,3784606,241017,4082175,4025623,85.0715606211,83.8930303287327,40
-7.6926,53.28823,2021/12/13 00:00:00+00,Mon 13 Dec 2021,720,1071,1,3675788,3617534,240955,3916743,3858489,81.6239969040448,80.4099973345943,41
-7.6926,53.28823,2021/08/21 23:00:00+00,Sun 22 Aug 2021,8005,12260,162,3428364,3058857,235368,3663732,3294225,76.3513075596866,68.6508691535868,42
-7.6926,53.28823,2020/12/31 00:00:00+00,Thu 31 Dec 2020,1038,1,0,2439,22,2,2441,24,0.050869862138714,0.000500154318447004,43
-7.6926,53.28823,2021/04/30 23:00:00+00,Sat 01 May 2021,16603,6699,19,1201002,482601,324,1201326,482925,25.0353494484444,10.0640426765008,44
-7.6926,53.28823,2022/04/08 23:00:00+00,Sat 09 Apr 2022,558,1018,0,3841716,3785624,241017,4082733,4026641,85.0831892090039,83.9142452077401,45
-7.6926,53.28823,2021/12/14 00:00:00+00,Tue 14 Dec 2021,632,1203,3,3676420,3618737,240958,3917378,3859695,81.6372301537203,80.4351300890962,46
-7.6926,53.28823,2021/08/22 23:00:00+00,Mon 23 Aug 2021,10877,15396,291,3439241,3074253,235659,3674900,3309912,76.5840460358706,68.9777825199817,47
-7.6926,53.28823,2021/01/01 00:00:00+00,Fri 01 Jan 2021,818,0,0,3257,22,2,3259,24,0.0679167884924494,0.000500154318447004,48
-7.6926,53.28823,2021/05/01 23:00:00+00,Sun 02 May 2021,12470,911,16,1213472,483512,340,1213812,483852,25.2955547326165,10.0833611370508,49
-7.6926,53.28823,2022/04/09 23:00:00+00,Sun 10 Apr 2022,413,719,0,3842129,3786343,241017,4083146,4027360,85.0917960312338,83.9292289975303,50
-7.6926,53.28823,2021/12/15 00:00:00+00,Wed 15 Dec 2021,790,1260,1,3677210,3619997,240959,3918169,3860956,81.6537144064658,80.461409030578,51
-7.6926,53.28823,2021/08/23 23:00:00+00,Tue 24 Aug 2021,9718,22929,384,3448959,3097182,236043,3685002,3333225,76.7945693244103,69.4636199210631,52
-7.6926,53.28823,2021/01/02 00:00:00+00,Sat 02 Jan 2021,1019,0,0,4276,22,2,4278,24,0.0891525072631785,0.000500154318447004,53
-7.6926,53.28823,2021/01/03 00:00:00+00,Sun 03 Jan 2021,22,3,1,4298,25,3,4301,28,0.0896318218183569,0.000583513371521505,54
-7.6926,53.28823,2021/01/04 00:00:00+00,Mon 04 Jan 2021,1196,5,0,5494,30,3,5497,33,0.114556178687633,0.000687712187864631,55
-7.6926,53.28823,2021/01/05 00:00:00+00,Tue 05 Jan 2021,3540,13,0,9034,43,3,9037,46,0.188328940658566,0.000958629110356758,56
-7.6926,53.28823,2021/01/06 00:00:00+00,Wed 06 Jan 2021,6786,13,0,15820,56,3,15823,59,0.329747574199456,0.00122954603284889,57
-7.6926,53.28823,2021/01/07 00:00:00+00,Thu 07 Jan 2021,11736,9,0,27556,65,3,27559,68,0.574323035920041,0.00141710390226651,58
-7.6926,53.28823,2021/01/08 00:00:00+00,Fri 08 Jan 2021,12684,6,0,40240,71,3,40243,74,0.838654593219283,0.00154214248187826,59
-7.6926,53.28823,2021/01/09 00:00:00+00,Sat 09 Jan 2021,8077,7,0,48317,78,3,48320,81,1.00697736113997,0.00168802082475864,60
-7.6926,53.28823,2021/01/10 00:00:00+00,Sun 10 Jan 2021,4787,4,1,53104,82,4,53108,86,1.10675814767015,0.00179221964110177,61
-7.6926,53.28823,2021/01/11 00:00:00+00,Mon 11 Jan 2021,8347,7,0,61451,89,4,61455,93,1.28070765167336,0.00193809798398214,62
-7.6926,53.28823,2021/01/12 00:00:00+00,Tue 12 Jan 2021,8893,13,0,70344,102,4,70348,106,1.46603566642124,0.00220901490647427,63
-7.6926,53.28823,2021/01/13 00:00:00+00,Wed 13 Jan 2021,9898,4,0,80242,106,4,80246,110,1.6723076432541,0.00229237395954877,64
-7.6926,53.28823,2021/01/14 00:00:00+00,Thu 14 Jan 2021,8095,5,0,88337,111,4,88341,115,1.84100552691362,0.0023965727758919,65
-7.6926,53.28823,2021/01/15 00:00:00+00,Fri 15 Jan 2021,7699,4,0,96036,115,4,96040,119,2.00145086431876,0.0024799318289664,66
-7.6926,53.28823,2021/01/16 00:00:00+00,Sat 16 Jan 2021,5243,2,0,101279,117,4,101283,121,2.11071374313616,0.00252161135550365,67
-7.6926,53.28823,2021/01/17 00:00:00+00,Sun 17 Jan 2021,1115,5,0,102394,122,4,102398,126,2.13395007918068,0.00262581017184677,68
-7.6926,53.28823,2021/01/18 00:00:00+00,Mon 18 Jan 2021,8722,9,1,111116,131,5,111121,136,2.3157353341729,0.00283420780453302,69
-7.6926,53.28823,2021/01/19 00:00:00+00,Tue 19 Jan 2021,8393,21,0,119509,152,5,119514,157,2.49064346728647,0.00327184283317415,70
-7.6926,53.28823,2021/01/20 00:00:00+00,Wed 20 Jan 2021,8450,964,0,127959,1116,5,127964,1121,2.66673946690635,0.0233613746241288,71
-7.6926,53.28823,2021/01/21 00:00:00+00,Thu 21 Jan 2021,9010,964,0,136969,2080,5,136974,2085,2.85450573395666,0.0434509064150835,72
-7.6926,53.28823,2021/01/22 00:00:00+00,Fri 22 Jan 2021,6790,969,0,143759,3049,5,143764,3054,2.99600772655063,0.0636446370223813,73
-7.6926,53.28823,2021/01/23 00:00:00+00,Sat 23 Jan 2021,4198,460,0,147957,3509,5,147962,3514,3.08349305275232,0.0732309281259489,74
-7.6926,53.28823,2021/01/24 00:00:00+00,Sun 24 Jan 2021,1187,399,0,149144,3908,5,149149,3913,3.10822985175218,0.0815459936701303,75
-7.6926,53.28823,2021/01/25 00:00:00+00,Mon 25 Jan 2021,1367,1291,0,150511,5199,5,150516,5204,3.13671780814039,0.108450128049925,76
-7.6926,53.28823,2021/01/26 00:00:00+00,Tue 26 Jan 2021,1008,3505,0,151519,8704,5,151524,8709,3.15772428951516,0.181493498306457,77
-7.6926,53.28823,2021/01/27 00:00:00+00,Wed 27 Jan 2021,2185,6705,0,153704,15409,5,153709,15414,3.20325917225711,0.321224111022588,78
-7.6926,53.28823,2021/01/28 00:00:00+00,Thu 28 Jan 2021,1021,11542,0,154725,26951,5,154730,26956,3.22453657055437,0.56175665866906,79
-7.6926,53.28823,2021/01/29 00:00:00+00,Fri 29 Jan 2021,1591,11526,0,156316,38477,5,156321,38482,3.25769263391476,0.801955770103234,80
-7.6926,53.28823,2021/01/30 00:00:00+00,Sat 30 Jan 2021,654,7793,0,156970,46270,5,156975,46275,3.27132183909244,0.96436004525563,81
-7.6926,53.28823,2021/01/31 00:00:00+00,Sun 31 Jan 2021,236,4086,0,157206,50356,5,157211,50361,3.27624002322383,1.04951131797123,82
-7.6926,53.28823,2021/02/01 00:00:00+00,Mon 01 Feb 2021,1035,8332,1,158241,58688,6,158247,58694,3.29783001797013,1.22316906528869,83
-7.6926,53.28823,2021/02/02 00:00:00+00,Tue 02 Feb 2021,841,5110,0,159082,63798,6,159088,63804,3.31535625887904,1.32966025559136,84
-7.6926,53.28823,2021/02/03 00:00:00+00,Wed 03 Feb 2021,1409,6869,0,160491,70667,6,160497,70673,3.34471948532453,1.47280858948355,85
-7.6926,53.28823,2021/02/04 00:00:00+00,Thu 04 Feb 2021,1452,10541,1,161943,81208,7,161950,81215,3.37499966135385,1.69250137386139,86
-7.6926,53.28823,2021/02/05 00:00:00+00,Fri 05 Feb 2021,3402,8616,0,165345,89824,7,165352,89831,3.44589653599371,1.87205677418387,87
-7.6926,53.28823,2021/02/06 00:00:00+00,Sat 06 Feb 2021,910,3870,0,166255,93694,7,166262,93701,3.46486072056816,1.95270665803345,88
-7.6926,53.28823,2021/02/07 00:00:00+00,Sun 07 Feb 2021,336,1301,2,166591,94995,9,166600,95004,3.47190456055295,1.97986086957247,89
-7.6926,53.28823,2021/02/08 00:00:00+00,Mon 08 Feb 2021,1193,881,0,167784,95876,9,167793,95885,3.49676639813242,1.99822070101212,90
-7.6926,53.28823,2021/02/09 00:00:00+00,Tue 09 Feb 2021,4274,552,3,172058,96428,12,172070,96440,3.58589806563233,2.00978676962621,91
-7.6926,53.28823,2021/02/10 00:00:00+00,Wed 10 Feb 2021,8832,584,0,180890,97012,12,180902,97024,3.76995485482083,2.02195719137509,92
-7.6926,53.28823,2021/02/11 00:00:00+00,Thu 11 Feb 2021,6198,448,0,187088,97460,12,187100,97472,3.89911970755977,2.03129340531943,93
-7.6926,53.28823,2021/02/12 00:00:00+00,Fri 12 Feb 2021,4401,526,0,191489,97986,12,191501,97998,3.99083550570499,2.04225512079873,94
-7.6926,53.28823,2021/02/13 00:00:00+00,Sat 13 Feb 2021,1220,1917,0,192709,99903,12,192721,99915,4.01626001689271,2.08220494698468,95
-7.6926,53.28823,2021/02/14 00:00:00+00,Sun 14 Feb 2021,2704,27,0,195413,99930,12,195425,99942,4.07261073677107,2.08276762059294,96
-7.6926,53.28823,2021/02/15 00:00:00+00,Mon 15 Feb 2021,1968,7893,0,197381,107823,12,197393,107835,4.11362339088373,2.2472558720722,97
-7.6926,53.28823,2021/02/16 00:00:00+00,Tue 16 Feb 2021,5659,8164,0,203040,115987,12,203052,115999,4.23155561122088,2.41739169939725,98
-7.6926,53.28823,2021/02/17 00:00:00+00,Wed 17 Feb 2021,9757,8465,0,212797,124452,12,212809,124464,4.43488918143285,2.59380029546616,99
-7.6926,53.28823,2021/02/18 00:00:00+00,Thu 18 Feb 2021,8471,8358,1,221268,132810,13,221281,132823,4.61144365584465,2.7679998766286,100
-7.6926,53.28823,2021/02/19 00:00:00+00,Fri 19 Feb 2021,9400,6589,1,230668,139399,14,230682,139413,4.80735827033299,2.90533391656884,101
-7.6926,53.28823,2021/02/20 00:00:00+00,Sat 20 Feb 2021,5897,3574,2,236565,142973,16,236581,142989,4.93029203385461,2.97985691001744,102
-7.6926,53.28823,2021/02/21 00:00:00+00,Sun 21 Feb 2021,1116,1025,6,237681,143998,22,237703,144020,4.95367424824201,3.0013427059474,103
-7.6926,53.28823,2021/02/22 00:00:00+00,Mon 22 Feb 2021,3953,1123,2,241634,145121,24,241658,145145,5.03609551196942,3.0247874396246,104
-7.6926,53.28823,2021/02/23 00:00:00+00,Tue 23 Feb 2021,13369,1073,1,255003,146194,25,255028,146219,5.31472314687094,3.0471693453751,105
-7.6926,53.28823,2021/02/24 00:00:00+00,Wed 24 Feb 2021,16949,2108,5,271952,148302,30,271982,148332,5.66804049332721,3.09120376516171,106
-7.6926,53.28823,2021/02/25 00:00:00+00,Thu 25 Feb 2021,18106,1763,3,290058,150065,33,290091,150098,6.04542776635874,3.1280067870941,107
-7.6926,53.28823,2021/02/26 00:00:00+00,Fri 26 Feb 2021,16088,2773,0,306146,152838,33,306179,152871,6.38069787782439,3.185795450638,108
-7.6926,53.28823,2021/02/27 00:00:00+00,Sat 27 Feb 2021,9006,706,1,315152,153544,34,315186,153578,6.56840162558489,3.20052916326892,109
-7.6926,53.28823,2021/02/28 00:00:00+00,Sun 28 Feb 2021,2451,59,2,317603,153603,36,317639,153639,6.61952156488283,3.2018003888283,110
-7.6926,53.28823,2021/03/01 00:00:00+00,Mon 01 Mar 2021,5612,803,0,323215,154406,36,323251,154442,6.73647431634636,3.21853471873301,111
-7.6926,53.28823,2021/03/02 00:00:00+00,Tue 02 Mar 2021,12196,1615,0,335411,156021,36,335447,156057,6.99063606917051,3.25219093641184,112
-7.6926,53.28823,2021/03/03 00:00:00+00,Wed 03 Mar 2021,12917,1510,1,348328,157531,37,348365,157568,7.25984413107461,3.28367981871073,113
-7.6926,53.28823,2021/03/04 00:00:00+00,Thu 04 Mar 2021,18733,1697,5,367061,159228,42,367103,159270,7.65033961520211,3.31914909579393,114
-7.6926,53.28823,2021/03/05 00:00:00+00,Fri 05 Mar 2021,18461,2403,6,385522,161631,48,385570,161679,8.03518752348381,3.36935208550805,115
-7.6926,53.28823,2021/03/06 00:00:00+00,Sat 06 Mar 2021,10410,149,5,395932,161780,53,395985,161833,8.25223365792654,3.37256140905142,116
-7.6926,53.28823,2021/03/07 00:00:00+00,Sun 07 Mar 2021,1534,14,3,397466,161794,56,397522,161850,8.28426437407042,3.37291568502698,117
-7.6926,53.28823,2021/03/08 00:00:00+00,Mon 08 Mar 2021,6681,1506,5,404147,163300,61,404208,163361,8.42359903128444,3.40440456732588,118
-7.6926,53.28823,2021/03/09 00:00:00+00,Tue 09 Mar 2021,13851,3111,6,417998,166411,67,418065,166478,8.71237563089778,3.46936210943418,119
-7.6926,53.28823,2021/03/10 00:00:00+00,Wed 10 Mar 2021,13751,3997,3,431749,170408,70,431819,170478,8.99900573489445,3.55272116250868,120
-7.6926,53.28823,2021/03/11 00:00:00+00,Thu 11 Mar 2021,18500,2107,3,450249,172515,73,450322,172588,9.38460387465383,3.59669306300548,121
-7.6926,53.28823,2021/03/12 00:00:00+00,Fri 12 Mar 2021,17343,1348,4,467592,173863,77,467669,173940,9.74611124807467,3.62486842294466,122
-7.6926,53.28823,2021/03/13 00:00:00+00,Sat 13 Mar 2021,8324,178,0,475916,174041,77,475993,174118,9.9195814375227,3.62857790080648,123
-7.6926,53.28823,2021/03/14 00:00:00+00,Sun 14 Mar 2021,391,22,2,476307,174063,79,476386,174142,9.92777146448727,3.62907805512492,124
-7.6926,53.28823,2021/03/15 00:00:00+00,Mon 15 Mar 2021,2671,1000,0,478978,175063,79,479057,175142,9.98343447217777,3.64991781839355,125
-7.6926,53.28823,2021/03/16 00:00:00+00,Tue 16 Mar 2021,8963,3828,2,487941,178891,81,488022,178972,10.170262949881,3.72973411171238,126
-7.6926,53.28823,2021/03/17 00:00:00+00,Wed 17 Mar 2021,4895,2424,7,492836,181315,88,492924,181403,10.2724194694238,3.78039557621841,127
-7.6926,53.28823,2021/03/18 00:00:00+00,Thu 18 Mar 2021,11741,4688,5,504577,186003,93,504670,186096,10.5172033287771,3.87819658523807,128
-7.6926,53.28823,2021/03/19 00:00:00+00,Fri 19 Mar 2021,10389,6139,2,514966,192142,95,515061,192237,10.7337493089014,4.0061735714707,129
-7.6926,53.28823,2021/03/20 00:00:00+00,Sat 20 Mar 2021,5258,3126,4,520224,195268,99,520323,195367,10.8434081432209,4.07140203050149,130
-7.6926,53.28823,2021/03/21 00:00:00+00,Sun 21 Mar 2021,3652,58,3,523876,195326,102,523978,195428,10.9195774779677,4.07267325606088,131
-7.6926,53.28823,2021/03/22 00:00:00+00,Mon 22 Mar 2021,7427,2415,1,531303,197741,103,531406,197844,11.074375239527,4.12302212411788,132
-7.6926,53.28823,2021/03/23 00:00:00+00,Tue 23 Mar 2021,12573,7404,4,543876,205145,107,543983,205252,11.3364769421565,4.27740309041185,133
-7.6926,53.28823,2021/03/24 00:00:00+00,Wed 24 Mar 2021,13640,9784,2,557516,214929,109,557625,215038,11.6207729926671,4.48134101375862,134
-7.6926,53.28823,2021/03/25 00:00:00+00,Thu 25 Mar 2021,20880,10226,3,578396,225155,112,578508,225267,12.0559697690058,4.69451095223339,135
-7.6926,53.28823,2021/03/26 00:00:00+00,Fri 26 Mar 2021,19710,9505,1,598106,234660,113,598219,234773,12.4667423427937,4.89261374186494,136
-7.6926,53.28823,2021/03/27 00:00:00+00,Sat 27 Mar 2021,11764,5362,3,609870,240022,116,609986,240138,12.7119638371756,5.00441907180111,137
-7.6926,53.28823,2021/03/28 00:00:00+00,Sun 28 Mar 2021,2495,488,0,612365,240510,116,612481,240626,12.7639590465308,5.0145888762762,138
-7.6926,53.28823,2021/03/28 23:00:00+00,Mon 29 Mar 2021,9287,3128,3,621652,243638,119,621771,243757,12.9575604472963,5.07983817507027,139
-7.6926,53.28823,2021/03/29 23:00:00+00,Tue 30 Mar 2021,13344,8676,4,634996,252314,123,635119,252437,13.235729607406,5.26072732024193,140
-7.6926,53.28823,2021/03/30 23:00:00+00,Wed 31 Mar 2021,15843,10506,4,650839,262820,127,650966,262947,13.5659773359239,5.47975323219518,141
-7.6926,53.28823,2021/03/31 23:00:00+00,Thu 01 Apr 2021,19713,11582,9,670552,274402,136,670688,274538,13.9769791471077,5.72130692824182,142
-7.6926,53.28823,2021/04/01 23:00:00+00,Fri 02 Apr 2021,20159,13727,9,690711,288129,145,690856,288274,14.3972754927093,6.00756191649965,143
-7.6926,53.28823,2021/04/02 23:00:00+00,Sat 03 Apr 2021,7553,4638,7,698264,292767,152,698416,292919,14.5548241030201,6.10436261688242,144
-7.6926,53.28823,2021/04/03 23:00:00+00,Sun 04 Apr 2021,3046,171,3,701310,292938,155,701465,293093,14.6183645412262,6.10798873569116,145
-7.6926,53.28823,2021/04/04 23:00:00+00,Mon 05 Apr 2021,3445,613,5,704755,293551,160,704915,293711,14.6902617245029,6.12086770939117,146
-7.6926,53.28823,2021/04/05 23:00:00+00,Tue 06 Apr 2021,12007,8156,12,716762,301707,172,716934,301879,14.9407348392285,6.2910868957693,147
-7.6926,53.28823,2021/04/06 23:00:00+00,Wed 07 Apr 2021,18375,10489,12,735137,312196,184,735321,312380,15.3239155664487,6.50992524985313,148
-7.6926,53.28823,2021/04/07 23:00:00+00,Thu 08 Apr 2021,20195,10569,17,755332,322765,201,755533,322966,15.7451288616342,6.7305349838148,149
-7.6926,53.28823,2021/04/08 23:00:00+00,Fri 09 Apr 2021,20682,9166,16,776014,331931,217,776231,332148,16.1764702817682,6.92188569014731,150
-7.6926,53.28823,2021/04/09 23:00:00+00,Sat 10 Apr 2021,11186,4183,12,787200,336114,229,787429,336343,16.4098339508503,7.0093084970592,151
-7.6926,53.28823,2021/04/10 23:00:00+00,Sun 11 Apr 2021,2868,367,9,790068,336481,238,790306,336719,16.4697899497741,7.0171442480482,152
-7.6926,53.28823,2021/04/11 23:00:00+00,Mon 12 Apr 2021,7786,2803,13,797854,339284,251,798105,339535,16.6323192635061,7.07582902141265,153
-7.6926,53.28823,2021/04/12 23:00:00+00,Tue 13 Apr 2021,11527,8593,1,809381,347877,252,809633,348129,16.8725600544668,7.25492594694321,154
-7.6926,53.28823,2021/04/13 23:00:00+00,Wed 14 Apr 2021,20352,6596,2,829733,354473,254,829987,354727,17.2967325960364,7.3924267049896,155
-7.6926,53.28823,2021/04/14 23:00:00+00,Thu 15 Apr 2021,27112,10817,1,856845,365290,255,857100,365545,17.8617610975386,7.61787126402959,156
-7.6926,53.28823,2021/04/15 23:00:00+00,Fri 16 Apr 2021,27967,9841,1,884812,375131,256,885068,375387,18.4446075966355,7.8229762141194,157
-7.6926,53.28823,2021/04/16 23:00:00+00,Sat 17 Apr 2021,15855,4562,3,900667,379693,259,900926,379952,18.7750845625494,7.91810973344067,158
-7.6926,53.28823,2021/04/17 23:00:00+00,Sun 18 Apr 2021,1077,486,0,901744,380179,259,902003,380438,18.7975289875897,7.92823785838922,159
-7.6926,53.28823,2021/04/18 23:00:00+00,Mon 19 Apr 2021,6756,2264,0,908500,382443,259,908759,382702,18.9383224282325,7.97541908242939,160
-7.6926,53.28823,2021/04/19 23:00:00+00,Tue 20 Apr 2021,15097,7323,1,923597,389766,260,923857,390026,19.2529611740622,8.1280495086088,161
-7.6926,53.28823,2022/07/21 23:00:00+00,Fri 22 Jul 2022,73,70,0,3854303,3807939,241032,4095335,4048971,85.3458119057151,84.3795971215285,162
-7.6926,53.28823,2021/05/02 23:00:00+00,Mon 03 May 2021,14273,931,21,1227745,484443,361,1228106,484804,25.5934383087782,10.1032005916826,163
-7.6926,53.28823,2022/07/22 23:00:00+00,Sat 23 Jul 2022,99,175,0,3854402,3808114,241032,4095434,4049146,85.3478750422787,84.3832440801006,164
-7.6926,53.28823,2022/04/10 23:00:00+00,Mon 11 Apr 2022,70,93,1,3842199,3786436,241018,4083217,4027454,85.0932756544259,83.9311879352775,165
-7.6926,53.28823,2021/12/16 00:00:00+00,Thu 16 Dec 2021,1046,1545,8,3678256,3621542,240967,3919223,3862509,81.675679516951,80.4937731829341,166
-7.6926,53.28823,2022/04/11 23:00:00+00,Tue 12 Apr 2022,197,178,0,3842396,3786614,241018,4083414,4027632,85.0973810877898,83.9348974131393,167
-7.6926,53.28823,2022/07/23 23:00:00+00,Sun 24 Jul 2022,108,231,0,3854510,3808345,241032,4095542,4049377,85.3501257367117,84.3880580654156,168
-7.6926,53.28823,2021/05/03 23:00:00+00,Tue 04 May 2021,26664,6802,10,1254409,491245,371,1254780,491616,26.1493181542055,10.2451610590684,169
-7.6926,53.28823,2022/04/12 23:00:00+00,Wed 13 Apr 2022,142,235,0,3842538,3786849,241018,4083556,4027867,85.1003403341739,83.9397947575075,170
-7.6926,53.28823,2021/12/17 00:00:00+00,Fri 17 Dec 2021,1197,2459,1,3679453,3624001,240968,3920421,3864969,81.7006455533468,80.545039000575,171
-7.6926,53.28823,2022/07/24 23:00:00+00,Mon 25 Jul 2022,14,23,0,3854524,3808368,241032,4095556,4049400,85.3504174933974,84.3885373799708,172
-7.6926,53.28823,2021/05/04 23:00:00+00,Wed 05 May 2021,32123,13465,70,1286532,504710,441,1286973,505151,26.8202126531123,10.5272272549093,173
-7.6926,53.28823,2022/04/13 23:00:00+00,Thu 14 Apr 2022,359,431,0,3842897,3787280,241018,4083915,4028298,85.1078218091874,83.9487766954762,174
-7.6926,53.28823,2021/12/18 00:00:00+00,Sat 18 Dec 2021,1251,1184,0,3680704,3625185,240968,3921672,3866153,81.7267160971958,80.569713280285,175
-7.6926,53.28823,2022/07/25 23:00:00+00,Tue 26 Jul 2022,18,16,0,3854542,3808384,241032,4095574,4049416,85.3507926091363,84.3888708161831,176
-7.6926,53.28823,2021/05/05 23:00:00+00,Thu 06 May 2021,37299,14380,133,1323831,519090,574,1324405,519664,27.6002866717835,10.8296747392268,177
-7.6926,53.28823,2022/04/14 23:00:00+00,Fri 15 Apr 2022,446,990,0,3843343,3788270,241018,4084361,4029288,85.1171163436052,83.9694080611122,178
-7.6926,53.28823,2021/12/19 00:00:00+00,Sun 19 Dec 2021,550,890,1,3681254,3626075,240969,3922223,3867044,81.7381988067568,80.5882815093574,179
-7.6926,53.28823,2022/07/26 23:00:00+00,Wed 27 Jul 2022,60,72,1,3854602,3808456,241033,4095635,4049489,85.3520638346957,84.3903921189017,180
-7.6926,53.28823,2021/05/06 23:00:00+00,Fri 07 May 2021,40597,15089,98,1364428,534179,672,1365100,534851,28.4483608380002,11.1461682239874,181
-7.6926,53.28823,2022/04/15 23:00:00+00,Sat 16 Apr 2022,43,88,0,3843386,3788358,241018,4084404,4029376,85.1180124534257,83.9712419602798,182
-7.6926,53.28823,2021/12/20 00:00:00+00,Mon 20 Dec 2021,517,617,1,3681771,3626692,240970,3922741,3867662,81.74899380413,80.6011604830574,183
-7.6926,53.28823,2022/07/27 23:00:00+00,Thu 28 Jul 2022,49,71,0,3854651,3808527,241033,4095684,4049560,85.3530849830958,84.3918717420938,184
-7.6926,53.28823,2021/05/07 23:00:00+00,Sat 08 May 2021,25632,7062,10,1390060,541241,682,1390742,541923,28.9827340477343,11.2935470298232,185
-7.6926,53.28823,2022/04/16 23:00:00+00,Sun 17 Apr 2022,1,1,0,3843387,3788359,241018,4084405,4029377,85.118033293189,83.9712628000431,186
-7.6926,53.28823,2021/12/21 00:00:00+00,Tue 21 Dec 2021,1405,1817,3,3683176,3628509,240973,3924149,3869482,81.7783361908122,80.6390888522063,187
-7.6926,53.28823,2022/07/28 23:00:00+00,Fri 29 Jul 2022,71,105,0,3854722,3808632,241033,4095755,4049665,85.3545646062879,84.394059917237,188
-7.6926,53.28823,2021/05/08 23:00:00+00,Sun 09 May 2021,19674,931,5,1409734,542172,687,1410421,542859,29.3928397490976,11.3130530482426,189
-7.6926,53.28823,2022/04/17 23:00:00+00,Mon 18 Apr 2022,36,62,1,3843423,3788421,241019,4084442,4029440,85.1188043644299,83.972575705129,190
-7.6926,53.28823,2021/12/22 00:00:00+00,Wed 22 Dec 2021,1165,1599,2,3684341,3630108,240975,3925316,3871083,81.8026561945467,80.6724533131993,191
-7.6926,53.28823,2022/07/29 23:00:00+00,Sat 30 Jul 2022,100,119,0,3854822,3808751,241033,4095855,4049784,85.3566485826148,84.3965398490659,192
-7.6926,53.28823,2021/05/09 23:00:00+00,Mon 10 May 2021,28855,4656,171,1438589,546828,858,1439447,547686,29.9977347177327,11.4136465855402,193
-7.6926,53.28823,2022/04/18 23:00:00+00,Tue 19 Apr 2022,218,270,1,3843641,3788691,241020,4084661,4029711,85.1233682725858,83.9782232809748,194
-7.6926,53.28823,2021/12/23 00:00:00+00,Thu 23 Dec 2021,928,1398,0,3685269,3631506,240975,3926244,3872481,81.82199549486,80.7015873022489,195
-7.6926,53.28823,2022/07/30 23:00:00+00,Sun 31 Jul 2022,32,57,0,3854854,3808808,241033,4095887,4049841,85.3573154550394,84.3977277155722,196
-7.6926,53.28823,2021/05/10 23:00:00+00,Tue 11 May 2021,33927,14819,153,1472516,561647,1011,1473527,562658,30.7079538499274,11.7256595211981,197
-7.6926,53.28823,2021/05/11 23:00:00+00,Wed 12 May 2021,31302,20931,174,1503818,582578,1185,1505003,583763,31.3639062385707,12.1654827249824,198
-7.6926,53.28823,2021/05/12 23:00:00+00,Thu 13 May 2021,36007,25486,152,1539825,608064,1337,1541162,609401,32.1174512386009,12.6997725756634,199
-7.6926,53.28823,2021/05/13 23:00:00+00,Fri 14 May 2021,38234,27953,237,1578059,636017,1574,1579633,637591,32.9191777713082,13.287245502206,200
-7.6926,53.28823,2021/05/14 23:00:00+00,Sat 15 May 2021,28876,12462,22,1606935,648479,1596,1608531,650075,33.5214052502449,13.5474091068515,201
-7.6926,53.28823,2021/05/15 23:00:00+00,Sun 16 May 2021,23187,1182,11,1630122,649661,1607,1631729,651268,34.0048460785505,13.572270944431,202
-7.6926,53.28823,2021/05/16 23:00:00+00,Mon 17 May 2021,35399,3957,120,1665521,653618,1727,1667248,655345,34.7450536300888,13.6572346592772,203
-7.6926,53.28823,2021/05/17 23:00:00+00,Tue 18 May 2021,39023,12510,127,1704544,666128,1854,1706398,667982,35.5609303620555,13.9205867477028,204
-7.6926,53.28823,2021/05/18 23:00:00+00,Wed 19 May 2021,37038,17604,211,1741582,683732,2065,1743647,685797,36.3371907040485,14.2918471303333,205
-7.6926,53.28823,2021/05/19 23:00:00+00,Thu 20 May 2021,39097,19644,136,1780679,703376,2201,1782880,705577,37.1547971363665,14.7040576477867,206
-7.6926,53.28823,2021/05/20 23:00:00+00,Fri 21 May 2021,25846,23257,14934,1806525,726633,17135,1823660,743768,38.004642682461,15.4999490467788,207
-7.6926,53.28823,2021/05/21 23:00:00+00,Sat 22 May 2021,16594,10257,13523,1823119,736890,30658,1853777,767548,38.6322738328222,15.9955186173067,208
-7.6926,53.28823,2021/05/22 23:00:00+00,Sun 23 May 2021,8224,5534,10205,1831343,742424,40863,1872206,783287,39.0163298300997,16.3235156513916,209
-7.6926,53.28823,2021/05/23 23:00:00+00,Mon 24 May 2021,22558,8237,8452,1853901,750661,49315,1903216,799976,39.6625708890597,16.6713104605817,210
-7.6926,53.28823,2021/05/24 23:00:00+00,Tue 25 May 2021,30360,16515,3224,1884261,767176,52539,1936800,819715,40.3624534986732,17.0826665477411,211
-7.6926,53.28823,2021/05/25 23:00:00+00,Wed 26 May 2021,19986,25471,3054,1904247,792647,55593,1959840,848240,40.8426016443824,17.6771207949786,212
-7.6926,53.28823,2021/05/26 23:00:00+00,Thu 27 May 2021,17018,36057,550,1921265,828704,56143,1977408,884847,41.2087146054856,18.4400020089532,213
-7.6926,53.28823,2021/05/27 23:00:00+00,Fri 28 May 2021,27049,31834,1562,1948314,860538,57705,2006019,918243,41.8049610723642,19.1359667430722,214
-7.6926,53.28823,2021/05/28 23:00:00+00,Sat 29 May 2021,24496,7396,537,1972810,867934,58242,2031052,926176,42.3266428662677,19.3012885850822,215
-7.6926,53.28823,2021/05/29 23:00:00+00,Sun 30 May 2021,24259,1687,210,1997069,869621,58452,2055521,928073,42.8365710336877,19.3408216160028,216
-7.6926,53.28823,2021/05/30 23:00:00+00,Mon 31 May 2021,22601,7316,3445,2019670,876937,61897,2081567,938834,43.3793635077823,19.5650783085364,217
-7.6926,53.28823,2021/05/31 23:00:00+00,Tue 01 Jun 2021,27601,11525,3654,2047271,888462,65551,2112822,954013,44.0307103087432,19.8814050751909,218
-7.6926,53.28823,2021/06/01 23:00:00+00,Wed 02 Jun 2021,18716,20917,4008,2065987,909379,69559,2135546,978938,44.5042730892594,20.4008361746614,219
-7.6926,53.28823,2021/06/02 23:00:00+00,Thu 03 Jun 2021,16699,30709,1978,2082686,940088,71537,2154223,1011625,44.8934973478275,21.0820255166229,220
-7.6926,53.28823,2021/06/03 23:00:00+00,Fri 04 Jun 2021,28995,23346,153,2111681,963434,71690,2183371,1035124,45.5009347675814,21.5717391136724,221
-7.6926,53.28823,2021/06/04 23:00:00+00,Sat 05 Jun 2021,20976,11502,35,2132657,974936,71725,2204382,1046661,45.9387990336185,21.8121674625025,222
-7.6926,53.28823,2021/06/05 23:00:00+00,Sun 06 Jun 2021,19951,3918,47,2152608,978854,71772,2224380,1050626,46.3555526194645,21.8947971238626,223
-7.6926,53.28823,2021/06/06 23:00:00+00,Mon 07 Jun 2021,19843,4604,47,2172451,983458,71819,2244270,1055277,46.7700555108774,21.991722862825,224
-7.6926,53.28823,2021/06/07 23:00:00+00,Tue 08 Jun 2021,26422,18346,47,2198873,1001804,71866,2270739,1073670,47.3216632048347,22.3750286286248,225
-7.6926,53.28823,2021/06/08 23:00:00+00,Wed 09 Jun 2021,32817,20128,175,2231690,1021932,72041,2303731,1093973,48.0092086745931,22.7981383422677,226
-7.6926,53.28823,2021/06/09 23:00:00+00,Thu 10 Jun 2021,27710,27507,273,2259400,1049439,72314,2331714,1121753,48.5923677701391,23.3770669658701,227
-7.6926,53.28823,2021/06/10 23:00:00+00,Fri 11 Jun 2021,26456,32913,42,2285856,1082352,72356,2358212,1154708,49.1445798172311,24.0638413643876,228
-7.6926,53.28823,2021/06/11 23:00:00+00,Sat 12 Jun 2021,12221,19730,105,2298077,1102082,72461,2370538,1174543,49.4014507392802,24.4771980688208,229
-7.6926,53.28823,2021/06/12 23:00:00+00,Sun 13 Jun 2021,8558,18178,835,2306635,1120260,73296,2379931,1193556,49.5971986356624,24.8734244878472,230
-7.6926,53.28823,2021/06/13 23:00:00+00,Mon 14 Jun 2021,16026,31313,52,2322661,1151573,73348,2396009,1224921,49.9322603494953,25.5270636627676,231
-7.6926,53.28823,2021/06/14 23:00:00+00,Tue 15 Jun 2021,14707,41594,206,2337368,1193167,73554,2410922,1266721,50.2430437391203,26.3981657673961,232
-7.6926,53.28823,2021/06/15 23:00:00+00,Wed 16 Jun 2021,13480,48399,219,2350848,1241566,73773,2424621,1315339,50.5285276561372,27.4113533779902,233
-7.6926,53.28823,2021/06/16 23:00:00+00,Thu 17 Jun 2021,21580,42695,535,2372428,1284261,74308,2446736,1358569,50.9893990208229,28.3122563440928,234
-7.6926,53.28823,2021/06/17 23:00:00+00,Fri 18 Jun 2021,12021,50025,554,2384449,1334286,74862,2459311,1409148,51.2514590439258,29.3663107304566,235
-7.6926,53.28823,2021/06/18 23:00:00+00,Sat 19 Jun 2021,6329,32819,434,2390778,1367105,75296,2466074,1442401,51.3923983629116,30.0592953784282,236
-7.6926,53.28823,2021/06/19 23:00:00+00,Sun 20 Jun 2021,8522,26146,178,2399300,1393251,75474,2474774,1468725,51.5737043033486,30.6078813067115,237
-7.6926,53.28823,2021/06/20 23:00:00+00,Mon 21 Jun 2021,15493,32345,575,2414793,1425596,76049,2490842,1501645,51.9085576195489,31.2939263135146,238
-7.6926,53.28823,2021/06/21 23:00:00+00,Tue 22 Jun 2021,15152,43552,722,2429945,1469148,76771,2506716,1545919,52.239368021675,32.2165859924698,239
-7.6926,53.28823,2021/06/22 23:00:00+00,Wed 23 Jun 2021,20105,39408,884,2450050,1508556,77655,2527705,1586211,52.6767738129202,33.0562617340892,240
-7.6926,53.28823,2021/06/23 23:00:00+00,Thu 24 Jun 2021,19029,44276,1032,2469079,1552832,78687,2547766,1631519,53.0948403038521,34.0004697282641,241
-7.6926,53.28823,2021/06/24 23:00:00+00,Fri 25 Jun 2021,15217,50128,843,2484296,1602960,79530,2563826,1682490,53.4295269019462,35.0626933018292,242
-7.6926,53.28823,2021/06/25 23:00:00+00,Sat 26 Jun 2021,9072,30574,512,2493368,1633534,80042,2573410,1713576,53.6292551931127,35.7105181827976,243
-7.6926,53.28823,2021/06/26 23:00:00+00,Sun 27 Jun 2021,8741,30482,59,2502109,1664016,80101,2582210,1744117,53.8126451098766,36.3469853927847,244
-7.6926,53.28823,2021/06/27 23:00:00+00,Mon 28 Jun 2021,24245,24665,527,2526354,1688681,80628,2606982,1769309,54.328887725567,36.8719807090479,245
-7.6926,53.28823,2021/06/28 23:00:00+00,Tue 29 Jun 2021,28152,31057,812,2554506,1719738,81440,2635946,1801178,54.9324906288794,37.5361231246558,246
-7.6926,53.28823,2021/06/29 23:00:00+00,Wed 30 Jun 2021,22585,36882,589,2577091,1756620,82029,2659120,1838649,55.4154313028666,38.3170098940944,247
-7.6926,53.28823,2021/06/30 23:00:00+00,Thu 01 Jul 2021,15043,48304,642,2592134,1804924,82671,2674805,1887595,55.742302989735,39.3370329470405,248
-7.6926,53.28823,2021/07/01 23:00:00+00,Fri 02 Jul 2021,13691,47273,817,2605825,1852197,83488,2689313,1935685,56.0446462752362,40.3392171626287,249
-7.6926,53.28823,2021/07/02 23:00:00+00,Sat 03 Jul 2021,9322,30486,506,2615147,1882683,83994,2699141,1966677,56.2494594686402,40.98508310585,250
-7.6926,53.28823,2021/07/03 23:00:00+00,Sun 04 Jul 2021,6460,27786,233,2621607,1910469,84227,2705834,1994696,56.3889400041971,41.5689924328736,251
-7.6926,53.28823,2021/07/04 23:00:00+00,Mon 05 Jul 2021,15629,33476,5342,2637236,1943945,89569,2726805,2033514,56.8259706797035,42.3779503634351,252
-7.6926,53.28823,2021/07/05 23:00:00+00,Tue 06 Jul 2021,12406,48303,5488,2649642,1992248,95057,2744699,2087305,57.1988774036322,43.4989420694177,253
-7.6926,53.28823,2021/07/06 23:00:00+00,Wed 07 Jul 2021,19709,43766,5059,2669351,2036014,100116,2769467,2136130,57.7150366602696,44.5164435110083,254
-7.6926,53.28823,2021/07/07 23:00:00+00,Thu 08 Jul 2021,17796,45608,5997,2687147,2081622,106113,2793260,2187735,58.21087714772,45.5918794944857,255
-7.6926,53.28823,2021/07/08 23:00:00+00,Fri 09 Jul 2021,13530,45096,6531,2700677,2126718,112644,2813321,2239362,58.6289436386518,46.667773952755,256
-7.6926,53.28823,2021/07/09 23:00:00+00,Sat 10 Jul 2021,8644,23882,4364,2709321,2150600,117008,2826329,2267608,58.9000272792501,47.2564139060406,257
-7.6926,53.28823,2021/07/10 23:00:00+00,Sun 11 Jul 2021,15241,16122,2153,2724562,2166722,119161,2843723,2285883,59.2625141215446,47.6372605797747,258
-7.6926,53.28823,2021/07/11 23:00:00+00,Mon 12 Jul 2021,17123,31783,6092,2741685,2198505,125253,2866938,2323758,59.7463092258257,48.4265666135739,259
-7.6926,53.28823,2021/07/12 23:00:00+00,Tue 13 Jul 2021,20116,36574,8490,2761801,2235079,133743,2895544,2368822,60.342451493888,49.3656897055112,260
-7.6926,53.28823,2021/07/13 23:00:00+00,Wed 14 Jul 2021,20803,35721,9335,2782604,2270800,143078,2925682,2413878,60.9705202792778,50.3046460793424,261
-7.6926,53.28823,2021/07/14 23:00:00+00,Thu 15 Jul 2021,23660,28843,9585,2806264,2299643,152663,2958927,2452306,61.6633382091433,51.1054765022291,262
-7.6926,53.28823,2021/07/15 23:00:00+00,Fri 16 Jul 2021,23519,27434,9168,2829783,2327077,161831,2991614,2488908,62.3445275511048,51.8682535173873,263
-7.6926,53.28823,2021/07/16 23:00:00+00,Sat 17 Jul 2021,11516,19433,4677,2841299,2346510,166508,3007807,2513018,62.6819858377137,52.3707002097939,264
-7.6926,53.28823,2021/07/17 23:00:00+00,Sun 18 Jul 2021,16870,15823,1931,2858169,2362333,168439,3026608,2530772,63.0737942269271,52.7406893668651,265
-7.6926,53.28823,2021/07/18 23:00:00+00,Mon 19 Jul 2021,24905,18451,6253,2883074,2380784,174692,3057766,2555476,63.7231195708509,53.2555148786532,266
-7.6926,53.28823,2021/07/19 23:00:00+00,Tue 20 Jul 2021,30600,18186,7699,2913674,2398970,182391,3096065,2581361,64.521261664276,53.7949521508616,267
-7.6926,53.28823,2021/07/20 23:00:00+00,Wed 21 Jul 2021,30369,19848,6894,2944043,2418818,189285,3133328,2608103,65.2978137629548,54.3522491001911,268
-7.6926,53.28823,2021/07/21 23:00:00+00,Thu 22 Jul 2021,33543,15940,6937,2977586,2434758,196222,3173808,2630980,66.1414073800687,54.8290003644875,269
-7.6926,53.28823,2021/07/22 23:00:00+00,Fri 23 Jul 2021,27082,20841,5615,3004668,2455599,201837,3206505,2657436,66.822805119663,55.3803371415222,270
-7.6926,53.28823,2021/07/23 23:00:00+00,Sat 24 Jul 2021,15444,14818,2276,3020112,2470417,204113,3224225,2674530,67.192085724783,55.7365720548361,271
-7.6926,53.28823,2021/07/24 23:00:00+00,Sun 25 Jul 2021,14741,13651,1046,3034853,2484068,205159,3240012,2689227,67.5210830675048,56.0428540555951,272
-7.6926,53.28823,2021/07/25 23:00:00+00,Mon 26 Jul 2021,23849,18316,3422,3058702,2502384,208581,3267283,2710965,68.0894042516035,56.4958688295284,273
-7.6926,53.28823,2021/07/26 23:00:00+00,Tue 27 Jul 2021,25524,23916,3672,3084226,2526300,212253,3296479,2738553,68.6978419799943,57.0707962185833,274
-7.6926,53.28823,2021/07/27 23:00:00+00,Wed 28 Jul 2021,23447,25296,3265,3107673,2551596,215518,3323191,2767114,69.2545137364258,57.6660006972985,275
-7.6926,53.28823,2021/07/28 23:00:00+00,Thu 29 Jul 2021,19292,27879,2962,3126965,2579475,218480,3345445,2797955,69.7182818282057,58.3087198362661,276
-7.6926,53.28823,2021/07/29 23:00:00+00,Fri 30 Jul 2021,21962,22956,2123,3148927,2602431,220603,3369530,2823034,70.2202075265306,58.83136025928,277
-7.6926,53.28823,2021/07/30 23:00:00+00,Sat 31 Jul 2021,13754,12494,907,3162681,2614925,221510,3384191,2836435,70.5257392958119,59.1106339268429,278
-7.6926,53.28823,2021/07/31 23:00:00+00,Sun 01 Aug 2021,11142,9345,369,3173823,2624270,221879,3395702,2846149,70.765625810797,59.3130713872343,279
-7.6926,53.28823,2021/08/01 23:00:00+00,Mon 02 Aug 2021,15031,16043,430,3188854,2640313,222309,3411163,2862622,71.0878293906933,59.6563648075583,280
-7.6926,53.28823,2021/08/02 23:00:00+00,Tue 03 Aug 2021,17355,25461,1111,3206209,2665774,223420,3429629,2889194,71.4726564592117,60.2101189971322,281
-7.6926,53.28823,2021/08/03 23:00:00+00,Wed 04 Aug 2021,22126,17311,1575,3228335,2683085,224995,3453330,2908080,71.9665796884414,60.6036987662235,282
-7.6926,53.28823,2021/08/04 23:00:00+00,Thu 05 Aug 2021,13543,30059,1421,3241878,2713144,226416,3468294,2939560,72.2784259059931,61.2597345139198,283
-7.6926,53.28823,2021/08/05 23:00:00+00,Fri 06 Aug 2021,12220,24750,949,3254098,2737894,227365,3481463,2965259,72.5528647484776,61.7952955901602,284
-7.6926,53.28823,2021/08/06 23:00:00+00,Sat 07 Aug 2021,6342,8467,583,3260440,2746361,227948,3488388,2974309,72.6971801091128,61.9838954477413,285
-7.6926,53.28823,2021/08/07 23:00:00+00,Sun 08 Aug 2021,8633,11988,153,3269073,2758349,228101,3497174,2986450,72.880278269191,62.2369110135856,286
-7.6926,53.28823,2021/08/08 23:00:00+00,Mon 09 Aug 2021,5556,23046,600,3274629,2781395,228701,3503330,3010096,73.0085678518726,62.7296880558356,287
-7.6926,53.28823,2021/08/09 23:00:00+00,Tue 10 Aug 2021,9375,26021,716,3284004,2807416,229417,3513421,3036833,73.2188619030163,63.2868808063488,288
-7.6926,53.28823,2021/08/10 23:00:00+00,Wed 11 Aug 2021,7027,31246,666,3291031,2838662,230083,3521114,3068745,73.3791822018419,63.9519193317772,289
-7.6926,53.28823,2021/08/11 23:00:00+00,Thu 12 Aug 2021,6790,38303,865,3297821,2876965,230948,3528769,3107913,73.5387105896632,64.7681711794827,290
-7.6926,53.28823,2022/04/19 23:00:00+00,Wed 20 Apr 2022,250,607,0,3843891,3789298,241020,4084911,4030318,85.1285782134029,83.9908730172789,291
-7.6926,53.28823,2022/07/31 23:00:00+00,Mon 01 Aug 2022,9,15,0,3854863,3808823,241033,4095896,4049856,85.3575030129088,84.3980403120213,292
-7.6926,53.28823,2022/04/20 23:00:00+00,Thu 21 Apr 2022,170,236,0,3844061,3789534,241020,4085081,4030554,85.1321209731586,83.9957912014103,293
-7.6926,53.28823,2021/12/24 00:00:00+00,Fri 24 Dec 2021,101,162,0,3685370,3631668,240975,3926345,3872643,81.8241003109501,80.7049633438984,294
-7.6926,53.28823,2022/04/21 23:00:00+00,Fri 22 Apr 2022,194,254,0,3844255,3789788,241020,4085275,4030808,85.1361638872327,84.0010845012805,295
-7.6926,53.28823,2022/08/01 23:00:00+00,Tue 02 Aug 2022,37,28,0,3854900,3808851,241033,4095933,4049884,85.3582740841497,84.3986238253928,296
-7.6926,53.28823,2021/12/25 00:00:00+00,Sat 25 Dec 2021,1,6,0,3685371,3631674,240975,3926346,3872649,81.8241211507134,80.705088382478,297
-7.6926,53.28823,2022/04/22 23:00:00+00,Sat 23 Apr 2022,322,1010,0,3844577,3790798,241020,4085597,4031818,85.1428742910052,84.0221326621818,298
-7.6926,53.28823,2022/08/02 23:00:00+00,Wed 03 Aug 2022,93,139,0,3854993,3808990,241033,4096026,4050023,85.3602121821337,84.4015205524871,299
-7.6926,53.28823,2021/12/26 00:00:00+00,Sun 26 Dec 2021,12,11,0,3685383,3631685,240975,3926358,3872660,81.8243712278726,80.705317619874,300
-7.6926,53.28823,2022/04/23 23:00:00+00,Sun 24 Apr 2022,181,252,0,3844758,3791050,241020,4085778,4032070,85.1466462881568,84.0273842825255,301
-7.6926,53.28823,2022/08/03 23:00:00+00,Thu 04 Aug 2022,45,52,0,3855038,3809042,241033,4096071,4050075,85.3611499714808,84.4026042201771,302
-7.6926,53.28823,2021/12/27 00:00:00+00,Mon 27 Dec 2021,391,589,0,3685774,3632274,240975,3926749,3873249,81.8325195753106,80.7175922404392,303
-7.6926,53.28823,2022/04/24 23:00:00+00,Mon 25 Apr 2022,41,59,1,3844799,3791109,241021,4085820,4032130,85.1475215582141,84.0286346683216,304
-7.6926,53.28823,2022/08/04 23:00:00+00,Fri 05 Aug 2022,96,91,0,3855134,3809133,241033,4096167,4050166,85.3631505887546,84.4045006386345,305
-7.6926,53.28823,2021/12/28 00:00:00+00,Tue 28 Dec 2021,467,749,0,3686241,3633023,240975,3927216,3873998,81.8422517447571,80.7332012231274,306
-7.6926,53.28823,2022/04/25 23:00:00+00,Tue 26 Apr 2022,144,238,0,3844943,3791347,241021,4085964,4032368,85.1505224841248,84.0335945319795,307
-7.6926,53.28823,2022/08/05 23:00:00+00,Sat 06 Aug 2022,74,130,0,3855208,3809263,241033,4096241,4050296,85.3646927312364,84.4072098078595,308
-7.6926,53.28823,2021/12/29 00:00:00+00,Wed 29 Dec 2021,1058,1312,0,3687299,3634335,240975,3928274,3875310,81.8643002142953,80.7605429925358,309
-7.6926,53.28823,2022/04/26 23:00:00+00,Wed 27 Apr 2022,122,208,0,3845065,3791555,241021,4086086,4032576,85.1530649352436,84.0379292027394,310
-7.6926,53.28823,2022/08/06 23:00:00+00,Sun 07 Aug 2022,28,80,0,3855236,3809343,241033,4096269,4050376,85.365276244608,84.408876988921,311
-7.6926,53.28823,2021/12/30 00:00:00+00,Thu 30 Dec 2021,1049,1198,1,3688348,3635533,240976,3929324,3876509,81.8861819657273,80.7855298686949,312
-7.6926,53.28823,2022/04/27 23:00:00+00,Thu 28 Apr 2022,101,130,0,3845166,3791685,241021,4086187,4032706,85.1551697513337,84.0406383719643,313
-7.6926,53.28823,2022/08/07 23:00:00+00,Mon 08 Aug 2022,11,15,0,3855247,3809358,241033,4096280,4050391,85.3655054820039,84.40918958537,314
-7.6926,53.28823,2021/12/31 00:00:00+00,Fri 31 Dec 2021,712,1682,0,3689060,3637215,240976,3930036,3878191,81.9010198771746,80.8205823505127,315
-7.6926,53.28823,2022/04/28 23:00:00+00,Fri 29 Apr 2022,168,222,0,3845334,3791907,241021,4086355,4032928,85.1586708315628,84.04526479941,316
-7.6926,53.28823,2022/08/08 23:00:00+00,Tue 09 Aug 2022,47,42,0,3855294,3809400,241033,4096327,4050433,85.3664849508775,84.4100648554273,317
-7.6926,53.28823,2022/01/01 00:00:00+00,Sat 01 Jan 2022,69,100,0,3689129,3637315,240976,3930105,3878291,81.9024578208401,80.8226663268396,318
-7.6926,53.28823,2022/04/29 23:00:00+00,Sat 30 Apr 2022,281,723,0,3845615,3792630,241021,4086636,4033651,85.1645268050413,84.0603319482532,319
-7.6926,53.28823,2022/08/09 23:00:00+00,Wed 10 Aug 2022,55,94,0,3855349,3809494,241033,4096382,4050527,85.3676311378573,84.4120237931745,320
-7.6926,53.28823,2022/01/02 00:00:00+00,Sun 02 Jan 2022,271,629,0,3689400,3637944,240976,3930376,3878920,81.9081053966859,80.8357745379355,321
-7.6926,53.28823,2022/04/30 23:00:00+00,Sun 01 May 2022,187,746,0,3845802,3793376,241021,4086823,4034397,85.1684238407725,84.0758784116516,322
-7.6926,53.28823,2022/08/10 23:00:00+00,Thu 11 Aug 2022,45,39,0,3855394,3809533,241033,4096427,4050566,85.3685689272044,84.412836543942,323
-7.6926,53.28823,2022/01/03 00:00:00+00,Mon 03 Jan 2022,3631,728,1,3693031,3638672,240977,3934008,3879649,81.9837954168776,80.8509667253584,324
-7.6926,53.28823,2022/05/01 23:00:00+00,Mon 02 May 2022,12,26,0,3845814,3793402,241021,4086835,4034423,85.1686739179318,84.0764202454966,325
-7.6926,53.28823,2022/08/11 23:00:00+00,Fri 12 Aug 2022,70,75,0,3855464,3809608,241033,4096497,4050641,85.3700277106332,84.4143995261871,326
-7.6926,53.28823,2022/01/04 00:00:00+00,Tue 04 Jan 2022,1187,783,1,3694218,3639455,240978,3935196,3880433,82.0085530556407,80.867305099761,327
-7.6926,53.28823,2022/05/02 23:00:00+00,Tue 03 May 2022,96,118,0,3845910,3793520,241021,4086931,4034541,85.1706745352055,84.0788793375623,328
-7.6926,53.28823,2022/08/12 23:00:00+00,Sat 13 Aug 2022,103,151,0,3855567,3809759,241033,4096600,4050792,85.3721742062499,84.4175463304407,329
-7.6926,53.28823,2022/01/05 00:00:00+00,Wed 05 Jan 2022,2139,911,0,3696357,3640366,240978,3937335,3881344,82.0531293092723,80.8862901240987,330
-7.6926,53.28823,2022/05/03 23:00:00+00,Wed 04 May 2022,113,128,0,3846023,3793648,241021,4087044,4034669,85.1730294284549,84.0815468272607,331
-7.6926,53.28823,2022/08/13 23:00:00+00,Sun 14 Aug 2022,17,26,0,3855584,3809785,241033,4096617,4050818,85.3725284822254,84.4180881642857,332
-7.6926,53.28823,2022/01/06 00:00:00+00,Thu 06 Jan 2022,2456,1697,1,3698813,3642063,240979,3939792,3883042,82.1043326076233,80.9216760421288,333
-7.6926,53.28823,2022/05/04 23:00:00+00,Thu 05 May 2022,112,165,0,3846135,3793813,241021,4087156,4034834,85.175363481941,84.0849853882,334
-7.6926,53.28823,2022/08/14 23:00:00+00,Mon 15 Aug 2022,7,11,0,3855591,3809796,241033,4096624,4050829,85.3726743605683,84.4183174016816,335
-7.6926,53.28823,2022/01/07 00:00:00+00,Fri 07 Jan 2022,4854,782,2,3703667,3642845,240981,3944648,3883826,82.2055304980558,80.9380144165314,336
-7.6926,53.28823,2022/05/05 23:00:00+00,Fri 06 May 2022,138,257,0,3846273,3794070,241021,4087294,4035091,85.1782393692721,84.09034120736,337
-7.6926,53.28823,2022/08/15 23:00:00+00,Tue 16 Aug 2022,41,28,0,3855632,3809824,241033,4096665,4050857,85.3735287908624,84.4189009150532,338
-7.6926,53.28823,2022/01/08 00:00:00+00,Sat 08 Jan 2022,9789,743,2,3713456,3643588,240983,3954439,3884571,82.4095726202189,80.9535400401666,339
-7.6926,53.28823,2022/05/06 23:00:00+00,Sat 07 May 2022,441,1088,0,3846714,3795158,241021,4087735,4036179,85.1874297048735,84.1130148697963,340
-7.6926,53.28823,2022/05/07 23:00:00+00,Sun 08 May 2022,274,437,0,3846988,3795595,241021,4088009,4036616,85.1931398000091,84.1221218463447,341
-7.6926,53.28823,2022/05/08 23:00:00+00,Mon 09 May 2022,24,32,0,3847012,3795627,241021,4088033,4036648,85.1936399543276,84.1227887187693,342
-7.6926,53.28823,2022/05/09 23:00:00+00,Tue 10 May 2022,80,98,1,3847092,3795725,241022,4088114,4036747,85.1953279751523,84.1248518553329,343
-7.6926,53.28823,2022/05/10 23:00:00+00,Wed 11 May 2022,112,132,0,3847204,3795857,241022,4088226,4036879,85.1976620286384,84.1276027040843,344
-7.6926,53.28823,2022/05/11 23:00:00+00,Thu 12 May 2022,207,398,0,3847411,3796255,241022,4088433,4037277,85.201975859635,84.1358969298652,345
-7.6926,53.28823,2022/05/12 23:00:00+00,Fri 13 May 2022,173,327,0,3847584,3796582,241022,4088606,4037604,85.2055811386805,84.1427115324541,346
-7.6926,53.28823,2022/05/13 23:00:00+00,Sat 14 May 2022,333,633,0,3847917,3797215,241022,4088939,4038237,85.2125207798489,84.1559031026031,347
-7.6926,53.28823,2022/05/14 23:00:00+00,Sun 15 May 2022,168,254,0,3848085,3797469,241022,4089107,4038491,85.2160218600781,84.1611964024734,348
-7.6926,53.28823,2022/05/15 23:00:00+00,Mon 16 May 2022,31,41,0,3848116,3797510,241022,4089138,4038532,85.2166678927394,84.1620508327674,349
-7.6926,53.28823,2022/05/16 23:00:00+00,Tue 17 May 2022,97,101,0,3848213,3797611,241022,4089235,4038633,85.2186893497765,84.1641556488575,350
-7.6926,53.28823,2022/05/17 23:00:00+00,Wed 18 May 2022,97,122,0,3848310,3797733,241022,4089332,4038755,85.2207108068135,84.1666980999763,351
-7.6926,53.28823,2022/05/18 23:00:00+00,Thu 19 May 2022,74,106,0,3848384,3797839,241022,4089406,4038861,85.2222529492954,84.1689071148827,352
-7.6926,53.28823,2022/05/19 23:00:00+00,Fri 20 May 2022,126,208,0,3848510,3798047,241022,4089532,4039069,85.2248787594672,84.1732417856426,353
-7.6926,53.28823,2022/05/20 23:00:00+00,Sat 21 May 2022,392,762,0,3848902,3798809,241022,4089924,4039831,85.2330479466685,84.1891216852533,354
-7.6926,53.28823,2022/05/21 23:00:00+00,Sun 22 May 2022,234,409,0,3849136,3799218,241022,4090158,4040240,85.2379244512734,84.1976451484302,355
-7.6926,53.28823,2022/05/22 23:00:00+00,Mon 23 May 2022,26,35,0,3849162,3799253,241022,4090184,4040275,85.2384662851184,84.1983745401446,356
-7.6926,53.28823,2022/05/23 23:00:00+00,Tue 24 May 2022,64,83,0,3849226,3799336,241022,4090248,4040358,85.2398000299676,84.2001042404959,357
-7.6926,53.28823,2022/05/24 23:00:00+00,Wed 25 May 2022,86,134,1,3849312,3799470,241023,4090335,4040493,85.241613089372,84.2029176085371,358
-7.6926,53.28823,2022/05/25 23:00:00+00,Thu 26 May 2022,98,155,0,3849410,3799625,241023,4090433,4040648,85.2436553861723,84.2061477718438,359
-7.6926,53.28823,2022/05/26 23:00:00+00,Fri 27 May 2022,95,152,0,3849505,3799777,241023,4090528,4040800,85.2456351636828,84.2093154158606,360
-7.6926,53.28823,2022/05/27 23:00:00+00,Sat 28 May 2022,334,580,0,3849839,3800357,241023,4090862,4041380,85.2525956446145,84.2214024785564,361
-7.6926,53.28823,2022/05/28 23:00:00+00,Sun 29 May 2022,182,349,0,3850021,3800706,241023,4091044,4041729,85.2563884815294,84.2286755559372,362
-7.6926,53.28823,2022/05/29 23:00:00+00,Mon 30 May 2022,8,23,0,3850029,3800729,241023,4091052,4041752,85.2565551996356,84.2291548704923,363
-7.6926,53.28823,2022/05/30 23:00:00+00,Tue 31 May 2022,65,79,1,3850094,3800808,241024,4091118,4041832,85.2579306240113,84.2308220515538,364
-7.6926,53.28823,2022/05/31 23:00:00+00,Wed 01 Jun 2022,67,102,1,3850161,3800910,241025,4091186,4041935,85.2593477279135,84.2329685471705,365
-7.6926,53.28823,2022/06/01 23:00:00+00,Thu 02 Jun 2022,91,140,0,3850252,3801050,241025,4091277,4042075,85.261244146371,84.2358861140281,366
-7.6926,53.28823,2022/06/02 23:00:00+00,Fri 03 Jun 2022,60,143,0,3850312,3801193,241025,4091337,4042218,85.2624945321671,84.2388662001755,367
-7.6926,53.28823,2022/06/03 23:00:00+00,Sat 04 Jun 2022,305,607,0,3850617,3801800,241025,4091642,4042825,85.268850659964,84.2515159364796,368
-7.6926,53.28823,2022/06/04 23:00:00+00,Sun 05 Jun 2022,143,273,0,3850760,3802073,241025,4091785,4043098,85.2718307461114,84.2572051918519,369
-7.6926,53.28823,2022/06/05 23:00:00+00,Mon 06 Jun 2022,4,7,1,3850764,3802080,241026,4091790,4043106,85.2719349449278,84.2573719099581,370
-7.6926,53.28823,2022/06/06 23:00:00+00,Tue 07 Jun 2022,29,51,0,3850793,3802131,241026,4091819,4043157,85.2725392980626,84.2584347378847,371
-7.6926,53.28823,2022/06/07 23:00:00+00,Wed 08 Jun 2022,36,76,0,3850829,3802207,241026,4091855,4043233,85.2732895295403,84.2600185598932,372
-7.6926,53.28823,2022/06/08 23:00:00+00,Thu 09 Jun 2022,73,122,0,3850902,3802329,241026,4091928,4043355,85.2748108322589,84.2625610110119,373
-7.6926,53.28823,2022/06/09 23:00:00+00,Fri 10 Jun 2022,56,108,0,3850958,3802437,241026,4091984,4043463,85.2759778590019,84.264811705445,374
-7.6926,53.28823,2022/06/10 23:00:00+00,Sat 11 Jun 2022,189,561,0,3851147,3802998,241026,4092173,4044024,85.2799165742597,84.2765028126387,375
-7.6926,53.28823,2022/06/11 23:00:00+00,Sun 12 Jun 2022,143,288,0,3851290,3803286,241026,4092316,4044312,85.2828966604071,84.28250466446,376
-7.6926,53.28823,2022/06/12 23:00:00+00,Mon 13 Jun 2022,17,44,0,3851307,3803330,241026,4092333,4044356,85.2832509363827,84.2834216140438,377
-7.6926,53.28823,2022/06/13 23:00:00+00,Tue 14 Jun 2022,37,55,0,3851344,3803385,241026,4092370,4044411,85.2840220076236,84.2845678010236,378
-7.6926,53.28823,2022/06/14 23:00:00+00,Wed 15 Jun 2022,66,123,0,3851410,3803508,241026,4092436,4044534,85.2853974319993,84.2871310919056,379
-7.6926,53.28823,2022/06/15 23:00:00+00,Thu 16 Jun 2022,42,85,0,3851452,3803593,241026,4092478,4044619,85.2862727020566,84.2889024717835,380
-7.6926,53.28823,2022/06/16 23:00:00+00,Fri 17 Jun 2022,57,95,0,3851509,3803688,241026,4092535,4044714,85.2874605685629,84.290882249294,381
-7.6926,53.28823,2022/06/17 23:00:00+00,Sat 18 Jun 2022,223,488,0,3851732,3804176,241026,4092758,4045202,85.2921078357718,84.3010520537691,382
-7.6926,53.28823,2022/06/18 23:00:00+00,Sun 19 Jun 2022,80,129,0,3851812,3804305,241026,4092838,4045331,85.2937750168333,84.3037403832307,383
-7.6926,53.28823,2022/06/19 23:00:00+00,Mon 20 Jun 2022,9,28,0,3851821,3804333,241026,4092847,4045359,85.2939625747027,84.3043238966023,384
-7.6926,53.28823,2022/06/20 23:00:00+00,Tue 21 Jun 2022,74,169,1,3851895,3804502,241027,4092922,4045529,85.2955255569479,84.3078666563579,385
-7.6926,53.28823,2022/06/21 23:00:00+00,Wed 22 Jun 2022,60,93,0,3851955,3804595,241027,4092982,4045622,85.296775942744,84.3098047543419,386
-7.6926,53.28823,2022/06/22 23:00:00+00,Thu 23 Jun 2022,64,114,0,3852019,3804709,241027,4093046,4045736,85.2981096875932,84.3121804873545,387
-7.6926,53.28823,2022/06/23 23:00:00+00,Fri 24 Jun 2022,55,93,1,3852074,3804802,241028,4093102,4045830,85.2992767143362,84.3141394251018,388
-7.6926,53.28823,2022/06/24 23:00:00+00,Sat 25 Jun 2022,210,293,0,3852284,3805095,241028,4093312,4046123,85.3036530646226,84.3202454757395,389
-7.6926,53.28823,2022/06/25 23:00:00+00,Sun 26 Jun 2022,174,402,0,3852458,3805497,241028,4093486,4046525,85.3072791834314,84.3286230605735,390
-7.6926,53.28823,2022/06/26 23:00:00+00,Mon 27 Jun 2022,4,33,0,3852462,3805530,241028,4093490,4046558,85.3073625424845,84.3293107727613,391
-7.6926,53.28823,2022/06/27 23:00:00+00,Tue 28 Jun 2022,48,60,0,3852510,3805590,241028,4093538,4046618,85.3083628511214,84.3305611585575,392
-7.6926,53.28823,2022/06/28 23:00:00+00,Wed 29 Jun 2022,63,81,3,3852573,3805671,241031,4093604,4046702,85.3097382754971,84.332311698672,393
-7.6926,53.28823,2022/06/29 23:00:00+00,Thu 30 Jun 2022,49,88,0,3852622,3805759,241031,4093653,4046790,85.3107594238973,84.3341455978397,394
-7.6926,53.28823,2022/06/30 23:00:00+00,Fri 01 Jul 2022,46,64,0,3852668,3805823,241031,4093699,4046854,85.3117180530076,84.3354793426889,395
-7.6926,53.28823,2022/07/01 23:00:00+00,Sat 02 Jul 2022,182,228,0,3852850,3806051,241031,4093881,4047082,85.3155108899225,84.3402308087141,396
-7.6926,53.28823,2022/07/02 23:00:00+00,Sun 03 Jul 2022,108,273,0,3852958,3806324,241031,4093989,4047355,85.3177615843555,84.3459200640864,397
-7.6926,53.28823,2022/07/03 23:00:00+00,Mon 04 Jul 2022,13,15,0,3852971,3806339,241031,4094002,4047370,85.318032501278,84.3462326605355,398
-7.6926,53.28823,2022/07/04 23:00:00+00,Tue 05 Jul 2022,51,69,0,3853022,3806408,241031,4094053,4047439,85.3190953292047,84.347670604201,399
-7.6926,53.28823,2022/07/05 23:00:00+00,Wed 06 Jul 2022,60,83,0,3853082,3806491,241031,4094113,4047522,85.3203457150008,84.3494003045523,400
-7.6926,53.28823,2022/07/06 23:00:00+00,Thu 07 Jul 2022,76,76,0,3853158,3806567,241031,4094189,4047598,85.3219295370092,84.3509841265607,401
-7.6926,53.28823,2022/07/07 23:00:00+00,Fri 08 Jul 2022,99,90,0,3853257,3806657,241031,4094288,4047688,85.3239926735728,84.3528597052549,402
-7.6926,53.28823,2022/07/08 23:00:00+00,Sat 09 Jul 2022,119,143,0,3853376,3806800,241031,4094407,4047831,85.3264726054018,84.3558397914023,403
-7.6926,53.28823,2022/07/09 23:00:00+00,Sun 10 Jul 2022,132,219,0,3853508,3807019,241031,4094539,4048050,85.3292234541533,84.3604036995581,404
-7.6926,53.28823,2022/07/10 23:00:00+00,Mon 11 Jul 2022,11,16,0,3853519,3807035,241031,4094550,4048066,85.3294526915492,84.3607371357704,405
-7.6926,53.28823,2022/07/11 23:00:00+00,Tue 12 Jul 2022,44,81,0,3853563,3807116,241031,4094594,4048147,85.330369641133,84.3624251565952,406
-7.6926,53.28823,2022/07/12 23:00:00+00,Wed 13 Jul 2022,99,74,0,3853662,3807190,241031,4094693,4048221,85.3324327776966,84.3639672990771,407
-7.6926,53.28823,2022/07/13 23:00:00+00,Thu 14 Jul 2022,71,39,0,3853733,3807229,241031,4094764,4048260,85.3339124008887,84.3647800498445,408
-7.6926,53.28823,2022/07/14 23:00:00+00,Fri 15 Jul 2022,80,118,1,3853813,3807347,241032,4094845,4048379,85.3356004217135,84.3672599816735,409
-7.6926,53.28823,2022/07/15 23:00:00+00,Sat 16 Jul 2022,124,210,0,3853937,3807557,241032,4094969,4048589,85.3381845523588,84.3716363319599,410
-7.6926,53.28823,2022/07/16 23:00:00+00,Sun 17 Jul 2022,119,165,0,3854056,3807722,241032,4095088,4048754,85.3406644841877,84.3750748928992,411
-7.6926,53.28823,2022/07/17 23:00:00+00,Mon 18 Jul 2022,14,18,0,3854070,3807740,241032,4095102,4048772,85.3409562408735,84.3754500086381,412
-7.6926,53.28823,2022/07/18 23:00:00+00,Tue 19 Jul 2022,30,33,0,3854100,3807773,241032,4095132,4048805,85.3415814337715,84.376137720826,413
-7.6926,53.28823,2022/07/19 23:00:00+00,Wed 20 Jul 2022,78,66,0,3854178,3807839,241032,4095210,4048871,85.3432069353065,84.3775131452017,414
-7.6926,53.28823,2022/07/20 23:00:00+00,Thu 21 Jul 2022,52,30,0,3854230,3807869,241032,4095262,4048901,85.3442906029965,84.3781383380997,415
-7.6926,53.28823,2022/08/16 23:00:00+00,Wed 17 Aug 2022,51,58,0,3855683,3809882,241033,4096716,4050915,85.374591618789,84.4201096213228,416
-7.6926,53.28823,2022/08/17 23:00:00+00,Thu 18 Aug 2022,55,39,0,3855738,3809921,241033,4096771,4050954,85.3757378057688,84.4209223720902,417
-7.6926,53.28823,2022/08/18 23:00:00+00,Fri 19 Aug 2022,72,56,0,3855810,3809977,241033,4096843,4051010,85.3772382687242,84.4220893988333,418
-7.6926,53.28823,2022/08/19 23:00:00+00,Sat 20 Aug 2022,108,127,0,3855918,3810104,241033,4096951,4051137,85.3794889631572,84.4247360487684,419
-7.6926,53.28823,2022/08/20 23:00:00+00,Sun 21 Aug 2022,39,36,0,3855957,3810140,241033,4096990,4051173,85.3803017139247,84.425486280246,420
-7.6926,53.28823,2022/08/21 23:00:00+00,Mon 22 Aug 2022,12,13,0,3855969,3810153,241033,4097002,4051186,85.3805517910839,84.4257571971685,421
-7.6926,53.28823,2022/08/22 23:00:00+00,Tue 23 Aug 2022,77,72,0,3856046,3810225,241033,4097079,4051258,85.3821564528556,84.4272576601239,422
-7.6926,53.28823,2022/08/23 23:00:00+00,Wed 24 Aug 2022,53,55,0,3856099,3810280,241033,4097132,4051313,85.3832609603088,84.4284038471037,423
-7.6926,53.28823,2022/08/24 23:00:00+00,Thu 25 Aug 2022,40,49,0,3856139,3810329,241033,4097172,4051362,85.3840945508395,84.4294249955038,424
-7.6926,53.28823,2022/08/25 23:00:00+00,Fri 26 Aug 2022,98,89,0,3856237,3810418,241033,4097270,4051451,85.3861368476399,84.4312797344347,425
-7.6926,53.28823,2022/08/26 23:00:00+00,Sat 27 Aug 2022,86,119,0,3856323,3810537,241033,4097356,4051570,85.387929067281,84.4337596662637,426
-7.6926,53.28823,2022/08/27 23:00:00+00,Sun 28 Aug 2022,44,20,0,3856367,3810557,241033,4097400,4051590,85.3888460168648,84.4341764615291,427
-7.6926,53.28823,2022/08/28 23:00:00+00,Mon 29 Aug 2022,13,12,0,3856380,3810569,241033,4097413,4051602,85.3891169337873,84.4344265386883,428
-7.6926,53.28823,2022/08/29 23:00:00+00,Tue 30 Aug 2022,41,44,0,3856421,3810613,241033,4097454,4051646,85.3899713640813,84.4353434882721,429
-7.6926,53.28823,2022/08/30 23:00:00+00,Wed 31 Aug 2022,28,30,0,3856449,3810643,241033,4097482,4051676,85.3905548774528,84.4359686811702,430
-7.6926,53.28823,2022/08/31 23:00:00+00,Thu 01 Sep 2022,32,29,0,3856481,3810672,241033,4097514,4051705,85.3912217498774,84.436573034305,431
-7.6926,53.28823,2022/09/01 23:00:00+00,Fri 02 Sep 2022,47,51,0,3856528,3810723,241033,4097561,4051756,85.392201218751,84.4376358622317,432
-7.6926,53.28823,2022/09/02 23:00:00+00,Sat 03 Sep 2022,73,101,0,3856601,3810824,241033,4097634,4051857,85.3937225214697,84.4397406783218,433
-7.6926,53.28823,2022/09/03 23:00:00+00,Sun 04 Sep 2022,58,82,0,3856659,3810906,241033,4097692,4051939,85.3949312277392,84.4414495389098,434
-7.6926,53.28823,2022/09/04 23:00:00+00,Mon 05 Sep 2022,9,5,0,3856668,3810911,241033,4097701,4051944,85.3951187856086,84.4415537377262,435
-7.6926,53.28823,2022/09/05 23:00:00+00,Tue 06 Sep 2022,42,22,0,3856710,3810933,241033,4097743,4051966,85.3959940556659,84.4420122125181,436
-7.6926,53.28823,2022/01/09 00:00:00+00,Sun 09 Jan 2022,7116,667,0,3720572,3644255,240983,3961555,3885238,82.5578683756384,80.9674401622667,437
-7.6926,53.28823,2022/09/06 23:00:00+00,Wed 07 Sep 2022,49,42,0,3856759,3810975,241033,4097792,4052008,85.3970152040661,84.4428874825754,438
-7.6926,53.28823,2022/09/07 23:00:00+00,Thu 08 Sep 2022,39,49,2,3856798,3811024,241035,4097833,4052059,85.3978696343601,84.4439503105021,439
-7.6926,53.28823,2022/09/08 23:00:00+00,Fri 09 Sep 2022,64,61,0,3856862,3811085,241035,4097897,4052120,85.3992033792093,84.4452215360614,440
-7.6926,53.28823,2022/09/09 23:00:00+00,Sat 10 Sep 2022,94,135,0,3856956,3811220,241035,4097991,4052255,85.4011623169565,84.4480349041027,441
-7.6926,53.28823,2022/09/10 23:00:00+00,Sun 11 Sep 2022,58,58,0,3857014,3811278,241035,4098049,4052313,85.4023710232261,84.4492436103723,442
-7.6926,53.28823,2022/09/11 23:00:00+00,Mon 12 Sep 2022,13,13,0,3857027,3811291,241035,4098062,4052326,85.4026419401486,84.4495145272948,443
-7.6926,53.28823,2022/09/12 23:00:00+00,Tue 13 Sep 2022,28,25,0,3857055,3811316,241035,4098090,4052351,85.4032254535201,84.4500355213765,444
-7.6926,53.28823,2022/09/13 23:00:00+00,Wed 14 Sep 2022,35,33,0,3857090,3811349,241035,4098125,4052384,85.4039548452345,84.4507232335643,445
-7.6926,53.28823,2022/09/14 23:00:00+00,Thu 15 Sep 2022,50,35,0,3857140,3811384,241035,4098175,4052419,85.404996833398,84.4514526252788,446
-7.6926,53.28823,2022/09/15 23:00:00+00,Fri 16 Sep 2022,38,56,0,3857178,3811440,241035,4098213,4052475,85.4057887444022,84.4526196520218,447
-7.6926,53.28823,2022/09/16 23:00:00+00,Sat 17 Sep 2022,67,149,0,3857245,3811589,241035,4098280,4052624,85.4071850085412,84.4557247767488,448
-7.6926,53.28823,2022/09/17 23:00:00+00,Sun 18 Sep 2022,30,53,0,3857275,3811642,241035,4098310,4052677,85.4078102014392,84.4568292842021,449
-7.6926,53.28823,2022/09/18 23:00:00+00,Mon 19 Sep 2022,11,11,0,3857286,3811653,241035,4098321,4052688,85.4080394388352,84.457058521598,450
-7.6926,53.28823,2022/09/19 23:00:00+00,Tue 20 Sep 2022,39,37,0,3857325,3811690,241035,4098360,4052725,85.4088521896027,84.457829592839,451
-7.6926,53.28823,2022/09/20 23:00:00+00,Wed 21 Sep 2022,40,32,0,3857365,3811722,241035,4098400,4052757,85.4096857801334,84.4584964652636,452
-7.6926,53.28823,2022/09/21 23:00:00+00,Thu 22 Sep 2022,62,34,0,3857427,3811756,241035,4098462,4052791,85.4109778454561,84.4592050172147,453
-7.6926,53.28823,2022/09/22 23:00:00+00,Fri 23 Sep 2022,38,39,0,3857465,3811795,241035,4098500,4052830,85.4117697564603,84.4600177679822,454
-7.6926,53.28823,2022/09/23 23:00:00+00,Sat 24 Sep 2022,56,103,0,3857521,3811898,241035,4098556,4052933,85.4129367832033,84.4621642635988,455
-7.6926,53.28823,2022/09/24 23:00:00+00,Sun 25 Sep 2022,42,74,0,3857563,3811972,241035,4098598,4053007,85.4138120532606,84.4637064060807,456
-7.6926,53.28823,2022/09/25 23:00:00+00,Mon 26 Sep 2022,23,10,0,3857586,3811982,241035,4098621,4053017,85.4142913678158,84.4639148037134,457
-7.6926,53.28823,2022/09/26 23:00:00+00,Tue 27 Sep 2022,30,33,2,3857616,3812015,241037,4098653,4053052,85.4149582402404,84.4646441954278,458
-7.6926,53.28823,2022/09/27 23:00:00+00,Wed 28 Sep 2022,43,27,0,3857659,3812042,241037,4098696,4053079,85.4158543500609,84.4652068690361,459
-7.6926,53.28823,2022/09/28 23:00:00+00,Thu 29 Sep 2022,30,23,0,3857689,3812065,241037,4098726,4053102,85.416479542959,84.4656861835912,460
-7.6926,53.28823,2022/09/29 23:00:00+00,Fri 30 Sep 2022,39,58,0,3857728,3812123,241037,4098765,4053160,85.4172922937265,84.4668948898608,461
-7.6926,53.28823,2022/09/30 23:00:00+00,Sat 01 Oct 2022,51,105,0,3857779,3812228,241037,4098816,4053265,85.4183551216531,84.469083065004,462
-7.6926,53.28823,2022/10/01 23:00:00+00,Sun 02 Oct 2022,26,47,0,3857805,3812275,241037,4098842,4053312,85.4188969554981,84.4700625338776,463
-7.6926,53.28823,2022/10/02 23:00:00+00,Mon 03 Oct 2022,24,1,0,3857829,3812276,241037,4098866,4053313,85.4193971098166,84.4700833736409,464
-7.6926,53.28823,2022/10/03 23:00:00+00,Tue 04 Oct 2022,30,17,0,3857859,3812293,241037,4098896,4053330,85.4200223027146,84.4704376496165,465
-7.6926,53.28823,2022/10/04 23:00:00+00,Wed 05 Oct 2022,49,37,0,3857908,3812330,241037,4098945,4053367,85.4210434511148,84.4712087208574,466
-7.6926,53.28823,2022/10/05 23:00:00+00,Thu 06 Oct 2022,58,25,0,3857966,3812355,241037,4099003,4053392,85.4222521573844,84.4717297149391,467
-7.6926,53.28823,2022/10/06 23:00:00+00,Fri 07 Oct 2022,81,39,0,3858047,3812394,241037,4099084,4053431,85.4239401782092,84.4725424657066,468
-7.6926,53.28823,2022/10/07 23:00:00+00,Sat 08 Oct 2022,102,100,0,3858149,3812494,241037,4099186,4053531,85.4260658340625,84.4746264420335,469
-7.6926,53.28823,2022/10/08 23:00:00+00,Sun 09 Oct 2022,37,28,0,3858186,3812522,241037,4099223,4053559,85.4268369053035,84.475209955405,470
-7.6926,53.28823,2022/10/09 23:00:00+00,Mon 10 Oct 2022,19,3,0,3858205,3812525,241037,4099242,4053562,85.4272328608056,84.4752724746948,471
-7.6926,53.28823,2022/10/10 23:00:00+00,Tue 11 Oct 2022,80,14,0,3858285,3812539,241037,4099322,4053576,85.4289000418671,84.4755642313806,472
-7.6926,53.28823,2022/10/11 23:00:00+00,Wed 12 Oct 2022,57,36,0,3858342,3812575,241037,4099379,4053612,85.4300879083734,84.4763144628582,473
-7.6926,53.28823,2022/10/12 23:00:00+00,Thu 13 Oct 2022,80,29,0,3858422,3812604,241037,4099459,4053641,85.4317550894349,84.476918815993,474
-7.6926,53.28823,2022/10/13 23:00:00+00,Fri 14 Oct 2022,131,21,0,3858553,3812625,241037,4099590,4053662,85.4344850984231,84.4773564510217,475
-7.6926,53.28823,2022/10/14 23:00:00+00,Sat 15 Oct 2022,91,120,0,3858644,3812745,241037,4099681,4053782,85.4363815168805,84.4798572226139,476
-7.6926,53.28823,2022/10/15 23:00:00+00,Sun 16 Oct 2022,26,37,1,3858670,3812782,241038,4099708,4053820,85.4369441904888,84.4806491336181,477
-7.6926,53.28823,2022/10/16 23:00:00+00,Mon 17 Oct 2022,68,3,9,3858738,3812785,241047,4099785,4053832,85.4385488522605,84.4808992107773,478
-7.6926,53.28823,2022/10/17 23:00:00+00,Tue 18 Oct 2022,125,17,0,3858863,3812802,241047,4099910,4053849,85.441153822669,84.4812534867529,479
-7.6926,53.28823,2022/10/18 23:00:00+00,Wed 19 Oct 2022,97,40,0,3858960,3812842,241047,4100007,4053889,85.4431752797061,84.4820870772836,480
-7.6926,53.28823,2022/10/19 23:00:00+00,Thu 20 Oct 2022,122,9,0,3859082,3812851,241047,4100129,4053898,85.4457177308249,84.4822746351531,481
-7.6926,53.28823,2022/10/20 23:00:00+00,Fri 21 Oct 2022,137,17,0,3859219,3812868,241047,4100266,4053915,85.4485727783927,84.4826289111286,482
-7.6926,53.28823,2022/10/21 23:00:00+00,Sat 22 Oct 2022,102,55,0,3859321,3812923,241047,4100368,4053970,85.4506984342461,84.4837750981084,483
-7.6926,53.28823,2022/10/22 23:00:00+00,Sun 23 Oct 2022,81,46,0,3859402,3812969,241047,4100449,4054016,85.4523864550708,84.4847337272188,484
-7.6926,53.28823,2022/10/23 23:00:00+00,Mon 24 Oct 2022,83,4,0,3859485,3812973,241047,4100532,4054020,85.4541161554221,84.4848170862718,485
-7.6926,53.28823,2022/10/24 23:00:00+00,Tue 25 Oct 2022,73,26,0,3859558,3812999,241047,4100605,4054046,85.4556374581407,84.4853589201168,486
-7.6926,53.28823,2022/10/25 23:00:00+00,Wed 26 Oct 2022,46,25,0,3859604,3813024,241047,4100651,4054071,85.4565960872511,84.4858799141985,487
-7.6926,53.28823,2022/10/26 23:00:00+00,Thu 27 Oct 2022,64,34,0,3859668,3813058,241047,4100715,4054105,85.4579298321003,84.4865884661497,488
-7.6926,53.28823,2022/10/27 23:00:00+00,Fri 28 Oct 2022,59,19,0,3859727,3813077,241047,4100774,4054124,85.4591593781331,84.4869844216518,489
-7.6926,53.28823,2022/10/28 23:00:00+00,Sat 29 Oct 2022,90,60,0,3859817,3813137,241047,4100864,4054184,85.4610349568273,84.4882348074479,490
-7.6926,53.28823,2022/10/29 23:00:00+00,Sun 30 Oct 2022,11,5,0,3859828,3813142,241047,4100875,4054189,85.4612641942233,84.4883390062642,491
-7.6926,53.28823,2022/10/31 00:00:00+00,Mon 31 Oct 2022,1,1,0,3859829,3813143,241047,4100876,4054190,85.4612850339865,84.4883598460275,492
-7.6926,53.28823,2022/11/01 00:00:00+00,Tue 01 Nov 2022,97,24,0,3859926,3813167,241047,4100973,4054214,85.4633064910236,84.4888600003459,493
-7.6926,53.28823,2022/11/02 00:00:00+00,Wed 02 Nov 2022,124,11,0,3860050,3813178,241047,4101097,4054225,85.4658906216689,84.4890892377419,494
-7.6926,53.28823,2022/11/03 00:00:00+00,Thu 03 Nov 2022,90,28,0,3860140,3813206,241047,4101187,4054253,85.4677662003631,84.4896727511134,495
-7.6926,53.28823,2022/11/04 00:00:00+00,Fri 04 Nov 2022,61,20,0,3860201,3813226,241047,4101248,4054273,85.4690374259225,84.4900895463788,496
-7.6926,53.28823,2022/11/05 00:00:00+00,Sat 05 Nov 2022,48,52,0,3860249,3813278,241047,4101296,4054325,85.4700377345593,84.4911732140688,497
-7.6926,53.28823,2022/11/06 00:00:00+00,Sun 06 Nov 2022,57,75,0,3860306,3813353,241047,4101353,4054400,85.4712256010657,84.4927361963139,498
-7.6926,53.28823,2022/11/07 00:00:00+00,Mon 07 Nov 2022,53,2,0,3860359,3813355,241047,4101406,4054402,85.4723301085189,84.4927778758404,499
-7.6926,53.28823,2022/11/08 00:00:00+00,Tue 08 Nov 2022,68,27,0,3860427,3813382,241047,4101474,4054429,85.4737472124212,84.4933405494487,500
-7.6926,53.28823,2022/11/09 00:00:00+00,Wed 09 Nov 2022,93,32,0,3860520,3813414,241047,4101567,4054461,85.4756853104051,84.4940074218733,501
-7.6926,53.28823,2022/11/10 00:00:00+00,Thu 10 Nov 2022,37,11,0,3860557,3813425,241047,4101604,4054472,85.4764563816461,84.4942366592692,502
-7.6926,53.28823,2022/01/10 00:00:00+00,Mon 10 Jan 2022,6663,508,1,3727235,3644763,240984,3968219,3885747,82.6967445580605,80.9780476017705,503
-7.6926,53.28823,2022/01/11 00:00:00+00,Tue 11 Jan 2022,4781,1368,1,3732016,3646131,240985,3973001,3887116,82.7964003060111,81.0065772376852,504
-7.6926,53.28823,2022/01/12 00:00:00+00,Wed 12 Jan 2022,7558,927,1,3739574,3647058,240986,3980560,3888044,82.9539280765586,81.0259165379985,505
-7.6926,53.28823,2022/01/13 00:00:00+00,Thu 13 Jan 2022,7321,816,0,3746895,3647874,240986,3987881,3888860,83.1064959834482,81.0429217848257,506
-7.6926,53.28823,2022/01/14 00:00:00+00,Fri 14 Jan 2022,10723,835,0,3757618,3648709,240986,3998604,3889695,83.3299607649777,81.060322987155,507
-7.6926,53.28823,2022/01/15 00:00:00+00,Sat 15 Jan 2022,8363,652,2,3765981,3649361,240988,4006969,3890349,83.5042853847198,81.0739521923327,508
-7.6926,53.28823,2022/01/16 00:00:00+00,Sun 16 Jan 2022,6965,1215,1,3772946,3650576,240989,4013935,3891565,83.649455175649,81.0992933444673,509
-7.6926,53.28823,2022/01/17 00:00:00+00,Mon 17 Jan 2022,2562,561,0,3775508,3651137,240989,4016497,3892126,83.7028466491432,81.110984451661,510
-7.6926,53.28823,2022/01/18 00:00:00+00,Tue 18 Jan 2022,4056,452,3,3779564,3651589,240992,4020556,3892581,83.7874352482505,81.1204665439482,511
-7.6926,53.28823,2022/01/19 00:00:00+00,Wed 19 Jan 2022,3486,622,0,3783050,3652211,240992,4024042,3893203,83.860082663005,81.1334288767013,512
-7.6926,53.28823,2022/01/20 00:00:00+00,Thu 20 Jan 2022,3698,938,0,3786748,3653149,240992,4027740,3894141,83.9371481075724,81.1529765746473,513
-7.6926,53.28823,2022/01/21 00:00:00+00,Fri 21 Jan 2022,3252,977,0,3790000,3654126,240992,4030992,3895118,84.0049190177219,81.1733370233607,514
-7.6926,53.28823,2022/01/22 00:00:00+00,Sat 22 Jan 2022,4271,644,0,3794271,3654770,240992,4035263,3895762,84.0939256466422,81.1867578309057,515
-7.6926,53.28823,2022/01/23 00:00:00+00,Sun 23 Jan 2022,3092,680,0,3797363,3655450,240992,4038355,3896442,84.1583621946688,81.2009288699284,516
-7.6926,53.28823,2022/01/24 00:00:00+00,Mon 24 Jan 2022,646,466,0,3798009,3655916,240992,4039001,3896908,84.1718246817403,81.2106401996116,517
-7.6926,53.28823,2022/01/25 00:00:00+00,Tue 25 Jan 2022,692,1836,0,3798701,3657752,240992,4039693,3898744,84.1862457979222,81.2489020049728,518
-7.6926,53.28823,2022/01/26 00:00:00+00,Wed 26 Jan 2022,700,897,0,3799401,3658649,240992,4040393,3899641,84.2008336322103,81.2675952726247,519
-7.6926,53.28823,2022/01/27 00:00:00+00,Thu 27 Jan 2022,1274,1178,0,3800675,3659827,240992,4041667,3900819,84.2273834906145,81.2921445137552,520
-7.6926,53.28823,2022/01/28 00:00:00+00,Fri 28 Jan 2022,1028,3093,1,3801703,3662920,240993,4042696,3903913,84.2488276070179,81.3566227413083,521
-7.6926,53.28823,2022/01/29 00:00:00+00,Sat 29 Jan 2022,2328,3445,0,3804031,3666365,240993,4045024,3907358,84.2973425759073,81.4284157257687,522
-7.6926,53.28823,2022/01/30 00:00:00+00,Sun 30 Jan 2022,1639,7536,0,3805670,3673901,240993,4046663,3914894,84.3314989479045,81.5854641817611,523
-7.6926,53.28823,2022/01/31 00:00:00+00,Mon 31 Jan 2022,481,1394,0,3806151,3675295,240993,4047144,3916288,84.3415228740368,81.6145148117575,524
-7.6926,53.28823,2022/02/01 00:00:00+00,Tue 01 Feb 2022,749,3419,1,3806900,3678714,240994,4047894,3919708,84.3571526964882,81.6857868021362,525
-7.6926,53.28823,2022/02/02 00:00:00+00,Wed 02 Feb 2022,650,2996,0,3807550,3681710,240994,4048544,3922704,84.3706985426128,81.748222732889,526
-7.6926,53.28823,2022/02/03 00:00:00+00,Thu 03 Feb 2022,907,2436,1,3808457,3684146,240995,4049452,3925141,84.3896210476607,81.7990092359747,527
-7.6926,53.28823,2022/02/04 00:00:00+00,Fri 04 Feb 2022,1172,6522,0,3809629,3690668,240995,4050624,3931663,84.4140452502116,81.9349261720127,528
-7.6926,53.28823,2022/02/05 00:00:00+00,Sat 05 Feb 2022,1777,5750,0,3811406,3696418,240995,4052401,3937413,84.4510775095399,82.0547548108073,529
-7.6926,53.28823,2022/02/06 00:00:00+00,Sun 06 Feb 2022,1407,7555,0,3812813,3703973,240995,4053808,3944968,84.4803990564589,82.2121992223017,530
-7.6926,53.28823,2022/02/07 00:00:00+00,Mon 07 Feb 2022,439,1351,0,3813252,3705324,240995,4054247,3946319,84.4895477125338,82.2403537424776,531
-7.6926,53.28823,2022/02/08 00:00:00+00,Tue 08 Feb 2022,899,1238,0,3814151,3706562,240995,4055146,3947557,84.5082826597123,82.2661533694042,532
-7.6926,53.28823,2022/02/09 00:00:00+00,Wed 09 Feb 2022,1335,1784,0,3815486,3708346,240995,4056481,3949341,84.5361037436759,82.3033315070754,533
-7.6926,53.28823,2022/02/10 00:00:00+00,Thu 10 Feb 2022,686,2551,0,3816172,3710897,240995,4057167,3951892,84.5503998212782,82.3564937431737,534
-7.6926,53.28823,2022/02/11 00:00:00+00,Fri 11 Feb 2022,546,4920,0,3816718,3715817,240995,4057713,3956812,84.5617783320229,82.4590253784553,535
-7.6926,53.28823,2022/02/12 00:00:00+00,Sat 12 Feb 2022,1397,5462,0,3818115,3721279,240995,4059110,3962274,84.5908914813091,82.5728521654285,536
-7.6926,53.28823,2022/02/13 00:00:00+00,Sun 13 Feb 2022,1566,4706,0,3819681,3725985,240995,4060676,3966980,84.6235265505878,82.6709240913707,537
-7.6926,53.28823,2022/02/14 00:00:00+00,Mon 14 Feb 2022,174,954,0,3819855,3726939,240995,4060850,3967934,84.6271526693965,82.690805225529,538
-7.6926,53.28823,2022/02/15 00:00:00+00,Tue 15 Feb 2022,648,818,1,3820503,3727757,240996,4061499,3968753,84.6406776757579,82.707872991646,539
-7.6926,53.28823,2022/02/16 00:00:00+00,Wed 16 Feb 2022,798,1786,0,3821301,3729543,240996,4062297,3970539,84.6573078068462,82.7450928088437,540
-7.6926,53.28823,2022/02/17 00:00:00+00,Thu 17 Feb 2022,790,1193,2,3822091,3730736,240998,4063089,3971734,84.673812899355,82.7699963259497,541
-7.6926,53.28823,2022/02/18 00:00:00+00,Fri 18 Feb 2022,790,3295,0,3822881,3734031,240998,4063879,3975029,84.6902763123372,82.8386633459199,542
-7.6926,53.28823,2022/02/19 00:00:00+00,Sat 19 Feb 2022,980,3555,0,3823861,3737586,240998,4064859,3978584,84.7106992803404,82.9127487043398,543
-7.6926,53.28823,2022/02/20 00:00:00+00,Sun 20 Feb 2022,1366,3588,0,3825227,3741174,240998,4066225,3982172,84.7391663969654,82.9875217749477,544
-7.6926,53.28823,2022/02/21 00:00:00+00,Mon 21 Feb 2022,254,995,1,3825481,3742169,240999,4066480,3983168,84.7444805365989,83.0082781791632,545
-7.6926,53.28823,2022/02/22 00:00:00+00,Tue 22 Feb 2022,475,981,1,3825956,3743150,241000,4066956,3984150,84.7544002639148,83.028742826693,546
-7.6926,53.28823,2022/02/23 00:00:00+00,Wed 23 Feb 2022,829,1273,1,3826785,3744423,241001,4067786,3985424,84.7716972674277,83.0552926850972,547
-7.6926,53.28823,2022/02/24 00:00:00+00,Thu 24 Feb 2022,655,1232,0,3827440,3745655,241001,4068441,3986656,84.7853473123687,83.0809672734442,548
-7.6926,53.28823,2022/02/25 00:00:00+00,Fri 25 Feb 2022,692,1227,0,3828132,3746882,241001,4069133,3987883,84.7997684285506,83.1065376629748,549
-7.6926,53.28823,2022/02/26 00:00:00+00,Sat 26 Feb 2022,960,2092,0,3829092,3748974,241001,4070093,3989975,84.8197746012884,83.1501344477327,550
-7.6926,53.28823,2022/02/27 00:00:00+00,Sun 27 Feb 2022,671,1783,0,3829763,3750757,241001,4070764,3991758,84.8337580824417,83.1872917456407,551
-7.6926,53.28823,2022/02/28 00:00:00+00,Mon 28 Feb 2022,80,432,0,3829843,3751189,241001,4070844,3992190,84.8354252635032,83.1962945233727,552
-7.6926,53.28823,2022/03/01 00:00:00+00,Tue 01 Mar 2022,132,936,0,3829975,3752125,241001,4070976,3993126,84.8381761122546,83.2158005417922,553
-7.6926,53.28823,2022/03/02 00:00:00+00,Wed 02 Mar 2022,206,997,2,3830181,3753122,241003,4071184,3994125,84.8425107830145,83.2366194652975,554
-7.6926,53.28823,2022/03/03 00:00:00+00,Thu 03 Mar 2022,278,1277,0,3830459,3754399,241003,4071462,3995402,84.8483042372032,83.2632318429916,555
-7.6926,53.28823,2022/03/04 00:00:00+00,Fri 04 Mar 2022,735,1508,1,3831194,3755907,241004,4072198,3996911,84.8636423029689,83.2946790457639,556
-7.6926,53.28823,2022/03/05 00:00:00+00,Sat 05 Mar 2022,962,3341,0,3832156,3759248,241004,4073160,4000252,84.8836901552333,83.3643046948444,557
-7.6926,53.28823,2022/03/06 00:00:00+00,Sun 06 Mar 2022,455,1915,0,3832611,3761163,241004,4073615,4002167,84.8931722475205,83.4042128415038,558
-7.6926,53.28823,2022/03/07 00:00:00+00,Mon 07 Mar 2022,115,124,1,3832726,3761287,241005,4073731,4002292,84.8955896600597,83.4068178119124,559
-7.6926,53.28823,2022/03/08 00:00:00+00,Tue 08 Mar 2022,120,493,0,3832846,3761780,241005,4073851,4002785,84.8980904316519,83.4170918152038,560
-7.6926,53.28823,2022/03/09 00:00:00+00,Wed 09 Mar 2022,129,345,1,3832975,3762125,241006,4073981,4003131,84.9007996008769,83.4243023732948,561
-7.6926,53.28823,2022/03/10 00:00:00+00,Thu 10 Mar 2022,258,508,0,3833233,3762633,241006,4074239,4003639,84.9061762598002,83.4348889730352,562
-7.6926,53.28823,2022/03/11 00:00:00+00,Fri 11 Mar 2022,492,2182,0,3833725,3764815,241006,4074731,4005821,84.9164294233283,83.4803613364874,563
-7.6926,53.28823,2022/03/12 00:00:00+00,Sat 12 Mar 2022,473,2391,2,3834198,3767206,241008,4075206,4008214,84.9263283108809,83.5302308899892,564
-7.6926,53.28823,2022/03/13 00:00:00+00,Sun 13 Mar 2022,358,1082,0,3834556,3768288,241008,4075564,4009296,84.9337889461311,83.5527795138458,565
-7.6926,53.28823,2022/03/14 00:00:00+00,Mon 14 Mar 2022,109,122,0,3834665,3768410,241008,4075673,4009418,84.9360604803274,83.5553219649646,566
-7.6926,53.28823,2022/03/15 00:00:00+00,Tue 15 Mar 2022,222,755,1,3834887,3769165,241009,4075896,4010174,84.9407077475363,83.5710768259957,567
-7.6926,53.28823,2022/03/16 00:00:00+00,Wed 16 Mar 2022,195,798,0,3835082,3769963,241009,4076091,4010972,84.9447715013737,83.5877069570841,568
-7.6926,53.28823,2022/03/18 00:00:00+00,Fri 18 Mar 2022,3,6,0,3835085,3769969,241009,4076094,4010978,84.9448340206635,83.5878319956637,569
-7.6926,53.28823,2022/03/19 00:00:00+00,Sat 19 Mar 2022,743,2778,0,3835828,3772747,241009,4076837,4013756,84.960317964772,83.6457248580239,570
-7.6926,53.28823,2022/03/20 00:00:00+00,Sun 20 Mar 2022,395,1402,0,3836223,3774149,241009,4077232,4015158,84.9685496712631,83.6749422061265,571
-7.6926,53.28823,2022/03/21 00:00:00+00,Mon 21 Mar 2022,56,112,0,3836279,3774261,241009,4077288,4015270,84.9697166980062,83.6772762596126,572
-7.6926,53.28823,2022/03/22 00:00:00+00,Tue 22 Mar 2022,141,575,0,3836420,3774836,241009,4077429,4015845,84.9726551046271,83.6892591234921,573
-7.6926,53.28823,2022/03/23 00:00:00+00,Wed 23 Mar 2022,102,221,0,3836522,3775057,241009,4077531,4016066,84.9747807604805,83.6938647111744,574
-7.6926,53.28823,2022/03/24 00:00:00+00,Thu 24 Mar 2022,147,245,0,3836669,3775302,241009,4077678,4016311,84.977844205681,83.6989704531752,575
-7.6926,53.28823,2022/03/25 00:00:00+00,Fri 25 Mar 2022,434,1625,0,3837103,3776927,241009,4078112,4017936,84.9868886629395,83.7328350684868,576
-7.6926,53.28823,2022/03/26 00:00:00+00,Sat 26 Mar 2022,874,1848,1,3837977,3778775,241010,4078987,4019785,85.0051234557996,83.7713677907704,577
-7.6926,53.28823,2022/03/27 00:00:00+00,Sun 27 Mar 2022,380,803,0,3838357,3779578,241010,4079367,4020588,85.0130425658417,83.7881021206751,578
-7.6926,53.28823,2022/03/27 23:00:00+00,Mon 28 Mar 2022,44,53,1,3838401,3779631,241011,4079412,4020642,85.0139803551887,83.7892274678917,579
-7.6926,53.28823,2022/03/28 23:00:00+00,Tue 29 Mar 2022,137,193,3,3838538,3779824,241014,4079552,4020838,85.0168979220464,83.7933120614923,580
-7.6926,53.28823,2021/08/24 23:00:00+00,Wed 25 Aug 2021,9424,19543,317,3458383,3116725,236360,3694743,3353085,76.99756945841,69.877497619578,581
-7.6926,53.28823,2021/08/25 23:00:00+00,Thu 26 Aug 2021,8595,19453,369,3466978,3136178,236729,3703707,3372907,77.1843770963499,70.2905834070887,582
-7.6926,53.28823,2021/08/26 23:00:00+00,Fri 27 Aug 2021,9731,19226,432,3476709,3155404,237161,3713870,3392565,77.396171610449,70.7002514734234,583
-7.6926,53.28823,2021/08/27 23:00:00+00,Sat 28 Aug 2021,9931,7940,153,3486640,3163344,237314,3723954,3400658,77.6063197832498,70.8689076775564,584
-7.6926,53.28823,2021/08/28 23:00:00+00,Sun 29 Aug 2021,8801,9195,30,3495441,3172539,237344,3732785,3409883,77.790355732675,71.0611544937094,585
-7.6926,53.28823,2021/08/29 23:00:00+00,Mon 30 Aug 2021,5069,11152,85,3500510,3183691,237429,3737939,3421120,77.8977638725615,71.295330913559,586
-7.6926,53.28823,2021/08/30 23:00:00+00,Tue 31 Aug 2021,4075,12911,145,3504585,3196602,237574,3742159,3434176,77.9857076735551,71.5674148627941,587
-7.6926,53.28823,2021/08/31 23:00:00+00,Wed 01 Sep 2021,4984,12555,183,3509569,3209157,237757,3747326,3446914,78.0933867303641,71.8328717673099,588
-7.6926,53.28823,2021/09/01 23:00:00+00,Thu 02 Sep 2021,5013,12373,248,3514582,3221530,238005,3752587,3459535,78.2030247249203,72.0958904195232,589
-7.6926,53.28823,2021/09/02 23:00:00+00,Fri 03 Sep 2021,4784,16097,167,3519366,3237627,238172,3757538,3475799,78.3062023928633,72.4348283293241,590
-7.6926,53.28823,2021/09/03 23:00:00+00,Sat 04 Sep 2021,4631,10590,136,3523997,3248217,238308,3762305,3486525,78.4055455443648,72.6583556301434,591
-7.6926,53.28823,2021/09/04 23:00:00+00,Sun 05 Sep 2021,5311,11910,1,3529308,3260127,238309,3767617,3498436,78.5162463668478,72.906578050436,592
-7.6926,53.28823,2021/09/05 23:00:00+00,Mon 06 Sep 2021,2167,9697,76,3531475,3269824,238385,3769860,3508209,78.5629899558593,73.1102450568603,593
-7.6926,53.28823,2021/09/06 23:00:00+00,Tue 07 Sep 2021,3035,10034,160,3534510,3279858,238545,3773055,3518403,78.6295729995026,73.3226856036206,594
-7.6926,53.28823,2021/09/07 23:00:00+00,Wed 08 Sep 2021,2613,14803,191,3537123,3294661,238736,3775859,3533397,78.6880076957078,73.6351570140704,595
-7.6926,53.28823,2021/09/08 23:00:00+00,Thu 09 Sep 2021,3125,14821,138,3540248,3309482,238874,3779122,3548356,78.7560078432533,73.9468990328057,596
-7.6926,53.28823,2021/09/09 23:00:00+00,Fri 10 Sep 2021,3389,13950,116,3543637,3323432,238990,3782627,3562422,78.8290512135098,74.2400311429422,597
-7.6926,53.28823,2021/09/10 23:00:00+00,Sat 11 Sep 2021,2564,11347,62,3546201,3334779,239052,3785253,3573831,78.8837764318532,74.477792002074,598
-7.6926,53.28823,2021/09/11 23:00:00+00,Sun 12 Sep 2021,2043,12885,1,3548244,3347664,239053,3787297,3586717,78.9263729079743,74.7463331915535,599
-7.6926,53.28823,2021/09/12 23:00:00+00,Mon 13 Sep 2021,1623,7750,52,3549867,3355414,239105,3788972,3594519,78.9612795114493,74.9089250245753,600
-7.6926,53.28823,2021/09/13 23:00:00+00,Tue 14 Sep 2021,1551,10793,82,3551418,3366207,239187,3790605,3605394,78.9953108448669,75.1355574501216,601
-7.6926,53.28823,2021/09/14 23:00:00+00,Wed 15 Sep 2021,3288,12379,138,3554706,3378586,239325,3794031,3617911,79.0667078738252,75.396408766955,602
-7.6926,53.28823,2021/09/15 23:00:00+00,Thu 16 Sep 2021,1919,10581,115,3556625,3389167,239440,3796065,3628607,79.1090959523136,75.6193108748762,603
-7.6926,53.28823,2021/09/16 23:00:00+00,Fri 17 Sep 2021,2563,14623,95,3559188,3403790,239535,3798723,3643325,79.1644880430816,75.9260305106638,604
-7.6926,53.28823,2021/09/17 23:00:00+00,Sat 18 Sep 2021,2291,11241,48,3561479,3415031,239583,3801062,3654614,79.2132322493669,76.1612905982033,605
-7.6926,53.28823,2021/09/18 23:00:00+00,Sun 19 Sep 2021,1864,8495,16,3563343,3423526,239599,3802942,3663125,79.252411004312,76.3386578233826,606
-7.6926,53.28823,2021/09/19 23:00:00+00,Mon 20 Sep 2021,963,5634,35,3564306,3429160,239634,3803940,3668794,79.273209088054,76.4567984413524,607
-7.6926,53.28823,2021/09/20 23:00:00+00,Tue 21 Sep 2021,1476,6680,90,3565782,3435840,239724,3805506,3675564,79.3058441573327,76.597883638681,608
-7.6926,53.28823,2021/09/21 23:00:00+00,Wed 22 Sep 2021,1902,8158,97,3567684,3443998,239821,3807505,3683819,79.3475028441067,76.7699158844635,609
-7.6926,53.28823,2021/09/22 23:00:00+00,Thu 23 Sep 2021,1690,8736,89,3569374,3452734,239910,3809284,3692644,79.3845767829616,76.9538267953091,610
-7.6926,53.28823,2021/09/23 23:00:00+00,Fri 24 Sep 2021,1914,7398,80,3571288,3460132,239990,3811278,3700122,79.4261312709192,77.1096665450319,611
-7.6926,53.28823,2021/09/24 23:00:00+00,Sat 25 Sep 2021,2422,6609,53,3573710,3466741,240043,3813753,3706784,79.4777096850091,77.2485010479275,612
-7.6926,53.28823,2021/09/25 23:00:00+00,Sun 26 Sep 2021,1549,7101,0,3575259,3473842,240043,3815302,3713885,79.5099904783122,77.396484206898,613
-7.6926,53.28823,2021/09/26 23:00:00+00,Mon 27 Sep 2021,1180,3829,45,3576439,3477671,240088,3816527,3717759,79.5355191883162,77.4772174498007,614
-7.6926,53.28823,2021/09/27 23:00:00+00,Tue 28 Sep 2021,1455,5149,93,3577894,3482820,240181,3818075,3723001,79.5677791418561,77.5864594888548,615
-7.6926,53.28823,2021/09/28 23:00:00+00,Wed 29 Sep 2021,1654,3631,80,3579548,3486451,240261,3819809,3726712,79.6039152913639,77.6637958503447,616
-7.6926,53.28823,2021/09/29 23:00:00+00,Thu 30 Sep 2021,1275,3983,78,3580823,3490434,240339,3821162,3730773,79.6321114910663,77.7484261289785,617
-7.6926,53.28823,2021/09/30 23:00:00+00,Fri 01 Oct 2021,1869,5191,42,3582692,3495625,240381,3823073,3736006,79.6719362786726,77.8574806101633,618
-7.6926,53.28823,2021/10/01 23:00:00+00,Sat 02 Oct 2021,1683,4102,41,3584375,3499727,240422,3824797,3740149,79.7078640305478,77.9438197493852,619
-7.6926,53.28823,2021/10/02 23:00:00+00,Sun 03 Oct 2021,1197,3022,9,3585572,3502749,240431,3826003,3743180,79.7329967850497,78.0069850718524,620
-7.6926,53.28823,2021/10/03 23:00:00+00,Mon 04 Oct 2021,346,1236,18,3585918,3503985,240449,3826367,3744434,79.7405824588795,78.0331181349912,621
-7.6926,53.28823,2021/10/04 23:00:00+00,Tue 05 Oct 2021,960,2836,70,3586878,3506821,240519,3827397,3747340,79.7620474150462,78.0936784870499,622
-7.6926,53.28823,2021/10/05 23:00:00+00,Wed 06 Oct 2021,971,2580,40,3587849,3509401,240559,3828408,3749960,79.7831164157108,78.1482786668137,623
-7.6926,53.28823,2021/10/06 23:00:00+00,Thu 07 Oct 2021,1213,2712,44,3589062,3512113,240603,3829665,3752716,79.8093119981394,78.205713054382,624
-7.6926,53.28823,2021/10/07 23:00:00+00,Fri 08 Oct 2021,915,2745,48,3589977,3514858,240651,3830628,3755509,79.8293806901671,78.2639185131913,625
-7.6926,53.28823,2021/10/08 23:00:00+00,Sat 09 Oct 2021,723,2368,23,3590700,3517226,240674,3831374,3757900,79.8449271535655,78.3137463871665,626
-7.6926,53.28823,2021/10/09 23:00:00+00,Sun 10 Oct 2021,1517,3926,3,3592217,3521152,240677,3832894,3761829,79.8766035937338,78.395625817049,627
-7.6926,53.28823,2021/10/10 23:00:00+00,Mon 11 Oct 2021,335,1136,19,3592552,3522288,240696,3833248,3762984,79.8839808699309,78.4196957436242,628
-7.6926,53.28823,2021/10/11 23:00:00+00,Tue 12 Oct 2021,563,1625,21,3593115,3523913,240717,3833832,3764630,79.8961512916798,78.4539979939644,629
-7.6926,53.28823,2021/10/12 23:00:00+00,Wed 13 Oct 2021,989,2079,11,3594104,3525992,240728,3834832,3766720,79.9169910549484,78.4975530991958,630
-7.6926,53.28823,2021/10/13 23:00:00+00,Thu 14 Oct 2021,652,1609,9,3594756,3527601,240737,3835493,3768338,79.930766138469,78.5312718361644,631
-7.6926,53.28823,2021/10/14 23:00:00+00,Fri 15 Oct 2021,957,2079,9,3595713,3529680,240746,3836459,3770426,79.9508973497865,78.5747852618693,632
-7.6926,53.28823,2021/10/15 23:00:00+00,Sat 16 Oct 2021,1383,2651,14,3597096,3532331,240760,3837856,3773091,79.9800104990727,78.6303232309802,633
-7.6926,53.28823,2021/10/16 23:00:00+00,Sun 17 Oct 2021,1704,2892,2,3598800,3535223,240762,3839562,3775985,80.015563135209,78.6906335058796,634
-7.6926,53.28823,2021/10/17 23:00:00+00,Mon 18 Oct 2021,679,1255,6,3599479,3536478,240768,3840247,3777246,80.029838373048,78.7169124473614,635
-7.6926,53.28823,2021/10/18 23:00:00+00,Tue 19 Oct 2021,1340,1808,13,3600819,3538286,240781,3841600,3779067,80.0580345727505,78.7548616562735,636
-7.6926,53.28823,2021/10/19 23:00:00+00,Wed 20 Oct 2021,2262,2337,0,3603081,3540623,240781,3843862,3781404,80.1051741172641,78.8035641830323,637
-7.6926,53.28823,2021/10/20 23:00:00+00,Thu 21 Oct 2021,1729,1853,11,3604810,3542476,240792,3845602,3783268,80.1414353053515,78.842409501765,638
-7.6926,53.28823,2021/10/21 23:00:00+00,Fri 22 Oct 2021,1507,1936,3,3606317,3544412,240795,3847112,3785207,80.1729033478871,78.8828178027429,639
-7.6926,53.28823,2021/10/22 23:00:00+00,Sat 23 Oct 2021,2018,1705,1,3608335,3546117,240796,3849131,3786913,80.2149788299265,78.9183704388792,640
-7.6926,53.28823,2021/10/23 23:00:00+00,Sun 24 Oct 2021,1955,2189,2,3610290,3548306,240798,3851088,3789104,80.2557622466432,78.9640303602007,641
-7.6926,53.28823,2021/10/24 23:00:00+00,Mon 25 Oct 2021,1234,862,2,3611524,3549168,240800,3852324,3789968,80.2815201940432,78.9820359156648,642
-7.6926,53.28823,2021/10/25 23:00:00+00,Tue 26 Oct 2021,1246,1237,6,3612770,3550405,240806,3853576,3791211,80.3076115776555,79.0079397414077,643
-7.6926,53.28823,2021/10/26 23:00:00+00,Wed 27 Oct 2021,1567,1431,6,3614337,3551836,240812,3855149,3792648,80.3403925252771,79.0378864812247,644
-7.6926,53.28823,2021/10/27 23:00:00+00,Thu 28 Oct 2021,2158,1696,5,3616495,3553532,240817,3857312,3794349,80.3854689332271,79.0733349185447,645
-7.6926,53.28823,2021/10/28 23:00:00+00,Fri 29 Oct 2021,2145,1376,2,3618640,3554908,240819,3859459,3795727,80.4302119049648,79.1020521123288,646
-7.6926,53.28823,2021/10/29 23:00:00+00,Sat 30 Oct 2021,2020,1455,1,3620660,3556363,240820,3861480,3797183,80.4723290665307,79.1323948076479,647
-7.6926,53.28823,2021/10/30 23:00:00+00,Sun 31 Oct 2021,1597,1320,0,3622257,3557683,240820,3863077,3798503,80.5056101684707,79.1599032951625,648
-7.6926,53.28823,2021/11/01 00:00:00+00,Mon 01 Nov 2021,289,295,2,3622546,3557978,240822,3863368,3798800,80.5116745395819,79.1660927048533,649
-7.6926,53.28823,2021/11/02 00:00:00+00,Tue 02 Nov 2021,1100,1098,10,3623646,3559076,240832,3864478,3799908,80.5348066768101,79.1891831625549,650
-7.6926,53.28823,2021/11/03 00:00:00+00,Wed 03 Nov 2021,2538,1881,7,3626184,3560957,240839,3867023,3801796,80.5878438743287,79.2285286356061,651
-7.6926,53.28823,2021/11/04 00:00:00+00,Thu 04 Nov 2021,1536,1287,2,3627720,3562244,240841,3868561,3803085,80.6198954302359,79.2553910904594,652
-7.6926,53.28823,2021/11/05 00:00:00+00,Fri 05 Nov 2021,1631,1102,4,3629351,3563346,240845,3870196,3804191,80.6539684431801,79.2784398686345,653
-7.6926,53.28823,2021/11/06 00:00:00+00,Sat 06 Nov 2021,1821,1358,6,3631172,3564704,240851,3872023,3805555,80.6920426906719,79.3068653057329,654
-7.6926,53.28823,2021/11/07 00:00:00+00,Sun 07 Nov 2021,697,775,0,3631869,3565479,240851,3872720,3806330,80.7065680056701,79.3230161222661,655
-7.6926,53.28823,2021/11/08 00:00:00+00,Mon 08 Nov 2021,516,533,4,3632385,3566012,240855,3873240,3806867,80.7174046825698,79.3342070751413,656
-7.6926,53.28823,2021/11/09 00:00:00+00,Tue 09 Nov 2021,1372,1070,4,3633757,3567082,240859,3874616,3807941,80.7460801968274,79.3565889808918,657
-7.6926,53.28823,2021/11/10 00:00:00+00,Wed 10 Nov 2021,1600,1366,2,3635357,3568448,240861,3876218,3809309,80.7794654975837,79.3850977770433,658
-7.6926,53.28823,2021/11/11 00:00:00+00,Thu 11 Nov 2021,1391,1123,2,3636748,3569571,240863,3877611,3810434,80.8084952878169,79.4085425107205,659
-7.6926,53.28823,2021/11/12 00:00:00+00,Fri 12 Nov 2021,1143,1159,6,3637891,3570730,240869,3878760,3811599,80.8324401758126,79.4328208349284,660
-7.6926,53.28823,2021/11/13 00:00:00+00,Sat 13 Nov 2021,1395,1384,0,3639286,3572114,240869,3880155,3812983,80.8615116455723,79.4616630672922,661
-7.6926,53.28823,2021/11/14 00:00:00+00,Sun 14 Nov 2021,1646,1808,1,3640932,3573922,240870,3881802,3814792,80.8958347356757,79.4993621990452,662
-7.6926,53.28823,2021/11/15 00:00:00+00,Mon 15 Nov 2021,1241,597,1,3642173,3574519,240871,3883044,3815390,80.9217177216554,79.5118243774798,663
-7.6926,53.28823,2021/11/16 00:00:00+00,Tue 16 Nov 2021,1314,1079,5,3643487,3575598,240876,3884363,3816474,80.9492053694067,79.534414680863,664
-7.6926,53.28823,2021/11/17 00:00:00+00,Wed 17 Nov 2021,1504,1122,3,3644991,3576720,240879,3885870,3817599,80.9806108926525,79.5578594145402,665
-7.6926,53.28823,2021/11/18 00:00:00+00,Thu 18 Nov 2021,1639,2507,5,3646630,3579227,240884,3887514,3820111,81.0148714634661,79.610208899871,666
-7.6926,53.28823,2021/11/19 00:00:00+00,Fri 19 Nov 2021,1165,1558,0,3647795,3580785,240884,3888679,3821669,81.0391497876741,79.6426772510435,667
-7.6926,53.28823,2021/11/20 00:00:00+00,Sat 20 Nov 2021,1547,2946,12,3649342,3583731,240896,3890238,3824627,81.0716389786099,79.7043212707921,668
-7.6926,53.28823,2021/11/21 00:00:00+00,Sun 21 Nov 2021,1789,2769,0,3651131,3586500,240896,3892027,3827396,81.1089213150974,79.7620265752829,669
-7.6926,53.28823,2021/11/22 00:00:00+00,Mon 22 Nov 2021,724,522,3,3651855,3587022,240899,3892754,3827921,81.1240718229937,79.7729674509989,670
-7.6926,53.28823,2021/11/23 00:00:00+00,Tue 23 Nov 2021,2155,1598,8,3654010,3588620,240907,3894917,3829527,81.1691482309438,79.8064361108083,671
-7.6926,53.28823,2021/11/24 00:00:00+00,Wed 24 Nov 2021,1613,3151,2,3655623,3591771,240909,3896532,3832680,81.2028044486226,79.8721438843943,672
-7.6926,53.28823,2021/11/25 00:00:00+00,Thu 25 Nov 2021,981,1188,1,3656604,3592959,240910,3897514,3833869,81.2232690961524,79.8969223629207,673
-7.6926,53.28823,2021/11/26 00:00:00+00,Fri 26 Nov 2021,1279,1110,12,3657883,3594069,240922,3898805,3834991,81.2501732305322,79.9203045773081,674
-7.6926,53.28823,2021/11/27 00:00:00+00,Sat 27 Nov 2021,1201,1567,6,3659084,3595636,240928,3900012,3836564,81.2753268247974,79.9530855249297,675
-7.6926,53.28823,2021/11/28 00:00:00+00,Sun 28 Nov 2021,1961,2262,1,3661045,3597898,240929,3901974,3838827,81.3162144403304,80.0002459092066,676
-7.6926,53.28823,2021/11/29 00:00:00+00,Mon 29 Nov 2021,536,999,2,3661581,3598897,240931,3902512,3839828,81.327426232969,80.0211065122385,677
-7.6926,53.28823,2021/11/30 00:00:00+00,Tue 30 Nov 2021,1894,1649,6,3663475,3600546,240937,3904412,3841483,81.3670217831794,80.055596320448,678
-7.6926,53.28823,2021/12/01 00:00:00+00,Wed 01 Dec 2021,1071,1388,4,3664546,3601934,240941,3905487,3842875,81.3894245286931,80.084605270918,679
-7.6926,53.28823,2021/12/02 00:00:00+00,Thu 02 Dec 2021,1737,1413,0,3666283,3603347,240941,3907224,3844288,81.4256231974907,80.1140518564165,680
-7.6926,53.28823,2021/12/03 00:00:00+00,Fri 03 Dec 2021,1013,1196,2,3667296,3604543,240943,3908239,3845486,81.4467755572084,80.1390178928123,681
-7.6926,53.28823,2021/12/04 00:00:00+00,Sat 04 Dec 2021,1204,1702,1,3668500,3606245,240944,3909444,3847189,81.4718874719471,80.1745080096588,682
