X,Y,VaccinationDate,VaccineText,Dose1,Dose2,SingleDose,Dose1Cum,Dose2Cum,SingleDoseCum,PartiallyVacc,FullyVacc,PartialPercent,FullyPercent,ObjectId
-7.6926,53.28823,2020/12/28 00:00:00+00,Mon 28 Dec 2020,220,16,0,220,16,0,220,16,0.00467199713224321,0.000339781609617688,1
-7.6926,53.28823,2021/04/17 23:00:00+00,Sun 18 Apr 2021,1072,485,0,900569,379743,241,900810,379984,19.1299169849819,8.06947344681048,2
-7.6926,53.28823,2021/08/06 23:00:00+00,Sat 07 Aug 2021,6327,8454,583,3257715,2744560,227792,3485507,2972352,74.0194486746075,63.1219091818972,3
-7.6926,53.28823,2020/12/29 00:00:00+00,Tue 29 Dec 2020,77,2,0,297,18,0,297,18,0.00630719612852834,0.000382254310819899,4
-7.6926,53.28823,2021/04/18 23:00:00+00,Mon 19 Apr 2021,6741,2257,0,907310,382000,241,907551,382241,19.2730712243839,8.11740389011718,5
-7.6926,53.28823,2021/08/07 23:00:00+00,Sun 08 Aug 2021,8624,11975,153,3266339,2756535,227945,3494284,2984480,74.2058401238334,63.3794636419874,6
-7.6926,53.28823,2021/04/19 23:00:00+00,Tue 20 Apr 2021,15089,7316,1,922399,389316,242,922641,389558,19.5935277549546,8.27279026746546,7
-7.6926,53.28823,2020/12/30 00:00:00+00,Wed 30 Dec 2020,1057,1,0,1354,19,0,1354,19,0.0287540187138969,0.000403490661421005,8
-7.6926,53.28823,2021/08/08 23:00:00+00,Mon 09 Aug 2021,5531,23028,600,3271870,2779563,228545,3500415,3008108,74.3360401893688,63.8812361339903,9
-7.6926,53.28823,2021/04/20 23:00:00+00,Wed 21 Apr 2021,26718,9879,4,949117,399195,246,949363,399441,20.1610055157173,8.48266912045619,10
-7.6926,53.28823,2020/12/31 00:00:00+00,Thu 31 Dec 2020,1032,1,0,2386,20,0,2386,20,0.0506699325342378,0.00042472701202211,11
-7.6926,53.28823,2021/08/09 23:00:00+00,Tue 10 Aug 2021,9347,25999,714,3281217,2805562,229259,3510476,3034821,74.5496991127665,64.4485227675977,12
-7.6926,53.28823,2021/01/01 00:00:00+00,Fri 01 Jan 2021,813,0,0,3199,20,0,3199,20,0.0679350855729366,0.00042472701202211,13
-7.6926,53.28823,2021/04/21 23:00:00+00,Thu 22 Apr 2021,31624,12179,1,980741,411374,247,980988,411621,20.8326051034773,8.74132787077766,14
-7.6926,53.28823,2021/08/10 23:00:00+00,Wed 11 Aug 2021,7007,31234,664,3288224,2836796,229923,3518147,3066719,74.7126031582276,65.1259198790717,15
-7.6926,53.28823,2021/01/02 00:00:00+00,Sat 02 Jan 2021,1016,0,0,4215,20,0,4215,20,0.0895112177836598,0.00042472701202211,16
-7.6926,53.28823,2021/04/22 23:00:00+00,Fri 23 Apr 2021,33612,12351,3,1014353,423725,250,1014603,423975,21.5464650289335,9.00368174610371,17
-7.6926,53.28823,2021/01/03 00:00:00+00,Sun 03 Jan 2021,20,2,1,4235,22,1,4236,23,0.089957181146283,0.000488436063825427,18
-7.6926,53.28823,2021/08/11 23:00:00+00,Thu 12 Aug 2021,6762,38284,862,3294986,2875080,230785,3525771,3105865,74.8745090952104,65.9572380597026,19
-7.6926,53.28823,2021/04/23 23:00:00+00,Sat 24 Apr 2021,23699,6993,2,1038052,430718,252,1038304,430970,22.0497877745303,9.15223001855845,20
-7.6926,53.28823,2021/01/04 00:00:00+00,Mon 04 Jan 2021,1188,3,0,5423,25,1,5424,26,0.115185965660396,0.000552145115628744,21
-7.6926,53.28823,2021/08/12 23:00:00+00,Fri 13 Aug 2021,10922,28240,870,3305908,2903320,231655,3537563,3134975,75.1249281414986,66.5754282257008,22
-7.6926,53.28823,2021/04/24 23:00:00+00,Sun 25 Apr 2021,9749,300,2,1047801,431018,254,1048055,431272,22.2568634292416,9.15864339643998,23
-7.6926,53.28823,2021/01/05 00:00:00+00,Tue 05 Jan 2021,3530,11,0,8953,36,1,8954,37,0.190150283282299,0.000785744972240904,24
-7.6926,53.28823,2021/08/13 23:00:00+00,Sat 14 Aug 2021,18129,5838,279,3324037,2909158,231934,3555971,3141092,75.5158468833638,66.7053309823278,25
-7.6926,53.28823,2021/04/25 23:00:00+00,Mon 26 Apr 2021,15593,3054,3,1063394,434072,257,1063651,434329,22.5880655532165,9.22356292022756,26
-7.6926,53.28823,2021/01/06 00:00:00+00,Wed 06 Jan 2021,6777,11,0,15730,47,1,15731,48,0.334069031305991,0.00101934482885307,27
-7.6926,53.28823,2021/04/26 23:00:00+00,Tue 27 Apr 2021,25918,7808,9,1089312,441880,266,1089578,442146,23.1386604152514,9.3895674728764,28
-7.6926,53.28823,2021/08/14 23:00:00+00,Sun 15 Aug 2021,16997,3724,50,3341034,2912882,231984,3573018,3144866,75.8778629520609,66.7854769694963,29
-7.6926,53.28823,2021/01/07 00:00:00+00,Thu 07 Jan 2021,11725,8,0,27455,55,1,27456,56,0.583065242103953,0.00118923563366191,30
-7.6926,53.28823,2021/04/27 23:00:00+00,Wed 28 Apr 2021,26036,8604,5,1115348,450484,271,1115619,450755,23.6916762212547,9.57239121520132,31
-7.6926,53.28823,2021/08/15 23:00:00+00,Mon 16 Aug 2021,10180,23150,384,3351214,2936032,232368,3583582,3168400,76.1022037598109,67.2852532445427,32
-7.6926,53.28823,2021/01/08 00:00:00+00,Fri 08 Jan 2021,12681,5,0,40136,60,1,40137,61,0.852363404076572,0.00129541738666744,33
-7.6926,53.28823,2021/04/28 23:00:00+00,Thu 29 Apr 2021,31694,11331,6,1147042,461815,277,1147319,462092,24.3648685353098,9.81314772196605,34
-7.6926,53.28823,2021/08/16 23:00:00+00,Tue 17 Aug 2021,12863,26858,528,3364077,2962890,232896,3596973,3195786,76.3865797307103,67.8668319421046,35
-7.6926,53.28823,2021/04/29 23:00:00+00,Fri 30 Apr 2021,36112,13526,8,1183154,475341,285,1183439,475626,25.1319255190217,10.1005604910014,36
-7.6926,53.28823,2021/01/09 00:00:00+00,Sat 09 Jan 2021,8075,7,0,48211,67,1,48212,68,1.0238469351805,0.00144407184087518,37
-7.6926,53.28823,2021/04/30 23:00:00+00,Sat 01 May 2021,16579,6691,18,1199733,482032,303,1200036,482335,25.4843852299483,10.2430351671842,38
-7.6926,53.28823,2021/08/17 23:00:00+00,Wed 18 Aug 2021,15228,25764,658,3379305,2988654,233554,3612859,3222208,76.7239403963595,68.427938797687,39
-7.6926,53.28823,2021/01/10 00:00:00+00,Sun 10 Jan 2021,4781,4,1,52992,71,2,52994,73,1.12539916375499,0.0015502535938807,40
-7.6926,53.28823,2021/05/01 23:00:00+00,Sun 02 May 2021,12463,909,15,1212196,482941,318,1212514,483259,25.7493724127489,10.2626575551397,41
-7.6926,53.28823,2021/08/18 23:00:00+00,Thu 19 Aug 2021,11359,25697,544,3390664,3014351,234098,3624762,3248449,76.9767166775645,68.9852018738106,42
-7.6926,53.28823,2021/01/11 00:00:00+00,Mon 11 Jan 2021,8342,6,0,61334,77,2,61336,79,1.30255280046941,0.00167767169748734,43
-7.6926,53.28823,2021/05/02 23:00:00+00,Mon 03 May 2021,14261,922,21,1226457,483863,339,1226796,484202,26.0526699720338,10.2826834337565,44
-7.6926,53.28823,2021/01/12 00:00:00+00,Tue 12 Jan 2021,8883,10,0,70217,87,2,70219,89,1.49119530285903,0.00189003520349839,45
-7.6926,53.28823,2021/08/19 23:00:00+00,Fri 20 Aug 2021,14839,22249,686,3405503,3036600,234784,3640287,3271384,77.3064110206466,69.472257574847,46
-7.6926,53.28823,2021/11/26 00:00:00+00,Fri 26 Nov 2021,1290,1102,12,3654612,3590982,240688,3895300,3831670,82.7219564964863,81.370687507738,47
-7.6926,53.28823,2021/05/03 23:00:00+00,Tue 04 May 2021,26661,6789,10,1253118,490652,349,1253467,491001,26.6190646789159,10.4270693814934,48
-7.6926,53.28823,2021/01/13 00:00:00+00,Wed 13 Jan 2021,9878,4,0,80095,91,2,80097,93,1.70096797409675,0.00197498060590281,49
-7.6926,53.28823,2021/08/20 23:00:00+00,Sat 21 Aug 2021,11884,7972,245,3417387,3044572,235029,3652416,3279601,77.5639867170874,69.6467566677363,50
-7.6926,53.28823,2021/05/04 23:00:00+00,Wed 05 May 2021,32108,13457,69,1285226,504109,418,1285644,504527,27.3023867322077,10.714312259724,51
-7.6926,53.28823,2021/01/14 00:00:00+00,Thu 14 Jan 2021,8082,4,0,88177,95,2,88179,97,1.87260015965488,0.00205992600830724,52
-7.6926,53.28823,2021/01/15 00:00:00+00,Fri 15 Jan 2021,7691,2,0,95868,97,2,95870,99,2.03592893212799,0.00210239870950945,53
-7.6926,53.28823,2021/01/16 00:00:00+00,Sat 16 Jan 2021,5234,3,0,101102,100,2,101104,102,2.14707999117417,0.00216610776131276,54
-7.6926,53.28823,2021/01/17 00:00:00+00,Sun 17 Jan 2021,1113,4,0,102215,104,2,102217,106,2.1707160493932,0.00225105316371719,55
-7.6926,53.28823,2021/01/18 00:00:00+00,Mon 18 Jan 2021,8714,8,1,110929,112,3,110932,115,2.35579084488184,0.00244218031912714,56
-7.6926,53.28823,2021/01/19 00:00:00+00,Tue 19 Jan 2021,8380,19,0,119309,131,3,119312,134,2.5337514629191,0.00284567098054814,57
-7.6926,53.28823,2021/01/20 00:00:00+00,Wed 20 Jan 2021,8446,962,0,127755,1093,3,127758,1096,2.71311368009604,0.0232750402588116,58
-7.6926,53.28823,2021/01/21 00:00:00+00,Thu 21 Jan 2021,9006,962,0,136761,2055,3,136764,2058,2.9043682536096,0.0437044095370752,59
-7.6926,53.28823,2021/01/22 00:00:00+00,Fri 22 Jan 2021,6780,967,0,143541,3022,3,143544,3025,3.04835071068509,0.0642399605683442,60
-7.6926,53.28823,2021/01/23 00:00:00+00,Sat 23 Jan 2021,4185,460,0,147726,3482,3,147729,3485,3.13722483795072,0.0740086818448527,61
-7.6926,53.28823,2021/01/24 00:00:00+00,Sun 24 Jan 2021,1182,398,0,148908,3880,3,148911,3883,3.16232620436122,0.0824607493840927,62
-7.6926,53.28823,2021/01/25 00:00:00+00,Mon 25 Jan 2021,1359,1287,0,150267,5167,3,150270,5170,3.19118640482813,0.109791932607716,63
-7.6926,53.28823,2021/01/26 00:00:00+00,Tue 26 Jan 2021,1002,3500,0,151269,8667,3,151272,8670,3.21246522813043,0.184119159711585,64
-7.6926,53.28823,2021/01/27 00:00:00+00,Wed 27 Jan 2021,2172,6700,0,153441,15367,3,153444,15370,3.25859058163604,0.326402708738992,65
-7.6926,53.28823,2021/01/28 00:00:00+00,Thu 28 Jan 2021,1006,11539,0,154447,26906,3,154450,26909,3.27995435034075,0.571448958325149,66
-7.6926,53.28823,2021/01/29 00:00:00+00,Fri 29 Jan 2021,1576,11526,0,156023,38432,3,156026,38435,3.31342283888809,0.816219135353491,67
-7.6926,53.28823,2021/01/30 00:00:00+00,Sat 30 Jan 2021,639,7793,0,156662,46225,3,156665,46228,3.3269928669222,0.981714015587906,68
-7.6926,53.28823,2021/01/31 00:00:00+00,Sun 31 Jan 2021,227,4086,0,156889,50311,3,156892,50314,3.33181351850865,1.06848574414402,69
-7.6926,53.28823,2021/02/01 00:00:00+00,Mon 01 Feb 2021,1025,8335,1,157914,58646,4,157918,58650,3.35360201422538,1.24551196275484,70
-7.6926,53.28823,2021/02/02 00:00:00+00,Tue 02 Feb 2021,828,5109,0,158742,63755,4,158746,63759,3.3711857125231,1.35400847797589,71
-7.6926,53.28823,2021/02/03 00:00:00+00,Wed 03 Feb 2021,1399,6865,0,160141,70620,4,160145,70624,3.40089536701404,1.49979602485248,72
-7.6926,53.28823,2021/02/04 00:00:00+00,Thu 04 Feb 2021,1430,10541,1,161571,81161,5,161576,81166,3.43128458472423,1.72366963288933,73
-7.6926,53.28823,2021/02/05 00:00:00+00,Fri 05 Feb 2021,3391,8613,0,164962,89774,5,164967,89779,3.50329704961257,1.90657832061665,74
-7.6926,53.28823,2021/02/06 00:00:00+00,Sat 06 Feb 2021,899,3867,0,165861,93641,5,165866,93646,3.52238852880297,1.98869928839113,75
-7.6926,53.28823,2021/02/07 00:00:00+00,Sun 07 Feb 2021,328,1300,2,166189,94941,7,166196,94948,3.52939652450133,2.01634901687377,76
-7.6926,53.28823,2021/02/08 00:00:00+00,Mon 08 Feb 2021,1182,879,0,167371,95820,7,167378,95827,3.55449789091184,2.03501576905214,77
-7.6926,53.28823,2021/02/09 00:00:00+00,Tue 09 Feb 2021,4262,543,3,171633,96363,10,171643,96373,3.64507092622555,2.04661081648034,78
-7.6926,53.28823,2021/02/10 00:00:00+00,Wed 10 Feb 2021,8825,580,0,180458,96943,10,180468,96953,3.83248172028031,2.05892789982898,79
-7.6926,53.28823,2021/02/11 00:00:00+00,Thu 11 Feb 2021,6180,445,0,186638,97388,10,186648,97398,3.96372236699514,2.06837807584648,80
-7.6926,53.28823,2021/02/12 00:00:00+00,Fri 12 Feb 2021,4395,524,0,191033,97912,10,191043,97922,4.057056127887,2.07950592356146,81
-7.6926,53.28823,2021/02/13 00:00:00+00,Sat 13 Feb 2021,1207,1914,0,192240,99826,10,192250,99836,4.08268840306254,2.12015229861197,82
-7.6926,53.28823,2021/02/14 00:00:00+00,Sun 14 Feb 2021,2700,27,0,194940,99853,10,194950,99863,4.14002654968552,2.1207256800782,83
-7.6926,53.28823,2021/02/15 00:00:00+00,Mon 15 Feb 2021,1962,7890,0,196902,107743,10,196912,107753,4.18169226956489,2.28828048632092,84
-7.6926,53.28823,2021/02/16 00:00:00+00,Tue 16 Feb 2021,5649,8158,0,202551,115901,10,202561,115911,4.30165641411054,2.46152663452474,85
-7.6926,53.28823,2021/02/17 00:00:00+00,Wed 17 Feb 2021,9745,8465,0,212296,124366,10,212306,124376,4.50860465071831,2.6412923423631,86
-7.6926,53.28823,2021/02/18 00:00:00+00,Thu 18 Feb 2021,8464,8352,1,220760,132718,11,220771,132729,4.68837035855667,2.81867957893413,87
-7.6926,53.28823,2021/02/19 00:00:00+00,Fri 19 Feb 2021,9385,6582,0,230145,139300,11,230156,139311,4.88767350894804,2.95845723859061,88
-7.6926,53.28823,2021/02/20 00:00:00+00,Sat 20 Feb 2021,5886,3568,2,236031,142868,13,236044,142881,5.01271314128735,3.03427101023656,89
-7.6926,53.28823,2021/02/21 00:00:00+00,Sun 21 Feb 2021,1109,1024,6,237140,143892,19,237159,143911,5.03639167220758,3.0561444513557,90
-7.6926,53.28823,2021/02/22 00:00:00+00,Mon 22 Feb 2021,3942,1122,1,241082,145014,20,241102,145034,5.12012660262774,3.07999287308074,91
-7.6926,53.28823,2021/02/23 00:00:00+00,Tue 23 Feb 2021,13362,1065,1,254444,146079,21,254465,146100,5.40390795571032,3.10263082282152,92
-7.6926,53.28823,2021/02/24 00:00:00+00,Wed 24 Feb 2021,16935,2103,3,271379,148182,24,271403,148206,5.76360926219184,3.14735457718745,93
-7.6926,53.28823,2021/02/25 00:00:00+00,Thu 25 Feb 2021,18091,1756,2,289470,149938,26,289496,149964,6.14783855361764,3.18468808154419,94
-7.6926,53.28823,2021/02/26 00:00:00+00,Fri 26 Feb 2021,16079,2768,0,305549,152706,26,305575,152732,6.48929783493282,3.24347030000805,95
-7.6926,53.28823,2021/02/27 00:00:00+00,Sat 27 Feb 2021,8993,704,1,314542,153410,27,314569,153437,6.68029757223916,3.25844192718183,96
-7.6926,53.28823,2021/02/28 00:00:00+00,Sun 28 Feb 2021,2444,57,2,316986,153467,29,317015,153496,6.73224168580947,3.25969487186729,97
-7.6926,53.28823,2021/03/01 00:00:00+00,Mon 01 Mar 2021,5596,794,0,322582,154261,29,322611,154290,6.85108030377325,3.27655653424457,98
-7.6926,53.28823,2021/11/27 00:00:00+00,Sat 27 Nov 2021,1201,1564,6,3655813,3592546,240694,3896507,3833240,82.7475887716619,81.4040285781817,99
-7.6926,53.28823,2021/03/02 00:00:00+00,Tue 02 Mar 2021,12180,1610,0,334762,155871,29,334791,155900,7.10973905409472,3.31074705871235,100
-7.6926,53.28823,2021/03/03 00:00:00+00,Wed 03 Mar 2021,12905,1505,1,347667,157376,30,347697,157406,7.38381539495259,3.34272900271762,101
-7.6926,53.28823,2021/03/04 00:00:00+00,Thu 04 Mar 2021,18740,1688,4,366407,159064,34,366441,159098,7.78186955061971,3.37866090793469,102
-7.6926,53.28823,2021/03/05 00:00:00+00,Fri 05 Mar 2021,18445,2396,6,384852,161460,40,384892,161500,8.17370145556071,3.42967062207854,103
-7.6926,53.28823,2021/03/06 00:00:00+00,Sat 06 Mar 2021,10399,140,4,395251,161600,44,395295,161644,8.39462321086401,3.4327286565651,104
-7.6926,53.28823,2021/03/07 00:00:00+00,Sun 07 Mar 2021,1520,13,3,396771,161613,47,396818,161660,8.42696617282949,3.43306843817472,105
-7.6926,53.28823,2021/03/08 00:00:00+00,Mon 08 Mar 2021,6667,1496,5,403438,163109,52,403490,163161,8.56865510404007,3.46494420042698,106
-7.6926,53.28823,2021/03/09 00:00:00+00,Tue 09 Mar 2021,13829,3104,6,417267,166213,58,417325,166271,8.86246001460636,3.53098925079642,107
-7.6926,53.28823,2021/03/10 00:00:00+00,Wed 10 Mar 2021,13733,3989,3,431000,170202,61,431061,170263,9.15416252646315,3.61576476239603,108
-7.6926,53.28823,2021/03/11 00:00:00+00,Thu 11 Mar 2021,18481,2102,3,449481,172304,64,449545,172368,9.54669523097398,3.66046728041136,109
-7.6926,53.28823,2021/03/12 00:00:00+00,Fri 12 Mar 2021,17327,1338,4,466808,173642,68,466876,173710,9.91474242324174,3.68896646291804,110
-7.6926,53.28823,2021/03/13 00:00:00+00,Sat 13 Mar 2021,8307,175,0,475115,173817,68,475183,173885,10.0911527876851,3.69268282427323,111
-7.6926,53.28823,2021/03/14 00:00:00+00,Sun 14 Mar 2021,383,20,2,475498,173837,70,475568,173907,10.0993287826666,3.69315002398646,112
-7.6926,53.28823,2021/03/15 00:00:00+00,Mon 15 Mar 2021,2652,992,0,478150,174829,70,478220,174899,10.1556475844607,3.71421648378275,113
-7.6926,53.28823,2021/03/16 00:00:00+00,Tue 16 Mar 2021,8943,3823,2,487093,178652,72,487165,178724,10.3456067405876,3.79544552483198,114
-7.6926,53.28823,2021/03/17 00:00:00+00,Wed 17 Mar 2021,4900,2415,6,491993,181067,78,492071,181145,10.4497922766366,3.84685872963726,115
-7.6926,53.28823,2021/03/18 00:00:00+00,Thu 18 Mar 2021,11730,4682,5,503723,185749,83,503806,185832,10.6990008509406,3.94639350490464,116
-7.6926,53.28823,2021/03/19 00:00:00+00,Fri 19 Mar 2021,10368,6130,2,514091,191879,85,514176,191964,10.919221806674,4.07661480679062,117
-7.6926,53.28823,2021/03/20 00:00:00+00,Sat 20 Mar 2021,5241,3117,4,519332,194996,89,519421,195085,11.0306064655768,4.14289345701667,118
-7.6926,53.28823,2021/03/21 00:00:00+00,Sun 21 Mar 2021,3638,55,3,522970,195051,92,523062,195143,11.1079280181155,4.14412516535153,119
-7.6926,53.28823,2021/03/22 00:00:00+00,Mon 22 Mar 2021,7413,2404,1,530383,197455,93,530476,197548,11.2653743214721,4.19519858854719,120
-7.6926,53.28823,2021/03/23 00:00:00+00,Tue 23 Mar 2021,12562,7392,4,542945,204847,97,543042,204944,11.5322303031255,4.35226263759297,121
-7.6926,53.28823,2021/03/24 00:00:00+00,Wed 24 Mar 2021,13621,9778,2,556566,214625,99,556665,214724,11.8215331073644,4.55995414647178,122
-7.6926,53.28823,2021/03/25 00:00:00+00,Thu 25 Mar 2021,20870,10227,3,577436,224852,102,577538,224954,12.2647994534613,4.77720201312109,123
-7.6926,53.28823,2021/03/26 00:00:00+00,Fri 26 Mar 2021,19699,9498,1,597135,234350,103,597238,234453,12.6831555603031,4.97892610748099,124
-7.6926,53.28823,2021/03/27 00:00:00+00,Sat 27 Mar 2021,11753,5352,3,608888,239702,106,608994,239808,12.9328100979697,5.09264676494991,125
-7.6926,53.28823,2021/03/28 00:00:00+00,Sun 28 Mar 2021,2491,483,0,611379,240185,106,611485,240291,12.985709847317,5.10290392229025,126
-7.6926,53.28823,2021/03/28 23:00:00+00,Mon 29 Mar 2021,9272,3120,3,620651,243305,109,620760,243414,13.1826769991423,5.1692250452175,127
-7.6926,53.28823,2021/03/29 23:00:00+00,Tue 30 Mar 2021,13323,8669,4,633974,251974,113,634087,252087,13.4656938436032,5.35340791398089,128
-7.6926,53.28823,2021/03/30 23:00:00+00,Wed 31 Mar 2021,15838,10515,4,649812,262489,117,649929,262606,13.8021201098259,5.57679308595392,129
-7.6926,53.28823,2021/03/31 23:00:00+00,Thu 01 Apr 2021,19702,11578,8,669514,274067,125,669639,274192,14.2206885801737,5.82283744401833,130
-7.6926,53.28823,2021/04/01 23:00:00+00,Fri 02 Apr 2021,20140,13723,9,689654,287790,134,689788,287924,14.6485798084354,6.11445501047271,131
-7.6926,53.28823,2021/04/02 23:00:00+00,Sat 03 Apr 2021,7548,4636,6,697202,292426,140,697342,292566,14.8089992008761,6.21303414996304,132
-7.6926,53.28823,2021/04/03 23:00:00+00,Sun 04 Apr 2021,3038,169,3,700240,292595,143,700383,292738,14.8735789430541,6.21668680226643,133
-7.6926,53.28823,2021/04/04 23:00:00+00,Mon 05 Apr 2021,3431,607,4,703671,293202,147,703818,293349,14.9465258073689,6.2296622124837,134
-7.6926,53.28823,2021/04/05 23:00:00+00,Tue 06 Apr 2021,11990,8150,11,715661,301352,158,715819,301510,15.2013832509328,6.40297206973933,135
-7.6926,53.28823,2022/03/18 00:00:00+00,Fri 18 Mar 2022,1,6,0,3832163,3766538,240765,4072928,4007303,86.4941269810595,85.100491472862,136
-7.6926,53.28823,2021/04/06 23:00:00+00,Wed 07 Apr 2021,18360,10469,10,734021,311821,168,734189,311989,15.5914950114751,6.62550778768831,137
-7.6926,53.28823,2021/04/07 23:00:00+00,Thu 08 Apr 2021,20178,10563,16,754199,322384,184,754383,322568,16.0203418755138,6.85016714069741,138
-7.6926,53.28823,2021/04/08 23:00:00+00,Fri 09 Apr 2021,20677,9157,16,774876,331541,200,775076,331741,16.4597856785025,7.04496818476135,139
-7.6926,53.28823,2021/04/09 23:00:00+00,Sat 10 Apr 2021,11171,4169,12,786047,335710,212,786259,335922,16.6972717872746,7.13375736662457,140
-7.6926,53.28823,2021/04/10 23:00:00+00,Sun 11 Apr 2021,2860,362,8,788907,336072,220,789127,336292,16.7581776407986,7.14161481634698,141
-7.6926,53.28823,2021/04/11 23:00:00+00,Mon 12 Apr 2021,7777,2796,13,796684,338868,233,796917,339101,16.9236088119812,7.20126772518548,142
-7.6926,53.28823,2021/04/12 23:00:00+00,Tue 13 Apr 2021,11516,8597,1,808200,347465,234,808434,347699,17.1681878618541,7.38385786765379,143
-7.6926,53.28823,2021/04/13 23:00:00+00,Wed 14 Apr 2021,20355,6598,2,828555,354063,236,828791,354299,17.6004962510408,7.52401778162109,144
-7.6926,53.28823,2021/04/14 23:00:00+00,Thu 15 Apr 2021,27127,10808,1,855682,364871,237,855919,365108,18.1765959701476,7.75356149526844,145
-7.6926,53.28823,2021/04/15 23:00:00+00,Fri 16 Apr 2021,27971,9832,1,883653,374703,238,883891,374941,18.7706191691618,7.96237853072911,146
-7.6926,53.28823,2021/04/16 23:00:00+00,Sat 17 Apr 2021,15844,4555,3,899497,379258,241,899738,379499,19.1071516171375,8.05917381676894,147
-7.6926,53.28823,2021/08/21 23:00:00+00,Sun 22 Aug 2021,8004,12251,161,3425391,3056823,235190,3660581,3292013,77.7373815197455,69.9103422513972,148
-7.6926,53.28823,2021/08/22 23:00:00+00,Mon 23 Aug 2021,10863,15369,289,3436254,3072192,235479,3671733,3307671,77.974209301649,70.2428610291093,149
-7.6926,53.28823,2021/05/05 23:00:00+00,Thu 06 May 2021,37284,14376,132,1322510,518485,550,1323060,519035,28.0969660262987,11.0224092342448,150
-7.6926,53.28823,2021/08/23 23:00:00+00,Tue 24 Aug 2021,9707,22917,383,3445961,3095109,235862,3681823,3330971,78.1884840792141,70.7376679981151,151
-7.6926,53.28823,2021/11/28 00:00:00+00,Sun 28 Nov 2021,1959,2256,0,3657772,3594802,240694,3898466,3835496,82.7891907824894,81.4519377851378,152
-7.6926,53.28823,2021/08/24 23:00:00+00,Wed 25 Aug 2021,9414,19516,314,3455375,3114625,236176,3691551,3350801,78.3950712978617,71.158784830535,153
-7.6926,53.28823,2021/05/06 23:00:00+00,Fri 07 May 2021,40598,15070,97,1363108,533555,647,1363755,534202,28.9611793140107,11.3445009638118,154
-7.6926,53.28823,2021/08/25 23:00:00+00,Thu 26 Aug 2021,8581,19430,368,3463956,3134055,236544,3700500,3370599,78.585115399391,71.5792220997357,155
-7.6926,53.28823,2022/03/19 00:00:00+00,Sat 19 Mar 2022,743,2779,0,3832906,3769317,240765,4073671,4010082,86.5099055895561,85.1595072911824,156
-7.6926,53.28823,2021/11/29 00:00:00+00,Mon 29 Nov 2021,539,987,1,3658311,3595789,240695,3899006,3836484,82.800658411814,81.4729192995317,157
-7.6926,53.28823,2021/05/07 23:00:00+00,Sat 08 May 2021,25620,7055,10,1388728,540610,657,1389385,541267,29.505466979917,11.4945357808086,158
-7.6926,53.28823,2021/08/26 23:00:00+00,Fri 27 Aug 2021,9721,19204,430,3473677,3153259,236974,3710651,3390233,78.8006855943428,71.9961766074378,159
-7.6926,53.28823,2022/03/20 00:00:00+00,Sun 20 Mar 2022,395,1402,0,3833301,3770719,240765,4074066,4011484,86.5182939480436,85.1892806547252,160
-7.6926,53.28823,2021/11/30 00:00:00+00,Tue 30 Nov 2021,1919,1641,6,3660230,3597430,240701,3900931,3838131,82.8415383867212,81.5078955689717,161
-7.6926,53.28823,2021/05/08 23:00:00+00,Sun 09 May 2021,19674,923,5,1408402,541533,662,1409064,542195,29.9233771233962,11.5142431141664,162
-7.6926,53.28823,2021/08/27 23:00:00+00,Sat 28 Aug 2021,9918,7916,153,3483595,3161175,237127,3720722,3398302,79.0145568812465,72.1675327204381,163
-7.6926,53.28823,2022/03/21 00:00:00+00,Mon 21 Mar 2022,54,112,0,3833355,3770831,240765,4074120,4011596,86.519440710976,85.1916591259925,164
-7.6926,53.28823,2021/12/01 00:00:00+00,Wed 01 Dec 2021,1075,1374,2,3661305,3598804,240703,3902008,3839507,82.8644099363186,81.5371167873989,165
-7.6926,53.28823,2021/05/09 23:00:00+00,Mon 10 May 2021,28841,4645,171,1437243,546178,833,1438076,547011,30.5394861270354,11.6165173786613,166
-7.6926,53.28823,2021/08/28 23:00:00+00,Sun 29 Aug 2021,8797,9185,30,3492392,3170360,237157,3729549,3407517,79.2020101480025,72.3632256912273,167
-7.6926,53.28823,2022/03/22 00:00:00+00,Tue 22 Mar 2022,138,575,0,3833493,3771406,240765,4074258,4012171,86.522371327359,85.2038700275882,168
-7.6926,53.28823,2021/12/02 00:00:00+00,Thu 02 Dec 2021,1766,1410,0,3663071,3600214,240703,3903774,3840917,82.9019133314801,81.5670600417464,169
-7.6926,53.28823,2021/05/10 23:00:00+00,Tue 11 May 2021,33922,14822,153,1471165,561000,986,1472151,561986,31.2631147737681,11.9345317289129,170
-7.6926,53.28823,2021/08/29 23:00:00+00,Mon 30 Aug 2021,5058,11125,84,3497450,3181485,237241,3734691,3418726,79.3112074627934,72.6012639451151,171
-7.6926,53.28823,2022/03/23 00:00:00+00,Wed 23 Mar 2022,101,221,0,3833594,3771627,240765,4074359,4012392,86.5245161987697,85.208563261071,172
-7.6926,53.28823,2021/12/03 00:00:00+00,Fri 03 Dec 2021,1042,1183,2,3664113,3601397,240705,3904818,3842102,82.9240840815077,81.5922251172087,173
-7.6926,53.28823,2021/05/11 23:00:00+00,Wed 12 May 2021,31294,20938,172,1502459,581938,1158,1503617,583096,31.9313377817825,12.3828310901022,174
-7.6926,53.28823,2021/08/30 23:00:00+00,Tue 31 Aug 2021,4059,12886,142,3501509,3194371,237383,3738892,3431754,79.4004213716686,72.8779311207463,175
-7.6926,53.28823,2022/03/24 00:00:00+00,Thu 24 Mar 2022,148,245,0,3833742,3771872,240765,4074507,4012637,86.5276591786587,85.2137661669683,176
-7.6926,53.28823,2021/12/04 00:00:00+00,Sat 04 Dec 2021,1204,1700,1,3665317,3603097,240706,3906023,3843803,82.949673883982,81.6283481495812,177
-7.6926,53.28823,2021/05/12 23:00:00+00,Thu 13 May 2021,36002,25479,152,1538461,607417,1310,1539771,608727,32.6991168014149,12.9271399923592,178
-7.6926,53.28823,2021/08/31 23:00:00+00,Wed 01 Sep 2021,4961,12521,180,3506470,3206892,237563,3744033,3444455,79.5095974501089,73.1476540097309,179
-7.6926,53.28823,2022/03/25 00:00:00+00,Fri 25 Mar 2022,436,1625,0,3834178,3773497,240765,4074943,4014262,86.5369182275207,85.2482752366951,180
-7.6926,53.28823,2021/12/05 00:00:00+00,Sun 05 Dec 2021,1347,1772,2,3666664,3604869,240708,3907372,3845577,82.9783217209429,81.6660214355476,181
-7.6926,53.28823,2021/05/13 23:00:00+00,Fri 14 May 2021,38219,27944,236,1576680,635361,1546,1578226,636907,33.5157606637804,13.5255803522983,182
-7.6926,53.28823,2021/09/01 23:00:00+00,Thu 02 Sep 2021,5006,12352,247,3511476,3219244,237810,3749286,3457054,79.6211519998165,73.4152107909542,183
-7.6926,53.28823,2022/03/26 00:00:00+00,Sat 26 Mar 2022,874,1848,0,3835052,3775345,240765,4075817,4016110,86.5554787979461,85.2875200126059,184
-7.6926,53.28823,2021/12/06 00:00:00+00,Mon 06 Dec 2021,934,1289,0,3667598,3606158,240708,3908306,3846866,82.9981564724043,81.6933950914724,185
-7.6926,53.28823,2021/05/14 23:00:00+00,Sat 15 May 2021,28860,12447,22,1605540,647808,1568,1607108,649376,34.1291089418415,13.7903764079435,186
-7.6926,53.28823,2021/09/02 23:00:00+00,Fri 03 Sep 2021,4774,16063,166,3516250,3235307,237976,3754226,3473283,79.726059571786,73.7598555248596,187
-7.6926,53.28823,2022/03/27 00:00:00+00,Sun 27 Mar 2022,380,802,0,3835432,3776147,240765,4076197,4016912,86.5635486111745,85.304551565788,188
-7.6926,53.28823,2021/12/07 00:00:00+00,Tue 07 Dec 2021,487,739,2,3668085,3606897,240710,3908795,3847607,83.0085410478483,81.7091312272678,189
-7.6926,53.28823,2021/05/15 23:00:00+00,Sun 16 May 2021,23172,1172,9,1628712,648980,1577,1630289,650557,34.6213887851257,13.8154565380034,190
-7.6926,53.28823,2021/09/03 23:00:00+00,Sat 04 Sep 2021,4628,10579,133,3520878,3245886,238109,3758987,3483995,79.8271658369978,73.9873393124986,191
-7.6926,53.28823,2022/03/27 23:00:00+00,Mon 28 Mar 2022,45,51,1,3835477,3776198,240766,4076243,4016964,86.5645254833022,85.3056558560192,192
-7.6926,53.28823,2021/12/08 00:00:00+00,Wed 08 Dec 2021,800,1512,2,3668885,3608409,240712,3909597,3849121,83.0255726010303,81.7412830620779,193
-7.6926,53.28823,2021/05/16 23:00:00+00,Mon 17 May 2021,35397,3946,118,1664109,652926,1695,1665804,654621,35.375597776724,13.9017610668463,194
-7.6926,53.28823,2021/09/04 23:00:00+00,Sun 05 Sep 2021,5305,11898,1,3526183,3257784,238110,3764293,3495894,79.9398459132873,74.2400306483012,195
-7.6926,53.28823,2022/03/28 23:00:00+00,Tue 29 Mar 2022,140,192,3,3835617,3776390,240769,4076386,4017159,86.5675622814381,85.3097969443865,196
-7.6926,53.28823,2021/12/09 00:00:00+00,Thu 09 Dec 2021,798,1208,0,3669683,3609617,240712,3910395,3850329,83.04251920881,81.766936573604,197
-7.6926,53.28823,2021/05/17 23:00:00+00,Tue 18 May 2021,39010,12495,127,1703119,665421,1822,1704941,667243,36.2067248301994,14.1698062841335,198
-7.6926,53.28823,2021/05/18 23:00:00+00,Wed 19 May 2021,37026,17590,209,1740145,683011,2031,1742176,685042,36.9974603448316,14.5477920884825,199
-7.6926,53.28823,2021/05/19 23:00:00+00,Thu 20 May 2021,39086,19644,136,1779231,702655,2167,1781398,704822,37.8303924881082,14.9678471033724,200
-7.6926,53.28823,2021/05/20 23:00:00+00,Fri 21 May 2021,25844,23249,14934,1805075,725904,17101,1822176,743005,38.6963683929201,15.7787146783744,201
-7.6926,53.28823,2021/05/21 23:00:00+00,Sat 22 May 2021,16587,10246,13523,1821662,736150,30624,1852286,766774,39.3357949095193,16.2834814958121,202
-7.6926,53.28823,2021/05/22 23:00:00+00,Sun 23 May 2021,8211,5524,10205,1829873,741674,40829,1870702,782503,39.7268835421893,16.6175080544169,203
-7.6926,53.28823,2021/05/23 23:00:00+00,Mon 24 May 2021,22549,8214,8450,1852422,749888,49279,1901701,799167,40.385189174473,16.9713906008337,204
-7.6926,53.28823,2021/05/24 23:00:00+00,Tue 25 May 2021,30340,16501,3222,1882762,766389,52501,1935263,818890,41.0979235733473,17.3902351437393,205
-7.6926,53.28823,2021/05/25 23:00:00+00,Wed 26 May 2021,19974,25446,3052,1902736,791835,55553,1958289,847388,41.5869117822883,17.9954286631696,206
-7.6926,53.28823,2021/05/26 23:00:00+00,Thu 27 May 2021,17015,36036,550,1919751,827871,56103,1975854,883974,41.9599282805967,18.7723817862617,207
-7.6926,53.28823,2021/05/27 23:00:00+00,Fri 28 May 2021,27041,31822,1558,1946792,859693,57661,2004453,917354,42.5672666714378,19.4812511693266,208
-7.6926,53.28823,2021/05/28 23:00:00+00,Sat 29 May 2021,24472,7384,534,1971264,867077,58195,2029459,925272,43.098302854569,19.6494005933861,209
-7.6926,53.28823,2021/05/29 23:00:00+00,Sun 30 May 2021,24247,1676,209,1995511,868753,58404,2053915,927157,43.6176590448696,19.6894311142692,210
-7.6926,53.28823,2021/05/30 23:00:00+00,Mon 31 May 2021,22585,7324,3443,2018096,876077,61847,2079943,937924,44.1703987783152,19.9180829011913,211
-7.6926,53.28823,2021/05/31 23:00:00+00,Tue 01 Jun 2021,27553,11511,3653,2045649,887588,65500,2111149,953088,44.8331003351733,20.2401109217065,212
-7.6926,53.28823,2021/06/01 23:00:00+00,Wed 02 Jun 2021,18692,20897,4008,2064341,908485,69508,2133849,977993,45.3151654938184,20.769002233427,213
-7.6926,53.28823,2021/06/02 23:00:00+00,Thu 03 Jun 2021,16690,30704,1977,2081031,939189,71485,2152516,1010674,45.7115844504892,21.4630274074217,214
-7.6926,53.28823,2021/06/03 23:00:00+00,Fri 04 Jun 2021,29002,23346,153,2110033,962535,71638,2181671,1034173,46.3307302522645,21.9620604101971,215
-7.6926,53.28823,2021/06/04 23:00:00+00,Sat 05 Jun 2021,20955,11491,33,2130988,974026,71671,2202659,1045697,46.7764387786805,22.2067881145242,216
-7.6926,53.28823,2021/06/05 23:00:00+00,Sun 06 Jun 2021,19938,3906,46,2150926,977932,71717,2222643,1049649,47.200826009093,22.2907141720998,217
-7.6926,53.28823,2021/06/06 23:00:00+00,Mon 07 Jun 2021,19812,4586,45,2170738,982518,71762,2242500,1054280,47.6225162229791,22.3890597117335,218
-7.6926,53.28823,2021/06/07 23:00:00+00,Tue 08 Jun 2021,26402,18352,45,2197140,1000870,71807,2268947,1072677,48.1841539873266,22.7797448537421,219
-7.6926,53.28823,2021/06/08 23:00:00+00,Wed 09 Jun 2021,32792,20114,173,2229932,1020984,71980,2301912,1092964,48.884210284892,23.2105666983867,220
-7.6926,53.28823,2021/06/09 23:00:00+00,Thu 10 Jun 2021,27688,27485,270,2257620,1048469,72250,2329870,1120719,49.4779361749977,23.7999816093204,221
-7.6926,53.28823,2021/06/10 23:00:00+00,Fri 11 Jun 2021,26433,32896,39,2284053,1081365,72289,2356342,1153654,50.0401048481102,24.4994008163678,222
-7.6926,53.28823,2021/06/11 23:00:00+00,Sat 12 Jun 2021,12211,19719,105,2296264,1101084,72394,2368658,1173478,50.3016517421134,24.9203902306841,223
-7.6926,53.28823,2021/06/12 23:00:00+00,Sun 13 Jun 2021,8548,18170,832,2304812,1119254,73226,2378038,1192480,50.5008487107518,25.3239233648063,224
-7.6926,53.28823,2021/06/13 23:00:00+00,Mon 14 Jun 2021,16016,31304,49,2320828,1150558,73275,2394103,1223833,50.8420106831585,25.9897466652028,225
-7.6926,53.28823,2021/06/14 23:00:00+00,Tue 15 Jun 2021,14693,41586,205,2335521,1192144,73480,2409001,1265624,51.1583898344138,26.8772349931736,226
-7.6926,53.28823,2021/06/15 23:00:00+00,Wed 16 Jun 2021,13468,48391,215,2348989,1240535,73695,2422684,1314230,51.4489668196887,27.9094490504909,227
-7.6926,53.28823,2021/06/16 23:00:00+00,Thu 17 Jun 2021,21572,42684,534,2370561,1283219,74229,2444790,1357448,51.9184175860768,28.8272416507695,228
-7.6926,53.28823,2021/06/17 23:00:00+00,Fri 18 Jun 2021,12014,50037,553,2382575,1333256,74782,2457357,1408038,52.1852948040809,29.9015886276794,229
-7.6926,53.28823,2021/06/18 23:00:00+00,Sat 19 Jun 2021,6309,32800,433,2388884,1366056,75215,2464099,1441271,52.3284702798335,30.607336267206,230
-7.6926,53.28823,2021/06/19 23:00:00+00,Sun 20 Jun 2021,8514,26138,177,2397398,1392194,75392,2472790,1467586,52.5130354029077,31.166170833274,231
-7.6926,53.28823,2021/06/20 23:00:00+00,Mon 21 Jun 2021,15468,32340,573,2412866,1424534,75965,2488831,1500499,52.8536877029001,31.8651228406082,232
-7.6926,53.28823,2021/06/21 23:00:00+00,Tue 22 Jun 2021,15140,43544,722,2428006,1468078,76687,2504693,1544765,53.1905386961348,32.8051711363168,233
-7.6926,53.28823,2021/06/22 23:00:00+00,Wed 23 Jun 2021,20083,39388,883,2448089,1507466,77570,2525659,1585036,53.6357800228376,33.6603802113739,234
-7.6926,53.28823,2021/06/23 23:00:00+00,Thu 24 Jun 2021,19020,44270,1032,2467109,1551736,78602,2545711,1630338,54.0616113250909,34.6224293663052,235
-7.6926,53.28823,2021/06/24 23:00:00+00,Fri 25 Jun 2021,15203,50119,843,2482312,1601855,79445,2561757,1681300,54.4023698068363,35.7046762656387,236
-7.6926,53.28823,2021/06/25 23:00:00+00,Sat 26 Jun 2021,9057,30553,510,2491369,1632408,79955,2571324,1712363,54.6055379730371,36.3643410243609,237
-7.6926,53.28823,2021/06/26 23:00:00+00,Sun 27 Jun 2021,8727,30473,58,2500096,1662881,80013,2580109,1742894,54.7920993130678,37.0127080445632,238
-7.6926,53.28823,2021/06/27 23:00:00+00,Mon 28 Jun 2021,24226,24638,522,2524322,1687519,80535,2604857,1768054,55.3176565177439,37.547014625687,239
-7.6926,53.28823,2021/06/28 23:00:00+00,Tue 29 Jun 2021,28144,31032,809,2552466,1718551,81344,2633810,1799895,55.9325125766977,38.2232012651768,240
-7.6926,53.28823,2021/06/29 23:00:00+00,Wed 30 Jun 2021,22567,36861,589,2575033,1755412,81933,2656966,1837345,56.4242615112169,39.0185025951882,241
-7.6926,53.28823,2021/06/30 23:00:00+00,Thu 01 Jul 2021,15013,48312,638,2590046,1803724,82571,2672617,1886295,56.7566316344748,40.0580219571123,242
-7.6926,53.28823,2021/07/01 23:00:00+00,Fri 02 Jul 2021,13666,47262,817,2603712,1850986,83388,2687100,1934374,57.0641977002306,41.0790444576629,243
-7.6926,53.28823,2021/07/02 23:00:00+00,Sat 03 Jul 2021,9311,30472,505,2613023,1881458,83893,2696916,1965351,57.2726537177311,41.7368828902333,244
-7.6926,53.28823,2021/07/03 23:00:00+00,Sun 04 Jul 2021,6446,27780,233,2619469,1909238,84126,2703595,1993364,57.4144913033959,42.3317767796221,245
-7.6926,53.28823,2021/07/04 23:00:00+00,Mon 05 Jul 2021,15601,33452,5342,2635070,1942690,89468,2724538,2032158,57.8592441940348,43.1556197648414,246
-7.6926,53.28823,2021/07/05 23:00:00+00,Tue 06 Jul 2021,12413,48291,5486,2647483,1990981,94954,2742437,2085935,58.239353633444,44.297646991117,247
-7.6926,53.28823,2021/07/06 23:00:00+00,Wed 07 Jul 2021,19703,43753,5059,2667186,2034734,100013,2767199,2134747,58.7652081470286,45.3342357366582,248
-7.6926,53.28823,2021/07/07 23:00:00+00,Thu 08 Jul 2021,17770,45586,5995,2684956,2080320,106008,2790964,2186328,59.2698900190639,46.4296279370138,249
-7.6926,53.28823,2021/07/08 23:00:00+00,Fri 09 Jul 2021,13516,45086,6530,2698472,2125406,112538,2811010,2237944,59.6955939032136,47.5257634096405,250
-7.6926,53.28823,2021/07/09 23:00:00+00,Sat 10 Jul 2021,8632,23865,4364,2707104,2149271,116902,2824006,2266173,59.9715815156256,48.1252443507591,251
-7.6926,53.28823,2021/07/10 23:00:00+00,Sun 11 Jul 2021,15232,16106,2153,2722336,2165377,119055,2841391,2284432,60.3407754708258,48.5129988763847,252
-7.6926,53.28823,2021/07/11 23:00:00+00,Mon 12 Jul 2021,17107,31754,6091,2739443,2197131,125146,2864589,2322277,60.8334163320703,49.3166885648835,253
-7.6926,53.28823,2021/07/12 23:00:00+00,Tue 13 Jul 2021,20099,36566,8488,2759542,2233697,133634,2893176,2367331,61.4404998867041,50.2734711048657,254
-7.6926,53.28823,2021/07/13 23:00:00+00,Wed 14 Jul 2021,20794,35703,9332,2780336,2269400,142966,2923302,2412366,62.080266184913,51.2298501541865,255
-7.6926,53.28823,2021/07/14 23:00:00+00,Thu 15 Jul 2021,23628,28836,9583,2803964,2298236,152549,2956513,2450785,62.7855466247263,52.0457295079304,256
-7.6926,53.28823,2021/07/15 23:00:00+00,Fri 16 Jul 2021,23526,27419,9165,2827490,2325655,161714,2989204,2487369,63.479784162227,52.8226401583212,257
-7.6926,53.28823,2021/07/16 23:00:00+00,Sat 17 Jul 2021,11498,19420,4676,2838988,2345075,166390,3005378,2511465,63.8232608968493,53.3343512624055,258
-7.6926,53.28823,2021/07/17 23:00:00+00,Sun 18 Jul 2021,16860,15814,1931,2855848,2360889,168321,3024169,2529210,64.2223131609947,53.7111903038221,259
-7.6926,53.28823,2021/07/18 23:00:00+00,Mon 19 Jul 2021,24878,18427,6253,2880726,2379316,174574,3055300,2553890,64.8834219915577,54.2353034366574,260
-7.6926,53.28823,2021/07/19 23:00:00+00,Tue 20 Jul 2021,30575,18174,7697,2911301,2397490,182271,3093572,2579761,65.6961796017632,54.7847090630586,261
-7.6926,53.28823,2021/07/20 23:00:00+00,Wed 21 Jul 2021,30352,19835,6886,2941653,2417325,189157,3130810,2606482,66.4869788254472,55.3521655874707,262
-7.6926,53.28823,2021/07/21 23:00:00+00,Thu 22 Jul 2021,33529,15925,6933,2975182,2433250,196090,3171272,2629340,67.3462440434691,55.8375860895108,263
-7.6926,53.28823,2021/07/22 23:00:00+00,Fri 23 Jul 2021,27087,20821,5614,3002269,2454071,201704,3203973,2655775,68.0406939444759,56.398969017651,264
-7.6926,53.28823,2021/07/23 23:00:00+00,Sat 24 Jul 2021,15432,14806,2274,3017701,2468877,203978,3221679,2672855,68.416704768219,56.7616858859179,265
-7.6926,53.28823,2021/07/24 23:00:00+00,Sun 25 Jul 2021,14714,13640,1042,3032415,2482517,205020,3237435,2687537,68.75130470829,57.0734779854433,266
-7.6926,53.28823,2021/07/25 23:00:00+00,Mon 26 Jul 2021,23825,18288,3420,3056240,2500805,208440,3264680,2709245,69.3298890804172,57.5344766842921,267
-7.6926,53.28823,2021/07/26 23:00:00+00,Tue 27 Jul 2021,25501,23903,3670,3081741,2524708,212110,3293851,2736818,69.949374663802,58.1200265794164,268
-7.6926,53.28823,2021/07/27 23:00:00+00,Wed 28 Jul 2021,23429,25281,3261,3105170,2549989,215371,3320541,2765360,70.5161728613455,58.7261544982732,269
-7.6926,53.28823,2021/07/28 23:00:00+00,Thu 29 Jul 2021,19260,27860,2961,3124430,2577849,218332,3342762,2796181,70.9880658080527,59.3806800601498,270
-7.6926,53.28823,2021/07/29 23:00:00+00,Fri 30 Jul 2021,21946,22935,2118,3146376,2600784,220450,3366826,2821234,71.4990973489177,59.9127143517593,271
-7.6926,53.28823,2021/07/30 23:00:00+00,Sat 31 Jul 2021,13732,12480,907,3160108,2613264,221357,3381465,2834621,71.8099762853673,60.1970053772563,272
-7.6926,53.28823,2021/07/31 23:00:00+00,Sun 01 Aug 2021,11102,9319,368,3171210,2622583,221725,3392935,2844308,72.053557226762,60.4027219055292,273
-7.6926,53.28823,2021/08/01 23:00:00+00,Mon 02 Aug 2021,15018,16010,430,3186228,2638593,222155,3408383,2860748,72.3816163708479,60.7518475094114,274
-7.6926,53.28823,2021/08/02 23:00:00+00,Tue 03 Aug 2021,17334,25444,1110,3203562,2664037,223265,3426827,2887302,72.7732996213346,61.3157575632732,275
-7.6926,53.28823,2021/08/03 23:00:00+00,Wed 04 Aug 2021,22102,17298,1575,3225664,2681335,224840,3450504,2906175,73.276112694517,61.7165512081678,276
-7.6926,53.28823,2021/08/04 23:00:00+00,Thu 05 Aug 2021,13520,30033,1421,3239184,2711368,226261,3465445,2937629,73.5934050088481,62.384519379975,277
-7.6926,53.28823,2021/08/05 23:00:00+00,Fri 06 Aug 2021,12204,24738,948,3251388,2736106,227209,3478597,2963315,73.8727054919539,62.929996281515,278
-7.6926,53.28823,2022/03/29 23:00:00+00,Wed 30 Mar 2022,109,135,0,3835726,3776525,240769,4076495,4017294,86.5698770436536,85.3126638517176,279
-7.6926,53.28823,2021/12/10 00:00:00+00,Fri 10 Dec 2021,891,1611,1,3670574,3611228,240713,3911287,3851941,83.0614620335462,81.801169570773,280
-7.6926,53.28823,2022/03/30 23:00:00+00,Thu 31 Mar 2022,228,357,0,3835954,3776882,240769,4076723,4017651,86.5747189315907,85.3202452288822,281
-7.6926,53.28823,2021/12/11 00:00:00+00,Sat 11 Dec 2021,640,841,2,3671214,3612069,240715,3911929,3852784,83.0750957706321,81.8190718143297,282
-7.6926,53.28823,2022/03/31 23:00:00+00,Fri 01 Apr 2022,308,902,0,3836262,3777784,240769,4077031,4018553,86.5812597275758,85.3394004171244,283
-7.6926,53.28823,2021/12/12 00:00:00+00,Sun 12 Dec 2021,689,1190,0,3671903,3613259,240715,3912618,3853974,83.0897276161963,81.8443430715451,284
-7.6926,53.28823,2022/04/01 23:00:00+00,Sat 02 Apr 2022,729,1539,0,3836991,3779323,240769,4077760,4020092,86.596741027164,85.3720831606995,285
-7.6926,53.28823,2021/12/13 00:00:00+00,Mon 13 Dec 2021,726,1066,1,3672629,3614325,240716,3913345,3855041,83.1051664430833,81.8670022576364,286
-7.6926,53.28823,2022/04/02 23:00:00+00,Sun 03 Apr 2022,537,816,0,3837528,3780139,240769,4078297,4020908,86.6081449474369,85.38941202279,287
-7.6926,53.28823,2021/12/14 00:00:00+00,Tue 14 Dec 2021,627,1201,2,3673256,3615526,240718,3913974,3856244,83.1185241076114,81.8925495874096,288
-7.6926,53.28823,2022/04/03 23:00:00+00,Mon 04 Apr 2022,49,52,0,3837577,3780191,240769,4078346,4020960,86.6091855286163,85.3905163130213,289
-7.6926,53.28823,2021/12/15 00:00:00+00,Wed 15 Dec 2021,796,1253,1,3674052,3616779,240719,3914771,3857498,83.1354494790405,81.9191799710633,290
-7.6926,53.28823,2022/04/04 23:00:00+00,Tue 05 Apr 2022,130,166,0,3837707,3780357,240769,4078476,4021126,86.6119462541945,85.3940415472211,291
-7.6926,53.28823,2021/09/05 23:00:00+00,Mon 06 Sep 2021,2153,9665,75,3528336,3267449,238185,3766521,3505634,79.9871605024266,74.4468727031559,292
-7.6926,53.28823,2021/12/16 00:00:00+00,Thu 16 Dec 2021,1055,1539,7,3675107,3618318,240726,3915833,3859044,83.1580024833788,81.9520113690927,293
-7.6926,53.28823,2022/04/05 23:00:00+00,Wed 06 Apr 2022,159,209,0,3837866,3780566,240769,4078635,4021335,86.61532283394,85.3984799444967,294
-7.6926,53.28823,2022/04/06 23:00:00+00,Thu 07 Apr 2022,120,177,0,3837986,3780743,240769,4078755,4021512,86.6178711960121,85.4022387785531,295
-7.6926,53.28823,2022/04/07 23:00:00+00,Fri 08 Apr 2022,268,420,2,3838254,3781163,240771,4079025,4021934,86.6236050106745,85.4112005185067,296
-7.6926,53.28823,2022/04/08 23:00:00+00,Sat 09 Apr 2022,561,1018,0,3838815,3782181,240771,4079586,4022952,86.6355186033617,85.4328191234187,297
-7.6926,53.28823,2022/04/09 23:00:00+00,Sun 10 Apr 2022,413,719,0,3839228,3782900,240771,4079999,4023671,86.6442892161599,85.4480880595009,298
-7.6926,53.28823,2022/04/10 23:00:00+00,Mon 11 Apr 2022,71,93,1,3839299,3782993,240772,4080071,4023765,86.6458182334032,85.4500842764574,299
-7.6926,53.28823,2022/04/11 23:00:00+00,Tue 12 Apr 2022,195,177,0,3839494,3783170,240772,4080266,4023942,86.6499593217704,85.4538431105138,300
-7.6926,53.28823,2022/04/12 23:00:00+00,Wed 13 Apr 2022,144,232,0,3839638,3783402,240772,4080410,4024174,86.653017356257,85.4587699438532,301
-7.6926,53.28823,2022/04/13 23:00:00+00,Thu 14 Apr 2022,361,429,0,3839999,3783831,240772,4080771,4024603,86.660683678824,85.4678803382611,302
-7.6926,53.28823,2022/04/14 23:00:00+00,Fri 15 Apr 2022,447,991,0,3840446,3784822,240772,4081218,4025594,86.6701763275427,85.4889255617068,303
-7.6926,53.28823,2022/04/15 23:00:00+00,Sat 16 Apr 2022,42,88,0,3840488,3784910,240772,4081260,4025682,86.6710682542679,85.4907943605597,304
-7.6926,53.28823,2022/04/16 23:00:00+00,Sun 17 Apr 2022,1,0,0,3840489,3784910,240772,4081261,4025682,86.6710894906185,85.4907943605597,305
-7.6926,53.28823,2022/04/17 23:00:00+00,Mon 18 Apr 2022,36,61,0,3840525,3784971,240772,4081297,4025743,86.6718539992402,85.4920897779463,306
-7.6926,53.28823,2022/04/18 23:00:00+00,Tue 19 Apr 2022,219,269,1,3840744,3785240,240773,4081517,4026013,86.6765259963724,85.4978235926086,307
-7.6926,53.28823,2022/04/19 23:00:00+00,Wed 20 Apr 2022,251,606,0,3840995,3785846,240773,4081768,4026619,86.6818563203733,85.5106928210729,308
-7.6926,53.28823,2022/04/20 23:00:00+00,Thu 21 Apr 2022,172,237,0,3841167,3786083,240773,4081940,4026856,86.6855089726767,85.5157258361654,309
-7.6926,53.28823,2022/04/21 23:00:00+00,Fri 22 Apr 2022,198,254,0,3841365,3786337,240773,4082138,4027110,86.6897137700957,85.5211198692181,310
-7.6926,53.28823,2022/04/22 23:00:00+00,Sat 23 Apr 2022,324,1010,0,3841689,3787347,240773,4082462,4028120,86.6965943476904,85.5425685833252,311
-7.6926,53.28823,2022/04/23 23:00:00+00,Sun 24 Apr 2022,181,253,0,3841870,3787600,240773,4082643,4028373,86.7004381271493,85.5479413800273,312
-7.6926,53.28823,2022/04/24 23:00:00+00,Mon 25 Apr 2022,42,58,0,3841912,3787658,240773,4082685,4028431,86.7013300538745,85.5491730883621,313
-7.6926,53.28823,2022/04/25 23:00:00+00,Tue 26 Apr 2022,144,238,0,3842056,3787896,240773,4082829,4028669,86.7043880883611,85.5542273398052,314
-7.6926,53.28823,2022/04/26 23:00:00+00,Wed 27 Apr 2022,122,208,0,3842178,3788104,240773,4082951,4028877,86.7069789231344,85.5586445007302,315
-7.6926,53.28823,2022/04/27 23:00:00+00,Thu 28 Apr 2022,106,128,0,3842284,3788232,240773,4083057,4029005,86.7092299762981,85.5613627536072,316
-7.6926,53.28823,2022/04/28 23:00:00+00,Fri 29 Apr 2022,176,222,0,3842460,3788454,240773,4083233,4029227,86.7129675740039,85.5660772234406,317
-7.6926,53.28823,2022/04/29 23:00:00+00,Sat 30 Apr 2022,281,723,0,3842741,3789177,240773,4083514,4029950,86.7189349885228,85.5814311049252,318
-7.6926,53.28823,2022/04/30 23:00:00+00,Sun 01 May 2022,186,746,0,3842927,3789923,240773,4083700,4030696,86.7228849497346,85.5972734224736,319
-7.6926,53.28823,2022/05/01 23:00:00+00,Mon 02 May 2022,11,26,0,3842938,3789949,240773,4083711,4030722,86.7231185495912,85.5978255675893,320
-7.6926,53.28823,2022/05/02 23:00:00+00,Tue 03 May 2022,101,117,0,3843039,3790066,240773,4083812,4030839,86.7252634210019,85.6003102206096,321
-7.6926,53.28823,2022/05/03 23:00:00+00,Wed 04 May 2022,119,128,0,3843158,3790194,240773,4083931,4030967,86.7277905467235,85.6030284734865,322
-7.6926,53.28823,2022/05/04 23:00:00+00,Thu 05 May 2022,120,164,0,3843278,3790358,240773,4084051,4031131,86.7303389087956,85.6065112349851,323
-7.6926,53.28823,2022/05/05 23:00:00+00,Fri 06 May 2022,143,258,0,3843421,3790616,240773,4084194,4031389,86.7333757069316,85.6119902134402,324
-7.6926,53.28823,2022/05/06 23:00:00+00,Sat 07 May 2022,440,1087,0,3843861,3791703,240773,4084634,4032476,86.7427197011961,85.6350741265436,325
-7.6926,53.28823,2022/05/07 23:00:00+00,Sun 08 May 2022,274,437,0,3844135,3792140,240773,4084908,4032913,86.7485384612608,85.6443544117563,326
-7.6926,53.28823,2022/05/08 23:00:00+00,Mon 09 May 2022,27,32,0,3844162,3792172,240773,4084935,4032945,86.749111842727,85.6450339749755,327
-7.6926,53.28823,2022/05/09 23:00:00+00,Tue 10 May 2022,89,99,1,3844251,3792271,240774,4085025,4033045,86.7510231142811,85.6471576100356,328
-7.6926,53.28823,2022/05/10 23:00:00+00,Wed 11 May 2022,127,132,0,3844378,3792403,240774,4085152,4033177,86.7537201308074,85.649960808315,329
-7.6926,53.28823,2022/05/11 23:00:00+00,Thu 12 May 2022,249,397,0,3844627,3792800,240774,4085401,4033574,86.7590079821071,85.6583916395036,330
-7.6926,53.28823,2022/05/12 23:00:00+00,Fri 13 May 2022,185,326,0,3844812,3793126,240774,4085586,4033900,86.7629367069683,85.6653146897996,331
-7.6926,53.28823,2022/05/13 23:00:00+00,Sat 14 May 2022,334,632,0,3845146,3793758,240774,4085920,4034532,86.7700296480691,85.6787360633795,332
-7.6926,53.28823,2022/05/14 23:00:00+00,Sun 15 May 2022,169,254,0,3845315,3794012,240774,4086089,4034786,86.7736185913207,85.6841300964321,333
-7.6926,53.28823,2022/05/15 23:00:00+00,Mon 16 May 2022,30,41,0,3845345,3794053,240774,4086119,4034827,86.7742556818387,85.6850007868068,334
-7.6926,53.28823,2022/05/16 23:00:00+00,Tue 17 May 2022,102,94,0,3845447,3794147,240774,4086221,4034921,86.7764217896,85.6869970037633,335
-7.6926,53.28823,2022/05/17 23:00:00+00,Wed 18 May 2022,105,121,0,3845552,3794268,240774,4086326,4035042,86.7786516064131,85.689566602186,336
-7.6926,53.28823,2022/05/18 23:00:00+00,Thu 19 May 2022,100,103,0,3845652,3794371,240774,4086426,4035145,86.7807752414732,85.691753946298,337
-7.6926,53.28823,2022/05/19 23:00:00+00,Fri 20 May 2022,130,207,0,3845782,3794578,240774,4086556,4035352,86.7835359670514,85.6961498708724,338
-7.6926,53.28823,2022/05/20 23:00:00+00,Sat 21 May 2022,393,761,0,3846175,3795339,240774,4086949,4036113,86.7918818528376,85.7123107336798,339
-7.6926,53.28823,2022/05/21 23:00:00+00,Sun 22 May 2022,233,409,0,3846408,3795748,240774,4087182,4036522,86.7968299225277,85.7209964010757,340
-7.6926,53.28823,2022/05/22 23:00:00+00,Mon 23 May 2022,30,35,0,3846438,3795783,240774,4087212,4036557,86.7974670130457,85.7217396733467,341
-7.6926,53.28823,2022/05/23 23:00:00+00,Tue 24 May 2022,80,82,0,3846518,3795865,240774,4087292,4036639,86.7991659210938,85.723481054096,342
-7.6926,53.28823,2022/05/24 23:00:00+00,Wed 25 May 2022,89,132,0,3846607,3795997,240774,4087381,4036771,86.8010559562973,85.7262842523753,343
-7.6926,53.28823,2022/05/25 23:00:00+00,Thu 26 May 2022,135,155,0,3846742,3796152,240774,4087516,4036926,86.8039228636284,85.7295758867185,344
-7.6926,53.28823,2022/05/26 23:00:00+00,Fri 27 May 2022,98,151,0,3846840,3796303,240774,4087614,4037077,86.8060040259873,85.7327825756593,345
-7.6926,53.28823,2022/05/27 23:00:00+00,Sat 28 May 2022,336,578,0,3847176,3796881,240774,4087950,4037655,86.8131394397893,85.7450571863067,346
-7.6926,53.28823,2022/05/28 23:00:00+00,Sun 29 May 2022,181,348,0,3847357,3797229,240774,4088131,4038003,86.8169832192481,85.7524474363159,347
-7.6926,53.28823,2022/05/29 23:00:00+00,Mon 30 May 2022,13,21,0,3847370,3797250,240774,4088144,4038024,86.8172592918059,85.7528933996785,348
-7.6926,53.28823,2022/05/30 23:00:00+00,Tue 31 May 2022,67,79,1,3847437,3797329,240775,4088212,4038104,86.8187033636468,85.7545923077266,349
-7.6926,53.28823,2022/05/31 23:00:00+00,Wed 01 Jun 2022,68,101,0,3847505,3797430,240775,4088280,4038205,86.8201474354877,85.7567371791373,350
-7.6926,53.28823,2022/06/01 23:00:00+00,Thu 02 Jun 2022,122,138,0,3847627,3797568,240775,4088402,4038343,86.822738270261,85.7596677955203,351
-7.6926,53.28823,2022/06/02 23:00:00+00,Fri 03 Jun 2022,65,143,0,3847692,3797711,240775,4088467,4038486,86.8241186330501,85.7627045936562,352
-7.6926,53.28823,2022/06/03 23:00:00+00,Sat 04 Jun 2022,306,606,0,3847998,3798317,240775,4088773,4039092,86.830616956334,85.7755738221205,353
-7.6926,53.28823,2022/06/04 23:00:00+00,Sun 05 Jun 2022,142,273,0,3848140,3798590,240775,4088915,4039365,86.8336325181194,85.7813713458346,354
-7.6926,53.28823,2022/06/05 23:00:00+00,Mon 06 Jun 2022,3,6,0,3848143,3798596,240775,4088918,4039371,86.8336962271712,85.7814987639382,355
-7.6926,53.28823,2022/06/06 23:00:00+00,Tue 07 Jun 2022,30,50,0,3848173,3798646,240775,4088948,4039421,86.8343333176892,85.7825605814683,356
-7.6926,53.28823,2022/06/07 23:00:00+00,Wed 08 Jun 2022,41,76,0,3848214,3798722,240775,4088989,4039497,86.8352040080639,85.784174544114,357
-7.6926,53.28823,2022/06/08 23:00:00+00,Thu 09 Jun 2022,80,123,0,3848294,3798845,240775,4089069,4039620,86.836902916112,85.7867866152379,358
-7.6926,53.28823,2022/06/09 23:00:00+00,Fri 10 Jun 2022,57,107,0,3848351,3798952,240775,4089126,4039727,86.8381133880962,85.7890589047522,359
-7.6926,53.28823,2022/06/10 23:00:00+00,Sat 11 Jun 2022,191,559,0,3848542,3799511,240775,4089317,4040286,86.842169531061,85.8009300247382,360
-7.6926,53.28823,2022/06/11 23:00:00+00,Sun 12 Jun 2022,143,286,0,3848685,3799797,240775,4089460,4040572,86.845206329197,85.8070036210101,361
-7.6926,53.28823,2022/06/12 23:00:00+00,Mon 13 Jun 2022,20,44,0,3848705,3799841,240775,4089480,4040616,86.845631056209,85.8079380204366,362
-7.6926,53.28823,2022/06/13 23:00:00+00,Tue 14 Jun 2022,38,53,0,3848743,3799894,240775,4089518,4040669,86.8464380375319,85.8090635470185,363
-7.6926,53.28823,2022/06/14 23:00:00+00,Wed 15 Jun 2022,69,122,0,3848812,3800016,240775,4089587,4040791,86.8479033457233,85.8116543817918,364
-7.6926,53.28823,2022/06/15 23:00:00+00,Thu 16 Jun 2022,82,85,0,3848894,3800101,240775,4089669,4040876,86.8496447264726,85.8134594715929,365
-7.6926,53.28823,2022/06/16 23:00:00+00,Fri 17 Jun 2022,64,92,0,3848958,3800193,240775,4089733,4040968,86.8510038529111,85.8154132158482,366
-7.6926,53.28823,2022/06/17 23:00:00+00,Sat 18 Jun 2022,224,486,0,3849182,3800679,240775,4089957,4041454,86.8557607954457,85.8257340822403,367
-7.6926,53.28823,2022/06/18 23:00:00+00,Sun 19 Jun 2022,78,129,0,3849260,3800808,240775,4090035,4041583,86.8574172307926,85.8284735714679,368
-7.6926,53.28823,2022/06/19 23:00:00+00,Mon 20 Jun 2022,8,27,0,3849268,3800835,240775,4090043,4041610,86.8575871215974,85.8290469529341,369
-7.6926,53.28823,2022/06/20 23:00:00+00,Tue 21 Jun 2022,78,167,1,3849346,3801002,240776,4090122,4041778,86.8592647932949,85.8326146598351,370
-7.6926,53.28823,2022/06/21 23:00:00+00,Wed 22 Jun 2022,61,93,0,3849407,3801095,240776,4090183,4041871,86.8605602106816,85.834589640441,371
-7.6926,53.28823,2022/06/22 23:00:00+00,Thu 23 Jun 2022,66,107,0,3849473,3801202,240776,4090249,4041978,86.8619618098213,85.8368619299553,372
-7.6926,53.28823,2022/06/23 23:00:00+00,Fri 24 Jun 2022,59,88,1,3849532,3801290,240777,4090309,4042067,86.8632359908573,85.8387519651588,373
-7.6926,53.28823,2022/06/24 23:00:00+00,Sat 25 Jun 2022,209,290,0,3849741,3801580,240777,4090518,4042357,86.867674388133,85.8449105068331,374
-7.6926,53.28823,2022/06/25 23:00:00+00,Sun 26 Jun 2022,175,404,0,3849916,3801984,240777,4090693,4042761,86.8713907494882,85.853489992476,375
-7.6926,53.28823,2022/06/26 23:00:00+00,Mon 27 Jun 2022,4,31,0,3849920,3802015,240777,4090697,4042792,86.8714756948905,85.8541483193446,376
-7.6926,53.28823,2022/06/27 23:00:00+00,Tue 28 Jun 2022,51,59,0,3849971,3802074,240777,4090748,4042851,86.8725587487712,85.8554012640301,377
-7.6926,53.28823,2022/06/28 23:00:00+00,Wed 29 Jun 2022,62,80,3,3850033,3802154,240780,4090813,4042934,86.8739391115603,85.8571638811299,378
-7.6926,53.28823,2022/06/29 23:00:00+00,Thu 30 Jun 2022,61,84,0,3850094,3802238,240780,4090874,4043018,86.8752345289469,85.8589477345805,379
-7.6926,53.28823,2022/06/30 23:00:00+00,Fri 01 Jul 2022,47,56,0,3850141,3802294,240780,4090921,4043074,86.8762326374252,85.8601369702141,380
-7.6926,53.28823,2022/07/01 23:00:00+00,Sat 02 Jul 2022,178,223,0,3850319,3802517,240780,4091099,4043297,86.8800127078322,85.8648726763982,381
-7.6926,53.28823,2022/07/02 23:00:00+00,Sun 03 Jul 2022,106,273,0,3850425,3802790,240780,4091205,4043570,86.8822637609959,85.8706702001123,382
-7.6926,53.28823,2022/07/03 23:00:00+00,Mon 04 Jul 2022,13,13,0,3850438,3802803,240780,4091218,4043583,86.8825398335537,85.8709462726701,383
-7.6926,53.28823,2022/07/04 23:00:00+00,Tue 05 Jul 2022,48,65,0,3850486,3802868,240780,4091266,4043648,86.8835591783826,85.8723266354591,384
-7.6926,53.28823,2022/07/05 23:00:00+00,Wed 06 Jul 2022,56,69,0,3850542,3802937,240780,4091322,4043717,86.8847484140162,85.8737919436506,385
-7.6926,53.28823,2021/09/06 23:00:00+00,Tue 07 Sep 2021,3027,10014,158,3531363,3277463,238343,3769706,3515806,80.0547982790911,74.6628888614704,386
-7.6926,53.28823,2021/09/07 23:00:00+00,Wed 08 Sep 2021,2610,14811,187,3533973,3292274,238530,3772503,3530804,80.1141963517224,74.9813916477858,387
-7.6926,53.28823,2021/12/17 00:00:00+00,Fri 17 Dec 2021,1214,2456,1,3676321,3620774,240727,3917048,3861501,83.1838046493592,82.0041890825196,388
-7.6926,53.28823,2021/09/08 23:00:00+00,Thu 09 Sep 2021,3114,14809,138,3537087,3307083,238668,3775755,3545751,80.1832569638772,75.2988113802205,389
-7.6926,53.28823,2021/09/09 23:00:00+00,Fri 10 Sep 2021,3375,13944,115,3540462,3321027,238783,3779245,3559810,80.257371827475,75.5973732333214,390
-7.6926,53.28823,2021/09/10 23:00:00+00,Sat 11 Sep 2021,2557,11328,62,3543019,3332355,238845,3781864,3571200,80.3129898296993,75.839255266668,391
-7.6926,53.28823,2021/09/11 23:00:00+00,Sun 12 Sep 2021,2041,12880,1,3545060,3345235,238846,3783906,3584081,80.3563544576268,76.1128006987609,392
-7.6926,53.28823,2021/09/12 23:00:00+00,Mon 13 Sep 2021,1612,7735,52,3546672,3352970,238898,3785570,3591868,80.391691745027,76.2781681608917,393
-7.6926,53.28823,2021/09/13 23:00:00+00,Tue 14 Sep 2021,1546,10783,82,3548218,3363753,238980,3787198,3602733,80.4262645238056,76.5089011101727,394
-7.6926,53.28823,2021/09/14 23:00:00+00,Wed 15 Sep 2021,3280,12397,138,3551498,3376150,239118,3790616,3615268,80.4988503701602,76.7750987649576,395
-7.6926,53.28823,2021/09/15 23:00:00+00,Thu 16 Sep 2021,1912,10591,115,3553410,3386741,239233,3792643,3625974,80.5418964528287,77.002455134493,396
-7.6926,53.28823,2021/09/16 23:00:00+00,Fri 17 Sep 2021,2559,14616,94,3555969,3401357,239327,3795296,3640684,80.5982364909734,77.3148418518353,397
-7.6926,53.28823,2021/09/17 23:00:00+00,Sat 18 Sep 2021,2287,11229,47,3558256,3412586,239374,3797630,3651960,80.6478021332764,77.5543029412133,398
-7.6926,53.28823,2021/09/18 23:00:00+00,Sun 19 Sep 2021,1862,8490,15,3560118,3421076,239389,3799507,3660465,80.6876627633546,77.7349181030757,399
-7.6926,53.28823,2021/09/19 23:00:00+00,Mon 20 Sep 2021,952,5616,35,3561070,3426692,239424,3800494,3666116,80.7086230413979,77.8549247203226,400
-7.6926,53.28823,2021/09/20 23:00:00+00,Tue 21 Sep 2021,1462,6666,90,3562532,3433358,239514,3802046,3672872,80.7415818575308,77.9983975049836,401
-7.6926,53.28823,2021/09/21 23:00:00+00,Wed 22 Sep 2021,1896,8153,97,3564428,3441511,239611,3804039,3681122,80.7839059042789,78.1735973974428,402
-7.6926,53.28823,2021/09/22 23:00:00+00,Thu 23 Sep 2021,1701,8735,89,3566129,3450246,239700,3805829,3689946,80.8219189718548,78.3609869551469,403
-7.6926,53.28823,2021/09/23 23:00:00+00,Fri 24 Sep 2021,1909,7385,79,3568038,3457631,239779,3807817,3697410,80.8641368368498,78.5194950760336,404
-7.6926,53.28823,2021/09/24 23:00:00+00,Sat 25 Sep 2021,2421,6597,53,3570459,3464228,239832,3810291,3704060,80.916675568237,78.6607168075309,405
-7.6926,53.28823,2021/09/25 23:00:00+00,Sun 26 Sep 2021,1548,7097,0,3572007,3471325,239832,3811839,3711157,80.9495494389675,78.811431187747,406
-7.6926,53.28823,2021/09/26 23:00:00+00,Mon 27 Sep 2021,1178,3820,45,3573185,3475145,239877,3813062,3715022,80.9755214957526,78.8935096828202,407
-7.6926,53.28823,2021/09/27 23:00:00+00,Tue 28 Sep 2021,1449,5131,93,3574634,3480276,239970,3814604,3720246,81.0082679483795,79.0044483783604,408
-7.6926,53.28823,2021/09/28 23:00:00+00,Wed 29 Sep 2021,1652,3620,79,3576286,3483896,240049,3816335,3723945,81.04502807127,79.0830016392339,409
-7.6926,53.28823,2021/09/29 23:00:00+00,Thu 30 Sep 2021,1280,3963,78,3577566,3487859,240127,3817693,3727986,81.0738670353863,79.168817732013,410
-7.6926,53.28823,2021/09/30 23:00:00+00,Fri 01 Oct 2021,1847,5180,41,3579413,3493039,240168,3819581,3733207,81.1139612653212,79.2796927185013,411
-7.6926,53.28823,2021/10/01 23:00:00+00,Sat 02 Oct 2021,1711,4087,40,3581124,3497126,240208,3821332,3737334,81.1511461152238,79.3673351374321,412
-7.6926,53.28823,2021/10/02 23:00:00+00,Sun 03 Oct 2021,1196,3017,9,3582320,3500143,240217,3822537,3740360,81.1767359176981,79.4315963343511,413
-7.6926,53.28823,2021/10/03 23:00:00+00,Mon 04 Oct 2021,336,1236,18,3582656,3501379,240235,3822891,3741614,81.1842535858109,79.4582267180048,414
-7.6926,53.28823,2021/10/04 23:00:00+00,Tue 05 Oct 2021,963,2820,70,3583619,3504199,240305,3823924,3744504,81.2061907359818,79.519599771242,415
-7.6926,53.28823,2021/10/05 23:00:00+00,Wed 06 Oct 2021,981,2573,40,3584600,3506772,240345,3824945,3747117,81.2278730499456,79.5750903553627,416
-7.6926,53.28823,2021/10/06 23:00:00+00,Thu 07 Oct 2021,1214,2697,44,3585814,3509469,240389,3826203,3749858,81.2545883790017,79.6332991923604,417
-7.6926,53.28823,2021/10/07 23:00:00+00,Fri 08 Oct 2021,962,2788,48,3586776,3512257,240437,3827213,3752694,81.2760370931089,79.6935254826651,418
-7.6926,53.28823,2021/10/08 23:00:00+00,Sat 09 Oct 2021,732,2379,23,3587508,3514636,240460,3827968,3755096,81.2920705378127,79.7445351968089,419
-7.6926,53.28823,2021/10/09 23:00:00+00,Sun 10 Oct 2021,1503,3915,2,3589011,3518551,240462,3829473,3759013,81.3240312454674,79.8277179821135,420
-7.6926,53.28823,2021/10/10 23:00:00+00,Mon 11 Oct 2021,332,1126,19,3589343,3519677,240481,3829824,3760158,81.3314852045283,79.8520336035517,421
-7.6926,53.28823,2021/10/11 23:00:00+00,Tue 12 Oct 2021,559,1608,20,3589902,3521285,240501,3830403,3761786,81.3437810515264,79.8866063823303,422
-7.6926,53.28823,2021/10/12 23:00:00+00,Wed 13 Oct 2021,996,2075,11,3590898,3523360,240512,3831410,3763872,81.3651660565817,79.9309054096842,423
-7.6926,53.28823,2021/10/13 23:00:00+00,Thu 14 Oct 2021,683,1600,8,3591581,3524960,240520,3832101,3765480,81.3798403748471,79.9650534614508,424
-7.6926,53.28823,2021/10/14 23:00:00+00,Fri 15 Oct 2021,949,2069,8,3592530,3527029,240528,3833058,3767557,81.4001635623723,80.0091613616493,425
-7.6926,53.28823,2021/10/15 23:00:00+00,Sat 16 Oct 2021,1369,2641,14,3593899,3529670,240542,3834441,3770212,81.4295334352537,80.0655438724953,426
-7.6926,53.28823,2021/10/16 23:00:00+00,Sun 17 Oct 2021,1702,2891,2,3595601,3532561,240544,3836145,3773105,81.4657201766779,80.1269806347842,427
-7.6926,53.28823,2021/10/17 23:00:00+00,Mon 18 Oct 2021,670,1244,6,3596271,3533805,240550,3836821,3774355,81.4800759496843,80.1535260730356,428
-7.6926,53.28823,2021/10/18 23:00:00+00,Tue 19 Oct 2021,1334,1797,13,3597605,3535602,240563,3838168,3776165,81.508681313944,80.1919638676236,429
-7.6926,53.28823,2021/10/19 23:00:00+00,Wed 20 Oct 2021,2254,2323,0,3599859,3537925,240563,3840422,3778488,81.5565480481989,80.24129591007,430
-7.6926,53.28823,2021/10/20 23:00:00+00,Thu 21 Oct 2021,1739,1835,11,3601598,3539760,240574,3842172,3780334,81.5937116617508,80.2804982132796,431
-7.6926,53.28823,2021/10/21 23:00:00+00,Fri 22 Oct 2021,1503,1921,3,3603101,3541681,240577,3843678,3782258,81.6256936057561,80.3213569518362,432
-7.6926,53.28823,2021/10/22 23:00:00+00,Sat 23 Oct 2021,2012,1697,1,3605113,3543378,240578,3845691,3783956,81.6684423795161,80.3574162751569,433
-7.6926,53.28823,2021/10/23 23:00:00+00,Sun 24 Oct 2021,1948,2184,2,3607061,3545562,240580,3847641,3786142,81.7098532631883,80.4038389375709,434
-7.6926,53.28823,2021/10/24 23:00:00+00,Mon 25 Oct 2021,1219,847,2,3608280,3546409,240582,3848862,3786991,81.7357828472722,80.4218685992312,435
-7.6926,53.28823,2021/10/25 23:00:00+00,Tue 26 Oct 2021,1240,1220,6,3609520,3547629,240588,3850108,3788217,81.7622433401212,80.4479043650682,436
-7.6926,53.28823,2021/10/26 23:00:00+00,Wed 27 Oct 2021,1556,1419,5,3611076,3549048,240593,3851669,3789641,81.7953932834095,80.4781449283241,437
-7.6926,53.28823,2021/10/27 23:00:00+00,Thu 28 Oct 2021,2152,1687,4,3613228,3550735,240597,3853825,3791332,81.8411788553055,80.5140555971906,438
-7.6926,53.28823,2021/10/28 23:00:00+00,Fri 29 Oct 2021,2132,1359,1,3615360,3552094,240598,3855958,3792692,81.8864759911376,80.5429370340081,439
-7.6926,53.28823,2021/10/29 23:00:00+00,Sat 30 Oct 2021,2014,1446,1,3617374,3553540,240599,3857973,3794139,81.9292672375989,80.5736660333279,440
-7.6926,53.28823,2021/10/30 23:00:00+00,Sun 31 Oct 2021,1593,1319,0,3618967,3554859,240599,3859566,3795458,81.9630967441064,80.6016767797708,441
-7.6926,53.28823,2021/11/01 00:00:00+00,Mon 01 Nov 2021,267,276,2,3619234,3555135,240601,3859835,3795736,81.9688093224181,80.6075804852379,442
-7.6926,53.28823,2021/11/02 00:00:00+00,Tue 02 Nov 2021,1096,1089,10,3620330,3556224,240611,3860941,3796835,81.992296726183,80.6309192345485,443
-7.6926,53.28823,2021/11/03 00:00:00+00,Wed 03 Nov 2021,2532,1872,6,3622862,3558096,240617,3863479,3798713,82.0461945840086,80.6708011009774,444
-7.6926,53.28823,2021/11/04 00:00:00+00,Thu 04 Nov 2021,1536,1275,1,3624398,3559371,240618,3865016,3799989,82.0788348548825,80.6978986843444,445
-7.6926,53.28823,2021/11/05 00:00:00+00,Fri 05 Nov 2021,1630,1088,3,3626028,3560459,240621,3866649,3801080,82.1135138154141,80.7210675428502,446
-7.6926,53.28823,2021/11/06 00:00:00+00,Sat 06 Nov 2021,1813,1348,5,3627841,3561807,240626,3868467,3802433,82.1521215008069,80.7498003252135,447
-7.6926,53.28823,2021/11/07 00:00:00+00,Sun 07 Nov 2021,694,774,0,3628535,3562581,240626,3869161,3803207,82.166859528124,80.7662372605787,448
-7.6926,53.28823,2021/11/08 00:00:00+00,Mon 08 Nov 2021,517,529,3,3629052,3563110,240629,3869681,3803739,82.1779024304366,80.7775349990985,449
-7.6926,53.28823,2021/11/09 00:00:00+00,Tue 09 Nov 2021,1369,1058,3,3630421,3564168,240632,3871053,3804800,82.2070387034613,80.8000667670863,450
-7.6926,53.28823,2021/11/10 00:00:00+00,Wed 10 Nov 2021,1618,1357,1,3632039,3565525,240633,3872672,3806158,82.2414203550845,80.8289057312026,451
-7.6926,53.28823,2021/11/11 00:00:00+00,Thu 11 Nov 2021,1386,1108,2,3633425,3566633,240635,3874060,3807268,82.2708964097189,80.8524780803698,452
-7.6926,53.28823,2021/11/12 00:00:00+00,Fri 12 Nov 2021,1144,1154,6,3634569,3567787,240641,3875210,3808428,82.2953182129101,80.8771122470671,453
-7.6926,53.28823,2021/11/13 00:00:00+00,Sat 13 Nov 2021,1400,1370,0,3635969,3569157,240641,3876610,3809798,82.3250491037517,80.9062060473906,454
-7.6926,53.28823,2021/11/14 00:00:00+00,Sun 14 Nov 2021,1647,1803,0,3637616,3570960,240641,3878257,3811601,82.3600253731917,80.9444951875244,455
-7.6926,53.28823,2021/11/15 00:00:00+00,Mon 15 Nov 2021,1245,586,1,3638861,3571546,240642,3879503,3812188,82.3864858660407,80.9569609253273,456
-7.6926,53.28823,2021/11/16 00:00:00+00,Tue 16 Nov 2021,1318,1066,5,3640179,3572612,240647,3880826,3813259,82.4145815578859,80.979705056821,457
-7.6926,53.28823,2021/11/17 00:00:00+00,Wed 17 Nov 2021,1509,1108,0,3641688,3573720,240647,3882335,3814367,82.446627210943,81.0032349332871,458
-7.6926,53.28823,2021/11/18 00:00:00+00,Thu 18 Nov 2021,1652,2501,5,3643340,3576221,240652,3883992,3816873,82.481815843889,81.0564532278934,459
-7.6926,53.28823,2021/11/19 00:00:00+00,Fri 19 Nov 2021,1169,1549,0,3644509,3577770,240652,3885161,3818422,82.5066411377417,81.0893483349746,460
-7.6926,53.28823,2021/11/20 00:00:00+00,Sat 20 Nov 2021,1544,2935,12,3646053,3580705,240664,3886717,3821369,82.539684899277,81.151931860196,461
-7.6926,53.28823,2021/11/21 00:00:00+00,Sun 21 Nov 2021,1785,2761,0,3647838,3583466,240664,3888502,3824130,82.5775917851,81.2105654242057,462
-7.6926,53.28823,2021/11/22 00:00:00+00,Mon 22 Nov 2021,716,510,2,3648554,3583976,240666,3889220,3824642,82.5928394848316,81.2214384357134,463
-7.6926,53.28823,2021/11/23 00:00:00+00,Tue 23 Nov 2021,2158,1587,7,3650712,3585563,240673,3891385,3826236,82.638816183883,81.2552891785716,464
-7.6926,53.28823,2021/11/24 00:00:00+00,Wed 24 Nov 2021,1624,3138,2,3652336,3588701,240675,3893011,3829376,82.6733464899604,81.3219713194591,465
-7.6926,53.28823,2021/11/25 00:00:00+00,Thu 25 Nov 2021,986,1179,1,3653322,3589880,240676,3893998,3830556,82.6943067680037,81.3470302131684,466
-7.6926,53.28823,2021/12/18 00:00:00+00,Sat 18 Dec 2021,1257,1183,0,3677578,3621957,240727,3918305,3862684,83.2104987420648,82.0293116852807,467
-7.6926,53.28823,2021/12/19 00:00:00+00,Sun 19 Dec 2021,551,886,1,3678129,3622843,240728,3918857,3863571,83.2222212075966,82.0481483282639,468
-7.6926,53.28823,2021/12/20 00:00:00+00,Mon 20 Dec 2021,528,615,0,3678657,3623458,240728,3919385,3864186,83.233434000714,82.0612086838835,469
-7.6926,53.28823,2021/12/21 00:00:00+00,Tue 21 Dec 2021,1442,1814,3,3680099,3625272,240731,3920830,3866003,83.2641205273326,82.0997951329257,470
-7.6926,53.28823,2021/12/22 00:00:00+00,Wed 22 Dec 2021,1201,1588,2,3681300,3626860,240733,3922033,3867593,83.2896678571057,82.1335609303815,471
-7.6926,53.28823,2021/12/23 00:00:00+00,Thu 23 Dec 2021,950,1388,0,3682250,3628248,240733,3922983,3868981,83.3098423901767,82.1630369850159,472
-7.6926,53.28823,2021/12/24 00:00:00+00,Fri 24 Dec 2021,104,152,0,3682354,3628400,240733,3923087,3869133,83.3120509706393,82.1662649103072,473
-7.6926,53.28823,2021/12/25 00:00:00+00,Sat 25 Dec 2021,1,5,0,3682355,3628405,240733,3923088,3869138,83.3120722069899,82.1663710920602,474
-7.6926,53.28823,2021/12/26 00:00:00+00,Sun 26 Dec 2021,11,10,0,3682366,3628415,240733,3923099,3869148,83.3123058068465,82.1665834555662,475
-7.6926,53.28823,2021/12/27 00:00:00+00,Mon 27 Dec 2021,390,587,0,3682756,3629002,240733,3923489,3869735,83.3205879835809,82.1790491933691,476
-7.6926,53.28823,2021/12/28 00:00:00+00,Tue 28 Dec 2021,469,744,0,3683225,3629746,240733,3923958,3870479,83.3305478320128,82.1948490382163,477
-7.6926,53.28823,2021/12/29 00:00:00+00,Wed 29 Dec 2021,1073,1306,0,3684298,3631052,240733,3925031,3871785,83.3533344362078,82.2225837121013,478
-7.6926,53.28823,2021/12/30 00:00:00+00,Thu 30 Dec 2021,1065,1193,1,3685363,3632245,240734,3926097,3872979,83.3759723859486,82.2479399147191,479
-7.6926,53.28823,2021/12/31 00:00:00+00,Fri 31 Dec 2021,717,1679,0,3686080,3633924,240734,3926814,3874658,83.3911988493296,82.2835957473783,480
-7.6926,53.28823,2022/01/01 00:00:00+00,Sat 01 Jan 2022,66,96,0,3686146,3634020,240734,3926880,3874754,83.3926004484693,82.285634437036,481
-7.6926,53.28823,2022/01/02 00:00:00+00,Sun 02 Jan 2022,270,627,0,3686416,3634647,240734,3927150,3875381,83.3983342631315,82.2989496288629,482
-7.6926,53.28823,2022/01/03 00:00:00+00,Mon 03 Jan 2022,3630,724,1,3690046,3635371,240735,3930781,3876106,83.4754434521642,82.3143459830487,483
-7.6926,53.28823,2022/01/04 00:00:00+00,Tue 04 Jan 2022,1192,776,0,3691238,3636147,240735,3931973,3876882,83.5007571820807,82.3308253911152,484
-7.6926,53.28823,2022/01/05 00:00:00+00,Wed 05 Jan 2022,2146,897,0,3693384,3637044,240735,3934119,3877779,83.5463303904707,82.3498743976044,485
-7.6926,53.28823,2022/01/06 00:00:00+00,Thu 06 Jan 2022,2462,1693,1,3695846,3638737,240736,3936582,3879473,83.5986355220012,82.3858487755226,486
-7.6926,53.28823,2022/01/07 00:00:00+00,Fri 07 Jan 2022,4856,783,2,3700702,3639520,240738,3941440,3880258,83.7018017132213,82.4025193107445,487
-7.6926,53.28823,2022/01/08 00:00:00+00,Sat 08 Jan 2022,9791,738,1,3710493,3640258,240739,3951232,3880997,83.9097480583074,82.4182129738387,488
-7.6926,53.28823,2022/01/09 00:00:00+00,Sun 09 Jan 2022,7115,663,0,3717608,3640921,240739,3958347,3881660,84.0608446928342,82.4322926742873,489
-7.6926,53.28823,2022/01/10 00:00:00+00,Mon 10 Jan 2022,6659,504,0,3724267,3641425,240739,3965006,3882164,84.202257551487,82.4429957949902,490
-7.6926,53.28823,2022/01/11 00:00:00+00,Tue 11 Jan 2022,4779,1362,1,3729046,3642787,240740,3969786,3883527,84.3037673073603,82.4719409408595,491
-7.6926,53.28823,2022/01/12 00:00:00+00,Wed 12 Jan 2022,7565,916,1,3736611,3643703,240741,3977352,3884444,84.4644415360083,82.4914146743607,492
-7.6926,53.28823,2022/01/13 00:00:00+00,Thu 13 Jan 2022,7328,811,0,3743939,3644514,240741,3984680,3885255,84.6200615132132,82.5086373546982,493
-7.6926,53.28823,2022/01/14 00:00:00+00,Fri 14 Jan 2022,10730,832,0,3754669,3645346,240741,3995410,3886087,84.847927555163,82.5263059983984,494
-7.6926,53.28823,2022/01/15 00:00:00+00,Sat 15 Jan 2022,8358,651,2,3763027,3645997,240743,4003770,3886740,85.0254634461883,82.5401733353409,495
-7.6926,53.28823,2022/01/16 00:00:00+00,Sun 16 Jan 2022,6965,1215,1,3769992,3647212,240744,4010736,3887956,85.1733958644756,82.5659967376718,496
-7.6926,53.28823,2022/01/17 00:00:00+00,Mon 17 Jan 2022,2566,559,0,3772558,3647771,240744,4013302,3888515,85.227888340118,82.5778678576578,497
-7.6926,53.28823,2022/01/18 00:00:00+00,Tue 18 Jan 2022,4057,446,3,3776615,3648217,240747,4017362,3888964,85.3141079235585,82.5874029790777,498
-7.6926,53.28823,2022/01/19 00:00:00+00,Wed 19 Jan 2022,3489,623,0,3780104,3648840,240747,4020851,3889587,85.3882015508057,82.6006332255022,499
-7.6926,53.28823,2022/01/20 00:00:00+00,Thu 20 Jan 2022,3697,934,0,3783801,3649774,240747,4024548,3890521,85.466712338978,82.6204679769637,500
-7.6926,53.28823,2022/01/21 00:00:00+00,Fri 21 Jan 2022,3257,974,0,3787058,3650748,240747,4027805,3891495,85.5358791328858,82.6411521824491,501
-7.6926,53.28823,2022/01/22 00:00:00+00,Sat 22 Jan 2022,4270,643,0,3791328,3651391,240747,4032075,3892138,85.6265583499525,82.6548071558856,502
-7.6926,53.28823,2022/01/23 00:00:00+00,Sun 23 Jan 2022,3092,677,0,3794420,3652068,240747,4035167,3892815,85.6922211460112,82.6691841652426,503
-7.6926,53.28823,2022/01/24 00:00:00+00,Mon 24 Jan 2022,647,461,0,3795067,3652529,240747,4035814,3893276,85.7059610648501,82.6789741228697,504
-7.6926,53.28823,2022/01/25 00:00:00+00,Tue 25 Jan 2022,695,1838,0,3795762,3654367,240747,4036509,3895114,85.7207203285179,82.7180065352745,505
-7.6926,53.28823,2022/01/26 00:00:00+00,Wed 26 Jan 2022,700,897,0,3796462,3655264,240747,4037209,3896011,85.7355857739386,82.7370555417637,506
-7.6926,53.28823,2022/01/27 00:00:00+00,Thu 27 Jan 2022,1274,1175,0,3797736,3656439,240747,4038483,3897186,85.7626408846044,82.76200825372,507
-7.6926,53.28823,2022/01/28 00:00:00+00,Fri 28 Jan 2022,1032,3093,1,3798768,3659532,240748,4039516,3900280,85.7845780347754,82.8277135224798,508
-7.6926,53.28823,2022/01/29 00:00:00+00,Sat 29 Jan 2022,2328,3444,0,3801096,3662976,240748,4041844,3903724,85.8340162589747,82.9008515139501,509
-7.6926,53.28823,2022/01/30 00:00:00+00,Sun 30 Jan 2022,1636,7537,0,3802732,3670513,240748,4043480,3911261,85.8687589285582,83.0609098884306,510
-7.6926,53.28823,2022/01/31 00:00:00+00,Mon 31 Jan 2022,482,1392,0,3803214,3671905,240748,4043962,3912653,85.8789948495479,83.0904708884673,511
-7.6926,53.28823,2022/02/01 00:00:00+00,Tue 01 Feb 2022,754,3415,1,3803968,3675320,240749,4044717,3916069,85.8950282942517,83.1630142621207,512
-7.6926,53.28823,2022/02/02 00:00:00+00,Wed 02 Feb 2022,649,2996,0,3804617,3678316,240749,4045366,3919065,85.9088106857918,83.2266383685216,513
-7.6926,53.28823,2022/02/03 00:00:00+00,Thu 03 Feb 2022,906,2432,1,3805523,3680748,240750,4046273,3921498,85.928072055787,83.2783064095341,514
-7.6926,53.28823,2022/02/04 00:00:00+00,Fri 04 Feb 2022,1173,6523,0,3806696,3687271,240750,4047446,3928021,85.9529822950421,83.4168311245051,515
-7.6926,53.28823,2022/02/05 00:00:00+00,Sat 05 Feb 2022,1777,5750,0,3808473,3693021,240750,4049223,3933771,85.9907192900603,83.5389401404615,516
-7.6926,53.28823,2022/02/06 00:00:00+00,Sun 06 Feb 2022,1408,7555,0,3809881,3700576,240750,4050631,3941326,86.0206200717067,83.6993807692528,517
-7.6926,53.28823,2022/02/07 00:00:00+00,Mon 07 Feb 2022,439,1350,0,3810320,3701926,240750,4051070,3942676,86.0299428296205,83.7280498425643,518
-7.6926,53.28823,2022/02/08 00:00:00+00,Tue 08 Feb 2022,902,1234,0,3811222,3703160,240750,4051972,3943910,86.0490980178627,83.7542554992061,519
-7.6926,53.28823,2022/02/09 00:00:00+00,Wed 09 Feb 2022,1332,1782,0,3812554,3704942,240750,4053304,3945692,86.0773848368634,83.7920986759772,520
-7.6926,53.28823,2022/02/10 00:00:00+00,Thu 10 Feb 2022,685,2548,0,3813239,3707490,240750,4053989,3948240,86.0919317370252,83.8462088973089,521
-7.6926,53.28823,2022/02/11 00:00:00+00,Fri 11 Feb 2022,551,4920,0,3813790,3712410,240750,4054540,3953160,86.1036329662064,83.9506917422663,522
-7.6926,53.28823,2022/02/12 00:00:00+00,Sat 12 Feb 2022,1399,5462,0,3815189,3717872,240750,4055939,3958622,86.1333426206973,84.0666846892496,523
-7.6926,53.28823,2022/02/13 00:00:00+00,Sun 13 Feb 2022,1568,4706,0,3816757,3722578,240750,4057507,3963328,86.1666412184399,84.1666229551784,524
-7.6926,53.28823,2022/02/14 00:00:00+00,Mon 14 Feb 2022,172,952,0,3816929,3723530,240750,4057679,3964280,86.1702938707433,84.1868399609506,525
-7.6926,53.28823,2022/02/15 00:00:00+00,Tue 15 Feb 2022,649,818,1,3817578,3724348,240751,4058329,3965099,86.184097498634,84.2042325320929,526
-7.6926,53.28823,2022/02/16 00:00:00+00,Wed 16 Feb 2022,801,1785,0,3818379,3726133,240751,4059130,3966884,86.2011078154655,84.2421394179159,527
-7.6926,53.28823,2022/02/17 00:00:00+00,Thu 17 Feb 2022,793,1191,2,3819172,3727324,240753,4059925,3968077,86.2179907141933,84.267474384183,528
-7.6926,53.28823,2022/02/18 00:00:00+00,Fri 18 Feb 2022,793,3292,0,3819965,3730616,240753,4060718,3971369,86.23483114022,84.3373844503618,529
-7.6926,53.28823,2022/02/19 00:00:00+00,Sat 19 Feb 2022,981,3554,0,3820946,3734170,240753,4061699,3974923,86.2556640001597,84.4128584403982,530
-7.6926,53.28823,2022/02/20 00:00:00+00,Sun 20 Feb 2022,1366,3587,0,3822312,3737757,240753,4063065,3978510,86.2846728550808,84.4890332300043,531
-7.6926,53.28823,2022/02/21 00:00:00+00,Mon 21 Feb 2022,252,994,1,3822564,3738751,240754,4063318,3979505,86.2900456517829,84.5101633988524,532
-7.6926,53.28823,2022/02/22 00:00:00+00,Tue 22 Feb 2022,476,981,0,3823040,3739732,240754,4063794,3980486,86.300154154669,84.5309962587921,533
-7.6926,53.28823,2022/02/23 00:00:00+00,Wed 23 Feb 2022,829,1271,1,3823869,3741003,240755,4064624,3981758,86.3177803256679,84.5580088967567,534
-7.6926,53.28823,2022/02/24 00:00:00+00,Thu 24 Feb 2022,658,1233,0,3824527,3742236,240755,4065282,3982991,86.3317538443635,84.5841933170479,535
-7.6926,53.28823,2022/02/25 00:00:00+00,Fri 25 Feb 2022,691,1226,0,3825218,3743462,240755,4065973,3984217,86.3464281626288,84.6102290828848,536
-7.6926,53.28823,2022/02/26 00:00:00+00,Sat 26 Feb 2022,959,2092,0,3826177,3745554,240755,4066932,3986309,86.3667938228553,84.6546555283423,537
-7.6926,53.28823,2022/02/27 00:00:00+00,Sun 27 Feb 2022,671,1783,0,3826848,3747337,240755,4067603,3988092,86.3810434141086,84.6925199414641,538
-7.6926,53.28823,2022/02/28 00:00:00+00,Mon 28 Feb 2022,81,428,0,3826929,3747765,240755,4067684,3988520,86.3827635585073,84.7016090995214,539
-7.6926,53.28823,2022/03/01 00:00:00+00,Tue 01 Mar 2022,130,939,1,3827059,3748704,240756,4067815,3989460,86.3855455204361,84.7215712690864,540
-7.6926,53.28823,2022/03/02 00:00:00+00,Wed 02 Mar 2022,207,996,2,3827266,3749700,240758,4068024,3990458,86.3899839177117,84.7427651469863,541
-7.6926,53.28823,2022/03/03 00:00:00+00,Thu 03 Mar 2022,279,1273,0,3827545,3750973,240758,4068303,3991731,86.3959088595294,84.7697990213016,542
-7.6926,53.28823,2022/03/04 00:00:00+00,Fri 04 Mar 2022,734,1507,2,3828279,3752480,240760,4069039,3993240,86.4115388135718,84.8018446743586,543
-7.6926,53.28823,2022/03/05 00:00:00+00,Sat 05 Mar 2022,963,3341,0,3829242,3755821,240760,4070002,3996581,86.4319894192007,84.8727953217169,544
-7.6926,53.28823,2022/03/06 00:00:00+00,Sun 06 Mar 2022,455,1915,0,3829697,3757736,240760,4070457,3998496,86.4416519587242,84.913462933118,545
-7.6926,53.28823,2022/03/07 00:00:00+00,Mon 07 Mar 2022,113,123,1,3829810,3757859,240761,4070571,3998620,86.4440729026927,84.9160962405926,546
-7.6926,53.28823,2022/03/08 00:00:00+00,Tue 08 Mar 2022,120,492,0,3829930,3758351,240761,4070691,3999112,86.4466212647648,84.9265445250883,547
-7.6926,53.28823,2022/03/09 00:00:00+00,Wed 09 Mar 2022,127,345,1,3830057,3758696,240762,4070819,3999458,86.4493395176418,84.9338923023963,548
-7.6926,53.28823,2022/03/10 00:00:00+00,Thu 10 Mar 2022,258,507,0,3830315,3759203,240762,4071077,3999965,86.4548184960969,84.944659132151,549
-7.6926,53.28823,2022/03/11 00:00:00+00,Fri 11 Mar 2022,493,2182,0,3830808,3761385,240762,4071570,4002147,86.4652880169432,84.9909968491627,550
-7.6926,53.28823,2022/03/12 00:00:00+00,Sat 12 Mar 2022,473,2390,2,3831281,3763775,240764,4072045,4004539,86.4753752834787,85.0417941998005,551
-7.6926,53.28823,2022/03/13 00:00:00+00,Sun 13 Mar 2022,358,1082,0,3831639,3764857,240764,4072403,4005621,86.4829778969939,85.0647719311509,552
-7.6926,53.28823,2022/03/14 00:00:00+00,Mon 14 Mar 2022,108,121,0,3831747,3764978,240764,4072511,4005742,86.4852714228588,85.0673415295736,553
-7.6926,53.28823,2022/03/15 00:00:00+00,Tue 15 Mar 2022,219,757,1,3831966,3765735,240765,4072731,4006500,86.4899434199911,85.0834386833293,554
-7.6926,53.28823,2022/03/16 00:00:00+00,Wed 16 Mar 2022,196,797,0,3832162,3766532,240765,4072927,4007297,86.4941057447089,85.1003640547584,555
