X,Y,VaccinationDate,VaccineText,Dose1,Dose2,SingleDose,Dose1Cum,Dose2Cum,SingleDoseCum,PartiallyVacc,FullyVacc,PartialPercent,FullyPercent,ObjectId
-7.6926,53.28823,2020/12/28 00:00:00+00,Mon 28 Dec 2020,201,17,0,201,17,0,201,17,0.00426850647082221,0.000361017960218794,1
-7.6926,53.28823,2020/12/29 00:00:00+00,Tue 29 Dec 2020,74,2,0,275,19,0,275,19,0.00583999641530402,0.000403490661421005,2
-7.6926,53.28823,2020/12/30 00:00:00+00,Wed 30 Dec 2020,1057,1,0,1332,20,0,1332,20,0.0282868190006726,0.00042472701202211,3
-7.6926,53.28823,2020/12/31 00:00:00+00,Thu 31 Dec 2020,1031,1,0,2363,21,0,2363,21,0.0501814964704123,0.000445963362623216,4
-7.6926,53.28823,2021/01/01 00:00:00+00,Fri 01 Jan 2021,806,0,0,3169,21,0,3169,21,0.0672979950549034,0.000445963362623216,5
-7.6926,53.28823,2021/01/02 00:00:00+00,Sat 02 Jan 2021,1015,0,0,4184,21,0,4184,21,0.0888528909150255,0.000445963362623216,6
-7.6926,53.28823,2021/01/03 00:00:00+00,Sun 03 Jan 2021,19,2,1,4203,23,1,4204,24,0.0892776179270476,0.000509672414426533,7
-7.6926,53.28823,2021/01/04 00:00:00+00,Mon 04 Jan 2021,1186,3,0,5389,26,1,5390,27,0.114463929739959,0.000573381466229849,8
-7.6926,53.28823,2021/01/05 00:00:00+00,Tue 05 Jan 2021,3524,9,0,8913,35,1,8914,36,0.189300829258255,0.000764508621639799,9
-7.6926,53.28823,2021/01/06 00:00:00+00,Wed 06 Jan 2021,6769,8,0,15682,43,1,15683,44,0.333049686477138,0.000934399426448643,10
-7.6926,53.28823,2021/01/07 00:00:00+00,Thu 07 Jan 2021,11718,8,0,27400,51,1,27401,52,0.581897242820892,0.00110429023125749,11
-7.6926,53.28823,2021/01/08 00:00:00+00,Fri 08 Jan 2021,12674,5,0,40074,56,1,40075,57,0.851046750339304,0.00121047198426301,12
-7.6926,53.28823,2021/01/09 00:00:00+00,Sat 09 Jan 2021,8072,6,0,48146,62,1,48147,63,1.02246657239143,0.00133789008786965,13
-7.6926,53.28823,2021/01/10 00:00:00+00,Sun 10 Jan 2021,4776,3,1,52922,65,2,52924,67,1.12391261921291,0.00142283549027407,14
-7.6926,53.28823,2021/01/11 00:00:00+00,Mon 11 Jan 2021,8337,7,0,61259,72,2,61261,74,1.30096007417433,0.00157148994448181,15
-7.6926,53.28823,2021/01/12 00:00:00+00,Tue 12 Jan 2021,8876,9,0,70135,81,2,70137,83,1.48945392210974,0.00176261709989176,16
-7.6926,53.28823,2021/01/13 00:00:00+00,Wed 13 Jan 2021,9876,5,0,80011,86,2,80013,88,1.69918412064626,0.00186879885289729,17
-7.6926,53.28823,2021/01/14 00:00:00+00,Thu 14 Jan 2021,8077,5,0,88088,91,2,88090,93,1.87071012445139,0.00197498060590281,18
-7.6926,53.28823,2021/01/15 00:00:00+00,Fri 15 Jan 2021,7683,2,0,95771,93,2,95773,95,2.03386900611968,0.00201745330710502,19
-7.6926,53.28823,2021/01/16 00:00:00+00,Sat 16 Jan 2021,5225,3,0,100996,96,2,100998,98,2.14482893801046,0.00208116235890834,20
-7.6926,53.28823,2021/01/17 00:00:00+00,Sun 17 Jan 2021,1110,4,0,102106,100,2,102108,102,2.16840128717768,0.00216610776131276,21
-7.6926,53.28823,2021/01/18 00:00:00+00,Mon 18 Jan 2021,8702,7,1,110808,107,3,110811,110,2.3532212464591,0.00233599856612161,22
-7.6926,53.28823,2021/01/19 00:00:00+00,Tue 19 Jan 2021,8371,18,0,119179,125,3,119182,128,2.53099073734096,0.00271825287694151,23
-7.6926,53.28823,2021/01/20 00:00:00+00,Wed 20 Jan 2021,8439,961,0,127618,1086,3,127621,1089,2.71020430006369,0.0231263858046039,24
-7.6926,53.28823,2021/01/21 00:00:00+00,Thu 21 Jan 2021,8992,962,0,136610,2048,3,136613,2051,2.90116156466883,0.0435557550828674,25
-7.6926,53.28823,2021/01/22 00:00:00+00,Fri 22 Jan 2021,6766,968,0,143376,3016,3,143379,3019,3.04484671283591,0.0641125424647376,26
-7.6926,53.28823,2021/01/23 00:00:00+00,Sat 23 Jan 2021,4179,460,0,147555,3476,3,147558,3479,3.13359342199793,0.0738812637412461,27
-7.6926,53.28823,2021/01/24 00:00:00+00,Sun 24 Jan 2021,1180,397,0,148735,3873,3,148738,3876,3.15865231570723,0.082312094929885,28
-7.6926,53.28823,2021/01/25 00:00:00+00,Mon 25 Jan 2021,1348,1285,0,150083,5158,3,150086,5161,3.18727891631752,0.109600805452306,29
-7.6926,53.28823,2021/01/26 00:00:00+00,Tue 26 Jan 2021,999,3498,0,151082,8656,3,151085,8659,3.20849403056803,0.183885559854973,30
-7.6926,53.28823,2021/01/27 00:00:00+00,Wed 27 Jan 2021,2161,6698,0,153243,15354,3,153246,15357,3.25438578421702,0.326126636181177,31
-7.6926,53.28823,2021/01/28 00:00:00+00,Thu 28 Jan 2021,989,11538,0,154232,26892,3,154235,26895,3.27538853496151,0.571151649416733,32
-7.6926,53.28823,2021/01/29 00:00:00+00,Fri 29 Jan 2021,1565,11525,0,155797,38417,3,155800,38420,3.30862342365224,0.815900590094474,33
-7.6926,53.28823,2021/01/30 00:00:00+00,Sat 30 Jan 2021,624,7792,0,156421,46209,3,156424,46212,3.32187490642733,0.981374233978288,34
-7.6926,53.28823,2021/01/31 00:00:00+00,Sun 31 Jan 2021,217,4086,0,156638,50295,3,156641,50298,3.32648319450777,1.06814596253441,35
-7.6926,53.28823,2021/02/01 00:00:00+00,Mon 01 Feb 2021,1012,8335,0,157650,58630,3,157653,58633,3.34797438131609,1.24515094479462,36
-7.6926,53.28823,2021/02/02 00:00:00+00,Tue 02 Feb 2021,823,5106,0,158473,63736,3,158476,63739,3.3654518978608,1.35358375096386,37
-7.6926,53.28823,2021/02/03 00:00:00+00,Wed 03 Feb 2021,1390,6862,0,159863,70598,3,159866,70601,3.39497042519634,1.49930758878865,38
-7.6926,53.28823,2021/02/04 00:00:00+00,Thu 04 Feb 2021,1415,10541,1,161278,81139,4,161282,81143,3.4250410976475,1.72318119682551,39
-7.6926,53.28823,2021/02/05 00:00:00+00,Fri 05 Feb 2021,3378,8612,0,164656,89751,4,164660,89755,3.49677748997804,1.90606864820223,40
-7.6926,53.28823,2021/02/06 00:00:00+00,Sat 06 Feb 2021,890,3866,0,165546,93617,4,165550,93621,3.51567784201302,1.9881683796261,41
-7.6926,53.28823,2021/02/07 00:00:00+00,Sun 07 Feb 2021,323,1299,1,165869,94916,5,165874,94921,3.52255841960778,2.01577563540754,42
-7.6926,53.28823,2021/02/08 00:00:00+00,Mon 08 Feb 2021,1161,878,0,167030,95794,5,167035,95799,3.54721382265566,2.03442115123531,43
-7.6926,53.28823,2021/02/09 00:00:00+00,Tue 09 Feb 2021,4246,536,2,171276,96330,7,171283,96337,3.63742584000916,2.0458463078587,44
-7.6926,53.28823,2021/02/10 00:00:00+00,Wed 10 Feb 2021,8815,579,0,180091,96909,7,180098,96916,3.8246242705579,2.05814215485674,45
-7.6926,53.28823,2021/02/11 00:00:00+00,Thu 11 Feb 2021,6174,444,0,186265,97353,7,186272,97360,3.95573749916913,2.06757109452363,46
-7.6926,53.28823,2021/02/12 00:00:00+00,Fri 12 Feb 2021,4385,522,0,190650,97875,7,190657,97882,4.04885889655498,2.07865646953741,47
-7.6926,53.28823,2021/02/13 00:00:00+00,Sat 13 Feb 2021,1203,1913,0,191853,99788,7,191860,99795,4.07440622632811,2.11928160823733,48
-7.6926,53.28823,2021/02/14 00:00:00+00,Sun 14 Feb 2021,2691,25,0,194544,99813,7,194551,99820,4.13155324579568,2.11981251700235,49
-7.6926,53.28823,2021/02/15 00:00:00+00,Mon 15 Feb 2021,1956,7883,0,196500,107696,7,196507,107703,4.17309154757144,2.28721866879087,50
-7.6926,53.28823,2021/02/16 00:00:00+00,Tue 16 Feb 2021,5640,8158,0,202140,115854,7,202147,115861,4.29286456496168,2.46046481699469,51
-7.6926,53.28823,2021/02/17 00:00:00+00,Wed 17 Feb 2021,9733,8462,0,211873,124316,7,211880,124323,4.49955796536224,2.64016681578124,52
-7.6926,53.28823,2021/02/18 00:00:00+00,Thu 18 Feb 2021,8452,8349,1,220325,132665,8,220333,132673,4.67906883699338,2.81749034330047,53
-7.6926,53.28823,2021/02/19 00:00:00+00,Fri 19 Feb 2021,9385,6580,0,229710,139245,8,229718,139253,4.87837198738476,2.95722553025575,54
-7.6926,53.28823,2021/02/20 00:00:00+00,Sat 20 Feb 2021,5884,3567,2,235594,142812,10,235604,142822,5.00336914702287,3.03301806555109,55
-7.6926,53.28823,2021/02/21 00:00:00+00,Sun 21 Feb 2021,1106,1021,5,236700,143833,15,236715,143848,5.02696273254069,3.05480656126783,56
-7.6926,53.28823,2021/02/22 00:00:00+00,Mon 22 Feb 2021,3937,1119,1,240637,144952,16,240653,144968,5.11059148120785,3.07859127394107,57
-7.6926,53.28823,2021/02/23 00:00:00+00,Tue 23 Feb 2021,13356,1061,0,253993,146013,16,254009,146029,5.39422417983621,3.10112304192884,58
-7.6926,53.28823,2021/02/24 00:00:00+00,Wed 24 Feb 2021,16934,2102,3,270927,148115,19,270946,148134,5.75390424996714,3.14582555994417,59
-7.6926,53.28823,2021/02/25 00:00:00+00,Thu 25 Feb 2021,18080,1749,2,289007,149864,21,289028,149885,6.13789994153633,3.1830104098467,60
-7.6926,53.28823,2021/02/26 00:00:00+00,Fri 26 Feb 2021,16078,2764,0,305085,152628,21,305106,152649,6.4793379865009,3.24170768290816,61
-7.6926,53.28823,2021/02/27 00:00:00+00,Sat 27 Feb 2021,8988,703,1,314073,153331,22,314095,153353,6.67023154205424,3.25665807373134,62
-7.6926,53.28823,2021/02/28 00:00:00+00,Sun 28 Feb 2021,2440,52,1,316513,153383,23,316536,153406,6.72206947387154,3.25778360031319,63
-7.6926,53.28823,2021/03/01 00:00:00+00,Mon 01 Mar 2021,5583,786,0,322096,154169,23,322119,154192,6.84063201927751,3.27447537188566,64
-7.6926,53.28823,2021/03/02 00:00:00+00,Tue 02 Mar 2021,12172,1605,0,334268,155774,23,334291,155797,7.09912087879417,3.30855971460044,65
-7.6926,53.28823,2021/03/03 00:00:00+00,Wed 03 Mar 2021,12884,1502,1,347152,157276,24,347176,157300,7.37275125628941,3.3404779495539,66
-7.6926,53.28823,2021/03/04 00:00:00+00,Thu 04 Mar 2021,18731,1686,3,365883,158962,27,365910,158989,7.77059304845052,3.37634614571917,67
-7.6926,53.28823,2021/03/05 00:00:00+00,Fri 05 Mar 2021,18434,2391,6,384317,161353,33,384350,161386,8.16219135353491,3.42724967811002,68
-7.6926,53.28823,2021/03/06 00:00:00+00,Sat 06 Mar 2021,10392,136,4,394709,161489,37,394746,161526,8.382964454384,3.43022276719417,69
-7.6926,53.28823,2021/03/07 00:00:00+00,Sun 07 Mar 2021,1518,10,2,396227,161499,39,396266,161538,8.41524370729768,3.43047760340138,70
-7.6926,53.28823,2021/03/08 00:00:00+00,Mon 08 Mar 2021,6657,1493,5,402884,162992,44,402928,163036,8.55672027500225,3.46228965660184,71
-7.6926,53.28823,2021/03/09 00:00:00+00,Tue 09 Mar 2021,13811,3100,5,416695,166092,49,416744,166141,8.85012169490712,3.52822852521827,72
-7.6926,53.28823,2021/03/10 00:00:00+00,Wed 10 Mar 2021,13722,3982,3,430417,170074,52,430469,170126,9.14159060690729,3.61285538236368,73
-7.6926,53.28823,2021/03/11 00:00:00+00,Thu 11 Mar 2021,18466,2096,3,448883,172170,55,448938,172225,9.53380476615911,3.6574304822754,74
-7.6926,53.28823,2021/03/12 00:00:00+00,Fri 12 Mar 2021,17319,1333,3,466202,173503,58,466260,173561,9.90166083127146,3.68580224667848,75
-7.6926,53.28823,2021/03/13 00:00:00+00,Sat 13 Mar 2021,8294,172,0,474496,173675,58,474554,173733,10.077795123157,3.68945489898187,76
-7.6926,53.28823,2021/03/14 00:00:00+00,Sun 14 Mar 2021,375,17,1,474871,173692,59,474930,173751,10.085779990983,3.68983715329269,77
-7.6926,53.28823,2021/03/15 00:00:00+00,Mon 15 Mar 2021,2646,990,0,477517,174682,59,477576,174741,10.1419713746736,3.71086114038778,78
-7.6926,53.28823,2021/03/16 00:00:00+00,Tue 16 Mar 2021,8930,3813,2,486447,178495,61,486508,178556,10.3316544582426,3.791877817931,79
-7.6926,53.28823,2021/03/17 00:00:00+00,Wed 17 Mar 2021,4891,2416,6,491338,180911,67,491405,180978,10.4356488671363,3.84331225908688,80
-7.6926,53.28823,2021/03/18 00:00:00+00,Thu 18 Mar 2021,11714,4676,5,503052,185587,72,503124,185659,10.6845176598306,3.94271961625065,81
-7.6926,53.28823,2021/03/19 00:00:00+00,Fri 19 Mar 2021,10354,6123,2,513406,191710,74,513480,191784,10.9044413066557,4.07279226368242,82
-7.6926,53.28823,2021/03/20 00:00:00+00,Sat 20 Mar 2021,5233,3116,2,518639,194826,76,518715,194902,11.0156136020525,4.13900720485667,83
-7.6926,53.28823,2021/03/21 00:00:00+00,Sun 21 Mar 2021,3630,53,3,522269,194879,79,522348,194958,11.0927652637863,4.14019644049033,84
-7.6926,53.28823,2021/03/22 00:00:00+00,Mon 22 Mar 2021,7396,2397,1,529665,197276,80,529745,197356,11.2498505491826,4.19112120923178,85
-7.6926,53.28823,2021/03/23 00:00:00+00,Tue 23 Mar 2021,12570,7384,3,542235,204660,83,542318,204743,11.5168551852903,4.34799413112215,86
-7.6926,53.28823,2021/03/24 00:00:00+00,Wed 24 Mar 2021,13614,9780,1,555849,214440,84,555933,214524,11.8059880987244,4.55570687635156,87
-7.6926,53.28823,2021/03/25 00:00:00+00,Thu 25 Mar 2021,20854,10218,3,576703,224658,87,576790,224745,12.2489146632117,4.77276361584546,88
-7.6926,53.28823,2021/03/26 00:00:00+00,Fri 26 Mar 2021,19691,9493,1,596394,234151,88,596482,234239,12.6671008792486,4.97438152845236,89
-7.6926,53.28823,2021/03/27 00:00:00+00,Sat 27 Mar 2021,11729,5342,3,608123,239493,91,608214,239584,12.9162457445008,5.08788982241527,90
-7.6926,53.28823,2021/03/28 00:00:00+00,Sun 28 Mar 2021,2481,482,0,610604,239975,91,610695,240066,12.9689331303421,5.098125743405,91
-7.6926,53.28823,2021/03/28 23:00:00+00,Mon 29 Mar 2021,9247,3113,3,619851,243088,94,619945,243182,13.1653693734024,5.16429821187804,92
-7.6926,53.28823,2021/03/29 23:00:00+00,Tue 30 Mar 2021,13318,8661,4,633169,251749,98,633267,251847,13.4482800361103,5.34831118983662,93
-7.6926,53.28823,2021/03/30 23:00:00+00,Wed 31 Mar 2021,15817,10503,3,648986,262252,101,649087,262353,13.7842391026198,5.57142028925184,94
-7.6926,53.28823,2021/03/31 23:00:00+00,Thu 01 Apr 2021,19676,11582,7,668662,273834,108,668770,273942,14.2022341915013,5.81752835636805,95
-7.6926,53.28823,2021/04/01 23:00:00+00,Fri 02 Apr 2021,20124,13716,7,688786,287550,115,688901,287665,14.6297431654522,6.10895479566702,96
-7.6926,53.28823,2021/04/02 23:00:00+00,Sat 03 Apr 2021,7536,4640,5,696322,292190,120,696442,292310,14.7898864853351,6.20759764420916,97
-7.6926,53.28823,2021/04/03 23:00:00+00,Sun 04 Apr 2021,3022,168,3,699344,292358,123,699467,292481,14.8541264459035,6.21122906016194,98
-7.6926,53.28823,2021/04/04 23:00:00+00,Mon 05 Apr 2021,3420,606,4,702764,292964,127,702891,293091,14.9268397103617,6.22418323402862,99
-7.6926,53.28823,2021/04/05 23:00:00+00,Tue 06 Apr 2021,11972,8157,10,714736,301121,137,714873,301258,15.1812936632641,6.39762050938785,100
-7.6926,53.28823,2021/04/06 23:00:00+00,Wed 07 Apr 2021,18340,10460,9,733076,311581,146,733222,311727,15.5709594604438,6.61994386383082,101
-7.6926,53.28823,2021/04/07 23:00:00+00,Thu 08 Apr 2021,20168,10569,14,753244,322150,160,753404,322310,15.9995514882753,6.84468816224232,102
-7.6926,53.28823,2021/04/08 23:00:00+00,Fri 09 Apr 2021,20681,9156,16,773925,331306,176,774101,331482,16.4390802366664,7.03946796995566,103
-7.6926,53.28823,2021/04/09 23:00:00+00,Sat 10 Apr 2021,11154,4159,12,785079,335465,188,785267,335653,16.6762053274783,7.12804478831287,104
-7.6926,53.28823,2021/04/10 23:00:00+00,Sun 11 Apr 2021,2853,354,7,787932,335819,195,788127,336014,16.7369412901975,7.13571111087987,105
-7.6926,53.28823,2021/04/11 23:00:00+00,Mon 12 Apr 2021,7760,2785,11,795692,338604,206,795898,338810,16.9019689707187,7.19508794716056,106
-7.6926,53.28823,2021/04/12 23:00:00+00,Tue 13 Apr 2021,11492,8587,1,807184,347191,207,807391,347398,17.1460383481772,7.37746572612286,107
-7.6926,53.28823,2021/04/13 23:00:00+00,Wed 14 Apr 2021,20335,6590,2,827519,353781,209,827728,353990,17.5779220103519,7.51745574928534,108
-7.6926,53.28823,2021/04/14 23:00:00+00,Thu 15 Apr 2021,27110,10789,1,854629,364570,210,854839,364780,18.1536607114984,7.74659597227127,109
-7.6926,53.28823,2021/04/15 23:00:00+00,Fri 16 Apr 2021,27970,9824,1,882599,374394,211,882810,374605,18.747662674162,7.95524311692713,110
-7.6926,53.28823,2021/04/16 23:00:00+00,Sat 17 Apr 2021,15837,4546,2,898436,378940,213,898649,379153,19.0840252313329,8.05182603946096,111
-7.6926,53.28823,2021/04/17 23:00:00+00,Sun 18 Apr 2021,1064,478,0,899500,379418,213,899713,379631,19.1066207083724,8.06197701504829,112
-7.6926,53.28823,2021/04/18 23:00:00+00,Mon 19 Apr 2021,6729,2244,0,906229,381662,213,906442,381875,19.2495201115673,8.10963138579717,113
-7.6926,53.28823,2021/04/19 23:00:00+00,Tue 20 Apr 2021,15070,7304,1,921299,388966,214,921513,389180,19.5695731514766,8.26476292693825,114
-7.6926,53.28823,2021/04/20 23:00:00+00,Wed 21 Apr 2021,26698,9871,3,947997,398837,217,948214,399054,20.1366049488767,8.47445065277356,115
-7.6926,53.28823,2021/04/21 23:00:00+00,Thu 22 Apr 2021,31615,12179,1,979612,411016,218,979830,411234,20.8080134094812,8.73310940309503,116
-7.6926,53.28823,2021/08/16 23:00:00+00,Tue 17 Aug 2021,12840,26800,523,3358684,2958956,232275,3590959,3191231,76.2588643181953,67.7701003651166,117
-7.6926,53.28823,2021/08/17 23:00:00+00,Wed 18 Aug 2021,15194,25720,654,3373878,2984676,232929,3606807,3217605,76.5954180025216,68.3301878758701,118
-7.6926,53.28823,2021/08/18 23:00:00+00,Thu 19 Aug 2021,11340,25640,539,3385218,3010316,233468,3618686,3243784,76.8476846113121,68.8861342982565,119
-7.6926,53.28823,2021/08/19 23:00:00+00,Fri 20 Aug 2021,14818,22187,683,3400036,3032503,234151,3634187,3266654,77.1768692819799,69.3718096365038,120
-7.6926,53.28823,2021/08/20 23:00:00+00,Sat 21 Aug 2021,11853,7933,242,3411889,3040436,234393,3646282,3274829,77.4337229425003,69.5454168026678,121
-7.6926,53.28823,2021/08/21 23:00:00+00,Sun 22 Aug 2021,7999,12225,160,3419888,3052661,234553,3654441,3287214,77.6069903270547,69.8084290048625,122
-7.6926,53.28823,2021/08/22 23:00:00+00,Mon 23 Aug 2021,10844,15323,287,3430732,3067984,234840,3665572,3302824,77.8433721455956,70.1399284377458,123
-7.6926,53.28823,2021/08/23 23:00:00+00,Tue 24 Aug 2021,9685,22869,383,3440417,3090853,235223,3675640,3326076,78.0571797234475,70.6337160619226,124
-7.6926,53.28823,2021/08/24 23:00:00+00,Wed 25 Aug 2021,9401,19466,310,3449818,3110319,235533,3685351,3345852,78.2634059241348,71.0536861314101,125
-7.6926,53.28823,2021/08/25 23:00:00+00,Thu 26 Aug 2021,8557,19387,364,3458375,3129706,235897,3694272,3365603,78.4528554078473,71.4731252921326,126
-7.6926,53.28823,2021/08/26 23:00:00+00,Fri 27 Aug 2021,9699,19157,430,3468074,3148863,236327,3704401,3385190,78.6679584030859,71.8890816913564,127
-7.6926,53.28823,2021/08/27 23:00:00+00,Sat 28 Aug 2021,9906,7875,152,3477980,3156738,236479,3714459,3393217,78.8815536174318,72.0595458776315,128
-7.6926,53.28823,2021/08/28 23:00:00+00,Sun 29 Aug 2021,8791,9168,28,3486771,3165906,236507,3723278,3402413,79.068836993383,72.2548353577592,129
-7.6926,53.28823,2021/08/29 23:00:00+00,Mon 30 Aug 2021,5042,11072,82,3491813,3176978,236589,3728402,3413567,79.177652053863,72.491705612364,130
-7.6926,53.28823,2021/08/30 23:00:00+00,Tue 31 Aug 2021,4046,12827,140,3495859,3189805,236729,3732588,3426534,79.2665474174793,72.7670773706085,131
-7.6926,53.28823,2021/08/31 23:00:00+00,Wed 01 Sep 2021,4932,12495,179,3500791,3202300,236908,3737699,3439208,79.3750864054015,73.0362268781269,132
-7.6926,53.28823,2021/09/01 23:00:00+00,Thu 02 Sep 2021,4995,12321,246,3505786,3214621,237154,3742940,3451775,79.4863861189019,73.303104096131,133
-7.6926,53.28823,2021/09/02 23:00:00+00,Fri 03 Sep 2021,4759,16023,165,3510545,3230644,237319,3747864,3467963,79.5909539092617,73.6468781396617,134
-7.6926,53.28823,2021/09/03 23:00:00+00,Sat 04 Sep 2021,4618,10549,132,3515163,3241193,237451,3752614,3478644,79.691826574617,73.8737036004321,135
-7.6926,53.28823,2021/09/04 23:00:00+00,Sun 05 Sep 2021,5303,11882,1,3520466,3253075,237452,3757918,3490527,79.8044641782053,74.1260551546251,136
-7.6926,53.28823,2021/09/05 23:00:00+00,Mon 06 Sep 2021,2137,9649,75,3522603,3262724,237527,3760130,3500251,79.8514389857349,74.3325574278702,137
-7.6926,53.28823,2021/09/06 23:00:00+00,Tue 07 Sep 2021,3012,9975,154,3525615,3272699,237681,3763296,3510380,79.918673271738,74.5476604231088,138
-7.6926,53.28823,2021/09/07 23:00:00+00,Wed 08 Sep 2021,2590,14781,186,3528205,3287480,237867,3766072,3525347,79.9776253810067,74.8655048825555,139
-7.6926,53.28823,2021/09/08 23:00:00+00,Thu 09 Sep 2021,3107,14772,137,3531312,3302252,238004,3769316,3540256,80.0465161023567,75.1821176336674,140
-7.6926,53.28823,2021/09/09 23:00:00+00,Fri 10 Sep 2021,3367,13923,115,3534679,3316175,238119,3772798,3554294,80.1204610751497,75.4802335234057,141
-7.6926,53.28823,2021/09/10 23:00:00+00,Sat 11 Sep 2021,2549,11303,62,3537228,3327478,238181,3775409,3565659,80.1759091865692,75.7215846479873,142
-7.6926,53.28823,2021/09/11 23:00:00+00,Sun 12 Sep 2021,2034,12870,1,3539262,3340348,238182,3777444,3578530,80.2191251600425,75.9949177165741,143
-7.6926,53.28823,2021/09/12 23:00:00+00,Mon 13 Sep 2021,1598,7707,50,3540860,3348055,238232,3779092,3586287,80.2541226658331,76.1596480881869,144
-7.6926,53.28823,2021/09/13 23:00:00+00,Tue 14 Sep 2021,1537,10762,81,3542397,3358817,238313,3780710,3597130,80.2884830811057,76.3899138377547,145
-7.6926,53.28823,2021/09/14 23:00:00+00,Wed 15 Sep 2021,3268,12376,136,3545665,3371193,238449,3784114,3609642,80.3607716185518,76.6556230564757,146
-7.6926,53.28823,2021/09/15 23:00:00+00,Thu 16 Sep 2021,1899,10576,113,3547564,3381769,238562,3786126,3620331,80.4034991559612,76.8826184080509,147
-7.6926,53.28823,2021/09/16 23:00:00+00,Fri 17 Sep 2021,2553,14597,92,3550117,3396366,238654,3788771,3635020,80.4596693033012,77.1945591620306,148
-7.6926,53.28823,2021/09/17 23:00:00+00,Sat 18 Sep 2021,2279,11215,43,3552396,3407581,238697,3791093,3646278,80.5089801093969,77.4336379970978,149
-7.6926,53.28823,2021/09/18 23:00:00+00,Sun 19 Sep 2021,1857,8484,13,3554253,3416065,238710,3792963,3654775,80.548692085021,77.6140832681554,150
-7.6926,53.28823,2021/09/19 23:00:00+00,Mon 20 Sep 2021,946,5597,33,3555199,3421662,238743,3793942,3660405,80.5694824722595,77.7336439220397,151
-7.6926,53.28823,2021/09/20 23:00:00+00,Tue 21 Sep 2021,1459,6650,90,3556658,3428312,238833,3795491,3667145,80.6023775793406,77.8767769250911,152
-7.6926,53.28823,2021/09/21 23:00:00+00,Wed 22 Sep 2021,1892,8121,96,3558550,3436433,238929,3797479,3675362,80.6445954443356,78.0512760179804,153
-7.6926,53.28823,2021/09/22 23:00:00+00,Thu 23 Sep 2021,1693,8741,88,3560243,3445174,239017,3799260,3684191,80.6824173847562,78.2387717574375,154
-7.6926,53.28823,2021/09/23 23:00:00+00,Fri 24 Sep 2021,1904,7374,79,3562147,3452548,239096,3801243,3691644,80.7245290679982,78.3970462784676,155
-7.6926,53.28823,2021/09/24 23:00:00+00,Sat 25 Sep 2021,2410,6574,51,3564557,3459122,239147,3803704,3698269,80.7767917268275,78.5377371011999,156
-7.6926,53.28823,2021/09/25 23:00:00+00,Sun 26 Sep 2021,1537,7090,0,3566094,3466212,239147,3805241,3705359,80.8094319977014,78.6883028269618,157
-7.6926,53.28823,2021/09/26 23:00:00+00,Mon 27 Sep 2021,1170,3777,45,3567264,3469989,239192,3806456,3709181,80.8352341636817,78.7694681589592,158
-7.6926,53.28823,2021/09/27 23:00:00+00,Tue 28 Sep 2021,1440,5108,91,3568704,3475097,239283,3807987,3714380,80.867747016452,78.8798759457343,159
-7.6926,53.28823,2021/09/28 23:00:00+00,Wed 29 Sep 2021,1647,3601,78,3570351,3478698,239361,3809712,3718059,80.9043797212389,78.9580044795958,160
-7.6926,53.28823,2021/09/29 23:00:00+00,Thu 30 Sep 2021,1280,3940,77,3571631,3482638,239438,3811069,3722076,80.9331974490046,79.0433108999604,161
-7.6926,53.28823,2021/09/30 23:00:00+00,Fri 01 Oct 2021,1836,5151,41,3573467,3487789,239479,3812946,3727268,80.9730580790829,79.1535700322814,162
-7.6926,53.28823,2021/10/01 23:00:00+00,Sat 02 Oct 2021,1705,4075,40,3575172,3491864,239519,3814691,3731383,81.0101155108818,79.2409576150049,163
-7.6926,53.28823,2021/10/02 23:00:00+00,Sun 03 Oct 2021,1194,3011,9,3576366,3494875,239528,3815894,3734403,81.035662840655,79.3050913938203,164
-7.6926,53.28823,2021/10/03 23:00:00+00,Mon 04 Oct 2021,335,1215,18,3576701,3496090,239546,3816247,3735636,81.0431592724171,79.3312758141114,165
-7.6926,53.28823,2021/10/04 23:00:00+00,Tue 05 Oct 2021,960,2807,69,3577661,3498897,239615,3817276,3738512,81.0650114771857,79.3923515584402,166
-7.6926,53.28823,2021/10/05 23:00:00+00,Wed 06 Oct 2021,969,2545,36,3578630,3501442,239651,3818281,3741093,81.0863540095398,79.4471625793417,167
-7.6926,53.28823,2021/10/06 23:00:00+00,Thu 07 Oct 2021,1204,2673,44,3579834,3504115,239695,3819529,3743810,81.11285697509,79.5048617439249,168
-7.6926,53.28823,2021/10/07 23:00:00+00,Fri 08 Oct 2021,974,2767,46,3580808,3506882,239741,3820549,3746623,81.1345180527031,79.5645995981658,169
-7.6926,53.28823,2021/10/08 23:00:00+00,Sat 09 Oct 2021,729,2363,23,3581537,3509245,239764,3821301,3749009,81.1504877883551,79.6152695307,170
-7.6926,53.28823,2021/10/09 23:00:00+00,Sun 10 Oct 2021,1500,3905,1,3583037,3513150,239765,3822802,3752915,81.1823635506074,79.6982187161479,171
-7.6926,53.28823,2021/10/10 23:00:00+00,Mon 11 Oct 2021,330,1102,15,3583367,3514252,239780,3823147,3754032,81.1896900915648,79.7219397197694,172
-7.6926,53.28823,2021/10/11 23:00:00+00,Tue 12 Oct 2021,562,1596,20,3583929,3515848,239800,3823729,3755648,81.2020496476146,79.7562576623407,173
-7.6926,53.28823,2021/10/12 23:00:00+00,Wed 13 Oct 2021,999,2042,11,3584928,3517890,239811,3824739,3757701,81.2234983617217,79.7998558901248,174
-7.6926,53.28823,2021/10/13 23:00:00+00,Thu 14 Oct 2021,688,1570,7,3585616,3519460,239818,3825434,3759278,81.2382576253895,79.8333456150228,175
-7.6926,53.28823,2021/10/14 23:00:00+00,Fri 15 Oct 2021,949,2049,7,3586565,3521509,239825,3826390,3761334,81.2585595765642,79.8770075518586,176
-7.6926,53.28823,2021/10/15 23:00:00+00,Sat 16 Oct 2021,1371,2623,13,3587936,3524132,239838,3827774,3763970,81.2879506857961,79.9329865720431,177
-7.6926,53.28823,2021/10/16 23:00:00+00,Sun 17 Oct 2021,1699,2881,2,3589635,3527013,239840,3829475,3766853,81.3240737181686,79.9942109708261,178
-7.6926,53.28823,2021/10/17 23:00:00+00,Mon 18 Oct 2021,668,1219,4,3590303,3528232,239844,3830147,3768076,81.3383445457725,80.0201830276113,179
-7.6926,53.28823,2021/10/18 23:00:00+00,Tue 19 Oct 2021,1329,1773,14,3591632,3530005,239858,3831490,3769863,81.3668649646298,80.0581323861355,180
-7.6926,53.28823,2021/10/19 23:00:00+00,Wed 20 Oct 2021,2243,2295,0,3593875,3532300,239858,3833733,3772158,81.4144980990281,80.106869810765,181
-7.6926,53.28823,2021/10/20 23:00:00+00,Thu 21 Oct 2021,1746,1798,11,3595621,3534098,239869,3835490,3773967,81.4518103670342,80.1452863690024,182
-7.6926,53.28823,2021/10/21 23:00:00+00,Fri 22 Oct 2021,1490,1904,2,3597111,3536002,239871,3836982,3775873,81.4834950021311,80.1857628532481,183
-7.6926,53.28823,2021/10/22 23:00:00+00,Sat 23 Oct 2021,2009,1675,1,3599120,3537677,239872,3838992,3777549,81.5261800668393,80.2213549768556,184
-7.6926,53.28823,2021/10/23 23:00:00+00,Sun 24 Oct 2021,1943,2180,2,3601063,3539857,239874,3840937,3779731,81.5674847687584,80.2676926938672,185
-7.6926,53.28823,2021/10/24 23:00:00+00,Mon 25 Oct 2021,1216,827,2,3602279,3540684,239876,3842155,3780560,81.5933506437906,80.2852976285155,186
-7.6926,53.28823,2021/10/25 23:00:00+00,Tue 26 Oct 2021,1235,1194,6,3603514,3541878,239882,3843396,3781760,81.6197049548866,80.3107812492368,187
-7.6926,53.28823,2021/10/26 23:00:00+00,Wed 27 Oct 2021,1550,1401,5,3605064,3543279,239887,3844951,3783166,81.6527274800713,80.340639558182,188
-7.6926,53.28823,2021/10/27 23:00:00+00,Thu 28 Oct 2021,2145,1669,3,3607209,3544948,239890,3847099,3784838,81.6983431611625,80.376146736387,189
-7.6926,53.28823,2021/10/28 23:00:00+00,Fri 29 Oct 2021,2133,1346,0,3609342,3546294,239890,3849232,3786184,81.7436402969946,80.4047308642961,190
-7.6926,53.28823,2021/10/29 23:00:00+00,Sat 30 Oct 2021,2007,1433,0,3611349,3547727,239890,3851239,3787617,81.786261652651,80.4351625547075,191
-7.6926,53.28823,2021/10/30 23:00:00+00,Sun 31 Oct 2021,1623,1314,0,3612972,3549041,239890,3852862,3788931,81.8207282496766,80.4630671193974,192
-7.6926,53.28823,2021/11/01 00:00:00+00,Mon 01 Nov 2021,261,261,2,3613233,3549302,239892,3853125,3789194,81.8263134098847,80.4686522796054,193
-7.6926,53.28823,2021/11/02 00:00:00+00,Tue 02 Nov 2021,1089,1074,9,3614322,3550376,239901,3854223,3790277,81.8496309228447,80.4916512473064,194
-7.6926,53.28823,2021/11/03 00:00:00+00,Wed 03 Nov 2021,2532,1839,5,3616854,3552215,239906,3856760,3792121,81.9035075443197,80.5308110778149,195
-7.6926,53.28823,2021/11/04 00:00:00+00,Thu 04 Nov 2021,1542,1252,1,3618396,3553467,239907,3858303,3793374,81.9362752332972,80.5574202251181,196
-7.6926,53.28823,2021/11/05 00:00:00+00,Fri 05 Nov 2021,1627,1064,2,3620023,3554531,239909,3859932,3794440,81.9708692484264,80.5800581748588,197
-7.6926,53.28823,2021/11/06 00:00:00+00,Sat 06 Nov 2021,1816,1336,5,3621839,3555867,239914,3861753,3795781,82.009540642871,80.6085361210149,198
-7.6926,53.28823,2021/11/07 00:00:00+00,Sun 07 Nov 2021,725,765,0,3622564,3556632,239914,3862478,3796546,82.0249369970569,80.6247819292248,199
-7.6926,53.28823,2021/11/08 00:00:00+00,Mon 08 Nov 2021,513,513,2,3623077,3557145,239916,3862993,3797061,82.0358737176164,80.6357186497843,200
-7.6926,53.28823,2021/11/09 00:00:00+00,Tue 09 Nov 2021,1373,1041,1,3624450,3558186,239917,3864367,3798103,82.0650524633423,80.6578469271107,201
-7.6926,53.28823,2021/11/10 00:00:00+00,Wed 10 Nov 2021,1624,1325,0,3626074,3559511,239917,3865991,3799428,82.0995402967185,80.6859850916572,202
-7.6926,53.28823,2021/11/11 00:00:00+00,Thu 11 Nov 2021,1394,1089,1,3627468,3560600,239918,3867386,3800518,82.1291650058071,80.7091327138124,203
-7.6926,53.28823,2021/11/12 00:00:00+00,Fri 12 Nov 2021,1151,1117,5,3628619,3561717,239923,3868542,3801640,82.153714227102,80.7329598991868,204
-7.6926,53.28823,2021/11/13 00:00:00+00,Sat 13 Nov 2021,1410,1358,0,3630029,3563075,239923,3869952,3802998,82.1836574814495,80.7617988633031,205
-7.6926,53.28823,2021/11/14 00:00:00+00,Sun 14 Nov 2021,1647,1800,0,3631676,3564875,239923,3871599,3804798,82.2186337508895,80.8000242943851,206
-7.6926,53.28823,2021/11/15 00:00:00+00,Mon 15 Nov 2021,1245,569,0,3632921,3565444,239923,3872844,3805367,82.2450730073879,80.8121077778771,207
-7.6926,53.28823,2021/11/16 00:00:00+00,Tue 16 Nov 2021,1315,1050,5,3634236,3566494,239928,3874164,3806422,82.2731049901814,80.8345121277613,208
-7.6926,53.28823,2021/11/17 00:00:00+00,Wed 17 Nov 2021,1517,1088,0,3635753,3567582,239928,3875681,3807510,82.3053205340432,80.8576172772153,209
-7.6926,53.28823,2021/11/18 00:00:00+00,Thu 18 Nov 2021,1662,2474,5,3637415,3570056,239933,3877348,3809989,82.3407215304953,80.9102621903554,210
-7.6926,53.28823,2021/11/19 00:00:00+00,Fri 19 Nov 2021,1175,1525,0,3638590,3571581,239933,3878523,3811514,82.3656742424516,80.9426476250221,211
-7.6926,53.28823,2021/11/20 00:00:00+00,Sat 20 Nov 2021,1540,2922,12,3640130,3574503,239945,3880075,3814448,82.3986330585845,81.0049550776858,212
-7.6926,53.28823,2021/11/21 00:00:00+00,Sun 21 Nov 2021,1786,2752,0,3641916,3577255,239945,3881861,3817200,82.4365611807581,81.06339751454,213
-7.6926,53.28823,2021/11/22 00:00:00+00,Mon 22 Nov 2021,707,490,2,3642623,3577745,239947,3882570,3817692,82.4516177533343,81.0738457990357,214
-7.6926,53.28823,2021/11/23 00:00:00+00,Tue 23 Nov 2021,2166,1557,6,3644789,3579302,239953,3884742,3819255,82.4977431068399,81.1070382150253,215
-7.6926,53.28823,2021/11/24 00:00:00+00,Wed 24 Nov 2021,1627,3117,2,3646416,3582419,239955,3886371,3822374,82.5323371219691,81.1732743925501,216
-7.6926,53.28823,2021/11/25 00:00:00+00,Thu 25 Nov 2021,996,1161,1,3647412,3583580,239956,3887368,3823536,82.5535097635184,81.1979510319486,217
-7.6926,53.28823,2021/11/26 00:00:00+00,Fri 26 Nov 2021,1290,1077,12,3648702,3584657,239968,3888670,3824625,82.581159492001,81.2210774177532,218
-7.6926,53.28823,2021/11/27 00:00:00+00,Sat 27 Nov 2021,1222,1551,5,3649924,3586208,239973,3889897,3826181,82.6072164941886,81.2541211792885,219
-7.6926,53.28823,2021/11/28 00:00:00+00,Sun 28 Nov 2021,1967,2251,0,3651891,3588459,239973,3891864,3828432,82.648988395821,81.3019242044916,220
-7.6926,53.28823,2021/11/29 00:00:00+00,Mon 29 Nov 2021,545,977,1,3652436,3589436,239974,3892410,3829410,82.6605834432492,81.3226933553795,221
-7.6926,53.28823,2021/11/30 00:00:00+00,Tue 30 Nov 2021,1923,1620,6,3654359,3591056,239980,3894339,3831036,82.7015483635587,81.3572236614569,222
-7.6926,53.28823,2021/12/01 00:00:00+00,Wed 01 Dec 2021,1082,1352,1,3655441,3592408,239981,3895422,3832389,82.7245473312597,81.3859564438202,223
-7.6926,53.28823,2021/12/02 00:00:00+00,Thu 02 Dec 2021,1774,1398,0,3657215,3593806,239981,3897196,3833787,82.762220617226,81.4156448619605,224
-7.6926,53.28823,2021/12/03 00:00:00+00,Fri 03 Dec 2021,1043,1164,3,3658258,3594970,239984,3898242,3834954,82.7844338399548,81.440427683112,225
-7.6926,53.28823,2021/12/04 00:00:00+00,Sat 04 Dec 2021,1200,1695,0,3659458,3596665,239984,3899442,3836649,82.8099174606761,81.4764232973809,226
-7.6926,53.28823,2021/12/05 00:00:00+00,Sun 05 Dec 2021,1348,1770,0,3660806,3598435,239984,3900790,3838419,82.8385440612864,81.5140116379449,227
-7.6926,53.28823,2021/12/06 00:00:00+00,Mon 06 Dec 2021,934,1278,0,3661740,3599713,239984,3901724,3839697,82.8583788127478,81.5411516940131,228
-7.6926,53.28823,2021/12/07 00:00:00+00,Tue 07 Dec 2021,485,729,1,3662225,3600442,239985,3902210,3840427,82.86869967914,81.5566542299519,229
-7.6926,53.28823,2021/12/08 00:00:00+00,Wed 08 Dec 2021,812,1490,0,3663037,3601932,239985,3903022,3841917,82.8859435958281,81.5882963923475,230
-7.6926,53.28823,2021/12/09 00:00:00+00,Thu 09 Dec 2021,798,1190,0,3663835,3603122,239985,3903820,3843107,82.9028902036078,81.6135676495628,231
-7.6926,53.28823,2021/12/10 00:00:00+00,Fri 10 Dec 2021,893,1590,1,3664728,3604712,239986,3904714,3844698,82.9218755010452,81.6473546833692,232
-7.6926,53.28823,2021/04/22 23:00:00+00,Fri 23 Apr 2021,33618,12363,1,1013230,423379,219,1013449,423598,21.5219582803398,8.9956756419271,233
-7.6926,53.28823,2021/04/23 23:00:00+00,Sat 24 Apr 2021,23694,6980,2,1036924,430359,221,1037145,430580,22.0251748441836,9.14394784182402,234
-7.6926,53.28823,2021/04/24 23:00:00+00,Sun 25 Apr 2021,9738,297,2,1046662,430656,223,1046885,430879,22.2320168990384,9.15029751065375,235
-7.6926,53.28823,2021/04/25 23:00:00+00,Mon 26 Apr 2021,15557,3041,3,1062219,433697,226,1062445,433923,22.5624545143916,9.21494096188351,236
-7.6926,53.28823,2021/12/11 00:00:00+00,Sat 11 Dec 2021,636,835,0,3665364,3605547,239986,3905350,3845533,82.9353818200275,81.6650870361211,237
-7.6926,53.28823,2021/04/26 23:00:00+00,Tue 27 Apr 2021,25903,7801,9,1088122,441498,235,1088357,441733,23.1127308311674,9.38079686007815,238
-7.6926,53.28823,2021/04/27 23:00:00+00,Wed 28 Apr 2021,26017,8590,5,1114139,450088,240,1114379,450328,23.6653431465094,9.56332329349465,239
-7.6926,53.28823,2021/04/28 23:00:00+00,Thu 29 Apr 2021,31675,11335,5,1145814,461423,245,1146059,461668,24.3381107335524,9.80414350931119,240
-7.6926,53.28823,2021/04/29 23:00:00+00,Fri 30 Apr 2021,36110,13514,8,1181924,474937,253,1182177,475190,25.1051252445631,10.0913014421393,241
-7.6926,53.28823,2021/04/30 23:00:00+00,Sat 01 May 2021,16545,6682,18,1198469,481619,271,1198740,481890,25.4568629195692,10.2335849911667,242
-7.6926,53.28823,2021/05/01 23:00:00+00,Sun 02 May 2021,12426,907,14,1210895,482526,285,1211180,482811,25.721043121047,10.2531436700704,243
-7.6926,53.28823,2021/05/02 23:00:00+00,Mon 03 May 2021,14241,913,19,1225136,483439,304,1225440,483743,26.0238734806188,10.2729359488306,244
-7.6926,53.28823,2021/05/03 23:00:00+00,Tue 04 May 2021,26630,6776,9,1251766,490215,313,1252079,490528,26.5895886242816,10.4170245876591,245
-7.6926,53.28823,2021/05/04 23:00:00+00,Wed 05 May 2021,32079,13448,69,1283845,503663,382,1284227,504045,27.2722948234059,10.7040763387342,246
-7.6926,53.28823,2021/05/05 23:00:00+00,Thu 06 May 2021,37255,14369,132,1321100,518032,514,1321614,518546,28.0662582633295,11.0120246588009,247
-7.6926,53.28823,2021/05/06 23:00:00+00,Fri 07 May 2021,40577,15066,96,1361677,533098,610,1362287,533708,28.9300043513282,11.3340102066148,248
-7.6926,53.28823,2021/05/07 23:00:00+00,Sat 08 May 2021,25594,7033,10,1387271,540131,620,1387891,540751,29.4737398721189,11.4835778238984,249
-7.6926,53.28823,2021/05/08 23:00:00+00,Sun 09 May 2021,19651,919,4,1406922,541050,624,1407546,541674,29.8911403431837,11.5031789755032,250
-7.6926,53.28823,2021/05/09 23:00:00+00,Mon 10 May 2021,28806,4630,171,1435728,545680,795,1436523,546475,30.5065060745519,11.6051346947391,251
-7.6926,53.28823,2021/05/10 23:00:00+00,Tue 11 May 2021,33906,14807,150,1469634,560487,945,1470579,561432,31.2297312306232,11.9227667906799,252
-7.6926,53.28823,2021/05/11 23:00:00+00,Wed 12 May 2021,31268,20927,168,1500902,581414,1113,1502015,582527,31.8973171481195,12.3707476066102,253
-7.6926,53.28823,2021/05/12 23:00:00+00,Thu 13 May 2021,35974,25480,150,1536876,606894,1263,1538139,608157,32.6644590772339,12.9150352725165,254
-7.6926,53.28823,2021/05/13 23:00:00+00,Fri 14 May 2021,38197,27957,235,1575073,634851,1498,1576571,636349,33.4806145035355,13.5137304686629,255
-7.6926,53.28823,2021/05/14 23:00:00+00,Sat 15 May 2021,28830,12437,20,1603903,647288,1518,1605421,648806,34.0932832183774,13.7782716881009,256
-7.6926,53.28823,2021/05/15 23:00:00+00,Sun 16 May 2021,23154,1163,9,1627057,648451,1527,1628584,649978,34.5851808073508,13.8031606910054,257
-7.6926,53.28823,2021/05/16 23:00:00+00,Mon 17 May 2021,35371,3934,112,1662428,652385,1639,1664067,654024,35.3387102357299,13.8890829655374,258
-7.6926,53.28823,2021/05/17 23:00:00+00,Tue 18 May 2021,39024,12478,123,1701452,664863,1762,1703214,666625,36.1700496527113,14.156682219462,259
-7.6926,53.28823,2021/05/18 23:00:00+00,Wed 19 May 2021,36997,17589,203,1738449,682452,1965,1740414,684417,36.9600418950725,14.5345193693568,260
-7.6926,53.28823,2021/05/19 23:00:00+00,Thu 20 May 2021,39060,19661,133,1777509,702113,2098,1779607,704211,37.7923581841816,14.9548716931551,261
-7.6926,53.28823,2021/05/20 23:00:00+00,Fri 21 May 2021,25802,23242,14931,1803311,725355,17029,1820340,742384,38.6573784532164,15.7655269046511,262
-7.6926,53.28823,2021/05/21 23:00:00+00,Sat 22 May 2021,16562,10247,13523,1819873,735602,30552,1850425,766154,39.2962740610507,16.2703149584394,263
-7.6926,53.28823,2021/05/22 23:00:00+00,Sun 23 May 2021,8198,5515,10204,1828071,741117,40756,1868827,781873,39.6870653848122,16.6041291535382,264
-7.6926,53.28823,2021/05/23 23:00:00+00,Mon 24 May 2021,22513,8204,8447,1850584,749321,49203,1899787,798524,40.3445427994225,16.9577356273972,265
-7.6926,53.28823,2021/05/24 23:00:00+00,Tue 25 May 2021,30287,16506,3220,1880871,765827,52423,1933294,818250,41.0561091990137,17.3766438793546,266
-7.6926,53.28823,2021/05/25 23:00:00+00,Wed 26 May 2021,19938,25428,3048,1900809,791255,55471,1956280,846726,41.5442479539307,17.9813701990717,267
-7.6926,53.28823,2021/05/26 23:00:00+00,Thu 27 May 2021,16969,36007,551,1917778,827262,56022,1973800,883284,41.9163088164621,18.7577287043469,268
-7.6926,53.28823,2021/05/27 23:00:00+00,Fri 28 May 2021,26991,31811,1557,1944769,859073,57579,2002348,916652,42.5225641534224,19.4663432512046,269
-7.6926,53.28823,2021/05/28 23:00:00+00,Sat 29 May 2021,24435,7380,533,1969204,866453,58112,2027316,924565,43.0527933552308,19.6343864935111,270
-7.6926,53.28823,2021/05/29 23:00:00+00,Sun 30 May 2021,24210,1664,208,1993414,868117,58320,2051734,926437,43.5713425642086,19.6741409418364,271
-7.6926,53.28823,2021/05/30 23:00:00+00,Mon 31 May 2021,22541,7311,3437,2015955,875428,61757,2077712,937185,44.1230204801242,19.9023892380971,272
-7.6926,53.28823,2021/05/31 23:00:00+00,Tue 01 Jun 2021,27479,11496,3646,2043434,886924,65403,2108837,952327,44.7840018925836,20.223950058899,273
-7.6926,53.28823,2021/06/01 23:00:00+00,Wed 02 Jun 2021,18641,20877,4000,2062075,907801,69403,2131478,977204,45.2648141065432,20.7522467528027,274
-7.6926,53.28823,2021/06/02 23:00:00+00,Thu 03 Jun 2021,16640,30700,1971,2078715,938501,71374,2150089,1009875,45.6600438275804,21.4460595632914,275
-7.6926,53.28823,2021/06/03 23:00:00+00,Fri 04 Jun 2021,28971,23338,150,2107686,961839,71524,2179210,1033363,46.2784675934352,21.9448589662102,276
-7.6926,53.28823,2021/06/04 23:00:00+00,Sat 05 Jun 2021,20913,11476,33,2128599,973315,71557,2200156,1044872,46.7232841931259,22.1892681252783,277
-7.6926,53.28823,2021/06/05 23:00:00+00,Sun 06 Jun 2021,19900,3890,39,2148499,977205,71596,2220095,1048801,47.1467157877614,22.2727057467901,278
-7.6926,53.28823,2021/06/06 23:00:00+00,Mon 07 Jun 2021,19766,4562,38,2168265,981767,71634,2239899,1053401,47.5672804750657,22.3703929595552,279
-7.6926,53.28823,2021/06/07 23:00:00+00,Tue 08 Jun 2021,26358,18326,40,2194623,1000093,71674,2266297,1071767,48.1278776582336,22.7604197746951,280
-7.6926,53.28823,2021/06/08 23:00:00+00,Wed 09 Jun 2021,32738,20085,169,2227361,1020178,71843,2299204,1092021,48.8267022474642,23.1905408197699,281
-7.6926,53.28823,2021/06/09 23:00:00+00,Thu 10 Jun 2021,27629,27469,268,2254990,1047647,72111,2327101,1119758,49.4191327201833,23.7795734763927,282
-7.6926,53.28823,2021/06/10 23:00:00+00,Fri 11 Jun 2021,26388,32875,36,2281378,1080522,72147,2353525,1152669,49.9802820484669,24.4784830110257,283
-7.6926,53.28823,2021/06/11 23:00:00+00,Sat 12 Jun 2021,12175,19702,102,2293553,1100224,72249,2365802,1172473,50.2410007247966,24.89904769833,284
-7.6926,53.28823,2021/06/12 23:00:00+00,Sun 13 Jun 2021,8523,18156,829,2302076,1118380,73078,2375154,1191458,50.4396030756182,25.302219814492,285
-7.6926,53.28823,2021/06/13 23:00:00+00,Mon 14 Jun 2021,15980,31279,45,2318056,1149659,73123,2391179,1222782,50.7799155940009,25.967427260721,286
-7.6926,53.28823,2021/06/14 23:00:00+00,Tue 15 Jun 2021,14659,41547,201,2332715,1191206,73324,2406039,1264530,51.0954877639333,26.854002425616,287
-7.6926,53.28823,2021/06/15 23:00:00+00,Wed 16 Jun 2021,13407,48365,211,2346122,1239571,73535,2419657,1313106,51.3846843864192,27.8855793924153,288
-7.6926,53.28823,2021/06/16 23:00:00+00,Thu 17 Jun 2021,21534,42651,534,2367656,1282222,74069,2441725,1356291,51.8533281714844,28.802671193124,289
-7.6926,53.28823,2021/06/17 23:00:00+00,Fri 18 Jun 2021,11984,50019,547,2379640,1332241,74616,2454256,1406857,52.1194408808668,29.8765084976195,290
-7.6926,53.28823,2021/06/18 23:00:00+00,Sat 19 Jun 2021,6276,32773,430,2385916,1365014,75046,2460962,1440060,52.2618518479978,30.581619046628,291
-7.6926,53.28823,2021/06/19 23:00:00+00,Sun 20 Jun 2021,8483,26123,172,2394399,1391137,75218,2469617,1466355,52.4456524624504,31.1400288856841,292
-7.6926,53.28823,2021/06/20 23:00:00+00,Mon 21 Jun 2021,15431,32302,564,2409830,1423439,75782,2485612,1499221,52.7853278903151,31.83798278454,293
-7.6926,53.28823,2021/06/21 23:00:00+00,Tue 22 Jun 2021,15094,43504,716,2424924,1466943,76498,2501422,1543441,53.1210745933186,32.7770542081209,294
-7.6926,53.28823,2021/06/22 23:00:00+00,Wed 23 Jun 2021,20042,39354,877,2444966,1506297,77375,2522341,1583672,53.5653178115431,33.631413829154,295
-7.6926,53.28823,2021/06/23 23:00:00+00,Thu 24 Jun 2021,18979,44228,1030,2463945,1550525,78405,2542350,1628930,53.9902359507206,34.5925285846588,296
-7.6926,53.28823,2021/06/24 23:00:00+00,Fri 25 Jun 2021,15166,50101,831,2479111,1600626,79236,2558347,1679862,54.3299538512865,35.6741383934743,297
-7.6926,53.28823,2021/06/25 23:00:00+00,Sat 26 Jun 2021,9009,30525,495,2488120,1631151,79731,2567851,1710882,54.5317841273994,36.3328899891206,298
-7.6926,53.28823,2021/06/26 23:00:00+00,Sun 27 Jun 2021,8696,30447,52,2496816,1661598,79783,2576599,1741381,54.7175597224579,36.9805774461037,299
-7.6926,53.28823,2021/06/27 23:00:00+00,Mon 28 Jun 2021,24182,24609,514,2520998,1686207,80297,2601295,1766504,55.2420126369028,37.5140982822553,300
-7.6926,53.28823,2021/06/28 23:00:00+00,Tue 29 Jun 2021,28111,30976,804,2549109,1717183,81101,2630210,1798284,55.8560617145338,38.1889895043584,301
-7.6926,53.28823,2021/06/29 23:00:00+00,Wed 30 Jun 2021,22512,36826,573,2571621,1754009,81674,2653295,1835683,56.3463028681603,38.9832077804892,302
-7.6926,53.28823,2021/06/30 23:00:00+00,Thu 01 Jul 2021,14928,48284,630,2586549,1802293,82304,2668853,1884597,56.6766980108123,40.0219626337917,303
-7.6926,53.28823,2021/07/01 23:00:00+00,Fri 02 Jul 2021,13609,47215,811,2600158,1849508,83115,2683273,1932623,56.9829261864802,41.0418596077604,304
-7.6926,53.28823,2021/07/02 23:00:00+00,Sat 03 Jul 2021,9273,30442,499,2609431,1879950,83614,2693045,1963564,57.1904478045542,41.6989335317092,305
-7.6926,53.28823,2021/07/03 23:00:00+00,Sun 04 Jul 2021,6408,27757,228,2615839,1907707,83842,2699681,1991549,57.3313722271431,42.2932328032811,306
-7.6926,53.28823,2021/07/04 23:00:00+00,Mon 05 Jul 2021,15535,33389,5330,2631374,1941096,89172,2720546,2030268,57.7744686824352,43.1154830622053,307
-7.6926,53.28823,2021/07/05 23:00:00+00,Tue 06 Jul 2021,12348,48253,5477,2643722,1989349,94649,2738371,2083998,58.1530066318999,44.2565121800027,308
-7.6926,53.28823,2021/07/06 23:00:00+00,Wed 07 Jul 2021,19640,43713,5047,2663362,2033062,99696,2763058,2132758,58.6772684191894,45.2919966353126,309
-7.6926,53.28823,2021/07/07 23:00:00+00,Thu 08 Jul 2021,17711,45550,5985,2681073,2078612,105681,2786754,2184293,59.1804849830332,46.3864119635406,310
-7.6926,53.28823,2021/07/08 23:00:00+00,Fri 09 Jul 2021,13473,45062,6521,2694546,2123674,112202,2806748,2235876,59.6050845769517,47.4818466365974,311
-7.6926,53.28823,2021/07/09 23:00:00+00,Sat 10 Jul 2021,8588,23834,4356,2703134,2147508,116558,2819692,2264066,59.8799678991324,48.0804993600426,312
-7.6926,53.28823,2021/07/10 23:00:00+00,Sun 11 Jul 2021,15203,16085,2148,2718337,2163593,118706,2837043,2282299,60.2484398184122,48.4677017405525,313
-7.6926,53.28823,2021/07/11 23:00:00+00,Mon 12 Jul 2021,17065,31697,6081,2735402,2195290,124787,2860189,2320077,60.7399763894254,49.2699685935611,314
-7.6926,53.28823,2021/07/12 23:00:00+00,Tue 13 Jul 2021,20052,36514,8479,2755454,2231804,133266,2888720,2365070,61.3458707084255,50.2254557161566,315
-7.6926,53.28823,2021/07/13 23:00:00+00,Wed 14 Jul 2021,20746,35645,9322,2776200,2267449,142588,2918788,2410037,61.9844052982996,51.1803906936365,316
-7.6926,53.28823,2021/07/14 23:00:00+00,Thu 15 Jul 2021,23572,28784,9565,2799772,2296233,152153,2951925,2448386,62.6881142481684,51.9947835028383,317
-7.6926,53.28823,2021/07/15 23:00:00+00,Fri 16 Jul 2021,23499,27355,9157,2823271,2323588,161310,2984581,2484898,63.3816085133981,52.7701651359859,318
-7.6926,53.28823,2021/07/16 23:00:00+00,Sat 17 Jul 2021,11462,19388,4671,2834733,2342976,165981,3000714,2508957,63.7242145576458,53.2810904950979,319
-7.6926,53.28823,2021/07/17 23:00:00+00,Sun 18 Jul 2021,16825,15772,1922,2851558,2358748,167903,3019461,2526651,64.1223324223647,53.6568464826339,320
-7.6926,53.28823,2021/07/18 23:00:00+00,Mon 19 Jul 2021,24830,18357,6236,2876388,2377105,174139,3050527,2551244,64.7820608901386,54.1791120529669,321
-7.6926,53.28823,2021/07/19 23:00:00+00,Tue 20 Jul 2021,30521,18107,7689,2906909,2395212,181828,3088737,2577040,65.5935018466069,54.726924953073,322
-7.6926,53.28823,2021/07/20 23:00:00+00,Wed 21 Jul 2021,30303,19780,6881,2937212,2414992,188709,3125921,2603701,66.3831543073584,55.2931072964491,323
-7.6926,53.28823,2021/07/21 23:00:00+00,Thu 22 Jul 2021,33487,15872,6925,2970699,2430864,195634,3166333,2626498,67.2413577078502,55.7772323811025,324
-7.6926,53.28823,2021/07/22 23:00:00+00,Fri 23 Jul 2021,27043,20762,5602,2997742,2451626,201236,3198978,2652862,67.9346183732233,56.33710752835,325
-7.6926,53.28823,2021/07/23 23:00:00+00,Sat 24 Jul 2021,15399,14760,2263,3013141,2466386,203499,3216640,2669885,68.3096947975401,56.6986139246326,326
-7.6926,53.28823,2021/07/24 23:00:00+00,Sun 25 Jul 2021,14684,13605,1034,3027825,2479991,204533,3232358,2684524,68.6434877562883,57.0094928610822,327
-7.6926,53.28823,2021/07/25 23:00:00+00,Mon 26 Jul 2021,23782,18220,3409,3051607,2498211,207942,3259549,2706153,69.2209253654829,57.4688138882335,328
-7.6926,53.28823,2021/07/26 23:00:00+00,Tue 27 Jul 2021,25440,23814,3659,3077047,2522025,211601,3288648,2733626,69.8388819316245,58.0522401482977,329
-7.6926,53.28823,2021/07/27 23:00:00+00,Wed 28 Jul 2021,23387,25213,3250,3100434,2547238,214851,3315285,2762089,70.4045546025861,58.6566903954569,330
-7.6926,53.28823,2021/07/28 23:00:00+00,Thu 29 Jul 2021,19217,27801,2952,3119651,2575039,217803,3337454,2792842,70.875343259062,59.3097718854927,331
-7.6926,53.28823,2021/07/29 23:00:00+00,Fri 30 Jul 2021,21897,22868,2111,3141548,2597907,219914,3361462,2817821,71.3851855642934,59.8402346871578,332
-7.6926,53.28823,2021/07/30 23:00:00+00,Sat 31 Jul 2021,13704,12418,901,3155252,2610325,220815,3376067,2831140,71.6953424648225,60.1230816408139,333
-7.6926,53.28823,2021/07/31 23:00:00+00,Sun 01 Aug 2021,11066,9272,367,3166318,2619597,221182,3387500,2840779,71.938137661245,60.3277788242579,334
-7.6926,53.28823,2021/08/01 23:00:00+00,Mon 02 Aug 2021,14973,15937,421,3181291,2635534,221603,3402894,2857137,72.2650500423984,60.6751630473908,335
-7.6926,53.28823,2021/08/02 23:00:00+00,Tue 03 Aug 2021,17297,25371,1103,3198588,2660905,222706,3421294,2883611,72.6557988934587,61.2373741932045,336
-7.6926,53.28823,2021/08/03 23:00:00+00,Wed 04 Aug 2021,22062,17221,1571,3220650,2678126,224277,3444927,2902403,73.1576775672146,61.6364476937005,337
-7.6926,53.28823,2021/08/04 23:00:00+00,Thu 05 Aug 2021,13486,29964,1418,3234136,2708090,225695,3459831,2933785,73.4741841365735,62.3028868482644,338
-7.6926,53.28823,2021/08/05 23:00:00+00,Fri 06 Aug 2021,12157,24687,945,3246293,2732777,226640,3472933,2959417,73.7524228021492,62.8472169868719,339
-7.6926,53.28823,2021/08/06 23:00:00+00,Sat 07 Aug 2021,6310,8403,578,3252603,2741180,227218,3479821,2968398,73.8986987850896,63.0379406516204,340
-7.6926,53.28823,2021/08/07 23:00:00+00,Sun 08 Aug 2021,8599,11932,153,3261202,2753112,227371,3488573,2980483,74.0845593255505,63.2945819486348,341
-7.6926,53.28823,2021/08/08 23:00:00+00,Mon 09 Aug 2021,5507,22964,597,3266709,2776076,227968,3494677,3004044,74.2141860096196,63.7949316051474,342
-7.6926,53.28823,2021/08/09 23:00:00+00,Tue 10 Aug 2021,9305,25925,708,3276014,2802001,228676,3504690,3030677,74.4268255881885,64.3605193307067,343
-7.6926,53.28823,2021/08/10 23:00:00+00,Wed 11 Aug 2021,6978,31174,655,3282992,2833175,229331,3512323,3062506,74.5889226523267,65.0364511339893,344
-7.6926,53.28823,2021/08/11 23:00:00+00,Thu 12 Aug 2021,6731,38224,856,3289723,2871399,230187,3519910,3101586,74.7500428443373,65.8663677154805,345
-7.6926,53.28823,2021/08/12 23:00:00+00,Fri 13 Aug 2021,10879,28179,862,3300602,2899578,231049,3531651,3130627,74.9993788367449,66.4830925732872,346
-7.6926,53.28823,2021/08/13 23:00:00+00,Sat 14 Aug 2021,18099,5805,277,3318701,2905383,231326,3550027,3136709,75.3896180153908,66.6122520576431,347
-7.6926,53.28823,2021/08/14 23:00:00+00,Sun 15 Aug 2021,16984,3694,47,3335685,2909077,231373,3567058,3140450,75.7512943024783,66.6916972452418,348
-7.6926,53.28823,2021/08/15 23:00:00+00,Mon 16 Aug 2021,10159,23079,379,3345844,2932156,231752,3577596,3163908,75.9750829651127,67.1898595576426,349
-7.6926,53.28823,2021/12/12 00:00:00+00,Sun 12 Dec 2021,691,1188,0,3666055,3606735,239986,3906041,3846721,82.9500561382928,81.6903158206352,350
-7.6926,53.28823,2021/12/13 00:00:00+00,Mon 13 Dec 2021,721,1045,0,3666776,3607780,239986,3906762,3847766,82.9653675470762,81.7125078070134,351
-7.6926,53.28823,2021/12/14 00:00:00+00,Tue 14 Dec 2021,627,1183,1,3667403,3608963,239987,3907390,3848950,82.9787039752537,81.7376516461251,352
-7.6926,53.28823,2021/12/15 00:00:00+00,Wed 15 Dec 2021,797,1227,1,3668200,3610190,239988,3908188,3850178,82.9956505830334,81.7637298846633,353
-7.6926,53.28823,2021/12/16 00:00:00+00,Thu 16 Dec 2021,1065,1516,7,3669265,3611706,239995,3909260,3851701,83.0184159508778,81.7960728466287,354
-7.6926,53.28823,2021/12/17 00:00:00+00,Fri 17 Dec 2021,1213,2432,1,3670478,3614138,239996,3910474,3854134,83.0441968805075,81.8477408876412,355
-7.6926,53.28823,2021/12/18 00:00:00+00,Sat 18 Dec 2021,1264,1170,0,3671742,3615308,239996,3911738,3855304,83.0710396276673,81.8725874178445,356
-7.6926,53.28823,2021/12/19 00:00:00+00,Sun 19 Dec 2021,560,877,0,3672302,3616185,239996,3912298,3856181,83.0829319840039,81.8912116973217,357
-7.6926,53.28823,2021/12/20 00:00:00+00,Mon 20 Dec 2021,542,588,0,3672844,3616773,239996,3912840,3856769,83.0944420860297,81.9036986714751,358
-7.6926,53.28823,2021/12/21 00:00:00+00,Tue 21 Dec 2021,1463,1781,3,3674307,3618554,239999,3914306,3858553,83.1255745760109,81.9415843209475,359
-7.6926,53.28823,2021/12/22 00:00:00+00,Wed 22 Dec 2021,1234,1551,2,3675541,3620105,240001,3915542,3860106,83.1518227053539,81.974564373431,360
-7.6926,53.28823,2021/12/23 00:00:00+00,Thu 23 Dec 2021,966,1342,0,3676507,3621447,240001,3916508,3861448,83.1723370200346,82.0030635559377,361
-7.6926,53.28823,2021/12/24 00:00:00+00,Fri 24 Dec 2021,104,138,0,3676611,3621585,240001,3916612,3861586,83.1745456004971,82.0059941723207,362
-7.6926,53.28823,2021/12/25 00:00:00+00,Sat 25 Dec 2021,2,0,0,3676613,3621585,240001,3916614,3861586,83.1745880731983,82.0059941723207,363
-7.6926,53.28823,2021/12/26 00:00:00+00,Sun 26 Dec 2021,10,7,0,3676623,3621592,240001,3916624,3861593,83.1748004367043,82.0061428267749,364
-7.6926,53.28823,2021/12/27 00:00:00+00,Mon 27 Dec 2021,388,581,0,3677011,3622173,240001,3917012,3862174,83.1830401407375,82.0184811464741,365
-7.6926,53.28823,2021/12/28 00:00:00+00,Tue 28 Dec 2021,464,737,0,3677475,3622910,240001,3917476,3862911,83.1928938074165,82.0341323368671,366
-7.6926,53.28823,2021/12/29 00:00:00+00,Wed 29 Dec 2021,1080,1283,0,3678555,3624193,240001,3918556,3864194,83.2158290660657,82.0613785746883,367
-7.6926,53.28823,2021/12/30 00:00:00+00,Thu 30 Dec 2021,1072,1171,1,3679627,3625364,240002,3919629,3865366,83.2386156702606,82.0862675775928,368
-7.6926,53.28823,2021/12/31 00:00:00+00,Fri 31 Dec 2021,721,1669,0,3680348,3627033,240002,3920350,3867035,83.253927079044,82.1217110467461,369
-7.6926,53.28823,2022/01/01 00:00:00+00,Sat 01 Jan 2022,67,95,0,3680415,3627128,240002,3920417,3867130,83.2553499145343,82.1237285000532,370
-7.6926,53.28823,2022/01/02 00:00:00+00,Sun 02 Jan 2022,270,622,0,3680685,3627750,240002,3920687,3867752,83.2610837291966,82.1369375101271,371
-7.6926,53.28823,2022/01/03 00:00:00+00,Mon 03 Jan 2022,3631,715,0,3684316,3628465,240002,3924318,3868467,83.3381929182292,82.1521215008069,372
-7.6926,53.28823,2022/01/04 00:00:00+00,Tue 04 Jan 2022,1192,761,0,3685508,3629226,240002,3925510,3869228,83.3635066481457,82.1682823636143,373
-7.6926,53.28823,2022/01/05 00:00:00+00,Wed 05 Jan 2022,2141,882,0,3687649,3630108,240002,3927651,3870110,83.4089736747827,82.1870128248445,374
-7.6926,53.28823,2022/01/06 00:00:00+00,Thu 06 Jan 2022,2467,1663,0,3690116,3631771,240002,3930118,3871773,83.4613637517156,82.2223288758941,375
-7.6926,53.28823,2022/01/07 00:00:00+00,Fri 07 Jan 2022,4860,763,0,3694976,3632534,240002,3934978,3872536,83.564572415637,82.2385322114028,376
-7.6926,53.28823,2022/01/08 00:00:00+00,Sat 08 Jan 2022,9792,731,1,3704768,3633265,240003,3944771,3873268,83.7725399970736,82.2540772200428,377
-7.6926,53.28823,2022/01/09 00:00:00+00,Sun 09 Jan 2022,7115,664,0,3711883,3633929,240003,3951886,3873932,83.9236366316005,82.2681781568419,378
-7.6926,53.28823,2022/01/10 00:00:00+00,Mon 10 Jan 2022,6657,488,0,3718540,3634417,240003,3958543,3874420,84.065007017552,82.2785414959353,379
-7.6926,53.28823,2022/01/11 00:00:00+00,Tue 11 Jan 2022,4773,1339,1,3723313,3635756,240004,3963317,3875760,84.1663893553217,82.3069982057407,380
-7.6926,53.28823,2022/01/12 00:00:00+00,Wed 12 Jan 2022,7560,885,1,3730873,3636641,240005,3970878,3876646,84.3269574022167,82.3258136123733,381
-7.6926,53.28823,2022/01/13 00:00:00+00,Thu 13 Jan 2022,7322,790,0,3738195,3637431,240005,3978200,3877436,84.482449961318,82.3425903293482,382
-7.6926,53.28823,2022/01/14 00:00:00+00,Fri 14 Jan 2022,10732,818,0,3748927,3638249,240005,3988932,3878254,84.710358475969,82.3599616641399,383
-7.6926,53.28823,2022/01/15 00:00:00+00,Sat 15 Jan 2022,8354,636,0,3757281,3638885,240005,3997286,3878890,84.8877669488907,82.3734679831222,384
-7.6926,53.28823,2022/01/16 00:00:00+00,Sun 16 Jan 2022,6966,1211,1,3764247,3640096,240006,4004253,3880102,85.0357206035286,82.3992064400507,385
-7.6926,53.28823,2022/01/17 00:00:00+00,Mon 17 Jan 2022,2567,545,0,3766814,3640641,240006,4006820,3880647,85.0902343155216,82.4107802511283,386
-7.6926,53.28823,2022/01/18 00:00:00+00,Tue 18 Jan 2022,4063,426,3,3770877,3641067,240009,4010886,3881076,85.1765813170657,82.4198906455362,387
-7.6926,53.28823,2022/01/19 00:00:00+00,Wed 19 Jan 2022,3483,613,0,3774360,3641680,240009,4014369,3881689,85.2505475262094,82.4329085284547,388
-7.6926,53.28823,2022/01/20 00:00:00+00,Thu 20 Jan 2022,3695,921,1,3778055,3642601,240010,4018065,3882611,85.329037078031,82.4524884437089,389
-7.6926,53.28823,2022/01/21 00:00:00+00,Fri 21 Jan 2022,3252,964,0,3781307,3643565,240010,4021317,3883575,85.3980976901859,82.4729602856884,390
-7.6926,53.28823,2022/01/22 00:00:00+00,Sat 22 Jan 2022,4271,637,0,3785578,3644202,240010,4025588,3884212,85.4887981436032,82.4864878410213,391
-7.6926,53.28823,2022/01/23 00:00:00+00,Sun 23 Jan 2022,3092,677,0,3788670,3644879,240010,4028680,3884889,85.5544609396618,82.5008648503782,392
-7.6926,53.28823,2022/01/24 00:00:00+00,Mon 24 Jan 2022,645,458,0,3789315,3645337,240010,4029325,3885347,85.5681583857995,82.5105910989535,393
-7.6926,53.28823,2022/01/25 00:00:00+00,Tue 25 Jan 2022,697,1829,0,3790012,3647166,240010,4030022,3887176,85.5829601221685,82.549432384203,394
-7.6926,53.28823,2022/01/26 00:00:00+00,Wed 26 Jan 2022,701,883,0,3790713,3648049,240010,4030723,3888059,85.5978468039398,82.5681840817837,395
-7.6926,53.28823,2022/01/27 00:00:00+00,Thu 27 Jan 2022,1275,1161,0,3791988,3649210,240010,4031998,3889220,85.6249231509563,82.5928394848316,396
-7.6926,53.28823,2022/01/28 00:00:00+00,Fri 28 Jan 2022,1029,3091,0,3793017,3652301,240010,4033027,3892311,85.6467753557248,82.6584810445396,397
-7.6926,53.28823,2022/01/29 00:00:00+00,Sat 29 Jan 2022,2325,3441,0,3795342,3655742,240010,4035352,3895752,85.6961498708724,82.731555326958,398
-7.6926,53.28823,2022/01/30 00:00:00+00,Sun 30 Jan 2022,1634,7536,0,3796976,3663278,240010,4036986,3903288,85.7308500677546,82.891592465088,399
-7.6926,53.28823,2022/01/31 00:00:00+00,Mon 31 Jan 2022,481,1382,0,3797457,3664660,240010,4037467,3904670,85.7410647523937,82.9209411016187,400
-7.6926,53.28823,2022/02/01 00:00:00+00,Tue 01 Feb 2022,753,3411,1,3798210,3668071,240011,4038221,3908082,85.7570769607469,82.9933995298697,401
-7.6926,53.28823,2022/02/02 00:00:00+00,Wed 02 Feb 2022,643,2989,0,3798853,3671060,240011,4038864,3911071,85.7707319341835,83.0568749818164,402
-7.6926,53.28823,2022/02/03 00:00:00+00,Thu 03 Feb 2022,912,2426,1,3799765,3673486,240012,4039777,3913498,85.7901207222823,83.1084156047253,403
-7.6926,53.28823,2022/02/04 00:00:00+00,Fri 04 Feb 2022,1170,6512,0,3800935,3679998,240012,4040947,3920010,85.8149672524856,83.2467067198397,404
-7.6926,53.28823,2022/02/05 00:00:00+00,Sat 05 Feb 2022,1778,5745,0,3802713,3685743,240012,4042725,3925755,85.8527254838543,83.368709554043,405
-7.6926,53.28823,2022/02/06 00:00:00+00,Sun 06 Feb 2022,1408,7555,0,3804121,3693298,240012,4044133,3933310,85.8826262655007,83.5291501828344,406
-7.6926,53.28823,2022/02/07 00:00:00+00,Mon 07 Feb 2022,438,1348,0,3804559,3694646,240012,4044571,3934658,85.891927787064,83.5577767834447,407
-7.6926,53.28823,2022/02/08 00:00:00+00,Tue 08 Feb 2022,897,1230,0,3805456,3695876,240012,4045468,3935888,85.9109767935531,83.583897494684,408
-7.6926,53.28823,2022/02/09 00:00:00+00,Wed 09 Feb 2022,1331,1779,0,3806787,3697655,240012,4046799,3937667,85.9392423762032,83.6216769624034,409
-7.6926,53.28823,2022/02/10 00:00:00+00,Thu 10 Feb 2022,687,2539,0,3807474,3700194,240012,4047486,3940206,85.9538317490662,83.6755960565796,410
-7.6926,53.28823,2022/02/11 00:00:00+00,Fri 11 Feb 2022,557,4909,0,3808031,3705103,240012,4048043,3945115,85.965660396351,83.7798453016804,411
-7.6926,53.28823,2022/02/12 00:00:00+00,Sat 12 Feb 2022,1395,5460,0,3809426,3710563,240012,4049438,3950575,85.9952851054395,83.8957957759624,412
-7.6926,53.28823,2022/02/13 00:00:00+00,Sun 13 Feb 2022,1567,4706,0,3810993,3715269,240012,4051005,3955281,86.0285624668315,83.9957340418912,413
-7.6926,53.28823,2022/02/14 00:00:00+00,Mon 14 Feb 2022,175,948,1,3811168,3716217,240013,4051181,3956230,86.0323000645373,84.0158873386117,414
-7.6926,53.28823,2022/02/15 00:00:00+00,Tue 15 Feb 2022,648,809,1,3811816,3717026,240014,4051830,3957040,86.0460824560774,84.0330887825986,415
-7.6926,53.28823,2022/02/16 00:00:00+00,Wed 16 Feb 2022,793,1782,0,3812609,3718808,240014,4052623,3958822,86.0629228821041,84.0709319593698,416
-7.6926,53.28823,2022/02/17 00:00:00+00,Thu 17 Feb 2022,790,1185,2,3813399,3719993,240016,4053415,3960009,86.0797420717801,84.0961395075333,417
-7.6926,53.28823,2022/02/18 00:00:00+00,Fri 18 Feb 2022,797,3288,0,3814196,3723281,240016,4054212,3963297,86.0966674432092,84.1659646283097,418
-7.6926,53.28823,2022/02/19 00:00:00+00,Sat 19 Feb 2022,977,3550,0,3815173,3726831,240016,4055189,3966847,86.1174153577465,84.2413536729436,419
-7.6926,53.28823,2022/02/20 00:00:00+00,Sun 20 Feb 2022,1367,3587,0,3816540,3730418,240016,4056556,3970434,86.1464454490182,84.3175284625498,420
-7.6926,53.28823,2022/02/21 00:00:00+00,Mon 21 Feb 2022,252,988,1,3816792,3731406,240017,4056809,3971423,86.1518182457203,84.3385312132943,421
-7.6926,53.28823,2022/02/22 00:00:00+00,Tue 22 Feb 2022,476,970,0,3817268,3732376,240017,4057285,3972393,86.1619267486064,84.3591304733774,422
-7.6926,53.28823,2022/02/23 00:00:00+00,Wed 23 Feb 2022,829,1268,1,3818097,3733644,240018,4058115,3973662,86.1795529196053,84.3860794022902,423
-7.6926,53.28823,2022/02/24 00:00:00+00,Thu 24 Feb 2022,658,1226,0,3818755,3734870,240018,4058773,3974888,86.1935264383009,84.4121151681271,424
-7.6926,53.28823,2022/02/25 00:00:00+00,Fri 25 Feb 2022,691,1218,0,3819446,3736088,240018,4059464,3976106,86.2082007565662,84.4379810431593,425
-7.6926,53.28823,2022/02/26 00:00:00+00,Sat 26 Feb 2022,959,2088,0,3820405,3738176,240018,4060423,3978194,86.2285664167927,84.4823225432144,426
-7.6926,53.28823,2022/02/27 00:00:00+00,Sun 27 Feb 2022,670,1781,0,3821075,3739957,240018,4061093,3979975,86.2427947716954,84.520144483635,427
-7.6926,53.28823,2022/02/28 00:00:00+00,Mon 28 Feb 2022,85,424,0,3821160,3740381,240018,4061178,3980399,86.2445998614965,84.5291486962898,428
-7.6926,53.28823,2022/03/01 00:00:00+00,Tue 01 Mar 2022,122,938,0,3821282,3741319,240018,4061300,3981337,86.2471906962699,84.5490683931537,429
-7.6926,53.28823,2022/03/02 00:00:00+00,Wed 02 Mar 2022,203,990,2,3821485,3742309,240020,4061505,3982329,86.2515441481431,84.5701348529499,430
-7.6926,53.28823,2022/03/03 00:00:00+00,Thu 03 Mar 2022,272,1275,0,3821757,3743584,240020,4061777,3983604,86.2573204355066,84.5972111999664,431
-7.6926,53.28823,2022/03/04 00:00:00+00,Fri 04 Mar 2022,730,1500,2,3822487,3745084,240022,4062509,3985106,86.2728654441466,84.6291081985692,432
-7.6926,53.28823,2022/03/05 00:00:00+00,Sat 05 Mar 2022,962,3339,0,3823449,3748423,240022,4063471,3988445,86.2932948134249,84.7000163732263,433
-7.6926,53.28823,2022/03/06 00:00:00+00,Sun 06 Mar 2022,456,1914,0,3823905,3750337,240022,4063927,3990359,86.302978589299,84.7406627482768,434
-7.6926,53.28823,2022/03/07 00:00:00+00,Mon 07 Mar 2022,112,118,0,3824017,3750455,240022,4064039,3990477,86.3053570605663,84.7431686376478,435
-7.6926,53.28823,2022/03/08 00:00:00+00,Tue 08 Mar 2022,118,491,0,3824135,3750946,240022,4064157,3990968,86.3078629499372,84.7535956857929,436
-7.6926,53.28823,2022/03/09 00:00:00+00,Wed 09 Mar 2022,121,333,0,3824256,3751279,240022,4064278,3991301,86.31043254836,84.7606673905431,437
-7.6926,53.28823,2022/03/10 00:00:00+00,Thu 10 Mar 2022,255,507,0,3824511,3751786,240022,4064533,3991808,86.3158478177632,84.7714342202978,438
-7.6926,53.28823,2022/03/11 00:00:00+00,Fri 11 Mar 2022,495,2174,0,3825006,3753960,240022,4065028,3993982,86.3263598113108,84.8176020465046,439
-7.6926,53.28823,2022/03/12 00:00:00+00,Sat 12 Mar 2022,473,2386,2,3825479,3756346,240024,4065503,3996370,86.3364470778463,84.8683144517401,440
-7.6926,53.28823,2022/03/13 00:00:00+00,Sun 13 Mar 2022,361,1080,0,3825840,3757426,240024,4065864,3997450,86.3441134004133,84.8912497103893,441
-7.6926,53.28823,2022/03/14 00:00:00+00,Mon 14 Mar 2022,107,119,0,3825947,3757545,240024,4065971,3997569,86.3463856899276,84.8937768361108,442
-7.6926,53.28823,2022/03/15 00:00:00+00,Tue 15 Mar 2022,220,754,0,3826167,3758299,240024,4066191,3998323,86.3510576870599,84.909789044464,443
-7.6926,53.28823,2022/03/16 00:00:00+00,Wed 16 Mar 2022,195,785,1,3826362,3759084,240025,4066387,3999109,86.3552200117777,84.9264808160365,444
-7.6926,53.28823,2022/03/18 00:00:00+00,Fri 18 Mar 2022,2,6,0,3826364,3759090,240025,4066389,3999115,86.3552624844789,84.9266082341401,445
-7.6926,53.28823,2022/03/19 00:00:00+00,Sat 19 Mar 2022,741,2777,0,3827105,3761867,240025,4067130,4001892,86.3709986202743,84.9855815797594,446
-7.6926,53.28823,2022/03/20 00:00:00+00,Sun 20 Mar 2022,394,1398,0,3827499,3763265,240025,4067524,4003290,86.3793657424111,85.0152699978997,447
-7.6926,53.28823,2022/03/21 00:00:00+00,Mon 21 Mar 2022,52,108,0,3827551,3763373,240025,4067576,4003398,86.3804700326424,85.0175635237647,448
-7.6926,53.28823,2022/03/22 00:00:00+00,Tue 22 Mar 2022,137,563,0,3827688,3763936,240025,4067713,4003961,86.3833794126747,85.0295195891531,449
-7.6926,53.28823,2022/03/23 00:00:00+00,Wed 23 Mar 2022,97,212,0,3827785,3764148,240025,4067810,4004173,86.3854393386831,85.0340216954805,450
-7.6926,53.28823,2022/03/24 00:00:00+00,Thu 24 Mar 2022,149,231,0,3827934,3764379,240025,4067959,4004404,86.3886035549226,85.0389272924694,451
-7.6926,53.28823,2022/03/25 00:00:00+00,Fri 25 Mar 2022,433,1597,0,3828367,3765976,240025,4068392,4006001,86.3977988947329,85.0728417443793,452
-7.6926,53.28823,2022/03/26 00:00:00+00,Sat 26 Mar 2022,871,1842,0,3829238,3767818,240025,4069263,4007843,86.4162957561065,85.1119591021866,453
-7.6926,53.28823,2022/03/27 00:00:00+00,Sun 27 Mar 2022,380,800,0,3829618,3768618,240025,4069643,4008643,86.4243655693349,85.1289481826674,454
-7.6926,53.28823,2022/03/27 23:00:00+00,Mon 28 Mar 2022,38,38,0,3829656,3768656,240025,4069681,4008681,86.4251725506577,85.1297551639903,455
-7.6926,53.28823,2022/03/28 23:00:00+00,Tue 29 Mar 2022,135,175,3,3829791,3768831,240028,4069819,4008859,86.4281031670407,85.1335352343973,456
-7.6926,53.28823,2022/03/29 23:00:00+00,Wed 30 Mar 2022,108,125,0,3829899,3768956,240028,4069927,4008984,86.4303966929056,85.1361897782224,457
-7.6926,53.28823,2022/03/30 23:00:00+00,Thu 31 Mar 2022,215,314,0,3830114,3769270,240028,4070142,4009298,86.4349625082848,85.1428579923112,458
-7.6926,53.28823,2022/03/31 23:00:00+00,Fri 01 Apr 2022,297,879,0,3830411,3770149,240028,4070439,4010177,86.4412697044134,85.1615247444895,459
-7.6926,53.28823,2022/04/01 23:00:00+00,Sat 02 Apr 2022,720,1528,0,3831131,3771677,240028,4071159,4011705,86.4565598768462,85.193973888208,460
-7.6926,53.28823,2022/04/02 23:00:00+00,Sun 03 Apr 2022,532,816,0,3831663,3772493,240028,4071691,4012521,86.4678576153659,85.2113027502985,461
