X,Y,VaccinationDate,VaccineText,Dose1,Dose2,SingleDose,Dose1Cum,Dose2Cum,SingleDoseCum,PartiallyVacc,FullyVacc,PartialPercent,FullyPercent,ObjectId
-7.6926,53.28823,2022/03/18 00:00:00+00,Fri 18 Mar 2022,1,6,0,3832063,3766430,240755,4072818,4007185,86.4917909824934,85.097985583491,1
-7.6926,53.28823,2021/11/26 00:00:00+00,Fri 26 Nov 2021,1290,1102,12,3654520,3590880,240680,3895200,3831560,82.7198328614262,81.3683515091719,2
-7.6926,53.28823,2022/03/19 00:00:00+00,Sat 19 Mar 2022,743,2779,0,3832806,3769209,240755,4073561,4009964,86.50756959099,85.1570014018115,3
-7.6926,53.28823,2021/11/27 00:00:00+00,Sat 27 Nov 2021,1201,1563,6,3655721,3592443,240686,3896407,3833129,82.7454651366018,81.401671343265,4
-7.6926,53.28823,2022/03/20 00:00:00+00,Sun 20 Mar 2022,394,1402,0,3833200,3770611,240755,4073955,4011366,86.5159367131268,85.1867747653543,5
-7.6926,53.28823,2021/11/28 00:00:00+00,Sun 28 Nov 2021,1959,2257,0,3657680,3594700,240686,3898366,3835386,82.7870671474293,81.4496017865717,6
-7.6926,53.28823,2021/11/29 00:00:00+00,Mon 29 Nov 2021,540,987,1,3658220,3595687,240687,3898907,3836374,82.7985560131045,81.4705833009656,7
-7.6926,53.28823,2022/03/21 00:00:00+00,Mon 21 Mar 2022,54,112,0,3833254,3770723,240755,4074009,4011478,86.5170834760593,85.1891532366216,8
-7.6926,53.28823,2021/11/30 00:00:00+00,Tue 30 Nov 2021,1917,1640,6,3660137,3597327,240693,3900830,3838020,82.8393935153105,81.505538334055,9
-7.6926,53.28823,2022/03/22 00:00:00+00,Tue 22 Mar 2022,138,575,0,3833392,3771298,240755,4074147,4012053,86.5200140924423,85.2013641382172,10
-7.6926,53.28823,2021/12/01 00:00:00+00,Wed 01 Dec 2021,1075,1376,2,3661212,3598703,240695,3901907,3839398,82.8622650649078,81.5348020251833,11
-7.6926,53.28823,2021/12/02 00:00:00+00,Thu 02 Dec 2021,1766,1410,0,3662978,3600113,240695,3903673,3840808,82.8997684600694,81.5647452795309,12
-7.6926,53.28823,2022/03/23 00:00:00+00,Wed 23 Mar 2022,101,221,0,3833493,3771519,240755,4074248,4012274,86.522158963853,85.2060573717001,13
-7.6926,53.28823,2021/12/03 00:00:00+00,Fri 03 Dec 2021,1042,1183,2,3664020,3601296,240697,3904717,3841993,82.921939210097,81.5899103549932,14
-7.6926,53.28823,2021/12/04 00:00:00+00,Sat 04 Dec 2021,1204,1700,1,3665224,3602996,240698,3905922,3843694,82.9475290125713,81.6260333873657,15
-7.6926,53.28823,2022/03/24 00:00:00+00,Thu 24 Mar 2022,148,243,0,3833641,3771762,240755,4074396,4012517,86.5253019437419,85.2112178048961,16
-7.6926,53.28823,2022/03/25 00:00:00+00,Fri 25 Mar 2022,435,1625,0,3834076,3773387,240755,4074831,4014142,86.5345397562534,85.2457268746229,17
-7.6926,53.28823,2021/12/05 00:00:00+00,Sun 05 Dec 2021,1347,1772,2,3666571,3604768,240700,3907271,3845468,82.9761768495322,81.663706673332,18
-7.6926,53.28823,2021/12/06 00:00:00+00,Mon 06 Dec 2021,934,1289,0,3667505,3606057,240700,3908205,3846757,82.9960116009936,81.6910803292569,19
-7.6926,53.28823,2022/03/26 00:00:00+00,Sat 26 Mar 2022,874,1848,0,3834950,3775235,240755,4075705,4015990,86.5531003266788,85.2849716505338,20
-7.6926,53.28823,2021/12/07 00:00:00+00,Tue 07 Dec 2021,487,739,2,3667992,3606796,240702,3908694,3847498,83.0063961764375,81.7068164650523,21
-7.6926,53.28823,2022/03/27 00:00:00+00,Sun 27 Mar 2022,380,802,0,3835330,3776037,240755,4076085,4016792,86.5611701399072,85.3020032037158,22
-7.6926,53.28823,2021/12/08 00:00:00+00,Wed 08 Dec 2021,801,1511,2,3668793,3608307,240704,3909497,3849011,83.0234489659702,81.7389470635118,23
-7.6926,53.28823,2021/04/17 23:00:00+00,Sun 18 Apr 2021,1072,485,0,900551,379745,241,900792,379986,19.129534730671,8.06951591951168,24
-7.6926,53.28823,2021/12/09 00:00:00+00,Thu 09 Dec 2021,798,1207,0,3669591,3609514,240704,3910295,3850218,83.0403955737499,81.7645793386873,25
-7.6926,53.28823,2022/03/27 23:00:00+00,Mon 28 Mar 2022,45,51,0,3835375,3776088,240755,4076130,4016843,86.5621257756843,85.3030862575965,26
-7.6926,53.28823,2021/12/10 00:00:00+00,Fri 10 Dec 2021,890,1611,1,3670481,3611125,240705,3911186,3851830,83.0593171621355,81.7988123358563,27
-7.6926,53.28823,2021/04/18 23:00:00+00,Mon 19 Apr 2021,6741,2257,0,907292,382002,241,907533,382243,19.2726889700731,8.11744636281838,28
-7.6926,53.28823,2022/03/28 23:00:00+00,Tue 29 Mar 2022,140,192,3,3835515,3776280,240758,4076273,4017038,86.5651625738202,85.3072273459637,29
-7.6926,53.28823,2021/12/11 00:00:00+00,Sat 11 Dec 2021,640,841,2,3671121,3611966,240707,3911828,3852673,83.0729508992214,81.816714579413,30
-7.6926,53.28823,2021/04/19 23:00:00+00,Tue 20 Apr 2021,15089,7315,1,922381,389317,242,922623,389559,19.5931455006438,8.27281150381607,31
-7.6926,53.28823,2022/03/29 23:00:00+00,Wed 30 Mar 2022,109,135,0,3835624,3776415,240758,4076382,4017173,86.5674773360357,85.3100942532949,32
-7.6926,53.28823,2021/12/12 00:00:00+00,Sun 12 Dec 2021,689,1190,0,3671810,3613156,240707,3912517,3853863,83.0875827447856,81.8419858366283,33
-7.6926,53.28823,2021/04/20 23:00:00+00,Wed 21 Apr 2021,26718,9878,4,949099,399195,246,949345,399441,20.1606232614065,8.48266912045619,34
-7.6926,53.28823,2022/03/30 23:00:00+00,Thu 31 Mar 2022,228,357,0,3835852,3776772,240758,4076610,4017530,86.5723192239728,85.3176756304595,35
-7.6926,53.28823,2021/12/13 00:00:00+00,Mon 13 Dec 2021,726,1065,1,3672536,3614221,240708,3913244,3854929,83.1030215716726,81.8646237863691,36
-7.6926,53.28823,2021/04/21 23:00:00+00,Thu 22 Apr 2021,31624,12179,1,980723,411374,247,980970,411621,20.8322228491665,8.74132787077766,37
-7.6926,53.28823,2022/03/31 23:00:00+00,Fri 01 Apr 2022,308,902,0,3836160,3777674,240758,4076918,4018432,86.5788600199579,85.3368308187017,38
-7.6926,53.28823,2021/12/14 00:00:00+00,Tue 14 Dec 2021,627,1201,1,3673163,3615422,240709,3913872,3856131,83.1163579998501,81.8901498797916,39
-7.6926,53.28823,2022/04/01 23:00:00+00,Sat 02 Apr 2022,730,1539,0,3836890,3779213,240758,4077648,4019971,86.5943625558967,85.3695135622768,40
-7.6926,53.28823,2021/04/22 23:00:00+00,Fri 23 Apr 2021,33612,12351,3,1014335,423725,250,1014585,423975,21.5460827746226,9.00368174610371,41
-7.6926,53.28823,2021/12/15 00:00:00+00,Wed 15 Dec 2021,795,1253,1,3673958,3616675,240710,3914668,3857385,83.1332621349286,81.9167802634454,42
-7.6926,53.28823,2021/12/16 00:00:00+00,Thu 16 Dec 2021,1055,1538,7,3675013,3618213,240717,3915730,3858930,83.1558151392669,81.9495904251241,43
-7.6926,53.28823,2022/04/02 23:00:00+00,Sun 03 Apr 2022,537,816,0,3837427,3780029,240758,4078185,4020787,86.6057664761695,85.3868424243673,44
-7.6926,53.28823,2021/04/23 23:00:00+00,Sat 24 Apr 2021,23699,6992,2,1038034,430717,252,1038286,430969,22.0494055202194,9.15220878220785,45
-7.6926,53.28823,2021/12/17 00:00:00+00,Fri 17 Dec 2021,1214,2456,1,3676227,3620669,240718,3916945,3861387,83.1816173052473,82.001768138551,46
-7.6926,53.28823,2022/04/03 23:00:00+00,Mon 04 Apr 2022,49,52,0,3837476,3780081,240758,4078234,4020839,86.606807057349,85.3879467145985,47
-7.6926,53.28823,2021/04/24 23:00:00+00,Sun 25 Apr 2021,9749,299,2,1047783,431016,254,1048037,431270,22.2564811749308,9.15860092373878,48
-7.6926,53.28823,2021/12/18 00:00:00+00,Sat 18 Dec 2021,1257,1183,0,3677484,3621852,240718,3918202,3862570,83.2083113979529,82.0268907413122,49
-7.6926,53.28823,2022/04/04 23:00:00+00,Tue 05 Apr 2022,130,166,0,3837606,3780247,240758,4078364,4021005,86.6095677829271,85.3914719487983,50
-7.6926,53.28823,2021/12/19 00:00:00+00,Sun 19 Dec 2021,551,886,1,3678035,3622738,240719,3918754,3863457,83.2200338634847,82.0457273842953,51
-7.6926,53.28823,2021/12/20 00:00:00+00,Mon 20 Dec 2021,527,615,0,3678562,3623353,240719,3919281,3864072,83.2312254202514,82.058787739915,52
-7.6926,53.28823,2021/12/21 00:00:00+00,Tue 21 Dec 2021,1442,1814,3,3680004,3625167,240722,3920726,3865889,83.26191194687,82.0973741889572,53
-7.6926,53.28823,2021/12/22 00:00:00+00,Wed 22 Dec 2021,1201,1588,2,3681205,3626755,240724,3921929,3867479,83.2874592766432,82.131139986413,54
-7.6926,53.28823,2021/12/23 00:00:00+00,Thu 23 Dec 2021,950,1386,0,3682155,3628141,240724,3922879,3868865,83.3076338097142,82.1605735683461,55
-7.6926,53.28823,2021/12/24 00:00:00+00,Fri 24 Dec 2021,104,152,0,3682259,3628293,240724,3922983,3869017,83.3098423901767,82.1638014936375,56
-7.6926,53.28823,2021/12/25 00:00:00+00,Sat 25 Dec 2021,1,5,0,3682260,3628298,240724,3922984,3869022,83.3098636265273,82.1639076753905,57
-7.6926,53.28823,2021/12/26 00:00:00+00,Sun 26 Dec 2021,11,10,0,3682271,3628308,240724,3922995,3869032,83.310097226384,82.1641200388965,58
-7.6926,53.28823,2021/12/27 00:00:00+00,Mon 27 Dec 2021,390,587,0,3682661,3628895,240724,3923385,3869619,83.3183794031184,82.1765857766994,59
-7.6926,53.28823,2021/12/28 00:00:00+00,Tue 28 Dec 2021,469,744,0,3683130,3629639,240724,3923854,3870363,83.3283392515503,82.1923856215466,60
-7.6926,53.28823,2021/12/29 00:00:00+00,Wed 29 Dec 2021,1073,1306,0,3684203,3630945,240724,3924927,3871669,83.3511258557453,82.2201202954316,61
-7.6926,53.28823,2021/12/30 00:00:00+00,Thu 30 Dec 2021,1065,1193,1,3685268,3632138,240725,3925993,3872863,83.3737638054861,82.2454764980493,62
-7.6926,53.28823,2021/12/31 00:00:00+00,Fri 31 Dec 2021,717,1679,0,3685985,3633817,240725,3926710,3874542,83.3889902688671,82.2811323307086,63
-7.6926,53.28823,2022/01/01 00:00:00+00,Sat 01 Jan 2022,66,96,0,3686051,3633913,240725,3926776,3874638,83.3903918680067,82.2831710203663,64
-7.6926,53.28823,2022/01/02 00:00:00+00,Sun 02 Jan 2022,270,627,0,3686321,3634540,240725,3927046,3875265,83.396125682669,82.2964862121932,65
-7.6926,53.28823,2022/01/03 00:00:00+00,Mon 03 Jan 2022,3630,724,1,3689951,3635264,240726,3930677,3875990,83.4732348717016,82.311882566379,66
-7.6926,53.28823,2022/01/04 00:00:00+00,Tue 04 Jan 2022,1192,776,0,3691143,3636040,240726,3931869,3876766,83.4985486016182,82.3283619744455,67
-7.6926,53.28823,2022/01/05 00:00:00+00,Wed 05 Jan 2022,2145,897,0,3693288,3636937,240726,3934014,3877663,83.5441005736575,82.3474109809346,68
-7.6926,53.28823,2022/01/06 00:00:00+00,Thu 06 Jan 2022,2460,1693,1,3695748,3638630,240727,3936475,3879357,83.5963632324869,82.3833853588529,69
-7.6926,53.28823,2022/01/07 00:00:00+00,Fri 07 Jan 2022,4856,783,2,3700604,3639413,240729,3941333,3880142,83.699529423707,82.4000558940748,70
-7.6926,53.28823,2022/01/08 00:00:00+00,Sat 08 Jan 2022,9791,738,1,3710395,3640151,240730,3951125,3880881,83.9074757687931,82.415749557169,71
-7.6926,53.28823,2022/01/09 00:00:00+00,Sun 09 Jan 2022,7115,663,0,3717510,3640814,240730,3958240,3881544,84.0585724033199,82.4298292576175,72
-7.6926,53.28823,2022/01/10 00:00:00+00,Mon 10 Jan 2022,6659,504,0,3724169,3641318,240730,3964899,3882048,84.1999852619727,82.4405323783205,73
-7.6926,53.28823,2022/01/11 00:00:00+00,Tue 11 Jan 2022,4778,1362,1,3728947,3642680,240731,3969678,3883411,84.3014737814954,82.4694775241898,74
-7.6926,53.28823,2022/01/12 00:00:00+00,Wed 12 Jan 2022,7564,917,1,3736511,3643597,240732,3977243,3884329,84.4621267737927,82.4889724940416,75
-7.6926,53.28823,2022/01/13 00:00:00+00,Thu 13 Jan 2022,7328,811,0,3743839,3644408,240732,3984571,3885140,84.6177467509976,82.5061951743791,76
-7.6926,53.28823,2022/01/14 00:00:00+00,Fri 14 Jan 2022,10730,832,0,3754569,3645240,240732,3995301,3885972,84.8456127929475,82.5238638180792,77
-7.6926,53.28823,2022/01/15 00:00:00+00,Sat 15 Jan 2022,8358,651,2,3762927,3645891,240734,4003661,3886625,85.0231486839727,82.5377311550218,78
-7.6926,53.28823,2022/01/16 00:00:00+00,Sun 16 Jan 2022,6965,1215,1,3769892,3647106,240735,4010627,3887841,85.17108110226,82.5635545573527,79
-7.6926,53.28823,2022/01/17 00:00:00+00,Mon 17 Jan 2022,2566,559,0,3772458,3647665,240735,4013193,3888400,85.2255735779025,82.5754256773387,80
-7.6926,53.28823,2022/01/18 00:00:00+00,Tue 18 Jan 2022,4055,446,3,3776513,3648111,240738,4017251,3888849,85.3117506886418,82.5849607987586,81
-7.6926,53.28823,2022/01/19 00:00:00+00,Wed 19 Jan 2022,3489,623,0,3780002,3648734,240738,4020740,3889472,85.385844315889,82.5981910451831,82
-7.6926,53.28823,2022/01/20 00:00:00+00,Thu 20 Jan 2022,3697,935,0,3783699,3649669,240738,4024437,3890407,85.4643551040613,82.6180470329951,83
-7.6926,53.28823,2022/01/21 00:00:00+00,Fri 21 Jan 2022,3255,974,0,3786954,3650643,240738,4027692,3891381,85.5334794252679,82.6387312384806,84
-7.6926,53.28823,2022/01/22 00:00:00+00,Sat 22 Jan 2022,4271,643,0,3791225,3651286,240738,4031963,3892024,85.6241798786852,82.6523862119171,85
-7.6926,53.28823,2022/01/23 00:00:00+00,Sun 23 Jan 2022,3092,677,0,3794317,3651963,240738,4035055,3892701,85.6898426747438,82.6667632212741,86
-7.6926,53.28823,2022/01/24 00:00:00+00,Mon 24 Jan 2022,647,461,0,3794964,3652424,240738,4035702,3893162,85.7035825935828,82.6765531789012,87
-7.6926,53.28823,2022/01/25 00:00:00+00,Tue 25 Jan 2022,695,1838,0,3795659,3654262,240738,4036397,3895000,85.7183418572505,82.715585591306,88
-7.6926,53.28823,2022/01/26 00:00:00+00,Wed 26 Jan 2022,700,897,0,3796359,3655159,240738,4037097,3895897,85.7332073026713,82.7346345977952,89
-7.6926,53.28823,2022/01/27 00:00:00+00,Thu 27 Jan 2022,1274,1174,0,3797633,3656333,240738,4038371,3897071,85.7602624133371,82.7595660734009,90
-7.6926,53.28823,2022/01/28 00:00:00+00,Fri 28 Jan 2022,1032,3093,1,3798665,3659426,240739,4039404,3900165,85.7821995635081,82.8252713421607,91
-7.6926,53.28823,2022/01/29 00:00:00+00,Sat 29 Jan 2022,2328,3444,0,3800993,3662870,240739,4041732,3903609,85.8316377877074,82.8984093336309,92
-7.6926,53.28823,2022/01/30 00:00:00+00,Sun 30 Jan 2022,1636,7537,0,3802629,3670407,240739,4043368,3911146,85.8663804572908,83.0584677081115,93
-7.6926,53.28823,2022/01/31 00:00:00+00,Mon 31 Jan 2022,482,1392,0,3803111,3671799,240739,4043850,3912538,85.8766163782806,83.0880287081482,94
-7.6926,53.28823,2022/02/01 00:00:00+00,Tue 01 Feb 2022,754,3415,1,3803865,3675214,240740,4044605,3915954,85.8926498229844,83.1605720818016,95
-7.6926,53.28823,2022/02/02 00:00:00+00,Wed 02 Feb 2022,649,2996,0,3804514,3678210,240740,4045254,3918950,85.9064322145245,83.2241961882025,96
-7.6926,53.28823,2022/02/03 00:00:00+00,Thu 03 Feb 2022,906,2433,1,3805420,3680643,240741,4046161,3921384,85.9256935845197,83.2758854655656,97
-7.6926,53.28823,2022/02/04 00:00:00+00,Fri 04 Feb 2022,1173,6523,0,3806593,3687166,240741,4047334,3927907,85.9506038237748,83.4144101805366,98
-7.6926,53.28823,2022/02/05 00:00:00+00,Sat 05 Feb 2022,1777,5750,0,3808370,3692916,240741,4049111,3933657,85.988340818793,83.5365191964929,99
-7.6926,53.28823,2022/02/06 00:00:00+00,Sun 06 Feb 2022,1408,7555,0,3809778,3700471,240741,4050519,3941212,86.0182416004393,83.6969598252843,100
-7.6926,53.28823,2022/02/07 00:00:00+00,Mon 07 Feb 2022,439,1350,0,3810217,3701821,240741,4050958,3942562,86.0275643583532,83.7256288985958,101
-7.6926,53.28823,2022/02/08 00:00:00+00,Tue 08 Feb 2022,902,1234,0,3811119,3703055,240741,4051860,3943796,86.0467195465954,83.7518345552376,102
-7.6926,53.28823,2022/02/09 00:00:00+00,Wed 09 Feb 2022,1332,1782,0,3812451,3704837,240741,4053192,3945578,86.0750063655961,83.7896777320087,103
-7.6926,53.28823,2022/02/10 00:00:00+00,Thu 10 Feb 2022,685,2548,0,3813136,3707385,240741,4053877,3948126,86.0895532657578,83.8437879533403,104
-7.6926,53.28823,2022/02/11 00:00:00+00,Fri 11 Feb 2022,551,4920,0,3813687,3712305,240741,4054428,3953046,86.1012544949391,83.9482707982978,105
-7.6926,53.28823,2022/02/12 00:00:00+00,Sat 12 Feb 2022,1399,5461,0,3815086,3717766,240741,4055827,3958507,86.13096414943,84.0642425089304,106
-7.6926,53.28823,2022/02/13 00:00:00+00,Sun 13 Feb 2022,1568,4706,0,3816654,3722472,240741,4057395,3963213,86.1642627471725,84.1641807748592,107
-7.6926,53.28823,2022/02/14 00:00:00+00,Mon 14 Feb 2022,172,952,0,3816826,3723424,240741,4057567,3964165,86.1679153994759,84.1843977806315,108
-7.6926,53.28823,2022/02/15 00:00:00+00,Tue 15 Feb 2022,649,818,1,3817475,3724242,240742,4058217,3964984,86.1817190273666,84.2017903517738,109
-7.6926,53.28823,2022/02/16 00:00:00+00,Wed 16 Feb 2022,801,1785,0,3818276,3726027,240742,4059018,3966769,86.1987293441981,84.2396972375968,110
-7.6926,53.28823,2022/02/17 00:00:00+00,Thu 17 Feb 2022,793,1189,2,3819069,3727216,240744,4059813,3967960,86.215612242926,84.2649897311627,111
-7.6926,53.28823,2022/02/18 00:00:00+00,Fri 18 Feb 2022,794,3292,0,3819863,3730508,240744,4060607,3971252,86.2324739053033,84.3348997973415,112
-7.6926,53.28823,2022/02/19 00:00:00+00,Sat 19 Feb 2022,981,3554,0,3820844,3734062,240744,4061588,3974806,86.253306765243,84.4103737873778,113
-7.6926,53.28823,2022/02/20 00:00:00+00,Sun 20 Feb 2022,1366,3587,0,3822210,3737649,240744,4062954,3978393,86.2823156201641,84.486548576984,114
-7.6926,53.28823,2022/02/21 00:00:00+00,Mon 21 Feb 2022,251,994,1,3822461,3738643,240745,4063206,3979388,86.2876671805156,84.5076787458321,115
-7.6926,53.28823,2022/02/22 00:00:00+00,Tue 22 Feb 2022,477,981,0,3822938,3739624,240745,4063683,3980369,86.2977969197523,84.5285116057718,116
-7.6926,53.28823,2022/02/23 00:00:00+00,Wed 23 Feb 2022,830,1271,1,3823768,3740895,240746,4064514,3981641,86.3154443271018,84.5555242437364,117
-7.6926,53.28823,2022/02/24 00:00:00+00,Thu 24 Feb 2022,658,1233,0,3824426,3742128,240746,4065172,3982874,86.3294178457973,84.5817086640276,118
-7.6926,53.28823,2022/02/25 00:00:00+00,Fri 25 Feb 2022,691,1226,0,3825117,3743354,240746,4065863,3984100,86.3440921640627,84.6077444298645,119
-7.6926,53.28823,2022/02/26 00:00:00+00,Sat 26 Feb 2022,960,2092,0,3826077,3745446,240746,4066823,3986192,86.3644790606398,84.652170875322,120
-7.6926,53.28823,2022/02/27 00:00:00+00,Sun 27 Feb 2022,671,1783,0,3826748,3747229,240746,4067494,3987975,86.3787286518931,84.6900352884438,121
-7.6926,53.28823,2022/02/28 00:00:00+00,Mon 28 Feb 2022,81,428,0,3826829,3747657,240746,4067575,3988403,86.3804487962918,84.6991244465011,122
-7.6926,53.28823,2022/03/01 00:00:00+00,Tue 01 Mar 2022,129,939,1,3826958,3748596,240747,4067705,3989343,86.3832095218699,84.7190866160661,123
-7.6926,53.28823,2022/03/02 00:00:00+00,Wed 02 Mar 2022,207,995,2,3827165,3749591,240749,4067914,3990340,86.3876479191456,84.7402592576154,124
-7.6926,53.28823,2022/03/03 00:00:00+00,Thu 03 Mar 2022,279,1273,0,3827444,3750864,240749,4068193,3991613,86.3935728609633,84.7672931319306,125
-7.6926,53.28823,2022/03/04 00:00:00+00,Fri 04 Mar 2022,734,1507,2,3828178,3752371,240751,4068929,3993122,86.4092028150057,84.7993387849877,126
-7.6926,53.28823,2022/03/05 00:00:00+00,Sat 05 Mar 2022,963,3341,0,3829141,3755712,240751,4069892,3996463,86.4296534206346,84.870289432346,127
-7.6926,53.28823,2022/03/06 00:00:00+00,Sun 06 Mar 2022,455,1915,0,3829596,3757627,240751,4070347,3998378,86.4393159601581,84.9109570437471,128
-7.6926,53.28823,2022/03/07 00:00:00+00,Mon 07 Mar 2022,113,124,0,3829709,3757751,240751,4070460,3998502,86.441715667776,84.9135903512216,129
-7.6926,53.28823,2022/03/08 00:00:00+00,Tue 08 Mar 2022,120,492,0,3829829,3758243,240751,4070580,3998994,86.4442640298481,84.9240386357174,130
-7.6926,53.28823,2022/03/09 00:00:00+00,Wed 09 Mar 2022,127,345,1,3829956,3758588,240752,4070708,3999340,86.4469822827251,84.9313864130254,131
-7.6926,53.28823,2022/03/10 00:00:00+00,Thu 10 Mar 2022,258,507,0,3830214,3759095,240752,4070966,3999847,86.4524612611801,84.9421532427801,132
-7.6926,53.28823,2022/03/11 00:00:00+00,Fri 11 Mar 2022,493,2182,0,3830707,3761277,240752,4071459,4002029,86.4629307820265,84.9884909597917,133
-7.6926,53.28823,2022/03/12 00:00:00+00,Sat 12 Mar 2022,473,2390,2,3831180,3763667,240754,4071934,4004421,86.473018048562,85.0392883104296,134
-7.6926,53.28823,2022/03/13 00:00:00+00,Sun 13 Mar 2022,358,1082,0,3831538,3764749,240754,4072292,4005503,86.4806206620772,85.06226604178,135
-7.6926,53.28823,2022/03/14 00:00:00+00,Mon 14 Mar 2022,108,121,0,3831646,3764870,240754,4072400,4005624,86.4829141879421,85.0648356402027,136
-7.6926,53.28823,2022/03/15 00:00:00+00,Tue 15 Mar 2022,220,757,1,3831866,3765627,240755,4072621,4006382,86.487607421425,85.0809327939583,137
-7.6926,53.28823,2022/03/16 00:00:00+00,Wed 16 Mar 2022,196,797,0,3832062,3766424,240755,4072817,4007179,86.4917697461428,85.0978581653874,138
-7.6926,53.28823,2021/04/25 23:00:00+00,Mon 26 Apr 2021,15593,3054,3,1063376,434070,257,1063633,434327,22.5876832989057,9.22352044752636,139
-7.6926,53.28823,2020/12/28 00:00:00+00,Mon 28 Dec 2020,220,16,0,220,16,0,220,16,0.00467199713224321,0.000339781609617688,140
-7.6926,53.28823,2022/04/05 23:00:00+00,Wed 06 Apr 2022,159,209,0,3837765,3780456,240758,4078523,4021214,86.6129443626727,85.3959103460739,141
-7.6926,53.28823,2021/04/26 23:00:00+00,Tue 27 Apr 2021,25917,7807,9,1089293,441877,266,1089559,442143,23.1382569245899,9.3895037638246,142
-7.6926,53.28823,2020/12/29 00:00:00+00,Tue 29 Dec 2020,77,2,0,297,18,0,297,18,0.00630719612852834,0.000382254310819899,143
-7.6926,53.28823,2022/04/06 23:00:00+00,Thu 07 Apr 2022,120,177,0,3837885,3780633,240758,4078643,4021391,86.6154927247448,85.3996691801303,144
-7.6926,53.28823,2021/04/27 23:00:00+00,Wed 28 Apr 2021,26036,8604,5,1115329,450481,271,1115600,450752,23.6912727305933,9.57232750614952,145
-7.6926,53.28823,2020/12/30 00:00:00+00,Wed 30 Dec 2020,1057,1,0,1354,19,0,1354,19,0.0287540187138969,0.000403490661421005,146
-7.6926,53.28823,2022/04/07 23:00:00+00,Fri 08 Apr 2022,267,420,2,3838152,3781053,240760,4078912,4021813,86.6212053030565,85.408630920084,147
-7.6926,53.28823,2022/04/08 23:00:00+00,Sat 09 Apr 2022,561,1018,0,3838713,3782071,240760,4079473,4022831,86.6331188957437,85.4302495249959,148
-7.6926,53.28823,2022/04/09 23:00:00+00,Sun 10 Apr 2022,413,719,0,3839126,3782790,240760,4079886,4023550,86.641889508542,85.4455184610781,149
-7.6926,53.28823,2022/04/10 23:00:00+00,Mon 11 Apr 2022,71,93,1,3839197,3782883,240761,4079958,4023644,86.6434185257853,85.4475146780346,150
-7.6926,53.28823,2022/04/11 23:00:00+00,Tue 12 Apr 2022,195,177,0,3839392,3783060,240761,4080153,4023821,86.6475596141525,85.451273512091,151
-7.6926,53.28823,2022/04/12 23:00:00+00,Wed 13 Apr 2022,144,232,0,3839536,3783292,240761,4080297,4024053,86.6506176486391,85.4562003454305,152
-7.6926,53.28823,2022/04/13 23:00:00+00,Thu 14 Apr 2022,362,428,0,3839898,3783720,240761,4080659,4024481,86.6583052075567,85.4652895034878,153
-7.6926,53.28823,2022/04/14 23:00:00+00,Fri 15 Apr 2022,447,991,0,3840345,3784711,240761,4081106,4025472,86.6677978562754,85.4863347269334,154
-7.6926,53.28823,2022/04/15 23:00:00+00,Sat 16 Apr 2022,42,88,0,3840387,3784799,240761,4081148,4025560,86.6686897830006,85.4882035257863,155
-7.6926,53.28823,2022/04/16 23:00:00+00,Sun 17 Apr 2022,1,0,0,3840388,3784799,240761,4081149,4025560,86.6687110193512,85.4882035257863,156
-7.6926,53.28823,2022/04/17 23:00:00+00,Mon 18 Apr 2022,36,61,0,3840424,3784860,240761,4081185,4025621,86.6694755279728,85.489498943173,157
-7.6926,53.28823,2022/04/18 23:00:00+00,Tue 19 Apr 2022,219,269,1,3840643,3785129,240762,4081405,4025891,86.6741475251051,85.4952327578353,158
-7.6926,53.28823,2022/04/19 23:00:00+00,Wed 20 Apr 2022,251,606,0,3840894,3785735,240762,4081656,4026497,86.679477849106,85.5081019862996,159
-7.6926,53.28823,2022/04/20 23:00:00+00,Thu 21 Apr 2022,173,237,0,3841067,3785972,240762,4081829,4026734,86.68315173776,85.513135001392,160
-7.6926,53.28823,2022/04/21 23:00:00+00,Fri 22 Apr 2022,198,254,0,3841265,3786226,240762,4082027,4026988,86.687356535179,85.5185290344447,161
-7.6926,53.28823,2022/04/22 23:00:00+00,Sat 23 Apr 2022,324,1010,0,3841589,3787236,240762,4082351,4027998,86.6942371127737,85.5399777485518,162
-7.6926,53.28823,2022/04/23 23:00:00+00,Sun 24 Apr 2022,181,253,0,3841770,3787489,240762,4082532,4028251,86.6980808922325,85.5453505452539,163
-7.6926,53.28823,2022/04/24 23:00:00+00,Mon 25 Apr 2022,42,58,0,3841812,3787547,240762,4082574,4028309,86.6989728189578,85.5465822535888,164
-7.6926,53.28823,2022/04/25 23:00:00+00,Tue 26 Apr 2022,144,238,0,3841956,3787785,240762,4082718,4028547,86.7020308534443,85.5516365050319,165
-7.6926,53.28823,2022/04/26 23:00:00+00,Wed 27 Apr 2022,122,208,0,3842078,3787993,240762,4082840,4028755,86.7046216882177,85.5560536659569,166
-7.6926,53.28823,2022/04/27 23:00:00+00,Thu 28 Apr 2022,106,128,0,3842184,3788121,240762,4082946,4028883,86.7068727413814,85.5587719188338,167
-7.6926,53.28823,2022/04/28 23:00:00+00,Fri 29 Apr 2022,176,222,0,3842360,3788343,240762,4083122,4029105,86.7106103390872,85.5634863886673,168
-7.6926,53.28823,2022/04/29 23:00:00+00,Sat 30 Apr 2022,281,723,0,3842641,3789066,240762,4083403,4029828,86.7165777536061,85.5788402701519,169
-7.6926,53.28823,2022/04/30 23:00:00+00,Sun 01 May 2022,186,746,0,3842827,3789812,240762,4083589,4030574,86.7205277148179,85.5946825877003,170
-7.6926,53.28823,2022/05/01 23:00:00+00,Mon 02 May 2022,11,26,0,3842838,3789838,240762,4083600,4030600,86.7207613146745,85.5952347328159,171
-7.6926,53.28823,2022/05/02 23:00:00+00,Tue 03 May 2022,100,117,0,3842938,3789955,240762,4083700,4030717,86.7228849497346,85.5977193858362,172
-7.6926,53.28823,2022/05/03 23:00:00+00,Wed 04 May 2022,119,128,0,3843057,3790083,240762,4083819,4030845,86.7254120754561,85.6004376387132,173
-7.6926,53.28823,2022/05/04 23:00:00+00,Thu 05 May 2022,119,164,0,3843176,3790247,240762,4083938,4031009,86.7279392011777,85.6039204002118,174
-7.6926,53.28823,2022/05/05 23:00:00+00,Fri 06 May 2022,143,258,0,3843319,3790505,240762,4084081,4031267,86.7309759993136,85.6093993786669,175
-7.6926,53.28823,2022/05/06 23:00:00+00,Sat 07 May 2022,440,1087,0,3843759,3791592,240762,4084521,4032354,86.7403199935781,85.6324832917703,176
-7.6926,53.28823,2022/05/07 23:00:00+00,Sun 08 May 2022,274,437,0,3844033,3792029,240762,4084795,4032791,86.7461387536428,85.6417635769829,177
-7.6926,53.28823,2022/05/08 23:00:00+00,Mon 09 May 2022,27,32,0,3844060,3792061,240762,4084822,4032823,86.7467121351091,85.6424431402022,178
-7.6926,53.28823,2022/05/09 23:00:00+00,Tue 10 May 2022,88,99,1,3844148,3792160,240763,4084911,4032923,86.7486021703126,85.6445667752623,179
-7.6926,53.28823,2022/05/10 23:00:00+00,Wed 11 May 2022,127,132,0,3844275,3792292,240763,4085038,4033055,86.7512991868389,85.6473699735416,180
-7.6926,53.28823,2022/05/11 23:00:00+00,Thu 12 May 2022,249,397,0,3844524,3792689,240763,4085287,4033452,86.7565870381386,85.6558008047303,181
-7.6926,53.28823,2022/05/12 23:00:00+00,Fri 13 May 2022,185,326,0,3844709,3793015,240763,4085472,4033778,86.7605157629998,85.6627238550262,182
-7.6926,53.28823,2022/05/13 23:00:00+00,Sat 14 May 2022,334,632,0,3845043,3793647,240763,4085806,4034410,86.7676087041006,85.6761452286061,183
-7.6926,53.28823,2022/05/14 23:00:00+00,Sun 15 May 2022,169,254,0,3845212,3793901,240763,4085975,4034664,86.7711976473521,85.6815392616588,184
-7.6926,53.28823,2022/05/15 23:00:00+00,Mon 16 May 2022,30,41,0,3845242,3793942,240763,4086005,4034705,86.7718347378702,85.6824099520335,185
-7.6926,53.28823,2022/05/16 23:00:00+00,Tue 17 May 2022,102,94,0,3845344,3794036,240763,4086107,4034799,86.7740008456315,85.68440616899,186
-7.6926,53.28823,2022/05/17 23:00:00+00,Wed 18 May 2022,106,121,0,3845450,3794157,240763,4086213,4034920,86.7762518987952,85.6869757674127,187
-7.6926,53.28823,2022/05/18 23:00:00+00,Thu 19 May 2022,100,103,0,3845550,3794260,240763,4086313,4035023,86.7783755338553,85.6891631115246,188
-7.6926,53.28823,2022/05/19 23:00:00+00,Fri 20 May 2022,130,206,0,3845680,3794466,240763,4086443,4035229,86.7811362594335,85.6935377997484,189
-7.6926,53.28823,2022/05/20 23:00:00+00,Sat 21 May 2022,393,761,0,3846073,3795227,240763,4086836,4035990,86.7894821452197,85.7096986625559,190
-7.6926,53.28823,2022/05/21 23:00:00+00,Sun 22 May 2022,233,409,0,3846306,3795636,240763,4087069,4036399,86.7944302149098,85.7183843299517,191
-7.6926,53.28823,2022/05/22 23:00:00+00,Mon 23 May 2022,30,35,0,3846336,3795671,240763,4087099,4036434,86.7950673054278,85.7191276022228,192
-7.6926,53.28823,2022/05/23 23:00:00+00,Tue 24 May 2022,79,82,0,3846415,3795753,240763,4087178,4036516,86.7967449771253,85.720868982972,193
-7.6926,53.28823,2022/05/24 23:00:00+00,Wed 25 May 2022,89,132,0,3846504,3795885,240763,4087267,4036648,86.7986350123288,85.7236721812514,194
-7.6926,53.28823,2022/05/25 23:00:00+00,Thu 26 May 2022,135,155,0,3846639,3796040,240763,4087402,4036803,86.8015019196599,85.7269638155946,195
-7.6926,53.28823,2022/05/26 23:00:00+00,Fri 27 May 2022,97,151,0,3846736,3796191,240763,4087499,4036954,86.8035618456682,85.7301705045353,196
-7.6926,53.28823,2022/05/27 23:00:00+00,Sat 28 May 2022,336,578,0,3847072,3796769,240763,4087835,4037532,86.8106972594702,85.7424451151828,197
-7.6926,53.28823,2022/05/28 23:00:00+00,Sun 29 May 2022,181,348,0,3847253,3797117,240763,4088016,4037880,86.814541038929,85.749835365192,198
-7.6926,53.28823,2022/05/29 23:00:00+00,Mon 30 May 2022,13,21,0,3847266,3797138,240763,4088029,4037901,86.8148171114868,85.7502813285546,199
-7.6926,53.28823,2022/05/30 23:00:00+00,Tue 31 May 2022,67,79,1,3847333,3797217,240764,4088097,4037981,86.8162611833277,85.7519802366027,200
-7.6926,53.28823,2022/05/31 23:00:00+00,Wed 01 Jun 2022,64,101,0,3847397,3797318,240764,4088161,4038082,86.8176203097662,85.7541251080134,201
-7.6926,53.28823,2022/06/01 23:00:00+00,Thu 02 Jun 2022,122,138,0,3847519,3797456,240764,4088283,4038220,86.8202111445395,85.7570557243963,202
-7.6926,53.28823,2022/06/02 23:00:00+00,Fri 03 Jun 2022,65,143,0,3847584,3797599,240764,4088348,4038363,86.8215915073285,85.7600925225323,203
-7.6926,53.28823,2022/06/03 23:00:00+00,Sat 04 Jun 2022,306,606,0,3847890,3798205,240764,4088654,4038969,86.8280898306125,85.7729617509966,204
-7.6926,53.28823,2022/06/04 23:00:00+00,Sun 05 Jun 2022,142,273,0,3848032,3798478,240764,4088796,4039242,86.8311053923979,85.7787592747107,205
-7.6926,53.28823,2022/06/05 23:00:00+00,Mon 06 Jun 2022,3,6,0,3848035,3798484,240764,4088799,4039248,86.8311691014497,85.7788866928143,206
-7.6926,53.28823,2022/06/06 23:00:00+00,Tue 07 Jun 2022,30,50,0,3848065,3798534,240764,4088829,4039298,86.8318061919677,85.7799485103443,207
-7.6926,53.28823,2022/06/07 23:00:00+00,Wed 08 Jun 2022,41,76,0,3848106,3798610,240764,4088870,4039374,86.8326768823423,85.78156247299,208
-7.6926,53.28823,2022/06/08 23:00:00+00,Thu 09 Jun 2022,80,123,0,3848186,3798733,240764,4088950,4039497,86.8343757903904,85.784174544114,209
-7.6926,53.28823,2022/06/09 23:00:00+00,Fri 10 Jun 2022,57,107,0,3848243,3798840,240764,4089007,4039604,86.8355862623747,85.7864468336283,210
-7.6926,53.28823,2022/06/10 23:00:00+00,Sat 11 Jun 2022,191,559,0,3848434,3799399,240764,4089198,4040163,86.8396424053395,85.7983179536143,211
-7.6926,53.28823,2022/06/11 23:00:00+00,Sun 12 Jun 2022,143,286,0,3848577,3799685,240764,4089341,4040449,86.8426792034755,85.8043915498862,212
-7.6926,53.28823,2022/06/12 23:00:00+00,Mon 13 Jun 2022,20,44,0,3848597,3799729,240764,4089361,4040493,86.8431039304875,85.8053259493126,213
-7.6926,53.28823,2022/06/13 23:00:00+00,Tue 14 Jun 2022,39,53,0,3848636,3799782,240764,4089400,4040546,86.8439321481609,85.8064514758945,214
-7.6926,53.28823,2022/06/14 23:00:00+00,Wed 15 Jun 2022,69,122,0,3848705,3799904,240764,4089469,4040668,86.8453974563524,85.8090423106678,215
-7.6926,53.28823,2022/06/15 23:00:00+00,Thu 16 Jun 2022,82,84,0,3848787,3799988,240764,4089551,4040752,86.8471388371017,85.8108261641183,216
-7.6926,53.28823,2022/06/16 23:00:00+00,Fri 17 Jun 2022,64,92,0,3848851,3800080,240764,4089615,4040844,86.8484979635402,85.8127799083736,217
-7.6926,53.28823,2022/06/17 23:00:00+00,Sat 18 Jun 2022,224,486,0,3849075,3800566,240764,4089839,4041330,86.8532549060748,85.8231007747658,218
-7.6926,53.28823,2022/06/18 23:00:00+00,Sun 19 Jun 2022,78,129,0,3849153,3800695,240764,4089917,4041459,86.8549113414217,85.8258402639933,219
-7.6926,53.28823,2022/06/19 23:00:00+00,Mon 20 Jun 2022,8,27,0,3849161,3800722,240764,4089925,4041486,86.8550812322265,85.8264136454596,220
-7.6926,53.28823,2022/06/20 23:00:00+00,Tue 21 Jun 2022,78,165,1,3849239,3800887,240765,4090004,4041652,86.856758903924,85.8299388796593,221
-7.6926,53.28823,2022/06/21 23:00:00+00,Wed 22 Jun 2022,61,93,0,3849300,3800980,240765,4090065,4041745,86.8580543213106,85.8319138602652,222
-7.6926,53.28823,2022/06/22 23:00:00+00,Thu 23 Jun 2022,67,105,0,3849367,3801085,240765,4090132,4041850,86.8594771568009,85.8341436770784,223
-7.6926,53.28823,2022/06/23 23:00:00+00,Fri 24 Jun 2022,60,88,1,3849427,3801173,240766,4090193,4041939,86.8607725741876,85.8360337122819,224
-7.6926,53.28823,2022/06/24 23:00:00+00,Sat 25 Jun 2022,209,290,0,3849636,3801463,240766,4090402,4042229,86.8652109714632,85.8421922539562,225
-7.6926,53.28823,2022/06/25 23:00:00+00,Sun 26 Jun 2022,175,404,0,3849811,3801867,240766,4090577,4042633,86.8689273328184,85.850771739599,226
-7.6926,53.28823,2022/06/26 23:00:00+00,Mon 27 Jun 2022,4,31,0,3849815,3801898,240766,4090581,4042664,86.8690122782208,85.8514300664676,227
-7.6926,53.28823,2022/06/27 23:00:00+00,Tue 28 Jun 2022,52,57,0,3849867,3801955,240766,4090633,4042721,86.8701165684521,85.8526405384519,228
-7.6926,53.28823,2022/06/28 23:00:00+00,Wed 29 Jun 2022,63,80,3,3849930,3802035,240769,4090699,4042804,86.8715181675918,85.8544031555518,229
-7.6926,53.28823,2022/06/29 23:00:00+00,Thu 30 Jun 2022,45,82,0,3849975,3802117,240769,4090744,4042886,86.8724738033688,85.8561445363011,230
-7.6926,53.28823,2022/06/30 23:00:00+00,Fri 01 Jul 2022,46,54,0,3850021,3802171,240769,4090790,4042940,86.8734506754965,85.8572912992336,231
-7.6926,53.28823,2022/07/01 23:00:00+00,Sat 02 Jul 2022,178,223,0,3850199,3802394,240769,4090968,4043163,86.8772307459035,85.8620270054176,232
-7.6926,53.28823,2022/07/02 23:00:00+00,Sun 03 Jul 2022,106,273,0,3850305,3802667,240769,4091074,4043436,86.8794817990672,85.8678245291317,233
-7.6926,53.28823,2022/07/03 23:00:00+00,Mon 04 Jul 2022,12,12,0,3850317,3802679,240769,4091086,4043448,86.8797366352744,85.8680793653389,234
-7.6926,53.28823,2020/12/31 00:00:00+00,Thu 31 Dec 2020,1032,1,0,2386,20,0,2386,20,0.0506699325342378,0.00042472701202211,235
-7.6926,53.28823,2021/04/28 23:00:00+00,Thu 29 Apr 2021,31694,11331,6,1147023,461812,277,1147300,462089,24.3644650446484,9.81308401291425,236
-7.6926,53.28823,2021/01/01 00:00:00+00,Fri 01 Jan 2021,813,0,0,3199,20,0,3199,20,0.0679350855729366,0.00042472701202211,237
-7.6926,53.28823,2021/04/29 23:00:00+00,Fri 30 Apr 2021,36112,13526,8,1183135,475338,285,1183420,475623,25.1315220283603,10.1004967819496,238
-7.6926,53.28823,2021/01/02 00:00:00+00,Sat 02 Jan 2021,1016,0,0,4215,20,0,4215,20,0.0895112177836598,0.00042472701202211,239
-7.6926,53.28823,2021/04/30 23:00:00+00,Sat 01 May 2021,16578,6691,18,1199713,482029,303,1200016,482332,25.4839605029362,10.2429714581324,240
-7.6926,53.28823,2021/01/03 00:00:00+00,Sun 03 Jan 2021,20,2,1,4235,22,1,4236,23,0.089957181146283,0.000488436063825427,241
-7.6926,53.28823,2021/05/01 23:00:00+00,Sun 02 May 2021,12463,909,15,1212176,482938,318,1212494,483256,25.7489476857368,10.2625938460878,242
-7.6926,53.28823,2021/05/02 23:00:00+00,Mon 03 May 2021,14260,922,21,1226436,483860,339,1226775,484199,26.0522240086712,10.2826197247047,243
-7.6926,53.28823,2021/05/03 23:00:00+00,Tue 04 May 2021,26661,6789,10,1253097,490649,349,1253446,490998,26.6186187155533,10.4270056724416,244
-7.6926,53.28823,2021/05/04 23:00:00+00,Wed 05 May 2021,32108,13458,69,1285205,504107,418,1285623,504525,27.3019407688451,10.7142697870228,245
-7.6926,53.28823,2021/05/05 23:00:00+00,Thu 06 May 2021,37284,14376,132,1322489,518483,550,1323039,519033,28.096520062936,11.0223667615436,246
-7.6926,53.28823,2021/05/06 23:00:00+00,Fri 07 May 2021,40598,15070,97,1363087,533553,647,1363734,534200,28.960733350648,11.3444584911106,247
-7.6926,53.28823,2021/05/07 23:00:00+00,Sat 08 May 2021,25619,7043,10,1388706,540596,657,1389363,541253,29.5049997802038,11.4942384719002,248
-7.6926,53.28823,2021/05/08 23:00:00+00,Sun 09 May 2021,19674,923,5,1408380,541519,662,1409042,542181,29.9229099236829,11.513945805258,249
-7.6926,53.28823,2021/05/09 23:00:00+00,Mon 10 May 2021,28841,4645,171,1437221,546164,833,1438054,546997,30.5390189273222,11.6162200697529,250
-7.6926,53.28823,2021/05/10 23:00:00+00,Tue 11 May 2021,33922,14823,153,1471143,560987,986,1472129,561973,31.2626475740549,11.9342556563551,251
-7.6926,53.28823,2021/05/11 23:00:00+00,Wed 12 May 2021,31294,20938,172,1502437,581925,1158,1503595,583083,31.9308705820693,12.3825550175444,252
-7.6926,53.28823,2021/05/12 23:00:00+00,Thu 13 May 2021,36001,25479,152,1538438,607404,1310,1539748,608714,32.698628365351,12.9268639198013,253
-7.6926,53.28823,2021/05/13 23:00:00+00,Fri 14 May 2021,38218,27944,236,1576656,635348,1546,1578202,636894,33.5152509913659,13.5253042797405,254
-7.6926,53.28823,2021/05/14 23:00:00+00,Sat 15 May 2021,28860,12447,22,1605516,647795,1568,1607084,649363,34.1285992694271,13.7901003353857,255
-7.6926,53.28823,2021/05/15 23:00:00+00,Sun 16 May 2021,23172,1172,9,1628688,648967,1577,1630265,650544,34.6208791127113,13.8151804654456,256
-7.6926,53.28823,2021/05/16 23:00:00+00,Mon 17 May 2021,35397,3946,117,1664085,652913,1694,1665779,654607,35.375066867959,13.9014637579379,257
-7.6926,53.28823,2021/05/17 23:00:00+00,Tue 18 May 2021,39010,12494,127,1703095,665407,1821,1704916,667228,36.2061939214344,14.1694877388744,258
-7.6926,53.28823,2021/05/18 23:00:00+00,Wed 19 May 2021,37026,17589,209,1740121,682996,2030,1742151,685026,36.9969294360666,14.5474523068729,259
-7.6926,53.28823,2021/05/19 23:00:00+00,Thu 20 May 2021,39085,19644,136,1779206,702640,2166,1781372,704806,37.8298403429925,14.9675073217628,260
-7.6926,53.28823,2021/05/20 23:00:00+00,Fri 21 May 2021,25844,23249,14934,1805050,725889,17100,1822150,742989,38.6958162478044,15.7783748967648,261
-7.6926,53.28823,2021/05/21 23:00:00+00,Sat 22 May 2021,16587,10245,13523,1821637,736134,30623,1852260,766757,39.3352427644037,16.2831204778519,262
-7.6926,53.28823,2021/05/22 23:00:00+00,Sun 23 May 2021,8211,5524,10205,1829848,741658,40828,1870676,782486,39.7263313970737,16.6171470364567,263
-7.6926,53.28823,2021/05/23 23:00:00+00,Mon 24 May 2021,22547,8214,8450,1852395,749872,49278,1901673,799150,40.3845945566561,16.9710295828735,264
-7.6926,53.28823,2021/05/24 23:00:00+00,Tue 25 May 2021,30340,16502,3222,1882735,766374,52500,1935235,818874,41.0973289555304,17.3898953621297,265
-7.6926,53.28823,2021/05/25 23:00:00+00,Wed 26 May 2021,19974,25446,3052,1902709,791820,55552,1958261,847372,41.5863171644715,17.99508888156,266
-7.6926,53.28823,2021/05/26 23:00:00+00,Thu 27 May 2021,17014,36036,550,1919723,827856,56102,1975825,883958,41.9593124264293,18.772042004652,267
-7.6926,53.28823,2021/05/27 23:00:00+00,Fri 28 May 2021,27039,31822,1558,1946762,859678,57660,2004422,917338,42.5666083445691,19.4809113877169,268
-7.6926,53.28823,2021/05/28 23:00:00+00,Sat 29 May 2021,24472,7383,534,1971234,867061,58194,2029428,925255,43.0976445277004,19.6490395754259,269
-7.6926,53.28823,2021/05/29 23:00:00+00,Sun 30 May 2021,24247,1676,209,1995481,868737,58403,2053884,927140,43.617000718001,19.689070096309,270
-7.6926,53.28823,2021/05/30 23:00:00+00,Mon 31 May 2021,22585,7324,3443,2018066,876061,61846,2079912,937907,44.1697404514466,19.9177218832311,271
-7.6926,53.28823,2021/05/31 23:00:00+00,Tue 01 Jun 2021,27552,11511,3653,2045618,887572,65499,2111117,953071,44.8324207719541,20.2397499037462,272
-7.6926,53.28823,2021/06/01 23:00:00+00,Wed 02 Jun 2021,18692,20898,4007,2064310,908470,69506,2133816,977976,45.3144646942486,20.7686412154668,273
-7.6926,53.28823,2021/06/02 23:00:00+00,Thu 03 Jun 2021,16689,30704,1977,2080999,939174,71483,2152482,1010657,45.7108624145688,21.4626663894615,274
-7.6926,53.28823,2021/06/03 23:00:00+00,Fri 04 Jun 2021,29000,23345,153,2109999,962519,71636,2181635,1034155,46.3299657436428,21.9616781558863,275
-7.6926,53.28823,2021/06/04 23:00:00+00,Sat 05 Jun 2021,20955,11491,33,2130954,974010,71669,2202623,1045679,46.7756742700589,22.2064058602134,276
-7.6926,53.28823,2021/06/05 23:00:00+00,Sun 06 Jun 2021,19936,3906,46,2150890,977916,71715,2222605,1049631,47.2000190277701,22.290331917789,277
-7.6926,53.28823,2021/06/06 23:00:00+00,Mon 07 Jun 2021,19811,4586,45,2170701,982502,71760,2242461,1054262,47.6216880053057,22.3886774574227,278
-7.6926,53.28823,2021/06/07 23:00:00+00,Tue 08 Jun 2021,26400,18352,45,2197101,1000854,71805,2268906,1072659,48.1832832969519,22.7793625994312,279
-7.6926,53.28823,2021/06/08 23:00:00+00,Wed 09 Jun 2021,32792,20114,173,2229893,1020968,71978,2301871,1092946,48.8833395945174,23.2101844440759,280
-7.6926,53.28823,2021/06/09 23:00:00+00,Thu 10 Jun 2021,27688,27485,270,2257581,1048453,72248,2329829,1120701,49.4770654846231,23.7995993550096,281
-7.6926,53.28823,2021/06/10 23:00:00+00,Fri 11 Jun 2021,26433,32895,39,2284014,1081348,72287,2356301,1153635,50.0392341577355,24.4989973257064,282
-7.6926,53.28823,2021/06/11 23:00:00+00,Sat 12 Jun 2021,12209,19719,105,2296223,1101067,72392,2368615,1173459,50.3007385790375,24.9199867400227,283
-7.6926,53.28823,2021/06/12 23:00:00+00,Sun 13 Jun 2021,8548,18169,832,2304771,1119236,73224,2377995,1192460,50.4999355476759,25.3234986377943,284
-7.6926,53.28823,2021/06/13 23:00:00+00,Mon 14 Jun 2021,16017,31303,49,2320788,1150539,73273,2394061,1223812,50.8411187564333,25.9893007018402,285
-7.6926,53.28823,2021/06/14 23:00:00+00,Tue 15 Jun 2021,14693,41584,205,2335481,1192123,73478,2408959,1265601,51.1574979076886,26.8767465571097,286
-7.6926,53.28823,2021/06/15 23:00:00+00,Wed 16 Jun 2021,13468,48390,215,2348949,1240513,73693,2422642,1314206,51.4480748929635,27.9089393780765,287
-7.6926,53.28823,2021/06/16 23:00:00+00,Thu 17 Jun 2021,21571,42683,534,2370520,1283196,74227,2444747,1357423,51.9175044230009,28.8267107420045,288
-7.6926,53.28823,2021/06/17 23:00:00+00,Fri 18 Jun 2021,12012,50037,553,2382532,1333233,74780,2457312,1408013,52.1843391683038,29.9010577189144,289
-7.6926,53.28823,2021/06/18 23:00:00+00,Sat 19 Jun 2021,6308,32800,433,2388840,1366033,75213,2464053,1441246,52.3274934077059,30.6068053584409,290
-7.6926,53.28823,2021/06/19 23:00:00+00,Sun 20 Jun 2021,8514,26137,177,2397354,1392170,75390,2472744,1467560,52.5120585307801,31.1656186881584,291
-7.6926,53.28823,2021/06/20 23:00:00+00,Mon 21 Jun 2021,15468,32340,573,2412822,1424510,75963,2488785,1500473,52.8527108307724,31.8645706954926,292
-7.6926,53.28823,2021/06/21 23:00:00+00,Tue 22 Jun 2021,15139,43544,722,2427961,1468054,76685,2504646,1544739,53.1895405876565,32.8046189912011,293
-7.6926,53.28823,2021/06/22 23:00:00+00,Wed 23 Jun 2021,20083,39388,883,2448044,1507442,77568,2525612,1585010,53.6347819143593,33.6598280662583,294
-7.6926,53.28823,2021/06/23 23:00:00+00,Thu 24 Jun 2021,19020,44270,1031,2467064,1551712,78599,2545663,1630311,54.0605919802621,34.6218559848389,295
-7.6926,53.28823,2021/06/24 23:00:00+00,Fri 25 Jun 2021,15204,50119,843,2482268,1601831,79442,2561710,1681273,54.401371698358,35.7041028841725,296
-7.6926,53.28823,2021/06/25 23:00:00+00,Sat 26 Jun 2021,9057,30552,510,2491325,1632383,79952,2571277,1712335,54.6045398645588,36.363746406544,297
-7.6926,53.28823,2021/06/26 23:00:00+00,Sun 27 Jun 2021,8726,30473,58,2500051,1662856,80010,2580061,1742866,54.7910799682389,37.0121134267464,298
-7.6926,53.28823,2021/06/27 23:00:00+00,Mon 28 Jun 2021,24227,24637,522,2524278,1687493,80532,2604810,1768025,55.3166584092657,37.5463987715196,299
-7.6926,53.28823,2021/06/28 23:00:00+00,Tue 29 Jun 2021,28146,31030,809,2552424,1718523,81341,2633765,1799864,55.9315569409207,38.2225429383082,300
-7.6926,53.28823,2021/06/29 23:00:00+00,Wed 30 Jun 2021,22564,36861,589,2574988,1755384,81930,2656918,1837314,56.4232421663881,39.0178442683196,301
-7.6926,53.28823,2021/06/30 23:00:00+00,Thu 01 Jul 2021,15012,48312,638,2590000,1803696,82568,2672568,1886264,56.7555910532954,40.0573636302437,302
-7.6926,53.28823,2021/07/01 23:00:00+00,Fri 02 Jul 2021,13665,47260,817,2603665,1850956,83385,2687050,1934341,57.0631358827006,41.0783436580931,303
-7.6926,53.28823,2021/07/02 23:00:00+00,Sat 03 Jul 2021,9311,30471,505,2612976,1881427,83890,2696866,1965317,57.271591900201,41.7361608543129,304
-7.6926,53.28823,2021/07/03 23:00:00+00,Sun 04 Jul 2021,6446,27780,233,2619422,1909207,84123,2703545,1993330,57.4134294858658,42.3310547437017,305
-7.6926,53.28823,2021/07/04 23:00:00+00,Mon 05 Jul 2021,15601,33452,5342,2635023,1942659,89465,2724488,2032124,57.8581823765048,43.154897728921,306
-7.6926,53.28823,2021/07/05 23:00:00+00,Tue 06 Jul 2021,12412,48290,5486,2647435,1990949,94951,2742386,2085900,58.2382705795634,44.296903718846,307
-7.6926,53.28823,2021/07/06 23:00:00+00,Wed 07 Jul 2021,19704,43753,5059,2667139,2034702,100010,2767149,2134712,58.7641463294985,45.3334924643872,308
-7.6926,53.28823,2021/07/07 23:00:00+00,Thu 08 Jul 2021,17770,45586,5995,2684909,2080288,106005,2790914,2186293,59.2688282015338,46.4288846647428,309
-7.6926,53.28823,2021/07/08 23:00:00+00,Fri 09 Jul 2021,13515,45086,6530,2698424,2125374,112535,2810959,2237909,59.694510849333,47.5250201373695,310
-7.6926,53.28823,2021/07/09 23:00:00+00,Sat 10 Jul 2021,8631,23864,4364,2707055,2149238,116899,2823954,2266137,59.9704772253943,48.1244798421375,311
-7.6926,53.28823,2021/07/10 23:00:00+00,Sun 11 Jul 2021,15232,16106,2153,2722287,2165344,119052,2841339,2284396,60.3396711805946,48.512234367763,312
-7.6926,53.28823,2021/07/11 23:00:00+00,Mon 12 Jul 2021,17105,31755,6091,2739392,2197099,125143,2864535,2322242,60.8322695691378,49.3159452926125,313
-7.6926,53.28823,2021/07/12 23:00:00+00,Tue 13 Jul 2021,20099,36566,8488,2759491,2233665,133631,2893122,2367296,61.4393531237716,50.2727278325947,314
-7.6926,53.28823,2021/07/13 23:00:00+00,Wed 14 Jul 2021,20792,35703,9332,2780283,2269368,142963,2923246,2412331,62.0790769492793,51.2291068819155,315
-7.6926,53.28823,2021/07/14 23:00:00+00,Thu 15 Jul 2021,23628,28836,9583,2803911,2298204,152546,2956457,2450750,62.7843573890926,52.0449862356594,316
-7.6926,53.28823,2021/07/15 23:00:00+00,Fri 16 Jul 2021,23527,27418,9165,2827438,2325622,161711,2989149,2487333,63.478616162944,52.8218756496996,317
-7.6926,53.28823,2021/07/16 23:00:00+00,Sat 17 Jul 2021,11498,19420,4676,2838936,2345042,166387,3005323,2511429,63.8220928975663,53.3335867537838,318
-7.6926,53.28823,2021/07/17 23:00:00+00,Sun 18 Jul 2021,16860,15813,1931,2855796,2360855,168318,3024114,2529173,64.2211451617116,53.7104045588499,319
-7.6926,53.28823,2021/07/18 23:00:00+00,Mon 19 Jul 2021,24878,18428,6253,2880674,2379283,174571,3055245,2553854,64.8822539922746,54.2345389280357,320
-7.6926,53.28823,2021/07/19 23:00:00+00,Tue 20 Jul 2021,30574,18173,7697,2911248,2397456,182268,3093516,2579724,65.6949903661295,54.7839233180863,321
-7.6926,53.28823,2021/07/20 23:00:00+00,Wed 21 Jul 2021,30349,19835,6886,2941597,2417291,189154,3130751,2606445,66.4857258807617,55.3513798424985,322
-7.6926,53.28823,2021/07/21 23:00:00+00,Thu 22 Jul 2021,33528,15925,6933,2975125,2433216,196087,3171212,2629303,67.344969862433,55.8368003445386,323
-7.6926,53.28823,2021/07/22 23:00:00+00,Fri 23 Jul 2021,27086,20822,5614,3002211,2454038,201701,3203912,2655739,68.0393985270892,56.3982045090294,324
-7.6926,53.28823,2021/07/23 23:00:00+00,Sat 24 Jul 2021,15431,14805,2274,3017642,2468843,203975,3221617,2672818,68.4153881144818,56.7609001409457,325
-7.6926,53.28823,2021/07/24 23:00:00+00,Sun 25 Jul 2021,14714,13640,1042,3032356,2482483,205017,3237373,2687500,68.7499880545528,57.0726922404711,326
-7.6926,53.28823,2021/07/25 23:00:00+00,Mon 26 Jul 2021,23825,18286,3420,3056181,2500769,208437,3264618,2709206,69.3285724266799,57.5336484666187,327
-7.6926,53.28823,2021/07/26 23:00:00+00,Tue 27 Jul 2021,25501,23902,3670,3081682,2524671,212107,3293789,2736778,69.9480580100648,58.1191771253924,328
-7.6926,53.28823,2021/07/27 23:00:00+00,Wed 28 Jul 2021,23429,25281,3261,3105111,2549952,215368,3320479,2765320,70.5148562076083,58.7253050442491,329
-7.6926,53.28823,2021/07/28 23:00:00+00,Thu 29 Jul 2021,19259,27858,2960,3124370,2577810,218328,3342698,2796138,70.9867066816142,59.379766897074,330
-7.6926,53.28823,2021/07/29 23:00:00+00,Fri 30 Jul 2021,21946,22934,2118,3146316,2600744,220446,3366762,2821190,71.4977382224792,59.9117799523329,331
-7.6926,53.28823,2021/07/30 23:00:00+00,Sat 31 Jul 2021,13733,12479,907,3160049,2613223,221353,3381402,2834576,71.8086383952794,60.1960497414793,332
-7.6926,53.28823,2021/07/31 23:00:00+00,Sun 01 Aug 2021,11101,9319,368,3171150,2622542,221721,3392871,2844263,72.0521981003235,60.4017662697522,333
-7.6926,53.28823,2021/08/01 23:00:00+00,Mon 02 Aug 2021,15016,16007,430,3186166,2638549,222151,3408317,2860700,72.3802147717082,60.7508281645826,334
-7.6926,53.28823,2021/08/02 23:00:00+00,Tue 03 Aug 2021,17334,25444,1110,3203500,2663993,223261,3426761,2887254,72.771898022195,61.3147382184443,335
-7.6926,53.28823,2021/08/03 23:00:00+00,Wed 04 Aug 2021,22102,17297,1575,3225602,2681290,224836,3450438,2906126,73.2747110953773,61.7155106269884,336
-7.6926,53.28823,2021/08/04 23:00:00+00,Thu 05 Aug 2021,13520,30032,1421,3239122,2711322,226257,3465379,2937579,73.5920034097085,62.383457562445,337
-7.6926,53.28823,2021/08/05 23:00:00+00,Fri 06 Aug 2021,12203,24736,948,3251325,2736058,227205,3478530,2963263,73.8712826564636,62.9288919912838,338
-7.6926,53.28823,2021/08/06 23:00:00+00,Sat 07 Aug 2021,6326,8453,583,3257651,2744511,227788,3485439,2972299,74.0180046027666,63.1207836553153,339
-7.6926,53.28823,2021/01/04 00:00:00+00,Mon 04 Jan 2021,1188,3,0,5423,25,1,5424,26,0.115185965660396,0.000552145115628744,340
-7.6926,53.28823,2021/08/07 23:00:00+00,Sun 08 Aug 2021,8624,11974,153,3266275,2756485,227941,3494216,2984426,74.2043960519925,63.3783168790549,341
-7.6926,53.28823,2021/01/05 00:00:00+00,Tue 05 Jan 2021,3530,11,0,8953,36,1,8954,37,0.190150283282299,0.000785744972240904,342
-7.6926,53.28823,2021/08/08 23:00:00+00,Mon 09 Aug 2021,5531,23027,600,3271806,2779512,228541,3500347,3008053,74.3345961175279,63.8800681347073,343
-7.6926,53.28823,2021/01/06 00:00:00+00,Wed 06 Jan 2021,6777,11,0,15730,47,1,15731,48,0.334069031305991,0.00101934482885307,344
-7.6926,53.28823,2021/08/09 23:00:00+00,Tue 10 Aug 2021,9345,25998,714,3281151,2805510,229255,3510406,3034765,74.5482125682244,64.447333531964,345
-7.6926,53.28823,2021/01/07 00:00:00+00,Thu 07 Jan 2021,11724,8,0,27454,55,1,27455,56,0.583044005753352,0.00118923563366191,346
-7.6926,53.28823,2021/08/10 23:00:00+00,Wed 11 Aug 2021,7005,31234,664,3288156,2836744,229919,3518075,3066663,74.7110741409843,65.1247306434381,347
-7.6926,53.28823,2021/01/08 00:00:00+00,Fri 08 Jan 2021,12680,5,0,40134,60,1,40135,61,0.85232093137537,0.00129541738666744,348
-7.6926,53.28823,2021/08/11 23:00:00+00,Thu 12 Aug 2021,6761,38284,862,3294917,2875028,230781,3525698,3105809,74.8729588416165,65.9560488240689,349
-7.6926,53.28823,2021/01/09 00:00:00+00,Sat 09 Jan 2021,8075,7,0,48209,67,1,48210,68,1.0238044624793,0.00144407184087518,350
-7.6926,53.28823,2021/08/12 23:00:00+00,Fri 13 Aug 2021,10921,28240,870,3305838,2903268,231651,3537489,3134919,75.1233566515542,66.5742389900671,351
-7.6926,53.28823,2021/01/10 00:00:00+00,Sun 10 Jan 2021,4781,4,1,52990,71,2,52992,73,1.12535669105378,0.0015502535938807,352
-7.6926,53.28823,2021/08/13 23:00:00+00,Sat 14 Aug 2021,18129,5837,279,3323967,2909105,231930,3555897,3141035,75.5142753934193,66.7041205103435,353
-7.6926,53.28823,2021/01/11 00:00:00+00,Mon 11 Jan 2021,8341,6,0,61331,77,2,61333,79,1.30248909141761,0.00167767169748734,354
-7.6926,53.28823,2021/08/14 23:00:00+00,Sun 15 Aug 2021,16997,3724,50,3340964,2912829,231980,3572944,3144809,75.8762914621164,66.784266497512,355
-7.6926,53.28823,2021/01/12 00:00:00+00,Tue 12 Jan 2021,8882,10,0,70213,87,2,70215,89,1.49111035745662,0.00189003520349839,356
-7.6926,53.28823,2021/08/15 23:00:00+00,Mon 16 Aug 2021,10180,23150,384,3351144,2935979,232364,3583508,3168343,76.1006322698664,67.2840427725585,357
-7.6926,53.28823,2021/01/13 00:00:00+00,Wed 13 Jan 2021,9878,4,0,80091,91,2,80093,93,1.70088302869434,0.00197498060590281,358
-7.6926,53.28823,2021/08/16 23:00:00+00,Tue 17 Aug 2021,12863,26858,528,3364007,2962837,232892,3596899,3195729,76.3850082407659,67.8656214701203,359
-7.6926,53.28823,2021/01/14 00:00:00+00,Thu 14 Jan 2021,8083,4,0,88174,95,2,88176,97,1.87253645060308,0.00205992600830724,360
-7.6926,53.28823,2021/08/17 23:00:00+00,Wed 18 Aug 2021,15226,25764,657,3379233,2988601,233549,3612782,3222150,76.7223051973632,68.4267070893522,361
-7.6926,53.28823,2021/01/15 00:00:00+00,Fri 15 Jan 2021,7691,2,0,95865,97,2,95867,99,2.03586522307618,0.00210239870950945,362
-7.6926,53.28823,2021/08/18 23:00:00+00,Thu 19 Aug 2021,11359,25696,544,3390592,3014297,234093,3624685,3248390,76.9750814785682,68.9839489291252,363
-7.6926,53.28823,2021/01/16 00:00:00+00,Sat 16 Jan 2021,5234,3,0,101099,100,2,101101,102,2.14701628212237,0.00216610776131276,364
-7.6926,53.28823,2021/08/19 23:00:00+00,Fri 20 Aug 2021,14839,22249,686,3405431,3036546,234779,3640210,3271325,77.3047758216503,69.4710046301615,365
-7.6926,53.28823,2021/01/17 00:00:00+00,Sun 17 Jan 2021,1113,4,0,102212,104,2,102214,106,2.1706523403414,0.00225105316371719,366
-7.6926,53.28823,2021/08/20 23:00:00+00,Sat 21 Aug 2021,11882,7970,245,3417313,3044516,235024,3652337,3279540,77.5623090453899,69.6454612503496,367
-7.6926,53.28823,2021/01/18 00:00:00+00,Mon 18 Jan 2021,8714,8,1,110926,112,3,110929,115,2.35572713583003,0.00244218031912714,368
-7.6926,53.28823,2021/08/21 23:00:00+00,Sun 22 Aug 2021,8004,12251,161,3425317,3056767,235185,3660502,3291952,77.735703848048,69.9090468340105,369
-7.6926,53.28823,2021/01/19 00:00:00+00,Tue 19 Jan 2021,8380,19,0,119306,131,3,119309,134,2.5336877538673,0.00284567098054814,370
-7.6926,53.28823,2021/08/22 23:00:00+00,Mon 23 Aug 2021,10863,15368,289,3436180,3072135,235474,3671654,3307609,77.9725316299515,70.241544375372,371
-7.6926,53.28823,2021/01/20 00:00:00+00,Wed 20 Jan 2021,8446,962,0,127752,1093,3,127755,1096,2.71304997104424,0.0232750402588116,372
-7.6926,53.28823,2021/08/23 23:00:00+00,Tue 24 Aug 2021,9706,22917,383,3445886,3095052,235857,3681743,3330909,78.1867851711661,70.7363513443778,373
-7.6926,53.28823,2021/01/21 00:00:00+00,Thu 21 Jan 2021,9006,962,0,136758,2055,3,136761,2058,2.90430454455779,0.0437044095370752,374
-7.6926,53.28823,2021/08/24 23:00:00+00,Wed 25 Aug 2021,9414,19516,314,3455300,3114568,236171,3691471,3350739,78.3933723898136,71.1574681767977,375
-7.6926,53.28823,2021/01/22 00:00:00+00,Fri 22 Jan 2021,6780,967,0,143538,3022,3,143541,3025,3.04828700163329,0.0642399605683442,376
-7.6926,53.28823,2021/08/25 23:00:00+00,Thu 26 Aug 2021,8579,19430,368,3463879,3133998,236539,3700418,3370537,78.5833740186417,71.5779054459984,377
-7.6926,53.28823,2021/01/23 00:00:00+00,Sat 23 Jan 2021,4185,460,0,147723,3482,3,147726,3485,3.13716112889891,0.0740086818448527,378
-7.6926,53.28823,2021/08/26 23:00:00+00,Fri 27 Aug 2021,9721,19203,430,3473600,3153201,236969,3710569,3390170,78.7989442135935,71.9948387173499,379
-7.6926,53.28823,2021/01/24 00:00:00+00,Sun 24 Jan 2021,1182,398,0,148905,3880,3,148908,3883,3.16226249530942,0.0824607493840927,380
-7.6926,53.28823,2021/08/27 23:00:00+00,Sat 28 Aug 2021,9918,7915,153,3483518,3161116,237122,3720640,3398238,79.0128155004972,72.1661735939996,381
-7.6926,53.28823,2021/01/25 00:00:00+00,Mon 25 Jan 2021,1359,1287,0,150264,5167,3,150267,5170,3.19112269577632,0.109791932607716,382
-7.6926,53.28823,2021/08/28 23:00:00+00,Sun 29 Aug 2021,8797,9185,30,3492315,3170301,237152,3729467,3407453,79.2002687672532,72.3618665647888,383
-7.6926,53.28823,2021/01/26 00:00:00+00,Tue 26 Jan 2021,1002,3500,0,151266,8667,3,151269,8670,3.21240151907863,0.184119159711585,384
-7.6926,53.28823,2021/01/27 00:00:00+00,Wed 27 Jan 2021,2172,6700,0,153438,15367,3,153441,15370,3.25852687258423,0.326402708738992,385
-7.6926,53.28823,2021/01/28 00:00:00+00,Thu 28 Jan 2021,1006,11538,0,154444,26905,3,154447,26908,3.27989064128894,0.571427721974547,386
-7.6926,53.28823,2021/01/29 00:00:00+00,Fri 29 Jan 2021,1576,11526,0,156020,38431,3,156023,38434,3.31335912983629,0.81619789900289,387
-7.6926,53.28823,2021/01/30 00:00:00+00,Sat 30 Jan 2021,638,7793,0,156658,46224,3,156661,46227,3.32690792151979,0.981692779237305,388
-7.6926,53.28823,2021/01/31 00:00:00+00,Sun 31 Jan 2021,226,4086,0,156884,50310,3,156887,50313,3.33170733675564,1.06846450779342,389
-7.6926,53.28823,2021/02/01 00:00:00+00,Mon 01 Feb 2021,1025,8334,1,157909,58644,4,157913,58648,3.35349583247238,1.24546949005364,390
-7.6926,53.28823,2021/02/02 00:00:00+00,Tue 02 Feb 2021,828,5109,0,158737,63753,4,158741,63757,3.37107953077009,1.35396600527468,391
-7.6926,53.28823,2021/02/03 00:00:00+00,Wed 03 Feb 2021,1399,6865,0,160136,70618,4,160140,70622,3.40078918526104,1.49975355215127,392
-7.6926,53.28823,2021/02/04 00:00:00+00,Thu 04 Feb 2021,1430,10541,1,161566,81159,5,161571,81164,3.43117840297122,1.72362716018813,393
-7.6926,53.28823,2021/02/05 00:00:00+00,Fri 05 Feb 2021,3391,8613,0,164957,89772,5,164962,89777,3.50319086785957,1.90653584791545,394
-7.6926,53.28823,2021/02/06 00:00:00+00,Sat 06 Feb 2021,899,3867,0,165856,93639,5,165861,93644,3.52228234704996,1.98865681568993,395
-7.6926,53.28823,2021/02/07 00:00:00+00,Sun 07 Feb 2021,328,1300,2,166184,94939,7,166191,94946,3.52929034274833,2.01630654417256,396
-7.6926,53.28823,2021/02/08 00:00:00+00,Mon 08 Feb 2021,1181,879,0,167365,95818,7,167372,95825,3.55437047280823,2.03497329635094,397
-7.6926,53.28823,2021/02/09 00:00:00+00,Tue 09 Feb 2021,4262,543,3,171627,96361,10,171637,96371,3.64494350812195,2.04656834377914,398
-7.6926,53.28823,2021/02/10 00:00:00+00,Wed 10 Feb 2021,8824,580,0,180451,96941,10,180461,96951,3.8323330658261,2.05888542712778,399
-7.6926,53.28823,2021/02/11 00:00:00+00,Thu 11 Feb 2021,6181,445,0,186632,97386,10,186642,97396,3.96359494889154,2.06833560314527,400
-7.6926,53.28823,2021/02/12 00:00:00+00,Fri 12 Feb 2021,4395,524,0,191027,97910,10,191037,97920,4.0569287097834,2.07946345086025,401
-7.6926,53.28823,2021/02/13 00:00:00+00,Sat 13 Feb 2021,1207,1914,0,192234,99824,10,192244,99834,4.08256098495893,2.12010982591077,402
-7.6926,53.28823,2021/02/14 00:00:00+00,Sun 14 Feb 2021,2699,27,0,194933,99851,10,194943,99861,4.13987789523131,2.120683207377,403
-7.6926,53.28823,2021/02/15 00:00:00+00,Mon 15 Feb 2021,1962,7890,0,196895,107741,10,196905,107751,4.18154361511068,2.28823801361972,404
-7.6926,53.28823,2021/02/16 00:00:00+00,Tue 16 Feb 2021,5648,8158,0,202543,115899,10,202553,115909,4.30148652330573,2.46148416182354,405
-7.6926,53.28823,2021/02/17 00:00:00+00,Wed 17 Feb 2021,9745,8465,0,212288,124364,10,212298,124374,4.5084347599135,2.6412498696619,406
-7.6926,53.28823,2021/02/18 00:00:00+00,Thu 18 Feb 2021,8463,8352,1,220751,132716,11,220762,132727,4.68817923140126,2.81863710623293,407
-7.6926,53.28823,2021/02/19 00:00:00+00,Fri 19 Feb 2021,9385,6582,0,230136,139298,11,230147,139309,4.88748238179263,2.95841476588941,408
-7.6926,53.28823,2021/02/20 00:00:00+00,Sat 20 Feb 2021,5886,3568,2,236022,142866,13,236035,142879,5.01252201413194,3.03422853753536,409
-7.6926,53.28823,2021/02/21 00:00:00+00,Sun 21 Feb 2021,1109,1024,6,237131,143890,19,237150,143909,5.03620054505217,3.05610197865449,410
-7.6926,53.28823,2021/02/22 00:00:00+00,Mon 22 Feb 2021,3942,1122,1,241073,145012,20,241093,145032,5.11993547547233,3.07995040037954,411
-7.6926,53.28823,2021/02/23 00:00:00+00,Tue 23 Feb 2021,13362,1064,1,254435,146076,21,254456,146097,5.40371682855491,3.10256711376971,412
-7.6926,53.28823,2021/02/24 00:00:00+00,Wed 24 Feb 2021,16937,2103,3,271372,148179,24,271396,148203,5.76346060773763,3.14729086813564,413
-7.6926,53.28823,2021/02/25 00:00:00+00,Thu 25 Feb 2021,18090,1756,2,289462,149935,26,289488,149961,6.14766866281284,3.18462437249239,414
-7.6926,53.28823,2021/02/26 00:00:00+00,Fri 26 Feb 2021,16078,2768,0,305540,152703,26,305566,152729,6.48910670777741,3.24340659095625,415
-7.6926,53.28823,2021/02/27 00:00:00+00,Sat 27 Feb 2021,8993,704,1,314533,153407,27,314560,153434,6.68010644508375,3.25837821813002,416
-7.6926,53.28823,2021/02/28 00:00:00+00,Sun 28 Feb 2021,2444,57,2,316977,153464,29,317006,153493,6.73205055865406,3.25963116281549,417
-7.6926,53.28823,2021/03/01 00:00:00+00,Mon 01 Mar 2021,5596,795,0,322573,154259,29,322602,154288,6.85088917661784,3.27651406154337,418
-7.6926,53.28823,2021/03/02 00:00:00+00,Tue 02 Mar 2021,12180,1610,0,334753,155869,29,334782,155898,7.10954792693931,3.31070458601115,419
-7.6926,53.28823,2021/03/03 00:00:00+00,Wed 03 Mar 2021,12906,1505,1,347659,157374,30,347689,157404,7.38364550414778,3.34268653001641,420
-7.6926,53.28823,2021/03/04 00:00:00+00,Thu 04 Mar 2021,18740,1688,4,366399,159062,34,366433,159096,7.7816996598149,3.37861843523348,421
-7.6926,53.28823,2021/03/05 00:00:00+00,Fri 05 Mar 2021,18445,2396,6,384844,161458,40,384884,161498,8.1735315647559,3.42962814937734,422
-7.6926,53.28823,2021/03/06 00:00:00+00,Sat 06 Mar 2021,10397,140,4,395241,161598,44,395285,161642,8.394410847358,3.4326861838639,423
-7.6926,53.28823,2021/03/07 00:00:00+00,Sun 07 Mar 2021,1520,13,3,396761,161611,47,396808,161658,8.42675380932348,3.43302596547352,424
-7.6926,53.28823,2021/03/08 00:00:00+00,Mon 08 Mar 2021,6666,1496,5,403427,163107,52,403479,163159,8.56842150418345,3.46490172772578,425
-7.6926,53.28823,2021/03/09 00:00:00+00,Tue 09 Mar 2021,13829,3104,6,417256,166211,58,417314,166269,8.86222641474975,3.53094677809521,426
-7.6926,53.28823,2021/03/10 00:00:00+00,Wed 10 Mar 2021,13732,3989,3,430988,170200,61,431049,170261,9.15390769025593,3.61572228969483,427
-7.6926,53.28823,2021/03/11 00:00:00+00,Thu 11 Mar 2021,18480,2100,3,449468,172300,64,449532,172364,9.54641915841617,3.66038233500895,428
-7.6926,53.28823,2021/03/12 00:00:00+00,Fri 12 Mar 2021,17326,1338,4,466794,173638,68,466862,173706,9.91444511433333,3.68888151751564,429
-7.6926,53.28823,2021/03/13 00:00:00+00,Sat 13 Mar 2021,8307,174,0,475101,173812,68,475169,173880,10.0908554787767,3.69257664252023,430
-7.6926,53.28823,2021/03/14 00:00:00+00,Sun 14 Mar 2021,383,20,2,475484,173832,70,475554,173902,10.0990314737581,3.69304384223345,431
-7.6926,53.28823,2021/03/15 00:00:00+00,Mon 15 Mar 2021,2652,992,0,478136,174824,70,478206,174894,10.1553502755523,3.71411030202975,432
-7.6926,53.28823,2021/03/16 00:00:00+00,Tue 16 Mar 2021,8944,3824,2,487080,178648,72,487152,178720,10.3453306680298,3.79536057942958,433
-7.6926,53.28823,2021/03/17 00:00:00+00,Wed 17 Mar 2021,4900,2415,6,491980,181063,78,492058,181141,10.4495162040788,3.84677378423486,434
-7.6926,53.28823,2021/03/18 00:00:00+00,Thu 18 Mar 2021,11729,4681,5,503709,185744,83,503792,185827,10.6987035420322,3.94628732315164,435
-7.6926,53.28823,2021/03/19 00:00:00+00,Fri 19 Mar 2021,10368,6129,2,514077,191873,85,514162,191958,10.9189244977656,4.07648738868701,436
-7.6926,53.28823,2021/03/20 00:00:00+00,Sat 20 Mar 2021,5240,3117,4,519317,194990,89,519406,195079,11.0302879203178,4.14276603891306,437
-7.6926,53.28823,2021/03/21 00:00:00+00,Sun 21 Mar 2021,3638,55,3,522955,195045,92,523047,195137,11.1076094728564,4.14399774724793,438
-7.6926,53.28823,2021/03/22 00:00:00+00,Mon 22 Mar 2021,7413,2404,1,530368,197449,93,530461,197542,11.265055776213,4.19507117044359,439
-7.6926,53.28823,2021/03/23 00:00:00+00,Tue 23 Mar 2021,12561,7394,4,542929,204843,97,543026,204940,11.5318905215159,4.35217769219057,440
-7.6926,53.28823,2021/03/24 00:00:00+00,Wed 24 Mar 2021,13621,9779,2,556550,214622,99,556649,214721,11.8211933257548,4.55989043741998,441
-7.6926,53.28823,2021/03/25 00:00:00+00,Thu 25 Mar 2021,20870,10226,3,577420,224848,102,577522,224950,12.2644596718517,4.77711706771869,442
-7.6926,53.28823,2021/03/26 00:00:00+00,Fri 26 Mar 2021,19697,9498,1,597117,234346,103,597220,234449,12.6827733059922,4.97884116207859,443
-7.6926,53.28823,2021/03/27 00:00:00+00,Sat 27 Mar 2021,11752,5350,3,608869,239696,106,608975,239802,12.9324066073082,5.09251934684631,444
-7.6926,53.28823,2021/03/28 00:00:00+00,Sun 28 Mar 2021,2491,483,0,611360,240179,106,611466,240285,12.9853063566556,5.10277650418664,445
-7.6926,53.28823,2021/03/28 23:00:00+00,Mon 29 Mar 2021,9272,3120,3,620632,243299,109,620741,243408,13.1822735084808,5.16909762711389,446
-7.6926,53.28823,2021/03/29 23:00:00+00,Tue 30 Mar 2021,13323,8669,4,633955,251968,113,634068,252081,13.4652903529418,5.35328049587728,447
-7.6926,53.28823,2021/03/30 23:00:00+00,Wed 31 Mar 2021,15837,10514,4,649792,262482,117,649909,262599,13.8016953828139,5.57664443149971,448
-7.6926,53.28823,2021/03/31 23:00:00+00,Thu 01 Apr 2021,19701,11578,8,669493,274060,125,669618,274185,14.2202426168111,5.82268878956412,449
-7.6926,53.28823,2021/04/01 23:00:00+00,Fri 02 Apr 2021,20139,13723,9,689632,287783,134,689766,287917,14.6481126087222,6.1143063560185,450
-7.6926,53.28823,2021/04/02 23:00:00+00,Sat 03 Apr 2021,7548,4636,6,697180,292419,140,697320,292559,14.8085320011629,6.21288549550883,451
-7.6926,53.28823,2021/04/03 23:00:00+00,Sun 04 Apr 2021,3038,169,3,700218,292588,143,700361,292731,14.8731117433409,6.21653814781222,452
-7.6926,53.28823,2021/04/04 23:00:00+00,Mon 05 Apr 2021,3430,607,4,703648,293195,147,703795,293342,14.9460373713051,6.2295135580295,453
-7.6926,53.28823,2021/04/05 23:00:00+00,Tue 06 Apr 2021,11991,8150,11,715639,301345,158,715797,301503,15.2009160512195,6.40282341528512,454
-7.6926,53.28823,2021/04/06 23:00:00+00,Wed 07 Apr 2021,18361,10468,10,734000,311813,168,734168,311981,15.5910490481124,6.6253378968835,455
-7.6926,53.28823,2021/04/07 23:00:00+00,Thu 08 Apr 2021,20180,10573,16,754180,322386,184,754364,322570,16.0199383848524,6.85020961339861,456
-7.6926,53.28823,2021/04/08 23:00:00+00,Fri 09 Apr 2021,20677,9157,16,774857,331543,200,775057,331743,16.459382187841,7.04501065746255,457
-7.6926,53.28823,2021/04/09 23:00:00+00,Sat 10 Apr 2021,11171,4169,12,786028,335712,212,786240,335924,16.6968682966132,7.13379983932577,458
-7.6926,53.28823,2021/04/10 23:00:00+00,Sun 11 Apr 2021,2860,362,8,788888,336074,220,789108,336294,16.7577741501372,7.14165728904818,459
-7.6926,53.28823,2021/04/11 23:00:00+00,Mon 12 Apr 2021,7777,2796,13,796665,338870,233,796898,339103,16.9232053213198,7.20131019788669,460
-7.6926,53.28823,2021/04/12 23:00:00+00,Tue 13 Apr 2021,11516,8598,1,808181,347468,234,808415,347702,17.1677843711927,7.38392157670559,461
-7.6926,53.28823,2021/04/13 23:00:00+00,Wed 14 Apr 2021,20356,6598,2,828537,354066,236,828773,354302,17.60011399673,7.52408149067289,462
-7.6926,53.28823,2021/04/14 23:00:00+00,Thu 15 Apr 2021,27126,10808,1,855663,364874,237,855900,365111,18.1761924794862,7.75362520432024,463
-7.6926,53.28823,2021/04/15 23:00:00+00,Fri 16 Apr 2021,27971,9832,1,883634,374706,238,883872,374944,18.7702156785003,7.96244223978091,464
-7.6926,53.28823,2021/04/16 23:00:00+00,Sat 17 Apr 2021,15845,4554,3,899479,379260,241,899720,379501,19.1067693628267,8.05921628947015,465
-7.6926,53.28823,2021/08/29 23:00:00+00,Mon 30 Aug 2021,5058,11124,84,3497373,3181425,237236,3734609,3418661,79.3094660820441,72.599883582326,466
-7.6926,53.28823,2021/08/30 23:00:00+00,Tue 31 Aug 2021,4059,12883,142,3501432,3194308,237378,3738810,3431686,79.3986799909193,72.8764870489054,467
-7.6926,53.28823,2021/08/31 23:00:00+00,Wed 01 Sep 2021,4960,12520,180,3506392,3206828,237558,3743950,3444386,79.507834833009,73.1461887015394,468
-7.6926,53.28823,2021/09/01 23:00:00+00,Thu 02 Sep 2021,5006,12351,247,3511398,3219179,237805,3749203,3456984,79.6193893827166,73.4137242464122,469
-7.6926,53.28823,2021/09/02 23:00:00+00,Fri 03 Sep 2021,4773,16063,165,3516171,3235242,237970,3754141,3473212,79.7242544819849,73.7583477439669,470
-7.6926,53.28823,2021/09/03 23:00:00+00,Sat 04 Sep 2021,4628,10579,133,3520799,3245821,238103,3758902,3483924,79.8253607471968,73.985831531606,471
-7.6926,53.28823,2021/09/04 23:00:00+00,Sun 05 Sep 2021,5305,11897,1,3526104,3257718,238104,3764208,3495822,79.9380408234862,74.2385016310579,472
-7.6926,53.28823,2021/09/05 23:00:00+00,Mon 06 Sep 2021,2153,9665,75,3528257,3267383,238179,3766436,3505562,79.9853554126255,74.4453436859127,473
-7.6926,53.28823,2021/09/06 23:00:00+00,Tue 07 Sep 2021,3027,10012,158,3531284,3277395,238337,3769621,3515732,80.05299318929,74.6613173715259,474
-7.6926,53.28823,2021/09/07 23:00:00+00,Wed 08 Sep 2021,2609,14811,187,3533893,3292206,238524,3772417,3530730,80.1123700255707,74.9798201578413,475
-7.6926,53.28823,2021/09/08 23:00:00+00,Thu 09 Sep 2021,3114,14808,138,3537007,3307014,238662,3775669,3545676,80.1814306377255,75.2972186539254,476
-7.6926,53.28823,2021/09/09 23:00:00+00,Fri 10 Sep 2021,3375,13943,115,3540382,3320957,238777,3779159,3559734,80.2555455013233,75.5957592706758,477
-7.6926,53.28823,2021/09/10 23:00:00+00,Sat 11 Sep 2021,2557,11328,62,3542939,3332285,238839,3781778,3571124,80.3111635035476,75.8376413040224,478
-7.6926,53.28823,2021/09/11 23:00:00+00,Sun 12 Sep 2021,2041,12880,1,3544980,3345165,238840,3783820,3584005,80.3545281314751,76.1111867361152,479
-7.6926,53.28823,2021/09/12 23:00:00+00,Mon 13 Sep 2021,1612,7735,52,3546592,3352900,238892,3785484,3591792,80.3898654188753,76.276554198246,480
-7.6926,53.28823,2021/09/13 23:00:00+00,Tue 14 Sep 2021,1545,10783,82,3548137,3363683,238974,3787111,3602657,80.4244169613033,76.507287147527,481
-7.6926,53.28823,2021/09/14 23:00:00+00,Wed 15 Sep 2021,3279,12396,138,3551416,3376079,239112,3790528,3615191,80.4969815713073,76.7734635659613,482
-7.6926,53.28823,2021/09/15 23:00:00+00,Thu 16 Sep 2021,1911,10590,115,3553327,3386669,239227,3792554,3625896,80.5400064176252,77.0007986991461,483
-7.6926,53.28823,2021/09/16 23:00:00+00,Fri 17 Sep 2021,2559,14614,94,3555886,3401283,239321,3795207,3640604,80.5963464557699,77.3131429437872,484
-7.6926,53.28823,2021/09/17 23:00:00+00,Sat 18 Sep 2021,2287,11228,47,3558173,3412511,239368,3797541,3651879,80.6459120980729,77.5525827968146,485
-7.6926,53.28823,2021/09/18 23:00:00+00,Sun 19 Sep 2021,1861,8490,15,3560034,3421001,239383,3799417,3660384,80.6857514918005,77.733197958677,486
-7.6926,53.28823,2021/09/19 23:00:00+00,Mon 20 Sep 2021,952,5614,35,3560986,3426615,239418,3800404,3666033,80.7067117698438,77.8531621032227,487
-7.6926,53.28823,2021/09/20 23:00:00+00,Tue 21 Sep 2021,1463,6666,90,3562449,3433281,239508,3801957,3672789,80.7396918223273,77.9966348878838,488
-7.6926,53.28823,2021/09/21 23:00:00+00,Wed 22 Sep 2021,1895,8153,97,3564344,3441434,239605,3803949,3681039,80.7819946327247,78.1718347803429,489
-7.6926,53.28823,2021/09/22 23:00:00+00,Thu 23 Sep 2021,1700,8735,89,3566044,3450169,239694,3805738,3689863,80.8199864639501,78.359224338047,490
-7.6926,53.28823,2021/09/23 23:00:00+00,Fri 24 Sep 2021,1909,7385,79,3567953,3457554,239773,3807726,3697327,80.8622043289451,78.5177324589337,491
-7.6926,53.28823,2021/09/24 23:00:00+00,Sat 25 Sep 2021,2419,6597,52,3570372,3464151,239825,3810197,3703976,80.9146793512805,78.6589329540804,492
-7.6926,53.28823,2021/09/25 23:00:00+00,Sun 26 Sep 2021,1548,7097,0,3571920,3471248,239825,3811745,3711073,80.947553222011,78.8096473342965,493
-7.6926,53.28823,2021/09/26 23:00:00+00,Mon 27 Sep 2021,1178,3820,45,3573098,3475068,239870,3812968,3714938,80.9735252787961,78.8917258293697,494
-7.6926,53.28823,2021/09/27 23:00:00+00,Tue 28 Sep 2021,1448,5129,93,3574546,3480197,239963,3814509,3720160,81.0062504950724,79.0026220522087,495
-7.6926,53.28823,2021/09/28 23:00:00+00,Wed 29 Sep 2021,1652,3620,79,3576198,3483817,240042,3816240,3723859,81.0430106179629,79.0811753130822,496
-7.6926,53.28823,2021/09/29 23:00:00+00,Thu 30 Sep 2021,1280,3963,78,3577478,3487780,240120,3817598,3727900,81.0718495820792,79.1669914058613,497
-7.6926,53.28823,2021/09/30 23:00:00+00,Fri 01 Oct 2021,1847,5179,41,3579325,3492959,240161,3819486,3733120,81.1119438120141,79.277845155999,498
-7.6926,53.28823,2021/10/01 23:00:00+00,Sat 02 Oct 2021,1711,4087,40,3581036,3497046,240201,3821237,3737247,81.1491286619167,79.3654875749298,499
-7.6926,53.28823,2021/10/02 23:00:00+00,Sun 03 Oct 2021,1196,3017,9,3582232,3500063,240210,3822442,3740273,81.174718464391,79.4297487718488,500
-7.6926,53.28823,2021/10/03 23:00:00+00,Mon 04 Oct 2021,336,1236,18,3582568,3501299,240228,3822796,3741527,81.1822361325038,79.4563791555025,501
-7.6926,53.28823,2021/10/04 23:00:00+00,Tue 05 Oct 2021,963,2820,70,3583531,3504119,240298,3823829,3744417,81.2041732826747,79.5177522087397,502
-7.6926,53.28823,2021/10/05 23:00:00+00,Wed 06 Oct 2021,980,2572,40,3584511,3506691,240338,3824849,3747029,81.2258343602878,79.5732215565098,503
-7.6926,53.28823,2021/10/06 23:00:00+00,Thu 07 Oct 2021,1213,2697,44,3585724,3509388,240382,3826106,3749770,81.2525284529934,79.6314303935075,504
-7.6926,53.28823,2021/10/07 23:00:00+00,Fri 08 Oct 2021,962,2788,48,3586686,3512176,240430,3827116,3752606,81.2739771671006,79.6916566838122,505
-7.6926,53.28823,2021/10/08 23:00:00+00,Sat 09 Oct 2021,732,2379,23,3587418,3514555,240453,3827871,3755008,81.2900106118044,79.742666397956,506
-7.6926,53.28823,2021/10/09 23:00:00+00,Sun 10 Oct 2021,1503,3915,1,3588921,3518470,240454,3829375,3758924,81.3219500831085,79.82582794691,507
-7.6926,53.28823,2021/10/10 23:00:00+00,Mon 11 Oct 2021,332,1126,19,3589253,3519596,240473,3829726,3760069,81.3294040421695,79.8501435683482,508
-7.6926,53.28823,2021/10/11 23:00:00+00,Tue 12 Oct 2021,559,1608,20,3589812,3521204,240493,3830305,3761697,81.3416998891675,79.8847163471268,509
-7.6926,53.28823,2021/10/12 23:00:00+00,Wed 13 Oct 2021,996,2074,11,3590808,3523278,240504,3831312,3763782,81.3630848942228,79.9289941381301,510
-7.6926,53.28823,2021/10/13 23:00:00+00,Thu 14 Oct 2021,683,1600,8,3591491,3524878,240512,3832003,3765390,81.3777592124882,79.9631421898967,511
-7.6926,53.28823,2021/10/14 23:00:00+00,Fri 15 Oct 2021,949,2067,8,3592440,3526945,240520,3832960,3767465,81.3980824000134,80.007207617394,512
-7.6926,53.28823,2021/10/15 23:00:00+00,Sat 16 Oct 2021,1369,2639,14,3593809,3529584,240534,3834343,3770118,81.4274522728948,80.0635476555387,513
-7.6926,53.28823,2021/10/16 23:00:00+00,Sun 17 Oct 2021,1702,2891,2,3595511,3532475,240536,3836047,3773011,81.463639014319,80.1249844178277,514
-7.6926,53.28823,2021/10/17 23:00:00+00,Mon 18 Oct 2021,671,1244,6,3596182,3533719,240542,3836724,3774261,81.478016023676,80.1515298560791,515
-7.6926,53.28823,2021/10/18 23:00:00+00,Tue 19 Oct 2021,1334,1793,13,3597516,3535512,240555,3838071,3776067,81.5066213879357,80.1898827052647,516
-7.6926,53.28823,2021/10/19 23:00:00+00,Wed 20 Oct 2021,2253,2322,0,3599769,3537834,240555,3840324,3778389,81.55446688584,80.2391935113605,517
-7.6926,53.28823,2021/10/20 23:00:00+00,Thu 21 Oct 2021,1739,1831,11,3601508,3539665,240566,3842074,3780231,81.5916304993919,80.2783108691677,518
-7.6926,53.28823,2021/10/21 23:00:00+00,Fri 22 Oct 2021,1503,1921,3,3603011,3541586,240569,3843580,3782155,81.6236124433972,80.3191696077242,519
-7.6926,53.28823,2021/10/22 23:00:00+00,Sat 23 Oct 2021,2012,1696,1,3605023,3543282,240570,3845593,3783852,81.6663612171572,80.3552076946943,520
-7.6926,53.28823,2021/10/23 23:00:00+00,Sun 24 Oct 2021,1948,2184,2,3606971,3545466,240572,3847543,3786038,81.7077721008293,80.4016303571083,521
-7.6926,53.28823,2021/10/24 23:00:00+00,Mon 25 Oct 2021,1219,847,2,3608190,3546313,240574,3848764,3786887,81.7337016849133,80.4196600187687,522
-7.6926,53.28823,2021/10/25 23:00:00+00,Tue 26 Oct 2021,1240,1219,6,3609430,3547532,240580,3850010,3788112,81.7601621777623,80.445674548255,523
-7.6926,53.28823,2021/10/26 23:00:00+00,Wed 27 Oct 2021,1556,1417,5,3610986,3548949,240585,3851571,3789534,81.7933121210506,80.4758726388098,524
-7.6926,53.28823,2021/10/27 23:00:00+00,Thu 28 Oct 2021,2152,1687,4,3613138,3550636,240589,3853727,3791225,81.8390976929466,80.5117833076763,525
-7.6926,53.28823,2021/10/28 23:00:00+00,Fri 29 Oct 2021,2132,1359,1,3615270,3551995,240590,3855860,3792585,81.8843948287787,80.5406647444938,526
-7.6926,53.28823,2021/10/29 23:00:00+00,Sat 30 Oct 2021,2014,1446,1,3617284,3553441,240591,3857875,3794032,81.92718607524,80.5713937438136,527
-7.6926,53.28823,2021/10/30 23:00:00+00,Sun 31 Oct 2021,1593,1319,0,3618877,3554760,240591,3859468,3795351,81.9610155817475,80.5994044902564,528
-7.6926,53.28823,2021/11/01 00:00:00+00,Mon 01 Nov 2021,266,276,2,3619143,3555036,240593,3859736,3795629,81.9667069237086,80.6053081957236,529
-7.6926,53.28823,2021/11/02 00:00:00+00,Tue 02 Nov 2021,1095,1089,10,3620238,3556125,240603,3860841,3796728,81.9901730911228,80.6286469450342,530
-7.6926,53.28823,2021/11/03 00:00:00+00,Wed 03 Nov 2021,2532,1872,6,3622770,3557997,240609,3863379,3798606,82.0440709489485,80.668528811463,531
-7.6926,53.28823,2021/11/04 00:00:00+00,Thu 04 Nov 2021,1536,1275,1,3624306,3559272,240610,3864916,3799882,82.0767112198224,80.6956263948301,532
-7.6926,53.28823,2021/11/05 00:00:00+00,Fri 05 Nov 2021,1631,1088,3,3625937,3560360,240613,3866550,3800973,82.1114114167046,80.7187952533359,533
-7.6926,53.28823,2021/11/06 00:00:00+00,Sat 06 Nov 2021,1813,1346,5,3627750,3561706,240618,3868368,3802324,82.1500191020974,80.747485562998,534
-7.6926,53.28823,2021/11/07 00:00:00+00,Sun 07 Nov 2021,693,772,0,3628443,3562478,240618,3869061,3803096,82.1647358930639,80.763880025662,535
-7.6926,53.28823,2021/11/08 00:00:00+00,Mon 08 Nov 2021,517,530,3,3628960,3563008,240621,3869581,3803629,82.1757787953765,80.7751990005324,536
-7.6926,53.28823,2021/11/09 00:00:00+00,Tue 09 Nov 2021,1369,1058,3,3630329,3564066,240624,3870953,3804690,82.2049150684012,80.7977307685202,537
-7.6926,53.28823,2021/11/10 00:00:00+00,Wed 10 Nov 2021,1617,1357,1,3631946,3565423,240625,3872571,3806048,82.2392754836738,80.8265697326365,538
-7.6926,53.28823,2021/11/11 00:00:00+00,Thu 11 Nov 2021,1387,1108,2,3633333,3566531,240627,3873960,3807158,82.2687727746587,80.8501420818037,539
-7.6926,53.28823,2021/11/12 00:00:00+00,Fri 12 Nov 2021,1145,1154,6,3634478,3567685,240633,3875111,3808318,82.2932158142006,80.874776248501,540
-7.6926,53.28823,2021/11/13 00:00:00+00,Sat 13 Nov 2021,1400,1370,0,3635878,3569055,240633,3876511,3809688,82.3229467050422,80.9038700488245,541
-7.6926,53.28823,2021/11/14 00:00:00+00,Sun 14 Nov 2021,1647,1803,0,3637525,3570858,240633,3878158,3811491,82.3579229744822,80.9421591889583,542
-7.6926,53.28823,2021/11/15 00:00:00+00,Mon 15 Nov 2021,1245,586,1,3638770,3571444,240634,3879404,3812078,82.3843834673312,80.9546249267611,543
-7.6926,53.28823,2021/11/16 00:00:00+00,Tue 16 Nov 2021,1318,1068,5,3640088,3572512,240639,3880727,3813151,82.4124791591764,80.9774115309561,544
-7.6926,53.28823,2021/11/17 00:00:00+00,Wed 17 Nov 2021,1509,1108,0,3641597,3573620,240639,3882236,3814259,82.4445248122335,81.0009414074221,545
-7.6926,53.28823,2021/11/18 00:00:00+00,Thu 18 Nov 2021,1652,2501,5,3643249,3576121,240644,3883893,3816765,82.4797134451795,81.0541597020285,546
-7.6926,53.28823,2021/11/19 00:00:00+00,Fri 19 Nov 2021,1169,1549,0,3644418,3577670,240644,3885062,3818314,82.5045387390322,81.0870548091096,547
-7.6926,53.28823,2021/11/20 00:00:00+00,Sat 20 Nov 2021,1544,2935,12,3645962,3580605,240656,3886618,3821261,82.5375825005675,81.1496383343311,548
-7.6926,53.28823,2021/11/21 00:00:00+00,Sun 21 Nov 2021,1785,2761,0,3647747,3583366,240656,3888403,3824022,82.5754893863905,81.2082718983407,549
-7.6926,53.28823,2021/11/22 00:00:00+00,Mon 22 Nov 2021,715,509,2,3648462,3583875,240658,3889120,3824533,82.5907158497715,81.2191236734979,550
-7.6926,53.28823,2021/11/23 00:00:00+00,Tue 23 Nov 2021,2158,1587,7,3650620,3585462,240665,3891285,3826127,82.6366925488229,81.2529744163561,551
-7.6926,53.28823,2021/11/24 00:00:00+00,Wed 24 Nov 2021,1624,3138,2,3652244,3588600,240667,3892911,3829267,82.6712228549003,81.3196565572435,552
-7.6926,53.28823,2021/11/25 00:00:00+00,Thu 25 Nov 2021,986,1178,1,3653230,3589778,240668,3893898,3830446,82.6921831329436,81.3446942146022,553
