X,Y,VaccinationDate,VaccineText,Dose1,Dose2,SingleDose,Dose1Cum,Dose2Cum,SingleDoseCum,PartiallyVacc,FullyVacc,PartialPercent,FullyPercent,ObjectId
-7.6926,53.28823,2021/08/30 23:00:00+00,Tue 31 Aug 2021,4052,12859,142,3498330,3191625,237034,3735364,3428659,79.3254995267479,72.8122046156358,1
-7.6926,53.28823,2021/04/29 23:00:00+00,Fri 30 Apr 2021,36114,13519,8,1182432,475052,271,1182703,475323,25.1162955649793,10.0941258767693,2
-7.6926,53.28823,2022/01/01 00:00:00+00,Sat 01 Jan 2022,68,95,0,3682900,3629698,240342,3923242,3870040,83.3153426049824,82.1855262803024,3
-7.6926,53.28823,2020/12/28 00:00:00+00,Mon 28 Dec 2020,210,17,0,210,17,0,210,17,0.00445963362623216,0.000361017960218794,4
-7.6926,53.28823,2021/08/31 23:00:00+00,Wed 01 Sep 2021,4937,12503,180,3503267,3204128,237214,3740481,3441342,79.4341659327738,73.0815452503097,5
-7.6926,53.28823,2021/04/30 23:00:00+00,Sat 01 May 2021,16563,6684,18,1198995,481736,289,1199284,482025,25.4684154942962,10.2364518984979,6
-7.6926,53.28823,2022/01/02 00:00:00+00,Sun 02 Jan 2022,270,623,0,3683170,3630321,240342,3923512,3870663,83.3210764196447,82.1987565267269,7
-7.6926,53.28823,2020/12/29 00:00:00+00,Tue 29 Dec 2020,75,2,0,285,19,0,285,19,0.00605235992131507,0.000403490661421005,8
-7.6926,53.28823,2021/09/01 23:00:00+00,Thu 02 Sep 2021,5002,12333,247,3508269,3216461,237461,3745730,3453922,79.545635537079,73.3486985408716,9
-7.6926,53.28823,2021/05/01 23:00:00+00,Sun 02 May 2021,12439,908,14,1211434,482644,303,1211737,482947,25.7328717683318,10.2560318137521,10
-7.6926,53.28823,2022/01/03 00:00:00+00,Mon 03 Jan 2022,3630,717,1,3686800,3631038,240343,3927143,3871381,83.3981856086773,82.2140042264585,11
-7.6926,53.28823,2020/12/30 00:00:00+00,Wed 30 Dec 2020,1057,1,0,1342,20,0,1342,20,0.0284991825066836,0.00042472701202211,12
-7.6926,53.28823,2021/09/02 23:00:00+00,Fri 03 Sep 2021,4764,16039,165,3513033,3232500,237626,3750659,3470126,79.6503095091918,73.6928123660119,13
-7.6926,53.28823,2021/05/02 23:00:00+00,Mon 03 May 2021,14248,916,21,1225682,483560,324,1226006,483884,26.035893255059,10.2759302742653,14
-7.6926,53.28823,2022/01/04 00:00:00+00,Tue 04 Jan 2022,1192,766,0,3687992,3631804,240343,3928335,3872147,83.4234993385939,82.2302712710189,15
-7.6926,53.28823,2020/12/31 00:00:00+00,Thu 31 Dec 2020,1031,1,0,2373,21,0,2373,21,0.0503938599764234,0.000445963362623216,16
-7.6926,53.28823,2021/09/03 23:00:00+00,Sat 04 Sep 2021,4621,10558,133,3517654,3243058,237759,3755413,3480817,79.7512671199495,73.9198501902883,17
-7.6926,53.28823,2021/05/03 23:00:00+00,Tue 04 May 2021,26651,6781,10,1252333,490341,334,1252667,490675,26.6020755984351,10.4201463311975,18
-7.6926,53.28823,2022/01/05 00:00:00+00,Wed 05 Jan 2022,2143,885,0,3690135,3632689,240343,3930478,3873032,83.469008837932,82.2490654413009,19
-7.6926,53.28823,2021/01/01 00:00:00+00,Fri 01 Jan 2021,808,0,0,3181,21,0,3181,21,0.0675528312621167,0.000445963362623216,20
-7.6926,53.28823,2021/09/04 23:00:00+00,Sun 05 Sep 2021,5303,11889,1,3522957,3254947,237760,3760717,3492707,79.8639047235378,74.1723503989355,21
-7.6926,53.28823,2021/05/04 23:00:00+00,Wed 05 May 2021,32091,13455,69,1284424,503796,403,1284827,504199,27.2850366337666,10.7073467367268,22
-7.6926,53.28823,2022/01/06 00:00:00+00,Thu 06 Jan 2022,2465,1672,0,3692600,3634361,240343,3932943,3874704,83.5213564421637,82.284572619506,23
-7.6926,53.28823,2021/01/02 00:00:00+00,Sat 02 Jan 2021,1015,0,0,4196,21,0,4196,21,0.0891077271222388,0.000445963362623216,24
-7.6926,53.28823,2021/05/05 23:00:00+00,Thu 06 May 2021,37265,14375,132,1321689,518171,535,1322224,518706,28.0792124371961,11.015422474897,25
-7.6926,53.28823,2021/09/05 23:00:00+00,Mon 06 Sep 2021,2147,9657,74,3525104,3264604,237834,3762938,3502438,79.9110706582228,74.3790013266348,26
-7.6926,53.28823,2022/01/07 00:00:00+00,Fri 07 Jan 2022,4858,765,0,3697458,3635126,240343,3937801,3875469,83.6245226333839,82.3008184277158,27
-7.6926,53.28823,2021/01/03 00:00:00+00,Sun 03 Jan 2021,20,2,1,4216,23,1,4217,24,0.089553690484862,0.000509672414426533,28
-7.6926,53.28823,2021/05/06 23:00:00+00,Fri 07 May 2021,40587,15065,97,1362276,533236,632,1362908,533868,28.9431921250515,11.337408022711,29
-7.6926,53.28823,2021/09/06 23:00:00+00,Tue 07 Sep 2021,3020,9993,156,3528124,3274597,237990,3766114,3512587,79.9785173077319,74.5945290488854,30
-7.6926,53.28823,2022/01/08 00:00:00+00,Sat 08 Jan 2022,9793,732,1,3707251,3635858,240344,3947595,3876202,83.8325114511712,82.3163846727064,31
-7.6926,53.28823,2021/01/04 00:00:00+00,Mon 04 Jan 2021,1186,3,0,5402,26,1,5403,27,0.114740002297773,0.000573381466229849,32
-7.6926,53.28823,2021/05/07 23:00:00+00,Sat 08 May 2021,25606,7035,10,1387882,540271,642,1388524,540913,29.4871824820494,11.4870181126958,33
-7.6926,53.28823,2021/09/07 23:00:00+00,Wed 08 Sep 2021,2599,14793,186,3530723,3289390,238176,3768899,3527566,80.037660544156,74.9126283445394,34
-7.6926,53.28823,2022/01/09 00:00:00+00,Sun 09 Jan 2022,7115,662,0,3714366,3636520,240344,3954710,3876864,83.983608085698,82.3304431368043,35
-7.6926,53.28823,2021/01/05 00:00:00+00,Tue 05 Jan 2021,3527,10,0,8929,36,1,8930,37,0.189640610867872,0.000785744972240904,36
-7.6926,53.28823,2021/05/08 23:00:00+00,Sun 09 May 2021,19663,921,5,1407545,541192,647,1408192,541839,29.904859025672,11.5066829733524,37
-7.6926,53.28823,2021/09/08 23:00:00+00,Thu 09 Sep 2021,3111,14787,138,3533834,3304177,238314,3772148,3542491,80.106657447259,75.2295808772609,38
-7.6926,53.28823,2022/01/10 00:00:00+00,Mon 10 Jan 2022,6659,489,0,3721025,3637009,240344,3961369,3877353,84.1250209443508,82.3408277122483,39
-7.6926,53.28823,2021/01/06 00:00:00+00,Wed 06 Jan 2021,6773,8,0,15702,44,1,15703,45,0.33347441348916,0.000955635777049748,40
-7.6926,53.28823,2021/05/09 23:00:00+00,Mon 10 May 2021,28824,4635,170,1436369,545827,817,1437186,546644,30.5205857750004,11.6087236379907,41
-7.6926,53.28823,2021/09/09 23:00:00+00,Fri 10 Sep 2021,3371,13936,115,3537205,3318113,238429,3775634,3556542,80.1806873654544,75.527972839557,42
-7.6926,53.28823,2022/01/11 00:00:00+00,Tue 11 Jan 2022,4776,1344,1,3725801,3638353,240345,3966146,3878698,84.2264669911723,82.3693906038068,43
-7.6926,53.28823,2021/01/07 00:00:00+00,Thu 07 Jan 2021,11722,8,0,27424,52,1,27425,53,0.582406915235319,0.00112552658185859,44
-7.6926,53.28823,2021/05/10 23:00:00+00,Tue 11 May 2021,33912,14807,152,1470281,560634,969,1471250,561603,31.2439808218765,11.9263982066327,45
-7.6926,53.28823,2021/09/10 23:00:00+00,Sat 11 Sep 2021,2551,11314,62,3539756,3329427,238491,3778247,3567918,80.2361779495751,75.7695575639952,46
-7.6926,53.28823,2022/01/12 00:00:00+00,Wed 12 Jan 2022,7560,889,1,3733361,3639242,240346,3973707,3879588,84.3870350380672,82.3882909558418,47
-7.6926,53.28823,2021/01/08 00:00:00+00,Fri 08 Jan 2021,12676,5,0,40100,57,1,40101,58,0.851598895454933,0.00123170833486412,48
-7.6926,53.28823,2021/05/11 23:00:00+00,Wed 12 May 2021,31279,20926,169,1501560,581560,1138,1502698,582698,31.9118215755801,12.374379022563,49
-7.6926,53.28823,2021/09/11 23:00:00+00,Sun 12 Sep 2021,2037,12876,1,3541793,3342303,238492,3780285,3580795,80.2794576321002,76.0430180506856,50
-7.6926,53.28823,2022/01/13 00:00:00+00,Thu 13 Jan 2022,7330,790,0,3740691,3640032,240346,3981037,3880378,84.5426974879733,82.4050676728166,51
-7.6926,53.28823,2021/01/09 00:00:00+00,Sat 09 Jan 2021,8073,6,0,48173,63,1,48174,64,1.02303995385766,0.00135912643847075,52
-7.6926,53.28823,2021/01/10 00:00:00+00,Sun 10 Jan 2021,4778,4,1,52951,67,2,52953,69,1.12452847338034,0.00146530819147628,53
-7.6926,53.28823,2021/01/11 00:00:00+00,Mon 11 Jan 2021,8337,8,0,61288,75,2,61290,77,1.30157592834176,0.00163519899628512,54
-7.6926,53.28823,2021/01/12 00:00:00+00,Tue 12 Jan 2021,8878,10,0,70166,85,2,70168,87,1.49011224897837,0.00184756250229618,55
-7.6926,53.28823,2021/01/13 00:00:00+00,Wed 13 Jan 2021,9877,6,0,80043,91,2,80045,93,1.69986368386549,0.00197498060590281,56
-7.6926,53.28823,2021/01/14 00:00:00+00,Thu 14 Jan 2021,8077,4,0,88120,95,2,88122,97,1.87138968767062,0.00205992600830724,57
-7.6926,53.28823,2021/01/15 00:00:00+00,Fri 15 Jan 2021,7689,2,0,95809,97,2,95811,99,2.03467598744252,0.00210239870950945,58
-7.6926,53.28823,2021/01/16 00:00:00+00,Sat 16 Jan 2021,5229,3,0,101038,100,2,101040,102,2.1457208647357,0.00216610776131276,59
-7.6926,53.28823,2021/01/17 00:00:00+00,Sun 17 Jan 2021,1110,5,0,102148,105,2,102150,107,2.16929321390293,0.00227228951431829,60
-7.6926,53.28823,2021/01/18 00:00:00+00,Mon 18 Jan 2021,8708,8,1,110856,113,3,110859,116,2.35424059128796,0.00246341666972824,61
-7.6926,53.28823,2021/01/19 00:00:00+00,Tue 19 Jan 2021,8376,19,0,119232,132,3,119235,135,2.53211626392282,0.00286690733114925,62
-7.6926,53.28823,2021/01/20 00:00:00+00,Wed 20 Jan 2021,8441,962,0,127673,1094,3,127676,1097,2.71137229934675,0.0232962766094128,63
-7.6926,53.28823,2021/01/21 00:00:00+00,Thu 21 Jan 2021,8999,962,0,136672,2056,3,136675,2059,2.9024782184061,0.0437256458876763,64
-7.6926,53.28823,2021/01/22 00:00:00+00,Fri 22 Jan 2021,6770,967,0,143442,3023,3,143445,3026,3.04624831197558,0.0642611969189453,65
-7.6926,53.28823,2021/01/23 00:00:00+00,Sat 23 Jan 2021,4179,460,0,147621,3483,3,147624,3486,3.1349950211376,0.0740299181954538,66
-7.6926,53.28823,2021/01/24 00:00:00+00,Sun 24 Jan 2021,1180,397,0,148801,3880,3,148804,3883,3.16005391484691,0.0824607493840927,67
-7.6926,53.28823,2021/01/25 00:00:00+00,Mon 25 Jan 2021,1352,1285,0,150153,5165,3,150156,5168,3.1887654608596,0.109749459906513,68
-7.6926,53.28823,2021/01/26 00:00:00+00,Tue 26 Jan 2021,1001,3499,0,151154,8664,3,151157,8667,3.21002304781131,0.184055450659782,69
-7.6926,53.28823,2021/01/27 00:00:00+00,Wed 27 Jan 2021,2164,6699,0,153318,15363,3,153321,15366,3.2559785105121,0.326317763336587,70
-7.6926,53.28823,2021/01/28 00:00:00+00,Thu 28 Jan 2021,997,11538,0,154315,26901,3,154318,26904,3.2771511520614,0.571342776572143,71
-7.6926,53.28823,2021/01/29 00:00:00+00,Fri 29 Jan 2021,1569,11527,0,155884,38428,3,155887,38431,3.31047098615454,0.816134189951086,72
-7.6926,53.28823,2021/01/30 00:00:00+00,Sat 30 Jan 2021,629,7792,0,156513,46220,3,156516,46223,3.32382865068263,0.981607833834901,73
-7.6926,53.28823,2021/01/31 00:00:00+00,Sun 31 Jan 2021,222,4086,0,156735,50306,3,156738,50309,3.32854312051608,1.06837956239102,74
-7.6926,53.28823,2021/02/01 00:00:00+00,Mon 01 Feb 2021,1016,8334,0,157751,58640,3,157754,58643,3.3501192527268,1.24536330830063,75
-7.6926,53.28823,2021/02/02 00:00:00+00,Tue 02 Feb 2021,823,5108,0,158574,63748,3,158577,63751,3.36759676927151,1.35383858717108,76
-7.6926,53.28823,2021/02/03 00:00:00+00,Wed 03 Feb 2021,1392,6863,0,159966,70611,3,159969,70614,3.39715776930825,1.49958366134647,77
-7.6926,53.28823,2021/02/04 00:00:00+00,Thu 04 Feb 2021,1421,10541,1,161387,81152,4,161391,81156,3.42735585986302,1.72345726938332,78
-7.6926,53.28823,2021/02/05 00:00:00+00,Fri 05 Feb 2021,3385,8613,0,164772,89765,4,164776,89769,3.49924090664776,1.90636595711064,79
-7.6926,53.28823,2021/02/06 00:00:00+00,Sat 06 Feb 2021,891,3866,0,165663,93631,4,165667,93635,3.51816249503335,1.98846568853452,80
-7.6926,53.28823,2021/02/07 00:00:00+00,Sun 07 Feb 2021,326,1299,2,165989,94930,6,165995,94936,3.52512801803051,2.01609418066655,81
-7.6926,53.28823,2021/02/08 00:00:00+00,Mon 08 Feb 2021,1167,878,0,167156,95808,6,167162,95814,3.549910839182,2.03473969649432,82
-7.6926,53.28823,2021/02/09 00:00:00+00,Tue 09 Feb 2021,4252,541,2,171408,96349,8,171416,96357,3.6402502746391,2.04627103487072,83
-7.6926,53.28823,2021/02/10 00:00:00+00,Wed 10 Feb 2021,8820,580,0,180228,96929,8,180236,96937,3.82755488694086,2.05858811821937,84
-7.6926,53.28823,2021/02/11 00:00:00+00,Thu 11 Feb 2021,6178,444,0,186406,97373,8,186414,97381,3.95875306095448,2.06801705788626,85
-7.6926,53.28823,2021/02/12 00:00:00+00,Fri 12 Feb 2021,4390,522,0,190796,97895,8,190804,97903,4.05198064009334,2.07910243290003,86
-7.6926,53.28823,2021/02/13 00:00:00+00,Sat 13 Feb 2021,1206,1914,0,192002,99809,8,192010,99817,4.07759167891827,2.11974880795055,87
-7.6926,53.28823,2021/02/14 00:00:00+00,Sun 14 Feb 2021,2693,27,0,194695,99836,8,194703,99844,4.13478117108705,2.12032218941678,88
-7.6926,53.28823,2021/02/15 00:00:00+00,Mon 15 Feb 2021,1957,7886,0,196652,107722,8,196660,107730,4.17634070921341,2.2877920502571,89
-7.6926,53.28823,2021/02/16 00:00:00+00,Tue 16 Feb 2021,5644,8158,0,202296,115880,8,202304,115888,4.29619867200605,2.46103819846092,90
-7.6926,53.28823,2021/02/17 00:00:00+00,Wed 17 Feb 2021,9738,8461,0,212034,124341,8,212042,124349,4.50299825415962,2.64071896089687,91
-7.6926,53.28823,2021/02/18 00:00:00+00,Thu 18 Feb 2021,8454,8349,1,220488,132690,9,220497,132699,4.68255159849196,2.8180424884161,92
-7.6926,53.28823,2021/02/19 00:00:00+00,Fri 19 Feb 2021,9385,6581,0,229873,139271,9,229882,139280,4.88185474888334,2.95779891172198,93
-7.6926,53.28823,2021/02/20 00:00:00+00,Sat 20 Feb 2021,5886,3567,2,235759,142838,11,235770,142849,5.00689438122265,3.03359144701732,94
-7.6926,53.28823,2021/02/21 00:00:00+00,Sun 21 Feb 2021,1108,1023,5,236867,143861,16,236883,143877,5.03053043944168,3.05542241543526,95
-7.6926,53.28823,2021/02/22 00:00:00+00,Mon 22 Feb 2021,3938,1121,1,240805,144982,17,240822,144999,5.11418042445943,3.0792496008097,96
-7.6926,53.28823,2021/02/23 00:00:00+00,Tue 23 Feb 2021,13357,1063,0,254162,146045,17,254179,146062,5.3978343594384,3.10182384149867,97
-7.6926,53.28823,2021/02/24 00:00:00+00,Wed 24 Feb 2021,16937,2101,3,271099,148146,20,271119,148166,5.75757813862113,3.1465051231634,98
-7.6926,53.28823,2021/02/25 00:00:00+00,Thu 25 Feb 2021,18083,1754,2,289182,149900,22,289204,149922,6.14163753924212,3.18379615481894,99
-7.6926,53.28823,2021/02/26 00:00:00+00,Fri 26 Feb 2021,16075,2766,0,305257,152666,22,305279,152688,6.48301187515489,3.2425359005816,100
-7.6926,53.28823,2021/02/27 00:00:00+00,Sat 27 Feb 2021,8990,703,1,314247,153369,23,314270,153392,6.67394790340943,3.25748629140478,101
-7.6926,53.28823,2021/02/28 00:00:00+00,Sun 28 Feb 2021,2442,57,2,316689,153426,25,316714,153451,6.72584954427853,3.25873923609024,102
-7.6926,53.28823,2021/03/01 00:00:00+00,Mon 01 Mar 2021,5587,787,0,322276,154213,25,322301,154238,6.84449703508691,3.27545224401331,103
-7.6926,53.28823,2021/03/02 00:00:00+00,Tue 02 Mar 2021,12174,1607,0,334450,155820,25,334475,155845,7.10302836730477,3.30957905942929,104
-7.6926,53.28823,2021/03/03 00:00:00+00,Wed 03 Mar 2021,12886,1501,1,347336,157321,26,347362,157347,7.37670121750122,3.34147605803215,105
-7.6926,53.28823,2021/03/04 00:00:00+00,Thu 04 Mar 2021,18739,1687,3,366075,159008,29,366104,159037,7.77471290046714,3.37736549054802,106
-7.6926,53.28823,2021/03/05 00:00:00+00,Fri 05 Mar 2021,18439,2392,6,384514,161400,35,384549,161435,8.16641738730453,3.42829025928947,107
-7.6926,53.28823,2021/03/06 00:00:00+00,Sat 06 Mar 2021,10394,137,4,394908,161537,39,394947,161576,8.38723296085482,3.43128458472423,108
-7.6926,53.28823,2021/03/07 00:00:00+00,Sun 07 Mar 2021,1519,10,3,396427,161547,42,396469,161589,8.4195546864697,3.43156065728204,109
-7.6926,53.28823,2021/03/08 00:00:00+00,Mon 08 Mar 2021,6664,1494,5,403091,163041,47,403138,163088,8.56117990862848,3.4633939468331,110
-7.6926,53.28823,2021/03/09 00:00:00+00,Tue 09 Mar 2021,13814,3101,5,416905,166142,52,416957,166194,8.85464503758516,3.52935405180013,111
-7.6926,53.28823,2021/03/10 00:00:00+00,Wed 10 Mar 2021,13728,3984,3,430633,170126,55,430688,170181,9.14624136768894,3.61402338164674,112
-7.6926,53.28823,2021/03/11 00:00:00+00,Thu 11 Mar 2021,18468,2094,3,449101,172220,58,449159,172278,9.53849799964195,3.65855600885726,113
-7.6926,53.28823,2021/03/12 00:00:00+00,Fri 12 Mar 2021,17322,1336,4,466423,173556,62,466485,173618,9.90643901015671,3.68701271866274,114
-7.6926,53.28823,2021/03/13 00:00:00+00,Sat 13 Mar 2021,8300,172,0,474723,173728,62,474785,173790,10.0827007201459,3.69066537096613,115
-7.6926,53.28823,2021/03/14 00:00:00+00,Sun 14 Mar 2021,379,18,2,475102,173746,64,475166,173810,10.0907917697249,3.69109009797815,116
-7.6926,53.28823,2021/03/15 00:00:00+00,Mon 15 Mar 2021,2651,991,0,477753,174737,64,477817,174801,10.1470893351684,3.71213532142385,117
-7.6926,53.28823,2021/03/16 00:00:00+00,Tue 16 Mar 2021,8932,3819,2,486685,178556,66,486751,178622,10.3368148914387,3.79327941707067,118
-7.6926,53.28823,2021/03/17 00:00:00+00,Wed 17 Mar 2021,4893,2418,6,491578,180974,72,491650,181046,10.4408517730335,3.84475633092775,119
-7.6926,53.28823,2021/03/18 00:00:00+00,Thu 18 Mar 2021,11723,4678,5,503301,185652,77,503378,185729,10.6899116928833,3.94420616079273,120
-7.6926,53.28823,2021/03/19 00:00:00+00,Fri 19 Mar 2021,10364,6123,2,513665,191775,79,513744,191854,10.9100477032144,4.0742788082245,121
-7.6926,53.28823,2021/03/20 00:00:00+00,Sat 20 Mar 2021,5237,3116,3,518902,194891,82,518984,194973,11.0213261803641,4.14051498574935,122
-7.6926,53.28823,2021/03/21 00:00:00+00,Sun 21 Mar 2021,3633,53,3,522535,194944,85,522620,195029,11.0985415511498,4.14170422138301,123
-7.6926,53.28823,2021/03/22 00:00:00+00,Mon 22 Mar 2021,7404,2399,1,529939,197343,86,530025,197429,11.255796727351,4.19267146282566,124
-7.6926,53.28823,2021/03/23 00:00:00+00,Tue 23 Mar 2021,12559,7382,4,542498,204725,90,542588,204815,11.5225889999526,4.34952314836543,125
-7.6926,53.28823,2021/03/24 00:00:00+00,Wed 24 Mar 2021,13625,9780,2,556123,214505,92,556215,214597,11.8119767495939,4.55725712994544,126
-7.6926,53.28823,2021/03/25 00:00:00+00,Thu 25 Mar 2021,20861,10221,3,576984,224726,95,577079,224821,12.2550519685354,4.77437757849114,127
-7.6926,53.28823,2021/03/26 00:00:00+00,Fri 26 Mar 2021,19694,9491,1,596678,234217,96,596774,234313,12.6733018936241,4.97595301839684,128
-7.6926,53.28823,2021/03/27 00:00:00+00,Sat 27 Mar 2021,11740,5344,3,608418,239561,99,608517,239660,12.9226803587329,5.08950378506095,129
-7.6926,53.28823,2021/03/28 00:00:00+00,Sun 28 Mar 2021,2487,482,0,610905,240043,99,611004,240142,12.9754951626779,5.09973970605068,130
-7.6926,53.28823,2021/03/28 23:00:00+00,Mon 29 Mar 2021,9259,3118,3,620164,243161,102,620266,243263,13.1721862419453,5.16601835627673,131
-7.6926,53.28823,2021/03/29 23:00:00+00,Tue 30 Mar 2021,13323,8660,4,633487,251821,106,633593,251927,13.4552030864063,5.35001009788471,132
-7.6926,53.28823,2021/03/30 23:00:00+00,Wed 31 Mar 2021,15825,10499,4,649312,262320,110,649422,262430,13.7913532800711,5.57305548824812,133
-7.6926,53.28823,2021/03/31 23:00:00+00,Thu 01 Apr 2021,19685,11577,8,668997,273897,118,669115,274015,14.2095607324587,5.81907860996193,134
-7.6926,53.28823,2021/04/01 23:00:00+00,Fri 02 Apr 2021,20127,13715,7,689124,287612,125,689249,287737,14.6371334154614,6.1104838129103,135
-7.6926,53.28823,2021/04/02 23:00:00+00,Sat 03 Apr 2021,7543,4639,5,696667,292251,130,696797,292381,14.7974253897985,6.20910542510183,136
-7.6926,53.28823,2021/04/03 23:00:00+00,Sun 04 Apr 2021,3027,168,3,699694,292419,133,699827,292552,14.8617715321199,6.21273684105462,137
-7.6926,53.28823,2021/04/04 23:00:00+00,Mon 05 Apr 2021,3425,605,4,703119,293024,137,703256,293161,14.9345909783311,6.2256697785707,138
-7.6926,53.28823,2021/04/05 23:00:00+00,Tue 06 Apr 2021,11982,8156,11,715101,301180,148,715249,301328,15.1892785310901,6.39910705392992,139
-7.6926,53.28823,2021/04/06 23:00:00+00,Wed 07 Apr 2021,18347,10464,10,733448,311644,158,733606,311802,15.5791142190746,6.6215365901259,140
-7.6926,53.28823,2021/04/07 23:00:00+00,Thu 08 Apr 2021,20179,10571,14,753627,322215,172,753799,322387,16.0079398467627,6.84632336123861,141
-7.6926,53.28823,2021/04/08 23:00:00+00,Fri 09 Apr 2021,20682,9160,16,774309,331375,188,774497,331563,16.4474898315044,7.04118811435435,142
-7.6926,53.28823,2021/04/09 23:00:00+00,Sat 10 Apr 2021,11166,4165,12,785475,335540,200,785675,335740,16.6848697585236,7.12989235081517,143
-7.6926,53.28823,2021/04/10 23:00:00+00,Sun 11 Apr 2021,2856,359,7,788331,335899,207,788538,336106,16.7456694302945,7.13766485513517,144
-7.6926,53.28823,2021/04/11 23:00:00+00,Mon 12 Apr 2021,7769,2791,13,796100,338690,220,796320,338910,16.9109307106723,7.19721158222067,145
-7.6926,53.28823,2021/04/12 23:00:00+00,Tue 13 Apr 2021,11499,8592,1,807599,347282,221,807820,347503,17.1551487425851,7.37969554293597,146
-7.6926,53.28823,2021/04/13 23:00:00+00,Wed 14 Apr 2021,20346,6590,2,827945,353872,223,828168,354095,17.5872660046164,7.51968556609846,147
-7.6926,53.28823,2021/04/14 23:00:00+00,Thu 15 Apr 2021,27115,10793,1,855060,364665,224,855284,364889,18.1631108875159,7.74891073448679,148
-7.6926,53.28823,2021/04/15 23:00:00+00,Fri 16 Apr 2021,27968,9824,1,883028,374489,225,883253,374714,18.7570703774783,7.95755787914265,149
-7.6926,53.28823,2021/04/16 23:00:00+00,Sat 17 Apr 2021,15842,4550,2,898870,379039,227,899097,379266,19.0935391164022,8.05422574707889,150
-7.6926,53.28823,2021/04/17 23:00:00+00,Sun 18 Apr 2021,1065,481,0,899935,379520,227,900162,379747,19.1161558297924,8.06444043171802,151
-7.6926,53.28823,2021/04/18 23:00:00+00,Mon 19 Apr 2021,6735,2249,0,906670,381769,227,906897,381996,19.2591826510908,8.11220098421991,152
-7.6926,53.28823,2021/04/19 23:00:00+00,Tue 20 Apr 2021,15080,7311,1,921750,389080,228,921978,389308,19.5794480545061,8.26748117981519,153
-7.6926,53.28823,2021/04/20 23:00:00+00,Wed 21 Apr 2021,26708,9870,4,948458,398950,232,948690,399182,20.1467134517628,8.4771689056505,154
-7.6926,53.28823,2021/04/21 23:00:00+00,Thu 22 Apr 2021,31618,12179,1,980076,411129,233,980309,411362,20.8181856214192,8.73582765597197,155
-7.6926,53.28823,2021/04/22 23:00:00+00,Fri 23 Apr 2021,33619,12348,3,1013695,423477,236,1013931,423713,21.5321942013295,8.99811782224622,156
-7.6926,53.28823,2021/04/23 23:00:00+00,Sat 24 Apr 2021,23694,6987,2,1037389,430464,238,1037627,430702,22.0354107651733,9.14653867659735,157
-7.6926,53.28823,2021/04/24 23:00:00+00,Sun 25 Apr 2021,9744,298,2,1047133,430762,240,1047373,431002,22.2423802381317,9.15290958177768,158
-7.6926,53.28823,2021/04/25 23:00:00+00,Mon 26 Apr 2021,15565,3046,3,1062698,433808,243,1062941,434051,22.5729877442897,9.21765921476045,159
-7.6926,53.28823,2021/04/26 23:00:00+00,Tue 27 Apr 2021,25911,7807,9,1088609,441615,252,1088861,441867,23.1234339518704,9.38364253105869,160
-7.6926,53.28823,2021/04/27 23:00:00+00,Wed 28 Apr 2021,26021,8586,5,1114630,450201,257,1114887,450458,23.6761312126147,9.56608401907279,161
-7.6926,53.28823,2021/04/28 23:00:00+00,Thu 29 Apr 2021,31688,11332,6,1146318,461533,263,1146581,461796,24.3491961085662,9.80686176218813,162
-7.6926,53.28823,2021/09/12 23:00:00+00,Mon 13 Sep 2021,1606,7717,51,3543399,3350020,238543,3781942,3588563,80.3146462650462,76.207982022155,163
-7.6926,53.28823,2021/09/13 23:00:00+00,Tue 14 Sep 2021,1541,10771,81,3544940,3360791,238624,3783564,3599415,80.3490916257212,76.4384388988782,164
-7.6926,53.28823,2021/05/12 23:00:00+00,Thu 13 May 2021,35990,25473,152,1537550,607033,1290,1538840,608323,32.6793457590052,12.9185605067163,165
-7.6926,53.28823,2022/01/14 00:00:00+00,Fri 14 Jan 2022,10728,819,0,3751419,3640851,240346,3991765,3881197,84.770521057222,82.422460243959,166
-7.6926,53.28823,2021/09/14 23:00:00+00,Wed 15 Sep 2021,3273,12385,137,3548213,3373176,238761,3786974,3611937,80.421507581271,76.7043604811053,167
-7.6926,53.28823,2021/05/13 23:00:00+00,Fri 14 May 2021,38209,27943,235,1575759,634976,1525,1577284,636501,33.4957560215141,13.5169583939543,168
-7.6926,53.28823,2021/09/15 23:00:00+00,Thu 16 Sep 2021,1903,10587,113,3550116,3383763,238874,3788990,3622637,80.4643200640828,76.9315894325371,169
-7.6926,53.28823,2022/01/15 00:00:00+00,Sat 15 Jan 2022,8355,637,0,3759774,3641488,240346,4000120,3881834,84.9479507664942,82.4359877992919,170
-7.6926,53.28823,2021/05/14 23:00:00+00,Sat 15 May 2021,28843,12445,21,1604602,647421,1546,1606148,648967,34.1087220452644,13.7816907405476,171
-7.6926,53.28823,2021/09/16 23:00:00+00,Fri 17 Sep 2021,2552,14606,92,3552668,3398369,238966,3791634,3637335,80.5204689750721,77.2437213136722,172
-7.6926,53.28823,2022/01/16 00:00:00+00,Sun 16 Jan 2022,6966,1212,1,3766740,3642700,240347,4007087,3883047,85.0959044211321,82.461747492571,173
-7.6926,53.28823,2021/05/15 23:00:00+00,Sun 16 May 2021,23164,1167,9,1627766,648588,1555,1629321,650143,34.6008319977439,13.8066646888545,174
-7.6926,53.28823,2021/09/17 23:00:00+00,Sat 18 Sep 2021,2283,11223,45,3554951,3409592,239011,3793962,3648603,80.5699071992715,77.4830125122454,175
-7.6926,53.28823,2022/01/17 00:00:00+00,Mon 17 Jan 2022,2567,545,0,3769307,3643245,240347,4009654,3883592,85.1504181331252,82.4733213036486,176
-7.6926,53.28823,2021/05/16 23:00:00+00,Mon 17 May 2021,35377,3937,115,1663143,652525,1670,1664813,654195,35.3545525532783,13.8927143814902,177
-7.6926,53.28823,2021/09/18 23:00:00+00,Sun 19 Sep 2021,1858,8486,15,3556809,3418078,239026,3795835,3657104,80.6096828839474,77.6635427287054,178
-7.6926,53.28823,2022/01/18 00:00:00+00,Tue 18 Jan 2022,4065,428,3,3773372,3643673,240350,4013722,3884023,85.2368076073705,82.4824741707577,179
-7.6926,53.28823,2021/05/17 23:00:00+00,Tue 18 May 2021,39033,12486,125,1702176,665011,1795,1703971,666806,36.1861255701164,14.1605259989208,180
-7.6926,53.28823,2021/09/19 23:00:00+00,Mon 20 Sep 2021,952,5601,34,3557761,3423679,239060,3796821,3662739,80.6306219256401,77.7832095643426,181
-7.6926,53.28823,2022/01/19 00:00:00+00,Wed 19 Jan 2022,3489,614,0,3776861,3644287,240350,4017211,3884637,85.3109012346177,82.4955132900268,182
-7.6926,53.28823,2021/05/18 23:00:00+00,Wed 19 May 2021,37015,17585,204,1739191,682596,1999,1741190,684595,36.9765213031389,14.5382994397638,183
-7.6926,53.28823,2021/09/20 23:00:00+00,Tue 21 Sep 2021,1461,6658,90,3559222,3430337,239150,3798372,3669487,80.6635595054224,77.9265124581989,184
-7.6926,53.28823,2022/01/20 00:00:00+00,Thu 20 Jan 2022,3700,925,1,3780561,3645212,240351,4020912,3885563,85.3894969681924,82.5151781506834,185
-7.6926,53.28823,2021/05/19 23:00:00+00,Thu 20 May 2021,39063,19638,134,1778254,702234,2133,1780387,704367,37.8089225376505,14.9581845638489,186
-7.6926,53.28823,2021/09/21 23:00:00+00,Wed 22 Sep 2021,1892,8132,97,3561114,3438469,239247,3800361,3677716,80.705798606768,78.1012663872954,187
-7.6926,53.28823,2022/01/21 00:00:00+00,Fri 21 Jan 2022,3252,967,0,3783813,3646179,240351,4024164,3886530,85.4585575803472,82.5357137017146,188
-7.6926,53.28823,2021/05/20 23:00:00+00,Fri 21 May 2021,25827,23243,14933,1804081,725477,17066,1821147,742543,38.6745161881515,15.7689034843967,189
-7.6926,53.28823,2021/09/22 23:00:00+00,Thu 23 Sep 2021,1693,8746,89,3562807,3447215,239336,3802143,3686551,80.7436417835392,78.2888895448562,190
-7.6926,53.28823,2022/01/22 00:00:00+00,Sat 22 Jan 2022,4271,637,0,3788084,3646816,240351,4028435,3887167,85.5492580337645,82.5492412570475,191
-7.6926,53.28823,2021/05/21 23:00:00+00,Sat 22 May 2021,16581,10242,13522,1820662,735719,30588,1851250,766307,39.3137940502966,16.2735641200814,192
-7.6926,53.28823,2021/09/23 23:00:00+00,Fri 24 Sep 2021,1907,7385,79,3564714,3454600,239415,3804129,3694015,80.7858171758329,78.4473976657428,193
-7.6926,53.28823,2022/01/23 00:00:00+00,Sun 23 Jan 2022,3092,677,0,3791176,3647493,240351,4031527,3887844,85.6149208298231,82.5636182664045,194
-7.6926,53.28823,2021/05/22 23:00:00+00,Sun 23 May 2021,8207,5521,10204,1828869,741240,40792,1869661,782032,39.7047765012136,16.6075057332838,195
-7.6926,53.28823,2021/05/23 23:00:00+00,Mon 24 May 2021,22535,8206,8448,1851404,749446,49240,1900644,798686,40.3627423518876,16.9611759161946,196
-7.6926,53.28823,2021/05/24 23:00:00+00,Tue 25 May 2021,30317,16476,3222,1881721,765922,52462,1934183,818384,41.0749883146981,17.3794895503351,197
-7.6926,53.28823,2021/05/25 23:00:00+00,Wed 26 May 2021,19950,25379,3048,1901671,791301,55510,1957181,846811,41.5633819058223,17.9831752888728,198
-7.6926,53.28823,2021/05/26 23:00:00+00,Thu 27 May 2021,16992,36014,551,1918663,827315,56061,1974724,883376,41.9359312044175,18.7596824486022,199
-7.6926,53.28823,2021/05/27 23:00:00+00,Fri 28 May 2021,27017,31811,1558,1945680,859126,57619,2003299,916745,42.5427599228441,19.4683182318105,200
-7.6926,53.28823,2021/05/28 23:00:00+00,Sat 29 May 2021,24455,7382,534,1970135,866508,58153,2028288,924661,43.0734350880151,19.6364251831688,201
-7.6926,53.28823,2021/05/29 23:00:00+00,Sun 30 May 2021,24230,1673,209,1994365,868181,58362,2052727,926543,43.5924302603555,19.6763919950001,202
-7.6926,53.28823,2021/05/30 23:00:00+00,Mon 31 May 2021,22558,7318,3442,2016923,875499,61804,2078727,937303,44.1445753759843,19.904895127468,203
-7.6926,53.28823,2021/05/31 23:00:00+00,Tue 01 Jun 2021,27512,11506,3650,2044435,887005,65454,2109889,952459,44.8063425334159,20.2267532571784,204
-7.6926,53.28823,2021/06/01 23:00:00+00,Wed 02 Jun 2021,18673,20879,4007,2063108,907884,69461,2132569,977345,45.287982965049,20.7552410782375,205
-7.6926,53.28823,2021/06/02 23:00:00+00,Thu 03 Jun 2021,16653,30699,1975,2079761,938583,71436,2151197,1010019,45.6835737040464,21.449117597778,206
-7.6926,53.28823,2021/06/03 23:00:00+00,Fri 04 Jun 2021,28988,23339,150,2108749,961922,71586,2180335,1033508,46.3023584878614,21.9479382370474,207
-7.6926,53.28823,2021/06/04 23:00:00+00,Sat 05 Jun 2021,20942,11482,33,2129691,973404,71619,2201310,1045023,46.7477909417196,22.1924748142191,208
-7.6926,53.28823,2021/06/05 23:00:00+00,Sun 06 Jun 2021,19918,3895,40,2149609,977299,71659,2221268,1048958,47.1716260270165,22.2760398538344,209
-7.6926,53.28823,2021/06/06 23:00:00+00,Mon 07 Jun 2021,19784,4572,43,2169393,981871,71702,2241095,1053573,47.5926791503846,22.3740456118585,210
-7.6926,53.28823,2021/06/07 23:00:00+00,Tue 08 Jun 2021,26376,18338,42,2195769,1000209,71744,2267513,1071953,48.1537010605646,22.7643697359069,211
-7.6926,53.28823,2021/06/08 23:00:00+00,Wed 09 Jun 2021,32762,20097,172,2228531,1020306,71916,2300447,1092222,48.8530990312614,23.1948093262407,212
-7.6926,53.28823,2021/06/09 23:00:00+00,Thu 10 Jun 2021,27659,27477,268,2256190,1047783,72184,2328374,1119967,49.4461665944985,23.7840118736683,213
-7.6926,53.28823,2021/06/10 23:00:00+00,Fri 11 Jun 2021,26410,32889,40,2282600,1080672,72224,2354824,1152896,50.0078680678977,24.4833036626122,214
-7.6926,53.28823,2021/06/11 23:00:00+00,Sat 12 Jun 2021,12189,19711,103,2294789,1100383,72327,2367116,1172710,50.2689052894865,24.9040807134225,215
-7.6926,53.28823,2021/06/12 23:00:00+00,Sun 13 Jun 2021,8533,18162,830,2303322,1118545,73157,2376479,1191702,50.4677412401647,25.3074014840387,216
-7.6926,53.28823,2021/06/13 23:00:00+00,Mon 14 Jun 2021,15996,31291,46,2319318,1149836,73203,2392521,1223039,50.8084147765076,25.9728850028255,217
-7.6926,53.28823,2021/06/14 23:00:00+00,Tue 15 Jun 2021,14667,41570,204,2333985,1191406,73407,2407392,1264813,51.1242205462966,26.8600123128361,218
-7.6926,53.28823,2021/06/15 23:00:00+00,Wed 16 Jun 2021,13437,48374,212,2347422,1239780,73619,2421041,1313399,51.4140754956511,27.8918016431414,219
-7.6926,53.28823,2021/06/16 23:00:00+00,Thu 17 Jun 2021,21543,42665,534,2368965,1282445,74153,2443118,1356598,51.8829104078717,28.8091907527585,220
-7.6926,53.28823,2021/06/17 23:00:00+00,Fri 18 Jun 2021,11988,50033,549,2380953,1332478,74702,2455655,1407180,52.1491505353578,29.8833678388637,221
-7.6926,53.28823,2021/06/18 23:00:00+00,Sat 19 Jun 2021,6293,32787,432,2387246,1365265,75134,2462380,1440399,52.2919649931502,30.5888181694818,222
-7.6926,53.28823,2021/06/19 23:00:00+00,Sun 20 Jun 2021,8496,26130,176,2395742,1391395,75310,2471052,1466705,52.476126625563,31.1474616083945,223
-7.6926,53.28823,2021/06/20 23:00:00+00,Mon 21 Jun 2021,15445,32319,570,2411187,1423714,75880,2487067,1499594,52.8162267804397,31.8459039433142,224
-7.6926,53.28823,2021/06/21 23:00:00+00,Tue 22 Jun 2021,15108,43524,717,2426295,1467238,76597,2502892,1543835,53.1522920287022,32.7854213302577,225
-7.6926,53.28823,2021/06/22 23:00:00+00,Wed 23 Jun 2021,20063,39376,878,2446358,1506614,77475,2523833,1584089,53.59700244664,33.6402693873546,226
-7.6926,53.28823,2021/06/23 23:00:00+00,Thu 24 Jun 2021,18998,44247,1030,2465356,1550861,78505,2543861,1629366,54.0223240764789,34.6017876335209,227
-7.6926,53.28823,2021/06/24 23:00:00+00,Fri 25 Jun 2021,15183,50110,838,2480539,1600971,79343,2559882,1680314,54.3625516494592,35.683737223946,228
-7.6926,53.28823,2021/06/25 23:00:00+00,Sat 26 Jun 2021,9027,30536,500,2489566,1631507,79843,2569409,1711350,54.5648703616359,36.3428286012019,229
-7.6926,53.28823,2021/06/26 23:00:00+00,Sun 27 Jun 2021,8711,30461,55,2498277,1661968,79898,2578175,1741866,54.7510282110052,36.9908770761453,230
-7.6926,53.28823,2021/06/27 23:00:00+00,Mon 28 Jun 2021,24203,24623,517,2522480,1686591,80415,2602895,1767006,55.2759907978646,37.5247589302571,231
-7.6926,53.28823,2021/06/28 23:00:00+00,Tue 29 Jun 2021,28122,31005,806,2550602,1717596,81221,2631823,1798817,55.8903159480533,38.2003084792288,232
-7.6926,53.28823,2021/06/29 23:00:00+00,Wed 30 Jun 2021,22537,36841,581,2573139,1754437,81802,2654941,1836239,56.3812579012497,38.9950151914234,233
-7.6926,53.28823,2021/06/30 23:00:00+00,Thu 01 Jul 2021,14968,48301,634,2588107,1802738,82436,2670543,1885174,56.7125874433281,40.0342160080885,234
-7.6926,53.28823,2021/07/01 23:00:00+00,Fri 02 Jul 2021,13623,47237,812,2601730,1849975,83248,2684978,1933223,57.0191341642551,41.054601418121,235
-7.6926,53.28823,2021/07/02 23:00:00+00,Sat 03 Jul 2021,9293,30456,503,2611023,1880431,83751,2694774,1964182,57.2271654547435,41.7120575963806,236
-7.6926,53.28823,2021/07/03 23:00:00+00,Sun 04 Jul 2021,6423,27768,230,2617446,1908199,83981,2701427,1992180,57.3684508952927,42.3066329405104,237
-7.6926,53.28823,2021/07/04 23:00:00+00,Mon 05 Jul 2021,15566,33421,5335,2633012,1941620,89316,2722328,2030936,57.8123118592064,43.1296689444068,238
-7.6926,53.28823,2021/07/05 23:00:00+00,Tue 06 Jul 2021,12380,48270,5482,2645392,1989890,94798,2740190,2084688,58.1916355536433,44.2711652619175,239
-7.6926,53.28823,2021/07/06 23:00:00+00,Wed 07 Jul 2021,19673,43732,5053,2665065,2033622,99851,2764916,2133473,58.7167255586063,45.3071806259924,240
-7.6926,53.28823,2021/07/07 23:00:00+00,Thu 08 Jul 2021,17734,45569,5988,2682799,2079191,105839,2788638,2185030,59.2204942675657,46.4020631539336,241
-7.6926,53.28823,2021/07/08 23:00:00+00,Fri 09 Jul 2021,13496,45082,6525,2696295,2124273,112364,2808659,2236637,59.6456672429504,47.4980074994049,242
-7.6926,53.28823,2021/07/09 23:00:00+00,Sat 10 Jul 2021,8606,23849,4360,2704901,2148122,116724,2821625,2264846,59.9210177648444,48.0970637135114,243
-7.6926,53.28823,2021/07/10 23:00:00+00,Sun 11 Jul 2021,15213,16095,2150,2720114,2164217,118874,2838988,2283091,60.2897445203314,48.4845209302286,244
-7.6926,53.28823,2021/07/11 23:00:00+00,Mon 12 Jul 2021,17083,31726,6087,2737197,2195943,124961,2862158,2320904,60.781790763759,49.2875310555082,245
-7.6926,53.28823,2021/07/12 23:00:00+00,Tue 13 Jul 2021,20075,36533,8481,2757272,2232476,133442,2890714,2365918,61.3882159915242,50.2434641414664,246
-7.6926,53.28823,2021/07/13 23:00:00+00,Wed 14 Jul 2021,20770,35667,9328,2778042,2268143,142770,2920812,2410913,62.0273876719162,51.1989937367631,247
-7.6926,53.28823,2021/07/14 23:00:00+00,Thu 15 Jul 2021,23590,28802,9571,2801632,2296945,152341,2953973,2449286,62.7316062941995,52.0138962183793,248
-7.6926,53.28823,2021/07/15 23:00:00+00,Fri 16 Jul 2021,23514,27387,9158,2825146,2324332,161499,2986645,2485831,63.4254403410388,52.7899786510967,249
-7.6926,53.28823,2021/07/16 23:00:00+00,Sat 17 Jul 2021,11471,19404,4675,2836617,2343736,166174,3002791,2509910,63.7683224578442,53.3013287372208,250
-7.6926,53.28823,2021/07/17 23:00:00+00,Sun 18 Jul 2021,16838,15793,1924,2853455,2359529,168098,3021553,2527627,64.1667588678222,53.6775731608205,251
-7.6926,53.28823,2021/07/18 23:00:00+00,Mon 19 Jul 2021,24856,18391,6241,2878311,2377920,174339,3052650,2552259,64.8271456624648,54.200666948827,252
-7.6926,53.28823,2021/07/19 23:00:00+00,Tue 20 Jul 2021,30547,18138,7691,2908858,2396058,182030,3090888,2578088,65.6391812367498,54.7491806485029,253
-7.6926,53.28823,2021/07/20 23:00:00+00,Wed 21 Jul 2021,30317,19805,6882,2939175,2415863,188912,3128087,2604775,66.4291522427604,55.3159151369946,254
-7.6926,53.28823,2021/07/21 23:00:00+00,Thu 22 Jul 2021,33505,15898,6929,2972680,2431761,195841,3168521,2627602,67.2878228429655,55.8006773121661,255
-7.6926,53.28823,2021/07/22 23:00:00+00,Fri 23 Jul 2021,27061,20790,5609,2999741,2452551,201450,3201191,2654001,67.9816144171036,56.3612957316847,256
-7.6926,53.28823,2021/07/23 23:00:00+00,Sat 24 Jul 2021,15417,14781,2268,3015158,2467332,203718,3218876,2671050,68.3571792774841,56.7233542730829,257
-7.6926,53.28823,2021/07/24 23:00:00+00,Sun 25 Jul 2021,14700,13624,1040,3029858,2480956,204758,3234616,2685714,68.6914394359455,57.0347641182975,258
-7.6926,53.28823,2021/07/25 23:00:00+00,Mon 26 Jul 2021,23802,18253,3416,3053660,2499209,208174,3261834,2707383,69.2694504266064,57.4949345994729,259
-7.6926,53.28823,2021/07/26 23:00:00+00,Tue 27 Jul 2021,25474,23858,3664,3079134,2523067,211838,3290972,2734905,69.8882352104214,58.0794014407165,260
-7.6926,53.28823,2021/07/27 23:00:00+00,Wed 28 Jul 2021,23402,25246,3257,3102536,2548313,215095,3317631,2763408,70.4543750810963,58.6847011418998,261
-7.6926,53.28823,2021/07/28 23:00:00+00,Thu 29 Jul 2021,19236,27821,2955,3121772,2576134,218050,3339822,2794184,70.9256309372854,59.3382710679994,262
-7.6926,53.28823,2021/07/29 23:00:00+00,Fri 30 Jul 2021,21919,22896,2114,3143691,2599030,220164,3363855,2819194,71.4360041512818,59.8693921965331,263
-7.6926,53.28823,2021/07/30 23:00:00+00,Sat 31 Jul 2021,13718,12440,906,3157409,2611470,221070,3378479,2832540,71.7465645424724,60.1528125316554,264
-7.6926,53.28823,2021/07/31 23:00:00+00,Sun 01 Aug 2021,11074,9294,368,3168483,2620764,221438,3389921,2842202,71.9895508660502,60.3579981511633,265
-7.6926,53.28823,2021/08/01 23:00:00+00,Mon 02 Aug 2021,14994,15966,425,3183477,2636730,221863,3405340,2858593,72.3169941559687,60.706083173866,266
-7.6926,53.28823,2021/08/02 23:00:00+00,Tue 03 Aug 2021,17312,25407,1105,3200789,2662137,222968,3423757,2885105,72.7081040249892,61.2691013010026,267
-7.6926,53.28823,2021/08/03 23:00:00+00,Wed 04 Aug 2021,22080,17254,1571,3222869,2679391,224539,3447408,2903930,73.210364953056,61.6688756010684,268
-7.6926,53.28823,2021/08/04 23:00:00+00,Thu 05 Aug 2021,13501,29998,1421,3236370,2709389,225960,3462330,2935349,73.5272537767257,62.3361005006045,269
-7.6926,53.28823,2021/08/05 23:00:00+00,Fri 06 Aug 2021,12173,24719,946,3248543,2734108,226906,3475449,2961014,73.8058534602616,62.8811314387819,270
-7.6926,53.28823,2021/08/06 23:00:00+00,Sat 07 Aug 2021,6322,8419,580,3254865,2742527,227486,3482351,2970013,73.9524267521104,63.0722373578412,271
-7.6926,53.28823,2021/08/07 23:00:00+00,Sun 08 Aug 2021,8606,11947,153,3263471,2754474,227639,3491110,2982113,74.1384359470255,63.3291972001146,272
-7.6926,53.28823,2021/08/08 23:00:00+00,Mon 09 Aug 2021,5518,22992,598,3268989,2777466,228237,3497226,3005703,74.2683174673019,63.8301627107947,273
-7.6926,53.28823,2021/08/09 23:00:00+00,Tue 10 Aug 2021,9328,25948,710,3278317,2803414,228947,3507264,3032361,74.4814879546358,64.396281345119,274
-7.6926,53.28823,2021/08/10 23:00:00+00,Wed 11 Aug 2021,6986,31202,657,3285303,2834616,229604,3514907,3064220,74.64379738228,65.0728502389196,275
-7.6926,53.28823,2021/08/11 23:00:00+00,Thu 12 Aug 2021,6741,38246,858,3292044,2872862,230462,3522506,3103324,74.8051724104978,65.9032764928252,276
-7.6926,53.28823,2021/08/12 23:00:00+00,Fri 13 Aug 2021,10900,28202,867,3302944,2901064,231329,3534273,3132393,75.055060548021,66.5205959684487,277
-7.6926,53.28823,2021/08/13 23:00:00+00,Sat 14 Aug 2021,18115,5820,277,3321059,2906884,231606,3552665,3138490,75.4456395082766,66.6500739980637,278
-7.6926,53.28823,2021/08/14 23:00:00+00,Sun 15 Aug 2021,16992,3704,49,3338051,2910588,231655,3569706,3142243,75.80752815887,66.7297740218696,279
-7.6926,53.28823,2021/08/15 23:00:00+00,Mon 16 Aug 2021,10165,23102,383,3348216,2933690,232038,3580254,3165728,76.0315291850105,67.2285097157366,280
-7.6926,53.28823,2021/08/16 23:00:00+00,Tue 17 Aug 2021,12849,26828,526,3361065,2960518,232564,3593629,3193082,76.3155653743002,67.8094088500792,281
-7.6926,53.28823,2021/08/17 23:00:00+00,Wed 18 Aug 2021,15213,25741,656,3376278,2986259,233220,3609498,3219479,76.6525650219892,68.3699847968966,282
-7.6926,53.28823,2021/08/18 23:00:00+00,Thu 19 Aug 2021,11346,25667,540,3387624,3011926,233760,3621384,3245686,76.9049802852339,68.9265258370998,283
-7.6926,53.28823,2021/08/19 23:00:00+00,Fri 20 Aug 2021,14825,22213,684,3402449,3034139,234444,3636893,3268583,77.2343348467065,69.4127745568133,284
-7.6926,53.28823,2021/08/20 23:00:00+00,Sat 21 Aug 2021,11863,7952,243,3414312,3042091,234687,3648999,3276778,77.4914221070835,69.5868064499894,285
-7.6926,53.28823,2021/08/21 23:00:00+00,Sun 22 Aug 2021,8000,12237,161,3422312,3054328,234848,3657160,3289176,77.6647319643391,69.8500947247419,286
-7.6926,53.28823,2021/08/22 23:00:00+00,Mon 23 Aug 2021,10852,15340,288,3433164,3069668,235136,3668300,3304804,77.9013049100354,70.1819764119359,287
-7.6926,53.28823,2021/08/23 23:00:00+00,Tue 24 Aug 2021,9694,22883,383,3442858,3092551,235519,3678377,3328070,78.1153036150427,70.6760613450213,288
-7.6926,53.28823,2021/08/24 23:00:00+00,Wed 25 Aug 2021,9403,19486,312,3452261,3112037,235831,3688092,3347868,78.3216147611325,71.0964986142219,289
-7.6926,53.28823,2021/08/25 23:00:00+00,Thu 26 Aug 2021,8565,19396,368,3460826,3131433,236199,3697025,3367632,78.5113190810522,71.5162138475022,290
-7.6926,53.28823,2021/08/26 23:00:00+00,Fri 27 Aug 2021,9705,19174,430,3470531,3150607,236629,3707160,3387236,78.7265494943943,71.9325312646863,291
-7.6926,53.28823,2021/08/27 23:00:00+00,Sat 28 Aug 2021,9912,7892,153,3480443,3158499,236782,3717225,3395281,78.9402933631945,72.1033777052722,292
-7.6926,53.28823,2021/08/28 23:00:00+00,Sun 29 Aug 2021,8791,9174,28,3489234,3167673,236810,3726044,3404483,79.1275767391456,72.2987946035035,293
-7.6926,53.28823,2021/08/29 23:00:00+00,Mon 30 Aug 2021,5044,11093,82,3494278,3178766,236892,3731170,3415658,79.2364342723269,72.5361108214709,294
-7.6926,53.28823,2021/09/24 23:00:00+00,Sat 25 Sep 2021,2412,6584,51,3567126,3461184,239466,3806592,3700650,80.8381223073635,78.5883008519811,295
-7.6926,53.28823,2022/01/24 00:00:00+00,Mon 24 Jan 2022,646,458,0,3791822,3647951,240351,4032173,3888302,85.6286395123115,82.5733445149798,296
-7.6926,53.28823,2021/09/25 23:00:00+00,Sun 26 Sep 2021,1538,7095,0,3568664,3468279,239466,3808130,3707745,80.870783814588,78.738972759496,297
-7.6926,53.28823,2022/01/25 00:00:00+00,Tue 25 Jan 2022,699,1828,0,3792521,3649779,240351,4032872,3890130,85.6434837213816,82.6121645638786,298
-7.6926,53.28823,2021/09/26 23:00:00+00,Mon 27 Sep 2021,1173,3796,45,3569837,3472075,239511,3809348,3711586,80.8966496896201,78.8205415821548,299
-7.6926,53.28823,2022/01/26 00:00:00+00,Wed 26 Jan 2022,701,885,0,3793222,3650664,240351,4033573,3891015,85.658370403153,82.6309587341606,300
-7.6926,53.28823,2021/09/27 23:00:00+00,Tue 28 Sep 2021,1445,5120,92,3571282,3477195,239603,3810885,3716798,80.929289960494,78.9312254414878,301
-7.6926,53.28823,2022/01/27 00:00:00+00,Thu 27 Jan 2022,1274,1162,0,3794496,3651826,240351,4034847,3892177,85.6854255138188,82.6556353735591,302
-7.6926,53.28823,2021/09/28 23:00:00+00,Wed 29 Sep 2021,1651,3607,78,3572933,3480802,239681,3812614,3720483,80.9660076106833,79.0094813934529,303
-7.6926,53.28823,2022/01/28 00:00:00+00,Fri 28 Jan 2022,1032,3090,0,3795528,3654916,240351,4035879,3895267,85.7073414276392,82.7212556969165,304
-7.6926,53.28823,2021/09/29 23:00:00+00,Thu 30 Sep 2021,1280,3951,78,3574213,3484753,239759,3813972,3724512,80.9948465747996,79.0950426500247,305
-7.6926,53.28823,2022/01/29 00:00:00+00,Sat 29 Jan 2022,2328,3442,0,3797856,3658358,240351,4038207,3898709,85.7567796518385,82.7943512156855,306
-7.6926,53.28823,2021/09/30 23:00:00+00,Fri 01 Oct 2021,1836,5165,41,3576049,3489918,239800,3815849,3729718,81.0347072048779,79.2055990912541,307
-7.6926,53.28823,2022/01/30 00:00:00+00,Sun 30 Jan 2022,1633,7538,0,3799489,3665896,240351,4039840,3906247,85.7914586123701,82.9544308265166,308
-7.6926,53.28823,2021/10/01 23:00:00+00,Sat 02 Oct 2021,1707,4079,40,3577756,3493997,239840,3817596,3733837,81.071807109378,79.29307161938,309
-7.6926,53.28823,2022/01/31 00:00:00+00,Mon 31 Jan 2022,480,1386,0,3799969,3667282,240351,4040320,3907633,85.8016520606587,82.9838644084498,310
-7.6926,53.28823,2021/10/02 23:00:00+00,Sun 03 Oct 2021,1194,3011,9,3578950,3497008,239849,3818799,3736857,81.0973544391512,79.3572053981954,311
-7.6926,53.28823,2022/02/01 00:00:00+00,Tue 01 Feb 2022,751,3409,1,3800720,3670691,240352,4041072,3911043,85.8176217963107,83.0562803639995,312
-7.6926,53.28823,2021/10/03 23:00:00+00,Mon 04 Oct 2021,338,1231,18,3579288,3498239,239867,3819155,3738106,81.1049145799652,79.3837296000962,313
-7.6926,53.28823,2022/02/02 00:00:00+00,Wed 02 Feb 2022,645,2994,0,3801365,3673685,240352,4041717,3914037,85.8313192424484,83.1198619976992,314
-7.6926,53.28823,2021/10/04 23:00:00+00,Tue 05 Oct 2021,964,2814,70,3580252,3501053,239937,3820189,3740990,81.1268729664867,79.4449752352297,315
-7.6926,53.28823,2022/02/03 00:00:00+00,Thu 03 Feb 2022,911,2428,1,3802276,3676113,240353,4042629,3916466,85.8506867941966,83.1714450933093,316
-7.6926,53.28823,2021/10/05 23:00:00+00,Wed 06 Oct 2021,973,2558,37,3581225,3503611,239974,3821199,3743585,81.1483216805938,79.5000835650396,317
-7.6926,53.28823,2022/02/04 00:00:00+00,Fri 04 Feb 2022,1172,6517,0,3803448,3682630,240353,4043801,3922983,85.8755757971011,83.3098423901767,318
-7.6926,53.28823,2021/10/06 23:00:00+00,Thu 07 Oct 2021,1209,2687,44,3582434,3506298,240018,3822452,3746316,81.174930827897,79.5580800385312,319
-7.6926,53.28823,2022/02/05 00:00:00+00,Sat 05 Feb 2022,1777,5747,0,3805225,3688377,240353,4045578,3928730,85.9133127921193,83.4318876970813,320
-7.6926,53.28823,2021/10/07 23:00:00+00,Fri 08 Oct 2021,974,2772,47,3583408,3509070,240065,3823473,3749135,81.1966131418607,79.6179453108758,321
-7.6926,53.28823,2022/02/06 00:00:00+00,Sun 06 Feb 2022,1408,7555,0,3806633,3695932,240353,4046986,3936285,85.9432135737656,83.5923283258726,322
-7.6926,53.28823,2021/10/08 23:00:00+00,Sat 09 Oct 2021,731,2369,23,3584139,3511439,240088,3824227,3751527,81.212625350214,79.6687426615136,323
-7.6926,53.28823,2022/02/07 00:00:00+00,Mon 07 Feb 2022,439,1349,0,3807072,3697281,240353,4047425,3937634,85.9525363316795,83.6209761628335,324
-7.6926,53.28823,2021/10/09 23:00:00+00,Sun 10 Oct 2021,1502,3912,1,3585641,3515351,240089,3825730,3755440,81.2445435851674,79.7518405014157,325
-7.6926,53.28823,2022/02/08 00:00:00+00,Tue 08 Feb 2022,896,1233,0,3807968,3698514,240353,4048321,3938867,85.9715641018181,83.6471605831247,326
-7.6926,53.28823,2021/10/10 23:00:00+00,Mon 11 Oct 2021,332,1110,17,3585973,3516461,240106,3826079,3756567,81.2519550715272,79.7757738685432,327
-7.6926,53.28823,2022/02/09 00:00:00+00,Wed 09 Feb 2022,1333,1780,0,3809301,3700294,240353,4049654,3940647,85.9998721571694,83.6849612871947,328
-7.6926,53.28823,2021/10/11 23:00:00+00,Tue 12 Oct 2021,561,1599,20,3586534,3518060,240126,3826660,3758186,81.2642933912265,79.8101555201664,329
-7.6926,53.28823,2022/02/10 00:00:00+00,Thu 10 Feb 2022,688,2540,0,3809989,3702834,240353,4050342,3943187,86.0144827663829,83.7389016177215,330
-7.6926,53.28823,2021/10/12 23:00:00+00,Wed 13 Oct 2021,1004,2059,11,3587538,3520119,240137,3827675,3760256,81.2858482870866,79.8541147659107,331
-7.6926,53.28823,2022/02/11 00:00:00+00,Fri 11 Feb 2022,556,4912,0,3810545,3707746,240353,4050898,3948099,86.0262901773172,83.8432145718741,332
-7.6926,53.28823,2021/10/13 23:00:00+00,Thu 14 Oct 2021,686,1584,8,3588224,3521703,240145,3828369,3761848,81.3005863144037,79.8879230360676,333
-7.6926,53.28823,2022/02/12 00:00:00+00,Sat 12 Feb 2022,1397,5460,0,3811942,3713206,240353,4052295,3953559,86.0559573591069,83.9591650461561,334
-7.6926,53.28823,2021/10/14 23:00:00+00,Fri 15 Oct 2021,949,2061,8,3589173,3523764,240153,3829326,3763917,81.320909501929,79.9318610454613,335
-7.6926,53.28823,2022/02/13 00:00:00+00,Sun 13 Feb 2022,1567,4705,0,3813509,3717911,240353,4053862,3958264,86.0892347204988,84.0590820757344,336
-7.6926,53.28823,2021/10/15 23:00:00+00,Sat 16 Oct 2021,1369,2631,13,3590542,3526395,240166,3830708,3766561,81.3502581384597,79.9880099564506,337
-7.6926,53.28823,2021/10/16 23:00:00+00,Sun 17 Oct 2021,1701,2883,2,3592243,3529278,240168,3832411,3769446,81.3864236435334,80.0492768279348,338
-7.6926,53.28823,2021/10/17 23:00:00+00,Mon 18 Oct 2021,669,1230,4,3592912,3530508,240172,3833084,3770680,81.400715707488,80.0754824845766,339
-7.6926,53.28823,2021/10/18 23:00:00+00,Tue 19 Oct 2021,1332,1783,14,3594244,3532291,240186,3834430,3772477,81.429299835397,80.1136442066068,340
-7.6926,53.28823,2021/10/19 23:00:00+00,Wed 20 Oct 2021,2245,2305,0,3596489,3534596,240186,3836675,3774782,81.4769754424965,80.1625939947423,341
-7.6926,53.28823,2021/10/20 23:00:00+00,Thu 21 Oct 2021,1740,1811,11,3598229,3536407,240197,3838426,3776604,81.5141602923991,80.2012866255375,342
-7.6926,53.28823,2021/10/21 23:00:00+00,Fri 22 Oct 2021,1495,1912,2,3599724,3538319,240199,3839923,3778518,81.5459511092489,80.241933000588,343
-7.6926,53.28823,2021/10/22 23:00:00+00,Sat 23 Oct 2021,2008,1685,1,3601732,3540004,240200,3841932,3780204,81.5886149376065,80.2777374877015,344
-7.6926,53.28823,2021/10/23 23:00:00+00,Sun 24 Oct 2021,1946,2182,2,3603678,3542186,240202,3843880,3782388,81.6299833485775,80.3241176774143,345
-7.6926,53.28823,2021/10/24 23:00:00+00,Mon 25 Oct 2021,1216,837,2,3604894,3543023,240204,3845098,3783227,81.6558492236096,80.3419349755686,346
-7.6926,53.28823,2021/10/25 23:00:00+00,Tue 26 Oct 2021,1236,1204,6,3606130,3544227,240210,3846340,3784437,81.6822247710562,80.367630959796,347
-7.6926,53.28823,2021/10/26 23:00:00+00,Wed 27 Oct 2021,1554,1406,5,3607684,3545633,240215,3847899,3785848,81.7153322416433,80.3975954504941,348
-7.6926,53.28823,2021/10/27 23:00:00+00,Thu 28 Oct 2021,2145,1676,4,3609829,3547309,240219,3850048,3787528,81.7609691590851,80.433272519504,349
-7.6926,53.28823,2021/10/28 23:00:00+00,Fri 29 Oct 2021,2133,1348,0,3611962,3548657,240219,3852181,3788876,81.8062662949173,80.4618991201143,350
-7.6926,53.28823,2021/10/29 23:00:00+00,Sat 30 Oct 2021,2010,1440,0,3613972,3550097,240219,3854191,3790316,81.8489513596255,80.4924794649799,351
-7.6926,53.28823,2021/10/30 23:00:00+00,Sun 31 Oct 2021,1592,1315,0,3615564,3551412,240219,3855783,3791631,81.8827596297825,80.5204052660203,352
-7.6926,53.28823,2021/11/01 00:00:00+00,Mon 01 Nov 2021,261,261,2,3615825,3551673,240221,3856046,3791894,81.8883447899905,80.5259904262284,353
-7.6926,53.28823,2021/11/02 00:00:00+00,Tue 02 Nov 2021,1087,1078,9,3616912,3552751,240230,3857142,3792981,81.9116198302494,80.5490743393318,354
-7.6926,53.28823,2021/11/03 00:00:00+00,Wed 03 Nov 2021,2531,1848,6,3619443,3554599,240236,3859679,3794835,81.9654964517244,80.5884465333463,355
-7.6926,53.28823,2021/11/04 00:00:00+00,Thu 04 Nov 2021,1541,1256,1,3620984,3555855,240237,3861221,3796092,81.9982429043513,80.6151406260519,356
-7.6926,53.28823,2021/11/05 00:00:00+00,Fri 05 Nov 2021,1629,1072,3,3622613,3556927,240240,3862853,3797167,82.0329006285323,80.6379697029481,357
-7.6926,53.28823,2021/11/06 00:00:00+00,Sat 06 Nov 2021,1817,1340,5,3624430,3558267,240245,3864675,3798512,82.0715932593275,80.6665325945065,358
-7.6926,53.28823,2021/11/07 00:00:00+00,Sun 07 Nov 2021,693,768,0,3625123,3559035,240245,3865368,3799280,82.0863100502941,80.6828421117682,359
-7.6926,53.28823,2021/11/08 00:00:00+00,Mon 08 Nov 2021,513,522,2,3625636,3559557,240247,3865883,3799804,82.0972467708536,80.6939699594832,360
-7.6926,53.28823,2021/11/09 00:00:00+00,Tue 09 Nov 2021,1374,1046,1,3627010,3560603,240248,3867258,3800851,82.1264467529301,80.7162044185625,361
-7.6926,53.28823,2021/11/10 00:00:00+00,Wed 10 Nov 2021,1624,1334,0,3628634,3561937,240248,3868882,3802185,82.1609345863063,80.7445337102644,362
-7.6926,53.28823,2021/11/11 00:00:00+00,Thu 11 Nov 2021,1393,1092,2,3630027,3563029,240250,3870277,3803279,82.1905592953949,80.767766277822,363
-7.6926,53.28823,2021/11/12 00:00:00+00,Fri 12 Nov 2021,1150,1122,5,3631177,3564151,240255,3871432,3804406,82.2150872803391,80.7916996449495,364
-7.6926,53.28823,2021/11/13 00:00:00+00,Sat 13 Nov 2021,1405,1358,0,3632582,3565509,240255,3872837,3805764,82.2449243529337,80.8205386090657,365
-7.6926,53.28823,2021/11/14 00:00:00+00,Sun 14 Nov 2021,1646,1799,0,3634228,3567308,240255,3874483,3807563,82.2798793860231,80.8587428037971,366
-7.6926,53.28823,2021/11/15 00:00:00+00,Mon 15 Nov 2021,1246,573,1,3635474,3567881,240256,3875730,3808137,82.3063611152227,80.8709324690422,367
-7.6926,53.28823,2021/11/16 00:00:00+00,Tue 16 Nov 2021,1317,1057,5,3636791,3568938,240261,3877052,3809199,82.3344355707174,80.8934854733806,368
-7.6926,53.28823,2021/11/17 00:00:00+00,Wed 17 Nov 2021,1513,1093,0,3638304,3570031,240261,3878565,3810292,82.3665661691768,80.9166968045876,369
-7.6926,53.28823,2021/11/18 00:00:00+00,Thu 18 Nov 2021,1661,2478,5,3639965,3572509,240266,3880231,3812775,82.4019459292783,80.9694266631301,370
-7.6926,53.28823,2021/11/19 00:00:00+00,Fri 19 Nov 2021,1176,1531,0,3641141,3574040,240266,3881407,3814306,82.4269198775852,81.0019395159004,371
-7.6926,53.28823,2021/11/20 00:00:00+00,Sat 20 Nov 2021,1541,2924,12,3642682,3576964,240278,3882960,3817242,82.4598999300687,81.0642894412652,372
-7.6926,53.28823,2021/11/21 00:00:00+00,Sun 21 Nov 2021,1786,2754,0,3644468,3579718,240278,3884746,3819996,82.4978280522423,81.1227743508207,373
-7.6926,53.28823,2021/11/22 00:00:00+00,Mon 22 Nov 2021,707,494,2,3645175,3580212,240280,3885455,3820492,82.5128846248185,81.1333075807188,374
-7.6926,53.28823,2021/11/23 00:00:00+00,Tue 23 Nov 2021,2161,1564,6,3647336,3581776,240286,3887622,3822062,82.558903796571,81.1666486511626,375
-7.6926,53.28823,2021/11/24 00:00:00+00,Wed 24 Nov 2021,1623,3120,2,3648959,3584896,240288,3889247,3825184,82.5934128662978,81.2329485377392,376
-7.6926,53.28823,2021/11/25 00:00:00+00,Thu 25 Nov 2021,990,1166,1,3649949,3586062,240289,3890238,3826351,82.6144580897436,81.2577313588907,377
-7.6926,53.28823,2021/11/26 00:00:00+00,Fri 26 Nov 2021,1288,1083,12,3651237,3587145,240301,3891538,3827446,82.642065345525,81.2809851627989,378
-7.6926,53.28823,2021/11/27 00:00:00+00,Sat 27 Nov 2021,1219,1554,6,3652456,3588699,240307,3892763,3829006,82.6680798750113,81.3141138697366,379
-7.6926,53.28823,2021/11/28 00:00:00+00,Sun 28 Nov 2021,1966,2253,0,3654422,3590952,240307,3894729,3831259,82.7098305402931,81.3619593676409,380
-7.6926,53.28823,2021/11/29 00:00:00+00,Mon 29 Nov 2021,544,979,1,3654966,3591931,240308,3895274,3832239,82.7214043513707,81.38277099123,381
-7.6926,53.28823,2021/11/30 00:00:00+00,Tue 30 Nov 2021,1923,1622,6,3656889,3593553,240314,3897203,3833867,82.7623692716802,81.4173437700086,382
-7.6926,53.28823,2021/12/01 00:00:00+00,Wed 01 Dec 2021,1076,1353,1,3657965,3594906,240315,3898280,3835221,82.7852408212776,81.4460977887225,383
-7.6926,53.28823,2021/12/02 00:00:00+00,Thu 02 Dec 2021,1771,1397,0,3659736,3596303,240315,3900051,3836618,82.8228503981922,81.4757649705123,384
-7.6926,53.28823,2021/12/03 00:00:00+00,Fri 03 Dec 2021,1045,1166,3,3660781,3597469,240318,3901099,3837787,82.8451060936221,81.500590264365,385
-7.6926,53.28823,2021/12/04 00:00:00+00,Sat 04 Dec 2021,1201,1697,1,3661982,3599166,240319,3902301,3839485,82.8706321870447,81.5366495876856,386
-7.6926,53.28823,2021/12/05 00:00:00+00,Sun 05 Dec 2021,1348,1772,1,3663330,3600938,240320,3903650,3841258,82.8992800240056,81.5743016373014,387
-7.6926,53.28823,2021/12/06 00:00:00+00,Mon 06 Dec 2021,933,1278,0,3664263,3602216,240320,3904583,3842536,82.9190935391164,81.6014416933696,388
-7.6926,53.28823,2021/12/07 00:00:00+00,Tue 07 Dec 2021,486,732,1,3664749,3602948,240321,3905070,3843269,82.9294356418591,81.6170079383602,389
-7.6926,53.28823,2021/12/08 00:00:00+00,Wed 08 Dec 2021,805,1495,0,3665554,3604443,240321,3905875,3844764,82.946530904093,81.6487562825089,390
-7.6926,53.28823,2021/12/09 00:00:00+00,Thu 09 Dec 2021,795,1190,0,3666349,3605633,240321,3906670,3845954,82.9634138028209,81.6740275397242,391
-7.6926,53.28823,2021/12/10 00:00:00+00,Fri 10 Dec 2021,893,1594,1,3667242,3607227,240322,3907564,3847549,82.9823991002583,81.7078995189329,392
-7.6926,53.28823,2021/12/11 00:00:00+00,Sat 11 Dec 2021,639,835,0,3667881,3608062,240322,3908203,3848384,82.9959691282924,81.7256318716849,393
-7.6926,53.28823,2021/12/12 00:00:00+00,Sun 12 Dec 2021,691,1189,0,3668572,3609251,240322,3908894,3849573,83.0106434465578,81.7508818925496,394
-7.6926,53.28823,2021/12/13 00:00:00+00,Mon 13 Dec 2021,726,1048,1,3669298,3610299,240323,3909621,3850622,83.0260822734448,81.7731588243302,395
-7.6926,53.28823,2021/12/14 00:00:00+00,Tue 14 Dec 2021,628,1186,1,3669926,3611485,240324,3910250,3851809,83.0394399379729,81.7983663724937,396
-7.6926,53.28823,2021/12/15 00:00:00+00,Wed 15 Dec 2021,798,1229,1,3670724,3612714,240325,3911049,3853039,83.0564077821032,81.824487083733,397
-7.6926,53.28823,2021/12/16 00:00:00+00,Thu 16 Dec 2021,1062,1516,7,3671786,3614230,240332,3912118,3854562,83.0791094408957,81.8568300456985,398
-7.6926,53.28823,2021/12/17 00:00:00+00,Fri 17 Dec 2021,1211,2434,1,3672997,3616664,240333,3913330,3856997,83.1048478978243,81.9085405594122,399
-7.6926,53.28823,2021/12/18 00:00:00+00,Sat 18 Dec 2021,1261,1172,0,3674258,3617836,240333,3914591,3858169,83.1316269359323,81.9334295623167,400
-7.6926,53.28823,2021/12/19 00:00:00+00,Sun 19 Dec 2021,559,879,1,3674817,3618715,240334,3915151,3859049,83.1435192922689,81.9521175508457,401
-7.6926,53.28823,2021/12/20 00:00:00+00,Mon 20 Dec 2021,536,595,0,3675353,3619310,240334,3915687,3859644,83.1549019761911,81.9647531794533,402
-7.6926,53.28823,2021/12/21 00:00:00+00,Tue 21 Dec 2021,1457,1786,4,3676810,3621096,240338,3917148,3861434,83.1859282844193,82.0027662470293,403
-7.6926,53.28823,2021/12/22 00:00:00+00,Wed 22 Dec 2021,1223,1558,2,3678033,3622654,240340,3918373,3862994,83.2119428139057,82.035894953967,404
-7.6926,53.28823,2021/12/23 00:00:00+00,Thu 23 Dec 2021,957,1348,0,3678990,3624002,240340,3919330,3864342,83.2322660014309,82.0645215545773,405
-7.6926,53.28823,2021/12/24 00:00:00+00,Fri 24 Dec 2021,105,142,0,3679095,3624144,240340,3919435,3864484,83.234495818244,82.0675371163627,406
-7.6926,53.28823,2021/12/25 00:00:00+00,Sat 25 Dec 2021,2,0,0,3679097,3624144,240340,3919437,3864484,83.2345382909452,82.0675371163627,407
-7.6926,53.28823,2021/12/26 00:00:00+00,Sun 26 Dec 2021,10,7,0,3679107,3624151,240340,3919447,3864491,83.2347506544512,82.0676857708169,408
-7.6926,53.28823,2021/12/27 00:00:00+00,Mon 27 Dec 2021,388,583,0,3679495,3624734,240340,3919835,3865074,83.2429903584845,82.0800665632173,409
-7.6926,53.28823,2021/12/28 00:00:00+00,Tue 28 Dec 2021,465,738,0,3679960,3625472,240340,3920300,3865812,83.252865261514,82.0957389899609,410
-7.6926,53.28823,2021/12/29 00:00:00+00,Wed 29 Dec 2021,1080,1286,0,3681040,3626758,240340,3921380,3867098,83.2758005201632,82.123048936834,411
-7.6926,53.28823,2021/12/30 00:00:00+00,Thu 30 Dec 2021,1071,1177,2,3682111,3627935,240342,3922453,3868277,83.2985871243582,82.1480865941927,412
-7.6926,53.28823,2021/12/31 00:00:00+00,Fri 31 Dec 2021,721,1668,0,3682832,3629603,240342,3923174,3869945,83.3138985331416,82.1835088269953,413
-7.6926,53.28823,2022/02/14 00:00:00+00,Mon 14 Feb 2022,175,949,1,3813684,3718860,240354,4054038,3959214,86.0929723182046,84.0792566088054,414
-7.6926,53.28823,2022/02/15 00:00:00+00,Tue 15 Feb 2022,649,811,1,3814333,3719671,240355,4054688,3960026,86.1067759460954,84.0965005254935,415
-7.6926,53.28823,2022/02/16 00:00:00+00,Wed 16 Feb 2022,798,1785,0,3815131,3721456,240355,4055486,3961811,86.123722553875,84.1344074113165,416
-7.6926,53.28823,2022/02/17 00:00:00+00,Thu 17 Feb 2022,795,1185,2,3815926,3722641,240357,4056283,3962998,86.1406479253041,84.15961495948,417
-7.6926,53.28823,2022/02/18 00:00:00+00,Fri 18 Feb 2022,796,3289,0,3816722,3725930,240357,4057079,3966287,86.1575520603826,84.229461316607,418
-7.6926,53.28823,2022/02/19 00:00:00+00,Sat 19 Feb 2022,979,3550,0,3817701,3729480,240357,4058058,3969837,86.1783424476211,84.304850361241,419
-7.6926,53.28823,2022/02/20 00:00:00+00,Sun 20 Feb 2022,1366,3587,0,3819067,3733067,240357,4059424,3973424,86.2073513025422,84.3810251508471,420
-7.6926,53.28823,2022/02/21 00:00:00+00,Mon 21 Feb 2022,253,987,2,3819320,3734054,240359,4059679,3974413,86.2127665719455,84.4020279015916,421
-7.6926,53.28823,2022/02/22 00:00:00+00,Tue 22 Feb 2022,475,973,0,3819795,3735027,240359,4060154,3975386,86.222853838481,84.4226908707265,422
-7.6926,53.28823,2022/02/23 00:00:00+00,Wed 23 Feb 2022,829,1270,1,3820624,3736297,240360,4060984,3976657,86.2404800094799,84.4496822723405,423
-7.6926,53.28823,2022/02/24 00:00:00+00,Thu 24 Feb 2022,659,1227,0,3821283,3737524,240360,4061643,3977884,86.254474764526,84.475739274528,424
-7.6926,53.28823,2022/02/25 00:00:00+00,Fri 25 Feb 2022,689,1220,0,3821972,3738744,240360,4062332,3979104,86.2691066100902,84.5016476222614,425
-7.6926,53.28823,2022/02/26 00:00:00+00,Sat 26 Feb 2022,960,2088,0,3822932,3740832,240360,4063292,3981192,86.2894935066673,84.5459891223165,426
-7.6926,53.28823,2022/02/27 00:00:00+00,Sun 27 Feb 2022,670,1781,0,3823602,3742613,240360,4063962,3982973,86.30372186157,84.5838110627371,427
-7.6926,53.28823,2022/02/28 00:00:00+00,Mon 28 Feb 2022,86,424,0,3823688,3743037,240360,4064048,3983397,86.3055481877217,84.5928152753919,428
-7.6926,53.28823,2022/03/01 00:00:00+00,Tue 01 Mar 2022,125,939,0,3823813,3743976,240360,4064173,3984336,86.3082027315468,84.6127562086064,429
-7.6926,53.28823,2022/03/02 00:00:00+00,Wed 02 Mar 2022,205,992,2,3824018,3744968,240362,4064380,3985330,86.3125986561213,84.6338651411039,430
-7.6926,53.28823,2022/03/03 00:00:00+00,Thu 03 Mar 2022,273,1274,0,3824291,3746242,240362,4064653,3986604,86.3183961798354,84.6609202517697,431
-7.6926,53.28823,2022/03/04 00:00:00+00,Fri 04 Mar 2022,733,1501,2,3825024,3747743,240364,4065388,3988107,86.3340048975272,84.6928384867231,432
-7.6926,53.28823,2022/03/05 00:00:00+00,Sat 05 Mar 2022,962,3341,0,3825986,3751084,240364,4066350,3991448,86.3544342668054,84.7637891340814,433
-7.6926,53.28823,2022/03/06 00:00:00+00,Sun 06 Mar 2022,456,1914,0,3826442,3752998,240364,4066806,3993362,86.3641180426795,84.8044355091319,434
-7.6926,53.28823,2022/03/07 00:00:00+00,Mon 07 Mar 2022,112,121,0,3826554,3753119,240364,4066918,3993483,86.3664965139469,84.8070051075547,435
-7.6926,53.28823,2022/03/08 00:00:00+00,Tue 08 Mar 2022,120,492,0,3826674,3753611,240364,4067038,3993975,86.369044876019,84.8174533920504,436
-7.6926,53.28823,2022/03/09 00:00:00+00,Wed 09 Mar 2022,125,339,0,3826799,3753950,240364,4067163,3994314,86.3716994198441,84.8246525149042,437
-7.6926,53.28823,2022/03/10 00:00:00+00,Thu 10 Mar 2022,256,507,0,3827055,3754457,240364,4067419,3994821,86.377135925598,84.835419344659,438
-7.6926,53.28823,2022/03/11 00:00:00+00,Fri 11 Mar 2022,494,2178,0,3827549,3756635,240364,4067913,3996999,86.387626682795,84.8816721162682,439
-7.6926,53.28823,2022/03/12 00:00:00+00,Sat 12 Mar 2022,472,2387,2,3828021,3759022,240366,4068387,3999388,86.3976927129799,84.9324057578542,440
-7.6926,53.28823,2022/03/13 00:00:00+00,Sun 13 Mar 2022,358,1082,0,3828379,3760104,240366,4068745,4000470,86.4052953264951,84.9553834892046,441
-7.6926,53.28823,2022/03/14 00:00:00+00,Mon 14 Mar 2022,107,120,0,3828486,3760224,240366,4068852,4000590,86.4075676160094,84.9579318512767,442
-7.6926,53.28823,2022/03/15 00:00:00+00,Tue 15 Mar 2022,222,756,0,3828708,3760980,240366,4069074,4001346,86.4122820858428,84.9739865323312,443
-7.6926,53.28823,2022/03/16 00:00:00+00,Wed 16 Mar 2022,196,795,0,3828904,3761775,240366,4069270,4002141,86.4164444105607,84.9908694310591,444
-7.6926,53.28823,2022/03/18 00:00:00+00,Fri 18 Mar 2022,2,6,0,3828906,3761781,240366,4069272,4002147,86.4164868832619,84.9909968491627,445
-7.6926,53.28823,2022/03/19 00:00:00+00,Sat 19 Mar 2022,743,2778,0,3829649,3764559,240366,4070015,4004925,86.4322654917585,85.0499914311325,446
-7.6926,53.28823,2022/03/20 00:00:00+00,Sun 20 Mar 2022,394,1400,0,3830043,3765959,240366,4070409,4006325,86.4406326138953,85.0797223219741,447
-7.6926,53.28823,2022/03/21 00:00:00+00,Mon 21 Mar 2022,53,109,0,3830096,3766068,240366,4070462,4006434,86.4417581404772,85.0820370841896,448
-7.6926,53.28823,2022/03/22 00:00:00+00,Tue 22 Mar 2022,138,570,0,3830234,3766638,240366,4070600,4007004,86.4446887568601,85.0941418040322,449
-7.6926,53.28823,2022/03/23 00:00:00+00,Wed 23 Mar 2022,96,220,0,3830330,3766858,240366,4070696,4007224,86.4467274465178,85.0988138011645,450
-7.6926,53.28823,2022/03/24 00:00:00+00,Thu 24 Mar 2022,149,239,0,3830479,3767097,240366,4070845,4007463,86.4498916627574,85.1038892889581,451
-7.6926,53.28823,2022/03/25 00:00:00+00,Fri 25 Mar 2022,437,1620,0,3830916,3768717,240366,4071282,4009083,86.4591719479701,85.1382921769319,452
-7.6926,53.28823,2022/03/26 00:00:00+00,Sat 26 Mar 2022,875,1847,0,3831791,3770564,240366,4072157,4010930,86.4777537547461,85.1775157164922,453
-7.6926,53.28823,2022/03/27 00:00:00+00,Sun 27 Mar 2022,380,802,0,3832171,3771366,240366,4072537,4011732,86.4858235679745,85.1945472696743,454
-7.6926,53.28823,2022/03/27 23:00:00+00,Mon 28 Mar 2022,38,51,0,3832209,3771417,240366,4072575,4011783,86.4866305492973,85.1956303235549,455
-7.6926,53.28823,2022/03/28 23:00:00+00,Tue 29 Mar 2022,136,189,3,3832345,3771606,240369,4072714,4011975,86.4895824020309,85.1997077028703,456
-7.6926,53.28823,2022/03/29 23:00:00+00,Wed 30 Mar 2022,108,133,0,3832453,3771739,240369,4072822,4012108,86.4918759278958,85.2025321375003,457
-7.6926,53.28823,2022/03/30 23:00:00+00,Thu 31 Mar 2022,225,355,0,3832678,3772094,240369,4073047,4012463,86.4966541067811,85.2100710419637,458
-7.6926,53.28823,2022/03/31 23:00:00+00,Fri 01 Apr 2022,308,902,0,3832986,3772996,240369,4073355,4013365,86.5031949027662,85.2292262302059,459
-7.6926,53.28823,2022/04/01 23:00:00+00,Sat 02 Apr 2022,726,1538,0,3833712,3774534,240369,4074081,4014903,86.5186124933026,85.2618877374304,460
-7.6926,53.28823,2022/04/02 23:00:00+00,Sun 03 Apr 2022,534,817,0,3834246,3775351,240369,4074615,4015720,86.5299527045236,85.2792378358715,461
-7.6926,53.28823,2022/04/03 23:00:00+00,Mon 04 Apr 2022,45,50,0,3834291,3775401,240369,4074660,4015770,86.5309083403006,85.2802996534015,462
-7.6926,53.28823,2022/04/04 23:00:00+00,Tue 05 Apr 2022,128,165,0,3834419,3775566,240369,4074788,4015935,86.5336265931776,85.2838036512507,463
-7.6926,53.28823,2022/04/05 23:00:00+00,Wed 06 Apr 2022,158,207,0,3834577,3775773,240369,4074946,4016142,86.5369819365725,85.2881995758251,464
-7.6926,53.28823,2022/04/06 23:00:00+00,Thu 07 Apr 2022,119,174,0,3834696,3775947,240369,4075065,4016316,86.5395090622941,85.2918947008297,465
-7.6926,53.28823,2022/04/07 23:00:00+00,Fri 08 Apr 2022,264,413,0,3834960,3776360,240369,4075329,4016729,86.5451154588528,85.300665313628,466
-7.6926,53.28823,2022/04/08 23:00:00+00,Sat 09 Apr 2022,559,1015,0,3835519,3777375,240369,4075888,4017744,86.5569865788388,85.3222202094881,467
-7.6926,53.28823,2022/04/09 23:00:00+00,Sun 10 Apr 2022,410,718,0,3835929,3778093,240369,4076298,4018462,86.5656934825852,85.3374679092197,468
-7.6926,53.28823,2022/04/10 23:00:00+00,Mon 11 Apr 2022,71,90,0,3836000,3778183,240369,4076369,4018552,86.5672012634779,85.3393791807738,469
-7.6926,53.28823,2022/04/11 23:00:00+00,Tue 12 Apr 2022,192,172,0,3836192,3778355,240369,4076561,4018724,86.5712786427933,85.3430318330772,470
-7.6926,53.28823,2022/04/12 23:00:00+00,Wed 13 Apr 2022,145,229,0,3836337,3778584,240369,4076706,4018953,86.5743579136305,85.3478949573648,471
-7.6926,53.28823,2022/04/13 23:00:00+00,Thu 14 Apr 2022,355,423,0,3836692,3779007,240369,4077061,4019376,86.5818968180939,85.3568779336691,472
-7.6926,53.28823,2022/04/14 23:00:00+00,Fri 15 Apr 2022,446,987,0,3837138,3779994,240369,4077507,4020363,86.591368230462,85.3778382117124,473
-7.6926,53.28823,2022/04/15 23:00:00+00,Sat 16 Apr 2022,42,85,0,3837180,3780079,240369,4077549,4020448,86.5922601571872,85.3796433015135,474
-7.6926,53.28823,2022/04/17 23:00:00+00,Mon 18 Apr 2022,35,61,0,3837215,3780140,240369,4077584,4020509,86.5930034294583,85.3809387189002,475
-7.6926,53.28823,2022/04/18 23:00:00+00,Tue 19 Apr 2022,216,269,1,3837431,3780409,240370,4077801,4020779,86.5976117175387,85.3866725335625,476
-7.6926,53.28823,2022/04/19 23:00:00+00,Wed 20 Apr 2022,244,601,0,3837675,3781010,240370,4078045,4021380,86.6027933870854,85.3994355802737,477
-7.6926,53.28823,2022/04/20 23:00:00+00,Thu 21 Apr 2022,163,238,0,3837838,3781248,240370,4078208,4021618,86.6062549122334,85.4044898317168,478
-7.6926,53.28823,2022/04/21 23:00:00+00,Fri 22 Apr 2022,196,247,0,3838034,3781495,240370,4078404,4021865,86.6104172369512,85.4097352103153,479
-7.6926,53.28823,2022/04/22 23:00:00+00,Sat 23 Apr 2022,324,1007,0,3838358,3782502,240370,4078728,4022872,86.6172978145459,85.4311202153706,480
-7.6926,53.28823,2022/04/23 23:00:00+00,Sun 24 Apr 2022,182,249,0,3838540,3782751,240370,4078910,4023121,86.6211628303553,85.4364080666702,481
-7.6926,53.28823,2022/04/24 23:00:00+00,Mon 25 Apr 2022,41,55,0,3838581,3782806,240370,4078951,4023176,86.62203352073,85.4375760659533,482
-7.6926,53.28823,2022/04/25 23:00:00+00,Tue 26 Apr 2022,143,236,0,3838724,3783042,240370,4079094,4023412,86.6250703188659,85.4425878446952,483
-7.6926,53.28823,2022/04/26 23:00:00+00,Wed 27 Apr 2022,119,205,0,3838843,3783247,240370,4079213,4023617,86.6275974445875,85.4469412965684,484
-7.6926,53.28823,2022/04/27 23:00:00+00,Thu 28 Apr 2022,104,124,0,3838947,3783371,240370,4079317,4023741,86.62980602505,85.4495746040429,485
-7.6926,53.28823,2022/04/28 23:00:00+00,Fri 29 Apr 2022,168,213,0,3839115,3783584,240370,4079485,4023954,86.633373731951,85.454097946721,486
-7.6926,53.28823,2022/04/29 23:00:00+00,Sat 30 Apr 2022,280,721,0,3839395,3784305,240370,4079765,4024675,86.6393199101193,85.4694093555044,487
-7.6926,53.28823,2022/04/30 23:00:00+00,Sun 01 May 2022,185,748,0,3839580,3785053,240370,4079950,4025423,86.6432486349805,85.485294145754,488
-7.6926,53.28823,2022/05/01 23:00:00+00,Mon 02 May 2022,10,26,0,3839590,3785079,240370,4079960,4025449,86.6434609984865,85.4858462908696,489
-7.6926,53.28823,2022/05/02 23:00:00+00,Tue 03 May 2022,86,108,0,3839676,3785187,240370,4080046,4025557,86.6452873246382,85.4881398167345,490
-7.6926,53.28823,2022/05/03 23:00:00+00,Wed 04 May 2022,110,113,0,3839786,3785300,240370,4080156,4025670,86.6476233232043,85.4905395243525,491
