X,Y,VaccinationDate,VaccineText,Dose1,Dose2,SingleDose,Dose1Cum,Dose2Cum,SingleDoseCum,PartiallyVacc,FullyVacc,PartialPercent,FullyPercent,ObjectId
-7.6926,53.28823,2020/12/28 00:00:00+00,Mon 28 Dec 2020,121,9,5,121,9,5,126,14,0.00298012258237555,0.000331124731375062,1
-7.6926,53.28823,2020/12/29 00:00:00+00,Tue 29 Dec 2020,68,1,0,189,10,5,194,15,0.00458844270619728,0.000354776497901852,2
-7.6926,53.28823,2020/12/30 00:00:00+00,Wed 30 Dec 2020,1047,0,0,1236,10,5,1241,15,0.0293518422597465,0.000354776497901852,3
-7.6926,53.28823,2020/12/31 00:00:00+00,Thu 31 Dec 2020,1022,1,0,2258,11,5,2263,16,0.053523947650126,0.000378428264428642,4
-7.6926,53.28823,2021/01/01 00:00:00+00,Fri 01 Jan 2021,794,0,0,3052,11,5,3057,16,0.0723034502723974,0.000378428264428642,5
-7.6926,53.28823,2021/01/02 00:00:00+00,Sat 02 Jan 2021,1010,0,0,4062,11,5,4067,16,0.0961917344644554,0.000378428264428642,6
-7.6926,53.28823,2021/01/03 00:00:00+00,Sun 03 Jan 2021,15,0,0,4077,11,5,4082,16,0.0965465109623573,0.000378428264428642,7
-7.6926,53.28823,2021/01/04 00:00:00+00,Mon 04 Jan 2021,1170,1,0,5247,12,5,5252,17,0.124219077798702,0.000402080030955432,8
-7.6926,53.28823,2021/01/05 00:00:00+00,Tue 05 Jan 2021,3495,3,0,8742,15,5,8747,20,0.206882001809833,0.000473035330535802,9
-7.6926,53.28823,2021/01/06 00:00:00+00,Wed 06 Jan 2021,6742,2,0,15484,17,5,15489,22,0.366342211733452,0.000520338863589383,10
-7.6926,53.28823,2021/01/07 00:00:00+00,Thu 07 Jan 2021,11701,3,0,27185,20,5,27190,25,0.643091531863423,0.000591294163169753,11
-7.6926,53.28823,2021/01/08 00:00:00+00,Fri 08 Jan 2021,12651,2,0,39836,22,5,39841,27,0.942310030193845,0.000638597696223333,12
-7.6926,53.28823,2021/01/09 00:00:00+00,Sat 09 Jan 2021,8059,2,0,47895,24,5,47900,29,1.13291961663325,0.000685901229276913,13
-7.6926,53.28823,2021/01/10 00:00:00+00,Sun 10 Jan 2021,4755,1,1,52650,25,6,52656,31,1.24540741823466,0.000733204762330494,14
-7.6926,53.28823,2021/01/11 00:00:00+00,Mon 11 Jan 2021,8315,3,0,60965,28,6,60971,34,1.44207185690492,0.000804160061910864,15
-7.6926,53.28823,2021/01/12 00:00:00+00,Tue 12 Jan 2021,8843,4,0,69808,32,6,69814,38,1.65122442830133,0.000898767128018024,16
-7.6926,53.28823,2021/01/13 00:00:00+00,Wed 13 Jan 2021,9845,2,0,79653,34,6,79659,40,1.88407606975757,0.000946070661071605,17
-7.6926,53.28823,2021/01/14 00:00:00+00,Thu 14 Jan 2021,8039,2,0,87692,36,6,87698,42,2.07421262086644,0.000993374194125185,18
-7.6926,53.28823,2021/01/15 00:00:00+00,Fri 15 Jan 2021,7640,2,0,95332,38,6,95338,44,2.25491211713112,0.00104067772717877,19
-7.6926,53.28823,2021/01/16 00:00:00+00,Sat 16 Jan 2021,5203,2,0,100535,40,6,100541,46,2.37797225837001,0.00108798126023235,20
-7.6926,53.28823,2021/01/17 00:00:00+00,Sun 17 Jan 2021,1096,3,0,101631,43,6,101637,49,2.40389459448337,0.00115893655981272,21
-7.6926,53.28823,2021/01/18 00:00:00+00,Mon 18 Jan 2021,8668,4,0,110299,47,6,110305,53,2.60890810673758,0.00125354362591988,22
-7.6926,53.28823,2021/01/19 00:00:00+00,Tue 19 Jan 2021,8347,15,0,118646,62,6,118652,68,2.8063294019367,0.00160832012382173,23
-7.6926,53.28823,2021/01/20 00:00:00+00,Wed 20 Jan 2021,8416,955,0,127062,1017,6,127068,1023,3.00538266902617,0.0241957571569063,24
-7.6926,53.28823,2021/01/21 00:00:00+00,Thu 21 Jan 2021,8947,955,0,136009,1972,6,136015,1978,3.21699502414136,0.0467831941899909,25
-7.6926,53.28823,2021/01/22 00:00:00+00,Fri 22 Jan 2021,6723,961,0,142732,2933,6,142738,2939,3.37600585050097,0.0695125418222362,26
-7.6926,53.28823,2021/01/23 00:00:00+00,Sat 23 Jan 2021,4150,456,0,146882,3389,6,146888,3395,3.47416068158715,0.0802977473584525,27
-7.6926,53.28823,2021/01/24 00:00:00+00,Sun 24 Jan 2021,1164,393,0,148046,3782,6,148052,3788,3.50169133782433,0.089592891603481,28
-7.6926,53.28823,2021/01/25 00:00:00+00,Mon 25 Jan 2021,1323,1281,0,149369,5063,6,149375,5069,3.53298262493927,0.119890804524299,29
-7.6926,53.28823,2021/01/26 00:00:00+00,Tue 26 Jan 2021,977,3492,0,150346,8555,6,150352,8561,3.55609040083595,0.20248277323585,30
-7.6926,53.28823,2021/01/27 00:00:00+00,Wed 27 Jan 2021,2137,6691,0,152483,15246,6,152489,15252,3.6066342259037,0.360736743066603,31
-7.6926,53.28823,2021/01/28 00:00:00+00,Thu 28 Jan 2021,943,11537,0,153426,26783,6,153432,26789,3.62893784173846,0.633607173486181,32
-7.6926,53.28823,2021/01/29 00:00:00+00,Fri 29 Jan 2021,1531,11516,0,154957,38299,6,154963,38305,3.66514869629098,0.905980916808696,33
-7.6926,53.28823,2021/01/30 00:00:00+00,Sat 30 Jan 2021,597,7792,0,155554,46091,6,155560,46097,3.67926880090747,1.09027548158544,34
-7.6926,53.28823,2021/01/31 00:00:00+00,Sun 31 Jan 2021,204,4079,0,155758,50170,6,155764,50176,3.68409376127894,1.18675103724822,35
-7.6926,53.28823,2021/02/01 00:00:00+00,Mon 01 Feb 2021,970,8328,0,156728,58498,6,156734,58504,3.70703597480992,1.38372294888333,36
-7.6926,53.28823,2021/02/02 00:00:00+00,Tue 02 Feb 2021,786,5093,0,157514,63591,6,157520,63597,3.72562626329998,1.50418139580427,37
-7.6926,53.28823,2021/02/03 00:00:00+00,Wed 03 Feb 2021,1357,6855,0,158871,70446,6,158877,70452,3.75772171047683,1.66631425534542,38
-7.6926,53.28823,2021/02/04 00:00:00+00,Thu 04 Feb 2021,1382,10528,0,160253,80974,6,160259,80980,3.79040845181686,1.91532005333946,39
-7.6926,53.28823,2021/02/05 00:00:00+00,Fri 05 Feb 2021,3354,8597,0,163607,89571,6,163613,89577,3.86973647674771,2.11865429017028,40
-7.6926,53.28823,2021/02/06 00:00:00+00,Sat 06 Feb 2021,871,3860,0,164478,93431,6,164484,93437,3.89033716539255,2.20995010896369,41
-7.6926,53.28823,2021/02/07 00:00:00+00,Sun 07 Feb 2021,303,1291,0,164781,94722,6,164787,94728,3.89750365065016,2.24048453954977,42
-7.6926,53.28823,2021/02/08 00:00:00+00,Mon 08 Feb 2021,1122,868,0,165903,95590,6,165909,95596,3.92404093269322,2.26101427289503,43
-7.6926,53.28823,2021/02/09 00:00:00+00,Tue 09 Feb 2021,4191,527,0,170094,96117,6,170100,96123,4.023165486207,2.27347875385465,44
-7.6926,53.28823,2021/02/10 00:00:00+00,Wed 10 Feb 2021,8786,573,0,178880,96690,6,178886,96696,4.23096990691138,2.2870312160745,45
-7.6926,53.28823,2021/02/11 00:00:00+00,Thu 11 Feb 2021,6127,429,0,185007,97119,6,185013,97125,4.37588428042102,2.29717782391449,46
-7.6926,53.28823,2021/02/12 00:00:00+00,Fri 12 Feb 2021,4353,514,0,189360,97633,6,189366,97639,4.47884042011214,2.30933483190926,47
-7.6926,53.28823,2021/02/13 00:00:00+00,Sat 13 Feb 2021,1178,1908,0,190538,99541,6,190544,99547,4.5067022010807,2.35446240244238,48
-7.6926,53.28823,2021/02/14 00:00:00+00,Sun 14 Feb 2021,2670,17,0,193208,99558,6,193214,99564,4.56985241770723,2.35486448247333,49
-7.6926,53.28823,2021/02/15 00:00:00+00,Mon 15 Feb 2021,1919,7861,0,195127,107419,6,195133,107425,4.61524015767214,2.54079101914043,50
-7.6926,53.28823,2021/02/16 00:00:00+00,Tue 16 Feb 2021,5592,8139,0,200719,115558,6,200725,115564,4.74750083608995,2.73329274690197,51
-7.6926,53.28823,2021/02/17 00:00:00+00,Wed 17 Feb 2021,9695,8455,0,210414,124013,6,210420,124019,4.97680471256718,2.93326843288598,52
-7.6926,53.28823,2021/02/18 00:00:00+00,Thu 18 Feb 2021,8423,8322,0,218837,132335,6,218843,132341,5.17602354202233,3.13009843392193,53
-7.6926,53.28823,2021/02/19 00:00:00+00,Fri 19 Feb 2021,9358,6561,0,228195,138896,6,228201,138902,5.39735677318003,3.2852776741042,54
-7.6926,53.28823,2021/02/20 00:00:00+00,Sat 20 Feb 2021,5852,3557,1,234047,142453,7,234054,142460,5.53579056266133,3.36943065940652,55
-7.6926,53.28823,2021/02/21 00:00:00+00,Sun 21 Feb 2021,1080,1016,4,235127,143469,11,235138,143480,5.56142907757638,3.39355546126385,56
-7.6926,53.28823,2021/02/22 00:00:00+00,Mon 22 Feb 2021,3904,1096,1,239031,144565,12,239043,144577,5.65378922586349,3.41950144914373,57
-7.6926,53.28823,2021/02/23 00:00:00+00,Tue 23 Feb 2021,13317,1051,0,252348,145616,12,252360,145628,5.96875980070075,3.44435945576339,58
-7.6926,53.28823,2021/02/24 00:00:00+00,Wed 24 Feb 2021,16874,2078,2,269222,147694,14,269236,147708,6.36790701260686,3.49355513013912,59
-7.6926,53.28823,2021/02/25 00:00:00+00,Thu 25 Feb 2021,18001,1733,1,287223,149427,15,287238,149442,6.79368611362214,3.53456729329657,60
-7.6926,53.28823,2021/02/26 00:00:00+00,Fri 26 Feb 2021,16028,2740,0,303251,152167,15,303266,152182,7.17277662751353,3.59937313357997,61
-7.6926,53.28823,2021/02/27 00:00:00+00,Sat 27 Feb 2021,8934,697,1,312185,152864,16,312201,152880,7.3841051614304,3.61588206661567,62
-7.6926,53.28823,2021/02/28 00:00:00+00,Sun 28 Feb 2021,2413,45,1,314598,152909,17,314615,152926,7.44120052582607,3.61697004787591,63
-7.6926,53.28823,2021/03/01 00:00:00+00,Mon 01 Mar 2021,5527,773,0,320125,153682,17,320142,153699,7.57192383941964,3.63525286340111,64
-7.6926,53.28823,2021/03/02 00:00:00+00,Tue 02 Mar 2021,12114,1586,0,332239,155268,17,332256,155285,7.85844133912518,3.6727645651126,65
-7.6926,53.28823,2021/03/03 00:00:00+00,Wed 03 Mar 2021,12780,1483,1,345019,156751,18,345037,156769,8.16073456710408,3.70786378663836,66
-7.6926,53.28823,2021/03/04 00:00:00+00,Thu 04 Mar 2021,18643,1669,1,363662,158420,19,363681,158439,8.60169810222956,3.7473622367381,67
-7.6926,53.28823,2021/03/05 00:00:00+00,Fri 05 Mar 2021,18357,2375,2,382019,160795,21,382040,160816,9.0359208838949,3.80358248577228,68
-7.6926,53.28823,2021/03/06 00:00:00+00,Sat 06 Mar 2021,10361,124,0,392380,160919,21,392401,160940,9.28097683687897,3.8065153048216,69
-7.6926,53.28823,2021/03/07 00:00:00+00,Sun 07 Mar 2021,1477,6,0,393857,160925,21,393878,160946,9.31591049603904,3.80665721542076,70
-7.6926,53.28823,2021/03/08 00:00:00+00,Mon 08 Mar 2021,6578,1476,1,400435,162401,22,400457,162423,9.47151546801879,3.84159087458083,71
-7.6926,53.28823,2021/03/09 00:00:00+00,Tue 09 Mar 2021,13720,3079,2,414155,165480,24,414179,165504,9.79606500829941,3.91446196724987,72
-7.6926,53.28823,2021/03/10 00:00:00+00,Wed 10 Mar 2021,13627,3962,0,427782,169442,24,427806,169466,10.11836763076,4.00817026622901,73
-7.6926,53.28823,2021/03/11 00:00:00+00,Thu 11 Mar 2021,18360,2077,0,446142,171519,24,446166,171543,10.5526140641918,4.05729498530516,74
-7.6926,53.28823,2021/03/12 00:00:00+00,Fri 12 Mar 2021,17221,1316,2,463363,172835,26,463389,172861,10.9599684390827,4.08846801358747,75
-7.6926,53.28823,2021/03/13 00:00:00+00,Sat 13 Mar 2021,8213,158,0,471576,172993,26,471602,173019,11.1542203975673,4.0922049926987,76
-7.6926,53.28823,2021/03/14 00:00:00+00,Sun 14 Mar 2021,328,9,1,471904,173002,27,471931,173029,11.1620018287546,4.09244151036397,77
-7.6926,53.28823,2021/03/15 00:00:00+00,Mon 15 Mar 2021,2545,967,0,474449,173969,27,474476,173996,11.2221955745653,4.11531276859537,78
-7.6926,53.28823,2021/03/16 00:00:00+00,Tue 16 Mar 2021,8846,3786,0,483295,177755,27,483322,177782,11.4314191012613,4.2048583566658,79
-7.6926,53.28823,2021/03/17 00:00:00+00,Wed 17 Mar 2021,4815,2387,5,488110,180142,32,488142,180174,11.5454206159204,4.26143338219788,80
-7.6926,53.28823,2021/03/18 00:00:00+00,Thu 18 Mar 2021,11611,4656,1,499721,184798,33,499754,184831,11.8200649288295,4.37157965891315,81
-7.6926,53.28823,2021/03/19 00:00:00+00,Fri 19 Mar 2021,10233,6092,1,509954,190890,34,509988,190924,12.0621171074646,4.51568987236088,82
-7.6926,53.28823,2021/03/20 00:00:00+00,Sat 20 Mar 2021,5123,3090,2,515077,193980,36,515113,194016,12.1833324109144,4.58882113446171,83
-7.6926,53.28823,2021/03/21 00:00:00+00,Sun 21 Mar 2021,3556,40,0,518633,194020,36,518669,194056,12.2674380926837,4.58976720512278,84
-7.6926,53.28823,2021/03/22 00:00:00+00,Mon 22 Mar 2021,7297,2370,0,525930,196390,36,525966,196426,12.4400250330297,4.64582189179128,85
-7.6926,53.28823,2021/03/23 00:00:00+00,Tue 23 Mar 2021,12433,7353,1,538363,203743,37,538400,203780,12.7341110980238,4.81975698282929,86
-7.6926,53.28823,2021/03/24 00:00:00+00,Wed 24 Mar 2021,13498,9741,0,551861,213484,37,551898,213521,13.0533626426024,5.05014884056675,87
-7.6926,53.28823,2021/03/25 00:00:00+00,Thu 25 Mar 2021,20741,10179,2,572602,223663,39,572641,223702,13.5439712356676,5.290947475576,88
-7.6926,53.28823,2021/03/26 00:00:00+00,Fri 26 Mar 2021,19576,9441,1,592178,233104,40,592218,233144,14.0070018689626,5.51426745512196,89
-7.6926,53.28823,2021/03/27 00:00:00+00,Sat 27 Mar 2021,11623,5299,1,603801,238403,41,603842,238444,14.28193000307,5.63962181771394,90
-7.6926,53.28823,2021/03/28 00:00:00+00,Sun 28 Mar 2021,2417,463,0,606218,238866,41,606259,238907,14.3390963227653,5.65057258561585,91
-7.6926,53.28823,2021/03/28 23:00:00+00,Mon 29 Mar 2021,9151,3069,1,615369,241935,42,615411,241977,14.5555572900184,5.72318350885309,92
-7.6926,53.28823,2021/03/29 23:00:00+00,Tue 30 Mar 2021,13215,8616,1,628584,250551,43,628627,250594,14.8681390364365,5.92699078101444,93
-7.6926,53.28823,2021/03/30 23:00:00+00,Wed 31 Mar 2021,15663,10430,0,644247,260981,43,644290,261024,15.2385966555456,6.17367870588886,94
-7.6926,53.28823,2021/03/31 23:00:00+00,Thu 01 Apr 2021,19556,11574,0,663803,272555,43,663846,272598,15.7011306017435,6.44742425166993,95
-7.6926,53.28823,2021/04/01 23:00:00+00,Fri 02 Apr 2021,20018,13672,4,683821,286227,47,683868,286274,16.1746862711429,6.77088581069031,96
-7.6926,53.28823,2021/04/02 23:00:00+00,Sat 03 Apr 2021,7439,4600,0,691260,290827,47,691307,290874,16.3506317623357,6.87968393671355,97
-7.6926,53.28823,2021/04/03 23:00:00+00,Sun 04 Apr 2021,2944,153,0,694204,290980,47,694251,291027,16.4202625629906,6.88330265699215,98
-7.6926,53.28823,2021/04/04 23:00:00+00,Mon 05 Apr 2021,3338,572,1,697542,291552,48,697590,291600,16.4992358114235,6.896855119212,99
-7.6926,53.28823,2021/04/05 23:00:00+00,Tue 06 Apr 2021,11844,8113,3,709386,299665,51,709437,299716,16.7794382894664,7.08881285634343,100
-7.6926,53.28823,2021/04/06 23:00:00+00,Wed 07 Apr 2021,18200,10417,1,727586,310082,52,727638,310134,17.2099240920205,7.33521696001953,101
-7.6926,53.28823,2021/04/07 23:00:00+00,Thu 08 Apr 2021,20031,10509,1,747617,320591,53,747670,320644,17.6837162790852,7.58379702621609,102
-7.6926,53.28823,2021/04/08 23:00:00+00,Fri 09 Apr 2021,20575,9099,2,768192,329690,55,768247,329745,18.1703986789069,7.79905175337641,103
-7.6926,53.28823,2021/04/09 23:00:00+00,Sat 10 Apr 2021,11038,4130,3,779230,333820,58,779288,333878,18.4315378331292,7.89680450443163,104
-7.6926,53.28823,2021/04/10 23:00:00+00,Sun 11 Apr 2021,2786,323,0,782016,334143,58,782074,334201,18.4974316546729,7.90444402501978,105
-7.6926,53.28823,2021/04/11 23:00:00+00,Mon 12 Apr 2021,7661,2719,5,789677,336862,63,789740,336925,18.6787460968672,7.96887143703876,106
-7.6926,53.28823,2021/04/12 23:00:00+00,Tue 13 Apr 2021,11387,8524,0,801064,345386,63,801127,345449,18.9480687623078,8.17047909491312,107
-7.6926,53.28823,2021/04/13 23:00:00+00,Wed 14 Apr 2021,20213,6538,2,821277,351924,65,821342,351989,19.4261892226469,8.32516164799833,108
-7.6926,53.28823,2021/04/14 23:00:00+00,Thu 15 Apr 2021,26974,10726,1,848251,362650,66,848317,362716,20.064195624707,8.57887414753121,109
-7.6926,53.28823,2021/04/15 23:00:00+00,Fri 16 Apr 2021,27832,9762,1,876083,372412,67,876150,372479,20.7224952424472,8.80978634413226,110
-7.6926,53.28823,2021/04/16 23:00:00+00,Sat 17 Apr 2021,15718,4491,1,891801,376903,68,891869,376971,21.0942773604818,8.9160300793706,111
-7.6926,53.28823,2021/04/17 23:00:00+00,Sun 18 Apr 2021,996,438,0,892797,377341,68,892865,377409,21.1178345199425,8.92638955310933,112
-7.6926,53.28823,2021/04/18 23:00:00+00,Mon 19 Apr 2021,6634,2185,0,899431,379526,68,899499,379594,21.2747403390812,8.97806866297037,113
-7.6926,53.28823,2021/04/19 23:00:00+00,Tue 20 Apr 2021,14946,7238,0,914377,386764,68,914445,386832,21.6282396415906,9.14926014909128,114
-7.6926,53.28823,2021/04/20 23:00:00+00,Wed 21 Apr 2021,26541,9780,0,940918,396544,68,940986,396612,22.2559811769781,9.38057442572328,115
-7.6926,53.28823,2021/04/21 23:00:00+00,Thu 22 Apr 2021,31480,12100,0,972398,408644,68,972466,408712,23.0005387872415,9.66676080069744,116
-7.6926,53.28823,2021/04/22 23:00:00+00,Fri 23 Apr 2021,33442,12315,0,1005840,420959,68,1005908,421027,23.7915011634304,9.95803230547486,117
-7.6926,53.28823,2021/04/23 23:00:00+00,Sat 24 Apr 2021,23545,6932,0,1029385,427891,68,1029453,427959,24.3483820063037,10.1219863510386,118
-7.6926,53.28823,2021/08/20 23:00:00+00,Sat 21 Aug 2021,11800,7815,225,3385318,3016896,231252,3616570,3248148,85.5382692677933,76.8244381404603,119
-7.6926,53.28823,2021/08/21 23:00:00+00,Sun 22 Aug 2021,7984,12162,156,3393302,3029058,231408,3624710,3260466,85.7307946473214,77.1157806005373,120
-7.6926,53.28823,2021/08/22 23:00:00+00,Mon 23 Aug 2021,10799,15154,271,3404101,3044212,231679,3635780,3275891,85.992619702773,77.480609099213,121
-7.6926,53.28823,2021/08/23 23:00:00+00,Tue 24 Aug 2021,9642,22708,368,3413743,3066920,232047,3645790,3298967,86.2293738857062,78.0263972635852,122
-7.6926,53.28823,2021/08/24 23:00:00+00,Wed 25 Aug 2021,9345,19268,305,3423088,3086188,232352,3655440,3318540,86.4576134326897,78.4893332898141,123
-7.6926,53.28823,2021/08/25 23:00:00+00,Thu 26 Aug 2021,8510,19223,358,3431598,3105411,232710,3664308,3338121,86.6673572982492,78.9524585301752,124
-7.6926,53.28823,2021/08/26 23:00:00+00,Fri 27 Aug 2021,9654,19015,424,3441252,3124426,233134,3674386,3357560,86.9057198013062,79.4122252196894,125
-7.6926,53.28823,2021/08/27 23:00:00+00,Sat 28 Aug 2021,9878,7766,145,3451130,3132192,233279,3684409,3365471,87.1427814572043,79.5993343446829,126
-7.6926,53.28823,2021/08/28 23:00:00+00,Sun 29 Aug 2021,8781,9123,23,3459911,3141315,233302,3693213,3374617,87.3510116097061,79.8156534013369,127
-7.6926,53.28823,2021/08/29 23:00:00+00,Mon 30 Aug 2021,5017,10951,78,3464928,3152266,233380,3698308,3385646,87.4715173601601,80.0765087343609,128
-7.6926,53.28823,2021/08/30 23:00:00+00,Tue 31 Aug 2021,4010,12670,134,3468938,3164936,233514,3702452,3398450,87.5695302806471,80.3793459529699,129
-7.6926,53.28823,2021/08/31 23:00:00+00,Wed 01 Sep 2021,4894,12364,171,3473832,3177300,233685,3707517,3410985,87.6893264781053,80.6758208463832,130
-7.6926,53.28823,2021/09/01 23:00:00+00,Thu 02 Sep 2021,4961,12227,243,3478793,3189527,233928,3712721,3423455,87.8124102711107,80.9707583749723,131
-7.6926,53.28823,2021/09/02 23:00:00+00,Fri 03 Sep 2021,4717,15889,159,3483510,3205416,234087,3717597,3439503,87.9277362846954,81.3503219241942,132
-7.6926,53.28823,2021/09/03 23:00:00+00,Sat 04 Sep 2021,4601,10500,128,3488111,3215916,234215,3722326,3450131,88.0395854886006,81.6016928988409,133
-7.6926,53.28823,2021/09/04 23:00:00+00,Sun 05 Sep 2021,5291,11833,0,3493402,3227749,234215,3727617,3461964,88.1647269852938,81.8815642521524,134
-7.6926,53.28823,2021/09/05 23:00:00+00,Mon 06 Sep 2021,2107,9564,68,3495509,3237313,234283,3729792,3471596,88.2161695774896,82.1093780673385,135
-7.6926,53.28823,2021/09/06 23:00:00+00,Tue 07 Sep 2021,2997,9889,136,3498506,3247202,234419,3732925,3481621,88.290270562018,82.3464870267695,136
-7.6926,53.28823,2021/09/07 23:00:00+00,Wed 08 Sep 2021,2572,14678,178,3501078,3261880,234597,3735675,3496477,88.3553129199667,82.6978576702915,137
-7.6926,53.28823,2021/09/08 23:00:00+00,Thu 09 Sep 2021,3076,14677,135,3504154,3276557,234732,3738886,3511289,88.4312587422842,83.0481876360864,138
-7.6926,53.28823,2021/09/09 23:00:00+00,Fri 10 Sep 2021,3350,13839,108,3507504,3290396,234840,3742344,3525236,88.5130465509338,83.3780588238355,139
-7.6926,53.28823,2021/09/10 23:00:00+00,Sat 11 Sep 2021,2538,11227,57,3510042,3301623,234897,3744939,3536520,88.5744228850709,83.6449453573238,140
-7.6926,53.28823,2021/09/11 23:00:00+00,Sun 12 Sep 2021,2023,12842,0,3512065,3314465,234897,3746962,3549362,88.6222704087546,83.9486813430608,141
-7.6926,53.28823,2021/09/12 23:00:00+00,Mon 13 Sep 2021,1572,7637,46,3513637,3322102,234943,3748580,3557045,88.6605389669949,84.1303978652862,142
-7.6926,53.28823,2021/09/13 23:00:00+00,Tue 14 Sep 2021,1516,10672,79,3515153,3332774,235022,3750175,3567796,88.6982635346051,84.3846780072157,143
-7.6926,53.28823,2021/09/14 23:00:00+00,Wed 15 Sep 2021,3245,12308,130,3518398,3345082,235152,3753550,3580234,88.7780882466331,84.6788586792759,144
-7.6926,53.28823,2021/09/15 23:00:00+00,Thu 16 Sep 2021,1881,10501,109,3520279,3355583,235261,3755540,3590844,88.8251552620214,84.9298039221251,145
-7.6926,53.28823,2021/09/16 23:00:00+00,Fri 17 Sep 2021,2539,14515,89,3522818,3370098,235350,3758168,3605448,88.8873121044538,85.2752143204824,146
-7.6926,53.28823,2021/09/17 23:00:00+00,Sat 18 Sep 2021,2272,11166,40,3525090,3381264,235390,3760480,3616654,88.9419949886637,85.5402560161816,147
-7.6926,53.28823,2021/09/18 23:00:00+00,Sun 19 Sep 2021,1854,8455,11,3526944,3389719,235401,3762345,3625120,88.9861055332362,85.7404918715974,148
-7.6926,53.28823,2021/09/19 23:00:00+00,Mon 20 Sep 2021,945,5550,29,3527889,3395269,235430,3763319,3630699,89.0091423538333,85.8724450770504,149
-7.6926,53.28823,2021/09/20 23:00:00+00,Tue 21 Sep 2021,1441,6589,89,3529330,3401858,235519,3764849,3637377,89.0453295566193,86.0303915739163,150
-7.6926,53.28823,2021/09/21 23:00:00+00,Wed 22 Sep 2021,1883,8065,94,3531213,3409923,235613,3766826,3645536,89.0920890990427,86.2233663370083,151
-7.6926,53.28823,2021/09/22 23:00:00+00,Thu 23 Sep 2021,1680,8679,85,3532893,3418602,235698,3768591,3654300,89.1338344669625,86.4306504188491,152
-7.6926,53.28823,2021/09/23 23:00:00+00,Fri 24 Sep 2021,1897,7302,79,3534790,3425904,235777,3770567,3661681,89.1805703576194,86.6052241075834,153
-7.6926,53.28823,2021/09/24 23:00:00+00,Sat 25 Sep 2021,2400,6532,50,3537190,3432436,235827,3773017,3668263,89.2385171856101,86.7609000348627,154
-7.6926,53.28823,2021/09/25 23:00:00+00,Sun 26 Sep 2021,1536,7079,0,3538726,3439515,235827,3774553,3675342,89.2748462989952,86.9283308901059,155
-7.6926,53.28823,2021/09/26 23:00:00+00,Mon 27 Sep 2021,1165,3699,45,3539891,3443214,235872,3775763,3679086,89.3034649364926,87.0168831039822,156
-7.6926,53.28823,2021/09/27 23:00:00+00,Tue 28 Sep 2021,1436,5043,89,3541327,3448257,235961,3777288,3684218,89.339533880446,87.1382639697976,157
-7.6926,53.28823,2021/09/28 23:00:00+00,Wed 29 Sep 2021,1632,3533,72,3542959,3451790,236033,3778992,3687823,89.3798364906076,87.2235285881267,158
-7.6926,53.28823,2021/09/29 23:00:00+00,Thu 30 Sep 2021,1266,3877,77,3544225,3455667,236110,3780335,3691777,89.4116008130531,87.3170476729736,159
-7.6926,53.28823,2021/09/30 23:00:00+00,Fri 01 Oct 2021,1830,5089,38,3546055,3460756,236148,3782203,3696904,89.4557823129252,87.4383102799565,160
-7.6926,53.28823,2021/10/01 23:00:00+00,Sat 02 Oct 2021,1702,4035,39,3547757,3464791,236187,3783944,3700978,89.4969600384483,87.5346675767866,161
-7.6926,53.28823,2021/10/02 23:00:00+00,Sun 03 Oct 2021,1203,2989,9,3548960,3467780,236196,3785156,3703976,89.5256259794788,87.605575572834,162
-7.6926,53.28823,2021/10/03 23:00:00+00,Mon 04 Oct 2021,330,1158,16,3549290,3468938,236212,3785502,3705150,89.5338094906971,87.6333427467364,163
-7.6926,53.28823,2021/10/04 23:00:00+00,Tue 05 Oct 2021,969,2749,68,3550259,3471687,236280,3786539,3707967,89.5583363725853,87.6999697730424,164
-7.6926,53.28823,2021/10/05 23:00:00+00,Wed 06 Oct 2021,976,2495,34,3551235,3474182,236314,3787549,3710496,89.5822246567774,87.7597850905886,165
-7.6926,53.28823,2021/10/06 23:00:00+00,Thu 07 Oct 2021,1204,2626,41,3552439,3476808,236355,3788794,3713163,89.6116711061032,87.8228643519156,166
-7.6926,53.28823,2021/10/07 23:00:00+00,Fri 08 Oct 2021,982,2686,42,3553421,3479494,236397,3789818,3715891,89.6358905150267,87.8873863710007,167
-7.6926,53.28823,2021/10/08 23:00:00+00,Sat 09 Oct 2021,729,2317,18,3554150,3481811,236415,3790565,3718226,89.6535583846222,87.9426132458407,168
-7.6926,53.28823,2021/10/09 23:00:00+00,Sun 10 Oct 2021,1527,3889,0,3555677,3485700,236415,3792092,3722115,89.6896746321086,88.0345949658634,169
-7.6926,53.28823,2021/10/10 23:00:00+00,Mon 11 Oct 2021,324,1064,12,3556001,3486764,236427,3792428,3723191,89.6976216256616,88.0600442666462,170
-7.6926,53.28823,2021/10/11 23:00:00+00,Tue 12 Oct 2021,548,1561,20,3556549,3488325,236447,3792996,3724772,89.7110558290488,88.0974377095251,171
-7.6926,53.28823,2021/10/12 23:00:00+00,Wed 13 Oct 2021,1002,1975,9,3557551,3490300,236456,3794007,3726756,89.7349677650074,88.1443628143142,172
-7.6926,53.28823,2021/10/13 23:00:00+00,Thu 14 Oct 2021,697,1513,7,3558248,3491813,236463,3794711,3728276,89.7516186086423,88.180313499435,173
-7.6926,53.28823,2021/10/14 23:00:00+00,Fri 15 Oct 2021,952,1998,5,3559200,3493811,236468,3795668,3730279,89.7742533492084,88.2276879877881,174
-7.6926,53.28823,2021/10/15 23:00:00+00,Sat 16 Oct 2021,1375,2589,11,3560575,3496400,236479,3797054,3732879,89.8070346976145,88.2891825807578,175
-7.6926,53.28823,2021/10/16 23:00:00+00,Sun 17 Oct 2021,1709,2873,1,3562284,3499273,236480,3798764,3735753,89.8474792183753,88.3571577577558,176
-7.6926,53.28823,2021/10/17 23:00:00+00,Mon 18 Oct 2021,668,1169,3,3562952,3500442,236483,3799435,3736925,89.8633495537148,88.3848776281252,177
-7.6926,53.28823,2021/10/18 23:00:00+00,Tue 19 Oct 2021,1333,1728,10,3564285,3502170,236493,3800778,3738663,89.8951138761603,88.4259843983487,178
-7.6926,53.28823,2021/10/19 23:00:00+00,Wed 20 Oct 2021,2241,2255,0,3566526,3504425,236493,3803019,3740918,89.9481174849468,88.4793191318666,179
-7.6926,53.28823,2021/10/20 23:00:00+00,Thu 21 Oct 2021,1751,1763,8,3568277,3506188,236501,3804778,3742689,89.9897209422675,88.5212064103856,180
-7.6926,53.28823,2021/10/21 23:00:00+00,Fri 22 Oct 2021,1484,1898,1,3569761,3508086,236502,3806263,3744588,90.0248438155597,88.56612111502,181
-7.6926,53.28823,2021/10/22 23:00:00+00,Sat 23 Oct 2021,2005,1662,0,3571766,3509748,236502,3808268,3746250,90.072265607446,88.6054303509875,182
-7.6926,53.28823,2021/10/23 23:00:00+00,Sun 24 Oct 2021,1943,2170,0,3573709,3511918,236502,3810211,3748420,90.1182209898075,88.6567546843506,183
-7.6926,53.28823,2021/10/24 23:00:00+00,Mon 25 Oct 2021,1213,806,0,3574922,3512724,236502,3811424,3749226,90.1469105826045,88.6758180081712,184
-7.6926,53.28823,2021/10/25 23:00:00+00,Tue 26 Oct 2021,1231,1160,5,3576153,3513884,236507,3812660,3750391,90.1761441660316,88.7033723161749,185
-7.6926,53.28823,2021/10/26 23:00:00+00,Wed 27 Oct 2021,1550,1383,4,3577703,3515267,236511,3814214,3751778,90.2128990112142,88.7361773163476,186
-7.6926,53.28823,2021/10/27 23:00:00+00,Thu 28 Oct 2021,2141,1640,2,3579844,3516907,236513,3816357,3753420,90.2635847468812,88.7750135169846,187
-7.6926,53.28823,2021/10/28 23:00:00+00,Fri 29 Oct 2021,2129,1316,0,3581973,3518223,236513,3818486,3754736,90.3139393578167,88.8061392417338,188
-7.6926,53.28823,2021/10/29 23:00:00+00,Sat 30 Oct 2021,2000,1420,0,3583973,3519643,236513,3820486,3756156,90.3612428908703,88.8397247502019,189
-7.6926,53.28823,2021/10/30 23:00:00+00,Sun 31 Oct 2021,1625,1309,0,3585598,3520952,236513,3822111,3757465,90.3996770114763,88.8706849125854,190
-7.6926,53.28823,2021/11/01 00:00:00+00,Mon 01 Nov 2021,254,242,0,3585852,3521194,236513,3822365,3757707,90.4056845601741,88.8764086400849,191
-7.6926,53.28823,2021/11/02 00:00:00+00,Tue 02 Nov 2021,1082,1048,9,3586934,3522242,236522,3823456,3758764,90.4314886374548,88.9014085573037,192
-7.6926,53.28823,2021/11/03 00:00:00+00,Wed 03 Nov 2021,2535,1786,5,3589469,3524028,236527,3825996,3760555,90.4915641244329,88.9437688711532,193
-7.6926,53.28823,2021/11/04 00:00:00+00,Thu 04 Nov 2021,1547,1213,0,3591016,3525241,236527,3827543,3761768,90.5281534072498,88.9724584639502,194
-7.6926,53.28823,2021/11/05 00:00:00+00,Fri 05 Nov 2021,1627,1013,0,3592643,3526254,236527,3829170,3762781,90.5666348313889,88.9964177034418,195
-7.6926,53.28823,2021/11/06 00:00:00+00,Sat 06 Nov 2021,1822,1316,5,3594465,3527570,236532,3830997,3764102,90.6098466088334,89.0276616870237,196
-7.6926,53.28823,2021/11/07 00:00:00+00,Sun 07 Nov 2021,728,764,0,3595193,3528334,236532,3831725,3764866,90.6270650948649,89.0457316366502,197
-7.6926,53.28823,2021/11/08 00:00:00+00,Mon 08 Nov 2021,506,487,1,3595699,3528821,236533,3832232,3765354,90.639056540494,89.0572736987153,198
-7.6926,53.28823,2021/11/09 00:00:00+00,Tue 09 Nov 2021,1375,992,1,3597074,3529813,236534,3833608,3766347,90.6716013712348,89.0807599028764,199
-7.6926,53.28823,2021/11/10 00:00:00+00,Wed 10 Nov 2021,1601,1281,0,3598675,3531094,236534,3835209,3767628,90.7094678494442,89.1110578157972,200
-7.6926,53.28823,2021/11/11 00:00:00+00,Thu 11 Nov 2021,1398,1045,1,3600073,3532139,236535,3836608,3768674,90.7425566708152,89.1357975635842,201
-7.6926,53.28823,2021/11/12 00:00:00+00,Fri 12 Nov 2021,1151,1066,5,3601224,3533205,236540,3837764,3769745,90.7698981129202,89.1611286055344,202
-7.6926,53.28823,2021/11/13 00:00:00+00,Sat 13 Nov 2021,1410,1326,0,3602634,3534531,236540,3839174,3771071,90.8032471037229,89.1924908479489,203
-7.6926,53.28823,2021/11/14 00:00:00+00,Sun 14 Nov 2021,1648,1798,0,3604282,3536329,236540,3840822,3772869,90.8422252149591,89.2350167241641,204
-7.6926,53.28823,2021/11/15 00:00:00+00,Mon 15 Nov 2021,1248,548,0,3605530,3536877,236540,3842070,3773417,90.8717426195845,89.2479778922208,205
-7.6926,53.28823,2021/11/16 00:00:00+00,Tue 16 Nov 2021,1321,1016,4,3606851,3537893,236544,3843395,3774437,90.9030812102325,89.2721026940781,206
-7.6926,53.28823,2021/11/17 00:00:00+00,Wed 17 Nov 2021,1502,1043,0,3608353,3538936,236544,3844897,3775480,90.9386061635557,89.2967714865656,207
-7.6926,53.28823,2021/11/18 00:00:00+00,Thu 18 Nov 2021,1638,2422,5,3609991,3541358,236549,3846540,3777907,90.9774660159593,89.3541743239261,208
-7.6926,53.28823,2021/11/19 00:00:00+00,Fri 19 Nov 2021,1166,1449,0,3611157,3542807,236549,3847706,3779356,91.0050439757295,89.3884457336234,209
-7.6926,53.28823,2021/11/20 00:00:00+00,Sat 20 Nov 2021,1525,2887,10,3612682,3545694,236559,3849241,3782253,91.0413494373481,89.4569649012515,210
-7.6926,53.28823,2021/11/21 00:00:00+00,Sun 21 Nov 2021,1783,2747,0,3614465,3548441,236559,3851024,3785000,91.0835205370654,89.5219363039006,211
-7.6926,53.28823,2021/11/22 00:00:00+00,Mon 22 Nov 2021,704,459,2,3615169,3548900,236561,3851730,3785461,91.1002186842333,89.5328397682695,212
-7.6926,53.28823,2021/11/23 00:00:00+00,Tue 23 Nov 2021,2160,1523,4,3617329,3550423,236565,3853894,3786988,91.1514011069973,89.5689560157559,213
-7.6926,53.28823,2021/11/24 00:00:00+00,Wed 24 Nov 2021,1610,3065,0,3618939,3553488,236565,3855504,3790053,91.1894804511054,89.6414486801605,214
-7.6926,53.28823,2021/11/25 00:00:00+00,Thu 25 Nov 2021,987,1098,0,3619926,3554586,236565,3856491,3791151,91.2128247446674,89.6674183198069,215
-7.6926,53.28823,2021/11/26 00:00:00+00,Fri 26 Nov 2021,1266,1042,13,3621192,3555628,236578,3857770,3792206,91.2430753540551,89.6923709334927,216
-7.6926,53.28823,2021/11/27 00:00:00+00,Sat 27 Nov 2021,1225,1510,5,3622417,3557138,236583,3859000,3793721,91.2721670268831,89.7282033597807,217
-7.6926,53.28823,2021/11/28 00:00:00+00,Sun 28 Nov 2021,1973,2242,0,3624390,3559380,236583,3860973,3795963,91.3188319622404,89.7812306203338,218
-7.6926,53.28823,2021/11/29 00:00:00+00,Mon 29 Nov 2021,534,949,1,3624924,3560329,236584,3861508,3796913,91.3314856573323,89.8036997985343,219
-7.6926,53.28823,2021/11/30 00:00:00+00,Tue 30 Nov 2021,1921,1573,6,3626845,3561902,236590,3863435,3798492,91.3770626114294,89.8410459378801,220
-7.6926,53.28823,2021/12/01 00:00:00+00,Wed 01 Dec 2021,1117,1296,1,3627962,3563198,236591,3864553,3799789,91.4035052864063,89.8717222790653,221
-7.6926,53.28823,2021/12/02 00:00:00+00,Thu 02 Dec 2021,1758,1332,1,3629720,3564530,236592,3866312,3801122,91.445108743727,89.9032500838455,222
-7.6926,53.28823,2021/12/03 00:00:00+00,Fri 03 Dec 2021,1008,1107,4,3630728,3565637,236596,3867324,3802233,91.4690443314521,89.9295271964568,223
-7.6926,53.28823,2021/12/04 00:00:00+00,Sat 04 Dec 2021,1191,1655,0,3631919,3567292,236596,3868515,3803888,91.4972135853855,89.9686708700586,224
-7.6926,53.28823,2021/12/05 00:00:00+00,Sun 05 Dec 2021,1352,1760,0,3633271,3569052,236596,3869867,3805648,91.5291907737297,90.0102979791458,225
-7.6926,53.28823,2021/12/06 00:00:00+00,Mon 06 Dec 2021,912,1228,0,3634183,3570280,236596,3870779,3806876,91.5507611848021,90.0393423484407,226
-7.6926,53.28823,2021/12/07 00:00:00+00,Tue 07 Dec 2021,467,669,1,3634650,3570949,236597,3871247,3807546,91.5618302115367,90.0551890320136,227
-7.6926,53.28823,2021/12/08 00:00:00+00,Wed 08 Dec 2021,791,1379,0,3635441,3572328,236597,3872038,3808925,91.5805387588594,90.0878048180541,228
-7.6926,53.28823,2021/12/09 00:00:00+00,Thu 09 Dec 2021,741,1094,0,3636182,3573422,236597,3872779,3810019,91.5980647178557,90.1136798506344,229
-7.6926,53.28823,2021/12/10 00:00:00+00,Fri 10 Dec 2021,833,1473,1,3637015,3574895,236598,3873613,3811493,91.6177902911391,90.1485425544949,230
-7.6926,53.28823,2021/12/11 00:00:00+00,Sat 11 Dec 2021,606,801,0,3637621,3575696,236598,3874219,3812294,91.6321232616543,90.1674876194828,231
-7.6926,53.28823,2021/12/12 00:00:00+00,Sun 12 Dec 2021,680,1178,0,3638301,3576874,236598,3874899,3813472,91.6482064628925,90.1953494004514,232
-7.6926,53.28823,2021/12/13 00:00:00+00,Mon 13 Dec 2021,675,938,0,3638976,3577812,236598,3875574,3814410,91.6641714052981,90.2175347574535,233
-7.6926,53.28823,2021/12/14 00:00:00+00,Tue 14 Dec 2021,549,1042,0,3639525,3578854,236598,3876123,3815452,91.6771562251213,90.2421798981744,234
-7.6926,53.28823,2021/12/15 00:00:00+00,Wed 15 Dec 2021,676,1051,1,3640201,3579905,236599,3876800,3816504,91.6931684710599,90.2670615565606,235
-7.6926,53.28823,2021/04/24 23:00:00+00,Sun 25 Apr 2021,9669,247,1,1039054,428138,69,1039123,428207,24.5770945886177,10.1278519891372,236
-7.6926,53.28823,2021/04/25 23:00:00+00,Mon 26 Apr 2021,15444,2971,1,1054498,431109,70,1054568,431179,24.942396122624,10.1981450392548,237
-7.6926,53.28823,2021/04/26 23:00:00+00,Tue 27 Apr 2021,25761,7726,2,1080259,438835,72,1080331,438907,25.5517365836537,10.3809258909739,238
-7.6926,53.28823,2021/04/27 23:00:00+00,Wed 28 Apr 2021,25891,8512,1,1106150,447347,73,1106223,447420,26.1641281225653,10.5822733794164,239
-7.6926,53.28823,2021/04/28 23:00:00+00,Thu 29 Apr 2021,31559,11241,0,1137709,458588,73,1137782,458661,26.9105542223843,10.8481428869441,240
-7.6926,53.28823,2021/04/29 23:00:00+00,Fri 30 Apr 2021,35941,13455,0,1173650,472043,73,1173723,472116,27.7606223631237,11.166377405562,241
-7.6926,53.28823,2021/04/30 23:00:00+00,Sat 01 May 2021,16395,6615,0,1190045,478658,73,1190118,478731,28.1483930753304,11.3228338411368,242
-7.6926,53.28823,2021/05/01 23:00:00+00,Sun 02 May 2021,12317,865,1,1202362,479523,74,1202436,479597,28.4397355354074,11.343316270949,243
-7.6926,53.28823,2021/05/02 23:00:00+00,Mon 03 May 2021,14107,853,3,1216469,480376,77,1216546,480453,28.7734619611004,11.3635621830959,244
-7.6926,53.28823,2021/05/03 23:00:00+00,Tue 04 May 2021,26456,6697,1,1242925,487073,78,1243003,487151,29.3992167480997,11.5219817152923,245
-7.6926,53.28823,2021/05/04 23:00:00+00,Wed 05 May 2021,31878,13336,63,1274803,500409,141,1274944,500550,30.1546778227319,11.8388917349848,246
-7.6926,53.28823,2021/05/05 23:00:00+00,Thu 06 May 2021,37083,14279,119,1311886,514688,260,1312146,514948,31.0345708410615,12.1794298694375,247
-7.6926,53.28823,2021/05/06 23:00:00+00,Fri 07 May 2021,40376,14969,81,1352262,529657,341,1352603,529998,31.9914503594359,12.5353889556657,248
-7.6926,53.28823,2021/05/07 23:00:00+00,Sat 08 May 2021,25413,6966,2,1377675,536623,343,1378018,536966,32.5925600057143,12.7001944648244,249
-7.6926,53.28823,2021/05/08 23:00:00+00,Sun 09 May 2021,19551,872,0,1397226,537495,343,1397569,537838,33.0549756930795,12.7208188052357,250
-7.6926,53.28823,2021/05/09 23:00:00+00,Mon 10 May 2021,28611,4536,158,1425837,542031,501,1426338,542532,33.7354133642888,12.8318401973125,251
-7.6926,53.28823,2021/05/10 23:00:00+00,Tue 11 May 2021,34130,14729,145,1459967,556760,646,1460613,557406,34.5460776619945,13.183636572632,252
-7.6926,53.28823,2021/05/11 23:00:00+00,Wed 12 May 2021,31042,20823,147,1491009,577583,793,1491802,578376,35.2837526081986,13.6796141166988,253
-7.6926,53.28823,2021/05/12 23:00:00+00,Thu 13 May 2021,35775,25390,135,1526784,602973,928,1527712,603901,36.1330875441756,14.2833254572951,254
-7.6926,53.28823,2021/05/13 23:00:00+00,Fri 14 May 2021,37982,27868,221,1564766,630841,1149,1565915,631990,37.0366559807985,14.9476799272661,255
-7.6926,53.28823,2021/05/14 23:00:00+00,Sat 15 May 2021,28627,12354,3,1593393,643195,1152,1594545,644347,37.7138060564606,15.2399448062376,256
-7.6926,53.28823,2021/05/15 23:00:00+00,Sun 16 May 2021,23011,1114,1,1616404,644309,1153,1617557,645462,38.258080507775,15.266316525915,257
-7.6926,53.28823,2021/05/16 23:00:00+00,Mon 17 May 2021,35191,3867,103,1651595,648176,1256,1652851,649432,39.0928459555716,15.3602140390264,258
-7.6926,53.28823,2021/05/17 23:00:00+00,Tue 18 May 2021,38807,12379,111,1690402,660555,1367,1691769,661922,40.0133254052612,15.655624602946,259
-7.6926,53.28823,2021/05/18 23:00:00+00,Wed 19 May 2021,36778,17491,194,1727180,678046,1561,1728741,679607,40.8877785172897,16.0739060939723,260
-7.6926,53.28823,2021/05/19 23:00:00+00,Thu 20 May 2021,38848,19554,108,1766028,697600,1669,1767697,699269,41.8091567341073,16.538947127422,261
-7.6926,53.28823,2021/05/20 23:00:00+00,Fri 21 May 2021,25588,23115,14908,1791616,720715,16577,1808193,737292,42.7669586713762,17.4382582460701,262
-7.6926,53.28823,2021/05/21 23:00:00+00,Sat 22 May 2021,16386,10165,13490,1808002,730880,30067,1838069,760947,43.4735788481306,17.9977407832614,263
-7.6926,53.28823,2021/05/22 23:00:00+00,Sun 23 May 2021,8066,5477,10191,1816068,736357,40258,1856326,776615,43.9053891496102,18.3683166612031,264
-7.6926,53.28823,2021/05/23 23:00:00+00,Mon 24 May 2021,22308,8102,8426,1838376,744459,48684,1887060,793143,44.6323025420446,18.7592330583579,265
-7.6926,53.28823,2021/05/24 23:00:00+00,Tue 25 May 2021,30058,16374,3206,1868434,760833,51890,1920324,812723,45.4190549037917,19.2223346469524,266
-7.6926,53.28823,2021/05/25 23:00:00+00,Wed 26 May 2021,19681,25305,3029,1888115,786138,54919,1943034,841057,45.9561865216151,19.8924837997225,267
-7.6926,53.28823,2021/05/26 23:00:00+00,Thu 27 May 2021,16737,35864,540,1904852,822002,55459,1960311,877461,46.3648180918985,20.7535027083638,268
-7.6926,53.28823,2021/05/27 23:00:00+00,Fri 28 May 2021,26754,31712,1515,1931606,853714,56974,1988580,910688,47.0334298798443,21.5393799547494,269
-7.6926,53.28823,2021/05/28 23:00:00+00,Sat 29 May 2021,24253,7315,494,1955859,861029,57468,2013327,918497,47.6187401460828,21.7240765995571,270
-7.6926,53.28823,2021/05/29 23:00:00+00,Sun 30 May 2021,24075,1611,183,1979934,862640,57651,2037585,920291,48.1924846984896,21.7665078687062,271
-7.6926,53.28823,2021/05/30 23:00:00+00,Mon 31 May 2021,22279,7227,3410,2002213,869867,61061,2063274,930928,48.8000749287964,22.0180917092517,272
-7.6926,53.28823,2021/05/31 23:00:00+00,Tue 01 Jun 2021,27174,11369,3618,2029387,881236,64679,2094066,945915,49.5283601236893,22.3725607341887,273
-7.6926,53.28823,2021/06/01 23:00:00+00,Wed 02 Jun 2021,18369,20764,3971,2047756,902000,68650,2116406,970650,50.0567405878978,22.9575871792288,274
-7.6926,53.28823,2021/06/02 23:00:00+00,Thu 03 Jun 2021,16434,30556,1951,2064190,932556,70601,2134791,1003157,50.4915783154928,23.7264351537152,275
-7.6926,53.28823,2021/06/03 23:00:00+00,Fri 04 Jun 2021,28755,23208,117,2092945,955764,70718,2163663,1026482,51.1744521186543,24.2781126079526,276
-7.6926,53.28823,2021/06/04 23:00:00+00,Sat 05 Jun 2021,20682,11364,2,2113627,967128,70720,2184347,1037848,51.6636652574944,24.5469385862961,277
-7.6926,53.28823,2021/06/05 23:00:00+00,Sun 06 Jun 2021,19735,3807,8,2133362,970935,70728,2204090,1041663,52.1306220840328,24.6371700755958,278
-7.6926,53.28823,2021/06/06 23:00:00+00,Mon 07 Jun 2021,19530,4411,2,2152892,975346,70730,2223622,1046076,52.5925883878341,24.7415453212785,279
-7.6926,53.28823,2021/06/07 23:00:00+00,Tue 08 Jun 2021,26267,18376,13,2179159,993722,70743,2249902,1064465,53.2141568121581,25.1764776559396,280
-7.6926,53.28823,2021/06/08 23:00:00+00,Wed 09 Jun 2021,32581,19941,143,2211740,1013663,70886,2282626,1084549,53.9881372199808,25.6514997348637,281
-7.6926,53.28823,2021/06/09 23:00:00+00,Thu 10 Jun 2021,27410,27318,234,2239150,1040981,71120,2310270,1112101,54.6419666538474,26.3031532062098,282
-7.6926,53.28823,2021/06/10 23:00:00+00,Fri 11 Jun 2021,26187,32727,4,2265337,1073708,71124,2336461,1144832,55.2614300709506,27.0772991763982,283
-7.6926,53.28823,2021/06/11 23:00:00+00,Sat 12 Jun 2021,11951,19566,75,2277288,1093274,71199,2348487,1164473,55.5458662152017,27.5418435227509,284
-7.6926,53.28823,2021/06/12 23:00:00+00,Sun 13 Jun 2021,8398,18073,808,2285686,1111347,72007,2357693,1183354,55.7636043778474,27.9884125265432,285
-7.6926,53.28823,2021/06/13 23:00:00+00,Mon 14 Jun 2021,15772,31104,11,2301458,1142451,72018,2373476,1214469,56.1369002089397,28.7243372420243,286
-7.6926,53.28823,2021/06/14 23:00:00+00,Tue 15 Jun 2021,14421,41301,178,2315879,1183752,72196,2388075,1255948,56.4821923484643,29.705388865789,287
-7.6926,53.28823,2021/06/15 23:00:00+00,Wed 16 Jun 2021,13151,48112,190,2329030,1231864,72386,2401416,1304250,56.7977305656982,30.847816492566,288
-7.6926,53.28823,2021/06/16 23:00:00+00,Thu 17 Jun 2021,21281,42438,497,2350311,1274302,72883,2423194,1347185,57.3128187371187,31.8633050883937,289
-7.6926,53.28823,2021/06/17 23:00:00+00,Fri 18 Jun 2021,11805,49824,521,2362116,1324126,73404,2435520,1397530,57.6043504113279,33.054053274185,290
-7.6926,53.28823,2021/06/18 23:00:00+00,Sat 19 Jun 2021,6075,32615,400,2368191,1356741,73804,2441995,1430545,57.7574955995888,33.834916346067,291
-7.6926,53.28823,2021/06/19 23:00:00+00,Sun 20 Jun 2021,8343,26014,158,2376534,1382755,73962,2450496,1456717,57.9585592668331,34.4539303796061,292
-7.6926,53.28823,2021/06/20 23:00:00+00,Mon 21 Jun 2021,15215,32115,533,2391749,1414870,74495,2466244,1489365,58.331027286097,35.2261132531728,293
-7.6926,53.28823,2021/06/21 23:00:00+00,Tue 22 Jun 2021,14882,43315,686,2406631,1458185,75181,2481812,1533366,58.699237987386,36.2668146321181,294
-7.6926,53.28823,2021/06/22 23:00:00+00,Wed 23 Jun 2021,19799,39124,849,2426430,1497309,76030,2502460,1573339,59.1875996626312,37.2122466954934,295
-7.6926,53.28823,2021/06/23 23:00:00+00,Thu 24 Jun 2021,18785,44004,999,2445215,1541313,77029,2522244,1618342,59.6555262115972,38.2766471444986,296
-7.6926,53.28823,2021/06/24 23:00:00+00,Fri 25 Jun 2021,14925,49880,786,2460140,1591193,77815,2537955,1669008,60.0271191154996,39.4749875473449,297
-7.6926,53.28823,2021/06/25 23:00:00+00,Sat 26 Jun 2021,8802,30309,452,2468942,1621502,78267,2547209,1699769,60.2459925629385,40.2025395374755,298
-7.6926,53.28823,2021/06/26 23:00:00+00,Sun 27 Jun 2021,8568,30293,32,2477510,1651795,78299,2555809,1730094,60.4493977550689,40.9197793574004,299
-7.6926,53.28823,2021/06/27 23:00:00+00,Mon 28 Jun 2021,23994,24379,452,2501504,1676174,78751,2580255,1754925,61.0275888395828,41.5070763720272,300
-7.6926,53.28823,2021/06/28 23:00:00+00,Tue 29 Jun 2021,27858,30725,755,2529362,1706899,79506,2608868,1786405,61.7043368352139,42.2516339822905,301
-7.6926,53.28823,2021/06/29 23:00:00+00,Wed 30 Jun 2021,22253,36530,530,2551615,1743429,80036,2631651,1823465,62.2431950319937,43.1281684497733,302
-7.6926,53.28823,2021/06/30 23:00:00+00,Thu 01 Jul 2021,14590,48065,584,2566205,1791494,80620,2646825,1872114,62.6020869372713,44.2788032395352,303
-7.6926,53.28823,2021/07/01 23:00:00+00,Fri 02 Jul 2021,13348,46988,768,2579553,1838482,81388,2660941,1919870,62.9359552735634,45.4083170017885,304
-7.6926,53.28823,2021/07/02 23:00:00+00,Sat 03 Jul 2021,9096,30187,457,2588649,1868669,81845,2670494,1950514,63.1619005991939,46.1331017352355,305
-7.6926,53.28823,2021/07/03 23:00:00+00,Sun 04 Jul 2021,6281,27635,195,2594930,1896304,82040,2676970,1978344,63.3150694392213,46.7913303976761,306
-7.6926,53.28823,2021/07/04 23:00:00+00,Mon 05 Jul 2021,15236,33078,5301,2610166,1929382,87341,2697507,2016723,63.800805768382,47.6990615452077,307
-7.6926,53.28823,2021/07/05 23:00:00+00,Tue 06 Jul 2021,12117,48085,5435,2622283,1977467,92776,2715059,2070243,64.2159415744603,48.9649040897216,308
-7.6926,53.28823,2021/07/06 23:00:00+00,Wed 07 Jul 2021,19415,43405,4988,2641698,2020872,97764,2739462,2118636,64.7931156330135,50.1094840272525,309
-7.6926,53.28823,2021/07/07 23:00:00+00,Thu 08 Jul 2021,17528,45291,5942,2659226,2066163,103706,2762932,2169869,65.3482225933973,51.3212349817196,310
-7.6926,53.28823,2021/07/08 23:00:00+00,Fri 09 Jul 2021,13286,44781,6491,2672512,2110944,110197,2782709,2221141,65.8159835799976,52.5339083550811,311
-7.6926,53.28823,2021/07/09 23:00:00+00,Sat 10 Jul 2021,8417,23574,4316,2680929,2134518,114513,2795442,2249031,66.1171415231832,53.1935561235133,312
-7.6926,53.28823,2021/07/10 23:00:00+00,Sun 11 Jul 2021,15094,15942,2129,2696023,2150460,116642,2812665,2267102,66.5244958980741,53.6209671964189,313
-7.6926,53.28823,2021/07/11 23:00:00+00,Mon 12 Jul 2021,16918,31415,6036,2712941,2181875,122678,2835619,2304553,67.0673985469301,54.5067495046138,314
-7.6926,53.28823,2021/07/12 23:00:00+00,Tue 13 Jul 2021,19884,36201,8444,2732825,2218076,131122,2863947,2349198,67.737405789101,55.5626826212023,315
-7.6926,53.28823,2021/07/13 23:00:00+00,Wed 14 Jul 2021,20583,35316,9282,2753408,2253392,140404,2893812,2393796,68.4437657964236,56.6175041047641,316
-7.6926,53.28823,2021/07/14 23:00:00+00,Thu 15 Jul 2021,23398,28471,9523,2776806,2281863,149927,2926733,2431790,69.222405602252,57.5161293221829,317
-7.6926,53.28823,2021/07/15 23:00:00+00,Fri 16 Jul 2021,23345,27032,9117,2800151,2308895,159044,2959195,2467939,69.9901892472447,58.3711170303599,318
-7.6926,53.28823,2021/07/16 23:00:00+00,Sat 17 Jul 2021,11355,19125,4631,2811506,2328020,163675,2975181,2491695,70.368286386942,58.9329883959703,319
-7.6926,53.28823,2021/07/17 23:00:00+00,Sun 18 Jul 2021,16738,15595,1908,2828244,2343615,165583,2993827,2509198,70.8092972256005,59.3469652654887,320
-7.6926,53.28823,2021/07/18 23:00:00+00,Mon 19 Jul 2021,24664,18062,6189,2852908,2361677,171772,3024680,2533449,71.5390251782515,59.9205442555299,321
-7.6926,53.28823,2021/07/19 23:00:00+00,Tue 20 Jul 2021,30376,17758,7652,2883284,2379435,179424,3062708,2558859,72.4384545557323,60.5215356429756,322
-7.6926,53.28823,2021/07/20 23:00:00+00,Wed 21 Jul 2021,30095,19470,6831,2913379,2398905,186255,3099634,2585160,73.3118196865006,61.1436007543967,323
-7.6926,53.28823,2021/07/21 23:00:00+00,Thu 22 Jul 2021,33323,15552,6879,2946702,2414457,193134,3139836,2607591,74.2626680044106,61.6741335293592,324
-7.6926,53.28823,2021/07/22 23:00:00+00,Fri 23 Jul 2021,26904,20446,5548,2973606,2434903,198682,3172288,2633585,75.030215131738,62.2889375484566,325
-7.6926,53.28823,2021/07/23 23:00:00+00,Sat 24 Jul 2021,15309,14495,2232,2988915,2449398,200914,3189829,2650312,75.4450907683844,62.6845606471502,326
-7.6926,53.28823,2021/07/24 23:00:00+00,Sun 25 Jul 2021,14626,13459,1016,3003541,2462857,201930,3205471,2664787,75.8150517003965,63.0269199676255,327
-7.6926,53.28823,2021/07/25 23:00:00+00,Mon 26 Jul 2021,23674,17817,3371,3027215,2480674,205301,3232516,2685975,76.4547137261135,63.5280535967951,328
-7.6926,53.28823,2021/07/26 23:00:00+00,Tue 27 Jul 2021,25296,23447,3609,3052511,2504121,208910,3261421,2713031,77.1383680375704,64.1679757919439,329
-7.6926,53.28823,2021/07/27 23:00:00+00,Wed 28 Jul 2021,23259,24913,3225,3075770,2529034,212135,3287905,2741169,77.7647614222659,64.8334891984748,330
-7.6926,53.28823,2021/07/28 23:00:00+00,Thu 29 Jul 2021,19116,27500,2920,3094886,2556534,215055,3309941,2771589,78.2859517494502,65.5529759362197,331
-7.6926,53.28823,2021/07/29 23:00:00+00,Fri 30 Jul 2021,21769,22549,2080,3116655,2579083,217135,3333790,2796218,78.8500227293476,66.135495294008,332
-7.6926,53.28823,2021/07/30 23:00:00+00,Sat 31 Jul 2021,13624,12184,883,3130279,2591267,218018,3348297,2809285,79.1931389063518,66.4445529272136,333
-7.6926,53.28823,2021/07/31 23:00:00+00,Sun 01 Aug 2021,10978,9136,355,3141257,2600403,218373,3359630,2818776,79.4611843763999,66.6690318433193,334
-7.6926,53.28823,2021/08/01 23:00:00+00,Mon 02 Aug 2021,14874,15631,394,3156131,2616034,218767,3374898,2834801,79.8222995477309,67.0480514019112,335
-7.6926,53.28823,2021/08/02 23:00:00+00,Tue 03 Aug 2021,17193,25094,1084,3173324,2641128,219851,3393175,2860979,80.2545828845411,67.6672073460495,336
-7.6926,53.28823,2021/08/03 23:00:00+00,Wed 04 Aug 2021,21945,16930,1555,3195269,2658058,221406,3416675,2879464,80.8103993979206,68.1044102502972,337
-7.6926,53.28823,2021/08/04 23:00:00+00,Thu 05 Aug 2021,13372,29708,1402,3208641,2687766,222808,3431449,2910574,81.1598305965874,68.8402167069456,338
-7.6926,53.28823,2021/08/05 23:00:00+00,Fri 06 Aug 2021,12032,24422,923,3220673,2712188,223731,3444404,2935919,81.466239231942,69.4396707295671,339
-7.6926,53.28823,2021/08/06 23:00:00+00,Sat 07 Aug 2021,6252,8196,560,3226925,2720384,224291,3451216,2944675,81.6273550655225,69.6467655972757,340
-7.6926,53.28823,2021/08/07 23:00:00+00,Sun 08 Aug 2021,8546,11788,142,3235471,2732172,224433,3459904,2956605,81.8328416131072,69.9289311719403,341
-7.6926,53.28823,2021/08/08 23:00:00+00,Mon 09 Aug 2021,5439,22698,584,3240910,2754870,225017,3465927,2979887,81.9752962028981,70.479591600217,342
-7.6926,53.28823,2021/08/09 23:00:00+00,Tue 10 Aug 2021,9206,25663,686,3250116,2780533,225703,3475819,3006236,82.2092594773811,71.1027919964314,343
-7.6926,53.28823,2021/08/10 23:00:00+00,Wed 11 Aug 2021,6907,30903,633,3257023,2811436,226336,3483359,3037772,82.3875937969931,71.8486741056203,344
-7.6926,53.28823,2021/08/11 23:00:00+00,Thu 12 Aug 2021,6637,37983,849,3263660,2849419,227185,3490845,3076604,82.5646509212127,72.7671195033886,345
-7.6926,53.28823,2021/08/12 23:00:00+00,Fri 13 Aug 2021,10804,27932,843,3274464,2877351,228028,3502492,3105379,82.8401230459502,73.447699085197,346
-7.6926,53.28823,2021/08/13 23:00:00+00,Sat 14 Aug 2021,18043,5644,267,3292507,2882995,228295,3520802,3111290,83.2731868910557,73.5875046771368,347
-7.6926,53.28823,2021/08/14 23:00:00+00,Sun 15 Aug 2021,16955,3606,39,3309462,2886601,228334,3537796,3114935,83.675125011412,73.673715366127,348
-7.6926,53.28823,2021/08/15 23:00:00+00,Mon 16 Aug 2021,10102,22875,350,3319564,2909476,228684,3548248,3138160,83.92233327515,74.2230276437117,349
-7.6926,53.28823,2021/08/16 23:00:00+00,Tue 17 Aug 2021,12776,26612,511,3332340,2936088,229195,3561535,3165283,84.2365942969915,74.8645345072178,350
-7.6926,53.28823,2021/08/17 23:00:00+00,Wed 18 Aug 2021,15139,25518,645,3347479,2961606,229840,3577319,3191446,84.6099137798503,75.4833356748582,351
-7.6926,53.28823,2021/08/18 23:00:00+00,Thu 19 Aug 2021,11295,25453,523,3358774,2987059,230363,3589137,3217422,84.8894303566639,76.0977139621581,352
-7.6926,53.28823,2021/08/19 23:00:00+00,Fri 20 Aug 2021,14744,22022,664,3373518,3009081,231027,3604545,3240108,85.2538567753087,76.6342779375849,353
