X,Y,VaccinationDate,VaccineText,Dose1,Dose2,SingleDose,Dose1Cum,Dose2Cum,SingleDoseCum,PartiallyVacc,FullyVacc,PartialPercent,FullyPercent,ObjectId
-7.6926,53.28823,2021/07/15 23:00:00+00,Fri 16 Jul 2021,23424,27195,9132,2810846,2315704,160032,2970878,2475736,63.0906068011112,52.5755976917786,1
-7.6926,53.28823,2021/07/16 23:00:00+00,Sat 17 Jul 2021,11399,19262,4647,2822245,2334966,164679,2986924,2499645,63.4313652828565,53.0833375983004,2
-7.6926,53.28823,2021/07/17 23:00:00+00,Sun 18 Jul 2021,16780,15681,1915,2839025,2350647,166594,3005619,2517241,63.8283788573442,53.4570124234775,3
-7.6926,53.28823,2021/07/18 23:00:00+00,Mon 19 Jul 2021,24741,18221,6211,2863766,2368868,172805,3036571,2541673,64.4856863811496,53.9758589413637,4
-7.6926,53.28823,2021/07/19 23:00:00+00,Tue 20 Jul 2021,30446,17948,7666,2894212,2386816,180471,3074683,2567287,65.2950461752589,54.5198068256604,5
-7.6926,53.28823,2021/07/20 23:00:00+00,Wed 21 Jul 2021,30174,19629,6849,2924386,2406445,187320,3111706,2593765,66.0812795835637,55.0821029168765,6
-7.6926,53.28823,2021/07/21 23:00:00+00,Thu 22 Jul 2021,33401,15711,6899,2957787,2422156,194219,3152006,2616375,66.9371045127882,55.5622568039675,7
-7.6926,53.28823,2021/07/22 23:00:00+00,Fri 23 Jul 2021,26965,20613,5574,2984752,2442769,199793,3184545,2642562,67.6281141249976,56.1183731171586,8
-7.6926,53.28823,2021/07/23 23:00:00+00,Sat 24 Jul 2021,15344,14625,2242,3000096,2457394,202035,3202131,2659429,68.0015765866686,56.4765666427475,9
-7.6926,53.28823,2021/07/24 23:00:00+00,Sun 25 Jul 2021,14655,13532,1027,3014751,2470926,203062,3217813,2673988,68.3346050367952,56.7857466711489,10
-7.6926,53.28823,2021/07/25 23:00:00+00,Mon 26 Jul 2021,23725,18011,3387,3038476,2488937,206449,3244925,2695386,68.9103649742923,57.2401621013114,11
-7.6926,53.28823,2021/07/26 23:00:00+00,Tue 27 Jul 2021,25360,23645,3632,3063836,2512582,210081,3273917,2722663,69.5260492509196,57.8194260366578,12
-7.6926,53.28823,2021/07/27 23:00:00+00,Wed 28 Jul 2021,23331,25049,3235,3087167,2537631,213316,3300483,2750947,70.0902141409886,58.4200749770594,13
-7.6926,53.28823,2021/07/28 23:00:00+00,Thu 29 Jul 2021,19158,27650,2932,3106325,2565281,216248,3322573,2781529,70.559325125767,59.0695250511424,14
-7.6926,53.28823,2021/07/29 23:00:00+00,Fri 30 Jul 2021,21824,22702,2087,3128149,2587983,218335,3346484,2806318,71.06710750499,59.5959529461932,15
-7.6926,53.28823,2021/07/30 23:00:00+00,Sat 31 Jul 2021,13654,12304,893,3141803,2600287,219228,3361031,2819515,71.3760326971843,59.876209065076,16
-7.6926,53.28823,2021/07/31 23:00:00+00,Sun 01 Aug 2021,11014,9201,356,3152817,2609488,219584,3372401,2829072,71.6174900035189,60.0791648677708,17
-7.6926,53.28823,2021/08/01 23:00:00+00,Mon 02 Aug 2021,14918,15778,406,3167735,2625266,219990,3387725,2845256,71.9429158401302,60.4228539658991,18
-7.6926,53.28823,2021/08/02 23:00:00+00,Tue 03 Aug 2021,17241,25243,1090,3184976,2650509,221080,3406056,2871589,72.3321993829991,60.982070786278,19
-7.6926,53.28823,2021/08/03 23:00:00+00,Wed 04 Aug 2021,22003,17074,1558,3206979,2667583,222638,3429617,2890221,72.8325490395117,61.3777464706778,20
-7.6926,53.28823,2021/08/04 23:00:00+00,Thu 05 Aug 2021,13428,29849,1410,3220407,2697432,224048,3444455,2921480,73.1476540097309,62.0415735541178,21
-7.6926,53.28823,2021/08/05 23:00:00+00,Fri 06 Aug 2021,12090,24554,930,3232497,2721986,224978,3457475,2946964,73.4241512945573,62.5827607128363,22
-7.6926,53.28823,2021/08/06 23:00:00+00,Sat 07 Aug 2021,6283,8292,566,3238780,2730278,225544,3464324,2955822,73.5695990598243,62.7708723064609,23
-7.6926,53.28823,2021/08/07 23:00:00+00,Sun 08 Aug 2021,8573,11853,147,3247353,2742131,225691,3473044,2967822,73.7547800370659,63.0257085136742,24
-7.6926,53.28823,2021/08/08 23:00:00+00,Mon 09 Aug 2021,5465,22824,590,3252818,2764955,226281,3479099,2991236,73.8833661399556,63.5229364266485,25
-7.6926,53.28823,2021/08/09 23:00:00+00,Tue 10 Aug 2021,9250,25791,694,3262068,2790746,226975,3489043,3017721,74.094540410333,64.0853811723188,26
-7.6926,53.28823,2021/08/10 23:00:00+00,Wed 11 Aug 2021,6930,31005,640,3268998,2821751,227615,3496613,3049366,74.2552995843834,64.7574054870907,27
-7.6926,53.28823,2021/08/11 23:00:00+00,Thu 12 Aug 2021,6672,38107,853,3275670,2859858,228468,3504138,3088326,74.4151031226567,65.5847737065098,28
-7.6926,53.28823,2021/08/12 23:00:00+00,Fri 13 Aug 2021,10832,28066,849,3286502,2887924,229317,3515819,3117241,74.6631649340282,66.1988227841408,29
-7.6926,53.28823,2021/08/13 23:00:00+00,Sat 14 Aug 2021,18061,5722,270,3304563,2893646,229587,3534150,3123233,75.0524484768971,66.3260709969426,30
-7.6926,53.28823,2021/08/14 23:00:00+00,Sun 15 Aug 2021,16962,3649,40,3321525,2897295,229627,3551152,3126922,75.4135089098171,66.4044118943101,31
-7.6926,53.28823,2021/08/15 23:00:00+00,Mon 16 Aug 2021,10124,22975,366,3331649,2920270,229993,3561642,3150263,75.6362782276227,66.9000895536905,32
-7.6926,53.28823,2021/08/16 23:00:00+00,Tue 17 Aug 2021,12821,26710,520,3344470,2946980,230513,3574983,3177493,75.919592380992,67.4783553805586,33
-7.6926,53.28823,2021/08/17 23:00:00+00,Wed 18 Aug 2021,15168,25612,648,3359638,2972592,231161,3590799,3203753,76.2554665020991,68.0360219473436,34
-7.6926,53.28823,2021/08/18 23:00:00+00,Thu 19 Aug 2021,11315,25555,534,3370953,2998147,231695,3602648,3229842,76.5070960203716,68.5900570981759,35
-7.6926,53.28823,2021/08/19 23:00:00+00,Fri 20 Aug 2021,14780,22095,673,3385733,3020242,232368,3618101,3252610,76.8352613462105,69.0735663286618,36
-7.6926,53.28823,2021/08/20 23:00:00+00,Sat 21 Aug 2021,11815,7870,234,3397548,3028112,232602,3630150,3260714,77.0911381346032,69.2456657139332,37
-7.6926,53.28823,2021/08/21 23:00:00+00,Sun 22 Aug 2021,7989,12192,157,3405537,3040304,232759,3638296,3273063,77.2641294465998,69.5079134075062,38
-7.6926,53.28823,2021/08/22 23:00:00+00,Mon 23 Aug 2021,10824,15227,277,3416361,3055531,233036,3649397,3288567,77.4998741746227,69.8371617872258,39
-7.6926,53.28823,2021/04/06 23:00:00+00,Wed 07 Apr 2021,18261,10431,3,730027,310767,90,730117,310857,15.5050205918274,6.60146823880786,40
-7.6926,53.28823,2021/08/23 23:00:00+00,Tue 24 Aug 2021,9703,22775,377,3426064,3078306,233413,3659477,3311719,77.7139365886818,70.3288257763426,41
-7.6926,53.28823,2021/08/24 23:00:00+00,Wed 25 Aug 2021,9364,19369,306,3435428,3097675,233719,3669147,3331394,77.9192920989945,70.7466509744193,42
-7.6926,53.28823,2021/08/25 23:00:00+00,Thu 26 Aug 2021,8533,19305,364,3443961,3116980,234083,3678044,3351063,78.1082319102926,71.1643487543925,43
-7.6926,53.28823,2021/08/26 23:00:00+00,Fri 27 Aug 2021,9671,19095,428,3453632,3136075,234511,3688143,3370586,78.3226978150131,71.5789460271779,44
-7.6926,53.28823,2021/08/27 23:00:00+00,Sat 28 Aug 2021,9892,7831,148,3463524,3143906,234659,3698183,3378565,78.5359107750482,71.7483908686241,45
-7.6926,53.28823,2021/04/07 23:00:00+00,Thu 08 Apr 2021,20090,10530,9,750117,321297,99,750216,321396,15.931850002559,6.82527813779291,46
-7.6926,53.28823,2021/08/28 23:00:00+00,Sun 29 Aug 2021,8786,9148,24,3472310,3153054,234683,3706993,3387737,78.723003023844,71.9431706763374,47
-7.6926,53.28823,2021/04/08 23:00:00+00,Fri 09 Apr 2021,20625,9122,10,770742,330419,109,770851,330528,16.3700620972128,7.01920849148221,48
-7.6926,53.28823,2021/08/29 23:00:00+00,Mon 30 Aug 2021,5028,11012,80,3477338,3164066,234763,3712101,3398829,78.8314783027144,72.1787242772049,49
-7.6926,53.28823,2021/04/09 23:00:00+00,Sat 10 Apr 2021,11091,4135,9,781833,334554,118,781951,334672,16.6057855888851,7.10721192837319,50
-7.6926,53.28823,2021/04/10 23:00:00+00,Sun 11 Apr 2021,2806,333,2,784639,334887,120,784759,335007,16.665417261373,7.11432610582456,51
-7.6926,53.28823,2021/04/11 23:00:00+00,Mon 12 Apr 2021,7706,2757,6,792345,337644,126,792471,337770,16.8291919972087,7.17300214253541,52
-7.6926,53.28823,2021/04/12 23:00:00+00,Tue 13 Apr 2021,11436,8551,1,803781,346195,127,803908,346322,17.0720721390335,7.35461541287607,53
-7.6926,53.28823,2021/04/13 23:00:00+00,Wed 14 Apr 2021,20271,6557,2,824052,352752,129,824181,352881,17.5025966747697,7.49390463646872,54
-7.6926,53.28823,2021/04/14 23:00:00+00,Thu 15 Apr 2021,27039,10751,1,851091,363503,130,851221,363633,18.0768275950236,7.7222378781318,55
-7.6926,53.28823,2021/04/15 23:00:00+00,Fri 16 Apr 2021,27900,9794,1,878991,373297,131,879122,373428,18.6693430131451,7.93024793226963,56
-7.6926,53.28823,2021/04/16 23:00:00+00,Sat 17 Apr 2021,15784,4517,1,894775,377814,132,894907,377946,19.0045588073835,8.02619376428543,57
-7.6926,53.28823,2021/04/17 23:00:00+00,Sun 18 Apr 2021,1027,450,0,895802,378264,132,895934,378396,19.0263685394509,8.03575012205592,58
-7.6926,53.28823,2021/04/18 23:00:00+00,Mon 19 Apr 2021,6682,2211,0,902484,380475,132,902616,380607,19.1682698341675,8.08270369323497,59
-7.6926,53.28823,2021/04/19 23:00:00+00,Tue 20 Apr 2021,14997,7261,0,917481,387736,132,917613,387868,19.4867513841322,8.2369008349496,60
-7.6926,53.28823,2021/04/20 23:00:00+00,Wed 21 Apr 2021,26613,9811,1,944094,397547,133,944227,397680,20.0519356190301,8.44527190704764,61
-7.6926,53.28823,2021/04/21 23:00:00+00,Thu 22 Apr 2021,31552,12135,0,975646,409682,133,975779,409815,20.7219849531961,8.70297502159206,62
-7.6926,53.28823,2021/04/22 23:00:00+00,Fri 23 Apr 2021,33516,12332,0,1009162,422014,133,1009295,422147,21.4337424799428,8.96486169720489,63
-7.6926,53.28823,2021/04/23 23:00:00+00,Sat 24 Apr 2021,23604,6959,0,1032766,428973,133,1032899,429106,21.9350052995313,9.11264546103799,64
-7.6926,53.28823,2021/04/24 23:00:00+00,Sun 25 Apr 2021,9698,272,1,1042464,429245,134,1042598,429379,22.1409766640114,9.11844298475209,65
-7.6926,53.28823,2021/04/25 23:00:00+00,Mon 26 Apr 2021,15506,3002,1,1057970,432247,135,1058105,432382,22.4702887527828,9.18221574560721,66
-7.6926,53.28823,2021/04/26 23:00:00+00,Tue 27 Apr 2021,25831,7752,5,1083801,439999,140,1083941,440139,23.0189511069129,9.34694611721998,67
-7.6926,53.28823,2021/04/27 23:00:00+00,Wed 28 Apr 2021,25948,8544,4,1109749,448543,144,1109893,448687,23.5700768777128,9.52847444215823,68
-7.6926,53.28823,2021/04/28 23:00:00+00,Thu 29 Apr 2021,31613,11282,2,1141362,459825,146,1141508,459971,24.2414641019668,9.76810542234111,69
-7.6926,53.28823,2021/04/29 23:00:00+00,Fri 30 Apr 2021,36024,13479,3,1177386,473304,149,1177535,473453,25.0065461050728,10.0544139011452,70
-7.6926,53.28823,2021/04/30 23:00:00+00,Sat 01 May 2021,16464,6642,11,1193850,479946,160,1194010,480106,25.356414981226,10.1956993416944,71
-7.6926,53.28823,2021/05/01 23:00:00+00,Sun 02 May 2021,12365,882,6,1206215,480828,166,1206381,480994,25.6191298745123,10.2145572210281,72
-7.6926,53.28823,2021/05/02 23:00:00+00,Mon 03 May 2021,14165,886,9,1220380,481714,175,1220555,481889,25.9201339079324,10.2335637548161,73
-7.6926,53.28823,2021/05/03 23:00:00+00,Tue 04 May 2021,26536,6737,3,1246916,488451,178,1247094,488629,26.4837254165351,10.3766967578676,74
-7.6926,53.28823,2021/05/04 23:00:00+00,Wed 05 May 2021,31975,13369,66,1278891,501820,244,1279135,502064,27.1641593261451,10.6620071281934,75
-7.6926,53.28823,2021/05/05 23:00:00+00,Thu 06 May 2021,37170,14325,123,1316061,516145,367,1316428,516512,27.9561265491121,10.9688299216782,76
-7.6926,53.28823,2021/05/06 23:00:00+00,Fri 07 May 2021,40476,15014,89,1356537,531159,456,1356993,531615,28.817579111246,11.2895625248067,77
-7.6926,53.28823,2021/05/07 23:00:00+00,Sat 08 May 2021,25497,6993,6,1382034,538152,462,1382496,538614,29.359169760626,11.4381957426638,78
-7.6926,53.28823,2021/05/08 23:00:00+00,Sun 09 May 2021,19604,890,1,1401638,539042,463,1402101,539505,29.7755084141607,11.4571173310494,79
-7.6926,53.28823,2021/05/09 23:00:00+00,Mon 10 May 2021,28705,4571,165,1430343,543613,628,1430971,544241,30.3886018560146,11.5576926874963,80
-7.6926,53.28823,2021/05/10 23:00:00+00,Tue 11 May 2021,33817,14749,147,1464160,558362,775,1464935,559137,31.1098732678305,11.8740293660503,81
-7.6926,53.28823,2021/05/11 23:00:00+00,Wed 12 May 2021,31158,20877,151,1495318,579239,926,1496244,580165,31.7747621688005,12.3205873464904,82
-7.6926,53.28823,2021/05/12 23:00:00+00,Thu 13 May 2021,35869,25430,139,1531187,604669,1065,1532252,605734,32.5394406812451,12.8635795950101,83
-7.6926,53.28823,2021/05/13 23:00:00+00,Fri 14 May 2021,38080,27911,228,1569267,632580,1293,1570560,633873,33.3529628000723,13.4611492645746,84
-7.6926,53.28823,2021/05/14 23:00:00+00,Sat 15 May 2021,28722,12393,5,1597989,644973,1298,1599287,646271,33.9630194437903,13.7244375393271,85
-7.6926,53.28823,2021/05/15 23:00:00+00,Sun 16 May 2021,23079,1135,5,1621068,646108,1303,1622371,647411,34.4532393610662,13.7486469790123,86
-7.6926,53.28823,2021/05/16 23:00:00+00,Mon 17 May 2021,35278,3897,110,1656346,650005,1413,1657759,651418,35.2047513361381,13.833741035871,87
-7.6926,53.28823,2021/05/17 23:00:00+00,Tue 18 May 2021,38923,12421,116,1695269,662426,1529,1696798,663955,36.0337972272547,14.099981163357,88
-7.6926,53.28823,2021/05/18 23:00:00+00,Wed 19 May 2021,36889,17527,195,1732158,679953,1724,1733882,681677,36.821326052946,14.4763317687098,89
-7.6926,53.28823,2021/05/19 23:00:00+00,Thu 20 May 2021,38934,19611,118,1771092,699564,1842,1772934,701406,37.6506480166204,14.895303729719,90
-7.6926,53.28823,2021/05/20 23:00:00+00,Fri 21 May 2021,25700,23165,14917,1796792,722729,16759,1813551,739488,38.5132048689855,15.7040264333103,91
-7.6926,53.28823,2021/05/21 23:00:00+00,Sat 22 May 2021,16478,10207,13501,1813270,732936,30260,1843530,763196,39.1498494236561,16.2074978333613,92
-7.6926,53.28823,2021/05/22 23:00:00+00,Sun 23 May 2021,8132,5493,10199,1821402,738429,40459,1861861,778888,39.5391329665249,16.5407386469939,93
-7.6926,53.28823,2021/05/23 23:00:00+00,Mon 24 May 2021,22396,8152,8437,1843798,746581,48896,1892694,795477,40.1939133646088,16.8930284671156,94
-7.6926,53.28823,2021/05/24 23:00:00+00,Tue 25 May 2021,30170,16431,3210,1873968,763012,52106,1926074,815118,40.9027827476737,17.3101316292719,95
-7.6926,53.28823,2021/05/25 23:00:00+00,Wed 26 May 2021,19812,25351,3036,1893780,788363,55142,1948922,843505,41.3879908862078,17.9129679137855,96
-7.6926,53.28823,2021/05/26 23:00:00+00,Thu 27 May 2021,16862,35929,544,1910642,824292,55686,1966328,879978,41.7576308047706,18.6875213292596,97
-7.6926,53.28823,2021/05/27 23:00:00+00,Fri 28 May 2021,26870,31750,1531,1937512,856042,57217,1994729,913259,42.3607643981926,19.394288313615,98
-7.6926,53.28823,2021/05/28 23:00:00+00,Sat 29 May 2021,24350,7346,512,1961862,863388,57729,2019591,921117,42.8887425468373,19.5611635566385,99
-7.6926,53.28823,2021/05/29 23:00:00+00,Sun 30 May 2021,24150,1634,198,1986012,865022,57927,2043939,922949,43.405805211273,19.6000685509397,100
-7.6926,53.28823,2021/05/30 23:00:00+00,Mon 31 May 2021,22406,7270,3420,2008418,872292,61347,2069765,933639,43.9542552018972,19.8270851388656,101
-7.6926,53.28823,2021/05/31 23:00:00+00,Tue 01 Jun 2021,27343,11415,3625,2035761,883707,64972,2100733,948679,44.6119025073122,20.1464798519062,102
-7.6926,53.28823,2021/06/01 23:00:00+00,Wed 02 Jun 2021,18508,20823,3977,2054269,904530,68949,2123218,973479,45.0894018505781,20.6731413468136,103
-7.6926,53.28823,2021/06/02 23:00:00+00,Thu 03 Jun 2021,16523,30622,1963,2070792,935152,70912,2141704,1006064,45.4819770277901,21.3651278311506,104
-7.6926,53.28823,2021/06/03 23:00:00+00,Fri 04 Jun 2021,28866,23272,128,2099658,958424,71040,2170698,1029464,46.0977037771186,21.8620584352165,105
-7.6926,53.28823,2021/06/04 23:00:00+00,Sat 05 Jun 2021,20794,11412,15,2120452,969836,71055,2191507,1040891,46.539610996777,22.1047262135353,106
-7.6926,53.28823,2021/06/05 23:00:00+00,Sun 06 Jun 2021,19803,3839,23,2140255,973675,71078,2211333,1044753,46.9606428837945,22.1867409995568,107
-7.6926,53.28823,2021/06/06 23:00:00+00,Mon 07 Jun 2021,19642,4477,21,2159897,978152,71099,2230996,1049251,47.378213245664,22.2822621045606,108
-7.6926,53.28823,2021/06/07 23:00:00+00,Tue 08 Jun 2021,26260,18234,23,2186157,996386,71122,2257279,1067508,47.9363682485129,22.669974157485,109
-7.6926,53.28823,2021/06/08 23:00:00+00,Wed 09 Jun 2021,32624,20011,155,2218781,1016397,71277,2290058,1087674,48.6324745848665,23.0982264037068,110
-7.6926,53.28823,2021/06/09 23:00:00+00,Thu 10 Jun 2021,27526,27378,247,2246307,1043775,71524,2317831,1115299,49.222271750111,23.6848805890624,111
-7.6926,53.28823,2021/06/10 23:00:00+00,Fri 11 Jun 2021,26277,32796,15,2272584,1076571,71539,2344123,1148110,49.7806178801153,24.3816664886353,112
-7.6926,53.28823,2021/06/11 23:00:00+00,Sat 12 Jun 2021,12063,19632,88,2284647,1096203,71627,2356274,1167830,50.0386607762693,24.8004473224891,113
-7.6926,53.28823,2021/06/12 23:00:00+00,Sun 13 Jun 2021,8459,18111,817,2293106,1114314,72444,2365550,1186758,50.2356491644452,25.2024089666668,114
-7.6926,53.28823,2021/06/13 23:00:00+00,Mon 14 Jun 2021,15890,31193,18,2308996,1145507,72462,2381458,1217969,50.5734770298076,25.8652167052779,115
-7.6926,53.28823,2021/06/14 23:00:00+00,Tue 15 Jun 2021,14531,41410,190,2323527,1186917,72652,2396179,1259569,50.8860973470064,26.7486488902839,116
-7.6926,53.28823,2021/06/15 23:00:00+00,Wed 16 Jun 2021,13270,48233,199,2336797,1235150,72851,2409648,1308001,51.1721297532527,27.7771678225966,117
-7.6926,53.28823,2021/06/16 23:00:00+00,Thu 17 Jun 2021,21418,42532,507,2358215,1277682,73358,2431573,1351040,51.637736740182,28.6911591161176,118
-7.6926,53.28823,2021/06/17 23:00:00+00,Fri 18 Jun 2021,11873,49925,534,2370088,1327607,73892,2443980,1401499,51.9012161420899,29.7627241310988,119
-7.6926,53.28823,2021/06/18 23:00:00+00,Sat 19 Jun 2021,6177,32684,411,2376265,1360291,74303,2450568,1434594,52.04112121985,30.4655411542424,120
-7.6926,53.28823,2021/06/19 23:00:00+00,Sun 20 Jun 2021,8409,26071,166,2384674,1386362,74469,2459143,1460831,52.2232229262544,31.0227192849636,121
-7.6926,53.28823,2021/06/20 23:00:00+00,Mon 21 Jun 2021,15322,32198,546,2399996,1418560,75015,2475011,1493575,52.5602013375928,31.7180823490462,122
-7.6926,53.28823,2021/06/21 23:00:00+00,Tue 22 Jun 2021,15002,43407,696,2414998,1461967,75711,2490709,1537678,52.8935695693289,32.6546691196067,123
-7.6926,53.28823,2021/06/22 23:00:00+00,Wed 23 Jun 2021,19912,39230,864,2434910,1501197,76575,2511485,1577772,53.3347759894175,33.5061193606075,124
-7.6926,53.28823,2021/06/23 23:00:00+00,Thu 24 Jun 2021,18870,44119,1012,2453780,1545316,77587,2531367,1622903,53.7569971120687,34.464537099586,125
-7.6926,53.28823,2021/06/24 23:00:00+00,Fri 25 Jun 2021,15034,50016,801,2468814,1595332,78388,2547202,1673720,54.0932747238372,35.5437047280823,126
-7.6926,53.28823,2021/06/25 23:00:00+00,Sat 26 Jun 2021,8915,30427,471,2477729,1625759,78859,2556588,1704618,54.2925991105792,36.1998654889553,127
-7.6926,53.28823,2021/06/26 23:00:00+00,Sun 27 Jun 2021,8636,30371,45,2486365,1656130,78904,2565269,1735034,54.4769518701474,36.8457903288385,128
-7.6926,53.28823,2021/06/27 23:00:00+00,Mon 28 Jun 2021,24083,24496,485,2510448,1680626,79389,2589837,1760015,54.9986865317153,37.3762956032047,129
-7.6926,53.28823,2021/06/28 23:00:00+00,Tue 29 Jun 2021,27993,30828,777,2538441,1711454,80166,2618607,1791620,55.6096563385091,38.0474704639527,130
-7.6926,53.28823,2021/06/29 23:00:00+00,Wed 30 Jun 2021,22387,36677,552,2560828,1748131,80718,2641546,1828849,56.0967969849479,38.8380785604812,131
-7.6926,53.28823,2021/06/30 23:00:00+00,Thu 01 Jul 2021,14748,48159,602,2575576,1796290,81320,2656896,1877610,56.4227749666749,39.8735842521417,132
-7.6926,53.28823,2021/07/01 23:00:00+00,Fri 02 Jul 2021,13480,47093,794,2589056,1843383,82114,2671170,1925497,56.725902635155,40.8905293733769,133
-7.6926,53.28823,2021/07/02 23:00:00+00,Sat 03 Jul 2021,9181,30316,478,2598237,1873699,82592,2680829,1956291,56.9310245456111,41.5444815537873,134
-7.6926,53.28823,2021/07/03 23:00:00+00,Sun 04 Jul 2021,6347,27696,210,2604584,1901395,82802,2687386,1984197,57.0702712965026,42.1371031536618,135
-7.6926,53.28823,2021/07/04 23:00:00+00,Mon 05 Jul 2021,15388,33249,5312,2619972,1934644,88114,2708086,2022758,57.5098637539454,42.955998069191,136
-7.6926,53.28823,2021/07/05 23:00:00+00,Tue 06 Jul 2021,12221,48170,5461,2632193,1982814,93575,2725768,2076389,57.8853649052742,44.0949247882789,137
-7.6926,53.28823,2021/07/06 23:00:00+00,Wed 07 Jul 2021,19512,43563,5020,2651705,2026377,98595,2750300,2124972,58.4063350582205,45.1266504095324,138
-7.6926,53.28823,2021/07/07 23:00:00+00,Thu 08 Jul 2021,17623,45431,5964,2669328,2071808,104559,2773887,2176367,58.9072368598488,46.2180926486762,139
-7.6926,53.28823,2021/07/08 23:00:00+00,Fri 09 Jul 2021,13369,44923,6510,2682697,2116731,111069,2793766,2227800,59.3293942734482,47.3103418691429,140
-7.6926,53.28823,2021/07/09 23:00:00+00,Sat 10 Jul 2021,8496,23695,4334,2691193,2140426,115403,2806596,2255829,59.6018566516604,47.9055755401413,141
-7.6926,53.28823,2021/07/10 23:00:00+00,Sun 11 Jul 2021,15147,16007,2137,2706340,2156433,117540,2823880,2273973,59.9689057354499,48.2908878854477,142
-7.6926,53.28823,2021/07/11 23:00:00+00,Mon 12 Jul 2021,16980,31575,6058,2723320,2188008,123598,2846918,2311606,60.4581487805981,49.0900754676191,143
-7.6926,53.28823,2021/07/12 23:00:00+00,Tue 13 Jul 2021,19961,36367,8457,2743281,2224375,132055,2875336,2356430,61.0616433919803,50.0419736469631,144
-7.6926,53.28823,2021/07/13 23:00:00+00,Wed 14 Jul 2021,20663,35489,9304,2763944,2259864,141359,2905303,2401223,61.6980331104437,50.9932134994384,145
-7.6926,53.28823,2021/07/14 23:00:00+00,Thu 15 Jul 2021,23478,28645,9541,2787422,2288509,150900,2938322,2439409,62.3992361709416,51.8041447834922,146
-7.6926,53.28823,2021/08/30 23:00:00+00,Tue 31 Aug 2021,4027,12751,137,3481365,3176817,234900,3716265,3411717,78.9199064666174,72.4524183637519,147
-7.6926,53.28823,2021/08/31 23:00:00+00,Wed 01 Sep 2021,4908,12431,178,3486273,3189248,235078,3721351,3424326,79.0279145457746,72.7201875084813,148
-7.6926,53.28823,2021/09/01 23:00:00+00,Thu 02 Sep 2021,4975,12280,243,3491248,3201528,235321,3726569,3436849,79.1387258232112,72.9861303270589,149
-7.6926,53.28823,2021/09/02 23:00:00+00,Fri 03 Sep 2021,4736,15954,160,3495984,3217482,235481,3731465,3452963,79.2426989957542,73.3283328806451,150
-7.6926,53.28823,2021/09/03 23:00:00+00,Sat 04 Sep 2021,4606,10525,130,3500590,3228007,235611,3736201,3463618,79.343274352201,73.5546061962999,151
-7.6926,53.28823,2021/09/04 23:00:00+00,Sun 05 Sep 2021,5298,11853,1,3505888,3239860,235612,3741500,3475472,79.4558057740363,73.8063418963254,152
-7.6926,53.28823,2021/09/05 23:00:00+00,Mon 06 Sep 2021,2123,9604,70,3508011,3249464,235682,3743693,3485146,79.5023770909045,74.0117823520405,153
-7.6926,53.28823,2021/09/06 23:00:00+00,Tue 07 Sep 2021,3012,9920,150,3511023,3259384,235832,3746855,3495216,79.5695264315052,74.2256324025936,154
-7.6926,53.28823,2021/09/07 23:00:00+00,Wed 08 Sep 2021,2579,14719,181,3513602,3274103,236013,3749615,3510116,79.6281387591643,74.5420540265501,155
-7.6926,53.28823,2021/09/08 23:00:00+00,Thu 09 Sep 2021,3086,14726,136,3516688,3288829,236149,3752837,3524978,79.696562280801,74.8576686691837,156
-7.6926,53.28823,2021/09/09 23:00:00+00,Fri 10 Sep 2021,3357,13882,111,3520045,3302711,236260,3756305,3538971,79.7702099446857,75.154828923145,157
-7.6926,53.28823,2021/09/10 23:00:00+00,Sat 11 Sep 2021,2543,11261,57,3522588,3313972,236317,3758905,3550289,79.8254244562486,75.3951819392483,158
-7.6926,53.28823,2021/09/11 23:00:00+00,Sun 12 Sep 2021,2025,12852,1,3524613,3326824,236318,3760931,3563142,79.8684493025664,75.6681327535243,159
-7.6926,53.28823,2021/09/12 23:00:00+00,Mon 13 Sep 2021,1583,7673,49,3526196,3334497,236367,3762563,3570864,79.9031070267474,75.8321198528661,160
-7.6926,53.28823,2021/09/13 23:00:00+00,Tue 14 Sep 2021,1526,10714,80,3527722,3345211,236447,3764169,3581658,79.9372126058128,76.0613450212544,161
-7.6926,53.28823,2021/09/14 23:00:00+00,Wed 15 Sep 2021,3251,12346,133,3530973,3357557,236580,3767553,3594137,80.0090764162469,76.3263534404056,162
-7.6926,53.28823,2021/09/15 23:00:00+00,Thu 16 Sep 2021,1887,10542,110,3532860,3368099,236690,3769550,3604789,80.0514854083973,76.5525630470086,163
-7.6926,53.28823,2021/09/16 23:00:00+00,Fri 17 Sep 2021,2543,14546,89,3535403,3382645,236779,3772182,3619424,80.1073794831794,76.8633570380558,164
-7.6926,53.28823,2021/09/17 23:00:00+00,Sat 18 Sep 2021,2272,11190,42,3537675,3393835,236821,3774496,3630656,80.1565203984704,77.1018837280074,165
-7.6926,53.28823,2021/09/18 23:00:00+00,Sun 19 Sep 2021,1854,8468,11,3539529,3402303,236832,3776361,3639135,80.1961261923415,77.2819467447542,166
-7.6926,53.28823,2021/09/19 23:00:00+00,Mon 20 Sep 2021,951,5572,32,3540480,3407875,236864,3777344,3644739,80.2170015249823,77.4009552535227,167
-7.6926,53.28823,2021/09/20 23:00:00+00,Tue 21 Sep 2021,1446,6616,90,3541926,3414491,236954,3778880,3651445,80.2496205595056,77.5433662206538,168
-7.6926,53.28823,2021/09/21 23:00:00+00,Wed 22 Sep 2021,1888,8085,95,3543814,3422576,237049,3780863,3659625,80.2917322427476,77.7170795685708,169
-7.6926,53.28823,2021/09/22 23:00:00+00,Thu 23 Sep 2021,1684,8714,87,3545498,3431290,237136,3782634,3668426,80.3293418196622,77.9039806902111,170
-7.6926,53.28823,2021/09/23 23:00:00+00,Fri 24 Sep 2021,1903,7339,79,3547401,3438629,237215,3784616,3675844,80.3714322665536,78.0615119389701,171
-7.6926,53.28823,2021/09/24 23:00:00+00,Sat 25 Sep 2021,2402,6559,51,3549803,3445188,237266,3787069,3682454,80.4235250345781,78.2018842164434,172
-7.6926,53.28823,2021/09/25 23:00:00+00,Sun 26 Sep 2021,1537,7085,0,3551340,3452273,237266,3788606,3689539,80.456165305452,78.3523437604523,173
-7.6926,53.28823,2021/09/26 23:00:00+00,Mon 27 Sep 2021,1164,3734,45,3552504,3456007,237311,3789815,3693318,80.4818400533287,78.4325959293738,174
-7.6926,53.28823,2021/09/27 23:00:00+00,Tue 28 Sep 2021,1434,5078,91,3553938,3461085,237402,3791340,3698487,80.5142254879954,78.542366625631,175
-7.6926,53.28823,2021/09/28 23:00:00+00,Wed 29 Sep 2021,1638,3555,74,3555576,3464640,237476,3793052,3702116,80.5505821202245,78.6194333419624,176
-7.6926,53.28823,2021/09/29 23:00:00+00,Thu 30 Sep 2021,1272,3911,77,3556848,3468551,237553,3794401,3706104,80.5792299571854,78.7041239081596,177
-7.6926,53.28823,2021/09/30 23:00:00+00,Fri 01 Oct 2021,1833,5121,41,3558681,3473672,237594,3796275,3711266,80.6190268782119,78.8137459499625,178
-7.6926,53.28823,2021/10/01 23:00:00+00,Sat 02 Oct 2021,1706,4046,39,3560387,3477718,237633,3798020,3715351,80.6560843100108,78.900496442168,179
-7.6926,53.28823,2021/10/02 23:00:00+00,Sun 03 Oct 2021,1202,2996,9,3561589,3480714,237642,3799231,3718356,80.6818015305887,78.9643116757243,180
-7.6926,53.28823,2021/10/03 23:00:00+00,Mon 04 Oct 2021,332,1187,17,3561921,3481901,237659,3799580,3719560,80.6892130169485,78.9898802418481,181
-7.6926,53.28823,2021/10/04 23:00:00+00,Tue 05 Oct 2021,959,2770,69,3562880,3484671,237728,3800608,3722399,80.7110439853665,79.0501702412046,182
-7.6926,53.28823,2021/10/05 23:00:00+00,Wed 06 Oct 2021,975,2511,35,3563855,3487182,237763,3801618,3724945,80.7324926994736,79.104237989835,183
-7.6926,53.28823,2021/10/06 23:00:00+00,Thu 07 Oct 2021,1206,2648,43,3565061,3489830,237806,3802867,3727636,80.7590169013744,79.1613850093026,184
-7.6926,53.28823,2021/10/07 23:00:00+00,Fri 08 Oct 2021,978,2718,45,3566039,3492548,237851,3803890,3730399,80.7807416880393,79.2200610460134,185
-7.6926,53.28823,2021/10/08 23:00:00+00,Sat 09 Oct 2021,728,2334,20,3566767,3494882,237871,3804638,3732753,80.7966264782889,79.2700514153284,186
-7.6926,53.28823,2021/10/09 23:00:00+00,Sun 10 Oct 2021,1526,3898,0,3568293,3498780,237871,3806164,3736651,80.8290331493062,79.3528307099715,187
-7.6926,53.28823,2021/10/10 23:00:00+00,Mon 11 Oct 2021,329,1080,13,3568622,3499860,237884,3806506,3737744,80.8362959812118,79.3760420411786,188
-7.6926,53.28823,2021/10/11 23:00:00+00,Tue 12 Oct 2021,559,1572,20,3569181,3501432,237904,3807085,3739336,80.8485918282098,79.4098503113355,189
-7.6926,53.28823,2021/10/12 23:00:00+00,Wed 13 Oct 2021,1031,1992,9,3570212,3503424,237913,3808125,3741337,80.870677632835,79.4523442488883,190
-7.6926,53.28823,2021/10/13 23:00:00+00,Thu 14 Oct 2021,701,1535,7,3570913,3504959,237920,3808833,3742879,80.8857129690605,79.4850907015152,191
-7.6926,53.28823,2021/10/14 23:00:00+00,Fri 15 Oct 2021,952,2014,7,3571865,3506973,237927,3809792,3744900,80.906078629287,79.5280093660801,192
-7.6926,53.28823,2021/10/15 23:00:00+00,Sat 16 Oct 2021,1371,2605,11,3573236,3509578,237938,3811174,3747516,80.9354272658177,79.5835636592526,193
-7.6926,53.28823,2021/10/16 23:00:00+00,Sun 17 Oct 2021,1709,2876,2,3574945,3512454,237940,3812885,3750394,80.9717626616962,79.6446818762825,194
-7.6926,53.28823,2021/10/17 23:00:00+00,Mon 18 Oct 2021,668,1178,4,3575613,3513632,237944,3813557,3751576,80.9860334893002,79.669783242693,195
-7.6926,53.28823,2021/10/18 23:00:00+00,Tue 19 Oct 2021,1328,1740,10,3576941,3515372,237954,3814895,3753326,81.0144477264045,79.706946856245,196
-7.6926,53.28823,2021/10/19 23:00:00+00,Wed 20 Oct 2021,2245,2272,0,3579186,3517644,237954,3817140,3755598,81.0621233335039,79.7551958448107,197
-7.6926,53.28823,2021/10/20 23:00:00+00,Thu 21 Oct 2021,1753,1774,10,3580939,3519418,237964,3818903,3757382,81.0995630196137,79.7930814942831,198
-7.6926,53.28823,2021/10/21 23:00:00+00,Fri 22 Oct 2021,1494,1883,1,3582433,3521301,237965,3820398,3759266,81.1313113637623,79.8330907788155,199
-7.6926,53.28823,2021/10/22 23:00:00+00,Sat 23 Oct 2021,2006,1666,0,3584439,3522967,237965,3822404,3760932,81.1739114830682,79.868470538917,200
-7.6926,53.28823,2021/10/23 23:00:00+00,Sun 24 Oct 2021,1943,2172,1,3586382,3525139,237966,3824348,3763105,81.2151949486367,79.9146171287732,201
-7.6926,53.28823,2021/10/24 23:00:00+00,Mon 25 Oct 2021,1215,810,1,3587597,3525949,237967,3825564,3763916,81.2410183509676,79.9318398091107,202
-7.6926,53.28823,2021/10/25 23:00:00+00,Tue 26 Oct 2021,1237,1174,6,3588834,3527123,237973,3826807,3765096,81.2674151347648,79.95689870282,203
-7.6926,53.28823,2021/10/26 23:00:00+00,Wed 27 Oct 2021,1551,1384,4,3590385,3528507,237977,3828362,3766484,81.3004376599495,79.9863747574543,204
-7.6926,53.28823,2021/10/27 23:00:00+00,Thu 28 Oct 2021,2143,1649,2,3592528,3530156,237979,3830507,3768135,81.3459896319889,80.0214359722968,205
-7.6926,53.28823,2021/10/28 23:00:00+00,Fri 29 Oct 2021,2135,1320,0,3594663,3531476,237979,3832642,3769455,81.3913292405223,80.0494679550902,206
-7.6926,53.28823,2021/10/29 23:00:00+00,Sat 30 Oct 2021,2004,1425,0,3596667,3532901,237979,3834646,3770880,81.4338868871269,80.0797297546968,207
-7.6926,53.28823,2021/10/30 23:00:00+00,Sun 31 Oct 2021,1625,1311,0,3598292,3534212,237979,3836271,3772191,81.4683959568537,80.1075706103348,208
-7.6926,53.28823,2021/11/01 00:00:00+00,Mon 01 Nov 2021,257,244,1,3598549,3534456,237980,3836529,3772436,81.4738749353088,80.1127735162321,209
-7.6926,53.28823,2021/11/02 00:00:00+00,Tue 02 Nov 2021,1087,1057,9,3599636,3535513,237989,3837625,3773502,81.4971499755676,80.1354114659729,210
-7.6926,53.28823,2021/11/03 00:00:00+00,Wed 03 Nov 2021,2535,1790,5,3602171,3537303,237994,3840165,3775297,81.5510903060944,80.1735307153019,211
-7.6926,53.28823,2021/11/04 00:00:00+00,Thu 04 Nov 2021,1547,1222,0,3603718,3538525,237994,3841712,3776519,81.5839429404743,80.1994815357364,212
-7.6926,53.28823,2021/11/05 00:00:00+00,Fri 05 Nov 2021,1626,1015,1,3605344,3539540,237995,3843339,3777535,81.6184944829023,80.2210576679472,213
-7.6926,53.28823,2021/11/06 00:00:00+00,Sat 06 Nov 2021,1819,1320,5,3607163,3540860,238000,3845163,3778860,81.6572295863987,80.2491958324936,214
-7.6926,53.28823,2021/11/07 00:00:00+00,Sun 07 Nov 2021,727,765,0,3607890,3541625,238000,3845890,3779625,81.6726684132857,80.2654416407035,215
-7.6926,53.28823,2021/11/08 00:00:00+00,Mon 08 Nov 2021,509,492,1,3608399,3542117,238001,3846400,3780118,81.6834989520923,80.2759111615498,216
-7.6926,53.28823,2021/11/09 00:00:00+00,Tue 09 Nov 2021,1381,999,1,3609780,3543116,238002,3847782,3781118,81.712847588623,80.2971475121509,217
-7.6926,53.28823,2021/11/10 00:00:00+00,Wed 10 Nov 2021,1627,1299,0,3611407,3544415,238002,3849409,3782417,81.747399131051,80.3247335315817,218
-7.6926,53.28823,2021/11/11 00:00:00+00,Thu 11 Nov 2021,1404,1054,1,3612811,3545469,238003,3850814,3783472,81.7772362036456,80.3471378814659,219
-7.6926,53.28823,2021/11/12 00:00:00+00,Fri 12 Nov 2021,1160,1083,5,3613971,3546552,238008,3851979,3784560,81.8019765520959,80.3702430309199,220
-7.6926,53.28823,2021/11/13 00:00:00+00,Sat 13 Nov 2021,1417,1333,0,3615388,3547885,238008,3853396,3785893,81.8320684608976,80.3985510862712,221
-7.6926,53.28823,2021/11/14 00:00:00+00,Sun 14 Nov 2021,1649,1798,0,3617037,3549683,238008,3855045,3787691,81.8670872030388,80.436734044652,222
-7.6926,53.28823,2021/11/15 00:00:00+00,Mon 15 Nov 2021,1247,548,0,3618284,3550231,238008,3856292,3788239,81.8935689322384,80.4483715647814,223
-7.6926,53.28823,2021/11/16 00:00:00+00,Tue 16 Nov 2021,1323,1026,4,3619607,3551257,238012,3857619,3789269,81.9217495694861,80.4702450059005,224
-7.6926,53.28823,2021/11/17 00:00:00+00,Wed 17 Nov 2021,1521,1060,0,3621128,3552317,238012,3859140,3790329,81.9540500587504,80.4927555375377,225
-7.6926,53.28823,2021/11/18 00:00:00+00,Thu 18 Nov 2021,1672,2429,5,3622800,3554746,238017,3860817,3792763,81.9896634187084,80.5444448149008,226
-7.6926,53.28823,2021/11/19 00:00:00+00,Fri 19 Nov 2021,1183,1459,0,3623983,3556205,238017,3862000,3794222,82.0147860214695,80.5754286504278,227
-7.6926,53.28823,2021/11/20 00:00:00+00,Sat 20 Nov 2021,1539,2906,10,3625522,3559111,238027,3863549,3797138,82.0476811285506,80.6373538487806,228
-7.6926,53.28823,2021/11/21 00:00:00+00,Sun 21 Nov 2021,1786,2750,0,3627308,3561861,238027,3865335,3799888,82.0856092507242,80.6957538129337,229
-7.6926,53.28823,2021/11/22 00:00:00+00,Mon 22 Nov 2021,714,468,2,3628022,3562329,238029,3866051,3800358,82.1008144777546,80.7057348977162,230
-7.6926,53.28823,2021/11/23 00:00:00+00,Tue 23 Nov 2021,2169,1538,4,3630191,3563867,238033,3868224,3801900,82.1469610676108,80.7384813503431,231
-7.6926,53.28823,2021/11/24 00:00:00+00,Wed 24 Nov 2021,1623,3086,0,3631814,3566953,238033,3869847,3804986,82.1814276646364,80.8040167282981,232
-7.6926,53.28823,2021/11/25 00:00:00+00,Thu 25 Nov 2021,1014,1115,1,3632828,3568068,238034,3870862,3806102,82.2029825604965,80.8277164955689,233
-7.6926,53.28823,2021/11/26 00:00:00+00,Fri 26 Nov 2021,1293,1062,12,3634121,3569130,238046,3872167,3807176,82.230695998031,80.8505243361145,234
-7.6926,53.28823,2021/11/27 00:00:00+00,Sat 27 Nov 2021,1234,1528,5,3635355,3570658,238051,3873406,3808709,82.2570078364257,80.883079661586,235
-7.6926,53.28823,2021/11/28 00:00:00+00,Sun 28 Nov 2021,1970,2248,0,3637325,3572906,238051,3875376,3810957,82.2988434471099,80.9308189777373,236
-7.6926,53.28823,2021/11/29 00:00:00+00,Mon 29 Nov 2021,547,961,1,3637872,3573867,238052,3875924,3811919,82.3104809672393,80.9512483470156,237
-7.6926,53.28823,2021/11/30 00:00:00+00,Tue 30 Nov 2021,1937,1591,6,3639809,3575458,238058,3877867,3813516,82.3517431964573,80.9851627989255,238
-7.6926,53.28823,2021/12/01 00:00:00+00,Wed 01 Dec 2021,1115,1329,1,3640924,3576787,238059,3878983,3814846,82.3754429637281,81.013407145225,239
-7.6926,53.28823,2021/12/02 00:00:00+00,Thu 02 Dec 2021,1800,1366,0,3642724,3578153,238059,3880783,3816212,82.4136683948101,81.0424160001461,240
-7.6926,53.28823,2021/12/03 00:00:00+00,Fri 03 Dec 2021,1051,1135,3,3643775,3579288,238062,3881837,3817350,82.4360515083437,81.0665829671302,241
-7.6926,53.28823,2021/12/04 00:00:00+00,Sat 04 Dec 2021,1205,1674,0,3644980,3580962,238062,3883042,3819024,82.461641310818,81.1021326180364,242
-7.6926,53.28823,2021/12/05 00:00:00+00,Sun 05 Dec 2021,1354,1765,0,3646334,3582727,238062,3884396,3820789,82.4903953295319,81.1396147768474,243
-7.6926,53.28823,2021/12/06 00:00:00+00,Mon 06 Dec 2021,944,1254,0,3647278,3583981,238062,3885340,3822043,82.5104424444993,81.1662451605011,244
-7.6926,53.28823,2021/12/07 00:00:00+00,Tue 07 Dec 2021,484,702,1,3647762,3584683,238063,3885825,3822746,82.5207420745409,81.1811743149737,245
-7.6926,53.28823,2021/12/08 00:00:00+00,Wed 08 Dec 2021,817,1440,0,3648579,3586123,238063,3886642,3824186,82.538092172982,81.2117546598393,246
-7.6926,53.28823,2021/12/09 00:00:00+00,Thu 09 Dec 2021,799,1152,0,3649378,3587275,238063,3887441,3825338,82.5550600171123,81.2362189357318,247
-7.6926,53.28823,2021/12/10 00:00:00+00,Fri 10 Dec 2021,891,1553,1,3650269,3588828,238064,3888333,3826892,82.5740028418484,81.2692202245659,248
-7.6926,53.28823,2021/12/11 00:00:00+00,Sat 11 Dec 2021,639,825,0,3650908,3589653,238064,3888972,3827717,82.5875728698825,81.2867402138118,249
-7.6926,53.28823,2021/12/12 00:00:00+00,Sun 12 Dec 2021,692,1189,0,3651600,3590842,238064,3889664,3828906,82.6022684244985,81.3119902346765,250
-7.6926,53.28823,2021/12/13 00:00:00+00,Mon 13 Dec 2021,718,1032,0,3652318,3591874,238064,3890382,3829938,82.6175161242301,81.3339061484969,251
-7.6926,53.28823,2021/12/14 00:00:00+00,Tue 14 Dec 2021,622,1147,1,3652940,3593021,238065,3891005,3831086,82.6307463706546,81.3582854789869,252
-7.6926,53.28823,2021/12/15 00:00:00+00,Wed 15 Dec 2021,794,1175,2,3653734,3594196,238067,3891801,3832263,82.6476505057331,81.3832806636445,253
-7.6926,53.28823,2021/12/16 00:00:00+00,Thu 16 Dec 2021,1060,1436,7,3654794,3595632,238074,3892868,3833706,82.6703096918245,81.4139247175618,254
-7.6926,53.28823,2021/12/17 00:00:00+00,Fri 17 Dec 2021,1205,2375,1,3655999,3598007,238075,3894074,3836082,82.6959207306494,81.4643822865901,255
-7.6926,53.28823,2021/12/18 00:00:00+00,Sat 18 Dec 2021,1270,1145,0,3657269,3599152,238075,3895344,3837227,82.7228908959128,81.4886979080283,256
-7.6926,53.28823,2021/12/19 00:00:00+00,Sun 19 Dec 2021,559,863,1,3657828,3600015,238076,3895904,3838091,82.7347832522494,81.5070461149477,257
-7.6926,53.28823,2021/12/20 00:00:00+00,Mon 20 Dec 2021,543,534,0,3658371,3600549,238076,3896447,3838625,82.7463145906258,81.5183863261687,258
-7.6926,53.28823,2021/12/21 00:00:00+00,Tue 21 Dec 2021,1468,1720,2,3659839,3602269,238078,3897917,3840347,82.7775320260094,81.5549553219038,259
-7.6926,53.28823,2021/12/22 00:00:00+00,Wed 22 Dec 2021,1258,1471,2,3661097,3603740,238080,3899177,3841820,82.8042898277668,81.5862364663392,260
-7.6926,53.28823,2021/12/23 00:00:00+00,Thu 23 Dec 2021,959,1263,0,3662056,3605003,238080,3900136,3843083,82.8246554879933,81.6130579771484,261
-7.6926,53.28823,2021/12/24 00:00:00+00,Fri 24 Dec 2021,101,124,0,3662157,3605127,238080,3900237,3843207,82.826800359404,81.615691284623,262
-7.6926,53.28823,2021/12/26 00:00:00+00,Sun 26 Dec 2021,8,5,0,3662165,3605132,238080,3900245,3843212,82.8269702502088,81.615797466376,263
-7.6926,53.28823,2021/12/27 00:00:00+00,Mon 27 Dec 2021,387,580,0,3662552,3605712,238080,3900632,3843792,82.8351887178914,81.6281145497246,264
-7.6926,53.28823,2021/12/28 00:00:00+00,Tue 28 Dec 2021,453,724,0,3663005,3606436,238080,3901085,3844516,82.8448087847137,81.6434896675598,265
-7.6926,53.28823,2021/12/29 00:00:00+00,Wed 29 Dec 2021,1081,1231,0,3664086,3607667,238080,3902166,3845747,82.8677652797135,81.6696316151498,266
-7.6926,53.28823,2021/12/30 00:00:00+00,Thu 30 Dec 2021,1056,1124,1,3665142,3608791,238081,3903223,3846872,82.8902121022989,81.693522509576,267
-7.6926,53.28823,2021/12/31 00:00:00+00,Fri 31 Dec 2021,720,1645,0,3665862,3610436,238081,3903943,3848517,82.9055022747317,81.7284563063148,268
-7.6926,53.28823,2022/01/01 00:00:00+00,Sat 01 Jan 2022,64,95,0,3665926,3610531,238081,3904007,3848612,82.9068614011702,81.7304737596219,269
-7.6926,53.28823,2022/01/02 00:00:00+00,Sun 02 Jan 2022,266,618,0,3666192,3611149,238081,3904273,3849230,82.9125102704301,81.7435978242934,270
-7.6926,53.28823,2022/01/03 00:00:00+00,Mon 03 Jan 2022,3624,704,0,3669816,3611853,238081,3907897,3849934,82.9894708050085,81.7585482151166,271
-7.6926,53.28823,2022/01/04 00:00:00+00,Tue 04 Jan 2022,1184,713,0,3671000,3612566,238081,3909081,3850647,83.0146146441202,81.7736897330952,272
-7.6926,53.28823,2022/01/05 00:00:00+00,Wed 05 Jan 2022,2141,807,0,3673141,3613373,238081,3911222,3851454,83.0600816707571,81.7908274680303,273
-7.6926,53.28823,2022/01/06 00:00:00+00,Thu 06 Jan 2022,2452,1581,0,3675593,3614954,238081,3913674,3853035,83.112153202431,81.8244021383306,274
-7.6926,53.28823,2022/01/07 00:00:00+00,Fri 07 Jan 2022,4826,696,0,3680419,3615650,238081,3918500,3853731,83.214639830432,81.839182638349,275
-7.6926,53.28823,2022/01/08 00:00:00+00,Sat 08 Jan 2022,9778,693,1,3690197,3616343,238082,3928279,3854425,83.4223101029602,81.8539206656662,276
-7.6926,53.28823,2022/01/09 00:00:00+00,Sun 09 Jan 2022,7113,657,0,3697310,3617000,238082,3935392,3855082,83.5733642647859,81.8678729480111,277
-7.6926,53.28823,2022/01/10 00:00:00+00,Mon 10 Jan 2022,6644,431,0,3703954,3617431,238082,3942036,3855513,83.7144585781796,81.8770258151201,278
-7.6926,53.28823,2022/01/11 00:00:00+00,Tue 11 Jan 2022,4753,1258,1,3708707,3618689,238083,3946790,3856772,83.8154161889373,81.9037623805269,279
-7.6926,53.28823,2022/01/12 00:00:00+00,Wed 12 Jan 2022,7532,780,1,3716239,3619469,238084,3954323,3857553,83.9753896180154,81.9203479703464,280
-7.6926,53.28823,2022/01/13 00:00:00+00,Thu 13 Jan 2022,7288,690,0,3723527,3620159,238084,3961611,3858243,84.1301601411963,81.9350010522612,281
-7.6926,53.28823,2022/01/14 00:00:00+00,Fri 14 Jan 2022,10705,714,0,3734232,3620873,238084,3972316,3858957,84.3574952743811,81.9501638065904,282
-7.6926,53.28823,2022/01/15 00:00:00+00,Sat 15 Jan 2022,8343,613,0,3742575,3621486,238084,3980659,3859570,84.5346701474461,81.9631816895088,283
-7.6926,53.28823,2022/01/16 00:00:00+00,Sun 16 Jan 2022,6968,1204,1,3749543,3622690,238085,3987628,3860775,84.6826662747852,81.9887714919832,284
-7.6926,53.28823,2022/01/17 00:00:00+00,Mon 17 Jan 2022,2544,499,0,3752087,3623189,238085,3990172,3861274,84.7366915507144,81.9993684309331,285
-7.6926,53.28823,2022/01/18 00:00:00+00,Tue 18 Jan 2022,4035,379,3,3756122,3623568,238088,3994210,3861656,84.8224439344417,82.0074807168627,286
-7.6926,53.28823,2022/01/19 00:00:00+00,Wed 19 Jan 2022,3468,530,0,3759590,3624098,238088,3997678,3862186,84.8960915983263,82.0187359826813,287
-7.6926,53.28823,2022/01/20 00:00:00+00,Thu 20 Jan 2022,3677,855,0,3763267,3624953,238088,4001355,3863041,84.9741776594866,82.0368930624453,288
-7.6926,53.28823,2022/01/21 00:00:00+00,Fri 21 Jan 2022,3242,921,0,3766509,3625874,238088,4004597,3863962,85.0430259081354,82.0564517413489,289
-7.6926,53.28823,2022/01/22 00:00:00+00,Sat 22 Jan 2022,4260,603,0,3770769,3626477,238088,4008857,3864565,85.1334927616961,82.0692572607614,290
-7.6926,53.28823,2022/01/23 00:00:00+00,Sun 23 Jan 2022,3090,677,0,3773859,3627154,238088,4011947,3865242,85.1991130850535,82.0836342701183,291
-7.6926,53.28823,2022/01/24 00:00:00+00,Mon 24 Jan 2022,634,406,0,3774493,3627560,238088,4012581,3865648,85.2125769313346,82.0922562284624,292
-7.6926,53.28823,2022/01/25 00:00:00+00,Tue 25 Jan 2022,687,1790,0,3775180,3629350,238088,4013268,3867438,85.2271663041976,82.1302692960383,293
-7.6926,53.28823,2022/01/26 00:00:00+00,Wed 26 Jan 2022,693,830,0,3775873,3630180,238088,4013961,3868268,85.2418830951641,82.1478954670373,294
-7.6926,53.28823,2022/01/27 00:00:00+00,Thu 27 Jan 2022,1259,1106,0,3777132,3631286,238088,4015220,3869374,85.2686196605709,82.1713828708021,295
-7.6926,53.28823,2022/01/28 00:00:00+00,Fri 28 Jan 2022,1015,3021,0,3778147,3634307,238088,4016235,3872395,85.290174556431,82.235537885968,296
-7.6926,53.28823,2022/01/29 00:00:00+00,Sat 29 Jan 2022,2322,3411,0,3780469,3637718,238088,4018557,3875806,85.3394853625268,82.3079750778684,297
-7.6926,53.28823,2022/01/30 00:00:00+00,Sun 30 Jan 2022,1633,7531,0,3782102,3645249,238088,4020190,3883337,85.3741643230584,82.4679060342453,298
-7.6926,53.28823,2022/01/31 00:00:00+00,Mon 31 Jan 2022,465,1341,0,3782567,3646590,238088,4020655,3884678,85.3840392260879,82.4963839804014,299
-7.6926,53.28823,2022/02/01 00:00:00+00,Tue 01 Feb 2022,691,3330,2,3783258,3649920,238090,4021348,3888010,85.3987560170545,82.5671435006043,300
-7.6926,53.28823,2020/12/28 00:00:00+00,Mon 28 Dec 2020,155,24,5,155,24,5,160,29,0.00339781609617688,0.00061585416743206,301
-7.6926,53.28823,2020/12/29 00:00:00+00,Tue 29 Dec 2020,71,1,0,226,25,5,231,30,0.00490559698885538,0.000637090518033166,302
-7.6926,53.28823,2020/12/30 00:00:00+00,Wed 30 Dec 2020,1052,0,0,1278,25,5,1283,30,0.0272462378212184,0.000637090518033166,303
-7.6926,53.28823,2020/12/31 00:00:00+00,Thu 31 Dec 2020,1025,1,0,2303,26,5,2308,31,0.0490134971873515,0.000658326868634271,304
-7.6926,53.28823,2021/01/01 00:00:00+00,Fri 01 Jan 2021,803,0,0,3106,26,5,3111,31,0.0660662867200393,0.000658326868634271,305
-7.6926,53.28823,2021/01/02 00:00:00+00,Sat 02 Jan 2021,1012,0,0,4118,26,5,4123,31,0.0875574735283581,0.000658326868634271,306
-7.6926,53.28823,2021/01/03 00:00:00+00,Sun 03 Jan 2021,18,2,0,4136,28,5,4141,33,0.087939727839178,0.000700799569836482,307
-7.6926,53.28823,2021/01/04 00:00:00+00,Mon 04 Jan 2021,1179,3,0,5315,31,5,5320,36,0.112977385197881,0.000764508621639799,308
-7.6926,53.28823,2021/01/05 00:00:00+00,Tue 05 Jan 2021,3507,5,0,8822,36,5,8827,41,0.187453266755958,0.000870690374645326,309
-7.6926,53.28823,2021/01/06 00:00:00+00,Wed 06 Jan 2021,6755,6,0,15577,42,5,15582,47,0.330904815066426,0.000998108478251959,310
-7.6926,53.28823,2021/01/07 00:00:00+00,Thu 07 Jan 2021,11708,6,0,27285,48,5,27290,53,0.57954000790417,0.00112552658185859,311
-7.6926,53.28823,2021/01/08 00:00:00+00,Fri 08 Jan 2021,12658,5,0,39943,53,5,39948,58,0.848349733812963,0.00123170833486412,312
-7.6926,53.28823,2021/01/09 00:00:00+00,Sat 09 Jan 2021,8067,4,0,48010,57,5,48015,62,1.01966337411208,0.00131665373726854,313
-7.6926,53.28823,2021/01/10 00:00:00+00,Sun 10 Jan 2021,4761,1,1,52771,58,6,52777,64,1.12079087567455,0.00135912643847075,314
-7.6926,53.28823,2021/01/11 00:00:00+00,Mon 11 Jan 2021,8322,6,0,61093,64,6,61099,70,1.29751978537695,0.00148654454207739,315
-7.6926,53.28823,2021/01/12 00:00:00+00,Tue 12 Jan 2021,8852,7,0,69945,71,6,69951,77,1.48550396089793,0.00163519899628512,316
-7.6926,53.28823,2021/01/13 00:00:00+00,Wed 13 Jan 2021,9860,5,0,79805,76,6,79811,82,1.69489437782483,0.00174138074929065,317
-7.6926,53.28823,2021/01/14 00:00:00+00,Thu 14 Jan 2021,8051,3,0,87856,79,6,87862,85,1.86586823651433,0.00180508980109397,318
-7.6926,53.28823,2021/01/15 00:00:00+00,Fri 15 Jan 2021,7657,2,0,95513,81,6,95519,87,2.028474973067,0.00184756250229618,319
-7.6926,53.28823,2021/01/16 00:00:00+00,Sat 16 Jan 2021,5208,3,0,100721,84,6,100727,90,2.13907388699756,0.0019112715540995,320
-7.6926,53.28823,2021/01/17 00:00:00+00,Sun 17 Jan 2021,1103,4,0,101824,88,6,101830,94,2.16249758171058,0.00199621695650392,321
-7.6926,53.28823,2021/01/18 00:00:00+00,Mon 18 Jan 2021,8677,5,0,110501,93,6,110507,99,2.34676539587637,0.00210239870950945,322
-7.6926,53.28823,2021/01/19 00:00:00+00,Tue 19 Jan 2021,8358,16,0,118859,109,6,118865,115,2.52425881420041,0.00244218031912714,323
-7.6926,53.28823,2021/01/20 00:00:00+00,Wed 20 Jan 2021,8430,957,0,127289,1066,6,127295,1072,2.70328124976773,0.0227653678443851,324
-7.6926,53.28823,2021/01/21 00:00:00+00,Thu 21 Jan 2021,8954,957,0,136243,2023,6,136249,2029,2.89343153305003,0.0430885553696431,325
-7.6926,53.28823,2021/01/22 00:00:00+00,Fri 22 Jan 2021,6738,964,0,142981,2987,6,142987,2993,3.03652206340027,0.0635603973491088,326
-7.6926,53.28823,2021/01/23 00:00:00+00,Sat 23 Jan 2021,4161,456,0,147142,3443,6,147148,3449,3.12488651825148,0.0732441732232129,327
-7.6926,53.28823,2021/01/24 00:00:00+00,Sun 24 Jan 2021,1174,396,0,148316,3839,6,148322,3845,3.14981799385717,0.0816537680612507,328
-7.6926,53.28823,2021/01/25 00:00:00+00,Mon 25 Jan 2021,1338,1283,0,149654,5122,6,149660,5128,3.17823223096145,0.108900005882469,329
-7.6926,53.28823,2021/01/26 00:00:00+00,Tue 26 Jan 2021,988,3495,0,150642,8617,6,150648,8623,3.19921374535534,0.183121051233333,330
-7.6926,53.28823,2021/01/27 00:00:00+00,Wed 27 Jan 2021,2143,6695,0,152785,15312,6,152791,15318,3.24472324469351,0.325298418507734,331
-7.6926,53.28823,2021/01/28 00:00:00+00,Thu 28 Jan 2021,957,11534,0,153742,26846,6,153748,26852,3.26504643221877,0.570238486340885,332
-7.6926,53.28823,2021/01/29 00:00:00+00,Fri 29 Jan 2021,1544,11522,0,155286,38368,6,155292,38374,3.29783535754688,0.814923717966823,333
-7.6926,53.28823,2021/01/30 00:00:00+00,Sat 30 Jan 2021,608,7793,0,155894,46161,6,155900,46167,3.31074705871235,0.980418598201239,334
-7.6926,53.28823,2021/01/31 00:00:00+00,Sun 31 Jan 2021,205,4082,0,156099,50243,6,156105,50249,3.31510051058558,1.06710538135495,335
-7.6926,53.28823,2021/02/01 00:00:00+00,Mon 01 Feb 2021,991,8331,0,157090,58574,6,157096,58580,3.33614573403127,1.24402541821276,336
-7.6926,53.28823,2021/02/02 00:00:00+00,Tue 02 Feb 2021,809,5097,0,157899,63671,6,157905,63677,3.35332594166757,1.3522670972266,337
-7.6926,53.28823,2021/02/03 00:00:00+00,Wed 03 Feb 2021,1368,6861,0,159267,70532,6,159273,70538,3.38237726928988,1.49796969870078,338
-7.6926,53.28823,2021/02/04 00:00:00+00,Thu 04 Feb 2021,1398,10531,0,160665,81063,6,160671,81069,3.41206568743023,1.72160970688102,339
-7.6926,53.28823,2021/02/05 00:00:00+00,Fri 05 Feb 2021,3361,8604,0,164026,89667,6,164032,89673,3.48344106180054,1.90432726745294,340
-7.6926,53.28823,2021/02/06 00:00:00+00,Sat 06 Feb 2021,879,3863,0,164905,93530,6,164911,93536,3.50210781397891,1.98636328982501,341
-7.6926,53.28823,2021/02/07 00:00:00+00,Sun 07 Feb 2021,307,1295,1,165212,94825,7,165219,94832,3.50864860996405,2.01388560020404,342
-7.6926,53.28823,2021/02/08 00:00:00+00,Mon 08 Feb 2021,1139,871,0,166351,95696,7,166358,95703,3.53283681329871,2.0323824615776,343
-7.6926,53.28823,2021/02/09 00:00:00+00,Tue 09 Feb 2021,4211,529,1,170562,96225,8,170570,96233,3.62228432203057,2.04363772739619,344
-7.6926,53.28823,2021/02/10 00:00:00+00,Wed 10 Feb 2021,8789,577,0,179351,96802,8,179359,96810,3.80893060746369,2.05589110169303,345
-7.6926,53.28823,2021/02/11 00:00:00+00,Thu 11 Feb 2021,6145,435,0,185496,97237,8,185504,97245,3.93942798190748,2.06512891420451,346
-7.6926,53.28823,2021/02/12 00:00:00+00,Fri 12 Feb 2021,4360,516,0,189856,97753,8,189864,97761,4.0320184705283,2.07608687111468,347
-7.6926,53.28823,2021/02/13 00:00:00+00,Sat 13 Feb 2021,1189,1910,0,191045,99663,8,191053,99671,4.05726849139301,2.11664830076279,348
-7.6926,53.28823,2021/02/14 00:00:00+00,Sun 14 Feb 2021,2679,20,0,193724,99683,8,193732,99691,4.11416067465337,2.11707302777481,349
-7.6926,53.28823,2021/02/15 00:00:00+00,Mon 15 Feb 2021,1932,7872,0,195656,107555,8,195664,107563,4.15518930401471,2.28424557970671,350
-7.6926,53.28823,2021/02/16 00:00:00+00,Tue 16 Feb 2021,5606,8150,0,201262,115705,8,201270,115713,4.27424028548451,2.45732183710572,351
-7.6926,53.28823,2021/02/17 00:00:00+00,Wed 17 Feb 2021,9704,8459,0,210966,124164,8,210974,124172,4.48031783171764,2.63696012684047,352
-7.6926,53.28823,2021/02/18 00:00:00+00,Thu 18 Feb 2021,8439,8330,0,219405,132494,8,219413,132502,4.65953139444037,2.81385892734768,353
-7.6926,53.28823,2021/02/19 00:00:00+00,Fri 19 Feb 2021,9363,6576,0,228768,139070,8,228776,139078,4.85836734511852,2.95350916890055,354
-7.6926,53.28823,2021/02/20 00:00:00+00,Sat 20 Feb 2021,5863,3564,1,234631,142634,9,234640,142643,4.9828973050434,3.0292167587935,355
-7.6926,53.28823,2021/02/21 00:00:00+00,Sun 21 Feb 2021,1092,1015,4,235723,143649,13,235736,143662,5.00617234530221,3.05085660005602,356
-7.6926,53.28823,2021/02/22 00:00:00+00,Mon 22 Feb 2021,3923,1105,1,239646,144754,14,239660,144768,5.08950378506095,3.07434400382084,357
-7.6926,53.28823,2021/02/23 00:00:00+00,Tue 23 Feb 2021,13332,1056,0,252978,145810,14,252992,145824,5.37262681127489,3.09676959005561,358
-7.6926,53.28823,2021/02/24 00:00:00+00,Wed 24 Feb 2021,16902,2088,2,269880,147898,16,269896,147914,5.73160608183598,3.14115356281192,359
-7.6926,53.28823,2021/02/25 00:00:00+00,Thu 25 Feb 2021,18035,1743,2,287915,149641,18,287933,149659,6.11464613762812,3.17821099461085,360
-7.6926,53.28823,2021/02/26 00:00:00+00,Fri 26 Feb 2021,16055,2754,0,303970,152395,18,303988,152413,6.45559574652887,3.2366959041663,361
-7.6926,53.28823,2021/02/27 00:00:00+00,Sat 27 Feb 2021,8957,698,1,312927,153093,19,312946,153112,6.64583097521357,3.25154011323647,362
-7.6926,53.28823,2021/02/28 00:00:00+00,Sun 28 Feb 2021,2422,46,1,315349,153139,20,315369,153159,6.69728665272005,3.25253822171472,363
-7.6926,53.28823,2021/03/01 00:00:00+00,Mon 01 Mar 2021,5553,778,0,320902,153917,20,320922,153937,6.81521210760799,3.26906010248238,364
-7.6926,53.28823,2021/03/02 00:00:00+00,Tue 02 Mar 2021,12146,1599,0,333048,155516,20,333068,155536,7.07314882200901,3.30301702709355,365
-7.6926,53.28823,2021/03/03 00:00:00+00,Wed 03 Mar 2021,12834,1491,1,345882,157007,21,345903,157028,7.3457173819742,3.3347016621904,366
-7.6926,53.28823,2021/03/04 00:00:00+00,Thu 04 Mar 2021,18692,1679,2,364574,158686,23,364597,158709,7.74270972011127,3.37039996755086,367
-7.6926,53.28823,2021/03/05 00:00:00+00,Fri 05 Mar 2021,18397,2384,5,382971,161070,28,382999,161098,8.13350104387281,3.4211336091369,368
-7.6926,53.28823,2021/03/06 00:00:00+00,Sat 06 Mar 2021,10405,129,1,393376,161199,29,393405,161228,8.35448650822792,3.42389433471504,369
-7.6926,53.28823,2021/03/07 00:00:00+00,Sun 07 Mar 2021,1496,8,1,394872,161207,30,394902,161237,8.38627732507777,3.42408546187045,370
-7.6926,53.28823,2021/03/08 00:00:00+00,Mon 08 Mar 2021,6620,1481,2,401492,162688,32,401524,162720,8.52690443875829,3.45557896981189,371
-7.6926,53.28823,2021/03/09 00:00:00+00,Tue 09 Mar 2021,13767,3085,2,415259,165773,34,415293,165807,8.81930775018492,3.5211355841175,372
-7.6926,53.28823,2021/03/10 00:00:00+00,Wed 10 Mar 2021,13665,3969,3,428924,169742,37,428961,169779,9.10956619020082,3.60548636870509,373
-7.6926,53.28823,2021/03/11 00:00:00+00,Thu 11 Mar 2021,18402,2086,1,447326,171828,38,447364,171866,9.50037875031297,3.6498066324096,374
-7.6926,53.28823,2021/03/12 00:00:00+00,Fri 12 Mar 2021,17266,1324,2,464592,173152,40,464632,173192,9.86708805249286,3.67796603330667,375
-7.6926,53.28823,2021/03/13 00:00:00+00,Sat 13 Mar 2021,8241,164,0,472833,173316,40,472873,173356,10.0420968177966,3.68144879480525,376
-7.6926,53.28823,2021/03/14 00:00:00+00,Sun 14 Mar 2021,352,14,1,473185,173330,41,473226,173371,10.0495932495588,3.68176734006427,377
-7.6926,53.28823,2021/03/15 00:00:00+00,Mon 15 Mar 2021,2591,978,0,475776,174308,41,475817,174349,10.1046166339662,3.70253649095215,378
-7.6926,53.28823,2021/03/16 00:00:00+00,Tue 16 Mar 2021,8886,3802,0,484662,178110,41,484703,178151,10.2933228454076,3.78327709593755,379
-7.6926,53.28823,2021/03/17 00:00:00+00,Wed 17 Mar 2021,4846,2400,6,489508,180510,47,489555,180557,10.3963616185242,3.83437175548381,380
-7.6926,53.28823,2021/03/18 00:00:00+00,Thu 18 Mar 2021,11654,4665,2,501162,185175,49,501211,185224,10.6438925211307,3.93348180373917,381
-7.6926,53.28823,2021/03/19 00:00:00+00,Fri 19 Mar 2021,10288,6102,1,511450,191277,50,511500,191327,10.8623933324655,4.06308725145772,382
-7.6926,53.28823,2021/03/20 00:00:00+00,Sat 20 Mar 2021,5170,3105,2,516620,194382,52,516672,194434,10.9722277377744,4.12906859277535,383
-7.6926,53.28823,2021/03/21 00:00:00+00,Sun 21 Mar 2021,3585,42,2,520205,194424,54,520259,194478,11.0484025273806,4.1300029922018,384
-7.6926,53.28823,2021/03/22 00:00:00+00,Mon 22 Mar 2021,7341,2385,0,527546,196809,54,527600,196863,11.2042985771433,4.18065168838544,385
-7.6926,53.28823,2021/03/23 00:00:00+00,Tue 23 Mar 2021,12500,7366,3,540046,204175,57,540103,204232,11.4698166687089,4.33714235596498,386
-7.6926,53.28823,2021/03/24 00:00:00+00,Wed 24 Mar 2021,13548,9755,1,553594,213930,58,553652,213988,11.7575479830033,4.54432419242937,387
-7.6926,53.28823,2021/03/25 00:00:00+00,Thu 25 Mar 2021,20795,10200,2,574389,224130,60,574449,224190,12.1992003664545,4.76097744126185,388
-7.6926,53.28823,2021/03/26 00:00:00+00,Fri 26 Mar 2021,19634,9458,1,594023,233588,61,594084,233649,12.6161761105072,4.9618520815977,389
-7.6926,53.28823,2021/03/27 00:00:00+00,Sat 27 Mar 2021,11678,5313,0,605701,238901,61,605762,238962,12.8641742128269,5.07468081234138,390
-7.6926,53.28823,2021/03/28 00:00:00+00,Sun 28 Mar 2021,2444,472,0,608145,239373,61,608206,239434,12.916075853696,5.0847043698251,391
-7.6926,53.28823,2021/03/28 23:00:00+00,Mon 29 Mar 2021,9199,3090,3,617344,242463,64,617408,242527,13.1114927519274,5.15038840223432,392
-7.6926,53.28823,2021/03/29 23:00:00+00,Tue 30 Mar 2021,13268,8637,2,630612,251100,66,630678,251166,13.393299124404,5.33384923507727,393
-7.6926,53.28823,2021/03/30 23:00:00+00,Wed 31 Mar 2021,15732,10461,2,646344,261561,68,646412,261629,13.7274318647618,5.55604517141664,394
-7.6926,53.28823,2021/03/31 23:00:00+00,Thu 01 Apr 2021,19608,11591,4,665952,273152,72,666024,273224,14.1439191727507,5.80228065663646,395
-7.6926,53.28823,2021/04/01 23:00:00+00,Fri 02 Apr 2021,20065,13695,4,686017,286847,76,686093,286923,14.5701114929643,6.093197423521,396
-7.6926,53.28823,2021/04/02 23:00:00+00,Sat 03 Apr 2021,7489,4610,2,693506,291457,78,693584,291535,14.7291929953172,6.1911394724933,397
-7.6926,53.28823,2021/04/03 23:00:00+00,Sun 04 Apr 2021,2983,161,0,696489,291618,78,696567,291696,14.7925410291603,6.19455852494008,398
-7.6926,53.28823,2021/04/04 23:00:00+00,Mon 05 Apr 2021,3377,587,3,699866,292205,81,699947,292286,14.864319894192,6.20708797179473,399
-7.6926,53.28823,2021/04/05 23:00:00+00,Tue 06 Apr 2021,11900,8131,6,711766,300336,87,711853,300423,15.1171598844488,6.37988815663592,400
