X,Y,VaccinationDate,VaccineText,Dose1,Dose2,SingleDose,Dose1Cum,Dose2Cum,SingleDoseCum,PartiallyVacc,FullyVacc,PartialPercent,FullyPercent,ObjectId
-7.6926,53.28823,2021/04/13 23:00:00+00,Wed 14 Apr 2021,20345,6596,2,828310,353996,231,828541,354227,17.5951871633906,7.52248876437781,1
-7.6926,53.28823,2020/12/28 00:00:00+00,Mon 28 Dec 2020,219,18,0,219,18,0,219,18,0.00465076078164211,0.000382254310819899,2
-7.6926,53.28823,2021/04/14 23:00:00+00,Thu 15 Apr 2021,27123,10801,1,855433,364797,232,855665,365029,18.171201937095,7.75188382357095,3
-7.6926,53.28823,2021/11/14 00:00:00+00,Sun 14 Nov 2021,1646,1802,0,3636581,3569646,240560,3877141,3810206,82.3363256059209,80.9148704784359,4
-7.6926,53.28823,2020/12/29 00:00:00+00,Tue 29 Dec 2020,75,2,0,294,20,0,294,20,0.00624348707672502,0.00042472701202211,5
-7.6926,53.28823,2021/04/15 23:00:00+00,Fri 16 Apr 2021,27968,9831,1,883401,374628,233,883634,374861,18.7651614270573,7.96067962268102,6
-7.6926,53.28823,2021/11/15 00:00:00+00,Mon 15 Nov 2021,1244,579,1,3637825,3570225,240561,3878386,3810786,82.3627648624192,80.9271875617845,7
-7.6926,53.28823,2020/12/30 00:00:00+00,Wed 30 Dec 2020,1057,1,0,1351,21,0,1351,21,0.0286903096620936,0.000445963362623216,8
-7.6926,53.28823,2021/04/16 23:00:00+00,Sat 17 Apr 2021,15847,4551,3,899248,379179,236,899484,379415,19.1017575840848,8.05738996331845,9
-7.6926,53.28823,2020/12/31 00:00:00+00,Thu 31 Dec 2020,1032,1,0,2383,22,0,2383,22,0.0506062234824345,0.000467199713224322,10
-7.6926,53.28823,2021/11/16 00:00:00+00,Tue 16 Nov 2021,1317,1060,5,3639142,3571285,240566,3879708,3811851,82.3908393179139,80.9498042751747,11
-7.6926,53.28823,2021/04/17 23:00:00+00,Sun 18 Apr 2021,1071,485,0,900319,379664,236,900555,379900,19.1245017155786,8.06768959335999,12
-7.6926,53.28823,2021/01/01 00:00:00+00,Fri 01 Jan 2021,811,0,0,3194,22,0,3194,22,0.067828903819931,0.000467199713224322,13
-7.6926,53.28823,2021/11/17 00:00:00+00,Wed 17 Nov 2021,1507,1097,0,3640649,3572382,240566,3881215,3812948,82.4228424982698,80.9731005517841,14
-7.6926,53.28823,2021/04/18 23:00:00+00,Mon 19 Apr 2021,6739,2255,0,907058,381919,236,907294,382155,19.2676134822794,8.11557756396548,15
-7.6926,53.28823,2021/01/02 00:00:00+00,Sat 02 Jan 2021,1016,0,0,4210,22,0,4210,22,0.0894050360306543,0.000467199713224322,16
-7.6926,53.28823,2021/11/18 00:00:00+00,Thu 18 Nov 2021,1654,2490,5,3642303,3574872,240571,3882874,3815443,82.458073603917,81.0260852465339,17
-7.6926,53.28823,2021/04/19 23:00:00+00,Tue 20 Apr 2021,15088,7312,1,922146,389231,237,922383,389468,19.5880487764995,8.27087899591137,18
-7.6926,53.28823,2021/01/03 00:00:00+00,Sun 03 Jan 2021,20,2,1,4230,24,1,4231,25,0.0898509993932775,0.000530908765027638,19
-7.6926,53.28823,2021/11/19 00:00:00+00,Fri 19 Nov 2021,1167,1536,0,3643470,3576408,240571,3884041,3816979,82.4828564250685,81.0587042810572,20
-7.6926,53.28823,2021/04/20 23:00:00+00,Wed 21 Apr 2021,26714,9875,4,948860,399106,241,949101,399347,20.1554415918599,8.48067290349969,21
-7.6926,53.28823,2021/01/04 00:00:00+00,Mon 04 Jan 2021,1187,3,0,5417,27,1,5418,28,0.11505854755679,0.000594617816830955,22
-7.6926,53.28823,2021/11/20 00:00:00+00,Sat 20 Nov 2021,1542,2928,12,3645012,3579336,240583,3885595,3819919,82.5158577139026,81.1211391518244,23
-7.6926,53.28823,2021/04/21 23:00:00+00,Thu 22 Apr 2021,31618,12180,1,980478,411286,242,980720,411528,20.8269137615162,8.73935289017175,24
-7.6926,53.28823,2021/01/05 00:00:00+00,Tue 05 Jan 2021,3528,10,0,8945,37,1,8946,38,0.18998039247749,0.00080698132284201,25
-7.6926,53.28823,2021/11/21 00:00:00+00,Sun 21 Nov 2021,1785,2759,0,3646797,3582095,240583,3887380,3822678,82.5537645997256,81.1797302431329,26
-7.6926,53.28823,2021/04/22 23:00:00+00,Fri 23 Apr 2021,33614,12352,3,1014092,423638,245,1014337,423883,21.5408161596736,9.00172800184841,27
-7.6926,53.28823,2021/01/06 00:00:00+00,Wed 06 Jan 2021,6775,10,0,15720,47,1,15721,48,0.33385666779998,0.00101934482885307,28
-7.6926,53.28823,2021/11/22 00:00:00+00,Mon 22 Nov 2021,715,499,2,3647512,3582594,240585,3888097,3823179,82.5689910631066,81.190369654784,29
-7.6926,53.28823,2021/04/23 23:00:00+00,Sat 24 Apr 2021,23701,6988,2,1037793,430626,247,1038040,430873,22.0441813779716,9.15017009255014,30
-7.6926,53.28823,2021/01/07 00:00:00+00,Thu 07 Jan 2021,11723,8,0,27443,55,1,27444,56,0.58281040589674,0.00118923563366191,31
-7.6926,53.28823,2021/11/23 00:00:00+00,Tue 23 Nov 2021,2157,1575,7,3649669,3584169,240592,3890261,3824761,82.6149465258074,81.223965561435,32
-7.6926,53.28823,2021/04/24 23:00:00+00,Sun 25 Apr 2021,9749,298,2,1047542,430924,249,1047791,431173,22.251257032683,9.15654099773047,33
-7.6926,53.28823,2021/01/08 00:00:00+00,Fri 08 Jan 2021,12677,5,0,40120,60,1,40121,61,0.852023622466955,0.00129541738666744,34
-7.6926,53.28823,2021/11/24 00:00:00+00,Wed 24 Nov 2021,1621,3127,2,3651290,3587296,240594,3891884,3827890,82.649413122833,81.2904141024658,35
-7.6926,53.28823,2021/04/25 23:00:00+00,Mon 26 Apr 2021,15582,3052,3,1063124,433976,252,1063376,434228,22.5822255568012,9.22141804881685,36
-7.6926,53.28823,2021/01/09 00:00:00+00,Sat 09 Jan 2021,8074,7,0,48194,67,1,48195,68,1.02348591722028,0.00144407184087518,37
-7.6926,53.28823,2021/11/25 00:00:00+00,Thu 25 Nov 2021,984,1167,1,3652274,3588463,240595,3892869,3829058,82.670330928175,81.3152181599679,38
-7.6926,53.28823,2021/04/26 23:00:00+00,Tue 27 Apr 2021,25914,7807,9,1089038,441783,261,1089299,442044,23.1327354734336,9.38740136511509,39
-7.6926,53.28823,2021/01/10 00:00:00+00,Sun 10 Jan 2021,4780,4,1,52974,71,2,52976,73,1.12501690944417,0.0015502535938807,40
-7.6926,53.28823,2021/11/26 00:00:00+00,Fri 26 Nov 2021,1287,1092,12,3653561,3589555,240607,3894168,3830162,82.6979169476059,81.3386630910315,41
-7.6926,53.28823,2021/04/27 23:00:00+00,Wed 28 Apr 2021,26028,8595,5,1115066,450378,266,1115332,450644,23.6855813886322,9.5700339802846,42
-7.6926,53.28823,2021/01/11 00:00:00+00,Mon 11 Jan 2021,8339,6,0,61313,77,2,61315,79,1.30210683710678,0.00167767169748734,43
-7.6926,53.28823,2021/11/27 00:00:00+00,Sat 27 Nov 2021,1201,1554,6,3654762,3591109,240613,3895375,3831722,82.7235492227814,81.3717917979693,44
-7.6926,53.28823,2021/04/28 23:00:00+00,Thu 29 Apr 2021,31690,11330,6,1146756,461708,272,1147028,461980,24.3586887572849,9.81076925069873,45
-7.6926,53.28823,2021/01/12 00:00:00+00,Tue 12 Jan 2021,8879,10,0,70192,87,2,70194,89,1.490664394094,0.00189003520349839,46
-7.6926,53.28823,2021/11/28 00:00:00+00,Sun 28 Nov 2021,1961,2254,0,3656723,3593363,240613,3897336,3833976,82.7651937063102,81.4196585322241,47
-7.6926,53.28823,2021/04/29 23:00:00+00,Fri 30 Apr 2021,36113,13523,8,1182869,475231,280,1183149,475511,25.1257669773474,10.0981183106823,48
-7.6926,53.28823,2021/01/13 00:00:00+00,Wed 13 Jan 2021,9878,4,0,80070,91,2,80072,93,1.70043706533172,0.00197498060590281,49
-7.6926,53.28823,2021/11/29 00:00:00+00,Mon 29 Nov 2021,540,984,1,3657263,3594347,240614,3897877,3834961,82.7766825719854,81.4405763375662,50
-7.6926,53.28823,2021/04/30 23:00:00+00,Sat 01 May 2021,16576,6682,18,1199445,481913,298,1199743,482211,25.4781629792221,10.2404018597097,51
-7.6926,53.28823,2021/05/01 23:00:00+00,Sun 02 May 2021,12459,909,15,1211904,482822,313,1212217,483135,25.7430652166203,10.2600242476651,52
-7.6926,53.28823,2021/05/02 23:00:00+00,Mon 03 May 2021,14256,921,21,1226160,483743,334,1226494,484077,26.0462565941523,10.2800288899314,53
-7.6926,53.28823,2021/05/03 23:00:00+00,Tue 04 May 2021,26661,6786,10,1252821,490529,344,1253165,490873,26.6126513010344,10.4243511286165,54
-7.6926,53.28823,2021/05/04 23:00:00+00,Wed 05 May 2021,32104,13457,69,1284925,503986,413,1285338,504399,27.2958884089238,10.711594006847,55
-7.6926,53.28823,2021/05/05 23:00:00+00,Thu 06 May 2021,37281,14376,132,1322206,518362,545,1322751,518907,28.0904039939629,11.0196909813679,56
-7.6926,53.28823,2021/05/06 23:00:00+00,Fri 07 May 2021,40595,15068,97,1362801,533430,642,1363443,534072,28.9545535726231,11.3417402382336,57
-7.6926,53.28823,2021/05/07 23:00:00+00,Sat 08 May 2021,25615,7040,10,1388416,540470,652,1389068,541122,29.4987350567764,11.4914565099714,58
-7.6926,53.28823,2021/05/08 23:00:00+00,Sun 09 May 2021,19670,922,5,1408086,541392,657,1408743,542049,29.9165602548532,11.5111426069786,59
-7.6926,53.28823,2021/05/09 23:00:00+00,Mon 10 May 2021,28839,4642,171,1436925,546034,828,1437753,546862,30.5326267857913,11.6133531624218,60
-7.6926,53.28823,2021/05/10 23:00:00+00,Tue 11 May 2021,33918,14816,153,1470843,560850,981,1471824,561831,31.2561704871215,11.9312400945697,61
-7.6926,53.28823,2021/05/11 23:00:00+00,Wed 12 May 2021,31290,20928,171,1502133,581778,1152,1503285,582930,31.9242873133829,12.3793058559024,62
-7.6926,53.28823,2021/05/12 23:00:00+00,Thu 13 May 2021,35999,25474,152,1538132,607252,1304,1539436,608556,32.6920026239635,12.9235085764064,63
-7.6926,53.28823,2021/05/13 23:00:00+00,Fri 14 May 2021,38215,27942,236,1576347,635194,1540,1577887,636734,33.5085615409266,13.5219064636443,64
-7.6926,53.28823,2021/05/14 23:00:00+00,Sat 15 May 2021,28851,12442,22,1605198,647636,1562,1606760,649198,34.1217186918323,13.7865963375365,65
-7.6926,53.28823,2021/05/15 23:00:00+00,Sun 16 May 2021,23171,1171,9,1628369,648807,1571,1629940,650378,34.6139772987659,13.8116552312458,66
-7.6926,53.28823,2021/05/16 23:00:00+00,Mon 17 May 2021,35391,3945,117,1663760,652752,1688,1665448,654440,35.36803763591,13.8979172873875,67
-7.6926,53.28823,2021/05/17 23:00:00+00,Tue 18 May 2021,39004,12490,127,1702764,665242,1815,1704579,667057,36.1990372712818,14.1658563229216,68
-7.6926,53.28823,2021/05/18 23:00:00+00,Wed 19 May 2021,37024,17586,209,1739788,682828,2024,1741812,684852,36.9897303132128,14.5437571818683,69
-7.6926,53.28823,2021/05/19 23:00:00+00,Thu 20 May 2021,39081,19636,136,1778869,702464,2160,1781029,704624,37.8225562747364,14.9636423059534,70
-7.6926,53.28823,2021/05/20 23:00:00+00,Fri 21 May 2021,25841,23243,14934,1804710,725707,17094,1821804,742801,38.6884684704964,15.7743824628518,71
-7.6926,53.28823,2021/05/21 23:00:00+00,Sat 22 May 2021,16588,10242,13523,1821298,735949,30617,1851915,766566,39.3279162234463,16.2790643348871,72
-7.6926,53.28823,2021/05/22 23:00:00+00,Sun 23 May 2021,8210,5522,10204,1829508,741471,40821,1870329,782292,39.7189623834151,16.61302718444,73
-7.6926,53.28823,2021/05/23 23:00:00+00,Mon 24 May 2021,22546,8211,8450,1852054,749682,49271,1901325,798953,40.377204306647,16.9668460218051,74
-7.6926,53.28823,2021/05/24 23:00:00+00,Tue 25 May 2021,30336,16482,3222,1882390,766164,52493,1934883,818657,41.0898537601189,17.3852870740492,75
-7.6926,53.28823,2021/05/25 23:00:00+00,Wed 26 May 2021,19969,25388,3052,1902359,791552,55545,1957904,847097,41.5787357873069,17.9892488851447,76
-7.6926,53.28823,2021/05/26 23:00:00+00,Thu 27 May 2021,17012,36029,550,1919371,827581,56095,1975466,883676,41.9516885765635,18.7660533537825,77
-7.6926,53.28823,2021/05/27 23:00:00+00,Fri 28 May 2021,27035,31817,1558,1946406,859398,57653,2004059,917051,42.5588995493009,19.4748165550944,78
-7.6926,53.28823,2021/05/28 23:00:00+00,Sat 29 May 2021,24465,7382,534,1970871,866780,58187,2029058,924967,43.089787077978,19.6429235064528,79
-7.6926,53.28823,2021/05/29 23:00:00+00,Sun 30 May 2021,24241,1676,209,1995112,868456,58396,2053508,926852,43.609015850175,19.6829540273359,80
-7.6926,53.28823,2021/05/30 23:00:00+00,Mon 31 May 2021,22576,7324,3443,2017688,875780,61839,2079527,937619,44.1615644564652,19.911605814258,81
-7.6926,53.28823,2021/05/31 23:00:00+00,Tue 01 Jun 2021,27542,11510,3653,2045230,887290,65492,2110722,952782,44.8240324134666,20.2336125984225,82
-7.6926,53.28823,2021/06/01 23:00:00+00,Wed 02 Jun 2021,18689,20891,4007,2063919,908181,69499,2133418,977680,45.3060126267093,20.7623552556888,83
-7.6926,53.28823,2021/06/02 23:00:00+00,Thu 03 Jun 2021,16681,30704,1976,2080600,938885,71475,2152075,1010360,45.7022192198742,21.456359193333,84
-7.6926,53.28823,2021/06/03 23:00:00+00,Fri 04 Jun 2021,28995,23343,153,2109595,962228,71628,2181223,1033856,46.3212163671952,21.9553284870566,85
-7.6926,53.28823,2021/06/04 23:00:00+00,Sat 05 Jun 2021,20949,11487,33,2130544,973715,71661,2202205,1045376,46.7667974755076,22.1999712459813,86
-7.6926,53.28823,2021/06/05 23:00:00+00,Sun 06 Jun 2021,19933,3901,45,2150477,977616,71706,2222183,1049322,47.1910572878165,22.2837698854532,87
-7.6926,53.28823,2021/06/06 23:00:00+00,Mon 07 Jun 2021,19804,4582,45,2170281,982198,71751,2242032,1053949,47.6125776108978,22.3820304796846,88
-7.6926,53.28823,2021/06/07 23:00:00+00,Tue 08 Jun 2021,26393,18351,45,2196674,1000549,71796,2268470,1072345,48.1740242480898,22.7726943853425,89
-7.6926,53.28823,2021/06/08 23:00:00+00,Wed 09 Jun 2021,32784,20109,173,2229458,1020658,71969,2301427,1092627,48.8739106548505,23.2034100482341,90
-7.6926,53.28823,2021/06/09 23:00:00+00,Thu 10 Jun 2021,27678,27483,270,2257136,1048141,72239,2329375,1120380,49.4674241814502,23.7927824864666,91
-7.6926,53.28823,2021/06/10 23:00:00+00,Fri 11 Jun 2021,26427,32892,39,2283563,1081033,72278,2355841,1153311,50.029465436459,24.4921167481116,92
-7.6926,53.28823,2021/06/11 23:00:00+00,Sat 12 Jun 2021,12205,19714,104,2295768,1100747,72382,2368150,1173129,50.290863676008,24.9129787443243,93
-7.6926,53.28823,2021/06/12 23:00:00+00,Sun 13 Jun 2021,8540,18168,832,2304308,1118915,73214,2377522,1192129,50.4898907538416,25.3164694057453,94
-7.6926,53.28823,2021/06/13 23:00:00+00,Mon 14 Jun 2021,16014,31299,49,2320322,1150214,73263,2393585,1223477,50.8310102535472,25.9821865243888,95
-7.6926,53.28823,2021/06/14 23:00:00+00,Tue 15 Jun 2021,14685,41578,205,2335007,1191792,73468,2408475,1265260,51.1472195139976,26.8695049615548,96
-7.6926,53.28823,2021/06/15 23:00:00+00,Wed 16 Jun 2021,13464,48385,215,2348471,1240177,73683,2422154,1313860,51.4377115538701,27.9015916007685,97
-7.6926,53.28823,2021/06/16 23:00:00+00,Thu 17 Jun 2021,21566,42675,535,2370037,1282852,74218,2444255,1357070,51.9070561385052,28.8192143102423,98
-7.6926,53.28823,2021/06/17 23:00:00+00,Fri 18 Jun 2021,12009,50034,553,2382046,1332886,74771,2456817,1407657,52.1738271747563,29.8934975781004,99
-7.6926,53.28823,2021/06/18 23:00:00+00,Sat 19 Jun 2021,6307,32795,432,2388353,1365681,75203,2463556,1440884,52.3169389414571,30.5991177995233,100
-7.6926,53.28823,2021/06/19 23:00:00+00,Sun 20 Jun 2021,8509,26136,177,2396862,1391817,75380,2472242,1467197,52.5013978827783,31.1579098928902,101
-7.6926,53.28823,2021/06/20 23:00:00+00,Mon 21 Jun 2021,15461,32336,572,2412323,1424153,75952,2488275,1500105,52.8418802919659,31.8567557184714,102
-7.6926,53.28823,2021/06/21 23:00:00+00,Tue 22 Jun 2021,15127,43537,722,2427450,1467690,76674,2504124,1544364,53.1784552126428,32.7966553597257,103
-7.6926,53.28823,2021/06/22 23:00:00+00,Wed 23 Jun 2021,20076,39383,883,2447526,1507073,77557,2525083,1584630,53.6235478848913,33.6517582530298,104
-7.6926,53.28823,2021/06/23 23:00:00+00,Thu 24 Jun 2021,19014,44263,1031,2466540,1551336,78588,2545128,1629924,54.0492305326905,34.6136375171563,105
-7.6926,53.28823,2021/06/24 23:00:00+00,Fri 25 Jun 2021,15199,50113,843,2481739,1601449,79431,2561170,1680880,54.3899040690334,35.6957569983863,106
-7.6926,53.28823,2021/06/25 23:00:00+00,Sat 26 Jun 2021,9052,30544,509,2490791,1631993,79940,2570731,1711933,54.5929448171306,36.3552093936024,107
-7.6926,53.28823,2021/06/26 23:00:00+00,Sun 27 Jun 2021,8720,30472,58,2499511,1662465,79998,2579509,1742463,54.7793575027071,37.0035551774541,108
-7.6926,53.28823,2021/06/27 23:00:00+00,Mon 28 Jun 2021,24220,24634,522,2523731,1687099,80520,2604251,1767619,55.3047872892797,37.5377768131755,109
-7.6926,53.28823,2021/06/28 23:00:00+00,Tue 29 Jun 2021,28140,31019,809,2551871,1718118,81329,2633200,1799447,55.9195584028311,38.2136873801075,110
-7.6926,53.28823,2021/06/29 23:00:00+00,Wed 30 Jun 2021,22557,36855,588,2574428,1754973,81917,2656345,1836890,56.4110737374936,39.0088400556647,111
-7.6926,53.28823,2021/06/30 23:00:00+00,Thu 01 Jul 2021,15001,48306,638,2589429,1803279,82555,2671984,1885834,56.7431890245443,40.0482319994852,112
-7.6926,53.28823,2021/07/01 23:00:00+00,Fri 02 Jul 2021,13651,47254,815,2603080,1850533,83370,2686450,1933903,57.0503940723399,41.0690421365298,113
-7.6926,53.28823,2021/07/02 23:00:00+00,Sat 03 Jul 2021,9303,30468,505,2612383,1881001,83875,2696258,1964876,57.2586801990356,41.7267956236978,114
-7.6926,53.28823,2021/07/03 23:00:00+00,Sun 04 Jul 2021,6446,27774,233,2618829,1908775,84108,2702937,1992883,57.4005177847004,42.321562094983,115
-7.6926,53.28823,2021/07/04 23:00:00+00,Mon 05 Jul 2021,15593,33444,5340,2634422,1942219,89448,2723870,2031667,57.8450583118333,43.1451927166963,116
-7.6926,53.28823,2021/07/05 23:00:00+00,Tue 06 Jul 2021,12404,48286,5484,2646826,1990505,94932,2741758,2085437,58.2249341513859,44.2870712885177,117
-7.6926,53.28823,2021/07/06 23:00:00+00,Wed 07 Jul 2021,19699,43751,5057,2666525,2034256,99989,2766514,2134245,58.7506612468668,45.3235750886565,118
-7.6926,53.28823,2021/07/07 23:00:00+00,Thu 08 Jul 2021,17761,45580,5992,2684286,2079836,105981,2790267,2185817,59.2550882826949,46.4187761618567,119
-7.6926,53.28823,2021/07/08 23:00:00+00,Fri 09 Jul 2021,13511,45082,6528,2697797,2124918,112509,2810306,2237427,59.6806435123905,47.5147842163797,120
-7.6926,53.28823,2021/07/09 23:00:00+00,Sat 10 Jul 2021,8626,23859,4364,2706423,2148777,116873,2823296,2265650,59.9565037066988,48.1141377393947,121
-7.6926,53.28823,2021/07/10 23:00:00+00,Sun 11 Jul 2021,15225,16105,2153,2721648,2164882,119026,2840674,2283908,60.3255490074448,48.5018710286697,122
-7.6926,53.28823,2021/07/11 23:00:00+00,Mon 12 Jul 2021,17101,31746,6091,2738749,2196628,125117,2863866,2321745,60.8180624505857,49.3053908263637,123
-7.6926,53.28823,2021/07/12 23:00:00+00,Tue 13 Jul 2021,20094,36554,8486,2758843,2233182,133603,2892446,2366785,61.4249973507653,50.2618760574375,124
-7.6926,53.28823,2021/07/13 23:00:00+00,Wed 14 Jul 2021,20788,35692,9332,2779631,2268874,142935,2922566,2411809,62.0646362308706,51.2180215069017,125
-7.6926,53.28823,2021/07/14 23:00:00+00,Thu 15 Jul 2021,23623,28819,9581,2803254,2297693,152516,2955770,2450209,62.7697680162297,52.0334973699842,126
-7.6926,53.28823,2021/07/15 23:00:00+00,Fri 16 Jul 2021,23520,27410,9163,2826774,2325103,161679,2988453,2486782,63.4638356629256,52.8101744205184,127
-7.6926,53.28823,2021/07/16 23:00:00+00,Sat 17 Jul 2021,11491,19417,4676,2838265,2344520,166355,3004620,2510875,63.8071637430937,53.3218218155508,128
-7.6926,53.28823,2021/07/17 23:00:00+00,Sun 18 Jul 2021,16852,15808,1930,2855117,2360328,168285,3023402,2528613,64.2060248800836,53.6985122025132,129
-7.6926,53.28823,2021/07/18 23:00:00+00,Mon 19 Jul 2021,24873,18417,6249,2879990,2378745,174534,3054524,2553279,64.8669425834912,54.2223280264401,130
-7.6926,53.28823,2021/07/19 23:00:00+00,Tue 20 Jul 2021,30563,18162,7693,2910553,2396907,182227,3092780,2579134,65.6793604120871,54.7713938712317,131
-7.6926,53.28823,2021/07/20 23:00:00+00,Wed 21 Jul 2021,30345,19830,6886,2940898,2416737,189113,3130011,2605850,66.4700109813169,55.3387442138908,132
-7.6926,53.28823,2021/07/21 23:00:00+00,Thu 22 Jul 2021,33523,15921,6932,2974421,2432658,196045,3170466,2628703,67.3291275448846,55.8240585341779,133
-7.6926,53.28823,2021/07/22 23:00:00+00,Fri 23 Jul 2021,27080,20812,5613,3001501,2453470,201658,3203159,2655128,68.0234075550866,56.3852290988121,134
-7.6926,53.28823,2021/07/23 23:00:00+00,Sat 24 Jul 2021,15427,14802,2271,3016928,2468272,203929,3220857,2672201,68.3992484880249,56.7477973126248,135
-7.6926,53.28823,2021/07/24 23:00:00+00,Sun 25 Jul 2021,14712,13639,1042,3031640,2481911,204971,3236611,2686882,68.7338059553947,57.0595681757996,136
-7.6926,53.28823,2021/07/25 23:00:00+00,Mon 26 Jul 2021,23820,18275,3419,3055460,2500186,208390,3263850,2708576,69.3122629094183,57.52026956574,137
-7.6926,53.28823,2021/07/26 23:00:00+00,Tue 27 Jul 2021,25493,23885,3670,3080953,2524071,212060,3293013,2736131,69.9315786019983,58.1054372065535,138
-7.6926,53.28823,2021/07/27 23:00:00+00,Wed 28 Jul 2021,23425,25274,3260,3104378,2549345,215320,3319698,2764665,70.4982706177888,58.7113952346054,139
-7.6926,53.28823,2021/07/28 23:00:00+00,Thu 29 Jul 2021,19251,27848,2958,3123629,2577193,218278,3341907,2795471,70.9699087282888,59.3656022512231,140
-7.6926,53.28823,2021/07/29 23:00:00+00,Fri 30 Jul 2021,21942,22926,2115,3145571,2600119,220393,3365964,2820512,71.4807916146995,59.8973817066253,141
-7.6926,53.28823,2021/11/30 00:00:00+00,Tue 30 Nov 2021,1918,1631,6,3659181,3595978,240620,3899801,3836598,82.8175413105419,81.4753402435002,142
-7.6926,53.28823,2021/01/14 00:00:00+00,Thu 14 Jan 2021,8081,4,0,88151,95,2,88153,97,1.87204801453926,0.00205992600830724,143
-7.6926,53.28823,2021/07/30 23:00:00+00,Sat 31 Jul 2021,13732,12466,906,3159303,2612585,221299,3380602,2833884,71.7916493147985,60.1813541868633,144
-7.6926,53.28823,2021/12/01 00:00:00+00,Wed 01 Dec 2021,1074,1359,2,3660255,3597337,240622,3900877,3837959,82.8403916237887,81.5042429166683,145
-7.6926,53.28823,2021/01/15 00:00:00+00,Fri 15 Jan 2021,7691,2,0,95842,97,2,95844,99,2.03537678701236,0.00210239870950945,146
-7.6926,53.28823,2021/07/31 23:00:00+00,Sun 01 Aug 2021,11093,9314,368,3170396,2621899,221667,3392063,2843566,72.0350391290378,60.3869645333832,147
-7.6926,53.28823,2021/08/01 23:00:00+00,Mon 02 Aug 2021,15011,15996,430,3185407,2637895,222097,3407504,2859992,72.3629496186695,60.735792828357,148
-7.6926,53.28823,2021/08/02 23:00:00+00,Tue 03 Aug 2021,17331,25436,1110,3202738,2663331,223207,3425945,2886538,72.7545691601045,61.2995329914139,149
-7.6926,53.28823,2021/08/03 23:00:00+00,Wed 04 Aug 2021,22096,17283,1574,3224834,2680614,224781,3449615,2905395,73.2572335788326,61.699986854699,150
-7.6926,53.28823,2021/08/04 23:00:00+00,Thu 05 Aug 2021,13512,30022,1420,3238346,2710636,226201,3464547,2936837,73.5743347660083,62.3677001902989,151
-7.6926,53.28823,2021/08/05 23:00:00+00,Fri 06 Aug 2021,12198,24732,947,3250544,2735368,227148,3477692,2962516,73.8534865946599,62.9130284373847,152
-7.6926,53.28823,2021/08/06 23:00:00+00,Sat 07 Aug 2021,6325,8445,583,3256869,2743813,227731,3484600,2971544,74.0001873046123,63.1047502106115,153
-7.6926,53.28823,2021/08/07 23:00:00+00,Sun 08 Aug 2021,8620,11965,153,3265489,2755778,227884,3493373,2983662,74.1864938084358,63.3620923071957,154
-7.6926,53.28823,2021/08/08 23:00:00+00,Mon 09 Aug 2021,5525,23020,599,3271014,2778798,228483,3499497,3007281,74.316545219517,63.8636736720432,155
-7.6926,53.28823,2021/08/09 23:00:00+00,Tue 10 Aug 2021,9342,25987,713,3280356,2804785,229196,3509552,3033981,74.5300767248111,64.4306842330927,156
-7.6926,53.28823,2021/08/10 23:00:00+00,Wed 11 Aug 2021,7001,31225,663,3287357,2836010,229859,3517216,3065869,74.692832115818,65.1078689810608,157
-7.6926,53.28823,2021/08/11 23:00:00+00,Thu 12 Aug 2021,6758,38277,862,3294115,2874287,230721,3524836,3105008,74.8546531073984,65.9390385072375,158
-7.6926,53.28823,2021/08/12 23:00:00+00,Fri 13 Aug 2021,10916,28231,870,3305031,2902518,231591,3536622,3134109,75.104944735583,66.5570375460802,159
-7.6926,53.28823,2021/08/13 23:00:00+00,Sat 14 Aug 2021,18124,5830,279,3323155,2908348,231870,3555025,3140218,75.4957572956952,66.6867704119024,160
-7.6926,53.28823,2021/08/14 23:00:00+00,Sun 15 Aug 2021,16996,3721,49,3340151,2912069,231919,3572070,3143988,75.857730891691,66.7668314536685,161
-7.6926,53.28823,2021/08/15 23:00:00+00,Mon 16 Aug 2021,10176,23135,384,3350327,2935204,232303,3582630,3167507,76.0819867540387,67.266289183456,162
-7.6926,53.28823,2021/08/16 23:00:00+00,Tue 17 Aug 2021,12859,26845,528,3363186,2962049,232831,3596017,3194880,76.3662777795357,67.84759180846,163
-7.6926,53.28823,2021/08/17 23:00:00+00,Wed 18 Aug 2021,15223,25758,657,3378409,2987807,233488,3611897,3221295,76.7035110270812,68.4085500095882,164
-7.6926,53.28823,2021/08/18 23:00:00+00,Thu 19 Aug 2021,11355,25693,542,3389764,3013500,234030,3623794,3247530,76.9561598901826,68.9656856676082,165
-7.6926,53.28823,2021/08/19 23:00:00+00,Fri 20 Aug 2021,14838,22243,685,3404602,3035743,234715,3639317,3270458,77.2858117605635,69.4525927141904,166
-7.6926,53.28823,2021/08/20 23:00:00+00,Sat 21 Aug 2021,11877,7964,245,3416479,3043707,234960,3651439,3278667,77.5432388025501,69.6269219162748,167
-7.6926,53.28823,2021/08/21 23:00:00+00,Sun 22 Aug 2021,8002,12248,161,3424481,3055955,235121,3659602,3291076,77.716591132507,69.890443790884,168
-7.6926,53.28823,2021/08/22 23:00:00+00,Mon 23 Aug 2021,10860,15364,289,3435341,3071319,235410,3670751,3306729,77.9533552053587,70.2228563868431,169
-7.6926,53.28823,2021/08/23 23:00:00+00,Tue 24 Aug 2021,9705,22910,383,3445046,3094229,235793,3680839,3330022,78.1675875102226,70.7175147013946,170
-7.6926,53.28823,2021/08/24 23:00:00+00,Wed 25 Aug 2021,9412,19506,313,3454458,3113735,236106,3690564,3349841,78.3741110198184,71.1383979339579,171
-7.6926,53.28823,2021/08/25 23:00:00+00,Thu 26 Aug 2021,8573,19420,367,3463031,3133155,236473,3699504,3369628,78.5639639941923,71.558601603302,172
-7.6926,53.28823,2021/08/26 23:00:00+00,Fri 27 Aug 2021,9717,19195,430,3472748,3152350,236903,3709651,3389253,78.7794492437417,71.9753649838487,173
-7.6926,53.28823,2021/08/27 23:00:00+00,Sat 28 Aug 2021,9915,7904,153,3482663,3160254,237056,3719719,3397310,78.9932568215936,72.1464662606418,174
-7.6926,53.28823,2021/08/28 23:00:00+00,Sun 29 Aug 2021,8795,9182,29,3491458,3169436,237085,3728543,3406521,79.1806463792978,72.3420742860286,175
-7.6926,53.28823,2021/08/29 23:00:00+00,Mon 30 Aug 2021,5055,11111,84,3496513,3180547,237169,3733682,3417716,79.2897799850369,72.579815231008,176
-7.6926,53.28823,2021/08/30 23:00:00+00,Tue 31 Aug 2021,4059,12877,142,3500572,3193424,237311,3737883,3430735,79.3789938939121,72.8562912794838,177
-7.6926,53.28823,2021/08/31 23:00:00+00,Wed 01 Sep 2021,4953,12517,180,3505525,3205941,237491,3743016,3443432,79.4880000815476,73.125929223066,178
-7.6926,53.28823,2021/09/01 23:00:00+00,Thu 02 Sep 2021,5005,12342,247,3510530,3218283,237738,3748268,3456021,79.5995333949046,73.3932736407833,179
-7.6926,53.28823,2021/09/02 23:00:00+00,Fri 03 Sep 2021,4771,16058,165,3515301,3234341,237903,3753204,3472244,79.7043560214716,73.737790956585,180
-7.6926,53.28823,2021/09/03 23:00:00+00,Sat 04 Sep 2021,4627,10572,133,3519928,3244913,238036,3757964,3482949,79.8054410503329,73.9651260897699,181
-7.6926,53.28823,2021/09/04 23:00:00+00,Sun 05 Sep 2021,5305,11896,1,3525233,3256809,238037,3763270,3494846,79.9181211266224,74.2177749528712,182
-7.6926,53.28823,2021/09/05 23:00:00+00,Mon 06 Sep 2021,2152,9664,75,3527385,3266473,238112,3765497,3504585,79.965414479411,74.4245957713754,183
-7.6926,53.28823,2021/09/06 23:00:00+00,Tue 07 Sep 2021,3026,10004,158,3530411,3276477,238270,3768681,3514747,80.033031019725,74.6403995661838,184
-7.6926,53.28823,2021/09/07 23:00:00+00,Wed 08 Sep 2021,2607,14805,187,3533018,3291282,238457,3771475,3529739,80.0923653833045,74.9587749343956,185
-7.6926,53.28823,2021/09/08 23:00:00+00,Thu 09 Sep 2021,3113,14805,138,3536131,3306087,238595,3774726,3544682,80.1614047591086,75.2761097214279,186
-7.6926,53.28823,2021/09/09 23:00:00+00,Fri 10 Sep 2021,3373,13943,115,3539504,3320030,238710,3778214,3558740,80.2354771500053,75.5746503381783,187
-7.6926,53.28823,2021/09/10 23:00:00+00,Sat 11 Sep 2021,2557,11326,62,3542061,3331356,238772,3780833,3570128,80.2910951522296,75.8164898988237,188
-7.6926,53.28823,2021/09/11 23:00:00+00,Sun 12 Sep 2021,2041,12879,1,3544102,3344235,238773,3782875,3583008,80.334459780157,76.0900140945659,189
-7.6926,53.28823,2021/09/12 23:00:00+00,Mon 13 Sep 2021,1609,7730,52,3545711,3351965,238825,3784536,3590790,80.3697333585055,76.2552753749437,190
-7.6926,53.28823,2021/09/13 23:00:00+00,Tue 14 Sep 2021,1544,10778,82,3547255,3362743,238907,3786162,3601650,80.4042636645829,76.4859021424717,191
-7.6926,53.28823,2021/09/14 23:00:00+00,Wed 15 Sep 2021,3276,12391,138,3550531,3375134,239045,3789576,3614179,80.4767645655351,76.751972379153,192
-7.6926,53.28823,2021/09/15 23:00:00+00,Thu 16 Sep 2021,1906,10588,115,3552437,3385722,239160,3791597,3624882,80.5196832300999,76.9792650396366,193
-7.6926,53.28823,2021/09/16 23:00:00+00,Fri 17 Sep 2021,2558,14610,94,3554995,3400332,239254,3794249,3639586,80.576002031894,77.2915243388752,194
-7.6926,53.28823,2021/09/17 23:00:00+00,Sat 18 Sep 2021,2286,11227,47,3557281,3411559,239301,3796582,3650860,80.6255464378464,77.5309429555521,195
-7.6926,53.28823,2021/09/18 23:00:00+00,Sun 19 Sep 2021,1860,8489,15,3559141,3420048,239316,3798457,3659364,80.6653645952235,77.7115368810639,196
-7.6926,53.28823,2021/09/19 23:00:00+00,Mon 20 Sep 2021,952,5608,35,3560093,3425656,239351,3799444,3665007,80.6863248732668,77.831373607506,197
-7.6926,53.28823,2021/09/20 23:00:00+00,Tue 21 Sep 2021,1464,6665,90,3561557,3432321,239441,3800998,3671762,80.7193261621009,77.9748251558164,198
-7.6926,53.28823,2021/09/21 23:00:00+00,Wed 22 Sep 2021,1892,8144,97,3563449,3440465,239538,3802987,3680003,80.7615652634465,78.1498339211201,199
-7.6926,53.28823,2021/09/22 23:00:00+00,Thu 23 Sep 2021,1698,8733,89,3565147,3449198,239627,3804774,3688825,80.7995146219707,78.3371810061231,200
-7.6926,53.28823,2021/09/23 23:00:00+00,Fri 24 Sep 2021,1909,7383,79,3567056,3456581,239706,3806762,3696287,80.8417324869657,78.4956466543085,201
-7.6926,53.28823,2021/09/24 23:00:00+00,Sat 25 Sep 2021,2414,6592,52,3569470,3463173,239758,3809228,3702931,80.894101327548,78.6367409677023,202
-7.6926,53.28823,2021/09/25 23:00:00+00,Sun 26 Sep 2021,1548,7097,0,3571018,3470270,239758,3810776,3710028,80.9269751982785,78.7874553479183,203
-7.6926,53.28823,2021/09/26 23:00:00+00,Mon 27 Sep 2021,1176,3814,45,3572194,3474084,239803,3811997,3713887,80.9529047823624,78.869406424888,204
-7.6926,53.28823,2021/09/27 23:00:00+00,Tue 28 Sep 2021,1449,5126,93,3573643,3479210,239896,3813539,3719106,80.9856512349893,78.9802389386752,205
-7.6926,53.28823,2021/09/28 23:00:00+00,Wed 29 Sep 2021,1651,3613,79,3575294,3482823,239975,3815269,3722798,81.0223901215293,79.0586435450944,206
-7.6926,53.28823,2021/09/29 23:00:00+00,Thu 30 Sep 2021,1281,3961,78,3576575,3486784,240053,3816628,3726837,81.0512503219962,79.1444171651723,207
-7.6926,53.28823,2021/09/30 23:00:00+00,Fri 01 Oct 2021,1843,5172,41,3578418,3491956,240094,3818512,3732050,81.0912596065287,79.2551222608559,208
-7.6926,53.28823,2021/10/01 23:00:00+00,Sat 02 Oct 2021,1710,4084,40,3580128,3496040,240134,3820262,3736174,81.1284232200806,79.3427009707348,209
-7.6926,53.28823,2021/10/02 23:00:00+00,Sun 03 Oct 2021,1196,3014,9,3581324,3499054,240143,3821467,3739197,81.1540130225549,79.406898458602,210
-7.6926,53.28823,2021/10/03 23:00:00+00,Mon 04 Oct 2021,335,1235,18,3581659,3500289,240161,3821820,3740450,81.1615094543171,79.4335076059051,211
-7.6926,53.28823,2021/10/04 23:00:00+00,Tue 05 Oct 2021,964,2820,70,3582623,3503109,240231,3822854,3743340,81.1834678408387,79.4948806591423,212
-7.6926,53.28823,2021/10/05 23:00:00+00,Wed 06 Oct 2021,976,2566,38,3583599,3505675,240269,3823868,3745944,81.2050015003482,79.5501801161076,213
-7.6926,53.28823,2021/10/06 23:00:00+00,Thu 07 Oct 2021,1212,2693,44,3584811,3508368,240313,3825124,3748681,81.2316743567032,79.6083040077028,214
-7.6926,53.28823,2021/10/07 23:00:00+00,Fri 08 Oct 2021,965,2776,48,3585776,3511144,240361,3826137,3751505,81.2531867798621,79.6682754618004,215
-7.6926,53.28823,2021/10/08 23:00:00+00,Sat 09 Oct 2021,732,2378,23,3586508,3513522,240384,3826892,3753906,81.2692202245659,79.7192639395936,216
-7.6926,53.28823,2021/10/09 23:00:00+00,Sun 10 Oct 2021,1501,3915,1,3588009,3517437,240385,3828394,3757822,81.3011172231688,79.8024254885476,217
-7.6926,53.28823,2021/10/10 23:00:00+00,Mon 11 Oct 2021,331,1121,19,3588340,3518558,240404,3828744,3758962,81.3085499458792,79.8266349282328,218
-7.6926,53.28823,2021/10/11 23:00:00+00,Tue 12 Oct 2021,558,1607,20,3588898,3520165,240424,3829322,3760589,81.3208245565266,79.8611864706608,219
-7.6926,53.28823,2021/10/12 23:00:00+00,Wed 13 Oct 2021,997,2071,11,3589895,3522236,240435,3830330,3762671,81.3422307979325,79.9054005526123,220
-7.6926,53.28823,2021/10/13 23:00:00+00,Thu 14 Oct 2021,683,1595,8,3590578,3523831,240443,3831021,3764274,81.3569051161979,79.9394424226259,221
-7.6926,53.28823,2021/10/14 23:00:00+00,Fri 15 Oct 2021,950,2064,8,3591528,3525895,240451,3831979,3766346,81.3772495400737,79.9834441410714,222
-7.6926,53.28823,2021/10/15 23:00:00+00,Sat 16 Oct 2021,1369,2635,14,3592897,3528530,240465,3833362,3768995,81.4066194129551,80.0396992338137,223
-7.6926,53.28823,2021/10/16 23:00:00+00,Sun 17 Oct 2021,1701,2887,2,3594598,3531417,240467,3835065,3771884,81.4427849180287,80.1010510507003,224
-7.6926,53.28823,2021/10/17 23:00:00+00,Mon 18 Oct 2021,670,1239,6,3595268,3532656,240473,3835741,3773129,81.4571406910351,80.1274903071987,225
-7.6926,53.28823,2021/10/18 23:00:00+00,Tue 19 Oct 2021,1333,1792,13,3596601,3534448,240486,3837087,3774934,81.4857248189442,80.1658219200337,226
-7.6926,53.28823,2021/10/19 23:00:00+00,Wed 20 Oct 2021,2251,2316,0,3598852,3536764,240486,3839338,3777250,81.5335278441473,80.2150053080258,227
-7.6926,53.28823,2021/10/20 23:00:00+00,Thu 21 Oct 2021,1738,1824,11,3600590,3538588,240497,3841087,3779085,81.5706702213486,80.2539740113789,228
-7.6926,53.28823,2021/10/21 23:00:00+00,Fri 22 Oct 2021,1499,1920,3,3602089,3540508,240500,3842589,3781008,81.6025672199515,80.2948115135848,229
-7.6926,53.28823,2021/10/22 23:00:00+00,Sat 23 Oct 2021,2009,1693,1,3604098,3542201,240501,3844599,3782702,81.6452522846597,80.3307858915031,230
-7.6926,53.28823,2021/10/23 23:00:00+00,Sun 24 Oct 2021,1948,2184,2,3606046,3544385,240503,3846549,3784888,81.6866631683318,80.3772085539171,231
-7.6926,53.28823,2021/10/24 23:00:00+00,Mon 25 Oct 2021,1219,841,2,3607265,3545226,240505,3847770,3785731,81.7125927524158,80.3951107974738,232
-7.6926,53.28823,2021/10/25 23:00:00+00,Tue 26 Oct 2021,1237,1218,6,3608502,3546444,240511,3849013,3786955,81.738989536213,80.4211040906096,233
-7.6926,53.28823,2021/10/26 23:00:00+00,Wed 27 Oct 2021,1555,1414,5,3610057,3547858,240516,3850573,3788374,81.7721182431507,80.4512384721125,234
-7.6926,53.28823,2021/10/27 23:00:00+00,Thu 28 Oct 2021,2151,1686,4,3612208,3549544,240520,3852728,3790064,81.8178825786961,80.4871279046284,235
-7.6926,53.28823,2021/10/28 23:00:00+00,Fri 29 Oct 2021,2132,1354,1,3614340,3550898,240521,3854861,3791419,81.8631797145282,80.5159031596929,236
-7.6926,53.28823,2021/10/29 23:00:00+00,Sat 30 Oct 2021,2014,1443,0,3616354,3552341,240521,3856875,3792862,81.9059497246389,80.5465472136103,237
-7.6926,53.28823,2021/10/30 23:00:00+00,Sun 31 Oct 2021,1594,1317,0,3617948,3553658,240521,3858469,3794179,81.939800467497,80.5745154873519,238
-7.6926,53.28823,2021/11/01 00:00:00+00,Mon 01 Nov 2021,265,271,2,3618213,3553929,240523,3858736,3794452,81.9454705731075,80.5803130110661,239
-7.6926,53.28823,2021/11/02 00:00:00+00,Tue 02 Nov 2021,1093,1081,9,3619306,3555010,240532,3859838,3795542,81.9688730314699,80.6034606332213,240
-7.6926,53.28823,2021/11/03 00:00:00+00,Wed 03 Nov 2021,2529,1859,6,3621835,3556869,240538,3862373,3797407,82.0227071802437,80.6430664270923,241
-7.6926,53.28823,2021/11/04 00:00:00+00,Thu 04 Nov 2021,1536,1265,1,3623371,3558134,240539,3863910,3798673,82.0553474511176,80.6699516469533,242
-7.6926,53.28823,2021/11/05 00:00:00+00,Fri 05 Nov 2021,1631,1078,3,3625002,3559212,240542,3865544,3799754,82.0900476479998,80.6929081419531,243
-7.6926,53.28823,2021/11/06 00:00:00+00,Sat 06 Nov 2021,1813,1344,5,3626815,3560556,240547,3867362,3801103,82.1286553333927,80.721555978914,244
-7.6926,53.28823,2021/11/07 00:00:00+00,Sun 07 Nov 2021,693,770,0,3627508,3561326,240547,3868055,3801873,82.1433721243592,80.7379079688769,245
-7.6926,53.28823,2021/11/08 00:00:00+00,Mon 08 Nov 2021,515,526,3,3628023,3561852,240550,3868573,3802402,82.1543725539706,80.7491419983448,246
-7.6926,53.28823,2021/11/09 00:00:00+00,Tue 09 Nov 2021,1368,1049,1,3629391,3562901,240551,3869942,3803452,82.1834451179435,80.771440166476,247
-7.6926,53.28823,2021/11/10 00:00:00+00,Wed 10 Nov 2021,1614,1347,1,3631005,3564248,240552,3871557,3804800,82.2177418241643,80.8000667670863,248
-7.6926,53.28823,2021/11/11 00:00:00+00,Thu 11 Nov 2021,1386,1097,2,3632391,3565345,240554,3872945,3805899,82.2472178787986,80.8234055163969,249
-7.6926,53.28823,2021/11/12 00:00:00+00,Fri 12 Nov 2021,1145,1136,6,3633536,3566481,240560,3874096,3807041,82.2716609183405,80.8476574287834,250
-7.6926,53.28823,2021/11/13 00:00:00+00,Sat 13 Nov 2021,1399,1363,0,3634935,3567844,240560,3875495,3808404,82.3013705728314,80.8766025746527,251
-7.6926,53.28823,2021/12/02 00:00:00+00,Thu 02 Dec 2021,1769,1396,0,3662024,3598733,240622,3902646,3839355,82.8779587280021,81.5338888621075,252
-7.6926,53.28823,2021/12/03 00:00:00+00,Fri 03 Dec 2021,1045,1167,2,3663069,3599900,240624,3903693,3840524,82.9001931870814,81.5587141559602,253
-7.6926,53.28823,2021/12/04 00:00:00+00,Sat 04 Dec 2021,1204,1695,1,3664273,3601595,240625,3904898,3842220,82.9257829895558,81.5947310065797,254
-7.6926,53.28823,2021/12/05 00:00:00+00,Sun 05 Dec 2021,1345,1772,2,3665618,3603367,240627,3906245,3843994,82.9543883538154,81.632404292546,255
-7.6926,53.28823,2021/12/06 00:00:00+00,Mon 06 Dec 2021,933,1283,0,3666551,3604650,240627,3907178,3845277,82.9742018689263,81.6596505303672,256
-7.6926,53.28823,2021/12/07 00:00:00+00,Tue 07 Dec 2021,483,736,2,3667034,3605386,240629,3907663,3846015,82.9845014989678,81.6753229571109,257
-7.6926,53.28823,2021/12/08 00:00:00+00,Wed 08 Dec 2021,803,1501,1,3667837,3606887,240630,3908467,3847517,83.0015755248511,81.7072199557137,258
-7.6926,53.28823,2021/12/09 00:00:00+00,Thu 09 Dec 2021,796,1196,0,3668633,3608083,240630,3909263,3848713,83.0184796599296,81.7326186310326,259
-7.6926,53.28823,2021/12/10 00:00:00+00,Fri 10 Dec 2021,892,1599,1,3669525,3609682,240631,3910156,3850313,83.0374437210164,81.7665967919944,260
-7.6926,53.28823,2021/12/11 00:00:00+00,Sat 11 Dec 2021,639,836,1,3670164,3610518,240632,3910796,3851150,83.0510349854011,81.7843716174475,261
-7.6926,53.28823,2021/12/12 00:00:00+00,Sun 12 Dec 2021,689,1190,0,3670853,3611708,240632,3911485,3852340,83.0656668309652,81.8096428746628,262
-7.6926,53.28823,2021/12/13 00:00:00+00,Mon 13 Dec 2021,726,1054,1,3671579,3612762,240633,3912212,3853395,83.0811056578522,81.832047224547,263
-7.6926,53.28823,2021/12/14 00:00:00+00,Tue 14 Dec 2021,628,1189,1,3672207,3613951,240634,3912841,3854585,83.0944633223803,81.8573184817623,264
-7.6926,53.28823,2021/12/15 00:00:00+00,Wed 15 Dec 2021,795,1234,1,3673002,3615185,240635,3913637,3855820,83.1113674574588,81.8835453747547,265
-7.6926,53.28823,2021/12/16 00:00:00+00,Thu 16 Dec 2021,1055,1525,7,3674057,3616710,240642,3914699,3857352,83.1339204617972,81.9160794638756,266
-7.6926,53.28823,2021/12/17 00:00:00+00,Fri 17 Dec 2021,1212,2436,1,3675269,3619146,240643,3915912,3859789,83.1596801550763,81.9678324502905,267
-7.6926,53.28823,2021/12/18 00:00:00+00,Sat 18 Dec 2021,1258,1180,0,3676527,3620326,240643,3917170,3860969,83.1863954841325,81.9928913439998,268
-7.6926,53.28823,2021/12/19 00:00:00+00,Sun 19 Dec 2021,553,882,1,3677080,3621208,240644,3917724,3861852,83.1981604223655,82.0116430415806,269
-7.6926,53.28823,2021/12/20 00:00:00+00,Mon 20 Dec 2021,525,601,0,3677605,3621809,240644,3918249,3862453,83.2093095064311,82.0244060882918,270
-7.6926,53.28823,2021/12/21 00:00:00+00,Tue 21 Dec 2021,1442,1798,3,3679047,3623607,240647,3919694,3864254,83.2399960330497,82.0626527557244,271
-7.6926,53.28823,2021/12/22 00:00:00+00,Wed 22 Dec 2021,1204,1572,2,3680251,3625179,240649,3920900,3865828,83.2656070718746,82.0960787715706,272
-7.6926,53.28823,2021/12/23 00:00:00+00,Thu 23 Dec 2021,951,1356,0,3681202,3626535,240649,3921851,3867184,83.2858028412963,82.1248752629857,273
-7.6926,53.28823,2021/12/24 00:00:00+00,Fri 24 Dec 2021,104,147,0,3681306,3626682,240649,3921955,3867331,83.2880114217588,82.127997006524,274
-7.6926,53.28823,2021/12/25 00:00:00+00,Sat 25 Dec 2021,2,2,0,3681308,3626684,240649,3921957,3867333,83.28805389446,82.1280394792252,275
-7.6926,53.28823,2021/12/26 00:00:00+00,Sun 26 Dec 2021,11,9,0,3681319,3626693,240649,3921968,3867342,83.2882874943166,82.1282306063806,276
-7.6926,53.28823,2021/12/27 00:00:00+00,Mon 27 Dec 2021,390,585,0,3681709,3627278,240649,3922358,3867927,83.2965696710511,82.1406538714823,277
-7.6926,53.28823,2021/12/28 00:00:00+00,Tue 28 Dec 2021,469,741,0,3682178,3628019,240649,3922827,3868668,83.306529519483,82.1563900072777,278
-7.6926,53.28823,2021/12/29 00:00:00+00,Wed 29 Dec 2021,1075,1296,0,3683253,3629315,240649,3923902,3869964,83.3293585963792,82.1839123176567,279
-7.6926,53.28823,2021/12/30 00:00:00+00,Thu 30 Dec 2021,1067,1184,1,3684320,3630499,240650,3924970,3871149,83.3520390188211,82.209077393119,280
-7.6926,53.28823,2021/12/31 00:00:00+00,Fri 31 Dec 2021,718,1671,0,3685038,3632170,240650,3925688,3872820,83.3672867185527,82.2445633349735,281
-7.6926,53.28823,2022/01/01 00:00:00+00,Sat 01 Jan 2022,65,96,0,3685103,3632266,240650,3925753,3872916,83.3686670813418,82.2466020246312,282
-7.6926,53.28823,2022/01/02 00:00:00+00,Sun 02 Jan 2022,272,624,0,3685375,3632890,240650,3926025,3873540,83.3744433687053,82.2598535074063,283
-7.6926,53.28823,2022/01/03 00:00:00+00,Mon 03 Jan 2022,3631,719,1,3689006,3633609,240651,3929657,3874260,83.4515737940885,82.2751436798391,284
-7.6926,53.28823,2022/01/04 00:00:00+00,Tue 04 Jan 2022,1191,773,0,3690197,3634382,240651,3930848,3875033,83.4768662876544,82.2915593788537,285
-7.6926,53.28823,2022/01/05 00:00:00+00,Wed 05 Jan 2022,2145,886,0,3692342,3635268,240651,3932993,3875919,83.5224182596938,82.3103747854863,286
-7.6926,53.28823,2022/01/06 00:00:00+00,Thu 06 Jan 2022,2462,1680,1,3694804,3636948,240652,3935456,3877600,83.5747233912243,82.3460730908468,287
-7.6926,53.28823,2022/01/07 00:00:00+00,Fri 07 Jan 2022,4855,771,0,3699659,3637719,240652,3940311,3878371,83.6778258733927,82.3624463171602,288
-7.6926,53.28823,2021/01/16 00:00:00+00,Sat 16 Jan 2021,5232,3,0,101074,100,2,101076,102,2.14648537335734,0.00216610776131276,289
-7.6926,53.28823,2022/01/08 00:00:00+00,Sat 08 Jan 2022,9791,733,1,3709450,3638452,240653,3950103,3879105,83.8857722184787,82.3780337985014,290
-7.6926,53.28823,2022/01/09 00:00:00+00,Sun 09 Jan 2022,7115,663,0,3716565,3639115,240653,3957218,3879768,84.0368688530056,82.39211349895,291
-7.6926,53.28823,2022/01/10 00:00:00+00,Mon 10 Jan 2022,6657,498,0,3723222,3639613,240653,3963875,3880266,84.1782392389571,82.4026892015493,292
-7.6926,53.28823,2022/01/11 00:00:00+00,Tue 11 Jan 2022,4776,1349,1,3727998,3640962,240654,3968652,3881616,84.2796852857786,82.4313582748608,293
-7.6926,53.28823,2022/01/12 00:00:00+00,Wed 12 Jan 2022,7565,898,1,3735563,3641860,240655,3976218,3882515,84.4403595144266,82.4504497540512,294
-7.6926,53.28823,2022/01/13 00:00:00+00,Thu 13 Jan 2022,7327,799,0,3742890,3642659,240655,3983545,3883314,84.5959582552809,82.4674175981815,295
-7.6926,53.28823,2022/01/14 00:00:00+00,Fri 14 Jan 2022,10731,823,0,3753621,3643482,240655,3994276,3884137,84.8238455335813,82.4848951147262,296
-7.6926,53.28823,2022/01/15 00:00:00+00,Sat 15 Jan 2022,8356,645,0,3761977,3644127,240655,4002632,3884782,85.0012964792042,82.4985925608639,297
-7.6926,53.28823,2022/01/16 00:00:00+00,Sun 16 Jan 2022,6966,1214,1,3768943,3645341,240656,4009599,3885997,85.1492501338421,82.5243947268442,298
-7.6926,53.28823,2022/01/17 00:00:00+00,Mon 17 Jan 2022,2566,550,0,3771509,3645891,240656,4012165,3886547,85.2037426094845,82.5360747196749,299
-7.6926,53.28823,2022/01/18 00:00:00+00,Tue 18 Jan 2022,4058,435,3,3775567,3646326,240659,4016226,3886985,85.2899834292756,82.5453762412381,300
-7.6926,53.28823,2022/01/19 00:00:00+00,Wed 19 Jan 2022,3489,615,0,3779056,3646941,240659,4019715,3887600,85.3640770565229,82.5584365968578,301
-7.6926,53.28823,2022/01/20 00:00:00+00,Thu 20 Jan 2022,3697,930,0,3782753,3647871,240659,4023412,3888530,85.4425878446952,82.5781864029169,302
-7.6926,53.28823,2022/01/21 00:00:00+00,Fri 21 Jan 2022,3252,968,0,3786005,3648839,240659,4026664,3889498,85.51164845685,82.5987431902987,303
-7.6926,53.28823,2022/01/22 00:00:00+00,Sat 22 Jan 2022,4270,640,0,3790275,3649479,240659,4030934,3890138,85.6023276739167,82.6123344546834,304
-7.6926,53.28823,2022/01/23 00:00:00+00,Sun 23 Jan 2022,3091,677,0,3793366,3650156,240659,4034025,3890815,85.6679692336247,82.6267114640404,305
-7.6926,53.28823,2022/01/24 00:00:00+00,Mon 24 Jan 2022,648,458,0,3794014,3650614,240659,4034673,3891273,85.6817303888142,82.6364377126157,306
-7.6926,53.28823,2022/01/25 00:00:00+00,Tue 25 Jan 2022,698,1830,0,3794712,3652444,240659,4035371,3893103,85.6965533615338,82.6753002342157,307
-7.6926,53.28823,2022/01/26 00:00:00+00,Wed 26 Jan 2022,700,887,0,3795412,3653331,240659,4036071,3893990,85.7114188069546,82.6941368771989,308
-7.6926,53.28823,2022/01/27 00:00:00+00,Thu 27 Jan 2022,1274,1164,0,3796686,3654495,240659,4037345,3895154,85.7384739176204,82.7188559892986,309
-7.6926,53.28823,2022/01/28 00:00:00+00,Fri 28 Jan 2022,1031,3091,0,3797717,3657586,240659,4038376,3898245,85.7603685950901,82.7844975490066,310
-7.6926,53.28823,2022/01/29 00:00:00+00,Sat 29 Jan 2022,2328,3442,0,3800045,3661028,240659,4040704,3901687,85.8098068192895,82.8575930677756,311
-7.6926,53.28823,2022/01/30 00:00:00+00,Sun 30 Jan 2022,1634,7537,0,3801679,3668565,240659,4042338,3909224,85.8445070161717,83.0176514422561,312
-7.6926,53.28823,2022/01/31 00:00:00+00,Mon 31 Jan 2022,480,1387,0,3802159,3669952,240659,4042818,3910611,85.8547004644602,83.0471062605399,313
-7.6926,53.28823,2022/02/01 00:00:00+00,Tue 01 Feb 2022,754,3411,1,3802913,3673363,240660,4043573,3914023,85.8707339091641,83.1195646887908,314
-7.6926,53.28823,2022/02/02 00:00:00+00,Wed 02 Feb 2022,648,2994,0,3803561,3676357,240660,4044221,3917017,85.8844950643536,83.1831463224906,315
-7.6926,53.28823,2022/02/03 00:00:00+00,Thu 03 Feb 2022,909,2427,1,3804470,3678784,240661,4045131,3919445,85.9038201434006,83.23470818175,316
-7.6926,53.28823,2022/02/04 00:00:00+00,Fri 04 Feb 2022,1173,6519,0,3805643,3685303,240661,4046304,3925964,85.9287303826557,83.3731479513186,317
-7.6926,53.28823,2022/02/05 00:00:00+00,Sat 05 Feb 2022,1777,5748,0,3807420,3691051,240661,4048081,3931712,85.9664673776738,83.4952144945738,318
-7.6926,53.28823,2022/02/06 00:00:00+00,Sun 06 Feb 2022,1408,7555,0,3808828,3698606,240661,4049489,3939267,85.9963681593202,83.6556551233652,319
-7.6926,53.28823,2022/02/07 00:00:00+00,Mon 07 Feb 2022,440,1349,0,3809268,3699955,240661,4049929,3940616,86.0057121535847,83.684302960326,320
-7.6926,53.28823,2022/02/08 00:00:00+00,Tue 08 Feb 2022,901,1235,0,3810169,3701190,240661,4050830,3941851,86.0248461054763,83.7105298533184,321
-7.6926,53.28823,2022/02/09 00:00:00+00,Wed 09 Feb 2022,1332,1782,0,3811501,3702972,240661,4052162,3943633,86.053132924477,83.7483730300896,322
-7.6926,53.28823,2022/02/10 00:00:00+00,Thu 10 Feb 2022,685,2545,0,3812186,3705517,240661,4052847,3946178,86.0676798246387,83.8024195423694,323
-7.6926,53.28823,2022/02/11 00:00:00+00,Fri 11 Feb 2022,550,4916,0,3812736,3710433,240661,4053397,3951094,86.0793598174693,83.9068174419244,324
-7.6926,53.28823,2022/02/12 00:00:00+00,Sat 12 Feb 2022,1398,5459,0,3814134,3715892,240661,4054795,3956553,86.1090482356097,84.0227466798559,325
-7.6926,53.28823,2022/02/13 00:00:00+00,Sun 13 Feb 2022,1568,4705,0,3815702,3720597,240661,4056363,3961258,86.1423468333522,84.1226637094341,326
-7.6926,53.28823,2022/02/14 00:00:00+00,Mon 14 Feb 2022,173,952,0,3815875,3721549,240661,4056536,3962210,86.1460207220062,84.1428807152063,327
-7.6926,53.28823,2022/02/15 00:00:00+00,Tue 15 Feb 2022,649,815,1,3816524,3722364,240662,4057186,3963026,86.1598243498969,84.1602095772968,328
-7.6926,53.28823,2022/02/16 00:00:00+00,Wed 16 Feb 2022,801,1785,0,3817325,3724149,240662,4057987,3964811,86.1768346667284,84.1981164631198,329
-7.6926,53.28823,2022/02/17 00:00:00+00,Thu 17 Feb 2022,793,1188,2,3818118,3725337,240664,4058782,3966001,86.1937175654563,84.2233877203351,330
-7.6926,53.28823,2022/02/18 00:00:00+00,Fri 18 Feb 2022,795,3290,0,3818913,3728627,240664,4059577,3969291,86.2106004641842,84.2932553138127,331
-7.6926,53.28823,2022/02/19 00:00:00+00,Sat 19 Feb 2022,979,3553,0,3819892,3732180,240664,4060556,3972844,86.2313908514226,84.3687080674985,332
-7.6926,53.28823,2022/02/20 00:00:00+00,Sun 20 Feb 2022,1366,3587,0,3821258,3735767,240664,4061922,3976431,86.2603997063437,84.4448828571046,333
-7.6926,53.28823,2022/02/21 00:00:00+00,Mon 21 Feb 2022,251,990,2,3821509,3736757,240666,4062175,3977423,86.2657725030458,84.4659493169009,334
-7.6926,53.28823,2022/02/22 00:00:00+00,Tue 22 Feb 2022,474,976,0,3821983,3737733,240666,4062649,3978399,86.2758385332308,84.4866759950876,335
-7.6926,53.28823,2022/02/23 00:00:00+00,Wed 23 Feb 2022,828,1270,1,3822811,3739003,240667,4063478,3979670,86.2934434678791,84.5136673967016,336
-7.6926,53.28823,2022/02/24 00:00:00+00,Thu 24 Feb 2022,657,1232,0,3823468,3740235,240667,4064135,3980902,86.307395750224,84.5398305806422,337
-7.6926,53.28823,2022/02/25 00:00:00+00,Fri 25 Feb 2022,691,1222,0,3824159,3741457,240667,4064826,3982124,86.3220700684894,84.5657814010767,338
-7.6926,53.28823,2022/02/26 00:00:00+00,Sat 26 Feb 2022,960,2088,0,3825119,3743545,240667,4065786,3984212,86.3424569650664,84.6101229011318,339
-7.6926,53.28823,2022/02/27 00:00:00+00,Sun 27 Feb 2022,672,1782,0,3825791,3745327,240667,4066458,3985994,86.3567277926704,84.647966077903,340
-7.6926,53.28823,2022/02/28 00:00:00+00,Mon 28 Feb 2022,83,427,0,3825874,3745754,240667,4066541,3986421,86.3584904097703,84.6570339996097,341
-7.6926,53.28823,2022/03/01 00:00:00+00,Tue 01 Mar 2022,129,939,1,3826003,3746693,240668,4066671,3987361,86.3612511353484,84.6769961691747,342
-7.6926,53.28823,2021/01/17 00:00:00+00,Sun 17 Jan 2021,1111,4,0,102185,104,2,102187,106,2.17007895887517,0.00225105316371719,343
-7.6926,53.28823,2022/03/02 00:00:00+00,Wed 02 Mar 2022,206,993,2,3826209,3747686,240670,4066879,3988356,86.3656682962734,84.6981263380228,344
-7.6926,53.28823,2021/01/18 00:00:00+00,Mon 18 Jan 2021,8712,8,1,110897,112,3,110900,115,2.3551112816626,0.00244218031912714,345
-7.6926,53.28823,2022/03/03 00:00:00+00,Thu 03 Mar 2022,278,1272,0,3826487,3748958,240670,4067157,3989628,86.3715720017405,84.7251389759874,346
-7.6926,53.28823,2021/01/19 00:00:00+00,Tue 19 Jan 2021,8377,19,0,119274,131,3,119277,134,2.53300819064806,0.00284567098054814,347
-7.6926,53.28823,2022/03/04 00:00:00+00,Fri 04 Mar 2022,733,1506,2,3827220,3750464,240672,4067892,3991136,86.3871807194323,84.7571633926939,348
-7.6926,53.28823,2021/01/20 00:00:00+00,Wed 20 Jan 2021,8445,962,0,127719,1093,3,127722,1096,2.7123491714744,0.0232750402588116,349
-7.6926,53.28823,2022/03/05 00:00:00+00,Sat 05 Mar 2022,963,3341,0,3828183,3753805,240672,4068855,3994477,86.4076313250612,84.8281140400522,350
-7.6926,53.28823,2021/01/21 00:00:00+00,Thu 21 Jan 2021,9004,962,0,136723,2055,3,136726,2058,2.90356127228675,0.0437044095370752,351
-7.6926,53.28823,2022/03/06 00:00:00+00,Sun 06 Mar 2022,455,1915,0,3828638,3755720,240672,4069310,3996392,86.4172938645847,84.8687816514533,352
-7.6926,53.28823,2021/01/22 00:00:00+00,Fri 22 Jan 2021,6778,967,0,143501,3022,3,143504,3025,3.04750125666105,0.0642399605683442,353
-7.6926,53.28823,2022/03/07 00:00:00+00,Mon 07 Mar 2022,112,122,0,3828750,3755842,240672,4069422,3996514,86.419672335852,84.8713724862266,354
-7.6926,53.28823,2021/01/23 00:00:00+00,Sat 23 Jan 2021,4185,460,0,147686,3482,3,147689,3485,3.13637538392667,0.0740086818448527,355
-7.6926,53.28823,2022/03/08 00:00:00+00,Tue 08 Mar 2022,119,492,0,3828869,3756334,240672,4069541,3997006,86.4221994615736,84.8818207707224,356
-7.6926,53.28823,2021/01/24 00:00:00+00,Sun 24 Jan 2021,1181,398,0,148867,3880,3,148870,3883,3.16145551398658,0.0824607493840927,357
-7.6926,53.28823,2022/03/09 00:00:00+00,Wed 09 Mar 2022,125,343,0,3828994,3756677,240672,4069666,3997349,86.4248540053987,84.8891048389786,358
-7.6926,53.28823,2021/01/25 00:00:00+00,Mon 25 Jan 2021,1356,1287,0,150223,5167,3,150226,5170,3.19025200540168,0.109791932607716,359
-7.6926,53.28823,2022/03/10 00:00:00+00,Thu 10 Mar 2022,256,507,0,3829250,3757184,240672,4069922,3997856,86.4302905111526,84.8998716687333,360
-7.6926,53.28823,2021/01/26 00:00:00+00,Tue 26 Jan 2021,1001,3499,0,151224,8666,3,151227,8669,3.21150959235338,0.184097923360984,361
-7.6926,53.28823,2022/03/11 00:00:00+00,Fri 11 Mar 2022,494,2181,0,3829744,3759365,240672,4070416,4000037,86.4407812683495,84.9461881493943,362
-7.6926,53.28823,2021/01/27 00:00:00+00,Wed 27 Jan 2021,2170,6700,0,153394,15366,3,153397,15369,3.25759247315778,0.326381472388391,363
-7.6926,53.28823,2022/03/12 00:00:00+00,Sat 12 Mar 2022,473,2387,2,3830217,3761752,240674,4070891,4002426,86.4508685348851,84.9969217909804,364
-7.6926,53.28823,2021/01/28 00:00:00+00,Thu 28 Jan 2021,1003,11538,0,154397,26904,3,154400,26907,3.27889253281069,0.571406485623946,365
-7.6926,53.28823,2022/03/13 00:00:00+00,Sun 13 Mar 2022,359,1082,0,3830576,3762834,240674,4071250,4003508,86.4584923847509,85.0198995223308,366
-7.6926,53.28823,2021/01/29 00:00:00+00,Fri 29 Jan 2021,1575,11526,0,155972,38430,3,155975,38433,3.31233978500743,0.816176662652288,367
-7.6926,53.28823,2022/03/14 00:00:00+00,Mon 14 Mar 2022,109,120,0,3830685,3762954,240674,4071359,4003628,86.4608071469664,85.0224478844029,368
-7.6926,53.28823,2021/01/30 00:00:00+00,Sat 30 Jan 2021,631,7793,0,156603,46223,3,156606,46226,3.32573992223673,0.981671542886704,369
-7.6926,53.28823,2022/03/15 00:00:00+00,Tue 15 Mar 2022,220,757,0,3830905,3763711,240674,4071579,4004385,86.4654791440986,85.0385238018079,370
-7.6926,53.28823,2021/01/31 00:00:00+00,Sun 31 Jan 2021,225,4086,0,156828,50309,3,156831,50312,3.33051810112198,1.06844327144282,371
-7.6926,53.28823,2022/03/16 00:00:00+00,Wed 16 Mar 2022,195,797,0,3831100,3764508,240674,4071774,4005182,86.4696202324658,85.055449173237,372
-7.6926,53.28823,2021/02/01 00:00:00+00,Mon 01 Feb 2021,1023,8334,0,157851,58643,3,157854,58646,3.35224288778691,1.24542701735243,373
-7.6926,53.28823,2022/03/18 00:00:00+00,Fri 18 Mar 2022,1,6,0,3831101,3764514,240674,4071775,4005188,86.4696414688164,85.0555765913406,374
-7.6926,53.28823,2021/02/02 00:00:00+00,Tue 02 Feb 2021,826,5108,0,158677,63751,3,158680,63754,3.36978411338342,1.35390229622288,375
-7.6926,53.28823,2022/03/19 00:00:00+00,Sat 19 Mar 2022,743,2779,0,3831844,3767293,240674,4072518,4007967,86.4854200773131,85.1145924096611,376
-7.6926,53.28823,2021/02/03 00:00:00+00,Wed 03 Feb 2021,1396,6865,0,160073,70616,3,160076,70619,3.39943005882257,1.49968984309947,377
-7.6926,53.28823,2022/03/20 00:00:00+00,Sun 20 Mar 2022,394,1401,0,3832238,3768694,240674,4072912,4009368,86.4937871994499,85.1443445368532,378
-7.6926,53.28823,2021/02/04 00:00:00+00,Thu 04 Feb 2021,1427,10541,1,161500,81157,4,161504,81161,3.42975556748095,1.72356345113633,379
-7.6926,53.28823,2022/03/21 00:00:00+00,Mon 21 Mar 2022,54,112,0,3832292,3768806,240674,4072966,4009480,86.4949339623824,85.1467230081206,380
-7.6926,53.28823,2021/02/05 00:00:00+00,Fri 05 Feb 2021,3389,8613,0,164889,89770,4,164893,89774,3.50172555966809,1.90647213886365,381
-7.6926,53.28823,2022/03/22 00:00:00+00,Tue 22 Mar 2022,137,573,0,3832429,3769379,240674,4073103,4010053,86.4978433424147,85.158891437015,382
-7.6926,53.28823,2021/02/06 00:00:00+00,Sat 06 Feb 2021,896,3867,0,165785,93637,4,165789,93641,3.52075332980668,1.98859310663812,383
-7.6926,53.28823,2022/03/23 00:00:00+00,Wed 23 Mar 2022,100,219,0,3832529,3769598,240674,4073203,4010272,86.4999669774748,85.1635421977966,384
-7.6926,53.28823,2022/03/24 00:00:00+00,Thu 24 Mar 2022,147,239,0,3832676,3769837,240674,4073350,4010511,86.5030887210132,85.1686176855903,385
-7.6926,53.28823,2022/03/25 00:00:00+00,Fri 25 Mar 2022,435,1623,0,3833111,3771460,240674,4073785,4012134,86.5123265335247,85.2030842826159,386
-7.6926,53.28823,2022/03/26 00:00:00+00,Sat 26 Mar 2022,874,1847,0,3833985,3773307,240674,4074659,4013981,86.53088710395,85.2423078221761,387
-7.6926,53.28823,2022/03/27 00:00:00+00,Sun 27 Mar 2022,380,802,0,3834365,3774109,240674,4075039,4014783,86.5389569171784,85.2593393753582,388
-7.6926,53.28823,2022/03/27 23:00:00+00,Mon 28 Mar 2022,42,51,0,3834407,3774160,240674,4075081,4014834,86.5398488439037,85.2604224292389,389
-7.6926,53.28823,2022/03/28 23:00:00+00,Tue 29 Mar 2022,138,192,3,3834545,3774352,240677,4075222,4015029,86.5428431693384,85.2645635176061,390
-7.6926,53.28823,2022/03/29 23:00:00+00,Wed 30 Mar 2022,109,133,0,3834654,3774485,240677,4075331,4015162,86.545157931554,85.267387952236,391
-7.6926,53.28823,2022/03/30 23:00:00+00,Thu 31 Mar 2022,227,355,0,3834881,3774840,240677,4075558,4015517,86.5499785831404,85.2749268566994,392
-7.6926,53.28823,2022/03/31 23:00:00+00,Fri 01 Apr 2022,309,902,0,3835190,3775742,240677,4075867,4016419,86.5565406154762,85.2940820449416,393
-7.6926,53.28823,2022/04/01 23:00:00+00,Sat 02 Apr 2022,726,1538,0,3835916,3777280,240677,4076593,4017957,86.5719582060126,85.3267435521661,394
-7.6926,53.28823,2022/04/02 23:00:00+00,Sun 03 Apr 2022,536,816,0,3836452,3778096,240677,4077129,4018773,86.5833408899348,85.3440724142566,395
-7.6926,53.28823,2022/04/03 23:00:00+00,Mon 04 Apr 2022,48,51,0,3836500,3778147,240677,4077177,4018824,86.5843602347636,85.3451554681373,396
-7.6926,53.28823,2022/04/04 23:00:00+00,Tue 05 Apr 2022,130,165,0,3836630,3778312,240677,4077307,4018989,86.5871209603418,85.3486594659865,397
-7.6926,53.28823,2022/04/05 23:00:00+00,Wed 06 Apr 2022,159,209,0,3836789,3778521,240677,4077466,4019198,86.5904975400873,85.3530978632621,398
-7.6926,53.28823,2022/04/06 23:00:00+00,Thu 07 Apr 2022,120,175,0,3836909,3778696,240677,4077586,4019373,86.5930459021595,85.3568142246173,399
-7.6926,53.28823,2022/04/07 23:00:00+00,Fri 08 Apr 2022,266,417,0,3837175,3779113,240677,4077852,4019790,86.5986947714194,85.365669782818,400
-7.6926,53.28823,2022/04/08 23:00:00+00,Sat 09 Apr 2022,561,1017,0,3837736,3780130,240677,4078413,4020807,86.6106083641066,85.3872671513793,401
-7.6926,53.28823,2022/04/09 23:00:00+00,Sun 10 Apr 2022,412,719,0,3838148,3780849,240677,4078825,4021526,86.6193577405542,85.4025360874615,402
-7.6926,53.28823,2022/04/10 23:00:00+00,Mon 11 Apr 2022,72,93,0,3838220,3780942,240677,4078897,4021619,86.6208867577975,85.4045110680674,403
-7.6926,53.28823,2022/04/11 23:00:00+00,Tue 12 Apr 2022,194,176,0,3838414,3781118,240677,4079091,4021795,86.6250066098141,85.4082486657732,404
-7.6926,53.28823,2022/04/12 23:00:00+00,Wed 13 Apr 2022,145,233,0,3838559,3781351,240677,4079236,4022028,86.6280858806513,85.4131967354632,405
-7.6926,53.28823,2022/04/13 23:00:00+00,Thu 14 Apr 2022,359,426,0,3838918,3781777,240677,4079595,4022454,86.6357097305171,85.4222434208193,406
-7.6926,53.28823,2022/04/14 23:00:00+00,Fri 15 Apr 2022,448,989,0,3839366,3782766,240677,4080043,4023443,86.6452236155864,85.4432461715638,407
-7.6926,53.28823,2022/04/15 23:00:00+00,Sat 16 Apr 2022,42,88,0,3839408,3782854,240677,4080085,4023531,86.6461155423116,85.4451149704167,408
-7.6926,53.28823,2022/04/16 23:00:00+00,Sun 17 Apr 2022,1,0,0,3839409,3782854,240677,4080086,4023531,86.6461367786622,85.4451149704167,409
-7.6926,53.28823,2022/04/17 23:00:00+00,Mon 18 Apr 2022,36,61,0,3839445,3782915,240677,4080122,4023592,86.6469012872839,85.4464103878034,410
-7.6926,53.28823,2022/04/18 23:00:00+00,Tue 19 Apr 2022,218,268,1,3839663,3783183,240678,4080341,4023861,86.6515520480655,85.4521229661151,411
-7.6926,53.28823,2022/04/19 23:00:00+00,Wed 20 Apr 2022,249,606,0,3839912,3783789,240678,4080590,4024467,86.6568398993652,85.4649921945793,412
-7.6926,53.28823,2022/04/20 23:00:00+00,Thu 21 Apr 2022,169,238,0,3840081,3784027,240678,4080759,4024705,86.6604288426168,85.4700464460224,413
-7.6926,53.28823,2022/04/21 23:00:00+00,Fri 22 Apr 2022,198,251,0,3840279,3784278,240678,4080957,4024956,86.6646336400358,85.4753767700233,414
-7.6926,53.28823,2022/04/22 23:00:00+00,Sat 23 Apr 2022,322,1010,0,3840601,3785288,240678,4081279,4025966,86.6714717449293,85.4968254841304,415
-7.6926,53.28823,2022/04/23 23:00:00+00,Sun 24 Apr 2022,182,253,0,3840783,3785541,240678,4081461,4026219,86.6753367607387,85.5021982808325,416
-7.6926,53.28823,2022/04/24 23:00:00+00,Mon 25 Apr 2022,41,57,0,3840824,3785598,240678,4081502,4026276,86.6762074511134,85.5034087528167,417
-7.6926,53.28823,2022/04/25 23:00:00+00,Tue 26 Apr 2022,144,237,0,3840968,3785835,240678,4081646,4026513,86.6792654856,85.5084417679092,418
-7.6926,53.28823,2022/04/26 23:00:00+00,Wed 27 Apr 2022,121,208,0,3841089,3786043,240678,4081767,4026721,86.6818350840227,85.5128589288342,419
-7.6926,53.28823,2022/04/27 23:00:00+00,Thu 28 Apr 2022,106,128,0,3841195,3786171,240678,4081873,4026849,86.6840861371864,85.5155771817112,420
-7.6926,53.28823,2022/04/28 23:00:00+00,Fri 29 Apr 2022,171,221,0,3841366,3786392,240678,4082044,4027070,86.6877175531392,85.520270415194,421
-7.6926,53.28823,2022/04/29 23:00:00+00,Sat 30 Apr 2022,281,722,0,3841647,3787114,240678,4082325,4027792,86.6936849676581,85.535603060328,422
-7.6926,53.28823,2022/04/30 23:00:00+00,Sun 01 May 2022,186,746,0,3841833,3787860,240678,4082511,4028538,86.6976349288699,85.5514453778764,423
-7.6926,53.28823,2022/05/01 23:00:00+00,Mon 02 May 2022,11,26,0,3841844,3787886,240678,4082522,4028564,86.6978685287265,85.5519975229921,424
-7.6926,53.28823,2022/05/02 23:00:00+00,Tue 03 May 2022,94,117,0,3841938,3788003,240678,4082616,4028681,86.699864745683,85.5544821760124,425
-7.6926,53.28823,2022/05/03 23:00:00+00,Wed 04 May 2022,120,128,0,3842058,3788131,240678,4082736,4028809,86.7024131077551,85.5572004288893,426
-7.6926,53.28823,2022/05/04 23:00:00+00,Thu 05 May 2022,119,163,0,3842177,3788294,240678,4082855,4028972,86.7049402334767,85.5606619540373,427
-7.6926,53.28823,2022/05/05 23:00:00+00,Fri 06 May 2022,143,258,0,3842320,3788552,240678,4082998,4029230,86.7079770316126,85.5661409324924,428
-7.6926,53.28823,2022/05/06 23:00:00+00,Sat 07 May 2022,441,1084,0,3842761,3789636,240678,4083439,4030314,86.7173422622277,85.589161136544,429
-7.6926,53.28823,2022/05/07 23:00:00+00,Sun 08 May 2022,274,437,0,3843035,3790073,240678,4083713,4030751,86.7231610222924,85.5984414217567,430
-7.6926,53.28823,2022/05/08 23:00:00+00,Mon 09 May 2022,26,31,0,3843061,3790104,240678,4083739,4030782,86.7237131674081,85.5990997486253,431
-7.6926,53.28823,2022/05/09 23:00:00+00,Tue 10 May 2022,88,98,1,3843149,3790202,240679,4083828,4030881,86.7256032026116,85.6012021473348,432
-7.6926,53.28823,2022/05/10 23:00:00+00,Wed 11 May 2022,127,131,0,3843276,3790333,240679,4083955,4031012,86.7283002191379,85.6039841092636,433
-7.6926,53.28823,2022/05/11 23:00:00+00,Thu 12 May 2022,248,397,0,3843524,3790730,240679,4084203,4031409,86.733566834087,85.6124149404522,434
-7.6926,53.28823,2022/05/12 23:00:00+00,Fri 13 May 2022,182,325,0,3843706,3791055,240679,4084385,4031734,86.7374318498964,85.6193167543976,435
-7.6926,53.28823,2022/05/13 23:00:00+00,Sat 14 May 2022,333,632,0,3844039,3791687,240679,4084718,4032366,86.7445035546465,85.6327381279775,436
-7.6926,53.28823,2022/05/14 23:00:00+00,Sun 15 May 2022,169,254,0,3844208,3791941,240679,4084887,4032620,86.7480924978981,85.6381321610301,437
-7.6926,53.28823,2022/05/15 23:00:00+00,Mon 16 May 2022,32,39,0,3844240,3791980,240679,4084919,4032659,86.7487720611174,85.6389603787036,438
-7.6926,53.28823,2022/05/16 23:00:00+00,Tue 17 May 2022,103,92,0,3844343,3792072,240679,4085022,4032751,86.7509594052293,85.6409141229589,439
-7.6926,53.28823,2022/05/17 23:00:00+00,Wed 18 May 2022,104,120,0,3844447,3792192,240679,4085126,4032871,86.7531679856918,85.643462485031,440
-7.6926,53.28823,2022/05/18 23:00:00+00,Thu 19 May 2022,98,103,0,3844545,3792295,240679,4085224,4032974,86.7552491480507,85.6456498291429,441
-7.6926,53.28823,2022/05/19 23:00:00+00,Fri 20 May 2022,130,205,0,3844675,3792500,240679,4085354,4033179,86.7580098736289,85.6500032810162,442
-7.6926,53.28823,2022/05/20 23:00:00+00,Sat 21 May 2022,393,761,0,3845068,3793261,240679,4085747,4033940,86.7663557594151,85.6661641438236,443
-7.6926,53.28823,2022/05/21 23:00:00+00,Sun 22 May 2022,232,410,0,3845300,3793671,240679,4085979,4034350,86.7712825927545,85.6748710475701,444
-7.6926,53.28823,2022/05/22 23:00:00+00,Mon 23 May 2022,29,34,0,3845329,3793705,240679,4086008,4034384,86.771898446922,85.6755930834905,445
-7.6926,53.28823,2022/05/23 23:00:00+00,Tue 24 May 2022,80,82,0,3845409,3793787,240679,4086088,4034466,86.7735973549701,85.6773344642398,446
-7.6926,53.28823,2022/05/24 23:00:00+00,Wed 25 May 2022,92,126,0,3845501,3793913,240679,4086180,4034592,86.7755510992254,85.6800102444155,447
-7.6926,53.28823,2022/05/25 23:00:00+00,Thu 26 May 2022,128,152,0,3845629,3794065,240679,4086308,4034744,86.7782693521023,85.6832381697069,448
-7.6926,53.28823,2022/05/26 23:00:00+00,Fri 27 May 2022,95,150,0,3845724,3794215,240679,4086403,4034894,86.7802868054094,85.6864236222971,449
-7.6926,53.28823,2022/05/27 23:00:00+00,Sat 28 May 2022,335,578,0,3846059,3794793,240679,4086738,4035472,86.7874009828608,85.6986982329445,450
-7.6926,53.28823,2022/05/28 23:00:00+00,Sun 29 May 2022,182,347,0,3846241,3795140,240679,4086920,4035819,86.7912659986702,85.7060672466031,451
-7.6926,53.28823,2022/05/29 23:00:00+00,Mon 30 May 2022,14,20,0,3846255,3795160,240679,4086934,4035839,86.7915633075786,85.7064919736151,452
-7.6926,53.28823,2022/05/30 23:00:00+00,Tue 31 May 2022,66,79,1,3846321,3795239,240680,4087001,4035919,86.7929861430689,85.7081908816632,453
-7.6926,53.28823,2022/05/31 23:00:00+00,Wed 01 Jun 2022,65,98,0,3846386,3795337,240680,4087066,4036017,86.794366505858,85.7102720440221,454
-7.6926,53.28823,2022/06/01 23:00:00+00,Thu 02 Jun 2022,120,130,0,3846506,3795467,240680,4087186,4036147,86.7969148679301,85.7130327696002,455
-7.6926,53.28823,2022/06/02 23:00:00+00,Fri 03 Jun 2022,59,132,0,3846565,3795599,240680,4087245,4036279,86.7981678126155,85.7158359678796,456
-7.6926,53.28823,2022/06/03 23:00:00+00,Sat 04 Jun 2022,304,603,0,3846869,3796202,240680,4087549,4036882,86.8046236631983,85.7286414872921,457
-7.6926,53.28823,2022/06/04 23:00:00+00,Sun 05 Jun 2022,142,273,0,3847011,3796475,240680,4087691,4037155,86.8076392249836,85.7344390110062,458
-7.6926,53.28823,2022/06/05 23:00:00+00,Mon 06 Jun 2022,3,3,0,3847014,3796478,240680,4087694,4037158,86.8077029340354,85.734502720058,459
-7.6926,53.28823,2022/06/06 23:00:00+00,Tue 07 Jun 2022,29,44,0,3847043,3796522,240680,4087723,4037202,86.8083187882029,85.7354371194844,460
-7.6926,53.28823,2022/06/07 23:00:00+00,Wed 08 Jun 2022,39,69,0,3847082,3796591,240680,4087762,4037271,86.8091470058763,85.7369024276759,461
-7.6926,53.28823,2022/06/08 23:00:00+00,Thu 09 Jun 2022,77,114,0,3847159,3796705,240680,4087839,4037385,86.8107822048726,85.7393233716444,462
-7.6926,53.28823,2022/06/09 23:00:00+00,Fri 10 Jun 2022,54,99,0,3847213,3796804,240680,4087893,4037484,86.811928967805,85.7414257703539,463
-7.6926,53.28823,2022/06/10 23:00:00+00,Sat 11 Jun 2022,189,550,0,3847402,3797354,240680,4088082,4038034,86.8159426380687,85.7531057631845,464
-7.6926,53.28823,2022/06/11 23:00:00+00,Sun 12 Jun 2022,146,283,0,3847548,3797637,240680,4088228,4038317,86.8190431452564,85.7591156504047,465
-7.6926,53.28823,2022/06/12 23:00:00+00,Mon 13 Jun 2022,16,33,0,3847564,3797670,240680,4088244,4038350,86.819382926866,85.7598164499745,466
-7.6926,53.28823,2021/02/07 00:00:00+00,Sun 07 Feb 2021,328,1300,2,166113,94937,6,166119,94943,3.52776132550505,2.01624283512076,467
-7.6926,53.28823,2021/02/08 00:00:00+00,Mon 08 Feb 2021,1179,879,0,167292,95816,6,167298,95822,3.55279898286375,2.03490958729913,468
-7.6926,53.28823,2021/02/09 00:00:00+00,Tue 09 Feb 2021,4261,543,2,171553,96359,8,171561,96367,3.64332954547626,2.04648339837674,469
-7.6926,53.28823,2021/02/10 00:00:00+00,Wed 10 Feb 2021,8823,580,0,180376,96939,8,180384,96947,3.83069786682982,2.05880048172538,470
-7.6926,53.28823,2021/02/11 00:00:00+00,Thu 11 Feb 2021,6177,445,0,186553,97384,8,186561,97392,3.96187480449285,2.06825065774287,471
-7.6926,53.28823,2021/02/12 00:00:00+00,Fri 12 Feb 2021,4393,522,0,190946,97906,8,190954,97914,4.0551660926835,2.07933603275665,472
-7.6926,53.28823,2021/02/13 00:00:00+00,Sat 13 Feb 2021,1208,1914,0,192154,99820,8,192162,99828,4.08081960420964,2.11998240780716,473
-7.6926,53.28823,2021/02/14 00:00:00+00,Sun 14 Feb 2021,2697,27,0,194851,99847,8,194859,99855,4.13809404178082,2.12055578927339,474
-7.6926,53.28823,2021/02/15 00:00:00+00,Mon 15 Feb 2021,1961,7888,0,196812,107735,8,196820,107743,4.17973852530959,2.28806812281491,475
-7.6926,53.28823,2021/02/16 00:00:00+00,Tue 16 Feb 2021,5646,8158,0,202458,115893,8,202466,115901,4.29963896080343,2.46131427101873,476
-7.6926,53.28823,2021/02/17 00:00:00+00,Wed 17 Feb 2021,9741,8464,0,212199,124357,8,212207,124365,4.5065022520088,2.64105874250649,477
-7.6926,53.28823,2021/02/18 00:00:00+00,Thu 18 Feb 2021,8460,8350,1,220659,132707,9,220668,132716,4.68618301444475,2.81840350637632,478
-7.6926,53.28823,2021/02/19 00:00:00+00,Fri 19 Feb 2021,9385,6582,0,230044,139289,9,230053,139298,4.88548616483613,2.9581811660328,479
-7.6926,53.28823,2021/02/20 00:00:00+00,Sat 20 Feb 2021,5885,3568,2,235929,142857,11,235940,142868,5.01050456082484,3.03399493767874,480
-7.6926,53.28823,2021/02/21 00:00:00+00,Sun 21 Feb 2021,1109,1023,5,237038,143880,16,237054,143896,5.03416185539447,3.05582590609668,481
-7.6926,53.28823,2021/02/22 00:00:00+00,Mon 22 Feb 2021,3942,1123,1,240980,145003,17,240997,145020,5.11789678581463,3.07969556417232,482
-7.6926,53.28823,2021/02/23 00:00:00+00,Tue 23 Feb 2021,13360,1063,1,254340,146066,18,254358,146084,5.401635666196,3.1022910412119,483
-7.6926,53.28823,2021/02/24 00:00:00+00,Wed 24 Feb 2021,16937,2102,3,271277,148168,21,271298,148189,5.76137944537873,3.14699355922723,484
-7.6926,53.28823,2021/02/25 00:00:00+00,Thu 25 Feb 2021,18085,1755,2,289362,149923,23,289385,149946,6.14548131870092,3.18430582723337,485
-7.6926,53.28823,2021/02/26 00:00:00+00,Fri 26 Feb 2021,16078,2768,0,305440,152691,23,305463,152714,6.4869193636655,3.24308804569723,486
-7.6926,53.28823,2021/02/27 00:00:00+00,Sat 27 Feb 2021,8991,704,1,314431,153395,24,314455,153419,6.67787662827064,3.25805967287101,487
-7.6926,53.28823,2021/02/28 00:00:00+00,Sun 28 Feb 2021,2441,57,2,316872,153452,26,316898,153478,6.72975703278914,3.25931261755647,488
-7.6926,53.28823,2021/03/01 00:00:00+00,Mon 01 Mar 2021,5594,795,0,322466,154247,26,322492,154273,6.84855317805172,3.27619551628435,489
-7.6926,53.28823,2021/03/02 00:00:00+00,Tue 02 Mar 2021,12177,1609,0,334643,155856,26,334669,155882,7.10714821932138,3.31036480440153,490
-7.6926,53.28823,2021/03/03 00:00:00+00,Wed 03 Mar 2021,12898,1504,1,347541,157360,27,347568,157387,7.38107590572504,3.34232551205619,491
-7.6926,53.28823,2021/03/04 00:00:00+00,Thu 04 Mar 2021,18737,1687,4,366278,159047,31,366309,159078,7.77906635234036,3.37823618092266,492
-7.6926,53.28823,2021/03/05 00:00:00+00,Fri 05 Mar 2021,18444,2395,6,384722,161442,37,384759,161479,8.17087702093076,3.42922465871592,493
-7.6926,53.28823,2021/03/06 00:00:00+00,Sat 06 Mar 2021,10394,139,4,395116,161581,41,395157,161622,8.39169259448106,3.43226145685188,494
-7.6926,53.28823,2021/03/07 00:00:00+00,Sun 07 Mar 2021,1519,13,3,396635,161594,44,396679,161638,8.42401432009594,3.43260123846149,495
-7.6926,53.28823,2021/03/08 00:00:00+00,Mon 08 Mar 2021,6666,1495,5,403301,163089,49,403350,163138,8.56568201495591,3.46445576436315,496
-7.6926,53.28823,2021/03/09 00:00:00+00,Tue 09 Mar 2021,13827,3103,6,417128,166192,55,417183,166247,8.85944445282101,3.53047957838199,497
-7.6926,53.28823,2021/03/10 00:00:00+00,Wed 10 Mar 2021,13731,3988,3,430859,170180,58,430917,170238,9.15110449197659,3.615233853631,498
-7.6926,53.28823,2021/03/11 00:00:00+00,Thu 11 Mar 2021,18478,2097,3,449337,172277,61,449398,172338,9.54357348743562,3.65983018989332,499
-7.6926,53.28823,2021/03/12 00:00:00+00,Fri 12 Mar 2021,17323,1338,4,466660,173615,65,466725,173680,9.91153573430097,3.68832937240001,500
-7.6926,53.28823,2021/03/13 00:00:00+00,Sat 13 Mar 2021,8303,174,0,474963,173789,65,475028,173854,10.087861153342,3.6920244974046,501
-7.6926,53.28823,2021/03/14 00:00:00+00,Sun 14 Mar 2021,382,19,2,475345,173808,67,475412,173875,10.0960159119728,3.69247046076722,502
-7.6926,53.28823,2021/03/15 00:00:00+00,Mon 15 Mar 2021,2653,992,0,477998,174800,67,478065,174867,10.1523559501175,3.71353692056352,503
-7.6926,53.28823,2021/03/16 00:00:00+00,Tue 16 Mar 2021,8934,3822,2,486932,178622,69,487001,178691,10.342123979089,3.79474472526215,504
-7.6926,53.28823,2021/03/17 00:00:00+00,Wed 17 Mar 2021,4899,2415,6,491831,181037,75,491906,181112,10.4462882787874,3.84615793006742,505
-7.6926,53.28823,2021/03/18 00:00:00+00,Thu 18 Mar 2021,11721,4679,5,503552,185716,80,503632,185796,10.695305725936,3.945628996283,506
-7.6926,53.28823,2021/03/19 00:00:00+00,Fri 19 Mar 2021,10366,6126,2,513918,191842,82,514000,191924,10.9154842089682,4.07576535276658,507
-7.6926,53.28823,2021/03/20 00:00:00+00,Sat 20 Mar 2021,5240,3118,4,519158,194960,86,519244,195046,11.0268476315204,4.14206523934323,508
-7.6926,53.28823,2021/03/21 00:00:00+00,Sun 21 Mar 2021,3636,55,3,522794,195015,89,522883,195104,11.1041267113579,4.14329694767809,509
-7.6926,53.28823,2021/03/22 00:00:00+00,Mon 22 Mar 2021,7412,2403,1,530206,197418,90,530296,197508,11.2615517783639,4.19434913452315,510
-7.6926,53.28823,2021/03/23 00:00:00+00,Tue 23 Mar 2021,12561,7387,4,542767,204805,94,542861,204899,11.5283865236667,4.35130700181592,511
-7.6926,53.28823,2021/03/24 00:00:00+00,Wed 24 Mar 2021,13622,9779,2,556389,214584,96,556485,214680,11.8177105642562,4.55901974704533,512
-7.6926,53.28823,2021/03/25 00:00:00+00,Thu 25 Mar 2021,20864,10226,3,577253,224810,99,577352,224909,12.2608494922495,4.77624637734404,513
-7.6926,53.28823,2021/03/26 00:00:00+00,Fri 26 Mar 2021,19695,9497,1,596948,234307,100,597048,234407,12.6791206536888,4.97794923535334,514
-7.6926,53.28823,2021/03/27 00:00:00+00,Sat 27 Mar 2021,11747,5350,3,608695,239657,103,608798,239760,12.9286477732518,5.09162742012106,515
-7.6926,53.28823,2021/03/28 00:00:00+00,Sun 28 Mar 2021,2488,482,0,611183,240139,103,611286,240242,12.9814838135474,5.10186334111079,516
-7.6926,53.28823,2021/03/28 23:00:00+00,Mon 29 Mar 2021,9267,3119,3,620450,243258,106,620556,243364,13.1783447836196,5.16816322768744,517
-7.6926,53.28823,2021/03/29 23:00:00+00,Tue 30 Mar 2021,13322,8664,4,633772,251922,110,633882,252032,13.46134039173,5.35223991469783,518
-7.6926,53.28823,2021/03/30 23:00:00+00,Wed 31 Mar 2021,15834,10506,4,649606,262428,114,649720,262542,13.7976817125503,5.57543395951545,519
-7.6926,53.28823,2021/03/31 23:00:00+00,Thu 01 Apr 2021,19696,11574,8,669302,274002,122,669424,274124,14.2161227647945,5.82139337217745,520
-7.6926,53.28823,2021/04/01 23:00:00+00,Fri 02 Apr 2021,20137,13722,8,689439,287724,130,689569,287854,14.6439290476537,6.11296846593063,521
-7.6926,53.28823,2021/04/02 23:00:00+00,Sat 03 Apr 2021,7547,4635,6,696986,292359,136,697122,292495,14.8043272037439,6.21152636907036,522
-7.6926,53.28823,2021/04/03 23:00:00+00,Sun 04 Apr 2021,3033,169,3,700019,292528,139,700158,292667,14.8688007641688,6.21517902137375,523
-7.6926,53.28823,2021/04/04 23:00:00+00,Mon 05 Apr 2021,3429,605,4,703448,293133,143,703591,293276,14.9417051557824,6.22811195888982,524
-7.6926,53.28823,2021/04/05 23:00:00+00,Tue 06 Apr 2021,11990,8156,11,715438,301289,154,715592,301443,15.1965625993463,6.40154923424905,525
-7.6926,53.28823,2021/04/06 23:00:00+00,Wed 07 Apr 2021,18357,10468,10,733795,311757,164,733959,311921,15.5866106508368,6.62406371584744,526
-7.6926,53.28823,2021/04/07 23:00:00+00,Thu 08 Apr 2021,20184,10574,15,753979,322331,179,754158,322510,16.0155636966285,6.84893543236254,527
-7.6926,53.28823,2021/04/08 23:00:00+00,Fri 09 Apr 2021,20677,9154,16,774656,331485,195,774851,331680,16.4550074996172,7.04367276737468,528
-7.6926,53.28823,2021/04/09 23:00:00+00,Sat 10 Apr 2021,11167,4167,12,785823,335652,207,786030,335859,16.692408662987,7.1324194765367,529
-7.6926,53.28823,2021/04/10 23:00:00+00,Sun 11 Apr 2021,2859,362,8,788682,336014,215,788897,336229,16.7532932801603,7.14027692625911,530
-7.6926,53.28823,2021/04/11 23:00:00+00,Mon 12 Apr 2021,7774,2796,13,796456,338810,228,796684,339038,16.9186607422912,7.19992983509761,531
-7.6926,53.28823,2021/04/12 23:00:00+00,Tue 13 Apr 2021,11509,8590,1,807965,347400,229,808194,347629,17.1630911377099,7.38237132311171,532
