X,Y,VaccinationDate,VaccineText,Dose1,Dose2,SingleDose,Dose1Cum,Dose2Cum,SingleDoseCum,PartiallyVacc,FullyVacc,PartialPercent,FullyPercent,ObjectId
-7.6926,53.28823,2021/10/29 23:00:00+00,Sat 30 Oct 2021,2003,1427,0,3598691,3534917,238225,3836916,3773142,81.4820934029914,80.1277663797565,1
-7.6926,53.28823,2021/10/30 23:00:00+00,Sun 31 Oct 2021,1624,1311,0,3600315,3536228,238225,3838540,3774453,81.5165812363676,80.1556072353945,2
-7.6926,53.28823,2021/11/01 00:00:00+00,Mon 01 Nov 2021,258,244,1,3600573,3536472,238226,3838799,3774698,81.5220814511733,80.1608101412918,3
-7.6926,53.28823,2021/11/02 00:00:00+00,Tue 02 Nov 2021,1087,1060,9,3601660,3537532,238235,3839895,3775767,81.5453564914321,80.1835118000844,4
-7.6926,53.28823,2021/11/03 00:00:00+00,Wed 03 Nov 2021,2537,1794,5,3604197,3539326,238240,3842437,3777566,81.5993392946601,80.2217159948158,5
-7.6926,53.28823,2021/11/04 00:00:00+00,Thu 04 Nov 2021,1547,1223,0,3605744,3540549,238240,3843984,3778789,81.63219192904,80.2476880516009,6
-7.6926,53.28823,2021/11/05 00:00:00+00,Fri 05 Nov 2021,1628,1017,1,3607372,3541566,238241,3845613,3779807,81.6667859441692,80.2693066565129,7
-7.6926,53.28823,2021/11/06 00:00:00+00,Sat 06 Nov 2021,1820,1321,5,3609192,3542887,238246,3847438,3781133,81.7055422840162,80.2974660574099,8
-7.6926,53.28823,2021/11/07 00:00:00+00,Sun 07 Nov 2021,726,765,0,3609918,3543652,238246,3848164,3781898,81.7209598745526,80.3137118656198,9
-7.6926,53.28823,2021/11/08 00:00:00+00,Mon 08 Nov 2021,509,493,1,3610427,3544145,238247,3848674,3782392,81.7317904133592,80.3242026228167,10
-7.6926,53.28823,2021/11/09 00:00:00+00,Tue 09 Nov 2021,1382,1000,1,3611809,3545145,238248,3850057,3783393,81.7611602862405,80.3454602097684,11
-7.6926,53.28823,2021/11/10 00:00:00+00,Wed 10 Nov 2021,1628,1300,0,3613437,3546445,238248,3851685,3784693,81.7957330650191,80.3730674655499,12
-7.6926,53.28823,2021/11/11 00:00:00+00,Thu 11 Nov 2021,1403,1054,1,3614840,3547499,238249,3853089,3785748,81.8255489012631,80.395471815434,13
-7.6926,53.28823,2021/11/12 00:00:00+00,Fri 12 Nov 2021,1161,1083,5,3616001,3548582,238254,3854255,3786836,81.850310486064,80.418576964888,14
-7.6926,53.28823,2021/11/13 00:00:00+00,Sat 13 Nov 2021,1416,1333,0,3617417,3549915,238254,3855671,3788169,81.8803811585151,80.4468850202393,15
-7.6926,53.28823,2021/11/14 00:00:00+00,Sun 14 Nov 2021,1650,1798,0,3619067,3551713,238254,3857321,3789967,81.9154211370069,80.4850679786201,16
-7.6926,53.28823,2021/11/15 00:00:00+00,Mon 15 Nov 2021,1246,548,0,3620313,3552261,238254,3858567,3790515,81.9418816298559,80.4967054987495,17
-7.6926,53.28823,2021/11/16 00:00:00+00,Tue 16 Nov 2021,1320,1027,4,3621633,3553288,238258,3859891,3791546,81.9699985580518,80.5186001762192,18
-7.6926,53.28823,2021/11/17 00:00:00+00,Wed 17 Nov 2021,1521,1060,0,3623154,3554348,238258,3861412,3792606,82.0022990473161,80.5411107078564,19
-7.6926,53.28823,2021/11/18 00:00:00+00,Thu 18 Nov 2021,1675,2428,5,3624829,3556776,238263,3863092,3795039,82.0379761163259,80.5927787488689,20
-7.6926,53.28823,2021/11/19 00:00:00+00,Fri 19 Nov 2021,1186,1460,0,3626015,3558236,238263,3864278,3796499,82.0631624281389,80.6237838207465,21
-7.6926,53.28823,2021/11/20 00:00:00+00,Sat 20 Nov 2021,1539,2907,10,3627554,3561143,238273,3865827,3799416,82.09605753522,80.6857302554499,22
-7.6926,53.28823,2021/11/21 00:00:00+00,Sun 21 Nov 2021,1786,2752,0,3629340,3563895,238273,3867613,3802168,82.1339856573935,80.7441726923042,23
-7.6926,53.28823,2021/11/22 00:00:00+00,Mon 22 Nov 2021,714,468,2,3630054,3564363,238275,3868329,3802638,82.1491908844239,80.7541537770867,24
-7.6926,53.28823,2021/11/23 00:00:00+00,Tue 23 Nov 2021,2168,1540,4,3632222,3565903,238279,3870501,3804182,82.1953162379295,80.7869427024148,25
-7.6926,53.28823,2021/11/24 00:00:00+00,Wed 24 Nov 2021,1624,3088,1,3633846,3568991,238280,3872126,3807271,82.2298253076563,80.8525417894216,26
-7.6926,53.28823,2021/11/25 00:00:00+00,Thu 25 Nov 2021,1013,1120,1,3634859,3570111,238281,3873140,3808392,82.2513589671658,80.8763477384455,27
-7.6926,53.28823,2021/11/26 00:00:00+00,Fri 26 Nov 2021,1292,1065,12,3636151,3571176,238293,3874444,3809469,82.2790511683497,80.8992192880429,28
-7.6926,53.28823,2021/11/27 00:00:00+00,Sat 27 Nov 2021,1234,1528,5,3637385,3572704,238298,3875683,3811002,82.3053630067444,80.9317746135143,29
-7.6926,53.28823,2021/11/28 00:00:00+00,Sun 28 Nov 2021,1969,2247,0,3639354,3574951,238298,3877652,3813249,82.347177381078,80.979492693315,30
-7.6926,53.28823,2021/11/29 00:00:00+00,Mon 29 Nov 2021,548,963,1,3639902,3575914,238299,3878201,3814213,82.358836137558,80.9999645352945,31
-7.6926,53.28823,2021/11/30 00:00:00+00,Tue 30 Nov 2021,1935,1593,6,3641837,3577507,238305,3880142,3815812,82.4000558940748,81.0339214599057,32
-7.6926,53.28823,2021/12/01 00:00:00+00,Wed 01 Dec 2021,1104,1329,1,3642941,3578836,238306,3881247,3817142,82.423522061489,81.0621658062051,33
-7.6926,53.28823,2021/12/02 00:00:00+00,Thu 02 Dec 2021,1798,1369,0,3644739,3580205,238306,3883045,3818511,82.4617050198698,81.091238370178,34
-7.6926,53.28823,2021/12/03 00:00:00+00,Fri 03 Dec 2021,1052,1137,3,3645791,3581342,238309,3884100,3819651,82.484109369754,81.1154478098633,35
-7.6926,53.28823,2021/12/04 00:00:00+00,Sat 04 Dec 2021,1206,1674,0,3646997,3583016,238309,3885306,3821325,82.5097204085789,81.1509974607696,36
-7.6926,53.28823,2021/12/05 00:00:00+00,Sun 05 Dec 2021,1352,1767,0,3648349,3584783,238309,3886658,3823092,82.5384319545916,81.1885220922817,37
-7.6926,53.28823,2021/12/06 00:00:00+00,Mon 06 Dec 2021,941,1256,0,3649290,3586039,238309,3887599,3824348,82.5584153605072,81.2151949486367,38
-7.6926,53.28823,2021/12/07 00:00:00+00,Tue 07 Dec 2021,486,705,1,3649776,3586744,238310,3888086,3825054,82.56875746325,81.2301878121611,39
-7.6926,53.28823,2021/12/08 00:00:00+00,Wed 08 Dec 2021,816,1441,0,3650592,3588185,238310,3888902,3826495,82.5860863253405,81.2607893933773,40
-7.6926,53.28823,2021/12/09 00:00:00+00,Thu 09 Dec 2021,800,1156,0,3651392,3589341,238310,3889702,3827651,82.6030754058213,81.2853386146722,41
-7.6926,53.28823,2021/12/10 00:00:00+00,Fri 10 Dec 2021,889,1555,1,3652281,3590896,238311,3890592,3829207,82.6219757578563,81.3183823762075,42
-7.6926,53.28823,2021/12/11 00:00:00+00,Sat 11 Dec 2021,641,826,0,3652922,3591722,238311,3891233,3830033,82.6355882585916,81.335923601804,43
-7.6926,53.28823,2021/12/12 00:00:00+00,Sun 12 Dec 2021,692,1190,0,3653614,3592912,238311,3891925,3831223,82.6502838132076,81.3611948590193,44
-7.6926,53.28823,2021/12/13 00:00:00+00,Mon 13 Dec 2021,717,1032,0,3654331,3593944,238311,3892642,3832255,82.6655102765886,81.3831107728396,45
-7.6926,53.28823,2021/12/14 00:00:00+00,Tue 14 Dec 2021,626,1147,1,3654957,3595091,238312,3893269,3833403,82.6788254684155,81.4074901033297,46
-7.6926,53.28823,2021/12/15 00:00:00+00,Wed 15 Dec 2021,794,1178,2,3655751,3596269,238314,3894065,3834583,82.695729603494,81.432548997039,47
-7.6926,53.28823,2021/12/16 00:00:00+00,Thu 16 Dec 2021,1062,1440,7,3656813,3597709,238321,3895134,3836030,82.7184312622866,81.4632779963588,48
-7.6926,53.28823,2021/12/17 00:00:00+00,Fri 17 Dec 2021,1206,2381,1,3658019,3600090,238322,3896341,3838412,82.7440635374621,81.5138629834907,49
-7.6926,53.28823,2021/12/18 00:00:00+00,Sat 18 Dec 2021,1267,1148,0,3659286,3601238,238322,3897608,3839560,82.7709699936737,81.5382423139807,50
-7.6926,53.28823,2021/12/19 00:00:00+00,Sun 19 Dec 2021,559,863,0,3659845,3602101,238322,3898167,3840423,82.7828411136597,81.5565692845495,51
-7.6926,53.28823,2021/12/20 00:00:00+00,Mon 20 Dec 2021,546,537,0,3660391,3602638,238322,3898713,3840960,82.7944361610879,81.5679732048223,52
-7.6926,53.28823,2021/12/21 00:00:00+00,Tue 21 Dec 2021,1469,1725,2,3661860,3604363,238324,3900184,3842687,82.8256748328221,81.6046483823104,53
-7.6926,53.28823,2021/12/22 00:00:00+00,Wed 22 Dec 2021,1267,1477,2,3663127,3605840,238326,3901453,3844166,82.8526237617349,81.6360569448494,54
-7.6926,53.28823,2021/12/23 00:00:00+00,Thu 23 Dec 2021,963,1267,0,3664090,3607107,238326,3902416,3845433,82.8730743673638,81.662963401061,55
-7.6926,53.28823,2021/12/24 00:00:00+00,Fri 24 Dec 2021,101,124,0,3664191,3607231,238326,3902517,3845557,82.8752192387745,81.6655967085355,56
-7.6926,53.28823,2021/12/26 00:00:00+00,Sun 26 Dec 2021,8,6,0,3664199,3607237,238326,3902525,3845563,82.8753891295793,81.6657241266391,57
-7.6926,53.28823,2021/12/27 00:00:00+00,Mon 27 Dec 2021,387,580,0,3664586,3607817,238326,3902912,3846143,82.883607597262,81.6780412099878,58
-7.6926,53.28823,2021/12/28 00:00:00+00,Tue 28 Dec 2021,454,728,0,3665040,3608545,238326,3903366,3846871,82.8932489004349,81.6935012732254,59
-7.6926,53.28823,2021/12/29 00:00:00+00,Wed 29 Dec 2021,1085,1239,0,3666125,3609784,238326,3904451,3848110,82.9162903408371,81.7198131116202,60
-7.6926,53.28823,2020/12/28 00:00:00+00,Mon 28 Dec 2020,160,26,4,160,26,4,164,30,0.00348276149858131,0.000637090518033166,61
-7.6926,53.28823,2021/12/30 00:00:00+00,Thu 30 Dec 2021,1057,1130,1,3667182,3610914,238327,3905509,3849241,82.938758399773,81.74383142415,62
-7.6926,53.28823,2021/12/31 00:00:00+00,Fri 31 Dec 2021,722,1650,0,3667904,3612564,238327,3906231,3850891,82.954091044907,81.7788714026418,63
-7.6926,53.28823,2022/01/01 00:00:00+00,Sat 01 Jan 2022,64,96,0,3667968,3612660,238327,3906295,3850987,82.9554501713455,81.7809100922995,64
-7.6926,53.28823,2022/01/02 00:00:00+00,Sun 02 Jan 2022,268,618,0,3668236,3613278,238327,3906563,3851605,82.9611415133066,81.794034156971,65
-7.6926,53.28823,2022/01/03 00:00:00+00,Mon 03 Jan 2022,3627,705,0,3671863,3613983,238327,3910190,3852310,83.0381657569368,81.8090057841448,66
-7.6926,53.28823,2022/01/04 00:00:00+00,Tue 04 Jan 2022,1186,721,0,3673049,3614704,238327,3911376,3853031,83.0633520687497,81.8243171929282,67
-7.6926,53.28823,2022/01/05 00:00:00+00,Wed 05 Jan 2022,2145,812,0,3675194,3615516,238327,3913521,3853843,83.1089040407891,81.8415611096163,68
-7.6926,53.28823,2022/01/06 00:00:00+00,Thu 06 Jan 2022,2457,1592,0,3677651,3617108,238327,3915978,3855435,83.161081754216,81.8753693797733,69
-7.6926,53.28823,2022/01/07 00:00:00+00,Fri 07 Jan 2022,4832,702,0,3682483,3617810,238327,3920810,3856137,83.2636958003205,81.8902772978952,70
-7.6926,53.28823,2022/01/08 00:00:00+00,Sat 08 Jan 2022,9785,696,1,3692268,3618506,238328,3930596,3856834,83.471514727303,81.9050790342642,71
-7.6926,53.28823,2022/01/09 00:00:00+00,Sun 09 Jan 2022,7114,658,0,3699382,3619164,238328,3937710,3857492,83.6225901254792,81.9190525529597,72
-7.6926,53.28823,2022/01/10 00:00:00+00,Mon 10 Jan 2022,6648,442,0,3706030,3619606,238328,3944358,3857934,83.7637693842754,81.9284390199254,73
-7.6926,53.28823,2022/01/11 00:00:00+00,Tue 11 Jan 2022,4763,1267,1,3710793,3620873,238329,3949122,3859202,83.864939358539,81.9553667124876,74
-7.6926,53.28823,2022/01/12 00:00:00+00,Wed 12 Jan 2022,7541,791,1,3718334,3621664,238330,3956664,3859994,84.0251039147726,81.9721859021637,75
-7.6926,53.28823,2022/01/13 00:00:00+00,Thu 13 Jan 2022,7301,700,0,3725635,3622364,238330,3963965,3860694,84.1801505105113,81.9870513475845,76
-7.6926,53.28823,2022/01/14 00:00:00+00,Fri 14 Jan 2022,10718,725,0,3736353,3623089,238330,3974683,3861419,84.4077617162539,82.0024477017703,77
-7.6926,53.28823,2022/01/15 00:00:00+00,Sat 15 Jan 2022,8344,617,0,3744697,3623706,238330,3983027,3862036,84.5849578256695,82.0155505300912,78
-7.6926,53.28823,2022/01/16 00:00:00+00,Sun 16 Jan 2022,6969,1206,1,3751666,3624912,238331,3989997,3863243,84.7329751893592,82.0411828052667,79
-7.6926,53.28823,2022/01/17 00:00:00+00,Mon 17 Jan 2022,2551,505,0,3754217,3625417,238331,3992548,3863748,84.7871491197427,82.0519071623203,80
-7.6926,53.28823,2022/01/18 00:00:00+00,Tue 18 Jan 2022,4037,380,3,3758254,3625797,238334,3996588,3864131,84.8729439761711,82.0600406846005,81
-7.6926,53.28823,2022/01/19 00:00:00+00,Wed 19 Jan 2022,3475,544,0,3761729,3626341,238334,4000063,3864675,84.94674029451,82.0715932593275,82
-7.6926,53.28823,2022/01/20 00:00:00+00,Thu 20 Jan 2022,3679,862,0,3765408,3627203,238334,4003742,3865537,85.0248688283714,82.0898989935456,83
-7.6926,53.28823,2022/01/21 00:00:00+00,Fri 21 Jan 2022,3243,924,0,3768651,3628127,238334,4006985,3866461,85.0937383133708,82.1095213815011,84
-7.6926,53.28823,2022/01/22 00:00:00+00,Sat 22 Jan 2022,4266,606,0,3772917,3628733,238334,4011251,3867067,85.1843325850351,82.1223906099653,85
-7.6926,53.28823,2022/01/23 00:00:00+00,Sun 23 Jan 2022,3090,677,0,3776007,3629410,238334,4014341,3867744,85.2499529083925,82.1367676193223,86
-7.6926,53.28823,2022/01/24 00:00:00+00,Mon 24 Jan 2022,634,432,0,3776641,3629842,238334,4014975,3868176,85.2634167546736,82.145941722782,87
-7.6926,53.28823,2022/01/25 00:00:00+00,Tue 25 Jan 2022,690,1794,0,3777331,3631636,238334,4015665,3869970,85.2780698365884,82.1840397357603,88
-7.6926,53.28823,2022/01/26 00:00:00+00,Wed 26 Jan 2022,695,840,0,3778026,3632476,238334,4016360,3870810,85.2928291002562,82.2018782702653,89
-7.6926,53.28823,2022/01/27 00:00:00+00,Thu 27 Jan 2022,1264,1120,0,3779290,3633596,238334,4017624,3871930,85.319671847416,82.2256629829385,90
-7.6926,53.28823,2022/01/28 00:00:00+00,Fri 28 Jan 2022,1017,3030,0,3780307,3636626,238334,4018641,3874960,85.3412692159773,82.2900091252599,91
-7.6926,53.28823,2022/01/29 00:00:00+00,Sat 29 Jan 2022,2325,3415,0,3782632,3640041,238334,4020966,3878375,85.3906437311249,82.3625312625626,92
-7.6926,53.28823,2022/01/30 00:00:00+00,Sun 30 Jan 2022,1634,7531,0,3784266,3647572,238334,4022600,3885906,85.4253439280071,82.5224622189396,93
-7.6926,53.28823,2022/01/31 00:00:00+00,Mon 31 Jan 2022,470,1352,0,3784736,3648924,238334,4023070,3887258,85.4353250127896,82.5511737649522,94
-7.6926,53.28823,2022/02/01 00:00:00+00,Tue 01 Feb 2022,742,3371,1,3785478,3652295,238335,4023813,3890630,85.4511036212862,82.6227827391792,95
-7.6926,53.28823,2022/02/02 00:00:00+00,Wed 02 Feb 2022,637,2932,0,3786115,3655227,238335,4024450,3893562,85.4646311766191,82.6850477191416,96
-7.6926,53.28823,2021/07/19 23:00:00+00,Tue 20 Jul 2021,30455,17969,7669,2895949,2387877,180651,3076600,2568528,65.3357562593612,54.5461611367564,97
-7.6926,53.28823,2022/02/03 00:00:00+00,Thu 03 Feb 2022,905,2358,1,3787020,3657585,238336,4025356,3895921,85.4838713102637,82.7351442702096,98
-7.6926,53.28823,2022/02/04 00:00:00+00,Fri 04 Feb 2022,1153,6418,0,3788173,3664003,238336,4026509,3902339,85.5083568225068,82.8714391683675,99
-7.6926,53.28823,2022/02/05 00:00:00+00,Sat 05 Feb 2022,1774,5719,0,3789947,3669722,238336,4028283,3908058,85.5460301084732,82.9928898574552,100
-7.6926,53.28823,2022/02/06 00:00:00+00,Sun 06 Feb 2022,1405,7554,0,3791352,3677276,238336,4029688,3915612,85.5758671810677,83.153309249896,101
-7.6926,53.28823,2022/02/07 00:00:00+00,Mon 07 Feb 2022,428,1298,0,3791780,3678574,238336,4030116,3916910,85.584956339125,83.1808740329762,102
-7.6926,53.28823,2022/02/08 00:00:00+00,Tue 08 Feb 2022,884,1172,0,3792664,3679746,238336,4031000,3918082,85.6037292730564,83.2057630358807,103
-7.6926,53.28823,2021/04/08 23:00:00+00,Fri 09 Apr 2021,20634,9128,11,771160,330533,115,771275,330648,16.3790663098677,7.02175685355434,104
-7.6926,53.28823,2020/12/29 00:00:00+00,Tue 29 Dec 2020,71,1,0,231,27,4,235,31,0.0049905423912598,0.000658326868634271,105
-7.6926,53.28823,2021/04/09 23:00:00+00,Sat 10 Apr 2021,11101,4139,11,782261,334672,126,782387,334798,16.6150446377471,7.10988770854893,106
-7.6926,53.28823,2021/04/10 23:00:00+00,Sun 11 Apr 2021,2812,334,2,785073,335006,128,785201,335134,16.6748037283387,7.1170231223509,107
-7.6926,53.28823,2020/12/30 00:00:00+00,Wed 30 Dec 2020,1052,0,0,1283,27,4,1287,31,0.0273311832236228,0.000658326868634271,108
-7.6926,53.28823,2021/07/20 23:00:00+00,Wed 21 Jul 2021,30191,19647,6853,2926140,2407524,187504,3113644,2595028,66.1224356310286,55.1089244276857,109
-7.6926,53.28823,2021/04/11 23:00:00+00,Mon 12 Apr 2021,7710,2761,6,792783,337767,134,792917,337901,16.8386634095768,7.17578410446416,110
-7.6926,53.28823,2020/12/31 00:00:00+00,Thu 31 Dec 2020,1025,1,0,2308,28,4,2312,32,0.049098442589756,0.000679563219235377,111
-7.6926,53.28823,2021/07/21 23:00:00+00,Thu 22 Jul 2021,33413,15736,6903,2959553,2423260,194407,3153960,2617667,66.9786003418628,55.5896941689441,112
-7.6926,53.28823,2021/04/12 23:00:00+00,Tue 13 Apr 2021,11440,8559,1,804223,346326,135,804358,346461,17.081628496804,7.35756726560962,113
-7.6926,53.28823,2021/01/01 00:00:00+00,Fri 01 Jan 2021,806,0,0,3114,28,4,3118,32,0.066214941174247,0.000679563219235377,114
-7.6926,53.28823,2021/07/22 23:00:00+00,Fri 23 Jul 2021,26977,20647,5574,2986530,2443907,199981,3186511,2643888,67.6698647902793,56.1465325180557,115
-7.6926,53.28823,2021/04/13 23:00:00+00,Wed 14 Apr 2021,20284,6559,2,824507,352885,137,824644,353022,17.5124291050981,7.49689896190347,116
-7.6926,53.28823,2021/01/02 00:00:00+00,Sat 02 Jan 2021,1014,0,0,4128,28,4,4132,32,0.087748600683768,0.000679563219235377,117
-7.6926,53.28823,2021/07/23 23:00:00+00,Sat 24 Jul 2021,15352,14648,2243,3001882,2458555,202224,3204106,2660779,68.0435183791058,56.505235716059,118
-7.6926,53.28823,2021/04/14 23:00:00+00,Thu 15 Apr 2021,27049,10757,1,851556,363642,138,851694,363780,18.086872388858,7.72535962167017,119
-7.6926,53.28823,2021/01/03 00:00:00+00,Sun 03 Jan 2021,18,2,0,4146,30,4,4150,34,0.0881308549945879,0.000722035920437588,120
-7.6926,53.28823,2021/07/24 23:00:00+00,Sun 25 Jul 2021,14657,13540,1027,3016539,2472095,203251,3219790,2675346,68.3765893019335,56.8145856352653,121
-7.6926,53.28823,2021/04/15 23:00:00+00,Fri 16 Apr 2021,27906,9798,1,879462,373440,139,879601,373579,18.679515225083,7.9334546212104,122
-7.6926,53.28823,2021/01/04 00:00:00+00,Mon 04 Jan 2021,1182,3,0,5328,33,4,5332,37,0.113232221405095,0.000785744972240904,123
-7.6926,53.28823,2021/07/25 23:00:00+00,Mon 26 Jul 2021,23732,18046,3390,3040271,2490141,206641,3246912,2696782,68.9525616029367,57.2698080467505,124
-7.6926,53.28823,2021/04/16 23:00:00+00,Sat 17 Apr 2021,15792,4518,1,895254,377958,140,895394,378098,19.0149009101263,8.0294216895768,125
-7.6926,53.28823,2021/01/05 00:00:00+00,Tue 05 Jan 2021,3509,5,0,8837,38,4,8841,42,0.187750575664374,0.000891926725246432,126
-7.6926,53.28823,2021/07/26 23:00:00+00,Tue 27 Jul 2021,25369,23655,3635,3065640,2513796,210276,3275916,2724072,69.5685007157712,57.8493480546547,127
-7.6926,53.28823,2021/04/17 23:00:00+00,Sun 18 Apr 2021,1032,453,0,896286,378411,140,896426,378551,19.0368168239466,8.0390417563991,128
-7.6926,53.28823,2021/01/06 00:00:00+00,Wed 06 Jan 2021,6757,6,0,15594,44,4,15598,48,0.331244596676044,0.00101934482885307,129
-7.6926,53.28823,2021/07/27 23:00:00+00,Wed 28 Jul 2021,23340,25073,3235,3088980,2538869,213511,3302491,2752380,70.1328567329956,58.4505066674708,130
-7.6926,53.28823,2021/04/18 23:00:00+00,Mon 19 Apr 2021,6688,2216,0,902974,380627,140,903114,380767,19.1788455367668,8.08610150933115,131
-7.6926,53.28823,2021/01/07 00:00:00+00,Thu 07 Jan 2021,11708,6,0,27302,50,4,27306,54,0.579879789513787,0.0011467629324597,132
-7.6926,53.28823,2021/07/28 23:00:00+00,Thu 29 Jul 2021,19164,27672,2937,3108144,2566541,216448,3324592,2782989,70.6022013176306,59.1005301230201,133
-7.6926,53.28823,2021/04/19 23:00:00+00,Tue 20 Apr 2021,15010,7262,0,917984,387889,140,918124,388029,19.4976031592894,8.24031988739637,134
-7.6926,53.28823,2021/01/08 00:00:00+00,Fri 08 Jan 2021,12660,5,0,39962,55,4,39966,59,0.848731988123783,0.00125294468546523,135
-7.6926,53.28823,2021/07/29 23:00:00+00,Fri 30 Jul 2021,21833,22723,2087,3129977,2589264,218535,3348512,2807799,71.1101748240091,59.6274039814335,136
-7.6926,53.28823,2021/04/20 23:00:00+00,Wed 21 Apr 2021,26623,9818,2,944607,397707,142,944749,397849,20.0630209940438,8.44886085029923,137
-7.6926,53.28823,2021/01/09 00:00:00+00,Sat 09 Jan 2021,8067,4,0,48029,59,4,48033,63,1.0200456284229,0.00133789008786965,138
-7.6926,53.28823,2021/07/30 23:00:00+00,Sat 31 Jul 2021,13659,12325,894,3143636,2601589,219429,3363065,2821018,71.4192274343069,59.9081273000295,139
-7.6926,53.28823,2021/04/21 23:00:00+00,Thu 22 Apr 2021,31560,12142,0,976167,409849,142,976309,409991,20.7332402190147,8.70671261929786,140
-7.6926,53.28823,2021/01/10 00:00:00+00,Sun 10 Jan 2021,4762,2,1,52791,61,5,52796,66,1.12119436633597,0.00140159913967296,141
-7.6926,53.28823,2021/07/31 23:00:00+00,Sun 01 Aug 2021,11016,9215,358,3154652,2610804,219787,3374439,2830591,71.6607696860439,60.1114228843339,142
-7.6926,53.28823,2021/04/22 23:00:00+00,Fri 23 Apr 2021,33524,12334,0,1009691,422183,142,1009833,422325,21.4451676365662,8.96864176761189,143
-7.6926,53.28823,2021/01/11 00:00:00+00,Mon 11 Jan 2021,8326,6,0,61117,67,5,61122,72,1.29800822144077,0.0015290172432796,144
-7.6926,53.28823,2021/08/01 23:00:00+00,Mon 02 Aug 2021,14931,15811,409,3169583,2626615,220196,3389779,2846811,71.9865353042649,60.4558764910838,145
-7.6926,53.28823,2021/04/23 23:00:00+00,Sat 24 Apr 2021,23613,6966,0,1033304,429149,142,1033446,429291,21.9466215833101,9.11657418589919,146
-7.6926,53.28823,2021/04/24 23:00:00+00,Sun 25 Apr 2021,9701,273,2,1043005,429422,144,1043149,429566,22.1526778931926,9.1224141823145,147
-7.6926,53.28823,2021/04/25 23:00:00+00,Mon 26 Apr 2021,15511,3005,1,1058516,432427,145,1058661,432572,22.482096163717,9.18625065222142,148
-7.6926,53.28823,2021/04/26 23:00:00+00,Tue 27 Apr 2021,25841,7758,5,1084357,440185,150,1084507,440335,23.0309708813531,9.3511084419378,149
-7.6926,53.28823,2021/04/27 23:00:00+00,Wed 28 Apr 2021,25958,8545,4,1110315,448730,154,1110469,448884,23.582309015659,9.53265800322665,150
-7.6926,53.28823,2021/04/28 23:00:00+00,Thu 29 Apr 2021,31622,11286,2,1141937,460016,156,1142093,460172,24.2538873670684,9.77237392881193,151
-7.6926,53.28823,2021/04/29 23:00:00+00,Fri 30 Apr 2021,36031,13482,4,1177968,473498,160,1178128,473658,25.0191392609792,10.0587673530184,152
-7.6926,53.28823,2021/04/30 23:00:00+00,Sat 01 May 2021,16473,6644,11,1194441,480142,171,1194612,480313,25.3691992642879,10.2000952662688,153
-7.6926,53.28823,2021/05/01 23:00:00+00,Sun 02 May 2021,12375,885,7,1206816,481027,178,1206994,481205,25.6321477574308,10.219038091005,154
-7.6926,53.28823,2021/05/02 23:00:00+00,Mon 03 May 2021,14174,889,12,1220990,481916,190,1221180,482106,25.933406627058,10.2381720428966,155
-7.6926,53.28823,2021/05/03 23:00:00+00,Tue 04 May 2021,26542,6743,5,1247532,488659,195,1247727,488854,26.4971680264656,10.3814749367528,156
-7.6926,53.28823,2021/05/04 23:00:00+00,Wed 05 May 2021,31988,13380,66,1279520,502039,261,1279781,502300,27.1778780086334,10.6670189069353,157
-7.6926,53.28823,2021/05/05 23:00:00+00,Thu 06 May 2021,37183,14329,125,1316703,516368,386,1317089,516754,27.9701637768595,10.9739691185237,158
-7.6926,53.28823,2021/05/06 23:00:00+00,Fri 07 May 2021,40483,15016,90,1357186,531384,476,1357662,531860,28.8317862297981,11.294765430704,159
-7.6926,53.28823,2021/05/07 23:00:00+00,Sat 08 May 2021,25515,6999,9,1382701,538383,485,1383186,538868,29.3738228425407,11.4435897757165,160
-7.6926,53.28823,2021/05/08 23:00:00+00,Sun 09 May 2021,19607,896,1,1402308,539279,486,1402794,539765,29.7902252051272,11.4626387822057,161
-7.6926,53.28823,2021/05/09 23:00:00+00,Mon 10 May 2021,28712,4580,166,1431020,543859,652,1431672,544511,30.4034885377859,11.5634265021586,162
-7.6926,53.28823,2021/05/10 23:00:00+00,Tue 11 May 2021,33827,14762,147,1464847,558621,799,1465646,559420,31.1249723131079,11.8800392532705,163
-7.6926,53.28823,2021/05/11 23:00:00+00,Wed 12 May 2021,31170,20885,152,1496017,579506,951,1496968,580457,31.7901372866357,12.3267883608659,164
-7.6926,53.28823,2021/05/12 23:00:00+00,Thu 13 May 2021,35882,25434,140,1531899,604940,1091,1532990,606031,32.5551131079888,12.8698867911386,165
-7.6926,53.28823,2021/05/13 23:00:00+00,Fri 14 May 2021,38092,27922,228,1569991,632862,1319,1571310,634181,33.3688900630231,13.4676900605597,166
-7.6926,53.28823,2021/05/14 23:00:00+00,Sat 15 May 2021,28737,12404,7,1598728,645266,1326,1600054,646592,33.9793077247013,13.73125440787,167
-7.6926,53.28823,2021/05/15 23:00:00+00,Sun 16 May 2021,23085,1137,5,1621813,646403,1331,1623144,647734,34.4696550600808,13.7555063202565,168
-7.6926,53.28823,2021/05/16 23:00:00+00,Mon 17 May 2021,35292,3901,110,1657105,650304,1441,1658546,651745,35.2214643440612,13.8406853225175,169
-7.6926,53.28823,2021/05/17 23:00:00+00,Tue 18 May 2021,38943,12427,117,1696048,662731,1558,1697606,664289,36.0509561985403,14.1070741044578,170
-7.6926,53.28823,2021/05/18 23:00:00+00,Wed 19 May 2021,36902,17533,195,1732950,680264,1753,1734703,682017,36.8387610967896,14.4835521279142,171
-7.6926,53.28823,2021/05/19 23:00:00+00,Thu 20 May 2021,38954,19615,118,1771904,699879,1871,1773775,701750,37.6685077874759,14.9026090343258,172
-7.6926,53.28823,2021/05/20 23:00:00+00,Fri 21 May 2021,25714,23177,14919,1797618,723056,16790,1814408,739846,38.5314044214507,15.7116290468255,173
-7.6926,53.28823,2021/05/21 23:00:00+00,Sat 22 May 2021,16493,10214,13503,1814111,733270,30293,1844404,763563,39.1684099940814,16.2152915740319,174
-7.6926,53.28823,2021/05/22 23:00:00+00,Sun 23 May 2021,8139,5499,10199,1822250,738769,40492,1862742,779261,39.5578421914045,16.5486598057681,175
-7.6926,53.28823,2021/05/23 23:00:00+00,Mon 24 May 2021,22419,8159,8437,1844669,746928,48929,1893598,795857,40.2131110255522,16.901098280344,176
-7.6926,53.28823,2021/05/24 23:00:00+00,Tue 25 May 2021,30183,16439,3215,1874852,763367,52144,1926996,815511,40.9223626629279,17.3184775150582,177
-7.6926,53.28823,2021/05/25 23:00:00+00,Wed 26 May 2021,19820,25359,3036,1894672,788726,55180,1949852,843906,41.4077406922668,17.9214836903766,178
-7.6926,53.28823,2021/05/26 23:00:00+00,Thu 27 May 2021,16879,35933,544,1911551,824659,55724,1967275,880383,41.7777416287899,18.6961220512531,179
-7.6926,53.28823,2021/05/27 23:00:00+00,Fri 28 May 2021,26885,31764,1535,1938436,856423,57259,1995695,913682,42.3812787128733,19.4032712899193,180
-7.6926,53.28823,2021/05/28 23:00:00+00,Sat 29 May 2021,24361,7350,514,1962797,863773,57773,2020570,921546,42.9095329340758,19.5702739510464,181
-7.6926,53.28823,2021/05/29 23:00:00+00,Sun 30 May 2021,24156,1640,199,1986953,865413,57972,2044925,923385,43.4267442529657,19.6093275998018,182
-7.6926,53.28823,2021/05/30 23:00:00+00,Mon 31 May 2021,22432,7273,3421,2009385,872686,61393,2070778,934079,43.9757676250561,19.83642913313,183
-7.6926,53.28823,2021/05/31 23:00:00+00,Tue 01 Jun 2021,27360,11426,3625,2036745,884112,65018,2101763,949130,44.6337759484313,20.1560574460273,184
-7.6926,53.28823,2021/06/01 23:00:00+00,Wed 02 Jun 2021,18530,20824,3986,2055275,904936,69004,2124279,973940,45.1119336185658,20.6829313044407,185
-7.6926,53.28823,2021/06/02 23:00:00+00,Thu 03 Jun 2021,16540,30635,1964,2071815,935571,70968,2142783,1006539,45.5048910500887,21.3752150976862,186
-7.6926,53.28823,2021/06/03 23:00:00+00,Fri 04 Jun 2021,28883,23277,131,2100698,958848,71099,2171797,1029947,46.1210425264292,21.8723155925568,187
-7.6926,53.28823,2021/06/04 23:00:00+00,Sat 05 Jun 2021,20811,11420,21,2121509,970268,71120,2192629,1041388,46.5634381821514,22.1152806797841,188
-7.6926,53.28823,2021/06/05 23:00:00+00,Sun 06 Jun 2021,19820,3846,27,2141329,974114,71147,2212476,1045261,46.9849160325315,22.1975290656622,189
-7.6926,53.28823,2021/06/06 23:00:00+00,Mon 07 Jun 2021,19656,4488,22,2160985,978602,71169,2232154,1049771,47.4028049396601,22.2933050068731,190
-7.6926,53.28823,2021/06/07 23:00:00+00,Tue 08 Jun 2021,26276,18247,27,2187261,996849,71196,2258457,1068045,47.961384669521,22.6813780777577,191
-7.6926,53.28823,2021/06/08 23:00:00+00,Wed 09 Jun 2021,32636,20022,156,2219897,1016871,71352,2291249,1088223,48.6577670784324,23.1098851601869,192
-7.6926,53.28823,2021/06/09 23:00:00+00,Thu 10 Jun 2021,27544,27383,248,2247441,1044254,71600,2319041,1115854,49.2479677343383,23.696666763646,193
-7.6926,53.28823,2021/06/10 23:00:00+00,Fri 11 Jun 2021,26299,32807,19,2273740,1077061,71619,2345359,1148680,49.8068660094582,24.3937712084779,194
-7.6926,53.28823,2021/06/11 23:00:00+00,Sat 12 Jun 2021,12073,19637,92,2285813,1096698,71711,2357524,1168409,50.0652062145207,24.8127431694871,195
-7.6926,53.28823,2021/06/12 23:00:00+00,Sun 13 Jun 2021,8466,18117,817,2294279,1114815,72528,2366807,1187343,50.2623432571508,25.2148322317684,196
-7.6926,53.28823,2021/06/13 23:00:00+00,Mon 14 Jun 2021,15906,31205,22,2310185,1146020,72550,2382735,1218570,50.6005958495252,25.8779797519892,197
-7.6926,53.28823,2021/06/14 23:00:00+00,Tue 15 Jun 2021,14549,41417,192,2324734,1187437,72742,2397476,1260179,50.9136408937361,26.7616030641506,198
-7.6926,53.28823,2021/06/15 23:00:00+00,Wed 16 Jun 2021,13290,48252,201,2338024,1235689,72943,2410967,1308632,51.2001404996956,27.7905679598259,199
-7.6926,53.28823,2021/06/16 23:00:00+00,Thu 17 Jun 2021,21434,42542,512,2359458,1278231,73455,2432913,1351686,51.6661934499874,28.7048777986059,200
-7.6926,53.28823,2021/06/17 23:00:00+00,Fri 18 Jun 2021,11894,49943,535,2371352,1328174,73990,2445342,1402164,51.9301400516086,29.7768463042485,201
-7.6926,53.28823,2021/06/18 23:00:00+00,Sat 19 Jun 2021,6194,32700,412,2377546,1360874,74402,2451948,1435276,52.0704273836795,30.4800243453523,202
-7.6926,53.28823,2021/06/19 23:00:00+00,Sun 20 Jun 2021,8422,26079,168,2385968,1386953,74570,2460538,1461523,52.252847635343,31.0374148395795,203
-7.6926,53.28823,2021/06/20 23:00:00+00,Mon 21 Jun 2021,15344,32206,549,2401312,1419159,75119,2476431,1494278,52.5903569554463,31.7330115035188,204
-7.6926,53.28823,2021/06/21 23:00:00+00,Tue 22 Jun 2021,15011,43423,699,2416323,1462582,75818,2492141,1538400,52.9239800233897,32.6700017647407,205
-7.6926,53.28823,2021/06/22 23:00:00+00,Wed 23 Jun 2021,19936,39246,866,2436259,1501828,76684,2512943,1578512,53.3657385885939,33.5218342600523,206
-7.6926,53.28823,2021/06/23 23:00:00+00,Thu 24 Jun 2021,18879,44132,1014,2455138,1545960,77698,2532836,1623658,53.7881933111017,34.4805705442898,207
-7.6926,53.28823,2021/06/24 23:00:00+00,Fri 25 Jun 2021,15053,50030,804,2470191,1595990,78502,2548693,1674492,54.1249381225834,35.5600991907464,208
-7.6926,53.28823,2021/06/25 23:00:00+00,Sat 26 Jun 2021,8936,30437,471,2479127,1626427,78973,2558100,1705400,54.324708472688,36.2164723151254,209
-7.6926,53.28823,2021/06/26 23:00:00+00,Sun 27 Jun 2021,8641,30381,45,2487768,1656808,79018,2566786,1735826,54.5091674140092,36.8626095185146,210
-7.6926,53.28823,2021/06/27 23:00:00+00,Mon 28 Jun 2021,24097,24513,493,2511865,1681321,79511,2591376,1760832,55.0313692752904,37.3936457016458,211
-7.6926,53.28823,2021/06/28 23:00:00+00,Tue 29 Jun 2021,28012,30854,780,2539877,1712175,80291,2620168,1792466,55.6428062817975,38.0654364165612,212
-7.6926,53.28823,2021/06/29 23:00:00+00,Wed 30 Jun 2021,22406,36700,556,2562283,1748875,80847,2643130,1829722,56.1304353643,38.856617894556,213
-7.6926,53.28823,2021/06/30 23:00:00+00,Thu 01 Jul 2021,14772,48179,606,2577055,1797054,81453,2658508,1878507,56.4570079638438,39.8926332586309,214
-7.6926,53.28823,2021/07/01 23:00:00+00,Fri 02 Jul 2021,13498,47108,796,2590553,1844162,82249,2672802,1926411,56.760560359336,40.9099393978263,215
-7.6926,53.28823,2021/07/02 23:00:00+00,Sat 03 Jul 2021,9195,30334,483,2599748,1874496,82732,2682480,1957228,56.9660857604535,41.5643800143006,216
-7.6926,53.28823,2021/07/03 23:00:00+00,Sun 04 Jul 2021,6357,27699,212,2606105,1902195,82944,2689049,1985139,57.1055873475522,42.157107795928,217
-7.6926,53.28823,2021/07/04 23:00:00+00,Mon 05 Jul 2021,15411,33269,5314,2621516,1935464,88258,2709774,2023722,57.5457107137601,42.9764699111705,218
-7.6926,53.28823,2021/07/05 23:00:00+00,Tue 06 Jul 2021,12239,48184,5462,2633755,1983648,93720,2727475,2077368,57.9216153557503,44.1157151755174,219
-7.6926,53.28823,2021/07/06 23:00:00+00,Wed 07 Jul 2021,19534,43581,5025,2653289,2027229,98745,2752034,2125974,58.4431588901628,45.1479292328347,220
-7.6926,53.28823,2021/07/07 23:00:00+00,Thu 08 Jul 2021,17633,45451,5965,2670922,2072680,104710,2775632,2177390,58.9442942916477,46.2398174353412,221
-7.6926,53.28823,2021/07/08 23:00:00+00,Fri 09 Jul 2021,13388,44937,6513,2684310,2117617,111223,2795533,2228840,59.3669189049603,47.332427673768,222
-7.6926,53.28823,2021/07/09 23:00:00+00,Sat 10 Jul 2021,8513,23706,4335,2692823,2141323,115558,2808381,2256881,59.6397635374833,47.9279161809736,223
-7.6926,53.28823,2021/07/10 23:00:00+00,Sun 11 Jul 2021,15155,16011,2139,2707978,2157334,117697,2825675,2275031,60.0070249847788,48.3133559443837,224
-7.6926,53.28823,2021/07/11 23:00:00+00,Mon 12 Jul 2021,16996,31591,6061,2724974,2188925,123758,2848732,2312683,60.4966715205885,49.1129470172165,225
-7.6926,53.28823,2021/07/12 23:00:00+00,Tue 13 Jul 2021,19971,36378,8463,2744945,2225303,132221,2877166,2357524,61.1005059135804,50.0652062145207,226
-7.6926,53.28823,2021/07/13 23:00:00+00,Wed 14 Jul 2021,20680,35511,9305,2765625,2260814,141526,2907151,2402340,61.7372778863545,51.0169345030598,227
-7.6926,53.28823,2021/07/14 23:00:00+00,Thu 15 Jul 2021,23486,28664,9542,2789111,2289478,151068,2940179,2440546,62.4386720740078,51.8282905141257,228
-7.6926,53.28823,2021/07/15 23:00:00+00,Fri 16 Jul 2021,23436,27218,9135,2812547,2316696,160203,2972750,2476899,63.1303612494364,52.6002955675277,229
-7.6926,53.28823,2021/07/16 23:00:00+00,Sat 17 Jul 2021,11406,19281,4651,2823953,2335977,164854,2988807,2500831,63.4713533310384,53.1085239101133,230
-7.6926,53.28823,2021/07/17 23:00:00+00,Sun 18 Jul 2021,16787,15698,1915,2840740,2351675,166769,3007509,2518444,63.8685155599803,53.4825597532506,231
-7.6926,53.28823,2021/07/18 23:00:00+00,Mon 19 Jul 2021,24754,18233,6213,2865494,2369908,172982,3038476,2542890,64.5261416290447,54.0017035800452,232
-7.6926,53.28823,2021/08/02 23:00:00+00,Tue 03 Aug 2021,17248,25254,1091,3186831,2651869,221287,3408118,2873156,72.3759887379385,61.0153481476699,233
-7.6926,53.28823,2021/08/03 23:00:00+00,Wed 04 Aug 2021,22011,17091,1558,3208842,2668960,222845,3431687,2891805,72.876508285256,61.4113848500299,234
-7.6926,53.28823,2021/08/04 23:00:00+00,Thu 05 Aug 2021,13436,29863,1411,3222278,2698823,224256,3446534,2923079,73.1918043826306,62.0755304787289,235
-7.6926,53.28823,2021/08/05 23:00:00+00,Fri 06 Aug 2021,12097,24574,932,3234375,2723397,225188,3459563,2948585,73.4684927946124,62.6171848371607,236
-7.6926,53.28823,2021/08/06 23:00:00+00,Sat 07 Aug 2021,6292,8309,568,3240667,2731706,225756,3466423,2957462,73.614174159736,62.8056999214467,237
-7.6926,53.28823,2021/08/07 23:00:00+00,Sun 08 Aug 2021,8573,11864,148,3249240,2743570,225904,3475144,2969474,73.7993763733283,63.0607909648672,238
-7.6926,53.28823,2021/08/08 23:00:00+00,Mon 09 Aug 2021,5476,22843,591,3254716,2766413,226495,3481211,2992908,73.9282173124252,63.5584436048535,239
-7.6926,53.28823,2021/08/09 23:00:00+00,Tue 10 Aug 2021,9257,25818,694,3263973,2792231,227189,3491162,3019420,74.1395402372568,64.12146173199,240
-7.6926,53.28823,2021/08/10 23:00:00+00,Wed 11 Aug 2021,6936,31026,642,3270909,2823257,227831,3498740,3051088,74.3004693021119,64.7939744828258,241
-7.6926,53.28823,2021/08/11 23:00:00+00,Thu 12 Aug 2021,6684,38122,854,3277593,2861379,228685,3506278,3090064,74.4605489129431,65.6216824838545,242
-7.6926,53.28823,2021/08/12 23:00:00+00,Fri 13 Aug 2021,10844,28086,850,3288437,2889465,229535,3517972,3119000,74.7088867968724,66.2361775248481,243
-7.6926,53.28823,2021/08/13 23:00:00+00,Sat 14 Aug 2021,18068,5733,270,3306505,2895198,229805,3536310,3125003,75.0983189941955,66.3636593375066,244
-7.6926,53.28823,2021/08/14 23:00:00+00,Sun 15 Aug 2021,16961,3654,41,3323466,2898852,229846,3553312,3128698,75.4593794271155,66.4421276529776,245
-7.6926,53.28823,2021/08/15 23:00:00+00,Mon 16 Aug 2021,10131,22994,370,3333597,2921846,230216,3563813,3152062,75.6823823447777,66.9382937484219,246
-7.6926,53.28823,2021/08/16 23:00:00+00,Tue 17 Aug 2021,12826,26728,520,3346423,2948574,230736,3577159,3179310,75.9658026799,67.5169418296008,247
-7.6926,53.28823,2021/08/17 23:00:00+00,Wed 18 Aug 2021,15172,25628,650,3361595,2974202,231386,3592981,3205588,76.3018042191107,68.0749906506966,248
-7.6926,53.28823,2021/08/18 23:00:00+00,Thu 19 Aug 2021,11319,25562,535,3372914,2999764,231921,3604835,3231685,76.5535399191362,68.6291956923337,249
-7.6926,53.28823,2021/08/19 23:00:00+00,Fri 20 Aug 2021,14784,22110,673,3387698,3021874,232594,3620292,3254468,76.8817901903775,69.1130234680787,250
-7.6926,53.28823,2021/08/20 23:00:00+00,Sat 21 Aug 2021,11822,7877,235,3399520,3029751,232829,3632349,3262580,77.137836869575,69.2852927441549,251
-7.6926,53.28823,2021/08/21 23:00:00+00,Sun 22 Aug 2021,7989,12199,157,3407509,3041950,232986,3640495,3274936,77.3108281815717,69.5476890921821,252
-7.6926,53.28823,2021/08/22 23:00:00+00,Mon 23 Aug 2021,10826,15238,278,3418335,3057188,233264,3651599,3290452,77.5466366186463,69.8771923081089,253
-7.6926,53.28823,2021/08/23 23:00:00+00,Tue 24 Aug 2021,9706,22789,381,3428041,3079977,233645,3661686,3313622,77.7608476871597,70.3692385515365,254
-7.6926,53.28823,2021/08/24 23:00:00+00,Wed 25 Aug 2021,9372,19382,307,3437413,3099359,233952,3671365,3333311,77.9663943246278,70.7873610585217,255
-7.6926,53.28823,2021/08/25 23:00:00+00,Thu 26 Aug 2021,8534,19320,364,3445947,3118679,234316,3680263,3352995,78.1553553722764,71.2053773837538,256
-7.6926,53.28823,2021/08/26 23:00:00+00,Fri 27 Aug 2021,9672,19101,428,3455619,3137780,234744,3690363,3372524,78.3698425133476,71.6201020746428,257
-7.6926,53.28823,2021/08/27 23:00:00+00,Sat 28 Aug 2021,9892,7838,149,3465511,3145618,234893,3700404,3380511,78.5830767097333,71.7897168068938,258
-7.6926,53.28823,2021/08/28 23:00:00+00,Sun 29 Aug 2021,8786,9150,26,3474297,3154768,234919,3709216,3389687,78.7702114312302,71.9845815600096,259
-7.6926,53.28823,2021/08/29 23:00:00+00,Mon 30 Aug 2021,5029,11019,80,3479326,3165787,234999,3714325,3400786,78.8787079464513,72.2202838153312,260
-7.6926,53.28823,2021/08/30 23:00:00+00,Tue 31 Aug 2021,4027,12763,140,3483353,3178550,235139,3718492,3413689,78.9671998194061,72.4942964471373,261
-7.6926,53.28823,2021/08/31 23:00:00+00,Wed 01 Sep 2021,4911,12438,178,3488264,3190988,235317,3723581,3426305,79.0752716076151,72.7622142463209,262
-7.6926,53.28823,2021/09/01 23:00:00+00,Thu 02 Sep 2021,4977,12282,243,3493241,3203270,235560,3728801,3438830,79.1861253577529,73.0281995375997,263
-7.6926,53.28823,2021/09/02 23:00:00+00,Fri 03 Sep 2021,4738,15970,160,3497979,3219240,235720,3733699,3454960,79.2901410029971,73.3707418727955,264
-7.6926,53.28823,2021/09/03 23:00:00+00,Sat 04 Sep 2021,4607,10531,130,3502586,3229771,235850,3738436,3465621,79.3907375957945,73.5971426065539,265
-7.6926,53.28823,2021/09/04 23:00:00+00,Sun 05 Sep 2021,5298,11858,1,3507884,3241629,235851,3743735,3477480,79.5032690176298,73.8489844883324,266
-7.6926,53.28823,2021/09/05 23:00:00+00,Mon 06 Sep 2021,2128,9612,71,3510012,3251241,235922,3745934,3487163,79.5499677526016,74.0546160712029,267
-7.6926,53.28823,2021/09/06 23:00:00+00,Tue 07 Sep 2021,3015,9929,151,3513027,3261170,236073,3749100,3497243,79.6172020386047,74.2686784852621,268
-7.6926,53.28823,2021/09/07 23:00:00+00,Wed 08 Sep 2021,2581,14733,182,3515608,3275903,236255,3751863,3512158,79.6758780753156,74.5854186544776,269
-7.6926,53.28823,2021/09/08 23:00:00+00,Thu 09 Sep 2021,3092,14735,136,3518700,3290638,236391,3755091,3527029,79.7444290150559,74.9012244242666,270
-7.6926,53.28823,2021/09/09 23:00:00+00,Fri 10 Sep 2021,3356,13886,112,3522056,3304524,236503,3758559,3541027,79.8180766789406,75.1984908599809,271
-7.6926,53.28823,2021/09/10 23:00:00+00,Sat 11 Sep 2021,2543,11269,58,3524599,3315793,236561,3761160,3552354,79.873312426854,75.4390350032396,272
-7.6926,53.28823,2021/09/11 23:00:00+00,Sun 12 Sep 2021,2025,12853,1,3526624,3328646,236562,3763186,3565208,79.9163372731719,75.7120070538662,273
-7.6926,53.28823,2021/09/12 23:00:00+00,Mon 13 Sep 2021,1586,7679,49,3528210,3336325,236611,3764821,3572936,79.9510587064047,75.8761215713116,274
-7.6926,53.28823,2021/09/13 23:00:00+00,Tue 14 Sep 2021,1526,10720,80,3529736,3347045,236691,3766427,3583736,79.9851642854701,76.1054741578035,275
-7.6926,53.28823,2021/09/14 23:00:00+00,Wed 15 Sep 2021,3254,12357,133,3532990,3359402,236824,3769814,3596226,80.057091804956,76.3707161768113,276
-7.6926,53.28823,2021/09/15 23:00:00+00,Thu 16 Sep 2021,1889,10544,110,3534879,3369946,236934,3771813,3606880,80.0995432698076,76.5969682561155,277
-7.6926,53.28823,2021/09/16 23:00:00+00,Fri 17 Sep 2021,2545,14555,89,3537424,3384501,237023,3774447,3621524,80.1554798172909,76.9079533743181,278
-7.6926,53.28823,2021/09/17 23:00:00+00,Sat 18 Sep 2021,2273,11192,42,3539697,3395693,237065,3776762,3632758,80.2046419689325,77.1465225369709,279
-7.6926,53.28823,2021/09/18 23:00:00+00,Sun 19 Sep 2021,1855,8473,11,3541552,3404166,237076,3778628,3641242,80.2442689991542,77.3266917354707,280
-7.6926,53.28823,2021/09/19 23:00:00+00,Mon 20 Sep 2021,950,5575,32,3542502,3409741,237108,3779610,3646849,80.2651230954445,77.4457639532911,281
-7.6926,53.28823,2021/09/20 23:00:00+00,Tue 21 Sep 2021,1447,6620,90,3543949,3416361,237198,3781147,3653559,80.2977633663183,77.5882598658245,282
-7.6926,53.28823,2021/09/21 23:00:00+00,Wed 22 Sep 2021,1888,8092,95,3545837,3424453,237293,3783130,3661746,80.3398750495603,77.7621218681957,283
-7.6926,53.28823,2021/09/22 23:00:00+00,Thu 23 Sep 2021,1685,8720,87,3547522,3433173,237380,3784902,3670553,80.3775058628255,77.9491504079397,284
-7.6926,53.28823,2021/09/23 23:00:00+00,Fri 24 Sep 2021,1904,7343,79,3549426,3440516,237459,3786885,3677975,80.4196175460675,78.1067666021011,285
-7.6926,53.28823,2021/09/24 23:00:00+00,Sat 25 Sep 2021,2402,6563,51,3551828,3447079,237510,3789338,3684589,80.471710314092,78.2472238249768,286
-7.6926,53.28823,2021/09/25 23:00:00+00,Sun 26 Sep 2021,1537,7085,0,3553365,3454164,237510,3790875,3691674,80.5043505849659,78.3976833689856,287
-7.6926,53.28823,2021/09/26 23:00:00+00,Mon 27 Sep 2021,1165,3745,45,3554530,3457909,237555,3792085,3695464,80.5300465691932,78.4781691377638,288
-7.6926,53.28823,2021/09/27 23:00:00+00,Tue 28 Sep 2021,1436,5082,91,3555966,3462991,237646,3793612,3700637,80.5624744765611,78.5880247794233,289
-7.6926,53.28823,2021/09/28 23:00:00+00,Wed 29 Sep 2021,1641,3562,75,3557607,3466553,237721,3795328,3704274,80.5989160541926,78.6652613865596,290
-7.6926,53.28823,2021/09/29 23:00:00+00,Thu 30 Sep 2021,1272,3915,77,3558879,3470468,237798,3796677,3708266,80.6275638911535,78.7500368981592,291
-7.6926,53.28823,2021/09/30 23:00:00+00,Fri 01 Oct 2021,1833,5125,41,3560712,3475593,237839,3798551,3713432,80.66736081218,78.8597438853645,292
-7.6926,53.28823,2021/10/01 23:00:00+00,Sat 02 Oct 2021,1706,4048,39,3562418,3479641,237878,3800296,3717519,80.7044182439789,78.9465368502712,293
-7.6926,53.28823,2021/10/02 23:00:00+00,Sun 03 Oct 2021,1201,2996,9,3563619,3482637,237887,3801506,3720524,80.7301142282062,79.0103520838275,294
-7.6926,53.28823,2021/10/03 23:00:00+00,Mon 04 Oct 2021,332,1194,17,3563951,3483831,237904,3801855,3721735,80.737525714566,79.0360693044055,295
-7.6926,53.28823,2021/10/04 23:00:00+00,Tue 05 Oct 2021,959,2775,69,3564910,3486606,237973,3802883,3724579,80.759356682984,79.096465485515,296
-7.6926,53.28823,2021/10/05 23:00:00+00,Wed 06 Oct 2021,975,2515,35,3565885,3489121,238008,3803893,3727129,80.7808053970911,79.1506181795478,297
-7.6926,53.28823,2021/10/06 23:00:00+00,Thu 07 Oct 2021,1207,2652,43,3567092,3491773,238051,3805143,3729824,80.8073508353425,79.2078501444178,298
-7.6926,53.28823,2021/10/07 23:00:00+00,Fri 08 Oct 2021,978,2728,45,3568070,3494501,238096,3806166,3732597,80.8290756220074,79.2667385446347,299
-7.6926,53.28823,2021/10/08 23:00:00+00,Sat 09 Oct 2021,728,2340,20,3568798,3496841,238116,3806914,3734957,80.844960412257,79.3168563320533,300
-7.6926,53.28823,2021/10/09 23:00:00+00,Sun 10 Oct 2021,1526,3899,0,3570324,3500740,238116,3808440,3738856,80.8773670832743,79.399656863047,301
-7.6926,53.28823,2021/10/10 23:00:00+00,Mon 11 Oct 2021,329,1086,13,3570653,3501826,238129,3808782,3739955,80.8846299151799,79.4229956123576,302
-7.6926,53.28823,2021/10/11 23:00:00+00,Tue 12 Oct 2021,560,1573,20,3571213,3503399,238149,3809362,3741548,80.8969469985285,79.4568251188652,303
-7.6926,53.28823,2021/10/12 23:00:00+00,Wed 13 Oct 2021,1032,2000,9,3572245,3505399,238158,3810403,3743557,80.9190540395043,79.4994889472228,304
-7.6926,53.28823,2021/10/13 23:00:00+00,Thu 14 Oct 2021,700,1541,7,3572945,3506940,238165,3811110,3745105,80.9340681393793,79.5323628179533,305
-7.6926,53.28823,2021/10/14 23:00:00+00,Fri 15 Oct 2021,953,2017,7,3573898,3508957,238172,3812070,3747129,80.9544550359563,79.5753451915699,306
-7.6926,53.28823,2021/10/15 23:00:00+00,Sat 16 Oct 2021,1371,2606,11,3575269,3511563,238183,3813452,3749746,80.9838036724871,79.630920721093,307
-7.6926,53.28823,2021/10/16 23:00:00+00,Sun 17 Oct 2021,1708,2877,2,3576977,3514440,238185,3815162,3752625,81.0201178320149,79.6920601744736,308
-7.6926,53.28823,2021/10/17 23:00:00+00,Mon 18 Oct 2021,668,1182,4,3577645,3515622,238189,3815834,3753811,81.0343886596189,79.7172464862865,309
-7.6926,53.28823,2021/10/18 23:00:00+00,Tue 19 Oct 2021,1328,1744,10,3578973,3517366,238199,3817172,3755565,81.0628028967232,79.7544950452409,310
-7.6926,53.28823,2021/10/19 23:00:00+00,Wed 20 Oct 2021,2244,2270,0,3581217,3519636,238199,3819416,3757835,81.110457267472,79.8027015611054,311
-7.6926,53.28823,2021/10/20 23:00:00+00,Thu 21 Oct 2021,1750,1776,10,3582967,3521412,238209,3821176,3759621,81.14783324453,79.8406296832789,312
-7.6926,53.28823,2021/10/21 23:00:00+00,Fri 22 Oct 2021,1493,1888,1,3584460,3523300,238210,3822670,3761510,81.1795603523281,79.8807451495644,313
-7.6926,53.28823,2021/10/22 23:00:00+00,Sat 23 Oct 2021,2006,1667,0,3586466,3524967,238210,3824676,3763177,81.2221604716339,79.9161461460165,314
-7.6926,53.28823,2021/10/23 23:00:00+00,Sun 24 Oct 2021,1943,2172,2,3588409,3527139,238212,3826621,3765351,81.263465173553,79.9623139722233,315
-7.6926,53.28823,2021/10/24 23:00:00+00,Mon 25 Oct 2021,1215,814,1,3589624,3527953,238213,3827837,3766166,81.289288575884,79.9796215979632,316
-7.6926,53.28823,2021/10/25 23:00:00+00,Tue 26 Oct 2021,1238,1177,6,3590862,3529130,238219,3829081,3767349,81.3157065960317,80.0047442007243,317
-7.6926,53.28823,2021/10/26 23:00:00+00,Wed 27 Oct 2021,1551,1386,4,3592413,3530516,238223,3830636,3768739,81.3487291212165,80.0342627280598,318
-7.6926,53.28823,2021/10/27 23:00:00+00,Thu 28 Oct 2021,2143,1652,2,3594556,3532168,238225,3832781,3770393,81.3942810932558,80.069387651954,319
-7.6926,53.28823,2021/10/28 23:00:00+00,Fri 29 Oct 2021,2132,1322,0,3596688,3533490,238225,3834913,3771715,81.4395569927374,80.0974621074487,320
-7.6926,53.28823,2021/01/12 00:00:00+00,Tue 12 Jan 2021,8856,7,0,69973,74,5,69978,79,1.48607734236416,0.00167767169748734,321
-7.6926,53.28823,2021/01/13 00:00:00+00,Wed 13 Jan 2021,9865,5,0,79838,79,5,79843,84,1.69557394104407,0.00178385345049286,322
-7.6926,53.28823,2021/01/14 00:00:00+00,Thu 14 Jan 2021,8052,3,0,87890,82,5,87895,87,1.86656903608417,0.00184756250229618,323
-7.6926,53.28823,2021/01/15 00:00:00+00,Fri 15 Jan 2021,7662,3,0,95552,85,5,95557,90,2.02928195438984,0.0019112715540995,324
-7.6926,53.28823,2021/01/16 00:00:00+00,Sat 16 Jan 2021,5210,3,0,100762,88,5,100767,93,2.1399233410216,0.00197498060590281,325
-7.6926,53.28823,2021/01/17 00:00:00+00,Sun 17 Jan 2021,1104,4,0,101866,92,5,101871,97,2.16336827208522,0.00205992600830724,326
-7.6926,53.28823,2021/01/18 00:00:00+00,Mon 18 Jan 2021,8680,5,0,110546,97,5,110551,102,2.34769979530282,0.00216610776131276,327
-7.6926,53.28823,2021/01/19 00:00:00+00,Tue 19 Jan 2021,8362,16,0,118908,113,5,118913,118,2.52527815902926,0.00250588937093045,328
-7.6926,53.28823,2021/01/20 00:00:00+00,Wed 20 Jan 2021,8429,957,0,127337,1070,5,127342,1075,2.70427935824598,0.0228290768961884,329
-7.6926,53.28823,2021/01/21 00:00:00+00,Thu 21 Jan 2021,8962,957,0,136299,2027,5,136304,2032,2.89459953233309,0.0431522644214464,330
-7.6926,53.28823,2021/01/22 00:00:00+00,Fri 22 Jan 2021,6741,964,0,143040,2991,5,143045,2996,3.03775377173514,0.0636241064009121,331
-7.6926,53.28823,2021/01/23 00:00:00+00,Sat 23 Jan 2021,4163,456,0,147203,3447,5,147208,3452,3.12616069928754,0.0733078822750163,332
-7.6926,53.28823,2021/01/24 00:00:00+00,Sun 24 Jan 2021,1174,396,0,148377,3843,5,148382,3848,3.15109217489324,0.081717477113054,333
-7.6926,53.28823,2021/01/25 00:00:00+00,Mon 25 Jan 2021,1339,1283,0,149716,5126,5,149721,5131,3.17952764834812,0.108963714934272,334
-7.6926,53.28823,2021/01/26 00:00:00+00,Tue 26 Jan 2021,988,3496,0,150704,8622,5,150709,8627,3.20050916274201,0.183205996635737,335
-7.6926,53.28823,2021/01/27 00:00:00+00,Wed 27 Jan 2021,2146,6696,0,152850,15318,5,152855,15323,3.24608237113198,0.32540460026074,336
-7.6926,53.28823,2021/01/28 00:00:00+00,Thu 28 Jan 2021,963,11534,0,153813,26852,5,153818,26857,3.26653297676085,0.570344668093891,337
-7.6926,53.28823,2021/01/29 00:00:00+00,Fri 29 Jan 2021,1546,11522,0,155359,38374,5,155364,38379,3.29936437479016,0.815029899719829,338
-7.6926,53.28823,2021/01/30 00:00:00+00,Sat 30 Jan 2021,610,7795,0,155969,46169,5,155974,46174,3.31231854865683,0.980567252655446,339
-7.6926,53.28823,2021/01/31 00:00:00+00,Sun 31 Jan 2021,206,4083,0,156175,50252,5,156180,50257,3.31669323688066,1.06727527215976,340
-7.6926,53.28823,2021/02/01 00:00:00+00,Mon 01 Feb 2021,993,8332,0,157168,58584,5,157173,58589,3.33778093302756,1.24421654536817,341
-7.6926,53.28823,2021/02/02 00:00:00+00,Tue 02 Feb 2021,812,5099,0,157980,63683,5,157985,63688,3.35502484971566,1.35250069708321,342
-7.6926,53.28823,2021/02/03 00:00:00+00,Wed 03 Feb 2021,1375,6862,0,159355,70545,5,159360,70550,3.38422483179218,1.49822453490799,343
-7.6926,53.28823,2021/02/04 00:00:00+00,Thu 04 Feb 2021,1399,10531,0,160754,81076,5,160759,81081,3.41393448628312,1.72186454308824,344
-7.6926,53.28823,2021/02/05 00:00:00+00,Fri 05 Feb 2021,3361,8604,0,164115,89680,5,164120,89685,3.48530986065344,1.90458210366015,345
-7.6926,53.28823,2021/02/06 00:00:00+00,Sat 06 Feb 2021,880,3864,0,164995,93544,5,165000,93549,3.50399784918241,1.98663936238282,346
-7.6926,53.28823,2021/02/07 00:00:00+00,Sun 07 Feb 2021,308,1295,1,165303,94839,6,165309,94845,3.51055988151815,2.01416167276185,347
-7.6926,53.28823,2021/02/08 00:00:00+00,Mon 08 Feb 2021,1143,870,0,166446,95709,6,166452,95715,3.53483303025522,2.03263729778482,348
-7.6926,53.28823,2021/02/09 00:00:00+00,Tue 09 Feb 2021,4214,531,1,170660,96240,7,170667,96247,3.62434424803888,2.0439350363046,349
-7.6926,53.28823,2021/02/10 00:00:00+00,Wed 10 Feb 2021,8791,577,0,179451,96817,7,179458,96824,3.81103300617319,2.05618841060144,350
-7.6926,53.28823,2021/02/11 00:00:00+00,Thu 11 Feb 2021,6150,436,0,185601,97253,7,185608,97260,3.94163656236999,2.06544745946352,351
-7.6926,53.28823,2021/02/12 00:00:00+00,Fri 12 Feb 2021,4364,516,0,189965,97769,7,189972,97776,4.03431199639322,2.07640541637369,352
-7.6926,53.28823,2021/02/13 00:00:00+00,Sat 13 Feb 2021,1194,1910,0,191159,99679,7,191166,99686,4.05966819901094,2.11696684602181,353
-7.6926,53.28823,2021/02/14 00:00:00+00,Sun 14 Feb 2021,2683,22,0,193842,99701,7,193849,99708,4.1166453276737,2.11743404573503,354
-7.6926,53.28823,2021/02/15 00:00:00+00,Mon 15 Feb 2021,1935,7872,0,195777,107573,7,195784,107580,4.15773766608684,2.28460659766693,355
-7.6926,53.28823,2021/02/16 00:00:00+00,Tue 16 Feb 2021,5610,8151,0,201387,115724,7,201394,115731,4.27687359295905,2.45770409141654,356
-7.6926,53.28823,2021/02/17 00:00:00+00,Wed 17 Feb 2021,9705,8458,0,211092,124182,7,211099,124189,4.48297237554277,2.63732114480069,357
-7.6926,53.28823,2021/02/18 00:00:00+00,Thu 18 Feb 2021,8442,8336,0,219534,132518,7,219541,132525,4.66224964731731,2.81434736341151,358
-7.6926,53.28823,2021/02/19 00:00:00+00,Fri 19 Feb 2021,9365,6576,0,228899,139094,7,228906,139101,4.86112807069666,2.95399760496438,359
-7.6926,53.28823,2021/02/20 00:00:00+00,Sat 20 Feb 2021,5866,3564,1,234765,142658,8,234773,142666,4.98572173967335,3.02970519485732,360
-7.6926,53.28823,2021/02/21 00:00:00+00,Sun 21 Feb 2021,1097,1016,4,235862,143674,12,235874,143686,5.00910296168516,3.05136627247045,361
-7.6926,53.28823,2021/02/22 00:00:00+00,Mon 22 Feb 2021,3923,1109,1,239785,144783,13,239798,144796,5.0924344014439,3.07493862163768,362
-7.6926,53.28823,2021/02/23 00:00:00+00,Tue 23 Feb 2021,13337,1056,0,253122,145839,13,253135,145852,5.37566360941085,3.09736420787244,363
-7.6926,53.28823,2021/02/24 00:00:00+00,Wed 24 Feb 2021,16905,2091,2,270027,147930,15,270042,147945,5.73470658902374,3.14181188968056,364
-7.6926,53.28823,2021/02/25 00:00:00+00,Thu 25 Feb 2021,18039,1745,2,288066,149675,17,288083,149692,6.11783159021828,3.17891179418069,365
-7.6926,53.28823,2021/02/26 00:00:00+00,Fri 26 Feb 2021,16058,2754,0,304124,152429,17,304141,152446,6.45884490817083,3.23739670373613,366
-7.6926,53.28823,2021/02/27 00:00:00+00,Sat 27 Feb 2021,8964,699,1,313088,153128,18,313106,153146,6.64922879130975,3.25226214915691,367
-7.6926,53.28823,2021/02/28 00:00:00+00,Sun 28 Feb 2021,2423,47,1,315511,153175,19,315530,153194,6.70070570516682,3.25328149398576,368
-7.6926,53.28823,2021/03/01 00:00:00+00,Mon 01 Mar 2021,5558,780,0,321069,153955,19,321088,153974,6.81873734180777,3.26984584745462,369
-7.6926,53.28823,2021/03/02 00:00:00+00,Tue 02 Mar 2021,12148,1599,0,333217,155554,19,333236,155573,7.07671652891,3.30380277206579,370
-7.6926,53.28823,2021/03/03 00:00:00+00,Wed 03 Mar 2021,12835,1491,1,346052,157045,20,346072,157065,7.34930632522579,3.33548740716264,371
-7.6926,53.28823,2021/03/04 00:00:00+00,Thu 04 Mar 2021,18701,1679,2,364753,158724,22,364775,158746,7.74648979051827,3.3711857125231,372
-7.6926,53.28823,2021/03/05 00:00:00+00,Fri 05 Mar 2021,18400,2385,5,383153,161109,27,383180,161136,8.13734482333162,3.42194059045974,373
-7.6926,53.28823,2021/03/06 00:00:00+00,Sat 06 Mar 2021,10409,130,2,393562,161239,29,393591,161268,8.35843646943972,3.42474378873909,374
-7.6926,53.28823,2021/03/07 00:00:00+00,Sun 07 Mar 2021,1500,8,1,395062,161247,30,395092,161277,8.39031223169198,3.4249349158945,375
-7.6926,53.28823,2021/03/08 00:00:00+00,Mon 08 Mar 2021,6625,1482,2,401687,162729,32,401719,162761,8.53104552712551,3.45644966018654,376
-7.6926,53.28823,2021/03/09 00:00:00+00,Tue 09 Mar 2021,13771,3087,2,415458,165816,34,415492,165850,8.82353378395454,3.52204874719335,377
-7.6926,53.28823,2021/03/10 00:00:00+00,Wed 10 Mar 2021,13673,3969,3,429131,169785,37,429168,169822,9.11396211477525,3.60639953178094,378
-7.6926,53.28823,2021/03/11 00:00:00+00,Thu 11 Mar 2021,18409,2088,1,447540,171873,38,447578,171911,9.50492332934161,3.65076226818665,379
-7.6926,53.28823,2021/03/12 00:00:00+00,Fri 12 Mar 2021,17275,1324,2,464815,173197,40,464855,173237,9.87182375867691,3.67892166908372,380
-7.6926,53.28823,2021/03/13 00:00:00+00,Sat 13 Mar 2021,8245,166,0,473060,173363,40,473100,173403,10.046917469383,3.6824469032835,381
-7.6926,53.28823,2021/03/14 00:00:00+00,Sun 14 Mar 2021,360,14,1,473420,173377,41,473461,173418,10.05458379195,3.68276544854252,382
-7.6926,53.28823,2021/03/15 00:00:00+00,Mon 15 Mar 2021,2596,981,0,476016,174358,41,476057,174399,10.1097133581105,3.7035983084822,383
-7.6926,53.28823,2021/03/16 00:00:00+00,Tue 16 Mar 2021,8894,3802,0,484910,178160,41,484951,178201,10.2985894603567,3.78433891346761,384
-7.6926,53.28823,2021/03/17 00:00:00+00,Wed 17 Mar 2021,4850,2401,6,489760,180561,47,489807,180608,10.4017131788757,3.83545480936447,385
-7.6926,53.28823,2021/03/18 00:00:00+00,Thu 18 Mar 2021,11666,4667,2,501426,185228,49,501475,185277,10.6494989176894,3.93460733032103,386
-7.6926,53.28823,2021/03/19 00:00:00+00,Fri 19 Mar 2021,10300,6102,1,511726,191330,50,511776,191380,10.8682545652314,4.06421277803957,387
-7.6926,53.28823,2021/03/20 00:00:00+00,Sat 20 Mar 2021,5179,3106,2,516905,194436,52,516957,194488,10.9782800976957,4.13021535570781,388
-7.6926,53.28823,2021/03/21 00:00:00+00,Sun 21 Mar 2021,3595,44,2,520500,194480,54,520554,194534,11.0546672508079,4.13119222783546,389
-7.6926,53.28823,2021/03/22 00:00:00+00,Mon 22 Mar 2021,7347,2386,0,527847,196866,54,527901,196920,11.2106907186742,4.1818621603697,390
-7.6926,53.28823,2021/03/23 00:00:00+00,Tue 23 Mar 2021,12508,7369,3,540355,204235,57,540412,204292,11.4763787010446,4.33841653700105,391
-7.6926,53.28823,2021/03/24 00:00:00+00,Wed 24 Mar 2021,13557,9758,1,553912,213993,58,553970,214051,11.7643011424944,4.54566208251724,392
-7.6926,53.28823,2021/03/25 00:00:00+00,Thu 25 Mar 2021,20799,10202,2,574711,224195,60,574771,224255,12.206038471348,4.76235780405092,393
-7.6926,53.28823,2021/03/26 00:00:00+00,Fri 26 Mar 2021,19644,9462,1,594355,233657,61,594416,233718,12.6232265789067,4.96331738978918,394
-7.6926,53.28823,2021/03/27 00:00:00+00,Sat 27 Mar 2021,11686,5320,0,606041,238977,61,606102,239038,12.8713945720313,5.07629477498706,395
-7.6926,53.28823,2021/03/28 00:00:00+00,Sun 28 Mar 2021,2448,474,0,608489,239451,61,608550,239512,12.9233811583028,5.08636080517199,396
-7.6926,53.28823,2021/03/28 23:00:00+00,Mon 29 Mar 2021,9204,3091,3,617693,242542,64,617757,242606,13.1189042382871,5.15206607393181,397
-7.6926,53.28823,2021/03/29 23:00:00+00,Tue 30 Mar 2021,13272,8643,2,630965,251185,66,631031,251251,13.4007955561662,5.33565432487836,398
-7.6926,53.28823,2021/03/30 23:00:00+00,Wed 31 Mar 2021,15741,10463,2,646706,261648,68,646774,261716,13.7351194236794,5.55789273391893,399
-7.6926,53.28823,2021/03/31 23:00:00+00,Thu 01 Apr 2021,19615,11594,5,666321,273242,73,666394,273315,14.1517766224731,5.80421316454116,400
-7.6926,53.28823,2021/04/01 23:00:00+00,Fri 02 Apr 2021,20069,13700,4,686390,286942,77,686467,287019,14.5780538880891,6.09523611317871,401
-7.6926,53.28823,2021/04/02 23:00:00+00,Sat 03 Apr 2021,7495,4615,3,693885,291557,80,693965,291637,14.7372840448962,6.19330558025461,402
-7.6926,53.28823,2021/04/03 23:00:00+00,Sun 04 Apr 2021,2984,163,0,696869,291720,80,696949,291800,14.8006533150899,6.19676710540259,403
-7.6926,53.28823,2021/04/04 23:00:00+00,Mon 05 Apr 2021,3380,586,3,700249,292306,83,700332,292389,14.8724958891734,6.20927531590664,404
-7.6926,53.28823,2021/04/05 23:00:00+00,Tue 06 Apr 2021,11906,8132,6,712155,300438,89,712244,300527,15.1254632975338,6.38209673709844,405
-7.6926,53.28823,2021/04/06 23:00:00+00,Wed 07 Apr 2021,18275,10435,3,730430,310873,92,730522,310965,15.5136213138208,6.60376176467278,406
-7.6926,53.28823,2021/04/07 23:00:00+00,Thu 08 Apr 2021,20096,10532,12,750526,321405,104,750630,321509,15.9406418517078,6.82767784541084,407
