X,Y,VaccinationDate,VaccineText,Dose1,Dose2,SingleDose,Dose1Cum,Dose2Cum,SingleDoseCum,PartiallyVacc,FullyVacc,PartialPercent,FullyPercent,ObjectId
-7.6926,53.28823,2020/12/28 00:00:00+00,Mon 28 Dec 2020,216,17,0,216,17,0,216,17,0.00458705172983879,0.000361017960218794,1
-7.6926,53.28823,2020/12/29 00:00:00+00,Tue 29 Dec 2020,75,2,0,291,19,0,291,19,0.00617977802492171,0.000403490661421005,2
-7.6926,53.28823,2020/12/30 00:00:00+00,Wed 30 Dec 2020,1057,1,0,1348,20,0,1348,20,0.0286266006102902,0.00042472701202211,3
-7.6926,53.28823,2020/12/31 00:00:00+00,Thu 31 Dec 2020,1033,1,0,2381,21,0,2381,21,0.0505637507812322,0.000445963362623216,4
-7.6926,53.28823,2021/01/01 00:00:00+00,Fri 01 Jan 2021,815,0,2,3196,21,2,3198,23,0.0679138492223355,0.000488436063825427,5
-7.6926,53.28823,2021/01/02 00:00:00+00,Sat 02 Jan 2021,1016,0,0,4212,21,2,4214,23,0.0894899814330587,0.000488436063825427,6
-7.6926,53.28823,2021/01/03 00:00:00+00,Sun 03 Jan 2021,20,2,1,4232,23,3,4235,26,0.0899359447956819,0.000552145115628744,7
-7.6926,53.28823,2021/01/04 00:00:00+00,Mon 04 Jan 2021,1186,3,0,5418,26,3,5421,29,0.115122256608593,0.00061585416743206,8
-7.6926,53.28823,2021/01/05 00:00:00+00,Tue 05 Jan 2021,3527,10,0,8945,36,3,8948,39,0.190022865178692,0.000828217673443115,9
-7.6926,53.28823,2021/01/06 00:00:00+00,Wed 06 Jan 2021,6776,9,0,15721,45,3,15724,48,0.333920376851783,0.00101934482885307,10
-7.6926,53.28823,2021/01/07 00:00:00+00,Thu 07 Jan 2021,11723,8,0,27444,53,3,27447,56,0.582874114948543,0.00118923563366191,11
-7.6926,53.28823,2021/01/08 00:00:00+00,Fri 08 Jan 2021,12675,5,0,40119,58,3,40122,61,0.852044858817556,0.00129541738666744,12
-7.6926,53.28823,2021/01/09 00:00:00+00,Sat 09 Jan 2021,8074,7,0,48193,65,3,48196,68,1.02350715357088,0.00144407184087518,13
-7.6926,53.28823,2021/01/10 00:00:00+00,Sun 10 Jan 2021,4779,4,1,52972,69,4,52976,73,1.12501690944417,0.0015502535938807,14
-7.6926,53.28823,2021/01/11 00:00:00+00,Mon 11 Jan 2021,8339,6,0,61311,75,4,61315,79,1.30210683710678,0.00167767169748734,15
-7.6926,53.28823,2021/01/12 00:00:00+00,Tue 12 Jan 2021,8879,10,0,70190,85,4,70194,89,1.490664394094,0.00189003520349839,16
-7.6926,53.28823,2021/01/13 00:00:00+00,Wed 13 Jan 2021,9878,5,0,80068,90,4,80072,94,1.70043706533172,0.00199621695650392,17
-7.6926,53.28823,2021/01/14 00:00:00+00,Thu 14 Jan 2021,8081,4,0,88149,94,4,88153,98,1.87204801453926,0.00208116235890834,18
-7.6926,53.28823,2021/01/15 00:00:00+00,Fri 15 Jan 2021,7690,2,0,95839,96,4,95843,100,2.03535555066176,0.00212363506011055,19
-7.6926,53.28823,2021/01/16 00:00:00+00,Sat 16 Jan 2021,5231,3,0,101070,99,4,101074,103,2.14644290065614,0.00218734411191387,20
-7.6926,53.28823,2021/01/17 00:00:00+00,Sun 17 Jan 2021,1111,4,0,102181,103,4,102185,107,2.17003648617397,0.00227228951431829,21
-7.6926,53.28823,2021/01/18 00:00:00+00,Mon 18 Jan 2021,8712,8,1,110893,111,5,110898,116,2.3550688089614,0.00246341666972824,22
-7.6926,53.28823,2021/01/19 00:00:00+00,Tue 19 Jan 2021,8376,19,0,119269,130,5,119274,135,2.53294448159626,0.00286690733114925,23
-7.6926,53.28823,2021/01/20 00:00:00+00,Wed 20 Jan 2021,8444,962,1,127713,1092,6,127719,1098,2.7122854624226,0.0233175129600139,24
-7.6926,53.28823,2021/01/21 00:00:00+00,Thu 21 Jan 2021,9002,962,0,136715,2054,6,136721,2060,2.90345509053375,0.0437468822382774,25
-7.6926,53.28823,2021/01/22 00:00:00+00,Fri 22 Jan 2021,6777,967,0,143492,3021,6,143498,3027,3.04737383855744,0.0642824332695464,26
-7.6926,53.28823,2021/01/23 00:00:00+00,Sat 23 Jan 2021,4184,460,0,147676,3481,6,147682,3487,3.13622672947247,0.074051154546055,27
-7.6926,53.28823,2021/01/24 00:00:00+00,Sun 24 Jan 2021,1181,398,0,148857,3879,6,148863,3885,3.16130685953237,0.082503222085295,28
-7.6926,53.28823,2021/01/25 00:00:00+00,Mon 25 Jan 2021,1355,1286,0,150212,5165,6,150218,5171,3.19008211459687,0.109813168958317,29
-7.6926,53.28823,2021/01/26 00:00:00+00,Tue 26 Jan 2021,1001,3499,0,151213,8664,6,151219,8670,3.21133970154858,0.184119159711585,30
-7.6926,53.28823,2021/01/27 00:00:00+00,Wed 27 Jan 2021,2167,6699,0,153380,15363,6,153386,15369,3.25735887330117,0.326381472388391,31
-7.6926,53.28823,2021/01/28 00:00:00+00,Thu 28 Jan 2021,1003,11538,0,154383,26901,6,154389,26907,3.27865893295408,0.571406485623946,32
-7.6926,53.28823,2021/01/29 00:00:00+00,Fri 29 Jan 2021,1574,11526,0,155957,38427,6,155963,38433,3.31208494880022,0.816176662652288,33
-7.6926,53.28823,2021/01/30 00:00:00+00,Sat 30 Jan 2021,631,7793,0,156588,46220,6,156594,46226,3.32548508602952,0.981671542886704,34
-7.6926,53.28823,2021/01/31 00:00:00+00,Sun 31 Jan 2021,225,4086,0,156813,50306,6,156819,50312,3.33026326491477,1.06844327144282,35
-7.6926,53.28823,2021/02/01 00:00:00+00,Mon 01 Feb 2021,1023,8335,0,157836,58641,6,157842,58647,3.3519880515797,1.24544825370304,36
-7.6926,53.28823,2021/02/02 00:00:00+00,Tue 02 Feb 2021,825,5108,0,158661,63749,6,158667,63755,3.36950804082561,1.35392353257348,37
-7.6926,53.28823,2021/02/03 00:00:00+00,Wed 03 Feb 2021,1396,6864,0,160057,70613,6,160063,70619,3.39915398626475,1.49968984309947,38
-7.6926,53.28823,2021/02/04 00:00:00+00,Thu 04 Feb 2021,1426,10541,1,161483,81154,7,161490,81161,3.42945825857253,1.72356345113633,39
-7.6926,53.28823,2021/02/05 00:00:00+00,Fri 05 Feb 2021,3387,8613,0,164870,89767,7,164877,89774,3.50138577805848,1.90647213886365,40
-7.6926,53.28823,2021/02/06 00:00:00+00,Sat 06 Feb 2021,893,3867,0,165763,93634,7,165770,93641,3.52034983914526,1.98859310663812,41
-7.6926,53.28823,2021/02/07 00:00:00+00,Sun 07 Feb 2021,328,1300,2,166091,94934,9,166100,94943,3.52735783484363,2.01624283512076,42
-7.6926,53.28823,2021/02/08 00:00:00+00,Mon 08 Feb 2021,1171,878,0,167262,95812,9,167271,95821,3.55222560139752,2.03488835094853,43
-7.6926,53.28823,2021/02/09 00:00:00+00,Tue 09 Feb 2021,4256,543,2,171518,96355,11,171529,96366,3.64264998225703,2.04646216202613,44
-7.6926,53.28823,2021/02/10 00:00:00+00,Wed 10 Feb 2021,8823,580,0,180341,96935,11,180352,96946,3.83001830361058,2.05877924537478,45
-7.6926,53.28823,2021/02/11 00:00:00+00,Thu 11 Feb 2021,6176,445,0,186517,97380,11,186528,97391,3.96117400492301,2.06822942139227,46
-7.6926,53.28823,2021/02/12 00:00:00+00,Fri 12 Feb 2021,4391,522,0,190908,97902,11,190919,97913,4.05442282041246,2.07931479640605,47
-7.6926,53.28823,2021/02/13 00:00:00+00,Sat 13 Feb 2021,1207,1914,0,192115,99816,11,192126,99827,4.080055095588,2.11996117145656,48
-7.6926,53.28823,2021/02/14 00:00:00+00,Sun 14 Feb 2021,2695,27,0,194810,99843,11,194821,99854,4.13728706045798,2.12053455292279,49
-7.6926,53.28823,2021/02/15 00:00:00+00,Mon 15 Feb 2021,1961,7887,0,196771,107730,11,196782,107741,4.17893154398675,2.28802565011371,50
-7.6926,53.28823,2021/02/16 00:00:00+00,Tue 16 Feb 2021,5646,8158,0,202417,115888,11,202428,115899,4.29883197948059,2.46127179831753,51
-7.6926,53.28823,2021/02/17 00:00:00+00,Wed 17 Feb 2021,9742,8463,0,212159,124351,11,212170,124362,4.50571650703656,2.64099503345469,52
-7.6926,53.28823,2021/02/18 00:00:00+00,Thu 18 Feb 2021,8456,8350,1,220615,132701,12,220627,132713,4.68531232407011,2.81833979732452,53
-7.6926,53.28823,2021/02/19 00:00:00+00,Fri 19 Feb 2021,9384,6581,0,229999,139282,12,230011,139294,4.88459423811088,2.95809622063039,54
-7.6926,53.28823,2021/02/20 00:00:00+00,Sat 20 Feb 2021,5886,3568,2,235885,142850,14,235899,142864,5.00963387045019,3.03390999227634,55
-7.6926,53.28823,2021/02/21 00:00:00+00,Sun 21 Feb 2021,1108,1023,5,236993,143873,19,237012,143892,5.03326992866922,3.05574096069428,56
-7.6926,53.28823,2021/02/22 00:00:00+00,Mon 22 Feb 2021,3939,1123,1,240932,144996,20,240952,145016,5.11694115003758,3.07961061876992,57
-7.6926,53.28823,2021/02/23 00:00:00+00,Tue 23 Feb 2021,13357,1063,1,254289,146059,21,254310,146080,5.40061632136714,3.10220609580949,58
-7.6926,53.28823,2021/02/24 00:00:00+00,Wed 24 Feb 2021,16936,2102,3,271225,148161,24,271249,148185,5.76033886419927,3.14690861382482,59
-7.6926,53.28823,2021/02/25 00:00:00+00,Thu 25 Feb 2021,18085,1755,2,289310,149916,26,289336,149942,6.14444073752147,3.18422088183096,60
-7.6926,53.28823,2021/02/26 00:00:00+00,Fri 26 Feb 2021,16074,2766,0,305384,152682,26,305410,152708,6.48579383708364,3.24296062759362,61
-7.6926,53.28823,2021/02/27 00:00:00+00,Sat 27 Feb 2021,8991,704,1,314375,153386,27,314402,153413,6.67675110168878,3.2579322547674,62
-7.6926,53.28823,2021/02/28 00:00:00+00,Sun 28 Feb 2021,2442,57,2,316817,153443,29,316846,153472,6.72865274255788,3.25918519945287,63
-7.6926,53.28823,2021/03/01 00:00:00+00,Mon 01 Mar 2021,5589,789,0,322406,154232,29,322435,154261,6.84734270606746,3.27594068007714,64
-7.6926,53.28823,2021/03/02 00:00:00+00,Tue 02 Mar 2021,12178,1608,0,334584,155840,29,334613,155869,7.10595898368772,3.31008873184372,65
-7.6926,53.28823,2021/03/03 00:00:00+00,Wed 03 Mar 2021,12894,1502,1,347478,157342,30,347508,157372,7.37980172468898,3.34200696679718,66
-7.6926,53.28823,2021/03/04 00:00:00+00,Thu 04 Mar 2021,18736,1687,4,366214,159029,34,366248,159063,7.7777709349537,3.37791763566365,67
-7.6926,53.28823,2021/03/05 00:00:00+00,Fri 05 Mar 2021,18441,2395,6,384655,161424,40,384695,161464,8.16951789449229,3.4289061134569,68
-7.6926,53.28823,2021/03/06 00:00:00+00,Sat 06 Mar 2021,10391,139,4,395046,161563,44,395090,161607,8.39026975899078,3.43194291159286,69
-7.6926,53.28823,2021/03/07 00:00:00+00,Sun 07 Mar 2021,1519,11,3,396565,161574,47,396612,161621,8.42259148460566,3.43224022050128,70
-7.6926,53.28823,2021/03/08 00:00:00+00,Mon 08 Mar 2021,6667,1495,5,403232,163069,52,403284,163121,8.56428041581624,3.46409474640293,71
-7.6926,53.28823,2021/03/09 00:00:00+00,Tue 09 Mar 2021,13821,3103,5,417053,166172,57,417110,166229,8.85789419922713,3.53009732407117,72
-7.6926,53.28823,2021/03/10 00:00:00+00,Wed 10 Mar 2021,13730,3987,3,430783,170159,60,430843,170219,9.14953300203211,3.61483036296958,73
-7.6926,53.28823,2021/03/11 00:00:00+00,Thu 11 Mar 2021,18475,2097,3,449258,172256,63,449321,172319,9.54193828843933,3.6594266992319,74
-7.6926,53.28823,2021/03/12 00:00:00+00,Fri 12 Mar 2021,17322,1337,4,466580,173593,67,466647,173660,9.90987929895409,3.68790464538798,75
-7.6926,53.28823,2021/03/13 00:00:00+00,Sat 13 Mar 2021,8300,174,0,474880,173767,67,474947,173834,10.0861410089433,3.69159977039258,76
-7.6926,53.28823,2021/03/14 00:00:00+00,Sun 14 Mar 2021,381,19,2,475261,173786,69,475330,173855,10.0942745312235,3.6920457337552,77
-7.6926,53.28823,2021/03/15 00:00:00+00,Mon 15 Mar 2021,2653,991,0,477914,174777,69,477983,174846,10.1506145693682,3.7130909572009,78
-7.6926,53.28823,2021/03/16 00:00:00+00,Tue 16 Mar 2021,8932,3819,2,486846,178596,71,486917,178667,10.3403401256385,3.79423505284772,79
-7.6926,53.28823,2021/03/17 00:00:00+00,Wed 17 Mar 2021,4898,2415,6,491744,181011,77,491821,181088,10.4444831889863,3.845648257653,80
-7.6926,53.28823,2021/03/18 00:00:00+00,Thu 18 Mar 2021,11719,4678,5,503463,185689,82,503545,185771,10.6934581634337,3.94509808751797,81
-7.6926,53.28823,2021/03/19 00:00:00+00,Fri 19 Mar 2021,10365,6126,2,513828,191815,84,513912,191899,10.9136154101153,4.07523444400155,82
-7.6926,53.28823,2021/03/20 00:00:00+00,Sat 20 Mar 2021,5239,3117,4,519067,194932,88,519155,195020,11.0249575963169,4.1415130942276,83
-7.6926,53.28823,2021/03/21 00:00:00+00,Sun 21 Mar 2021,3636,53,3,522703,194985,91,522794,195076,11.1022366761544,4.14270232986126,84
-7.6926,53.28823,2021/03/22 00:00:00+00,Mon 22 Mar 2021,7411,2403,1,530114,197388,92,530206,197480,11.2596405068098,4.19375451670632,85
-7.6926,53.28823,2021/03/23 00:00:00+00,Tue 23 Mar 2021,12560,7385,4,542674,204773,96,542770,204869,11.526454015762,4.35066991129789,86
-7.6926,53.28823,2021/03/24 00:00:00+00,Wed 24 Mar 2021,13620,9779,2,556294,214552,98,556392,214650,11.8157355836503,4.5583826565273,87
-7.6926,53.28823,2021/03/25 00:00:00+00,Thu 25 Mar 2021,20865,10223,3,577159,224775,101,577260,224876,12.2588957479942,4.77554557777421,88
-7.6926,53.28823,2021/03/26 00:00:00+00,Fri 26 Mar 2021,19695,9493,1,596854,234268,102,596956,234370,12.6771669094335,4.9771634903811,89
-7.6926,53.28823,2021/03/27 00:00:00+00,Sat 27 Mar 2021,11744,5348,3,608598,239616,105,608703,239721,12.9266303199447,5.09079920244762,90
-7.6926,53.28823,2021/03/28 00:00:00+00,Sun 28 Mar 2021,2488,482,0,611086,240098,105,611191,240203,12.9794663602403,5.10103512343735,91
-7.6926,53.28823,2021/03/28 23:00:00+00,Mon 29 Mar 2021,9265,3119,3,620351,243217,108,620459,243325,13.1762848576113,5.167335010014,92
-7.6926,53.28823,2021/03/29 23:00:00+00,Tue 30 Mar 2021,13321,8663,4,633672,251880,112,633784,251992,13.4592592293711,5.35139046067378,93
-7.6926,53.28823,2021/03/30 23:00:00+00,Wed 31 Mar 2021,15831,10501,4,649503,262381,116,649619,262497,13.7955368411396,5.5744783237384,94
-7.6926,53.28823,2021/03/31 23:00:00+00,Thu 01 Apr 2021,19692,11573,8,669195,273954,124,669319,274078,14.2138929479813,5.8204165000498,95
-7.6926,53.28823,2021/04/01 23:00:00+00,Fri 02 Apr 2021,20133,13719,8,689328,287673,132,689460,287805,14.6416142854382,6.11192788475118,96
-7.6926,53.28823,2021/04/02 23:00:00+00,Sat 03 Apr 2021,7546,4635,6,696874,292308,138,697012,292446,14.8019912051778,6.21048578789091,97
-7.6926,53.28823,2021/04/03 23:00:00+00,Sun 04 Apr 2021,3030,169,3,699904,292477,141,700045,292618,14.8664010565509,6.2141384401943,98
-7.6926,53.28823,2021/04/04 23:00:00+00,Mon 05 Apr 2021,3427,605,4,703331,293082,145,703476,293227,14.9392629754633,6.22707137771037,99
-7.6926,53.28823,2021/04/05 23:00:00+00,Tue 06 Apr 2021,11988,8156,11,715319,301238,156,715475,301394,15.194077946326,6.4005086530696,100
-7.6926,53.28823,2021/04/06 23:00:00+00,Wed 07 Apr 2021,18354,10467,10,733673,311705,166,733839,311871,15.5840622887647,6.62300189831738,101
-7.6926,53.28823,2021/04/07 23:00:00+00,Thu 08 Apr 2021,20183,10575,15,753856,322280,181,754037,322461,16.0129940982058,6.84789485118309,102
-7.6926,53.28823,2021/04/08 23:00:00+00,Fri 09 Apr 2021,20683,9156,16,774539,331436,197,774736,331633,16.4525653192981,7.04267465889643,103
-7.6926,53.28823,2021/04/09 23:00:00+00,Sat 10 Apr 2021,11167,4165,12,785706,335601,209,785915,335810,16.6899664826678,7.13137889535725,104
-7.6926,53.28823,2021/07/23 23:00:00+00,Sat 24 Jul 2021,15423,14803,2271,3016498,2468021,203888,3220386,2671909,68.3892461668918,56.7415962982493,105
-7.6926,53.28823,2021/07/24 23:00:00+00,Sun 25 Jul 2021,14711,13637,1042,3031209,2481658,204930,3236139,2686588,68.723782397911,57.0533246887229,106
-7.6926,53.28823,2021/07/25 23:00:00+00,Mon 26 Jul 2021,23813,18268,3418,3055022,2499926,208348,3263370,2708274,69.3020694611297,57.5138561878585,107
-7.6926,53.28823,2021/07/26 23:00:00+00,Tue 27 Jul 2021,25491,23880,3669,3080513,2523806,212017,3292530,2735823,69.921321444658,58.0988964105683,108
-7.6926,53.28823,2021/07/27 23:00:00+00,Wed 28 Jul 2021,23421,25266,3259,3103934,2549072,215276,3319210,2764348,70.4879072786955,58.7046633114648,109
-7.6926,53.28823,2021/07/28 23:00:00+00,Thu 29 Jul 2021,19251,27841,2957,3123185,2576913,218233,3341418,2795146,70.9595241528448,59.3587004372777,110
-7.6926,53.28823,2021/07/29 23:00:00+00,Fri 30 Jul 2021,21938,22921,2115,3145123,2599834,220348,3365471,2820182,71.4703220938532,59.890373710927,111
-7.6926,53.28823,2021/07/30 23:00:00+00,Sat 31 Jul 2021,13728,12455,906,3158851,2612289,221254,3380105,2833543,71.7810948485498,60.1741125913084,112
-7.6926,53.28823,2021/07/31 23:00:00+00,Sun 01 Aug 2021,11089,9310,368,3169940,2621599,221622,3391562,2843221,72.0243997173866,60.3796379924258,113
-7.6926,53.28823,2021/08/01 23:00:00+00,Mon 02 Aug 2021,15004,15990,428,3184944,2637589,222050,3406994,2859639,72.3521190798629,60.7282963965948,114
-7.6926,53.28823,2021/08/02 23:00:00+00,Tue 03 Aug 2021,17321,25428,1108,3202265,2663017,223158,3425423,2886175,72.7434837850907,61.2918241961457,115
-7.6926,53.28823,2021/08/03 23:00:00+00,Wed 04 Aug 2021,22089,17279,1572,3224354,2680296,224730,3449084,2905026,73.2459570766634,61.6921506413272,116
-7.6926,53.28823,2021/08/04 23:00:00+00,Thu 05 Aug 2021,13508,30019,1420,3237862,2710315,226150,3464012,2936465,73.5629733184367,62.3598002678753,117
-7.6926,53.28823,2021/08/05 23:00:00+00,Fri 06 Aug 2021,12187,24728,947,3250049,2735043,227097,3477146,2962140,73.8418915472317,62.9050435695587,118
-7.6926,53.28823,2021/08/06 23:00:00+00,Sat 07 Aug 2021,6324,8441,582,3256373,2743484,227679,3484052,2971163,73.9885497844829,63.0966591610325,119
-7.6926,53.28823,2021/08/07 23:00:00+00,Sun 08 Aug 2021,8615,11959,153,3264988,2755443,227832,3492820,2983275,74.1747501065534,63.3538738395131,120
-7.6926,53.28823,2021/08/08 23:00:00+00,Mon 09 Aug 2021,5523,23017,598,3270511,2778460,228430,3498941,3006890,74.3047378085828,63.8553702589582,121
-7.6926,53.28823,2021/08/09 23:00:00+00,Tue 10 Aug 2021,9337,25978,713,3279848,2804438,229143,3508991,3033581,74.5181631321239,64.4221896928523,122
-7.6926,53.28823,2021/08/10 23:00:00+00,Wed 11 Aug 2021,6997,31216,661,3286845,2835654,229804,3516649,3065458,74.6807911050271,65.0991408409637,123
-7.6926,53.28823,2021/08/11 23:00:00+00,Thu 12 Aug 2021,6752,38270,861,3293597,2873924,230665,3524262,3104589,74.8424634421533,65.9301404763356,124
-7.6926,53.28823,2021/08/12 23:00:00+00,Fri 13 Aug 2021,10910,28223,869,3304507,2902147,231534,3536041,3133681,75.0926064158838,66.5479483880229,125
-7.6926,53.28823,2021/08/13 23:00:00+00,Sat 14 Aug 2021,18119,5825,279,3322626,2907972,231813,3554439,3139785,75.4833127942429,66.6775750720921,126
-7.6926,53.28823,2021/08/14 23:00:00+00,Sun 15 Aug 2021,16994,3717,49,3339620,2911689,231862,3571482,3143551,75.8452439175376,66.7575511684559,127
-7.6926,53.28823,2021/08/15 23:00:00+00,Mon 16 Aug 2021,10174,23129,384,3349794,2934818,232246,3582040,3167064,76.069457307184,67.2568814801397,128
-7.6926,53.28823,2021/08/16 23:00:00+00,Tue 17 Aug 2021,12853,26841,528,3362647,2961659,232774,3595421,3194433,76.3536209145774,67.8380991597413,129
-7.6926,53.28823,2021/08/17 23:00:00+00,Wed 18 Aug 2021,15221,25760,657,3377868,2987419,233431,3611299,3220850,76.6908116894218,68.3990998335707,130
-7.6926,53.28823,2021/08/18 23:00:00+00,Thu 19 Aug 2021,11353,25687,542,3389221,3013106,233973,3623194,3247079,76.9434180798219,68.9561080734871,131
-7.6926,53.28823,2021/08/19 23:00:00+00,Fri 20 Aug 2021,14836,22238,685,3404057,3035344,234658,3638715,3270002,77.2730274775017,69.4429089383163,132
-7.6926,53.28823,2021/08/20 23:00:00+00,Sat 21 Aug 2021,11874,7958,245,3415931,3043302,234903,3650834,3278205,77.5303908104365,69.6171107222971,133
-7.6926,53.28823,2021/08/21 23:00:00+00,Sun 22 Aug 2021,8002,12245,161,3423933,3055547,235064,3658997,3290611,77.7037431403933,69.8805688878544,134
-7.6926,53.28823,2021/08/22 23:00:00+00,Mon 23 Aug 2021,10857,15355,289,3434790,3070902,235353,3670143,3306255,77.9404435041932,70.2127903566581,135
-7.6926,53.28823,2021/08/23 23:00:00+00,Tue 24 Aug 2021,9704,22905,383,3444494,3093807,235736,3680230,3329543,78.1546545727066,70.7073424894567,136
-7.6926,53.28823,2021/08/24 23:00:00+00,Wed 25 Aug 2021,9411,19502,312,3453905,3113309,236048,3689953,3349357,78.3611356096011,71.128119540267,137
-7.6926,53.28823,2021/08/25 23:00:00+00,Thu 26 Aug 2021,8571,19419,367,3462476,3132728,236415,3698891,3369143,78.5509461112738,71.5483019732605,138
-7.6926,53.28823,2021/08/26 23:00:00+00,Fri 27 Aug 2021,9710,19186,430,3472186,3151914,236845,3709031,3388759,78.766282706369,71.9648742266517,139
-7.6926,53.28823,2021/08/27 23:00:00+00,Sat 28 Aug 2021,9916,7901,153,3482102,3159815,236998,3719100,3396813,78.9801115205716,72.1359117943931,140
-7.6926,53.28823,2021/08/28 23:00:00+00,Sun 29 Aug 2021,8793,9181,29,3490895,3168996,237027,3727922,3406023,79.1674586055745,72.3314985834292,141
-7.6926,53.28823,2021/08/29 23:00:00+00,Mon 30 Aug 2021,5054,11107,84,3495949,3180103,237111,3733060,3417214,79.276570974963,72.5691545830062,142
-7.6926,53.28823,2021/08/30 23:00:00+00,Tue 31 Aug 2021,4058,12875,142,3500007,3192978,237253,3737260,3430231,79.3657636474876,72.8455881587808,143
-7.6926,53.28823,2021/08/31 23:00:00+00,Wed 01 Sep 2021,4954,12513,180,3504961,3205491,237433,3742394,3442924,79.4747910714737,73.1151411569606,144
-7.6926,53.28823,2021/09/01 23:00:00+00,Thu 02 Sep 2021,5005,12344,247,3509966,3217835,237680,3747646,3455515,79.5863243848307,73.3825280473792,145
-7.6926,53.28823,2021/09/02 23:00:00+00,Fri 03 Sep 2021,4770,16050,165,3514736,3233885,237845,3752581,3471730,79.6911257750472,73.7268754723761,146
-7.6926,53.28823,2021/09/03 23:00:00+00,Sat 04 Sep 2021,4626,10569,133,3519362,3244454,237978,3757340,3482432,79.7921895675578,73.9541468965091,147
-7.6926,53.28823,2021/09/04 23:00:00+00,Sun 05 Sep 2021,5305,11894,1,3524667,3256348,237979,3762646,3494327,79.9048696438473,74.2067532869093,148
-7.6926,53.28823,2021/09/05 23:00:00+00,Mon 06 Sep 2021,2150,9662,75,3526817,3266010,238054,3764871,3504064,79.9521205239347,74.4135316327122,149
-7.6926,53.28823,2021/09/06 23:00:00+00,Tue 07 Sep 2021,3025,9999,158,3529842,3276009,238212,3768054,3514221,80.0197158278981,74.6292292457676,150
-7.6926,53.28823,2021/09/07 23:00:00+00,Wed 08 Sep 2021,2606,14808,186,3532448,3290817,238398,3770846,3529215,80.0790077187764,74.9476470866806,151
-7.6926,53.28823,2021/09/08 23:00:00+00,Thu 09 Sep 2021,3111,14799,138,3535559,3305616,238536,3774095,3544152,80.1480046218793,75.2648544556093,152
-7.6926,53.28823,2021/09/09 23:00:00+00,Fri 10 Sep 2021,3372,13941,115,3538931,3319557,238651,3777582,3558208,80.2220557764254,75.5633525996585,153
-7.6926,53.28823,2021/09/10 23:00:00+00,Sat 11 Sep 2021,2556,11322,62,3541487,3330879,238713,3780200,3569592,80.2776525422991,75.8051072149015,154
-7.6926,53.28823,2021/09/11 23:00:00+00,Sun 12 Sep 2021,2040,12879,1,3543527,3343758,238714,3782241,3582472,80.3209959338759,76.0786314106437,155
-7.6926,53.28823,2021/09/12 23:00:00+00,Mon 13 Sep 2021,1610,7727,52,3545137,3351485,238766,3783903,3590251,80.356290748575,76.2438289819697,156
-7.6926,53.28823,2021/09/13 23:00:00+00,Tue 14 Sep 2021,1544,10777,82,3546681,3362262,238848,3785529,3601110,80.3908210546524,76.4744345131471,157
-7.6926,53.28823,2021/09/14 23:00:00+00,Wed 15 Sep 2021,3273,12394,137,3549954,3374656,238985,3788939,3613641,80.4632370102022,76.7405472225296,158
-7.6926,53.28823,2021/09/15 23:00:00+00,Thu 16 Sep 2021,1906,10590,115,3551860,3385246,239100,3790960,3624346,80.506155674767,76.9678823557144,159
-7.6926,53.28823,2021/09/16 23:00:00+00,Fri 17 Sep 2021,2556,14608,94,3554416,3399854,239194,3793610,3639048,80.5624320038599,77.2800991822518,160
-7.6926,53.28823,2021/09/17 23:00:00+00,Sat 18 Sep 2021,2283,11228,47,3556699,3411082,239241,3795940,3650323,80.6119127007605,77.5195390352793,161
-7.6926,53.28823,2021/09/18 23:00:00+00,Sun 19 Sep 2021,1860,8488,15,3558559,3419570,239256,3797815,3658826,80.6517308581376,77.7001117244405,162
-7.6926,53.28823,2021/09/19 23:00:00+00,Mon 20 Sep 2021,952,5607,34,3559511,3425177,239290,3798801,3664467,80.6726698998303,77.8199059781814,163
-7.6926,53.28823,2021/09/20 23:00:00+00,Tue 21 Sep 2021,1462,6663,90,3560973,3431840,239380,3800353,3671220,80.7056287159632,77.9633150537906,164
-7.6926,53.28823,2021/09/21 23:00:00+00,Wed 22 Sep 2021,1893,8141,97,3562866,3439981,239477,3802343,3679458,80.7478890536594,78.1382601100425,165
-7.6926,53.28823,2021/09/22 23:00:00+00,Thu 23 Sep 2021,1697,8738,89,3564563,3448719,239566,3804129,3688285,80.7858171758329,78.3257133767985,166
-7.6926,53.28823,2021/09/23 23:00:00+00,Fri 24 Sep 2021,1908,7391,79,3566471,3456110,239645,3806116,3695755,80.8280138044774,78.4843489157887,167
-7.6926,53.28823,2021/09/24 23:00:00+00,Sat 25 Sep 2021,2414,6589,52,3568885,3462699,239697,3808582,3702396,80.8803826450597,78.6253795201307,168
-7.6926,53.28823,2021/09/25 23:00:00+00,Sun 26 Sep 2021,1548,7097,0,3570433,3469796,239697,3810130,3709493,80.9132565157902,78.7760939003467,169
-7.6926,53.28823,2021/09/26 23:00:00+00,Mon 27 Sep 2021,1176,3812,45,3571609,3473608,239742,3811351,3713350,80.9391860998741,78.8580025046152,170
-7.6926,53.28823,2021/09/27 23:00:00+00,Tue 28 Sep 2021,1447,5124,93,3573056,3478732,239835,3812891,3718567,80.9718900797998,78.9687925457012,171
-7.6926,53.28823,2021/09/28 23:00:00+00,Wed 29 Sep 2021,1651,3612,79,3574707,3482344,239914,3814621,3722258,81.0086289663397,79.0471759157698,172
-7.6926,53.28823,2021/09/29 23:00:00+00,Thu 30 Sep 2021,1281,3962,78,3575988,3486306,239992,3815980,3726298,81.0374891668067,79.1329707721983,173
-7.6926,53.28823,2021/09/30 23:00:00+00,Fri 01 Oct 2021,1844,5173,41,3577832,3491479,240033,3817865,3731512,81.0775196876897,79.2436971042325,174
-7.6926,53.28823,2021/10/01 23:00:00+00,Sat 02 Oct 2021,1712,4082,40,3579544,3495561,240073,3819617,3735634,81.1147257739429,79.3312333414102,175
-7.6926,53.28823,2021/10/02 23:00:00+00,Sun 03 Oct 2021,1195,3015,9,3580739,3498576,240082,3820821,3738658,81.1402943400666,79.395452065628,176
-7.6926,53.28823,2021/10/03 23:00:00+00,Mon 04 Oct 2021,335,1232,18,3581074,3499808,240100,3821174,3739908,81.1477907718288,79.4219975038794,177
-7.6926,53.28823,2021/10/04 23:00:00+00,Tue 05 Oct 2021,964,2818,70,3582038,3502626,240170,3822208,3742796,81.1697491583503,79.4833280844153,178
-7.6926,53.28823,2021/10/05 23:00:00+00,Wed 06 Oct 2021,972,2565,38,3583010,3505191,240208,3823218,3745399,81.1911978724575,79.53860630503,179
-7.6926,53.28823,2021/10/06 23:00:00+00,Thu 07 Oct 2021,1211,2691,44,3584221,3507882,240252,3824473,3748134,81.2178494924618,79.596687723924,180
-7.6926,53.28823,2021/10/07 23:00:00+00,Fri 08 Oct 2021,963,2778,48,3585184,3510660,240300,3825484,3750960,81.2393194429196,79.6567016507228,181
-7.6926,53.28823,2021/10/08 23:00:00+00,Sat 09 Oct 2021,732,2375,23,3585916,3513035,240323,3826239,3753358,81.2553528876234,79.7076264194642,182
-7.6926,53.28823,2021/10/09 23:00:00+00,Sun 10 Oct 2021,1501,3914,1,3587417,3516949,240324,3827741,3757273,81.2872498862262,79.7907667320676,183
-7.6926,53.28823,2021/10/10 23:00:00+00,Mon 11 Oct 2021,331,1121,19,3587748,3518070,240343,3828091,3758413,81.2946826089366,79.8149761717528,184
-7.6926,53.28823,2021/10/11 23:00:00+00,Tue 12 Oct 2021,558,1605,20,3588306,3519675,240363,3828669,3760038,81.3069572195841,79.8494852414796,185
-7.6926,53.28823,2021/10/12 23:00:00+00,Wed 13 Oct 2021,997,2068,11,3589303,3521743,240374,3829677,3762117,81.32836346099,79.8936356143793,186
-7.6926,53.28823,2021/10/13 23:00:00+00,Thu 14 Oct 2021,681,1589,8,3589984,3523332,240382,3830366,3763714,81.3429953065542,79.9275500662893,187
-7.6926,53.28823,2021/10/14 23:00:00+00,Fri 15 Oct 2021,949,2064,8,3590933,3525396,240390,3831323,3765786,81.3633184940794,79.9715517847348,188
-7.6926,53.28823,2021/10/15 23:00:00+00,Sat 16 Oct 2021,1368,2635,14,3592301,3528031,240404,3832705,3768435,81.3926671306101,80.0278068774771,189
-7.6926,53.28823,2021/10/16 23:00:00+00,Sun 17 Oct 2021,1699,2886,2,3594000,3530917,240406,3834406,3771323,81.4287901629826,80.0891374580131,190
-7.6926,53.28823,2021/10/17 23:00:00+00,Mon 18 Oct 2021,670,1238,4,3594670,3532155,240410,3835080,3772565,81.4431034632878,80.1155130054596,191
-7.6926,53.28823,2021/10/18 23:00:00+00,Tue 19 Oct 2021,1333,1790,13,3596003,3533945,240423,3836426,3774368,81.4716875911969,80.1538021455934,192
-7.6926,53.28823,2021/10/19 23:00:00+00,Wed 20 Oct 2021,2251,2315,0,3598254,3536260,240423,3838677,3776683,81.5194906163999,80.202964297235,193
-7.6926,53.28823,2021/10/20 23:00:00+00,Thu 21 Oct 2021,1739,1821,11,3599993,3538081,240434,3840427,3778515,81.5566542299519,80.2418692915362,194
-7.6926,53.28823,2021/10/21 23:00:00+00,Fri 22 Oct 2021,1497,1919,3,3601490,3540000,240437,3841927,3780437,81.5885087558535,80.2826855573916,195
-7.6926,53.28823,2021/10/22 23:00:00+00,Sat 23 Oct 2021,2005,1692,1,3603495,3541692,240438,3843933,3782130,81.6311088751594,80.3186386989592,196
-7.6926,53.28823,2021/10/23 23:00:00+00,Sun 24 Oct 2021,1948,2184,2,3605443,3543876,240440,3845883,3784316,81.6725197588315,80.3650613613733,197
-7.6926,53.28823,2021/10/24 23:00:00+00,Mon 25 Oct 2021,1217,840,2,3606660,3544716,240442,3847102,3785158,81.6984068702143,80.3829423685794,198
-7.6926,53.28823,2021/10/25 23:00:00+00,Tue 26 Oct 2021,1237,1212,6,3607897,3545928,240448,3848345,3786376,81.7248036540114,80.4088082436115,199
-7.6926,53.28823,2021/10/26 23:00:00+00,Wed 27 Oct 2021,1554,1413,5,3609451,3547341,240453,3849904,3787794,81.7579111245986,80.4389213887639,200
-7.6926,53.28823,2021/10/27 23:00:00+00,Thu 28 Oct 2021,2149,1683,4,3611600,3549024,240457,3852057,3789481,81.8036329874427,80.4747471122279,201
-7.6926,53.28823,2021/10/28 23:00:00+00,Fri 29 Oct 2021,2132,1354,1,3613732,3550378,240458,3854190,3790836,81.8489301232749,80.5035223672925,202
-7.6926,53.28823,2021/10/29 23:00:00+00,Sat 30 Oct 2021,2011,1443,0,3615743,3551821,240458,3856201,3792279,81.8916364243337,80.5341664212098,203
-7.6926,53.28823,2021/10/30 23:00:00+00,Sun 31 Oct 2021,1594,1317,0,3617337,3553138,240458,3857795,3793596,81.9254871671919,80.5621346949515,204
-7.6926,53.28823,2021/11/01 00:00:00+00,Mon 01 Nov 2021,264,270,3,3617601,3553408,240461,3858062,3793869,81.9311572728024,80.5679322186656,205
-7.6926,53.28823,2021/11/02 00:00:00+00,Tue 02 Nov 2021,1090,1081,9,3618691,3554489,240470,3859161,3794959,81.954496022113,80.5910798408208,206
-7.6926,53.28823,2021/11/03 00:00:00+00,Wed 03 Nov 2021,2529,1857,6,3621220,3556346,240476,3861696,3796822,82.0083301708868,80.6306431619907,207
-7.6926,53.28823,2021/11/04 00:00:00+00,Thu 04 Nov 2021,1538,1263,1,3622758,3557609,240477,3863235,3798086,82.0410129144619,80.6574859091505,208
-7.6926,53.28823,2022/02/17 00:00:00+00,Thu 17 Feb 2022,794,1188,2,3817595,3724753,240607,4058202,3965360,86.1814004821076,84.2097752195998,209
-7.6926,53.28823,2021/04/10 23:00:00+00,Sun 11 Apr 2021,2859,362,8,788565,335963,217,788782,336180,16.7508510998412,7.13923634507965,210
-7.6926,53.28823,2021/11/05 00:00:00+00,Fri 05 Nov 2021,1633,1078,3,3624391,3558687,240480,3864871,3799167,82.0757555840453,80.6804424041503,211
-7.6926,53.28823,2022/02/18 00:00:00+00,Fri 18 Feb 2022,796,3290,0,3818391,3728043,240607,4058998,3968650,86.1983046171861,84.2796428130774,212
-7.6926,53.28823,2021/11/06 00:00:00+00,Sat 06 Nov 2021,1815,1343,5,3626206,3560030,240485,3866691,3800515,82.1144057421393,80.7090690047606,213
-7.6926,53.28823,2022/02/19 00:00:00+00,Sat 19 Feb 2022,979,3553,0,3819370,3731596,240607,4059977,3972203,86.2190950044246,84.3550955667632,214
-7.6926,53.28823,2021/11/07 00:00:00+00,Sun 07 Nov 2021,693,769,0,3626899,3560799,240485,3867384,3801284,82.1291225331059,80.7253997583728,215
-7.6926,53.28823,2022/02/20 00:00:00+00,Sun 20 Feb 2022,1366,3587,0,3820736,3735183,240607,4061343,3975790,86.2481038593457,84.4312703563693,216
-7.6926,53.28823,2021/11/08 00:00:00+00,Mon 08 Nov 2021,515,523,3,3627414,3561322,240488,3867902,3801810,82.1401229627173,80.736570078789,217
-7.6926,53.28823,2022/02/21 00:00:00+00,Mon 21 Feb 2022,252,989,2,3820988,3736172,240609,4061597,3976781,86.2534978923984,84.452315579815,218
-7.6926,53.28823,2021/11/09 00:00:00+00,Tue 09 Nov 2021,1368,1048,1,3628782,3562370,240489,3869271,3802859,82.1691955266902,80.7588470105695,219
-7.6926,53.28823,2022/02/22 00:00:00+00,Tue 22 Feb 2022,474,973,0,3821462,3737145,240609,4062071,3977754,86.2635639225833,84.4729785489499,220
-7.6926,53.28823,2021/11/10 00:00:00+00,Wed 10 Nov 2021,1615,1347,1,3630397,3563717,240490,3870887,3804207,82.2035134692616,80.7874736111798,221
-7.6926,53.28823,2022/02/23 00:00:00+00,Wed 23 Feb 2022,828,1270,1,3822290,3738415,240610,4062900,3979025,86.2811688572316,84.4999699505639,222
-7.6926,53.28823,2021/11/11 00:00:00+00,Thu 11 Nov 2021,1387,1098,2,3631784,3564815,240492,3872276,3805307,82.2330107602465,80.8108335968411,223
-7.6926,53.28823,2022/02/24 00:00:00+00,Thu 24 Feb 2022,660,1231,0,3822950,3739646,240610,4063560,3980256,86.2951848486284,84.5261118981539,224
-7.6926,53.28823,2021/11/12 00:00:00+00,Fri 12 Nov 2021,1147,1132,6,3632931,3565947,240498,3873429,3806445,82.2574962724896,80.8350005638251,225
-7.6926,53.28823,2022/02/25 00:00:00+00,Fri 25 Feb 2022,690,1221,0,3823640,3740867,240610,4064250,3981477,86.3098379305431,84.5520414822378,226
-7.6926,53.28823,2021/11/13 00:00:00+00,Sat 13 Nov 2021,1399,1361,0,3634330,3567308,240498,3874828,3807806,82.2872059269805,80.8639032369932,227
-7.6926,53.28823,2022/02/26 00:00:00+00,Sat 26 Feb 2022,960,2088,0,3824600,3742955,240610,4065210,3983565,86.3302248271202,84.5963829822929,228
-7.6926,53.28823,2021/11/14 00:00:00+00,Sun 14 Nov 2021,1646,1801,0,3635976,3569109,240498,3876474,3809607,82.3221609600699,80.9021499044258,229
-7.6926,53.28823,2022/02/27 00:00:00+00,Sun 27 Feb 2022,671,1782,0,3825271,3744737,240610,4065881,3985347,86.3444744183735,84.6342261590641,230
-7.6926,53.28823,2021/11/15 00:00:00+00,Mon 15 Nov 2021,1245,578,1,3637221,3569687,240499,3877720,3810186,82.3486214529189,80.9144457514238,231
-7.6926,53.28823,2022/02/28 00:00:00+00,Mon 28 Feb 2022,85,426,0,3825356,3745163,240610,4065966,3985773,86.3462795081746,84.6432728444202,232
-7.6926,53.28823,2021/11/16 00:00:00+00,Tue 16 Nov 2021,1319,1059,5,3638540,3570746,240504,3879044,3811250,82.3767383811148,80.9370412284634,233
-7.6926,53.28823,2022/03/01 00:00:00+00,Tue 01 Mar 2022,131,940,0,3825487,3746103,240610,4066097,3986713,86.3490614701034,84.6632350139852,234
-7.6926,53.28823,2021/11/17 00:00:00+00,Wed 17 Nov 2021,1508,1096,0,3640048,3571842,240504,3880552,3812346,82.4087627978212,80.9603162687222,235
-7.6926,53.28823,2022/03/02 00:00:00+00,Wed 02 Mar 2022,206,993,2,3825693,3747096,240612,4066305,3987708,86.3534786310284,84.6843651828333,236
-7.6926,53.28823,2021/11/18 00:00:00+00,Thu 18 Nov 2021,1656,2489,5,3641704,3574331,240509,3882213,3814840,82.4440363761697,81.0132797271214,237
-7.6926,53.28823,2022/03/03 00:00:00+00,Thu 03 Mar 2022,278,1271,0,3825971,3748367,240612,4066583,3988979,86.3593823364955,84.7113565844473,238
-7.6926,53.28823,2021/11/19 00:00:00+00,Fri 19 Nov 2021,1165,1534,0,3642869,3575865,240509,3883378,3816374,82.46877672462,81.0458562889435,239
-7.6926,53.28823,2021/11/20 00:00:00+00,Sat 20 Nov 2021,1543,2927,12,3644412,3578792,240521,3884933,3819313,82.5017992498047,81.1082699233601,240
-7.6926,53.28823,2021/11/21 00:00:00+00,Sun 21 Nov 2021,1784,2758,0,3646196,3581550,240521,3886717,3822071,82.539684899277,81.166839778318,241
-7.6926,53.28823,2021/11/22 00:00:00+00,Mon 22 Nov 2021,713,502,2,3646909,3582052,240523,3887432,3822575,82.5548688899569,81.1775428990209,242
-7.6926,53.28823,2021/11/23 00:00:00+00,Tue 23 Nov 2021,2155,1573,7,3649064,3583625,240530,3889594,3824155,82.6007818799564,81.2110963329707,243
-7.6926,53.28823,2021/11/24 00:00:00+00,Wed 24 Nov 2021,1621,3126,2,3650685,3586751,240532,3891217,3827283,82.635248476982,81.2775236376509,244
-7.6926,53.28823,2021/11/25 00:00:00+00,Thu 25 Nov 2021,988,1166,1,3651673,3587917,240533,3892206,3828450,82.6562512277265,81.3023064588024,245
-7.6926,53.28823,2021/11/26 00:00:00+00,Fri 26 Nov 2021,1287,1090,12,3652960,3589007,240545,3893505,3829552,82.6838372471574,81.3257089171648,246
-7.6926,53.28823,2021/11/27 00:00:00+00,Sat 27 Nov 2021,1201,1553,6,3654161,3590560,240551,3894712,3831111,82.7094695223329,81.358816387752,247
-7.6926,53.28823,2021/11/28 00:00:00+00,Sun 28 Nov 2021,1962,2253,0,3656123,3592813,240551,3896674,3833364,82.7511352422123,81.4066618856563,248
-7.6926,53.28823,2021/11/29 00:00:00+00,Mon 29 Nov 2021,541,984,2,3656664,3593797,240553,3897217,3834350,82.7626665805887,81.4276009273489,249
-7.6926,53.28823,2021/11/30 00:00:00+00,Tue 30 Nov 2021,1952,1628,6,3658616,3595425,240559,3899175,3835984,82.8042473550656,81.4623011242312,250
-7.6926,53.28823,2021/12/01 00:00:00+00,Wed 01 Dec 2021,1078,1358,2,3659694,3596783,240561,3900255,3837344,82.8271826137148,81.4911825610487,251
-7.6926,53.28823,2021/12/02 00:00:00+00,Thu 02 Dec 2021,1774,1397,0,3661468,3598180,240561,3902029,3838741,82.8648558996812,81.5208497428384,252
-7.6926,53.28823,2021/12/03 00:00:00+00,Fri 03 Dec 2021,1045,1166,3,3662513,3599346,240564,3903077,3839910,82.8871115951111,81.5456750366911,253
-7.6926,53.28823,2021/12/04 00:00:00+00,Sat 04 Dec 2021,1203,1696,1,3663716,3601042,240565,3904281,3841607,82.9126801612349,81.5817131236612,254
-7.6926,53.28823,2021/12/05 00:00:00+00,Sun 05 Dec 2021,1346,1772,1,3665062,3602814,240566,3905628,3843380,82.9412855254945,81.6193651732769,255
-7.6926,53.28823,2021/12/06 00:00:00+00,Mon 06 Dec 2021,933,1283,0,3665995,3604097,240566,3906561,3844663,82.9610990406054,81.6466114110982,256
-7.6926,53.28823,2021/12/07 00:00:00+00,Tue 07 Dec 2021,482,737,2,3666477,3604834,240568,3907045,3845402,82.9713774342963,81.6623050741924,257
-7.6926,53.28823,2021/12/08 00:00:00+00,Wed 08 Dec 2021,802,1502,1,3667279,3606336,240569,3907848,3846905,82.988430223829,81.6942233091458,258
-7.6926,53.28823,2021/12/09 00:00:00+00,Thu 09 Dec 2021,797,1197,0,3668076,3607533,240569,3908645,3848102,83.0053555952581,81.7196432208154,259
-7.6926,53.28823,2021/12/10 00:00:00+00,Fri 10 Dec 2021,892,1598,1,3668968,3609131,240570,3909538,3849701,83.0243196563449,81.7536001454265,260
-7.6926,53.28823,2021/12/11 00:00:00+00,Sat 11 Dec 2021,639,836,1,3669607,3609967,240571,3910178,3850538,83.0379109207296,81.7713749708796,261
-7.6926,53.28823,2021/12/12 00:00:00+00,Sun 12 Dec 2021,689,1190,0,3670296,3611157,240571,3910867,3851728,83.0525427662937,81.796646228095,262
-7.6926,53.28823,2021/12/13 00:00:00+00,Mon 13 Dec 2021,726,1053,1,3671022,3612210,240572,3911594,3852782,83.0679815931807,81.8190293416285,263
-7.6926,53.28823,2021/12/14 00:00:00+00,Tue 14 Dec 2021,628,1191,1,3671650,3613401,240573,3912223,3853974,83.0813392577088,81.8443430715451,264
-7.6926,53.28823,2021/12/15 00:00:00+00,Wed 15 Dec 2021,797,1232,1,3672447,3614633,240574,3913021,3855207,83.0982858654885,81.8705274918362,265
-7.6926,53.28823,2021/12/16 00:00:00+00,Thu 16 Dec 2021,1055,1524,7,3673502,3616157,240581,3914083,3856738,83.1208388698269,81.9030403446065,266
-7.6926,53.28823,2021/12/17 00:00:00+00,Fri 17 Dec 2021,1211,2435,1,3674713,3618592,240582,3915295,3859174,83.1465773267554,81.9547720946708,267
-7.6926,53.28823,2021/12/18 00:00:00+00,Sat 18 Dec 2021,1258,1179,0,3675971,3619771,240582,3916553,3860353,83.1732926558116,81.9798097520295,268
-7.6926,53.28823,2021/12/19 00:00:00+00,Sun 19 Dec 2021,553,881,1,3676524,3620652,240583,3917107,3861235,83.1850575940446,81.9985402132597,269
-7.6926,53.28823,2021/12/20 00:00:00+00,Mon 20 Dec 2021,526,599,0,3677050,3621251,240583,3917633,3861834,83.1962279144608,82.0112607872697,270
-7.6926,53.28823,2021/12/21 00:00:00+00,Tue 21 Dec 2021,1446,1796,4,3678496,3623047,240587,3919083,3863634,83.2270206228324,82.0494862183517,271
-7.6926,53.28823,2021/12/22 00:00:00+00,Wed 22 Dec 2021,1209,1568,2,3679705,3624615,240589,3920294,3865204,83.2527378434104,82.0828272887955,272
-7.6926,53.28823,2021/12/23 00:00:00+00,Thu 23 Dec 2021,952,1353,0,3680657,3625968,240589,3921246,3866557,83.2729548491826,82.1115600711588,273
-7.6926,53.28823,2021/12/24 00:00:00+00,Fri 24 Dec 2021,105,143,0,3680762,3626111,240589,3921351,3866700,83.2751846659957,82.1145968692947,274
-7.6926,53.28823,2021/12/25 00:00:00+00,Sat 25 Dec 2021,2,22,0,3680764,3626133,240589,3921353,3866722,83.2752271386969,82.1150640690079,275
-7.6926,53.28823,2021/12/26 00:00:00+00,Sun 26 Dec 2021,11,8,0,3680775,3626141,240589,3921364,3866730,83.2754607385535,82.1152339598128,276
-7.6926,53.28823,2021/12/27 00:00:00+00,Mon 27 Dec 2021,390,585,0,3681165,3626726,240589,3921754,3867315,83.283742915288,82.1276572249144,277
-7.6926,53.28823,2021/12/28 00:00:00+00,Tue 28 Dec 2021,470,740,1,3681635,3627466,240590,3922225,3868056,83.2937452364211,82.1433933607098,278
-7.6926,53.28823,2021/12/29 00:00:00+00,Wed 29 Dec 2021,1076,1294,0,3682711,3628760,240590,3923301,3869350,83.3165955496679,82.1708731983877,279
-7.6926,53.28823,2021/12/30 00:00:00+00,Thu 30 Dec 2021,1070,1182,1,3683781,3629942,240591,3924372,3870533,83.3393396811617,82.1959958011488,280
-7.6926,53.28823,2021/12/31 00:00:00+00,Fri 31 Dec 2021,720,1668,0,3684501,3631610,240591,3925092,3872201,83.3546298535945,82.2314180339514,281
-7.6926,53.28823,2022/01/01 00:00:00+00,Sat 01 Jan 2022,68,96,0,3684569,3631706,240591,3925160,3872297,83.3560739254354,82.2334567236091,282
-7.6926,53.28823,2022/01/02 00:00:00+00,Sun 02 Jan 2022,271,624,0,3684840,3632330,240591,3925431,3872921,83.3618289764483,82.2467082063842,283
-7.6926,53.28823,2022/01/03 00:00:00+00,Mon 03 Jan 2022,3631,718,1,3688471,3633048,240592,3929063,3873640,83.4389594018315,82.2619771424664,284
-7.6926,53.28823,2022/01/04 00:00:00+00,Tue 04 Jan 2022,1191,769,0,3689662,3633817,240592,3930254,3874409,83.4642518953974,82.2783078960786,285
-7.6926,53.28823,2021/04/11 23:00:00+00,Mon 12 Apr 2021,7772,2796,13,796337,338759,230,796567,338989,16.9161760892708,7.19888925391816,286
-7.6926,53.28823,2022/01/05 00:00:00+00,Wed 05 Jan 2022,2143,888,0,3691805,3634705,240592,3932397,3875297,83.5097613947355,82.2971657754124,287
-7.6926,53.28823,2022/01/06 00:00:00+00,Thu 06 Jan 2022,2465,1681,1,3694270,3636386,240593,3934863,3876979,83.5621302353179,82.3328853171235,288
-7.6926,53.28823,2022/01/07 00:00:00+00,Fri 07 Jan 2022,4854,770,0,3699124,3637156,240593,3939717,3877749,83.6652114811356,82.3492373070863,289
-7.6926,53.28823,2022/01/08 00:00:00+00,Sat 08 Jan 2022,9792,733,1,3708916,3637889,240594,3949510,3878483,83.8731790625723,82.3648247884276,290
-7.6926,53.28823,2022/01/09 00:00:00+00,Sun 09 Jan 2022,7115,663,0,3716031,3638552,240594,3956625,3879146,84.0242756970991,82.3789044888761,291
-7.6926,53.28823,2022/01/10 00:00:00+00,Mon 10 Jan 2022,6658,497,0,3722689,3639049,240594,3963283,3879643,84.1656673194013,82.3894589551248,292
-7.6926,53.28823,2022/01/11 00:00:00+00,Tue 11 Jan 2022,4776,1351,1,3727465,3640400,240595,3968060,3880995,84.2671133662228,82.4181705011375,293
-7.6926,53.28823,2022/01/12 00:00:00+00,Wed 12 Jan 2022,7563,898,1,3735028,3641298,240596,3975624,3881894,84.4277451221695,82.4372619803279,294
-7.6926,53.28823,2022/01/13 00:00:00+00,Thu 13 Jan 2022,7328,796,0,3742356,3642094,240596,3982952,3882690,84.5833650993744,82.4541661154064,295
-7.6926,53.28823,2022/01/14 00:00:00+00,Fri 14 Jan 2022,10727,820,0,3753083,3642914,240596,3993679,3883510,84.8111674322725,82.4715799228993,296
-7.6926,53.28823,2022/01/15 00:00:00+00,Sat 15 Jan 2022,8355,642,0,3761438,3643556,240596,4002034,3884152,84.9885971415447,82.4852136599852,297
-7.6926,53.28823,2022/01/16 00:00:00+00,Sun 16 Jan 2022,6966,1214,1,3768404,3644770,240597,4009001,3885367,85.1365507961826,82.5110158259656,298
-7.6926,53.28823,2022/01/17 00:00:00+00,Mon 17 Jan 2022,2567,548,0,3770971,3645318,240597,4011568,3885915,85.1910645081757,82.522653346095,299
-7.6926,53.28823,2022/01/18 00:00:00+00,Tue 18 Jan 2022,4063,434,3,3775034,3645752,240600,4015634,3886352,85.2774115097198,82.5319336313077,300
-7.6926,53.28823,2022/01/19 00:00:00+00,Wed 19 Jan 2022,3489,614,0,3778523,3646366,240600,4019123,3886966,85.351505136967,82.5449727505767,301
-7.6926,53.28823,2022/01/20 00:00:00+00,Thu 20 Jan 2022,3699,927,1,3782222,3647293,240601,4022823,3887894,85.4300796341911,82.5646800839345,302
-7.6926,53.28823,2022/01/21 00:00:00+00,Fri 21 Jan 2022,3254,968,0,3785476,3648261,240601,4026077,3888862,85.4991827190471,82.5852368713164,303
-7.6926,53.28823,2022/01/22 00:00:00+00,Sat 22 Jan 2022,4271,639,0,3789747,3648900,240601,4030348,3889501,85.5898831724644,82.5988068993505,304
-7.6926,53.28823,2022/01/23 00:00:00+00,Sun 23 Jan 2022,3091,677,0,3792838,3649577,240601,4033439,3890178,85.6555247321725,82.6131839087075,305
-7.6926,53.28823,2022/01/24 00:00:00+00,Mon 24 Jan 2022,646,457,0,3793484,3650034,240601,4034085,3890635,85.6692434146608,82.6228889209322,306
-7.6926,53.28823,2022/01/25 00:00:00+00,Tue 25 Jan 2022,699,1829,0,3794183,3651863,240601,4034784,3892464,85.6840876237309,82.6617302061816,307
-7.6926,53.28823,2022/01/26 00:00:00+00,Wed 26 Jan 2022,701,887,0,3794884,3652750,240601,4035485,3893351,85.6989743055023,82.6805668491648,308
-7.6926,53.28823,2022/01/27 00:00:00+00,Thu 27 Jan 2022,1274,1164,0,3796158,3653914,240601,4036759,3894515,85.7260294161681,82.7052859612645,309
-7.6926,53.28823,2022/01/28 00:00:00+00,Fri 28 Jan 2022,1033,3091,0,3797191,3657005,240601,4037792,3897606,85.7479665663391,82.7709275209725,310
-7.6926,53.28823,2022/01/29 00:00:00+00,Sat 29 Jan 2022,2328,3442,0,3799519,3660447,240601,4040120,3901048,85.7974047905385,82.8440230397415,311
-7.6926,53.28823,2022/01/30 00:00:00+00,Sun 30 Jan 2022,1634,7538,0,3801153,3667985,240601,4041754,3908586,85.8321049874206,83.0041026505726,312
-7.6926,53.28823,2022/01/31 00:00:00+00,Mon 31 Jan 2022,480,1388,0,3801633,3669373,240601,4042234,3909974,85.8422984357092,83.033578705207,313
-7.6926,53.28823,2022/02/01 00:00:00+00,Tue 01 Feb 2022,754,3413,1,3802387,3672786,240602,4042989,3913388,85.858331880413,83.1060796061591,314
-7.6926,53.28823,2022/02/02 00:00:00+00,Wed 02 Feb 2022,646,2994,0,3803033,3675780,240602,4043635,3916382,85.8720505629013,83.1696612398589,315
-7.6926,53.28823,2022/02/03 00:00:00+00,Thu 03 Feb 2022,909,2429,1,3803942,3678209,240603,4044545,3918812,85.8913756419483,83.2212655718195,316
-7.6926,53.28823,2022/02/04 00:00:00+00,Fri 04 Feb 2022,1174,6518,0,3805116,3684727,240603,4045719,3925330,85.916307117554,83.3596841050375,317
-7.6926,53.28823,2022/02/05 00:00:00+00,Sat 05 Feb 2022,1777,5748,0,3806893,3690475,240603,4047496,3931078,85.9540441125722,83.4817506482927,318
-7.6926,53.28823,2022/02/06 00:00:00+00,Sun 06 Feb 2022,1408,7555,0,3808301,3698030,240603,4048904,3938633,85.9839448942186,83.642191277084,319
-7.6926,53.28823,2022/02/07 00:00:00+00,Mon 07 Feb 2022,439,1348,0,3808740,3699378,240603,4049343,3939981,85.9932676521324,83.6708178776943,320
-7.6926,53.28823,2022/02/08 00:00:00+00,Tue 08 Feb 2022,900,1234,0,3809640,3700612,240603,4050243,3941215,86.0123803676734,83.6970235343361,321
-7.6926,53.28823,2022/02/09 00:00:00+00,Wed 09 Feb 2022,1332,1781,0,3810972,3702393,240603,4051575,3942996,86.0406671866741,83.7348454747567,322
-7.6926,53.28823,2022/02/10 00:00:00+00,Thu 10 Feb 2022,687,2544,0,3811659,3704937,240603,4052262,3945540,86.0552565595371,83.7888707506859,323
-7.6926,53.28823,2022/02/11 00:00:00+00,Fri 11 Feb 2022,552,4914,0,3812211,3709851,240603,4052814,3950454,86.0669790250689,83.8932261775397,324
-7.6926,53.28823,2022/02/12 00:00:00+00,Sat 12 Feb 2022,1398,5459,0,3813609,3715310,240603,4054212,3955913,86.0966674432092,84.0091554154711,325
-7.6926,53.28823,2022/02/13 00:00:00+00,Sun 13 Feb 2022,1568,4705,0,3815177,3720015,240603,4055780,3960618,86.1299660409518,84.1090724450493,326
-7.6926,53.28823,2022/02/14 00:00:00+00,Mon 14 Feb 2022,174,950,1,3815351,3720965,240604,4055955,3961569,86.1336824023069,84.129268214471,327
-7.6926,53.28823,2022/02/15 00:00:00+00,Tue 15 Feb 2022,649,815,1,3816000,3721780,240605,4056605,3962385,86.1474860301977,84.1465970765615,328
-7.6926,53.28823,2022/02/16 00:00:00+00,Wed 16 Feb 2022,801,1785,0,3816801,3723565,240605,4057406,3964170,86.1644963470292,84.1845039623845,329
-7.6926,53.28823,2021/04/12 23:00:00+00,Tue 13 Apr 2021,11508,8592,1,807845,347351,231,808076,347582,17.1605852483389,7.38137321463346,330
-7.6926,53.28823,2022/03/04 00:00:00+00,Fri 04 Mar 2022,733,1505,2,3826704,3749872,240614,4067318,3990486,86.3749910541873,84.7433597648032,331
-7.6926,53.28823,2021/04/13 23:00:00+00,Wed 14 Apr 2021,20347,6595,2,828192,353946,233,828425,354179,17.5927237467208,7.52146941954895,332
-7.6926,53.28823,2022/03/05 00:00:00+00,Sat 05 Mar 2022,963,3341,0,3827667,3753213,240614,4068281,3993827,86.3954416598162,84.8143104121615,333
-7.6926,53.28823,2021/04/14 23:00:00+00,Thu 15 Apr 2021,27125,10798,1,855317,364744,234,855551,364978,18.1687809931264,7.75080076969029,334
-7.6926,53.28823,2021/04/15 23:00:00+00,Fri 16 Apr 2021,27969,9830,1,883286,374574,235,883521,374809,18.7627617194394,7.95957533244976,335
-7.6926,53.28823,2021/04/16 23:00:00+00,Sat 17 Apr 2021,15846,4550,2,899132,379124,237,899369,379361,19.0993154037657,8.05624320038599,336
-7.6926,53.28823,2021/04/17 23:00:00+00,Sun 18 Apr 2021,1070,485,0,900202,379609,237,900439,379846,19.1220382989089,8.06654283042753,337
-7.6926,53.28823,2021/04/18 23:00:00+00,Mon 19 Apr 2021,6738,2253,0,906940,381862,237,907177,382099,19.2651288292591,8.11438832833182,338
-7.6926,53.28823,2021/04/19 23:00:00+00,Tue 20 Apr 2021,15088,7308,1,922028,389170,238,922266,389408,19.5855641234792,8.2696048148753,339
-7.6926,53.28823,2021/04/20 23:00:00+00,Wed 21 Apr 2021,26713,9876,4,948741,399046,242,948983,399288,20.1529357024889,8.47941995881422,340
-7.6926,53.28823,2021/04/21 23:00:00+00,Thu 22 Apr 2021,31619,12183,1,980360,411229,243,980603,411472,20.8244291084959,8.73816365453809,341
-7.6926,53.28823,2021/04/22 23:00:00+00,Fri 23 Apr 2021,33617,12350,3,1013977,423579,246,1014223,423825,21.538395215705,9.00049629351355,342
-7.6926,53.28823,2021/04/23 23:00:00+00,Sat 24 Apr 2021,23698,6988,2,1037675,430567,248,1037923,430815,22.0416967249512,9.14893838421528,343
-7.6926,53.28823,2021/04/24 23:00:00+00,Sun 25 Apr 2021,9747,298,2,1047422,430865,250,1047672,431115,22.2487299069614,9.15530928939561,344
-7.6926,53.28823,2021/04/25 23:00:00+00,Mon 26 Apr 2021,15578,3050,3,1063000,433915,253,1063253,434168,22.5796134856772,9.22014386778078,345
-7.6926,53.28823,2021/04/26 23:00:00+00,Tue 27 Apr 2021,25913,7808,9,1088913,441723,262,1089175,441985,23.1301021659591,9.38614842042962,346
-7.6926,53.28823,2021/04/27 23:00:00+00,Wed 28 Apr 2021,26028,8592,5,1114941,450315,267,1115208,450582,23.6829480811577,9.56871732654733,347
-7.6926,53.28823,2021/04/28 23:00:00+00,Thu 29 Apr 2021,31687,11331,6,1146628,461646,273,1146901,461919,24.3559917407585,9.80947383331206,348
-7.6926,53.28823,2021/04/29 23:00:00+00,Fri 30 Apr 2021,36121,13522,8,1182749,475168,281,1183030,475449,25.1232398516259,10.096801656945,349
-7.6926,53.28823,2021/04/30 23:00:00+00,Sat 01 May 2021,16575,6681,18,1199324,481849,299,1199623,482148,25.47561461715,10.2390639696218,350
-7.6926,53.28823,2021/05/01 23:00:00+00,Sun 02 May 2021,12451,908,14,1211775,482757,313,1212088,483070,25.7403257273928,10.258643884876,351
-7.6926,53.28823,2021/05/02 23:00:00+00,Mon 03 May 2021,14253,920,21,1226028,483677,334,1226362,484011,26.043453395873,10.2786272907917,352
-7.6926,53.28823,2021/05/03 23:00:00+00,Tue 04 May 2021,26655,6785,10,1252683,490462,344,1253027,490806,26.6097206846514,10.4229282931262,353
-7.6926,53.28823,2021/05/04 23:00:00+00,Wed 05 May 2021,32098,13459,69,1284781,503921,413,1285194,504334,27.2928303744372,10.710213644058,354
-7.6926,53.28823,2021/05/05 23:00:00+00,Thu 06 May 2021,37273,14377,132,1322054,518298,545,1322599,518843,28.0871760686716,11.0183318549294,355
-7.6926,53.28823,2021/05/06 23:00:00+00,Fri 07 May 2021,40598,15065,97,1362652,533363,642,1363294,534005,28.9513893563836,11.3403174027434,356
-7.6926,53.28823,2021/05/07 23:00:00+00,Sat 08 May 2021,25610,7038,10,1388262,540401,652,1388914,541053,29.4954646587839,11.4899912017799,357
-7.6926,53.28823,2021/05/08 23:00:00+00,Sun 09 May 2021,19667,921,5,1407929,541322,657,1408586,541979,29.9132261478088,11.5096560624366,358
-7.6926,53.28823,2021/05/09 23:00:00+00,Mon 10 May 2021,28841,4640,173,1436770,545962,830,1437600,546792,30.5293776241493,11.6118666178797,359
-7.6926,53.28823,2021/05/10 23:00:00+00,Tue 11 May 2021,33919,14812,153,1470689,560774,983,1471672,561757,31.2529425618302,11.9296686046252,360
-7.6926,53.28823,2021/05/11 23:00:00+00,Wed 12 May 2021,31290,20925,171,1501979,581699,1154,1503133,582853,31.9210593880915,12.3776706569062,361
-7.6926,53.28823,2021/05/12 23:00:00+00,Thu 13 May 2021,35996,25474,152,1537975,607173,1306,1539281,608479,32.6887109896203,12.9218733774101,362
-7.6926,53.28823,2021/05/13 23:00:00+00,Fri 14 May 2021,38212,27942,236,1576187,635115,1542,1577729,636657,33.5052061975316,13.520271264648,363
-7.6926,53.28823,2021/05/14 23:00:00+00,Sat 15 May 2021,28851,12444,22,1605038,647559,1564,1606602,649123,34.1183633484373,13.7850036112414,364
-7.6926,53.28823,2021/05/15 23:00:00+00,Sun 16 May 2021,23169,1170,9,1628207,648729,1573,1629780,650302,34.6105794826698,13.8100412686001,365
-7.6926,53.28823,2021/05/16 23:00:00+00,Mon 17 May 2021,35389,3942,115,1663596,652671,1688,1665284,654359,35.3645548744114,13.8961971429888,366
-7.6926,53.28823,2021/05/17 23:00:00+00,Tue 18 May 2021,39004,12488,125,1702600,665159,1813,1704413,666972,36.1955120370821,14.1640512331206,367
-7.6926,53.28823,2021/05/18 23:00:00+00,Wed 19 May 2021,37021,17584,207,1739621,682743,2020,1741641,684763,36.98609889726,14.5418671466648,368
-7.6926,53.28823,2021/05/19 23:00:00+00,Thu 20 May 2021,39074,19639,136,1778695,702382,2156,1780851,704538,37.8187762043294,14.9618159798017,369
-7.6926,53.28823,2021/05/20 23:00:00+00,Fri 21 May 2021,25842,23243,14933,1804537,725625,17089,1821626,742714,38.6846884000894,15.7725349003495,370
-7.6926,53.28823,2021/05/21 23:00:00+00,Sat 22 May 2021,16587,10241,13522,1821124,735866,30611,1851735,766477,39.3240936803381,16.2771742996836,371
-7.6926,53.28823,2021/05/22 23:00:00+00,Sun 23 May 2021,8211,5522,10204,1829335,741388,40815,1870150,782203,39.7151610766575,16.6111371492365,372
-7.6926,53.28823,2021/05/23 23:00:00+00,Mon 24 May 2021,22544,8210,8450,1851879,749598,49265,1901144,798863,40.3733605271882,16.964934750251,373
-7.6926,53.28823,2021/05/24 23:00:00+00,Tue 25 May 2021,30327,16477,3222,1882206,766075,52487,1934693,818562,41.0858188535046,17.3832696207421,374
-7.6926,53.28823,2021/05/25 23:00:00+00,Wed 26 May 2021,19964,25386,3049,1902170,791461,55536,1957706,846997,41.5745309898879,17.9871252500846,375
-7.6926,53.28823,2021/05/26 23:00:00+00,Thu 27 May 2021,17004,36020,551,1919174,827481,56087,1975261,883568,41.9473351246903,18.7637598279176,376
-7.6926,53.28823,2021/05/27 23:00:00+00,Fri 28 May 2021,27027,31814,1558,1946201,859295,57645,2003846,916940,42.5543762066229,19.4724593201777,377
-7.6926,53.28823,2021/05/28 23:00:00+00,Sat 29 May 2021,24463,7383,534,1970664,866678,58179,2028843,924857,43.0852212625987,19.6405875078867,378
-7.6926,53.28823,2021/05/29 23:00:00+00,Sun 30 May 2021,24237,1675,209,1994901,868353,58388,2053289,926741,43.6043650893934,19.6805967924191,379
-7.6926,53.28823,2021/05/30 23:00:00+00,Mon 31 May 2021,22575,7322,3443,2017476,875675,61831,2079307,937506,44.1568924593329,19.90920610664,380
-7.6926,53.28823,2021/05/31 23:00:00+00,Tue 01 Jun 2021,27540,11508,3653,2045016,887183,65484,2110500,952667,44.8193179436332,20.2311704181034,381
-7.6926,53.28823,2021/06/01 23:00:00+00,Wed 02 Jun 2021,18685,20888,4007,2063701,908071,69491,2133192,977562,45.3012132114735,20.7598493663179,382
-7.6926,53.28823,2021/06/02 23:00:00+00,Thu 03 Jun 2021,16670,30704,1976,2080371,938775,71467,2151838,1010242,45.6971862047817,21.453853303962,383
-7.6926,53.28823,2021/06/03 23:00:00+00,Fri 04 Jun 2021,28995,23337,151,2109366,962112,71618,2180984,1033730,46.3161408794015,21.9526527068808,384
-7.6926,53.28823,2021/06/04 23:00:00+00,Sat 05 Jun 2021,20945,11486,33,2130311,973598,71651,2201962,1045249,46.7616370423115,22.1972742294549,385
-7.6926,53.28823,2021/06/05 23:00:00+00,Sun 06 Jun 2021,19929,3898,44,2150240,977496,71695,2221935,1049191,47.1857906728674,22.2809879235245,386
-7.6926,53.28823,2021/06/06 23:00:00+00,Mon 07 Jun 2021,19798,4578,45,2170038,982074,71740,2241778,1053814,47.6071835778451,22.3791635723534,387
-7.6926,53.28823,2021/06/07 23:00:00+00,Tue 08 Jun 2021,26389,18349,43,2196427,1000423,71783,2268210,1072206,48.1685027969336,22.7697425326089,388
-7.6926,53.28823,2021/06/08 23:00:00+00,Wed 09 Jun 2021,32783,20105,173,2229210,1020528,71956,2301166,1092484,48.8683679673436,23.2003732500982,389
-7.6926,53.28823,2021/06/09 23:00:00+00,Thu 10 Jun 2021,27674,27486,270,2256884,1048014,72226,2329110,1120240,49.4617965485409,23.7898093973824,390
-7.6926,53.28823,2021/06/10 23:00:00+00,Fri 11 Jun 2021,26419,32890,40,2283303,1080904,72266,2355569,1153170,50.0236891490955,24.4891224226769,391
-7.6926,53.28823,2021/06/11 23:00:00+00,Sat 12 Jun 2021,12197,19715,103,2295500,1100619,72369,2367869,1172988,50.2848962614891,24.9099844188896,392
-7.6926,53.28823,2021/06/12 23:00:00+00,Sun 13 Jun 2021,8540,18165,831,2304040,1118784,73200,2377240,1191984,50.4839021029721,25.3133901349082,393
-7.6926,53.28823,2021/06/13 23:00:00+00,Mon 14 Jun 2021,16008,31297,48,2320048,1150081,73248,2393296,1223329,50.8248729482234,25.9790435444998,394
-7.6926,53.28823,2021/06/14 23:00:00+00,Tue 15 Jun 2021,14682,41575,205,2334730,1191656,73453,2408183,1265109,51.1410184996221,26.866298272614,395
-7.6926,53.28823,2021/06/15 23:00:00+00,Wed 16 Jun 2021,13457,48383,215,2348187,1240039,73668,2421855,1313707,51.4313618850404,27.8983424391265,396
-7.6926,53.28823,2021/06/16 23:00:00+00,Thu 17 Jun 2021,21559,42671,535,2369746,1282710,74203,2443949,1356913,51.9005578152212,28.8158802031979,397
-7.6926,53.28823,2021/06/17 23:00:00+00,Fri 18 Jun 2021,12006,50035,553,2381752,1332745,74756,2456508,1407501,52.1672651424205,29.8901847074066,398
-7.6926,53.28823,2021/06/18 23:00:00+00,Sat 19 Jun 2021,6304,32794,432,2388056,1365539,75188,2463244,1440727,52.3103132000696,30.595783692479,399
-7.6926,53.28823,2021/06/19 23:00:00+00,Sun 20 Jun 2021,8506,26136,177,2396562,1391675,75365,2471927,1467040,52.494708432339,31.1545757858458,400
-7.6926,53.28823,2021/06/20 23:00:00+00,Mon 21 Jun 2021,15459,32330,572,2412021,1424005,75937,2487958,1499942,52.8351483688253,31.8532941933234,401
-7.6926,53.28823,2021/06/21 23:00:00+00,Tue 22 Jun 2021,15123,43533,722,2427144,1467538,76659,2503803,1544197,53.1716383440998,32.7931088891753,402
-7.6926,53.28823,2021/06/22 23:00:00+00,Wed 23 Jun 2021,20072,39377,882,2447216,1506915,77541,2524757,1584456,53.6166248345954,33.6480631280252,403
-7.6926,53.28823,2021/06/23 23:00:00+00,Thu 24 Jun 2021,19006,44260,1031,2466222,1551175,78572,2544794,1629747,54.0421375915897,34.6098786830999,404
-7.6926,53.28823,2021/06/24 23:00:00+00,Fri 25 Jun 2021,15199,50113,842,2481421,1601288,79414,2560835,1680702,54.3827898915821,35.6919769279793,405
-7.6926,53.28823,2021/06/25 23:00:00+00,Sat 26 Jun 2021,9050,30541,509,2490471,1631829,79923,2570394,1711752,54.585788166978,36.3513656141436,406
-7.6926,53.28823,2021/06/26 23:00:00+00,Sun 27 Jun 2021,8718,30470,56,2499189,1662299,79979,2579168,1742278,54.7721159071521,36.9996264525929,407
-7.6926,53.28823,2021/06/27 23:00:00+00,Mon 28 Jun 2021,24218,24628,520,2523407,1686927,80499,2603906,1767426,55.2974607483223,37.5336781975095,408
-7.6926,53.28823,2021/06/28 23:00:00+00,Tue 29 Jun 2021,28142,31015,808,2551549,1717942,81307,2632856,1799249,55.9122530982243,38.2094825826885,409
-7.6926,53.28823,2021/06/29 23:00:00+00,Wed 30 Jun 2021,22552,36854,588,2574101,1754796,81895,2655996,1836691,56.4036622511339,39.0046140218951,410
-7.6926,53.28823,2021/06/30 23:00:00+00,Thu 01 Jul 2021,14991,48309,639,2589092,1803105,82534,2671626,1885639,56.7355864110291,40.044090911118,411
-7.6926,53.28823,2021/07/01 23:00:00+00,Fri 02 Jul 2021,13649,47250,815,2602741,1850355,83349,2686090,1933704,57.0427489861235,41.0648161027602,412
-7.6926,53.28823,2021/07/02 23:00:00+00,Sat 03 Jul 2021,9301,30462,505,2612042,1880817,83854,2695896,1964671,57.250992640118,41.7224421718246,413
-7.6926,53.28823,2021/07/03 23:00:00+00,Sun 04 Jul 2021,6443,27772,232,2618485,1908589,84086,2702571,1992675,57.3927452803804,42.3171449340579,414
-7.6926,53.28823,2021/07/04 23:00:00+00,Mon 05 Jul 2021,15586,33438,5338,2634071,1942027,89424,2723495,2031451,57.8370946803579,43.1406056649664,415
-7.6926,53.28823,2021/07/05 23:00:00+00,Tue 06 Jul 2021,12400,48286,5483,2646471,1990313,94907,2741378,2085220,58.2168643381574,44.2824630004373,416
-7.6926,53.28823,2021/07/06 23:00:00+00,Wed 07 Jul 2021,19693,43747,5054,2666164,2034060,99961,2766125,2134021,58.742400306483,45.3188181461218,417
-7.6926,53.28823,2021/07/07 23:00:00+00,Thu 08 Jul 2021,17753,45575,5993,2683917,2079635,105954,2789871,2185589,59.2466786878569,46.4139342739196,418
-7.6926,53.28823,2021/07/08 23:00:00+00,Fri 09 Jul 2021,13509,45082,6528,2697426,2124717,112482,2809908,2237199,59.6721914448512,47.5099423284427,419
-7.6926,53.28823,2021/07/09 23:00:00+00,Sat 10 Jul 2021,8621,23857,4362,2706047,2148574,116844,2822891,2265418,59.9479029847054,48.1092109060553,420
-7.6926,53.28823,2021/07/10 23:00:00+00,Sun 11 Jul 2021,15222,16103,2153,2721269,2164677,118997,2840266,2283674,60.3168845763996,48.4969017226291,421
-7.6926,53.28823,2021/07/11 23:00:00+00,Mon 12 Jul 2021,17095,31739,6090,2738364,2196416,125087,2863451,2321503,60.8092493650862,49.3002516295183,422
-7.6926,53.28823,2021/07/12 23:00:00+00,Tue 13 Jul 2021,20092,36551,8485,2758456,2232967,133572,2892028,2366539,61.416120556214,50.2566519151897,423
-7.6926,53.28823,2021/07/13 23:00:00+00,Wed 14 Jul 2021,20785,35683,9331,2779241,2268650,142903,2922144,2411553,62.0556744909169,51.2125850011478,424
-7.6926,53.28823,2021/07/14 23:00:00+00,Thu 15 Jul 2021,23616,28818,9580,2802857,2297468,152483,2955340,2449951,62.7606363854712,52.0280183915291,425
-7.6926,53.28823,2021/07/15 23:00:00+00,Fri 16 Jul 2021,23523,27407,9162,2826380,2324875,161645,2988025,2486520,63.4547465048683,52.8046104966609,426
-7.6926,53.28823,2021/07/16 23:00:00+00,Sat 17 Jul 2021,11487,19414,4676,2837867,2344289,166321,3004188,2510610,63.797989639634,53.3161941826415,427
-7.6926,53.28823,2021/07/17 23:00:00+00,Sun 18 Jul 2021,16849,15804,1929,2854716,2360093,168250,3022966,2528343,64.1967658312216,53.6927783878509,428
-7.6926,53.28823,2021/07/18 23:00:00+00,Mon 19 Jul 2021,24868,18408,6246,2879584,2378501,174496,3054080,2552997,64.8575136438243,54.2163393755706,429
-7.6926,53.28823,2021/07/19 23:00:00+00,Tue 20 Jul 2021,30559,18163,7693,2910143,2396664,182189,3092332,2578853,65.6698465270178,54.7654264567128,430
-7.6926,53.28823,2021/07/20 23:00:00+00,Wed 21 Jul 2021,30338,19825,6885,2940481,2416489,189074,3129555,2605563,66.4603272054428,55.3326493812683,431
-7.6926,53.28823,2021/07/21 23:00:00+00,Thu 22 Jul 2021,33518,15916,6932,2973999,2432405,196006,3170005,2628411,67.3193375872575,55.8178575198024,432
-7.6926,53.28823,2021/07/22 23:00:00+00,Fri 23 Jul 2021,27076,20813,5611,3001075,2453218,201617,3202692,2654835,68.0134901793559,56.379006848086,433
-7.6926,53.28823,2022/03/06 00:00:00+00,Sun 06 Mar 2022,456,1915,0,3828123,3755128,240614,4068737,3995742,86.4051254356903,84.8549780235626,434
-7.6926,53.28823,2022/03/07 00:00:00+00,Mon 07 Mar 2022,112,121,0,3828235,3755249,240614,4068849,3995863,86.4075039069576,84.8575476219853,435
-7.6926,53.28823,2022/03/08 00:00:00+00,Tue 08 Mar 2022,119,492,0,3828354,3755741,240614,4068968,3996355,86.4100310326791,84.8679959064811,436
-7.6926,53.28823,2022/03/09 00:00:00+00,Wed 09 Mar 2022,125,343,0,3828479,3756084,240614,4069093,3996698,86.4126855765043,84.8752799747372,437
-7.6926,53.28823,2022/03/10 00:00:00+00,Thu 10 Mar 2022,257,507,0,3828736,3756591,240614,4069350,3997205,86.4181433186088,84.886046804492,438
-7.6926,53.28823,2022/03/11 00:00:00+00,Fri 11 Mar 2022,494,2181,0,3829230,3758772,240614,4069844,3999386,86.4286340758057,84.932363285153,439
-7.6926,53.28823,2022/03/12 00:00:00+00,Sat 12 Mar 2022,473,2387,2,3829703,3761159,240616,4070319,4001775,86.4387213423412,84.9830969267391,440
-7.6926,53.28823,2022/03/13 00:00:00+00,Sun 13 Mar 2022,359,1082,0,3830062,3762241,240616,4070678,4002857,86.446345192207,85.0060746580894,441
-7.6926,53.28823,2022/03/14 00:00:00+00,Mon 14 Mar 2022,109,120,0,3830171,3762361,240616,4070787,4002977,86.4486599544226,85.0086230201616,442
-7.6926,53.28823,2022/03/15 00:00:00+00,Tue 15 Mar 2022,222,757,0,3830393,3763118,240616,4071009,4003734,86.453374424256,85.0246989375666,443
-7.6926,53.28823,2022/03/16 00:00:00+00,Wed 16 Mar 2022,196,798,0,3830589,3763916,240616,4071205,4004532,86.4575367489738,85.0416455453463,444
-7.6926,53.28823,2022/03/18 00:00:00+00,Fri 18 Mar 2022,2,6,0,3830591,3763922,240616,4071207,4004538,86.457579221675,85.0417729634499,445
-7.6926,53.28823,2022/03/19 00:00:00+00,Sat 19 Mar 2022,743,2779,0,3831334,3766701,240616,4071950,4007317,86.4733578301716,85.1007887817704,446
-7.6926,53.28823,2022/03/20 00:00:00+00,Sun 20 Mar 2022,394,1401,0,3831728,3768102,240616,4072344,4008718,86.4817249523085,85.1305409089625,447
-7.6926,53.28823,2022/03/21 00:00:00+00,Mon 21 Mar 2022,54,111,0,3831782,3768213,240616,4072398,4008829,86.4828717152409,85.1328981438792,448
-7.6926,53.28823,2022/03/22 00:00:00+00,Tue 22 Mar 2022,138,573,0,3831920,3768786,240616,4072536,4009402,86.4858023316239,85.1450665727737,449
-7.6926,53.28823,2022/03/23 00:00:00+00,Wed 23 Mar 2022,98,220,0,3832018,3769006,240616,4072634,4009622,86.4878834939828,85.1497385699059,450
-7.6926,53.28823,2022/03/24 00:00:00+00,Thu 24 Mar 2022,148,239,0,3832166,3769245,240616,4072782,4009861,86.4910264738717,85.1548140576996,451
-7.6926,53.28823,2022/03/25 00:00:00+00,Fri 25 Mar 2022,435,1622,0,3832601,3770867,240616,4073217,4011483,86.5002642863832,85.1892594183746,452
-7.6926,53.28823,2022/03/26 00:00:00+00,Sat 26 Mar 2022,874,1847,0,3833475,3772714,240616,4074091,4013330,86.5188248568086,85.2284829579348,453
-7.6926,53.28823,2022/03/27 00:00:00+00,Sun 27 Mar 2022,380,802,0,3833855,3773516,240616,4074471,4014132,86.526894670037,85.2455145111169,454
-7.6926,53.28823,2022/03/27 23:00:00+00,Mon 28 Mar 2022,40,51,0,3833895,3773567,240616,4074511,4014183,86.5277441240611,85.2465975649976,455
-7.6926,53.28823,2022/03/28 23:00:00+00,Tue 29 Mar 2022,138,192,3,3834033,3773759,240619,4074652,4014378,86.5307384494958,85.2507386533648,456
-7.6926,53.28823,2022/03/29 23:00:00+00,Wed 30 Mar 2022,110,134,0,3834143,3773893,240619,4074762,4014512,86.5330744480619,85.2535843243453,457
-7.6926,53.28823,2022/03/30 23:00:00+00,Thu 31 Mar 2022,228,355,0,3834371,3774248,240619,4074990,4014867,86.537916335999,85.2611232288087,458
-7.6926,53.28823,2022/03/31 23:00:00+00,Fri 01 Apr 2022,310,903,0,3834681,3775151,240619,4075300,4015770,86.5444996046853,85.2802996534015,459
-7.6926,53.28823,2022/04/01 23:00:00+00,Sat 02 Apr 2022,726,1538,0,3835407,3776689,240619,4076026,4017308,86.5599171952217,85.312961160626,460
-7.6926,53.28823,2022/04/02 23:00:00+00,Sun 03 Apr 2022,536,816,0,3835943,3777505,240619,4076562,4018124,86.5712998791439,85.3302900227165,461
-7.6926,53.28823,2022/04/03 23:00:00+00,Mon 04 Apr 2022,46,50,0,3835989,3777555,240619,4076608,4018174,86.5722767512716,85.3313518402466,462
-7.6926,53.28823,2022/04/04 23:00:00+00,Tue 05 Apr 2022,130,166,0,3836119,3777721,240619,4076738,4018340,86.5750374768497,85.3348770744464,463
-7.6926,53.28823,2022/04/05 23:00:00+00,Wed 06 Apr 2022,159,209,0,3836278,3777930,240619,4076897,4018549,86.5784140565953,85.339315471722,464
-7.6926,53.28823,2022/04/06 23:00:00+00,Thu 07 Apr 2022,119,173,0,3836397,3778103,240619,4077016,4018722,86.5809411823168,85.342989360376,465
-7.6926,53.28823,2022/04/07 23:00:00+00,Fri 08 Apr 2022,267,417,0,3836664,3778520,240619,4077283,4019139,86.5866112879273,85.3518449185766,466
-7.6926,53.28823,2022/04/08 23:00:00+00,Sat 09 Apr 2022,561,1018,0,3837225,3779538,240619,4077844,4020157,86.5985248806145,85.3734635234886,467
-7.6926,53.28823,2022/04/09 23:00:00+00,Sun 10 Apr 2022,412,719,0,3837637,3780257,240619,4078256,4020876,86.6072742570622,85.3887324595708,468
-7.6926,53.28823,2022/04/10 23:00:00+00,Mon 11 Apr 2022,71,92,0,3837708,3780349,240619,4078327,4020968,86.6087820379549,85.3906862038261,469
-7.6926,53.28823,2022/04/11 23:00:00+00,Tue 12 Apr 2022,192,175,0,3837900,3780524,240619,4078519,4021143,86.6128594172703,85.3944025651813,470
-7.6926,53.28823,2022/04/12 23:00:00+00,Wed 13 Apr 2022,145,231,0,3838045,3780755,240619,4078664,4021374,86.6159386881074,85.3993081621701,471
-7.6926,53.28823,2022/04/13 23:00:00+00,Thu 14 Apr 2022,357,426,0,3838402,3781181,240619,4079021,4021800,86.623520065272,85.4083548475262,472
-7.6926,53.28823,2022/04/14 23:00:00+00,Fri 15 Apr 2022,446,989,0,3838848,3782170,240619,4079467,4022789,86.6329914776401,85.4293575982707,473
-7.6926,53.28823,2022/04/15 23:00:00+00,Sat 16 Apr 2022,42,88,0,3838890,3782258,240619,4079509,4022877,86.6338834043654,85.4312263971236,474
-7.6926,53.28823,2022/04/17 23:00:00+00,Mon 18 Apr 2022,35,61,0,3838925,3782319,240619,4079544,4022938,86.6346266766364,85.4325218145102,475
-7.6926,53.28823,2022/04/18 23:00:00+00,Tue 19 Apr 2022,218,268,1,3839143,3782587,240620,4079763,4023207,86.6392774374181,85.4382343928219,476
-7.6926,53.28823,2022/04/19 23:00:00+00,Wed 20 Apr 2022,247,606,0,3839390,3783193,240620,4080010,4023813,86.6445228160165,85.4511036212862,477
-7.6926,53.28823,2022/04/20 23:00:00+00,Thu 21 Apr 2022,169,238,0,3839559,3783431,240620,4080179,4024051,86.6481117592681,85.4561578727293,478
-7.6926,53.28823,2022/04/21 23:00:00+00,Fri 22 Apr 2022,196,250,0,3839755,3783681,240620,4080375,4024301,86.6522740839859,85.4614669603796,479
-7.6926,53.28823,2022/04/22 23:00:00+00,Sat 23 Apr 2022,322,1010,0,3840077,3784691,240620,4080697,4025311,86.6591121888795,85.4829156744867,480
-7.6926,53.28823,2022/04/23 23:00:00+00,Sun 24 Apr 2022,182,253,0,3840259,3784944,240620,4080879,4025564,86.6629772046889,85.4882884711887,481
-7.6926,53.28823,2022/04/24 23:00:00+00,Mon 25 Apr 2022,41,56,0,3840300,3785000,240620,4080920,4025620,86.6638478950636,85.4894777068224,482
-7.6926,53.28823,2022/04/25 23:00:00+00,Tue 26 Apr 2022,144,237,0,3840444,3785237,240620,4081064,4025857,86.6669059295501,85.4945107219149,483
-7.6926,53.28823,2022/04/26 23:00:00+00,Wed 27 Apr 2022,121,208,0,3840565,3785445,240620,4081185,4026065,86.6694755279728,85.4989278828399,484
-7.6926,53.28823,2022/04/27 23:00:00+00,Thu 28 Apr 2022,105,128,0,3840670,3785573,240620,4081290,4026193,86.6717053447859,85.5016461357168,485
-7.6926,53.28823,2022/04/28 23:00:00+00,Fri 29 Apr 2022,171,222,0,3840841,3785795,240620,4081461,4026415,86.6753367607387,85.5063606055503,486
-7.6926,53.28823,2022/04/29 23:00:00+00,Sat 30 Apr 2022,280,722,0,3841121,3786517,240620,4081741,4027137,86.6812829389071,85.5216932506843,487
-7.6926,53.28823,2022/04/30 23:00:00+00,Sun 01 May 2022,185,746,0,3841306,3787263,240620,4081926,4027883,86.6852116637683,85.5375355682327,488
-7.6926,53.28823,2022/05/01 23:00:00+00,Mon 02 May 2022,11,26,0,3841317,3787289,240620,4081937,4027909,86.6854452636249,85.5380877133483,489
-7.6926,53.28823,2022/05/02 23:00:00+00,Tue 03 May 2022,88,117,0,3841405,3787406,240620,4082025,4028026,86.6873140624778,85.5405723663687,490
-7.6926,53.28823,2022/05/03 23:00:00+00,Wed 04 May 2022,119,127,0,3841524,3787533,240620,4082144,4028153,86.6898411881993,85.543269382895,491
-7.6926,53.28823,2022/05/04 23:00:00+00,Thu 05 May 2022,121,157,0,3841645,3787690,240620,4082265,4028310,86.692410786622,85.5466034899394,492
-7.6926,53.28823,2022/05/05 23:00:00+00,Fri 06 May 2022,141,256,0,3841786,3787946,240620,4082406,4028566,86.6954051120568,85.5520399956933,493
-7.6926,53.28823,2022/05/06 23:00:00+00,Sat 07 May 2022,442,1081,0,3842228,3789027,240620,4082848,4029647,86.7047915790225,85.5749964906931,494
-7.6926,53.28823,2022/05/07 23:00:00+00,Sun 08 May 2022,273,436,0,3842501,3789463,240620,4083121,4030083,86.7105891027366,85.5842555395551,495
-7.6926,53.28823,2022/05/08 23:00:00+00,Mon 09 May 2022,26,30,0,3842527,3789493,240620,4083147,4030113,86.7111412478522,85.5848926300732,496
-7.6926,53.28823,2022/05/09 23:00:00+00,Tue 10 May 2022,93,102,1,3842620,3789595,240621,4083241,4030216,86.7131374648087,85.5870799741851,497
-7.6926,53.28823,2022/05/10 23:00:00+00,Wed 11 May 2022,126,131,0,3842746,3789726,240621,4083367,4030347,86.7158132449844,85.5898619361138,498
-7.6926,53.28823,2022/05/11 23:00:00+00,Thu 12 May 2022,221,390,0,3842967,3790116,240621,4083588,4030737,86.7205064784673,85.5981441128483,499
-7.6926,53.28823,2022/05/12 23:00:00+00,Fri 13 May 2022,176,318,0,3843143,3790434,240621,4083764,4031055,86.7242440761731,85.6048972723394,500
-7.6926,53.28823,2022/05/13 23:00:00+00,Sat 14 May 2022,330,629,0,3843473,3791063,240621,4084094,4031684,86.7312520718715,85.6182549368675,501
-7.6926,53.28823,2022/05/14 23:00:00+00,Sun 15 May 2022,169,254,0,3843642,3791317,240621,4084263,4031938,86.734841015123,85.6236489699202,502
-7.6926,53.28823,2022/05/15 23:00:00+00,Mon 16 May 2022,27,31,0,3843669,3791348,240621,4084290,4031969,86.7354143965893,85.6243072967888,503
-7.6926,53.28823,2022/05/16 23:00:00+00,Tue 17 May 2022,103,91,0,3843772,3791439,240621,4084393,4032060,86.7376017407012,85.6262398046935,504
-7.6926,53.28823,2022/05/17 23:00:00+00,Wed 18 May 2022,92,111,0,3843864,3791550,240621,4084485,4032171,86.7395554849565,85.6285970396103,505
-7.6926,53.28823,2022/05/18 23:00:00+00,Thu 19 May 2022,77,92,0,3843941,3791642,240621,4084562,4032263,86.7411906839528,85.6305507838656,506
-7.6926,53.28823,2022/05/19 23:00:00+00,Fri 20 May 2022,126,187,0,3844067,3791829,240621,4084688,4032450,86.7438664641285,85.634521981428,507
-7.6926,53.28823,2022/05/20 23:00:00+00,Sat 21 May 2022,392,757,0,3844459,3792586,240621,4085080,4033207,86.7521911135642,85.650597898833,508
-7.6926,53.28823,2022/05/21 23:00:00+00,Sun 22 May 2022,232,409,0,3844691,3792995,240621,4085312,4033616,86.7571179469036,85.6592835662289,509
-7.6926,53.28823,2022/05/22 23:00:00+00,Mon 23 May 2022,28,30,0,3844719,3793025,240621,4085340,4033646,86.7577125647204,85.6599206567469,510
-7.6926,53.28823,2022/05/23 23:00:00+00,Tue 24 May 2022,68,75,0,3844787,3793100,240621,4085408,4033721,86.7591566365613,85.661513383042,511
-7.6926,53.28823,2022/05/24 23:00:00+00,Wed 25 May 2022,87,115,0,3844874,3793215,240621,4085495,4033836,86.7610041990636,85.6639555633611,512
-7.6926,53.28823,2022/05/25 23:00:00+00,Thu 26 May 2022,84,138,0,3844958,3793353,240621,4085579,4033974,86.7627880525141,85.6668861797441,513
-7.6926,53.28823,2022/05/26 23:00:00+00,Fri 27 May 2022,94,144,0,3845052,3793497,240621,4085673,4034118,86.7647842694706,85.6699442142306,514
-7.6926,53.28823,2022/05/27 23:00:00+00,Sat 28 May 2022,332,567,0,3845384,3794064,240621,4086005,4034685,86.7718347378702,85.6819852250214,515
-7.6926,53.28823,2022/05/28 23:00:00+00,Sun 29 May 2022,182,347,0,3845566,3794411,240621,4086187,4035032,86.7756997536796,85.68935423868,516
