X,Y,VaccinationDate,VaccineText,Dose1,Dose2,SingleDose,Dose1Cum,Dose2Cum,SingleDoseCum,PartiallyVacc,FullyVacc,PartialPercent,FullyPercent,ObjectId
-7.6926,53.28823,2021/08/18 23:00:00+00,Thu 19 Aug 2021,11362,25705,544,3391278,3014698,234162,3625440,3248860,76.991114923272,68.9939300139077,1
-7.6926,53.28823,2022/04/10 23:00:00+00,Mon 11 Apr 2022,70,92,1,3839312,3783653,240852,4080164,4024505,86.6477932140091,85.4657991759022,2
-7.6926,53.28823,2021/12/14 00:00:00+00,Tue 14 Dec 2021,624,1199,3,3673644,3616123,240799,3914443,3856922,83.1284839560433,81.9069478331171,3
-7.6926,53.28823,2020/12/28 00:00:00+00,Mon 28 Dec 2020,223,14,1,223,14,1,224,15,0.00475694253464764,0.000318545259016583,4
-7.6926,53.28823,2021/04/23 23:00:00+00,Sat 24 Apr 2021,23702,6993,2,1038228,430783,255,1038483,431038,22.0535890812879,9.15367409039932,5
-7.6926,53.28823,2022/04/11 23:00:00+00,Tue 12 Apr 2022,196,177,0,3839508,3783830,240852,4080360,4024682,86.6519555387269,85.4695580099586,6
-7.6926,53.28823,2021/08/19 23:00:00+00,Fri 20 Aug 2021,14848,22248,686,3406126,3036946,234848,3640974,3271794,77.3210003935096,69.4809644785934,7
-7.6926,53.28823,2021/12/15 00:00:00+00,Wed 15 Dec 2021,785,1255,0,3674429,3617378,240799,3915228,3858177,83.1451544912652,81.9335994531215,8
-7.6926,53.28823,2021/04/24 23:00:00+00,Sun 25 Apr 2021,9751,302,2,1047979,431085,257,1048236,431342,22.2607072087004,9.16012994098206,9
-7.6926,53.28823,2020/12/29 00:00:00+00,Tue 29 Dec 2020,77,2,0,300,16,1,301,17,0.00639214153093276,0.000361017960218794,10
-7.6926,53.28823,2022/04/12 23:00:00+00,Wed 13 Apr 2022,144,232,0,3839652,3784062,240852,4080504,4024914,86.6550135732135,85.474484843298,11
-7.6926,53.28823,2021/08/20 23:00:00+00,Sat 21 Aug 2021,11893,7976,246,3418019,3044922,235094,3653113,3280016,77.5787884534564,69.6555697532357,12
-7.6926,53.28823,2021/12/16 00:00:00+00,Thu 16 Dec 2021,1042,1541,7,3675471,3618919,240806,3916277,3859725,83.1674314230457,81.966473323852,13
-7.6926,53.28823,2021/04/25 23:00:00+00,Mon 26 Apr 2021,15594,3056,3,1063573,434141,260,1063833,434401,22.5919305690259,9.22509193747084,14
-7.6926,53.28823,2020/12/30 00:00:00+00,Wed 30 Dec 2020,1057,1,0,1357,17,1,1358,18,0.0288389641163013,0.000382254310819899,15
-7.6926,53.28823,2022/04/13 23:00:00+00,Thu 14 Apr 2022,360,429,0,3840012,3784491,240852,4080864,4025343,86.6626586594299,85.4835952377059,16
-7.6926,53.28823,2021/08/21 23:00:00+00,Sun 22 Aug 2021,8004,12251,161,3426023,3057173,235255,3661278,3292428,77.7521832561144,69.9191553368967,17
-7.6926,53.28823,2021/12/17 00:00:00+00,Fri 17 Dec 2021,1198,2458,1,3676669,3621377,240807,3917476,3862184,83.1928938074165,82.0186935099801,18
-7.6926,53.28823,2021/04/26 23:00:00+00,Tue 27 Apr 2021,25915,7814,9,1089488,441955,269,1089757,442224,23.1424617220089,9.39122390822329,19
-7.6926,53.28823,2020/12/31 00:00:00+00,Thu 31 Dec 2020,1033,1,0,2390,18,1,2391,19,0.0507761142872433,0.000403490661421005,20
-7.6926,53.28823,2022/04/14 23:00:00+00,Fri 15 Apr 2022,446,990,0,3840458,3785481,240852,4081310,4026333,86.672130071798,85.504619224801,21
-7.6926,53.28823,2021/08/22 23:00:00+00,Mon 23 Aug 2021,10868,15379,290,3436891,3072552,235545,3672436,3308097,77.9891384561216,70.2519077144654,22
-7.6926,53.28823,2021/12/18 00:00:00+00,Sat 18 Dec 2021,1245,1183,0,3677914,3622560,240807,3918721,3863367,83.2193330639148,82.0438161127412,23
-7.6926,53.28823,2021/04/27 23:00:00+00,Wed 28 Apr 2021,26038,8610,5,1115526,450565,274,1115800,450839,23.6955200007135,9.57417506865181,24
-7.6926,53.28823,2021/01/01 00:00:00+00,Fri 01 Jan 2021,814,0,0,3204,18,1,3205,19,0.0680625036765432,0.000403490661421005,25
-7.6926,53.28823,2022/04/15 23:00:00+00,Sat 16 Apr 2022,42,88,0,3840500,3785569,240852,4081352,4026421,86.6730219985232,85.5064880236539,26
-7.6926,53.28823,2021/08/23 23:00:00+00,Tue 24 Aug 2021,9711,22923,384,3446602,3095475,235929,3682531,3331404,78.2035194154397,70.7468633379253,27
-7.6926,53.28823,2021/12/19 00:00:00+00,Sun 19 Dec 2021,542,887,1,3678456,3623447,240808,3919264,3864255,83.2308644022912,82.062673992075,28
-7.6926,53.28823,2021/04/28 23:00:00+00,Thu 29 Apr 2021,31689,11334,6,1147215,461899,280,1147495,462179,24.3686061330156,9.81499528446835,29
-7.6926,53.28823,2021/01/02 00:00:00+00,Sat 02 Jan 2021,1016,0,0,4220,18,1,4221,19,0.0896386358872664,0.000403490661421005,30
-7.6926,53.28823,2022/04/16 23:00:00+00,Sun 17 Apr 2022,1,0,0,3840501,3785569,240852,4081353,4026421,86.6730432348738,85.5064880236539,31
-7.6926,53.28823,2021/08/24 23:00:00+00,Wed 25 Aug 2021,9413,19526,315,3456015,3115001,236244,3692259,3351245,78.4101066340873,71.1682137702019,32
-7.6926,53.28823,2021/12/20 00:00:00+00,Mon 20 Dec 2021,503,615,0,3678959,3624062,240808,3919767,3864870,83.2415462866436,82.0757343476947,33
-7.6926,53.28823,2021/04/29 23:00:00+00,Fri 30 Apr 2021,36111,13528,8,1183326,475427,288,1183614,475715,25.1356418803769,10.1024505262049,34
-7.6926,53.28823,2021/01/03 00:00:00+00,Sun 03 Jan 2021,20,2,1,4240,20,2,4242,22,0.0900845992498896,0.000467199713224322,35
-7.6926,53.28823,2022/04/17 23:00:00+00,Mon 18 Apr 2022,36,61,1,3840537,3785630,240853,4081390,4026483,86.6738289798461,85.5078046773912,36
-7.6926,53.28823,2021/08/25 23:00:00+00,Thu 26 Aug 2021,8583,19442,369,3464598,3134443,236613,3701211,3371056,78.6002144446684,71.5889271119604,37
-7.6926,53.28823,2021/12/21 00:00:00+00,Tue 21 Dec 2021,1398,1816,3,3680357,3625878,240811,3921168,3866689,83.2712984138357,82.1143632694381,38
-7.6926,53.28823,2021/04/30 23:00:00+00,Sat 01 May 2021,16582,6690,18,1199908,482117,306,1200214,482423,25.4881653003553,10.2449039660371,39
-7.6926,53.28823,2021/01/04 00:00:00+00,Mon 04 Jan 2021,1189,3,0,5429,23,2,5431,25,0.115334620114604,0.000530908765027638,40
-7.6926,53.28823,2022/04/18 23:00:00+00,Tue 19 Apr 2022,218,269,1,3840755,3785899,240854,4081609,4026753,86.6784797406277,85.5135384920535,41
-7.6926,53.28823,2021/08/26 23:00:00+00,Fri 27 Aug 2021,9725,19211,432,3474323,3153654,237045,3711368,3390699,78.8159120577238,72.0060727468179,42
-7.6926,53.28823,2021/12/22 00:00:00+00,Wed 22 Dec 2021,1154,1591,2,3681511,3627469,240813,3922324,3868282,83.2958476351306,82.1481927759457,43
-7.6926,53.28823,2021/05/01 23:00:00+00,Sun 02 May 2021,12463,909,15,1212371,483026,321,1212692,483347,25.7531524831559,10.2645263539926,44
-7.6926,53.28823,2021/01/05 00:00:00+00,Tue 05 Jan 2021,3531,13,0,8960,36,2,8962,38,0.190320174087108,0.00080698132284201,45
-7.6926,53.28823,2022/04/19 23:00:00+00,Wed 20 Apr 2022,250,606,0,3841005,3786505,240854,4081859,4027359,86.683788828278,85.5264077205177,46
-7.6926,53.28823,2021/08/27 23:00:00+00,Sat 28 Aug 2021,9919,7922,153,3484242,3161576,237198,3721440,3398774,79.0298045809781,72.1775562779218,47
-7.6926,53.28823,2021/12/23 00:00:00+00,Thu 23 Dec 2021,920,1389,0,3682431,3628858,240813,3923244,3869671,83.3153850776836,82.1776900669306,48
-7.6926,53.28823,2021/05/02 23:00:00+00,Mon 03 May 2021,14264,924,21,1226635,483950,342,1226977,484292,26.0565137514926,10.2845947053106,49
-7.6926,53.28823,2021/01/06 00:00:00+00,Wed 06 Jan 2021,6777,12,0,15737,48,2,15739,50,0.3342389221108,0.00106181753005528,50
-7.6926,53.28823,2022/04/20 23:00:00+00,Thu 21 Apr 2022,171,236,0,3841176,3786741,240854,4082030,4027595,86.6874202442308,85.5314194992596,51
-7.6926,53.28823,2021/08/28 23:00:00+00,Sun 29 Aug 2021,8800,9188,30,3493042,3170764,237228,3730270,3407992,79.2173215567859,72.3733129577628,52
-7.6926,53.28823,2021/12/24 00:00:00+00,Fri 24 Dec 2021,100,156,0,3682531,3629014,240813,3923344,3869827,83.3175087127437,82.1810029376244,53
-7.6926,53.28823,2021/12/25 00:00:00+00,Sat 25 Dec 2021,1,5,0,3682532,3629019,240813,3923345,3869832,83.3175299490944,82.1811091193774,54
-7.6926,53.28823,2021/12/26 00:00:00+00,Sun 26 Dec 2021,11,10,0,3682543,3629029,240813,3923356,3869842,83.3177635489509,82.1813214828834,55
-7.6926,53.28823,2021/12/27 00:00:00+00,Mon 27 Dec 2021,389,588,0,3682932,3629617,240813,3923745,3870430,83.3260244893348,82.1938084570368,56
-7.6926,53.28823,2021/12/28 00:00:00+00,Tue 28 Dec 2021,465,746,0,3683397,3630363,240813,3924210,3871176,83.3358993923643,82.2096507745853,57
-7.6926,53.28823,2021/12/29 00:00:00+00,Wed 29 Dec 2021,1058,1306,0,3684455,3631669,240813,3925268,3872482,83.3583674513003,82.2373854484703,58
-7.6926,53.28823,2021/12/30 00:00:00+00,Thu 30 Dec 2021,1047,1194,1,3685502,3632863,240814,3926316,3873677,83.3806231467302,82.2627628874386,59
-7.6926,53.28823,2021/12/31 00:00:00+00,Fri 31 Dec 2021,712,1679,0,3686214,3634542,240814,3927028,3875356,83.3957434283582,82.2984187200979,60
-7.6926,53.28823,2022/01/01 00:00:00+00,Sat 01 Jan 2022,65,97,0,3686279,3634639,240814,3927093,3875453,83.3971237911473,82.3004786461062,61
-7.6926,53.28823,2022/01/02 00:00:00+00,Sun 02 Jan 2022,270,627,0,3686549,3635266,240814,3927363,3876080,83.4028576058096,82.3137938379331,62
-7.6926,53.28823,2022/01/03 00:00:00+00,Mon 03 Jan 2022,3629,725,1,3690178,3635991,240815,3930993,3876806,83.4799455584916,82.3292114284695,63
-7.6926,53.28823,2022/01/04 00:00:00+00,Tue 04 Jan 2022,1187,778,0,3691365,3636769,240815,3932180,3877584,83.5051531066551,82.3457333092372,64
-7.6926,53.28823,2022/01/05 00:00:00+00,Wed 05 Jan 2022,2140,900,0,3693505,3637669,240815,3934320,3878484,83.5505988969415,82.3648460247781,65
-7.6926,53.28823,2022/01/06 00:00:00+00,Thu 06 Jan 2022,2455,1693,1,3695960,3639362,240816,3936776,3880178,83.6027553740178,82.4008204026964,66
-7.6926,53.28823,2022/01/07 00:00:00+00,Fri 07 Jan 2022,4852,785,2,3700812,3640147,240818,3941630,3880965,83.7058366198356,82.4175334106195,67
-7.6926,53.28823,2022/01/08 00:00:00+00,Sat 08 Jan 2022,9790,738,2,3710602,3640885,240820,3951422,3881705,83.9137829649216,82.4332483100643,68
-7.6926,53.28823,2022/01/09 00:00:00+00,Sun 09 Jan 2022,7115,664,0,3717717,3641549,240820,3958537,3882369,84.0648795994484,82.4473492468634,69
-7.6926,53.28823,2022/01/10 00:00:00+00,Mon 10 Jan 2022,6659,505,1,3724376,3642054,240821,3965197,3882875,84.2063136944518,82.4580948402676,70
-7.6926,53.28823,2022/01/11 00:00:00+00,Tue 11 Jan 2022,4774,1367,1,3729150,3643421,240822,3969972,3884243,84.3077172685721,82.4871461678899,71
-7.6926,53.28823,2022/01/12 00:00:00+00,Wed 12 Jan 2022,7559,918,1,3736709,3644339,240823,3977532,3885162,84.4682640791165,82.5066623740923,72
-7.6926,53.28823,2022/01/13 00:00:00+00,Thu 13 Jan 2022,7323,815,0,3744032,3645154,240823,3984855,3885977,84.6237778745683,82.5239699998322,73
-7.6926,53.28823,2022/01/14 00:00:00+00,Fri 14 Jan 2022,10725,833,0,3754757,3645987,240823,3995580,3886810,84.8515377347652,82.541659879883,74
-7.6926,53.28823,2022/01/15 00:00:00+00,Sat 15 Jan 2022,8358,652,2,3763115,3646639,240825,4003940,3887464,85.0290736257904,82.5555484531761,75
-7.6926,53.28823,2022/01/16 00:00:00+00,Sun 16 Jan 2022,6965,1215,1,3770080,3647854,240826,4010906,3888680,85.1770060440777,82.581371855507,76
-7.6926,53.28823,2022/01/17 00:00:00+00,Mon 17 Jan 2022,2562,560,0,3772642,3648414,240826,4013468,3889240,85.2314135743178,82.5932642118436,77
-7.6926,53.28823,2022/01/18 00:00:00+00,Tue 18 Jan 2022,4056,447,3,3776698,3648861,240829,4017527,3889690,85.3176119214077,82.6028205696141,78
-7.6926,53.28823,2022/01/19 00:00:00+00,Wed 19 Jan 2022,3487,622,0,3780185,3649483,240829,4021014,3890312,85.3916630759537,82.616029579688,79
-7.6926,53.28823,2022/01/20 00:00:00+00,Thu 20 Jan 2022,3691,932,0,3783876,3650415,240829,4024705,3891244,85.4700464460224,82.6358218584483,80
-7.6926,53.28823,2022/01/21 00:00:00+00,Fri 21 Jan 2022,3250,976,0,3787126,3651391,240829,4027955,3892220,85.539064585476,82.6565485366349,81
-7.6926,53.28823,2022/01/22 00:00:00+00,Sat 22 Jan 2022,4270,643,0,3791396,3652034,240829,4032225,3892863,85.6297438025427,82.6702035100714,82
-7.6926,53.28823,2022/01/23 00:00:00+00,Sun 23 Jan 2022,3092,677,0,3794488,3652711,240829,4035317,3893540,85.6954065986013,82.6845805194284,83
-7.6926,53.28823,2022/01/24 00:00:00+00,Mon 24 Jan 2022,646,461,0,3795134,3653172,240829,4035963,3894001,85.7091252810897,82.6943704770555,84
-7.6926,53.28823,2022/01/25 00:00:00+00,Tue 25 Jan 2022,692,1837,0,3795826,3655009,240829,4036655,3895838,85.7238208357056,82.7333816531097,85
-7.6926,53.28823,2022/01/26 00:00:00+00,Wed 26 Jan 2022,701,896,0,3796527,3655905,240829,4037356,3896734,85.738707517477,82.7524094232483,86
-7.6926,53.28823,2022/01/27 00:00:00+00,Thu 27 Jan 2022,1272,1175,0,3797799,3657080,240829,4038628,3897909,85.7657201554416,82.7773621352046,87
-7.6926,53.28823,2022/01/28 00:00:00+00,Fri 28 Jan 2022,1028,3093,1,3798827,3660173,240830,4039657,3901003,85.7875723602101,82.8430674039644,88
-7.6926,53.28823,2022/01/29 00:00:00+00,Sat 29 Jan 2022,2328,3444,0,3801155,3663617,240830,4041985,3904447,85.8370105844095,82.9162053954346,89
-7.6926,53.28823,2022/01/30 00:00:00+00,Sun 30 Jan 2022,1638,7537,0,3802793,3671154,240830,4043623,3911984,85.8717957266941,83.0762637699152,90
-7.6926,53.28823,2022/01/31 00:00:00+00,Mon 31 Jan 2022,480,1392,0,3803273,3672546,240830,4044103,3913376,85.8819891749826,83.1058247699519,91
-7.6926,53.28823,2022/02/01 00:00:00+00,Tue 01 Feb 2022,747,3416,1,3804020,3675962,240831,4044851,3916793,85.8978739652323,83.1783893799559,92
-7.6926,53.28823,2022/02/02 00:00:00+00,Wed 02 Feb 2022,650,2996,0,3804670,3678958,240831,4045501,3919789,85.911677593123,83.2420134863568,93
-7.6926,53.28823,2022/02/03 00:00:00+00,Thu 03 Feb 2022,905,2434,1,3805575,3681392,240832,4046407,3922224,85.9309177267676,83.2937240000705,94
-7.6926,53.28823,2022/02/04 00:00:00+00,Fri 04 Feb 2022,1173,6522,0,3806748,3687914,240832,4047580,3928746,85.9558279660227,83.4322274786909,95
-7.6926,53.28823,2022/02/05 00:00:00+00,Sat 05 Feb 2022,1777,5750,0,3808525,3693664,240832,4049357,3934496,85.9935649610409,83.5543364946473,96
-7.6926,53.28823,2022/02/06 00:00:00+00,Sun 06 Feb 2022,1407,7555,0,3809932,3701219,240832,4050764,3942051,86.0234445063366,83.7147771234386,97
-7.6926,53.28823,2022/02/07 00:00:00+00,Mon 07 Feb 2022,440,1351,0,3810372,3702570,240832,4051204,3943402,86.0327885006011,83.7434674331007,98
-7.6926,53.28823,2022/02/08 00:00:00+00,Tue 08 Feb 2022,901,1236,0,3811273,3703806,240832,4052105,3944638,86.0519224524927,83.7697155624437,99
-7.6926,53.28823,2022/02/09 00:00:00+00,Wed 09 Feb 2022,1332,1782,0,3812605,3705588,240832,4053437,3946420,86.0802092714934,83.8075587392149,100
-7.6926,53.28823,2022/02/10 00:00:00+00,Thu 10 Feb 2022,684,2548,0,3813289,3708136,240832,4054121,3948968,86.0947349353045,83.8616689605465,101
-7.6926,53.28823,2022/02/11 00:00:00+00,Fri 11 Feb 2022,546,4920,0,3813835,3713056,240832,4054667,3953888,86.1063299827327,83.9661518055039,102
-7.6926,53.28823,2022/02/12 00:00:00+00,Sat 12 Feb 2022,1399,5462,0,3815234,3718518,240832,4056066,3959350,86.1360396372237,84.0821447524872,103
-7.6926,53.28823,2022/02/13 00:00:00+00,Sun 13 Feb 2022,1567,4706,0,3816801,3723224,240832,4057633,3964056,86.1693169986156,84.182083018416,104
-7.6926,53.28823,2022/02/14 00:00:00+00,Mon 14 Feb 2022,172,953,0,3816973,3724177,240832,4057805,3965009,86.172969650919,84.2023212605388,105
-7.6926,53.28823,2022/02/15 00:00:00+00,Tue 15 Feb 2022,649,818,1,3817622,3724995,240833,4058455,3965828,86.1867732788097,84.2197138316811,106
-7.6926,53.28823,2022/02/16 00:00:00+00,Wed 16 Feb 2022,800,1785,0,3818422,3726780,240833,4059255,3967613,86.2037623592906,84.2576207175041,107
-7.6926,53.28823,2022/02/17 00:00:00+00,Thu 17 Feb 2022,791,1191,2,3819213,3727971,240835,4060048,3968806,86.2206027853173,84.2829556837712,108
-7.6926,53.28823,2022/02/18 00:00:00+00,Fri 18 Feb 2022,790,3293,0,3820003,3731264,240835,4060838,3972099,86.2373795022921,84.3528869863006,109
-7.6926,53.28823,2022/02/19 00:00:00+00,Sat 19 Feb 2022,980,3555,0,3820983,3734819,240835,4061818,3975654,86.2581911258812,84.4283822126876,110
-7.6926,53.28823,2022/02/20 00:00:00+00,Sun 20 Feb 2022,1366,3587,0,3822349,3738406,240835,4063184,3979241,86.2871999808023,84.5045570022937,111
-7.6926,53.28823,2022/02/21 00:00:00+00,Mon 21 Feb 2022,253,994,1,3822602,3739400,240836,4063438,3980236,86.292594013855,84.5256871711418,112
-7.6926,53.28823,2022/02/22 00:00:00+00,Tue 22 Feb 2022,475,981,0,3823077,3740381,240836,4063913,3981217,86.3026812803905,84.5465200310815,113
-7.6926,53.28823,2022/02/23 00:00:00+00,Wed 23 Feb 2022,830,1272,1,3823907,3741653,240837,4064744,3982490,86.3203286877401,84.5735539053967,114
-7.6926,53.28823,2022/02/24 00:00:00+00,Thu 24 Feb 2022,657,1233,0,3824564,3742886,240837,4065401,3983723,86.334280970085,84.5997383256879,115
-7.6926,53.28823,2022/02/25 00:00:00+00,Fri 25 Feb 2022,690,1228,0,3825254,3744114,240837,4066091,3984951,86.3489340519997,84.6258165642261,116
-7.6926,53.28823,2022/02/26 00:00:00+00,Sat 26 Feb 2022,959,2092,0,3826213,3746206,240837,4067050,3987043,86.3692997122262,84.6702430096836,117
-7.6926,53.28823,2022/02/27 00:00:00+00,Sun 27 Feb 2022,671,1783,0,3826884,3747989,240837,4067721,3988826,86.3835493034796,84.7081074228053,118
-7.6926,53.28823,2022/02/28 00:00:00+00,Mon 28 Feb 2022,81,428,0,3826965,3748417,240837,4067802,3989254,86.3852694478782,84.7171965808626,119
-7.6926,53.28823,2022/03/01 00:00:00+00,Tue 01 Mar 2022,129,937,0,3827094,3749354,240837,4067931,3990191,86.3880089371058,84.7370950413758,120
-7.6926,53.28823,2022/03/02 00:00:00+00,Wed 02 Mar 2022,206,996,2,3827300,3750350,240839,4068139,3991189,86.3924260980308,84.7582889192757,121
-7.6926,53.28823,2022/03/03 00:00:00+00,Thu 03 Mar 2022,279,1273,0,3827579,3751623,240839,4068418,3992462,86.3983510398485,84.785322793591,122
-7.6926,53.28823,2022/03/04 00:00:00+00,Fri 04 Mar 2022,734,1506,1,3828313,3753129,240840,4069153,3993969,86.4139597575403,84.8173259739468,123
-7.6926,53.28823,2022/03/05 00:00:00+00,Sat 05 Mar 2022,962,3341,0,3829275,3756470,240840,4070115,3997310,86.4343891268186,84.8882766213051,124
-7.6926,53.28823,2022/03/06 00:00:00+00,Sun 06 Mar 2022,455,1915,0,3829730,3758385,240840,4070570,3999225,86.4440516663421,84.9289442327062,125
-7.6926,53.28823,2022/03/07 00:00:00+00,Mon 07 Mar 2022,114,123,1,3829844,3758508,240841,4070685,3999349,86.4464938466612,84.9315775401808,126
-7.6926,53.28823,2022/03/08 00:00:00+00,Tue 08 Mar 2022,120,492,0,3829964,3759000,240841,4070805,3999841,86.4490422087334,84.9420258246765,127
-7.6926,53.28823,2022/03/09 00:00:00+00,Wed 09 Mar 2022,129,344,1,3830093,3759344,240842,4070935,4000186,86.4518029343115,84.9493523656339,128
-7.6926,53.28823,2022/03/10 00:00:00+00,Thu 10 Mar 2022,258,508,0,3830351,3759852,240842,4071193,4000694,86.4572819127666,84.9601404317392,129
-7.6926,53.28823,2022/03/11 00:00:00+00,Fri 11 Mar 2022,492,2182,0,3830843,3762034,240842,4071685,4002876,86.4677301972623,85.0064781487509,130
-7.6926,53.28823,2022/03/12 00:00:00+00,Sat 12 Mar 2022,473,2391,2,3831316,3764425,240844,4072160,4005269,86.4778174637979,85.0572967357393,131
-7.6926,53.28823,2022/03/13 00:00:00+00,Sun 13 Mar 2022,358,1082,0,3831674,3765507,240844,4072518,4006351,86.4854200773131,85.0802744670897,132
-7.6926,53.28823,2022/03/14 00:00:00+00,Mon 14 Mar 2022,109,121,0,3831783,3765628,240844,4072627,4006472,86.4877348395286,85.0828440655124,133
-7.6926,53.28823,2022/03/15 00:00:00+00,Tue 15 Mar 2022,219,757,1,3832002,3766385,240845,4072847,4007230,86.4924068366608,85.0989412192681,134
-7.6926,53.28823,2022/03/16 00:00:00+00,Wed 16 Mar 2022,196,797,0,3832198,3767182,240845,4073043,4008027,86.4965691613786,85.1158665906972,135
-7.6926,53.28823,2022/03/18 00:00:00+00,Fri 18 Mar 2022,1,6,0,3832199,3767188,240845,4073044,4008033,86.4965903977292,85.1159940088008,136
-7.6926,53.28823,2022/03/19 00:00:00+00,Sat 19 Mar 2022,743,2779,0,3832942,3769967,240845,4073787,4010812,86.5123690062259,85.1750098271212,137
-7.6926,53.28823,2022/03/20 00:00:00+00,Sun 20 Mar 2022,395,1402,0,3833337,3771369,240845,4074182,4012214,86.5207573647133,85.204783190664,138
-7.6926,53.28823,2022/03/21 00:00:00+00,Mon 21 Mar 2022,54,112,0,3833391,3771481,240845,4074236,4012326,86.5219041276458,85.2071616619313,139
-7.6926,53.28823,2022/03/22 00:00:00+00,Tue 22 Mar 2022,140,575,0,3833531,3772056,240845,4074376,4012901,86.5248772167299,85.2193725635269,140
-7.6926,53.28823,2022/03/23 00:00:00+00,Wed 23 Mar 2022,102,221,0,3833633,3772277,240845,4074478,4013122,86.5270433244912,85.2240657970098,141
-7.6926,53.28823,2022/03/24 00:00:00+00,Thu 24 Mar 2022,147,244,0,3833780,3772521,240845,4074625,4013366,86.5301650680296,85.2292474665565,142
-7.6926,53.28823,2022/03/25 00:00:00+00,Fri 25 Mar 2022,435,1625,0,3834215,3774146,240845,4075060,4014991,86.5394028805411,85.2637565362833,143
-7.6926,53.28823,2022/03/26 00:00:00+00,Sat 26 Mar 2022,874,1848,0,3835089,3775994,240845,4075934,4016839,86.5579634509664,85.3030013121941,144
-7.6926,53.28823,2022/03/27 00:00:00+00,Sun 27 Mar 2022,380,803,0,3835469,3776797,240845,4076314,4017642,86.5660332641949,85.3200541017268,145
-7.6926,53.28823,2022/03/27 23:00:00+00,Mon 28 Mar 2022,44,53,1,3835513,3776850,240846,4076359,4017696,86.5669888999719,85.3212008646592,146
-7.6926,53.28823,2022/03/28 23:00:00+00,Tue 29 Mar 2022,138,193,3,3835651,3777043,240849,4076500,4017892,86.5699832254067,85.3253631893771,147
-7.6926,53.28823,2022/03/29 23:00:00+00,Wed 30 Mar 2022,109,135,0,3835760,3777178,240849,4076609,4018027,86.5722979876222,85.3282300967082,148
-7.6926,53.28823,2022/03/30 23:00:00+00,Thu 31 Mar 2022,227,358,0,3835987,3777536,240849,4076836,4018385,86.5771186392086,85.3358327102234,149
-7.6926,53.28823,2022/03/31 23:00:00+00,Fri 01 Apr 2022,304,903,0,3836291,3778439,240849,4077140,4019288,86.5835744897914,85.3550091348162,150
-7.6926,53.28823,2022/04/01 23:00:00+00,Sat 02 Apr 2022,729,1539,0,3837020,3779978,240849,4077869,4020827,86.5990557893796,85.3876918783913,151
-7.6926,53.28823,2022/04/02 23:00:00+00,Sun 03 Apr 2022,537,816,0,3837557,3780794,240849,4078406,4021643,86.6104597096524,85.4050207404818,152
-7.6926,53.28823,2022/04/03 23:00:00+00,Mon 04 Apr 2022,49,53,0,3837606,3780847,240849,4078455,4021696,86.6115002908318,85.4061462670637,153
-7.6926,53.28823,2022/04/04 23:00:00+00,Tue 05 Apr 2022,130,169,0,3837736,3781016,240849,4078585,4021865,86.61426101641,85.4097352103153,154
-7.6926,53.28823,2022/04/05 23:00:00+00,Wed 06 Apr 2022,159,209,0,3837895,3781225,240849,4078744,4022074,86.6176375961555,85.4141736075909,155
-7.6926,53.28823,2022/04/06 23:00:00+00,Thu 07 Apr 2022,116,178,0,3838011,3781403,240849,4078860,4022252,86.6201010128253,85.4179536779979,156
-7.6926,53.28823,2022/04/07 23:00:00+00,Fri 08 Apr 2022,259,421,2,3838270,3781824,240851,4079121,4022675,86.6256437003322,85.4269366543022,157
-7.6926,53.28823,2022/04/08 23:00:00+00,Sat 09 Apr 2022,559,1018,0,3838829,3782842,240851,4079680,4023693,86.6375148203182,85.4485552592141,158
-7.6926,53.28823,2022/04/09 23:00:00+00,Sun 10 Apr 2022,413,719,0,3839242,3783561,240851,4080093,4024412,86.6462854331164,85.4638241952963,159
-7.6926,53.28823,2021/05/03 23:00:00+00,Tue 04 May 2021,26660,6793,10,1253295,490743,352,1253647,491095,26.6228872220241,10.4290655984499,160
-7.6926,53.28823,2021/01/07 00:00:00+00,Thu 07 Jan 2021,11726,8,0,27463,56,2,27465,58,0.583256369259363,0.00123170833486412,161
-7.6926,53.28823,2022/04/21 23:00:00+00,Fri 22 Apr 2022,196,254,0,3841372,3786995,240854,4082226,4027849,86.6915825689486,85.5368135323123,162
-7.6926,53.28823,2022/04/22 23:00:00+00,Sat 23 Apr 2022,324,1010,0,3841696,3788005,240854,4082550,4028859,86.6984631465433,85.5582622464194,163
-7.6926,53.28823,2021/08/29 23:00:00+00,Mon 30 Aug 2021,5061,11135,84,3498103,3181899,237312,3735415,3419211,79.3265825806286,72.6115635751566,164
-7.6926,53.28823,2021/01/08 00:00:00+00,Fri 08 Jan 2021,12682,5,0,40145,61,2,40147,63,0.852575767582583,0.00133789008786965,165
-7.6926,53.28823,2021/05/04 23:00:00+00,Wed 05 May 2021,32110,13456,69,1285405,504199,421,1285826,504620,27.3062517480171,10.7162872403299,166
-7.6926,53.28823,2022/04/23 23:00:00+00,Sun 24 Apr 2022,181,253,0,3841877,3788258,240854,4082731,4029112,86.7023069260022,85.5636350431215,167
-7.6926,53.28823,2021/08/30 23:00:00+00,Tue 31 Aug 2021,4061,12888,142,3502164,3194787,237454,3739618,3432241,79.415838962205,72.888273223489,168
-7.6926,53.28823,2021/01/09 00:00:00+00,Sat 09 Jan 2021,8073,7,0,48218,68,2,48220,70,1.02401682598531,0.00148654454207739,169
-7.6926,53.28823,2021/05/05 23:00:00+00,Thu 06 May 2021,37292,14374,132,1322697,518573,553,1323250,519126,28.1010009329129,11.0243417421495,170
-7.6926,53.28823,2022/04/24 23:00:00+00,Mon 25 Apr 2022,42,58,1,3841919,3788316,240855,4082774,4029171,86.703220089078,85.5648879878069,171
-7.6926,53.28823,2021/08/31 23:00:00+00,Wed 01 Sep 2021,4963,12529,181,3507127,3207316,237635,3744762,3444951,79.5250787496971,73.1581872396291,172
-7.6926,53.28823,2021/01/10 00:00:00+00,Sun 10 Jan 2021,4781,4,1,52999,72,3,53002,75,1.12556905455979,0.00159272629508291,173
-7.6926,53.28823,2021/05/06 23:00:00+00,Fri 07 May 2021,40603,15072,97,1363300,533645,650,1363950,534295,28.9653204023779,11.3464759444177,174
-7.6926,53.28823,2022/04/25 23:00:00+00,Tue 26 Apr 2022,145,238,0,3842064,3788554,240855,4082919,4029409,86.7062993599151,85.56994223925,175
-7.6926,53.28823,2021/09/01 23:00:00+00,Thu 02 Sep 2021,5009,12360,248,3512136,3219676,237883,3750019,3457559,79.6367182448071,73.4259351480078,176
-7.6926,53.28823,2021/01/11 00:00:00+00,Mon 11 Jan 2021,8343,7,0,61342,79,3,61345,82,1.30274392762482,0.00174138074929065,177
-7.6926,53.28823,2021/05/07 23:00:00+00,Sat 08 May 2021,25624,7054,10,1388924,540699,660,1389584,541359,29.5096930136866,11.4964895250639,178
-7.6926,53.28823,2022/04/26 23:00:00+00,Wed 27 Apr 2022,122,208,0,3842186,3788762,240855,4083041,4029617,86.7088901946885,85.574359400175,179
-7.6926,53.28823,2021/09/02 23:00:00+00,Fri 03 Sep 2021,4774,16068,166,3516910,3235744,238049,3754959,3473793,79.7416258167766,73.7706860636662,180
-7.6926,53.28823,2021/01/12 00:00:00+00,Tue 12 Jan 2021,8885,10,0,70227,89,3,70230,92,1.49142890271564,0.00195374425530171,181
-7.6926,53.28823,2021/05/08 23:00:00+00,Sun 09 May 2021,19674,926,5,1408598,541625,665,1409263,542290,29.9276031571658,11.5162605674735,182
-7.6926,53.28823,2022/04/27 23:00:00+00,Thu 28 Apr 2022,103,130,0,3842289,3788892,240855,4083144,4029747,86.7110775388004,85.5771201257532,183
-7.6926,53.28823,2021/09/03 23:00:00+00,Sat 04 Sep 2021,4628,10582,134,3521538,3246326,238183,3759721,3484509,79.842753318339,73.9982547967076,184
-7.6926,53.28823,2021/01/13 00:00:00+00,Wed 13 Jan 2021,9884,4,0,80111,93,3,80114,96,1.70132899205697,0.00203868965770613,185
-7.6926,53.28823,2021/05/09 23:00:00+00,Mon 10 May 2021,28844,4645,171,1437442,546270,836,1438278,547106,30.5437758698568,11.6185348319684,186
-7.6926,53.28823,2022/04/28 23:00:00+00,Fri 29 Apr 2022,171,222,0,3842460,3789114,240855,4083315,4029969,86.7147089547532,85.5818345955866,187
-7.6926,53.28823,2021/09/04 23:00:00+00,Sun 05 Sep 2021,5305,11902,1,3526843,3258228,238184,3765027,3496412,79.9554333946285,74.2510310779126,188
-7.6926,53.28823,2021/01/14 00:00:00+00,Thu 14 Jan 2021,8084,4,0,88195,97,3,88198,100,1.8730036503163,0.00212363506011055,189
-7.6926,53.28823,2021/05/10 23:00:00+00,Tue 11 May 2021,33923,14825,153,1471365,561095,989,1472354,562084,31.2674257529401,11.9366128912718,190
-7.6926,53.28823,2022/04/29 23:00:00+00,Sat 30 Apr 2022,281,723,0,3842741,3789837,240855,4083596,4030692,86.7206763692721,85.5971884770712,191
-7.6926,53.28823,2021/09/05 23:00:00+00,Mon 06 Sep 2021,2160,9673,75,3529003,3267901,238259,3767262,3506160,80.002896638222,74.4580430235721,192
-7.6926,53.28823,2021/01/15 00:00:00+00,Fri 15 Jan 2021,7691,2,0,95886,99,3,95889,102,2.03633242278941,0.00216610776131276,193
-7.6926,53.28823,2021/05/11 23:00:00+00,Wed 12 May 2021,31293,20944,173,1502658,582039,1162,1503820,583201,31.9356487609545,12.3850609069153,194
-7.6926,53.28823,2022/04/30 23:00:00+00,Sun 01 May 2022,187,746,0,3842928,3790583,240855,4083783,4031438,86.7246475668345,85.6130307946196,195
-7.6926,53.28823,2021/09/06 23:00:00+00,Tue 07 Sep 2021,3030,10023,158,3532033,3277924,238417,3770450,3516341,80.0705981239383,74.674250309042,196
-7.6926,53.28823,2021/01/16 00:00:00+00,Sat 16 Jan 2021,5237,3,0,101123,102,3,101126,105,2.1475471908874,0.00222981681311608,197
-7.6926,53.28823,2021/01/17 00:00:00+00,Sun 17 Jan 2021,1113,4,0,102236,106,3,102239,109,2.17118324910643,0.0023147622155205,198
-7.6926,53.28823,2021/01/18 00:00:00+00,Mon 18 Jan 2021,8714,8,1,110950,114,4,110954,118,2.35625804459506,0.00250588937093045,199
-7.6926,53.28823,2021/01/19 00:00:00+00,Tue 19 Jan 2021,8382,19,0,119332,133,4,119336,137,2.53426113533353,0.00290938003235146,200
-7.6926,53.28823,2021/01/20 00:00:00+00,Wed 20 Jan 2021,8446,962,0,127778,1095,4,127782,1099,2.71362335251047,0.023338749310615,201
-7.6926,53.28823,2021/01/21 00:00:00+00,Thu 21 Jan 2021,9006,962,0,136784,2057,4,136788,2061,2.90487792602402,0.0437681185888785,202
-7.6926,53.28823,2021/01/22 00:00:00+00,Fri 22 Jan 2021,6782,967,0,143566,3024,4,143570,3028,3.04890285580072,0.0643036696201475,203
-7.6926,53.28823,2021/01/23 00:00:00+00,Sat 23 Jan 2021,4188,460,0,147754,3484,4,147758,3488,3.13784069211815,0.0740723908966561,204
-7.6926,53.28823,2021/01/24 00:00:00+00,Sun 24 Jan 2021,1182,398,0,148936,3882,4,148940,3886,3.16294205852866,0.0825244584358961,205
-7.6926,53.28823,2021/01/25 00:00:00+00,Mon 25 Jan 2021,1359,1289,0,150295,5171,4,150299,5175,3.19180225899556,0.109898114360721,206
-7.6926,53.28823,2021/01/26 00:00:00+00,Tue 26 Jan 2021,1002,3500,0,151297,8671,4,151301,8675,3.21308108229787,0.18422534146459,207
-7.6926,53.28823,2021/01/27 00:00:00+00,Wed 27 Jan 2021,2178,6700,0,153475,15371,4,153479,15375,3.25933385390707,0.326508890491997,208
-7.6926,53.28823,2021/01/28 00:00:00+00,Thu 28 Jan 2021,1009,11541,0,154484,26912,4,154488,26916,3.28076133166359,0.571597612779356,209
-7.6926,53.28823,2021/01/29 00:00:00+00,Fri 29 Jan 2021,1578,11526,0,156062,38438,4,156066,38442,3.31427229291213,0.816367789807699,210
-7.6926,53.28823,2021/01/30 00:00:00+00,Sat 30 Jan 2021,641,7792,0,156703,46230,4,156707,46234,3.32788479364744,0.981841433691513,211
-7.6926,53.28823,2021/01/31 00:00:00+00,Sun 31 Jan 2021,231,4086,0,156934,50316,4,156938,50320,3.3327903906363,1.06861316224763,212
-7.6926,53.28823,2021/02/01 00:00:00+00,Mon 01 Feb 2021,1027,8334,1,157961,58650,5,157966,58655,3.35462135905424,1.24561814450784,213
-7.6926,53.28823,2021/02/02 00:00:00+00,Tue 02 Feb 2021,829,5108,0,158790,63758,5,158795,63763,3.37222629370255,1.35409342337829,214
-7.6926,53.28823,2021/02/03 00:00:00+00,Wed 03 Feb 2021,1403,6865,0,160193,70623,5,160198,70628,3.4020208935959,1.49988097025488,215
-7.6926,53.28823,2021/02/04 00:00:00+00,Thu 04 Feb 2021,1435,10541,1,161628,81164,6,161634,81170,3.43251629305909,1.72375457829174,216
-7.6926,53.28823,2021/02/05 00:00:00+00,Fri 05 Feb 2021,3395,8614,0,165023,89778,6,165029,89784,3.50461370334984,1.90668450236966,217
-7.6926,53.28823,2021/02/06 00:00:00+00,Sat 06 Feb 2021,900,3870,0,165923,93648,6,165929,93654,3.52372641889084,1.98886917919594,218
-7.6926,53.28823,2021/02/07 00:00:00+00,Sun 07 Feb 2021,331,1300,2,166254,94948,8,166262,94956,3.53079812364101,2.01651890767858,219
-7.6926,53.28823,2021/02/08 00:00:00+00,Mon 08 Feb 2021,1184,879,0,167438,95827,8,167446,95835,3.55594196275272,2.03518565985695,220
-7.6926,53.28823,2021/02/09 00:00:00+00,Tue 09 Feb 2021,4263,544,3,171701,96371,11,171712,96382,3.64653623441703,2.04680194363575,221
-7.6926,53.28823,2021/02/10 00:00:00+00,Wed 10 Feb 2021,8825,579,0,180526,96950,11,180537,96961,3.83394702847179,2.05909779063379,222
-7.6926,53.28823,2021/02/11 00:00:00+00,Thu 11 Feb 2021,6185,445,0,186711,97395,11,186722,97406,3.96529385693962,2.06854796665128,223
-7.6926,53.28823,2021/02/12 00:00:00+00,Fri 12 Feb 2021,4396,524,0,191107,97919,11,191118,97930,4.05864885418208,2.07967581436626,224
-7.6926,53.28823,2021/02/13 00:00:00+00,Sat 13 Feb 2021,1210,1914,0,192317,99833,11,192328,99844,4.08434483840942,2.12032218941678,225
-7.6926,53.28823,2021/02/14 00:00:00+00,Sun 14 Feb 2021,2701,27,0,195018,99860,11,195029,99871,4.14170422138301,2.12089557088301,226
-7.6926,53.28823,2021/02/15 00:00:00+00,Mon 15 Feb 2021,1964,7889,0,196982,107749,11,196993,107760,4.18341241396358,2.28842914077513,227
-7.6926,53.28823,2021/02/16 00:00:00+00,Tue 16 Feb 2021,5651,8162,0,202633,115911,11,202644,115922,4.30341903121043,2.46176023438135,228
-7.6926,53.28823,2021/02/17 00:00:00+00,Wed 17 Feb 2021,9745,8465,0,212378,124376,11,212389,124387,4.5103672678182,2.64152594221971,229
-7.6926,53.28823,2021/02/18 00:00:00+00,Thu 18 Feb 2021,8465,8354,1,220843,132730,12,220855,132742,4.69015421200716,2.81895565149195,230
-7.6926,53.28823,2021/02/19 00:00:00+00,Fri 19 Feb 2021,9387,6582,0,230230,139312,12,230242,139324,4.88949983509974,2.95873331114843,231
-7.6926,53.28823,2021/02/20 00:00:00+00,Sat 20 Feb 2021,5886,3571,2,236116,142883,14,236130,142897,5.01453946743905,3.03461079184618,232
-7.6926,53.28823,2021/02/21 00:00:00+00,Sun 21 Feb 2021,1112,1024,6,237228,143907,20,237248,143927,5.03828170741108,3.05648423296531,233
-7.6926,53.28823,2021/02/22 00:00:00+00,Mon 22 Feb 2021,3944,1122,1,241172,145029,21,241193,145050,5.12205911053244,3.08033265469036,234
-7.6926,53.28823,2021/02/23 00:00:00+00,Tue 23 Feb 2021,13361,1067,1,254533,146096,22,254555,146118,5.40581922726442,3.10301307713234,235
-7.6926,53.28823,2021/02/24 00:00:00+00,Wed 24 Feb 2021,16937,2104,3,271470,148200,25,271495,148225,5.76556300644714,3.14775806784887,236
-7.6926,53.28823,2021/02/25 00:00:00+00,Thu 25 Feb 2021,18093,1757,2,289563,149957,27,289590,149984,6.14983477057415,3.18511280855621,237
-7.6926,53.28823,2021/02/26 00:00:00+00,Fri 26 Feb 2021,16078,2769,0,305641,152726,27,305668,152753,6.49127281553872,3.24391626337067,238
-7.6926,53.28823,2021/02/27 00:00:00+00,Sat 27 Feb 2021,8995,704,1,314636,153430,28,314664,153458,6.68231502554627,3.25888789054445,239
-7.6926,53.28823,2021/02/28 00:00:00+00,Sun 28 Feb 2021,2444,57,2,317080,153487,30,317110,153517,6.73425913911657,3.26014083522992,240
-7.6926,53.28823,2021/03/01 00:00:00+00,Mon 01 Mar 2021,5600,793,0,322680,154280,30,322710,154310,6.85318270248276,3.27698126125659,241
-7.6926,53.28823,2021/03/02 00:00:00+00,Tue 02 Mar 2021,12178,1611,0,334858,155891,30,334888,155921,7.11179898010303,3.31119302207497,242
-7.6926,53.28823,2021/03/03 00:00:00+00,Wed 03 Mar 2021,12910,1505,1,347768,157396,31,347799,157427,7.3859815027139,3.34317496608024,243
-7.6926,53.28823,2021/03/04 00:00:00+00,Thu 04 Mar 2021,18739,1691,5,366507,159087,36,366543,159123,7.78403565838102,3.37919181669971,244
-7.6926,53.28823,2021/03/05 00:00:00+00,Fri 05 Mar 2021,18448,2398,6,384955,161485,42,384997,161527,8.17593127237382,3.43024400354477,245
-7.6926,53.28823,2021/03/06 00:00:00+00,Sat 06 Mar 2021,10399,141,4,395354,161626,46,395400,161672,8.39685302767712,3.43332327438193,246
-7.6926,53.28823,2021/03/07 00:00:00+00,Sun 07 Mar 2021,1522,12,3,396876,161638,49,396925,161687,8.42923846234381,3.43364181964095,247
-7.6926,53.28823,2021/03/08 00:00:00+00,Mon 08 Mar 2021,6668,1497,5,403544,163135,54,403598,163189,8.57094862990499,3.46553881824381,248
-7.6926,53.28823,2021/03/09 00:00:00+00,Tue 09 Mar 2021,13829,3106,6,417373,166241,60,417433,166301,8.86475354047128,3.53162634131445,249
-7.6926,53.28823,2021/03/10 00:00:00+00,Wed 10 Mar 2021,13736,3990,3,431109,170231,63,431172,170294,9.15651976137987,3.61642308926466,250
-7.6926,53.28823,2021/03/11 00:00:00+00,Thu 11 Mar 2021,18480,2102,3,449589,172333,66,449655,172399,9.5490312295401,3.66112560727999,251
-7.6926,53.28823,2021/03/12 00:00:00+00,Fri 12 Mar 2021,17330,1339,4,466919,173672,70,466989,173742,9.91714213085967,3.68964602613728,252
-7.6926,53.28823,2021/03/13 00:00:00+00,Sat 13 Mar 2021,8309,174,0,475228,173846,70,475298,173916,10.0935949680043,3.69334115114187,253
-7.6926,53.28823,2021/03/14 00:00:00+00,Sun 14 Mar 2021,383,20,2,475611,173866,72,475683,173938,10.1017709629857,3.69380835085509,254
-7.6926,53.28823,2021/03/15 00:00:00+00,Mon 15 Mar 2021,2654,992,0,478265,174858,72,478337,174930,10.158132237481,3.71487481065139,255
-7.6926,53.28823,2021/03/16 00:00:00+00,Tue 16 Mar 2021,8945,3823,2,487210,178681,74,487284,178755,10.3481338663091,3.79610385170062,256
-7.6926,53.28823,2021/03/17 00:00:00+00,Wed 17 Mar 2021,4898,2415,6,492108,181096,80,492188,181176,10.4522769296569,3.84751705650589,257
-7.6926,53.28823,2021/03/18 00:00:00+00,Thu 18 Mar 2021,11731,4682,5,503839,185778,85,503924,185863,10.7015067403115,3.94705183177328,258
-7.6926,53.28823,2021/03/19 00:00:00+00,Fri 19 Mar 2021,10369,6132,2,514208,191910,87,514295,191997,10.9217489323956,4.07731560636046,259
-7.6926,53.28823,2021/03/20 00:00:00+00,Sat 20 Mar 2021,5242,3117,4,519450,195027,91,519541,195118,11.033154827649,4.14359425658651,260
-7.6926,53.28823,2021/03/21 00:00:00+00,Sun 21 Mar 2021,3638,55,3,523088,195082,94,523182,195176,11.1104763801876,4.14482596492137,261
-7.6926,53.28823,2021/03/22 00:00:00+00,Mon 22 Mar 2021,7414,2406,1,530502,197488,95,530597,197583,11.2679439198948,4.19594186081823,262
-7.6926,53.28823,2021/03/23 00:00:00+00,Tue 23 Mar 2021,12565,7391,4,543067,204879,99,543166,204978,11.5348636106001,4.35298467351341,263
-7.6926,53.28823,2021/03/24 00:00:00+00,Wed 24 Mar 2021,13627,9779,2,556694,214658,101,556795,214759,11.8242938329425,4.56069741874282,264
-7.6926,53.28823,2021/03/25 00:00:00+00,Thu 25 Mar 2021,20872,10225,3,577566,224883,104,577670,224987,12.2676026517406,4.77790281269093,265
-7.6926,53.28823,2021/03/26 00:00:00+00,Fri 26 Mar 2021,19700,9497,1,597266,234380,105,597371,234485,12.685979994933,4.97960567070023,266
-7.6926,53.28823,2021/03/27 00:00:00+00,Sat 27 Mar 2021,11758,5354,3,609024,239734,108,609132,239842,12.9357407143526,5.09336880087035,267
-7.6926,53.28823,2021/03/28 00:00:00+00,Sun 28 Mar 2021,2492,483,0,611516,240217,108,611624,240325,12.9886617000506,5.10362595821068,268
-7.6926,53.28823,2021/03/28 23:00:00+00,Mon 29 Mar 2021,9275,3120,3,620791,243337,111,620902,243448,13.1856925609276,5.16994708113794,269
-7.6926,53.28823,2021/03/29 23:00:00+00,Tue 30 Mar 2021,13329,8668,4,634120,252005,115,634235,252120,13.4688368234922,5.35410871355072,270
-7.6926,53.28823,2021/03/30 23:00:00+00,Wed 31 Mar 2021,15838,10515,4,649958,262520,119,650077,262639,13.8052630897149,5.57749388552375,271
-7.6926,53.28823,2021/03/31 23:00:00+00,Thu 01 Apr 2021,19704,11582,8,669662,274102,127,669789,274229,14.2238740327639,5.82362318899057,272
-7.6926,53.28823,2021/04/01 23:00:00+00,Fri 02 Apr 2021,20140,13723,9,689802,287825,136,689938,287961,14.6517652610255,6.11524075544495,273
-7.6926,53.28823,2021/04/02 23:00:00+00,Sat 03 Apr 2021,7547,4635,6,697349,292460,142,697491,292602,14.8121634171157,6.21379865858468,274
-7.6926,53.28823,2021/04/03 23:00:00+00,Sun 04 Apr 2021,3037,170,3,700386,292630,145,700531,292775,14.8767219229431,6.21747254723867,275
-7.6926,53.28823,2021/04/04 23:00:00+00,Mon 05 Apr 2021,3434,608,4,703820,293238,149,703969,293387,14.9497324963097,6.23046919380655,276
-7.6926,53.28823,2021/04/05 23:00:00+00,Tue 06 Apr 2021,11994,8150,11,715814,301388,160,715974,301548,15.2046748852759,6.40377905106217,277
-7.6926,53.28823,2021/04/06 23:00:00+00,Wed 07 Apr 2021,18365,10471,11,734179,311859,171,734350,312030,15.5949140639218,6.62637847806296,278
-7.6926,53.28823,2021/04/07 23:00:00+00,Thu 08 Apr 2021,20182,10564,16,754361,322423,187,754548,322610,16.023845873363,6.85105906742265,279
-7.6926,53.28823,2021/04/08 23:00:00+00,Fri 09 Apr 2021,20673,9158,16,775034,331581,203,775237,331784,16.4632047309492,7.0458813478372,280
-7.6926,53.28823,2021/04/09 23:00:00+00,Sat 10 Apr 2021,11178,4173,12,786212,335754,215,786427,335969,16.7008394941756,7.13475547510282,281
-7.6926,53.28823,2021/04/10 23:00:00+00,Sun 11 Apr 2021,2860,365,8,789072,336119,223,789295,336342,16.7617453476996,7.14267663387703,282
-7.6926,53.28823,2021/04/11 23:00:00+00,Mon 12 Apr 2021,7776,2796,13,796848,338915,236,797084,339151,16.9271552825316,7.20232954271554,283
-7.6926,53.28823,2021/04/12 23:00:00+00,Tue 13 Apr 2021,11513,8601,1,808361,347516,237,808598,347753,17.1716706233527,7.38500463058625,284
-7.6926,53.28823,2021/04/13 23:00:00+00,Wed 14 Apr 2021,20353,6597,2,828714,354113,239,828953,354352,17.6039365398382,7.52514330820294,285
-7.6926,53.28823,2021/04/14 23:00:00+00,Thu 15 Apr 2021,27129,10812,1,855843,364925,240,856083,365165,18.1800787316462,7.7547719672527,286
-7.6926,53.28823,2021/04/15 23:00:00+00,Fri 16 Apr 2021,27976,9835,1,883819,374760,241,884060,375001,18.7742081124133,7.96365271176517,287
-7.6926,53.28823,2021/04/16 23:00:00+00,Sat 17 Apr 2021,15846,4555,3,899665,379315,244,899909,379559,19.1107830330903,8.06044799780501,288
-7.6926,53.28823,2021/04/17 23:00:00+00,Sun 18 Apr 2021,1073,483,0,900738,379798,244,900982,380042,19.1335696372853,8.07070515514535,289
-7.6926,53.28823,2021/04/18 23:00:00+00,Mon 19 Apr 2021,6742,2258,0,907480,382056,244,907724,382300,19.2767451130379,8.11865683480264,290
-7.6926,53.28823,2021/04/19 23:00:00+00,Tue 20 Apr 2021,15087,7319,1,922567,389375,245,922812,389620,19.5971591709074,8.27410692120273,291
-7.6926,53.28823,2021/04/20 23:00:00+00,Wed 21 Apr 2021,26720,9883,4,949287,399258,249,949536,399507,20.1646794043713,8.48407071959586,292
-7.6926,53.28823,2021/04/21 23:00:00+00,Thu 22 Apr 2021,31624,12180,1,980911,411438,250,981161,411688,20.8362789921313,8.74275070626793,293
-7.6926,53.28823,2021/04/22 23:00:00+00,Fri 23 Apr 2021,33615,12352,3,1014526,423790,253,1014779,424043,21.5502026266393,9.00512581794459,294
-7.6926,53.28823,2021/05/12 23:00:00+00,Thu 13 May 2021,35997,25480,152,1538655,607519,1314,1539969,608833,32.7033215988339,12.9293910455229,295
-7.6926,53.28823,2021/09/07 23:00:00+00,Wed 08 Sep 2021,2610,14795,188,3534643,3292719,238605,3773248,3531324,80.1300174329202,74.9924345500984,296
-7.6926,53.28823,2021/09/08 23:00:00+00,Thu 09 Sep 2021,3116,14808,138,3537759,3307527,238743,3776502,3546270,80.1991205177762,75.3098330461825,297
-7.6926,53.28823,2022/05/01 23:00:00+00,Mon 02 May 2022,13,26,0,3842941,3790609,240855,4083796,4031464,86.7249236393923,85.6135829397353,298
-7.6926,53.28823,2021/05/13 23:00:00+00,Fri 14 May 2021,38220,27942,236,1576875,635461,1550,1578425,637011,33.51998669755,13.5277889327608,299
-7.6926,53.28823,2021/09/09 23:00:00+00,Fri 10 Sep 2021,3384,13944,116,3541143,3321471,238859,3780002,3560330,80.2734477448801,75.608416135634,300
-7.6926,53.28823,2022/05/02 23:00:00+00,Tue 03 May 2022,101,117,0,3843042,3790726,240855,4083897,4031581,86.727068510803,85.6160675927556,301
-7.6926,53.28823,2021/05/14 23:00:00+00,Sat 15 May 2021,28857,12449,22,1605732,647910,1572,1607304,649482,34.1332712665593,13.7926274611072,302
-7.6926,53.28823,2021/09/10 23:00:00+00,Sat 11 Sep 2021,2558,11337,62,3543701,3332808,238921,3782622,3571729,80.329086983455,75.850489296136,303
-7.6926,53.28823,2022/05/03 23:00:00+00,Wed 04 May 2022,116,128,0,3843158,3790854,240855,4084013,4031709,86.7295319274728,85.6187858456325,304
-7.6926,53.28823,2021/05/15 23:00:00+00,Sun 16 May 2021,23174,1173,9,1628906,649083,1581,1630487,650664,34.6255935825447,13.8177288275177,305
-7.6926,53.28823,2021/09/11 23:00:00+00,Sun 12 Sep 2021,2041,12881,1,3545742,3345689,238922,3784664,3584611,80.3724516113824,76.1240559645795,306
-7.6926,53.28823,2022/05/04 23:00:00+00,Thu 05 May 2022,117,164,0,3843275,3791018,240855,4084130,4031873,86.7320165804931,85.6222686071311,307
-7.6926,53.28823,2021/05/16 23:00:00+00,Mon 17 May 2021,35382,3952,118,1664288,653035,1699,1665987,654734,35.379484028884,13.9041607744642,308
-7.6926,53.28823,2021/09/12 23:00:00+00,Mon 13 Sep 2021,1615,7742,52,3547357,3353431,238974,3786331,3592405,80.4078526078345,76.2895720811645,309
-7.6926,53.28823,2022/05/05 23:00:00+00,Fri 06 May 2022,140,257,0,3843415,3791275,240855,4084270,4032130,86.7349896695772,85.6277263492356,310
-7.6926,53.28823,2021/05/17 23:00:00+00,Tue 18 May 2021,39011,12494,127,1703299,665529,1826,1705125,667355,36.2106323187101,14.1721847554008,311
-7.6926,53.28823,2021/09/13 23:00:00+00,Tue 14 Sep 2021,1547,10786,82,3548904,3364217,239056,3787960,3603273,80.4424466229637,76.5203687394973,312
-7.6926,53.28823,2022/05/06 23:00:00+00,Sat 07 May 2022,441,1088,0,3843856,3792363,240855,4084711,4033218,86.7443549001923,85.6508314986896,313
-7.6926,53.28823,2021/05/18 23:00:00+00,Wed 19 May 2021,37021,17589,211,1740320,683118,2037,1742357,685155,37.0013041242904,14.5501917961005,314
-7.6926,53.28823,2021/09/14 23:00:00+00,Wed 15 Sep 2021,3282,12366,137,3552186,3376583,239193,3791379,3615776,80.5150537056688,76.7858868310629,315
-7.6926,53.28823,2022/05/07 23:00:00+00,Sun 08 May 2022,275,437,0,3844131,3792800,240855,4084986,4033655,86.7501948966077,85.6601117839023,316
-7.6926,53.28823,2021/05/19 23:00:00+00,Thu 20 May 2021,39090,19642,136,1779410,702760,2173,1781583,704933,37.8343212129694,14.9702043382891,317
-7.6926,53.28823,2021/09/15 23:00:00+00,Thu 16 Sep 2021,1913,10572,115,3554099,3387155,239308,3793407,3626463,80.5581210246879,77.0128397099369,318
-7.6926,53.28823,2022/05/08 23:00:00+00,Mon 09 May 2022,27,32,0,3844158,3792832,240855,4085013,4033687,86.7507682780739,85.6607913471215,319
-7.6926,53.28823,2021/05/20 23:00:00+00,Fri 21 May 2021,25837,23247,14934,1805247,726007,17107,1822354,743114,38.700148463327,15.7810294405899,320
-7.6926,53.28823,2021/09/16 23:00:00+00,Fri 17 Sep 2021,2561,14613,94,3556660,3401768,239402,3796062,3641170,80.6145035355338,77.3251627182274,321
-7.6926,53.28823,2022/05/09 23:00:00+00,Tue 10 May 2022,86,98,1,3844244,3792930,240856,4085100,4033786,86.7526158405762,85.662893745831,322
-7.6926,53.28823,2021/05/21 23:00:00+00,Sat 22 May 2021,16585,10248,13522,1821832,736255,30629,1852461,766884,39.3395112708745,16.2858174943782,323
-7.6926,53.28823,2021/09/17 23:00:00+00,Sat 18 Sep 2021,2288,11232,47,3558948,3413000,239449,3798397,3652449,80.6640904141874,77.5646875166573,324
-7.6926,53.28823,2022/05/10 23:00:00+00,Wed 11 May 2022,123,132,0,3844367,3793062,240856,4085223,4033918,86.7552279117001,85.6656969441104,325
-7.6926,53.28823,2021/05/22 23:00:00+00,Sun 23 May 2021,8216,5525,10205,1830048,741780,40834,1870882,782614,39.7307060852975,16.6198652893336,326
-7.6926,53.28823,2021/09/18 23:00:00+00,Sun 19 Sep 2021,1863,8491,15,3560811,3421491,239464,3800275,3660955,80.7039722806163,77.7453239148703,327
-7.6926,53.28823,2022/05/11 23:00:00+00,Thu 12 May 2022,247,396,0,3844614,3793458,240856,4085470,4034314,86.7604732902986,85.6741065389484,328
-7.6926,53.28823,2021/05/23 23:00:00+00,Mon 24 May 2021,22547,8217,8450,1852595,749997,49284,1901879,799281,40.38896924488,16.9738115448022,329
-7.6926,53.28823,2021/09/19 23:00:00+00,Mon 20 Sep 2021,956,5620,35,3561767,3427111,239499,3801266,3666610,80.725017504062,77.8654154775195,330
-7.6926,53.28823,2022/05/12 23:00:00+00,Fri 13 May 2022,182,326,0,3844796,3793784,240856,4085652,4034640,86.764338306108,85.6810295892444,331
-7.6926,53.28823,2021/05/24 23:00:00+00,Tue 25 May 2021,30344,16498,3224,1882939,766495,52508,1935447,819003,41.1018310618579,17.3926348513572,332
-7.6926,53.28823,2021/09/20 23:00:00+00,Tue 21 Sep 2021,1465,6671,90,3563232,3433782,239589,3802821,3673371,80.7580400292467,78.0089944439336,333
-7.6926,53.28823,2022/05/13 23:00:00+00,Sat 14 May 2022,333,632,0,3845129,3794416,240856,4085985,4035272,86.7714100108581,85.6944509628243,334
-7.6926,53.28823,2021/05/25 23:00:00+00,Wed 26 May 2021,19974,25450,3054,1902913,791945,55562,1958475,847507,41.5908617435001,17.9979557888911,335
-7.6926,53.28823,2021/09/21 23:00:00+00,Wed 22 Sep 2021,1896,8150,97,3565128,3441932,239686,3804814,3681618,80.8003640759947,78.1841306273409,336
-7.6926,53.28823,2022/05/14 23:00:00+00,Sun 15 May 2022,169,254,0,3845298,3794670,240856,4086154,4035526,86.7749989541097,85.699844995877,337
-7.6926,53.28823,2021/05/26 23:00:00+00,Thu 27 May 2021,17011,36034,550,1919924,827979,56112,1976036,884091,41.9637932964062,18.774866439282,338
-7.6926,53.28823,2021/09/22 23:00:00+00,Thu 23 Sep 2021,1702,8726,89,3566830,3450658,239775,3806605,3690433,80.8383983799213,78.3713290578897,339
-7.6926,53.28823,2022/05/15 23:00:00+00,Mon 16 May 2022,31,40,0,3845329,3794710,240856,4086185,4035566,86.7756572809784,85.700694449901,340
-7.6926,53.28823,2022/05/16 23:00:00+00,Tue 17 May 2022,98,96,0,3845427,3794806,240856,4086283,4035662,86.7777384433373,85.7027331395587,341
-7.6926,53.28823,2022/05/17 23:00:00+00,Wed 18 May 2022,103,121,0,3845530,3794927,240856,4086386,4035783,86.7799257874492,85.7053027379814,342
-7.6926,53.28823,2022/05/18 23:00:00+00,Thu 19 May 2022,100,104,0,3845630,3795031,240856,4086486,4035887,86.7820494225093,85.707511318444,343
-7.6926,53.28823,2022/05/19 23:00:00+00,Fri 20 May 2022,127,208,0,3845757,3795239,240856,4086613,4036095,86.7847464390356,85.711928479369,344
-7.6926,53.28823,2022/05/20 23:00:00+00,Sat 21 May 2022,393,761,0,3846150,3796000,240856,4087006,4036856,86.7930923248219,85.7280893421764,345
-7.6926,53.28823,2022/05/21 23:00:00+00,Sun 22 May 2022,234,409,0,3846384,3796409,240856,4087240,4037265,86.7980616308625,85.7367750095723,346
-7.6926,53.28823,2022/05/22 23:00:00+00,Mon 23 May 2022,30,35,0,3846414,3796444,240856,4087270,4037300,86.7986987213806,85.7375182818433,347
-7.6926,53.28823,2022/05/23 23:00:00+00,Tue 24 May 2022,77,83,0,3846491,3796527,240856,4087347,4037383,86.8003339203768,85.7392808989432,348
-7.6926,53.28823,2022/05/24 23:00:00+00,Wed 25 May 2022,89,133,0,3846580,3796660,240856,4087436,4037516,86.8022239555803,85.7421053335732,349
-7.6926,53.28823,2022/05/25 23:00:00+00,Thu 26 May 2022,136,155,0,3846716,3796815,240856,4087572,4037671,86.8051120992621,85.7453969679163,350
-7.6926,53.28823,2022/05/26 23:00:00+00,Fri 27 May 2022,98,151,0,3846814,3796966,240856,4087670,4037822,86.807193261621,85.7486036568571,351
-7.6926,53.28823,2022/05/27 23:00:00+00,Sat 28 May 2022,335,578,0,3847149,3797544,240856,4088005,4038400,86.8143074390724,85.7608782675045,352
-7.6926,53.28823,2022/05/28 23:00:00+00,Sun 29 May 2022,181,348,0,3847330,3797892,240856,4088186,4038748,86.8181512185312,85.7682685175137,353
-7.6926,53.28823,2022/05/29 23:00:00+00,Mon 30 May 2022,11,21,0,3847341,3797913,240856,4088197,4038769,86.8183848183878,85.7687144808764,354
-7.6926,53.28823,2022/05/30 23:00:00+00,Tue 31 May 2022,66,79,1,3847407,3797992,240857,4088264,4038849,86.8198076538781,85.7704133889244,355
-7.6926,53.28823,2022/05/31 23:00:00+00,Wed 01 Jun 2022,72,100,0,3847479,3798092,240857,4088336,4038949,86.8213366711213,85.7725370239846,356
-7.6926,53.28823,2022/06/01 23:00:00+00,Thu 02 Jun 2022,120,138,0,3847599,3798230,240857,4088456,4039087,86.8238850331935,85.7754676403675,357
-7.6926,53.28823,2022/06/02 23:00:00+00,Fri 03 Jun 2022,63,144,0,3847662,3798374,240857,4088519,4039231,86.8252229232813,85.7785256748541,358
-7.6926,53.28823,2022/06/03 23:00:00+00,Sat 04 Jun 2022,307,606,0,3847969,3798980,240857,4088826,4039837,86.8317424829159,85.7913949033183,359
-7.6926,53.28823,2022/06/04 23:00:00+00,Sun 05 Jun 2022,142,273,0,3848111,3799253,240857,4088968,4040110,86.8347580447012,85.7971924270324,360
-7.6926,53.28823,2022/06/05 23:00:00+00,Mon 06 Jun 2022,3,6,0,3848114,3799259,240857,4088971,4040116,86.834821753753,85.797319845136,361
-7.6926,53.28823,2022/06/06 23:00:00+00,Tue 07 Jun 2022,29,50,0,3848143,3799309,240857,4089000,4040166,86.8354376079205,85.7983816626661,362
-7.6926,53.28823,2022/06/07 23:00:00+00,Wed 08 Jun 2022,41,76,0,3848184,3799385,240857,4089041,4040242,86.8363082982951,85.7999956253118,363
-7.6926,53.28823,2022/06/08 23:00:00+00,Thu 09 Jun 2022,82,123,0,3848266,3799508,240857,4089123,4040365,86.8380496790444,85.8026076964357,364
-7.6926,53.28823,2022/06/09 23:00:00+00,Fri 10 Jun 2022,55,108,0,3848321,3799616,240857,4089178,4040473,86.8392176783275,85.8049012223006,365
-7.6926,53.28823,2022/06/10 23:00:00+00,Sat 11 Jun 2022,190,560,0,3848511,3800176,240857,4089368,4041033,86.8432525849417,85.8167935786372,366
-7.6926,53.28823,2022/06/11 23:00:00+00,Sun 12 Jun 2022,143,287,0,3848654,3800463,240857,4089511,4041320,86.8462893830776,85.8228884112598,367
-7.6926,53.28823,2022/06/12 23:00:00+00,Mon 13 Jun 2022,19,44,0,3848673,3800507,240857,4089530,4041364,86.8466928737391,85.8238228106862,368
-7.6926,53.28823,2022/06/13 23:00:00+00,Tue 14 Jun 2022,39,54,0,3848712,3800561,240857,4089569,4041418,86.8475210914125,85.8249695736187,369
-7.6926,53.28823,2022/06/14 23:00:00+00,Wed 15 Jun 2022,70,122,0,3848782,3800683,240857,4089639,4041540,86.8490076359546,85.827560408392,370
-7.6926,53.28823,2022/06/15 23:00:00+00,Thu 16 Jun 2022,82,85,0,3848864,3800768,240857,4089721,4041625,86.8507490167039,85.8293654981931,371
-7.6926,53.28823,2022/06/16 23:00:00+00,Fri 17 Jun 2022,60,94,0,3848924,3800862,240857,4089781,4041719,86.85202319774,85.8313617151496,372
-7.6926,53.28823,2022/06/17 23:00:00+00,Sat 18 Jun 2022,223,487,0,3849147,3801349,240857,4090004,4042206,86.856758903924,85.8417038178924,373
-7.6926,53.28823,2022/06/18 23:00:00+00,Sun 19 Jun 2022,80,129,0,3849227,3801478,240857,4090084,4042335,86.8584578119721,85.8444433071199,374
-7.6926,53.28823,2022/06/19 23:00:00+00,Mon 20 Jun 2022,8,27,0,3849235,3801505,240857,4090092,4042362,86.8586277027769,85.8450166885861,375
-7.6926,53.28823,2022/06/20 23:00:00+00,Tue 21 Jun 2022,79,168,1,3849314,3801673,240858,4090172,4042531,86.860326610825,85.8486056318377,376
-7.6926,53.28823,2022/06/21 23:00:00+00,Wed 22 Jun 2022,59,95,0,3849373,3801768,240858,4090231,4042626,86.8615795555104,85.8506230851448,377
-7.6926,53.28823,2022/06/22 23:00:00+00,Thu 23 Jun 2022,64,113,0,3849437,3801881,240858,4090295,4042739,86.8629386819489,85.8530227927627,378
-7.6926,53.28823,2022/06/23 23:00:00+00,Fri 24 Jun 2022,56,90,1,3849493,3801971,240859,4090352,4042830,86.8641491539332,85.8549553006674,379
-7.6926,53.28823,2022/06/24 23:00:00+00,Sat 25 Jun 2022,209,292,0,3849702,3802263,240859,4090561,4043122,86.8685875512088,85.861156315043,380
-7.6926,53.28823,2022/06/25 23:00:00+00,Sun 26 Jun 2022,174,403,0,3849876,3802666,240859,4090735,4043525,86.8722826762134,85.8697145643352,381
-7.6926,53.28823,2022/06/26 23:00:00+00,Mon 27 Jun 2022,2,33,0,3849878,3802699,240859,4090737,4043558,86.8723251489146,85.870415363905,382
-7.6926,53.28823,2022/06/27 23:00:00+00,Tue 28 Jun 2022,47,60,0,3849925,3802759,240859,4090784,4043618,86.8733232573929,85.8716895449411,383
-7.6926,53.28823,2022/06/28 23:00:00+00,Wed 29 Jun 2022,65,81,3,3849990,3802840,240862,4090852,4043702,86.8747673292337,85.8734733983916,384
-7.6926,53.28823,2022/06/29 23:00:00+00,Thu 30 Jun 2022,70,86,0,3850060,3802926,240862,4090922,4043788,86.8762538737758,85.8752997245433,385
-7.6926,53.28823,2022/06/30 23:00:00+00,Fri 01 Jul 2022,48,62,0,3850108,3802988,240862,4090970,4043850,86.8772732186047,85.8766163782806,386
-7.6926,53.28823,2022/07/01 23:00:00+00,Sat 02 Jul 2022,182,227,0,3850290,3803215,240862,4091152,4044077,86.8811382344141,85.881437029867,387
-7.6926,53.28823,2022/07/02 23:00:00+00,Sun 03 Jul 2022,108,272,0,3850398,3803487,240862,4091260,4044349,86.883431760279,85.8872133172305,388
-7.6926,53.28823,2022/07/03 23:00:00+00,Mon 04 Jul 2022,14,14,0,3850412,3803501,240862,4091274,4044363,86.8837290691874,85.8875106261389,389
-7.6926,53.28823,2022/07/04 23:00:00+00,Tue 05 Jul 2022,53,68,0,3850465,3803569,240862,4091327,4044431,86.8848545957693,85.8889546979798,390
-7.6926,53.28823,2022/07/05 23:00:00+00,Wed 06 Jul 2022,62,82,0,3850527,3803651,240862,4091389,4044513,86.8861712495065,85.8906960787291,391
-7.6926,53.28823,2022/07/06 23:00:00+00,Thu 07 Jul 2022,76,73,0,3850603,3803724,240862,4091465,4044586,86.8877852121522,85.892246332323,392
-7.6926,53.28823,2022/07/07 23:00:00+00,Fri 08 Jul 2022,101,88,0,3850704,3803812,240862,4091566,4044674,86.8899300835629,85.8941151311759,393
-7.6926,53.28823,2022/07/08 23:00:00+00,Sat 09 Jul 2022,120,141,0,3850824,3803953,240862,4091686,4044815,86.892478445635,85.8971094566106,394
-7.6926,53.28823,2022/07/09 23:00:00+00,Sun 10 Jul 2022,131,219,0,3850955,3804172,240862,4091817,4045034,86.8952604075638,85.9017602173923,395
-7.6926,53.28823,2022/07/10 23:00:00+00,Mon 11 Jul 2022,9,13,0,3850964,3804185,240862,4091826,4045047,86.8954515347192,85.9020362899501,396
-7.6926,53.28823,2022/07/11 23:00:00+00,Tue 12 Jul 2022,42,80,0,3851006,3804265,240862,4091868,4045127,86.8963434614444,85.9037351979982,397
-7.6926,53.28823,2022/07/12 23:00:00+00,Wed 13 Jul 2022,96,71,0,3851102,3804336,240862,4091964,4045198,86.8983821511022,85.9052429788909,398
-7.6926,53.28823,2022/07/13 23:00:00+00,Thu 14 Jul 2022,40,39,0,3851142,3804375,240862,4092004,4045237,86.8992316051262,85.9060711965643,399
-7.6926,53.28823,2022/07/14 23:00:00+00,Fri 15 Jul 2022,78,111,1,3851220,3804486,240863,4092083,4045349,86.9009092768237,85.9084496678316,400
-7.6926,53.28823,2022/07/15 23:00:00+00,Sat 16 Jul 2022,123,209,0,3851343,3804695,240863,4092206,4045558,86.9035213479476,85.9128880651073,401
-7.6926,53.28823,2022/07/16 23:00:00+00,Sun 17 Jul 2022,119,165,0,3851462,3804860,240863,4092325,4045723,86.9060484736691,85.9163920629564,402
-7.6926,53.28823,2022/07/17 23:00:00+00,Mon 18 Jul 2022,9,16,0,3851471,3804876,240863,4092334,4045739,86.9062396008246,85.9167318445661,403
-7.6926,53.28823,2022/07/18 23:00:00+00,Tue 19 Jul 2022,29,33,0,3851500,3804909,240863,4092363,4045772,86.906855454992,85.9174326441359,404
-7.6926,53.28823,2022/07/19 23:00:00+00,Wed 20 Jul 2022,73,63,0,3851573,3804972,240863,4092436,4045835,86.9084057085859,85.9187705342238,405
-7.6926,53.28823,2022/07/20 23:00:00+00,Thu 21 Jul 2022,48,27,0,3851621,3804999,240863,4092484,4045862,86.9094250534147,85.91934391569,406
-7.6926,53.28823,2022/07/21 23:00:00+00,Fri 22 Jul 2022,70,67,0,3851691,3805066,240863,4092554,4045929,86.9109115979568,85.9207667511803,407
-7.6926,53.28823,2022/07/22 23:00:00+00,Sat 23 Jul 2022,98,172,0,3851789,3805238,240863,4092652,4046101,86.9129927603157,85.9244194034837,408
-7.6926,53.28823,2022/07/23 23:00:00+00,Sun 24 Jul 2022,106,232,0,3851895,3805470,240863,4092758,4046333,86.9152438134794,85.9293462368231,409
-7.6926,53.28823,2022/07/24 23:00:00+00,Mon 25 Jul 2022,12,21,0,3851907,3805491,240863,4092770,4046354,86.9154986496867,85.9297922001857,410
-7.6926,53.28823,2022/07/25 23:00:00+00,Tue 26 Jul 2022,15,13,0,3851922,3805504,240863,4092785,4046367,86.9158171949457,85.9300682727435,411
-7.6926,53.28823,2022/07/26 23:00:00+00,Wed 27 Jul 2022,58,66,1,3851980,3805570,240864,4092844,4046434,86.9170701396311,85.9314911082338,412
-7.6926,53.28823,2022/07/27 23:00:00+00,Thu 28 Jul 2022,19,46,0,3851999,3805616,240864,4092863,4046480,86.9174736302925,85.9324679803615,413
-7.6926,53.28823,2022/07/28 23:00:00+00,Fri 29 Jul 2022,50,81,0,3852049,3805697,240864,4092913,4046561,86.9185354478226,85.9341881247602,414
-7.6926,53.28823,2022/07/29 23:00:00+00,Sat 30 Jul 2022,97,103,0,3852146,3805800,240864,4093010,4046664,86.9205953738309,85.9363754688721,415
-7.6926,53.28823,2022/07/30 23:00:00+00,Sun 31 Jul 2022,31,57,0,3852177,3805857,240864,4093041,4046721,86.9212537006995,85.9375859408563,416
-7.6926,53.28823,2022/07/31 23:00:00+00,Mon 01 Aug 2022,9,13,0,3852186,3805870,240864,4093050,4046734,86.921444827855,85.9378620134142,417
-7.6926,53.28823,2022/08/01 23:00:00+00,Tue 02 Aug 2022,20,19,0,3852206,3805889,240864,4093070,4046753,86.921869554867,85.9382655040756,418
-7.6926,53.28823,2022/08/02 23:00:00+00,Wed 03 Aug 2022,80,129,0,3852286,3806018,240864,4093150,4046882,86.9235684629151,85.9410049933031,419
-7.6926,53.28823,2022/08/03 23:00:00+00,Thu 04 Aug 2022,23,30,0,3852309,3806048,240864,4093173,4046912,86.9240568989789,85.9416420838212,420
-7.6926,53.28823,2021/09/23 23:00:00+00,Fri 24 Sep 2021,1911,7379,79,3568741,3458037,239854,3808595,3697891,80.8806587176175,78.5297097606727,421
-7.6926,53.28823,2021/09/24 23:00:00+00,Sat 25 Sep 2021,2421,6601,53,3571162,3464638,239907,3811069,3704545,80.9331974490046,78.6710164375725,422
-7.6926,53.28823,2021/05/27 23:00:00+00,Fri 28 May 2021,27043,31826,1558,1946967,859805,57670,2004637,917475,42.5711741599484,19.4838207677493,423
-7.6926,53.28823,2021/09/25 23:00:00+00,Sun 26 Sep 2021,1549,7098,0,3572711,3471736,239907,3812618,3711643,80.9660925560857,78.8217520541391,424
-7.6926,53.28823,2021/09/26 23:00:00+00,Mon 27 Sep 2021,1178,3823,45,3573889,3475559,239952,3813841,3715511,80.9920646128709,78.9038942582642,425
-7.6926,53.28823,2021/05/28 23:00:00+00,Sat 29 May 2021,24480,7386,534,1971447,867191,58204,2029651,925395,43.1023802338844,19.65201266451,426
-7.6926,53.28823,2021/09/27 23:00:00+00,Tue 28 Sep 2021,1451,5136,93,3575340,3480695,240045,3815385,3720740,81.024853538199,79.0149391355574,427
-7.6926,53.28823,2021/05/29 23:00:00+00,Sun 30 May 2021,24250,1676,209,1995697,868867,58413,2054110,927280,43.6218001332369,19.6920431853931,428
-7.6926,53.28823,2021/09/28 23:00:00+00,Wed 29 Sep 2021,1652,3629,79,3576992,3484324,240124,3817116,3724448,81.0616136610895,79.0936835235863,429
-7.6926,53.28823,2021/05/30 23:00:00+00,Mon 31 May 2021,22585,7320,3443,2018282,876187,61856,2080138,938043,44.1745398666824,19.9206100269128,430
-7.6926,53.28823,2021/09/29 23:00:00+00,Thu 30 Sep 2021,1283,3974,78,3578275,3488298,240202,3818477,3728500,81.0905163342576,79.1797332162219,431
-7.6926,53.28823,2021/05/31 23:00:00+00,Tue 01 Jun 2021,27562,11512,3653,2045844,887699,65509,2111353,953208,44.837432550696,20.2426592837786,432
-7.6926,53.28823,2021/09/30 23:00:00+00,Fri 01 Oct 2021,1857,5183,42,3580132,3493481,240244,3820376,3733725,81.1308441640491,79.2906931481127,433
-7.6926,53.28823,2021/06/01 23:00:00+00,Wed 02 Jun 2021,18695,20898,4008,2064539,908597,69517,2134056,978114,45.3195614183928,20.7715718318497,434
-7.6926,53.28823,2021/10/01 23:00:00+00,Sat 02 Oct 2021,1706,4092,40,3581838,3497573,240284,3822122,3737857,81.1679228321986,79.3784417487965,435
-7.6926,53.28823,2021/10/02 23:00:00+00,Sun 03 Oct 2021,1196,3018,9,3583034,3500591,240293,3823327,3740884,81.193512634673,79.442724182066,436
-7.6926,53.28823,2021/10/03 23:00:00+00,Mon 04 Oct 2021,340,1239,18,3583374,3501830,240311,3823685,3742141,81.2011152481882,79.4694182747716,437
-7.6926,53.28823,2021/10/04 23:00:00+00,Tue 05 Oct 2021,959,2825,70,3584333,3504655,240381,3824714,3745036,81.2229674529567,79.5308975097618,438
-7.6926,53.28823,2021/10/05 23:00:00+00,Wed 06 Oct 2021,975,2575,40,3585308,3507230,240421,3825729,3747651,81.2445223488168,79.5864305665837,439
-7.6926,53.28823,2021/10/06 23:00:00+00,Thu 07 Oct 2021,1213,2698,44,3586521,3509928,240465,3826986,3750393,81.2712164415224,79.6446606399319,440
-7.6926,53.28823,2021/10/07 23:00:00+00,Fri 08 Oct 2021,937,2770,48,3587458,3512698,240513,3827971,3753211,81.2921342468645,79.7045046759259,441
-7.6926,53.28823,2021/10/08 23:00:00+00,Sat 09 Oct 2021,730,2376,23,3588188,3515074,240536,3828724,3755610,81.3081252188671,79.7554506810179,442
-7.6926,53.28823,2021/10/09 23:00:00+00,Sun 10 Oct 2021,1507,3916,2,3589695,3518990,240538,3830233,3759528,81.3401708719242,79.838654702673,443
-7.6926,53.28823,2021/10/10 23:00:00+00,Mon 11 Oct 2021,333,1124,19,3590028,3520114,240557,3830585,3760671,81.3476460673358,79.8629278514101,444
-7.6926,53.28823,2021/10/11 23:00:00+00,Tue 12 Oct 2021,561,1611,20,3590589,3521725,240577,3831166,3762302,81.359984387035,79.8975643392405,445
-7.6926,53.28823,2021/10/12 23:00:00+00,Wed 13 Oct 2021,988,2070,11,3591577,3523795,240588,3832165,3764383,81.3811995012855,79.9417571848414,446
-7.6926,53.28823,2021/10/13 23:00:00+00,Thu 14 Oct 2021,670,1604,8,3592247,3525399,240596,3832843,3765995,81.3955977469931,79.9759901820104,447
-7.6926,53.28823,2021/10/14 23:00:00+00,Fri 15 Oct 2021,953,2069,8,3593200,3527468,240604,3833804,3768072,81.4160058799207,80.0200980822089,448
-7.6926,53.28823,2021/10/15 23:00:00+00,Sat 16 Oct 2021,1374,2646,14,3594574,3530114,240618,3835192,3770732,81.4454819345551,80.0765867748078,449
-7.6926,53.28823,2021/10/16 23:00:00+00,Sun 17 Oct 2021,1701,2892,2,3596275,3533006,240620,3836895,3773626,81.4816474396288,80.1380447734474,450
-7.6926,53.28823,2021/10/17 23:00:00+00,Mon 18 Oct 2021,673,1245,6,3596948,3534251,240626,3837574,3774877,81.4960669216869,80.1646114480494,451
-7.6926,53.28823,2021/10/18 23:00:00+00,Tue 19 Oct 2021,1333,1800,13,3598281,3536051,240639,3838920,3776690,81.524651049596,80.2031129516892,452
-7.6926,53.28823,2021/10/19 23:00:00+00,Wed 20 Oct 2021,2253,2328,0,3600534,3538379,240639,3841173,3779018,81.5724965475003,80.2525511758886,453
-7.6926,53.28823,2021/10/20 23:00:00+00,Thu 21 Oct 2021,1728,1840,11,3602262,3540219,240650,3842912,3780869,81.6094265611956,80.2918596608512,454
-7.6926,53.28823,2021/10/21 23:00:00+00,Fri 22 Oct 2021,1504,1927,3,3603766,3542146,240653,3844419,3782799,81.6414297415515,80.3328458175114,455
-7.6926,53.28823,2021/10/22 23:00:00+00,Sat 23 Oct 2021,2013,1701,1,3605779,3543847,240654,3846433,3784501,81.6841997516621,80.3689900862344,456
-7.6926,53.28823,2021/10/23 23:00:00+00,Sun 24 Oct 2021,1949,2186,2,3607728,3546033,240656,3848384,3786689,81.7256318716849,80.4154552213497,457
-7.6926,53.28823,2021/10/24 23:00:00+00,Mon 25 Oct 2021,1220,852,2,3608948,3546885,240658,3849606,3787543,81.7515826921194,80.433591064763,458
-7.6926,53.28823,2021/10/25 23:00:00+00,Tue 26 Oct 2021,1234,1224,6,3610182,3548109,240664,3850846,3788773,81.7779157668648,80.4597117760024,459
-7.6926,53.28823,2021/10/26 23:00:00+00,Wed 27 Oct 2021,1554,1419,5,3611736,3549528,240669,3852405,3790197,81.8110232374519,80.4899523392583,460
-7.6926,53.28823,2021/10/27 23:00:00+00,Thu 28 Oct 2021,2149,1689,5,3613885,3551217,240674,3854559,3791891,81.8567663366467,80.5259267171766,461
-7.6926,53.28823,2021/10/28 23:00:00+00,Fri 29 Oct 2021,2135,1361,2,3616020,3552578,240676,3856696,3793254,81.9021484178813,80.5548718630459,462
-7.6926,53.28823,2021/10/29 23:00:00+00,Sat 30 Oct 2021,2017,1448,1,3618037,3554026,240677,3858714,3794703,81.9450033733943,80.5856433350669,463
-7.6926,53.28823,2021/10/30 23:00:00+00,Sun 31 Oct 2021,1594,1320,0,3619631,3555346,240677,3860308,3796023,81.9788541162524,80.6136753178604,464
-7.6926,53.28823,2021/11/01 00:00:00+00,Mon 01 Nov 2021,276,286,2,3619907,3555632,240679,3860586,3796311,81.9847578217196,80.6197913868335,465
-7.6926,53.28823,2021/11/02 00:00:00+00,Tue 02 Nov 2021,1096,1093,10,3621003,3556725,240689,3861692,3797414,82.0082452254844,80.6432150815465,466
-7.6926,53.28823,2021/11/03 00:00:00+00,Wed 03 Nov 2021,2533,1876,6,3623536,3558601,240695,3864231,3799296,82.0621643196606,80.6831818933778,467
-7.6926,53.28823,2021/11/04 00:00:00+00,Thu 04 Nov 2021,1533,1280,1,3625069,3559881,240696,3865765,3800577,82.0947408814827,80.7103856584978,468
-7.6926,53.28823,2021/11/05 00:00:00+00,Fri 05 Nov 2021,1627,1092,3,3626696,3560973,240699,3867395,3801672,82.1293561329625,80.733639462406,469
-7.6926,53.28823,2021/11/06 00:00:00+00,Sat 06 Nov 2021,1813,1354,6,3628509,3562327,240705,3869214,3803032,82.1679850547059,80.7625208992235,470
-7.6926,53.28823,2021/11/07 00:00:00+00,Sun 07 Nov 2021,695,774,0,3629204,3563101,240705,3869909,3803806,82.1827443183737,80.7789578345888,471
-7.6926,53.28823,2021/11/08 00:00:00+00,Mon 08 Nov 2021,515,529,3,3629719,3563630,240708,3870427,3804338,82.193744747985,80.7902555731086,472
-7.6926,53.28823,2021/11/09 00:00:00+00,Tue 09 Nov 2021,1369,1062,3,3631088,3564692,240711,3871799,3805403,82.2228810210098,80.8128722864988,473
-7.6926,53.28823,2021/11/10 00:00:00+00,Wed 10 Nov 2021,1608,1359,1,3632696,3566051,240712,3873408,3806763,82.2570503091269,80.8417537233163,474
-7.6926,53.28823,2021/11/11 00:00:00+00,Thu 11 Nov 2021,1384,1108,1,3634080,3567159,240713,3874793,3807872,82.2864626547095,80.8653048361329,475
-7.6926,53.28823,2021/11/12 00:00:00+00,Fri 12 Nov 2021,1141,1154,6,3635221,3568313,240719,3875940,3809032,82.3108207488489,80.8899390028302,476
-7.6926,53.28823,2021/11/13 00:00:00+00,Sat 13 Nov 2021,1396,1375,0,3636617,3569688,240719,3877336,3810407,82.3404666942881,80.9191389849067,477
-7.6926,53.28823,2021/11/14 00:00:00+00,Sun 14 Nov 2021,1648,1806,0,3638265,3571494,240719,3878984,3812213,82.3754642000787,80.9574918340923,478
-7.6926,53.28823,2021/11/15 00:00:00+00,Mon 15 Nov 2021,1237,591,1,3639502,3572085,240720,3880222,3812805,82.4017548021229,80.9700637536481,479
-7.6926,53.28823,2021/11/16 00:00:00+00,Tue 16 Nov 2021,1316,1071,5,3640818,3573156,240725,3881543,3813881,82.4298080212669,80.9929140668949,480
-7.6926,53.28823,2021/11/17 00:00:00+00,Wed 17 Nov 2021,1496,1110,0,3642314,3574266,240725,3883039,3814991,82.4615776017662,81.0164864160622,481
-7.6926,53.28823,2021/11/18 00:00:00+00,Thu 18 Nov 2021,1644,2501,5,3643958,3576767,240730,3884688,3817497,82.4965963439074,81.0697047106685,482
-7.6926,53.28823,2021/11/19 00:00:00+00,Fri 19 Nov 2021,1162,1551,0,3645120,3578318,240730,3885850,3819048,82.5212729833059,81.1026422904508,483
-7.6926,53.28823,2021/11/20 00:00:00+00,Sat 20 Nov 2021,1545,2938,12,3646665,3581256,240742,3887407,3821998,82.5543379811918,81.1652895247241,484
-7.6926,53.28823,2021/11/21 00:00:00+00,Sun 21 Nov 2021,1788,2762,0,3648453,3584018,240742,3889195,3824760,82.5923085760666,81.2239443250843,485
-7.6926,53.28823,2021/11/22 00:00:00+00,Mon 22 Nov 2021,719,519,2,3649172,3584537,240744,3889916,3825281,82.60761998485,81.2350084637475,486
-7.6926,53.28823,2021/11/23 00:00:00+00,Tue 23 Nov 2021,2154,1591,7,3651326,3586128,240751,3892077,3826879,82.653511738499,81.2689441520081,487
-7.6926,53.28823,2021/11/24 00:00:00+00,Wed 24 Nov 2021,1607,3143,2,3652933,3589271,240753,3893686,3830024,82.6876810266162,81.3357324746486,488
-7.6926,53.28823,2021/11/25 00:00:00+00,Thu 25 Nov 2021,975,1182,1,3653908,3590453,240754,3894662,3831207,82.7084077048028,81.3608550774097,489
-7.6926,53.28823,2021/11/26 00:00:00+00,Fri 26 Nov 2021,1283,1103,12,3655191,3591556,240766,3895957,3832322,82.7359087788313,81.3845336083299,490
-7.6926,53.28823,2021/11/27 00:00:00+00,Sat 27 Nov 2021,1200,1563,6,3656391,3593119,240772,3897163,3833891,82.7615198176562,81.4178534424231,491
-7.6926,53.28823,2021/11/28 00:00:00+00,Sun 28 Nov 2021,1955,2256,0,3658346,3595375,240772,3899118,3836147,82.8030368830814,81.4657626493791,492
-7.6926,53.28823,2021/11/29 00:00:00+00,Mon 29 Nov 2021,532,993,1,3658878,3596368,240773,3899651,3837141,82.8143558579518,81.4868715818766,493
-7.6926,53.28823,2021/11/30 00:00:00+00,Tue 30 Nov 2021,1895,1642,6,3660773,3598010,240779,3901552,3838789,82.8547261604444,81.5218690876673,494
-7.6926,53.28823,2021/12/01 00:00:00+00,Wed 01 Dec 2021,1034,1378,3,3661807,3599388,240782,3902589,3840170,82.8767482560178,81.5511964878474,495
-7.6926,53.28823,2021/12/02 00:00:00+00,Thu 02 Dec 2021,1738,1410,0,3663545,3600798,240782,3904327,3841580,82.9136570333625,81.5811397421949,496
-7.6926,53.28823,2021/12/03 00:00:00+00,Fri 03 Dec 2021,1013,1184,2,3664558,3601982,240784,3905342,3842766,82.9352119292226,81.6063260540079,497
-7.6926,53.28823,2021/12/04 00:00:00+00,Sat 04 Dec 2021,1202,1700,1,3665760,3603682,240785,3906545,3844467,82.9607592589958,81.6424490863803,498
-7.6926,53.28823,2021/12/05 00:00:00+00,Sun 05 Dec 2021,1347,1774,2,3667107,3605456,240787,3907894,3846243,82.9894070959567,81.6801648450479,499
-7.6926,53.28823,2021/12/06 00:00:00+00,Mon 06 Dec 2021,931,1292,0,3668038,3606748,240787,3908825,3847535,83.0091781383663,81.7076022100245,500
-7.6926,53.28823,2021/12/07 00:00:00+00,Tue 07 Dec 2021,484,740,2,3668522,3607488,240789,3909311,3848277,83.0194990047584,81.7233595821705,501
-7.6926,53.28823,2021/12/08 00:00:00+00,Wed 08 Dec 2021,785,1516,2,3669307,3609004,240791,3910098,3849795,83.0362120126815,81.755596362383,502
-7.6926,53.28823,2021/12/09 00:00:00+00,Thu 09 Dec 2021,784,1208,1,3670091,3610212,240792,3910883,3851004,83.0528825479034,81.7812711102598,503
-7.6926,53.28823,2021/12/10 00:00:00+00,Fri 10 Dec 2021,886,1612,1,3670977,3611824,240793,3911770,3852617,83.0717191908866,81.8155253437794,504
-7.6926,53.28823,2021/12/11 00:00:00+00,Sat 11 Dec 2021,638,841,2,3671615,3612665,240795,3912410,3853460,83.0853104552713,81.8334275873361,505
-7.6926,53.28823,2021/12/12 00:00:00+00,Sun 12 Dec 2021,686,1192,0,3672301,3613857,240795,3913096,3854652,83.0998785917836,81.8587413172526,506
-7.6926,53.28823,2021/12/13 00:00:00+00,Mon 13 Dec 2021,719,1067,1,3673020,3614924,240796,3913816,3855720,83.1151687642164,81.8814217396946,507
-7.6926,53.28823,2021/06/02 23:00:00+00,Thu 03 Jun 2021,16692,30705,1977,2081231,939302,71494,2152725,1010796,45.7160228477649,21.4656182421951,508
-7.6926,53.28823,2021/06/03 23:00:00+00,Fri 04 Jun 2021,28979,23342,153,2110210,962644,71647,2181857,1034291,46.3346802134763,21.964566299568,509
-7.6926,53.28823,2021/06/04 23:00:00+00,Sat 05 Jun 2021,20961,11493,33,2131171,974137,71680,2202851,1045817,46.7805161579959,22.2093364765964,510
-7.6926,53.28823,2021/06/05 23:00:00+00,Sun 06 Jun 2021,19944,3908,46,2151115,978045,71726,2222841,1049771,47.205030806512,22.2933050068731,511
-7.6926,53.28823,2021/06/06 23:00:00+00,Mon 07 Jun 2021,19815,4591,45,2170930,982636,71771,2242701,1054407,47.62678472945,22.3917567282599,512
-7.6926,53.28823,2021/06/07 23:00:00+00,Tue 08 Jun 2021,26410,18339,45,2197340,1000975,71816,2269156,1072791,48.1885923846022,22.7821657977106,513
-7.6926,53.28823,2021/06/08 23:00:00+00,Wed 09 Jun 2021,32801,20107,174,2230141,1021082,71990,2302131,1093072,48.8888610456737,23.2128602242516,514
-7.6926,53.28823,2021/06/09 23:00:00+00,Thu 10 Jun 2021,27695,27490,273,2257836,1048572,72263,2330099,1120835,49.4827992992854,23.8024450259901,515
-7.6926,53.28823,2021/06/10 23:00:00+00,Fri 11 Jun 2021,26437,32897,40,2284273,1081469,72303,2356576,1153772,50.0450741541508,24.5019067057387,516
-7.6926,53.28823,2021/06/11 23:00:00+00,Sat 12 Jun 2021,12212,19721,105,2296485,1101190,72408,2368893,1173598,50.3066422845047,24.9229385927562,517
-7.6926,53.28823,2021/06/12 23:00:00+00,Sun 13 Jun 2021,8550,18173,833,2305035,1119363,73241,2378276,1192604,50.5059029621948,25.3265566722808,518
-7.6926,53.28823,2021/06/13 23:00:00+00,Mon 14 Jun 2021,16019,31302,50,2321054,1150665,73291,2394345,1223956,50.847149880004,25.9923587363267,519
-7.6926,53.28823,2021/06/14 23:00:00+00,Tue 15 Jun 2021,14698,41588,205,2335752,1192253,73496,2409248,1265749,51.1636352130123,26.8798895369987,520
-7.6926,53.28823,2021/06/15 23:00:00+00,Wed 16 Jun 2021,13470,48385,216,2349222,1240638,73712,2422934,1314350,51.454275907339,27.911997412563,521
-7.6926,53.28823,2021/06/16 23:00:00+00,Thu 17 Jun 2021,21571,42690,534,2370793,1283328,74246,2445039,1357574,51.9237054373764,28.8299174309452,522
-7.6926,53.28823,2021/06/17 23:00:00+00,Fri 18 Jun 2021,12018,50016,554,2382811,1333344,74800,2457611,1408144,52.1906888371335,29.9038396808431,523
-7.6926,53.28823,2021/06/18 23:00:00+00,Sat 19 Jun 2021,6318,32804,433,2389129,1366148,75233,2464362,1441381,52.3340554400416,30.6096722657721,524
-7.6926,53.28823,2021/06/19 23:00:00+00,Sun 20 Jun 2021,8516,26141,177,2397645,1392289,75410,2473055,1467699,52.518663035817,31.168570540892,525
-7.6926,53.28823,2021/06/20 23:00:00+00,Mon 21 Jun 2021,15478,32335,574,2413123,1424624,75984,2489107,1500608,52.859548935666,31.8674376028238,526
-7.6926,53.28823,2021/06/21 23:00:00+00,Tue 22 Jun 2021,15146,43539,722,2428269,1468163,76706,2504975,1544869,53.1965273470043,32.8073797167793,527
-7.6926,53.28823,2021/06/22 23:00:00+00,Wed 23 Jun 2021,20085,39385,883,2448354,1507548,77589,2525943,1585137,53.6418111464083,33.6625250827846,528
-7.6926,53.28823,2021/06/23 23:00:00+00,Thu 24 Jun 2021,19022,44274,1032,2467376,1551822,78621,2545997,1630443,54.0676849213629,34.6246591831183,529
-7.6926,53.28823,2021/06/24 23:00:00+00,Fri 25 Jun 2021,15209,50123,843,2482585,1601945,79464,2562049,1681409,54.4085708212118,35.7069910278542,530
-7.6926,53.28823,2021/06/25 23:00:00+00,Sat 26 Jun 2021,9066,30559,510,2491651,1632504,79974,2571625,1712478,54.611930114568,36.36678320468,531
-7.6926,53.28823,2021/06/26 23:00:00+00,Sun 27 Jun 2021,8730,30476,59,2500381,1662980,80033,2580414,1743013,54.7985764000011,37.0152351702847,532
-7.6926,53.28823,2021/06/27 23:00:00+00,Mon 28 Jun 2021,24229,24644,522,2524610,1687624,80555,2605165,1768179,55.3241973137291,37.5496691695122,533
-7.6926,53.28823,2021/06/28 23:00:00+00,Tue 29 Jun 2021,28143,31038,810,2552753,1718662,81365,2634118,1800027,55.9390533726829,38.2260044634562,534
-7.6926,53.28823,2021/06/29 23:00:00+00,Wed 30 Jun 2021,22574,36866,590,2575327,1755528,81955,2657282,1837483,56.4309721980069,39.0214332115712,535
-7.6926,53.28823,2021/06/30 23:00:00+00,Thu 01 Jul 2021,15023,48300,640,2590350,1803828,82595,2672945,1886423,56.763597157472,40.0607402099893,536
-7.6926,53.28823,2021/07/01 23:00:00+00,Fri 02 Jul 2021,13682,47264,817,2604032,1851092,83412,2687444,1934504,57.0715030048374,41.081805183241,537
-7.6926,53.28823,2021/07/02 23:00:00+00,Sat 03 Jul 2021,9315,30475,505,2613347,1881567,83917,2697264,1965484,57.2800439677403,41.7397073248633,538
-7.6926,53.28823,2021/07/03 23:00:00+00,Sun 04 Jul 2021,6449,27782,233,2619796,1909349,84150,2703946,1993499,57.4219452624569,42.3346436869533,539
-7.6926,53.28823,2021/07/04 23:00:00+00,Mon 05 Jul 2021,15615,33457,5343,2635411,1942806,89493,2724904,2032299,57.8670166983548,43.1586140902761,540
-7.6926,53.28823,2021/07/05 23:00:00+00,Tue 06 Jul 2021,12409,48296,5486,2647820,1991102,94979,2742799,2086081,58.2470411923616,44.3007474983048,541
-7.6926,53.28823,2021/07/06 23:00:00+00,Wed 07 Jul 2021,19703,43756,5059,2667523,2034858,100038,2767561,2134896,58.7728957059462,45.3373999528978,542
-7.6926,53.28823,2021/07/07 23:00:00+00,Thu 08 Jul 2021,17778,45591,5997,2685301,2080449,106035,2791336,2186484,59.2777899414875,46.4329408077076,543
-7.6926,53.28823,2021/07/08 23:00:00+00,Fri 09 Jul 2021,13523,45084,6531,2698824,2125533,112566,2811390,2238099,59.7036637164421,47.5290550439837,544
-7.6926,53.28823,2021/07/09 23:00:00+00,Sat 10 Jul 2021,8635,23867,4364,2707459,2149400,116930,2824389,2266330,59.9797150379058,48.1285784578035,545
-7.6926,53.28823,2021/07/10 23:00:00+00,Sun 11 Jul 2021,15236,16110,2153,2722695,2165510,119083,2841778,2284593,60.3489939385084,48.5164179288315,546
-7.6926,53.28823,2021/07/11 23:00:00+00,Mon 12 Jul 2021,17108,31763,6092,2739803,2197273,125175,2864978,2322448,60.8416772724541,49.3203199808363,547
-7.6926,53.28823,2021/07/12 23:00:00+00,Tue 13 Jul 2021,20104,36566,8491,2759907,2233839,133666,2893573,2367505,61.4489307178927,50.2771662298703,548
-7.6926,53.28823,2021/07/13 23:00:00+00,Wed 14 Jul 2021,20801,35707,9335,2780708,2269546,143001,2923709,2412547,62.0889093796076,51.2336939336453,549
-7.6926,53.28823,2021/07/14 23:00:00+00,Thu 15 Jul 2021,23643,28834,9585,2804351,2298380,152586,2956937,2450966,62.7945508373812,52.0495732873892,550
-7.6926,53.28823,2021/07/15 23:00:00+00,Fri 16 Jul 2021,23528,27425,9166,2827879,2325805,161752,2989631,2487557,63.4888520839337,52.8266325922342,551
-7.6926,53.28823,2021/07/16 23:00:00+00,Sat 17 Jul 2021,11504,19425,4676,2839383,2345230,166428,3005811,2511658,63.8324562366596,53.3384498780715,552
-7.6926,53.28823,2021/07/17 23:00:00+00,Sun 18 Jul 2021,16864,15818,1932,2856247,2361048,168360,3024607,2529408,64.231614682558,53.7153951012411,553
-7.6926,53.28823,2021/07/18 23:00:00+00,Mon 19 Jul 2021,24885,18433,6255,2881132,2379481,174615,3055747,2554096,64.8929146402764,54.2396781248812,554
-7.6926,53.28823,2021/07/19 23:00:00+00,Tue 20 Jul 2021,30584,18180,7699,2911716,2397661,182314,3094030,2579975,65.7059058503385,54.7892536420872,555
-7.6926,53.28823,2021/07/20 23:00:00+00,Wed 21 Jul 2021,30356,19841,6889,2942072,2417502,189203,3131275,2606705,66.4968537284767,55.3569012936548,556
-7.6926,53.28823,2021/07/21 23:00:00+00,Thu 22 Jul 2021,33538,15923,6934,2975610,2433425,196137,3171747,2629562,67.3563313100046,55.8423005593442,557
-7.6926,53.28823,2021/07/22 23:00:00+00,Fri 23 Jul 2021,27086,20835,5615,3002696,2454260,201752,3204448,2656012,68.0507812110114,56.4040020327435,558
-7.6926,53.28823,2021/07/23 23:00:00+00,Sat 24 Jul 2021,15437,14812,2275,3018133,2469072,204027,3222160,2673099,68.4269194528582,56.7668675554646,559
-7.6926,53.28823,2021/07/24 23:00:00+00,Sun 25 Jul 2021,14720,13642,1043,3032853,2482714,205070,3237923,2687784,68.7616680473834,57.0787233640418,560
-7.6926,53.28823,2021/07/25 23:00:00+00,Mon 26 Jul 2021,23834,18297,3422,3056687,2501011,208492,3265179,2709503,69.3404860193671,57.5399556627472,561
-7.6926,53.28823,2021/07/26 23:00:00+00,Tue 27 Jul 2021,25507,23906,3671,3082194,2524917,212163,3294357,2737080,69.9601202572062,58.1255905032739,562
-7.6926,53.28823,2021/07/27 23:00:00+00,Wed 28 Jul 2021,23438,25285,3263,3105632,2550202,215426,3321058,2765628,70.5271520546063,58.7318458402343,563
-7.6926,53.28823,2021/07/28 23:00:00+00,Thu 29 Jul 2021,19271,27864,2962,3124903,2578066,218388,3343291,2796454,70.9992998375207,59.3864775838639,564
-7.6926,53.28823,2021/07/29 23:00:00+00,Fri 30 Jul 2021,21952,22934,2119,3146855,2601000,220507,3367362,2821507,71.5104800328399,59.9185118754734,565
-7.6926,53.28823,2021/07/30 23:00:00+00,Sat 31 Jul 2021,13744,12484,907,3160599,2613484,221414,3382013,2834898,71.8216138054967,60.2028878463728,566
-7.6926,53.28823,2021/07/31 23:00:00+00,Sun 01 Aug 2021,11113,9327,368,3171712,2622811,221782,3393494,2844593,72.065428346748,60.4087742654506,567
-7.6926,53.28823,2021/08/01 23:00:00+00,Mon 02 Aug 2021,15021,16019,430,3186733,2638830,222212,3408945,2861042,72.3935511998857,60.7580909964881,568
-7.6926,53.28823,2021/08/02 23:00:00+00,Tue 03 Aug 2021,17345,25448,1111,3204078,2664278,223323,3427401,2887601,72.7854892865797,61.3221072321029,569
-7.6926,53.28823,2021/08/03 23:00:00+00,Wed 04 Aug 2021,22111,17305,1576,3226189,2681583,224899,3451088,2906482,73.2885147232681,61.7230707678024,570
-7.6926,53.28823,2021/08/04 23:00:00+00,Thu 05 Aug 2021,13533,30046,1420,3239722,2711629,226319,3466041,2937948,73.6060618738064,62.3912937758168,571
-7.6926,53.28823,2021/08/05 23:00:00+00,Fri 06 Aug 2021,12206,24748,948,3251928,2736377,227267,3479195,2963644,73.8854048296133,62.9369830408628,572
-7.6926,53.28823,2021/08/06 23:00:00+00,Sat 07 Aug 2021,6335,8459,583,3258263,2744836,227850,3486113,2972686,74.0323179030718,63.129002122998,573
-7.6926,53.28823,2021/08/07 23:00:00+00,Sun 08 Aug 2021,8626,11976,153,3266889,2756812,228003,3494892,2984815,74.2187518249989,63.3865778194388,574
-7.6926,53.28823,2021/08/08 23:00:00+00,Mon 09 Aug 2021,5543,23036,600,3272432,2779848,228603,3501035,3008451,74.3492067267415,63.8885202022465,575
-7.6926,53.28823,2021/08/09 23:00:00+00,Tue 10 Aug 2021,9354,26008,716,3281786,2805856,229319,3511105,3035175,74.5630567772946,64.4560404357104,576
-7.6926,53.28823,2021/08/10 23:00:00+00,Wed 11 Aug 2021,7012,31241,665,3288798,2837097,229984,3518782,3067081,74.7260882408593,65.1336074379893,577
-7.6926,53.28823,2021/08/11 23:00:00+00,Thu 12 Aug 2021,6771,38297,862,3295569,2875394,230846,3526415,3106240,74.8881853049975,65.965201691178,578
-7.6926,53.28823,2021/08/12 23:00:00+00,Fri 13 Aug 2021,10930,28245,870,3306499,2903639,231716,3538215,3135355,75.1387742420906,66.5834980389292,579
-7.6926,53.28823,2021/08/13 23:00:00+00,Sat 14 Aug 2021,18136,5844,281,3324635,2909483,231997,3556632,3141480,75.5298841111111,66.713570686361,580
-7.6926,53.28823,2021/08/14 23:00:00+00,Sun 15 Aug 2021,16998,3729,51,3341633,2913212,232048,3573681,3145260,75.8919426525094,66.7938440916332,581
-7.6926,53.28823,2021/08/15 23:00:00+00,Mon 16 Aug 2021,10185,23152,384,3351818,2936364,232432,3584250,3168796,76.1163896420125,67.2936628393808,582
-7.6926,53.28823,2021/08/16 23:00:00+00,Tue 17 Aug 2021,12866,26865,528,3364684,2963229,232960,3597644,3196189,76.4008293219637,67.8753901913969,583
-7.6926,53.28823,2021/08/17 23:00:00+00,Wed 18 Aug 2021,15232,25764,658,3379916,2988993,233618,3613534,3222611,76.7382749330152,68.4364970469793,584
