X,Y,VaccinationDate,VaccineText,Dose1,Dose2,SingleDose,Dose1Cum,Dose2Cum,SingleDoseCum,PartiallyVacc,FullyVacc,PartialPercent,FullyPercent,ObjectId
-7.6926,53.28823,2021/11/14 00:00:00+00,Sun 14 Nov 2021,1646,1807,1,3639609,3572855,240812,3880421,3813667,80.8670550226018,79.475917465368,1
-7.6926,53.28823,2021/11/15 00:00:00+00,Mon 15 Nov 2021,1240,597,1,3640849,3573452,240813,3881662,3814265,80.8929171688181,79.4883796438026,2
-7.6926,53.28823,2021/11/16 00:00:00+00,Tue 16 Nov 2021,1312,1076,5,3642161,3574528,240818,3882979,3815346,80.9203631370429,79.510907427896,3
-7.6926,53.28823,2021/11/17 00:00:00+00,Wed 17 Nov 2021,1495,1121,2,3643656,3575649,240820,3884476,3816469,80.951560262656,79.5343104820466,4
-7.6926,53.28823,2021/11/18 00:00:00+00,Thu 18 Nov 2021,1638,2503,5,3645294,3578152,240825,3886119,3818977,80.9857999937064,79.5865766083243,5
-7.6926,53.28823,2021/11/19 00:00:00+00,Fri 19 Nov 2021,1160,1557,0,3646454,3579709,240825,3887279,3820534,81.009974119098,79.6190241197336,6
-7.6926,53.28823,2021/11/20 00:00:00+00,Sat 20 Nov 2021,1545,2945,12,3647999,3582654,240837,3888836,3823491,81.0424216305072,79.6806472997189,7
-7.6926,53.28823,2021/11/21 00:00:00+00,Sun 21 Nov 2021,1787,2768,0,3649786,3585422,240837,3890623,3826259,81.0796622874683,79.7383317644465,8
-7.6926,53.28823,2021/11/22 00:00:00+00,Mon 22 Nov 2021,721,519,3,3650507,3585941,240840,3891347,3826781,81.0947502760748,79.7492101208727,9
-7.6926,53.28823,2021/11/23 00:00:00+00,Tue 23 Nov 2021,2152,1596,8,3652659,3587537,240848,3893507,3828385,81.139764164735,79.7826371011556,10
-7.6926,53.28823,2021/11/24 00:00:00+00,Wed 24 Nov 2021,1607,3149,2,3654266,3590686,240850,3895116,3831536,81.1732953438342,79.848303195215,11
-7.6926,53.28823,2021/11/25 00:00:00+00,Thu 25 Nov 2021,974,1186,1,3655240,3591872,240851,3896091,3832723,81.1936141130211,79.8730399942149,12
-7.6926,53.28823,2021/11/26 00:00:00+00,Fri 26 Nov 2021,1280,1108,12,3656520,3592980,240863,3897383,3833843,81.2205390871642,79.8963805290757,13
-7.6926,53.28823,2021/11/27 00:00:00+00,Sat 27 Nov 2021,1198,1564,6,3657718,3594544,240869,3898587,3835413,81.2456301621396,79.9290989574075,14
-7.6926,53.28823,2021/11/28 00:00:00+00,Sun 28 Nov 2021,1950,2259,1,3659668,3596803,240870,3900538,3837673,81.2862885402767,79.9761968223946,15
-7.6926,53.28823,2021/11/29 00:00:00+00,Mon 29 Nov 2021,532,996,2,3660200,3597799,240872,3901072,3838671,81.2974169738621,79.9969949061367,16
-7.6926,53.28823,2021/11/30 00:00:00+00,Tue 30 Nov 2021,1888,1648,6,3662088,3599447,240878,3902966,3840325,81.3368874854929,80.031463874583,17
-7.6926,53.28823,2021/12/01 00:00:00+00,Wed 01 Dec 2021,1030,1386,4,3663118,3600833,240882,3904000,3841715,81.3584358007127,80.0604311455264,18
-7.6926,53.28823,2021/12/02 00:00:00+00,Thu 02 Dec 2021,1729,1411,0,3664847,3602244,240882,3905729,3843126,81.3944677514041,80.0898360514984,19
-7.6926,53.28823,2021/12/03 00:00:00+00,Fri 03 Dec 2021,1005,1191,2,3665852,3603435,240884,3906736,3844319,81.4154533930156,80.1146978890779,20
-7.6926,53.28823,2021/12/04 00:00:00+00,Sat 04 Dec 2021,1201,1701,1,3667053,3605136,240885,3907938,3846021,81.4405027884645,80.1501671661611,21
-7.6926,53.28823,2021/12/05 00:00:00+00,Sun 05 Dec 2021,1347,1776,2,3668400,3606912,240887,3909287,3847799,81.4686156291139,80.1872202652527,22
-7.6926,53.28823,2021/12/06 00:00:00+00,Mon 06 Dec 2021,931,1300,0,3669331,3608212,240887,3910218,3849099,81.488017448717,80.2143119575019,23
-7.6926,53.28823,2021/12/07 00:00:00+00,Tue 07 Dec 2021,482,743,2,3669813,3608955,240889,3910702,3849844,81.498103894139,80.229837581137,24
-7.6926,53.28823,2021/12/08 00:00:00+00,Wed 08 Dec 2021,782,1524,2,3670595,3610479,240891,3911486,3851370,81.5144422685416,80.2616390598849,25
-7.6926,53.28823,2021/12/09 00:00:00+00,Thu 09 Dec 2021,784,1212,1,3671379,3611691,240892,3912271,3852583,81.5308014827075,80.2869176927298,26
-7.6926,53.28823,2021/12/10 00:00:00+00,Fri 10 Dec 2021,887,1616,1,3672266,3613307,240893,3913159,3854200,81.54930719249,80.3206155899351,27
-7.6926,53.28823,2021/12/11 00:00:00+00,Sat 11 Dec 2021,639,845,2,3672905,3614152,240895,3913800,3855047,81.5626654807452,80.3382668694237,28
-7.6926,53.28823,2021/12/12 00:00:00+00,Sun 12 Dec 2021,686,1193,0,3673591,3615345,240895,3914486,3856240,81.5769615583475,80.3631287070031,29
-7.6926,53.28823,2021/12/13 00:00:00+00,Mon 13 Dec 2021,720,1069,1,3674311,3616414,240896,3915207,3857310,81.5919870276642,80.3854272537006,30
-7.6926,53.28823,2021/12/14 00:00:00+00,Tue 14 Dec 2021,626,1203,3,3674937,3617617,240899,3915836,3858516,81.6050952387601,80.4105600082025,31
-7.6926,53.28823,2021/12/15 00:00:00+00,Wed 15 Dec 2021,790,1259,1,3675727,3618876,240900,3916627,3859776,81.6215794915056,80.436818109921,32
-7.6926,53.28823,2021/12/16 00:00:00+00,Thu 16 Dec 2021,1042,1543,7,3676769,3620419,240907,3917676,3861326,81.6434404031744,80.4691197429874,33
-7.6926,53.28823,2021/12/17 00:00:00+00,Fri 17 Dec 2021,1196,2460,1,3677965,3622879,240908,3918873,3863787,81.6683855998069,80.5204064003915,34
-7.6926,53.28823,2021/12/18 00:00:00+00,Sat 18 Dec 2021,1247,1183,0,3679212,3624062,240908,3920120,3864970,81.6943727846029,80.5450598403382,35
-7.6926,53.28823,2021/12/19 00:00:00+00,Sun 19 Dec 2021,544,888,1,3679756,3624950,240909,3920665,3865859,81.7057304555843,80.5635863898841,36
-7.6926,53.28823,2021/12/20 00:00:00+00,Mon 20 Dec 2021,507,615,1,3680263,3625565,240910,3921173,3866475,81.7163170553248,80.5764236840575,37
-7.6926,53.28823,2021/12/21 00:00:00+00,Tue 21 Dec 2021,1398,1815,3,3681661,3627380,240913,3922574,3868293,81.7455135636641,80.6143103736799,38
-7.6926,53.28823,2021/12/22 00:00:00+00,Wed 22 Dec 2021,1156,1596,2,3682817,3628976,240915,3923732,3869891,81.7696460095292,80.6476123153831,39
-7.6926,53.28823,2021/12/23 00:00:00+00,Thu 23 Dec 2021,923,1396,0,3683740,3630372,240915,3924655,3871287,81.7888811110261,80.6767046249062,40
-7.6926,53.28823,2021/12/24 00:00:00+00,Fri 24 Dec 2021,102,157,0,3683842,3630529,240915,3924757,3871444,81.7910067668795,80.6799764677393,41
-7.6926,53.28823,2021/12/25 00:00:00+00,Sat 25 Dec 2021,1,6,0,3683843,3630535,240915,3924758,3871450,81.7910276066428,80.6801015063189,42
-7.6926,53.28823,2021/12/26 00:00:00+00,Sun 26 Dec 2021,12,11,0,3683855,3630546,240915,3924770,3871461,81.791277683802,80.6803307437149,43
-7.6926,53.28823,2021/12/27 00:00:00+00,Mon 27 Dec 2021,389,589,0,3684244,3631135,240915,3925159,3872050,81.7993843517135,80.6926053642801,44
-7.6926,53.28823,2021/12/28 00:00:00+00,Tue 28 Dec 2021,467,747,0,3684711,3631882,240915,3925626,3872797,81.80911652116,80.7081726674418,45
-7.6926,53.28823,2021/12/29 00:00:00+00,Wed 29 Dec 2021,1057,1310,0,3685768,3633192,240915,3926683,3874107,81.8311441509349,80.7354727573237,46
-7.6926,53.28823,2021/12/30 00:00:00+00,Thu 30 Dec 2021,1047,1197,1,3686815,3634389,240916,3927731,3875305,81.8529842228404,80.7604387937195,47
-7.6926,53.28823,2021/12/31 00:00:00+00,Fri 31 Dec 2021,711,1681,0,3687526,3636070,240916,3928442,3876986,81.8678012945244,80.795470435774,48
-7.6926,53.28823,2022/01/01 00:00:00+00,Sat 01 Jan 2022,67,99,0,3687593,3636169,240916,3928509,3877085,81.8691975586634,80.7975335723376,49
-7.6926,53.28823,2022/01/02 00:00:00+00,Sun 02 Jan 2022,270,629,0,3687863,3636798,240916,3928779,3877714,81.8748242947459,80.8106417834336,50
-7.6926,53.28823,2022/01/03 00:00:00+00,Mon 03 Jan 2022,3630,727,1,3691493,3637525,240917,3932410,3878442,81.9504934751743,80.8258131310932,51
-7.6926,53.28823,2022/01/04 00:00:00+00,Tue 04 Jan 2022,1186,783,1,3692679,3638308,240918,3933597,3879226,81.9752302741742,80.8421515054958,52
-7.6926,53.28823,2022/01/05 00:00:00+00,Wed 05 Jan 2022,2141,910,0,3694820,3639218,240918,3935738,3880136,82.0198482073323,80.8611156900702,53
-7.6926,53.28823,2022/01/06 00:00:00+00,Thu 06 Jan 2022,2453,1696,1,3697273,3640914,240919,3938192,3881833,82.0709889863935,80.8964807683371,54
-7.6926,53.28823,2022/01/07 00:00:00+00,Fri 07 Jan 2022,4853,784,2,3702126,3641698,240921,3943047,3882619,82.1721660370627,80.9128608222662,55
-7.6926,53.28823,2022/01/08 00:00:00+00,Sat 08 Jan 2022,9790,740,2,3711916,3642438,240923,3952839,3883361,82.3762289989891,80.9283239266115,56
-7.6926,53.28823,2022/01/09 00:00:00+00,Sun 09 Jan 2022,7115,667,0,3719031,3643105,240923,3959954,3884028,82.5245039146453,80.9422240487117,57
-7.6926,53.28823,2022/01/10 00:00:00+00,Mon 10 Jan 2022,6661,509,1,3725692,3643614,240924,3966616,3884538,82.6633384175409,80.9528523279787,58
-7.6926,53.28823,2022/01/11 00:00:00+00,Tue 11 Jan 2022,4784,1367,1,3730476,3644981,240925,3971401,3885906,82.7630566847813,80.9813611241302,59
-7.6926,53.28823,2022/01/12 00:00:00+00,Wed 12 Jan 2022,7556,922,1,3738032,3645903,240926,3978958,3886829,82.9205427758023,81.0005962256271,60
-7.6926,53.28823,2022/01/13 00:00:00+00,Thu 13 Jan 2022,7322,815,0,3745354,3646718,240926,3986280,3887644,83.0731315224552,81.0175806326911,61
-7.6926,53.28823,2022/01/14 00:00:00+00,Fri 14 Jan 2022,10723,835,0,3756077,3647553,240926,3997003,3888479,83.2965963039846,81.0349818350203,62
-7.6926,53.28823,2022/01/15 00:00:00+00,Sat 15 Jan 2022,8361,652,2,3764438,3648205,240928,4005366,3889133,83.4708792442001,81.048611040198,63
-7.6926,53.28823,2022/01/16 00:00:00+00,Sun 16 Jan 2022,6965,1215,1,3771403,3649420,240929,4012332,3890349,83.6160490351294,81.0739521923327,64
-7.6926,53.28823,2022/01/17 00:00:00+00,Mon 17 Jan 2022,2561,560,0,3773964,3649980,240929,4014893,3890909,83.6694196688603,81.0856224597631,65
-7.6926,53.28823,2022/01/18 00:00:00+00,Tue 18 Jan 2022,4057,452,3,3778021,3650432,240932,4018953,3891364,83.7540291077309,81.0951045520503,66
-7.6926,53.28823,2022/01/19 00:00:00+00,Wed 19 Jan 2022,3486,622,0,3781507,3651054,240932,4022439,3891986,83.8266765224854,81.1080668848034,67
-7.6926,53.28823,2022/01/20 00:00:00+00,Thu 20 Jan 2022,3693,935,0,3785200,3651989,240932,4026132,3892921,83.9036377682364,81.1275520634596,68
-7.6926,53.28823,2022/01/21 00:00:00+00,Fri 21 Jan 2022,3252,978,0,3788452,3652967,240932,4029384,3893899,83.971408678386,81.1479333519363,69
-7.6926,53.28823,2022/01/22 00:00:00+00,Sat 22 Jan 2022,4270,644,0,3792722,3653611,240932,4033654,3894543,84.060394467543,81.1613541594813,70
-7.6926,53.28823,2022/01/23 00:00:00+00,Sun 23 Jan 2022,3092,677,0,3795814,3654288,240932,4036746,3895220,84.1248310155696,81.1754626792141,71
-7.6926,53.28823,2022/01/24 00:00:00+00,Mon 24 Jan 2022,646,465,0,3796460,3654753,240932,4037392,3895685,84.1382935026411,81.1851531691341,72
-7.6926,53.28823,2022/01/25 00:00:00+00,Tue 25 Jan 2022,692,1836,0,3797152,3656589,240932,4038084,3897521,84.152714618823,81.2234149744953,73
-7.6926,53.28823,2022/01/26 00:00:00+00,Wed 26 Jan 2022,700,897,0,3797852,3657486,240932,4038784,3898418,84.1673024531111,81.2421082421472,74
-7.6926,53.28823,2022/01/27 00:00:00+00,Thu 27 Jan 2022,1274,1178,0,3799126,3658664,240932,4040058,3899596,84.1938523115153,81.2666574832777,75
-7.6926,53.28823,2022/01/28 00:00:00+00,Fri 28 Jan 2022,1028,3093,1,3800154,3661757,240933,4041087,3902690,84.2152964279187,81.3311357108308,76
-7.6926,53.28823,2022/01/29 00:00:00+00,Sat 29 Jan 2022,2328,3445,0,3802482,3665202,240933,4043415,3906135,84.2638113968081,81.4029286952912,77
-7.6926,53.28823,2022/01/30 00:00:00+00,Sun 30 Jan 2022,1639,7537,0,3804121,3672739,240933,4045054,3913672,84.2979677688053,81.5599979910468,78
-7.6926,53.28823,2022/01/31 00:00:00+00,Mon 31 Jan 2022,480,1392,0,3804601,3674131,240933,4045534,3915064,84.3079708551743,81.5890069415168,79
-7.6926,53.28823,2022/02/01 00:00:00+00,Tue 01 Feb 2022,748,3419,1,3805349,3677550,240934,4046283,3918484,84.3235798378625,81.6602789318954,80
-7.6926,53.28823,2022/02/02 00:00:00+00,Wed 02 Feb 2022,650,2997,0,3805999,3680547,240934,4046933,3921481,84.3371256839871,81.7227357024115,81
-7.6926,53.28823,2022/02/03 00:00:00+00,Thu 03 Feb 2022,905,2435,1,3806904,3682982,240935,4047839,3923917,84.3560065095084,81.7735013657339,82
-7.6926,53.28823,2022/02/04 00:00:00+00,Fri 04 Feb 2022,1172,6522,0,3808076,3689504,240935,4049011,3930439,84.3804307120593,81.9094183017719,83
-7.6926,53.28823,2022/02/05 00:00:00+00,Sat 05 Feb 2022,1777,5749,0,3809853,3695253,240935,4050788,3936188,84.4174629713876,82.0292261008032,84
-7.6926,53.28823,2022/02/06 00:00:00+00,Sun 06 Feb 2022,1407,7555,0,3811260,3702808,240935,4052195,3943743,84.4467845183066,82.1866705122976,85
-7.6926,53.28823,2022/02/07 00:00:00+00,Mon 07 Feb 2022,441,1351,0,3811701,3704159,240935,4052636,3945094,84.455974853908,82.2148250324736,86
-7.6926,53.28823,2022/02/08 00:00:00+00,Tue 08 Feb 2022,899,1238,0,3812600,3705397,240935,4053535,3946332,84.4747098010865,82.2406246594001,87
-7.6926,53.28823,2022/02/09 00:00:00+00,Wed 09 Feb 2022,1335,1784,0,3813935,3707181,240935,4054870,3948116,84.5025308850501,82.2778027970713,88
-7.6926,53.28823,2022/02/10 00:00:00+00,Thu 10 Feb 2022,685,2551,0,3814620,3709732,240935,4055555,3950667,84.5168061228892,82.3309650331696,89
-7.6926,53.28823,2022/02/11 00:00:00+00,Fri 11 Feb 2022,547,4921,0,3815167,3714653,240935,4056102,3955588,84.5282054733971,82.4335175082145,90
-7.6926,53.28823,2022/02/12 00:00:00+00,Sat 12 Feb 2022,1397,5462,0,3816564,3720115,240935,4057499,3961050,84.5573186226834,82.5473442951877,91
-7.6926,53.28823,2022/02/13 00:00:00+00,Sun 13 Feb 2022,1566,4706,0,3818130,3724821,240935,4059065,3965756,84.589953691962,82.6454162211299,92
-7.6926,53.28823,2022/02/14 00:00:00+00,Mon 14 Feb 2022,173,954,0,3818303,3725775,240935,4059238,3966710,84.5935589710075,82.6652973552882,93
-7.6926,53.28823,2022/02/15 00:00:00+00,Tue 15 Feb 2022,649,815,1,3818952,3726590,240936,4059888,3967526,84.6071048171321,82.6823026021154,94
-7.6926,53.28823,2022/02/16 00:00:00+00,Wed 16 Feb 2022,799,1786,0,3819751,3728376,240936,4060687,3969312,84.6237557879837,82.7195224193131,95
-7.6926,53.28823,2022/02/17 00:00:00+00,Thu 17 Feb 2022,790,1193,2,3820541,3729569,240938,4061479,3970507,84.6402608804925,82.7444259364191,96
-7.6926,53.28823,2022/02/18 00:00:00+00,Fri 18 Feb 2022,790,3294,0,3821331,3732863,240938,4062269,3973801,84.6567242934747,82.813072116626,97
-7.6926,53.28823,2022/02/19 00:00:00+00,Sat 19 Feb 2022,980,3555,0,3822311,3736418,240938,4063249,3977356,84.677147261478,82.887157475046,98
-7.6926,53.28823,2022/02/20 00:00:00+00,Sun 20 Feb 2022,1366,3588,0,3823677,3740006,240938,4064615,3980944,84.7056143781029,82.9619305456538,99
-7.6926,53.28823,2022/02/21 00:00:00+00,Mon 21 Feb 2022,252,994,1,3823929,3741000,240939,4064868,3981939,84.7108868382099,82.9826661101061,100
-7.6926,53.28823,2022/02/22 00:00:00+00,Tue 22 Feb 2022,475,981,1,3824404,3741981,240940,4065344,3982921,84.7208065655257,83.0031307576358,101
-7.6926,53.28823,2022/02/23 00:00:00+00,Wed 23 Feb 2022,832,1272,1,3825236,3743253,240941,4066177,3984194,84.7381660883285,83.0296597762768,102
-7.6926,53.28823,2022/02/24 00:00:00+00,Thu 24 Feb 2022,655,1231,0,3825891,3744484,240941,4066832,3985425,84.7518161332695,83.0553135248605,103
-7.6926,53.28823,2022/02/25 00:00:00+00,Fri 25 Feb 2022,692,1227,0,3826583,3745711,240941,4067524,3986652,84.7662372494513,83.0808839143911,104
-7.6926,53.28823,2022/02/26 00:00:00+00,Sat 26 Feb 2022,959,2092,0,3827542,3747803,240941,4068483,3988744,84.7862225824259,83.124480699149,105
-7.6926,53.28823,2022/02/27 00:00:00+00,Sun 27 Feb 2022,671,1783,0,3828213,3749586,240941,4069154,3990527,84.8002060635792,83.161637997057,106
-7.6926,53.28823,2022/02/28 00:00:00+00,Mon 28 Feb 2022,81,432,0,3828294,3750018,240941,4069235,3990959,84.801894084404,83.170640774789,107
-7.6926,53.28823,2020/12/28 00:00:00+00,Mon 28 Dec 2020,244,16,1,244,16,1,245,17,0.00510574200081317,0.000354275975566628,108
-7.6926,53.28823,2020/12/29 00:00:00+00,Tue 29 Dec 2020,78,3,0,322,19,1,323,20,0.00673124353576593,0.000416795265372503,109
-7.6926,53.28823,2020/12/30 00:00:00+00,Wed 30 Dec 2020,1061,1,0,1383,20,1,1384,21,0.0288422323637772,0.000437635028641129,110
-7.6926,53.28823,2020/12/31 00:00:00+00,Thu 31 Dec 2020,1037,1,0,2420,21,1,2421,22,0.0504530668733415,0.000458474791909754,111
-7.6926,53.28823,2021/01/01 00:00:00+00,Fri 01 Jan 2021,818,0,0,3238,21,1,3239,22,0.0674999932270769,0.000458474791909754,112
-7.6926,53.28823,2021/01/02 00:00:00+00,Sat 02 Jan 2021,1018,0,0,4256,21,1,4257,22,0.0887148722345374,0.000458474791909754,113
-7.6926,53.28823,2021/01/03 00:00:00+00,Sun 03 Jan 2021,20,3,1,4276,24,2,4278,26,0.0891525072631785,0.000541833844984254,114
-7.6926,53.28823,2021/01/04 00:00:00+00,Mon 04 Jan 2021,1194,4,0,5470,28,2,5472,30,0.114035184605917,0.000625192898058755,115
-7.6926,53.28823,2021/01/05 00:00:00+00,Tue 05 Jan 2021,3535,13,0,9005,41,2,9007,43,0.187703747760507,0.000896109820550883,116
-7.6926,53.28823,2021/01/06 00:00:00+00,Wed 06 Jan 2021,6778,13,0,15783,54,2,15785,56,0.328955663195248,0.00116702674304301,117
-7.6926,53.28823,2021/01/07 00:00:00+00,Thu 07 Jan 2021,11731,9,0,27514,63,2,27516,65,0.57342692609949,0.00135458461246064,118
-7.6926,53.28823,2021/01/08 00:00:00+00,Fri 08 Jan 2021,12682,5,0,40196,68,2,40198,70,0.837716803872195,0.00145878342880376,119
-7.6926,53.28823,2021/01/09 00:00:00+00,Sat 09 Jan 2021,8074,7,0,48270,75,2,48272,77,1.00597705250307,0.00160466177168414,120
-7.6926,53.28823,2021/01/10 00:00:00+00,Sun 10 Jan 2021,4783,4,1,53053,79,3,53056,82,1.10567447998018,0.00170886058802726,121
-7.6926,53.28823,2021/01/11 00:00:00+00,Mon 11 Jan 2021,8345,7,0,61398,86,3,61401,89,1.27958230445685,0.00185473893090764,122
-7.6926,53.28823,2021/01/12 00:00:00+00,Tue 12 Jan 2021,8889,12,0,70287,98,3,70290,101,1.46482696015166,0.00210481609013114,123
-7.6926,53.28823,2021/01/13 00:00:00+00,Wed 13 Jan 2021,9892,4,0,80179,102,3,80182,105,1.6709738984049,0.00218817514320564,124
-7.6926,53.28823,2022/06/16 23:00:00+00,Fri 17 Jun 2022,57,95,0,3849971,3802505,240966,4090937,4043471,85.2541586268597,84.2649784235511,125
-7.6926,53.28823,2021/01/14 00:00:00+00,Thu 14 Jan 2021,8090,5,0,88269,107,3,88272,110,1.83956758324808,0.00229237395954877,126
-7.6926,53.28823,2021/01/15 00:00:00+00,Fri 15 Jan 2021,7697,3,0,95966,110,3,95969,113,1.99997124112669,0.00235489324935464,127
-7.6926,53.28823,2022/06/17 23:00:00+00,Sat 18 Jun 2022,223,487,0,3850194,3802992,240966,4091160,4043958,85.2588058940686,84.2751273882629,128
-7.6926,53.28823,2021/04/13 23:00:00+00,Wed 14 Apr 2021,20347,6589,2,829230,354246,246,829476,354492,17.2860834770061,7.38752936062148,129
-7.6926,53.28823,2022/03/01 00:00:00+00,Tue 01 Mar 2022,132,936,0,3828426,3750954,240941,4069367,3991895,84.8046449331554,83.1901467932085,130
-7.6926,53.28823,2021/07/29 23:00:00+00,Fri 30 Jul 2021,21958,22949,2122,3147993,2601750,220562,3368555,2822312,70.1998887573437,58.8163139502,131
-7.6926,53.28823,2021/01/16 00:00:00+00,Sat 16 Jan 2021,5242,2,0,101208,112,3,101211,115,2.10921328018082,0.0023965727758919,132
-7.6926,53.28823,2022/06/18 23:00:00+00,Sun 19 Jun 2022,80,129,0,3850274,3803121,240966,4091240,4044087,85.2604730751301,84.2778157177246,133
-7.6926,53.28823,2021/04/14 23:00:00+00,Thu 15 Apr 2021,27107,10816,1,856337,365062,247,856584,365309,17.851007779692,7.61295307989819,134
-7.6926,53.28823,2022/03/02 00:00:00+00,Wed 02 Mar 2022,205,997,2,3828631,3751951,240943,4069574,3992894,84.808958764152,83.2109657167138,135
-7.6926,53.28823,2021/01/17 00:00:00+00,Sun 17 Jan 2021,1115,5,0,102323,117,3,102326,120,2.13244961622534,0.00250077159223502,136
-7.6926,53.28823,2022/06/19 23:00:00+00,Mon 20 Jun 2022,8,28,0,3850282,3803149,240966,4091248,4044115,85.2606397932362,84.2783992310961,137
-7.6926,53.28823,2021/04/15 23:00:00+00,Fri 16 Apr 2021,27964,9838,1,884301,374900,248,884549,375148,18.4337917594991,7.8179955106982,138
-7.6926,53.28823,2022/03/03 00:00:00+00,Thu 03 Mar 2022,279,1276,0,3828910,3753227,240943,4069853,3994170,84.814773058104,83.2375572546446,139
-7.6926,53.28823,2021/01/18 00:00:00+00,Mon 18 Jan 2021,8717,8,1,111040,125,4,111044,129,2.31413067240121,0.00268832946165265,140
-7.6926,53.28823,2022/06/20 23:00:00+00,Tue 21 Jun 2022,73,168,1,3850355,3803317,240967,4091322,4044284,85.2621819357181,84.2819211510885,141
-7.6926,53.28823,2021/04/16 23:00:00+00,Sat 17 Apr 2021,15852,4559,3,900153,379459,251,900404,379710,18.7642062061232,7.91306651072966,142
-7.6926,53.28823,2022/03/04 00:00:00+00,Fri 04 Mar 2022,735,1507,1,3829645,3754734,240944,4070589,3995678,84.8301111238697,83.2689836176537,143
-7.6926,53.28823,2021/01/19 00:00:00+00,Tue 19 Jan 2021,8387,21,0,119427,146,4,119431,150,2.48891376693517,0.00312596449029378,144
-7.6926,53.28823,2022/06/21 23:00:00+00,Wed 22 Jun 2022,60,95,0,3850415,3803412,240967,4091382,4044379,85.2634323215142,84.283900928599,145
-7.6926,53.28823,2021/07/30 23:00:00+00,Sat 31 Jul 2021,13751,12491,907,3161744,2614241,221469,3383213,2835710,70.5053580073352,59.0955250984731,146
-7.6926,53.28823,2021/04/17 23:00:00+00,Sun 18 Apr 2021,1075,484,0,901228,379943,251,901479,380194,18.7866089516369,7.92315295615168,147
-7.6926,53.28823,2021/04/18 23:00:00+00,Mon 19 Apr 2021,6748,2260,0,907976,382203,251,908227,382454,18.9272356741736,7.97025082113877,148
-7.6926,53.28823,2021/04/19 23:00:00+00,Tue 20 Apr 2021,15092,7323,1,923068,389526,252,923320,389778,19.241770221187,8.12288124731818,149
-7.6926,53.28823,2021/04/20 23:00:00+00,Wed 21 Apr 2021,26728,9892,4,949796,399418,256,950052,399674,19.7988587728839,8.3291115446245,150
-7.6926,53.28823,2021/04/21 23:00:00+00,Thu 22 Apr 2021,31627,12185,1,981423,411603,257,981680,411860,20.457978805544,8.58306489981596,151
-7.6926,53.28823,2021/04/22 23:00:00+00,Fri 23 Apr 2021,33612,12359,3,1015035,423962,260,1015295,424222,21.1585074478188,8.84068605334271,152
-7.6926,53.28823,2021/04/23 23:00:00+00,Sat 24 Apr 2021,23704,6996,2,1038739,430958,262,1039001,431220,21.6525348758648,8.98652271669655,153
-7.6926,53.28823,2021/04/24 23:00:00+00,Sun 25 Apr 2021,9753,308,2,1048492,431266,264,1048756,431530,21.8558267665503,8.99298304330982,154
-7.6926,53.28823,2021/04/25 23:00:00+00,Mon 26 Apr 2021,15598,3057,3,1064090,434323,267,1064357,434590,22.1809479133041,9.05675271891181,155
-7.6926,53.28823,2021/04/26 23:00:00+00,Tue 27 Apr 2021,25919,7822,9,1090009,442145,276,1090285,442421,22.721281295333,9.21994890506842,156
-7.6926,53.28823,2021/04/27 23:00:00+00,Wed 28 Apr 2021,26044,8615,5,1116053,450760,281,1116334,451041,23.2641362887174,9.39958766444397,157
-7.6926,53.28823,2021/04/28 23:00:00+00,Thu 29 Apr 2021,31690,11326,6,1147743,462086,287,1148030,462373,23.9246734252798,9.63574386180403,158
-7.6926,53.28823,2021/04/29 23:00:00+00,Fri 30 Apr 2021,36100,13538,8,1183843,475624,295,1184138,475919,24.6771555973833,9.91803929504082,159
-7.6926,53.28823,2021/04/30 23:00:00+00,Sat 01 May 2021,16594,6694,18,1200437,482318,313,1200750,482631,25.0233457448017,10.0579157860998,160
-7.6926,53.28823,2021/05/01 23:00:00+00,Sun 02 May 2021,12468,911,16,1212905,483229,329,1213234,483558,25.2835093494472,10.0772342466499,161
-7.6926,53.28823,2021/05/02 23:00:00+00,Mon 03 May 2021,14269,929,21,1227174,484158,350,1227524,484508,25.5813095665558,10.097032021755,162
-7.6926,53.28823,2021/05/03 23:00:00+00,Tue 04 May 2021,26661,6802,10,1253835,490960,360,1254195,491320,26.1371268926934,10.2389924891409,163
-7.6926,53.28823,2021/05/04 23:00:00+00,Wed 05 May 2021,32123,13459,70,1285958,504419,430,1286388,504849,26.8080213916002,10.5209336464022,164
-7.6926,53.28823,2021/05/05 23:00:00+00,Thu 06 May 2021,37296,14377,132,1323254,518796,562,1323816,519358,27.5880120512183,10.8232977716666,165
-7.6926,53.28823,2021/05/06 23:00:00+00,Fri 07 May 2021,40596,15080,98,1363850,533876,660,1364510,534536,28.4360653776717,11.1396036985578,166
-7.6926,53.28823,2021/05/07 23:00:00+00,Sat 08 May 2021,25628,7057,10,1389478,540933,670,1390148,541603,28.9703552283527,11.2868783055772,167
-7.6926,53.28823,2021/05/08 23:00:00+00,Sun 09 May 2021,19673,931,5,1409151,541864,675,1409826,542539,29.3804400899528,11.3063843239966,168
-7.6926,53.28823,2021/05/09 23:00:00+00,Mon 10 May 2021,28849,4653,171,1438000,546517,846,1438846,547363,29.9852100200083,11.4069153420045,169
-7.6926,53.28823,2021/05/10 23:00:00+00,Tue 11 May 2021,33930,14811,153,1471930,561328,999,1472929,562327,30.6954916714928,11.7187615595562,170
-7.6926,53.28823,2021/05/11 23:00:00+00,Wed 12 May 2021,31296,20925,173,1503226,582253,1172,1504398,583425,31.3512981817932,12.1584388849976,171
-7.6926,53.28823,2021/05/12 23:00:00+00,Thu 13 May 2021,36002,25477,152,1539228,607730,1324,1540552,609054,32.104738983007,12.6925411778092,172
-7.6926,53.28823,2021/05/13 23:00:00+00,Fri 14 May 2021,38226,27950,237,1577454,635680,1561,1579015,637241,32.9062987976082,13.279951585062,173
-7.6926,53.28823,2021/05/14 23:00:00+00,Sat 15 May 2021,28862,12456,22,1606316,648136,1583,1607899,649719,33.5082345198592,13.5399901511279,174
-7.6926,53.28823,2021/05/15 23:00:00+00,Sun 16 May 2021,23184,1178,10,1629500,649314,1593,1631093,650907,33.9915919891116,13.564747789891,175
-7.6926,53.28823,2021/05/16 23:00:00+00,Mon 17 May 2021,35394,3954,120,1664894,653268,1713,1666607,654981,34.7316953418336,13.6496489854474,176
-7.6926,53.28823,2021/05/17 23:00:00+00,Tue 18 May 2021,39016,12506,128,1703910,665774,1841,1705751,667615,35.5474470352207,13.9129385545832,177
-7.6926,53.28823,2021/05/18 23:00:00+00,Wed 19 May 2021,37030,17597,211,1740940,683371,2052,1742992,685423,36.3235406591075,14.2840530588709,178
-7.6926,53.28823,2021/05/19 23:00:00+00,Thu 20 May 2021,39091,19644,136,1780031,703015,2188,1782219,705203,37.1410220528459,14.6962635763243,179
-7.6926,53.28823,2021/05/20 23:00:00+00,Fri 21 May 2021,25841,23254,14934,1805872,726269,17122,1822994,743391,37.9907634001241,15.4920924560265,180
-7.6926,53.28823,2021/05/21 23:00:00+00,Sat 22 May 2021,16589,10252,13523,1822461,736521,30645,1853106,767166,38.6182903516689,15.9875578277381,181
-7.6926,53.28823,2021/05/22 23:00:00+00,Sun 23 May 2021,8219,5530,10205,1830680,742051,40850,1871530,782901,39.0022421501301,16.3154715027699,182
-7.6926,53.28823,2021/05/23 23:00:00+00,Mon 24 May 2021,22553,8224,8451,1853233,750275,49301,1902534,799576,39.6483581705105,16.6629745552742,183
-7.6926,53.28823,2021/05/24 23:00:00+00,Tue 25 May 2021,30352,16507,3224,1883585,766782,52525,1936110,819307,40.3480740620179,17.0741639243275,184
-7.6926,53.28823,2021/05/25 23:00:00+00,Wed 26 May 2021,19980,25464,3054,1903565,792246,55579,1959144,847825,40.8280971691474,17.6684722932221,185
-7.6926,53.28823,2021/05/26 23:00:00+00,Thu 27 May 2021,17018,36047,550,1920583,828293,56129,1976712,884422,41.1942101302506,18.431145109564,186
-7.6926,53.28823,2021/05/27 23:00:00+00,Fri 28 May 2021,27048,31833,1559,1947631,860126,57688,2005319,917814,41.7903732380762,19.1270264846299,187
-7.6926,53.28823,2021/05/28 23:00:00+00,Sat 29 May 2021,24486,7390,537,1972117,867516,58225,2030342,925741,42.311846634347,19.2922232880603,188
-7.6926,53.28823,2021/05/29 23:00:00+00,Sun 30 May 2021,24258,1683,210,1996375,869199,58435,2054810,927634,42.8217539620037,19.3316729599278,189
-7.6926,53.28823,2021/05/30 23:00:00+00,Mon 31 May 2021,22592,7312,3444,2018967,876511,61879,2080846,938390,43.3643380384656,19.5558254536452,190
-7.6926,53.28823,2021/05/31 23:00:00+00,Tue 01 Jun 2021,27591,11520,3653,2046558,888031,65532,2112090,953563,44.0154556020305,19.87202718172,191
-7.6926,53.28823,2021/06/01 23:00:00+00,Wed 02 Jun 2021,18707,20913,4008,2065265,908944,69540,2134805,978484,44.4888308246774,20.3913749221374,192
-7.6926,53.28823,2021/06/02 23:00:00+00,Thu 03 Jun 2021,16692,30705,1978,2081957,939649,71518,2153475,1011167,44.8779092049026,21.0724809050459,193
-7.6926,53.28823,2021/06/03 23:00:00+00,Fri 04 Jun 2021,28992,23344,153,2110949,962993,71671,2182620,1034664,45.4852841053667,21.5621528225688,194
-7.6926,53.28823,2021/06/04 23:00:00+00,Sat 05 Jun 2021,20969,11496,33,2131918,974489,71704,2203622,1046193,45.9229608135343,21.8024144532928,195
-7.6926,53.28823,2021/06/05 23:00:00+00,Sun 06 Jun 2021,19949,3917,47,2151867,978406,71751,2223618,1050157,46.3396727198538,21.8850232748896,196
-7.6926,53.28823,2021/06/06 23:00:00+00,Mon 07 Jun 2021,19831,4598,45,2171698,983004,71796,2243494,1054800,46.753883854581,21.9817822957458,197
-7.6926,53.28823,2021/06/07 23:00:00+00,Tue 08 Jun 2021,26415,18345,45,2198113,1001349,71841,2269954,1073190,47.3053039906688,22.3650255422559,198
-7.6926,53.28823,2021/06/08 23:00:00+00,Wed 09 Jun 2021,32807,20122,174,2230920,1021471,72015,2302935,1093486,47.9926202230313,22.7879893775559,199
-7.6926,53.28823,2021/06/09 23:00:00+00,Thu 10 Jun 2021,27704,27497,273,2258624,1048968,72288,2330912,1121256,48.5756542799976,23.3667096035256,200
-7.6926,53.28823,2021/06/10 23:00:00+00,Fri 11 Jun 2021,26444,32909,42,2285068,1081877,72330,2357398,1154207,49.1276162499304,24.0534006429901,201
-7.6926,53.28823,2021/06/11 23:00:00+00,Sat 12 Jun 2021,12219,19721,105,2297287,1101598,72435,2369722,1174033,49.384445492453,24.4665697895538,202
-7.6926,53.28823,2021/06/12 23:00:00+00,Sun 13 Jun 2021,8556,18175,835,2305843,1119773,73270,2379113,1193043,49.5801517093086,24.8627336892904,203
-7.6926,53.28823,2021/06/13 23:00:00+00,Mon 14 Jun 2021,16022,31310,52,2321865,1151083,73322,2395187,1224405,49.9151300640885,25.516310344921,204
-7.6926,53.28823,2021/06/14 23:00:00+00,Tue 15 Jun 2021,14706,41593,205,2336571,1192676,73527,2410098,1266203,50.225871774187,26.387370770023,205
-7.6926,53.28823,2021/06/15 23:00:00+00,Wed 16 Jun 2021,13479,48391,217,2350050,1241067,73744,2423794,1314811,50.5112931719141,27.4003499829843,206
-7.6926,53.28823,2021/06/16 23:00:00+00,Thu 17 Jun 2021,21577,42690,535,2371627,1283757,74279,2445906,1358036,50.9721020173099,28.3011487502707,207
-7.6926,53.28823,2021/06/17 23:00:00+00,Fri 18 Jun 2021,12021,50025,554,2383648,1333782,74833,2458481,1408615,51.2341620404129,29.3552031366345,208
-7.6926,53.28823,2021/06/18 23:00:00+00,Sat 19 Jun 2021,6326,32810,433,2389974,1366592,75266,2465240,1441858,51.3750180003455,30.0479793869734,209
-7.6926,53.28823,2021/06/19 23:00:00+00,Sun 20 Jun 2021,8520,26143,178,2398494,1392735,75444,2473938,1468179,51.556282261256,30.5965027959668,210
-7.6926,53.28823,2021/06/20 23:00:00+00,Mon 21 Jun 2021,15484,32338,574,2413978,1425073,76018,2489996,1501091,51.8909271798236,31.2823810846638,211
-7.6926,53.28823,2021/06/21 23:00:00+00,Tue 22 Jun 2021,15149,43548,722,2429127,1468621,76740,2505867,1545361,52.22167506266,32.2049574045659,212
-7.6926,53.28823,2021/06/22 23:00:00+00,Wed 23 Jun 2021,20095,39397,883,2449222,1508018,77623,2526845,1585641,52.6588516165092,33.0443830690261,213
-7.6926,53.28823,2021/06/23 23:00:00+00,Thu 24 Jun 2021,19024,44278,1032,2468246,1552296,78655,2546901,1630951,53.0768139086247,33.9886327427275,214
-7.6926,53.28823,2021/06/24 23:00:00+00,Fri 25 Jun 2021,15215,50122,843,2483461,1602418,79498,2562959,1681916,53.4114588271923,35.050731277713,215
-7.6926,53.28823,2021/06/25 23:00:00+00,Sat 26 Jun 2021,9070,30569,511,2492531,1632987,80009,2572540,1712996,53.611124599069,35.6984311201018,216
-7.6926,53.28823,2021/06/26 23:00:00+00,Sun 27 Jun 2021,8738,30479,59,2501269,1663466,80068,2581337,1743534,53.7944519965431,36.3348358107991,217
-7.6926,53.28823,2021/06/27 23:00:00+00,Mon 28 Jun 2021,24239,24656,525,2525508,1688122,80593,2606101,1768715,54.3105278941273,36.8596018896664,218
-7.6926,53.28823,2021/06/28 23:00:00+00,Tue 29 Jun 2021,28149,31048,811,2553657,1719170,81404,2635061,1800574,54.9140474383867,37.5235359076415,219
-7.6926,53.28823,2021/06/29 23:00:00+00,Wed 30 Jun 2021,22580,36871,590,2576237,1756041,81994,2658231,1838035,55.3969047533208,38.3042142794475,220
-7.6926,53.28823,2021/06/30 23:00:00+00,Thu 01 Jul 2021,15033,48307,642,2591270,1804348,82636,2673906,1886984,55.7235680425565,39.3242998516834,221
-7.6926,53.28823,2021/07/01 23:00:00+00,Fri 02 Jul 2021,13693,47271,817,2604963,1851619,83453,2688416,1935072,56.0259530075842,40.3264423877451,222
-7.6926,53.28823,2021/07/02 23:00:00+00,Sat 03 Jul 2021,9320,30483,504,2614283,1882102,83957,2698240,1966059,56.2306828419352,40.9722041321499,223
-7.6926,53.28823,2021/07/03 23:00:00+00,Sun 04 Jul 2021,6458,27786,233,2620741,1909888,84190,2704931,1994078,56.3701216979656,41.5561134591736,224
-7.6926,53.28823,2021/07/04 23:00:00+00,Mon 05 Jul 2021,15621,33468,5342,2636362,1943356,89532,2725894,2032888,56.8069856553658,42.3649046716289,225
-7.6926,53.28823,2021/07/05 23:00:00+00,Tue 06 Jul 2021,12416,48302,5487,2648778,1991658,95019,2743797,2086677,57.1800799371639,43.485854698085,226
-7.6926,53.28823,2021/07/06 23:00:00+00,Wed 07 Jul 2021,19711,43765,5060,2668489,2035423,100079,2768568,2135502,57.6963017130911,44.5033561396756,227
-7.6926,53.28823,2021/07/07 23:00:00+00,Thu 08 Jul 2021,17785,45604,5997,2686274,2081027,106076,2792350,2187103,58.1919129631455,45.5787087640999,228
-7.6926,53.28823,2021/07/08 23:00:00+00,Fri 09 Jul 2021,13537,45095,6531,2699811,2126122,112607,2812418,2238729,58.6101253324203,46.654582382606,229
-7.6926,53.28823,2021/07/09 23:00:00+00,Sat 10 Jul 2021,8640,23879,4364,2708451,2150001,116971,2825422,2266972,58.8811256139655,47.2431598166017,230
-7.6926,53.28823,2021/07/10 23:00:00+00,Sun 11 Jul 2021,15240,16116,2153,2723691,2166117,119124,2842815,2285241,59.2435916164967,47.6238814517563,231
-7.6926,53.28823,2021/07/11 23:00:00+00,Mon 12 Jul 2021,17112,31778,6092,2740803,2197895,125216,2866019,2323111,59.7271574833819,48.4130832867391,232
-7.6926,53.28823,2021/07/12 23:00:00+00,Tue 13 Jul 2021,20113,36570,8491,2760916,2234465,133707,2894623,2368172,60.3232580719176,49.3521438593866,233
-7.6926,53.28823,2021/07/13 23:00:00+00,Wed 14 Jul 2021,20802,35717,9335,2781718,2270182,143042,2924760,2413224,60.9513060175442,50.2910168741647,234
-7.6926,53.28823,2021/07/14 23:00:00+00,Thu 15 Jul 2021,23654,28835,9585,2805372,2299017,152627,2957999,2451644,61.64399890883,51.0916805789453,235
-7.6926,53.28823,2021/07/15 23:00:00+00,Fri 16 Jul 2021,23528,27429,9166,2828900,2326446,161793,2990693,2488239,62.3253341291344,51.8543117157606,236
-7.6926,53.28823,2021/07/16 23:00:00+00,Sat 17 Jul 2021,11512,19433,4676,2840412,2345879,166469,3006881,2512348,62.6626882169269,52.3567375684039,237
-7.6926,53.28823,2021/07/17 23:00:00+00,Sun 18 Jul 2021,16868,15821,1931,2857280,2361700,168400,3025680,2530100,63.0544549266138,52.7266850459485,238
-7.6926,53.28823,2021/07/18 23:00:00+00,Mon 19 Jul 2021,24897,18444,6253,2882177,2380144,174653,3056830,2554797,63.7036135524315,53.2413646793938,239
-7.6926,53.28823,2021/07/19 23:00:00+00,Tue 20 Jul 2021,30592,18185,7699,2912769,2398329,182352,3095121,2580681,64.5015889277504,53.7807811118389,240
-7.6926,53.28823,2021/07/20 23:00:00+00,Wed 21 Jul 2021,30365,19845,6893,2943134,2418174,189245,3132379,2607419,65.2780368276129,54.3379947021154,241
-7.6926,53.28823,2021/07/21 23:00:00+00,Thu 22 Jul 2021,33546,15937,6936,2976680,2434111,196181,3172861,2630292,66.1216721242533,54.8146626073586,242
-7.6926,53.28823,2021/07/22 23:00:00+00,Fri 23 Jul 2021,27094,20840,5615,3003774,2454951,201796,3205570,2656747,66.8033199410068,55.3659785446301,243
-7.6926,53.28823,2021/07/23 23:00:00+00,Sat 24 Jul 2021,15444,14814,2275,3019218,2469765,204071,3223289,2673836,67.1725797063636,55.7221092591277,244
-7.6926,53.28823,2021/07/24 23:00:00+00,Sun 25 Jul 2021,14731,13650,1046,3033949,2483415,205117,3239066,2688532,67.5013686514527,56.0283704201234,245
-7.6926,53.28823,2021/07/25 23:00:00+00,Mon 26 Jul 2021,23844,18308,3422,3057793,2501723,208539,3266332,2710262,68.069585636735,56.4812184759506,246
-7.6926,53.28823,2021/07/26 23:00:00+00,Tue 27 Jul 2021,25516,23913,3674,3083309,2525636,212213,3295522,2737849,68.6778983265462,57.0561250252422,247
-7.6926,53.28823,2021/07/27 23:00:00+00,Wed 28 Jul 2021,23445,25292,3264,3106754,2550928,215477,3322231,2766405,69.2345075636879,57.651225305141,248
-7.6926,53.28823,2021/07/28 23:00:00+00,Thu 29 Jul 2021,19281,27873,2963,3126035,2578801,218440,3344475,2797241,69.6980672578352,58.2938402452924,249
-7.6926,53.28823,2022/03/05 00:00:00+00,Sat 05 Mar 2022,962,3341,0,3830607,3758075,240944,4071551,3999019,84.8501589761341,83.3386092667342,250
-7.6926,53.28823,2022/03/06 00:00:00+00,Sun 06 Mar 2022,455,1915,0,3831062,3759990,240944,4072006,4000934,84.8596410684213,83.3785174133936,251
-7.6926,53.28823,2022/03/07 00:00:00+00,Mon 07 Mar 2022,114,124,1,3831176,3760114,240945,4072121,4001059,84.8620376411972,83.3811223838022,252
-7.6926,53.28823,2021/07/31 23:00:00+00,Sun 01 Aug 2021,11135,9340,369,3172879,2623581,221838,3394717,2845419,70.7450986439774,59.2978583600482,253
-7.6926,53.28823,2022/03/08 00:00:00+00,Tue 08 Mar 2022,120,493,0,3831296,3760607,240945,4072241,4001552,84.8645384127894,83.3913963870936,254
-7.6926,53.28823,2022/06/22 23:00:00+00,Thu 23 Jun 2022,64,114,0,3850479,3803526,240967,4091446,4044493,85.2647660663634,84.2862766616116,255
-7.6926,53.28823,2021/08/01 23:00:00+00,Mon 02 Aug 2021,15028,16038,430,3187907,2639619,222268,3410175,2861887,71.0672397045839,59.6410475815559,256
-7.6926,53.28823,2021/08/02 23:00:00+00,Tue 03 Aug 2021,17350,25455,1111,3205257,2665074,223379,3428636,2888453,71.4519625742859,60.1946767325502,257
-7.6926,53.28823,2021/01/20 00:00:00+00,Wed 20 Jan 2021,8450,963,0,127877,1109,4,127881,1113,2.66500976655506,0.0231946565179798,258
-7.6926,53.28823,2022/03/09 00:00:00+00,Wed 09 Mar 2022,130,345,1,3831426,3760952,240946,4072372,4001898,84.8672684217776,83.3986069451846,259
-7.6926,53.28823,2022/06/23 23:00:00+00,Fri 24 Jun 2022,56,92,1,3850535,3803618,240968,4091503,4044586,85.2659539328697,84.2882147595956,260
-7.6926,53.28823,2021/08/03 23:00:00+00,Wed 04 Aug 2021,22120,17311,1576,3227377,2682385,224955,3452332,2907340,71.9457816046993,60.5882773414047,261
-7.6926,53.28823,2021/01/21 00:00:00+00,Thu 21 Jan 2021,9006,964,0,136883,2073,4,136887,2077,2.85269267455229,0.0432841883089345,262
-7.6926,53.28823,2022/03/10 00:00:00+00,Thu 10 Mar 2022,258,508,0,3831684,3761460,240946,4072630,4002406,84.8726450807009,83.409193544925,263
-7.6926,53.28823,2022/06/24 23:00:00+00,Sat 25 Jun 2022,210,291,0,3850745,3803909,240968,4091713,4044877,85.2703302831561,84.2942791307068,264
-7.6926,53.28823,2021/08/04 23:00:00+00,Thu 05 Aug 2021,13537,30055,1421,3240914,2712440,226376,3467290,2938816,72.2575027836714,61.244229730048,265
-7.6926,53.28823,2021/01/22 00:00:00+00,Fri 22 Jan 2021,6786,967,0,143669,3040,4,143673,3044,2.99411130809318,0.063436239389695,266
-7.6926,53.28823,2022/03/11 00:00:00+00,Fri 11 Mar 2022,492,2182,0,3832176,3763642,240946,4073122,4004588,84.8828982442291,83.4546659083772,267
-7.6926,53.28823,2022/06/25 23:00:00+00,Sun 26 Jun 2022,174,403,0,3850919,3804312,240968,4091887,4045280,85.2739564019649,84.302677555304,268
-7.6926,53.28823,2021/08/05 23:00:00+00,Fri 06 Aug 2021,12215,24757,948,3253129,2737197,227324,3480453,2964521,72.5318165875763,61.779915844868,269
-7.6926,53.28823,2021/01/23 00:00:00+00,Sat 23 Jan 2021,4194,460,0,147863,3500,4,147867,3504,3.0815132752418,0.0730225304932626,270
-7.6926,53.28823,2022/03/12 00:00:00+00,Sat 12 Mar 2022,473,2391,2,3832649,3766033,240948,4073597,4006981,84.8927971317817,83.504535461879,271
-7.6926,53.28823,2022/06/26 23:00:00+00,Mon 27 Jun 2022,4,33,0,3850923,3804345,240968,4091891,4045313,85.2740397610179,84.3033652674919,272
-7.6926,53.28823,2021/08/06 23:00:00+00,Sat 07 Aug 2021,6338,8465,583,3259467,2745662,227907,3487374,2973569,72.6760485891585,61.9684740229225,273
-7.6926,53.28823,2021/01/24 00:00:00+00,Sun 24 Jan 2021,1186,398,0,149049,3898,4,149053,3902,3.10622923447839,0.0813167562741754,274
-7.6926,53.28823,2022/03/13 00:00:00+00,Sun 13 Mar 2022,358,1082,0,3833007,3767115,240948,4073955,4008063,84.9002577670319,83.5270840857356,275
-7.6926,53.28823,2022/06/27 23:00:00+00,Tue 28 Jun 2022,48,60,0,3850971,3804405,240968,4091939,4045373,85.2750400696548,84.304615653288,276
-7.6926,53.28823,2021/08/07 23:00:00+00,Sun 08 Aug 2021,8631,11983,153,3268098,2757645,228060,3496158,2985705,72.8591050697101,62.2213853899505,277
-7.6926,53.28823,2021/01/25 00:00:00+00,Mon 25 Jan 2021,1366,1290,0,150415,5188,4,150419,5192,3.13469635110333,0.108200050890702,278
-7.6926,53.28823,2022/03/14 00:00:00+00,Mon 14 Mar 2022,109,121,0,3833116,3767236,240948,4074064,4008184,84.9025293012281,83.5296056970911,279
-7.6926,53.28823,2022/06/28 23:00:00+00,Wed 29 Jun 2022,65,93,3,3851036,3804498,240971,4092007,4045469,85.2764571735571,84.3066162705618,280
-7.6926,53.28823,2021/08/08 23:00:00+00,Mon 09 Aug 2021,5551,23041,600,3273649,2780686,228660,3502309,3009346,72.9872904535754,62.7140582333841,281
-7.6926,53.28823,2021/01/26 00:00:00+00,Tue 26 Jan 2021,1003,3502,0,151418,8690,4,151422,8694,3.15559863366176,0.181180901857427,282
-7.6926,53.28823,2022/03/15 00:00:00+00,Tue 15 Mar 2022,220,756,1,3833336,3767992,240949,4074285,4008941,84.9071348889105,83.5453813978855,283
-7.6926,53.28823,2022/06/29 23:00:00+00,Thu 30 Jun 2022,49,86,0,3851085,3804584,240971,4092056,4045555,85.2774783219573,84.3084084902029,284
-7.6926,53.28823,2021/08/09 23:00:00+00,Tue 10 Aug 2021,9361,26017,716,3283010,2806703,229376,3512386,3036079,73.1972927480333,63.2711676248442,285
-7.6926,53.28823,2021/01/27 00:00:00+00,Wed 27 Jan 2021,2185,6700,0,153603,15390,4,153607,15394,3.20113351640371,0.320807315757216,286
-7.6926,53.28823,2022/03/16 00:00:00+00,Wed 16 Mar 2022,196,797,0,3833532,3768789,240949,4074481,4009738,84.9112194825112,83.5619906892106,287
-7.6926,53.28823,2022/06/30 23:00:00+00,Fri 01 Jul 2022,50,62,0,3851135,3804646,240971,4092106,4045617,85.2785203101207,84.3097005555256,288
-7.6926,53.28823,2021/08/10 23:00:00+00,Wed 11 Aug 2021,7020,31249,666,3290030,2837952,230042,3520072,3067994,73.357467168516,63.9362686695624,289
-7.6926,53.28823,2021/01/28 00:00:00+00,Thu 28 Jan 2021,1015,11542,0,154618,26932,4,154622,26936,3.22228587612136,0.561339863403688,290
-7.6926,53.28823,2022/03/18 00:00:00+00,Fri 18 Mar 2022,3,6,0,3833535,3768795,240949,4074484,4009744,84.911282001801,83.5621157277902,291
-7.6926,53.28823,2022/03/19 00:00:00+00,Sat 19 Mar 2022,743,2778,0,3834278,3771573,240949,4075227,4012522,84.9267659459096,83.6200085901504,292
-7.6926,53.28823,2022/03/20 00:00:00+00,Sun 20 Mar 2022,395,1402,0,3834673,3772975,240949,4075622,4013924,84.9349976524007,83.649225938253,293
-7.6926,53.28823,2022/03/21 00:00:00+00,Mon 21 Mar 2022,56,112,0,3834729,3773087,240949,4075678,4014036,84.9361646791437,83.6515599917391,294
-7.6926,53.28823,2022/03/22 00:00:00+00,Tue 22 Mar 2022,140,575,0,3834869,3773662,240949,4075818,4014611,84.9390822460013,83.6635428556186,295
-7.6926,53.28823,2022/03/23 00:00:00+00,Wed 23 Mar 2022,102,221,0,3834971,3773883,240949,4075920,4014832,84.9412079018547,83.6681484433009,296
-7.6926,53.28823,2022/03/24 00:00:00+00,Thu 24 Mar 2022,147,244,0,3835118,3774127,240949,4076067,4015076,84.9442713470552,83.6732333455385,297
-7.6926,53.28823,2022/03/25 00:00:00+00,Fri 25 Mar 2022,435,1625,0,3835553,3775752,240949,4076502,4016701,84.9533366440771,83.70709796085,298
-7.6926,53.28823,2022/03/26 00:00:00+00,Sat 26 Mar 2022,874,1848,1,3836427,3777600,240950,4077377,4018550,84.9715714369371,83.7456306831337,299
-7.6926,53.28823,2022/03/27 00:00:00+00,Sun 27 Mar 2022,380,803,0,3836807,3778403,240950,4077757,4019353,84.9794905469792,83.7623650130384,300
-7.6926,53.28823,2022/03/27 23:00:00+00,Mon 28 Mar 2022,44,53,1,3836851,3778456,240951,4077802,4019407,84.9804283363263,83.7634903602549,301
-7.6926,53.28823,2022/03/28 23:00:00+00,Tue 29 Mar 2022,137,193,3,3836988,3778649,240954,4077942,4019603,84.9833459031839,83.7675749538555,302
-7.6926,53.28823,2022/03/29 23:00:00+00,Wed 30 Mar 2022,109,135,0,3837097,3778784,240954,4078051,4019738,84.9856174373802,83.7703883218968,303
-7.6926,53.28823,2022/03/30 23:00:00+00,Thu 31 Mar 2022,226,359,0,3837323,3779143,240954,4078277,4020097,84.9903272238789,83.7778697969103,304
-7.6926,53.28823,2022/03/31 23:00:00+00,Fri 01 Apr 2022,304,904,0,3837627,3780047,240954,4078581,4021001,84.9966625119125,83.7967089429051,305
-7.6926,53.28823,2022/04/01 23:00:00+00,Sat 02 Apr 2022,729,1538,0,3838356,3781585,240954,4079310,4022539,85.0118546993354,83.8287604988122,306
-7.6926,53.28823,2022/04/02 23:00:00+00,Sun 03 Apr 2022,538,815,0,3838894,3782400,240954,4079848,4023354,85.0230664919739,83.8457449058762,307
-7.6926,53.28823,2022/04/03 23:00:00+00,Mon 04 Apr 2022,50,51,0,3838944,3782451,240954,4079898,4023405,85.0241084801373,83.8468077338029,308
-7.6926,53.28823,2022/04/04 23:00:00+00,Tue 05 Apr 2022,129,169,0,3839073,3782620,240954,4080027,4023574,85.026796809599,83.8503296537953,309
-7.6926,53.28823,2022/04/05 23:00:00+00,Wed 06 Apr 2022,158,210,0,3839231,3782830,240954,4080185,4023784,85.0300894921954,83.8547060040817,310
-7.6926,53.28823,2022/04/06 23:00:00+00,Thu 07 Apr 2022,117,178,0,3839348,3783008,240954,4080302,4023962,85.0325277444978,83.8584154819435,311
-7.6926,53.28823,2022/04/07 23:00:00+00,Fri 08 Apr 2022,257,421,2,3839605,3783429,240956,4080561,4024385,85.0379252431844,83.8672307018061,312
-7.6926,53.28823,2022/04/08 23:00:00+00,Sat 09 Apr 2022,558,1018,0,3840163,3784447,240956,4081119,4025403,85.0495538310883,83.8884455808136,313
-7.6926,53.28823,2022/04/09 23:00:00+00,Sun 10 Apr 2022,412,719,0,3840575,3785166,240956,4081531,4026122,85.058139813555,83.9034293706037,314
-7.6926,53.28823,2022/04/10 23:00:00+00,Mon 11 Apr 2022,70,93,1,3840645,3785259,240957,4081602,4026216,85.059619436747,83.905388308351,315
-7.6926,53.28823,2022/04/11 23:00:00+00,Tue 12 Apr 2022,197,177,0,3840842,3785436,240957,4081799,4026393,85.063724870111,83.9090769464495,316
-7.6926,53.28823,2022/04/12 23:00:00+00,Wed 13 Apr 2022,142,234,0,3840984,3785670,240957,4081941,4026627,85.0666841164951,83.9139534510544,317
-7.6926,53.28823,2022/04/13 23:00:00+00,Thu 14 Apr 2022,357,431,0,3841341,3786101,240957,4082298,4027058,85.074123911982,83.9229353890232,318
-7.6926,53.28823,2022/04/14 23:00:00+00,Fri 15 Apr 2022,445,991,0,3841786,3787092,240957,4082743,4028049,85.0833976066366,83.9435875944224,319
-7.6926,53.28823,2022/04/15 23:00:00+00,Sat 16 Apr 2022,42,88,0,3841828,3787180,240957,4082785,4028137,85.0842728766938,83.94542149359,320
-7.6926,53.28823,2022/04/16 23:00:00+00,Sun 17 Apr 2022,1,1,0,3841829,3787181,240957,4082786,4028138,85.0842937164571,83.9454423333533,321
-7.6926,53.28823,2022/04/17 23:00:00+00,Mon 18 Apr 2022,36,62,1,3841865,3787243,240958,4082823,4028201,85.085064787698,83.9467552384392,322
-7.6926,53.28823,2022/04/18 23:00:00+00,Tue 19 Apr 2022,218,269,1,3842083,3787512,240959,4083042,4028471,85.0896286958539,83.9523819745217,323
-7.6926,53.28823,2022/04/19 23:00:00+00,Wed 20 Apr 2022,250,606,0,3842333,3788118,240959,4083292,4029077,85.094838636671,83.9650108710625,324
-7.6926,53.28823,2022/04/20 23:00:00+00,Thu 21 Apr 2022,169,236,0,3842502,3788354,240959,4083461,4029313,85.0983605566634,83.9699290551939,325
-7.6926,53.28823,2022/04/21 23:00:00+00,Fri 22 Apr 2022,192,254,0,3842694,3788608,240959,4083653,4029567,85.102361791211,83.9752223550641,326
-7.6926,53.28823,2022/04/22 23:00:00+00,Sat 23 Apr 2022,320,1010,0,3843014,3789618,240959,4083973,4030577,85.109030515457,83.9962705159654,327
-7.6926,53.28823,2022/04/23 23:00:00+00,Sun 24 Apr 2022,181,252,0,3843195,3789870,240959,4084154,4030829,85.1128025126086,84.0015221363091,328
-7.6926,53.28823,2022/04/24 23:00:00+00,Mon 25 Apr 2022,41,58,1,3843236,3789928,240960,4084196,4030888,85.1136777826659,84.002751682342,329
-7.6926,53.28823,2022/04/25 23:00:00+00,Tue 26 Apr 2022,144,238,0,3843380,3790166,240960,4084340,4031126,85.1166787085765,84.0077115459999,330
-7.6926,53.28823,2022/04/26 23:00:00+00,Wed 27 Apr 2022,120,208,0,3843500,3790374,240960,4084460,4031334,85.1191794801688,84.0120462167598,331
-7.6926,53.28823,2022/04/27 23:00:00+00,Thu 28 Apr 2022,100,130,0,3843600,3790504,240960,4084560,4031464,85.1212634564956,84.0147553859847,332
-7.6926,53.28823,2022/04/28 23:00:00+00,Fri 29 Apr 2022,168,223,0,3843768,3790727,240960,4084728,4031687,85.1247645367248,84.0194026531936,333
-7.6926,53.28823,2022/04/29 23:00:00+00,Sat 30 Apr 2022,281,723,0,3844049,3791450,240960,4085009,4032410,85.1306205102032,84.0344698020368,334
-7.6926,53.28823,2022/04/30 23:00:00+00,Sun 01 May 2022,187,746,0,3844236,3792196,240960,4085196,4033156,85.1345175459345,84.0500162654352,335
-7.6926,53.28823,2022/05/01 23:00:00+00,Mon 02 May 2022,12,26,0,3844248,3792222,240960,4085208,4033182,85.1347676230937,84.0505580992802,336
-7.6926,53.28823,2022/05/02 23:00:00+00,Tue 03 May 2022,96,118,0,3844344,3792340,240960,4085304,4033300,85.1367682403675,84.0530171913459,337
-7.6926,53.28823,2022/05/03 23:00:00+00,Wed 04 May 2022,113,128,0,3844457,3792468,240960,4085417,4033428,85.1391231336169,84.0556846810443,338
-7.6926,53.28823,2022/05/04 23:00:00+00,Thu 05 May 2022,111,164,0,3844568,3792632,240960,4085528,4033592,85.1414363473397,84.0591024022203,339
-7.6926,53.28823,2022/05/05 23:00:00+00,Fri 06 May 2022,137,257,0,3844705,3792889,240960,4085665,4033849,85.1442913949075,84.0644582213804,340
-7.6926,53.28823,2022/05/06 23:00:00+00,Sat 07 May 2022,441,1087,0,3845146,3793976,240960,4086106,4034936,85.1534817305089,84.0871110440534,341
-7.6926,53.28823,2022/05/07 23:00:00+00,Sun 08 May 2022,273,437,0,3845419,3794413,240960,4086379,4035373,85.1591709858813,84.0962180206018,342
-7.6926,53.28823,2022/05/08 23:00:00+00,Mon 09 May 2022,23,32,0,3845442,3794445,240960,4086402,4035405,85.1596503004365,84.0968848930264,343
-7.6926,53.28823,2022/05/09 23:00:00+00,Tue 10 May 2022,80,98,1,3845522,3794543,240961,4086483,4035504,85.1613383212612,84.09894802959,344
-7.6926,53.28823,2022/05/10 23:00:00+00,Wed 11 May 2022,110,132,0,3845632,3794675,240961,4086593,4035636,85.1636306952208,84.1016988783414,345
-7.6926,53.28823,2022/05/11 23:00:00+00,Thu 12 May 2022,208,398,0,3845840,3795073,240961,4086801,4036034,85.1679653659806,84.1099931041223,346
-7.6926,53.28823,2022/05/12 23:00:00+00,Fri 13 May 2022,174,326,0,3846014,3795399,240961,4086975,4036360,85.1715914847894,84.1167868669479,347
-7.6926,53.28823,2022/05/13 23:00:00+00,Sat 14 May 2022,333,633,0,3846347,3796032,240961,4087308,4036993,85.1785311259578,84.1299784370969,348
-7.6926,53.28823,2022/05/14 23:00:00+00,Sun 15 May 2022,168,254,0,3846515,3796286,240961,4087476,4037247,85.1820322061869,84.1352717369672,349
-7.6926,53.28823,2022/05/15 23:00:00+00,Mon 16 May 2022,31,42,0,3846546,3796328,240961,4087507,4037289,85.1826782388483,84.1361470070245,350
-7.6926,53.28823,2022/05/16 23:00:00+00,Tue 17 May 2022,94,100,0,3846640,3796428,240961,4087601,4037389,85.1846371765955,84.1382309833513,351
-7.6926,53.28823,2022/05/17 23:00:00+00,Wed 18 May 2022,94,122,0,3846734,3796550,240961,4087695,4037511,85.1865961143428,84.1407734344701,352
-7.6926,53.28823,2022/05/18 23:00:00+00,Thu 19 May 2022,73,105,0,3846807,3796655,240961,4087768,4037616,85.1881174170614,84.1429616096133,353
-7.6926,53.28823,2022/05/19 23:00:00+00,Fri 20 May 2022,126,209,0,3846933,3796864,240961,4087894,4037825,85.1907432272332,84.1473171201364,354
-7.6926,53.28823,2022/05/20 23:00:00+00,Sat 21 May 2022,392,762,0,3847325,3797626,240961,4088286,4038587,85.1989124144345,84.1631970197471,355
-7.6926,53.28823,2022/05/21 23:00:00+00,Sun 22 May 2022,234,409,0,3847559,3798035,240961,4088520,4038996,85.2037889190394,84.171720482924,356
-7.6926,53.28823,2022/05/22 23:00:00+00,Mon 23 May 2022,26,35,0,3847585,3798070,240961,4088546,4039031,85.2043307528844,84.1724498746384,357
-7.6926,53.28823,2022/05/23 23:00:00+00,Tue 24 May 2022,63,83,0,3847648,3798153,240961,4088609,4039114,85.2056436579703,84.1741795749897,358
-7.6926,53.28823,2022/05/24 23:00:00+00,Wed 25 May 2022,83,133,1,3847731,3798286,240962,4088693,4039248,85.2073941980849,84.1769721032677,359
-7.6926,53.28823,2022/05/25 23:00:00+00,Thu 26 May 2022,98,155,0,3847829,3798441,240962,4088791,4039403,85.2094364948852,84.1802022665743,360
-7.6926,53.28823,2022/05/26 23:00:00+00,Fri 27 May 2022,94,151,0,3847923,3798592,240962,4088885,4039554,85.2113954326324,84.1833490708279,361
-7.6926,53.28823,2022/05/27 23:00:00+00,Sat 28 May 2022,334,578,0,3848257,3799170,240962,4089219,4040132,85.2183559135642,84.1953944539972,362
-7.6926,53.28823,2022/05/28 23:00:00+00,Sun 29 May 2022,182,349,0,3848439,3799519,240962,4089401,4040481,85.2221487504791,84.2026675313779,363
-7.6926,53.28823,2022/05/29 23:00:00+00,Mon 30 May 2022,54,33,2,3848493,3799552,240964,4089457,4040516,85.2233157772221,84.2033969230923,364
-7.6926,53.28823,2022/05/30 23:00:00+00,Tue 31 May 2022,64,79,1,3848557,3799631,240965,4089522,4040596,85.2246703618346,84.2050641041538,365
-7.6926,53.28823,2022/05/31 23:00:00+00,Wed 01 Jun 2022,68,100,0,3848625,3799731,240965,4089590,4040696,85.2260874657368,84.2071480804807,366
-7.6926,53.28823,2022/06/01 23:00:00+00,Thu 02 Jun 2022,91,138,0,3848716,3799869,240965,4089681,4040834,85.2279838841943,84.2100239678117,367
-7.6926,53.28823,2022/06/02 23:00:00+00,Fri 03 Jun 2022,60,143,0,3848776,3800012,240965,4089741,4040977,85.2292342699904,84.2130040539592,368
-7.6926,53.28823,2022/06/03 23:00:00+00,Sat 04 Jun 2022,305,606,0,3849081,3800618,240965,4090046,4041583,85.2355903977873,84.2256329504999,369
-7.6926,53.28823,2022/06/04 23:00:00+00,Sun 05 Jun 2022,143,273,0,3849224,3800891,240965,4090189,4041856,85.2385704839347,84.2313222058723,370
-7.6926,53.28823,2022/06/05 23:00:00+00,Mon 06 Jun 2022,4,7,1,3849228,3800898,240966,4090194,4041864,85.2386746827511,84.2314889239784,371
-7.6926,53.28823,2022/06/06 23:00:00+00,Tue 07 Jun 2022,29,50,0,3849257,3800948,240966,4090223,4041914,85.2392790358859,84.2325309121418,372
-7.6926,53.28823,2022/06/07 23:00:00+00,Wed 08 Jun 2022,36,76,0,3849293,3801024,240966,4090259,4041990,85.2400292673635,84.2341147341503,373
-7.6926,53.28823,2022/06/08 23:00:00+00,Thu 09 Jun 2022,71,123,0,3849364,3801147,240966,4090330,4042113,85.2415088905556,84.2366780250323,374
-7.6926,53.28823,2022/06/09 23:00:00+00,Fri 10 Jun 2022,56,108,0,3849420,3801255,240966,4090386,4042221,85.2426759172987,84.2389287194653,375
-7.6926,53.28823,2022/06/10 23:00:00+00,Sat 11 Jun 2022,189,561,0,3849609,3801816,240966,4090575,4042782,85.2466146325564,84.250619826659,376
-7.6926,53.28823,2022/06/11 23:00:00+00,Sun 12 Jun 2022,143,288,0,3849752,3802104,240966,4090718,4043070,85.2495947187038,84.2566216784804,377
-7.6926,53.28823,2022/06/12 23:00:00+00,Mon 13 Jun 2022,17,44,0,3849769,3802148,240966,4090735,4043114,85.2499489946794,84.2575386280642,378
-7.6926,53.28823,2022/06/13 23:00:00+00,Tue 14 Jun 2022,37,54,0,3849806,3802202,240966,4090772,4043168,85.2507200659203,84.2586639752807,379
-7.6926,53.28823,2022/06/14 23:00:00+00,Wed 15 Jun 2022,66,122,0,3849872,3802324,240966,4090838,4043290,85.2520954902961,84.2612064263995,380
-7.6926,53.28823,2022/06/15 23:00:00+00,Thu 16 Jun 2022,42,86,0,3849914,3802410,240966,4090880,4043376,85.2529707603533,84.2629986460406,381
-7.6926,53.28823,2022/07/01 23:00:00+00,Sat 02 Jul 2022,182,228,0,3851317,3804874,240971,4092288,4045845,85.2823131470356,84.3144520215508,382
-7.6926,53.28823,2021/08/11 23:00:00+00,Thu 12 Aug 2021,6784,38303,865,3296814,2876255,230907,3527721,3107162,73.5168705177577,64.7525205172679,383
-7.6926,53.28823,2022/07/02 23:00:00+00,Sun 03 Jul 2022,108,274,0,3851425,3805148,240971,4092396,4046119,85.2845638414686,84.3201621166864,384
-7.6926,53.28823,2021/01/29 00:00:00+00,Fri 29 Jan 2021,1584,11526,0,156202,38458,4,156206,38462,3.25529606113886,0.801538974837861,385
-7.6926,53.28823,2021/08/12 23:00:00+00,Fri 13 Aug 2021,10935,28251,873,3307749,2904506,231780,3539529,3136286,73.7629464424336,65.3594577827034,386
-7.6926,53.28823,2022/07/03 23:00:00+00,Mon 04 Jul 2022,13,15,0,3851438,3805163,240971,4092409,4046134,85.2848347583911,84.3204747131355,387
-7.6926,53.28823,2022/07/04 23:00:00+00,Tue 05 Jul 2022,51,69,0,3851489,3805232,240971,4092460,4046203,85.2858975863178,84.321912656801,388
-7.6926,53.28823,2022/07/05 23:00:00+00,Wed 06 Jul 2022,61,83,0,3851550,3805315,240971,4092521,4046286,85.2871688118772,84.3236423571523,389
-7.6926,53.28823,2022/07/06 23:00:00+00,Thu 07 Jul 2022,76,75,0,3851626,3805390,240971,4092597,4046361,85.2887526338856,84.3252053393974,390
-7.6926,53.28823,2022/07/07 23:00:00+00,Fri 08 Jul 2022,99,89,0,3851725,3805479,240971,4092696,4046450,85.2908157704492,84.3270600783283,391
-7.6926,53.28823,2022/07/08 23:00:00+00,Sat 09 Jul 2022,119,143,0,3851844,3805622,240971,4092815,4046593,85.2932957022781,84.3300401644757,392
-7.6926,53.28823,2022/07/09 23:00:00+00,Sun 10 Jul 2022,131,219,0,3851975,3805841,240971,4092946,4046812,85.2960257112663,84.3346040726316,393
-7.6926,53.28823,2022/07/10 23:00:00+00,Mon 11 Jul 2022,11,16,0,3851986,3805857,240971,4092957,4046828,85.2962549486623,84.3349375088439,394
-7.6926,53.28823,2022/07/11 23:00:00+00,Tue 12 Jul 2022,43,80,0,3852029,3805937,240971,4093000,4046908,85.2971510584828,84.3366046899054,395
-7.6926,53.28823,2022/07/12 23:00:00+00,Wed 13 Jul 2022,99,73,0,3852128,3806010,240971,4093099,4046981,85.2992141950464,84.338125992624,396
-7.6926,53.28823,2022/07/13 23:00:00+00,Thu 14 Jul 2022,70,40,0,3852198,3806050,240971,4093169,4047021,85.3006729784752,84.3389595831547,397
-7.6926,53.28823,2022/07/14 23:00:00+00,Fri 15 Jul 2022,79,117,1,3852277,3806167,240972,4093249,4047139,85.3023401595367,84.3414186752204,398
-7.6926,53.28823,2022/07/15 23:00:00+00,Sat 16 Jul 2022,124,209,0,3852401,3806376,240972,4093373,4047348,85.304924290182,84.3457741857436,399
-7.6926,53.28823,2022/07/16 23:00:00+00,Sun 17 Jul 2022,119,165,0,3852520,3806541,240972,4093492,4047513,85.307404222011,84.3492127466829,400
-7.6926,53.28823,2022/07/17 23:00:00+00,Mon 18 Jul 2022,14,17,0,3852534,3806558,240972,4093506,4047530,85.3076959786968,84.3495670226584,401
-7.6926,53.28823,2022/07/18 23:00:00+00,Tue 19 Jul 2022,29,32,0,3852563,3806590,240972,4093535,4047562,85.3083003318316,84.3502338950831,402
-7.6926,53.28823,2022/07/19 23:00:00+00,Wed 20 Jul 2022,78,66,0,3852641,3806656,240972,4093613,4047628,85.3099258333665,84.3516093194588,403
-7.6926,53.28823,2022/07/20 23:00:00+00,Thu 21 Jul 2022,52,30,0,3852693,3806686,240972,4093665,4047658,85.3110095010565,84.3522345123568,404
-7.6926,53.28823,2022/07/21 23:00:00+00,Fri 22 Jul 2022,73,70,0,3852766,3806756,240972,4093738,4047728,85.3125308037751,84.3536932957856,405
-7.6926,53.28823,2022/07/22 23:00:00+00,Sat 23 Jul 2022,97,175,0,3852863,3806931,240972,4093835,4047903,85.3145522608121,84.3573402543577,406
-7.6926,53.28823,2022/07/23 23:00:00+00,Sun 24 Jul 2022,108,231,0,3852971,3807162,240972,4093943,4048134,85.3168029552452,84.3621542396727,407
-7.6926,53.28823,2022/07/24 23:00:00+00,Mon 25 Jul 2022,13,23,0,3852984,3807185,240972,4093956,4048157,85.3170738721676,84.3626335542279,408
-7.6926,53.28823,2022/07/25 23:00:00+00,Tue 26 Jul 2022,18,16,0,3853002,3807201,240972,4093974,4048173,85.3174489879065,84.3629669904402,409
-7.6926,53.28823,2022/07/26 23:00:00+00,Wed 27 Jul 2022,62,73,1,3853064,3807274,240973,4094037,4048247,85.3187618929924,84.3645091329221,410
-7.6926,53.28823,2022/07/27 23:00:00+00,Thu 28 Jul 2022,48,71,0,3853112,3807345,240973,4094085,4048318,85.3197622016293,84.3659887561141,411
-7.6926,53.28823,2022/07/28 23:00:00+00,Fri 29 Jul 2022,70,105,0,3853182,3807450,240973,4094155,4048423,85.3212209850581,84.3681769312573,412
-7.6926,53.28823,2022/07/29 23:00:00+00,Sat 30 Jul 2022,100,119,0,3853282,3807569,240973,4094255,4048542,85.323304961385,84.3706568630863,413
-7.6926,53.28823,2022/07/30 23:00:00+00,Sun 31 Jul 2022,32,57,0,3853314,3807626,240973,4094287,4048599,85.3239718338096,84.3718447295926,414
-7.6926,53.28823,2022/07/31 23:00:00+00,Mon 01 Aug 2022,10,14,0,3853324,3807640,240973,4094297,4048613,85.3241802314422,84.3721364862784,415
-7.6926,53.28823,2022/08/01 23:00:00+00,Tue 02 Aug 2022,36,28,0,3853360,3807668,240973,4094333,4048641,85.3249304629199,84.3727199996499,416
-7.6926,53.28823,2022/08/02 23:00:00+00,Wed 03 Aug 2022,93,139,0,3853453,3807807,240973,4094426,4048780,85.3268685609039,84.3756167267442,417
-7.6926,53.28823,2022/08/03 23:00:00+00,Thu 04 Aug 2022,45,51,0,3853498,3807858,240973,4094471,4048831,85.327806350251,84.3766795546709,418
-7.6926,53.28823,2022/08/04 23:00:00+00,Fri 05 Aug 2022,96,91,0,3853594,3807949,240973,4094567,4048922,85.3298069675248,84.3785759731284,419
-7.6926,53.28823,2022/08/05 23:00:00+00,Sat 06 Aug 2022,72,130,0,3853666,3808079,240973,4094639,4049052,85.3313074304801,84.3812851423533,420
-7.6926,53.28823,2022/08/06 23:00:00+00,Sun 07 Aug 2022,28,80,0,3853694,3808159,240973,4094667,4049132,85.3318909438516,84.3829523234148,421
-7.6926,53.28823,2022/08/07 23:00:00+00,Mon 08 Aug 2022,10,16,0,3853704,3808175,240973,4094677,4049148,85.3320993414843,84.3832857596271,422
-7.6926,53.28823,2022/08/08 23:00:00+00,Tue 09 Aug 2022,47,42,0,3853751,3808217,240973,4094724,4049190,85.3330788103579,84.3841610296844,423
-7.6926,53.28823,2022/08/09 23:00:00+00,Wed 10 Aug 2022,54,95,0,3853805,3808312,240973,4094778,4049285,85.3342041575745,84.3861408071949,424
-7.6926,53.28823,2022/08/10 23:00:00+00,Thu 11 Aug 2022,45,38,0,3853850,3808350,240973,4094823,4049323,85.3351419469215,84.3869327181991,425
-7.6926,53.28823,2022/08/11 23:00:00+00,Fri 12 Aug 2022,70,75,0,3853920,3808425,240973,4094893,4049398,85.3366007303503,84.3884957004442,426
-7.6926,53.28823,2022/08/12 23:00:00+00,Sat 13 Aug 2022,103,151,0,3854023,3808576,240973,4094996,4049549,85.338747225967,84.3916425046978,427
-7.6926,53.28823,2022/08/13 23:00:00+00,Sun 14 Aug 2022,18,26,0,3854041,3808602,240973,4095014,4049575,85.3391223417058,84.3921843385428,428
-7.6926,53.28823,2022/08/14 23:00:00+00,Mon 15 Aug 2022,7,11,0,3854048,3808613,240973,4095021,4049586,85.3392682200487,84.3924135759387,429
-7.6926,53.28823,2022/08/15 23:00:00+00,Tue 16 Aug 2022,41,28,0,3854089,3808641,240973,4095062,4049614,85.3401226503427,84.3929970893103,430
-7.6926,53.28823,2022/08/16 23:00:00+00,Wed 17 Aug 2022,51,57,0,3854140,3808698,240973,4095113,4049671,85.3411854782694,84.3941849558166,431
-7.6926,53.28823,2022/08/17 23:00:00+00,Thu 18 Aug 2022,56,39,0,3854196,3808737,240973,4095169,4049710,85.3423525050125,84.394997706584,432
-7.6926,53.28823,2022/08/18 23:00:00+00,Fri 19 Aug 2022,72,57,0,3854268,3808794,240973,4095241,4049767,85.3438529679678,84.3961855730904,433
-7.6926,53.28823,2022/08/19 23:00:00+00,Sat 20 Aug 2022,108,127,0,3854376,3808921,240973,4095349,4049894,85.3461036624008,84.3988322230255,434
-7.6926,53.28823,2022/08/20 23:00:00+00,Sun 21 Aug 2022,38,36,0,3854414,3808957,240973,4095387,4049930,85.346895573405,84.3995824545031,435
-7.6926,53.28823,2022/08/21 23:00:00+00,Mon 22 Aug 2022,12,13,0,3854426,3808970,240973,4095399,4049943,85.3471456505643,84.3998533714256,436
-7.6926,53.28823,2022/08/22 23:00:00+00,Tue 23 Aug 2022,76,72,0,3854502,3809042,240973,4095475,4050015,85.3487294725727,84.401353834381,437
-7.6926,53.28823,2022/08/23 23:00:00+00,Wed 24 Aug 2022,53,54,0,3854555,3809096,240973,4095528,4050069,85.3498339800259,84.4024791815975,438
-7.6926,53.28823,2022/08/24 23:00:00+00,Thu 25 Aug 2022,40,49,0,3854595,3809145,240973,4095568,4050118,85.3506675705567,84.4035003299977,439
-7.6926,53.28823,2022/08/25 23:00:00+00,Fri 26 Aug 2022,97,88,0,3854692,3809233,240973,4095665,4050206,85.3526890275937,84.4053342291653,440
-7.6926,53.28823,2022/08/26 23:00:00+00,Sat 27 Aug 2022,86,119,0,3854778,3809352,240973,4095751,4050325,85.3544812472348,84.4078141609942,441
-7.6926,53.28823,2022/08/27 23:00:00+00,Sun 28 Aug 2022,44,20,0,3854822,3809372,240973,4095795,4050345,85.3553981968186,84.4082309562596,442
-7.6926,53.28823,2022/08/28 23:00:00+00,Mon 29 Aug 2022,14,12,0,3854836,3809384,240973,4095809,4050357,85.3556899535044,84.4084810334189,443
-7.6926,53.28823,2022/08/29 23:00:00+00,Tue 30 Aug 2022,41,44,0,3854877,3809428,240973,4095850,4050401,85.3565443837984,84.4093979830027,444
-7.6926,53.28823,2022/08/30 23:00:00+00,Wed 31 Aug 2022,28,29,0,3854905,3809457,240973,4095878,4050430,85.3571278971699,84.4100023361375,445
-7.6926,53.28823,2022/08/31 23:00:00+00,Thu 01 Sep 2022,31,28,0,3854936,3809485,240973,4095909,4050458,85.3577739298313,84.410585849509,446
-7.6926,53.28823,2022/09/01 23:00:00+00,Fri 02 Sep 2022,50,50,0,3854986,3809535,240973,4095959,4050508,85.3588159179947,84.4116278376724,447
-7.6926,53.28823,2022/09/02 23:00:00+00,Sat 03 Sep 2022,73,101,0,3855059,3809636,240973,4096032,4050609,85.3603372207133,84.4137326537625,448
-7.6926,53.28823,2022/09/03 23:00:00+00,Sun 04 Sep 2022,58,82,0,3855117,3809718,240973,4096090,4050691,85.3615459269829,84.4154415143506,449
-7.6926,53.28823,2022/09/04 23:00:00+00,Mon 05 Sep 2022,9,5,0,3855126,3809723,240973,4096099,4050696,85.3617334848523,84.4155457131669,450
-7.6926,53.28823,2022/09/05 23:00:00+00,Tue 06 Sep 2022,39,22,0,3855165,3809745,240973,4096138,4050718,85.3625462356198,84.4160041879588,451
-7.6926,53.28823,2022/09/06 23:00:00+00,Wed 07 Sep 2022,48,42,0,3855213,3809787,240973,4096186,4050760,85.3635465442567,84.4168794580161,452
-7.6926,53.28823,2022/09/07 23:00:00+00,Thu 08 Sep 2022,38,49,2,3855251,3809836,240975,4096226,4050811,85.3643801347874,84.4179422859428,453
-7.6926,53.28823,2022/09/08 23:00:00+00,Fri 09 Sep 2022,62,59,0,3855313,3809895,240975,4096288,4050870,85.3656722001101,84.4191718319757,454
-7.6926,53.28823,2022/09/09 23:00:00+00,Sat 10 Sep 2022,93,135,0,3855406,3810030,240975,4096381,4051005,85.367610298094,84.4219852000169,455
-7.6926,53.28823,2022/09/10 23:00:00+00,Sun 11 Sep 2022,57,58,0,3855463,3810088,240975,4096438,4051063,85.3687981646004,84.4231939062865,456
-7.6926,53.28823,2022/09/11 23:00:00+00,Mon 12 Sep 2022,12,12,0,3855475,3810100,240975,4096450,4051075,85.3690482417596,84.4234439834457,457
-7.6926,53.28823,2022/09/12 23:00:00+00,Tue 13 Sep 2022,28,24,0,3855503,3810124,240975,4096478,4051099,85.3696317551311,84.4239441377642,458
-7.6926,53.28823,2022/09/13 23:00:00+00,Wed 14 Sep 2022,34,33,0,3855537,3810157,240975,4096512,4051132,85.3703403070822,84.424631849952,459
-7.6926,53.28823,2022/09/14 23:00:00+00,Thu 15 Sep 2022,50,35,0,3855587,3810192,240975,4096562,4051167,85.3713822952457,84.4253612416664,460
-7.6926,53.28823,2022/09/15 23:00:00+00,Fri 16 Sep 2022,38,54,0,3855625,3810246,240975,4096600,4051221,85.3721742062499,84.4264865888829,461
-7.6926,53.28823,2022/09/16 23:00:00+00,Sat 17 Sep 2022,67,148,0,3855692,3810394,240975,4096667,4051369,85.3735704703889,84.4295708738467,462
-7.6926,53.28823,2022/09/17 23:00:00+00,Sun 18 Sep 2022,30,53,0,3855722,3810447,240975,4096697,4051422,85.3741956632869,84.4306753812999,463
-7.6926,53.28823,2022/09/18 23:00:00+00,Mon 19 Sep 2022,11,11,0,3855733,3810458,240975,4096708,4051433,85.3744249006829,84.4309046186959,464
-7.6926,53.28823,2022/09/19 23:00:00+00,Tue 20 Sep 2022,39,35,0,3855772,3810493,240975,4096747,4051468,85.3752376514504,84.4316340104103,465
-7.6926,53.28823,2022/09/20 23:00:00+00,Wed 21 Sep 2022,40,32,0,3855812,3810525,240975,4096787,4051500,85.3760712419811,84.4323008828349,466
-7.6926,53.28823,2022/09/21 23:00:00+00,Thu 22 Sep 2022,62,34,0,3855874,3810559,240975,4096849,4051534,85.3773633073038,84.433009434786,467
-7.6926,53.28823,2022/09/22 23:00:00+00,Fri 23 Sep 2022,40,39,0,3855914,3810598,240975,4096889,4051573,85.3781968978345,84.4338221855535,468
-7.6926,53.28823,2022/09/23 23:00:00+00,Sat 24 Sep 2022,55,103,0,3855969,3810701,240975,4096944,4051676,85.3793430848143,84.4359686811702,469
-7.6926,53.28823,2022/09/24 23:00:00+00,Sun 25 Sep 2022,43,74,0,3856012,3810775,240975,4096987,4051750,85.3802391946348,84.437510823652,470
-7.6926,53.28823,2022/09/25 23:00:00+00,Mon 26 Sep 2022,17,7,0,3856029,3810782,240975,4097004,4051757,85.3805934706104,84.4376567019949,471
-7.6926,53.28823,2022/09/26 23:00:00+00,Tue 27 Sep 2022,27,35,2,3856056,3810817,240977,4097033,4051794,85.3811978237452,84.4384277732359,472
-7.6926,53.28823,2022/09/27 23:00:00+00,Wed 28 Sep 2022,40,26,0,3856096,3810843,240977,4097073,4051820,85.3820314142759,84.4389696070808,473
-7.6926,53.28823,2021/08/13 23:00:00+00,Sat 14 Aug 2021,18141,5853,281,3325890,2910359,232061,3557951,3142420,74.1468565613682,65.4872888905931,474
-7.6926,53.28823,2021/08/14 23:00:00+00,Sun 15 Aug 2021,17001,3736,52,3342891,2914095,232113,3575004,3146208,74.5022370443881,65.5662299138547,475
-7.6926,53.28823,2021/08/15 23:00:00+00,Mon 16 Aug 2021,10196,23158,384,3353087,2937253,232497,3585584,3169750,74.7227217397701,66.0568396207246,476
-7.6926,53.28823,2021/08/16 23:00:00+00,Tue 17 Aug 2021,12873,26867,528,3365960,2964120,233025,3598985,3197145,75.001995407333,66.6277449354686,477
-7.6926,53.28823,2021/08/17 23:00:00+00,Wed 18 Aug 2021,15238,25774,658,3381198,2989894,233683,3614881,3223577,75.333264284251,67.1785815581849,478
-7.6926,53.28823,2021/08/18 23:00:00+00,Thu 19 Aug 2021,11366,25719,544,3392564,3015613,234227,3626791,3249840,75.5814658647804,67.7258962609088,479
-7.6926,53.28823,2021/08/19 23:00:00+00,Fri 20 Aug 2021,14853,22261,686,3407417,3037874,234913,3642330,3272787,75.9052949462115,68.204106308634,480
-7.6926,53.28823,2021/08/20 23:00:00+00,Sat 21 Aug 2021,11897,7987,246,3419314,3045861,235159,3654473,3281020,76.1583521915825,68.3756800796246,481
-7.6926,53.28823,2021/08/21 23:00:00+00,Sun 22 Aug 2021,8004,12255,161,3427318,3058116,235320,3662638,3293436,76.3285088586708,68.6344265803678,482
-7.6926,53.28823,2021/08/22 23:00:00+00,Mon 23 Aug 2021,10873,15390,291,3438191,3073506,235611,3673802,3309117,76.5611639758017,68.9612149081831,483
-7.6926,53.28823,2021/08/23 23:00:00+00,Tue 24 Aug 2021,9716,22927,384,3447907,3096433,235995,3683902,3332428,76.7716455848148,69.447010629738,484
-7.6926,53.28823,2021/08/24 23:00:00+00,Wed 25 Aug 2021,9420,19539,317,3457327,3115972,236312,3693639,3352284,76.9745623597614,69.8608049691999,485
-7.6926,53.28823,2021/08/25 23:00:00+00,Thu 26 Aug 2021,8591,19447,369,3465918,3135419,236681,3702599,3372100,77.1612866386483,70.273765718131,486
-7.6926,53.28823,2021/08/26 23:00:00+00,Fri 27 Aug 2021,9729,19218,432,3475647,3154637,237113,3712760,3391750,77.3730394732208,70.6832670663594,487
-7.6926,53.28823,2021/08/27 23:00:00+00,Sat 28 Aug 2021,9926,7934,153,3485573,3162571,237266,3722839,3399837,77.5830834472053,70.8517982319128,488
-7.6926,53.28823,2021/08/28 23:00:00+00,Sun 29 Aug 2021,8800,9194,30,3494373,3171765,237296,3731669,3409061,77.7670985568672,71.0440242083026,489
-7.6926,53.28823,2021/08/29 23:00:00+00,Mon 30 Aug 2021,5067,11146,84,3499440,3182911,237380,3736820,3420291,77.8744441774639,71.2780547498093,490
-7.6926,53.28823,2021/08/30 23:00:00+00,Tue 31 Aug 2021,4072,12904,145,3503512,3195815,237525,3741037,3433340,77.9623254591677,71.5499928207016,491
-7.6926,53.28823,2021/08/31 23:00:00+00,Wed 01 Sep 2021,4975,12547,182,3508487,3208362,237707,3746194,3446069,78.069796118344,71.8152621673479,492
-7.6926,53.28823,2021/09/01 23:00:00+00,Thu 02 Sep 2021,5011,12366,248,3513498,3220728,237955,3751453,3458683,78.1793924333737,72.0781349412183,493
-7.6926,53.28823,2021/09/02 23:00:00+00,Fri 03 Sep 2021,4780,16081,166,3518278,3236809,238121,3756399,3474930,78.2824659025003,72.4167185750437,494
-7.6926,53.28823,2021/09/03 23:00:00+00,Sat 04 Sep 2021,4631,10586,135,3522909,3247395,238256,3761165,3485651,78.3817882142386,72.6401416770466,495
-7.6926,53.28823,2021/09/04 23:00:00+00,Sun 05 Sep 2021,5310,11905,1,3528219,3259300,238257,3766476,3497557,78.4924681969583,72.8882598985229,496
-7.6926,53.28823,2021/09/05 23:00:00+00,Mon 06 Sep 2021,2163,9689,75,3530382,3268989,238332,3768714,3507321,78.5391075871535,73.0917393470777,497
-7.6926,53.28823,2021/09/06 23:00:00+00,Tue 07 Sep 2021,3032,10028,160,3533414,3279017,238492,3771906,3517509,78.6056281115069,73.3040548552585,498
-7.6926,53.28823,2021/09/07 23:00:00+00,Wed 08 Sep 2021,2612,14800,191,3536026,3293817,238683,3774709,3532500,78.6640419679489,73.6164637464184,499
-7.6926,53.28823,2021/09/08 23:00:00+00,Thu 09 Sep 2021,3122,14815,138,3539148,3308632,238821,3777969,3547453,78.7319795962046,73.9280807265742,500
-7.6926,53.28823,2021/09/09 23:00:00+00,Fri 10 Sep 2021,3389,13947,116,3542537,3322579,238937,3781474,3561516,78.8050229664611,74.2211503174209,501
-7.6926,53.28823,2021/09/10 23:00:00+00,Sat 11 Sep 2021,2561,11342,62,3545098,3333921,238999,3784097,3572920,78.8596856655147,74.4588069777363,502
-7.6926,53.28823,2021/09/11 23:00:00+00,Sun 12 Sep 2021,2043,12884,1,3547141,3346805,239000,3786141,3585805,78.9022821416358,74.7273273274525,503
-7.6926,53.28823,2021/09/12 23:00:00+00,Mon 13 Sep 2021,1619,7746,52,3548760,3354551,239052,3787812,3593603,78.9371053860577,74.8898358014212,504
-7.6926,53.28823,2021/09/13 23:00:00+00,Tue 14 Sep 2021,1548,10787,82,3550308,3365338,239134,3789442,3604472,78.9710742001855,75.1163431883879,505
-7.6926,53.28823,2021/09/14 23:00:00+00,Wed 15 Sep 2021,3284,12373,138,3553592,3377711,239272,3792864,3616983,79.0423878700907,75.3770694666417,506
-7.6926,53.28823,2021/09/15 23:00:00+00,Thu 16 Sep 2021,1919,10581,115,3555511,3388292,239387,3794898,3627679,79.0847759485791,75.5999715745629,507
-7.6926,53.28823,2021/09/16 23:00:00+00,Fri 17 Sep 2021,2562,14617,95,3558073,3402909,239482,3797555,3642391,79.1401471995839,75.9065661717709,508
-7.6926,53.28823,2021/09/17 23:00:00+00,Sat 18 Sep 2021,2291,11237,47,3560364,3414146,239529,3799893,3653675,79.1888705661059,76.1417220604941,509
-7.6926,53.28823,2021/09/18 23:00:00+00,Sun 19 Sep 2021,1863,8492,16,3562227,3422638,239545,3801772,3662183,79.2280284812877,76.3190267663835,510
-7.6926,53.28823,2021/09/19 23:00:00+00,Mon 20 Sep 2021,959,5631,35,3563186,3428269,239580,3802766,3667849,79.2487432059767,76.4371048650636,511
-7.6926,53.28823,2021/09/20 23:00:00+00,Tue 21 Sep 2021,1473,6675,90,3564659,3434944,239670,3804329,3674614,79.2813157559655,76.5780858635758,512
-7.6926,53.28823,2021/09/21 23:00:00+00,Wed 22 Sep 2021,1898,8157,97,3566557,3443101,239767,3806324,3682868,79.3228910836864,76.750097269595,513
-7.6926,53.28823,2021/09/22 23:00:00+00,Thu 23 Sep 2021,1690,8729,89,3568247,3451830,239856,3808103,3691686,79.3599650225413,76.9338623020978,514
-7.6926,53.28823,2021/09/23 23:00:00+00,Fri 24 Sep 2021,1912,7393,80,3570159,3459223,239936,3810095,3699159,79.4014778309724,77.0895978530042,515
-7.6926,53.28823,2021/09/24 23:00:00+00,Sat 25 Sep 2021,2422,6607,53,3572581,3465830,239989,3812570,3705819,79.4530562450623,77.2283906763733,516
-7.6926,53.28823,2021/09/25 23:00:00+00,Sun 26 Sep 2021,1549,7101,0,3574130,3472931,239989,3814119,3712920,79.4853370383654,77.3763738353438,517
-7.6926,53.28823,2021/09/26 23:00:00+00,Mon 27 Sep 2021,1176,3829,45,3575306,3476760,240034,3815340,3716794,79.5107823893164,77.4571070782464,518
-7.6926,53.28823,2021/09/27 23:00:00+00,Tue 28 Sep 2021,1452,5143,93,3576758,3481903,240127,3816885,3722030,79.5429798235664,77.566224078721,519
-7.6926,53.28823,2021/09/28 23:00:00+00,Wed 29 Sep 2021,1650,3629,80,3578408,3485532,240207,3818615,3725739,79.5790326140211,77.6435187606843,520
-7.6926,53.28823,2021/09/29 23:00:00+00,Thu 30 Sep 2021,1276,3979,78,3579684,3489511,240285,3819969,3729796,79.6072496534868,77.7280656802651,521
-7.6926,53.28823,2021/09/30 23:00:00+00,Fri 01 Oct 2021,1862,5189,42,3581546,3494700,240327,3821873,3735027,79.6469285627503,77.8370784819233,522
-7.6926,53.28823,2021/10/01 23:00:00+00,Sat 02 Oct 2021,1682,4098,40,3583228,3498798,240367,3823595,3739165,79.6828146350989,77.9233134223288,523
-7.6926,53.28823,2021/10/02 23:00:00+00,Sun 03 Oct 2021,1196,3021,9,3584424,3501819,240376,3824800,3742195,79.7079265498376,77.9864579050328,524
-7.6926,53.28823,2021/10/03 23:00:00+00,Mon 04 Oct 2021,341,1227,18,3584765,3503046,240394,3825159,3743440,79.715408024851,78.0124034103022,525
-7.6926,53.28823,2021/10/04 23:00:00+00,Tue 05 Oct 2021,943,2831,70,3585708,3505877,240464,3826172,3746341,79.7365187050421,78.0728595635445,526
-7.6926,53.28823,2021/10/05 23:00:00+00,Wed 06 Oct 2021,965,2577,40,3586673,3508454,240504,3827177,3748958,79.7574626671271,78.1273972240185,527
-7.6926,53.28823,2021/10/06 23:00:00+00,Thu 07 Oct 2021,1213,2705,44,3587886,3511159,240548,3828434,3751707,79.7836582495557,78.1846857332439,528
-7.6926,53.28823,2021/10/07 23:00:00+00,Fri 08 Oct 2021,907,2742,48,3588793,3513901,240596,3829389,3754497,79.8035602234773,78.2428286727634,529
-7.6926,53.28823,2021/10/08 23:00:00+00,Sat 09 Oct 2021,720,2364,23,3589513,3516265,240619,3830132,3756884,79.8190441675859,78.2925731876856,530
-7.6926,53.28823,2021/10/09 23:00:00+00,Sun 10 Oct 2021,1510,3922,2,3591023,3520187,240621,3831644,3760808,79.850553889648,78.3743484187517,531
-7.6926,53.28823,2021/10/10 23:00:00+00,Mon 11 Oct 2021,334,1134,19,3591357,3521321,240640,3831997,3761961,79.8579103260819,78.3983766658004,532
-7.6926,53.28823,2021/10/11 23:00:00+00,Tue 12 Oct 2021,562,1620,21,3591919,3522941,240661,3832580,3763602,79.8700599080675,78.4325747173242,533
-7.6926,53.28823,2021/10/12 23:00:00+00,Wed 13 Oct 2021,985,2077,11,3592904,3525018,240672,3833576,3765690,79.890816312283,78.4760881430291,534
-7.6926,53.28823,2021/10/13 23:00:00+00,Thu 14 Oct 2021,648,1607,8,3593552,3526625,240680,3834232,3767305,79.9044871969872,78.509744360708,535
-7.6926,53.28823,2021/10/14 23:00:00+00,Fri 15 Oct 2021,956,2075,9,3594508,3528700,240689,3835197,3769389,79.9245975685415,78.5531744273598,536
-7.6926,53.28823,2021/10/15 23:00:00+00,Sat 16 Oct 2021,1374,2646,14,3595882,3531346,240703,3836585,3772049,79.9535231599583,78.6086081976543,537
-7.6926,53.28823,2021/10/16 23:00:00+00,Sun 17 Oct 2021,1701,2892,2,3597583,3534238,240705,3838288,3774943,79.9890132768048,78.6689184725537,538
-7.6926,53.28823,2021/10/17 23:00:00+00,Mon 18 Oct 2021,677,1250,6,3598260,3535488,240711,3838971,3776199,80.0032468351173,78.6950932152191,539
-7.6926,53.28823,2021/10/18 23:00:00+00,Tue 19 Oct 2021,1335,1804,13,3599595,3537292,240724,3840319,3778016,80.0313388360034,78.7329590650782,540
-7.6926,53.28823,2021/10/19 23:00:00+00,Wed 20 Oct 2021,2250,2332,0,3601845,3539624,240724,3842569,3780348,80.0782283033578,78.7815573930206,541
-7.6926,53.28823,2021/10/20 23:00:00+00,Thu 21 Oct 2021,1724,1847,11,3603569,3541471,240735,3844304,3782206,80.1143852926288,78.8202776731737,542
-7.6926,53.28823,2021/10/21 23:00:00+00,Fri 22 Oct 2021,1504,1932,3,3605073,3543403,240738,3845811,3784141,80.1457908158746,78.8606026150985,543
-7.6926,53.28823,2021/10/22 23:00:00+00,Sat 23 Oct 2021,2018,1702,1,3607091,3545105,240739,3847830,3785844,80.187866297914,78.896092731945,544
-7.6926,53.28823,2021/10/23 23:00:00+00,Sun 24 Oct 2021,1954,2186,2,3609045,3547291,240741,3849786,3788032,80.2286288748674,78.9416901339767,545
-7.6926,53.28823,2021/10/24 23:00:00+00,Mon 25 Oct 2021,1229,855,2,3610274,3548146,240743,3851017,3788889,80.2542826234511,78.959549811098,546
-7.6926,53.28823,2021/10/25 23:00:00+00,Tue 26 Oct 2021,1236,1234,6,3611510,3549380,240749,3852259,3790129,80.2801656094307,78.9853911175511,547
-7.6926,53.28823,2021/10/26 23:00:00+00,Wed 27 Oct 2021,1555,1427,6,3613065,3550807,240755,3853820,3791562,80.3126964798931,79.015254498315,548
-7.6926,53.28823,2021/10/27 23:00:00+00,Thu 28 Oct 2021,2150,1695,5,3615215,3552502,240760,3855975,3793262,80.357606169737,79.0506820958717,549
-7.6926,53.28823,2021/10/28 23:00:00+00,Fri 29 Oct 2021,2141,1366,2,3617356,3553868,240762,3858118,3794630,80.4022657824216,79.0791908920231,550
-7.6926,53.28823,2021/10/29 23:00:00+00,Sat 30 Oct 2021,2019,1455,1,3619375,3555323,240763,3860138,3796086,80.4443621042242,79.1095335873423,551
-7.6926,53.28823,2021/10/30 23:00:00+00,Sun 31 Oct 2021,1596,1320,0,3620971,3556643,240763,3861734,3797406,80.477622366401,79.1370420748569,552
-7.6926,53.28823,2021/11/01 00:00:00+00,Mon 01 Nov 2021,284,291,2,3621255,3556934,240765,3862020,3797699,80.4835825386958,79.1431481254946,553
-7.6926,53.28823,2021/11/02 00:00:00+00,Tue 02 Nov 2021,1099,1097,10,3622354,3558031,240775,3863129,3798806,80.5066938361607,79.1662177434329,554
-7.6926,53.28823,2021/11/03 00:00:00+00,Wed 03 Nov 2021,2535,1882,7,3624889,3559913,240782,3865671,3800695,80.5596685143895,79.2055840562474,555
-7.6926,53.28823,2021/11/04 00:00:00+00,Thu 04 Nov 2021,1532,1287,2,3626421,3561200,240784,3867205,3801984,80.5916367112436,79.2324465111006,556
-7.6926,53.28823,2021/11/05 00:00:00+00,Fri 05 Nov 2021,1628,1100,4,3628049,3562300,240788,3868837,3803088,80.625647204898,79.2554536097492,557
-7.6926,53.28823,2021/11/06 00:00:00+00,Sat 06 Nov 2021,1818,1356,6,3629867,3563656,240794,3870661,3804450,80.6636589331,79.283837367321,558
-7.6926,53.28823,2021/11/07 00:00:00+00,Sun 07 Nov 2021,696,774,0,3630563,3564430,240794,3871357,3805224,80.678163408335,79.299967344091,559
-7.6926,53.28823,2021/11/08 00:00:00+00,Mon 08 Nov 2021,514,532,4,3631077,3564962,240798,3871875,3805760,80.6889584057081,79.3111374572029,560
-7.6926,53.28823,2021/11/09 00:00:00+00,Tue 09 Nov 2021,1367,1066,3,3632444,3566028,240801,3873245,3806829,80.7175088813861,79.3334151641371,561
-7.6926,53.28823,2021/11/10 00:00:00+00,Wed 10 Nov 2021,1595,1362,2,3634039,3567390,240803,3874842,3808193,80.7507899833261,79.3618406012355,562
-7.6926,53.28823,2021/11/11 00:00:00+00,Thu 11 Nov 2021,1386,1119,2,3635425,3568509,240805,3876230,3809314,80.779715574743,79.3852019758596,563
-7.6926,53.28823,2021/11/12 00:00:00+00,Fri 12 Nov 2021,1142,1156,6,3636567,3569665,240811,3877378,3810476,80.8036396229753,79.4094177807778,564
-7.6926,53.28823,2021/11/13 00:00:00+00,Sat 13 Nov 2021,1396,1383,0,3637963,3571048,240811,3878774,3811859,80.8327319324983,79.4382391733783,565
-7.6926,53.28823,2021/01/30 00:00:00+00,Sat 30 Jan 2021,649,7794,0,156851,46252,4,156855,46256,3.2688210675002,0.963964089753526,566
-7.6926,53.28823,2021/01/31 00:00:00+00,Sun 31 Jan 2021,234,4086,0,157085,50338,4,157089,50342,3.27369757210506,1.04911536246913,567
-7.6926,53.28823,2021/02/01 00:00:00+00,Mon 01 Feb 2021,1031,8334,1,158116,58672,5,158121,58677,3.29520420779828,1.22281478931312,568
-7.6926,53.28823,2021/02/02 00:00:00+00,Tue 02 Feb 2021,839,5107,0,158955,63779,5,158960,63784,3.31268876918066,1.32924346032599,569
-7.6926,53.28823,2021/02/03 00:00:00+00,Wed 03 Feb 2021,1406,6869,0,160361,70648,5,160366,70653,3.34198947633634,1.47239179421817,570
-7.6926,53.28823,2021/02/04 00:00:00+00,Thu 04 Feb 2021,1444,10541,1,161805,81189,6,161811,81195,3.37210293425951,1.69208457859602,571
-7.6926,53.28823,2021/02/05 00:00:00+00,Fri 05 Feb 2021,3398,8616,0,165203,89805,6,165209,89811,3.4429164498463,1.8716399789185,572
-7.6926,53.28823,2021/02/06 00:00:00+00,Sat 06 Feb 2021,903,3870,0,166106,93675,6,166112,93681,3.46173475607786,1.95228986276807,573
-7.6926,53.28823,2021/02/07 00:00:00+00,Sun 07 Feb 2021,333,1301,2,166439,94976,8,166447,94984,3.46871607677285,1.97944407430709,574
-7.6926,53.28823,2021/02/08 00:00:00+00,Mon 08 Feb 2021,1189,880,0,167628,95856,8,167636,95864,3.49349455529925,1.99778306598348,575
-7.6926,53.28823,2021/02/09 00:00:00+00,Tue 09 Feb 2021,4265,549,3,171893,96405,11,171904,96416,3.58243866492974,2.00928661530777,576
-7.6926,53.28823,2021/02/10 00:00:00+00,Wed 10 Feb 2021,8828,580,0,180721,96985,11,180732,96996,3.76641209506516,2.02137367800357,577
-7.6926,53.28823,2021/02/11 00:00:00+00,Thu 11 Feb 2021,6190,447,0,186911,97432,11,186922,97443,3.89541022969795,2.03068905218464,578
-7.6926,53.28823,2021/02/12 00:00:00+00,Fri 12 Feb 2021,4399,525,0,191310,97957,11,191321,97968,3.98708434831664,2.04162992790067,579
-7.6926,53.28823,2021/02/13 00:00:00+00,Sat 13 Feb 2021,1214,1915,0,192524,99872,11,192535,99883,4.01238382092475,2.08153807456009,580
-7.6926,53.28823,2021/02/14 00:00:00+00,Sun 14 Feb 2021,2702,27,0,195226,99899,11,195237,99910,4.06869286127657,2.08210074816834,581
-7.6926,53.28823,2021/02/15 00:00:00+00,Mon 15 Feb 2021,1966,7893,0,197192,107792,11,197203,107803,4.10966383586269,2.2465889996476,582
-7.6926,53.28823,2021/02/16 00:00:00+00,Tue 16 Feb 2021,5657,8164,0,202849,115956,11,202860,115967,4.2275543766733,2.41672482697266,583
-7.6926,53.28823,2021/02/17 00:00:00+00,Wed 17 Feb 2021,9748,8464,0,212597,124420,11,212608,124431,4.43070038901586,2.5931125832783,584
-7.6926,53.28823,2021/02/18 00:00:00+00,Thu 18 Feb 2021,8468,8354,1,221065,132774,12,221077,132786,4.60719234413785,2.76722880538766,585
-7.6926,53.28823,2021/02/19 00:00:00+00,Fri 19 Feb 2021,9396,6584,0,230461,139358,12,230473,139370,4.80300275980985,2.90443780674829,586
-7.6926,53.28823,2021/02/20 00:00:00+00,Sat 20 Feb 2021,5894,3573,2,236355,142931,14,236369,142945,4.92587400404166,2.97893996043363,587
-7.6926,53.28823,2021/02/21 00:00:00+00,Sun 21 Feb 2021,1115,1024,6,237470,143955,20,237490,143975,4.94923537866579,3.00040491660031,588
-7.6926,53.28823,2021/02/22 00:00:00+00,Mon 22 Feb 2021,3946,1123,1,241416,145078,21,241437,145099,5.03148992428706,3.02382881051424,589
-7.6926,53.28823,2021/02/23 00:00:00+00,Tue 23 Feb 2021,13365,1070,1,254781,146148,22,254803,146170,5.3100342001355,3.04614819697494,590
-7.6926,53.28823,2021/02/24 00:00:00+00,Wed 24 Feb 2021,16944,2106,5,271725,148254,27,271752,148281,5.66324734777543,3.09014093723501,591
-7.6926,53.28823,2021/02/25 00:00:00+00,Thu 25 Feb 2021,18099,1759,2,289824,150013,29,289853,150042,6.04046790270081,3.12683976035106,592
-7.6926,53.28823,2021/02/26 00:00:00+00,Fri 26 Feb 2021,16082,2772,0,305906,152785,29,305935,152814,6.37561297558684,3.18460758413169,593
-7.6926,53.28823,2021/02/27 00:00:00+00,Sat 27 Feb 2021,9000,706,1,314906,153491,30,314936,153521,6.56319168476774,3.19934129676261,594
-7.6926,53.28823,2021/02/28 00:00:00+00,Sun 28 Feb 2021,2447,59,2,317353,153550,32,317385,153582,6.6142282650126,3.20061252232199,595
-7.6926,53.28823,2021/03/01 00:00:00+00,Mon 01 Mar 2021,5608,799,0,322961,154349,32,322993,154381,6.73109765742305,3.21726349317362,596
-7.6926,53.28823,2021/03/02 00:00:00+00,Tue 02 Mar 2021,12187,1613,0,335148,155962,32,335180,155994,6.98507185237779,3.25087803132592,597
-7.6926,53.28823,2021/03/03 00:00:00+00,Wed 03 Mar 2021,12907,1506,1,348055,157468,33,348088,157501,7.2540715166492,3.28228355457173,598
-7.6926,53.28823,2021/03/04 00:00:00+00,Thu 04 Mar 2021,18725,1692,5,366780,159160,38,366818,159198,7.64440028267055,3.31764863283859,599
-7.6926,53.28823,2021/03/05 00:00:00+00,Fri 05 Mar 2021,18450,2402,6,385230,161562,44,385274,161606,8.0290189535563,3.36783078278944,600
-7.6926,53.28823,2021/03/06 00:00:00+00,Sat 06 Mar 2021,10404,143,5,395634,161705,49,395683,161754,8.24594004941942,3.3709150677532,601
-7.6926,53.28823,2021/03/07 00:00:00+00,Sun 07 Mar 2021,1525,12,3,397159,161717,52,397211,161769,8.27778320769387,3.37122766420223,602
-7.6926,53.28823,2021/03/08 00:00:00+00,Mon 08 Mar 2021,6671,1501,5,403830,163218,57,403887,163275,8.41690946727522,3.40261234768478,603
-7.6926,53.28823,2021/03/09 00:00:00+00,Tue 09 Mar 2021,13844,3107,6,417674,166325,63,417737,166388,8.70554018854567,3.46748653074001,604
-7.6926,53.28823,2021/03/10 00:00:00+00,Wed 10 Mar 2021,13746,3990,3,431420,170315,66,431486,170381,8.992066093726,3.55069970547163,605
-7.6926,53.28823,2021/03/11 00:00:00+00,Thu 11 Mar 2021,18493,2102,3,449913,172417,69,449982,172486,9.37751835514249,3.59456740715208,606
-7.6926,53.28823,2021/03/12 00:00:00+00,Fri 12 Mar 2021,17339,1341,4,467252,173758,73,467325,173831,9.73894236951026,3.62259688874838,607
-7.6926,53.28823,2021/03/13 00:00:00+00,Sat 13 Mar 2021,8318,176,0,475570,173934,73,475643,174007,9.91228752037868,3.62626468708366,608
-7.6926,53.28823,2021/03/14 00:00:00+00,Sun 14 Mar 2021,385,20,2,475955,173954,75,476030,174029,9.92035250876364,3.62672316187557,609
-7.6926,53.28823,2021/03/15 00:00:00+00,Mon 15 Mar 2021,2663,996,0,478618,174950,75,478693,175025,9.97584879834799,3.64747956609112,610
-7.6926,53.28823,2021/03/16 00:00:00+00,Tue 16 Mar 2021,8952,3824,2,487570,178774,77,487647,178851,10.1624480386553,3.72721250035688,611
-7.6926,53.28823,2021/03/17 00:00:00+00,Wed 17 Mar 2021,4886,2418,7,492456,181192,84,492540,181276,10.2644170003286,3.7777489262833,612
-7.6926,53.28823,2021/03/18 00:00:00+00,Thu 18 Mar 2021,11730,4685,5,504186,185877,89,504275,185966,10.508971622286,3.87548741601315,613
-7.6926,53.28823,2021/03/19 00:00:00+00,Fri 19 Mar 2021,10383,6135,2,514569,192012,91,514660,192103,10.7253925638306,4.0033810431927,614
-7.6926,53.28823,2021/03/20 00:00:00+00,Sat 20 Mar 2021,5255,3120,4,519824,195132,95,519919,195227,10.8349888788603,4.06848446364389,615
-7.6926,53.28823,2021/03/21 00:00:00+00,Sun 21 Mar 2021,3648,54,3,523472,195186,98,523570,195284,10.9110748545541,4.0696723301502,616
-7.6926,53.28823,2021/03/22 00:00:00+00,Mon 22 Mar 2021,7419,2410,1,530891,197596,99,530990,197695,11.0657058980073,4.11991699939085,617
-7.6926,53.28823,2021/03/23 00:00:00+00,Tue 23 Mar 2021,12570,7397,4,543461,204993,103,543564,205096,11.327745081347,4.27415208734195,618
-7.6926,53.28823,2021/03/24 00:00:00+00,Wed 24 Mar 2021,13635,9782,2,557096,214775,105,557201,214880,11.6119369330412,4.47804833116218,619
-7.6926,53.28823,2021/03/25 00:00:00+00,Thu 25 Mar 2021,20877,10225,3,577973,225000,108,578081,225108,12.0470711900901,4.69119742987368,620
-7.6926,53.28823,2021/03/26 00:00:00+00,Fri 26 Mar 2021,19705,9499,1,597678,234499,109,597787,234608,12.4577395650616,4.88917518092561,621
-7.6926,53.28823,2021/03/27 00:00:00+00,Sat 27 Mar 2021,11764,5360,3,609442,239859,112,609554,239971,12.7029610594435,5.00093883133525,622
-7.6926,53.28823,2021/03/28 00:00:00+00,Sun 28 Mar 2021,2492,484,0,611934,240343,112,612046,240455,12.754893749509,5.01102527675727,623
-7.6926,53.28823,2021/03/28 23:00:00+00,Mon 29 Mar 2021,9284,3124,3,621218,243467,115,621333,243582,12.9484326309847,5.07619121649826,624
-7.6926,53.28823,2021/03/29 23:00:00+00,Tue 30 Mar 2021,13341,8673,4,634559,252140,119,634678,252259,13.2265392718045,5.25701784238012,625
-7.6926,53.28823,2021/03/30 23:00:00+00,Wed 31 Mar 2021,15840,10504,4,650399,262644,123,650522,262767,13.5567244810326,5.47600207480683,626
-7.6926,53.28823,2021/03/31 23:00:00+00,Thu 01 Apr 2021,19700,11577,9,670099,274221,132,670231,274353,13.9674553752939,5.71745157203712,627
-7.6926,53.28823,2021/04/01 23:00:00+00,Fri 02 Apr 2021,20154,13723,9,690253,287944,141,690394,288085,14.3876475220792,6.00362320124188,628
-7.6926,53.28823,2021/04/02 23:00:00+00,Sat 03 Apr 2021,7549,4636,6,697802,292580,147,697949,292727,14.5450919335737,6.10036138233484,629
-7.6926,53.28823,2021/04/03 23:00:00+00,Sun 04 Apr 2021,3043,170,3,700845,292750,150,700995,292900,14.6085698524899,6.10396666138031,630
-7.6926,53.28823,2021/04/04 23:00:00+00,Mon 05 Apr 2021,3439,610,5,704284,293360,155,704439,293515,14.680341997187,6.11678311579052,631
-7.6926,53.28823,2021/04/05 23:00:00+00,Tue 06 Apr 2021,12004,8154,11,716288,301514,166,716454,301680,14.9307317528596,6.28693978287884,632
-7.6926,53.28823,2021/04/06 23:00:00+00,Wed 07 Apr 2021,18371,10477,12,734659,311991,178,734837,312169,15.3138291210267,6.50552805980345,633
-7.6926,53.28823,2021/04/07 23:00:00+00,Thu 08 Apr 2021,20191,10566,16,754850,322557,194,755044,322751,15.7349382173958,6.72605443471204,634
-7.6926,53.28823,2021/04/08 23:00:00+00,Fri 09 Apr 2021,20680,9162,16,775530,331719,210,775740,331929,16.1662379580033,6.91732178199149,635
-7.6926,53.28823,2021/04/09 23:00:00+00,Sat 10 Apr 2021,11182,4179,12,786712,335898,222,786934,336120,16.3995182680323,7.00466122985029,636
-7.6926,53.28823,2021/04/10 23:00:00+00,Sun 11 Apr 2021,2864,367,8,789576,336265,230,789806,336495,16.4593700681398,7.01247614107603,637
-7.6926,53.28823,2021/04/11 23:00:00+00,Mon 12 Apr 2021,7783,2801,13,797359,339066,243,797602,339309,16.621836862582,7.07111923491394,638
-7.6926,53.28823,2021/04/12 23:00:00+00,Tue 13 Apr 2021,11524,8591,1,808883,347657,244,809127,347901,16.8620151342529,7.25017448091797,639
