X,Y,VaccinationDate,VaccineText,Dose1,Dose2,SingleDose,Dose1Cum,Dose2Cum,SingleDoseCum,PartiallyVacc,FullyVacc,PartialPercent,FullyPercent,ObjectId
-7.6926,53.28823,2021/08/06 23:00:00+00,Sat 07 Aug 2021,6351,8485,585,3263238,2748369,228064,3491302,2976433,72.7579071792776,62.0281591049238,1
-7.6926,53.28823,2021/08/07 23:00:00+00,Sun 08 Aug 2021,8636,12002,153,3271874,2760371,228217,3500091,2988588,72.9410678586456,62.281466427454,2
-7.6926,53.28823,2021/08/08 23:00:00+00,Mon 09 Aug 2021,5572,23058,601,3277446,2783429,228818,3506264,3012247,73.0697117173028,62.7745143866264,3
-7.6926,53.28823,2021/08/09 23:00:00+00,Tue 10 Aug 2021,9386,26042,718,3286832,2809471,229536,3516368,3039007,73.280276685369,63.3321864516948,4
-7.6926,53.28823,2021/08/10 23:00:00+00,Wed 11 Aug 2021,7043,31255,668,3293875,2840726,230204,3524079,3070930,73.4409720999333,63.9974542145191,5
-7.6926,53.28823,2021/08/11 23:00:00+00,Thu 12 Aug 2021,6795,38319,865,3300670,2879045,231069,3531739,3110114,73.600604686571,64.8140394984369,6
-7.6926,53.28823,2021/08/12 23:00:00+00,Fri 13 Aug 2021,10954,28251,875,3311624,2907296,231944,3543568,3139240,73.8471182462756,65.4210184433989,7
-7.6926,53.28823,2021/08/13 23:00:00+00,Sat 14 Aug 2021,18155,5864,281,3329779,2913160,232225,3562004,3145385,74.2313201218959,65.5490787886846,8
-7.6926,53.28823,2021/08/14 23:00:00+00,Sun 15 Aug 2021,17007,3743,52,3346786,2916903,232277,3579063,3149180,74.5868256434954,65.628165690289,9
-7.6926,53.28823,2021/08/15 23:00:00+00,Mon 16 Aug 2021,10208,23181,386,3356994,2940084,232663,3589657,3172747,74.8076020955632,66.1192963912407,10
-7.6926,53.28823,2021/08/16 23:00:00+00,Tue 17 Aug 2021,12886,26886,532,3369880,2966970,233195,3603075,3200165,75.0872300391017,66.6906810205399,11
-7.6926,53.28823,2021/08/17 23:00:00+00,Wed 18 Aug 2021,15251,25796,658,3385131,2992766,233853,3618984,3226619,75.4187698329422,67.2419761180481,12
-7.6926,53.28823,2021/08/18 23:00:00+00,Thu 19 Aug 2021,11381,25745,545,3396512,3018511,234398,3630910,3252909,75.6673048496838,67.7898534943803,13
-7.6926,53.28823,2021/08/19 23:00:00+00,Fri 20 Aug 2021,14871,22294,686,3411383,3040805,235084,3646467,3275889,75.9915090468538,68.2687512542932,14
-7.6926,53.28823,2021/08/20 23:00:00+00,Sat 21 Aug 2021,11917,8001,246,3423300,3048806,235330,3658630,3284136,76.2449830874901,68.4406167819696,15
-7.6926,53.28823,2021/08/21 23:00:00+00,Sun 22 Aug 2021,8009,12267,162,3431309,3061073,235492,3666801,3296565,76.4152647931581,68.6996341996354,16
-7.6926,53.28823,2021/08/22 23:00:00+00,Mon 23 Aug 2021,10889,15419,294,3442198,3076492,235786,3677984,3312278,76.6483158657911,69.0270893998753,17
-7.6926,53.28823,2021/08/23 23:00:00+00,Tue 24 Aug 2021,9726,22943,384,3451924,3099435,236170,3688094,3335605,76.8590058724369,69.5132185576425,18
-7.6926,53.28823,2021/08/24 23:00:00+00,Wed 25 Aug 2021,9426,19558,318,3461350,3118993,236488,3697838,3355481,77.0620685257264,69.9274296923697,19
-7.6926,53.28823,2021/08/25 23:00:00+00,Thu 26 Aug 2021,8605,19468,370,3469955,3138461,236858,3706813,3375319,77.2491054010623,70.3408489160927,20
-7.6926,53.28823,2021/08/26 23:00:00+00,Fri 27 Aug 2021,9736,19248,432,3479691,3157709,237290,3716981,3394999,77.4610041139777,70.7509754572192,21
-7.6926,53.28823,2021/08/27 23:00:00+00,Sat 28 Aug 2021,9937,7949,155,3489628,3165658,237445,3727073,3403103,77.6713190048846,70.9198608987481,22
-7.6926,53.28823,2021/08/28 23:00:00+00,Sun 29 Aug 2021,8808,9205,30,3498436,3174863,237475,3735911,3412338,77.8555008326528,71.1123161125339,23
-7.6926,53.28823,2021/08/29 23:00:00+00,Mon 30 Aug 2021,5075,11176,85,3503511,3186039,237560,3741071,3423599,77.9630340111189,71.3469926867019,24
-7.6926,53.28823,2021/08/30 23:00:00+00,Tue 31 Aug 2021,4085,12920,146,3507596,3198959,237706,3745302,3436665,78.0512070495084,71.6192850335697,25
-7.6926,53.28823,2021/08/31 23:00:00+00,Wed 01 Sep 2021,5005,12574,184,3512601,3211533,237890,3750491,3449423,78.1593445811093,71.8851587333508,26
-7.6926,53.28823,2021/09/01 23:00:00+00,Thu 02 Sep 2021,5016,12392,249,3517617,3223925,238139,3755756,3462064,78.2690659347186,72.1485941808295,27
-7.6926,53.28823,2021/09/02 23:00:00+00,Fri 03 Sep 2021,4790,16121,167,3522407,3240046,238306,3760713,3478352,78.3723686412412,72.4880322449489,28
-7.6926,53.28823,2021/09/03 23:00:00+00,Sat 04 Sep 2021,4634,10597,136,3527041,3250643,238442,3765483,3489085,78.4717743120325,72.7117054241111,29
-7.6926,53.28823,2021/09/04 23:00:00+00,Sun 05 Sep 2021,5310,11914,1,3532351,3262557,238443,3770794,3501000,78.5824542947522,72.9600112034567,30
-7.6926,53.28823,2021/09/05 23:00:00+00,Mon 06 Sep 2021,2172,9713,76,3534523,3272270,238519,3773042,3510789,78.6293020825801,73.1640116460933,31
-7.6926,53.28823,2021/09/06 23:00:00+00,Tue 07 Sep 2021,3040,10047,162,3537563,3282317,238681,3776244,3520998,78.6960310045662,73.3767647893027,32
-7.6926,53.28823,2021/09/07 23:00:00+00,Wed 08 Sep 2021,2615,14828,191,3540178,3297145,238872,3779050,3536017,78.754507380298,73.6897571938342,33
-7.6926,53.28823,2021/09/08 23:00:00+00,Thu 09 Sep 2021,3131,14843,138,3543309,3311988,239010,3782319,3550998,78.8226325664231,74.0019576873615,34
-7.6926,53.28823,2021/09/09 23:00:00+00,Fri 10 Sep 2021,3398,13962,116,3546707,3325950,239126,3785833,3565076,78.895863494549,74.2953398746572,35
-7.6926,53.28823,2021/09/10 23:00:00+00,Sat 11 Sep 2021,2567,11353,62,3549274,3337303,239188,3788462,3576491,78.9506512321823,74.5332257723685,36
-7.6926,53.28823,2021/09/11 23:00:00+00,Sun 12 Sep 2021,2045,12889,1,3551319,3350192,239189,3790508,3589381,78.9932893878299,74.8018503209011,37
-7.6926,53.28823,2021/09/12 23:00:00+00,Mon 13 Sep 2021,1625,7763,52,3552944,3357955,239241,3792185,3597196,79.0282376708314,74.9647130708454,38
-7.6926,53.28823,2021/09/13 23:00:00+00,Tue 14 Sep 2021,1559,10806,82,3554503,3368761,239323,3793826,3608084,79.0624357223552,75.1916164133142,39
-7.6926,53.28823,2021/09/14 23:00:00+00,Wed 15 Sep 2021,3294,12391,138,3557797,3381152,239461,3797258,3620613,79.1339577898931,75.4527178073068,40
-7.6926,53.28823,2021/09/15 23:00:00+00,Thu 16 Sep 2021,1922,10590,116,3559719,3391742,239577,3799296,3631319,79.1764292274346,75.6758283128607,41
-7.6926,53.28823,2021/09/16 23:00:00+00,Fri 17 Sep 2021,2566,14634,95,3562285,3406376,239672,3801957,3646048,79.2318838374924,75.9827771860443,42
-7.6926,53.28823,2021/09/17 23:00:00+00,Sat 18 Sep 2021,2292,11247,48,3564577,3417623,239720,3804297,3657343,79.2806488835409,76.2181623121634,43
-7.6926,53.28823,2021/09/18 23:00:00+00,Sun 19 Sep 2021,1865,8500,16,3566442,3426123,239736,3806178,3665859,79.3198484782492,76.395633736159,44
-7.6926,53.28823,2021/09/19 23:00:00+00,Mon 20 Sep 2021,968,5649,35,3567410,3431772,239771,3807181,3671543,79.3407507608077,76.5140869505779,45
-7.6926,53.28823,2021/09/20 23:00:00+00,Tue 21 Sep 2021,1479,6694,90,3568889,3438466,239861,3808750,3678327,79.3734483493761,76.6554639045922,46
-7.6926,53.28823,2021/09/21 23:00:00+00,Wed 22 Sep 2021,1904,8174,97,3570793,3446640,239958,3810751,3686598,79.4151487156767,76.827829586587,47
-7.6926,53.28823,2021/09/22 23:00:00+00,Thu 23 Sep 2021,1693,8745,89,3572486,3455385,240047,3812533,3695432,79.4522851738213,77.0119280553021,48
-7.6926,53.28823,2021/09/23 23:00:00+00,Fri 24 Sep 2021,1917,7410,81,3574403,3462795,240128,3814531,3702923,79.4939230208321,77.1680387219473,49
-7.6926,53.28823,2021/09/24 23:00:00+00,Sat 25 Sep 2021,2426,6619,53,3576829,3469414,240181,3817010,3709595,79.545584793975,77.3070816224756,50
-7.6926,53.28823,2021/09/25 23:00:00+00,Sun 26 Sep 2021,1550,7102,0,3578379,3476516,240181,3818560,3716697,79.5778864270413,77.4550856212094,51
-7.6926,53.28823,2021/09/26 23:00:00+00,Mon 27 Sep 2021,1181,3845,45,3579560,3480361,240226,3819786,3720587,79.6034359768087,77.5361523003243,52
-7.6926,53.28823,2021/09/27 23:00:00+00,Tue 28 Sep 2021,1458,5163,94,3581018,3485524,240320,3821338,3725844,79.6357792894016,77.6457069358275,53
-7.6926,53.28823,2021/09/28 23:00:00+00,Wed 29 Sep 2021,1654,3640,80,3582672,3489164,240400,3823072,3729564,79.6719154389094,77.7232308551868,54
-7.6926,53.28823,2021/09/29 23:00:00+00,Thu 30 Sep 2021,1278,4003,78,3583950,3493167,240478,3824428,3733645,79.7001741579016,77.808277929086,55
-7.6926,53.28823,2021/09/30 23:00:00+00,Fri 01 Oct 2021,1874,5214,42,3585824,3498381,240520,3826344,3738901,79.7401031443243,77.9178117248259,56
-7.6926,53.28823,2021/10/01 23:00:00+00,Sat 02 Oct 2021,1684,4112,41,3587508,3502493,240561,3828069,3743054,79.7760517359627,78.0043592616805,57
-7.6926,53.28823,2021/10/02 23:00:00+00,Sun 03 Oct 2021,1197,3026,9,3588705,3505519,240570,3829275,3746089,79.8011844904647,78.0676079432008,58
-7.6926,53.28823,2021/10/03 23:00:00+00,Mon 04 Oct 2021,350,1245,18,3589055,3506764,240588,3829643,3747352,79.8088535233475,78.0939285642091,59
-7.6926,53.28823,2021/10/04 23:00:00+00,Tue 05 Oct 2021,960,2847,70,3590015,3509611,240658,3830673,3750269,79.8303184795142,78.1547181536637,60
-7.6926,53.28823,2021/10/05 23:00:00+00,Wed 06 Oct 2021,974,2586,40,3590989,3512197,240698,3831687,3752895,79.8514499994686,78.2094433720071,61
-7.6926,53.28823,2021/10/06 23:00:00+00,Thu 07 Oct 2021,1214,2724,44,3592203,3514921,240742,3832945,3755663,79.8776664216605,78.2671278367346,62
-7.6926,53.28823,2021/10/07 23:00:00+00,Fri 08 Oct 2021,916,2765,48,3593119,3517686,240790,3833909,3758476,79.8977559534515,78.3257500908093,63
-7.6926,53.28823,2021/10/08 23:00:00+00,Sat 09 Oct 2021,725,2374,23,3593844,3520060,240813,3834657,3760873,79.9133440963764,78.3757030033642,64
-7.6926,53.28823,2021/10/09 23:00:00+00,Sun 10 Oct 2021,1522,3930,3,3595366,3523990,240816,3836182,3764806,79.9451247353611,78.4576657922997,65
-7.6926,53.28823,2021/10/10 23:00:00+00,Mon 11 Oct 2021,335,1151,19,3595701,3525141,240835,3836536,3765976,79.9525020115582,78.482048315324,66
-7.6926,53.28823,2021/10/11 23:00:00+00,Tue 12 Oct 2021,563,1634,21,3596264,3526775,240856,3837120,3767631,79.964672433307,78.5165381235335,67
-7.6926,53.28823,2021/10/12 23:00:00+00,Wed 13 Oct 2021,991,2090,11,3597255,3528865,240867,3838122,3769732,79.9855538761022,78.5603224661609,68
-7.6926,53.28823,2021/10/13 23:00:00+00,Thu 14 Oct 2021,655,1622,9,3597910,3530487,240876,3838786,3771363,79.9993914789126,78.5943121200521,69
-7.6926,53.28823,2021/10/14 23:00:00+00,Fri 15 Oct 2021,958,2091,10,3598868,3532578,240886,3839754,3773464,80.0195643697566,78.6380964626794,70
-7.6926,53.28823,2021/10/15 23:00:00+00,Sat 16 Oct 2021,1384,2663,14,3600252,3535241,240900,3841152,3776141,80.0486983588061,78.6938845089495,71
-7.6926,53.28823,2021/10/16 23:00:00+00,Sun 17 Oct 2021,1709,2894,3,3601961,3538135,240903,3842864,3779038,80.084376033522,78.7542573031387,72
-7.6926,53.28823,2021/10/17 23:00:00+00,Mon 18 Oct 2021,681,1268,6,3602642,3539403,240909,3843551,3780312,80.0986929508876,78.780807161543,73
-7.6926,53.28823,2021/10/18 23:00:00+00,Tue 19 Oct 2021,1343,1818,13,3603985,3541221,240922,3844907,3782143,80.1269516698798,78.8189647680878,74
-7.6926,53.28823,2021/10/19 23:00:00+00,Wed 20 Oct 2021,2263,2353,1,3606248,3543574,240923,3847171,3784497,80.17413289392,78.8680215708222,75
-7.6926,53.28823,2021/10/20 23:00:00+00,Thu 21 Oct 2021,1732,1865,11,3607980,3545439,240934,3848914,3786373,80.2104566012972,78.9071169667141,76
-7.6926,53.28823,2021/10/21 23:00:00+00,Fri 22 Oct 2021,1509,1945,3,3609489,3547384,240937,3850426,3788321,80.2419663233593,78.9477128255614,77
-7.6926,53.28823,2021/10/22 23:00:00+00,Sat 23 Oct 2021,2018,1716,1,3611507,3549100,240938,3852445,3790038,80.2840418053987,78.9834946990936,78
-7.6926,53.28823,2021/10/23 23:00:00+00,Sun 24 Oct 2021,1960,2193,2,3613467,3551293,240940,3854407,3792233,80.3249294209317,79.0292379794682,79
-7.6926,53.28823,2021/10/24 23:00:00+00,Mon 25 Oct 2021,1242,870,2,3614709,3552163,240942,3855651,3793105,80.3508540864379,79.0474102530385,80
-7.6926,53.28823,2021/10/25 23:00:00+00,Tue 26 Oct 2021,1247,1245,6,3615956,3553408,240948,3856904,3794356,80.3769663098135,79.0734807968875,81
-7.6926,53.28823,2021/10/26 23:00:00+00,Wed 27 Oct 2021,1569,1440,6,3617525,3554848,240954,3858479,3795802,80.4097889369616,79.103615094574,82
-7.6926,53.28823,2021/10/27 23:00:00+00,Thu 28 Oct 2021,2161,1714,5,3619686,3556562,240959,3860645,3797521,80.4549278642014,79.1394386476327,83
-7.6926,53.28823,2021/10/28 23:00:00+00,Fri 29 Oct 2021,2148,1386,3,3621834,3557948,240962,3862796,3798910,80.4997541949922,79.1683850788129,84
-7.6926,53.28823,2021/10/29 23:00:00+00,Sat 30 Oct 2021,2021,1463,1,3623855,3559411,240963,3864818,3800374,80.5418921963214,79.1988944922381,85
-7.6926,53.28823,2021/10/30 23:00:00+00,Sun 31 Oct 2021,1601,1321,0,3625456,3560732,240963,3866419,3801695,80.5752566573145,79.226423819516,86
-7.6926,53.28823,2021/11/01 00:00:00+00,Mon 01 Nov 2021,297,306,2,3625753,3561038,240965,3866718,3802003,80.5814877465318,79.2328424666027,87
-7.6926,53.28823,2021/11/02 00:00:00+00,Tue 02 Nov 2021,1100,1101,10,3626853,3562139,240975,3867828,3803114,80.60461988376,79.2559954435942,88
-7.6926,53.28823,2021/11/03 00:00:00+00,Wed 03 Nov 2021,2540,1889,7,3629393,3564028,240982,3870375,3805010,80.6576987608051,79.2955076347515,89
-7.6926,53.28823,2021/11/04 00:00:00+00,Thu 04 Nov 2021,1539,1297,2,3630932,3565325,240984,3871916,3806309,80.6898128360021,79.3225784872374,90
-7.6926,53.28823,2021/11/05 00:00:00+00,Fri 05 Nov 2021,1630,1110,4,3632562,3566435,240988,3873550,3807423,80.723865009183,79.3457939835187,91
-7.6926,53.28823,2021/11/06 00:00:00+00,Sat 06 Nov 2021,1824,1366,6,3634386,3567801,240994,3875380,3808795,80.7620017759646,79.3743861387232,92
-7.6926,53.28823,2021/11/07 00:00:00+00,Sun 07 Nov 2021,698,775,0,3635084,3568576,240994,3876078,3809570,80.7765479307261,79.3905369552564,93
-7.6926,53.28823,2021/11/08 00:00:00+00,Mon 08 Nov 2021,520,539,4,3635604,3569115,240998,3876602,3810113,80.7874679666789,79.4018529467113,94
-7.6926,53.28823,2021/11/09 00:00:00+00,Tue 09 Nov 2021,1375,1077,4,3636979,3570192,241002,3877981,3811194,80.8162060002263,79.4243807308047,95
-7.6926,53.28823,2021/11/10 00:00:00+00,Wed 10 Nov 2021,1604,1370,2,3638583,3571562,241004,3879587,3812566,80.8496746600357,79.4529728860092,96
-7.6926,53.28823,2021/11/11 00:00:00+00,Thu 11 Nov 2021,1395,1129,2,3639978,3572691,241006,3880984,3813697,80.878787809322,79.476542658266,97
-7.6926,53.28823,2021/11/12 00:00:00+00,Fri 12 Nov 2021,1144,1163,6,3641122,3573854,241012,3882134,3814866,80.9027535370809,79.500904341527,98
-7.6926,53.28823,2021/11/13 00:00:00+00,Sat 13 Nov 2021,1396,1386,0,3642518,3575240,241012,3883530,3816252,80.9318458466039,79.5297882534174,99
-7.6926,53.28823,2021/11/14 00:00:00+00,Sun 14 Nov 2021,1648,1808,1,3644166,3577048,241013,3885179,3818061,80.9662106162339,79.5674873851703,100
-7.6926,53.28823,2021/11/15 00:00:00+00,Mon 15 Nov 2021,1244,600,1,3645410,3577648,241014,3886424,3818662,80.9921561215033,79.5800120828947,101
-7.6926,53.28823,2021/11/16 00:00:00+00,Tue 16 Nov 2021,1321,1085,5,3646731,3578733,241019,3887750,3819752,81.0197896475975,79.6027274248575,102
-7.6926,53.28823,2021/11/17 00:00:00+00,Wed 17 Nov 2021,1503,1127,3,3648234,3579860,241022,3889256,3820882,81.0511743310801,79.6262763573511,103
-7.6926,53.28823,2021/11/18 00:00:00+00,Thu 18 Nov 2021,1641,2521,5,3649875,3582381,241027,3890902,3823408,81.0854765814202,79.6789175993676,104
-7.6926,53.28823,2021/11/19 00:00:00+00,Fri 19 Nov 2021,1166,1567,0,3651041,3583948,241027,3892068,3824975,81.1097757453914,79.7115735084096,105
-7.6926,53.28823,2021/11/20 00:00:00+00,Sat 20 Nov 2021,1547,2952,12,3652588,3586900,241039,3893627,3827939,81.1422649363272,79.7733425667378,106
-7.6926,53.28823,2021/11/21 00:00:00+00,Sun 21 Nov 2021,1790,2772,0,3654378,3589672,241039,3895417,3830711,81.1795681125781,79.8311103905184,107
-7.6926,53.28823,2021/11/22 00:00:00+00,Mon 22 Nov 2021,725,523,3,3655103,3590195,241042,3896145,3831237,81.1947394602376,79.8420721059977,108
-7.6926,53.28823,2021/11/23 00:00:00+00,Tue 23 Nov 2021,2159,1604,8,3657262,3591799,241050,3898312,3832849,81.2398992272407,79.8756658043867,109
-7.6926,53.28823,2021/11/24 00:00:00+00,Wed 24 Nov 2021,1615,3155,2,3658877,3594954,241052,3899929,3836006,81.2735971244461,79.9414569370258,110
-7.6926,53.28823,2021/11/25 00:00:00+00,Thu 25 Nov 2021,982,1191,2,3659859,3596145,241054,3900913,3837199,81.2941034515024,79.9663187746053,111
-7.6926,53.28823,2020/12/28 00:00:00+00,Mon 28 Dec 2020,297,24,4,297,24,4,301,28,0.00627276874385618,0.000583513371521505,112
-7.6926,53.28823,2020/12/29 00:00:00+00,Tue 29 Dec 2020,81,3,0,378,27,4,382,31,0.00796078956861482,0.00064603266132738,113
-7.6926,53.28823,2020/12/30 00:00:00+00,Wed 30 Dec 2020,1066,2,0,1444,29,4,1448,33,0.0301759772129692,0.000687712187864631,114
-7.6926,53.28823,2020/12/31 00:00:00+00,Thu 31 Dec 2020,1042,1,0,2486,30,4,2490,34,0.0518910105388767,0.000708551951133256,115
-7.6926,53.28823,2021/01/01 00:00:00+00,Fri 01 Jan 2021,823,0,0,3309,30,4,3313,34,0.0690421357089552,0.000708551951133256,116
-7.6926,53.28823,2021/01/02 00:00:00+00,Sat 02 Jan 2021,1021,0,0,4330,30,4,4334,34,0.0903195340062215,0.000708551951133256,117
-7.6926,53.28823,2021/01/03 00:00:00+00,Sun 03 Jan 2021,25,3,1,4355,33,5,4360,38,0.0908613678512058,0.000791911004207756,118
-7.6926,53.28823,2021/01/04 00:00:00+00,Mon 04 Jan 2021,1198,5,0,5553,38,5,5558,43,0.115827404247019,0.000896109820550883,119
-7.6926,53.28823,2021/01/05 00:00:00+00,Tue 05 Jan 2021,3546,14,0,9099,52,5,9104,57,0.189725204797564,0.00118786650631163,120
-7.6926,53.28823,2021/01/06 00:00:00+00,Wed 06 Jan 2021,6797,14,0,15896,66,5,15901,71,0.331373075734409,0.00147962319207239,121
-7.6926,53.28823,2021/01/07 00:00:00+00,Thu 07 Jan 2021,11743,9,0,27639,75,5,27644,80,0.576094415797874,0.00166718106149001,122
-7.6926,53.28823,2021/01/08 00:00:00+00,Fri 08 Jan 2021,12691,8,0,40330,83,5,40335,88,0.840571851439996,0.00183389916763902,123
-7.6926,53.28823,2021/01/09 00:00:00+00,Sat 09 Jan 2021,8081,7,0,48411,90,5,48416,95,1.00897797841376,0.00197977751051939,124
-7.6926,53.28823,2021/01/10 00:00:00+00,Sun 10 Jan 2021,4790,6,1,53201,96,6,53207,102,1.10882128423374,0.00212565585339977,125
-7.6926,53.28823,2021/01/11 00:00:00+00,Mon 11 Jan 2021,8356,8,0,61557,104,6,61563,110,1.28295834610637,0.00229237395954877,126
-7.6926,53.28823,2021/01/12 00:00:00+00,Tue 12 Jan 2021,8901,15,0,70458,119,6,70464,125,1.4684530789604,0.00260497040857815,127
-7.6926,53.28823,2021/01/13 00:00:00+00,Wed 13 Jan 2021,9908,5,0,80366,124,6,80372,130,1.67493345342594,0.00270916922492127,128
-7.6926,53.28823,2021/01/14 00:00:00+00,Thu 14 Jan 2021,8099,6,0,88465,130,6,88471,136,1.84371469613854,0.00283420780453302,129
-7.6926,53.28823,2021/01/15 00:00:00+00,Fri 15 Jan 2021,7708,5,0,96173,135,6,96179,141,2.0043475914131,0.00293840662087615,130
-7.6926,53.28823,2021/01/16 00:00:00+00,Sat 16 Jan 2021,5249,3,0,101422,138,6,101428,144,2.11373550881011,0.00300092591068202,131
-7.6926,53.28823,2021/01/17 00:00:00+00,Sun 17 Jan 2021,1117,5,0,102539,143,6,102545,149,2.13701352438117,0.00310512472702515,132
-7.6926,53.28823,2021/01/18 00:00:00+00,Mon 18 Jan 2021,8732,9,1,111271,152,7,111278,159,2.31900717700607,0.0033135223597114,133
-7.6926,53.28823,2021/01/19 00:00:00+00,Tue 19 Jan 2021,8399,21,0,119670,173,7,119677,180,2.49404034869925,0.00375115738835253,134
-7.6926,53.28823,2021/01/20 00:00:00+00,Wed 20 Jan 2021,8459,966,0,128129,1139,7,128136,1146,2.67032390618856,0.0238823687058444,135
-7.6926,53.28823,2021/01/21 00:00:00+00,Thu 21 Jan 2021,9023,967,0,137152,2106,7,137159,2113,2.85836109016136,0.044034419786605,136
-7.6926,53.28823,2021/01/22 00:00:00+00,Fri 22 Jan 2021,6798,971,0,143950,3077,7,143957,3084,3.00002980086147,0.06426982992044,137
-7.6926,53.28823,2021/01/23 00:00:00+00,Sat 23 Jan 2021,4201,461,0,148151,3538,7,148158,3545,3.08757764635297,0.0738769607872762,138
-7.6926,53.28823,2021/01/24 00:00:00+00,Sun 24 Jan 2021,1190,400,0,149341,3938,7,149348,3945,3.11237696464263,0.0822128660947263,139
-7.6926,53.28823,2021/01/25 00:00:00+00,Mon 25 Jan 2021,1377,1294,0,150718,5232,7,150725,5239,3.14107331866353,0.109179519764327,140
-7.6926,53.28823,2021/01/26 00:00:00+00,Tue 26 Jan 2021,1012,3508,0,151730,8740,7,151737,8747,3.16216315909138,0.182285409310664,141
-7.6926,53.28823,2021/01/27 00:00:00+00,Wed 27 Jan 2021,2194,6711,0,153924,15451,7,153931,15458,3.20788559970274,0.322141060606408,142
-7.6926,53.28823,2021/01/28 00:00:00+00,Thu 28 Jan 2021,1028,11545,0,154952,26996,7,154959,27003,3.22930887634289,0.562736127542686,143
-7.6926,53.28823,2021/01/29 00:00:00+00,Fri 29 Jan 2021,1597,11526,0,156549,38522,7,156556,38529,3.26258997828288,0.802935238976859,144
-7.6926,53.28823,2021/01/30 00:00:00+00,Sat 30 Jan 2021,657,7795,0,157206,46317,7,157213,46324,3.27628170275037,0.965381193655792,145
-7.6926,53.28823,2021/01/31 00:00:00+00,Sun 31 Jan 2021,240,4088,0,157446,50405,7,157453,50412,3.28128324593484,1.05057414589793,146
-7.6926,53.28823,2021/02/01 00:00:00+00,Mon 01 Feb 2021,1045,8337,1,158491,58742,8,158499,58750,3.30308163831382,1.22433609203173,147
-7.6926,53.28823,2021/02/02 00:00:00+00,Tue 02 Feb 2021,851,5113,1,159342,63855,9,159351,63864,3.32083711661869,1.33091064138748,148
-7.6926,53.28823,2021/02/03 00:00:00+00,Wed 03 Feb 2021,1414,6873,0,160756,70728,9,160765,70737,3.35030454188053,1.47414233433274,149
-7.6926,53.28823,2021/02/04 00:00:00+00,Thu 04 Feb 2021,1458,10542,1,162214,81270,10,162224,81280,3.38070975648945,1.69385595847385,150
-7.6926,53.28823,2021/02/05 00:00:00+00,Fri 05 Feb 2021,3409,8616,0,165623,89886,10,165633,89896,3.45175250947219,1.87341135879633,151
-7.6926,53.28823,2021/02/06 00:00:00+00,Sat 06 Feb 2021,915,3871,0,166538,93757,10,166548,93767,3.47082089286299,1.95408208240918,152
-7.6926,53.28823,2021/02/07 00:00:00+00,Sun 07 Feb 2021,341,1300,2,166879,95057,12,166891,95069,3.47796893166412,1.98121545418493,153
-7.6926,53.28823,2021/02/08 00:00:00+00,Mon 08 Feb 2021,1197,883,0,168076,95940,12,168088,95952,3.50291412829667,1.99961696515112,154
-7.6926,53.28823,2021/02/09 00:00:00+00,Tue 09 Feb 2021,4276,556,3,172352,96496,15,172367,96511,3.59208747532312,2.01126639281828,155
-7.6926,53.28823,2021/02/10 00:00:00+00,Wed 10 Feb 2021,8836,586,0,181188,97082,15,181203,97097,3.77622762356469,2.0234784940937,156
-7.6926,53.28823,2021/02/11 00:00:00+00,Thu 11 Feb 2021,6209,452,0,187397,97534,15,187412,97549,3.90562171369958,2.03289806709112,157
-7.6926,53.28823,2021/02/12 00:00:00+00,Fri 12 Feb 2021,4409,528,0,191806,98062,15,191821,98077,3.99750422995095,2.04390146209695,158
-7.6926,53.28823,2021/02/13 00:00:00+00,Sat 13 Feb 2021,1224,1919,0,193030,99981,15,193045,99996,4.02301210019175,2.08389296780944,159
-7.6926,53.28823,2021/02/14 00:00:00+00,Sun 14 Feb 2021,2712,29,0,195742,100010,15,195757,100025,4.07952953817626,2.08449732094423,160
-7.6926,53.28823,2021/02/15 00:00:00+00,Mon 15 Feb 2021,1977,7897,0,197719,107907,15,197734,107922,4.12072975015833,2.24906893147657,161
-7.6926,53.28823,2021/02/16 00:00:00+00,Tue 16 Feb 2021,5663,8170,0,203382,116077,15,203397,116092,4.23874532954855,2.41932979738123,162
-7.6926,53.28823,2021/02/17 00:00:00+00,Wed 17 Feb 2021,9762,8467,0,213144,124544,15,213159,124559,4.44218309857687,2.59578007297668,163
-7.6926,53.28823,2021/02/18 00:00:00+00,Thu 18 Feb 2021,8478,8362,1,221622,132906,16,221638,132922,4.61888345133155,2.7700630131922,164
-7.6926,53.28823,2021/02/19 00:00:00+00,Fri 19 Feb 2021,9403,6594,2,231025,139500,18,231043,139518,4.81488142487297,2.90752209171205,165
-7.6926,53.28823,2021/02/20 00:00:00+00,Sat 20 Feb 2021,5900,3581,2,236925,143081,20,236945,143101,4.93787770768439,2.98219096350353,166
-7.6926,53.28823,2021/02/21 00:00:00+00,Sun 21 Feb 2021,1121,1025,6,238046,144106,26,238072,144132,4.96136412088813,3.00367675943348,167
-7.6926,53.28823,2021/02/22 00:00:00+00,Mon 22 Feb 2021,3956,1129,2,242002,145235,28,242030,145263,5.04384790390535,3.0272465316903,168
-7.6926,53.28823,2021/02/23 00:00:00+00,Tue 23 Feb 2021,13380,1075,1,255382,146310,29,255411,146339,5.32270477620282,3.04967011696734,169
-7.6926,53.28823,2021/02/24 00:00:00+00,Wed 24 Feb 2021,16955,2111,6,272337,148421,35,272372,148456,5.67616800100198,3.09378789580702,170
-7.6926,53.28823,2021/02/25 00:00:00+00,Thu 25 Feb 2021,18110,1770,3,290447,150191,38,290485,150229,6.05363863308658,3.13073679608229,171
-7.6926,53.28823,2021/02/26 00:00:00+00,Fri 26 Feb 2021,16102,2783,1,306549,152974,39,306588,153013,6.38922134100125,3.18875469702214,172
-7.6926,53.28823,2021/02/27 00:00:00+00,Sat 27 Feb 2021,9013,707,1,315562,153681,40,315602,153721,6.57707096710464,3.20350924941633,173
-7.6926,53.28823,2021/02/28 00:00:00+00,Sun 28 Feb 2021,2455,61,2,318017,153742,42,318059,153784,6.62827426545565,3.20482215450225,174
-7.6926,53.28823,2021/03/01 00:00:00+00,Mon 01 Mar 2021,5634,810,0,323651,154552,42,323693,154594,6.74568549171109,3.22170236274984,175
-7.6926,53.28823,2021/03/02 00:00:00+00,Tue 02 Mar 2021,12213,1622,0,335864,156174,42,335906,156216,7.00020152051081,3.25550445877155,176
-7.6926,53.28823,2021/03/03 00:00:00+00,Wed 03 Mar 2021,12928,1514,1,348792,157688,43,348835,157731,7.26963881981086,3.28707670012352,177
-7.6926,53.28823,2021/03/04 00:00:00+00,Thu 04 Mar 2021,18744,1700,5,367536,159388,48,367584,159436,7.66036354133432,3.32260849649652,178
-7.6926,53.28823,2021/03/05 00:00:00+00,Fri 05 Mar 2021,18478,2407,6,386014,161795,54,386068,161849,8.04556572559158,3.37289484526372,179
-7.6926,53.28823,2021/03/06 00:00:00+00,Sat 06 Mar 2021,10416,150,5,396430,161945,59,396489,162004,8.26273689861393,3.37612500857035,180
-7.6926,53.28823,2021/03/07 00:00:00+00,Sun 07 Mar 2021,1539,18,5,397969,161963,64,398033,162027,8.29491349310068,3.37660432312553,181
-7.6926,53.28823,2021/03/08 00:00:00+00,Mon 08 Mar 2021,6686,1514,6,404655,163477,70,404725,163547,8.43437318889432,3.40828076329384,182
-7.6926,53.28823,2021/03/09 00:00:00+00,Tue 09 Mar 2021,13866,3115,6,418521,166592,76,418597,166668,8.72346238495669,3.47332166445522,183
-7.6926,53.28823,2021/03/10 00:00:00+00,Wed 10 Mar 2021,13765,4007,3,432286,170599,79,432365,170678,9.01038424563912,3.55688911516241,184
-7.6926,53.28823,2021/03/11 00:00:00+00,Thu 11 Mar 2021,18512,2109,4,450798,172708,83,450881,172791,9.39625330232099,3.60092353494901,185
-7.6926,53.28823,2021/03/12 00:00:00+00,Fri 12 Mar 2021,17363,1353,4,468161,174061,87,468248,174148,9.7581774710072,3.62920309370454,186
-7.6926,53.28823,2021/03/13 00:00:00+00,Sat 13 Mar 2021,8340,181,0,476501,174242,87,476588,174329,9.93198109666753,3.63297509085616,187
-7.6926,53.28823,2021/03/14 00:00:00+00,Sun 14 Mar 2021,399,23,3,476900,174265,90,476990,174355,9.94035868150152,3.63351692470114,188
-7.6926,53.28823,2021/03/15 00:00:00+00,Mon 15 Mar 2021,2680,1006,0,479580,175271,90,479670,175361,9.99620924706144,3.65448172654938,189
-7.6926,53.28823,2021/03/16 00:00:00+00,Tue 16 Mar 2021,8978,3833,2,488558,179104,92,488650,179196,10.1833503212137,3.73440221868456,190
-7.6926,53.28823,2021/03/17 00:00:00+00,Wed 17 Mar 2021,4913,2430,8,493471,181534,100,493571,181634,10.2859027962586,3.78520956153346,191
-7.6926,53.28823,2021/03/18 00:00:00+00,Thu 18 Mar 2021,11754,4692,7,505225,186226,107,505332,186333,10.5309992520609,3.88313560913273,192
-7.6926,53.28823,2021/03/19 00:00:00+00,Fri 19 Mar 2021,10399,6143,2,515624,192369,109,515733,192478,10.7477536298179,4.01119595441844,193
-7.6926,53.28823,2021/03/20 00:00:00+00,Sat 20 Mar 2021,5264,3131,4,520888,195500,113,521001,195613,10.857537502717,4.07652861226558,194
-7.6926,53.28823,2021/03/21 00:00:00+00,Sun 21 Mar 2021,3662,59,3,524550,195559,116,524666,195675,10.9339152350965,4.07782067758823,195
-7.6926,53.28823,2021/03/22 00:00:00+00,Mon 22 Mar 2021,7436,2420,1,531986,197979,117,532103,198096,11.0889005545253,4.12827374446157,196
-7.6926,53.28823,2021/03/23 00:00:00+00,Tue 23 Mar 2021,12584,7411,6,544570,205390,123,544693,205513,11.3512731740773,4.28284226862497,197
-7.6926,53.28823,2021/03/24 00:00:00+00,Wed 24 Mar 2021,13651,9787,2,558221,215177,125,558346,215302,11.6357984619838,4.48684271126154,198
-7.6926,53.28823,2021/03/25 00:00:00+00,Thu 25 Mar 2021,20897,10235,3,579118,225412,128,579246,225540,12.0713495142981,4.70020020760572,199
-7.6926,53.28823,2021/03/26 00:00:00+00,Fri 26 Mar 2021,19722,9517,1,598840,234929,129,598969,235058,12.4823721652452,4.8985530743965,200
-7.6926,53.28823,2021/03/27 00:00:00+00,Sat 27 Mar 2021,11776,5365,3,610616,240294,132,610748,240426,12.7278437367863,5.01042092362248,201
-7.6926,53.28823,2021/03/28 00:00:00+00,Sun 28 Mar 2021,2504,490,0,613120,240784,132,613252,240916,12.7800265040109,5.0206324076241,202
-7.6926,53.28823,2021/03/28 23:00:00+00,Mon 29 Mar 2021,9296,3133,3,622416,243917,135,622551,244052,12.9738154626459,5.08598590523451,203
-7.6926,53.28823,2021/03/29 23:00:00+00,Tue 30 Mar 2021,13352,8684,4,635768,252601,139,635907,252740,13.2521513408616,5.26704176851233,204
-7.6926,53.28823,2021/03/30 23:00:00+00,Wed 31 Mar 2021,15858,10519,4,651626,263120,143,651769,263263,13.5827116658286,5.48633859738807,205
-7.6926,53.28823,2021/03/31 23:00:00+00,Thu 01 Apr 2021,19736,11596,9,671362,274716,152,671514,274868,13.9941927915676,5.72818405012046,206
-7.6926,53.28823,2021/04/01 23:00:00+00,Fri 02 Apr 2021,20166,13730,9,691528,288446,161,691689,288607,14.4146350155121,6.01450155766811,207
-7.6926,53.28823,2021/04/02 23:00:00+00,Sat 03 Apr 2021,7560,4644,7,699088,293090,168,699256,293258,14.5723295041658,6.11142729663048,208
-7.6926,53.28823,2021/04/03 23:00:00+00,Sun 04 Apr 2021,3050,175,3,702138,293265,171,702309,293436,14.6359533014249,6.1151367744923,209
-7.6926,53.28823,2021/04/04 23:00:00+00,Mon 05 Apr 2021,3456,618,6,705594,293883,177,705771,294060,14.7081005618609,6.12814078677192,210
-7.6926,53.28823,2021/04/05 23:00:00+00,Tue 06 Apr 2021,12014,8164,13,717608,302047,190,717798,302237,14.9587403946926,6.29854753101947,211
-7.6926,53.28823,2021/04/06 23:00:00+00,Wed 07 Apr 2021,18386,10500,12,735994,312547,202,736196,312749,15.3421503593088,6.51761512249925,212
-7.6926,53.28823,2021/04/07 23:00:00+00,Thu 08 Apr 2021,20207,10585,18,756201,323132,220,756421,323352,15.7636345714167,6.73857913243649,213
-7.6926,53.28823,2021/04/08 23:00:00+00,Fri 09 Apr 2021,20692,9174,16,776893,332306,236,777129,332542,16.1951843891834,6.93009655687515,214
-7.6926,53.28823,2021/04/09 23:00:00+00,Sat 10 Apr 2021,11194,4189,12,788087,336495,248,788335,336743,16.4287147763716,7.01764440236665,215
-7.6926,53.28823,2021/04/10 23:00:00+00,Sun 11 Apr 2021,2878,370,9,790965,336865,257,791222,337122,16.4888791729281,7.02554267264546,216
-7.6926,53.28823,2021/04/11 23:00:00+00,Mon 12 Apr 2021,7798,2811,14,798763,339676,271,799034,339947,16.6516794035826,7.08441500387932,217
-7.6926,53.28823,2021/04/12 23:00:00+00,Tue 13 Apr 2021,11536,8598,1,810299,348274,272,810571,348546,16.8921077524128,7.26361612822623,218
-7.6926,53.28823,2021/04/13 23:00:00+00,Wed 14 Apr 2021,20359,6603,2,830658,354877,274,830932,355151,17.3164261723253,7.4012627646155,219
-7.6926,53.28823,2021/04/14 23:00:00+00,Thu 15 Apr 2021,27122,10825,1,857780,365702,275,858055,365977,17.8816630714602,7.62687404176163,220
-7.6926,53.28823,2021/04/15 23:00:00+00,Fri 16 Apr 2021,27982,9853,1,885762,375555,276,886038,375831,18.4648221670061,7.83222906901067,221
-7.6926,53.28823,2021/04/16 23:00:00+00,Sat 17 Apr 2021,15864,4569,3,901626,380124,279,901905,380403,18.7954866907894,7.92750846667482,222
-7.6926,53.28823,2021/04/17 23:00:00+00,Sun 18 Apr 2021,1081,490,0,902707,380614,279,902986,380893,18.8180144748828,7.93771995067645,223
-7.6926,53.28823,2022/10/24 23:00:00+00,Tue 25 Oct 2022,75,28,0,3862882,3816525,241195,4104077,4057720,85.5279931162094,84.5619242103657,224
-7.6926,53.28823,2022/10/25 23:00:00+00,Wed 26 Oct 2022,45,25,0,3862927,3816550,241195,4104122,4057745,85.5289309055565,84.5624452044475,225
-7.6926,53.28823,2022/10/26 23:00:00+00,Thu 27 Oct 2022,64,35,0,3862991,3816585,241195,4104186,4057780,85.5302646504057,84.5631745961619,226
-7.6926,53.28823,2022/10/27 23:00:00+00,Fri 28 Oct 2022,49,19,0,3863040,3816604,241195,4104235,4057799,85.5312857988058,84.563570551664,227
-7.6926,53.28823,2022/10/28 23:00:00+00,Sat 29 Oct 2022,87,64,0,3863127,3816668,241195,4104322,4057863,85.5330988582102,84.5649042965131,228
-7.6926,53.28823,2022/10/29 23:00:00+00,Sun 30 Oct 2022,11,6,0,3863138,3816674,241195,4104333,4057869,85.5333280956062,84.5650293350928,229
-7.6926,53.28823,2022/11/01 00:00:00+00,Tue 01 Nov 2022,97,25,0,3863235,3816699,241195,4104430,4057894,85.5353495526432,84.5655503291745,230
-7.6926,53.28823,2022/11/02 00:00:00+00,Wed 02 Nov 2022,105,13,0,3863340,3816712,241195,4104535,4057907,85.5375377277864,84.565821246097,231
-7.6926,53.28823,2022/11/03 00:00:00+00,Thu 03 Nov 2022,91,28,0,3863431,3816740,241195,4104626,4057935,85.5394341462439,84.5664047594685,232
-7.6926,53.28823,2022/11/04 00:00:00+00,Fri 04 Nov 2022,61,22,0,3863492,3816762,241195,4104687,4057957,85.5407053718033,84.5668632342604,233
-7.6926,53.28823,2021/04/18 23:00:00+00,Mon 19 Apr 2021,6773,2271,0,909480,382885,279,909759,383164,18.9591621915012,7.9850470530595,234
-7.6926,53.28823,2022/11/05 00:00:00+00,Sat 05 Nov 2022,46,54,0,3863538,3816816,241195,4104733,4058011,85.5416640009136,84.5679885814769,235
-7.6926,53.28823,2021/04/19 23:00:00+00,Tue 20 Apr 2021,15107,7334,1,924587,390219,280,924867,390499,19.2740093349636,8.13790671663486,236
-7.6926,53.28823,2022/11/06 00:00:00+00,Sun 06 Nov 2022,56,78,0,3863594,3816894,241195,4104789,4058089,85.5428310276567,84.5696140830119,237
-7.6926,53.28823,2021/04/20 23:00:00+00,Wed 21 Apr 2021,26750,9908,4,951337,400127,284,951621,400411,19.8315563614524,8.34447045015347,238
-7.6926,53.28823,2021/04/21 23:00:00+00,Thu 22 Apr 2021,31647,12200,1,982984,412327,285,983269,412612,20.4910931893778,8.59873640179397,239
-7.6926,53.28823,2021/04/22 23:00:00+00,Fri 23 Apr 2021,33628,12367,3,1016612,424694,288,1016900,424982,21.1919552678649,8.85652427342686,240
-7.6926,53.28823,2021/04/23 23:00:00+00,Sat 24 Apr 2021,23714,7014,2,1040326,431708,290,1040616,431998,21.6861910935437,9.00273605251954,241
-7.6926,53.28823,2021/04/24 23:00:00+00,Sun 25 Apr 2021,9760,312,3,1050086,432020,293,1050379,432313,21.8896497023352,9.00930057794915,242
-7.6926,53.28823,2021/04/25 23:00:00+00,Mon 26 Apr 2021,15607,3064,4,1065693,435084,297,1065990,435381,22.2149792467218,9.0732369716573,243
-7.6926,53.28823,2021/04/26 23:00:00+00,Tue 27 Apr 2021,25935,7828,9,1091628,442912,306,1091934,443218,22.755646064963,9.23655819639351,244
-7.6926,53.28823,2021/04/27 23:00:00+00,Wed 28 Apr 2021,26062,8632,6,1117690,451544,312,1118002,451856,23.2988970138495,9.4165720715079,245
-7.6926,53.28823,2021/04/28 23:00:00+00,Thu 29 Apr 2021,31708,11339,7,1149398,462883,319,1149717,463202,23.9598301059139,9.65302002555372,246
-7.6926,53.28823,2021/04/29 23:00:00+00,Fri 30 Apr 2021,36120,13547,8,1185518,476430,327,1185845,476757,24.7127290732828,9.93550301665993,247
-7.6926,53.28823,2021/04/30 23:00:00+00,Sat 01 May 2021,16642,6704,21,1202160,483134,348,1202508,483482,25.0599820486279,10.0756504246414,248
-7.6926,53.28823,2021/05/01 23:00:00+00,Sun 02 May 2021,12483,915,16,1214643,484049,364,1215007,484413,25.3204582497225,10.0950522442445,249
-7.6926,53.28823,2021/05/02 23:00:00+00,Mon 03 May 2021,14283,941,21,1228926,484990,385,1229311,485375,25.6185502235169,10.1151000965089,250
-7.6926,53.28823,2021/05/03 23:00:00+00,Tue 04 May 2021,26683,6811,11,1255609,491801,396,1256005,492197,26.1748468642096,10.2572689615275,251
-7.6926,53.28823,2021/05/04 23:00:00+00,Wed 05 May 2021,32153,13474,70,1287762,505275,466,1288228,505741,26.8463665560145,10.5395227152378,252
-7.6926,53.28823,2021/05/05 23:00:00+00,Thu 06 May 2021,37313,14388,133,1325075,519663,599,1325674,520262,27.6267323313714,10.8421369176615,253
-7.6926,53.28823,2021/05/06 23:00:00+00,Fri 07 May 2021,40617,15103,99,1365692,534766,698,1366390,535464,28.4752441326168,11.1589429988711,254
-7.6926,53.28823,2021/05/07 23:00:00+00,Sat 08 May 2021,25647,7071,10,1391339,541837,708,1392047,542545,29.0099299387999,11.3065093625762,255
-7.6926,53.28823,2021/05/08 23:00:00+00,Sun 09 May 2021,19687,936,5,1411026,542773,713,1411739,543486,29.4203065570856,11.326119579812,256
-7.6926,53.28823,2021/05/09 23:00:00+00,Mon 10 May 2021,28868,4667,172,1439894,547440,885,1440779,548325,30.0254932824065,11.4269631942689,257
-7.6926,53.28823,2021/05/10 23:00:00+00,Tue 11 May 2021,33932,14826,153,1473826,562266,1038,1474864,563304,30.7358166134176,11.7391220082696,258
-7.6926,53.28823,2021/05/11 23:00:00+00,Wed 12 May 2021,31316,20940,175,1505142,583206,1213,1506355,584419,31.3920815985099,12.1791536096867,259
-7.6926,53.28823,2021/05/12 23:00:00+00,Thu 13 May 2021,36022,25490,153,1541164,608696,1366,1542530,610062,32.1459600347524,12.713547659184,260
-7.6926,53.28823,2021/05/13 23:00:00+00,Fri 14 May 2021,38248,27960,237,1579412,636656,1603,1581015,638259,32.9479783241454,13.3011664640694,261
-7.6926,53.28823,2021/05/14 23:00:00+00,Sat 15 May 2021,28894,12471,22,1608306,649127,1625,1609931,650752,33.550580918821,13.5615176265844,262
-7.6926,53.28823,2021/05/15 23:00:00+00,Sun 16 May 2021,23199,1185,11,1631505,650312,1636,1633141,651948,34.0342718242858,13.5864419834536,263
-7.6926,53.28823,2021/05/16 23:00:00+00,Mon 17 May 2021,35409,3968,120,1666914,654280,1756,1668670,656036,34.7746877734568,13.6716349356958,264
-7.6926,53.28823,2021/05/17 23:00:00+00,Tue 18 May 2021,39046,12518,127,1705960,666798,1883,1707843,668681,35.5910438199786,13.9351537422275,265
-7.6926,53.28823,2021/05/18 23:00:00+00,Wed 19 May 2021,37055,17621,212,1743015,684419,2095,1745110,686514,36.3676792777105,14.3067892405969,266
-7.6926,53.28823,2021/05/19 23:00:00+00,Thu 20 May 2021,39116,19650,138,1782131,704069,2233,1784364,706302,37.1857233450571,14.7191664761565,267
-7.6926,53.28823,2021/05/20 23:00:00+00,Fri 21 May 2021,25865,23271,14936,1807996,727340,17169,1825165,744509,38.0360065261803,15.5153913113609,268
-7.6926,53.28823,2021/05/21 23:00:00+00,Sat 22 May 2021,16615,10263,13524,1824611,737603,30693,1855304,768296,38.6640961513334,16.0111067602316,269
-7.6926,53.28823,2021/05/22 23:00:00+00,Sun 23 May 2021,8237,5544,10205,1832848,743147,40898,1873746,784045,39.0484230655333,16.3393121919492,270
-7.6926,53.28823,2021/05/23 23:00:00+00,Mon 24 May 2021,22573,8252,8453,1855421,751399,49351,1904772,800750,39.6949975607057,16.6874404373516,271
-7.6926,53.28823,2021/05/24 23:00:00+00,Tue 25 May 2021,30386,16531,3225,1885807,767930,52576,1938383,820506,40.3954428439275,17.0991508004866,272
-7.6926,53.28823,2021/05/25 23:00:00+00,Wed 26 May 2021,20002,25494,3055,1905809,793424,55631,1961440,849055,40.8759452656122,17.6941052020425,273
-7.6926,53.28823,2021/05/26 23:00:00+00,Thu 27 May 2021,17041,36069,550,1922850,829493,56181,1979031,885674,41.2425375412705,18.4572364931763,274
-7.6926,53.28823,2021/05/27 23:00:00+00,Fri 28 May 2021,27068,31852,1562,1949918,861345,57743,2007661,919088,41.8391799636513,19.1535763430342,275
-7.6926,53.28823,2021/05/28 23:00:00+00,Sat 29 May 2021,24511,7407,538,1974429,868752,58281,2032710,927033,42.3611951937671,19.3191482622034,276
-7.6926,53.28823,2021/05/29 23:00:00+00,Sun 30 May 2021,24276,1696,210,1998705,870448,58491,2057196,928939,42.8714776371626,19.3588688509934,277
-7.6926,53.28823,2021/05/30 23:00:00+00,Mon 31 May 2021,22618,7324,3445,2021323,877772,61936,2083259,939708,43.4146243872328,19.5832922616332,278
-7.6926,53.28823,2021/05/31 23:00:00+00,Tue 01 Jun 2021,27641,11543,3657,2048964,889315,65593,2114557,954908,44.0668672980142,19.9000566633163,279
-7.6926,53.28823,2021/06/01 23:00:00+00,Wed 02 Jun 2021,18733,20925,4009,2067697,910240,69602,2137299,979842,44.5408051942693,20.4196753206562,280
-7.6926,53.28823,2021/06/02 23:00:00+00,Thu 03 Jun 2021,16723,30721,1978,2084420,940961,71580,2156000,1012541,44.9305296071559,21.101114739777,281
-7.6926,53.28823,2021/06/03 23:00:00+00,Fri 04 Jun 2021,29026,23359,155,2113446,964320,71735,2185181,1036055,45.5386547390976,21.5911409332755,282
-7.6926,53.28823,2021/06/04 23:00:00+00,Sat 05 Jun 2021,20986,11514,37,2134432,975834,71772,2206204,1047606,45.9767690822939,21.8318610387913,283
-7.6926,53.28823,2021/06/05 23:00:00+00,Sun 06 Jun 2021,19971,3927,47,2154403,979761,71819,2226222,1051580,46.3939394634053,21.9146782580209,284
-7.6926,53.28823,2021/06/06 23:00:00+00,Mon 07 Jun 2021,19857,4614,48,2174260,984375,71867,2246127,1056242,46.8087549512673,22.0118332343792,285
-7.6926,53.28823,2021/06/07 23:00:00+00,Tue 08 Jun 2021,26442,18357,48,2200702,1002732,71915,2272617,1074647,47.3608002802531,22.3953890773382,286
-7.6926,53.28823,2021/06/08 23:00:00+00,Wed 09 Jun 2021,32846,20140,178,2233548,1022872,72093,2305641,1094965,48.0490126224362,22.8188113874302,287
-7.6926,53.28823,2021/06/09 23:00:00+00,Thu 10 Jun 2021,27727,27516,273,2261275,1050388,72366,2333641,1122754,48.6325259939577,23.397927568902,288
-7.6926,53.28823,2021/06/10 23:00:00+00,Fri 11 Jun 2021,26479,32920,44,2287754,1083308,72410,2360164,1155718,49.1852590351315,24.084889525289,289
-7.6926,53.28823,2021/06/11 23:00:00+00,Sat 12 Jun 2021,12243,19739,105,2299997,1103047,72515,2372512,1175562,49.4425884319725,24.4984337875915,290
-7.6926,53.28823,2021/06/12 23:00:00+00,Sun 13 Jun 2021,8566,18186,835,2308563,1121233,73350,2381913,1194583,49.6385030464608,24.8948269247241,291
-7.6926,53.28823,2021/06/13 23:00:00+00,Mon 14 Jun 2021,16047,31325,55,2324610,1152558,73405,2398015,1225963,49.9740649146122,25.5487786960935,292
-7.6926,53.28823,2021/06/14 23:00:00+00,Tue 15 Jun 2021,14738,41608,207,2339348,1194166,73612,2412960,1267778,50.2855151766618,26.4201933971711,293
-7.6926,53.28823,2021/06/15 23:00:00+00,Wed 16 Jun 2021,13504,48414,220,2352852,1242580,73832,2426684,1316412,50.5715200877604,27.4337144439774,294
-7.6926,53.28823,2021/06/16 23:00:00+00,Thu 17 Jun 2021,21603,42711,535,2374455,1285291,74367,2448822,1359658,51.0328707670012,28.3349508462924,295
-7.6926,53.28823,2021/06/17 23:00:00+00,Fri 18 Jun 2021,12036,50045,555,2386491,1335336,74922,2461413,1410258,51.2952642263165,29.3894428676848,296
-7.6926,53.28823,2021/06/18 23:00:00+00,Sat 19 Jun 2021,6348,32828,434,2392839,1368164,75356,2468195,1443520,51.4365995008043,30.0826150735258,297
-7.6926,53.28823,2021/06/19 23:00:00+00,Sun 20 Jun 2021,8540,26157,178,2401379,1394321,75534,2476913,1469855,51.6182805569802,30.6314302392051,298
-7.6926,53.28823,2021/06/20 23:00:00+00,Mon 21 Jun 2021,15511,32365,575,2416890,1426686,76109,2492999,1502795,51.9535089889193,31.3178920412736,299
-7.6926,53.28823,2021/06/21 23:00:00+00,Tue 22 Jun 2021,15168,43580,723,2432058,1470266,76832,2508890,1547098,52.284673667021,32.2411560733635,300
-7.6926,53.28823,2021/06/22 23:00:00+00,Wed 23 Jun 2021,20111,39417,887,2452169,1509683,77719,2529888,1587402,52.7222670161356,33.0810818921421,301
-7.6926,53.28823,2021/06/23 23:00:00+00,Thu 24 Jun 2021,19053,44288,1033,2471222,1553971,78752,2549974,1632723,53.1408545011492,34.0255608032395,302
-7.6926,53.28823,2021/06/24 23:00:00+00,Fri 25 Jun 2021,15235,50145,844,2486457,1604116,79596,2566053,1683712,53.4759370547454,35.0881594925434,303
-7.6926,53.28823,2021/06/25 23:00:00+00,Sat 26 Jun 2021,9092,30595,513,2495549,1634711,80109,2575658,1714820,53.6761029809406,35.7364428483038,304
-7.6926,53.28823,2021/06/26 23:00:00+00,Sun 27 Jun 2021,8749,30497,59,2504298,1665208,80168,2584466,1745376,53.8596596158106,36.3732226547399,305
-7.6926,53.28823,2021/06/27 23:00:00+00,Mon 28 Jun 2021,24258,24683,528,2528556,1689891,80696,2609252,1770587,54.3761939881868,36.8986139265052,306
-7.6926,53.28823,2021/06/28 23:00:00+00,Tue 29 Jun 2021,28167,31073,812,2556723,1720964,81508,2638231,1802472,54.9801094879483,37.5630897783254,307
-7.6926,53.28823,2021/06/29 23:00:00+00,Wed 30 Jun 2021,22611,36902,593,2579334,1757866,82101,2661435,1839967,55.4636753548334,38.3444767020825,308
-7.6926,53.28823,2021/06/30 23:00:00+00,Thu 01 Jul 2021,15071,48337,644,2594405,1806203,82745,2677150,1888948,55.7911722345999,39.365229146743,309
-7.6926,53.28823,2021/07/01 23:00:00+00,Fri 02 Jul 2021,13713,47300,819,2608118,1853503,83564,2691682,1937067,56.0940156744195,40.368017715466,310
-7.6926,53.28823,2021/07/02 23:00:00+00,Sat 03 Jul 2021,9337,30503,507,2617455,1884006,84071,2701526,1968077,56.2991623040359,41.014258774426,311
-7.6926,53.28823,2021/07/03 23:00:00+00,Sun 04 Jul 2021,6467,27797,233,2623922,1911803,84304,2708226,1996107,56.4387887179357,41.5983973388456,312
-7.6926,53.28823,2021/07/04 23:00:00+00,Mon 05 Jul 2021,15651,33492,5344,2639573,1945295,89648,2729221,2034943,56.8763195477605,42.4077303851459,313
-7.6926,53.28823,2021/07/05 23:00:00+00,Tue 06 Jul 2021,12421,48323,5490,2651994,1993618,95138,2747132,2088756,57.2495805476648,43.5291805659204,314
-7.6926,53.28823,2021/07/06 23:00:00+00,Wed 07 Jul 2021,19728,43788,5060,2671722,2037406,100198,2771920,2137604,57.7661565995675,44.5471613220662,315
-7.6926,53.28823,2021/07/07 23:00:00+00,Thu 08 Jul 2021,17809,45632,6003,2689531,2083038,106201,2795732,2189239,58.26239304252,45.6232224984417,316
-7.6926,53.28823,2021/07/08 23:00:00+00,Fri 09 Jul 2021,13537,45122,6534,2703068,2128160,112735,2815803,2240895,58.6806679310846,46.6997213098458,317
-7.6926,53.28823,2021/07/09 23:00:00+00,Sat 10 Jul 2021,8663,23900,4365,2711731,2152060,117100,2828831,2269160,58.9521683669482,47.2887572186335,318
-7.6926,53.28823,2021/07/10 23:00:00+00,Sun 11 Jul 2021,15250,16135,2153,2726981,2168195,119253,2846234,2287448,59.3148427671121,47.6698748092901,319
-7.6926,53.28823,2021/07/11 23:00:00+00,Mon 12 Jul 2021,17137,31789,6095,2744118,2199984,125348,2869466,2325332,59.7989921473688,48.4593684009587,320
-7.6926,53.28823,2021/07/12 23:00:00+00,Tue 13 Jul 2021,20126,36599,8490,2764244,2236583,133838,2898082,2370421,60.3953428130638,49.3990124869778,321
-7.6926,53.28823,2021/07/13 23:00:00+00,Wed 14 Jul 2021,20809,35744,9335,2785053,2272327,143173,2928226,2415500,61.0235366370332,50.3384481753641,322
-7.6926,53.28823,2021/07/14 23:00:00+00,Thu 15 Jul 2021,23676,28869,9587,2808729,2301196,152760,2961489,2453956,61.7167296826375,51.1398621116224,323
-7.6926,53.28823,2021/07/15 23:00:00+00,Fri 16 Jul 2021,23535,27456,9169,2832264,2328652,161929,2994193,2490581,62.3982733005746,51.9031184413357,324
-7.6926,53.28823,2021/07/16 23:00:00+00,Sat 17 Jul 2021,11524,19455,4678,2843788,2348107,166607,3010395,2514714,62.7359191450529,52.4060444482975,325
-7.6926,53.28823,2021/07/17 23:00:00+00,Sun 18 Jul 2021,16876,15842,1933,2860664,2363949,168540,3029204,2532489,63.1278942523724,52.7764712403973,326
-7.6926,53.28823,2021/07/18 23:00:00+00,Mon 19 Jul 2021,24924,18472,6253,2885588,2382421,174793,3060381,2557214,63.7776155517984,53.291734387214,327
-7.6926,53.28823,2021/07/19 23:00:00+00,Tue 20 Jul 2021,30615,18208,7700,2916203,2400629,182493,3098696,2583122,64.5760910814357,53.8316509739776,328
-7.6926,53.28823,2021/07/20 23:00:00+00,Wed 21 Jul 2021,30386,19865,6895,2946589,2420494,189388,3135977,2609882,65.3530182958534,54.389323039046,329
-7.6926,53.28823,2021/07/21 23:00:00+00,Thu 22 Jul 2021,33561,15952,6938,2980150,2436446,196326,3176476,2632772,66.1970078684694,54.8663452202648,330
-7.6926,53.28823,2021/07/22 23:00:00+00,Fri 23 Jul 2021,27107,20869,5616,3007257,2457315,201942,3209199,2659257,66.8789474419086,55.4182863504344,331
-7.6926,53.28823,2021/07/23 23:00:00+00,Sat 24 Jul 2021,15454,14835,2277,3022711,2472150,204219,3226930,2676369,67.2484572844246,55.7748963794871,332
-7.6926,53.28823,2021/07/24 23:00:00+00,Sun 25 Jul 2021,14746,13661,1046,3037457,2485811,205265,3242722,2691076,67.5775588259628,56.0813867778788,333
-7.6926,53.28823,2021/07/25 23:00:00+00,Mon 26 Jul 2021,23867,18338,3422,3061324,2504149,208687,3270011,2712836,68.1462551258003,56.534860026604,334
-7.6926,53.28823,2021/07/26 23:00:00+00,Tue 27 Jul 2021,25540,23936,3672,3086864,2528085,212359,3299223,2740444,68.7550262904034,57.1102042109242,335
-7.6926,53.28823,2021/07/27 23:00:00+00,Wed 28 Jul 2021,23458,25320,3265,3110322,2553405,215624,3325946,2769029,69.3119272842308,57.7059088439579,336
-7.6926,53.28823,2021/07/28 23:00:00+00,Thu 29 Jul 2021,19305,27893,2966,3129627,2581298,218590,3348217,2799888,69.7760496519864,58.3490030986644,337
-7.6926,53.28823,2021/07/29 23:00:00+00,Fri 30 Jul 2021,21976,22974,2125,3151603,2604272,220715,3372318,2824987,70.2783087865235,58.8720603169436,338
-7.6926,53.28823,2021/07/30 23:00:00+00,Sat 31 Jul 2021,13768,12512,907,3165371,2616784,221622,3386993,2838406,70.5841323124906,59.1517091002453,339
-7.6926,53.28823,2021/07/31 23:00:00+00,Sun 01 Aug 2021,11164,9367,369,3176535,2626151,221991,3398526,2848142,70.8244773022676,59.3546050354286,340
-7.6926,53.28823,2021/08/01 23:00:00+00,Mon 02 Aug 2021,15044,16069,431,3191579,2642220,222422,3414001,2864642,71.1469726388496,59.698461129361,341
-7.6926,53.28823,2021/08/02 23:00:00+00,Tue 03 Aug 2021,17366,25471,1111,3208945,2667691,223533,3432478,2891224,71.532028944764,60.2524237165675,342
-7.6926,53.28823,2021/08/03 23:00:00+00,Wed 04 Aug 2021,22144,17341,1576,3231089,2685032,225109,3456198,2910141,72.0263481294958,60.6466495183201,343
-7.6926,53.28823,2021/08/04 23:00:00+00,Thu 05 Aug 2021,13559,30078,1421,3244648,2715110,226530,3471178,2941640,72.3385277832598,61.3030812215186,344
-7.6926,53.28823,2021/08/05 23:00:00+00,Fri 06 Aug 2021,12239,24774,949,3256887,2739884,227479,3484366,2967363,72.6133625812464,61.8391424520774,345
-7.6926,53.28823,2022/03/17 00:00:00+00,Thu 17 Mar 2022,1,2,0,3838463,3773409,241160,4079623,4014569,85.0183775452384,83.6626675855613,346
-7.6926,53.28823,2022/11/07 00:00:00+00,Mon 07 Nov 2022,43,3,0,3863637,3816897,241195,4104832,4058092,85.5437271374772,84.5696766023017,347
-7.6926,53.28823,2022/03/18 00:00:00+00,Fri 18 Mar 2022,4,7,0,3838467,3773416,241160,4079627,4014576,85.0184609042915,83.6628134639042,348
-7.6926,53.28823,2022/11/08 00:00:00+00,Tue 08 Nov 2022,66,32,0,3863703,3816929,241195,4104898,4058124,85.5451025618529,84.5703434747263,349
-7.6926,53.28823,2022/03/19 00:00:00+00,Sat 19 Mar 2022,743,2779,0,3839210,3776195,241160,4080370,4017355,85.0339448484001,83.7207271660277,350
-7.6926,53.28823,2022/11/09 00:00:00+00,Wed 09 Nov 2022,92,32,0,3863795,3816961,241195,4104990,4058156,85.5470198200737,84.5710103471509,351
-7.6926,53.28823,2022/03/20 00:00:00+00,Sun 20 Mar 2022,395,1402,0,3839605,3777597,241160,4080765,4018757,85.0421765548912,83.7499445141303,352
-7.6926,53.28823,2022/11/10 00:00:00+00,Thu 10 Nov 2022,49,15,0,3863844,3816976,241195,4105039,4058171,85.5480409684738,84.5713229435999,353
-7.6926,53.28823,2022/03/21 00:00:00+00,Mon 21 Mar 2022,57,112,0,3839662,3777709,241160,4080822,4018869,85.0433644213975,83.7522785676164,354
-7.6926,53.28823,2022/11/11 00:00:00+00,Fri 11 Nov 2022,49,17,0,3863893,3816993,241195,4105088,4058188,85.549062116874,84.5716772195755,355
-7.6926,53.28823,2022/03/22 00:00:00+00,Tue 22 Mar 2022,141,575,0,3839803,3778284,241160,4080963,4019444,85.0463028280184,83.7642614314958,356
-7.6926,53.28823,2022/11/12 00:00:00+00,Sat 12 Nov 2022,75,87,0,3863968,3817080,241195,4105163,4058275,85.5506250991191,84.5734902789798,357
-7.6926,53.28823,2022/03/23 00:00:00+00,Wed 23 Mar 2022,102,221,0,3839905,3778505,241160,4081065,4019665,85.0484284838718,83.7688670191782,358
-7.6926,53.28823,2022/11/13 00:00:00+00,Sun 13 Nov 2022,42,62,1,3864010,3817142,241196,4105206,4058338,85.5515212089397,84.5748031840657,359
-7.6926,53.28823,2022/03/24 00:00:00+00,Thu 24 Mar 2022,147,245,0,3840052,3778750,241160,4081212,4019910,85.0514919290723,83.773972761179,360
-7.6926,53.28823,2022/11/14 00:00:00+00,Mon 14 Nov 2022,15,2,0,3864025,3817144,241196,4105221,4058340,85.5518338053887,84.5748448635923,361
-7.6926,53.28823,2022/03/25 00:00:00+00,Fri 25 Mar 2022,434,1625,0,3840486,3780375,241160,4081646,4021535,85.0605363863309,83.8078373764905,362
-7.6926,53.28823,2022/11/15 00:00:00+00,Tue 15 Nov 2022,57,8,0,3864082,3817152,241196,4105278,4058348,85.553021671895,84.5750115816984,363
-7.6926,53.28823,2022/03/26 00:00:00+00,Sat 26 Mar 2022,874,1848,1,3841360,3782223,241161,4082521,4023384,85.0787711791909,83.8463700987742,364
-7.6926,53.28823,2022/11/16 00:00:00+00,Wed 16 Nov 2022,45,20,0,3864127,3817172,241196,4105323,4058368,85.5539594612421,84.5754283769638,365
-7.6926,53.28823,2022/03/27 00:00:00+00,Sun 27 Mar 2022,380,804,0,3841740,3783027,241161,4082901,4024188,85.086690289233,83.8631252684422,366
-7.6926,53.28823,2022/11/17 00:00:00+00,Thu 17 Nov 2022,64,9,1,3864191,3817181,241197,4105388,4058378,85.5553140458546,84.5756367745965,367
-7.6926,53.28823,2022/03/27 23:00:00+00,Mon 28 Mar 2022,44,53,1,3841784,3783080,241162,4082946,4024242,85.0876280785801,83.8642506156587,368
-7.6926,53.28823,2022/11/18 00:00:00+00,Fri 18 Nov 2022,28,22,0,3864219,3817203,241197,4105416,4058400,85.5558975592261,84.5760952493884,369
-7.6926,53.28823,2022/03/28 23:00:00+00,Tue 29 Mar 2022,138,193,3,3841922,3783273,241165,4083087,4024438,85.090566485201,83.8683352092594,370
-7.6926,53.28823,2022/11/19 00:00:00+00,Sat 19 Nov 2022,55,57,0,3864274,3817260,241197,4105471,4058457,85.5570437462059,84.5772831158947,371
-7.6926,53.28823,2022/03/29 23:00:00+00,Wed 30 Mar 2022,109,138,0,3842031,3783411,241165,4083196,4024576,85.0928380193972,83.8712110965904,372
-7.6926,53.28823,2022/11/20 00:00:00+00,Sun 20 Nov 2022,40,56,0,3864314,3817316,241197,4105511,4058513,85.5578773367366,84.5784501426378,373
-7.6926,53.28823,2022/03/30 23:00:00+00,Thu 31 Mar 2022,227,360,0,3842258,3783771,241165,4083423,4024936,85.0975686456592,83.8787134113671,374
-7.6926,53.28823,2022/11/21 00:00:00+00,Mon 21 Nov 2022,17,3,0,3864331,3817319,241197,4105528,4058516,85.5582316127122,84.5785126619276,375
-7.6926,53.28823,2022/03/31 23:00:00+00,Fri 01 Apr 2022,307,904,1,3842565,3784675,241166,4083731,4025841,85.103987292746,83.8975733971252,376
-7.6926,53.28823,2022/11/22 00:00:00+00,Tue 22 Nov 2022,48,22,0,3864379,3817341,241197,4105576,4058538,85.5592319213491,84.5789711367195,377
-7.6926,53.28823,2022/04/01 23:00:00+00,Sat 02 Apr 2022,729,1538,1,3843294,3786213,241167,4084461,4027380,85.119200319932,83.9296457927957,378
-7.6926,53.28823,2022/11/23 00:00:00+00,Wed 23 Nov 2022,23,16,0,3864402,3817357,241197,4105599,4058554,85.5597112359042,84.5793045729318,379
-7.6926,53.28823,2022/04/02 23:00:00+00,Sun 03 Apr 2022,538,817,0,3843832,3787030,241167,4084999,4028197,85.1304121125706,83.9466718793861,380
-7.6926,53.28823,2022/04/03 23:00:00+00,Mon 04 Apr 2022,50,53,0,3843882,3787083,241167,4085049,4028250,85.131454100734,83.9477763868394,381
-7.6926,53.28823,2022/04/04 23:00:00+00,Tue 05 Apr 2022,132,170,0,3844014,3787253,241167,4085181,4028420,85.1342049494855,83.951319146595,382
-7.6926,53.28823,2021/11/26 00:00:00+00,Fri 26 Nov 2021,1279,1116,12,3661138,3597261,241066,3902204,3838327,81.3210075858822,79.9898260275722,383
-7.6926,53.28823,2022/04/05 23:00:00+00,Wed 06 Apr 2022,158,211,0,3844172,3787464,241167,4085339,4028631,85.1374976320819,83.9557163366447,384
-7.6926,53.28823,2022/04/06 23:00:00+00,Thu 07 Apr 2022,117,181,0,3844289,3787645,241167,4085456,4028812,85.1399358843843,83.9594883337963,385
-7.6926,53.28823,2022/04/07 23:00:00+00,Fri 08 Apr 2022,256,422,2,3844545,3788067,241169,4085714,4029236,85.1453125433076,83.9683243934222,386
-7.6926,53.28823,2022/04/08 23:00:00+00,Sat 09 Apr 2022,559,1018,0,3845104,3789085,241169,4086273,4030254,85.1569619709748,83.9895392724297,387
-7.6926,53.28823,2022/04/09 23:00:00+00,Sun 10 Apr 2022,413,720,0,3845517,3789805,241169,4086686,4030974,85.1655687932047,84.0045439019831,388
-7.6926,53.28823,2022/04/10 23:00:00+00,Mon 11 Apr 2022,70,93,1,3845587,3789898,241170,4086757,4031068,85.1670484163968,84.0065028397303,389
-7.6926,53.28823,2022/04/11 23:00:00+00,Tue 12 Apr 2022,196,178,0,3845783,3790076,241170,4086953,4031246,85.1711330099975,84.0102123175922,390
-7.6926,53.28823,2022/04/12 23:00:00+00,Wed 13 Apr 2022,142,235,0,3845925,3790311,241170,4087095,4031481,85.1740922563816,84.0151096619603,391
-7.6926,53.28823,2022/04/13 23:00:00+00,Thu 14 Apr 2022,359,431,0,3846284,3790742,241170,4087454,4031912,85.181573731395,84.0240915999291,392
-7.6926,53.28823,2022/04/14 23:00:00+00,Fri 15 Apr 2022,446,990,0,3846730,3791732,241170,4087900,4032902,85.1908682658129,84.044722965565,393
-7.6926,53.28823,2022/04/15 23:00:00+00,Sat 16 Apr 2022,43,88,0,3846773,3791820,241170,4087943,4032990,85.1917643756334,84.0465568647326,394
-7.6926,53.28823,2022/04/16 23:00:00+00,Sun 17 Apr 2022,1,1,0,3846774,3791821,241170,4087944,4032991,85.1917852153967,84.0465777044959,395
-7.6926,53.28823,2022/04/17 23:00:00+00,Mon 18 Apr 2022,36,62,1,3846810,3791883,241171,4087981,4033054,85.1925562866376,84.0478906095818,396
-7.6926,53.28823,2022/04/18 23:00:00+00,Tue 19 Apr 2022,218,271,1,3847028,3792154,241172,4088200,4033326,85.1971201947934,84.0535590251909,397
-7.6926,53.28823,2022/04/19 23:00:00+00,Wed 20 Apr 2022,252,607,0,3847280,3792761,241172,4088452,4033933,85.2023718151371,84.0662087614949,398
-7.6926,53.28823,2022/04/20 23:00:00+00,Thu 21 Apr 2022,170,236,0,3847450,3792997,241172,4088622,4034169,85.2059145748928,84.0711269456263,399
-7.6926,53.28823,2022/04/21 23:00:00+00,Fri 22 Apr 2022,195,254,0,3847645,3793251,241172,4088817,4034423,85.2099783287302,84.0764202454966,400
-7.6926,53.28823,2022/04/22 23:00:00+00,Sat 23 Apr 2022,325,1010,0,3847970,3794261,241172,4089142,4035433,85.2167512517925,84.0974684063979,401
-7.6926,53.28823,2022/04/23 23:00:00+00,Sun 24 Apr 2022,181,252,0,3848151,3794513,241172,4089323,4035685,85.2205232489441,84.1027200267416,402
-7.6926,53.28823,2022/04/24 23:00:00+00,Mon 25 Apr 2022,41,60,1,3848192,3794573,241173,4089365,4035746,85.2213985190014,84.103991252301,403
-7.6926,53.28823,2022/04/25 23:00:00+00,Tue 26 Apr 2022,144,238,0,3848336,3794811,241173,4089509,4035984,85.2243994449121,84.1089511159589,404
-7.6926,53.28823,2022/04/26 23:00:00+00,Wed 27 Apr 2022,123,207,0,3848459,3795018,241173,4089632,4036191,85.2269627357941,84.1132649469555,405
-7.6926,53.28823,2022/04/27 23:00:00+00,Thu 28 Apr 2022,100,130,0,3848559,3795148,241173,4089732,4036321,85.229046712121,84.1159741161804,406
-7.6926,53.28823,2022/04/28 23:00:00+00,Fri 29 Apr 2022,169,222,0,3848728,3795370,241173,4089901,4036543,85.2325686321134,84.1206005436261,407
-7.6926,53.28823,2022/04/29 23:00:00+00,Sat 30 Apr 2022,281,724,0,3849009,3796094,241173,4090182,4037267,85.2384246055918,84.1356885322325,408
-7.6926,53.28823,2022/04/30 23:00:00+00,Sun 01 May 2022,187,748,0,3849196,3796842,241173,4090369,4038015,85.2423216413231,84.1512766751575,409
-7.6926,53.28823,2022/05/01 23:00:00+00,Mon 02 May 2022,12,26,0,3849208,3796868,241173,4090381,4038041,85.2425717184823,84.1518185090025,410
-7.6926,53.28823,2022/05/02 23:00:00+00,Tue 03 May 2022,96,117,0,3849304,3796985,241173,4090477,4038158,85.2445723357561,84.1542567613049,411
-7.6926,53.28823,2022/05/03 23:00:00+00,Wed 04 May 2022,113,129,0,3849417,3797114,241173,4090590,4038287,85.2469272290055,84.1569450907665,412
-7.6926,53.28823,2022/05/04 23:00:00+00,Thu 05 May 2022,112,165,0,3849529,3797279,241173,4090702,4038452,85.2492612824915,84.1603836517059,413
-7.6926,53.28823,2022/05/05 23:00:00+00,Fri 06 May 2022,138,257,0,3849667,3797536,241173,4090840,4038709,85.2521371698226,84.1657394708659,414
-7.6926,53.28823,2022/05/06 23:00:00+00,Sat 07 May 2022,441,1088,0,3850108,3798624,241173,4091281,4039797,85.2613275054241,84.1884131333022,415
-7.6926,53.28823,2022/05/07 23:00:00+00,Sun 08 May 2022,274,437,0,3850382,3799061,241173,4091555,4040234,85.2670376005597,84.1975201098506,416
-7.6926,53.28823,2022/05/08 23:00:00+00,Mon 09 May 2022,24,32,0,3850406,3799093,241173,4091579,4040266,85.2675377548781,84.1981869822752,417
-7.6926,53.28823,2022/05/09 23:00:00+00,Tue 10 May 2022,80,99,1,3850486,3799192,241174,4091660,4040366,85.2692257757029,84.200270958602,418
-7.6926,53.28823,2022/05/10 23:00:00+00,Wed 11 May 2022,112,132,0,3850598,3799324,241174,4091772,4040498,85.271559829189,84.2030218073535,419
-7.6926,53.28823,2022/05/11 23:00:00+00,Thu 12 May 2022,207,398,0,3850805,3799722,241174,4091979,4040896,85.2758736601856,84.2113160331344,420
-7.6926,53.28823,2022/05/12 23:00:00+00,Fri 13 May 2022,173,326,0,3850978,3800048,241174,4092152,4041222,85.279478939231,84.21810979596,421
-7.6926,53.28823,2022/05/13 23:00:00+00,Sat 14 May 2022,333,633,0,3851311,3800681,241174,4092485,4041855,85.2864185803995,84.231301366109,422
-7.6926,53.28823,2022/05/14 23:00:00+00,Sun 15 May 2022,168,254,0,3851479,3800935,241174,4092653,4042109,85.2899196606286,84.2365946659792,423
-7.6926,53.28823,2022/05/15 23:00:00+00,Mon 16 May 2022,31,41,0,3851510,3800976,241174,4092684,4042150,85.2905656932899,84.2374490962732,424
-7.6926,53.28823,2022/05/16 23:00:00+00,Tue 17 May 2022,97,101,0,3851607,3801077,241174,4092781,4042251,85.292587150327,84.2395539123634,425
-7.6926,53.28823,2022/05/17 23:00:00+00,Wed 18 May 2022,99,123,0,3851706,3801200,241174,4092880,4042374,85.2946502868906,84.2421172032454,426
-7.6926,53.28823,2022/05/18 23:00:00+00,Thu 19 May 2022,73,107,0,3851779,3801307,241174,4092953,4042481,85.2961715896092,84.2443470579152,427
-7.6926,53.28823,2022/05/19 23:00:00+00,Fri 20 May 2022,128,210,0,3851907,3801517,241174,4093081,4042691,85.2988390793076,84.2487234082016,428
-7.6926,53.28823,2022/05/20 23:00:00+00,Sat 21 May 2022,392,762,0,3852299,3802279,241174,4093473,4043453,85.3070082665089,84.2646033078123,429
-7.6926,53.28823,2022/05/21 23:00:00+00,Sun 22 May 2022,234,410,0,3852533,3802689,241174,4093707,4043863,85.3118847711138,84.2731476107524,430
-7.6926,53.28823,2022/05/22 23:00:00+00,Mon 23 May 2022,26,35,0,3852559,3802724,241174,4093733,4043898,85.3124266049587,84.2738770024668,431
-7.6926,53.28823,2022/05/23 23:00:00+00,Tue 24 May 2022,64,83,0,3852623,3802807,241174,4093797,4043981,85.3137603498079,84.2756067028181,432
-7.6926,53.28823,2022/05/24 23:00:00+00,Wed 25 May 2022,87,134,1,3852710,3802941,241175,4093885,4044116,85.3155942489756,84.2784200708594,433
-7.6926,53.28823,2022/05/25 23:00:00+00,Thu 26 May 2022,99,155,0,3852809,3803096,241175,4093984,4044271,85.3176573855392,84.281650234166,434
-7.6926,53.28823,2022/05/26 23:00:00+00,Fri 27 May 2022,95,152,1,3852904,3803248,241176,4094080,4044424,85.3196580028129,84.2848387179461,435
-7.6926,53.28823,2022/05/27 23:00:00+00,Sat 28 May 2022,335,580,0,3853239,3803828,241176,4094415,4045004,85.3266393235079,84.2969257806419,436
-7.6926,53.28823,2022/05/28 23:00:00+00,Sun 29 May 2022,181,349,0,3853420,3804177,241176,4094596,4045353,85.3304113206596,84.3041988580226,437
-7.6926,53.28823,2022/05/29 23:00:00+00,Mon 30 May 2022,9,24,0,3853429,3804201,241176,4094605,4045377,85.330598878529,84.3046990123411,438
-7.6926,53.28823,2022/05/30 23:00:00+00,Tue 31 May 2022,65,80,2,3853494,3804281,241178,4094672,4045459,85.331995142668,84.3064078729291,439
-7.6926,53.28823,2022/05/31 23:00:00+00,Wed 01 Jun 2022,71,102,0,3853565,3804383,241178,4094743,4045561,85.33347476586,84.3085335287825,440
-7.6926,53.28823,2022/06/01 23:00:00+00,Thu 02 Jun 2022,92,142,0,3853657,3804525,241178,4094835,4045703,85.3353920240808,84.3114927751667,441
-7.6926,53.28823,2022/06/02 23:00:00+00,Fri 03 Jun 2022,59,143,0,3853716,3804668,241178,4094894,4045846,85.3366215701136,84.3144728613141,442
-7.6926,53.28823,2022/06/03 23:00:00+00,Sat 04 Jun 2022,305,607,0,3854021,3805275,241178,4095199,4046453,85.3429776979105,84.3271225976181,443
-7.6926,53.28823,2022/06/04 23:00:00+00,Sun 05 Jun 2022,143,273,0,3854164,3805548,241178,4095342,4046726,85.345957784058,84.3328118529905,444
-7.6926,53.28823,2022/06/05 23:00:00+00,Mon 06 Jun 2022,5,7,1,3854169,3805555,241179,4095348,4046734,85.3460828226376,84.3329785710966,445
-7.6926,53.28823,2022/06/06 23:00:00+00,Tue 07 Jun 2022,29,54,0,3854198,3805609,241179,4095377,4046788,85.3466871757724,84.3341039183131,446
-7.6926,53.28823,2022/06/07 23:00:00+00,Wed 08 Jun 2022,36,76,0,3854234,3805685,241179,4095413,4046864,85.34743740725,84.3356877403215,447
-7.6926,53.28823,2022/06/08 23:00:00+00,Thu 09 Jun 2022,74,122,0,3854308,3805807,241179,4095487,4046986,85.3489795497319,84.3382301914403,448
-7.6926,53.28823,2022/06/09 23:00:00+00,Fri 10 Jun 2022,56,108,0,3854364,3805915,241179,4095543,4047094,85.350146576475,84.3404808858733,449
-7.6926,53.28823,2022/06/10 23:00:00+00,Sat 11 Jun 2022,190,562,0,3854554,3806477,241179,4095733,4047656,85.354106131496,84.3521928328303,450
-7.6926,53.28823,2022/06/11 23:00:00+00,Sun 12 Jun 2022,143,288,0,3854697,3806765,241179,4095876,4047944,85.3570862176434,84.3581946846517,451
-7.6926,53.28823,2022/06/12 23:00:00+00,Mon 13 Jun 2022,17,44,0,3854714,3806809,241179,4095893,4047988,85.357440493619,84.3591116342355,452
-7.6926,53.28823,2022/06/13 23:00:00+00,Tue 14 Jun 2022,37,55,0,3854751,3806864,241179,4095930,4048043,85.3582115648599,84.3602578212153,453
-7.6926,53.28823,2022/06/14 23:00:00+00,Wed 15 Jun 2022,66,123,0,3854817,3806987,241179,4095996,4048166,85.3595869892356,84.3628211120973,454
-7.6926,53.28823,2022/06/15 23:00:00+00,Thu 16 Jun 2022,43,85,0,3854860,3807072,241179,4096039,4048251,85.3604830990562,84.3645924919751,455
-7.6926,53.28823,2022/06/16 23:00:00+00,Fri 17 Jun 2022,59,95,0,3854919,3807167,241179,4096098,4048346,85.361712645089,84.3665722694857,456
-7.6926,53.28823,2022/06/17 23:00:00+00,Sat 18 Jun 2022,223,488,0,3855142,3807655,241179,4096321,4048834,85.3663599122979,84.3767420739607,457
-7.6926,53.28823,2022/06/18 23:00:00+00,Sun 19 Jun 2022,79,129,0,3855221,3807784,241179,4096400,4048963,85.3680062535962,84.3794304034224,458
-7.6926,53.28823,2022/06/19 23:00:00+00,Mon 20 Jun 2022,9,28,0,3855230,3807812,241179,4096409,4048991,85.3681938114656,84.3800139167939,459
-7.6926,53.28823,2022/06/20 23:00:00+00,Tue 21 Jun 2022,74,169,1,3855304,3807981,241180,4096484,4049161,85.3697567937107,84.3835566765496,460
-7.6926,53.28823,2022/06/21 23:00:00+00,Wed 22 Jun 2022,60,96,0,3855364,3808077,241180,4096544,4049257,85.3710071795068,84.3855572938234,461
-7.6926,53.28823,2022/06/22 23:00:00+00,Thu 23 Jun 2022,64,113,0,3855428,3808190,241180,4096608,4049370,85.372340924356,84.3879121870727,462
-7.6926,53.28823,2022/06/23 23:00:00+00,Fri 24 Jun 2022,55,93,1,3855483,3808283,241181,4096664,4049464,85.3735079510991,84.38987112482,463
-7.6926,53.28823,2022/06/24 23:00:00+00,Sat 25 Jun 2022,210,293,0,3855693,3808576,241181,4096874,4049757,85.3778843013855,84.3959771754577,464
-7.6926,53.28823,2022/06/25 23:00:00+00,Sun 26 Jun 2022,174,402,0,3855867,3808978,241181,4097048,4050159,85.3815104201942,84.4043547602917,465
-7.6926,53.28823,2022/06/26 23:00:00+00,Mon 27 Jun 2022,5,35,0,3855872,3809013,241181,4097053,4050194,85.3816146190106,84.4050841520061,466
-7.6926,53.28823,2022/06/27 23:00:00+00,Tue 28 Jun 2022,49,60,0,3855921,3809073,241181,4097102,4050254,85.3826357674107,84.4063345378022,467
-7.6926,53.28823,2022/06/28 23:00:00+00,Wed 29 Jun 2022,63,81,4,3855984,3809154,241185,4097169,4050339,85.3840320315497,84.40810591768,468
-7.6926,53.28823,2022/06/29 23:00:00+00,Thu 30 Jun 2022,48,89,0,3856032,3809243,241185,4097217,4050428,85.3850323401866,84.4099606566109,469
-7.6926,53.28823,2022/06/30 23:00:00+00,Fri 01 Jul 2022,46,66,0,3856078,3809309,241185,4097263,4050494,85.385990969297,84.4113360809867,470
-7.6926,53.28823,2022/07/01 23:00:00+00,Sat 02 Jul 2022,182,228,0,3856260,3809537,241185,4097445,4050722,85.3897838062119,84.4160875470119,471
-7.6926,53.28823,2022/07/02 23:00:00+00,Sun 03 Jul 2022,108,274,0,3856368,3809811,241185,4097553,4050996,85.3920345006449,84.4217976421475,472
-7.6926,53.28823,2022/07/03 23:00:00+00,Mon 04 Jul 2022,15,15,0,3856383,3809826,241185,4097568,4051011,85.3923470970939,84.4221102385965,473
-7.6926,53.28823,2022/07/04 23:00:00+00,Tue 05 Jul 2022,51,69,0,3856434,3809895,241185,4097619,4051080,85.3934099250206,84.4235481822621,474
-7.6926,53.28823,2022/11/24 00:00:00+00,Thu 24 Nov 2022,25,18,0,3864427,3817375,241197,4105624,4058572,85.560232229986,84.5796796886706,475
-7.6926,53.28823,2022/11/25 00:00:00+00,Fri 25 Nov 2022,18,11,0,3864445,3817386,241197,4105642,4058583,85.5606073457248,84.5799089260666,476
-7.6926,53.28823,2022/11/26 00:00:00+00,Sat 26 Nov 2022,65,63,0,3864510,3817449,241197,4105707,4058646,85.5619619303373,84.5812218311525,477
-7.6926,53.28823,2022/11/27 00:00:00+00,Sun 27 Nov 2022,36,42,0,3864546,3817491,241197,4105743,4058688,85.5627121618149,84.5820971012098,478
-7.6926,53.28823,2022/11/28 00:00:00+00,Mon 28 Nov 2022,16,1,0,3864562,3817492,241197,4105759,4058689,85.5630455980272,84.582117940973,479
-7.6926,53.28823,2022/11/29 00:00:00+00,Tue 29 Nov 2022,32,18,0,3864594,3817510,241197,4105791,4058707,85.5637124704518,84.5824930567119,480
-7.6926,53.28823,2022/11/30 00:00:00+00,Wed 30 Nov 2022,46,13,0,3864640,3817523,241197,4105837,4058720,85.5646710995622,84.5827639736344,481
-7.6926,53.28823,2022/12/01 00:00:00+00,Thu 01 Dec 2022,20,12,0,3864660,3817535,241197,4105857,4058732,85.5650878948276,84.5830140507936,482
-7.6926,53.28823,2022/12/02 00:00:00+00,Fri 02 Dec 2022,16,18,0,3864676,3817553,241197,4105873,4058750,85.5654213310398,84.5833891665324,483
-7.6926,53.28823,2022/12/03 00:00:00+00,Sat 03 Dec 2022,42,71,0,3864718,3817624,241197,4105915,4058821,85.5662966010971,84.5848687897245,484
-7.6926,53.28823,2022/12/04 00:00:00+00,Sun 04 Dec 2022,44,47,0,3864762,3817671,241197,4105959,4058868,85.5672135506809,84.5858482585981,485
-7.6926,53.28823,2022/12/05 00:00:00+00,Mon 05 Dec 2022,21,5,0,3864783,3817676,241197,4105980,4058873,85.5676511857096,84.5859524574145,486
-7.6926,53.28823,2022/12/06 00:00:00+00,Tue 06 Dec 2022,34,29,0,3864817,3817705,241197,4106014,4058902,85.5683597376607,84.5865568105493,487
-7.6926,53.28823,2022/12/07 00:00:00+00,Wed 07 Dec 2022,21,23,0,3864838,3817728,241197,4106035,4058925,85.5687973726894,84.5870361251044,488
-7.6926,53.28823,2022/12/08 00:00:00+00,Thu 08 Dec 2022,16,13,1,3864854,3817741,241198,4106052,4058939,85.5691516486649,84.5873278817902,489
-7.6926,53.28823,2022/12/09 00:00:00+00,Fri 09 Dec 2022,24,17,0,3864878,3817758,241198,4106076,4058956,85.5696518029834,84.5876821577658,490
-7.6926,53.28823,2022/12/10 00:00:00+00,Sat 10 Dec 2022,49,44,0,3864927,3817802,241198,4106125,4059000,85.5706729513835,84.5885991073496,491
-7.6926,53.28823,2022/12/11 00:00:00+00,Sun 11 Dec 2022,28,42,0,3864955,3817844,241198,4106153,4059042,85.5712564647551,84.5894743774069,492
-7.6926,53.28823,2022/12/12 00:00:00+00,Mon 12 Dec 2022,13,2,0,3864968,3817846,241198,4106166,4059044,85.5715273816776,84.5895160569334,493
-7.6926,53.28823,2022/12/13 00:00:00+00,Tue 13 Dec 2022,29,15,0,3864997,3817861,241198,4106195,4059059,85.5721317348123,84.5898286533824,494
-7.6926,53.28823,2022/12/14 00:00:00+00,Wed 14 Dec 2022,19,20,0,3865016,3817881,241198,4106214,4059079,85.5725276903144,84.5902454486478,495
-7.6926,53.28823,2022/12/15 00:00:00+00,Thu 15 Dec 2022,13,9,0,3865029,3817890,241198,4106227,4059088,85.5727986072369,84.5904330065172,496
-7.6926,53.28823,2022/12/16 00:00:00+00,Fri 16 Dec 2022,15,4,0,3865044,3817894,241198,4106242,4059092,85.573111203686,84.5905163655703,497
-7.6926,53.28823,2022/12/17 00:00:00+00,Sat 17 Dec 2022,20,43,0,3865064,3817937,241198,4106262,4059135,85.5735279989513,84.5914124753909,498
-7.6926,53.28823,2022/12/18 00:00:00+00,Sun 18 Dec 2022,29,35,0,3865093,3817972,241198,4106291,4059170,85.5741323520861,84.5921418671052,499
-7.6926,53.28823,2022/12/19 00:00:00+00,Mon 19 Dec 2022,9,1,0,3865102,3817973,241198,4106300,4059171,85.5743199099555,84.5921627068685,500
-7.6926,53.28823,2022/12/20 00:00:00+00,Tue 20 Dec 2022,20,18,0,3865122,3817991,241198,4106320,4059189,85.5747367052209,84.5925378226074,501
-7.6926,53.28823,2022/12/21 00:00:00+00,Wed 21 Dec 2022,17,28,0,3865139,3818019,241198,4106337,4059217,85.5750909811965,84.5931213359789,502
-7.6926,53.28823,2022/12/22 00:00:00+00,Thu 22 Dec 2022,8,15,0,3865147,3818034,241198,4106345,4059232,85.5752576993026,84.5934339324279,503
-7.6926,53.28823,2022/12/23 00:00:00+00,Fri 23 Dec 2022,20,6,0,3865167,3818040,241198,4106365,4059238,85.575674494568,84.5935589710075,504
-7.6926,53.28823,2022/12/27 00:00:00+00,Tue 27 Dec 2022,1,0,0,3865168,3818040,241198,4106366,4059238,85.5756953343313,84.5935589710075,505
-7.6926,53.28823,2021/11/27 00:00:00+00,Sat 27 Nov 2021,1200,1567,6,3662338,3598828,241072,3903410,3839900,81.3461403403842,80.0226069751938,506
-7.6926,53.28823,2022/12/28 00:00:00+00,Wed 28 Dec 2022,20,24,0,3865188,3818064,241198,4106386,4059262,85.5761121295967,84.594059125326,507
-7.6926,53.28823,2021/11/28 00:00:00+00,Sun 28 Nov 2021,1962,2263,1,3664300,3601091,241073,3905373,3842164,81.3870487956805,80.069788199234,508
-7.6926,53.28823,2022/12/29 00:00:00+00,Thu 29 Dec 2022,18,12,0,3865206,3818076,241198,4106404,4059274,85.5764872453355,84.5943092024852,509
-7.6926,53.28823,2022/07/05 23:00:00+00,Wed 06 Jul 2022,60,83,0,3856494,3809978,241185,4097679,4051163,85.3946603108167,84.4252778826134,510
-7.6926,53.28823,2021/11/29 00:00:00+00,Mon 29 Nov 2021,537,1005,2,3664837,3602096,241075,3905912,3843171,81.3982814280823,80.0907738408455,511
-7.6926,53.28823,2022/12/30 00:00:00+00,Fri 30 Dec 2022,71,31,0,3865277,3818107,241198,4106475,4059305,85.5779668685276,84.5949552351465,512
-7.6926,53.28823,2022/07/06 23:00:00+00,Thu 07 Jul 2022,77,77,0,3856571,3810055,241185,4097756,4051240,85.3962649725884,84.4268825443851,513
-7.6926,53.28823,2021/11/30 00:00:00+00,Tue 30 Nov 2021,1899,1656,6,3666736,3603752,241081,3907817,3844833,81.437981177109,80.1254095273979,514
-7.6926,53.28823,2022/12/31 00:00:00+00,Sat 31 Dec 2022,36,26,0,3865313,3818133,241198,4106511,4059331,85.5787171000052,84.5954970689915,515
-7.6926,53.28823,2022/07/07 23:00:00+00,Fri 08 Jul 2022,99,91,0,3856670,3810146,241185,4097855,4051331,85.398328109152,84.4287789628425,516
-7.6926,53.28823,2021/12/01 00:00:00+00,Wed 01 Dec 2021,1075,1392,4,3667811,3605144,241085,3908896,3846229,81.4604672816759,80.1545018369209,517
-7.6926,53.28823,2023/01/03 00:00:00+00,Tue 03 Jan 2023,16,14,0,3865329,3818147,241198,4106527,4059345,85.5790505362175,84.5957888256773,518
-7.6926,53.28823,2022/07/08 23:00:00+00,Sat 09 Jul 2022,119,144,0,3856789,3810290,241185,4097974,4051475,85.400808040981,84.4317798887532,519
-7.6926,53.28823,2021/12/02 00:00:00+00,Thu 02 Dec 2021,1737,1418,0,3669548,3606562,241085,3910633,3847647,81.4966659504735,80.1840526212358,520
-7.6926,53.28823,2023/01/04 00:00:00+00,Wed 04 Jan 2023,56,28,0,3865385,3818175,241198,4106583,4059373,85.5802175629606,84.5963723390488,521
-7.6926,53.28823,2022/07/09 23:00:00+00,Sun 10 Jul 2022,134,219,0,3856923,3810509,241185,4098108,4051694,85.403600569259,84.436343796909,522
-7.6926,53.28823,2021/12/03 00:00:00+00,Fri 03 Dec 2021,1016,1207,2,3670564,3607769,241087,3911651,3848856,81.5178808294809,80.2092478950276,523
-7.6926,53.28823,2023/01/05 00:00:00+00,Thu 05 Jan 2023,26,16,0,3865411,3818191,241198,4106609,4059389,85.5807593968056,84.5967057752611,524
-7.6926,53.28823,2023/01/06 00:00:00+00,Fri 06 Jan 2023,37,21,0,3865448,3818212,241198,4106646,4059410,85.5815304680465,84.5971434102897,525
-7.6926,53.28823,2023/01/07 00:00:00+00,Sat 07 Jan 2023,137,74,0,3865585,3818286,241198,4106783,4059484,85.5843855156143,84.5986855527716,526
-7.6926,53.28823,2023/01/08 00:00:00+00,Sun 08 Jan 2023,51,45,0,3865636,3818331,241198,4106834,4059529,85.585448343541,84.5996233421187,527
-7.6926,53.28823,2023/01/09 00:00:00+00,Mon 09 Jan 2023,1,1,0,3865637,3818332,241198,4106835,4059530,85.5854691833043,84.599644181882,528
-7.6926,53.28823,2023/01/10 00:00:00+00,Tue 10 Jan 2023,43,14,0,3865680,3818346,241198,4106878,4059544,85.5863652931248,84.5999359385677,529
-7.6926,53.28823,2023/01/11 00:00:00+00,Wed 11 Jan 2023,59,31,0,3865739,3818377,241198,4106937,4059575,85.5875948391577,84.600581971229,530
-7.6926,53.28823,2023/01/12 00:00:00+00,Thu 12 Jan 2023,14,12,0,3865753,3818389,241198,4106951,4059587,85.5878865958434,84.6008320483883,531
-7.6926,53.28823,2023/01/13 00:00:00+00,Fri 13 Jan 2023,30,12,0,3865783,3818401,241198,4106981,4059599,85.5885117887415,84.6010821255475,532
-7.6926,53.28823,2023/01/14 00:00:00+00,Sat 14 Jan 2023,72,40,0,3865855,3818441,241198,4107053,4059639,85.5900122516968,84.6019157160782,533
-7.6926,53.28823,2023/01/15 00:00:00+00,Sun 15 Jan 2023,60,30,0,3865915,3818471,241198,4107113,4059669,85.5912626374929,84.6025409089763,534
-7.6926,53.28823,2023/01/16 00:00:00+00,Mon 16 Jan 2023,6,2,0,3865921,3818473,241198,4107119,4059671,85.5913876760725,84.6025825885028,535
-7.6926,53.28823,2023/01/17 00:00:00+00,Tue 17 Jan 2023,14,19,0,3865935,3818492,241198,4107133,4059690,85.5916794327583,84.6029785440049,536
-7.6926,53.28823,2023/01/18 00:00:00+00,Wed 18 Jan 2023,35,14,0,3865970,3818506,241198,4107168,4059704,85.5924088244727,84.6032703006907,537
-7.6926,53.28823,2023/01/19 00:00:00+00,Thu 19 Jan 2023,23,7,0,3865993,3818513,241198,4107191,4059711,85.5928881390279,84.6034161790336,538
-7.6926,53.28823,2023/01/20 00:00:00+00,Fri 20 Jan 2023,20,8,0,3866013,3818521,241198,4107211,4059719,85.5933049342933,84.6035828971397,539
-7.6926,53.28823,2023/01/21 00:00:00+00,Sat 21 Jan 2023,75,26,0,3866088,3818547,241198,4107286,4059745,85.5948679165384,84.6041247309847,540
-7.6926,53.28823,2023/01/22 00:00:00+00,Sun 22 Jan 2023,21,13,0,3866109,3818560,241198,4107307,4059758,85.5953055515671,84.6043956479072,541
-7.6926,53.28823,2023/01/23 00:00:00+00,Mon 23 Jan 2023,8,1,0,3866117,3818561,241198,4107315,4059759,85.5954722696732,84.6044164876705,542
-7.6926,53.28823,2023/01/24 00:00:00+00,Tue 24 Jan 2023,17,13,0,3866134,3818574,241198,4107332,4059772,85.5958265456488,84.604687404593,543
-7.6926,53.28823,2023/01/25 00:00:00+00,Wed 25 Jan 2023,21,17,0,3866155,3818591,241198,4107353,4059789,85.5962641806774,84.6050416805685,544
-7.6926,53.28823,2023/01/26 00:00:00+00,Thu 26 Jan 2023,12,12,0,3866167,3818603,241198,4107365,4059801,85.5965142578366,84.6052917577278,545
-7.6926,53.28823,2023/01/27 00:00:00+00,Fri 27 Jan 2023,12,8,0,3866179,3818611,241198,4107377,4059809,85.5967643349959,84.6054584758339,546
-7.6926,53.28823,2023/01/28 00:00:00+00,Sat 28 Jan 2023,24,57,0,3866203,3818668,241198,4107401,4059866,85.5972644893143,84.6066463423402,547
-7.6926,53.28823,2023/01/29 00:00:00+00,Sun 29 Jan 2023,28,28,0,3866231,3818696,241198,4107429,4059894,85.5978480026858,84.6072298557117,548
-7.6926,53.28823,2023/01/30 00:00:00+00,Mon 30 Jan 2023,4,2,0,3866235,3818698,241198,4107433,4059896,85.5979313617389,84.6072715352383,549
-7.6926,53.28823,2023/01/31 00:00:00+00,Tue 31 Jan 2023,22,15,0,3866257,3818713,241198,4107455,4059911,85.5983898365308,84.6075841316873,550
-7.6926,53.28823,2023/02/01 00:00:00+00,Wed 01 Feb 2023,14,37,0,3866271,3818750,241198,4107469,4059948,85.5986815932166,84.6083552029282,551
-7.6926,53.28823,2023/02/02 00:00:00+00,Thu 02 Feb 2023,13,11,0,3866284,3818761,241198,4107482,4059959,85.5989525101391,84.6085844403242,552
-7.6926,53.28823,2023/02/03 00:00:00+00,Fri 03 Feb 2023,14,10,0,3866298,3818771,241198,4107496,4059969,85.5992442668248,84.6087928379569,553
-7.6926,53.28823,2023/02/04 00:00:00+00,Sat 04 Feb 2023,38,44,0,3866336,3818815,241198,4107534,4060013,85.600036177829,84.6097097875407,554
-7.6926,53.28823,2023/02/05 00:00:00+00,Sun 05 Feb 2023,29,22,0,3866365,3818837,241198,4107563,4060035,85.6006405309638,84.6101682623326,555
-7.6926,53.28823,2023/02/06 00:00:00+00,Mon 06 Feb 2023,12,7,0,3866377,3818844,241198,4107575,4060042,85.6008906081231,84.6103141406755,556
-7.6926,53.28823,2023/02/07 00:00:00+00,Tue 07 Feb 2023,20,13,0,3866397,3818857,241198,4107595,4060055,85.6013074033884,84.610585057598,557
-7.6926,53.28823,2023/02/08 00:00:00+00,Wed 08 Feb 2023,22,30,0,3866419,3818887,241198,4107617,4060085,85.6017658781803,84.611210250496,558
-7.6926,53.28823,2023/02/09 00:00:00+00,Thu 09 Feb 2023,6,15,0,3866425,3818902,241198,4107623,4060100,85.6018909167599,84.6115228469451,559
-7.6926,53.28823,2023/02/10 00:00:00+00,Fri 10 Feb 2023,5,14,0,3866430,3818916,241198,4107628,4060114,85.6019951155763,84.6118146036308,560
-7.6926,53.28823,2023/02/11 00:00:00+00,Sat 11 Feb 2023,34,48,0,3866464,3818964,241198,4107662,4060162,85.6027036675274,84.6128149122677,561
-7.6926,53.28823,2023/02/12 00:00:00+00,Sun 12 Feb 2023,17,36,0,3866481,3819000,241198,4107679,4060198,85.603057943503,84.6135651437454,562
-7.6926,53.28823,2023/02/13 00:00:00+00,Mon 13 Feb 2023,1,1,0,3866482,3819001,241198,4107680,4060199,85.6030787832663,84.6135859835087,563
-7.6926,53.28823,2023/02/14 00:00:00+00,Tue 14 Feb 2023,12,22,0,3866494,3819023,241198,4107692,4060221,85.6033288604255,84.6140444583006,564
-7.6926,53.28823,2023/02/15 00:00:00+00,Wed 15 Feb 2023,15,9,0,3866509,3819032,241198,4107707,4060230,85.6036414568745,84.61423201617,565
-7.6926,53.28823,2021/12/04 00:00:00+00,Sat 04 Dec 2021,1205,1707,3,3671769,3609476,241090,3912859,3850566,81.5430552635094,80.244883890217,566
-7.6926,53.28823,2021/12/05 00:00:00+00,Sun 05 Dec 2021,1349,1779,2,3673118,3611255,241092,3914210,3852347,81.5712097836853,80.2819995085984,567
-7.6926,53.28823,2021/12/06 00:00:00+00,Mon 06 Dec 2021,940,1306,0,3674058,3612561,241092,3915150,3853653,81.5907991611578,80.3092162394272,568
-7.6926,53.28823,2021/12/07 00:00:00+00,Tue 07 Dec 2021,487,753,2,3674545,3613314,241094,3915639,3854408,81.6009898053962,80.324950260695,569
-7.6926,53.28823,2021/12/08 00:00:00+00,Wed 08 Dec 2021,797,1528,2,3675342,3614842,241096,3916438,3855938,81.6176407762478,80.356835098496,570
-7.6926,53.28823,2021/12/09 00:00:00+00,Thu 09 Dec 2021,787,1217,1,3676129,3616059,241097,3917226,3857156,81.6340625097035,80.3822179301572,571
-7.6926,53.28823,2021/12/10 00:00:00+00,Fri 10 Dec 2021,895,1621,1,3677024,3617680,241098,3918122,3858778,81.6527349375922,80.4160200261789,572
-7.6926,53.28823,2021/12/11 00:00:00+00,Sat 11 Dec 2021,645,851,2,3677669,3618531,241100,3918769,3859631,81.666218264427,80.433796344247,573
-7.6926,53.28823,2021/12/12 00:00:00+00,Sun 12 Dec 2021,686,1193,0,3678355,3619724,241100,3919455,3860824,81.6805143420293,80.4586581818265,574
-7.6926,53.28823,2021/12/13 00:00:00+00,Mon 13 Dec 2021,725,1073,1,3679080,3620797,241101,3920181,3861898,81.6956440101623,80.481040087577,575
-7.6926,53.28823,2021/12/14 00:00:00+00,Tue 14 Dec 2021,631,1206,3,3679711,3622003,241104,3920815,3863107,81.7088564200746,80.5062353613688,576
-7.6926,53.28823,2021/12/15 00:00:00+00,Wed 15 Dec 2021,791,1260,1,3680502,3623263,241105,3921607,3864368,81.7253615125834,80.5325143028505,577
-7.6926,53.28823,2021/12/16 00:00:00+00,Thu 16 Dec 2021,1047,1552,8,3681549,3624815,241113,3922662,3865928,81.7473474628318,80.5650243335496,578
-7.6926,53.28823,2021/12/17 00:00:00+00,Fri 17 Dec 2021,1199,2460,1,3682748,3627275,241114,3923862,3868389,81.7723551787541,80.6163109909537,579
-7.6926,53.28823,2021/12/18 00:00:00+00,Sat 18 Dec 2021,1252,1185,0,3684000,3628460,241114,3925114,3869574,81.7984465623664,80.641006110427,580
-7.6926,53.28823,2021/12/19 00:00:00+00,Sun 19 Dec 2021,554,894,3,3684554,3629354,241117,3925671,3870471,81.8100543105071,80.6596993780789,581
-7.6926,53.28823,2021/12/20 00:00:00+00,Mon 20 Dec 2021,516,623,1,3685070,3629977,241118,3926188,3871095,81.8208284681169,80.6727033903586,582
-7.6926,53.28823,2021/12/21 00:00:00+00,Tue 21 Dec 2021,1406,1823,3,3686476,3631800,241121,3927597,3872921,81.8501916945624,80.7107567980871,583
-7.6926,53.28823,2021/12/22 00:00:00+00,Wed 22 Dec 2021,1170,1605,2,3687646,3633405,241123,3928769,3874528,81.8746158971133,80.7442462976598,584
-7.6926,53.28823,2021/12/23 00:00:00+00,Thu 23 Dec 2021,930,1404,0,3688576,3634809,241123,3929699,3875932,81.8939968769531,80.7735053252889,585
-7.6926,53.28823,2021/12/24 00:00:00+00,Fri 24 Dec 2021,101,165,0,3688677,3634974,241123,3929800,3876097,81.8961016930432,80.7769438862282,586
-7.6926,53.28823,2021/12/25 00:00:00+00,Sat 25 Dec 2021,2,6,0,3688679,3634980,241123,3929802,3876103,81.8961433725697,80.7770689248078,587
-7.6926,53.28823,2021/12/26 00:00:00+00,Sun 26 Dec 2021,12,13,0,3688691,3634993,241123,3929814,3876116,81.896393449729,80.7773398417303,588
-7.6926,53.28823,2021/12/27 00:00:00+00,Mon 27 Dec 2021,392,591,0,3689083,3635584,241123,3930206,3876707,81.9045626369303,80.7896561418221,589
-7.6926,53.28823,2021/12/28 00:00:00+00,Tue 28 Dec 2021,469,752,0,3689552,3636336,241123,3930675,3877459,81.9143364859032,80.8053276438001,590
-7.6926,53.28823,2021/12/29 00:00:00+00,Wed 29 Dec 2021,1059,1317,0,3690611,3637653,241123,3931734,3878776,81.9364057952047,80.8327736120249,591
-7.6926,53.28823,2021/12/30 00:00:00+00,Thu 30 Dec 2021,1051,1205,1,3691662,3638858,241124,3932786,3879982,81.9583292261633,80.8579063665268,592
-7.6926,53.28823,2021/12/31 00:00:00+00,Fri 31 Dec 2021,716,1682,0,3692378,3640540,241124,3933502,3881664,81.9732504966637,80.8929588483447,593
-7.6926,53.28823,2022/01/01 00:00:00+00,Sat 01 Jan 2022,71,101,0,3692449,3640641,241124,3933573,3881765,81.9747301198557,80.8950636644348,594
-7.6926,53.28823,2022/01/02 00:00:00+00,Sun 02 Jan 2022,271,629,0,3692720,3641270,241124,3933844,3882394,81.9803776957015,80.9081718755308,595
-7.6926,53.28823,2022/01/03 00:00:00+00,Mon 03 Jan 2022,3634,729,1,3696354,3641999,241125,3937479,3883124,82.056130235183,80.9233849027169,596
-7.6926,53.28823,2022/01/04 00:00:00+00,Tue 04 Jan 2022,1191,790,1,3697545,3642789,241126,3938671,3883915,82.0809712329992,80.9398691554623,597
-7.6926,53.28823,2022/01/05 00:00:00+00,Wed 05 Jan 2022,2139,916,0,3699684,3643705,241126,3940810,3884831,82.1255474866308,80.9589583786164,598
-7.6926,53.28823,2022/01/06 00:00:00+00,Thu 06 Jan 2022,2454,1698,1,3702138,3645403,241127,3943265,3886530,82.1767091054552,80.9943651364098,599
-7.6926,53.28823,2022/01/07 00:00:00+00,Fri 07 Jan 2022,4854,785,2,3706992,3646188,241129,3948121,3887317,82.2779069958877,81.0107660301022,600
-7.6926,53.28823,2022/01/08 00:00:00+00,Sat 08 Jan 2022,9789,746,2,3716781,3646934,241131,3957912,3888065,82.4819491180508,81.0263541730271,601
-7.6926,53.28823,2022/01/09 00:00:00+00,Sun 09 Jan 2022,7116,667,0,3723897,3647601,241131,3965028,3888732,82.6302448734703,81.0402542951273,602
-7.6926,53.28823,2022/01/10 00:00:00+00,Mon 10 Jan 2022,6668,512,1,3730565,3648113,241132,3971697,3889245,82.7692252547088,81.0509450936841,603
-7.6926,53.28823,2022/01/11 00:00:00+00,Tue 11 Jan 2022,4779,1373,1,3735344,3649486,241133,3976477,3890619,82.8688393231328,81.0795789284152,604
-7.6926,53.28823,2022/01/12 00:00:00+00,Wed 12 Jan 2022,7560,928,1,3742904,3650414,241134,3984038,3891548,83.0264087732069,81.0989390684918,605
-7.6926,53.28823,2022/01/13 00:00:00+00,Thu 13 Jan 2022,7322,818,0,3750226,3651232,241134,3991360,3892366,83.1789975198598,81.1159859948455,606
-7.6926,53.28823,2022/01/14 00:00:00+00,Fri 14 Jan 2022,10725,839,0,3760951,3652071,241134,4002085,3893205,83.4025039809158,81.1334705562279,607
-7.6926,53.28823,2022/01/15 00:00:00+00,Sat 15 Jan 2022,8363,654,2,3769314,3652725,241136,4010450,3893861,83.5768286006578,81.1471414409321,608
-7.6926,53.28823,2022/01/16 00:00:00+00,Sun 16 Jan 2022,6965,1216,1,3776279,3653941,241137,4017416,3895078,83.7219983915871,81.17250343283,609
-7.6926,53.28823,2022/01/17 00:00:00+00,Mon 17 Jan 2022,2565,564,0,3778844,3654505,241137,4019981,3895642,83.7754523843711,81.1842570593135,610
-7.6926,53.28823,2022/01/18 00:00:00+00,Tue 18 Jan 2022,4056,455,3,3782900,3654960,241140,4024040,3896100,83.8600409834784,81.1938016708905,611
-7.6926,53.28823,2022/01/19 00:00:00+00,Wed 19 Jan 2022,3487,624,0,3786387,3655584,241140,4027527,3896724,83.9327092379961,81.2068056831702,612
-7.6926,53.28823,2022/01/20 00:00:00+00,Thu 20 Jan 2022,3699,939,1,3790086,3656523,241141,4031227,3897664,84.00981636209,81.2263950606427,613
-7.6926,53.28823,2022/01/21 00:00:00+00,Fri 21 Jan 2022,3252,977,0,3793338,3657500,241141,4034479,3898641,84.0775872722396,81.2467555093561,614
-7.6926,53.28823,2022/01/22 00:00:00+00,Sat 22 Jan 2022,4274,645,0,3797612,3658145,241141,4038753,3899286,84.1666564204497,81.2601971566644,615
-7.6926,53.28823,2022/01/23 00:00:00+00,Sun 23 Jan 2022,3094,680,0,3800706,3658825,241141,4041847,3899966,84.2311346480029,81.274368195687,616
-7.6926,53.28823,2022/07/10 23:00:00+00,Mon 11 Jul 2022,11,16,0,3856934,3810525,241185,4098119,4051710,85.4038298066549,84.4366772331213,617
-7.6926,53.28823,2022/01/24 00:00:00+00,Mon 24 Jan 2022,646,469,0,3801352,3659294,241141,4042493,3900435,84.2445971350744,81.28414204466,618
-7.6926,53.28823,2022/01/25 00:00:00+00,Tue 25 Jan 2022,692,1839,1,3802044,3661133,241142,4043186,3902275,84.2590390910195,81.3224872090743,619
-7.6926,53.28823,2022/01/26 00:00:00+00,Wed 26 Jan 2022,700,898,0,3802744,3662031,241142,4043886,3903173,84.2736269253076,81.3412013164895,620
-7.6926,53.28823,2022/01/27 00:00:00+00,Thu 27 Jan 2022,1278,1178,0,3804022,3663209,241142,4045164,3904351,84.3002601427649,81.36575055762,621
-7.6926,53.28823,2022/01/28 00:00:00+00,Fri 28 Jan 2022,1031,3095,1,3805053,3666304,241143,4046196,3907447,84.3217667784581,81.4302704646996,622
-7.6926,53.28823,2022/01/29 00:00:00+00,Sat 29 Jan 2022,2329,3446,0,3807382,3669750,241143,4048525,3910893,84.3703025871107,81.5020842889233,623
-7.6926,53.28823,2022/01/30 00:00:00+00,Sun 30 Jan 2022,1639,7538,0,3809021,3677288,241143,4050164,3918431,84.404458959108,81.6591744244422,624
-7.6926,53.28823,2022/01/31 00:00:00+00,Mon 31 Jan 2022,483,1397,0,3809504,3678685,241143,4050647,3919828,84.4145245647668,81.6882875737285,625
-7.6926,53.28823,2022/02/01 00:00:00+00,Tue 01 Feb 2022,751,3422,1,3810255,3682107,241144,4051399,3923251,84.4301960667448,81.759622083397,626
-7.6926,53.28823,2022/02/02 00:00:00+00,Wed 02 Feb 2022,653,2999,0,3810908,3685106,241144,4052052,3926250,84.4438044321592,81.8221205334396,627
-7.6926,53.28823,2022/02/03 00:00:00+00,Thu 03 Feb 2022,908,2436,1,3811816,3687542,241145,4052961,3928687,84.4627477769703,81.8729070365252,628
-7.6926,53.28823,2022/02/04 00:00:00+00,Fri 04 Feb 2022,1173,6524,0,3812989,3694066,241145,4054134,3935211,84.4871928192844,82.0088656520897,629
-7.6926,53.28823,2022/02/05 00:00:00+00,Sat 05 Feb 2022,1777,5750,0,3814766,3699816,241145,4055911,3940961,84.5242250786128,82.1286942908843,630
-7.6926,53.28823,2022/02/06 00:00:00+00,Sun 06 Feb 2022,1407,7556,0,3816173,3707372,241145,4057318,3948517,84.5535466255318,82.2861595421421,631
-7.6926,53.28823,2022/02/07 00:00:00+00,Mon 07 Feb 2022,442,1352,0,3816615,3708724,241145,4057760,3949869,84.5627578008965,82.3143349020812,632
-7.6926,53.28823,2022/02/08 00:00:00+00,Tue 08 Feb 2022,900,1239,0,3817515,3709963,241145,4058660,3951108,84.5815135878383,82.3401553687711,633
-7.6926,53.28823,2022/02/09 00:00:00+00,Wed 09 Feb 2022,1335,1785,0,3818850,3711748,241145,4059995,3952893,84.6093346718019,82.3773543462056,634
-7.6926,53.28823,2022/02/10 00:00:00+00,Thu 10 Feb 2022,687,2555,1,3819537,3714303,241146,4060683,3955449,84.6236724289307,82.4306207811202,635
-7.6926,53.28823,2022/02/11 00:00:00+00,Fri 11 Feb 2022,546,4927,0,3820083,3719230,241146,4061229,3960376,84.6350509396754,82.5332982947447,636
-7.6926,53.28823,2022/02/12 00:00:00+00,Sat 12 Feb 2022,1397,5463,0,3821480,3724693,241146,4062626,3965839,84.6641640889616,82.6471459214812,637
-7.6926,53.28823,2022/02/13 00:00:00+00,Sun 13 Feb 2022,1566,4706,0,3823046,3729399,241146,4064192,3970545,84.6967991582403,82.7452178474233,638
-7.6926,53.28823,2022/02/14 00:00:00+00,Mon 14 Feb 2022,175,954,0,3823221,3730353,241146,4064367,3971499,84.7004461168123,82.7650989815816,639
-7.6926,53.28823,2022/02/15 00:00:00+00,Tue 15 Feb 2022,650,817,1,3823871,3731170,241147,4065018,3972317,84.7140128027002,82.7821459079353,640
-7.6926,53.28823,2022/02/16 00:00:00+00,Wed 16 Feb 2022,798,1787,0,3824669,3732957,241147,4065816,3974104,84.7306429337885,82.8193865648964,641
-7.6926,53.28823,2022/02/17 00:00:00+00,Thu 17 Feb 2022,791,1194,2,3825460,3734151,241149,4066609,3975300,84.7471688660605,82.8443109217657,642
-7.6926,53.28823,2022/02/18 00:00:00+00,Fri 18 Feb 2022,792,3295,0,3826252,3737446,241149,4067401,3978595,84.7636739585693,82.9129779417358,643
-7.6926,53.28823,2022/02/19 00:00:00+00,Sat 19 Feb 2022,980,3556,0,3827232,3741002,241149,4068381,3982151,84.7840969265725,82.987084139919,644
-7.6926,53.28823,2022/02/20 00:00:00+00,Sun 20 Feb 2022,1365,3588,0,3828597,3744590,241149,4069746,3985739,84.8125432034342,83.0618572105268,645
-7.6926,53.28823,2022/02/21 00:00:00+00,Mon 21 Feb 2022,255,997,1,3828852,3745587,241150,4070002,3986737,84.817878182831,83.0826552942689,646
-7.6926,53.28823,2022/02/22 00:00:00+00,Tue 22 Feb 2022,475,986,1,3829327,3746573,241151,4070478,3987724,84.8277979101469,83.1032241406151,647
-7.6926,53.28823,2022/02/23 00:00:00+00,Wed 23 Feb 2022,829,1273,1,3830156,3747846,241152,4071308,3988998,84.8450949136598,83.1297739990193,648
-7.6926,53.28823,2022/02/24 00:00:00+00,Thu 24 Feb 2022,653,1237,0,3830809,3749083,241152,4071961,3990235,84.8587032790742,83.1555527861826,649
-7.6926,53.28823,2022/02/25 00:00:00+00,Fri 25 Feb 2022,693,1228,0,3831502,3750311,241152,4072654,3991463,84.8731452350194,83.1811440154764,650
-7.6926,53.28823,2022/02/26 00:00:00+00,Sat 26 Feb 2022,960,2093,0,3832462,3752404,241152,4073614,3993556,84.8931514077573,83.2247616399977,651
-7.6926,53.28823,2022/02/27 00:00:00+00,Sun 27 Feb 2022,671,1783,0,3833133,3754187,241152,4074285,3995339,84.9071348889105,83.2619189379056,652
-7.6926,53.28823,2022/02/28 00:00:00+00,Mon 28 Feb 2022,81,437,0,3833214,3754624,241152,4074366,3995776,84.9088229097353,83.271025914454,653
-7.6926,53.28823,2022/03/01 00:00:00+00,Tue 01 Mar 2022,134,937,0,3833348,3755561,241152,4074500,3996713,84.9116154380133,83.2905527726367,654
-7.6926,53.28823,2022/03/02 00:00:00+00,Wed 02 Mar 2022,207,997,2,3833555,3756558,241154,4074709,3997712,84.9159709485364,83.3113716961421,655
-7.6926,53.28823,2022/03/03 00:00:00+00,Thu 03 Mar 2022,279,1278,0,3833834,3757836,241154,4074988,3998990,84.9217852424884,83.3380049135994,656
-7.6926,53.28823,2022/03/04 00:00:00+00,Fri 04 Mar 2022,735,1508,1,3834569,3759344,241155,4075724,4000499,84.9371233082541,83.3694521163717,657
-7.6926,53.28823,2022/03/05 00:00:00+00,Sat 05 Mar 2022,963,3343,0,3835532,3762687,241155,4076687,4003842,84.9571920002818,83.4391194449787,658
-7.6926,53.28823,2022/03/06 00:00:00+00,Sun 06 Mar 2022,455,1916,0,3835987,3764603,241155,4077142,4005758,84.966674092569,83.4790484314014,659
-7.6926,53.28823,2022/03/07 00:00:00+00,Mon 07 Mar 2022,116,125,1,3836103,3764728,241156,4077259,4005884,84.9691123448714,83.4816742415733,660
-7.6926,53.28823,2022/03/08 00:00:00+00,Tue 08 Mar 2022,120,493,0,3836223,3765221,241156,4077379,4006377,84.9716131164636,83.4919482448647,661
-7.6926,53.28823,2022/03/09 00:00:00+00,Wed 09 Mar 2022,130,344,1,3836353,3765565,241157,4077510,4006722,84.9743431254518,83.4991379631924,662
-7.6926,53.28823,2022/03/10 00:00:00+00,Thu 10 Mar 2022,259,508,0,3836612,3766073,241157,4077769,4007230,84.9797406241384,83.5097245629328,663
-7.6926,53.28823,2022/03/11 00:00:00+00,Fri 11 Mar 2022,493,2183,0,3837105,3768256,241157,4078262,4009413,84.9900146274298,83.5552177661483,664
-7.6926,53.28823,2022/03/12 00:00:00+00,Sat 12 Mar 2022,473,2393,2,3837578,3770649,241159,4078737,4011808,84.9999135149824,83.6051289991766,665
-7.6926,53.28823,2022/03/13 00:00:00+00,Sun 13 Mar 2022,358,1082,0,3837936,3771731,241159,4079095,4012890,85.0073741502326,83.6276776230333,666
-7.6926,53.28823,2022/03/14 00:00:00+00,Mon 14 Mar 2022,109,123,0,3838045,3771854,241159,4079204,4013013,85.0096456844289,83.6302409139153,667
-7.6926,53.28823,2022/03/15 00:00:00+00,Tue 15 Mar 2022,222,755,1,3838267,3772609,241160,4079427,4013769,85.0142929516378,83.6459957749464,668
-7.6926,53.28823,2022/03/16 00:00:00+00,Wed 16 Mar 2022,195,798,0,3838462,3773407,241160,4079622,4014567,85.0183567054752,83.6626259060348,669
-7.6926,53.28823,2022/07/11 23:00:00+00,Tue 12 Jul 2022,44,81,0,3856978,3810606,241185,4098163,4051791,85.4047467562388,84.4383652539461,670
-7.6926,53.28823,2022/07/12 23:00:00+00,Wed 13 Jul 2022,99,74,1,3857077,3810680,241186,4098263,4051866,85.4068307325656,84.4399282361912,671
-7.6926,53.28823,2022/07/13 23:00:00+00,Thu 14 Jul 2022,73,39,0,3857150,3810719,241186,4098336,4051905,85.4083520352842,84.4407409869587,672
-7.6926,53.28823,2022/07/14 23:00:00+00,Fri 15 Jul 2022,80,118,1,3857230,3810837,241187,4098417,4052024,85.410040056109,84.4432209187877,673
-7.6926,53.28823,2022/07/15 23:00:00+00,Sat 16 Jul 2022,124,209,0,3857354,3811046,241187,4098541,4052233,85.4126241867543,84.4475764293108,674
-7.6926,53.28823,2022/07/16 23:00:00+00,Sun 17 Jul 2022,119,165,0,3857473,3811211,241187,4098660,4052398,85.4151041185833,84.4510149902501,675
-7.6926,53.28823,2022/07/17 23:00:00+00,Mon 18 Jul 2022,14,18,0,3857487,3811229,241187,4098674,4052416,85.415395875269,84.4513901059889,676
-7.6926,53.28823,2022/07/18 23:00:00+00,Tue 19 Jul 2022,30,34,0,3857517,3811263,241187,4098704,4052450,85.4160210681671,84.4520986579401,677
-7.6926,53.28823,2022/07/19 23:00:00+00,Wed 20 Jul 2022,78,66,0,3857595,3811329,241187,4098782,4052516,85.417646569702,84.4534740823158,678
-7.6926,53.28823,2022/07/20 23:00:00+00,Thu 21 Jul 2022,52,30,0,3857647,3811359,241187,4098834,4052546,85.418730237392,84.4540992752139,679
-7.6926,53.28823,2022/07/21 23:00:00+00,Fri 22 Jul 2022,75,70,0,3857722,3811429,241187,4098909,4052616,85.4202932196371,84.4555580586427,680
-7.6926,53.28823,2022/07/22 23:00:00+00,Sat 23 Jul 2022,100,175,0,3857822,3811604,241187,4099009,4052791,85.422377195964,84.4592050172147,681
-7.6926,53.28823,2022/07/23 23:00:00+00,Sun 24 Jul 2022,108,230,0,3857930,3811834,241187,4099117,4053021,85.424627890397,84.4639981627665,682
-7.6926,53.28823,2022/07/24 23:00:00+00,Mon 25 Jul 2022,14,23,0,3857944,3811857,241187,4099131,4053044,85.4249196470828,84.4644774773217,683
-7.6926,53.28823,2022/07/25 23:00:00+00,Tue 26 Jul 2022,18,16,0,3857962,3811873,241187,4099149,4053060,85.4252947628216,84.464810913534,684
-7.6926,53.28823,2022/07/26 23:00:00+00,Wed 27 Jul 2022,61,72,1,3858023,3811945,241188,4099211,4053133,85.4265868281443,84.4663322162526,685
-7.6926,53.28823,2022/07/27 23:00:00+00,Thu 28 Jul 2022,49,73,0,3858072,3812018,241188,4099260,4053206,85.4276079765444,84.4678535189712,686
-7.6926,53.28823,2022/07/28 23:00:00+00,Fri 29 Jul 2022,71,105,0,3858143,3812123,241188,4099331,4053311,85.4290875997365,84.4700416941144,687
-7.6926,53.28823,2022/07/29 23:00:00+00,Sat 30 Jul 2022,100,119,0,3858243,3812242,241188,4099431,4053430,85.4311715760634,84.4725216259433,688
-7.6926,53.28823,2022/07/30 23:00:00+00,Sun 31 Jul 2022,32,57,0,3858275,3812299,241188,4099463,4053487,85.431838448488,84.4737094924496,689
-7.6926,53.28823,2022/07/31 23:00:00+00,Mon 01 Aug 2022,10,15,0,3858285,3812314,241188,4099473,4053502,85.4320468461206,84.4740220888987,690
-7.6926,53.28823,2022/08/01 23:00:00+00,Tue 02 Aug 2022,36,30,0,3858321,3812344,241188,4099509,4053532,85.4327970775983,84.4746472817967,691
-7.6926,53.28823,2022/08/02 23:00:00+00,Wed 03 Aug 2022,93,139,0,3858414,3812483,241188,4099602,4053671,85.4347351755823,84.4775440088911,692
-7.6926,53.28823,2022/08/03 23:00:00+00,Thu 04 Aug 2022,45,53,0,3858459,3812536,241188,4099647,4053724,85.4356729649294,84.4786485163443,693
-7.6926,53.28823,2022/08/04 23:00:00+00,Fri 05 Aug 2022,96,91,0,3858555,3812627,241188,4099743,4053815,85.4376735822032,84.4805449348018,694
-7.6926,53.28823,2022/08/05 23:00:00+00,Sat 06 Aug 2022,74,130,0,3858629,3812757,241188,4099817,4053945,85.4392157246851,84.4832541040267,695
-7.6926,53.28823,2022/08/06 23:00:00+00,Sun 07 Aug 2022,28,80,0,3858657,3812837,241188,4099845,4054025,85.4397992380566,84.4849212850882,696
-7.6926,53.28823,2022/08/07 23:00:00+00,Mon 08 Aug 2022,11,16,0,3858668,3812853,241188,4099856,4054041,85.4400284754525,84.4852547213005,697
-7.6926,53.28823,2022/08/08 23:00:00+00,Tue 09 Aug 2022,48,41,0,3858716,3812894,241188,4099904,4054082,85.4410287840894,84.4861091515945,698
-7.6926,53.28823,2022/08/09 23:00:00+00,Wed 10 Aug 2022,55,94,1,3858771,3812988,241189,4099960,4054177,85.4421958108325,84.488088929105,699
-7.6926,53.28823,2022/08/10 23:00:00+00,Thu 11 Aug 2022,45,42,0,3858816,3813030,241189,4100005,4054219,85.4431336001796,84.4889641991623,700
-7.6926,53.28823,2022/08/11 23:00:00+00,Fri 12 Aug 2022,69,75,0,3858885,3813105,241189,4100074,4054294,85.4445715438451,84.4905271814074,701
-7.6926,53.28823,2022/08/12 23:00:00+00,Sat 13 Aug 2022,103,151,0,3858988,3813256,241189,4100177,4054445,85.4467180394618,84.493673985661,702
-7.6926,53.28823,2022/08/13 23:00:00+00,Sun 14 Aug 2022,17,26,0,3859005,3813282,241189,4100194,4054471,85.4470723154373,84.494215819506,703
-7.6926,53.28823,2022/08/14 23:00:00+00,Mon 15 Aug 2022,7,11,0,3859012,3813293,241189,4100201,4054482,85.4472181937802,84.4944450569019,704
-7.6926,53.28823,2022/08/15 23:00:00+00,Tue 16 Aug 2022,41,28,0,3859053,3813321,241189,4100242,4054510,85.4480726240742,84.4950285702735,705
-7.6926,53.28823,2022/08/16 23:00:00+00,Wed 17 Aug 2022,51,58,0,3859104,3813379,241189,4100293,4054568,85.4491354520009,84.496237276543,706
-7.6926,53.28823,2022/08/17 23:00:00+00,Thu 18 Aug 2022,55,40,0,3859159,3813419,241189,4100348,4054608,85.4502816389807,84.4970708670738,707
-7.6926,53.28823,2022/08/18 23:00:00+00,Fri 19 Aug 2022,74,56,0,3859233,3813475,241189,4100422,4054664,85.4518237814626,84.4982378938168,708
-7.6926,53.28823,2022/08/19 23:00:00+00,Sat 20 Aug 2022,109,127,0,3859342,3813602,241189,4100531,4054791,85.4540953156588,84.5008845437519,709
-7.6926,53.28823,2022/08/20 23:00:00+00,Sun 21 Aug 2022,39,36,0,3859381,3813638,241189,4100570,4054827,85.4549080664263,84.5016347752296,710
-7.6926,53.28823,2022/08/21 23:00:00+00,Mon 22 Aug 2022,12,13,0,3859393,3813651,241189,4100582,4054840,85.4551581435855,84.5019056921521,711
-7.6926,53.28823,2022/08/22 23:00:00+00,Tue 23 Aug 2022,78,72,0,3859471,3813723,241189,4100660,4054912,85.4567836451205,84.5034061551074,712
-7.6926,53.28823,2022/08/23 23:00:00+00,Wed 24 Aug 2022,53,56,0,3859524,3813779,241189,4100713,4054968,85.4578881525737,84.5045731818505,713
-7.6926,53.28823,2022/08/24 23:00:00+00,Thu 25 Aug 2022,40,49,0,3859564,3813828,241189,4100753,4055017,85.4587217431045,84.5055943302506,714
-7.6926,53.28823,2022/08/25 23:00:00+00,Fri 26 Aug 2022,99,90,0,3859663,3813918,241189,4100852,4055107,85.4607848796681,84.5074699089448,715
-7.6926,53.28823,2022/08/26 23:00:00+00,Sat 27 Aug 2022,86,119,0,3859749,3814037,241189,4100938,4055226,85.4625770993092,84.5099498407738,716
-7.6926,53.28823,2022/08/27 23:00:00+00,Sun 28 Aug 2022,44,21,0,3859793,3814058,241189,4100982,4055247,85.463494048893,84.5103874758024,717
-7.6926,53.28823,2022/08/28 23:00:00+00,Mon 29 Aug 2022,13,12,0,3859806,3814070,241189,4100995,4055259,85.4637649658155,84.5106375529617,718
-7.6926,53.28823,2022/08/29 23:00:00+00,Tue 30 Aug 2022,42,44,1,3859848,3814114,241190,4101038,4055304,85.464661075636,84.5115753423087,719
-7.6926,53.28823,2022/08/30 23:00:00+00,Wed 31 Aug 2022,28,29,0,3859876,3814143,241190,4101066,4055333,85.4652445890076,84.5121796954435,720
-7.6926,53.28823,2022/08/31 23:00:00+00,Thu 01 Sep 2022,34,30,0,3859910,3814173,241190,4101100,4055363,85.4659531409587,84.5128048883416,721
-7.6926,53.28823,2022/09/01 23:00:00+00,Fri 02 Sep 2022,48,51,0,3859958,3814224,241190,4101148,4055414,85.4669534495956,84.5138677162683,722
-7.6926,53.28823,2022/09/02 23:00:00+00,Sat 03 Sep 2022,73,101,0,3860031,3814325,241190,4101221,4055515,85.4684747523142,84.5159725323584,723
-7.6926,53.28823,2022/09/03 23:00:00+00,Sun 04 Sep 2022,58,82,0,3860089,3814407,241190,4101279,4055597,85.4696834585838,84.5176813929465,724
-7.6926,53.28823,2022/09/04 23:00:00+00,Mon 05 Sep 2022,9,5,0,3860098,3814412,241190,4101288,4055602,85.4698710164532,84.5177855917628,725
-7.6926,53.28823,2022/09/05 23:00:00+00,Tue 06 Sep 2022,42,22,0,3860140,3814434,241190,4101330,4055624,85.4707462865105,84.5182440665547,726
-7.6926,53.28823,2022/09/06 23:00:00+00,Wed 07 Sep 2022,48,42,0,3860188,3814476,241190,4101378,4055666,85.4717465951474,84.519119336612,727
-7.6926,53.28823,2022/09/07 23:00:00+00,Thu 08 Sep 2022,39,51,2,3860227,3814527,241192,4101419,4055719,85.4726010254414,84.5202238440652,728
-7.6926,53.28823,2022/09/08 23:00:00+00,Fri 09 Sep 2022,64,60,0,3860291,3814587,241192,4101483,4055779,85.4739347702906,84.5214742298613,729
-7.6926,53.28823,2022/09/09 23:00:00+00,Sat 10 Sep 2022,94,135,0,3860385,3814722,241192,4101577,4055914,85.4758937080378,84.5242875979026,730
-7.6926,53.28823,2022/09/10 23:00:00+00,Sun 11 Sep 2022,58,58,0,3860443,3814780,241192,4101635,4055972,85.4771024143074,84.5254963041722,731
-7.6926,53.28823,2022/09/11 23:00:00+00,Mon 12 Sep 2022,13,13,0,3860456,3814793,241192,4101648,4055985,85.4773733312299,84.5257672210947,732
-7.6926,53.28823,2022/09/12 23:00:00+00,Tue 13 Sep 2022,29,25,0,3860485,3814818,241192,4101677,4056010,85.4779776843647,84.5262882151764,733
-7.6926,53.28823,2022/09/13 23:00:00+00,Wed 14 Sep 2022,36,33,0,3860521,3814851,241192,4101713,4056043,85.4787279158424,84.5269759273643,734
-7.6926,53.28823,2022/09/14 23:00:00+00,Thu 15 Sep 2022,51,36,0,3860572,3814887,241192,4101764,4056079,85.4797907437691,84.5277261588419,735
-7.6926,53.28823,2022/09/15 23:00:00+00,Fri 16 Sep 2022,38,56,0,3860610,3814943,241192,4101802,4056135,85.4805826547733,84.528893185585,736
-7.6926,53.28823,2022/09/16 23:00:00+00,Sat 17 Sep 2022,66,149,0,3860676,3815092,241192,4101868,4056284,85.481958079149,84.531998310312,737
-7.6926,53.28823,2022/09/17 23:00:00+00,Sun 18 Sep 2022,30,53,0,3860706,3815145,241192,4101898,4056337,85.4825832720471,84.5331028177652,738
-7.6926,53.28823,2022/09/18 23:00:00+00,Mon 19 Sep 2022,11,11,0,3860717,3815156,241192,4101909,4056348,85.482812509443,84.5333320551612,739
-7.6926,53.28823,2022/09/19 23:00:00+00,Tue 20 Sep 2022,39,37,0,3860756,3815193,241192,4101948,4056385,85.4836252602105,84.5341031264021,740
-7.6926,53.28823,2022/09/20 23:00:00+00,Wed 21 Sep 2022,42,32,0,3860798,3815225,241192,4101990,4056417,85.4845005302678,84.5347699988267,741
-7.6926,53.28823,2022/09/21 23:00:00+00,Thu 22 Sep 2022,61,34,0,3860859,3815259,241192,4102051,4056451,85.4857717558272,84.5354785507779,742
-7.6926,53.28823,2022/09/22 23:00:00+00,Fri 23 Sep 2022,38,39,0,3860897,3815298,241192,4102089,4056490,85.4865636668314,84.5362913015453,743
-7.6926,53.28823,2022/09/23 23:00:00+00,Sat 24 Sep 2022,56,104,0,3860953,3815402,241192,4102145,4056594,85.4877306935744,84.5384586369253,744
-7.6926,53.28823,2022/09/24 23:00:00+00,Sun 25 Sep 2022,42,75,0,3860995,3815477,241192,4102187,4056669,85.4886059636317,84.5400216191704,745
-7.6926,53.28823,2022/09/25 23:00:00+00,Mon 26 Sep 2022,24,10,0,3861019,3815487,241192,4102211,4056679,85.4891061179501,84.5402300168031,746
-7.6926,53.28823,2022/09/26 23:00:00+00,Tue 27 Sep 2022,30,33,2,3861049,3815520,241194,4102243,4056714,85.4897729903747,84.5409594085175,747
-7.6926,53.28823,2022/09/27 23:00:00+00,Wed 28 Sep 2022,43,28,0,3861092,3815548,241194,4102286,4056742,85.4906691001953,84.541542921889,748
-7.6926,53.28823,2022/09/28 23:00:00+00,Thu 29 Sep 2022,33,23,0,3861125,3815571,241194,4102319,4056765,85.4913568123832,84.5420222364442,749
-7.6926,53.28823,2022/09/29 23:00:00+00,Fri 30 Sep 2022,39,58,0,3861164,3815629,241194,4102358,4056823,85.4921695631506,84.5432309427138,750
-7.6926,53.28823,2022/09/30 23:00:00+00,Sat 01 Oct 2022,53,105,0,3861217,3815734,241194,4102411,4056928,85.4932740706039,84.545419117857,751
-7.6926,53.28823,2022/10/01 23:00:00+00,Sun 02 Oct 2022,26,47,0,3861243,3815781,241194,4102437,4056975,85.4938159044489,84.5463985867306,752
-7.6926,53.28823,2022/10/02 23:00:00+00,Mon 03 Oct 2022,22,1,0,3861265,3815782,241194,4102459,4056976,85.4942743792408,84.5464194264939,753
-7.6926,53.28823,2022/10/03 23:00:00+00,Tue 04 Oct 2022,29,17,0,3861294,3815799,241194,4102488,4056993,85.4948787323756,84.5467737024695,754
-7.6926,53.28823,2022/10/04 23:00:00+00,Wed 05 Oct 2022,50,37,0,3861344,3815836,241194,4102538,4057030,85.495920720539,84.5475447737104,755
-7.6926,53.28823,2022/10/05 23:00:00+00,Thu 06 Oct 2022,56,27,0,3861400,3815863,241194,4102594,4057057,85.497087747282,84.5481074473186,756
-7.6926,53.28823,2022/10/06 23:00:00+00,Fri 07 Oct 2022,80,40,0,3861480,3815903,241194,4102674,4057097,85.4987549283435,84.5489410378494,757
-7.6926,53.28823,2022/10/07 23:00:00+00,Sat 08 Oct 2022,100,102,0,3861580,3816005,241194,4102774,4057199,85.5008389046704,84.5510666937028,758
-7.6926,53.28823,2022/10/08 23:00:00+00,Sun 09 Oct 2022,37,29,0,3861617,3816034,241194,4102811,4057228,85.5016099759113,84.5516710468376,759
-7.6926,53.28823,2022/10/09 23:00:00+00,Mon 10 Oct 2022,19,3,0,3861636,3816037,241194,4102830,4057231,85.5020059314134,84.5517335661274,760
-7.6926,53.28823,2022/10/10 23:00:00+00,Tue 11 Oct 2022,76,16,0,3861712,3816053,241194,4102906,4057247,85.5035897534218,84.5520670023397,761
-7.6926,53.28823,2022/10/11 23:00:00+00,Wed 12 Oct 2022,56,36,0,3861768,3816089,241194,4102962,4057283,85.5047567801649,84.5528172338174,762
-7.6926,53.28823,2022/10/12 23:00:00+00,Thu 13 Oct 2022,80,29,0,3861848,3816118,241194,4103042,4057312,85.5064239612264,84.5534215869521,763
-7.6926,53.28823,2022/10/13 23:00:00+00,Fri 14 Oct 2022,120,21,0,3861968,3816139,241194,4103162,4057333,85.5089247328186,84.5538592219808,764
-7.6926,53.28823,2022/10/14 23:00:00+00,Sat 15 Oct 2022,98,120,0,3862066,3816259,241194,4103260,4057453,85.5109670296189,84.556359993573,765
-7.6926,53.28823,2022/10/15 23:00:00+00,Sun 16 Oct 2022,26,37,1,3862092,3816296,241195,4103287,4057491,85.5115297032272,84.5571519045772,766
-7.6926,53.28823,2022/10/16 23:00:00+00,Mon 17 Oct 2022,51,3,0,3862143,3816299,241195,4103338,4057494,85.5125925311539,84.557214423867,767
-7.6926,53.28823,2022/10/17 23:00:00+00,Tue 18 Oct 2022,116,17,0,3862259,3816316,241195,4103454,4057511,85.515009943693,84.5575686998426,768
-7.6926,53.28823,2022/10/18 23:00:00+00,Wed 19 Oct 2022,87,40,0,3862346,3816356,241195,4103541,4057551,85.5168230030974,84.5584022903734,769
-7.6926,53.28823,2022/10/19 23:00:00+00,Thu 20 Oct 2022,97,10,0,3862443,3816366,241195,4103638,4057561,85.5188444601345,84.558610688006,770
-7.6926,53.28823,2022/10/20 23:00:00+00,Fri 21 Oct 2022,124,21,0,3862567,3816387,241195,4103762,4057582,85.5214285907798,84.5590483230347,771
-7.6926,53.28823,2022/10/21 23:00:00+00,Sat 22 Oct 2022,95,58,0,3862662,3816445,241195,4103857,4057640,85.5234083682903,84.5602570293043,772
-7.6926,53.28823,2022/10/22 23:00:00+00,Sun 23 Oct 2022,80,48,0,3862742,3816493,241195,4103937,4057688,85.5250755493518,84.5612573379411,773
-7.6926,53.28823,2022/10/23 23:00:00+00,Mon 24 Oct 2022,65,4,0,3862807,3816497,241195,4104002,4057692,85.5264301339643,84.5613406969942,774
