X,Y,VaccinationDate,VaccineText,Dose1,Dose2,SingleDose,Dose1Cum,Dose2Cum,SingleDoseCum,PartiallyVacc,FullyVacc,PartialPercent,FullyPercent,ObjectId
-7.6926,53.28823,2020/12/28 00:00:00+00,Mon 28 Dec 2020,225,15,1,225,15,1,226,16,0.00479941523584985,0.000339781609617688,1
-7.6926,53.28823,2021/10/26 23:00:00+00,Wed 27 Oct 2021,1555,1421,6,3612292,3550031,240701,3852993,3790732,81.8235102116054,80.5013137868299,2
-7.6926,53.28823,2021/04/07 23:00:00+00,Thu 08 Apr 2021,20184,10567,16,754493,322452,187,754680,322639,16.0266490716423,6.85167492159008,3
-7.6926,53.28823,2020/12/29 00:00:00+00,Tue 29 Dec 2020,77,2,0,302,17,1,303,18,0.00643461423213497,0.000382254310819899,4
-7.6926,53.28823,2021/10/27 23:00:00+00,Thu 28 Oct 2021,2148,1691,5,3614440,3551722,240706,3855146,3792428,81.8692320744496,80.5373306374494,5
-7.6926,53.28823,2021/04/08 23:00:00+00,Fri 09 Apr 2021,20677,9160,16,775170,331612,203,775373,331815,16.466092874631,7.04653967470583,6
-7.6926,53.28823,2020/12/30 00:00:00+00,Wed 30 Dec 2020,1059,1,0,1361,18,1,1362,19,0.0289239095187057,0.000403490661421005,7
-7.6926,53.28823,2021/04/09 23:00:00+00,Sat 10 Apr 2021,11179,4173,12,786349,335785,215,786564,336000,16.703748874208,7.13541380197145,8
-7.6926,53.28823,2021/10/28 23:00:00+00,Fri 29 Oct 2021,2137,1362,2,3616577,3553084,240708,3857285,3793792,81.9146566283853,80.5662970196693,9
-7.6926,53.28823,2020/12/31 00:00:00+00,Thu 31 Dec 2020,1033,1,0,2394,19,1,2395,20,0.0508610596896477,0.00042472701202211,10
-7.6926,53.28823,2021/04/10 23:00:00+00,Sun 11 Apr 2021,2864,365,8,789213,336150,223,789436,336373,16.7647396731343,7.14333496074567,11
-7.6926,53.28823,2021/10/29 23:00:00+00,Sat 30 Oct 2021,2020,1450,1,3618597,3554534,240709,3859306,3795243,81.9575752929502,80.5971109643915,12
-7.6926,53.28823,2021/01/01 00:00:00+00,Fri 01 Jan 2021,814,0,0,3208,19,1,3209,20,0.0681474490789476,0.00042472701202211,13
-7.6926,53.28823,2021/04/11 23:00:00+00,Mon 12 Apr 2021,7777,2797,13,796990,338947,236,797226,339183,16.930170844317,7.20300910593477,14
-7.6926,53.28823,2021/10/30 23:00:00+00,Sun 31 Oct 2021,1596,1320,0,3620193,3555854,240709,3860902,3796563,81.9914685085095,80.625142947185,15
-7.6926,53.28823,2021/01/02 00:00:00+00,Sat 02 Jan 2021,1016,0,0,4224,19,1,4225,20,0.0897235812896708,0.00042472701202211,16
-7.6926,53.28823,2021/04/12 23:00:00+00,Tue 13 Apr 2021,11518,8603,1,808508,347550,237,808745,347787,17.1747923668911,7.38572666650669,17
-7.6926,53.28823,2021/11/01 00:00:00+00,Mon 01 Nov 2021,278,289,2,3620471,3556143,240711,3861182,3796854,81.9974146866778,80.6313227252099,18
-7.6926,53.28823,2021/01/03 00:00:00+00,Sun 03 Jan 2021,20,2,1,4244,21,2,4246,23,0.090169544652294,0.000488436063825427,19
-7.6926,53.28823,2021/04/13 23:00:00+00,Wed 14 Apr 2021,20354,6598,2,828862,354148,239,829101,354387,17.6070795197272,7.52588658047398,20
-7.6926,53.28823,2021/11/02 00:00:00+00,Tue 02 Nov 2021,1098,1094,10,3621569,3557237,240721,3862290,3797958,82.0209445631438,80.6547676562735,21
-7.6926,53.28823,2021/04/14 23:00:00+00,Thu 15 Apr 2021,27131,10812,1,855993,364960,240,856233,365200,18.1832641842364,7.75551523952374,22
-7.6926,53.28823,2021/01/04 00:00:00+00,Mon 04 Jan 2021,1190,3,0,5434,24,2,5436,26,0.11544080186761,0.000552145115628744,23
-7.6926,53.28823,2021/11/03 00:00:00+00,Wed 03 Nov 2021,2533,1879,7,3624102,3559116,240728,3864830,3799844,82.0748848936707,80.6948194135072,24
-7.6926,53.28823,2021/04/15 23:00:00+00,Fri 16 Apr 2021,27980,9834,1,883973,374794,241,884214,375035,18.7774785104059,7.96437474768561,25
-7.6926,53.28823,2021/01/05 00:00:00+00,Tue 05 Jan 2021,3532,13,0,8966,37,2,8968,39,0.190447592190714,0.000828217673443115,26
-7.6926,53.28823,2021/11/04 00:00:00+00,Thu 04 Nov 2021,1533,1284,2,3625635,3560400,240730,3866365,3801130,82.1074826918433,80.7221293603802,27
-7.6926,53.28823,2021/04/16 23:00:00+00,Sat 17 Apr 2021,15847,4556,3,899820,379350,244,900064,379594,19.1140746674334,8.06119127007605,28
-7.6926,53.28823,2021/01/06 00:00:00+00,Wed 06 Jan 2021,6777,12,0,15743,49,2,15745,51,0.334366340214406,0.00108305388065638,29
-7.6926,53.28823,2021/11/05 00:00:00+00,Fri 05 Nov 2021,1628,1095,4,3627263,3561495,240734,3867997,3802229,82.1421404160244,80.7454681096908,30
-7.6926,53.28823,2021/04/17 23:00:00+00,Sun 18 Apr 2021,1073,484,0,900893,379834,244,901137,380078,19.1368612716284,8.07146966376698,31
-7.6926,53.28823,2021/01/07 00:00:00+00,Thu 07 Jan 2021,11727,8,0,27470,57,2,27472,59,0.583405023713571,0.00125294468546523,32
-7.6926,53.28823,2021/11/06 00:00:00+00,Sat 06 Nov 2021,1816,1355,6,3629079,3562850,240740,3869819,3803590,82.1808330468196,80.774370782859,33
-7.6926,53.28823,2021/04/18 23:00:00+00,Mon 19 Apr 2021,6744,2259,0,907637,382093,244,907881,382337,19.2800792200823,8.11944257977488,34
-7.6926,53.28823,2021/01/08 00:00:00+00,Fri 08 Jan 2021,12682,5,0,40152,62,2,40154,64,0.852724422036791,0.00135912643847075,35
-7.6926,53.28823,2021/11/07 00:00:00+00,Sun 07 Nov 2021,695,775,0,3629774,3563625,240740,3870514,3804365,82.1955923104873,80.7908289545748,36
-7.6926,53.28823,2021/04/19 23:00:00+00,Tue 20 Apr 2021,15089,7320,1,922726,389413,245,922971,389658,19.600535750653,8.27491390252558,37
-7.6926,53.28823,2021/01/09 00:00:00+00,Sat 09 Jan 2021,8073,7,0,48225,69,2,48227,71,1.02416548043952,0.00150778089267849,38
-7.6926,53.28823,2021/04/20 23:00:00+00,Wed 21 Apr 2021,26724,9888,4,949450,399301,249,949699,399550,20.1681409295193,8.48498388267171,39
-7.6926,53.28823,2021/11/08 00:00:00+00,Mon 08 Nov 2021,517,529,3,3630291,3564154,240743,3871034,3804897,82.2066352127999,80.8021266930946,40
-7.6926,53.28823,2021/01/10 00:00:00+00,Sun 10 Jan 2021,4781,4,1,53006,73,3,53009,76,1.125717709014,0.00161396264568402,41
-7.6926,53.28823,2021/04/21 23:00:00+00,Thu 22 Apr 2021,31623,12184,1,981073,411485,250,981323,411735,20.8397192809287,8.74374881474618,42
-7.6926,53.28823,2021/11/09 00:00:00+00,Tue 09 Nov 2021,1370,1063,3,3631661,3565217,240746,3872407,3805963,82.2357927221752,80.8247646428354,43
-7.6926,53.28823,2021/01/11 00:00:00+00,Mon 11 Jan 2021,8343,7,0,61349,80,3,61352,83,1.30289258207903,0.00176261709989176,44
-7.6926,53.28823,2021/04/22 23:00:00+00,Fri 23 Apr 2021,33616,12354,3,1014689,423839,253,1014942,424092,21.5536641517872,9.00616639912404,45
-7.6926,53.28823,2021/11/10 00:00:00+00,Wed 10 Nov 2021,1608,1360,1,3633269,3566577,240747,3874016,3807324,82.2699620102924,80.8536673160035,46
-7.6926,53.28823,2021/01/12 00:00:00+00,Tue 12 Jan 2021,8886,10,0,70235,90,3,70238,93,1.49159879352045,0.00197498060590281,47
-7.6926,53.28823,2021/04/23 23:00:00+00,Sat 24 Apr 2021,23701,6995,2,1038390,430834,255,1038645,431089,22.0570293700852,9.15475714427998,48
-7.6926,53.28823,2021/11/11 00:00:00+00,Thu 11 Nov 2021,1385,1111,1,3634654,3567688,240748,3875402,3808436,82.2993955922256,80.8772821378719,49
-7.6926,53.28823,2021/01/13 00:00:00+00,Wed 13 Jan 2021,9887,4,0,80122,94,3,80125,97,1.70156259191358,0.00205992600830724,50
-7.6926,53.28823,2021/04/24 23:00:00+00,Sun 25 Apr 2021,9752,304,2,1048142,431138,257,1048399,431395,22.2641687338484,9.16125546756392,51
-7.6926,53.28823,2021/04/25 23:00:00+00,Mon 26 Apr 2021,15594,3055,3,1063736,434193,260,1063996,434453,22.5953920941739,9.2261962277021,52
-7.6926,53.28823,2021/04/26 23:00:00+00,Tue 27 Apr 2021,25917,7819,9,1089653,442012,269,1089922,442281,23.1459657198581,9.39243438020755,53
-7.6926,53.28823,2021/04/27 23:00:00+00,Wed 28 Apr 2021,26039,8613,5,1115692,450625,274,1115966,450899,23.6990452349133,9.57544924968788,54
-7.6926,53.28823,2021/04/28 23:00:00+00,Thu 29 Apr 2021,31691,11335,6,1147383,461960,280,1147663,462240,24.3721738399166,9.81629070185502,55
-7.6926,53.28823,2021/04/29 23:00:00+00,Fri 30 Apr 2021,36111,13530,8,1183494,475490,288,1183782,475778,25.1392095872779,10.1037884162928,56
-7.6926,53.28823,2021/04/30 23:00:00+00,Sat 01 May 2021,16585,6691,18,1200079,482181,306,1200385,482487,25.4917967163081,10.2462630924756,57
-7.6926,53.28823,2021/05/01 23:00:00+00,Sun 02 May 2021,12465,910,15,1212544,483091,321,1212865,483412,25.7568263718099,10.2659067167816,58
-7.6926,53.28823,2021/05/02 23:00:00+00,Mon 03 May 2021,14267,926,21,1226811,484017,342,1227153,484359,26.0602513491984,10.2860175408009,59
-7.6926,53.28823,2021/05/03 23:00:00+00,Tue 04 May 2021,26661,6794,10,1253472,490811,352,1253824,491163,26.6266460560805,10.4305096702908,60
-7.6926,53.28823,2021/05/04 23:00:00+00,Wed 05 May 2021,32117,13457,69,1285589,504268,421,1286010,504689,27.3101592365277,10.7177525485213,61
-7.6926,53.28823,2021/05/05 23:00:00+00,Thu 06 May 2021,37295,14375,132,1322884,518643,553,1323437,519196,28.1049721304753,11.0258282866916,62
-7.6926,53.28823,2021/05/06 23:00:00+00,Fri 07 May 2021,40603,15074,97,1363487,533717,650,1364137,534367,28.9692915999403,11.348004961661,63
-7.6926,53.28823,2021/05/07 23:00:00+00,Sat 08 May 2021,25626,7054,10,1389113,540771,660,1389773,541431,29.5137066839502,11.4980185423072,64
-7.6926,53.28823,2021/05/08 23:00:00+00,Sun 09 May 2021,19674,926,5,1408787,541697,665,1409452,542362,29.9316168274294,11.5177895847168,65
-7.6926,53.28823,2021/05/09 23:00:00+00,Mon 10 May 2021,28844,4649,171,1437631,546346,836,1438467,547182,30.5477895401205,11.6201487946141,66
-7.6926,53.28823,2021/05/10 23:00:00+00,Tue 11 May 2021,33926,14828,153,1471557,561174,989,1472546,562163,31.2715031322555,11.9382905629693,67
-7.6926,53.28823,2021/05/11 23:00:00+00,Wed 12 May 2021,31293,20948,173,1502850,582122,1162,1504012,583284,31.9397261402699,12.3868235240152,68
-7.6926,53.28823,2021/05/12 23:00:00+00,Thu 13 May 2021,36001,25482,152,1538851,607604,1314,1540165,608918,32.7074839235517,12.931196135324,69
-7.6926,53.28823,2021/05/13 23:00:00+00,Fri 14 May 2021,38220,27943,236,1577071,635547,1550,1578621,637097,33.5241490222678,13.5296152589125,70
-7.6926,53.28823,2021/05/14 23:00:00+00,Sat 15 May 2021,28860,12454,22,1605931,648001,1572,1607503,649573,34.1374973003289,13.7945599690119,71
-7.6926,53.28823,2021/05/15 23:00:00+00,Sun 16 May 2021,23180,1174,9,1629111,649175,1581,1630692,650756,34.629947034418,13.819682571773,72
-7.6926,53.28823,2021/05/16 23:00:00+00,Mon 17 May 2021,35386,3952,118,1664497,653127,1699,1666196,654826,35.3839224261596,13.9061145187195,73
-7.6926,53.28823,2021/05/17 23:00:00+00,Tue 18 May 2021,39014,12497,127,1703511,665624,1826,1705337,667450,36.2151344250375,14.1742022087079,74
-7.6926,53.28823,2021/05/18 23:00:00+00,Wed 19 May 2021,37024,17590,211,1740535,683214,2037,1742572,685251,37.0058699396697,14.5522304857582,75
-7.6926,53.28823,2021/05/19 23:00:00+00,Thu 20 May 2021,39092,19645,136,1779627,702859,2173,1781800,705032,37.8389295010498,14.9723067369986,76
-7.6926,53.28823,2021/05/20 23:00:00+00,Fri 21 May 2021,25838,23247,14934,1805465,726106,17107,1822572,743213,38.7047779877581,15.7831318392994,77
-7.6926,53.28823,2021/05/21 23:00:00+00,Sat 22 May 2021,16588,10248,13522,1822053,736354,30629,1852682,766983,39.3442045043574,16.2879198930877,78
-7.6926,53.28823,2021/05/22 23:00:00+00,Sun 23 May 2021,8216,5527,10205,1830269,741881,40834,1871103,782715,39.7353993187803,16.6220101607443,79
-7.6926,53.28823,2021/05/23 23:00:00+00,Mon 24 May 2021,22549,8217,8450,1852818,750098,49284,1902102,799382,40.393704951064,16.9759564162129,80
-7.6926,53.28823,2021/05/24 23:00:00+00,Tue 25 May 2021,30346,16500,3224,1883164,766598,52508,1935672,819106,41.1066092407431,17.3948221954691,81
-7.6926,53.28823,2021/05/25 23:00:00+00,Wed 26 May 2021,19980,25451,3054,1903144,792049,55562,1958706,847611,41.595767340489,18.0001643693537,82
-7.6926,53.28823,2021/05/26 23:00:00+00,Thu 27 May 2021,17016,36039,550,1920160,828088,56112,1976272,884200,41.968805075148,18.7771812014975,83
-7.6926,53.28823,2021/05/27 23:00:00+00,Fri 28 May 2021,27043,31826,1559,1947203,859914,57671,2004874,917585,42.5762071750408,19.4861567663154,84
-7.6926,53.28823,2021/05/28 23:00:00+00,Sat 29 May 2021,24483,7386,534,1971686,867300,58205,2029891,925505,43.1074769580287,19.6543486630762,85
-7.6926,53.28823,2021/05/29 23:00:00+00,Sun 30 May 2021,24253,1677,209,1995939,868977,58414,2054353,927391,43.6269605664329,19.6944004203099,86
-7.6926,53.28823,2021/05/30 23:00:00+00,Mon 31 May 2021,22588,7322,3443,2018527,876299,61857,2080384,938156,44.1797640089303,19.9230097345308,87
-7.6926,53.28823,2021/05/31 23:00:00+00,Tue 01 Jun 2021,27576,11515,3653,2046103,887814,65510,2111613,953324,44.8429540018522,20.2451227004483,88
-7.6926,53.28823,2021/06/01 23:00:00+00,Wed 02 Jun 2021,18701,20900,4008,2064804,908714,69518,2134322,978232,45.3252102876527,20.7740777212207,89
-7.6926,53.28823,2021/06/02 23:00:00+00,Thu 03 Jun 2021,16694,30707,1977,2081498,939421,71495,2152993,1010916,45.721714189726,21.4681666042672,90
-7.6926,53.28823,2021/06/03 23:00:00+00,Fri 04 Jun 2021,28986,23346,153,2110484,962767,71648,2182132,1034415,46.3405202098916,21.9671996070426,91
-7.6926,53.28823,2021/06/04 23:00:00+00,Sat 05 Jun 2021,20966,11493,33,2131450,974260,71681,2203131,1045941,46.7864623361642,22.2119697840709,92
-7.6926,53.28823,2021/06/05 23:00:00+00,Sun 06 Jun 2021,19947,3909,46,2151397,978169,71727,2223124,1049896,47.2110406937321,22.2959595506983,93
-7.6926,53.28823,2021/06/06 23:00:00+00,Mon 07 Jun 2021,19821,4591,45,2171218,982760,71772,2242990,1054532,47.6329220347737,22.394411272085,94
-7.6926,53.28823,2021/06/07 23:00:00+00,Tue 08 Jun 2021,26413,18343,45,2197631,1001103,71817,2269448,1072920,48.1947933989777,22.7849052869381,95
-7.6926,53.28823,2021/06/08 23:00:00+00,Wed 09 Jun 2021,32804,20112,174,2230435,1021215,71991,2302426,1093206,48.895125769101,23.2157058952322,96
-7.6926,53.28823,2021/06/09 23:00:00+00,Thu 10 Jun 2021,27699,27490,273,2258134,1048705,72264,2330398,1120969,49.4891489681151,23.8052906969707,97
-7.6926,53.28823,2021/06/10 23:00:00+00,Fri 11 Jun 2021,26440,32900,40,2284574,1081605,72304,2356878,1153909,50.0514875320324,24.5048160857711,98
-7.6926,53.28823,2021/06/11 23:00:00+00,Sat 12 Jun 2021,12212,19721,105,2296786,1101326,72409,2369195,1173735,50.3130556623862,24.9258479727886,99
-7.6926,53.28823,2021/06/12 23:00:00+00,Sun 13 Jun 2021,8551,18173,834,2305337,1119499,73243,2378580,1192742,50.5123588127776,25.3294872886638,100
-7.6926,53.28823,2021/06/13 23:00:00+00,Mon 14 Jun 2021,16021,31304,52,2321358,1150803,73295,2394653,1224098,50.8536906759891,25.9953742981121,101
-7.6926,53.28823,2021/06/14 23:00:00+00,Tue 15 Jun 2021,14703,41590,205,2336061,1192393,73500,2409561,1265893,51.1702821907504,26.8829475714853,102
-7.6926,53.28823,2021/06/15 23:00:00+00,Wed 16 Jun 2021,13472,48390,217,2349533,1240783,73717,2423250,1314500,51.460986594129,27.9151828651532,103
-7.6926,53.28823,2021/06/16 23:00:00+00,Thu 17 Jun 2021,21573,42692,535,2371106,1283475,74252,2445358,1357727,51.9304798332182,28.8331665925872,104
-7.6926,53.28823,2021/06/17 23:00:00+00,Fri 18 Jun 2021,12020,50019,554,2383126,1333494,74806,2457932,1408300,52.1975057056765,29.9071525515369,105
-7.6926,53.28823,2021/06/18 23:00:00+00,Sat 19 Jun 2021,6321,32805,433,2389447,1366299,75239,2464686,1441538,52.3409360176364,30.6130063728165,106
-7.6926,53.28823,2021/06/19 23:00:00+00,Sun 20 Jun 2021,8518,26142,177,2397965,1392441,75416,2473381,1467857,52.525586086113,31.1719258842869,107
-7.6926,53.28823,2021/06/20 23:00:00+00,Mon 21 Jun 2021,15481,32337,574,2413446,1424778,75990,2489436,1500768,52.8665356950137,31.8708354189199,108
-7.6926,53.28823,2021/06/21 23:00:00+00,Tue 22 Jun 2021,15147,43542,722,2428593,1468320,76712,2505305,1545032,53.2035353427027,32.8108412419273,109
-7.6926,53.28823,2021/06/22 23:00:00+00,Wed 23 Jun 2021,20089,39389,883,2448682,1507709,77595,2526277,1585304,53.6489040875091,33.666071553335,110
-7.6926,53.28823,2021/06/23 23:00:00+00,Thu 24 Jun 2021,19022,44276,1032,2467704,1551985,78627,2546331,1630612,54.0747778624636,34.6282481263699,111
-7.6926,53.28823,2021/06/24 23:00:00+00,Fri 25 Jun 2021,15212,50125,843,2482916,1602110,79470,2562386,1681580,54.4157274713644,35.710622443807,112
-7.6926,53.28823,2021/06/25 23:00:00+00,Sat 26 Jun 2021,9066,30561,511,2491982,1632671,79981,2571963,1712652,54.6191080010712,36.3704783296846,113
-7.6926,53.28823,2021/06/26 23:00:00+00,Sun 27 Jun 2021,8736,30478,59,2500718,1663149,80040,2580758,1743189,54.8058817046079,37.0189727679905,114
-7.6926,53.28823,2021/06/27 23:00:00+00,Mon 28 Jun 2021,24234,24650,524,2524952,1687799,80564,2605516,1768363,55.33165127279,37.5535766580228,115
-7.6926,53.28823,2021/06/28 23:00:00+00,Tue 29 Jun 2021,28144,31043,811,2553096,1718842,81375,2634471,1800217,55.9465498044451,38.2300393700704,116
-7.6926,53.28823,2021/06/29 23:00:00+00,Wed 30 Jun 2021,22577,36869,590,2575673,1755711,81965,2657638,1837676,56.4385323388209,39.0255318272372,117
-7.6926,53.28823,2021/06/30 23:00:00+00,Thu 01 Jul 2021,15029,48306,640,2590702,1804017,82605,2673307,1886622,56.7712847163896,40.0649662437589,118
-7.6926,53.28823,2021/07/01 23:00:00+00,Fri 02 Jul 2021,13687,47266,818,2604389,1851283,83423,2687812,1934706,57.0793179818586,41.0860949260625,119
-7.6926,53.28823,2021/07/02 23:00:00+00,Sat 03 Jul 2021,9317,30477,505,2613706,1881760,83928,2697634,1965688,57.2879014174627,41.7440395403859,120
-7.6926,53.28823,2021/07/03 23:00:00+00,Sun 04 Jul 2021,6453,27783,233,2620159,1909543,84161,2704320,1993704,57.4298876575817,42.3389971388265,121
-7.6926,53.28823,2021/07/04 23:00:00+00,Mon 05 Jul 2021,15617,33464,5343,2635776,1943007,89504,2725280,2032511,57.8750015661809,43.1631161966036,122
-7.6926,53.28823,2021/07/05 23:00:00+00,Tue 06 Jul 2021,12411,48299,5487,2648187,1991306,94991,2743178,2086297,58.2550897692394,44.3053345500346,123
-7.6926,53.28823,2021/07/06 23:00:00+00,Wed 07 Jul 2021,19707,43759,5059,2667894,2035065,100050,2767944,2135115,58.7810292282264,45.3420507136794,124
-7.6926,53.28823,2021/07/07 23:00:00+00,Thu 08 Jul 2021,17780,45594,5997,2685674,2080659,106047,2791721,2186706,59.2859659364689,46.4376552775411,125
-7.6926,53.28823,2021/07/08 23:00:00+00,Fri 09 Jul 2021,13528,45088,6531,2699202,2125747,112578,2811780,2238325,59.7119458931765,47.5338544592195,126
-7.6926,53.28823,2021/07/09 23:00:00+00,Sat 10 Jul 2021,8639,23872,4364,2707841,2149619,116942,2824783,2266561,59.9880821600427,48.1334840547923,127
-7.6926,53.28823,2021/07/10 23:00:00+00,Sun 11 Jul 2021,15237,16111,2153,2723078,2165730,119095,2842173,2284825,60.3573822969959,48.5213447621709,128
-7.6926,53.28823,2021/07/11 23:00:00+00,Mon 12 Jul 2021,17109,31765,6092,2740187,2197495,125187,2865374,2322682,60.8500868672921,49.325289286877,129
-7.6926,53.28823,2021/07/12 23:00:00+00,Tue 13 Jul 2021,20106,36568,8491,2760293,2234063,133678,2893971,2367741,61.4573827854319,50.2821780086122,130
-7.6926,53.28823,2021/07/13 23:00:00+00,Wed 14 Jul 2021,20801,35710,9335,2781094,2269773,143013,2924107,2412786,62.0973614471469,51.238769421439,131
-7.6926,53.28823,2021/07/14 23:00:00+00,Thu 15 Jul 2021,23648,28834,9586,2804742,2298607,152599,2957341,2451206,62.803130323024,52.0546700115335,132
-7.6926,53.28823,2021/07/15 23:00:00+00,Fri 16 Jul 2021,23528,27431,9166,2828270,2326038,161765,2990035,2487803,63.4974315695765,52.8318567344821,133
-7.6926,53.28823,2021/07/16 23:00:00+00,Sat 17 Jul 2021,11510,19429,4677,2839780,2345467,166442,3006222,2511909,63.8411843767566,53.3437802020724,134
-7.6926,53.28823,2021/07/17 23:00:00+00,Sun 18 Jul 2021,16866,15818,1932,2856646,2361285,168374,3025020,2529659,64.2403852953562,53.720725425242,135
-7.6926,53.28823,2021/01/14 00:00:00+00,Thu 14 Jan 2021,8084,4,0,88206,98,3,88209,101,1.87323725017292,0.00214487141071166,136
-7.6926,53.28823,2021/07/18 23:00:00+00,Mon 19 Jul 2021,24891,18438,6255,2881537,2379723,174629,3056166,2554352,64.9018126711783,54.2451146306351,137
-7.6926,53.28823,2021/11/12 00:00:00+00,Fri 12 Nov 2021,1143,1156,6,3635797,3568844,240754,3876551,3809598,82.3237961590662,80.9019587772704,138
-7.6926,53.28823,2021/01/15 00:00:00+00,Fri 15 Jan 2021,7691,2,0,95897,100,3,95900,103,2.03656602264602,0.00218734411191387,139
-7.6926,53.28823,2021/07/19 23:00:00+00,Tue 20 Jul 2021,30587,18184,7699,2912124,2397907,182328,3094452,2580235,65.7148675902922,54.7947750932435,140
-7.6926,53.28823,2021/11/13 00:00:00+00,Sat 13 Nov 2021,1396,1375,0,3637193,3570219,240754,3877947,3810973,82.3534421045054,80.9311587593469,141
-7.6926,53.28823,2021/01/16 00:00:00+00,Sat 16 Jan 2021,5239,2,0,101136,102,3,101139,105,2.14782326344521,0.00222981681311608,142
-7.6926,53.28823,2021/07/20 23:00:00+00,Wed 21 Jul 2021,30362,19844,6890,2942486,2417751,189218,3131704,2606969,66.5059641228846,55.3625076902135,143
-7.6926,53.28823,2021/11/14 00:00:00+00,Sun 14 Nov 2021,1648,1807,0,3638841,3572026,240754,3879595,3812780,82.388439610296,80.9695328448831,144
-7.6926,53.28823,2021/01/17 00:00:00+00,Sun 17 Jan 2021,1113,4,0,102249,106,3,102252,109,2.17145932166424,0.0023147622155205,145
-7.6926,53.28823,2021/07/21 23:00:00+00,Thu 22 Jul 2021,33542,15929,6934,2976028,2433680,196152,3172180,2629832,67.3655266498149,55.8480343740065,146
-7.6926,53.28823,2021/11/15 00:00:00+00,Mon 15 Nov 2021,1239,596,1,3640080,3572622,240755,3880835,3813377,82.4147726850413,80.982210946192,147
-7.6926,53.28823,2021/11/16 00:00:00+00,Tue 16 Nov 2021,1315,1074,5,3641395,3573696,240760,3882155,3814456,82.4428046678348,81.0051249684906,148
-7.6926,53.28823,2021/11/17 00:00:00+00,Wed 17 Nov 2021,1498,1115,1,3642893,3574811,240761,3883654,3815572,82.4746379573859,81.0288247357614,149
-7.6926,53.28823,2021/11/18 00:00:00+00,Thu 18 Nov 2021,1642,2501,5,3644535,3577312,240766,3885301,3818078,82.5096142268259,81.0820430303678,150
-7.6926,53.28823,2021/11/19 00:00:00+00,Fri 19 Nov 2021,1163,1553,0,3645698,3578865,240766,3886464,3819631,82.534312102575,81.1150230828513,151
-7.6926,53.28823,2021/11/20 00:00:00+00,Sat 20 Nov 2021,1545,2940,12,3647243,3581805,240778,3888021,3822583,82.5673771004609,81.1777127898257,152
-7.6926,53.28823,2021/11/21 00:00:00+00,Sun 21 Nov 2021,1788,2766,0,3649031,3584571,240778,3889809,3825349,82.6053476953357,81.2364525355884,153
-7.6926,53.28823,2021/11/22 00:00:00+00,Mon 22 Nov 2021,719,519,2,3649750,3585090,240780,3890530,3825870,82.6206591041191,81.2475166742516,154
-7.6926,53.28823,2021/11/23 00:00:00+00,Tue 23 Nov 2021,2153,1594,7,3651903,3586684,240787,3892690,3827471,82.6665296214175,81.281516071564,155
-7.6926,53.28823,2021/11/24 00:00:00+00,Wed 24 Nov 2021,1607,3144,2,3653510,3589828,240789,3894299,3830617,82.7006989095346,81.348325630555,156
-7.6926,53.28823,2021/11/25 00:00:00+00,Thu 25 Nov 2021,975,1184,1,3654485,3591012,240790,3895275,3831802,82.7214255877213,81.3734907060173,157
-7.6926,53.28823,2021/11/26 00:00:00+00,Fri 26 Nov 2021,1285,1105,12,3655770,3592117,240802,3896572,3832919,82.7489691344509,81.3972117096388,158
-7.6926,53.28823,2021/11/27 00:00:00+00,Sat 27 Nov 2021,1200,1565,6,3656970,3593682,240808,3897778,3834490,82.7745801732759,81.4305740164331,159
-7.6926,53.28823,2021/11/28 00:00:00+00,Sun 28 Nov 2021,1953,2257,1,3658923,3595939,240809,3899732,3836748,82.8160760023504,81.4785256960904,160
-7.6926,53.28823,2021/11/29 00:00:00+00,Mon 29 Nov 2021,534,993,1,3659457,3596932,240810,3900267,3837742,82.827437449922,81.4996346285879,161
-7.6926,53.28823,2021/11/30 00:00:00+00,Tue 30 Nov 2021,1894,1646,6,3661351,3598578,240816,3902167,3839394,82.8677865160641,81.5347170797809,162
-7.6926,53.28823,2021/12/01 00:00:00+00,Wed 01 Dec 2021,1037,1380,4,3662388,3599958,240820,3903208,3840778,82.8898935570399,81.5641081890129,163
-7.6926,53.28823,2021/12/02 00:00:00+00,Thu 02 Dec 2021,1739,1410,0,3664127,3601368,240820,3904947,3842188,82.9268235707352,81.5940514433604,164
-7.6926,53.28823,2021/12/03 00:00:00+00,Fri 03 Dec 2021,1014,1188,2,3665141,3602556,240822,3905963,3843378,82.9483997029459,81.6193227005757,165
-7.6926,53.28823,2021/12/04 00:00:00+00,Sat 04 Dec 2021,1202,1700,1,3666343,3604256,240823,3907166,3845079,82.9739470327191,81.6554457329482,166
-7.6926,53.28823,2021/12/05 00:00:00+00,Sun 05 Dec 2021,1346,1774,2,3667689,3606030,240825,3908514,3846855,83.0025736333293,81.6931614916158,167
-7.6926,53.28823,2021/12/06 00:00:00+00,Mon 06 Dec 2021,932,1297,0,3668621,3607327,240825,3909446,3848152,83.0223659120896,81.7207050383454,168
-7.6926,53.28823,2021/12/07 00:00:00+00,Tue 07 Dec 2021,483,741,2,3669104,3608068,240827,3909931,3848895,83.0326655421311,81.736483646842,169
-7.6926,53.28823,2021/12/08 00:00:00+00,Wed 08 Dec 2021,785,1517,2,3669889,3609585,240829,3910718,3850414,83.0493785500542,81.7687416634051,170
-7.6926,53.28823,2021/12/09 00:00:00+00,Thu 09 Dec 2021,784,1209,1,3670673,3610794,240830,3911503,3851624,83.066049085276,81.7944376476325,171
-7.6926,53.28823,2021/12/10 00:00:00+00,Fri 10 Dec 2021,886,1612,1,3671559,3612406,240831,3912390,3853237,83.0848857282592,81.828691881152,172
-7.6926,53.28823,2021/12/11 00:00:00+00,Sat 11 Dec 2021,638,842,2,3672197,3613248,240833,3913030,3854081,83.0984769926439,81.8466153610594,173
-7.6926,53.28823,2021/12/12 00:00:00+00,Sun 12 Dec 2021,686,1192,0,3672883,3614440,240833,3913716,3855273,83.1130451291563,81.8719290909759,174
-7.6926,53.28823,2021/12/13 00:00:00+00,Mon 13 Dec 2021,719,1068,1,3673602,3615508,240834,3914436,3856342,83.1283353015891,81.8946307497685,175
-7.6926,53.28823,2021/12/14 00:00:00+00,Tue 14 Dec 2021,625,1200,3,3674227,3616708,240837,3915064,3857545,83.1416717297666,81.9201780795416,176
-7.6926,53.28823,2021/12/15 00:00:00+00,Wed 15 Dec 2021,788,1257,0,3675015,3617965,240837,3915852,3858802,83.1584059740403,81.9468721722472,177
-7.6926,53.28823,2021/12/16 00:00:00+00,Thu 16 Dec 2021,1041,1541,7,3676056,3619506,240844,3916900,3860350,83.1806616694702,81.9797460429777,178
-7.6926,53.28823,2021/12/17 00:00:00+00,Fri 17 Dec 2021,1197,2459,1,3677253,3621965,240845,3918098,3862810,83.2061028174903,82.0319874654564,179
-7.6926,53.28823,2021/12/18 00:00:00+00,Sat 18 Dec 2021,1245,1183,0,3678498,3623148,240845,3919343,3863993,83.2325420739887,82.0571100682175,180
-7.6926,53.28823,2021/12/19 00:00:00+00,Sun 19 Dec 2021,543,887,1,3679041,3624035,240846,3919887,3864881,83.2440946487157,82.0759679475513,181
-7.6926,53.28823,2021/12/20 00:00:00+00,Mon 20 Dec 2021,505,615,1,3679546,3624650,240847,3920393,3865497,83.2548402421199,82.0890495395216,182
-7.6926,53.28823,2021/12/21 00:00:00+00,Tue 21 Dec 2021,1396,1815,3,3680942,3626465,240850,3921792,3867315,83.2845498966108,82.1276572249144,183
-7.6926,53.28823,2021/12/22 00:00:00+00,Wed 22 Dec 2021,1155,1592,2,3682097,3628057,240852,3922949,3868909,83.3091203542563,82.1615079677726,184
-7.6926,53.28823,2021/12/23 00:00:00+00,Thu 23 Dec 2021,920,1389,0,3683017,3629446,240852,3923869,3870298,83.3286577968093,82.1910052587575,185
-7.6926,53.28823,2021/12/24 00:00:00+00,Fri 24 Dec 2021,100,157,0,3683117,3629603,240852,3923969,3870455,83.3307814318694,82.1943393658019,186
-7.6926,53.28823,2021/12/25 00:00:00+00,Sat 25 Dec 2021,1,5,0,3683118,3629608,240852,3923970,3870460,83.33080266822,82.1944455475549,187
-7.6926,53.28823,2021/12/26 00:00:00+00,Sun 26 Dec 2021,12,11,0,3683130,3629619,240852,3923982,3870471,83.3310575044272,82.1946791474115,188
-7.6926,53.28823,2021/12/27 00:00:00+00,Mon 27 Dec 2021,389,589,0,3683519,3630208,240852,3924371,3871060,83.3393184448111,82.2071873579155,189
-7.6926,53.28823,2021/12/28 00:00:00+00,Tue 28 Dec 2021,465,746,0,3683984,3630954,240852,3924836,3871806,83.3491933478406,82.223029675464,190
-7.6926,53.28823,2021/12/29 00:00:00+00,Wed 29 Dec 2021,1057,1306,0,3685041,3632260,240852,3925893,3873112,83.371640170426,82.250764349349,191
-7.6926,53.28823,2021/12/30 00:00:00+00,Thu 30 Dec 2021,1047,1194,1,3686088,3633454,240853,3926941,3874307,83.3938958658559,82.2761417883173,192
-7.6926,53.28823,2021/12/31 00:00:00+00,Fri 31 Dec 2021,711,1680,0,3686799,3635134,240853,3927652,3875987,83.4089949111333,82.3118188573272,193
-7.6926,53.28823,2022/01/01 00:00:00+00,Sat 01 Jan 2022,64,99,0,3686863,3635233,240853,3927716,3876086,83.4103540375718,82.3139212560367,194
-7.6926,53.28823,2022/01/02 00:00:00+00,Sun 02 Jan 2022,270,627,0,3687133,3635860,240853,3927986,3876713,83.4160878522341,82.3272364478636,195
-7.6926,53.28823,2022/01/03 00:00:00+00,Mon 03 Jan 2022,3630,727,1,3690763,3636587,240854,3931617,3877441,83.4931970412667,82.3426965111012,196
-7.6926,53.28823,2022/01/04 00:00:00+00,Tue 04 Jan 2022,1186,780,1,3691949,3637367,240855,3932804,3878222,83.5184045894302,82.3592821009207,197
-7.6926,53.28823,2022/01/05 00:00:00+00,Wed 05 Jan 2022,2140,902,0,3694089,3638269,240855,3934944,3879124,83.5638503797166,82.3784372891629,198
-7.6926,53.28823,2022/01/06 00:00:00+00,Thu 06 Jan 2022,2455,1693,1,3696544,3639962,240856,3937400,3880818,83.6160068567929,82.4144116670811,199
-7.6926,53.28823,2022/01/07 00:00:00+00,Fri 07 Jan 2022,4853,785,2,3701397,3640747,240858,3942255,3881605,83.7191093389612,82.4311246750042,200
-7.6926,53.28823,2022/01/08 00:00:00+00,Sat 08 Jan 2022,9789,739,2,3711186,3641486,240860,3952046,3882346,83.9270344476967,82.4468608107996,201
-7.6926,53.28823,2022/01/09 00:00:00+00,Sun 09 Jan 2022,7115,666,0,3718301,3642152,240860,3959161,3883012,84.0781310822235,82.4610042203,202
-7.6926,53.28823,2022/01/10 00:00:00+00,Mon 10 Jan 2022,6658,507,1,3724959,3642659,240861,3965820,3883520,84.2195439408763,82.4717922864053,203
-7.6926,53.28823,2022/01/11 00:00:00+00,Tue 11 Jan 2022,4778,1366,1,3729737,3644025,240862,3970599,3884887,84.321032460399,82.500822377677,204
-7.6926,53.28823,2022/01/12 00:00:00+00,Wed 12 Jan 2022,7559,918,1,3737296,3644943,240863,3978159,3885806,84.4815792709433,82.5203385838795,205
-7.6926,53.28823,2022/01/13 00:00:00+00,Thu 13 Jan 2022,7322,815,0,3744618,3645758,240863,3985481,3886621,84.6370718300446,82.5376462096193,206
-7.6926,53.28823,2022/01/14 00:00:00+00,Fri 14 Jan 2022,10721,833,0,3755339,3646591,240863,3996202,3887454,84.8647467448391,82.5553360896701,207
-7.6926,53.28823,2022/01/15 00:00:00+00,Sat 15 Jan 2022,8359,652,2,3763698,3647243,240865,4004563,3888108,85.0423038722149,82.5692246629632,208
-7.6926,53.28823,2022/01/16 00:00:00+00,Sun 16 Jan 2022,6965,1215,1,3770663,3648458,240866,4011529,3889324,85.1902362905022,82.5950480652941,209
-7.6926,53.28823,2022/01/17 00:00:00+00,Mon 17 Jan 2022,2562,560,0,3773225,3649018,240866,4014091,3889884,85.2446438207423,82.6069404216308,210
-7.6926,53.28823,2022/01/18 00:00:00+00,Tue 18 Jan 2022,4056,451,3,3777281,3649469,240869,4018150,3890338,85.3308421678322,82.6165817248037,211
-7.6926,53.28823,2022/01/19 00:00:00+00,Wed 19 Jan 2022,3487,622,0,3780768,3650091,240869,4021637,3890960,85.4048933223782,82.6297907348775,212
-7.6926,53.28823,2022/01/20 00:00:00+00,Thu 20 Jan 2022,3692,932,0,3784460,3651023,240869,4025329,3891892,85.4832979287975,82.6495830136378,213
-7.6926,53.28823,2022/01/21 00:00:00+00,Fri 21 Jan 2022,3250,976,0,3787710,3651999,240869,4028579,3892868,85.5523160682511,82.6703096918245,214
-7.6926,53.28823,2022/01/22 00:00:00+00,Sat 22 Jan 2022,4270,643,0,3791980,3652642,240869,4032849,3893511,85.6429952853178,82.683964665261,215
-7.6926,53.28823,2022/01/23 00:00:00+00,Sun 23 Jan 2022,3092,677,0,3795072,3653319,240869,4035941,3894188,85.7086580813764,82.6983416746179,216
-7.6926,53.28823,2022/01/24 00:00:00+00,Mon 24 Jan 2022,646,462,0,3795718,3653781,240869,4036587,3894650,85.7223767638647,82.7081528685956,217
-7.6926,53.28823,2022/01/25 00:00:00+00,Tue 25 Jan 2022,692,1837,0,3796410,3655618,240869,4037279,3896487,85.7370723184807,82.7471640446498,218
-7.6926,53.28823,2022/01/26 00:00:00+00,Wed 26 Jan 2022,700,896,0,3797110,3656514,240869,4037979,3897383,85.7519377639015,82.7661918147884,219
-7.6926,53.28823,2022/01/27 00:00:00+00,Thu 27 Jan 2022,1274,1177,0,3798384,3657691,240869,4039253,3898560,85.7789928745673,82.7911869994459,220
-7.6926,53.28823,2022/01/28 00:00:00+00,Fri 28 Jan 2022,1027,3094,1,3799411,3660785,240870,4040281,3901655,85.8008238429852,82.8569135045564,221
-7.6926,53.28823,2022/01/29 00:00:00+00,Sat 29 Jan 2022,2328,3444,0,3801739,3664229,240870,4042609,3905099,85.8502620671846,82.9300514960266,222
-7.6926,53.28823,2022/01/30 00:00:00+00,Sun 30 Jan 2022,1638,7537,0,3803377,3671766,240870,4044247,3912636,85.8850472094692,83.0901098705071,223
-7.6926,53.28823,2022/01/31 00:00:00+00,Mon 31 Jan 2022,480,1392,0,3803857,3673158,240870,4044727,3914028,85.8952406577577,83.1196708705438,224
-7.6926,53.28823,2022/02/01 00:00:00+00,Tue 01 Feb 2022,747,3417,1,3804604,3676575,240871,4045475,3917446,85.9111254480074,83.1922567168984,225
-7.6926,53.28823,2022/02/02 00:00:00+00,Wed 02 Feb 2022,650,2996,0,3805254,3679571,240871,4046125,3920442,85.9249290758981,83.2558808232993,226
-7.6926,53.28823,2022/02/03 00:00:00+00,Thu 03 Feb 2022,905,2435,1,3806159,3682006,240872,4047031,3922878,85.9441692095427,83.3076125733636,227
-7.6926,53.28823,2022/02/04 00:00:00+00,Fri 04 Feb 2022,1172,6523,0,3807331,3688529,240872,4048203,3929401,85.9690582124472,83.4461372883346,228
-7.6926,53.28823,2022/02/05 00:00:00+00,Sat 05 Feb 2022,1777,5750,0,3809108,3694279,240872,4049980,3935151,86.0067952074653,83.568246304291,229
-7.6926,53.28823,2022/05/17 23:00:00+00,Wed 18 May 2022,103,121,0,3846121,3795553,240896,4087017,4036449,86.7933259246785,85.7194461474818,230
-7.6926,53.28823,2021/07/22 23:00:00+00,Fri 23 Jul 2021,27088,20836,5615,3003116,2454516,201767,3204883,2656283,68.0600190235229,56.4097570837564,231
-7.6926,53.28823,2022/05/18 23:00:00+00,Thu 19 May 2022,99,104,0,3846220,3795657,240896,4087116,4036553,86.795428323388,85.7216547279443,232
-7.6926,53.28823,2021/01/18 00:00:00+00,Mon 18 Jan 2021,8717,8,1,110966,114,4,110970,118,2.35659782620468,0.00250588937093045,233
-7.6926,53.28823,2022/02/06 00:00:00+00,Sun 06 Feb 2022,1407,7555,0,3810515,3701834,240872,4051387,3942706,86.0366747527611,83.7286869330824,234
-7.6926,53.28823,2022/05/19 23:00:00+00,Fri 20 May 2022,128,208,0,3846348,3795865,240896,4087244,4036761,86.7981465762649,85.7260718888693,235
-7.6926,53.28823,2021/07/23 23:00:00+00,Sat 24 Jul 2021,15437,14812,2275,3018553,2469328,204042,3222595,2673370,68.4361572653696,56.7726226064775,236
-7.6926,53.28823,2021/01/19 00:00:00+00,Tue 19 Jan 2021,8382,19,0,119348,133,4,119352,137,2.53460091694315,0.00290938003235146,237
-7.6926,53.28823,2022/02/07 00:00:00+00,Mon 07 Feb 2022,441,1351,0,3810956,3703185,240872,4051828,3944057,86.0460399833762,83.7573772427444,238
-7.6926,53.28823,2022/05/20 23:00:00+00,Sat 21 May 2022,393,761,0,3846741,3796626,240896,4087637,4037522,86.8064924620512,85.7422327516768,239
-7.6926,53.28823,2021/07/24 23:00:00+00,Sun 25 Jul 2021,14723,13644,1046,3033276,2482972,205088,3238364,2688060,68.7710332779985,57.0845845968077,240
-7.6926,53.28823,2021/01/20 00:00:00+00,Wed 20 Jan 2021,8447,962,0,127795,1095,4,127799,1099,2.71398437047068,0.023338749310615,241
-7.6926,53.28823,2022/02/08 00:00:00+00,Tue 08 Feb 2022,901,1237,0,3811857,3704422,240872,4052729,3945294,86.0651739352678,83.783646608438,242
-7.6926,53.28823,2022/05/21 23:00:00+00,Sun 22 May 2022,234,409,0,3846975,3797035,240896,4087871,4037931,86.8114617680918,85.7509184190726,243
-7.6926,53.28823,2021/07/25 23:00:00+00,Mon 26 Jul 2021,23838,18305,3422,3057114,2501277,208510,3265624,2709787,69.3499361953846,57.5459867863179,244
-7.6926,53.28823,2021/07/26 23:00:00+00,Tue 27 Jul 2021,25509,23909,3673,3082623,2525186,212183,3294806,2737369,69.9696553786261,58.1317278085976,245
-7.6926,53.28823,2021/07/27 23:00:00+00,Wed 28 Jul 2021,23440,25288,3264,3106063,2550474,215447,3321510,2765921,70.536750885078,58.7380680909604,246
-7.6926,53.28823,2021/07/28 23:00:00+00,Thu 29 Jul 2021,19273,27868,2963,3125336,2578342,218410,3343746,2796752,71.0089623770442,59.3928060163431,247
-7.6926,53.28823,2021/07/29 23:00:00+00,Fri 30 Jul 2021,21957,22941,2120,3147293,2601283,220530,3367823,2821813,71.520269990467,59.9250101987574,248
-7.6926,53.28823,2021/07/30 23:00:00+00,Sat 31 Jul 2021,13745,12486,907,3161038,2613769,221437,3382475,2835206,71.8314249994744,60.209428642358,249
-7.6926,53.28823,2021/07/31 23:00:00+00,Sun 01 Aug 2021,11121,9331,368,3172159,2623100,221805,3393964,2844905,72.0754094315305,60.4154000068381,250
-7.6926,53.28823,2021/08/01 23:00:00+00,Mon 02 Aug 2021,15024,16025,430,3187183,2639125,222235,3409418,2861360,72.40359599372,60.7648441559793,251
-7.6926,53.28823,2021/08/02 23:00:00+00,Tue 03 Aug 2021,17347,25450,1111,3204530,2664575,223346,3427876,2887921,72.7955765531152,61.3289028642953,252
-7.6926,53.28823,2021/08/03 23:00:00+00,Wed 04 Aug 2021,22115,17309,1576,3226645,2681884,224922,3451567,2906806,73.298686935206,61.7299513453971,253
-7.6926,53.28823,2021/08/04 23:00:00+00,Thu 05 Aug 2021,13534,30048,1420,3240179,2711932,226342,3466521,2938274,73.6162553220949,62.3982168261127,254
-7.6926,53.28823,2021/08/05 23:00:00+00,Fri 06 Aug 2021,12209,24750,948,3252388,2736682,227290,3479678,2963972,73.8956619869537,62.9439485638599,255
-7.6926,53.28823,2021/08/06 23:00:00+00,Sat 07 Aug 2021,6337,8462,583,3258725,2745144,227873,3486598,2973017,74.0426175331133,63.1360313550469,256
-7.6926,53.28823,2021/08/07 23:00:00+00,Sun 08 Aug 2021,8628,11979,153,3267353,2757123,228026,3495379,2985149,74.2290939277416,63.3936707605395,257
-7.6926,53.28823,2021/08/08 23:00:00+00,Mon 09 Aug 2021,5545,23039,600,3272898,2780162,228626,3501524,3008788,74.3595913021854,63.8956768523991,258
-7.6926,53.28823,2021/08/09 23:00:00+00,Tue 10 Aug 2021,9356,26013,716,3282254,2806175,229342,3511596,3035517,74.5734838254398,64.463303267616,259
-7.6926,53.28823,2021/08/10 23:00:00+00,Wed 11 Aug 2021,7017,31243,666,3289271,2837418,230008,3519279,3067426,74.736642707108,65.1409339789467,260
-7.6926,53.28823,2021/08/11 23:00:00+00,Thu 12 Aug 2021,6776,38300,862,3296047,2875718,230870,3526917,3106588,74.8988459529993,65.9725919411872,261
-7.6926,53.28823,2021/08/12 23:00:00+00,Fri 13 Aug 2021,10932,28250,870,3306979,2903968,231740,3538719,3135708,75.1494773627935,66.5909944706914,262
-7.6926,53.28823,2021/08/13 23:00:00+00,Sat 14 Aug 2021,18139,5845,281,3325118,2909813,232021,3557139,3141834,75.5406509408659,66.7210883544738,263
-7.6926,53.28823,2021/08/14 23:00:00+00,Sun 15 Aug 2021,17000,3731,51,3342118,2913544,232072,3574190,3145616,75.9027519549653,66.8014042324472,264
-7.6926,53.28823,2021/08/15 23:00:00+00,Mon 16 Aug 2021,10192,23156,384,3352310,2936700,232456,3584766,3169156,76.1273475989226,67.3013079255972,265
-7.6926,53.28823,2021/08/16 23:00:00+00,Tue 17 Aug 2021,12870,26867,528,3365180,2963567,232984,3598164,3196551,76.4118722242763,67.8830777503145,266
-7.6926,53.28823,2021/08/17 23:00:00+00,Wed 18 Aug 2021,15236,25767,658,3380416,2989334,233642,3614058,3222976,76.7494027807302,68.4442483149487,267
-7.6926,53.28823,2021/08/18 23:00:00+00,Thu 19 Aug 2021,11363,25712,544,3391779,3015046,234186,3625965,3249232,77.0022640073376,69.0018299363313,268
-7.6926,53.28823,2021/08/19 23:00:00+00,Fri 20 Aug 2021,14851,22251,686,3406630,3037297,234872,3641502,3272169,77.332213186627,69.4889281100689,269
-7.6926,53.28823,2021/08/20 23:00:00+00,Sat 21 Aug 2021,11895,7980,246,3418525,3045277,235118,3653643,3280395,77.590043719275,69.6636183301136,270
-7.6926,53.28823,2021/08/21 23:00:00+00,Sun 22 Aug 2021,8004,12254,161,3426529,3057531,235279,3661808,3292810,77.763438521933,69.9272676228263,271
-7.6926,53.28823,2021/08/22 23:00:00+00,Mon 23 Aug 2021,10868,15385,291,3437397,3072916,235570,3672967,3308486,78.0004149582907,70.2601686548492,272
-7.6926,53.28823,2021/08/23 23:00:00+00,Tue 24 Aug 2021,9714,22924,384,3447111,3095840,235954,3683065,3331794,78.2148596266607,70.7551455146598,273
-7.6926,53.28823,2021/08/24 23:00:00+00,Wed 25 Aug 2021,9416,19530,315,3456527,3115370,236269,3692796,3351639,78.4215105543601,71.1765808923387,274
-7.6926,53.28823,2021/08/25 23:00:00+00,Thu 26 Aug 2021,8586,19444,369,3465113,3134814,236638,3701751,3371452,78.611682073993,71.5973367067984,275
-7.6926,53.28823,2021/08/26 23:00:00+00,Fri 27 Aug 2021,9726,19214,432,3474839,3154028,237070,3711909,3391098,78.827400923399,72.0145460507077,276
-7.6926,53.28823,2021/08/27 23:00:00+00,Sat 28 Aug 2021,9923,7926,153,3484762,3161954,237223,3721985,3399177,79.0413783920557,72.1861145272141,277
-7.6926,53.28823,2021/08/28 23:00:00+00,Sun 29 Aug 2021,8800,9190,30,3493562,3171144,237253,3730815,3408397,79.2288953678635,72.3819136797563,278
-7.6926,53.28823,2021/08/29 23:00:00+00,Mon 30 Aug 2021,5061,11137,84,3498623,3182281,237337,3735960,3419618,79.3381563917062,72.6202067698513,279
-7.6926,53.28823,2021/08/30 23:00:00+00,Tue 31 Aug 2021,4065,12893,143,3502688,3195174,237480,3740168,3432654,79.4275189550356,72.8970438362873,280
-7.6926,53.28823,2021/08/31 23:00:00+00,Wed 01 Sep 2021,4965,12538,181,3507653,3207712,237661,3745314,3445373,79.5368012152289,73.1671489795827,281
-7.6926,53.28823,2021/09/01 23:00:00+00,Thu 02 Sep 2021,5010,12362,248,3512663,3220074,237909,3750572,3457983,79.6484619466895,73.4349393606627,282
-7.6926,53.28823,2021/09/02 23:00:00+00,Fri 03 Sep 2021,4775,16072,166,3517438,3236146,238075,3755513,3474221,79.7533907550096,73.7797752217234,283
-7.6926,53.28823,2021/09/03 23:00:00+00,Sat 04 Sep 2021,4628,10583,135,3522066,3246729,238210,3760276,3484939,79.8545394929227,74.0073864274661,284
-7.6926,53.28823,2021/09/04 23:00:00+00,Sun 05 Sep 2021,5307,11903,1,3527373,3258632,238211,3765584,3496843,79.9672620419133,74.2601839450216,285
-7.6926,53.28823,2021/09/05 23:00:00+00,Mon 06 Sep 2021,2160,9681,75,3529533,3268313,238286,3767819,3506599,80.0147252855068,74.467365781486,286
-7.6926,53.28823,2021/09/06 23:00:00+00,Tue 07 Sep 2021,3031,10024,158,3532564,3278337,238444,3771008,3516781,80.0824480075737,74.6835943033065,287
-7.6926,53.28823,2021/09/07 23:00:00+00,Wed 08 Sep 2021,2609,14800,189,3535173,3293137,238633,3773806,3531770,80.1418673165556,75.0019059624665,288
-7.6926,53.28823,2021/09/08 23:00:00+00,Thu 09 Sep 2021,3116,14810,138,3538289,3307947,238771,3777060,3546718,80.2109704014116,75.3193469312518,289
-7.6926,53.28823,2021/09/09 23:00:00+00,Fri 10 Sep 2021,3385,13946,116,3541674,3321893,238887,3780561,3560780,80.2853188648661,75.6179724934045,290
-7.6926,53.28823,2021/09/10 23:00:00+00,Sat 11 Sep 2021,2559,11339,62,3544233,3333232,238949,3783182,3572181,80.3409793397916,75.8600881266077,291
-7.6926,53.28823,2021/09/11 23:00:00+00,Sun 12 Sep 2021,2042,12883,1,3546275,3346115,238950,3785225,3585065,80.3843652040697,76.1336972677524,292
-7.6926,53.28823,2021/09/12 23:00:00+00,Mon 13 Sep 2021,1617,7744,52,3547892,3353859,239002,3786894,3592861,80.4198086732229,76.2992558570386,293
-7.6926,53.28823,2021/09/13 23:00:00+00,Tue 14 Sep 2021,1548,10787,82,3549440,3364646,239084,3788524,3603730,80.4544239247027,76.530073751722,294
-7.6926,53.28823,2021/09/14 23:00:00+00,Wed 15 Sep 2021,3283,12367,137,3552723,3377013,239221,3791944,3616234,80.5270522437585,76.7956130796382,295
-7.6926,53.28823,2021/09/15 23:00:00+00,Thu 16 Sep 2021,1914,10576,115,3554637,3387589,239336,3793973,3626925,80.5701407991281,77.0226509039147,296
-7.6926,53.28823,2021/09/16 23:00:00+00,Fri 17 Sep 2021,2560,14615,94,3557197,3402204,239430,3796627,3641634,80.6265020736235,77.3350163849063,297
-7.6926,53.28823,2021/09/17 23:00:00+00,Sat 18 Sep 2021,2289,11233,47,3559486,3413437,239477,3798963,3652914,80.6761101886276,77.5745624196868,298
-7.6926,53.28823,2021/09/18 23:00:00+00,Sun 19 Sep 2021,1862,8491,16,3561348,3421928,239493,3800841,3661421,80.7159920550565,77.7552200542504,299
-7.6926,53.28823,2021/09/19 23:00:00+00,Mon 20 Sep 2021,957,5626,35,3562305,3427554,239528,3801833,3667082,80.7370585148528,77.8754390350032,300
-7.6926,53.28823,2021/09/20 23:00:00+00,Tue 21 Sep 2021,1466,6673,90,3563771,3434227,239618,3803389,3673845,80.7701022763881,78.0190604741185,301
-7.6926,53.28823,2021/09/21 23:00:00+00,Wed 22 Sep 2021,1896,8152,97,3565667,3442379,239715,3805382,3682094,80.8124263231361,78.194239130227,302
-7.6926,53.28823,2021/09/22 23:00:00+00,Thu 23 Sep 2021,1698,8728,89,3567365,3451107,239804,3807169,3690911,80.8503756816603,78.381480033477,303
-7.6926,53.28823,2021/09/23 23:00:00+00,Fri 24 Sep 2021,1911,7380,79,3569276,3458487,239883,3809159,3698370,80.8926360193565,78.5398819726106,304
-7.6926,53.28823,2021/09/24 23:00:00+00,Sat 25 Sep 2021,2422,6602,53,3571698,3465089,239936,3811634,3705025,80.9451959870942,78.681209885861,305
-7.6926,53.28823,2021/09/25 23:00:00+00,Sun 26 Sep 2021,1549,7098,0,3573247,3472187,239936,3813183,3712123,80.9780910941754,78.8319455024276,306
-7.6926,53.28823,2021/09/26 23:00:00+00,Mon 27 Sep 2021,1176,3825,45,3574423,3476012,239981,3814404,3715993,81.0040206782593,78.9141301792539,307
-7.6926,53.28823,2021/09/27 23:00:00+00,Tue 28 Sep 2021,1451,5135,93,3575874,3481147,240074,3815948,3721221,81.0368096035874,79.0251538201965,308
-7.6926,53.28823,2021/09/28 23:00:00+00,Wed 29 Sep 2021,1651,3630,80,3577525,3484777,240154,3817679,3724931,81.0735697264779,79.1039406809266,309
-7.6926,53.28823,2021/09/29 23:00:00+00,Thu 30 Sep 2021,1280,3975,78,3578805,3488752,240232,3819037,3728984,81.1024086905942,79.1900116099129,310
-7.6926,53.28823,2021/09/30 23:00:00+00,Fri 01 Oct 2021,1859,5184,42,3580664,3493936,240274,3820938,3734210,81.1427789930869,79.3009927781543,311
-7.6926,53.28823,2021/10/01 23:00:00+00,Sat 02 Oct 2021,1705,4095,40,3582369,3498031,240314,3822683,3738345,81.1798364248859,79.3888050878898,312
-7.6926,53.28823,2021/10/02 23:00:00+00,Sun 03 Oct 2021,1196,3020,9,3583565,3501051,240323,3823888,3741374,81.2054262273602,79.4531299938606,313
-7.6926,53.28823,2021/10/03 23:00:00+00,Mon 04 Oct 2021,339,1243,18,3583904,3502294,240341,3824245,3742635,81.2130076045248,79.4799090319686,314
-7.6926,53.28823,2021/10/04 23:00:00+00,Tue 05 Oct 2021,959,2827,70,3584863,3505121,240411,3825274,3745532,81.2348598092933,79.54143073966,315
-7.6926,53.28823,2021/10/05 23:00:00+00,Wed 06 Oct 2021,975,2574,40,3585838,3507695,240451,3826289,3748146,81.2564147051534,79.5969425601313,316
-7.6926,53.28823,2021/10/06 23:00:00+00,Thu 07 Oct 2021,1214,2701,44,3587052,3510396,240495,3827547,3750891,81.2831300342096,79.6552363425313,317
-7.6926,53.28823,2021/10/07 23:00:00+00,Fri 08 Oct 2021,937,2772,48,3587989,3513168,240543,3828532,3753711,81.3040478395517,79.7151228512264,318
-7.6926,53.28823,2021/10/08 23:00:00+00,Sat 09 Oct 2021,732,2377,23,3588721,3515545,240566,3829287,3756111,81.3200812842556,79.7660900926691,319
-7.6926,53.28823,2021/10/09 23:00:00+00,Sun 10 Oct 2021,1508,3918,2,3590229,3519463,240568,3830797,3760031,81.3521481736632,79.8493365870254,320
-7.6926,53.28823,2021/10/10 23:00:00+00,Mon 11 Oct 2021,334,1130,19,3590563,3520593,240587,3831150,3761180,81.3596446054254,79.8737371538661,321
-7.6926,53.28823,2021/10/11 23:00:00+00,Tue 12 Oct 2021,562,1612,20,3591125,3522205,240607,3831732,3762812,81.3720041614753,79.9083948780471,322
-7.6926,53.28823,2021/10/12 23:00:00+00,Wed 13 Oct 2021,991,2074,11,3592116,3524279,240618,3832734,3764897,81.3932829847776,79.9526726690504,323
-7.6926,53.28823,2021/10/13 23:00:00+00,Thu 14 Oct 2021,670,1604,8,3592786,3525883,240626,3833412,3766509,81.4076812304851,79.9869056662194,324
-7.6926,53.28823,2021/10/14 23:00:00+00,Fri 15 Oct 2021,955,2071,9,3593741,3527954,240635,3834376,3768589,81.4281530724646,80.0310772754697,325
-7.6926,53.28823,2021/10/15 23:00:00+00,Sat 16 Oct 2021,1373,2648,14,3595114,3530602,240649,3835763,3771251,81.4576078907483,80.0876084407698,326
-7.6926,53.28823,2021/10/16 23:00:00+00,Sun 17 Oct 2021,1701,2892,2,3596815,3533494,240651,3837466,3774145,81.493773395822,80.1490664394094,327
-7.6926,53.28823,2021/10/17 23:00:00+00,Mon 18 Oct 2021,674,1246,6,3597489,3534740,240657,3838146,3775397,81.5082141142308,80.175654350362,328
-7.6926,53.28823,2021/10/18 23:00:00+00,Tue 19 Oct 2021,1333,1802,13,3598822,3536542,240670,3839492,3777212,81.5367982421398,80.214198326703,329
-7.6926,53.28823,2021/10/19 23:00:00+00,Wed 20 Oct 2021,2253,2329,0,3601075,3538871,240670,3841745,3779541,81.5846437400441,80.263657787253,330
-7.6926,53.28823,2021/10/20 23:00:00+00,Thu 21 Oct 2021,1731,1842,11,3602806,3540713,240681,3843487,3781394,81.6216374627913,80.3030087449168,331
-7.6926,53.28823,2021/10/21 23:00:00+00,Fri 22 Oct 2021,1505,1929,3,3604311,3542642,240684,3844995,3783326,81.6536618794977,80.3440373742782,332
-7.6926,53.28823,2021/10/22 23:00:00+00,Sat 23 Oct 2021,2016,1701,1,3606327,3544343,240685,3847012,3785028,81.6964955986602,80.3801816430012,333
-7.6926,53.28823,2021/10/23 23:00:00+00,Sun 24 Oct 2021,1951,2186,2,3608278,3546529,240687,3848965,3787216,81.7379701913841,80.4266467781164,334
-7.6926,53.28823,2021/10/24 23:00:00+00,Mon 25 Oct 2021,1223,853,2,3609501,3547382,240689,3850190,3788071,81.7639847208705,80.4448038578804,335
-7.6926,53.28823,2021/10/25 23:00:00+00,Tue 26 Oct 2021,1236,1228,6,3610737,3548610,240695,3851432,3789305,81.790360268317,80.4710095145222,336
-7.6926,53.28823,2022/05/22 23:00:00+00,Mon 23 May 2022,30,35,0,3847005,3797070,240896,4087901,4037966,86.8120988586099,85.7516616913437,337
-7.6926,53.28823,2022/02/09 00:00:00+00,Wed 09 Feb 2022,1332,1783,0,3813189,3706205,240872,4054061,3947077,86.0934607542685,83.8215110215598,338
-7.6926,53.28823,2022/05/23 23:00:00+00,Tue 24 May 2022,77,83,0,3847082,3797153,240896,4087978,4038049,86.8137340576062,85.7534243084436,339
-7.6926,53.28823,2022/05/24 23:00:00+00,Wed 25 May 2022,89,134,1,3847171,3797287,240897,4088068,4038184,86.8156453291602,85.7562912157747,340
-7.6926,53.28823,2022/05/25 23:00:00+00,Thu 26 May 2022,135,155,0,3847306,3797442,240897,4088203,4038339,86.8185122364914,85.7595828501179,341
-7.6926,53.28823,2022/05/26 23:00:00+00,Fri 27 May 2022,98,151,0,3847404,3797593,240897,4088301,4038490,86.8205933988503,85.7627895390586,342
-7.6926,53.28823,2022/05/27 23:00:00+00,Sat 28 May 2022,335,578,0,3847739,3798171,240897,4088636,4039068,86.8277075763017,85.7750641497061,343
-7.6926,53.28823,2022/05/28 23:00:00+00,Sun 29 May 2022,182,349,0,3847921,3798520,240897,4088818,4039417,86.8315725921111,85.7824756360659,344
-7.6926,53.28823,2022/05/29 23:00:00+00,Mon 30 May 2022,11,21,0,3847932,3798541,240897,4088829,4039438,86.8318061919677,85.7829215994285,345
-7.6926,53.28823,2022/05/30 23:00:00+00,Tue 31 May 2022,66,79,1,3847998,3798620,240898,4088896,4039518,86.833229027458,85.7846205074766,346
-7.6926,53.28823,2022/05/31 23:00:00+00,Wed 01 Jun 2022,71,100,0,3848069,3798720,240898,4088967,4039618,86.8347368083506,85.7867441425367,347
-7.6926,53.28823,2022/06/01 23:00:00+00,Thu 02 Jun 2022,120,138,0,3848189,3798858,240898,4089087,4039756,86.8372851704228,85.7896747589196,348
-7.6926,53.28823,2022/06/02 23:00:00+00,Fri 03 Jun 2022,63,144,0,3848252,3799002,240898,4089150,4039900,86.8386230605106,85.7927327934062,349
-7.6926,53.28823,2022/06/03 23:00:00+00,Sat 04 Jun 2022,307,606,0,3848559,3799608,240898,4089457,4040506,86.8451426201452,85.8056020218705,350
-7.6926,53.28823,2022/06/04 23:00:00+00,Sun 05 Jun 2022,142,273,0,3848701,3799881,240898,4089599,4040779,86.8481581819305,85.8113995455846,351
-7.6926,53.28823,2022/06/05 23:00:00+00,Mon 06 Jun 2022,3,7,1,3848704,3799888,240899,4089603,4040787,86.8482431273329,85.8115694363894,352
-7.6926,53.28823,2022/06/06 23:00:00+00,Tue 07 Jun 2022,29,50,0,3848733,3799938,240899,4089632,4040837,86.8488589815004,85.8126312539194,353
-7.6926,53.28823,2022/06/07 23:00:00+00,Wed 08 Jun 2022,41,76,0,3848774,3800014,240899,4089673,4040913,86.849729671875,85.8142452165651,354
-7.6926,53.28823,2022/06/08 23:00:00+00,Thu 09 Jun 2022,83,123,0,3848857,3800137,240899,4089756,4041036,86.8514922889749,85.816857287689,355
-7.6926,53.28823,2022/06/09 23:00:00+00,Fri 10 Jun 2022,56,108,0,3848913,3800245,240899,4089812,4041144,86.8526815246086,85.819150813554,356
-7.6926,53.28823,2022/06/10 23:00:00+00,Sat 11 Jun 2022,190,560,0,3849103,3800805,240899,4090002,4041704,86.8567164312228,85.8310431698906,357
-7.6926,53.28823,2022/06/11 23:00:00+00,Sun 12 Jun 2022,143,287,0,3849246,3801092,240899,4090145,4041991,86.8597532293587,85.8371380025131,358
-7.6926,53.28823,2022/06/12 23:00:00+00,Mon 13 Jun 2022,19,44,0,3849265,3801136,240899,4090164,4042035,86.8601567200202,85.8380724019396,359
-7.6926,53.28823,2022/06/13 23:00:00+00,Tue 14 Jun 2022,39,55,0,3849304,3801191,240899,4090203,4042090,86.8609849376936,85.8392404012226,360
-7.6926,53.28823,2022/06/14 23:00:00+00,Wed 15 Jun 2022,70,122,0,3849374,3801313,240899,4090273,4042212,86.8624714822357,85.841831235996,361
-7.6926,53.28823,2022/06/15 23:00:00+00,Thu 16 Jun 2022,81,85,0,3849455,3801398,240899,4090354,4042297,86.8641916266344,85.843636325797,362
-7.6926,53.28823,2022/06/16 23:00:00+00,Fri 17 Jun 2022,60,94,0,3849515,3801492,240899,4090414,4042391,86.8654658076704,85.8456325427535,363
-7.6926,53.28823,2022/06/17 23:00:00+00,Sat 18 Jun 2022,223,487,0,3849738,3801979,240899,4090637,4042878,86.8702015138545,85.8559746454963,364
-7.6926,53.28823,2022/06/18 23:00:00+00,Sun 19 Jun 2022,80,129,0,3849818,3802108,240899,4090717,4043007,86.8719004219026,85.8587141347238,365
-7.6926,53.28823,2022/06/19 23:00:00+00,Mon 20 Jun 2022,9,27,0,3849827,3802135,240899,4090726,4043034,86.872091549058,85.8592875161901,366
-7.6926,53.28823,2022/06/20 23:00:00+00,Tue 21 Jun 2022,79,168,1,3849906,3802303,240900,4090806,4043203,86.8737904571061,85.8628764594417,367
-7.6926,53.28823,2022/06/21 23:00:00+00,Wed 22 Jun 2022,59,94,0,3849965,3802397,240900,4090865,4043297,86.8750434017915,85.8648726763982,368
-7.6926,53.28823,2022/06/22 23:00:00+00,Thu 23 Jun 2022,65,115,0,3850030,3802512,240900,4090930,4043412,86.8764237645806,85.8673148567173,369
-7.6926,53.28823,2022/06/23 23:00:00+00,Fri 24 Jun 2022,56,90,1,3850086,3802602,240901,4090987,4043503,86.8776342365649,85.869247364622,370
-7.6926,53.28823,2022/06/24 23:00:00+00,Sat 25 Jun 2022,210,292,0,3850296,3802894,240901,4091197,4043795,86.8820938701911,85.8754483789975,371
-7.6926,53.28823,2022/06/25 23:00:00+00,Sun 26 Jun 2022,174,403,0,3850470,3803297,240901,4091371,4044198,86.8857889951957,85.8840066282897,372
-7.6926,53.28823,2022/06/26 23:00:00+00,Mon 27 Jun 2022,3,33,0,3850473,3803330,240901,4091374,4044231,86.8858527042475,85.8847074278596,373
-7.6926,53.28823,2022/06/27 23:00:00+00,Tue 28 Jun 2022,47,60,0,3850520,3803390,240901,4091421,4044291,86.8868508127258,85.8859816088957,374
-7.6926,53.28823,2022/06/28 23:00:00+00,Wed 29 Jun 2022,63,81,3,3850583,3803471,240904,4091487,4044375,86.8882524118654,85.8877654623461,375
-7.6926,53.28823,2022/06/29 23:00:00+00,Thu 30 Jun 2022,73,88,0,3850656,3803559,240904,4091560,4044463,86.8898026654593,85.889634261199,376
-7.6926,53.28823,2022/06/30 23:00:00+00,Fri 01 Jul 2022,49,62,0,3850705,3803621,240904,4091609,4044525,86.8908432466388,85.8909509149363,377
-7.6926,53.28823,2022/07/01 23:00:00+00,Sat 02 Jul 2022,182,228,0,3850887,3803849,240904,4091791,4044753,86.8947082624482,85.8957928028734,378
-7.6926,53.28823,2022/07/02 23:00:00+00,Sun 03 Jul 2022,108,273,0,3850995,3804122,240904,4091899,4045026,86.8970017883131,85.9015903265875,379
-7.6926,53.28823,2022/07/03 23:00:00+00,Mon 04 Jul 2022,14,14,0,3851009,3804136,240904,4091913,4045040,86.8972990972215,85.9018876354959,380
-7.6926,53.28823,2022/07/04 23:00:00+00,Tue 05 Jul 2022,53,69,0,3851062,3804205,240904,4091966,4045109,86.8984246238034,85.9033529436874,381
-7.6926,53.28823,2022/07/05 23:00:00+00,Wed 06 Jul 2022,63,82,0,3851125,3804287,240904,4092029,4045191,86.8997625138912,85.9050943244366,382
-7.6926,53.28823,2022/07/06 23:00:00+00,Thu 07 Jul 2022,79,73,0,3851204,3804360,240904,4092108,4045264,86.9014401855887,85.9066445780305,383
-7.6926,53.28823,2022/07/07 23:00:00+00,Fri 08 Jul 2022,101,88,0,3851305,3804448,240904,4092209,4045352,86.9035850569994,85.9085133768834,384
-7.6926,53.28823,2022/07/08 23:00:00+00,Sat 09 Jul 2022,120,142,0,3851425,3804590,240904,4092329,4045494,86.9061334190716,85.9115289386688,385
-7.6926,53.28823,2022/07/09 23:00:00+00,Sun 10 Jul 2022,131,219,0,3851556,3804809,240904,4092460,4045713,86.9089153810003,85.9161796994504,386
-7.6926,53.28823,2022/07/10 23:00:00+00,Mon 11 Jul 2022,12,14,0,3851568,3804823,240904,4092472,4045727,86.9091702172075,85.9164770083588,387
-7.6926,53.28823,2022/07/11 23:00:00+00,Tue 12 Jul 2022,43,80,0,3851611,3804903,240904,4092515,4045807,86.9100833802834,85.9181759164069,388
-7.6926,53.28823,2022/07/12 23:00:00+00,Wed 13 Jul 2022,99,73,0,3851710,3804976,240904,4092614,4045880,86.9121857789929,85.9197261700008,389
-7.6926,53.28823,2022/07/13 23:00:00+00,Thu 14 Jul 2022,69,39,0,3851779,3805015,240904,4092683,4045919,86.9136510871843,85.9205543876743,390
-7.6926,53.28823,2022/07/14 23:00:00+00,Fri 15 Jul 2022,79,116,1,3851858,3805131,240905,4092763,4046036,86.9153499952324,85.9230390406946,391
-7.6926,53.28823,2022/07/15 23:00:00+00,Sat 16 Jul 2022,124,209,0,3851982,3805340,240905,4092887,4046245,86.917983302707,85.9274774379702,392
-7.6926,53.28823,2022/07/16 23:00:00+00,Sun 17 Jul 2022,119,165,0,3852101,3805505,240905,4093006,4046410,86.9205104284285,85.9309814358194,393
-7.6926,53.28823,2022/07/17 23:00:00+00,Mon 18 Jul 2022,12,17,0,3852113,3805522,240905,4093018,4046427,86.9207652646357,85.9313424537796,394
-7.6926,53.28823,2022/07/18 23:00:00+00,Tue 19 Jul 2022,29,33,0,3852142,3805555,240905,4093047,4046460,86.9213811188032,85.9320432533494,395
-7.6926,53.28823,2022/07/19 23:00:00+00,Wed 20 Jul 2022,77,66,0,3852219,3805621,240905,4093124,4046526,86.9230163177994,85.9334448524891,396
-7.6926,53.28823,2022/07/20 23:00:00+00,Thu 21 Jul 2022,51,30,0,3852270,3805651,240905,4093175,4046556,86.9240993716801,85.9340819430072,397
-7.6926,53.28823,2022/07/21 23:00:00+00,Fri 22 Jul 2022,71,69,0,3852341,3805720,240905,4093246,4046625,86.9256071525728,85.9355472511986,398
-7.6926,53.28823,2022/07/22 23:00:00+00,Sat 23 Jul 2022,97,175,0,3852438,3805895,240905,4093343,4046800,86.9276670785811,85.9392636125538,399
-7.6926,53.28823,2022/07/23 23:00:00+00,Sun 24 Jul 2022,106,232,0,3852544,3806127,240905,4093449,4047032,86.9299181317448,85.9441904458933,400
-7.6926,53.28823,2022/07/24 23:00:00+00,Mon 25 Jul 2022,13,22,0,3852557,3806149,240905,4093462,4047054,86.9301942043026,85.9446576456065,401
-7.6926,53.28823,2022/07/25 23:00:00+00,Tue 26 Jul 2022,17,16,0,3852574,3806165,240905,4093479,4047070,86.9305552222628,85.9449974272161,402
-7.6926,53.28823,2022/07/26 23:00:00+00,Wed 27 Jul 2022,60,72,1,3852634,3806237,240906,4093540,4047143,86.9318506396495,85.94654768081,403
-7.6926,53.28823,2022/07/27 23:00:00+00,Thu 28 Jul 2022,48,71,0,3852682,3806308,240906,4093588,4047214,86.9328699844784,85.9480554617027,404
-7.6926,53.28823,2022/07/28 23:00:00+00,Fri 29 Jul 2022,69,105,0,3852751,3806413,240906,4093657,4047319,86.9343352926698,85.9502852785158,405
-7.6926,53.28823,2022/07/29 23:00:00+00,Sat 30 Jul 2022,100,117,0,3852851,3806530,240906,4093757,4047436,86.9364589277299,85.9527699315361,406
-7.6926,53.28823,2022/07/30 23:00:00+00,Sun 31 Jul 2022,31,57,0,3852882,3806587,240906,4093788,4047493,86.9371172545986,85.9539804035204,407
-7.6926,53.28823,2022/07/31 23:00:00+00,Mon 01 Aug 2022,9,14,0,3852891,3806601,240906,4093797,4047507,86.937308381754,85.9542777124288,408
-7.6926,53.28823,2022/08/01 23:00:00+00,Tue 02 Aug 2022,34,28,0,3852925,3806629,240906,4093831,4047535,86.9380304176744,85.9548723302456,409
-7.6926,53.28823,2022/08/02 23:00:00+00,Wed 03 Aug 2022,93,139,0,3853018,3806768,240906,4093924,4047674,86.9400053982803,85.9578241829792,410
-7.6926,53.28823,2022/08/03 23:00:00+00,Thu 04 Aug 2022,45,47,0,3853063,3806815,240906,4093969,4047721,86.9409610340574,85.9588222914575,411
-7.6926,53.28823,2022/08/04 23:00:00+00,Fri 05 Aug 2022,95,90,0,3853158,3806905,240906,4094064,4047811,86.9429784873645,85.9607335630115,412
-7.6926,53.28823,2022/08/05 23:00:00+00,Sat 06 Aug 2022,71,131,0,3853229,3807036,240906,4094135,4047942,86.9444862682572,85.9635155249403,413
-7.6926,53.28823,2022/08/06 23:00:00+00,Sun 07 Aug 2022,28,80,0,3853257,3807116,240906,4094163,4048022,86.945080886074,85.9652144329884,414
-7.6926,53.28823,2022/08/07 23:00:00+00,Mon 08 Aug 2022,11,15,0,3853268,3807131,240906,4094174,4048037,86.9453144859306,85.9655329782474,415
-7.6926,53.28823,2022/08/08 23:00:00+00,Tue 09 Aug 2022,46,39,0,3853314,3807170,240906,4094220,4048076,86.9462913580582,85.9663611959208,416
-7.6926,53.28823,2022/08/09 23:00:00+00,Wed 10 Aug 2022,54,93,0,3853368,3807263,240906,4094274,4048169,86.9474381209907,85.9683361765267,417
-7.6926,53.28823,2022/08/10 23:00:00+00,Thu 11 Aug 2022,35,37,0,3853403,3807300,240906,4094309,4048206,86.9481813932617,85.969121921499,418
-7.6926,53.28823,2022/08/11 23:00:00+00,Fri 12 Aug 2022,69,72,0,3853472,3807372,240906,4094378,4048278,86.9496467014532,85.9706509387423,419
-7.6926,53.28823,2022/08/12 23:00:00+00,Sat 13 Aug 2022,98,150,0,3853570,3807522,240906,4094476,4048428,86.9517278638121,85.9738363913324,420
-7.6926,53.28823,2022/08/13 23:00:00+00,Sun 14 Aug 2022,18,26,0,3853588,3807548,240906,4094494,4048454,86.9521101181229,85.9743885364481,421
-7.6926,53.28823,2022/08/14 23:00:00+00,Mon 15 Aug 2022,12,6,0,3853600,3807554,240906,4094506,4048460,86.9523649543302,85.9745159545517,422
-7.6926,53.28823,2022/08/15 23:00:00+00,Tue 16 Aug 2022,40,25,0,3853640,3807579,240906,4094546,4048485,86.9532144083542,85.9750468633167,423
-7.6926,53.28823,2022/08/16 23:00:00+00,Wed 17 Aug 2022,52,54,0,3853692,3807633,240906,4094598,4048539,86.9543186985855,85.9761936262492,424
-7.6926,53.28823,2022/08/17 23:00:00+00,Thu 18 Aug 2022,59,36,0,3853751,3807669,240906,4094657,4048575,86.9555716432709,85.9769581348708,425
-7.6926,53.28823,2022/08/18 23:00:00+00,Fri 19 Aug 2022,68,52,0,3853819,3807721,240906,4094725,4048627,86.9570157151118,85.978062425102,426
-7.6926,53.28823,2022/08/19 23:00:00+00,Sat 20 Aug 2022,109,122,0,3853928,3807843,240906,4094834,4048749,86.9593304773273,85.9806532598754,427
-7.6926,53.28823,2022/08/20 23:00:00+00,Sun 21 Aug 2022,38,36,0,3853966,3807879,240906,4094872,4048785,86.9601374586502,85.981417768497,428
-7.6926,53.28823,2021/01/21 00:00:00+00,Thu 21 Jan 2021,9006,962,0,136801,2057,4,136805,2061,2.90523894398424,0.0437681185888785,429
-7.6926,53.28823,2022/02/10 00:00:00+00,Thu 10 Feb 2022,684,2549,0,3813873,3708754,240872,4054745,3949626,86.1079864180796,83.875642479242,430
-7.6926,53.28823,2022/02/11 00:00:00+00,Fri 11 Feb 2022,547,4920,0,3814420,3713674,240872,4055292,3954546,86.1196027018584,83.9801253241994,431
-7.6926,53.28823,2022/02/12 00:00:00+00,Sat 12 Feb 2022,1397,5462,0,3815817,3719136,240872,4056689,3960008,86.1492698836482,84.0961182711827,432
-7.6926,53.28823,2022/02/13 00:00:00+00,Sun 13 Feb 2022,1567,4706,0,3817384,3723842,240872,4058256,3964714,86.1825472450401,84.1960565371115,433
-7.6926,53.28823,2022/02/14 00:00:00+00,Mon 14 Feb 2022,173,953,0,3817557,3724795,240872,4058429,3965667,86.1862211336941,84.2162947792343,434
-7.6926,53.28823,2022/02/15 00:00:00+00,Tue 15 Feb 2022,649,818,1,3818206,3725613,240873,4059079,3966486,86.2000247615848,84.2336873503766,435
-7.6926,53.28823,2022/02/16 00:00:00+00,Wed 16 Feb 2022,800,1785,0,3819006,3727398,240873,4059879,3968271,86.2170138420657,84.2715942361996,436
-7.6926,53.28823,2022/02/17 00:00:00+00,Thu 17 Feb 2022,791,1192,2,3819797,3728590,240875,4060672,3969465,86.2338542680924,84.2969504388173,437
-7.6926,53.28823,2022/02/18 00:00:00+00,Fri 18 Feb 2022,791,3293,0,3820588,3731883,240875,4061463,3972758,86.2506522214178,84.3668817413468,438
-7.6926,53.28823,2022/02/19 00:00:00+00,Sat 19 Feb 2022,980,3555,0,3821568,3735438,240875,4062443,3976313,86.2714638450069,84.4423769677337,439
-7.6926,53.28823,2022/02/20 00:00:00+00,Sun 20 Feb 2022,1366,3587,0,3822934,3739025,240875,4063809,3979900,86.300472699928,84.5185517573399,440
-7.6926,53.28823,2022/02/21 00:00:00+00,Mon 21 Feb 2022,253,994,1,3823187,3740019,240876,4064063,3980895,86.3058667329807,84.539681926188,441
-7.6926,53.28823,2022/02/22 00:00:00+00,Tue 22 Feb 2022,475,981,0,3823662,3741000,240876,4064538,3981876,86.3159539995162,84.5605147861277,442
-7.6926,53.28823,2022/02/23 00:00:00+00,Wed 23 Feb 2022,831,1272,1,3824493,3742272,240877,4065370,3983149,86.3336226432164,84.5875486604429,443
-7.6926,53.28823,2022/02/24 00:00:00+00,Thu 24 Feb 2022,657,1233,0,3825150,3743505,240877,4066027,3984382,86.3475749255613,84.613733080734,444
-7.6926,53.28823,2022/02/25 00:00:00+00,Fri 25 Feb 2022,691,1227,0,3825841,3744732,240877,4066718,3985609,86.3622492438267,84.6397900829216,445
-7.6926,53.28823,2022/02/26 00:00:00+00,Sat 26 Feb 2022,959,2092,0,3826800,3746824,240877,4067677,3987701,86.3826149040531,84.6842165283791,446
-7.6926,53.28823,2022/02/27 00:00:00+00,Sun 27 Feb 2022,671,1783,0,3827471,3748607,240877,4068348,3989484,86.3968644953064,84.7220809415009,447
-7.6926,53.28823,2022/02/28 00:00:00+00,Mon 28 Feb 2022,81,428,0,3827552,3749035,240877,4068429,3989912,86.3985846397051,84.7311700995581,448
-7.6926,53.28823,2022/03/01 00:00:00+00,Tue 01 Mar 2022,130,937,0,3827682,3749972,240877,4068559,3990849,86.4013453652833,84.7510685600714,449
-7.6926,53.28823,2022/03/02 00:00:00+00,Wed 02 Mar 2022,206,996,2,3827888,3750968,240879,4068767,3991847,86.4057625262083,84.7722624379713,450
-7.6926,53.28823,2022/03/03 00:00:00+00,Thu 03 Mar 2022,279,1273,0,3828167,3752241,240879,4069046,3993120,86.411687468026,84.7992963122865,451
-7.6926,53.28823,2022/03/04 00:00:00+00,Fri 04 Mar 2022,735,1506,1,3828902,3753747,240880,4069782,3994627,86.4273174220684,84.8312994926423,452
-7.6926,53.28823,2022/03/05 00:00:00+00,Sat 05 Mar 2022,962,3341,0,3829864,3757088,240880,4070744,3997968,86.4477467913467,84.9022501400006,453
-7.6926,53.28823,2022/03/06 00:00:00+00,Sun 06 Mar 2022,455,1915,0,3830319,3759003,240880,4071199,3999883,86.4574093308702,84.9429177514018,454
-7.6926,53.28823,2022/03/07 00:00:00+00,Mon 07 Mar 2022,114,124,1,3830433,3759127,240881,4071314,4000008,86.4598515111893,84.9455722952269,455
-7.6926,53.28823,2022/03/08 00:00:00+00,Tue 08 Mar 2022,120,492,0,3830553,3759619,240881,4071434,4000500,86.4623998732615,84.9560205797226,456
-7.6926,53.28823,2022/03/09 00:00:00+00,Wed 09 Mar 2022,130,345,1,3830683,3759964,240882,4071565,4000846,86.4651818351902,84.9633683570306,457
-7.6926,53.28823,2022/03/10 00:00:00+00,Thu 10 Mar 2022,258,509,0,3830941,3760473,240882,4071823,4001355,86.4706608136453,84.9741776594866,458
-7.6926,53.28823,2022/03/11 00:00:00+00,Fri 11 Mar 2022,492,2182,0,3831433,3762655,240882,4072315,4003537,86.481109098141,85.0205153764982,459
-7.6926,53.28823,2022/03/12 00:00:00+00,Sat 12 Mar 2022,473,2391,2,3831906,3765046,240884,4072790,4005930,86.4911963646766,85.0713339634866,460
-7.6926,53.28823,2022/03/13 00:00:00+00,Sun 13 Mar 2022,358,1082,0,3832264,3766128,240884,4073148,4007012,86.4987989781918,85.094311694837,461
-7.6926,53.28823,2022/03/14 00:00:00+00,Mon 14 Mar 2022,109,121,0,3832373,3766249,240884,4073257,4007133,86.5011137404073,85.0968812932598,462
-7.6926,53.28823,2022/03/15 00:00:00+00,Tue 15 Mar 2022,219,757,1,3832592,3767006,240885,4073477,4007891,86.5057857375395,85.1129784470154,463
-7.6926,53.28823,2022/03/16 00:00:00+00,Wed 16 Mar 2022,196,797,0,3832788,3767803,240885,4073673,4008688,86.5099480622573,85.1299038184445,464
-7.6926,53.28823,2022/03/18 00:00:00+00,Fri 18 Mar 2022,1,6,0,3832789,3767809,240885,4073674,4008694,86.5099692986079,85.1300312365481,465
-7.6926,53.28823,2022/03/19 00:00:00+00,Sat 19 Mar 2022,743,2779,0,3833532,3770588,240885,4074417,4011473,86.5257479071046,85.1890470548686,466
-7.6926,53.28823,2022/03/20 00:00:00+00,Sun 20 Mar 2022,395,1402,0,3833927,3771990,240885,4074812,4012875,86.534136265592,85.2188204184113,467
-7.6926,53.28823,2022/03/21 00:00:00+00,Mon 21 Mar 2022,55,112,0,3833982,3772102,240885,4074867,4012987,86.5353042648751,85.2211988896786,468
-7.6926,53.28823,2022/03/22 00:00:00+00,Tue 22 Mar 2022,140,575,0,3834122,3772677,240885,4075007,4013562,86.5382773539592,85.2334097912743,469
-7.6926,53.28823,2022/03/23 00:00:00+00,Wed 23 Mar 2022,102,221,0,3834224,3772898,240885,4075109,4013783,86.5404434617205,85.2381030247571,470
-7.6926,53.28823,2022/03/24 00:00:00+00,Thu 24 Mar 2022,147,244,0,3834371,3773142,240885,4075256,4014027,86.5435652052589,85.2432846943038,471
-7.6926,53.28823,2022/03/25 00:00:00+00,Fri 25 Mar 2022,435,1625,0,3834806,3774767,240885,4075691,4015652,86.5528030177704,85.2777937640306,472
-7.6926,53.28823,2022/03/26 00:00:00+00,Sat 26 Mar 2022,874,1848,0,3835680,3776615,240885,4076565,4017500,86.5713635881957,85.3170385399414,473
-7.6926,53.28823,2022/03/27 00:00:00+00,Sun 27 Mar 2022,380,803,0,3836060,3777418,240885,4076945,4018303,86.5794334014242,85.3340913294741,474
-7.6926,53.28823,2022/03/27 23:00:00+00,Mon 28 Mar 2022,44,53,1,3836104,3777471,240886,4076990,4018357,86.5803890372012,85.3352380924066,475
-7.6926,53.28823,2022/03/28 23:00:00+00,Tue 29 Mar 2022,138,193,3,3836242,3777664,240889,4077131,4018553,86.583383362636,85.3394004171244,476
-7.6926,53.28823,2022/03/29 23:00:00+00,Wed 30 Mar 2022,109,135,0,3836351,3777799,240889,4077240,4018688,86.5856981248515,85.3422673244555,477
-7.6926,53.28823,2022/03/30 23:00:00+00,Thu 31 Mar 2022,227,358,0,3836578,3778157,240889,4077467,4019046,86.5905187764379,85.3498699379708,478
-7.6926,53.28823,2022/03/31 23:00:00+00,Fri 01 Apr 2022,304,904,0,3836882,3779061,240889,4077771,4019950,86.5969746270207,85.3690675989141,479
-7.6926,53.28823,2022/04/01 23:00:00+00,Sat 02 Apr 2022,729,1539,0,3837611,3780600,240889,4078500,4021489,86.6124559266089,85.4017503424893,480
-7.6926,53.28823,2021/01/22 00:00:00+00,Fri 22 Jan 2021,6783,967,0,143584,3024,4,143588,3028,3.04928511011154,0.0643036696201475,481
-7.6926,53.28823,2022/04/02 23:00:00+00,Sun 03 Apr 2022,537,816,0,3838148,3781416,240889,4079037,4022305,86.6238598468817,85.4190792045797,482
-7.6926,53.28823,2022/04/03 23:00:00+00,Mon 04 Apr 2022,49,53,0,3838197,3781469,240889,4079086,4022358,86.6249004280611,85.4202047311616,483
-7.6926,53.28823,2022/04/04 23:00:00+00,Tue 05 Apr 2022,130,169,0,3838327,3781638,240889,4079216,4022527,86.6276611536393,85.4237936744132,484
-7.6926,53.28823,2022/04/05 23:00:00+00,Wed 06 Apr 2022,159,210,0,3838486,3781848,240889,4079375,4022737,86.6310377333848,85.4282533080394,485
-7.6926,53.28823,2022/04/06 23:00:00+00,Thu 07 Apr 2022,117,178,0,3838603,3782026,240889,4079492,4022915,86.6335223864052,85.4320333784464,486
-7.6926,53.28823,2022/04/07 23:00:00+00,Fri 08 Apr 2022,258,422,2,3838861,3782448,240891,4079752,4023339,86.6390438375615,85.4410375911013,487
-7.6926,53.28823,2022/04/08 23:00:00+00,Sat 09 Apr 2022,559,1018,0,3839420,3783466,240891,4080311,4024357,86.6509149575475,85.4626561960132,488
-7.6926,53.28823,2022/04/09 23:00:00+00,Sun 10 Apr 2022,413,719,0,3839833,3784185,240891,4080724,4025076,86.6596855703457,85.4779251320954,489
-7.6926,53.28823,2022/04/10 23:00:00+00,Mon 11 Apr 2022,70,92,1,3839903,3784277,240892,4080795,4025169,86.6611933512384,85.4799001127013,490
-7.6926,53.28823,2022/04/11 23:00:00+00,Tue 12 Apr 2022,198,177,0,3840101,3784454,240892,4080993,4025346,86.6653981486574,85.4836589467577,491
-7.6926,53.28823,2022/04/12 23:00:00+00,Wed 13 Apr 2022,144,232,0,3840245,3784686,240892,4081137,4025578,86.668456183144,85.4885857800972,492
-7.6926,53.28823,2022/04/13 23:00:00+00,Thu 14 Apr 2022,360,429,0,3840605,3785115,240892,4081497,4026007,86.6761012693604,85.4976961745051,493
-7.6926,53.28823,2022/04/14 23:00:00+00,Fri 15 Apr 2022,446,990,0,3841051,3786105,240892,4081943,4026997,86.6855726817285,85.5187201616001,494
-7.6926,53.28823,2022/04/15 23:00:00+00,Sat 16 Apr 2022,42,88,0,3841093,3786193,240892,4081985,4027085,86.6864646084537,85.520588960453,495
-7.6926,53.28823,2022/04/16 23:00:00+00,Sun 17 Apr 2022,1,0,0,3841094,3786193,240892,4081986,4027085,86.6864858448043,85.520588960453,496
-7.6926,53.28823,2022/04/17 23:00:00+00,Mon 18 Apr 2022,36,62,1,3841130,3786255,240893,4082023,4027148,86.6872715897766,85.5219268505409,497
-7.6926,53.28823,2022/04/18 23:00:00+00,Tue 19 Apr 2022,218,269,1,3841348,3786524,240894,4082242,4027418,86.6919223505582,85.5276606652032,498
-7.6926,53.28823,2022/04/19 23:00:00+00,Wed 20 Apr 2022,250,606,0,3841598,3787130,240894,4082492,4028024,86.6972314382085,85.5405298936675,499
-7.6926,53.28823,2022/04/20 23:00:00+00,Thu 21 Apr 2022,171,236,0,3841769,3787366,240894,4082663,4028260,86.7008628541613,85.5455416724093,500
-7.6926,53.28823,2022/04/21 23:00:00+00,Fri 22 Apr 2022,196,254,0,3841965,3787620,240894,4082859,4028514,86.7050251788791,85.550935705462,501
-7.6926,53.28823,2022/04/22 23:00:00+00,Sat 23 Apr 2022,324,1010,0,3842289,3788630,240894,4083183,4029524,86.7119057564739,85.5723844195691,502
-7.6926,53.28823,2022/04/23 23:00:00+00,Sun 24 Apr 2022,181,253,0,3842470,3788883,240894,4083364,4029777,86.7157495359326,85.5777572162712,503
-7.6926,53.28823,2022/04/24 23:00:00+00,Mon 25 Apr 2022,42,58,1,3842512,3788941,240895,4083407,4029836,86.7166626990085,85.5790101609567,504
-7.6926,53.28823,2022/04/25 23:00:00+00,Tue 26 Apr 2022,145,238,0,3842657,3789179,240895,4083552,4030074,86.7197419698457,85.5840644123997,505
-7.6926,53.28823,2022/04/26 23:00:00+00,Wed 27 Apr 2022,122,208,0,3842779,3789387,240895,4083674,4030282,86.722332804619,85.5884815733248,506
-7.6926,53.28823,2022/04/27 23:00:00+00,Thu 28 Apr 2022,103,130,0,3842882,3789517,240895,4083777,4030412,86.7245201487309,85.5912422989029,507
-7.6926,53.28823,2022/04/28 23:00:00+00,Fri 29 Apr 2022,171,222,0,3843053,3789739,240895,4083948,4030634,86.7281515646837,85.5959567687364,508
-7.6926,53.28823,2022/04/29 23:00:00+00,Sat 30 Apr 2022,281,723,0,3843334,3790462,240895,4084229,4031357,86.7341189792026,85.611310650221,509
-7.6926,53.28823,2022/04/30 23:00:00+00,Sun 01 May 2022,187,746,0,3843521,3791208,240895,4084416,4032103,86.738090176765,85.6271529677694,510
-7.6926,53.28823,2022/05/01 23:00:00+00,Mon 02 May 2022,13,26,0,3843534,3791234,240895,4084429,4032129,86.7383662493228,85.627705112885,511
-7.6926,53.28823,2022/05/02 23:00:00+00,Tue 03 May 2022,101,117,0,3843635,3791351,240895,4084530,4032246,86.7405111207335,85.6301897659053,512
-7.6926,53.28823,2022/05/03 23:00:00+00,Wed 04 May 2022,116,128,0,3843751,3791479,240895,4084646,4032374,86.7429745374033,85.6329080187823,513
-7.6926,53.28823,2022/05/04 23:00:00+00,Thu 05 May 2022,117,164,0,3843868,3791643,240895,4084763,4032538,86.7454591904236,85.6363907802809,514
-7.6926,53.28823,2022/05/05 23:00:00+00,Fri 06 May 2022,140,257,0,3844008,3791900,240895,4084903,4032795,86.7484322795078,85.6418485223853,515
-7.6926,53.28823,2022/05/06 23:00:00+00,Sat 07 May 2022,441,1087,0,3844449,3792987,240895,4085344,4033882,86.7577975101228,85.6649324354888,516
-7.6926,53.28823,2022/05/07 23:00:00+00,Sun 08 May 2022,275,437,0,3844724,3793424,240895,4085619,4034319,86.7636375065381,85.6742127207014,517
-7.6926,53.28823,2022/05/08 23:00:00+00,Mon 09 May 2022,27,32,0,3844751,3793456,240895,4085646,4034351,86.7642108880044,85.6748922839207,518
-7.6926,53.28823,2022/05/09 23:00:00+00,Tue 10 May 2022,84,98,1,3844835,3793554,240896,4085731,4034450,86.7660159778055,85.6769946826302,519
-7.6926,53.28823,2022/05/10 23:00:00+00,Wed 11 May 2022,123,132,0,3844958,3793686,240896,4085854,4034582,86.7686280489294,85.6797978809095,520
-7.6926,53.28823,2022/05/11 23:00:00+00,Thu 12 May 2022,247,397,0,3845205,3794083,240896,4086101,4034979,86.7738734275279,85.6882287120982,521
-7.6926,53.28823,2022/05/12 23:00:00+00,Fri 13 May 2022,182,326,0,3845387,3794409,240896,4086283,4035305,86.7777384433373,85.6951517623941,522
-7.6926,53.28823,2022/05/13 23:00:00+00,Sat 14 May 2022,333,632,0,3845720,3795041,240896,4086616,4035937,86.7848101480874,85.708573135974,523
-7.6926,53.28823,2022/05/14 23:00:00+00,Sun 15 May 2022,169,254,0,3845889,3795295,240896,4086785,4036191,86.788399091339,85.7139671690267,524
-7.6926,53.28823,2022/05/15 23:00:00+00,Mon 16 May 2022,32,40,0,3845921,3795335,240896,4086817,4036231,86.7890786545583,85.7148166230507,525
-7.6926,53.28823,2022/05/16 23:00:00+00,Tue 17 May 2022,97,97,0,3846018,3795432,240896,4086914,4036328,86.7911385805666,85.7168765490591,526
-7.6926,53.28823,2021/01/23 00:00:00+00,Sat 23 Jan 2021,4188,460,0,147772,3484,4,147776,3488,3.13822294642897,0.0740723908966561,527
-7.6926,53.28823,2021/01/24 00:00:00+00,Sun 24 Jan 2021,1182,398,0,148954,3882,4,148958,3886,3.16332431283948,0.0825244584358961,528
-7.6926,53.28823,2021/01/25 00:00:00+00,Mon 25 Jan 2021,1362,1289,0,150316,5171,4,150320,5175,3.19224822235818,0.109898114360721,529
-7.6926,53.28823,2021/01/26 00:00:00+00,Tue 26 Jan 2021,1002,3502,0,151318,8673,4,151322,8677,3.21352704566049,0.184267814165793,530
-7.6926,53.28823,2021/01/27 00:00:00+00,Wed 27 Jan 2021,2179,6700,0,153497,15373,4,153501,15377,3.2598010536203,0.3265513631932,531
-7.6926,53.28823,2021/01/28 00:00:00+00,Thu 28 Jan 2021,1012,11541,0,154509,26914,4,154513,26918,3.28129224042862,0.571640085480558,532
-7.6926,53.28823,2021/01/29 00:00:00+00,Fri 29 Jan 2021,1578,11526,0,156087,38440,4,156091,38444,3.31480320167716,0.816410262508901,533
-7.6926,53.28823,2021/01/30 00:00:00+00,Sat 30 Jan 2021,645,7792,0,156732,46232,4,156736,46236,3.32850064781487,0.981883906392715,534
-7.6926,53.28823,2021/01/31 00:00:00+00,Sun 31 Jan 2021,231,4086,0,156963,50318,4,156967,50322,3.33340624480373,1.06865563494883,535
-7.6926,53.28823,2021/02/01 00:00:00+00,Mon 01 Feb 2021,1028,8332,1,157991,58650,5,157996,58655,3.35525844957227,1.24561814450784,536
-7.6926,53.28823,2021/02/02 00:00:00+00,Tue 02 Feb 2021,833,5108,0,158824,63758,5,158829,63763,3.37294832962299,1.35409342337829,537
-7.6926,53.28823,2021/02/03 00:00:00+00,Wed 03 Feb 2021,1405,6867,0,160229,70625,5,160234,70630,3.40278540221754,1.49992344295608,538
-7.6926,53.28823,2021/02/04 00:00:00+00,Thu 04 Feb 2021,1436,10541,1,161665,81166,6,161671,81172,3.43330203803133,1.72379705099294,539
-7.6926,53.28823,2021/02/05 00:00:00+00,Fri 05 Feb 2021,3395,8614,0,165060,89780,6,165066,89786,3.50539944832208,1.90672697507086,540
-7.6926,53.28823,2021/02/06 00:00:00+00,Sat 06 Feb 2021,902,3870,0,165962,93650,6,165968,93656,3.52455463656428,1.98891165189714,541
-7.6926,53.28823,2021/02/07 00:00:00+00,Sun 07 Feb 2021,332,1300,2,166294,94950,8,166302,94958,3.53164757766505,2.01656138037978,542
-7.6926,53.28823,2021/02/08 00:00:00+00,Mon 08 Feb 2021,1185,879,0,167479,95829,8,167487,95837,3.55681265312736,2.03522813255815,543
-7.6926,53.28823,2021/02/09 00:00:00+00,Tue 09 Feb 2021,4263,544,3,171742,96373,11,171753,96384,3.64740692479168,2.04684441633695,544
-7.6926,53.28823,2021/02/10 00:00:00+00,Wed 10 Feb 2021,8827,579,0,180569,96952,11,180580,96963,3.83486019154764,2.05914026333499,545
-7.6926,53.28823,2021/02/11 00:00:00+00,Thu 11 Feb 2021,6187,446,0,186756,97398,11,186767,97409,3.96624949271668,2.06861167570309,546
-7.6926,53.28823,2021/02/12 00:00:00+00,Fri 12 Feb 2021,4397,524,0,191153,97922,11,191164,97933,4.05962572630974,2.07973952341807,547
-7.6926,53.28823,2021/02/13 00:00:00+00,Sat 13 Feb 2021,1211,1915,0,192364,99837,11,192375,99848,4.08534294688767,2.12040713481918,548
-7.6926,53.28823,2021/02/14 00:00:00+00,Sun 14 Feb 2021,2701,27,0,195065,99864,11,195076,99875,4.14270232986126,2.12098051628541,549
-7.6926,53.28823,2021/02/15 00:00:00+00,Mon 15 Feb 2021,1964,7890,0,197029,107754,11,197040,107765,4.18441052244183,2.28853532252814,550
-7.6926,53.28823,2021/02/16 00:00:00+00,Tue 16 Feb 2021,5652,8163,0,202681,115917,11,202692,115928,4.30443837603928,2.46188765248496,551
-7.6926,53.28823,2021/02/17 00:00:00+00,Wed 17 Feb 2021,9746,8465,0,212427,124382,11,212438,124393,4.51140784899765,2.64165336032332,552
-7.6926,53.28823,2021/02/18 00:00:00+00,Thu 18 Feb 2021,8466,8355,1,220893,132737,12,220905,132749,4.69121602953722,2.81910430594616,553
-7.6926,53.28823,2021/02/19 00:00:00+00,Fri 19 Feb 2021,9390,6582,0,230283,139319,12,230295,139331,4.8906253616816,2.95888196560263,554
-7.6926,53.28823,2021/02/20 00:00:00+00,Sat 20 Feb 2021,5890,3571,2,236173,142890,14,236187,142904,5.01574993942331,3.03475944630038,555
-7.6926,53.28823,2021/02/21 00:00:00+00,Sun 21 Feb 2021,1112,1024,6,237285,143914,20,237305,143934,5.03949217939535,3.05663288741952,556
-7.6926,53.28823,2021/02/22 00:00:00+00,Mon 22 Feb 2021,3947,1122,1,241232,145036,21,241253,145057,5.12333329156851,3.08048130914456,557
-7.6926,53.28823,2021/02/23 00:00:00+00,Tue 23 Feb 2021,13363,1067,1,254595,146103,22,254617,146125,5.40713588100168,3.10316173158654,558
-7.6926,53.28823,2021/02/24 00:00:00+00,Wed 24 Feb 2021,16939,2106,3,271534,148209,25,271559,148234,5.76692213288561,3.14794919500428,559
-7.6926,53.28823,2021/02/25 00:00:00+00,Thu 25 Feb 2021,18096,1758,2,289630,149967,27,289657,149994,6.15125760606442,3.18532517206222,560
-7.6926,53.28823,2021/02/26 00:00:00+00,Fri 26 Feb 2021,16080,2769,0,305710,152736,27,305737,152763,6.4927381237302,3.24412862687668,561
-7.6926,53.28823,2021/02/27 00:00:00+00,Sat 27 Feb 2021,8995,705,1,314705,153441,28,314733,153469,6.68378033373774,3.25912149040106,562
-7.6926,53.28823,2021/02/28 00:00:00+00,Sun 28 Feb 2021,2445,57,2,317150,153498,30,317180,153528,6.73574568365865,3.26037443508653,563
-7.6926,53.28823,2021/03/01 00:00:00+00,Mon 01 Mar 2021,5602,796,0,322752,154294,30,322782,154324,6.85471171972604,3.27727857016501,564
-7.6926,53.28823,2021/03/02 00:00:00+00,Tue 02 Mar 2021,12180,1611,0,334932,155905,30,334962,155935,7.11337047004751,3.31149033098339,565
-7.6926,53.28823,2021/03/03 00:00:00+00,Wed 03 Mar 2021,12912,1504,1,347844,157409,31,347875,157440,7.38759546535958,3.34345103863805,566
-7.6926,53.28823,2021/03/04 00:00:00+00,Thu 04 Mar 2021,18739,1691,5,366583,159100,36,366619,159136,7.7856496210267,3.37946788925753,567
-7.6926,53.28823,2021/03/05 00:00:00+00,Fri 05 Mar 2021,18448,2400,6,385031,161500,42,385073,161542,8.17754523501951,3.43056254880379,568
-7.6926,53.28823,2021/03/06 00:00:00+00,Sat 06 Mar 2021,10403,141,4,395434,161641,46,395480,161687,8.39855193572521,3.43364181964095,569
-7.6926,53.28823,2021/03/07 00:00:00+00,Sun 07 Mar 2021,1523,12,3,396957,161653,49,397006,161702,8.4309586067425,3.43396036489996,570
-7.6926,53.28823,2021/03/08 00:00:00+00,Mon 08 Mar 2021,6669,1498,5,403626,163151,54,403680,163205,8.57269001065428,3.46587859985343,571
-7.6926,53.28823,2021/03/09 00:00:00+00,Tue 09 Mar 2021,13829,3106,6,417455,166257,60,417515,166317,8.86649492122057,3.53196612292407,572
-7.6926,53.28823,2021/03/10 00:00:00+00,Wed 10 Mar 2021,13739,3990,3,431194,170247,63,431257,170310,9.15832485118096,3.61676287087428,573
-7.6926,53.28823,2021/03/11 00:00:00+00,Thu 11 Mar 2021,18486,2102,3,449680,172349,66,449746,172415,9.5509637374448,3.66146538888961,574
-7.6926,53.28823,2021/03/12 00:00:00+00,Fri 12 Mar 2021,17333,1339,4,467013,173688,70,467083,173758,9.91913834781617,3.68998580774689,575
-7.6926,53.28823,2021/03/13 00:00:00+00,Sat 13 Mar 2021,8310,175,0,475323,173863,70,475393,173933,10.0956124213114,3.69370216910209,576
-7.6926,53.28823,2021/03/14 00:00:00+00,Sun 14 Mar 2021,383,20,2,475706,173883,72,475778,173955,10.1037884162928,3.69416936881531,577
-7.6926,53.28823,2021/03/15 00:00:00+00,Mon 15 Mar 2021,2657,992,0,478363,174875,72,478435,174947,10.1602133998399,3.71523582861161,578
-7.6926,53.28823,2021/03/16 00:00:00+00,Tue 16 Mar 2021,8947,3823,2,487310,178698,74,487384,178772,10.3502575013692,3.79646486966084,579
-7.6926,53.28823,2021/03/17 00:00:00+00,Wed 17 Mar 2021,4898,2415,6,492208,181113,80,492288,181193,10.454400564717,3.84787807446611,580
-7.6926,53.28823,2021/03/18 00:00:00+00,Thu 18 Mar 2021,11731,4682,5,503939,185795,85,504024,185880,10.7036303753716,3.94741284973349,581
-7.6926,53.28823,2021/03/19 00:00:00+00,Fri 19 Mar 2021,10372,6133,2,514311,191928,87,514398,192015,10.9239362765075,4.07769786067128,582
-7.6926,53.28823,2021/03/20 00:00:00+00,Sat 20 Mar 2021,5244,3118,4,519555,195046,91,519646,195137,11.0353846444621,4.14399774724793,583
-7.6926,53.28823,2021/03/21 00:00:00+00,Sun 21 Mar 2021,3639,54,3,523194,195100,94,523288,195194,11.1127274333513,4.14520821923219,584
-7.6926,53.28823,2021/03/22 00:00:00+00,Mon 22 Mar 2021,7414,2407,1,530608,197507,95,530703,197602,11.2701949730585,4.19634535147965,585
-7.6926,53.28823,2021/03/23 00:00:00+00,Tue 23 Mar 2021,12566,7392,4,543174,204899,99,543273,204998,11.5371359001144,4.35340940052543,586
-7.6926,53.28823,2021/03/24 00:00:00+00,Wed 24 Mar 2021,13629,9780,2,556803,214679,101,556904,214780,11.8266085951581,4.56114338210544,587
-7.6926,53.28823,2021/03/25 00:00:00+00,Thu 25 Mar 2021,20875,10225,3,577678,224904,104,577782,225008,12.269981123008,4.77834877605355,588
-7.6926,53.28823,2021/03/26 00:00:00+00,Fri 26 Mar 2021,19700,9497,1,597378,234401,105,597483,234506,12.6883584662003,4.98005163406285,589
-7.6926,53.28823,2021/03/27 00:00:00+00,Sat 27 Mar 2021,11759,5355,3,609137,239756,108,609245,239864,12.9381404219705,5.09383600058358,590
-7.6926,53.28823,2021/03/28 00:00:00+00,Sun 28 Mar 2021,2492,483,0,611629,240239,108,611737,240347,12.9910614076685,5.10409315792391,591
-7.6926,53.28823,2021/03/28 23:00:00+00,Mon 29 Mar 2021,9277,3122,3,620906,243361,111,621017,243472,13.1881347412467,5.17045675355236,592
-7.6926,53.28823,2021/03/29 23:00:00+00,Tue 30 Mar 2021,13331,8668,4,634237,252029,115,634352,252144,13.4713214765125,5.35461838596515,593
-7.6926,53.28823,2021/03/30 23:00:00+00,Wed 31 Mar 2021,15839,10516,4,650076,262545,119,650195,262664,13.8077689790858,5.57802479428878,594
-7.6926,53.28823,2021/03/31 23:00:00+00,Thu 01 Apr 2021,19705,11583,8,669781,274128,127,669908,274255,14.2264011584854,5.82417533410619,595
-7.6926,53.28823,2021/04/01 23:00:00+00,Fri 02 Apr 2021,20142,13722,9,689923,287850,136,690059,287986,14.6543348594483,6.11577166420997,596
-7.6926,53.28823,2021/04/02 23:00:00+00,Sat 03 Apr 2021,7547,4635,6,697470,292485,142,697612,292627,14.8147330155384,6.21432956734971,597
-7.6926,53.28823,2021/04/03 23:00:00+00,Sun 04 Apr 2021,3039,170,3,700509,292655,145,700654,292800,14.879333994067,6.2180034560037,598
-7.6926,53.28823,2021/04/04 23:00:00+00,Mon 05 Apr 2021,3435,608,4,703944,293263,149,704093,293412,14.9523658037842,6.23100010257157,599
-7.6926,53.28823,2021/04/05 23:00:00+00,Tue 06 Apr 2021,11996,8150,11,715940,301413,160,716100,301573,15.2073506654517,6.4043099598272,600
-7.6926,53.28823,2021/04/06 23:00:00+00,Wed 07 Apr 2021,18369,10472,11,734309,311885,171,734480,312056,15.5976747895,6.62693062317859,601
