X,Y,VaccinationDate,VaccineText,Dose1,Dose2,SingleDose,Dose1Cum,Dose2Cum,SingleDoseCum,PartiallyVacc,FullyVacc,PartialPercent,FullyPercent,ObjectId
-7.6926,53.28823,2021/11/20 00:00:00+00,Sat 20 Nov 2021,1543,2929,12,3645482,3579797,240623,3886105,3820420,82.5266882527092,81.1317785634755,1
-7.6926,53.28823,2021/04/15 23:00:00+00,Fri 16 Apr 2021,27973,9832,1,883542,374681,234,883776,374915,18.7681769888426,7.96182638561348,2
-7.6926,53.28823,2021/11/21 00:00:00+00,Sun 21 Nov 2021,1786,2760,0,3647268,3582557,240623,3887891,3823180,82.5646163748827,81.1903908911346,3
-7.6926,53.28823,2021/11/22 00:00:00+00,Mon 22 Nov 2021,715,501,2,3647983,3583058,240625,3888608,3823683,82.5798428382637,81.201072775487,4
-7.6926,53.28823,2021/04/16 23:00:00+00,Sat 17 Apr 2021,15846,4551,3,899388,379232,237,899625,379469,19.1047519095196,8.05853672625091,5
-7.6926,53.28823,2021/04/17 23:00:00+00,Sun 18 Apr 2021,1072,485,0,900460,379717,237,900697,379954,19.1275172773639,8.06883635629245,6
-7.6926,53.28823,2021/11/23 00:00:00+00,Tue 23 Nov 2021,2156,1577,7,3650139,3584635,240632,3890771,3825267,82.6257770646139,81.2347111548391,7
-7.6926,53.28823,2021/04/18 23:00:00+00,Mon 19 Apr 2021,6740,2257,0,907200,381974,237,907437,382211,19.2706502804154,8.11676679959914,8
-7.6926,53.28823,2021/11/24 00:00:00+00,Wed 24 Nov 2021,1624,3130,2,3651763,3587765,240634,3892397,3828399,82.6603073706913,81.3012234049218,9
-7.6926,53.28823,2021/04/19 23:00:00+00,Tue 20 Apr 2021,15088,7314,1,922288,389288,238,922526,389526,19.5910855746355,8.27211070424623,10
-7.6926,53.28823,2021/11/25 00:00:00+00,Thu 25 Nov 2021,984,1167,1,3652747,3588932,240635,3893382,3829567,82.6812251760334,81.3260274624239,11
-7.6926,53.28823,2021/04/20 23:00:00+00,Wed 21 Apr 2021,26718,9876,4,949006,399164,242,949248,399406,20.1585633353982,8.48192584818515,12
-7.6926,53.28823,2021/11/26 00:00:00+00,Fri 26 Nov 2021,1288,1095,12,3654035,3590027,240647,3894682,3830674,82.7088324318149,81.3495361025393,13
-7.6926,53.28823,2021/04/21 23:00:00+00,Thu 22 Apr 2021,31621,12180,1,980627,411344,243,980870,411587,20.8300992141064,8.74060583485722,14
-7.6926,53.28823,2021/11/27 00:00:00+00,Sat 27 Nov 2021,1201,1558,6,3655236,3591585,240653,3895889,3832238,82.7344647069904,81.3827497548794,15
-7.6926,53.28823,2021/04/22 23:00:00+00,Fri 23 Apr 2021,33614,12351,3,1014241,423695,246,1014487,423941,21.5440016122637,9.00295971018328,16
-7.6926,53.28823,2021/04/23 23:00:00+00,Sat 24 Apr 2021,23699,6988,2,1037940,430683,248,1038188,430931,22.0473243578605,9.151401800885,17
-7.6926,53.28823,2021/11/28 00:00:00+00,Sun 28 Nov 2021,1960,2255,0,3657196,3593840,240653,3897849,3834493,82.7760879541686,81.4306377254849,18
-7.6926,53.28823,2021/04/24 23:00:00+00,Sun 25 Apr 2021,9748,299,2,1047688,430982,250,1047938,431232,22.2543787762213,9.15779394241594,19
-7.6926,53.28823,2021/04/25 23:00:00+00,Mon 26 Apr 2021,15589,3053,3,1063277,434035,253,1063530,434288,22.5854959547938,9.22269222985292,20
-7.6926,53.28823,2021/11/29 00:00:00+00,Mon 29 Nov 2021,540,983,1,3657736,3594823,240654,3898390,3835477,82.7875768198437,81.4515342944764,21
-7.6926,53.28823,2021/04/26 23:00:00+00,Tue 27 Apr 2021,25916,7807,9,1089193,441842,262,1089455,442104,23.1360483441274,9.38867554615116,22
-7.6926,53.28823,2021/11/30 00:00:00+00,Tue 30 Nov 2021,1918,1632,6,3659654,3596455,240660,3900314,3837115,82.8284355584003,81.486319436761,23
-7.6926,53.28823,2021/04/27 23:00:00+00,Wed 28 Apr 2021,26030,8600,5,1115223,450442,267,1115490,450709,23.6889367320272,9.57141434307367,24
-7.6926,53.28823,2021/12/01 00:00:00+00,Wed 01 Dec 2021,1075,1362,2,3660729,3597817,240662,3901391,3838479,82.8513071079977,81.5152858189809,25
-7.6926,53.28823,2021/04/28 23:00:00+00,Thu 29 Apr 2021,31692,11329,6,1146915,461771,273,1147188,462044,24.362086573381,9.8121283771372,26
-7.6926,53.28823,2021/12/02 00:00:00+00,Thu 02 Dec 2021,1768,1398,0,3662497,3599215,240662,3903159,3839877,82.8888529758604,81.5449742371213,27
-7.6926,53.28823,2021/12/03 00:00:00+00,Fri 03 Dec 2021,1044,1167,2,3663541,3600382,240664,3904205,3841046,82.9110661985892,81.569799530974,28
-7.6926,53.28823,2021/04/29 23:00:00+00,Fri 30 Apr 2021,36111,13525,8,1183026,475296,281,1183307,475577,25.1291223207424,10.099519909822,29
-7.6926,53.28823,2021/04/30 23:00:00+00,Sat 01 May 2021,16576,6688,18,1199602,481984,299,1199901,482283,25.4815183226171,10.241930876953,30
-7.6926,53.28823,2021/12/04 00:00:00+00,Sat 04 Dec 2021,1204,1696,1,3664745,3602078,240665,3905410,3842743,82.9366560010635,81.605837617944,31
-7.6926,53.28823,2021/05/01 23:00:00+00,Sun 02 May 2021,12462,908,15,1212064,482892,314,1212378,483206,25.7464842690671,10.2615320285578,32
-7.6926,53.28823,2021/12/05 00:00:00+00,Sun 05 Dec 2021,1347,1772,2,3666092,3603850,240667,3906759,3844517,82.9653038380244,81.6435109039104,33
-7.6926,53.28823,2021/05/02 23:00:00+00,Mon 03 May 2021,14259,922,21,1226323,483814,335,1226658,484149,26.0497393556509,10.2815579071746,34
-7.6926,53.28823,2021/12/06 00:00:00+00,Mon 06 Dec 2021,935,1283,0,3667027,3605133,240667,3907694,3845800,82.9851598258364,81.6707571417316,35
-7.6926,53.28823,2021/12/07 00:00:00+00,Tue 07 Dec 2021,485,736,2,3667512,3605869,240669,3908181,3846538,82.9955019285792,81.6864295684752,36
-7.6926,53.28823,2021/05/03 23:00:00+00,Tue 04 May 2021,26660,6786,10,1252983,490600,345,1253328,490945,26.6161128261824,10.4258801458598,37
-7.6926,53.28823,2021/05/04 23:00:00+00,Wed 05 May 2021,32106,13457,69,1285089,504057,414,1285503,504471,27.299392406773,10.7131230240903,38
-7.6926,53.28823,2021/12/08 00:00:00+00,Wed 08 Dec 2021,801,1502,1,3668313,3607371,240670,3908983,3848041,83.0125334817613,81.7183478034287,39
-7.6926,53.28823,2021/05/05 23:00:00+00,Thu 06 May 2021,37283,14377,132,1322372,518434,546,1322918,518980,28.0939504645133,11.0212412349617,40
-7.6926,53.28823,2021/12/09 00:00:00+00,Thu 09 Dec 2021,798,1198,0,3669111,3608569,240670,3909781,3849239,83.029480089541,81.7437889514488,41
-7.6926,53.28823,2021/05/06 23:00:00+00,Fri 07 May 2021,40596,15069,97,1362968,533503,643,1363611,534146,28.9581212795241,11.3433117281781,42
-7.6926,53.28823,2021/12/10 00:00:00+00,Fri 10 Dec 2021,891,1603,1,3670002,3610172,240671,3910673,3850843,83.0484229142771,81.777852057813,43
-7.6926,53.28823,2021/05/07 23:00:00+00,Sat 08 May 2021,25617,7040,10,1388585,540543,653,1389238,541196,29.5023452363786,11.4930279999159,44
-7.6926,53.28823,2021/05/08 23:00:00+00,Sun 09 May 2021,19672,922,5,1408257,541465,658,1408915,542123,29.9202129071566,11.5127140969231,45
-7.6926,53.28823,2021/12/11 00:00:00+00,Sat 11 Dec 2021,639,836,1,3670641,3611008,240672,3911313,3851680,83.0620141786618,81.7956268832661,46
-7.6926,53.28823,2021/05/09 23:00:00+00,Mon 10 May 2021,28841,4641,171,1437098,546106,829,1437927,546935,30.5363219107959,11.6149034160156,47
-7.6926,53.28823,2021/12/12 00:00:00+00,Sun 12 Dec 2021,689,1190,0,3671330,3612198,240672,3912002,3852870,83.076646024226,81.8208981404814,48
-7.6926,53.28823,2021/12/13 00:00:00+00,Mon 13 Dec 2021,726,1055,1,3672056,3613253,240673,3912729,3853926,83.092084851113,81.8433237267162,49
-7.6926,53.28823,2021/05/10 23:00:00+00,Tue 11 May 2021,33922,14821,153,1471020,560927,982,1472002,561909,31.2599505575285,11.9328965299166,50
-7.6926,53.28823,2021/12/14 00:00:00+00,Tue 14 Dec 2021,627,1189,1,3672683,3614442,240674,3913357,3855116,83.1054212792905,81.8685949839315,51
-7.6926,53.28823,2021/05/11 23:00:00+00,Wed 12 May 2021,31290,20933,171,1502310,581860,1153,1503463,583013,31.9280673837899,12.3810684730023,52
-7.6926,53.28823,2021/12/15 00:00:00+00,Wed 15 Dec 2021,795,1236,1,3673478,3615678,240675,3914153,3856353,83.122325414369,81.8948643496251,53
-7.6926,53.28823,2021/05/12 23:00:00+00,Thu 13 May 2021,35999,25476,152,1538309,607336,1305,1539614,608641,32.6957826943705,12.9253136662075,54
-7.6926,53.28823,2021/12/16 00:00:00+00,Thu 16 Dec 2021,1057,1526,7,3674535,3617204,240682,3915217,3857886,83.1449208914086,81.9274196750966,55
-7.6926,53.28823,2021/05/13 23:00:00+00,Fri 14 May 2021,38216,27944,236,1576525,635280,1541,1578066,636821,33.5123628476842,13.5237540261466,56
-7.6926,53.28823,2021/12/17 00:00:00+00,Fri 17 Dec 2021,1212,2441,1,3675747,3619645,240683,3916430,3860328,83.1706805846877,81.9792788432645,57
-7.6926,53.28823,2021/05/14 23:00:00+00,Sat 15 May 2021,28856,12443,22,1605381,647723,1563,1606944,649286,34.1256261803429,13.7884651363894,58
-7.6926,53.28823,2021/12/18 00:00:00+00,Sat 18 Dec 2021,1258,1180,0,3677005,3620825,240683,3917688,3861508,83.1973959137439,82.0043377369738,59
-7.6926,53.28823,2021/05/15 23:00:00+00,Sun 16 May 2021,23171,1172,9,1628552,648895,1572,1630124,650467,34.6178847872765,13.8135452664493,60
-7.6926,53.28823,2021/12/19 00:00:00+00,Sun 19 Dec 2021,552,882,1,3677557,3621707,240684,3918241,3862391,83.2091396156263,82.0230894345545,61
-7.6926,53.28823,2021/05/16 23:00:00+00,Mon 17 May 2021,35393,3947,117,1663945,652842,1689,1665634,654531,35.3719875971218,13.8998497952922,62
-7.6926,53.28823,2021/12/20 00:00:00+00,Mon 20 Dec 2021,527,601,0,3678084,3622308,240684,3918768,3862992,83.2203311723931,82.0358524812658,63
-7.6926,53.28823,2021/05/17 23:00:00+00,Tue 18 May 2021,39007,12493,127,1702952,665335,1816,1704768,667151,36.2030509415455,14.1678525398782,64
-7.6926,53.28823,2021/12/21 00:00:00+00,Tue 21 Dec 2021,1441,1798,3,3679525,3624106,240687,3920212,3864793,83.2509964626611,82.0740991486984,65
-7.6926,53.28823,2021/05/18 23:00:00+00,Wed 19 May 2021,37026,17585,209,1739978,682920,2025,1742003,684945,36.9937864561776,14.5457321624742,66
-7.6926,53.28823,2021/12/22 00:00:00+00,Wed 22 Dec 2021,1204,1576,2,3680729,3625682,240689,3921418,3866371,83.276607501486,82.107610109947,67
-7.6926,53.28823,2021/05/19 23:00:00+00,Thu 20 May 2021,39081,19639,136,1779059,702559,2161,1781220,704720,37.8266124177012,14.9656809956111,68
-7.6926,53.28823,2021/12/23 00:00:00+00,Thu 23 Dec 2021,951,1361,0,3681680,3627043,240689,3922369,3867732,83.2968032709077,82.1365127831151,69
-7.6926,53.28823,2021/05/20 23:00:00+00,Fri 21 May 2021,25843,23244,14934,1804902,725803,17095,1821997,742898,38.6925670861625,15.7764423888601,70
-7.6926,53.28823,2021/12/24 00:00:00+00,Fri 24 Dec 2021,103,149,0,3681783,3627192,240689,3922472,3867881,83.2989906150196,82.1396769993546,71
-7.6926,53.28823,2021/05/21 23:00:00+00,Sat 22 May 2021,16588,10244,13523,1821490,736047,30618,1852108,766665,39.3320148391123,16.2811667335966,72
-7.6926,53.28823,2021/12/25 00:00:00+00,Sat 25 Dec 2021,1,2,0,3681784,3627194,240689,3922473,3867883,83.2990118513702,82.1397194720558,73
-7.6926,53.28823,2021/05/22 23:00:00+00,Sun 23 May 2021,8210,5522,10204,1829700,741569,40822,1870522,782391,39.7230609990811,16.6151295831496,74
-7.6926,53.28823,2021/12/26 00:00:00+00,Sun 26 Dec 2021,11,9,0,3681795,3627203,240689,3922484,3867892,83.2992454512268,82.1399105992112,75
-7.6926,53.28823,2021/05/23 23:00:00+00,Mon 24 May 2021,22546,8213,8450,1852246,749782,49272,1901518,799054,40.381302922313,16.9689908932158,76
-7.6926,53.28823,2021/12/27 00:00:00+00,Mon 27 Dec 2021,390,586,0,3682185,3627789,240689,3922874,3868478,83.3075276279612,82.1523551006635,77
-7.6926,53.28823,2021/05/24 23:00:00+00,Tue 25 May 2021,30338,16484,3222,1882584,766266,52494,1935078,818760,41.0939948484861,17.3874744181612,78
-7.6926,53.28823,2021/12/28 00:00:00+00,Tue 28 Dec 2021,469,741,0,3682654,3628530,240689,3923343,3869219,83.3174874763931,82.1680912364589,79
-7.6926,53.28823,2021/05/25 23:00:00+00,Wed 26 May 2021,19973,25390,3052,1902557,791656,55546,1958103,847202,41.5829618210765,17.9914787019578,80
-7.6926,53.28823,2021/12/29 00:00:00+00,Wed 29 Dec 2021,1072,1296,0,3683726,3629826,240689,3924415,3870515,83.3402528442375,82.1956135468379,81
-7.6926,53.28823,2021/05/26 23:00:00+00,Thu 27 May 2021,17014,36031,550,1919571,827687,56096,1975667,883783,41.9559570830343,18.7683256432968,82
-7.6926,53.28823,2021/12/30 00:00:00+00,Thu 30 Dec 2021,1065,1185,1,3684791,3631011,240690,3925481,3871701,83.3628907939783,82.2207998586508,83
-7.6926,53.28823,2021/05/27 23:00:00+00,Fri 28 May 2021,27038,31817,1558,1946609,859504,57654,2004263,917158,42.5632317648236,19.4770888446087,84
-7.6926,53.28823,2021/12/31 00:00:00+00,Fri 31 Dec 2021,719,1675,0,3685510,3632686,240690,3926200,3873376,83.3781597300605,82.2563707459077,85
-7.6926,53.28823,2021/05/28 23:00:00+00,Sat 29 May 2021,24469,7382,534,1971078,866886,58188,2029266,925074,43.094204238903,19.6451957959671,86
-7.6926,53.28823,2022/01/01 00:00:00+00,Sat 01 Jan 2022,65,96,0,3685575,3632782,240690,3926265,3873472,83.3795400928496,82.2584094355654,87
-7.6926,53.28823,2021/05/29 23:00:00+00,Sun 30 May 2021,24242,1676,209,1995320,868562,58397,2053717,926959,43.6134542474506,19.6852263168502,88
-7.6926,53.28823,2022/01/02 00:00:00+00,Sun 02 Jan 2022,271,625,0,3685846,3633407,240690,3926536,3874097,83.3852951438625,82.2716821546911,89
-7.6926,53.28823,2021/05/30 23:00:00+00,Mon 31 May 2021,22580,7324,3443,2017900,875886,61840,2079740,937726,44.1660877991432,19.9138781037723,90
-7.6926,53.28823,2022/01/03 00:00:00+00,Mon 03 Jan 2022,3631,720,1,3689477,3634127,240691,3930168,3874818,83.4624255692457,82.2869935634745,91
-7.6926,53.28823,2021/05/31 23:00:00+00,Tue 01 Jun 2021,27550,11510,3653,2045450,887396,65493,2110943,952889,44.8287256469495,20.2358848879368,92
-7.6926,53.28823,2022/01/04 00:00:00+00,Tue 04 Jan 2022,1191,775,0,3690668,3634902,240691,3931359,3875593,83.4877180628116,82.3034517351904,93
-7.6926,53.28823,2021/06/01 23:00:00+00,Wed 02 Jun 2021,18691,20896,4007,2064141,908292,69500,2133641,977792,45.3107483328934,20.7647337269562,94
-7.6926,53.28823,2022/01/05 00:00:00+00,Wed 05 Jan 2022,2145,888,0,3692813,3635790,240691,3933504,3876481,83.533270034851,82.3223096145241,95
-7.6926,53.28823,2022/01/06 00:00:00+00,Thu 06 Jan 2022,2461,1684,1,3695274,3637474,240692,3935966,3878166,83.5855539300309,82.358092865287,96
-7.6926,53.28823,2022/01/07 00:00:00+00,Fri 07 Jan 2022,4856,772,2,3700130,3638246,240694,3940824,3878940,83.6887201212511,82.3745298006523,97
-7.6926,53.28823,2022/01/08 00:00:00+00,Sat 08 Jan 2022,9791,735,1,3709921,3638981,240695,3950616,3879676,83.8966664663371,82.3901597546947,98
-7.6926,53.28823,2022/01/09 00:00:00+00,Sun 09 Jan 2022,7115,663,0,3717036,3639644,240695,3957731,3880339,84.047763100864,82.4042394551432,99
-7.6926,53.28823,2022/01/10 00:00:00+00,Mon 10 Jan 2022,6659,499,0,3723695,3640143,240695,3964390,3880838,84.1891759595167,82.4148363940931,100
-7.6926,53.28823,2022/01/11 00:00:00+00,Tue 11 Jan 2022,4777,1353,1,3728472,3641496,240696,3969168,3882192,84.2906432426888,82.443590412807,101
-7.6926,53.28823,2022/01/12 00:00:00+00,Wed 12 Jan 2022,7564,900,1,3736036,3642396,240697,3976733,3883093,84.4512962349862,82.4627243646986,102
-7.6926,53.28823,2022/01/13 00:00:00+00,Thu 13 Jan 2022,7327,800,0,3743363,3643196,240697,3984060,3883893,84.6068949758405,82.4797134451795,103
-7.6926,53.28823,2022/01/14 00:00:00+00,Fri 14 Jan 2022,10731,827,0,3754094,3644023,240697,3994791,3884720,84.8347822541409,82.4972759071266,104
-7.6926,53.28823,2022/01/15 00:00:00+00,Sat 15 Jan 2022,8358,646,2,3762452,3644669,240699,4003151,3885368,85.0123181451662,82.5110370623162,105
-7.6926,53.28823,2022/01/16 00:00:00+00,Sun 16 Jan 2022,6966,1215,1,3769418,3645884,240700,4010118,3886584,85.1602717998041,82.5368604646471,106
-7.6926,53.28823,2022/01/17 00:00:00+00,Mon 17 Jan 2022,2567,552,0,3771985,3646436,240700,4012685,3887136,85.2147855117971,82.5485829301789,107
-7.6926,53.28823,2022/01/18 00:00:00+00,Tue 18 Jan 2022,4056,438,3,3776041,3646874,240703,4016744,3887577,85.300983858887,82.557948160794,108
-7.6926,53.28823,2022/01/19 00:00:00+00,Wed 19 Jan 2022,3490,618,0,3779531,3647492,240703,4020234,3888195,85.3750987224849,82.5710722254655,109
-7.6926,53.28823,2022/01/20 00:00:00+00,Thu 20 Jan 2022,3697,931,0,3783228,3648423,240703,4023931,3889126,85.4536095106571,82.5908432678751,110
-7.6926,53.28823,2022/01/21 00:00:00+00,Fri 21 Jan 2022,3254,970,0,3786482,3649393,240703,4027185,3890096,85.5227125955131,82.6114425279582,111
-7.6926,53.28823,2022/01/22 00:00:00+00,Sat 22 Jan 2022,4271,640,0,3790753,3650033,240703,4031456,3890736,85.6134130489305,82.6250337923429,112
-7.6926,53.28823,2022/01/23 00:00:00+00,Sun 23 Jan 2022,3092,677,0,3793845,3650710,240703,4034548,3891413,85.6790758449891,82.6394108016998,113
-7.6926,53.28823,2022/01/24 00:00:00+00,Mon 24 Jan 2022,648,458,0,3794493,3651168,240703,4035196,3891871,85.6928370001786,82.6491370502751,114
-7.6926,53.28823,2022/01/25 00:00:00+00,Tue 25 Jan 2022,697,1832,0,3795190,3653000,240703,4035893,3893703,85.7076387365476,82.6880420445764,115
-7.6926,53.28823,2022/01/26 00:00:00+00,Wed 26 Jan 2022,700,888,0,3795890,3653888,240703,4036593,3894591,85.7225041819683,82.7068999239102,116
-7.6926,53.28823,2022/01/27 00:00:00+00,Thu 27 Jan 2022,1274,1166,0,3797164,3655054,240703,4037867,3895757,85.7495592926341,82.731661508711,117
-7.6926,53.28823,2022/01/28 00:00:00+00,Fri 28 Jan 2022,1032,3090,1,3798196,3658144,240704,4038900,3898848,85.7714964428051,82.7973030684191,118
-7.6926,53.28823,2022/01/29 00:00:00+00,Sat 29 Jan 2022,2328,3442,0,3800524,3661586,240704,4041228,3902290,85.8209346670045,82.8703985871881,119
-7.6926,53.28823,2022/01/30 00:00:00+00,Sun 30 Jan 2022,1634,7537,0,3802158,3669123,240704,4042862,3909827,85.8556348638867,83.0304569616686,120
-7.6926,53.28823,2022/01/31 00:00:00+00,Mon 31 Jan 2022,482,1388,0,3802640,3670511,240704,4043344,3911215,85.8658707848764,83.0599330163029,121
-7.6926,53.28823,2022/02/01 00:00:00+00,Tue 01 Feb 2022,754,3410,1,3803394,3673921,240705,4044099,3914626,85.8819042295802,83.1323702082033,122
-7.6926,53.28823,2022/02/02 00:00:00+00,Wed 02 Feb 2022,649,2994,0,3804043,3676915,240705,4044748,3917620,85.8956866211204,83.195951841903,123
-7.6926,53.28823,2022/02/03 00:00:00+00,Thu 03 Feb 2022,908,2431,1,3804951,3679346,240706,4045657,3920052,85.9149904638168,83.2475986465649,124
-7.6926,53.28823,2022/02/04 00:00:00+00,Fri 04 Feb 2022,1173,6520,0,3806124,3685866,240706,4046830,3926572,85.9399007030719,83.3860596524841,125
-7.6926,53.28823,2022/02/05 00:00:00+00,Sat 05 Feb 2022,1777,5748,0,3807901,3691614,240706,4048607,3932320,85.97763769809,83.5081261957393,126
-7.6926,53.28823,2022/02/06 00:00:00+00,Sun 06 Feb 2022,1408,7555,0,3809309,3699169,240706,4050015,3939875,86.0075384797364,83.6685668245306,127
-7.6926,53.28823,2022/02/07 00:00:00+00,Mon 07 Feb 2022,439,1347,0,3809748,3700516,240706,4050454,3941222,86.0168612376503,83.6971721887903,128
-7.6926,53.28823,2022/02/08 00:00:00+00,Tue 08 Feb 2022,902,1234,0,3810650,3701750,240706,4051356,3942456,86.0360164258925,83.7233778454321,129
-7.6926,53.28823,2022/02/09 00:00:00+00,Wed 09 Feb 2022,1332,1781,0,3811982,3703531,240706,4052688,3944237,86.0643032448931,83.7611997858526,130
-7.6926,53.28823,2022/02/10 00:00:00+00,Thu 10 Feb 2022,685,2545,0,3812667,3706076,240706,4053373,3946782,86.0788501450549,83.8152462981325,131
-7.6926,53.28823,2022/02/11 00:00:00+00,Fri 11 Feb 2022,552,4915,0,3813219,3710991,240706,4053925,3951697,86.0905726105867,83.9196229613369,132
-7.6926,53.28823,2022/02/12 00:00:00+00,Sat 12 Feb 2022,1399,5460,0,3814618,3716451,240706,4055324,3957157,86.1202822650776,84.0355734356189,133
-7.6926,53.28823,2022/02/13 00:00:00+00,Sun 13 Feb 2022,1568,4705,0,3816186,3721156,240706,4056892,3961862,86.1535808628202,84.1354904651971,134
-7.6926,53.28823,2022/02/14 00:00:00+00,Mon 14 Feb 2022,173,952,0,3816359,3722108,240706,4057065,3962814,86.1572547514742,84.1557074709694,135
-7.6926,53.28823,2022/02/15 00:00:00+00,Tue 15 Feb 2022,649,815,1,3817008,3722923,240707,4057715,3963630,86.1710583793649,84.1730363330599,136
-7.6926,53.28823,2022/02/16 00:00:00+00,Wed 16 Feb 2022,801,1785,0,3817809,3724708,240707,4058516,3965415,86.1880686961964,84.2109432188828,137
-7.6926,53.28823,2022/02/17 00:00:00+00,Thu 17 Feb 2022,793,1188,2,3818602,3725896,240709,4059311,3966605,86.2049515949243,84.2362144760982,138
-7.6926,53.28823,2022/02/18 00:00:00+00,Fri 18 Feb 2022,794,3290,0,3819396,3729186,240709,4060105,3969895,86.2218132573015,84.3060820695758,139
-7.6926,53.28823,2022/02/19 00:00:00+00,Sat 19 Feb 2022,980,3552,0,3820376,3732738,240709,4061085,3973447,86.2426248808906,84.3815135869109,140
-7.6926,53.28823,2022/02/20 00:00:00+00,Sun 20 Feb 2022,1366,3587,0,3821742,3736325,240709,4062451,3977034,86.2716337358117,84.4576883765171,141
-7.6926,53.28823,2022/02/21 00:00:00+00,Mon 21 Feb 2022,251,992,2,3821993,3737317,240711,4062704,3978028,86.2770065325138,84.4787973090146,142
-7.6926,53.28823,2022/02/22 00:00:00+00,Tue 22 Feb 2022,476,977,0,3822469,3738294,240711,4063180,3979005,86.2871150353999,84.4995452235519,143
-7.6926,53.28823,2022/02/23 00:00:00+00,Wed 23 Feb 2022,831,1270,1,3823300,3739564,240712,4064012,3980276,86.3047836791001,84.5265366251659,144
-7.6926,53.28823,2022/02/24 00:00:00+00,Thu 24 Feb 2022,657,1233,0,3823957,3740797,240712,4064669,3981509,86.318735961445,84.552721045457,145
-7.6926,53.28823,2022/02/25 00:00:00+00,Fri 25 Feb 2022,691,1223,0,3824648,3742020,240712,4065360,3982732,86.3334102797103,84.5786931022422,146
-7.6926,53.28823,2022/02/26 00:00:00+00,Sat 26 Feb 2022,960,2090,0,3825608,3744110,240712,4066320,3984822,86.3537971762874,84.6230770749985,147
-7.6926,53.28823,2022/02/27 00:00:00+00,Sun 27 Feb 2022,671,1782,0,3826279,3745892,240712,4066991,3986604,86.3680467675407,84.6609202517697,148
-7.6926,53.28823,2022/02/28 00:00:00+00,Mon 28 Feb 2022,81,427,0,3826360,3746319,240712,4067072,3987031,86.3697669119394,84.6699881734764,149
-7.6926,53.28823,2022/03/01 00:00:00+00,Tue 01 Mar 2022,130,939,1,3826490,3747258,240713,4067203,3987971,86.3725488738682,84.6899503430414,150
-7.6926,53.28823,2022/03/02 00:00:00+00,Wed 02 Mar 2022,206,995,2,3826696,3748253,240715,4067411,3988968,86.3769660347932,84.7111229845907,151
-7.6926,53.28823,2022/03/03 00:00:00+00,Thu 03 Mar 2022,279,1272,0,3826975,3749525,240715,4067690,3990240,86.3828909766109,84.7381356225553,152
-7.6926,53.28823,2022/03/04 00:00:00+00,Fri 04 Mar 2022,734,1507,2,3827709,3751032,240717,4068426,3991749,86.3985209306533,84.7701812756124,153
-7.6926,53.28823,2022/03/05 00:00:00+00,Sat 05 Mar 2022,963,3341,0,3828672,3754373,240717,4069389,3995090,86.4189715362822,84.8411319229707,154
-7.6926,53.28823,2022/03/06 00:00:00+00,Sun 06 Mar 2022,455,1915,0,3829127,3756288,240717,4069844,3997005,86.4286340758057,84.8817995343718,155
-7.6926,53.28823,2022/03/07 00:00:00+00,Mon 07 Mar 2022,113,123,0,3829240,3756411,240717,4069957,3997128,86.4310337834236,84.8844116054957,156
-7.6926,53.28823,2022/03/08 00:00:00+00,Tue 08 Mar 2022,119,491,0,3829359,3756902,240717,4070076,3997619,86.4335609091452,84.8948386536409,157
-7.6926,53.28823,2020/12/28 00:00:00+00,Mon 28 Dec 2020,221,18,0,221,18,0,221,18,0.00469323348284432,0.000382254310819899,158
-7.6926,53.28823,2021/06/02 23:00:00+00,Thu 03 Jun 2021,16685,30705,1976,2080826,938997,71476,2152302,1010473,45.7070398714606,21.4587589009509,159
-7.6926,53.28823,2020/12/29 00:00:00+00,Tue 29 Dec 2020,76,2,0,297,20,0,297,20,0.00630719612852834,0.00042472701202211,160
-7.6926,53.28823,2021/06/03 23:00:00+00,Fri 04 Jun 2021,28997,23343,153,2109823,962340,71629,2181452,1033969,46.3260794914828,21.9577281946745,161
-7.6926,53.28823,2020/12/30 00:00:00+00,Wed 30 Dec 2020,1057,1,0,1354,21,0,1354,21,0.0287540187138969,0.000445963362623216,162
-7.6926,53.28823,2021/06/04 23:00:00+00,Sat 05 Jun 2021,20949,11490,33,2130772,973830,71662,2202434,1045492,46.7716605997952,22.202434662651,163
-7.6926,53.28823,2020/12/31 00:00:00+00,Thu 31 Dec 2020,1032,1,0,2386,22,0,2386,22,0.0506699325342378,0.000467199713224322,164
-7.6926,53.28823,2021/06/05 23:00:00+00,Sun 06 Jun 2021,19935,3904,46,2150707,977734,71708,2222415,1049442,47.1959841211559,22.2863182475254,165
-7.6926,53.28823,2021/01/01 00:00:00+00,Fri 01 Jan 2021,812,0,0,3198,22,0,3198,22,0.0679138492223355,0.000467199713224322,166
-7.6926,53.28823,2021/06/06 23:00:00+00,Mon 07 Jun 2021,19807,4584,45,2170514,982318,71753,2242267,1054071,47.6175681532891,22.3846213144579,167
-7.6926,53.28823,2021/01/02 00:00:00+00,Sat 02 Jan 2021,1016,0,0,4214,22,0,4214,22,0.0894899814330587,0.000467199713224322,168
-7.6926,53.28823,2021/06/07 23:00:00+00,Tue 08 Jun 2021,26394,18349,45,2196908,1000667,71798,2268706,1072465,48.1790360268317,22.7752427474146,169
-7.6926,53.28823,2021/01/03 00:00:00+00,Sun 03 Jan 2021,20,2,1,4234,24,1,4235,25,0.0899359447956819,0.000530908765027638,170
-7.6926,53.28823,2021/06/08 23:00:00+00,Wed 09 Jun 2021,32787,20109,173,2229695,1020776,71971,2301666,1092747,48.8789861426441,23.2059584103063,171
-7.6926,53.28823,2021/01/04 00:00:00+00,Mon 04 Jan 2021,1187,3,0,5421,27,1,5422,28,0.115143492959194,0.000594617816830955,172
-7.6926,53.28823,2021/06/09 23:00:00+00,Thu 10 Jun 2021,27683,27482,270,2257378,1048258,72241,2329619,1120499,49.4726058509968,23.7953096121881,173
-7.6926,53.28823,2021/01/05 00:00:00+00,Tue 05 Jan 2021,3528,11,0,8949,38,1,8950,39,0.190065337879894,0.000828217673443115,174
-7.6926,53.28823,2021/06/10 23:00:00+00,Fri 11 Jun 2021,26428,32893,39,2283806,1081151,72280,2356086,1153431,50.0346683423563,24.4946651101837,175
-7.6926,53.28823,2021/01/06 00:00:00+00,Wed 06 Jan 2021,6776,11,0,15725,49,1,15726,50,0.333962849552985,0.00106181753005528,176
-7.6926,53.28823,2021/06/11 23:00:00+00,Sat 12 Jun 2021,12208,19713,104,2296014,1100864,72384,2368398,1173248,50.2961302909571,24.9155058700459,177
-7.6926,53.28823,2021/01/07 00:00:00+00,Thu 07 Jan 2021,11724,8,0,27449,57,1,27450,58,0.582937824000347,0.00123170833486412,178
-7.6926,53.28823,2021/06/12 23:00:00+00,Sun 13 Jun 2021,8545,18169,832,2304559,1119033,73216,2377775,1192249,50.4952635505437,25.3190177678175,179
-7.6926,53.28823,2021/01/08 00:00:00+00,Fri 08 Jan 2021,12680,5,0,40129,62,1,40130,63,0.852214749622365,0.00133789008786965,180
-7.6926,53.28823,2021/06/13 23:00:00+00,Mon 14 Jun 2021,16015,31300,49,2320574,1150333,73265,2393839,1223598,50.8364042865998,25.9847561228115,181
-7.6926,53.28823,2021/01/09 00:00:00+00,Sat 09 Jan 2021,8075,7,0,48204,69,1,48205,70,1.02369828072629,0.00148654454207739,182
-7.6926,53.28823,2021/06/14 23:00:00+00,Tue 15 Jun 2021,14690,41580,205,2335264,1191913,73470,2408734,1265383,51.1527197288033,26.8721170326787,183
-7.6926,53.28823,2021/01/10 00:00:00+00,Sun 10 Jan 2021,4780,4,1,52984,73,2,52986,75,1.12522927295018,0.00159272629508291,184
-7.6926,53.28823,2021/06/15 23:00:00+00,Wed 16 Jun 2021,13466,48387,215,2348730,1240300,73685,2422415,1313985,51.443254241377,27.9042461445936,185
-7.6926,53.28823,2021/01/11 00:00:00+00,Mon 11 Jan 2021,8340,6,0,61324,79,2,61326,81,1.3023404369634,0.00172014439868955,186
-7.6926,53.28823,2021/06/16 23:00:00+00,Thu 17 Jun 2021,21569,42675,535,2370299,1282975,74220,2444519,1357195,51.9126625350639,28.8218688540674,187
-7.6926,53.28823,2021/01/12 00:00:00+00,Tue 12 Jan 2021,8880,10,0,70204,89,2,70206,91,1.49091923030121,0.0019325079047006,188
-7.6926,53.28823,2021/06/17 23:00:00+00,Fri 18 Jun 2021,12012,50034,553,2382311,1333009,74773,2457084,1407782,52.1794972803668,29.8961521219255,189
-7.6926,53.28823,2021/01/13 00:00:00+00,Wed 13 Jan 2021,9878,4,0,80082,93,2,80084,95,1.70069190153893,0.00201745330710502,190
-7.6926,53.28823,2021/01/14 00:00:00+00,Thu 14 Jan 2021,8081,4,0,88163,97,2,88165,99,1.87230285074647,0.00210239870950945,191
-7.6926,53.28823,2021/01/15 00:00:00+00,Fri 15 Jan 2021,7691,2,0,95854,99,2,95856,101,2.03563162321957,0.00214487141071166,192
-7.6926,53.28823,2021/01/16 00:00:00+00,Sat 16 Jan 2021,5232,3,0,101086,102,2,101088,104,2.14674020956455,0.00220858046251497,193
-7.6926,53.28823,2021/01/17 00:00:00+00,Sun 17 Jan 2021,1112,4,0,102198,106,2,102200,108,2.17035503143298,0.0022935258649194,194
-7.6926,53.28823,2021/01/18 00:00:00+00,Mon 18 Jan 2021,8714,8,1,110912,114,3,110915,117,2.35542982692162,0.00248465302032935,195
-7.6926,53.28823,2021/01/19 00:00:00+00,Tue 19 Jan 2021,8379,19,0,119291,133,3,119294,136,2.53336920860828,0.00288814368175035,196
-7.6926,53.28823,2021/01/20 00:00:00+00,Wed 20 Jan 2021,8446,962,0,127737,1095,3,127740,1098,2.71273142578522,0.0233175129600139,197
-7.6926,53.28823,2021/01/21 00:00:00+00,Thu 21 Jan 2021,9005,962,0,136742,2057,3,136745,2060,2.90396476294817,0.0437468822382774,198
-7.6926,53.28823,2021/01/22 00:00:00+00,Fri 22 Jan 2021,6779,967,0,143521,3024,3,143524,3027,3.04792598367307,0.0642824332695464,199
-7.6926,53.28823,2021/01/23 00:00:00+00,Sat 23 Jan 2021,4185,460,0,147706,3484,3,147709,3487,3.1368001109387,0.074051154546055,200
-7.6926,53.28823,2021/01/24 00:00:00+00,Sun 24 Jan 2021,1182,398,0,148888,3882,3,148891,3885,3.1619014773492,0.082503222085295,201
-7.6926,53.28823,2021/01/25 00:00:00+00,Mon 25 Jan 2021,1357,1287,0,150245,5169,3,150248,5172,3.1907192051149,0.109834405308918,202
-7.6926,53.28823,2021/01/26 00:00:00+00,Tue 26 Jan 2021,1001,3500,0,151246,8669,3,151249,8672,3.21197679206661,0.184161632412787,203
-7.6926,53.28823,2021/01/27 00:00:00+00,Wed 27 Jan 2021,2172,6700,0,153418,15369,3,153421,15372,3.25810214557221,0.326445181440194,204
-7.6926,53.28823,2021/01/28 00:00:00+00,Thu 28 Jan 2021,1005,11538,0,154423,26907,3,154426,26910,3.27944467792632,0.57147019467575,205
-7.6926,53.28823,2021/01/29 00:00:00+00,Fri 29 Jan 2021,1575,11526,0,155998,38433,3,156001,38436,3.31289193012306,0.816240371704092,206
-7.6926,53.28823,2021/01/30 00:00:00+00,Sat 30 Jan 2021,635,7793,0,156633,46226,3,156636,46229,3.32637701275476,0.981735251938507,207
-7.6926,53.28823,2021/01/31 00:00:00+00,Sun 31 Jan 2021,225,4086,0,156858,50312,3,156861,50315,3.33115519164001,1.06850698049462,208
-7.6926,53.28823,2021/02/01 00:00:00+00,Mon 01 Feb 2021,1024,8335,0,157882,58647,3,157885,58650,3.35290121465555,1.24551196275484,209
-7.6926,53.28823,2021/02/02 00:00:00+00,Tue 02 Feb 2021,826,5108,0,158708,63755,3,158711,63758,3.37044244025206,1.35398724162529,210
-7.6926,53.28823,2021/02/03 00:00:00+00,Wed 03 Feb 2021,1399,6865,0,160107,70620,3,160110,70623,3.40015209474301,1.49977478850188,211
-7.6926,53.28823,2021/02/04 00:00:00+00,Thu 04 Feb 2021,1428,10541,1,161535,81161,4,161539,81165,3.43049883975199,1.72364839653873,212
-7.6926,53.28823,2021/02/05 00:00:00+00,Fri 05 Feb 2021,3391,8613,0,164926,89774,4,164930,89778,3.50251130464033,1.90655708426605,213
-7.6926,53.28823,2021/02/06 00:00:00+00,Sat 06 Feb 2021,898,3867,0,165824,93641,4,165828,93645,3.52158154748013,1.98867805204053,214
-7.6926,53.28823,2021/02/07 00:00:00+00,Sun 07 Feb 2021,329,1300,2,166153,94941,6,166159,94947,3.52861077952909,2.01632778052317,215
-7.6926,53.28823,2021/02/08 00:00:00+00,Mon 08 Feb 2021,1180,879,0,167333,95820,6,167339,95826,3.5536696732384,2.03499453270154,216
-7.6926,53.28823,2021/02/09 00:00:00+00,Tue 09 Feb 2021,4261,543,2,171594,96363,8,171602,96371,3.64420023585091,2.04656834377914,217
-7.6926,53.28823,2021/02/10 00:00:00+00,Wed 10 Feb 2021,8823,580,0,180417,96943,8,180425,96951,3.83156855720446,2.05888542712778,218
-7.6926,53.28823,2021/02/11 00:00:00+00,Thu 11 Feb 2021,6179,444,0,186596,97387,8,186604,97395,3.9627879675687,2.06831436679467,219
-7.6926,53.28823,2021/02/12 00:00:00+00,Fri 12 Feb 2021,4393,524,0,190989,97911,8,190997,97919,4.05607925575935,2.07944221450965,220
-7.6926,53.28823,2021/02/13 00:00:00+00,Sat 13 Feb 2021,1208,1914,0,192197,99825,8,192205,99833,4.08173276728549,2.12008858956017,221
-7.6926,53.28823,2021/02/14 00:00:00+00,Sun 14 Feb 2021,2698,27,0,194895,99852,8,194903,99860,4.13902844120727,2.1206619710264,222
-7.6926,53.28823,2021/02/15 00:00:00+00,Mon 15 Feb 2021,1962,7890,0,196857,107742,8,196865,107750,4.18069416108664,2.28821677726912,223
-7.6926,53.28823,2021/02/16 00:00:00+00,Tue 16 Feb 2021,5649,8158,0,202506,115900,8,202514,115908,4.30065830563228,2.46146292547294,224
-7.6926,53.28823,2021/02/17 00:00:00+00,Wed 17 Feb 2021,9742,8465,0,212248,124365,8,212256,124373,4.50754283318825,2.6412286333113,225
-7.6926,53.28823,2021/02/18 00:00:00+00,Thu 18 Feb 2021,8463,8350,1,220711,132715,9,220720,132724,4.68728730467601,2.81857339718113,226
-7.6926,53.28823,2021/02/19 00:00:00+00,Fri 19 Feb 2021,9384,6582,0,230095,139297,9,230104,139306,4.88656921871678,2.95835105683761,227
-7.6926,53.28823,2021/02/20 00:00:00+00,Sat 20 Feb 2021,5885,3568,2,235980,142865,11,235991,142876,5.01158761470549,3.03416482848355,228
-7.6926,53.28823,2021/02/21 00:00:00+00,Sun 21 Feb 2021,1109,1024,5,237089,143889,16,237105,143905,5.03524490927512,3.05601703325209,229
-7.6926,53.28823,2021/02/22 00:00:00+00,Mon 22 Feb 2021,3943,1122,1,241032,145011,17,241049,145028,5.11900107604589,3.07986545497713,230
-7.6926,53.28823,2021/02/23 00:00:00+00,Tue 23 Feb 2021,13361,1064,1,254393,146075,18,254411,146093,5.40276119277786,3.10248216836731,231
-7.6926,53.28823,2021/02/24 00:00:00+00,Wed 24 Feb 2021,16936,2104,3,271329,148179,21,271350,148200,5.76248373560998,3.14722715908384,232
-7.6926,53.28823,2021/02/25 00:00:00+00,Thu 25 Feb 2021,18089,1755,2,289418,149934,23,289441,149957,6.14667055433458,3.18453942708998,233
-7.6926,53.28823,2021/02/26 00:00:00+00,Fri 26 Feb 2021,16079,2768,0,305497,152702,23,305520,152725,6.48812983564976,3.24332164555384,234
-7.6926,53.28823,2021/02/27 00:00:00+00,Sat 27 Feb 2021,8991,704,1,314488,153406,24,314512,153430,6.6790871002549,3.25829327272762,235
-7.6926,53.28823,2021/02/28 00:00:00+00,Sun 28 Feb 2021,2444,57,2,316932,153463,26,316958,153489,6.7310312138252,3.25954621741309,236
-7.6926,53.28823,2021/03/01 00:00:00+00,Mon 01 Mar 2021,5594,795,0,322526,154258,26,322552,154284,6.84982735908779,3.27642911614096,237
-7.6926,53.28823,2021/03/02 00:00:00+00,Tue 02 Mar 2021,12180,1610,0,334706,155868,26,334732,155894,7.10848610940925,3.31061964060874,238
-7.6926,53.28823,2021/03/03 00:00:00+00,Wed 03 Mar 2021,12901,1504,1,347607,157372,27,347634,157399,7.38247750486472,3.34258034826341,239
-7.6926,53.28823,2021/03/04 00:00:00+00,Thu 04 Mar 2021,18738,1688,4,366345,159060,31,366376,159091,7.78048918783064,3.37851225348048,240
-7.6926,53.28823,2021/03/05 00:00:00+00,Fri 05 Mar 2021,18445,2396,6,384790,161456,37,384827,161493,8.17232109277164,3.42952196762433,241
-7.6926,53.28823,2021/03/06 00:00:00+00,Sat 06 Mar 2021,10396,140,4,395186,161596,41,395227,161637,8.39317913902313,3.43258000211089,242
-7.6926,53.28823,2021/03/07 00:00:00+00,Sun 07 Mar 2021,1520,13,3,396706,161609,44,396750,161653,8.42552210098862,3.43291978372051,243
-7.6926,53.28823,2021/03/08 00:00:00+00,Mon 08 Mar 2021,6667,1496,5,403373,163105,49,403422,163154,8.56721103219919,3.46479554597277,244
-7.6926,53.28823,2021/03/09 00:00:00+00,Tue 09 Mar 2021,13829,3103,6,417202,166208,55,417257,166263,8.86101594276549,3.53081935999161,245
-7.6926,53.28823,2021/03/10 00:00:00+00,Wed 10 Mar 2021,13732,3988,3,430934,170196,58,430992,170254,9.15269721827167,3.61557363524062,246
-7.6926,53.28823,2021/03/11 00:00:00+00,Thu 11 Mar 2021,18482,2099,3,449416,172295,61,449477,172356,9.54525115913311,3.66021244420414,247
-7.6926,53.28823,2021/03/12 00:00:00+00,Fri 12 Mar 2021,17324,1338,4,466740,173633,65,466805,173698,9.91323464234906,3.68871162671083,248
-7.6926,53.28823,2021/03/13 00:00:00+00,Sat 13 Mar 2021,8305,174,0,475045,173807,65,475110,173872,10.0896025340912,3.69240675171542,249
-7.6926,53.28823,2021/03/14 00:00:00+00,Sun 14 Mar 2021,382,19,2,475427,173826,67,475494,173893,10.0977572927221,3.69285271507804,250
-7.6926,53.28823,2021/03/15 00:00:00+00,Mon 15 Mar 2021,2653,992,0,478080,174818,67,478147,174885,10.1540973308668,3.71391917487434,251
-7.6926,53.28823,2021/03/16 00:00:00+00,Tue 16 Mar 2021,8942,3823,2,487022,178641,69,487091,178710,10.3440352506431,3.79514821592357,252
-7.6926,53.28823,2021/03/17 00:00:00+00,Wed 17 Mar 2021,4900,2415,6,491922,181056,75,491997,181131,10.4482207866921,3.84656142072884,253
-7.6926,53.28823,2021/03/18 00:00:00+00,Thu 18 Mar 2021,11727,4681,5,503649,185737,80,503729,185817,10.6973656519443,3.94607495964563,254
-7.6926,53.28823,2021/03/19 00:00:00+00,Fri 19 Mar 2021,10368,6128,2,514017,191865,82,514099,191947,10.9175866076777,4.0762537888304,255
-7.6926,53.28823,2021/03/20 00:00:00+00,Sat 20 Mar 2021,5239,3119,4,519256,194984,86,519342,195070,11.0289287938793,4.14257491175765,256
-7.6926,53.28823,2021/03/21 00:00:00+00,Sun 21 Mar 2021,3638,55,3,522894,195039,89,522983,195128,11.106250346418,4.14380662009252,257
-7.6926,53.28823,2021/03/22 00:00:00+00,Mon 22 Mar 2021,7412,2404,1,530306,197443,90,530396,197533,11.263675413424,4.19488004328818,258
-7.6926,53.28823,2021/03/23 00:00:00+00,Tue 23 Mar 2021,12562,7391,4,542868,204834,94,542962,204928,11.5305313950775,4.35192285598335,259
-7.6926,53.28823,2021/03/24 00:00:00+00,Wed 24 Mar 2021,13623,9779,2,556491,214613,96,556587,214709,11.8198766720175,4.55963560121277,260
-7.6926,53.28823,2021/03/25 00:00:00+00,Thu 25 Mar 2021,20864,10226,3,577355,224839,99,577454,224938,12.2630156000108,4.77686223151147,261
-7.6926,53.28823,2021/03/26 00:00:00+00,Fri 26 Mar 2021,19695,9497,1,597050,234336,100,597150,234436,12.6812867614502,4.97856508952077,262
-7.6926,53.28823,2021/03/27 00:00:00+00,Sat 27 Mar 2021,11751,5350,3,608801,239686,103,608904,239789,12.9308988264156,5.09224327428849,263
-7.6926,53.28823,2021/03/28 00:00:00+00,Sun 28 Mar 2021,2491,483,0,611292,240169,103,611395,240272,12.9837985757629,5.10250043162883,264
-7.6926,53.28823,2021/03/28 23:00:00+00,Mon 29 Mar 2021,9270,3119,3,620562,243288,106,620668,243394,13.180723254887,5.16880031820548,265
-7.6926,53.28823,2021/03/29 23:00:00+00,Tue 30 Mar 2021,13324,8667,4,633886,251955,110,633996,252065,13.4637613356985,5.35294071426766,266
-7.6926,53.28823,2021/03/30 23:00:00+00,Wed 31 Mar 2021,15834,10512,4,649720,262467,114,649834,262581,13.8001026565188,5.57626217718889,267
-7.6926,53.28823,2021/03/31 23:00:00+00,Thu 01 Apr 2021,19698,11578,8,669418,274045,122,669540,274167,14.2185861814642,5.8223065352533,268
-7.6926,53.28823,2021/04/01 23:00:00+00,Fri 02 Apr 2021,20139,13721,9,689557,287766,131,689688,287897,14.6464561733753,6.11388162900648,269
-7.6926,53.28823,2021/04/02 23:00:00+00,Sat 03 Apr 2021,7547,4635,6,697104,292401,137,697241,292538,14.8068543294654,6.21243953214621,270
-7.6926,53.28823,2021/04/03 23:00:00+00,Sun 04 Apr 2021,3034,169,3,700138,292570,140,700278,292710,14.871349126241,6.2160921844496,271
-7.6926,53.28823,2021/04/04 23:00:00+00,Mon 05 Apr 2021,3430,607,4,703568,293177,144,703712,293321,14.9442747542052,6.22906759466687,272
-7.6926,53.28823,2021/04/05 23:00:00+00,Tue 06 Apr 2021,11991,8150,11,715559,301327,155,715714,301482,15.1991534341196,6.40237745192249,273
-7.6926,53.28823,2021/04/06 23:00:00+00,Wed 07 Apr 2021,18357,10468,10,733916,311795,165,734081,311960,15.5892014856101,6.62489193352088,274
-7.6926,53.28823,2021/04/07 23:00:00+00,Thu 08 Apr 2021,20183,10575,15,754099,322370,180,754279,322550,16.0181332950513,6.84978488638659,275
-7.6926,53.28823,2021/04/08 23:00:00+00,Fri 09 Apr 2021,20677,9154,16,774776,331524,196,774972,331720,16.4575770980399,7.04452222139872,276
-7.6926,53.28823,2021/04/09 23:00:00+00,Sat 10 Apr 2021,11168,4169,12,785944,335693,208,786152,335901,16.6949994977603,7.13331140326195,277
-7.6926,53.28823,2021/04/10 23:00:00+00,Sun 11 Apr 2021,2861,362,8,788805,336055,216,789021,336271,16.7559265876349,7.14116885298435,278
-7.6926,53.28823,2021/04/11 23:00:00+00,Mon 12 Apr 2021,7776,2797,13,796581,338852,229,796810,339081,16.9213365224669,7.20084299817346,279
-7.6926,53.28823,2021/04/12 23:00:00+00,Tue 13 Apr 2021,11512,8594,1,808093,347446,230,808323,347676,17.1658306269374,7.38336943158996,280
-7.6926,53.28823,2021/04/13 23:00:00+00,Wed 14 Apr 2021,20352,6596,2,828445,354042,232,828677,354274,17.5980753070723,7.52348687285606,281
-7.6926,53.28823,2021/04/14 23:00:00+00,Thu 15 Apr 2021,27124,10807,1,855569,364849,233,855802,365082,18.1741113171273,7.75300935015281,282
-7.6926,53.28823,2021/06/18 23:00:00+00,Sat 19 Jun 2021,6307,32799,433,2388618,1365808,75206,2463824,1441014,52.3226302834182,30.6018785251015,283
-7.6926,53.28823,2021/06/19 23:00:00+00,Sun 20 Jun 2021,8514,26137,177,2397132,1391945,75383,2472515,1467328,52.5071954064924,31.160691854819,284
-7.6926,53.28823,2021/06/20 23:00:00+00,Mon 21 Jun 2021,15467,32338,572,2412599,1424283,75955,2488554,1500238,52.8478052337836,31.8595801531013,285
-7.6926,53.28823,2021/06/21 23:00:00+00,Tue 22 Jun 2021,15130,43541,722,2427729,1467824,76677,2504406,1544501,53.1844438635123,32.7995647397581,286
-7.6926,53.28823,2021/06/22 23:00:00+00,Wed 23 Jun 2021,20080,39384,883,2447809,1507208,77560,2525369,1584768,53.6296214811632,33.6546888694128,287
-7.6926,53.28823,2021/06/23 23:00:00+00,Thu 24 Jun 2021,19019,44266,1031,2466828,1551474,78591,2545419,1630065,54.0554103107154,34.6166318425911,288
-7.6926,53.28823,2021/06/24 23:00:00+00,Fri 25 Jun 2021,15202,50116,843,2482030,1601590,79434,2561464,1681024,54.3961475561102,35.6988150328728,289
-7.6926,53.28823,2021/06/25 23:00:00+00,Sat 26 Jun 2021,9053,30548,510,2491083,1632138,79944,2571027,1712082,54.5992307769085,36.3583736098419,290
-7.6926,53.28823,2021/06/26 23:00:00+00,Sun 27 Jun 2021,8724,30472,58,2499807,1662610,80002,2579809,1742612,54.7857284078874,37.0067193936937,291
-7.6926,53.28823,2021/06/27 23:00:00+00,Mon 28 Jun 2021,24222,24634,522,2524029,1687244,80524,2604553,1767768,55.3112006671612,37.5409410294151,292
-7.6926,53.28823,2021/06/28 23:00:00+00,Tue 29 Jun 2021,28144,31024,809,2552173,1718268,81333,2633506,1799601,55.926056726115,38.2169577781001,293
-7.6926,53.28823,2021/06/29 23:00:00+00,Wed 30 Jun 2021,22561,36859,589,2574734,1755127,81922,2656656,1837049,56.4176782425306,39.0122166354103,294
-7.6926,53.28823,2021/06/30 23:00:00+00,Thu 01 Jul 2021,15003,48310,638,2589737,1803437,82560,2672297,1885997,56.7498360022825,40.0516935246332,295
-7.6926,53.28823,2021/07/01 23:00:00+00,Fri 02 Jul 2021,13657,47257,816,2603394,1850694,83376,2686770,1934070,57.0571897045323,41.0725886070802,296
-7.6926,53.28823,2021/07/02 23:00:00+00,Sat 03 Jul 2021,9305,30470,505,2612699,1881164,83881,2696580,1965045,57.2655183039291,41.7303845669494,297
-7.6926,53.28823,2021/07/03 23:00:00+00,Sun 04 Jul 2021,6446,27779,233,2619145,1908943,84114,2703259,1993057,57.4073558895939,42.3252572199876,298
-7.6926,53.28823,2021/07/04 23:00:00+00,Mon 05 Jul 2021,15596,33445,5342,2634741,1942388,89456,2724197,2031844,57.8520025984799,43.1489515507526,299
-7.6926,53.28823,2021/07/05 23:00:00+00,Tue 06 Jul 2021,12407,48288,5486,2647148,1990676,94942,2742090,2085618,58.2319846197854,44.2909150679765,300
-7.6926,53.28823,2021/07/06 23:00:00+00,Wed 07 Jul 2021,19700,43749,5058,2666848,2034425,100000,2766848,2134425,58.7577541879676,45.3273976317647,301
-7.6926,53.28823,2021/07/07 23:00:00+00,Thu 08 Jul 2021,17763,45580,5993,2684611,2080005,105993,2790604,2185998,59.2622449328475,46.4226199413155,302
-7.6926,53.28823,2021/07/08 23:00:00+00,Fri 09 Jul 2021,13513,45082,6528,2698124,2125087,112521,2810645,2237608,59.6878426352442,47.5186279958385,303
-7.6926,53.28823,2021/07/09 23:00:00+00,Sat 10 Jul 2021,8630,23863,4364,2706754,2148950,116885,2823639,2265835,59.963787774955,48.1180664642559,304
-7.6926,53.28823,2021/07/10 23:00:00+00,Sun 11 Jul 2021,15228,16105,2153,2721982,2165055,119038,2841020,2284093,60.3328967847528,48.5057997535309,305
-7.6926,53.28823,2021/07/11 23:00:00+00,Mon 12 Jul 2021,17102,31749,6091,2739084,2196804,125129,2864213,2321933,60.8254314642443,49.3093832602767,306
-7.6926,53.28823,2021/07/12 23:00:00+00,Tue 13 Jul 2021,20097,36558,8487,2759181,2233362,133616,2892797,2366978,61.4324513098263,50.2659746731035,307
-7.6926,53.28823,2021/07/13 23:00:00+00,Wed 14 Jul 2021,20790,35698,9332,2779971,2269060,142948,2922919,2412008,62.0721326626328,51.2222475406713,308
-7.6926,53.28823,2021/07/14 23:00:00+00,Thu 15 Jul 2021,23627,28826,9583,2803598,2297886,152531,2956129,2450417,62.7773918660955,52.0379145309092,309
-7.6926,53.28823,2021/07/15 23:00:00+00,Fri 16 Jul 2021,23523,27413,9163,2827121,2325299,161694,2988815,2486993,63.4715232218432,52.8146552904952,310
-7.6926,53.28823,2021/07/16 23:00:00+00,Sat 17 Jul 2021,11496,19420,4676,2838617,2344719,166370,3004987,2511089,63.8149574837643,53.3263663945795,311
-7.6926,53.28823,2021/07/17 23:00:00+00,Sun 18 Jul 2021,16857,15813,1930,2855474,2360532,168300,3023774,2528832,64.2139248025073,53.7031629632949,312
-7.6926,53.28823,2021/07/18 23:00:00+00,Mon 19 Jul 2021,24877,18425,6252,2880351,2378957,174552,3054903,2553509,64.8749911603691,54.2272123870784,313
-7.6926,53.28823,2021/07/19 23:00:00+00,Tue 20 Jul 2021,30568,18167,7695,2910919,2397124,182247,3093166,2579371,65.6875576434192,54.7764268863241,314
-7.6926,53.28823,2021/07/20 23:00:00+00,Wed 21 Jul 2021,30348,19835,6886,2941267,2416959,189133,3130400,2606092,66.4782719217007,55.3438834107363,315
-7.6926,53.28823,2021/07/21 23:00:00+00,Thu 22 Jul 2021,33523,15925,6933,2974790,2432884,196066,3170856,2628950,67.337409721619,55.8293039127764,316
-7.6926,53.28823,2021/07/22 23:00:00+00,Fri 23 Jul 2021,27082,20819,5614,3001872,2453703,201680,3203552,2655383,68.0317534408728,56.3906443682154,317
-7.6926,53.28823,2021/07/23 23:00:00+00,Sat 24 Jul 2021,15428,14802,2272,3017300,2468505,203952,3221252,2672457,68.4076368465124,56.7532338183787,318
-7.6926,53.28823,2021/07/24 23:00:00+00,Sun 25 Jul 2021,14712,13639,1042,3032012,2482144,204994,3237006,2687138,68.7421943138822,57.0650046815535,319
-7.6926,53.28823,2021/07/25 23:00:00+00,Mon 26 Jul 2021,23820,18281,3419,3055832,2500425,208413,3264245,2708838,69.3206512679057,57.5258334895975,320
-7.6926,53.28823,2021/07/26 23:00:00+00,Tue 27 Jul 2021,25498,23893,3670,3081330,2524318,212083,3293413,2736401,69.9400731422387,58.1111710212157,321
-7.6926,53.28823,2021/07/27 23:00:00+00,Wed 28 Jul 2021,23427,25275,3261,3104757,2549593,215344,3320101,2764937,70.506828867081,58.7171715219689,322
-7.6926,53.28823,2021/07/28 23:00:00+00,Thu 29 Jul 2021,19255,27855,2960,3124012,2577448,218304,3342316,2795752,70.9785943956846,59.371569665742,323
-7.6926,53.28823,2021/07/29 23:00:00+00,Fri 30 Jul 2021,21942,22932,2116,3145954,2600380,220420,3366374,2820800,71.489498518446,59.9034977755985,324
-7.6926,53.28823,2021/07/30 23:00:00+00,Sat 31 Jul 2021,13733,12473,907,3159687,2612853,221327,3381014,2834180,71.8003986912462,60.1876401466413,325
-7.6926,53.28823,2021/07/31 23:00:00+00,Sun 01 Aug 2021,11097,9317,368,3170784,2622170,221695,3392479,2843865,72.0438734508879,60.393314202213,326
-7.6926,53.28823,2021/08/01 23:00:00+00,Mon 02 Aug 2021,15011,15997,430,3185795,2638167,222125,3407920,2860292,72.3717839405195,60.7421637335373,327
-7.6926,53.28823,2021/08/02 23:00:00+00,Tue 03 Aug 2021,17333,25437,1110,3203128,2663604,223235,3426363,2886839,72.7634459546557,61.3059251329449,328
-7.6926,53.28823,2022/03/09 00:00:00+00,Wed 09 Mar 2022,127,344,0,3829486,3757246,240717,4070203,3997963,86.4362579256715,84.9021439582476,329
-7.6926,53.28823,2021/08/03 23:00:00+00,Wed 04 Aug 2021,22098,17288,1575,3225226,2680892,224810,3450036,2905702,73.2661740824357,61.7065064143335,330
-7.6926,53.28823,2022/03/10 00:00:00+00,Thu 10 Mar 2022,257,507,0,3829743,3757753,240717,4070460,3998470,86.441715667776,84.9129107880024,331
-7.6926,53.28823,2021/08/04 23:00:00+00,Thu 05 Aug 2021,13517,30026,1420,3238743,2710918,226230,3464973,2937148,73.5833814513644,62.3743046953359,332
-7.6926,53.28823,2021/08/05 23:00:00+00,Fri 06 Aug 2021,12198,24733,948,3250941,2735651,227178,3478119,2962829,73.8625545163665,62.9196754151229,333
-7.6926,53.28823,2021/08/06 23:00:00+00,Sat 07 Aug 2021,6325,8450,583,3257266,2744101,227761,3485027,2971862,74.009255226319,63.1115033701027,334
-7.6926,53.28823,2021/08/07 23:00:00+00,Sun 08 Aug 2021,8622,11968,153,3265888,2756069,227914,3493802,2983983,74.1956042028437,63.3689091757387,335
-7.6926,53.28823,2021/08/08 23:00:00+00,Mon 09 Aug 2021,5529,23024,600,3271417,2779093,228514,3499931,3007607,74.3257617956778,63.8705967223392,336
-7.6926,53.28823,2021/08/09 23:00:00+00,Tue 10 Aug 2021,9343,25991,714,3280760,2805084,229228,3509988,3034312,74.5393357736732,64.4377134651417,337
-7.6926,53.28823,2021/08/10 23:00:00+00,Wed 11 Aug 2021,7003,31228,663,3287763,2836312,229891,3517654,3066203,74.7021336373812,65.1149619221616,338
-7.6926,53.28823,2021/08/11 23:00:00+00,Thu 12 Aug 2021,6759,38282,862,3294522,2874594,230753,3525275,3105347,74.8639758653123,65.9462376300912,339
-7.6926,53.28823,2021/08/12 23:00:00+00,Fri 13 Aug 2021,10919,28236,870,3305441,2902830,231623,3537064,3134453,75.1143312025487,66.564342850687,340
-7.6926,53.28823,2021/08/13 23:00:00+00,Sat 14 Aug 2021,18128,5832,279,3323569,2908662,231902,3555471,3140564,75.5052287080633,66.6941181892104,341
-7.6926,53.28823,2021/08/14 23:00:00+00,Sun 15 Aug 2021,16997,3722,50,3340566,2912384,231952,3572518,3144336,75.8672447767603,66.7742217036777,342
-7.6926,53.28823,2021/08/15 23:00:00+00,Mon 16 Aug 2021,10177,23142,384,3350743,2935526,232336,3583079,3167862,76.0915218754586,67.2738280879193,343
-7.6926,53.28823,2021/08/16 23:00:00+00,Tue 17 Aug 2021,12860,26850,528,3363603,2962376,232864,3596467,3195240,76.3758341373062,67.8552368946764,344
-7.6926,53.28823,2021/08/17 23:00:00+00,Wed 18 Aug 2021,15227,25761,657,3378830,2988137,233521,3612351,3221658,76.7131523302541,68.4162588048564,345
-7.6926,53.28823,2021/08/18 23:00:00+00,Thu 19 Aug 2021,11355,25694,544,3390185,3013831,234065,3624250,3247896,76.9658436660567,68.9734581719282,346
-7.6926,53.28823,2021/08/19 23:00:00+00,Fri 20 Aug 2021,14837,22245,686,3405022,3036076,234751,3639773,3270827,77.2954955364377,69.4604289275622,347
-7.6926,53.28823,2021/08/20 23:00:00+00,Sat 21 Aug 2021,11881,7965,245,3416903,3044041,234996,3651899,3279037,77.5530075238267,69.6347793659972,348
-7.6926,53.28823,2021/08/21 23:00:00+00,Sun 22 Aug 2021,8003,12251,161,3424906,3056292,235157,3660063,3291449,77.7263810901341,69.8983649496582,349
-7.6926,53.28823,2021/08/22 23:00:00+00,Mon 23 Aug 2021,10862,15365,289,3435768,3071657,235446,3671214,3307103,77.963187635687,70.2307987819679,350
-7.6926,53.28823,2021/08/23 23:00:00+00,Tue 24 Aug 2021,9705,22912,383,3445473,3094569,235829,3681302,3330398,78.177419940551,70.7254995692206,351
-7.6926,53.28823,2021/08/24 23:00:00+00,Wed 25 Aug 2021,9413,19510,313,3454886,3114079,236142,3691028,3350221,78.3839646864973,71.1464677471863,352
-7.6926,53.28823,2021/08/25 23:00:00+00,Thu 26 Aug 2021,8575,19425,367,3463461,3133504,236509,3699970,3370013,78.5738601335724,71.5667775982834,353
-7.6926,53.28823,2021/08/26 23:00:00+00,Fri 27 Aug 2021,9717,19199,430,3473178,3152703,236939,3710117,3389642,78.7893453831218,71.9836259242325,354
-7.6926,53.28823,2021/08/27 23:00:00+00,Sat 28 Aug 2021,9917,7907,153,3483095,3160610,237092,3720187,3397702,79.0031954336749,72.1547909100774,355
-7.6926,53.28823,2021/08/28 23:00:00+00,Sun 29 Aug 2021,8795,9184,29,3491890,3169794,237121,3729011,3406915,79.1905849913791,72.3504414081654,356
-7.6926,53.28823,2021/08/29 23:00:00+00,Mon 30 Aug 2021,5056,11116,84,3496946,3180910,237205,3734151,3418115,79.2997398334688,72.5882885348978,357
-7.6926,53.28823,2021/08/30 23:00:00+00,Tue 31 Aug 2021,4059,12878,142,3501005,3193788,237347,3738352,3431135,79.388953742344,72.8647858197242,358
-7.6926,53.28823,2021/08/31 23:00:00+00,Wed 01 Sep 2021,4956,12517,180,3505961,3206305,237527,3743488,3443832,79.4980236390313,73.1344237633064,359
-7.6926,53.28823,2021/09/01 23:00:00+00,Thu 02 Sep 2021,5005,12345,247,3510966,3218650,237774,3748740,3456424,79.6095569523883,73.4018318900756,360
-7.6926,53.28823,2021/09/02 23:00:00+00,Fri 03 Sep 2021,4771,16061,165,3515737,3234711,237939,3753676,3472650,79.7143795789554,73.7464129149291,361
-7.6926,53.28823,2021/09/03 23:00:00+00,Sat 04 Sep 2021,4628,10576,133,3520365,3245287,238072,3758437,3483359,79.8154858441672,73.9738329935163,362
-7.6926,53.28823,2021/09/04 23:00:00+00,Sun 05 Sep 2021,5305,11896,1,3525670,3257183,238073,3763743,3495256,79.9281659204567,74.2264818566177,363
-7.6926,53.28823,2021/09/05 23:00:00+00,Mon 06 Sep 2021,2155,9664,75,3527825,3266847,238148,3765973,3504995,79.9755229822972,74.4333026751219,364
-7.6926,53.28823,2021/09/06 23:00:00+00,Tue 07 Sep 2021,3026,10007,158,3530851,3276854,238306,3769157,3515160,80.0431395226111,74.6491701789821,365
-7.6926,53.28823,2021/09/07 23:00:00+00,Wed 08 Sep 2021,2608,14809,187,3533459,3291663,238493,3771952,3530156,80.1024951225412,74.9676304925963,366
-7.6926,53.28823,2021/09/08 23:00:00+00,Thu 09 Sep 2021,3112,14806,138,3536571,3306469,238631,3775202,3545100,80.1715132619948,75.2849865159792,367
-7.6926,53.28823,2021/09/09 23:00:00+00,Fri 10 Sep 2021,3373,13943,115,3539944,3320412,238746,3778690,3559158,80.2455856528914,75.5835271327295,368
-7.6926,53.28823,2021/09/10 23:00:00+00,Sat 11 Sep 2021,2557,11328,62,3542501,3331740,238808,3781309,3570548,80.3012036551157,75.8254091660761,369
-7.6926,53.28823,2021/09/11 23:00:00+00,Sun 12 Sep 2021,2041,12880,1,3544542,3344620,238809,3783351,3583429,80.3445682830432,76.098954598169,370
-7.6926,53.28823,2021/09/12 23:00:00+00,Mon 13 Sep 2021,1611,7731,52,3546153,3352351,238861,3785014,3591212,80.3798843340928,76.2642371148974,371
-7.6926,53.28823,2021/09/13 23:00:00+00,Tue 14 Sep 2021,1544,10781,82,3547697,3363132,238943,3786640,3602075,80.4144146401702,76.4949275914772,372
-7.6926,53.28823,2021/09/14 23:00:00+00,Wed 15 Sep 2021,3277,12392,138,3550974,3375524,239081,3790055,3614605,80.486936777473,76.761019064509,373
-7.6926,53.28823,2021/09/15 23:00:00+00,Thu 16 Sep 2021,1908,10590,115,3552882,3386114,239196,3792078,3625310,80.529897914739,76.9883541976939,374
-7.6926,53.28823,2021/09/16 23:00:00+00,Fri 17 Sep 2021,2558,14611,94,3555440,3400725,239290,3794730,3640015,80.5862167165332,77.3006347332831,375
-7.6926,53.28823,2021/09/17 23:00:00+00,Sat 18 Sep 2021,2287,11227,47,3557727,3411952,239337,3797064,3651289,80.6357823588361,77.54005334996,376
-7.6926,53.28823,2021/09/18 23:00:00+00,Sun 19 Sep 2021,1860,8489,15,3559587,3420441,239352,3798939,3659793,80.6756005162132,77.7206472754718,377
-7.6926,53.28823,2021/09/19 23:00:00+00,Mon 20 Sep 2021,952,5611,35,3560539,3426052,239387,3799926,3665439,80.6965607942565,77.8405477109656,378
-7.6926,53.28823,2021/09/20 23:00:00+00,Tue 21 Sep 2021,1463,6665,90,3562002,3432717,239477,3801479,3672194,80.72954084674,77.9839992592761,379
-7.6926,53.28823,2021/09/21 23:00:00+00,Wed 22 Sep 2021,1894,8151,97,3563896,3440868,239574,3803470,3680442,80.7718224207868,78.159156679034,380
-7.6926,53.28823,2021/09/22 23:00:00+00,Thu 23 Sep 2021,1698,8732,89,3565594,3449600,239663,3805257,3689263,80.809771779311,78.3464825276864,381
-7.6926,53.28823,2021/09/23 23:00:00+00,Fri 24 Sep 2021,1909,7383,79,3567503,3456983,239742,3807245,3696725,80.851989644306,78.5049481758718,382
-7.6926,53.28823,2021/09/24 23:00:00+00,Sat 25 Sep 2021,2414,6594,52,3569917,3463577,239794,3809711,3703371,80.9043584848883,78.6460849619667,383
-7.6926,53.28823,2021/09/25 23:00:00+00,Sun 26 Sep 2021,1548,7097,0,3571465,3470674,239794,3811259,3710468,80.9372323556188,78.7967993421828,384
-7.6926,53.28823,2021/09/26 23:00:00+00,Mon 27 Sep 2021,1177,3818,45,3572642,3474492,239839,3812481,3714331,80.9631831760534,78.8788353645549,385
-7.6926,53.28823,2021/09/27 23:00:00+00,Tue 28 Sep 2021,1448,5128,93,3574090,3479620,239932,3814022,3719552,80.9959083923297,78.9897103510433,386
-7.6926,53.28823,2021/09/28 23:00:00+00,Wed 29 Sep 2021,1651,3615,79,3575741,3483235,240011,3815752,3723246,81.0326472788696,79.0681574301637,387
-7.6926,53.28823,2021/09/29 23:00:00+00,Thu 30 Sep 2021,1280,3962,78,3577021,3487197,240089,3817110,3727286,81.0614862429859,79.1539522865922,388
-7.6926,53.28823,2021/09/30 23:00:00+00,Fri 01 Oct 2021,1844,5173,41,3578865,3492370,240130,3818995,3732500,81.101516763869,79.2646786186264,389
-7.6926,53.28823,2021/10/01 23:00:00+00,Sat 02 Oct 2021,1710,4085,40,3580575,3496455,240170,3820745,3736625,81.1386803774209,79.3522785648559,390
-7.6926,53.28823,2021/10/02 23:00:00+00,Sun 03 Oct 2021,1196,3015,9,3581771,3499470,240179,3821950,3739649,81.1642701798953,79.4164972890737,391
-7.6926,53.28823,2021/10/03 23:00:00+00,Mon 04 Oct 2021,335,1234,18,3582106,3500704,240197,3822303,3740901,81.1717666116574,79.4430852000262,392
-7.6926,53.28823,2021/10/04 23:00:00+00,Tue 05 Oct 2021,964,2820,70,3583070,3503524,240267,3823337,3743791,81.193724998179,79.5044582532634,393
-7.6926,53.28823,2021/10/05 23:00:00+00,Wed 06 Oct 2021,978,2567,39,3584048,3506091,240306,3824354,3746397,81.2153223667403,79.5598001829299,394
-7.6926,53.28823,2021/10/06 23:00:00+00,Thu 07 Oct 2021,1212,2694,44,3585260,3508785,240350,3825610,3749135,81.2419952230953,79.6179453108758,395
-7.6926,53.28823,2021/10/07 23:00:00+00,Fri 08 Oct 2021,965,2778,48,3586225,3511563,240398,3826623,3751961,81.2635076462542,79.6779592376745,396
-7.6926,53.28823,2021/10/08 23:00:00+00,Sat 09 Oct 2021,732,2379,23,3586957,3513942,240421,3827378,3754363,81.279541090958,79.7289689518183,397
-7.6926,53.28823,2021/10/09 23:00:00+00,Sun 10 Oct 2021,1502,3915,1,3588459,3517857,240422,3828881,3758279,81.3114593259115,79.8121305007723,398
-7.6926,53.28823,2021/10/10 23:00:00+00,Mon 11 Oct 2021,331,1122,19,3588790,3518979,240441,3829231,3759420,81.3188920486219,79.8363611768081,399
-7.6926,53.28823,2021/10/11 23:00:00+00,Tue 12 Oct 2021,558,1608,20,3589348,3520587,240461,3829809,3761048,81.3311666592693,79.8709339555867,400
-7.6926,53.28823,2021/10/12 23:00:00+00,Wed 13 Oct 2021,997,2071,11,3590345,3522658,240472,3830817,3763130,81.3525729006753,79.9151480375382,401
-7.6926,53.28823,2021/10/13 23:00:00+00,Thu 14 Oct 2021,683,1596,8,3591028,3524254,240480,3831508,3764734,81.3672472189406,79.9492111439024,402
-7.6926,53.28823,2021/10/14 23:00:00+00,Fri 15 Oct 2021,949,2064,8,3591977,3526318,240488,3832465,3766806,81.3875704064659,79.9932128623479,403
-7.6926,53.28823,2021/10/15 23:00:00+00,Sat 16 Oct 2021,1369,2636,14,3593346,3528954,240502,3833848,3769456,81.4169402793472,80.0494891914408,404
-7.6926,53.28823,2021/10/16 23:00:00+00,Sun 17 Oct 2021,1702,2888,2,3595048,3531842,240504,3835552,3772346,81.4531270207715,80.110862244678,405
-7.6926,53.28823,2021/10/17 23:00:00+00,Mon 18 Oct 2021,671,1240,6,3595719,3533082,240510,3836229,3773592,81.4675040301284,80.137322737527,406
-7.6926,53.28823,2021/10/18 23:00:00+00,Tue 19 Oct 2021,1334,1792,13,3597053,3534874,240523,3837576,3775397,81.4961093943881,80.175654350362,407
-7.6926,53.28823,2021/10/19 23:00:00+00,Wed 20 Oct 2021,2253,2318,0,3599306,3537192,240523,3839829,3777715,81.5439548922924,80.2248802110553,408
-7.6926,53.28823,2021/10/20 23:00:00+00,Thu 21 Oct 2021,1738,1827,11,3601044,3539019,240534,3841578,3779553,81.5810972694938,80.2639126234602,409
-7.6926,53.28823,2021/10/21 23:00:00+00,Fri 22 Oct 2021,1501,1919,3,3602545,3540938,240537,3843082,3781475,81.6130367407978,80.3047288893155,410
-7.6926,53.28823,2021/10/22 23:00:00+00,Sat 23 Oct 2021,2009,1694,1,3604554,3542632,240538,3845092,3783170,81.655721805506,80.3407245035844,411
-7.6926,53.28823,2021/10/23 23:00:00+00,Sun 24 Oct 2021,1948,2184,2,3606502,3544816,240540,3847042,3785356,81.6971326891782,80.3871471659984,412
-7.6926,53.28823,2021/10/24 23:00:00+00,Mon 25 Oct 2021,1219,842,2,3607721,3545658,240542,3848263,3786200,81.7230622732621,80.4050706459057,413
-7.6926,53.28823,2021/10/25 23:00:00+00,Tue 26 Oct 2021,1237,1219,6,3608958,3546877,240548,3849506,3787425,81.7494590570593,80.4310851753921,414
-7.6926,53.28823,2021/10/26 23:00:00+00,Wed 27 Oct 2021,1557,1415,5,3610515,3548292,240553,3851068,3788845,81.7826302366982,80.4612407932457,415
-7.6926,53.28823,2021/10/27 23:00:00+00,Thu 28 Oct 2021,2151,1686,4,3612666,3549978,240557,3853223,3790535,81.8283945722436,80.4971302257615,416
-7.6926,53.28823,2021/10/28 23:00:00+00,Fri 29 Oct 2021,2132,1355,1,3614798,3551333,240558,3855356,3791891,81.8736917080758,80.5259267171766,417
-7.6926,53.28823,2021/10/29 23:00:00+00,Sat 30 Oct 2021,2014,1445,0,3616812,3552778,240558,3857370,3793336,81.9164617181864,80.5566132437952,418
-7.6926,53.28823,2021/10/30 23:00:00+00,Sun 31 Oct 2021,1593,1318,0,3618405,3554096,240558,3858963,3794654,81.950291224694,80.5846027538875,419
-7.6926,53.28823,2021/11/01 00:00:00+00,Mon 01 Nov 2021,265,273,2,3618670,3554369,240560,3859230,3794929,81.9559613303045,80.5904427503028,420
-7.6926,53.28823,2021/11/02 00:00:00+00,Tue 02 Nov 2021,1094,1081,10,3619764,3555450,240570,3860334,3796020,81.9794062613681,80.6136116088086,421
-7.6926,53.28823,2021/11/03 00:00:00+00,Wed 03 Nov 2021,2529,1863,6,3622293,3557313,240576,3862869,3797889,82.0332404101419,80.6533023480821,422
-7.6926,53.28823,2021/11/04 00:00:00+00,Thu 04 Nov 2021,1536,1266,1,3623829,3558579,240577,3864406,3799156,82.0658806810158,80.6802088042937,423
-7.6926,53.28823,2021/11/05 00:00:00+00,Fri 05 Nov 2021,1631,1078,3,3625460,3559657,240580,3866040,3800237,82.100580877898,80.7031652992934,424
-7.6926,53.28823,2021/11/06 00:00:00+00,Sat 06 Nov 2021,1813,1345,5,3627273,3561002,240585,3867858,3801587,82.1391885632908,80.7318343726049,425
-7.6926,53.28823,2021/11/07 00:00:00+00,Sun 07 Nov 2021,693,771,0,3627966,3561773,240585,3868551,3802358,82.1539053542574,80.7482075989184,426
-7.6926,53.28823,2021/11/08 00:00:00+00,Mon 08 Nov 2021,516,528,3,3628482,3562301,240588,3869070,3802889,82.1649270202194,80.7594841010876,427
-7.6926,53.28823,2021/11/09 00:00:00+00,Tue 09 Nov 2021,1369,1050,3,3629851,3563351,240591,3870442,3803942,82.1940632932441,80.7818459782705,428
-7.6926,53.28823,2021/11/10 00:00:00+00,Wed 10 Nov 2021,1616,1350,1,3631467,3564701,240592,3872059,3805293,82.2284024721661,80.8105362879326,429
-7.6926,53.28823,2021/11/11 00:00:00+00,Thu 11 Nov 2021,1386,1100,2,3632853,3565801,240594,3873447,3806395,82.2578785268004,80.833938746295,430
-7.6926,53.28823,2021/11/12 00:00:00+00,Fri 12 Nov 2021,1144,1138,6,3633997,3566939,240600,3874597,3807539,82.2823003299917,80.8582331313827,431
-7.6926,53.28823,2021/11/13 00:00:00+00,Sat 13 Nov 2021,1400,1362,0,3635397,3568301,240600,3875997,3808901,82.3120312208332,80.8871570409014,432
-7.6926,53.28823,2021/11/14 00:00:00+00,Sun 14 Nov 2021,1647,1802,0,3637044,3570103,240600,3877644,3810703,82.3470074902732,80.9254249446846,433
-7.6926,53.28823,2021/11/15 00:00:00+00,Mon 15 Nov 2021,1247,579,1,3638291,3570682,240601,3878892,3811283,82.3735104558234,80.9377420280333,434
-7.6926,53.28823,2021/11/16 00:00:00+00,Tue 16 Nov 2021,1319,1061,5,3639610,3571743,240606,3880216,3812349,82.4016273840193,80.960379977774,435
-7.6926,53.28823,2021/11/17 00:00:00+00,Wed 17 Nov 2021,1509,1100,0,3641119,3572843,240606,3881725,3813449,82.4336730370763,80.9837399634353,436
-7.6926,53.28823,2021/11/18 00:00:00+00,Thu 18 Nov 2021,1652,2490,5,3642771,3575333,240611,3883382,3815944,82.4688616700224,81.036724658185,437
-7.6926,53.28823,2021/11/19 00:00:00+00,Fri 19 Nov 2021,1168,1535,0,3643939,3576868,240611,3884550,3817479,82.4936657275245,81.0693224563577,438
-7.6926,53.28823,2022/03/11 00:00:00+00,Fri 11 Mar 2022,493,2181,0,3830236,3759934,240717,4070953,4000651,86.4521851886223,84.9592272686634,439
-7.6926,53.28823,2022/03/12 00:00:00+00,Sat 12 Mar 2022,473,2387,2,3830709,3762321,240719,4071428,4003040,86.4622724551579,85.0099609102494,440
-7.6926,53.28823,2022/03/13 00:00:00+00,Sun 13 Mar 2022,358,1082,0,3831067,3763403,240719,4071786,4004122,86.469875068673,85.0329386415998,441
-7.6926,53.28823,2022/03/14 00:00:00+00,Mon 14 Mar 2022,109,120,0,3831176,3763523,240719,4071895,4004242,86.4721898308886,85.035487003672,442
-7.6926,53.28823,2022/03/15 00:00:00+00,Tue 15 Mar 2022,221,757,0,3831397,3764280,240719,4072116,4004999,86.4768830643714,85.051562921077,443
-7.6926,53.28823,2022/03/16 00:00:00+00,Wed 16 Mar 2022,196,797,0,3831593,3765077,240719,4072312,4005796,86.4810453890892,85.0684882925061,444
-7.6926,53.28823,2022/03/18 00:00:00+00,Fri 18 Mar 2022,1,6,0,3831594,3765083,240719,4072313,4005802,86.4810666254398,85.0686157106097,445
-7.6926,53.28823,2022/03/19 00:00:00+00,Sat 19 Mar 2022,743,2779,0,3832337,3767862,240719,4073056,4008581,86.4968452339365,85.1276315289302,446
-7.6926,53.28823,2022/03/20 00:00:00+00,Sun 20 Mar 2022,394,1401,0,3832731,3769263,240719,4073450,4009982,86.5052123560733,85.1573836561223,447
-7.6926,53.28823,2022/03/21 00:00:00+00,Mon 21 Mar 2022,54,112,0,3832785,3769375,240719,4073504,4010094,86.5063591190058,85.1597621273897,448
-7.6926,53.28823,2022/03/22 00:00:00+00,Tue 22 Mar 2022,137,574,0,3832922,3769949,240719,4073641,4010668,86.5092684990381,85.1719517926347,449
-7.6926,53.28823,2022/03/23 00:00:00+00,Wed 23 Mar 2022,101,219,0,3833023,3770168,240719,4073742,4010887,86.5114133704488,85.1766025534163,450
-7.6926,53.28823,2022/03/24 00:00:00+00,Thu 24 Mar 2022,148,239,0,3833171,3770407,240719,4073890,4011126,86.5145563503378,85.18167804121,451
-7.6926,53.28823,2022/03/25 00:00:00+00,Fri 25 Mar 2022,435,1624,0,3833606,3772031,240719,4074325,4012750,86.5237941628493,85.2161658745862,452
-7.6926,53.28823,2022/03/26 00:00:00+00,Sat 26 Mar 2022,874,1848,0,3834480,3773879,240719,4075199,4014598,86.5423547332746,85.255410650497,453
-7.6926,53.28823,2022/03/27 00:00:00+00,Sun 27 Mar 2022,380,802,0,3834860,3774681,240719,4075579,4015400,86.5504245465031,85.2724422036791,454
-7.6926,53.28823,2022/03/27 23:00:00+00,Mon 28 Mar 2022,44,51,0,3834904,3774732,240719,4075623,4015451,86.5513589459295,85.2735252575598,455
-7.6926,53.28823,2022/03/28 23:00:00+00,Tue 29 Mar 2022,140,192,3,3835044,3774924,240722,4075766,4015646,86.5543957440654,85.277666345927,456
-7.6926,53.28823,2022/03/29 23:00:00+00,Wed 30 Mar 2022,109,134,0,3835153,3775058,240722,4075875,4015780,86.556710506281,85.2805120169075,457
-7.6926,53.28823,2022/03/30 23:00:00+00,Thu 31 Mar 2022,228,356,0,3835381,3775414,240722,4076103,4016136,86.561552394218,85.2880721577215,458
-7.6926,53.28823,2022/03/31 23:00:00+00,Fri 01 Apr 2022,308,902,0,3835689,3776316,240722,4076411,4017038,86.5680931902032,85.3072273459637,459
-7.6926,53.28823,2022/04/01 23:00:00+00,Sat 02 Apr 2022,730,1538,0,3836419,3777854,240722,4077141,4018576,86.583595726142,85.3398888531882,460
-7.6926,53.28823,2022/04/02 23:00:00+00,Sun 03 Apr 2022,537,816,0,3836956,3778670,240722,4077678,4019392,86.5949996464148,85.3572177152787,461
-7.6926,53.28823,2022/04/03 23:00:00+00,Mon 04 Apr 2022,49,51,0,3837005,3778721,240722,4077727,4019443,86.5960402275942,85.3583007691594,462
-7.6926,53.28823,2022/04/04 23:00:00+00,Tue 05 Apr 2022,130,165,0,3837135,3778886,240722,4077857,4019608,86.5988009531724,85.3618047670086,463
-7.6926,53.28823,2022/04/05 23:00:00+00,Wed 06 Apr 2022,159,209,0,3837294,3779095,240722,4078016,4019817,86.6021775329179,85.3662431642842,464
-7.6926,53.28823,2022/04/06 23:00:00+00,Thu 07 Apr 2022,120,174,0,3837414,3779269,240722,4078136,4019991,86.6047258949901,85.3699382892888,465
-7.6926,53.28823,2022/04/07 23:00:00+00,Fri 08 Apr 2022,266,417,0,3837680,3779686,240722,4078402,4020408,86.61037476425,85.3787938474894,466
-7.6926,53.28823,2022/04/08 23:00:00+00,Sat 09 Apr 2022,561,1017,0,3838241,3780703,240722,4078963,4021425,86.6222883569372,85.4003912160508,467
-7.6926,53.28823,2022/04/09 23:00:00+00,Sun 10 Apr 2022,413,719,0,3838654,3781422,240722,4079376,4022144,86.6310589697354,85.415660152133,468
-7.6926,53.28823,2022/04/10 23:00:00+00,Mon 11 Apr 2022,71,93,0,3838725,3781515,240722,4079447,4022237,86.6325667506281,85.4176351327389,469
-7.6926,53.28823,2022/04/11 23:00:00+00,Tue 12 Apr 2022,195,176,0,3838920,3781691,240722,4079642,4022413,86.6367078389953,85.4213727304447,470
-7.6926,53.28823,2022/04/12 23:00:00+00,Wed 13 Apr 2022,144,233,0,3839064,3781924,240722,4079786,4022646,86.6397658734819,85.4263208001347,471
-7.6926,53.28823,2022/04/13 23:00:00+00,Thu 14 Apr 2022,361,427,0,3839425,3782351,240722,4080147,4023073,86.6474321960489,85.4353887218414,472
-7.6926,53.28823,2022/04/14 23:00:00+00,Fri 15 Apr 2022,447,989,0,3839872,3783340,240722,4080594,4024062,86.6569248447676,85.4563914725859,473
-7.6926,53.28823,2022/04/15 23:00:00+00,Sat 16 Apr 2022,42,88,0,3839914,3783428,240722,4080636,4024150,86.6578167714928,85.4582602714388,474
-7.6926,53.28823,2022/04/16 23:00:00+00,Sun 17 Apr 2022,1,0,0,3839915,3783428,240722,4080637,4024150,86.6578380078434,85.4582602714388,475
-7.6926,53.28823,2022/04/17 23:00:00+00,Mon 18 Apr 2022,36,61,0,3839951,3783489,240722,4080673,4024211,86.6586025164651,85.4595556888254,476
-7.6926,53.28823,2022/04/18 23:00:00+00,Tue 19 Apr 2022,219,268,1,3840170,3783757,240723,4080893,4024480,86.6632745135973,85.4652682671371,477
-7.6926,53.28823,2022/04/19 23:00:00+00,Wed 20 Apr 2022,250,605,0,3840420,3784362,240723,4081143,4025085,86.6685836012476,85.4781162592508,478
-7.6926,53.28823,2022/04/20 23:00:00+00,Thu 21 Apr 2022,172,237,0,3840592,3784599,240723,4081315,4025322,86.672236253551,85.4831492743433,479
-7.6926,53.28823,2022/04/21 23:00:00+00,Fri 22 Apr 2022,198,251,0,3840790,3784850,240723,4081513,4025573,86.67644105097,85.4884795983442,480
-7.6926,53.28823,2022/04/22 23:00:00+00,Sat 23 Apr 2022,324,1010,0,3841114,3785860,240723,4081837,4026583,86.6833216285648,85.5099283124513,481
-7.6926,53.28823,2022/04/23 23:00:00+00,Sun 24 Apr 2022,181,253,0,3841295,3786113,240723,4082018,4026836,86.6871654080236,85.5153011091534,482
-7.6926,53.28823,2022/04/24 23:00:00+00,Mon 25 Apr 2022,42,57,0,3841337,3786170,240723,4082060,4026893,86.6880573347488,85.5165115811376,483
-7.6926,53.28823,2022/04/25 23:00:00+00,Tue 26 Apr 2022,144,238,0,3841481,3786408,240723,4082204,4027131,86.6911153692354,85.5215658325807,484
-7.6926,53.28823,2022/04/26 23:00:00+00,Wed 27 Apr 2022,122,208,0,3841603,3786616,240723,4082326,4027339,86.6937062040087,85.5259829935057,485
-7.6926,53.28823,2022/04/27 23:00:00+00,Thu 28 Apr 2022,106,128,0,3841709,3786744,240723,4082432,4027467,86.6959572571724,85.5287012463827,486
-7.6926,53.28823,2022/04/28 23:00:00+00,Fri 29 Apr 2022,176,222,0,3841885,3786966,240723,4082608,4027689,86.6996948548782,85.5334157162161,487
-7.6926,53.28823,2022/04/29 23:00:00+00,Sat 30 Apr 2022,281,723,0,3842166,3787689,240723,4082889,4028412,86.7056622693971,85.5487695977007,488
-7.6926,53.28823,2022/04/30 23:00:00+00,Sun 01 May 2022,186,746,0,3842352,3788435,240723,4083075,4029158,86.7096122306089,85.5646119152491,489
-7.6926,53.28823,2022/05/01 23:00:00+00,Mon 02 May 2022,11,26,0,3842363,3788461,240723,4083086,4029184,86.7098458304655,85.5651640603648,490
-7.6926,53.28823,2022/05/02 23:00:00+00,Tue 03 May 2022,100,117,0,3842463,3788578,240723,4083186,4029301,86.7119694655257,85.5676487133851,491
-7.6926,53.28823,2022/05/03 23:00:00+00,Wed 04 May 2022,128,128,0,3842591,3788706,240723,4083314,4029429,86.7146877184026,85.570366966262,492
-7.6926,53.28823,2022/05/04 23:00:00+00,Thu 05 May 2022,119,163,0,3842710,3788869,240723,4083433,4029592,86.7172148441241,85.57382849141,493
-7.6926,53.28823,2022/05/05 23:00:00+00,Fri 06 May 2022,143,258,0,3842853,3789127,240723,4083576,4029850,86.7202516422601,85.5793074698651,494
-7.6926,53.28823,2022/05/06 23:00:00+00,Sat 07 May 2022,441,1083,0,3843294,3790210,240723,4084017,4030933,86.7296168728752,85.6023064375661,495
-7.6926,53.28823,2022/05/07 23:00:00+00,Sun 08 May 2022,273,437,0,3843567,3790647,240723,4084290,4031370,86.7354143965893,85.6115867227788,496
-7.6926,53.28823,2022/05/08 23:00:00+00,Mon 09 May 2022,28,31,0,3843595,3790678,240723,4084318,4031401,86.7360090144061,85.6122450496474,497
-7.6926,53.28823,2022/05/09 23:00:00+00,Tue 10 May 2022,88,98,1,3843683,3790776,240724,4084407,4031500,86.7378990496096,85.6143474483569,498
-7.6926,53.28823,2022/05/10 23:00:00+00,Wed 11 May 2022,127,131,0,3843810,3790907,240724,4084534,4031631,86.740596066136,85.6171294102857,499
-7.6926,53.28823,2022/05/11 23:00:00+00,Thu 12 May 2022,249,397,0,3844059,3791304,240724,4084783,4032028,86.7458839174356,85.6255602414743,500
-7.6926,53.28823,2022/05/12 23:00:00+00,Fri 13 May 2022,185,324,0,3844244,3791628,240724,4084968,4032352,86.7498126422968,85.6324408190691,501
-7.6926,53.28823,2022/05/13 23:00:00+00,Sat 14 May 2022,333,632,0,3844577,3792260,240724,4085301,4032984,86.756884347047,85.6458621926489,502
-7.6926,53.28823,2022/05/14 23:00:00+00,Sun 15 May 2022,169,254,0,3844746,3792514,240724,4085470,4033238,86.7604732902986,85.6512562257016,503
-7.6926,53.28823,2022/05/15 23:00:00+00,Mon 16 May 2022,31,39,0,3844777,3792553,240724,4085501,4033277,86.7611316171672,85.6520844433751,504
-7.6926,53.28823,2022/05/16 23:00:00+00,Tue 17 May 2022,103,94,0,3844880,3792647,240724,4085604,4033371,86.7633189612791,85.6540806603316,505
-7.6926,53.28823,2022/05/17 23:00:00+00,Wed 18 May 2022,105,119,0,3844985,3792766,240724,4085709,4033490,86.7655487780922,85.6566077860531,506
-7.6926,53.28823,2022/05/18 23:00:00+00,Thu 19 May 2022,98,102,0,3845083,3792868,240724,4085807,4033592,86.7676299404512,85.6587738938144,507
-7.6926,53.28823,2022/05/19 23:00:00+00,Fri 20 May 2022,129,206,0,3845212,3793074,240724,4085936,4033798,86.7703694296787,85.6631485820382,508
-7.6926,53.28823,2022/05/20 23:00:00+00,Sat 21 May 2022,392,761,0,3845604,3793835,240724,4086328,4034559,86.7786940791143,85.6793094448457,509
-7.6926,53.28823,2022/05/21 23:00:00+00,Sun 22 May 2022,233,409,0,3845837,3794244,240724,4086561,4034968,86.7836421488044,85.6879951122415,510
-7.6926,53.28823,2022/05/22 23:00:00+00,Mon 23 May 2022,30,34,0,3845867,3794278,240724,4086591,4035002,86.7842792393224,85.688717148162,511
-7.6926,53.28823,2022/05/23 23:00:00+00,Tue 24 May 2022,79,82,0,3845946,3794360,240724,4086670,4035084,86.7859569110199,85.6904585289113,512
-7.6926,53.28823,2022/05/24 23:00:00+00,Wed 25 May 2022,91,129,0,3846037,3794489,240724,4086761,4035213,86.7878894189246,85.6931980181388,513
-7.6926,53.28823,2022/05/25 23:00:00+00,Thu 26 May 2022,132,155,0,3846169,3794644,240724,4086893,4035368,86.7906926172039,85.696489652482,514
-7.6926,53.28823,2022/05/26 23:00:00+00,Fri 27 May 2022,97,151,0,3846266,3794795,240724,4086990,4035519,86.7927525432123,85.6996963414228,515
-7.6926,53.28823,2022/05/27 23:00:00+00,Sat 28 May 2022,336,578,0,3846602,3795373,240724,4087326,4036097,86.7998879570142,85.7119709520702,516
-7.6926,53.28823,2022/05/28 23:00:00+00,Sun 29 May 2022,181,348,0,3846783,3795721,240724,4087507,4036445,86.803731736473,85.7193612020794,517
-7.6926,53.28823,2022/05/29 23:00:00+00,Mon 30 May 2022,14,21,0,3846797,3795742,240724,4087521,4036466,86.8040290453814,85.719807165442,518
-7.6926,53.28823,2022/05/30 23:00:00+00,Tue 31 May 2022,65,78,1,3846862,3795820,240725,4087587,4036545,86.8054306445211,85.7214848371395,519
-7.6926,53.28823,2022/05/31 23:00:00+00,Wed 01 Jun 2022,64,100,0,3846926,3795920,240725,4087651,4036645,86.8067897709596,85.7236084721996,520
-7.6926,53.28823,2022/06/01 23:00:00+00,Thu 02 Jun 2022,122,132,0,3847048,3796052,240725,4087773,4036777,86.8093806057329,85.7264116704789,521
-7.6926,53.28823,2022/06/02 23:00:00+00,Fri 03 Jun 2022,64,141,0,3847112,3796193,240725,4087837,4036918,86.8107397321714,85.7294059959137,522
-7.6926,53.28823,2022/06/03 23:00:00+00,Sat 04 Jun 2022,305,606,0,3847417,3796799,240725,4088142,4037524,86.8172168191047,85.742275224378,523
-7.6926,53.28823,2022/06/04 23:00:00+00,Sun 05 Jun 2022,142,273,0,3847559,3797072,240725,4088284,4037797,86.8202323808901,85.7480727480921,524
-7.6926,53.28823,2022/06/05 23:00:00+00,Mon 06 Jun 2022,3,6,0,3847562,3797078,240725,4088287,4037803,86.8202960899419,85.7482001661957,525
-7.6926,53.28823,2022/06/06 23:00:00+00,Tue 07 Jun 2022,29,49,0,3847591,3797127,240725,4088316,4037852,86.8209119441093,85.7492407473751,526
-7.6926,53.28823,2022/06/07 23:00:00+00,Wed 08 Jun 2022,42,76,0,3847633,3797203,240725,4088358,4037928,86.8218038708346,85.7508547100208,527
-7.6926,53.28823,2022/06/08 23:00:00+00,Thu 09 Jun 2022,84,121,0,3847717,3797324,240725,4088442,4038049,86.8235877242851,85.7534243084436,528
-7.6926,53.28823,2022/06/09 23:00:00+00,Fri 10 Jun 2022,58,107,0,3847775,3797431,240725,4088500,4038156,86.8248194326199,85.7556965979579,529
-7.6926,53.28823,2022/06/10 23:00:00+00,Sat 11 Jun 2022,190,558,0,3847965,3797989,240725,4088690,4038714,86.8288543392341,85.7675464815933,530
-7.6926,53.28823,2022/06/11 23:00:00+00,Sun 12 Jun 2022,146,283,0,3848111,3798272,240725,4088836,4038997,86.8319548464219,85.7735563688134,531
-7.6926,53.28823,2022/06/12 23:00:00+00,Mon 13 Jun 2022,20,40,0,3848131,3798312,240725,4088856,4039037,86.8323795734339,85.7744058228374,532
-7.6926,53.28823,2022/06/13 23:00:00+00,Tue 14 Jun 2022,40,50,0,3848171,3798362,240725,4088896,4039087,86.833229027458,85.7754676403675,533
-7.6926,53.28823,2022/06/14 23:00:00+00,Wed 15 Jun 2022,69,122,0,3848240,3798484,240725,4088965,4039209,86.8346943356494,85.7780584751408,534
-7.6926,53.28823,2022/06/15 23:00:00+00,Thu 16 Jun 2022,82,81,0,3848322,3798565,240725,4089047,4039290,86.8364357163987,85.7797786195395,535
-7.6926,53.28823,2022/06/16 23:00:00+00,Fri 17 Jun 2022,64,90,0,3848386,3798655,240725,4089111,4039380,86.8377948428372,85.7816898910936,536
-7.6926,53.28823,2022/06/17 23:00:00+00,Sat 18 Jun 2022,223,486,0,3848609,3799141,240725,4089334,4039866,86.8425305490212,85.7920107574858,537
-7.6926,53.28823,2022/06/18 23:00:00+00,Sun 19 Jun 2022,78,129,0,3848687,3799270,240725,4089412,4039995,86.8441869843681,85.7947502467133,538
-7.6926,53.28823,2022/06/19 23:00:00+00,Mon 20 Jun 2022,6,25,0,3848693,3799295,240725,4089418,4040020,86.8443144024717,85.7952811554783,539
-7.6926,53.28823,2022/06/20 23:00:00+00,Tue 21 Jun 2022,78,160,1,3848771,3799455,240726,4089497,4040181,86.8459920741692,85.7987002079251,540
-7.6926,53.28823,2022/06/21 23:00:00+00,Wed 22 Jun 2022,59,83,0,3848830,3799538,240726,4089556,4040264,86.8472450188547,85.800462825025,541
-7.6926,53.28823,2022/06/22 23:00:00+00,Thu 23 Jun 2022,54,93,0,3848884,3799631,240726,4089610,4040357,86.8483917817871,85.8024378056309,542
