X,Y,VaccinationDate,VaccineText,Dose1,Dose2,SingleDose,Dose1Cum,Dose2Cum,SingleDoseCum,PartiallyVacc,FullyVacc,PartialPercent,FullyPercent,ObjectId
-7.6926,53.28823,2020/12/28 00:00:00+00,Mon 28 Dec 2020,298,23,4,298,23,4,302,27,0.00592130274934714,0.000529387994146929,1
-7.6926,53.28823,2022/02/01 00:00:00+00,Tue 01 Feb 2022,751,3423,1,3810825,3682607,241166,4051991,3923773,79.4472365848671,76.933271035477,2
-7.6926,53.28823,2020/12/29 00:00:00+00,Tue 29 Dec 2020,81,3,0,379,26,4,383,30,0.00750946673178793,0.000588208882385477,3
-7.6926,53.28823,2020/12/30 00:00:00+00,Wed 30 Dec 2020,1066,2,0,1445,28,4,1449,32,0.0284104890192186,0.000627422807877842,4
-7.6926,53.28823,2020/12/31 00:00:00+00,Thu 31 Dec 2020,1042,2,0,2487,30,4,2491,34,0.0488409442007408,0.000666636733370208,5
-7.6926,53.28823,2021/01/01 00:00:00+00,Fri 01 Jan 2021,828,1,0,3315,31,4,3319,35,0.06507550935458,0.00068624369611639,6
-7.6926,53.28823,2021/01/02 00:00:00+00,Sat 02 Jan 2021,1021,0,0,4336,31,4,4340,35,0.0850942183184324,0.00068624369611639,7
-7.6926,53.28823,2021/01/03 00:00:00+00,Sun 03 Jan 2021,26,3,1,4362,34,5,4367,39,0.0856236063125793,0.00076467154710112,8
-7.6926,53.28823,2021/01/04 00:00:00+00,Mon 04 Jan 2021,1198,5,0,5560,39,5,5565,44,0.109112747682506,0.000862706360832033,9
-7.6926,53.28823,2021/01/05 00:00:00+00,Tue 05 Jan 2021,3546,14,0,9106,53,5,9111,58,0.178639037580469,0.00113720383927859,10
-7.6926,53.28823,2021/01/06 00:00:00+00,Wed 06 Jan 2021,6797,14,0,15903,67,5,15908,72,0.311907563366272,0.00141170131772515,11
-7.6926,53.28823,2021/01/07 00:00:00+00,Thu 07 Jan 2021,11743,9,0,27646,76,5,27651,81,0.542152126894694,0.00158816398244079,12
-7.6926,53.28823,2021/01/08 00:00:00+00,Fri 08 Jan 2021,12691,8,0,40337,84,5,40342,89,0.790984091106497,0.00174501968441025,13
-7.6926,53.28823,2021/01/09 00:00:00+00,Sat 09 Jan 2021,8081,7,0,48418,91,5,48423,96,0.949427957058399,0.00188226842363353,14
-7.6926,53.28823,2021/01/10 00:00:00+00,Sun 10 Jan 2021,4790,6,1,53208,97,6,53214,103,1.04336491557536,0.00201951716285681,15
-7.6926,53.28823,2021/01/11 00:00:00+00,Mon 11 Jan 2021,8356,8,0,61564,105,6,61570,111,1.20720069628246,0.00217637286482627,16
-7.6926,53.28823,2021/01/12 00:00:00+00,Tue 12 Jan 2021,8901,15,0,70465,120,6,70471,126,1.38172227168623,0.002470477306019,17
-7.6926,53.28823,2021/01/13 00:00:00+00,Wed 13 Jan 2021,9908,6,0,80373,126,6,80379,132,1.57598805857541,0.0025881190824961,18
-7.6926,53.28823,2021/01/14 00:00:00+00,Thu 14 Jan 2021,8101,6,0,88474,132,6,88480,138,1.73482406378223,0.00270576085897319,19
-7.6926,53.28823,2021/01/15 00:00:00+00,Fri 15 Jan 2021,7708,5,0,96182,137,6,96188,143,1.88595453262981,0.00280379567270411,20
-7.6926,53.28823,2021/01/16 00:00:00+00,Sat 16 Jan 2021,5249,3,0,101431,140,6,101437,146,1.98887148008452,0.00286261656094266,21
-7.6926,53.28823,2021/01/17 00:00:00+00,Sun 17 Jan 2021,1117,5,0,102548,145,6,102554,151,2.01077245747201,0.00296065137467357,22
-7.6926,53.28823,2021/01/18 00:00:00+00,Mon 18 Jan 2021,8732,9,1,111280,154,7,111287,161,2.18200006313442,0.00315672100213539,23
-7.6926,53.28823,2021/01/19 00:00:00+00,Tue 19 Jan 2021,8400,21,0,119680,175,7,119687,182,2.34669855020235,0.00356846721980523,24
-7.6926,53.28823,2021/01/20 00:00:00+00,Wed 20 Jan 2021,8459,966,0,128139,1141,7,128146,1148,2.51255384807231,0.0225087932326176,25
-7.6926,53.28823,2021/01/21 00:00:00+00,Thu 21 Jan 2021,9025,967,0,137164,2108,7,137171,2115,2.68950668685661,0.0414687262081761,26
-7.6926,53.28823,2021/01/22 00:00:00+00,Fri 22 Jan 2021,6800,972,0,143964,3080,7,143971,3087,2.82283403353065,0.0605266939974656,27
-7.6926,53.28823,2021/01/23 00:00:00+00,Sat 23 Jan 2021,4201,461,0,148165,3541,7,148172,3548,2.90520288402736,0.0695655038234558,28
-7.6926,53.28823,2021/01/24 00:00:00+00,Sun 24 Jan 2021,1191,400,0,149356,3941,7,149363,3948,2.92855477665807,0.0774082889219288,29
-7.6926,53.28823,2021/01/25 00:00:00+00,Mon 25 Jan 2021,1378,1295,0,150734,5236,7,150741,5243,2.95557317132231,0.102799305678235,30
-7.6926,53.28823,2021/01/26 00:00:00+00,Tue 26 Jan 2021,1012,3508,0,151746,8744,7,151753,8751,2.97541541762144,0.171580530991844,31
-7.6926,53.28823,2021/01/27 00:00:00+00,Wed 27 Jan 2021,2195,6711,0,153941,15455,7,153948,15462,3.01845270084931,0.303162857981475,32
-7.6926,53.28823,2021/01/28 00:00:00+00,Thu 28 Jan 2021,1028,11545,0,154969,27000,7,154976,27007,3.03860865855239,0.529525242886153,33
-7.6926,53.28823,2021/01/29 00:00:00+00,Fri 29 Jan 2021,1597,11526,0,156566,38526,7,156573,38533,3.06992097805804,0.755515095498653,34
-7.6926,53.28823,2021/01/30 00:00:00+00,Sat 30 Jan 2021,657,7794,0,157223,46320,7,157230,46327,3.08280275258229,0.9083317631424,35
-7.6926,53.28823,2021/01/31 00:00:00+00,Sun 31 Jan 2021,241,4088,0,157464,50408,7,157471,50415,3.08752803060412,0.988485026848794,36
-7.6926,53.28823,2021/02/01 00:00:00+00,Mon 01 Feb 2021,1046,8338,1,158510,58746,8,158518,58754,3.10805652059937,1.15198748918921,37
-7.6926,53.28823,2021/02/02 00:00:00+00,Tue 02 Feb 2021,851,5113,1,159361,63859,9,159370,63868,3.12476165285912,1.25225749667319,38
-7.6926,53.28823,2021/02/03 00:00:00+00,Wed 03 Feb 2021,1415,6873,0,160776,70732,9,160785,70741,3.15250550514497,1.3870161516277,39
-7.6926,53.28823,2021/02/04 00:00:00+00,Thu 04 Feb 2021,1459,10542,1,162235,81274,10,162245,81284,3.18113167075439,1.5937323598607,40
-7.6926,53.28823,2021/02/05 00:00:00+00,Fri 05 Feb 2021,3411,8616,0,165646,89890,10,165656,89900,3.24801102068162,1.76266595088181,41
-7.6926,53.28823,2021/02/06 00:00:00+00,Sat 06 Feb 2021,916,3871,0,166562,93761,10,166572,93771,3.26597099855712,1.83856450367229,42
-7.6926,53.28823,2021/02/07 00:00:00+00,Sun 07 Feb 2021,341,1300,2,166903,95061,12,166915,95073,3.27269618677906,1.86409276916782,43
-7.6926,53.28823,2021/02/08 00:00:00+00,Mon 08 Feb 2021,1197,883,0,168100,95944,12,168112,95956,3.29616572118625,1.8814057172727,44
-7.6926,53.28823,2021/02/09 00:00:00+00,Tue 09 Feb 2021,4277,556,3,172377,96500,15,172392,96515,3.38008352173991,1.89236600944781,45
-7.6926,53.28823,2021/02/10 00:00:00+00,Wed 10 Feb 2021,8837,586,0,181214,97086,15,181229,97101,3.55335025152792,1.90385568961707,46
-7.6926,53.28823,2021/02/11 00:00:00+00,Thu 11 Feb 2021,6209,452,0,187423,97538,15,187438,97553,3.67508988321897,1.91271803677835,47
-7.6926,53.28823,2021/02/12 00:00:00+00,Fri 12 Feb 2021,4409,528,0,191832,98066,15,191847,98081,3.76153698196689,1.92307051310833,48
-7.6926,53.28823,2021/02/13 00:00:00+00,Sat 13 Feb 2021,1225,1919,0,193057,99985,15,193072,100000,3.78555551133096,1.96069627461826,49
-7.6926,53.28823,2021/02/14 00:00:00+00,Sun 14 Feb 2021,2712,29,0,195769,100014,15,195784,100029,3.83872959429861,1.9612648765379,50
-7.6926,53.28823,2021/02/15 00:00:00+00,Mon 15 Feb 2021,1977,7898,0,197746,107912,15,197761,107927,3.87749255964781,2.11612066830725,51
-7.6926,53.28823,2021/02/16 00:00:00+00,Tue 16 Feb 2021,5664,8171,0,203410,116083,15,203425,116098,3.98854639664219,2.2763291609063,52
-7.6926,53.28823,2021/02/17 00:00:00+00,Wed 17 Feb 2021,9763,8467,0,213173,124550,15,213188,124565,4.17996917393317,2.44234131447823,53
-7.6926,53.28823,2021/02/18 00:00:00+00,Thu 18 Feb 2021,8478,8362,1,221651,132912,16,221667,132928,4.34621661105805,2.60631434392456,54
-7.6926,53.28823,2021/02/19 00:00:00+00,Fri 19 Feb 2021,9405,6595,2,231056,139507,18,231074,139525,4.53065930961139,2.73566147716112,55
-7.6926,53.28823,2021/02/20 00:00:00+00,Sat 20 Feb 2021,5900,3581,2,236956,143088,20,236976,143108,4.64637960373936,2.8059132246807,56
-7.6926,53.28823,2021/02/21 00:00:00+00,Sun 21 Feb 2021,1121,1026,7,238077,144114,27,238104,144141,4.66849625771706,2.8261672171975,57
-7.6926,53.28823,2021/02/22 00:00:00+00,Mon 22 Feb 2021,3956,1131,2,242033,145245,29,242062,145274,4.74610061626645,2.84838190598893,58
-7.6926,53.28823,2021/02/23 00:00:00+00,Tue 23 Feb 2021,13380,1074,1,255413,146319,30,255443,146349,5.00846138477312,2.86945939094107,59
-7.6926,53.28823,2021/02/24 00:00:00+00,Wed 24 Feb 2021,16958,2113,6,272371,148432,36,272407,148468,5.34107390079936,2.91100654500023,60
-7.6926,53.28823,2021/02/25 00:00:00+00,Thu 25 Feb 2021,18111,1770,3,290482,150202,39,290521,150241,5.69623442398371,2.94576968994922,61
-7.6926,53.28823,2021/02/26 00:00:00+00,Fri 26 Feb 2021,16102,2783,1,306584,152985,40,306624,153025,6.01196534508549,3.00035547423459,62
-7.6926,53.28823,2021/02/27 00:00:00+00,Sat 27 Feb 2021,9012,707,1,315596,153692,41,315637,153733,6.18868290031683,3.01423720385889,63
-7.6926,53.28823,2021/02/28 00:00:00+00,Sun 28 Feb 2021,2455,61,2,318051,153753,43,318094,153796,6.2368572077842,3.0154724425119,64
-7.6926,53.28823,2021/03/01 00:00:00+00,Mon 01 Mar 2021,5640,810,0,323691,154563,43,323734,154606,6.34744047767267,3.0313540823363,65
-7.6926,53.28823,2021/03/02 00:00:00+00,Tue 02 Mar 2021,12215,1622,0,335906,156185,43,335949,156228,6.58693952761729,3.06315657591061,66
-7.6926,53.28823,2021/03/03 00:00:00+00,Wed 03 Mar 2021,12930,1515,1,348836,157700,44,348880,157744,6.84047716288818,3.09288073143382,67
-7.6926,53.28823,2021/03/04 00:00:00+00,Thu 04 Mar 2021,18746,1700,5,367582,159400,49,367631,159449,7.20812732134184,3.12631060291607,68
-7.6926,53.28823,2021/03/05 00:00:00+00,Fri 05 Mar 2021,18480,2408,6,386062,161808,55,386117,161863,7.57058163466778,3.17364181098535,69
-7.6926,53.28823,2021/03/06 00:00:00+00,Sat 06 Mar 2021,10417,151,5,396479,161959,60,396539,162019,7.77492540040849,3.17670049717375,70
-7.6926,53.28823,2021/03/07 00:00:00+00,Sun 07 Mar 2021,1540,18,5,398019,161977,65,398084,162042,7.80521815785134,3.17715145731692,71
-7.6926,53.28823,2021/03/08 00:00:00+00,Mon 08 Mar 2021,6687,1514,6,404706,163491,71,404777,163562,7.93644755951154,3.20695404069111,72
-7.6926,53.28823,2021/03/09 00:00:00+00,Tue 09 Mar 2021,13866,3116,7,418572,166607,78,418650,166685,8.20845495368933,3.26818658534744,73
-7.6926,53.28823,2021/03/10 00:00:00+00,Wed 10 Mar 2021,13767,4008,3,432339,170615,81,432420,170696,8.47844283070427,3.34683011292238,74
-7.6926,53.28823,2021/03/11 00:00:00+00,Thu 11 Mar 2021,18515,2109,4,450854,172724,85,450939,172809,8.84154417380082,3.38825962520506,75
-7.6926,53.28823,2021/03/12 00:00:00+00,Fri 12 Mar 2021,17366,1353,4,468220,174077,89,468309,174166,9.18211711670201,3.41486627365163,76
-7.6926,53.28823,2021/03/13 00:00:00+00,Sat 13 Mar 2021,8340,181,0,476560,174258,89,476649,174347,9.34563918600518,3.41841513390869,77
-7.6926,53.28823,2021/03/14 00:00:00+00,Sun 14 Mar 2021,400,23,3,476960,174281,92,477052,174373,9.35354079199189,3.41892491494009,78
-7.6926,53.28823,2021/03/15 00:00:00+00,Mon 15 Mar 2021,2681,1007,0,479641,175288,92,479733,175380,9.4061070591144,3.4386691264255,79
-7.6926,53.28823,2021/03/16 00:00:00+00,Tue 16 Mar 2021,8980,3834,2,488621,179122,94,488715,179216,9.58221679850062,3.51388143551986,80
-7.6926,53.28823,2021/03/17 00:00:00+00,Wed 17 Mar 2021,4915,2430,8,493536,181552,102,493638,181654,9.67874187610007,3.56168321069505,81
-7.6926,53.28823,2021/03/18 00:00:00+00,Thu 18 Mar 2021,11756,4693,8,505292,186245,110,505402,186355,9.90939818584616,3.65385554256485,82
-7.6926,53.28823,2021/03/19 00:00:00+00,Fri 19 Mar 2021,10400,6144,2,515692,192389,112,515804,192501,10.113349812332,3.77435993560289,83
-7.6926,53.28823,2021/03/20 00:00:00+00,Sat 20 Mar 2021,5266,3131,4,520958,195520,116,521074,195636,10.2166785060043,3.83582776381217,84
-7.6926,53.28823,2021/03/21 00:00:00+00,Sun 21 Mar 2021,3661,59,3,524619,195579,119,524738,195698,10.2885184175064,3.83704339550244,85
-7.6926,53.28823,2021/03/22 00:00:00+00,Mon 22 Mar 2021,7436,2422,1,532055,198001,120,532175,198121,10.4343353994497,3.88455106623644,86
-7.6926,53.28823,2021/03/23 00:00:00+00,Tue 23 Mar 2021,12584,7412,6,544639,205413,126,544765,205539,10.6811870604241,4.02999551588762,87
-7.6926,53.28823,2021/03/24 00:00:00+00,Wed 24 Mar 2021,13652,9790,2,558291,215203,128,558419,215331,10.9489005297605,4.22198689509824,88
-7.6926,53.28823,2021/03/25 00:00:00+00,Thu 25 Mar 2021,20901,10236,3,579192,225439,131,579323,225570,11.3587644790067,4.4227425866564,89
-7.6926,53.28823,2021/03/26 00:00:00+00,Fri 26 Mar 2021,19722,9517,1,598914,234956,132,599046,235088,11.7454726052497,4.60936165807457,90
-7.6926,53.28823,2021/03/27 00:00:00+00,Sat 27 Mar 2021,11777,5365,3,610691,240321,135,610826,240456,11.9764426263997,4.71461183409608,91
-7.6926,53.28823,2021/03/28 00:00:00+00,Sun 28 Mar 2021,2505,490,0,613196,240811,135,613331,240946,12.0255580680789,4.72421924584171,92
-7.6926,53.28823,2021/03/28 23:00:00+00,Mon 29 Mar 2021,9298,3132,3,622494,243943,138,622632,244081,12.2079224285811,4.78568707405099,93
-7.6926,53.28823,2021/03/29 23:00:00+00,Tue 30 Mar 2021,13356,8684,4,635850,252627,142,635992,252769,12.4698714508701,4.95603236638982,94
-7.6926,53.28823,2021/03/30 23:00:00+00,Wed 31 Mar 2021,15860,10518,4,651710,263145,146,651856,263291,12.7809163078756,5.16233682840516,95
-7.6926,53.28823,2021/03/31 23:00:00+00,Thu 01 Apr 2021,19737,11596,9,671447,274741,155,671602,274896,13.1680753942617,5.3898756310746,96
-7.6926,53.28823,2021/04/01 23:00:00+00,Fri 02 Apr 2021,20167,13731,9,691614,288472,164,691778,288636,13.5636654746287,5.65927529920715,97
-7.6926,53.28823,2021/04/02 23:00:00+00,Sat 03 Apr 2021,7564,4644,7,699178,293116,171,699349,293287,13.71210978958,5.75046728293965,98
-7.6926,53.28823,2022/02/02 00:00:00+00,Wed 02 Feb 2022,652,3000,0,3811477,3685607,241166,4052643,3926773,79.4600203245776,76.9920919237156,99
-7.6926,53.28823,2021/04/03 23:00:00+00,Sun 04 Apr 2021,3051,175,3,702229,293291,174,702403,293465,13.7719894538069,5.75395732230847,100
-7.6926,53.28823,2021/04/04 23:00:00+00,Mon 05 Apr 2021,3456,618,6,705685,293909,180,705865,294089,13.8398687588342,5.76619206706209,101
-7.6926,53.28823,2021/04/05 23:00:00+00,Tue 06 Apr 2021,12020,8162,14,717705,302071,194,717899,302265,14.0758189485217,5.92649859447488,102
-7.6926,53.28823,2022/02/03 00:00:00+00,Thu 03 Feb 2022,908,2436,1,3812385,3688043,241167,4053552,3929210,79.4778430537139,77.039874091928,103
-7.6926,53.28823,2022/02/04 00:00:00+00,Fri 04 Feb 2022,1173,6524,0,3813558,3694567,241167,4054725,3935734,79.5008420210151,77.1677899168841,104
-7.6926,53.28823,2022/02/05 00:00:00+00,Sat 05 Feb 2022,1777,5751,0,3815335,3700318,241167,4056502,3941485,79.5356835938151,77.2805495596374,105
-7.6926,53.28823,2022/02/06 00:00:00+00,Sun 06 Feb 2022,1407,7556,0,3816742,3707874,241167,4057909,3949041,79.563270590399,77.4286997701476,106
-7.6926,53.28823,2022/02/07 00:00:00+00,Mon 07 Feb 2022,443,1353,0,3817185,3709227,241167,4058352,3950394,79.5719564748955,77.4552279907432,107
-7.6926,53.28823,2022/02/08 00:00:00+00,Tue 08 Feb 2022,900,1239,0,3818085,3710466,241167,4059252,3951633,79.5896027413671,77.4795210175857,108
-7.6926,53.28823,2022/02/09 00:00:00+00,Wed 09 Feb 2022,1335,1785,0,3819420,3712251,241167,4060587,3953418,79.6157780366333,77.5145194460876,109
-7.6926,53.28823,2022/02/10 00:00:00+00,Thu 10 Feb 2022,687,2555,1,3820107,3714806,241168,4061275,3955974,79.6292676270026,77.5646348428669,110
-7.6926,53.28823,2022/02/11 00:00:00+00,Fri 11 Feb 2022,546,4927,0,3820653,3719733,241168,4061821,3960901,79.639973028662,77.6612383483173,111
-7.6926,53.28823,2022/02/12 00:00:00+00,Sat 12 Feb 2022,1397,5463,0,3822050,3725196,241168,4063218,3966364,79.6673639556185,77.7683511857997,112
-7.6926,53.28823,2022/02/13 00:00:00+00,Sun 13 Feb 2022,1566,4706,0,3823616,3729902,241168,4064784,3971070,79.698068459279,77.8606215524832,113
-7.6926,53.28823,2022/02/14 00:00:00+00,Mon 14 Feb 2022,175,954,0,3823791,3730856,241168,4064959,3972024,79.7014996777596,77.8793265949431,114
-7.6926,53.28823,2022/02/15 00:00:00+00,Tue 15 Feb 2022,650,817,1,3824441,3731673,241169,4065610,3972842,79.7142638105073,77.8953650904695,115
-7.6926,53.28823,2022/02/16 00:00:00+00,Wed 16 Feb 2022,799,1787,0,3825240,3733460,241169,4066409,3974629,79.7299297737415,77.9304027328969,116
-7.6926,53.28823,2022/02/17 00:00:00+00,Thu 17 Feb 2022,791,1194,2,3826031,3734654,241171,4067202,3975825,79.7454780951992,77.9538526603413,117
-7.6926,53.28823,2022/02/18 00:00:00+00,Fri 18 Feb 2022,792,3296,0,3826823,3737950,241171,4067994,3979121,79.7610068096942,78.0184772095528,118
-7.6926,53.28823,2022/02/19 00:00:00+00,Sat 19 Feb 2022,980,3557,0,3827803,3741507,241171,4068974,3982678,79.7802216331855,78.0882191760409,119
-7.6926,53.28823,2022/02/20 00:00:00+00,Sun 20 Feb 2022,1365,3588,0,3829168,3745095,241171,4070339,3986266,79.806985137334,78.1585689583742,120
-7.6926,53.28823,2022/02/21 00:00:00+00,Mon 21 Feb 2022,255,997,1,3829423,3746092,241172,4070595,3987264,79.8120045197971,78.1781367071949,121
-7.6926,53.28823,2022/02/22 00:00:00+00,Tue 22 Feb 2022,476,988,1,3829899,3747080,241173,4071072,3988253,79.821357041027,78.1975279933509,122
-7.6926,53.28823,2022/02/23 00:00:00+00,Wed 23 Feb 2022,829,1273,1,3830728,3748353,241174,4071902,3989527,79.8376308201063,78.2225072638895,123
-7.6926,53.28823,2022/02/24 00:00:00+00,Thu 24 Feb 2022,653,1237,0,3831381,3749590,241174,4072555,3990764,79.8504341667796,78.2467610768065,124
-7.6926,53.28823,2022/02/25 00:00:00+00,Fri 25 Feb 2022,693,1228,0,3832074,3750818,241174,4073248,3991992,79.8640217919627,78.2708384270589,125
-7.6926,53.28823,2022/02/26 00:00:00+00,Sat 26 Feb 2022,960,2093,0,3833034,3752911,241174,4074208,3994085,79.882844476199,78.3118758000866,126
-7.6926,53.28823,2022/02/27 00:00:00+00,Sun 27 Feb 2022,671,1783,0,3833705,3754694,241174,4074879,3995868,79.8960007482017,78.3468350146631,127
-7.6926,53.28823,2022/02/28 00:00:00+00,Mon 28 Feb 2022,81,437,0,3833786,3755131,241174,4074960,3996305,79.8975889121841,78.3554032573831,128
-7.6926,53.28823,2022/03/01 00:00:00+00,Tue 01 Mar 2022,134,938,0,3833920,3756069,241174,4075094,3997243,79.9002162451921,78.3737945884391,129
-7.6926,53.28823,2022/03/02 00:00:00+00,Wed 02 Mar 2022,207,997,2,3834127,3757066,241176,4075303,3998242,79.9043141004061,78.3933819442225,130
-7.6926,53.28823,2022/03/03 00:00:00+00,Thu 03 Mar 2022,279,1278,0,3834406,3758344,241176,4075582,3999520,79.9097844430123,78.4184396426121,131
-7.6926,53.28823,2022/03/04 00:00:00+00,Fri 04 Mar 2022,735,1508,1,3835141,3759852,241177,4076318,4001029,79.9242151675935,78.4480265493961,132
-7.6926,53.28823,2022/03/05 00:00:00+00,Sat 05 Mar 2022,963,3343,0,3836104,3763195,241177,4077281,4004372,79.943096672718,78.5135726258566,133
-7.6926,53.28823,2022/03/06 00:00:00+00,Sun 06 Mar 2022,455,1916,0,3836559,3765111,241177,4077736,4006288,79.9520178407675,78.5511395664783,134
-7.6926,53.28823,2022/03/07 00:00:00+00,Mon 07 Mar 2022,117,125,1,3836676,3765236,241178,4077854,4006414,79.9543314623716,78.5536100437843,135
-7.6926,53.28823,2022/03/08 00:00:00+00,Tue 08 Mar 2022,120,493,0,3836796,3765729,241178,4077974,4006907,79.9566842979011,78.5632762764182,136
-7.6926,53.28823,2022/03/09 00:00:00+00,Wed 09 Mar 2022,130,344,1,3836926,3766073,241179,4078105,4007252,79.9592528100209,78.5700406785656,137
-7.6926,53.28823,2022/03/10 00:00:00+00,Thu 10 Mar 2022,259,508,0,3837185,3766581,241179,4078364,4007760,79.9643310133721,78.5800010156407,138
-7.6926,53.28823,2022/03/11 00:00:00+00,Fri 11 Mar 2022,493,2183,0,3837678,3768764,241179,4078857,4009943,79.973997246006,78.6228030153156,139
-7.6926,53.28823,2022/03/12 00:00:00+00,Sat 12 Mar 2022,473,2393,2,3838151,3771157,241181,4079332,4012338,79.9833105533104,78.6697616910927,140
-7.6926,53.28823,2022/03/13 00:00:00+00,Sun 13 Mar 2022,358,1082,0,3838509,3772239,241181,4079690,4013420,79.9903298459736,78.6909764247841,141
-7.6926,53.28823,2022/03/14 00:00:00+00,Mon 14 Mar 2022,109,123,0,3838618,3772362,241181,4079799,4013543,79.9924670049129,78.6933880812018,142
-7.6926,53.28823,2022/03/15 00:00:00+00,Tue 15 Mar 2022,222,755,1,3838840,3773117,241182,4080022,4014299,79.9968393576053,78.708210945038,143
-7.6926,53.28823,2022/03/16 00:00:00+00,Wed 16 Mar 2022,195,799,0,3839035,3773916,241182,4080217,4015098,80.0006627153408,78.7238769082722,144
-7.6926,53.28823,2022/03/17 00:00:00+00,Thu 17 Mar 2022,1,3,0,3839036,3773919,241182,4080218,4015101,80.0006823223036,78.7239357291604,145
-7.6926,53.28823,2022/03/18 00:00:00+00,Fri 18 Mar 2022,4,7,0,3839040,3773926,241182,4080222,4015108,80.0007607501546,78.7240729778996,146
-7.6926,53.28823,2022/03/19 00:00:00+00,Sat 19 Mar 2022,743,2779,0,3839783,3776705,241182,4080965,4017887,80.015328723475,78.7785607273713,147
-7.6926,53.28823,2022/03/20 00:00:00+00,Sun 20 Mar 2022,395,1402,0,3840178,3778107,241182,4081360,4019289,80.0230734737597,78.8060496891414,148
-7.6926,53.28823,2022/03/21 00:00:00+00,Mon 21 Mar 2022,57,112,0,3840235,3778219,241182,4081417,4019401,80.0241910706362,78.808245668969,149
-7.6926,53.28823,2022/03/22 00:00:00+00,Tue 22 Mar 2022,141,575,0,3840376,3778794,241182,4081558,4019976,80.0269556523834,78.819519672548,150
-7.6926,53.28823,2022/03/23 00:00:00+00,Wed 23 Mar 2022,102,221,0,3840478,3779015,241182,4081660,4020197,80.0289555625836,78.8238528113149,151
-7.6926,53.28823,2022/03/24 00:00:00+00,Thu 24 Mar 2022,147,245,0,3840625,3779260,241182,4081807,4020442,80.0318377861072,78.8286565171878,152
-7.6926,53.28823,2022/03/25 00:00:00+00,Fri 25 Mar 2022,434,1625,0,3841059,3780885,241182,4082241,4022067,80.0403472079391,78.8605178316503,153
-7.6926,53.28823,2022/03/26 00:00:00+00,Sat 26 Mar 2022,874,1848,1,3841933,3782733,241183,4083116,4023916,80.057503300342,78.896771105768,154
-7.6926,53.28823,2022/03/27 00:00:00+00,Sun 27 Mar 2022,380,804,0,3842313,3783537,241183,4083496,4024720,80.0649539461856,78.9125351038159,155
-7.6926,53.28823,2022/03/27 23:00:00+00,Mon 28 Mar 2022,44,53,1,3842357,3783590,241184,4083541,4024774,80.0658362595091,78.9135938798042,156
-7.6926,53.28823,2022/03/28 23:00:00+00,Tue 29 Mar 2022,138,193,3,3842495,3783783,241187,4083682,4024970,80.0686008412563,78.9174368445025,157
-7.6926,53.28823,2022/03/29 23:00:00+00,Wed 30 Mar 2022,109,138,0,3842604,3783921,241187,4083791,4025108,80.0707380001957,78.9201426053614,158
-7.6926,53.28823,2022/03/30 23:00:00+00,Thu 31 Mar 2022,227,361,0,3842831,3784282,241187,4084018,4025469,80.0751887807391,78.9272207189128,159
-7.6926,53.28823,2022/03/31 23:00:00+00,Fri 01 Apr 2022,307,905,0,3843138,3785187,241187,4084325,4026374,80.0812081183021,78.9449650201981,160
-7.6926,53.28823,2022/04/01 23:00:00+00,Sat 02 Apr 2022,729,1538,1,3843867,3786725,241188,4085055,4027913,80.0955212011069,78.9751401358645,161
-7.6926,53.28823,2022/04/02 23:00:00+00,Sun 03 Apr 2022,538,817,0,3844405,3787542,241188,4085593,4028730,80.1060697470643,78.9911590244281,162
-7.6926,53.28823,2022/04/03 23:00:00+00,Mon 04 Apr 2022,50,53,0,3844455,3787595,241188,4085643,4028783,80.1070500952016,78.9921981934537,163
-7.6926,53.28823,2022/04/04 23:00:00+00,Tue 05 Apr 2022,132,170,0,3844587,3787765,241188,4085775,4028953,80.1096382142841,78.9955313771205,164
-7.6926,53.28823,2022/04/05 23:00:00+00,Wed 06 Apr 2022,158,211,0,3844745,3787976,241188,4085933,4029164,80.112736114398,78.99966844626,165
-7.6926,53.28823,2022/04/06 23:00:00+00,Thu 07 Apr 2022,117,181,0,3844862,3788157,241188,4086050,4029345,80.1150301290393,79.003217306517,166
-7.6926,53.28823,2022/04/07 23:00:00+00,Fri 08 Apr 2022,256,422,2,3845118,3788579,241190,4086308,4029769,80.1200887254278,79.0115306587214,167
-7.6926,53.28823,2022/04/08 23:00:00+00,Sat 09 Apr 2022,559,1019,0,3845677,3789598,241190,4086867,4030788,80.1310490176029,79.0315101537598,168
-7.6926,53.28823,2022/04/09 23:00:00+00,Sun 10 Apr 2022,413,720,0,3846090,3790318,241190,4087280,4031508,80.1391466932171,79.045627166937,169
-7.6926,53.28823,2022/04/10 23:00:00+00,Mon 11 Apr 2022,70,93,1,3846160,3790411,241191,4087351,4031602,80.1405387875721,79.0474702214352,170
-7.6926,53.28823,2022/04/11 23:00:00+00,Tue 12 Apr 2022,196,178,0,3846356,3790589,241191,4087547,4031780,80.1443817522703,79.050960260804,171
-7.6926,53.28823,2022/04/12 23:00:00+00,Wed 13 Apr 2022,142,235,0,3846498,3790824,241191,4087689,4032015,80.1471659409803,79.0555678970493,172
-7.6926,53.28823,2022/04/13 23:00:00+00,Thu 14 Apr 2022,359,431,0,3846857,3791255,241191,4088048,4032446,80.1542048406062,79.0640184979929,173
-7.6926,53.28823,2022/04/14 23:00:00+00,Fri 15 Apr 2022,446,990,0,3847303,3792245,241191,4088494,4033436,80.162949545991,79.0834293911117,174
-7.6926,53.28823,2022/04/15 23:00:00+00,Sat 16 Apr 2022,43,88,0,3847346,3792333,241191,4088537,4033524,80.1637926453891,79.0851548038333,175
-7.6926,53.28823,2022/04/16 23:00:00+00,Sun 17 Apr 2022,1,1,0,3847347,3792334,241191,4088538,4033525,80.1638122523518,79.0851744107961,176
-7.6926,53.28823,2022/04/17 23:00:00+00,Mon 18 Apr 2022,36,62,1,3847383,3792396,241192,4088575,4033588,80.1645377099734,79.0864096494491,177
-7.6926,53.28823,2022/04/18 23:00:00+00,Tue 19 Apr 2022,218,271,1,3847601,3792667,241193,4088794,4033860,80.1688316348148,79.091742743316,178
-7.6926,53.28823,2022/04/19 23:00:00+00,Wed 20 Apr 2022,252,607,0,3847853,3793274,241193,4089046,4034467,80.1737725894269,79.103644169703,179
-7.6926,53.28823,2022/04/20 23:00:00+00,Thu 21 Apr 2022,170,236,0,3848023,3793510,241193,4089216,4034703,80.1771057730937,79.1082714129111,180
-7.6926,53.28823,2022/04/21 23:00:00+00,Fri 22 Apr 2022,195,254,0,3848218,3793764,241193,4089411,4034957,80.1809291308292,79.1132515814486,181
-7.6926,53.28823,2022/04/22 23:00:00+00,Sat 23 Apr 2022,323,1010,0,3848541,3794774,241193,4089734,4035967,80.1872621797962,79.1330546138222,182
-7.6926,53.28823,2022/04/23 23:00:00+00,Sun 24 Apr 2022,181,252,0,3848722,3795026,241193,4089915,4036219,80.1908110400533,79.1379955684343,183
-7.6926,53.28823,2022/04/24 23:00:00+00,Mon 25 Apr 2022,41,60,1,3848763,3795086,241194,4089957,4036280,80.1916345324886,79.1391915931618,184
-7.6926,53.28823,2022/04/25 23:00:00+00,Tue 26 Apr 2022,144,238,0,3848907,3795324,241194,4090101,4036518,80.1944579351241,79.1438580502954,185
-7.6926,53.28823,2022/04/26 23:00:00+00,Wed 27 Apr 2022,123,207,0,3849030,3795531,241194,4090224,4036725,80.1968695915419,79.1479166915839,186
-7.6926,53.28823,2022/04/27 23:00:00+00,Thu 28 Apr 2022,100,130,0,3849130,3795661,241194,4090324,4036855,80.1988302878165,79.1504655967408,187
-7.6926,53.28823,2022/04/28 23:00:00+00,Fri 29 Apr 2022,169,222,0,3849299,3795883,241194,4090493,4037077,80.2021438645206,79.1548183424705,188
-7.6926,53.28823,2022/04/29 23:00:00+00,Sat 30 Apr 2022,281,724,0,3849580,3796607,241194,4090774,4037801,80.2076534210523,79.1690137834987,189
-7.6926,53.28823,2022/04/30 23:00:00+00,Sun 01 May 2022,187,748,0,3849767,3797355,241194,4090961,4038549,80.2113199230858,79.1836797916329,190
-7.6926,53.28823,2022/05/01 23:00:00+00,Mon 02 May 2022,12,26,0,3849779,3797381,241194,4090973,4038575,80.2115552066388,79.1841895726643,191
-7.6926,53.28823,2022/05/02 23:00:00+00,Tue 03 May 2022,96,117,0,3849875,3797498,241194,4091069,4038692,80.2134374750624,79.1864835873056,192
-7.6926,53.28823,2022/05/03 23:00:00+00,Wed 04 May 2022,113,129,0,3849988,3797627,241194,4091182,4038821,80.2156530618527,79.1890128854998,193
-7.6926,53.28823,2022/05/04 23:00:00+00,Thu 05 May 2022,112,166,0,3850100,3797793,241194,4091294,4038987,80.2178490416803,79.1922676413157,194
-7.6926,53.28823,2022/05/05 23:00:00+00,Fri 06 May 2022,138,257,0,3850238,3798050,241194,4091432,4039244,80.2205548025393,79.1973066307415,195
-7.6926,53.28823,2022/05/06 23:00:00+00,Sat 07 May 2022,441,1088,0,3850679,3799138,241194,4091873,4040332,80.2292014731103,79.2186390062093,196
-7.6926,53.28823,2022/05/07 23:00:00+00,Sun 08 May 2022,274,437,0,3850953,3799575,241194,4092147,4040769,80.2345737809028,79.2272072489294,197
-7.6926,53.28823,2022/05/08 23:00:00+00,Mon 09 May 2022,24,32,0,3850977,3799607,241194,4092171,4040801,80.2350443480087,79.2278346717373,198
-7.6926,53.28823,2022/05/09 23:00:00+00,Tue 10 May 2022,81,99,1,3851058,3799706,241195,4092253,4040901,80.2366521189539,79.2297953680119,199
-7.6926,53.28823,2022/05/10 23:00:00+00,Wed 11 May 2022,112,132,0,3851170,3799838,241195,4092365,4041033,80.2388480987814,79.2323834870944,200
-7.6926,53.28823,2021/04/06 23:00:00+00,Wed 07 Apr 2021,18389,10500,12,736094,312571,206,736300,312777,14.4366066700142,6.13260698686275,201
-7.6926,53.28823,2021/04/07 23:00:00+00,Thu 08 Apr 2021,20208,10585,18,756302,323156,224,756526,323380,14.8331770985185,6.34049961286052,202
-7.6926,53.28823,2021/04/08 23:00:00+00,Fri 09 Apr 2021,20690,9174,16,776992,332330,240,777232,332570,15.239158869141,6.52068760049794,203
-7.6926,53.28823,2021/04/09 23:00:00+00,Sat 10 Apr 2021,11195,4191,12,788187,336521,252,788439,336773,15.4588941006374,6.60309566492014,204
-7.6926,53.28823,2021/04/10 23:00:00+00,Sun 11 Apr 2021,2878,371,9,791065,336892,261,791326,337153,15.5154994020857,6.61054631076369,205
-7.6926,53.28823,2021/04/11 23:00:00+00,Mon 12 Apr 2021,7798,2811,14,798863,339703,275,799138,339978,15.6686689950588,6.66593598052166,206
-7.6926,53.28823,2021/04/12 23:00:00+00,Tue 13 Apr 2021,11536,8599,1,810399,348302,276,810675,348578,15.8948745242616,6.83455586013883,207
-7.6926,53.28823,2021/04/13 23:00:00+00,Wed 14 Apr 2021,20362,6604,2,830761,354906,278,831039,355184,16.2941507136248,6.96407945604011,208
-7.6926,53.28823,2021/04/14 23:00:00+00,Thu 15 Apr 2021,27125,10826,1,857886,365732,279,858165,366011,16.8260091850778,7.17636404169303,209
-7.6926,53.28823,2021/04/15 23:00:00+00,Fri 16 Apr 2021,27982,9853,1,885868,375585,280,886148,375865,17.3746708236042,7.36957105259391,210
-7.6926,53.28823,2021/04/16 23:00:00+00,Sat 17 Apr 2021,15864,4569,3,901732,380154,283,902015,380437,17.6857745014979,7.45921408626946,211
-7.6926,53.28823,2021/04/17 23:00:00+00,Sun 18 Apr 2021,1082,490,0,902814,380644,283,903097,380927,17.7069892351892,7.46882149801509,212
-7.6926,53.28823,2021/04/18 23:00:00+00,Mon 19 Apr 2021,6774,2271,0,909588,382915,283,909871,383198,17.8398068008319,7.51334891041167,213
-7.6926,53.28823,2021/04/19 23:00:00+00,Tue 20 Apr 2021,15107,7336,1,924695,390251,284,924979,390535,18.1360287940012,7.65720519608041,214
-7.6926,53.28823,2021/04/20 23:00:00+00,Wed 21 Apr 2021,26753,9908,4,951448,400159,288,951736,400447,18.6606522962008,7.85154941082057,215
-7.6926,53.28823,2021/04/21 23:00:00+00,Thu 22 Apr 2021,31648,12200,1,983096,412359,289,983385,412648,19.2811930601547,8.09077396328675,216
-7.6926,53.28823,2021/04/22 23:00:00+00,Fri 23 Apr 2021,33626,12368,3,1016722,424727,292,1017014,425019,19.9405556103461,8.33333169941977,217
-7.6926,53.28823,2021/04/23 23:00:00+00,Sat 24 Apr 2021,23714,7018,2,1040436,431745,294,1040730,432039,20.4055543388346,8.47097257789797,218
-7.6926,53.28823,2021/04/24 23:00:00+00,Sun 25 Apr 2021,9760,312,3,1050196,432057,297,1050493,432354,20.5969771161256,8.47714877116302,219
-7.6926,53.28823,2021/04/25 23:00:00+00,Mon 26 Apr 2021,15608,3064,4,1065804,435121,301,1066105,435422,20.903081018519,8.53730293286831,220
-7.6926,53.28823,2021/04/26 23:00:00+00,Tue 27 Apr 2021,25936,7829,9,1091740,442950,310,1092050,443260,21.4117836669687,8.69098230687289,221
-7.6926,53.28823,2021/04/27 23:00:00+00,Wed 28 Apr 2021,26061,8635,7,1117801,451585,317,1118118,451902,21.9228979718362,8.8604256789254,222
-7.6926,53.28823,2021/04/28 23:00:00+00,Thu 29 Apr 2021,31709,11340,7,1149510,462925,324,1149834,463249,22.5447524022941,9.08290588520633,223
-7.6926,53.28823,2021/04/29 23:00:00+00,Fri 30 Apr 2021,36119,13547,8,1185629,476472,332,1185961,476804,23.2530931454254,9.34867826523083,224
-7.6926,53.28823,2021/04/30 23:00:00+00,Sat 01 May 2021,16648,6705,21,1202277,483177,353,1202630,483530,23.5799216074415,9.48055469666166,225
-7.6926,53.28823,2021/05/01 23:00:00+00,Sun 02 May 2021,12487,915,16,1214764,484092,369,1215133,484461,23.8250674626571,9.49880877897836,226
-7.6926,53.28823,2021/05/02 23:00:00+00,Mon 03 May 2021,14287,942,21,1229051,485034,390,1229441,485424,24.1056038856294,9.51769028410293,227
-7.6926,53.28823,2021/05/03 23:00:00+00,Tue 04 May 2021,26684,6814,11,1255735,491848,401,1256136,492249,24.6290117561388,9.65150780484563,228
-7.6926,53.28823,2021/05/04 23:00:00+00,Wed 05 May 2021,32157,13476,70,1287892,505324,471,1288363,505795,25.26088534456,9.91710372220541,229
-7.6926,53.28823,2021/05/05 23:00:00+00,Thu 06 May 2021,37318,14389,133,1325210,519713,604,1325814,520317,25.9951857063673,10.2018360352055,230
-7.6926,53.28823,2021/05/06 23:00:00+00,Fri 07 May 2021,40619,15102,99,1365829,534815,703,1366532,535518,26.7935420154664,10.4998814759102,231
-7.6926,53.28823,2021/05/07 23:00:00+00,Sat 08 May 2021,25647,7073,10,1391476,541888,713,1392189,542601,27.2965978586452,10.6387575930414,232
-7.6926,53.28823,2021/05/08 23:00:00+00,Sun 09 May 2021,19688,936,5,1411164,542824,718,1411882,543542,27.6827177760057,10.6572077449856,233
-7.6926,53.28823,2021/05/09 23:00:00+00,Mon 10 May 2021,28877,4667,172,1440041,547491,890,1440931,548381,28.2522804368196,10.7520858377143,234
-7.6926,53.28823,2021/05/10 23:00:00+00,Tue 11 May 2021,33936,14827,153,1473977,562318,1043,1475020,563361,28.9206621898742,11.0457981396522,235
-7.6926,53.28823,2021/05/11 23:00:00+00,Wed 12 May 2021,31325,20940,176,1505302,583258,1219,1506521,584477,29.5383011233417,11.4598187650006,236
-7.6926,53.28823,2021/05/12 23:00:00+00,Thu 13 May 2021,36025,25491,153,1541327,608749,1372,1542699,610121,30.2476418215731,11.9626197176637,237
-7.6926,53.28823,2021/05/13 23:00:00+00,Fri 14 May 2021,38251,27960,237,1579578,636709,1609,1581187,638318,31.0022746037482,12.5154772462178,238
-7.6926,53.28823,2021/05/14 23:00:00+00,Sat 15 May 2021,28895,12471,22,1608473,649180,1631,1610104,650811,31.5692491454795,12.7604270318058,239
-7.6926,53.28823,2021/05/15 23:00:00+00,Sun 16 May 2021,23200,1188,11,1631673,650368,1642,1633315,652010,32.0243463577812,12.7839357801385,240
-7.6926,53.28823,2021/05/16 23:00:00+00,Mon 17 May 2021,35412,3967,120,1667085,654335,1762,1668847,656097,32.7210209580785,12.8640694368821,241
-7.6926,53.28823,2021/05/17 23:00:00+00,Tue 18 May 2021,39051,12518,127,1706136,666853,1889,1708025,668742,33.4891825445485,13.1119994808076,242
-7.6926,53.28823,2021/05/18 23:00:00+00,Wed 19 May 2021,37056,17621,212,1743192,684474,2101,1745293,686575,34.2198948321732,13.4616504474603,243
-7.6926,53.28823,2021/05/19 23:00:00+00,Thu 20 May 2021,39122,19647,138,1782314,704121,2239,1784553,706360,34.9896641895883,13.8495742053935,244
-7.6926,53.28823,2021/05/20 23:00:00+00,Fri 21 May 2021,25870,23270,14937,1808184,727391,17176,1825360,744567,35.7897655183718,14.5986974310369,245
-7.6926,53.28823,2021/05/21 23:00:00+00,Sat 22 May 2021,16621,10264,13524,1824805,737655,30700,1855505,768355,36.3808174103555,15.0651078608431,246
-7.6926,53.28823,2021/05/22 23:00:00+00,Sun 23 May 2021,8239,5544,10205,1833044,743199,40905,1873949,784104,36.7424482312461,15.3738979171327,247
-7.6926,53.28823,2021/05/23 23:00:00+00,Mon 24 May 2021,22580,8254,8453,1855624,751453,49358,1904982,800811,37.3509111061484,15.7014714437332,248
-7.6926,53.28823,2021/05/24 23:00:00+00,Tue 25 May 2021,30391,16533,3225,1886015,767986,52583,1938598,820569,38.010018765824,16.0888658136723,249
-7.6926,53.28823,2021/05/25 23:00:00+00,Wed 26 May 2021,20009,25492,3055,1906024,793478,55638,1961662,849116,38.462233754602,16.6485857791876,250
-7.6926,53.28823,2021/05/26 23:00:00+00,Thu 27 May 2021,17048,36072,550,1923072,829550,56188,1979260,885738,38.8072770850093,17.3666319688783,251
-7.6926,53.28823,2021/05/27 23:00:00+00,Fri 28 May 2021,27074,31851,1562,1950146,861401,57750,2007896,919151,39.368742070209,18.0217594151165,252
-7.6926,53.28823,2021/05/28 23:00:00+00,Sat 29 May 2021,24516,7408,538,1974662,868809,58288,2032950,927097,39.8599749148519,18.1775563410976,253
-7.6926,53.28823,2021/05/29 23:00:00+00,Sun 30 May 2021,24278,1697,210,1998940,870506,58498,2057438,929004,40.3401102185804,18.2149468190546,254
-7.6926,53.28823,2021/05/30 23:00:00+00,Mon 31 May 2021,22626,7325,3445,2021566,877831,61943,2083509,939774,40.8512833443361,18.426113807831,255
-7.6926,53.28823,2021/05/31 23:00:00+00,Tue 01 Jun 2021,27652,11543,3657,2049218,889374,65600,2114818,954974,41.4651577409563,18.724139641573,256
-7.6926,53.28823,2021/06/01 23:00:00+00,Wed 02 Jun 2021,18738,20925,4010,2067956,910299,69610,2137566,979909,41.9111769295065,19.213039257649,257
-7.6926,53.28823,2021/06/02 23:00:00+00,Thu 03 Jun 2021,16731,30720,1978,2084687,941019,71588,2156275,1012607,42.2780035955248,19.8541477255237,258
-7.6926,53.28823,2021/06/03 23:00:00+00,Fri 04 Jun 2021,29034,23358,155,2113721,964377,71743,2185464,1036120,42.8503112311232,20.3151662405747,259
-7.6926,53.28823,2021/06/04 23:00:00+00,Sat 05 Jun 2021,20996,11514,37,2134717,975891,71780,2206497,1047671,43.2627044785636,20.5416462672558,260
-7.6926,53.28823,2021/06/05 23:00:00+00,Sun 06 Jun 2021,19976,3927,47,2154693,979818,71827,2226520,1051645,43.6552946936304,20.6195643372092,261
-7.6926,53.28823,2021/06/06 23:00:00+00,Mon 07 Jun 2021,19862,4617,48,2174555,984435,71875,2246430,1056310,44.0456693219069,20.7110308184201,262
-7.6926,53.28823,2021/06/07 23:00:00+00,Tue 08 Jun 2021,26450,18360,48,2201005,1002795,71923,2272928,1074718,44.5652146207553,21.0719557886518,263
-7.6926,53.28823,2021/06/08 23:00:00+00,Wed 09 Jun 2021,32851,20142,178,2233856,1022937,72101,2305957,1095038,45.2128129932989,21.4703692716543,264
-7.6926,53.28823,2021/06/09 23:00:00+00,Thu 10 Jun 2021,27733,27516,273,2261589,1050453,72374,2333963,1122827,45.7619255919685,22.0152271594079,265
-7.6926,53.28823,2021/06/10 23:00:00+00,Fri 11 Jun 2021,26488,32923,44,2288077,1083376,72418,2360495,1155794,46.2821375275502,22.6616099002613,266
-7.6926,53.28823,2021/06/11 23:00:00+00,Sat 12 Jun 2021,12243,19743,105,2300320,1103119,72523,2372843,1175642,46.5242443035401,23.0507688968476,267
-7.6926,53.28823,2021/06/12 23:00:00+00,Sun 13 Jun 2021,8566,18189,835,2308886,1121308,73358,2382244,1194666,46.708569360317,23.423771756131,268
-7.6926,53.28823,2021/06/13 23:00:00+00,Mon 14 Jun 2021,16051,31330,55,2324937,1152638,73413,2398350,1226051,47.024359102307,24.0391362819199,269
-7.6926,53.28823,2021/06/14 23:00:00+00,Tue 15 Jun 2021,14744,41611,207,2339681,1194249,73620,2413301,1267869,47.3175028023252,24.8590602500398,270
-7.6926,53.28823,2021/06/15 23:00:00+00,Wed 16 Jun 2021,13511,48412,220,2353192,1242661,73840,2427032,1316501,47.586726007793,25.8125860623121,271
-7.6926,53.28823,2021/06/16 23:00:00+00,Thu 17 Jun 2021,21607,42712,536,2374799,1285373,74376,2449175,1359749,48.0208829838817,26.660547987159,272
-7.6926,53.28823,2021/06/17 23:00:00+00,Fri 18 Jun 2021,12039,50049,555,2386838,1335422,74931,2461769,1410353,48.2678130727071,27.6527387299668,273
-7.6926,53.28823,2021/06/18 23:00:00+00,Sat 19 Jun 2021,6349,32829,434,2393187,1368251,75365,2468552,1443616,48.4008071010145,28.3049251317931,274
-7.6926,53.28823,2021/06/19 23:00:00+00,Sun 20 Jun 2021,8542,26158,178,2401729,1394409,75543,2477272,1469952,48.5717798161612,28.8212941026766,275
-7.6926,53.28823,2021/06/20 23:00:00+00,Mon 21 Jun 2021,15519,32365,575,2417248,1426774,76118,2493366,1502892,48.8873342745983,29.4671474555358,276
-7.6926,53.28823,2021/06/21 23:00:00+00,Tue 22 Jun 2021,15173,43578,723,2432421,1470352,76841,2509262,1547193,49.1990065544116,30.3357555121545,277
-7.6926,53.28823,2021/06/22 23:00:00+00,Wed 23 Jun 2021,20109,39417,887,2452530,1509769,77728,2530258,1587497,49.6106743442304,31.1259945386766,278
-7.6926,53.28823,2021/06/23 23:00:00+00,Thu 24 Jun 2021,19056,44288,1033,2471586,1554057,78761,2550347,1632818,50.0045586188385,32.0146016972963,279
-7.6926,53.28823,2021/06/24 23:00:00+00,Fri 25 Jun 2021,15238,50144,844,2486824,1604201,79605,2566429,1683806,50.3198777937226,33.0143215137987,280
-7.6926,53.28823,2021/06/25 23:00:00+00,Sat 26 Jun 2021,9095,30599,513,2495919,1634800,80118,2576037,1714918,50.5082614917879,33.6243333387579,281
-7.6926,53.28823,2021/06/26 23:00:00+00,Sun 27 Jun 2021,8750,30497,59,2504669,1665297,80177,2584846,1745474,50.680979226619,34.2234436924303,282
-7.6926,53.28823,2021/06/27 23:00:00+00,Mon 28 Jun 2021,24260,24685,528,2528929,1689982,80705,2609634,1770687,51.1669966191714,34.7177940441498,283
-7.6926,53.28823,2021/06/28 23:00:00+00,Tue 29 Jun 2021,28168,31075,812,2557097,1721057,81517,2638614,1802574,51.7352063995558,35.3430012652373,284
-7.6926,53.28823,2021/06/29 23:00:00+00,Wed 30 Jun 2021,22615,36910,593,2579712,1757967,82110,2661822,1840077,52.1902447909692,36.0783211891074,285
-7.6926,53.28823,2021/06/30 23:00:00+00,Thu 01 Jul 2021,15079,48344,644,2594791,1806311,82754,2677545,1889065,52.4985250662274,37.0388270801174,286
-7.6926,53.28823,2021/07/01 23:00:00+00,Fri 02 Jul 2021,13718,47309,819,2608509,1853620,83573,2692082,1937193,52.7835514836687,37.9824709831657,287
-7.6926,53.28823,2021/07/02 23:00:00+00,Sat 03 Jul 2021,9337,30507,507,2617846,1884127,84080,2701926,1968207,52.9765624249421,38.5905613257758,288
-7.6926,53.28823,2021/07/03 23:00:00+00,Sun 04 Jul 2021,6469,27797,233,2624315,1911924,84313,2708628,1996237,53.107968289267,39.1401444915513,289
-7.6926,53.28823,2021/07/04 23:00:00+00,Mon 05 Jul 2021,15654,33498,5344,2639969,1945422,89657,2729626,2035079,53.5196752930113,39.9017181385385,290
-7.6926,53.28823,2021/07/05 23:00:00+00,Tue 06 Jul 2021,12425,48325,5491,2652394,1993747,95148,2747542,2088895,53.870953637572,40.956886445687,291
-7.6926,53.28823,2021/07/06 23:00:00+00,Wed 07 Jul 2021,19730,43796,5061,2672124,2037543,100209,2772333,2137752,54.3570298510126,41.9148238245773,292
-7.6926,53.28823,2021/07/07 23:00:00+00,Thu 08 Jul 2021,17814,45634,6003,2689938,2083177,106212,2796150,2189389,54.8240088827384,42.9272685599019,293
-7.6926,53.28823,2021/07/08 23:00:00+00,Fri 09 Jul 2021,13543,45127,6534,2703481,2128304,112746,2816227,2241050,55.2176578737935,43.9401838623325,294
-7.6926,53.28823,2021/07/09 23:00:00+00,Sat 10 Jul 2021,8666,23902,4365,2712147,2152206,117111,2829258,2269317,55.473156205339,44.4944138782788,295
-7.6926,53.28823,2021/07/10 23:00:00+00,Sun 11 Jul 2021,15250,16136,2153,2727397,2168342,119264,2846661,2287606,55.8143761780108,44.8530056199437,296
-7.6926,53.28823,2021/07/11 23:00:00+00,Mon 12 Jul 2021,17140,31792,6095,2744537,2200134,125359,2869896,2325493,56.2699439574184,45.5958546175084,297
-7.6926,53.28823,2021/07/12 23:00:00+00,Tue 13 Jul 2021,20128,36602,8490,2764665,2236736,133849,2898514,2370585,56.8310560172886,46.4799717816592,298
-7.6926,53.28823,2021/07/13 23:00:00+00,Wed 14 Jul 2021,20813,35746,9335,2785478,2272482,143184,2928662,2415666,57.4221667301605,47.3638732692199,299
-7.6926,53.28823,2021/07/14 23:00:00+00,Thu 15 Jul 2021,23680,28875,9588,2809158,2301357,152772,2961930,2454129,58.0744511668005,48.1180158773263,300
-7.6926,53.28823,2022/05/11 23:00:00+00,Thu 12 May 2022,207,398,0,3851377,3800236,241195,4092572,4041431,80.2429067400699,79.2401870582674,301
-7.6926,53.28823,2022/05/12 23:00:00+00,Fri 13 May 2022,173,327,0,3851550,3800563,241195,4092745,4041758,80.246298744625,79.2465985350854,302
-7.6926,53.28823,2022/05/13 23:00:00+00,Sat 14 May 2022,333,633,0,3851883,3801196,241195,4093078,4042391,80.2528278632195,79.2590097425037,303
-7.6926,53.28823,2022/05/14 23:00:00+00,Sun 15 May 2022,168,254,0,3852051,3801450,241195,4093246,4042645,80.2561218329608,79.2639899110413,304
-7.6926,53.28823,2022/05/15 23:00:00+00,Mon 16 May 2022,31,41,0,3852082,3801491,241195,4093277,4042686,80.256729648806,79.2647937965138,305
-7.6926,53.28823,2022/05/16 23:00:00+00,Tue 17 May 2022,97,101,0,3852179,3801592,241195,4093374,4042787,80.2586315241924,79.2667740997512,306
-7.6926,53.28823,2022/05/17 23:00:00+00,Wed 18 May 2022,99,123,0,3852278,3801715,241195,4093473,4042910,80.2605726135042,79.269185756169,307
-7.6926,53.28823,2022/05/18 23:00:00+00,Thu 19 May 2022,73,107,0,3852351,3801822,241195,4093546,4043017,80.2620039217847,79.2712837011828,308
-7.6926,53.28823,2022/05/19 23:00:00+00,Fri 20 May 2022,128,210,0,3852479,3802032,241195,4093674,4043227,80.2645136130162,79.2754011633595,309
-7.6926,53.28823,2022/05/20 23:00:00+00,Sat 21 May 2022,392,762,0,3852871,3802794,241195,4094066,4043989,80.2721995424127,79.2903416689721,310
-7.6926,53.28823,2022/05/21 23:00:00+00,Sun 22 May 2022,234,410,0,3853105,3803204,241195,4094300,4044399,80.2767875716953,79.2983805236981,311
-7.6926,53.28823,2022/05/22 23:00:00+00,Mon 23 May 2022,26,35,0,3853131,3803239,241195,4094326,4044434,80.2772973527267,79.2990667673942,312
-7.6926,53.28823,2022/05/23 23:00:00+00,Tue 24 May 2022,65,83,0,3853196,3803322,241195,4094391,4044517,80.2785718053052,79.3006941453021,313
-7.6926,53.28823,2022/05/24 23:00:00+00,Wed 25 May 2022,87,133,1,3853283,3803455,241196,4094479,4044651,80.2802972180269,79.3033214783101,314
-7.6926,53.28823,2022/05/25 23:00:00+00,Thu 26 May 2022,99,155,0,3853382,3803610,241196,4094578,4044806,80.2822383073387,79.3063605575358,315
-7.6926,53.28823,2022/05/26 23:00:00+00,Fri 27 May 2022,95,152,1,3853477,3803762,241197,4094674,4044959,80.2841205757624,79.3093604228359,316
-7.6926,53.28823,2022/05/27 23:00:00+00,Sat 28 May 2022,335,580,0,3853812,3804342,241197,4095009,4045539,80.2906889082823,79.3207324612287,317
-7.6926,53.28823,2022/05/28 23:00:00+00,Sun 29 May 2022,181,349,0,3853993,3804691,241197,4095190,4045888,80.2942377685394,79.3275752912271,318
-7.6926,53.28823,2022/05/29 23:00:00+00,Mon 30 May 2022,9,24,0,3854002,3804715,241197,4095199,4045912,80.2944142312041,79.328045858333,319
-7.6926,53.28823,2022/05/30 23:00:00+00,Tue 31 May 2022,65,80,2,3854067,3804795,241199,4095266,4045994,80.2957278977081,79.3296536292782,320
-7.6926,53.28823,2022/05/31 23:00:00+00,Wed 01 Jun 2022,73,102,0,3854140,3804897,241199,4095339,4046096,80.2971592059886,79.3316535394783,321
-7.6926,53.28823,2022/06/01 23:00:00+00,Thu 02 Jun 2022,92,142,0,3854232,3805039,241199,4095431,4046238,80.2989630465612,79.3344377281883,322
-7.6926,53.28823,2022/06/02 23:00:00+00,Fri 03 Jun 2022,59,143,0,3854291,3805182,241199,4095490,4046381,80.3001198573633,79.337241523861,323
-7.6926,53.28823,2022/06/03 23:00:00+00,Sat 04 Jun 2022,305,607,0,3854596,3805789,241199,4095795,4046988,80.3060999810009,79.3491429502479,324
-7.6926,53.28823,2022/06/04 23:00:00+00,Sun 05 Jun 2022,143,273,0,3854739,3806062,241199,4095938,4047261,80.3089037766736,79.3544956510776,325
-7.6926,53.28823,2022/06/05 23:00:00+00,Mon 06 Jun 2022,5,7,1,3854744,3806069,241200,4095944,4047269,80.30902141845,79.3546525067796,326
-7.6926,53.28823,2022/06/06 23:00:00+00,Tue 07 Jun 2022,29,54,0,3854773,3806123,241200,4095973,4047323,80.3095900203697,79.3557112827679,327
-7.6926,53.28823,2022/06/07 23:00:00+00,Wed 08 Jun 2022,36,76,0,3854809,3806199,241200,4096009,4047399,80.3102958710285,79.3572014119366,328
-7.6926,53.28823,2022/06/08 23:00:00+00,Thu 09 Jun 2022,74,122,0,3854883,3806321,241200,4096083,4047521,80.3117467862718,79.3595934613916,329
-7.6926,53.28823,2022/06/09 23:00:00+00,Fri 10 Jun 2022,56,108,0,3854939,3806429,241200,4096139,4047629,80.3128447761855,79.3617110133682,330
-7.6926,53.28823,2022/06/10 23:00:00+00,Sat 11 Jun 2022,190,562,0,3855129,3806991,241200,4096329,4048191,80.3165700991073,79.3727301264316,331
-7.6926,53.28823,2022/06/11 23:00:00+00,Sun 12 Jun 2022,143,288,0,3855272,3807279,241200,4096472,4048479,80.31937389478,79.3783769317025,332
-7.6926,53.28823,2022/06/12 23:00:00+00,Mon 13 Jun 2022,17,42,0,3855289,3807321,241200,4096489,4048521,80.3197072131467,79.3792004241378,333
-7.6926,53.28823,2022/06/13 23:00:00+00,Tue 14 Jun 2022,37,55,0,3855326,3807376,241200,4096526,4048576,80.3204326707683,79.3802788070889,334
-7.6926,53.28823,2022/06/14 23:00:00+00,Wed 15 Jun 2022,66,124,0,3855392,3807500,241200,4096592,4048700,80.3217267303096,79.3827100704694,335
-7.6926,53.28823,2022/06/15 23:00:00+00,Thu 16 Jun 2022,43,84,0,3855435,3807584,241200,4096635,4048784,80.3225698297076,79.3843570553401,336
-7.6926,53.28823,2022/06/16 23:00:00+00,Fri 17 Jun 2022,59,95,0,3855494,3807679,241200,4096694,4048879,80.3237266405097,79.386219716801,337
-7.6926,53.28823,2022/06/17 23:00:00+00,Sat 18 Jun 2022,223,488,0,3855717,3808167,241200,4096917,4049367,80.3280989932021,79.3957879146211,338
-7.6926,53.28823,2022/06/18 23:00:00+00,Sun 19 Jun 2022,79,129,0,3855796,3808296,241200,4096996,4049496,80.329647943259,79.3983172128154,339
-7.6926,53.28823,2022/06/19 23:00:00+00,Mon 20 Jun 2022,9,28,0,3855805,3808324,241200,4097005,4049524,80.3298244059237,79.3988662077722,340
-7.6926,53.28823,2022/06/20 23:00:00+00,Tue 21 Jun 2022,74,169,1,3855879,3808493,241201,4097080,4049694,80.3312949281297,79.4021993914391,341
-7.6926,53.28823,2022/06/21 23:00:00+00,Wed 22 Jun 2022,60,96,0,3855939,3808589,241201,4097140,4049790,80.3324713458945,79.4040816598627,342
-7.6926,53.28823,2022/06/22 23:00:00+00,Thu 23 Jun 2022,64,113,0,3856003,3808702,241201,4097204,4049903,80.3337261915102,79.406297246653,343
-7.6926,53.28823,2022/06/23 23:00:00+00,Fri 24 Jun 2022,55,93,1,3856058,3808795,241202,4097260,4049997,80.334824181424,79.4081403011512,344
-7.6926,53.28823,2022/06/24 23:00:00+00,Sat 25 Jun 2022,210,293,0,3856268,3809088,241202,4097470,4050290,80.3389416436007,79.4138851412358,345
-7.6926,53.28823,2022/06/25 23:00:00+00,Sun 26 Jun 2022,174,402,0,3856442,3809490,241202,4097644,4050692,80.3423532551186,79.4217671402598,346
-7.6926,53.28823,2022/06/26 23:00:00+00,Mon 27 Jun 2022,5,35,0,3856447,3809525,241202,4097649,4050727,80.3424512899323,79.4224533839559,347
-7.6926,53.28823,2022/06/27 23:00:00+00,Tue 28 Jun 2022,49,60,0,3856496,3809585,241202,4097698,4050787,80.3434120311068,79.4236298017207,348
-7.6926,53.28823,2022/06/28 23:00:00+00,Wed 29 Jun 2022,63,81,4,3856559,3809666,241206,4097765,4050872,80.3447256976108,79.4252963935541,349
-7.6926,53.28823,2022/06/29 23:00:00+00,Thu 30 Jun 2022,48,89,0,3856607,3809755,241206,4097813,4050961,80.3456668318227,79.4270414132385,350
-7.6926,53.28823,2022/06/30 23:00:00+00,Fri 01 Jul 2022,46,66,0,3856653,3809821,241206,4097859,4051027,80.346568752109,79.4283354727798,351
-7.6926,53.28823,2022/07/01 23:00:00+00,Sat 02 Jul 2022,182,228,0,3856835,3810049,241206,4098041,4051255,80.3501372193288,79.4328058602859,352
-7.6926,53.28823,2022/07/02 23:00:00+00,Sun 03 Jul 2022,108,274,0,3856943,3810323,241206,4098149,4051529,80.3522547713054,79.4381781680783,353
-7.6926,53.28823,2022/07/03 23:00:00+00,Mon 04 Jul 2022,15,15,0,3856958,3810338,241206,4098164,4051544,80.3525488757465,79.4384722725195,354
-7.6926,53.28823,2022/07/04 23:00:00+00,Tue 05 Jul 2022,51,69,0,3857009,3810407,241206,4098215,4051613,80.3535488308466,79.439825152949,355
-7.6926,53.28823,2022/07/05 23:00:00+00,Wed 06 Jul 2022,60,83,0,3857069,3810490,241206,4098275,4051696,80.3547252486114,79.4414525308569,356
-7.6926,53.28823,2022/07/06 23:00:00+00,Thu 07 Jul 2022,77,77,0,3857146,3810567,241206,4098352,4051773,80.3562349847428,79.4429622669884,357
-7.6926,53.28823,2022/07/07 23:00:00+00,Fri 08 Jul 2022,99,91,0,3857245,3810658,241206,4098451,4051864,80.3581760740547,79.4447465005983,358
-7.6926,53.28823,2022/07/08 23:00:00+00,Sat 09 Jul 2022,119,144,0,3857364,3810802,241206,4098570,4052008,80.3605093026215,79.4475699032338,359
-7.6926,53.28823,2022/07/09 23:00:00+00,Sun 10 Jul 2022,134,219,0,3857498,3811021,241206,4098704,4052227,80.3631366356295,79.4518638280752,360
-7.6926,53.28823,2022/07/10 23:00:00+00,Mon 11 Jul 2022,11,16,0,3857509,3811037,241206,4098715,4052243,80.3633523122197,79.4521775394791,361
-7.6926,53.28823,2022/07/11 23:00:00+00,Tue 12 Jul 2022,44,81,0,3857553,3811118,241206,4098759,4052324,80.3642150185805,79.4537657034616,362
-7.6926,53.28823,2022/07/12 23:00:00+00,Wed 13 Jul 2022,99,74,1,3857652,3811192,241207,4098859,4052399,80.3661757148552,79.4552362256675,363
-7.6926,53.28823,2022/07/13 23:00:00+00,Thu 14 Jul 2022,73,39,0,3857725,3811231,241207,4098932,4052438,80.3676070231356,79.4560008972146,364
-7.6926,53.28823,2022/07/14 23:00:00+00,Fri 15 Jul 2022,80,118,1,3857805,3811349,241208,4099013,4052557,80.3691951871181,79.4583341257814,365
-7.6926,53.28823,2022/07/15 23:00:00+00,Sat 16 Jul 2022,124,209,0,3857929,3811558,241208,4099137,4052766,80.3716264504986,79.4624319809954,366
-7.6926,53.28823,2022/07/16 23:00:00+00,Sun 17 Jul 2022,119,165,0,3858048,3811723,241208,4099256,4052931,80.3739596790654,79.4656671298485,367
-7.6926,53.28823,2022/07/17 23:00:00+00,Mon 18 Jul 2022,14,18,0,3858062,3811741,241208,4099270,4052949,80.3742341765438,79.4660200551779,368
-7.6926,53.28823,2022/07/18 23:00:00+00,Tue 19 Jul 2022,30,34,0,3858092,3811775,241208,4099300,4052983,80.3748223854262,79.4666866919113,369
-7.6926,53.28823,2022/07/19 23:00:00+00,Wed 20 Jul 2022,78,66,0,3858170,3811841,241208,4099378,4053049,80.3763517285204,79.4679807514525,370
-7.6926,53.28823,2022/07/20 23:00:00+00,Thu 21 Jul 2022,52,30,0,3858222,3811871,241208,4099430,4053079,80.3773712905832,79.4685689603349,371
-7.6926,53.28823,2022/07/21 23:00:00+00,Fri 22 Jul 2022,75,70,0,3858297,3811941,241208,4099505,4053149,80.3788418127892,79.4699414477272,372
-7.6926,53.28823,2022/07/22 23:00:00+00,Sat 23 Jul 2022,100,175,0,3858397,3812116,241208,4099605,4053324,80.3808025090638,79.4733726662077,373
-7.6926,53.28823,2022/07/23 23:00:00+00,Sun 24 Jul 2022,108,230,0,3858505,3812346,241208,4099713,4053554,80.3829200610404,79.4778822676394,374
-7.6926,53.28823,2022/07/24 23:00:00+00,Mon 25 Jul 2022,14,23,0,3858519,3812369,241208,4099727,4053577,80.3831945585188,79.4783332277825,375
-7.6926,53.28823,2022/07/25 23:00:00+00,Tue 26 Jul 2022,18,16,0,3858537,3812385,241208,4099745,4053593,80.3835474838483,79.4786469391865,376
-7.6926,53.28823,2022/07/26 23:00:00+00,Wed 27 Jul 2022,61,72,1,3858598,3812457,241209,4099807,4053666,80.3847631155385,79.4800782474669,377
-7.6926,53.28823,2022/07/27 23:00:00+00,Thu 28 Jul 2022,49,73,0,3858647,3812530,241209,4099856,4053739,80.3857238567131,79.4815095557474,378
-7.6926,53.28823,2022/07/28 23:00:00+00,Fri 29 Jul 2022,71,105,0,3858718,3812635,241209,4099927,4053844,80.3871159510681,79.4835682868357,379
-7.6926,53.28823,2022/07/29 23:00:00+00,Sat 30 Jul 2022,100,119,0,3858818,3812754,241209,4100027,4053963,80.3890766473427,79.4859015154025,380
-7.6926,53.28823,2022/07/30 23:00:00+00,Sun 31 Jul 2022,32,57,0,3858850,3812811,241209,4100059,4054020,80.3897040701506,79.4870191122791,381
-7.6926,53.28823,2022/07/31 23:00:00+00,Mon 01 Aug 2022,10,15,0,3858860,3812826,241209,4100069,4054035,80.389900139778,79.4873132167203,382
-7.6926,53.28823,2022/08/01 23:00:00+00,Tue 02 Aug 2022,36,30,0,3858896,3812856,241209,4100105,4054065,80.3906059904369,79.4879014256027,383
-7.6926,53.28823,2022/08/02 23:00:00+00,Wed 03 Aug 2022,93,139,0,3858989,3812995,241209,4100198,4054204,80.3924294379723,79.4906267934244,384
-7.6926,53.28823,2022/08/03 23:00:00+00,Thu 04 Aug 2022,46,53,0,3859035,3813048,241209,4100244,4054257,80.3933313582586,79.4916659624499,385
-7.6926,53.28823,2022/08/04 23:00:00+00,Fri 05 Aug 2022,96,91,0,3859131,3813139,241209,4100340,4054348,80.3952136266822,79.4934501960598,386
-7.6926,53.28823,2022/08/05 23:00:00+00,Sat 06 Aug 2022,74,130,0,3859205,3813269,241209,4100414,4054478,80.3966645419255,79.4959991012168,387
-7.6926,53.28823,2022/08/06 23:00:00+00,Sun 07 Aug 2022,28,80,0,3859233,3813349,241209,4100442,4054558,80.3972135368824,79.4975676582365,388
-7.6926,53.28823,2022/08/07 23:00:00+00,Mon 08 Aug 2022,11,16,0,3859244,3813365,241209,4100453,4054574,80.3974292134726,79.4978813696405,389
-7.6926,53.28823,2022/08/08 23:00:00+00,Tue 09 Aug 2022,48,41,0,3859292,3813406,241209,4100501,4054615,80.3983703476844,79.4986852551131,390
-7.6926,53.28823,2022/08/09 23:00:00+00,Wed 10 Aug 2022,55,94,1,3859347,3813500,241210,4100557,4054710,80.3994683375982,79.5005479165739,391
-7.6926,53.28823,2022/08/10 23:00:00+00,Thu 11 Aug 2022,45,42,0,3859392,3813542,241210,4100602,4054752,80.4003506509218,79.5013714090093,392
-7.6926,53.28823,2022/08/11 23:00:00+00,Fri 12 Aug 2022,69,75,0,3859461,3813617,241210,4100671,4054827,80.4017035313512,79.5028419312152,393
-7.6926,53.28823,2022/08/12 23:00:00+00,Sat 13 Aug 2022,103,151,0,3859564,3813768,241210,4100774,4054978,80.4037230485141,79.5058025825899,394
-7.6926,53.28823,2022/08/13 23:00:00+00,Sun 14 Aug 2022,17,26,0,3859581,3813794,241210,4100791,4055004,80.4040563668808,79.5063123636213,395
-7.6926,53.28823,2022/08/14 23:00:00+00,Mon 15 Aug 2022,7,11,0,3859588,3813805,241210,4100798,4055015,80.40419361562,79.5065280402115,396
-7.6926,53.28823,2022/08/15 23:00:00+00,Tue 16 Aug 2022,41,28,0,3859629,3813833,241210,4100839,4055043,80.4049975010926,79.5070770351684,397
-7.6926,53.28823,2022/08/16 23:00:00+00,Wed 17 Aug 2022,51,58,0,3859680,3813891,241210,4100890,4055101,80.4059974561927,79.5082142390077,398
-7.6926,53.28823,2022/08/17 23:00:00+00,Thu 18 Aug 2022,55,40,0,3859735,3813931,241210,4100945,4055141,80.4070758391437,79.5089985175176,399
-7.6926,53.28823,2022/08/18 23:00:00+00,Fri 19 Aug 2022,74,56,0,3859809,3813987,241210,4101019,4055197,80.4085267543869,79.5100965074313,400
-7.6926,53.28823,2021/07/15 23:00:00+00,Fri 16 Jul 2021,23536,27458,9169,2832694,2328815,161941,2994635,2490756,58.7156968834144,48.8361601018307,401
-7.6926,53.28823,2021/07/16 23:00:00+00,Sat 17 Jul 2021,11525,19459,4681,2844219,2348274,166622,3010841,2514896,59.0334473216791,49.3094721825236,402
-7.6926,53.28823,2021/07/17 23:00:00+00,Sun 18 Jul 2021,16879,15843,1934,2861098,2364117,168556,3029654,2532673,59.402313111823,49.6580251592625,403
-7.6926,53.28823,2021/07/18 23:00:00+00,Mon 19 Jul 2021,24927,18475,6254,2886025,2382592,174810,3060835,2557402,60.0136778172117,50.1428857410128,404
-7.6926,53.28823,2021/07/19 23:00:00+00,Tue 20 Jul 2021,30617,18213,7700,2916642,2400805,182510,3099152,2583315,60.7649578087572,50.6509609666546,405
-7.6926,53.28823,2021/07/20 23:00:00+00,Wed 21 Jul 2021,30387,19868,6895,2947029,2420673,189405,3136434,2610078,61.4959445938604,51.1757021106307,406
-7.6926,53.28823,2021/07/21 23:00:00+00,Thu 22 Jul 2021,33563,15957,6938,2980592,2436630,196343,3176935,2632973,62.2900461920435,51.6246035227046,407
-7.6926,53.28823,2021/07/22 23:00:00+00,Fri 23 Jul 2021,27109,20875,5616,3007701,2457505,201959,3209660,2659464,62.9316840479124,52.1440115728137,408
-7.6926,53.28823,2021/07/23 23:00:00+00,Sat 24 Jul 2021,15459,14834,2277,3023160,2472339,204236,3227396,2676575,63.2794331391786,52.4795063123636,409
-7.6926,53.28823,2021/07/24 23:00:00+00,Sun 25 Jul 2021,14747,13663,1046,3037907,2486002,205282,3243189,2691284,63.5890859018291,52.7679051273972,410
-7.6926,53.28823,2021/07/25 23:00:00+00,Mon 26 Jul 2021,23871,18343,3422,3061778,2504345,208704,3270482,2713049,64.1242187360607,53.1946506715679,411
-7.6926,53.28823,2021/07/26 23:00:00+00,Tue 27 Jul 2021,25540,23942,3672,3087318,2528287,212376,3299694,2740663,64.6969773318022,53.736077340841,412
-7.6926,53.28823,2021/07/27 23:00:00+00,Wed 28 Jul 2021,23458,25327,3265,3110776,2553614,215641,3326417,2769255,65.2209341972684,54.2966796196798,413
-7.6926,53.28823,2021/07/28 23:00:00+00,Thu 29 Jul 2021,19307,27901,2966,3130083,2581515,218607,3348690,2800122,65.6576400785141,54.9018877387662,414
-7.6926,53.28823,2021/07/29 23:00:00+00,Fri 30 Jul 2021,21979,22979,2125,3152062,2604494,220732,3372794,2825226,66.1302463085481,55.3941009315464,415
-7.6926,53.28823,2021/07/30 23:00:00+00,Sat 31 Jul 2021,13769,12516,907,3165831,2617010,221639,3387470,2838649,66.4179980938111,55.6572851924884,416
-7.6926,53.28823,2021/07/31 23:00:00+00,Sun 01 Aug 2021,11167,9370,369,3176998,2626380,222008,3399006,2848388,66.644184016051,55.8482374026735,417
-7.6926,53.28823,2021/08/01 23:00:00+00,Mon 02 Aug 2021,15047,16076,431,3192045,2642456,222439,3414484,2864895,66.9476605854365,56.1718895367247,418
-7.6926,53.28823,2021/08/02 23:00:00+00,Tue 03 Aug 2021,17366,25471,1111,3209411,2667927,223550,3432961,2891477,67.3099384360977,56.6930818204437,419
-7.6926,53.28823,2021/08/03 23:00:00+00,Wed 04 Aug 2021,22148,17346,1576,3231559,2685273,225126,3456685,2910399,67.7750940202881,57.064084769527,420
-7.6926,53.28823,2021/08/04 23:00:00+00,Thu 05 Aug 2021,13562,30084,1421,3245121,2715357,226547,3471668,2941904,68.0688651431142,57.6818021308455,421
-7.6926,53.28823,2021/08/05 23:00:00+00,Fri 06 Aug 2021,12242,24780,949,3257363,2740137,227496,3484859,2967633,68.3275005886991,58.186269675342,422
-7.6926,53.28823,2021/08/06 23:00:00+00,Sat 07 Aug 2021,6351,8493,585,3263714,2748630,228081,3491795,2976711,68.4634944823066,58.3642616831519,423
-7.6926,53.28823,2021/08/07 23:00:00+00,Sun 08 Aug 2021,8636,12007,153,3272350,2760637,228234,3500584,2988871,68.6358200778828,58.6026823501455,424
-7.6926,53.28823,2021/08/08 23:00:00+00,Mon 09 Aug 2021,5573,23060,601,3277923,2783697,228835,3506758,3012532,68.7568734658777,59.0666026956829,425
-7.6926,53.28823,2021/08/09 23:00:00+00,Tue 10 Aug 2021,9387,26045,718,3287310,2809742,229553,3516863,3039295,68.9550018244279,59.591343839659,426
-7.6926,53.28823,2021/08/10 23:00:00+00,Wed 11 Aug 2021,7046,31260,668,3294356,2841002,230221,3524577,3071223,69.1062499350519,60.2173549462191,427
-7.6926,53.28823,2021/08/11 23:00:00+00,Thu 12 Aug 2021,6799,38324,865,3301155,2879326,231086,3532241,3110412,69.2565176975387,60.9857322092792,428
-7.6926,53.28823,2021/08/12 23:00:00+00,Fri 13 Aug 2021,10957,28253,875,3312112,2907579,231961,3544073,3139540,69.4885072807515,61.55684382015,429
-7.6926,53.28823,2021/08/13 23:00:00+00,Sat 14 Aug 2021,18156,5866,281,3330268,2913445,232242,3562510,3145687,69.8500008529029,61.6773678201508,430
-7.6926,53.28823,2021/08/14 23:00:00+00,Sun 15 Aug 2021,17007,3745,53,3347275,2917190,232295,3579570,3149485,70.1844956373528,61.7518350646608,431
-7.6926,53.28823,2021/08/15 23:00:00+00,Mon 16 Aug 2021,10208,23184,386,3357483,2940374,232681,3590164,3173055,70.3922118006858,62.2139711765883,432
-7.6926,53.28823,2021/08/16 23:00:00+00,Tue 17 Aug 2021,12886,26890,532,3370369,2967264,233213,3603582,3200477,70.6552980268141,62.7516333090142,433
-7.6926,53.28823,2021/08/17 23:00:00+00,Wed 18 Aug 2021,15253,25802,658,3385622,2993066,233871,3619493,3226937,70.9672644110686,63.2704335432782,434
-7.6926,53.28823,2021/08/18 23:00:00+00,Thu 19 Aug 2021,11383,25747,545,3397005,3018813,234416,3631421,3253229,71.2011362627051,63.7859398078008,435
-7.6926,53.28823,2021/08/19 23:00:00+00,Fri 20 Aug 2021,14873,22298,686,3411878,3041111,235102,3646980,3276213,71.5062009960729,64.236586239559,436
-7.6926,53.28823,2021/08/20 23:00:00+00,Sat 21 Aug 2021,11920,8004,246,3423798,3049115,235348,3659146,3284463,71.744739304843,64.3983436822151,437
-7.6926,53.28823,2021/08/21 23:00:00+00,Sun 22 Aug 2021,8011,12268,162,3431809,3061383,235510,3667319,3296893,71.9049870113675,64.6420582291501,438
-7.6926,53.28823,2021/08/22 23:00:00+00,Mon 23 Aug 2021,10892,15425,294,3442701,3076808,235804,3678505,3312612,72.1243104966463,64.9502600765573,439
-7.6926,53.28823,2021/08/23 23:00:00+00,Tue 24 Aug 2021,9726,22944,384,3452427,3099752,236188,3688615,3335940,72.3225368900102,65.4076513035003,440
-7.6926,53.28823,2021/08/24 23:00:00+00,Wed 25 Aug 2021,9426,19561,318,3461853,3119313,236506,3698359,3355819,72.513587135009,65.7974181159317,441
-7.6926,53.28823,2021/08/25 23:00:00+00,Thu 26 Aug 2021,8605,19471,370,3470458,3138784,236876,3707334,3375660,72.689559625656,66.1864398637787,442
-7.6926,53.28823,2021/08/26 23:00:00+00,Fri 27 Aug 2021,9739,19251,432,3480197,3158035,237308,3717505,3395343,72.8889820437474,66.5723637115118,443
-7.6926,53.28823,2021/08/27 23:00:00+00,Sat 28 Aug 2021,9939,7952,155,3490136,3165987,237463,3727599,3403450,73.0868947257074,66.7313173584951,444
-7.6926,53.28823,2021/08/28 23:00:00+00,Sun 29 Aug 2021,8808,9206,30,3498944,3175193,237493,3736437,3412686,73.2601810624582,66.9124072664188,445
-7.6926,53.28823,2021/08/29 23:00:00+00,Mon 30 Aug 2021,5077,11181,85,3504021,3186374,237578,3741599,3423952,73.361392204154,67.1332993087173,446
-7.6926,53.28823,2021/08/30 23:00:00+00,Tue 31 Aug 2021,4087,12924,146,3508108,3199298,237724,3745832,3437022,73.4443884774586,67.3895623118099,447
-7.6926,53.28823,2021/08/31 23:00:00+00,Wed 01 Sep 2021,5008,12580,184,3513116,3211878,237908,3751024,3449786,73.5461878280368,67.6398255843022,448
-7.6926,53.28823,2021/09/01 23:00:00+00,Thu 02 Sep 2021,5016,12395,249,3518132,3224273,238157,3756289,3462430,73.6494184868954,67.8877360212649,449
-7.6926,53.28823,2021/09/02 23:00:00+00,Fri 03 Sep 2021,4789,16126,167,3522921,3240399,238324,3761245,3478723,73.7465905942655,68.2071922652885,450
-7.6926,53.28823,2021/09/03 23:00:00+00,Sat 04 Sep 2021,4635,10601,136,3527556,3251000,238460,3766016,3489460,73.8401354135275,68.4177122242942,451
-7.6926,53.28823,2021/09/04 23:00:00+00,Sun 05 Sep 2021,5310,11914,1,3532866,3262914,238461,3771327,3501375,73.9442679926725,68.651329185415,452
-7.6926,53.28823,2021/09/05 23:00:00+00,Mon 06 Sep 2021,2174,9715,76,3535040,3272629,238537,3773577,3511166,73.9883836588514,68.8433009576629,453
-7.6926,53.28823,2021/09/06 23:00:00+00,Tue 07 Sep 2021,3043,10052,162,3538083,3282681,238699,3776782,3521380,74.0512239744529,69.0435664751524,454
-7.6926,53.28823,2021/09/07 23:00:00+00,Wed 08 Sep 2021,2616,14829,191,3540699,3297510,238890,3779589,3536400,74.1062607188814,69.3380630556,455
-7.6926,53.28823,2021/09/08 23:00:00+00,Thu 09 Sep 2021,3132,14846,138,3543831,3312356,239028,3782859,3551384,74.1703754870615,69.6318537853889,456
-7.6926,53.28823,2021/09/09 23:00:00+00,Fri 10 Sep 2021,3398,13963,116,3547229,3326319,239144,3786373,3565463,74.2392743541515,69.9079002138924,457
-7.6926,53.28823,2021/09/10 23:00:00+00,Sat 11 Sep 2021,2567,11355,62,3549796,3337674,239206,3789002,3576880,74.2908210592113,70.1317529075655,458
-7.6926,53.28823,2021/09/11 23:00:00+00,Sun 12 Sep 2021,2045,12889,1,3551841,3350563,239207,3791048,3589770,74.33093690499,70.3844866573638,459
-7.6926,53.28823,2021/09/12 23:00:00+00,Mon 13 Sep 2021,1628,7765,52,3553469,3358328,239259,3792728,3597587,74.3638766024035,70.5377542851507,460
-7.6926,53.28823,2021/09/13 23:00:00+00,Tue 14 Sep 2021,1560,10808,82,3555029,3369136,239341,3794370,3608477,74.3960712352328,70.7512741094567,461
-7.6926,53.28823,2021/09/14 23:00:00+00,Wed 15 Sep 2021,3296,12395,138,3558325,3381531,239479,3797804,3621010,74.4634015453032,70.9970081735546,462
-7.6926,53.28823,2021/09/15 23:00:00+00,Thu 16 Sep 2021,1922,10591,116,3560247,3392122,239595,3799842,3631717,74.5033605353799,71.2069399236779,463
-7.6926,53.28823,2021/09/16 23:00:00+00,Fri 17 Sep 2021,2568,14634,96,3562815,3406756,239691,3802506,3646447,74.5555934841357,71.4957504849292,464
-7.6926,53.28823,2021/09/17 23:00:00+00,Sat 18 Sep 2021,2292,11248,48,3565107,3418004,239739,3804846,3657743,74.6014737769618,71.7172307361101,465
-7.6926,53.28823,2021/09/18 23:00:00+00,Sun 19 Sep 2021,1866,8500,16,3566973,3426504,239755,3806728,3666259,74.6383740808501,71.8842036308566,466
-7.6926,53.28823,2021/09/19 23:00:00+00,Mon 20 Sep 2021,968,5651,35,3567941,3432155,239790,3807731,3671945,74.6580398644845,71.9956888210314,467
-7.6926,53.28823,2021/09/20 23:00:00+00,Tue 21 Sep 2021,1480,6695,90,3569421,3438850,239880,3809301,3678730,74.688822795996,72.1287220632642,468
-7.6926,53.28823,2021/09/21 23:00:00+00,Wed 22 Sep 2021,1904,8174,97,3571325,3447024,239977,3811302,3687001,74.7280563284511,72.2908912521379,469
-7.6926,53.28823,2021/09/22 23:00:00+00,Thu 23 Sep 2021,1693,8745,89,3573018,3455769,240066,3813084,3695835,74.7629959360648,72.4640991610377,470
-7.6926,53.28823,2021/09/23 23:00:00+00,Fri 24 Sep 2021,1917,7411,81,3574935,3463180,240147,3815082,3703327,74.8021706476317,72.6109945259321,471
-7.6926,53.28823,2021/09/24 23:00:00+00,Sat 25 Sep 2021,2426,6624,53,3577361,3469804,240200,3817561,3710004,74.8507763082795,72.7419102161883,472
-7.6926,53.28823,2021/09/25 23:00:00+00,Sun 26 Sep 2021,1550,7104,0,3578911,3476908,240200,3819111,3717108,74.8811671005361,72.8811980795372,473
-7.6926,53.28823,2021/09/26 23:00:00+00,Mon 27 Sep 2021,1181,3848,45,3580092,3480756,240245,3820337,3721001,74.9052052368629,72.9575279855081,474
-7.6926,53.28823,2021/09/27 23:00:00+00,Tue 28 Sep 2021,1459,5164,94,3581551,3485920,240339,3821890,3726259,74.9356548500077,73.0606213956275,475
-7.6926,53.28823,2021/09/28 23:00:00+00,Wed 29 Sep 2021,1656,3644,80,3583207,3489564,240419,3823626,3729983,74.9696925373351,73.1336377248943,476
-7.6926,53.28823,2021/09/29 23:00:00+00,Thu 30 Sep 2021,1279,4006,79,3584486,3493570,240498,3824984,3734068,74.9963187927444,73.2137321677125,477
-7.6926,53.28823,2021/09/30 23:00:00+00,Fri 01 Oct 2021,1875,5216,42,3586361,3498786,240540,3826901,3739326,75.0339053403288,73.3168255778319,478
-7.6926,53.28823,2021/10/01 23:00:00+00,Sat 02 Oct 2021,1684,4114,41,3588045,3502900,240581,3828626,3743481,75.067727351066,73.3982925080423,479
-7.6926,53.28823,2021/10/02 23:00:00+00,Sun 03 Oct 2021,1197,3027,9,3589242,3505927,240590,3829832,3746517,75.0913733481379,73.4578192469397,480
-7.6926,53.28823,2021/10/03 23:00:00+00,Mon 04 Oct 2021,352,1248,18,3589594,3507175,240608,3830202,3747783,75.098627924354,73.4826416617764,481
-7.6926,53.28823,2021/10/04 23:00:00+00,Tue 05 Oct 2021,961,2847,70,3590555,3510022,240678,3831233,3750700,75.1188427029453,73.539835172107,482
-7.6926,53.28823,2021/10/05 23:00:00+00,Wed 06 Oct 2021,974,2587,40,3591529,3512609,240718,3832247,3753327,75.1387241631699,73.5913426632412,483
-7.6926,53.28823,2021/10/06 23:00:00+00,Thu 07 Oct 2021,1214,2726,44,3592743,3515335,240762,3833505,3756097,75.1633897223046,73.6456539500481,484
-7.6926,53.28823,2021/10/07 23:00:00+00,Fri 08 Oct 2021,916,2767,48,3593659,3518102,240810,3834469,3758912,75.1822908343919,73.7008475501786,485
-7.6926,53.28823,2021/10/08 23:00:00+00,Sat 09 Oct 2021,725,2374,23,3594384,3520476,240833,3835217,3761309,75.1969568425261,73.7478454398812,486
-7.6926,53.28823,2021/10/09 23:00:00+00,Sun 10 Oct 2021,1521,3931,3,3595905,3524407,240836,3836741,3765243,75.2268378537513,73.8249792313247,487
-7.6926,53.28823,2021/10/10 23:00:00+00,Mon 11 Oct 2021,335,1152,20,3596240,3525559,240856,3837096,3766415,75.2337983255262,73.8479585916632,488
-7.6926,53.28823,2021/10/11 23:00:00+00,Tue 12 Oct 2021,563,1634,21,3596803,3527193,240877,3837680,3768070,75.2452487917699,73.8804081150082,489
-7.6926,53.28823,2021/10/12 23:00:00+00,Wed 13 Oct 2021,991,2093,11,3597794,3529286,240888,3838682,3770174,75.2648949684416,73.9216611646261,490
-7.6926,53.28823,2021/10/13 23:00:00+00,Thu 14 Oct 2021,656,1625,9,3598450,3530911,240897,3839347,3771808,75.2779335986678,73.9536989417534,491
-7.6926,53.28823,2021/10/14 23:00:00+00,Fri 15 Oct 2021,958,2095,10,3599408,3533006,240907,3840315,3773913,75.2969131386061,73.9949715983341,492
-7.6926,53.28823,2021/10/15 23:00:00+00,Sat 16 Oct 2021,1384,2667,14,3600792,3535673,240921,3841713,3776594,75.3243236725253,74.0475378654566,493
-7.6926,53.28823,2021/10/16 23:00:00+00,Sun 17 Oct 2021,1709,2894,3,3602501,3538567,240924,3843425,3779491,75.3578907927468,74.1043392365323,494
-7.6926,53.28823,2021/10/17 23:00:00+00,Mon 18 Oct 2021,681,1268,6,3603182,3539835,240930,3844112,3780765,75.3713607761534,74.1293185070709,495
-7.6926,53.28823,2021/10/18 23:00:00+00,Tue 19 Oct 2021,1343,1821,13,3604525,3541656,240943,3845468,3782599,75.3979478176372,74.1652776767475,496
-7.6926,53.28823,2021/10/19 23:00:00+00,Wed 20 Oct 2021,2264,2355,1,3606789,3544011,240944,3847733,3784955,75.4423575882573,74.2114716809775,497
-7.6926,53.28823,2021/10/20 23:00:00+00,Thu 21 Oct 2021,1732,1869,11,3608521,3545880,240955,3849476,3786835,75.4765325243239,74.2483327709403,498
-7.6926,53.28823,2021/10/21 23:00:00+00,Fri 22 Oct 2021,1510,1947,3,3610031,3547827,240958,3850989,3788785,75.5061978589589,74.2865663482954,499
-7.6926,53.28823,2021/10/22 23:00:00+00,Sat 23 Oct 2021,2019,1716,1,3612050,3549543,240959,3853009,3790502,75.5458039237062,74.3202315033305,500
-7.6926,53.28823,2022/11/29 00:00:00+00,Tue 29 Nov 2022,26,18,0,3863980,3818015,241218,4105198,4059233,80.4904642517032,79.5892302090749,501
-7.6926,53.28823,2022/08/19 23:00:00+00,Sat 20 Aug 2022,109,127,0,3859918,3814114,241210,4101128,4055324,80.4106639133262,79.5125865917001,502
-7.6926,53.28823,2021/10/23 23:00:00+00,Sun 24 Oct 2021,1960,2194,2,3614010,3551737,240961,3854971,3792698,75.5842727846142,74.3632883935212,503
-7.6926,53.28823,2022/11/30 00:00:00+00,Wed 30 Nov 2022,29,13,0,3864009,3818028,241218,4105227,4059246,80.4910328536228,79.5894850995906,504
-7.6926,53.28823,2022/12/01 00:00:00+00,Thu 01 Dec 2022,16,11,0,3864025,3818039,241218,4105243,4059257,80.4913465650268,79.5897007761808,505
-7.6926,53.28823,2021/10/24 23:00:00+00,Mon 25 Oct 2021,1243,871,2,3615253,3552608,240963,3856216,3793571,75.6086834532332,74.3804052719986,506
-7.6926,53.28823,2022/12/02 00:00:00+00,Fri 02 Dec 2022,8,18,0,3864033,3818057,241218,4105251,4059275,80.4915034207288,79.5900537015103,507
-7.6926,53.28823,2021/10/25 23:00:00+00,Tue 26 Oct 2021,1247,1247,6,3616500,3553855,240969,3857469,3794824,75.6332509775541,74.4049727963195,508
-7.6926,53.28823,2022/12/03 00:00:00+00,Sat 03 Dec 2022,40,71,0,3864073,3818128,241218,4105291,4059346,80.4922876992386,79.5914457958652,509
-7.6926,53.28823,2021/10/26 23:00:00+00,Wed 27 Oct 2021,1569,1442,6,3618069,3555297,240975,3859044,3796272,75.6641319438794,74.433363678376,510
-7.6926,53.28823,2022/12/04 00:00:00+00,Sun 04 Dec 2022,41,47,0,3864114,3818175,241218,4105332,4059393,80.4930915847112,79.5923673231143,511
-7.6926,53.28823,2021/10/27 23:00:00+00,Thu 28 Oct 2021,2162,1715,5,3620231,3557012,240980,3861211,3797992,75.7066202321504,74.4670876542994,512
-7.6926,53.28823,2022/12/05 00:00:00+00,Mon 05 Dec 2022,12,5,0,3864126,3818180,241218,4105344,4059398,80.4933268682641,79.592465357928,513
-7.6926,53.28823,2021/10/28 23:00:00+00,Fri 29 Oct 2021,2148,1390,3,3622379,3558402,240983,3863362,3799385,75.7487948090174,74.4944001534049,514
-7.6926,53.28823,2022/12/06 00:00:00+00,Tue 06 Dec 2022,25,30,0,3864151,3818210,241218,4105369,4059428,80.4938170423328,79.5930535668104,515
-7.6926,53.28823,2021/10/29 23:00:00+00,Sat 30 Oct 2021,2021,1465,1,3624400,3559867,240984,3865384,3800851,75.7884400876902,74.5231439607908,516
-7.6926,53.28823,2022/12/07 00:00:00+00,Wed 07 Dec 2022,19,23,0,3864170,3818233,241218,4105388,4059451,80.494189574625,79.5935045269536,517
-7.6926,53.28823,2021/10/30 23:00:00+00,Sun 31 Oct 2021,1601,1321,0,3626001,3561188,240984,3866985,3802172,75.8198308350468,74.5490447585785,518
-7.6926,53.28823,2022/12/08 00:00:00+00,Thu 08 Dec 2022,12,13,1,3864182,3818246,241219,4105401,4059465,80.4944444651407,79.593779024432,519
-7.6926,53.28823,2021/11/01 00:00:00+00,Mon 01 Nov 2021,297,307,2,3626298,3561495,240986,3867284,3802481,75.8256933169079,74.5551033100671,520
-7.6926,53.28823,2022/12/09 00:00:00+00,Fri 09 Dec 2022,13,17,0,3864195,3818263,241219,4105414,4059482,80.4946993556564,79.5941123427987,521
-7.6926,53.28823,2021/11/02 00:00:00+00,Tue 02 Nov 2021,1100,1101,10,3627398,3562596,240996,3868394,3803592,75.8474570455562,74.5768866456781,522
-7.6926,53.28823,2021/11/03 00:00:00+00,Wed 03 Nov 2021,2540,1889,7,3629938,3564485,241003,3870941,3805488,75.8973959796707,74.6140614470448,523
-7.6926,53.28823,2021/11/04 00:00:00+00,Thu 04 Nov 2021,1539,1298,2,3631477,3565783,241005,3872482,3806788,75.9276103092626,74.6395504986149,524
-7.6926,53.28823,2021/11/05 00:00:00+00,Fri 05 Nov 2021,1630,1113,4,3633107,3566896,241009,3874116,3807905,75.9596480863898,74.6614514760024,525
-7.6926,53.28823,2021/11/06 00:00:00+00,Sat 06 Nov 2021,1825,1366,6,3634932,3568262,241015,3875947,3809277,75.9955484351781,74.6883522288901,526
-7.6926,53.28823,2021/11/07 00:00:00+00,Sun 07 Nov 2021,698,775,0,3635630,3569037,241015,3876645,3810052,76.0092340951749,74.7035476250184,527
-7.6926,53.28823,2021/11/08 00:00:00+00,Mon 08 Nov 2021,521,541,4,3636151,3569578,241019,3877170,3810597,76.0195277506167,74.7142334197151,528
-7.6926,53.28823,2021/11/09 00:00:00+00,Tue 09 Nov 2021,1375,1077,4,3637526,3570655,241023,3878549,3811678,76.0465657522437,74.7354285464437,529
-7.6926,53.28823,2021/11/10 00:00:00+00,Wed 10 Nov 2021,1604,1371,2,3639130,3572026,241025,3880155,3813051,76.078054534414,74.7623489062942,530
-7.6926,53.28823,2021/11/11 00:00:00+00,Thu 11 Nov 2021,1396,1129,2,3640526,3573155,241027,3881553,3814182,76.1054650683332,74.7845243811601,531
-7.6926,53.28823,2021/11/12 00:00:00+00,Fri 12 Nov 2021,1145,1162,6,3641671,3574317,241033,3882704,3815350,76.1280326824541,74.8074253136477,532
-7.6926,53.28823,2021/11/13 00:00:00+00,Sat 13 Nov 2021,1397,1386,0,3643068,3575703,241033,3884101,3816736,76.1554236094105,74.8346005640139,533
-7.6926,53.28823,2021/11/14 00:00:00+00,Sun 14 Nov 2021,1648,1808,1,3644716,3577511,241034,3885750,3818545,76.1877554909789,74.8700695596217,534
-7.6926,53.28823,2021/11/15 00:00:00+00,Mon 15 Nov 2021,1244,601,1,3645960,3578112,241035,3886995,3819147,76.2121661595979,74.8818729511949,535
-7.6926,53.28823,2021/11/16 00:00:00+00,Tue 16 Nov 2021,1320,1086,5,3647280,3579198,241040,3888320,3820238,76.2381453852366,74.903264147551,536
-7.6926,53.28823,2021/11/17 00:00:00+00,Wed 17 Nov 2021,1504,1130,3,3648784,3580328,241043,3889827,3821371,76.2676930780951,74.9254788363424,537
-7.6926,53.28823,2021/11/18 00:00:00+00,Thu 18 Nov 2021,1642,2521,5,3650426,3582849,241048,3891474,3823897,76.2999857457381,74.9750060242393,538
-7.6926,53.28823,2021/11/19 00:00:00+00,Fri 19 Nov 2021,1166,1568,0,3651592,3584417,241048,3892640,3825465,76.3228474643001,75.0057497418253,539
-7.6926,53.28823,2021/11/20 00:00:00+00,Sat 20 Nov 2021,1548,2954,12,3653140,3587371,241060,3894200,3828431,76.3534343261842,75.0639039933305,540
-7.6926,53.28823,2021/11/21 00:00:00+00,Sun 21 Nov 2021,1790,2772,0,3654930,3590143,241060,3895990,3831203,76.3885307894998,75.1182544940629,541
-7.6926,53.28823,2021/11/22 00:00:00+00,Mon 22 Nov 2021,724,522,3,3655654,3590665,241063,3896717,3831728,76.4027850514163,75.1285481495047,542
-7.6926,53.28823,2021/11/23 00:00:00+00,Tue 23 Nov 2021,2160,1605,8,3657814,3592270,241071,3898885,3833341,76.44529294665,75.1601741804143,543
-7.6926,53.28823,2021/11/24 00:00:00+00,Wed 24 Nov 2021,1615,3155,2,3659429,3595425,241073,3900502,3836498,76.4769974054106,75.222073361804,544
-7.6926,53.28823,2021/11/25 00:00:00+00,Thu 25 Nov 2021,982,1193,2,3660411,3596618,241075,3901486,3837693,76.4962906567529,75.2455036822856,545
-7.6926,53.28823,2021/11/26 00:00:00+00,Fri 26 Nov 2021,1279,1116,12,3661690,3597734,241087,3902777,3838821,76.5216032456582,75.2676203362633,546
-7.6926,53.28823,2021/11/27 00:00:00+00,Sat 27 Nov 2021,1200,1569,6,3662890,3599303,241093,3903983,3840396,76.5452492427301,75.2985013025886,547
-7.6926,53.28823,2021/11/28 00:00:00+00,Sun 28 Nov 2021,1961,2265,1,3664851,3601568,241094,3905945,3842662,76.5837181036381,75.3429306801714,548
-7.6926,53.28823,2021/11/29 00:00:00+00,Mon 29 Nov 2021,537,1005,2,3665388,3602573,241096,3906484,3843669,76.5942862565583,75.3626748916568,549
-7.6926,53.28823,2021/11/30 00:00:00+00,Tue 30 Nov 2021,1899,1656,6,3667287,3604229,241102,3908389,3845331,76.6316375205898,75.395261663741,550
-7.6926,53.28823,2021/12/01 00:00:00+00,Wed 01 Dec 2021,1076,1392,4,3668363,3605621,241106,3909469,3846727,76.6528130403556,75.4226329837346,551
-7.6926,53.28823,2021/12/02 00:00:00+00,Thu 02 Dec 2021,1738,1420,0,3670101,3607041,241106,3911207,3848147,76.6868899416085,75.4504748708342,552
-7.6926,53.28823,2021/12/03 00:00:00+00,Fri 03 Dec 2021,1016,1208,2,3671117,3608249,241108,3912225,3849357,76.7068498296841,75.4741992957571,553
-7.6926,53.28823,2021/12/04 00:00:00+00,Sat 04 Dec 2021,1205,1707,3,3672322,3609956,241111,3913433,3851067,76.7305350406815,75.5077272020531,554
-7.6926,53.28823,2021/12/05 00:00:00+00,Sun 05 Dec 2021,1349,1779,2,3673671,3611735,241113,3914784,3852848,76.7570240473516,75.542647202704,555
-7.6926,53.28823,2021/12/06 00:00:00+00,Mon 06 Dec 2021,941,1306,0,3674612,3613041,241113,3915725,3854154,76.7754741992958,75.5682538960505,556
-7.6926,53.28823,2021/12/07 00:00:00+00,Tue 07 Dec 2021,487,753,2,3675099,3613794,241115,3916214,3854909,76.7850620040786,75.5830571529239,557
-7.6926,53.28823,2021/12/08 00:00:00+00,Wed 08 Dec 2021,798,1528,2,3675897,3615322,241117,3917014,3856439,76.8007475742756,75.6130558059256,558
-7.6926,53.28823,2021/12/09 00:00:00+00,Thu 09 Dec 2021,787,1216,1,3676684,3616538,241118,3917802,3857656,76.8161978609196,75.6369174795877,559
-7.6926,53.28823,2021/12/10 00:00:00+00,Fri 10 Dec 2021,895,1623,1,3677579,3618161,241119,3918698,3859280,76.8337656995402,75.6687591870875,560
-7.6926,53.28823,2021/12/11 00:00:00+00,Sat 11 Dec 2021,645,851,2,3678224,3619012,241121,3919345,3860133,76.8464514044369,75.68548392631,561
-7.6926,53.28823,2021/12/12 00:00:00+00,Sun 12 Dec 2021,686,1193,0,3678910,3620205,241121,3920031,3861326,76.8599017808808,75.7088750328662,562
-7.6926,53.28823,2021/12/13 00:00:00+00,Mon 13 Dec 2021,725,1073,1,3679635,3621278,241122,3920757,3862400,76.8741364358345,75.7299329108556,563
-7.6926,53.28823,2021/12/14 00:00:00+00,Tue 14 Dec 2021,631,1206,3,3680266,3622484,241125,3921391,3863609,76.8865672502156,75.7536377288157,564
-7.6926,53.28823,2021/12/15 00:00:00+00,Wed 15 Dec 2021,793,1260,1,3681059,3623744,241126,3922185,3864870,76.9021351786361,75.7783621088386,565
-7.6926,53.28823,2021/12/16 00:00:00+00,Thu 16 Dec 2021,1048,1553,8,3682107,3625297,241134,3923241,3866431,76.9228401312961,75.8089685776854,566
-7.6926,53.28823,2021/12/17 00:00:00+00,Fri 17 Dec 2021,1199,2461,2,3683306,3627758,241136,3924442,3868894,76.9463880935542,75.8572605269293,567
-7.6926,53.28823,2021/12/18 00:00:00+00,Sat 18 Dec 2021,1252,1185,0,3684558,3628943,241136,3925694,3870079,76.9709360109125,75.8804947777835,568
-7.6926,53.28823,2021/12/19 00:00:00+00,Sun 19 Dec 2021,554,894,3,3685112,3629837,241139,3926251,3870976,76.9818570891621,75.8980822233668,569
-7.6926,53.28823,2021/12/20 00:00:00+00,Mon 20 Dec 2021,516,624,1,3685628,3630461,241140,3926768,3871601,76.9919938889019,75.9103365750832,570
-7.6926,53.28823,2021/12/21 00:00:00+00,Tue 21 Dec 2021,1406,1825,3,3687034,3632286,241143,3928177,3873429,77.0196200994112,75.9461781029832,571
-7.6926,53.28823,2021/12/22 00:00:00+00,Wed 22 Dec 2021,1170,1606,2,3688204,3633892,241145,3929349,3875037,77.0425994597498,75.9777060990791,572
-7.6926,53.28823,2021/12/23 00:00:00+00,Thu 23 Dec 2021,932,1406,0,3689136,3635298,241145,3930281,3876443,77.0608731490292,76.0052734887002,573
-7.6926,53.28823,2021/12/24 00:00:00+00,Fri 24 Dec 2021,101,165,0,3689237,3635463,241145,3930382,3876608,77.0628534522666,76.0085086375533,574
-7.6926,53.28823,2021/12/25 00:00:00+00,Sat 25 Dec 2021,2,7,0,3689239,3635470,241145,3930384,3876615,77.0628926661921,76.0086458862926,575
-7.6926,53.28823,2021/12/26 00:00:00+00,Sun 26 Dec 2021,12,13,0,3689251,3635483,241145,3930396,3876628,77.063127949745,76.0089007768082,576
-7.6926,53.28823,2021/12/27 00:00:00+00,Mon 27 Dec 2021,393,591,0,3689644,3636074,241145,3930789,3877219,77.0708334861042,76.0204884917913,577
-7.6926,53.28823,2021/12/28 00:00:00+00,Tue 28 Dec 2021,469,752,0,3690113,3636826,241145,3931258,3877971,77.0800291516322,76.0352329277764,578
-7.6926,53.28823,2021/12/29 00:00:00+00,Wed 29 Dec 2021,1060,1318,0,3691173,3638144,241145,3932318,3879289,77.1008125321432,76.0610749046758,579
-7.6926,53.28823,2021/12/30 00:00:00+00,Thu 30 Dec 2021,1051,1204,1,3692224,3639348,241146,3933370,3880494,77.1214390569521,76.084701294785,580
-7.6926,53.28823,2021/12/31 00:00:00+00,Fri 31 Dec 2021,716,1682,0,3692940,3641030,241146,3934086,3882176,77.1354776422784,76.1176802061241,581
-7.6926,53.28823,2022/01/01 00:00:00+00,Sat 01 Jan 2022,73,101,0,3693013,3641131,241146,3934159,3882277,77.1369089505589,76.1196605093614,582
-7.6926,53.28823,2022/01/02 00:00:00+00,Sun 02 Jan 2022,271,629,0,3693284,3641760,241146,3934430,3882906,77.1422224374631,76.1319932889288,583
-7.6926,53.28823,2022/01/03 00:00:00+00,Mon 03 Jan 2022,3634,730,1,3696918,3642490,241147,3938065,3883637,77.2134937470455,76.1463259786963,584
-7.6926,53.28823,2022/01/04 00:00:00+00,Tue 04 Jan 2022,1190,790,1,3698108,3643280,241148,3939256,3884428,77.2368456396762,76.1618350862285,585
-7.6926,53.28823,2022/01/05 00:00:00+00,Wed 05 Jan 2022,2139,917,0,3700247,3644197,241148,3941395,3885345,77.2787849329903,76.1798146710667,586
-7.6926,53.28823,2022/01/06 00:00:00+00,Thu 06 Jan 2022,2454,1699,1,3702701,3645896,241149,3943850,3887045,77.3269200265321,76.2131465077352,587
-7.6926,53.28823,2022/01/07 00:00:00+00,Fri 07 Jan 2022,4857,785,2,3707558,3646681,241151,3948709,3887832,77.4221902585158,76.2285771874165,588
-7.6926,53.28823,2022/01/08 00:00:00+00,Sat 08 Jan 2022,9789,746,2,3717347,3647427,241153,3958500,3888580,77.6141620307637,76.2432431955506,589
-7.6926,53.28823,2022/01/09 00:00:00+00,Sun 09 Jan 2022,7116,667,0,3724463,3648094,241153,3965616,3889247,77.7536851776656,76.2563210397023,590
-7.6926,53.28823,2022/01/10 00:00:00+00,Mon 10 Jan 2022,6668,512,1,3731131,3648606,241154,3972285,3889760,77.8844440122198,76.2663794115911,591
-7.6926,53.28823,2022/01/11 00:00:00+00,Tue 11 Jan 2022,4781,1372,1,3735912,3649978,241155,3977067,3891133,77.9782045080721,76.2932997714416,592
-7.6926,53.28823,2022/01/12 00:00:00+00,Wed 12 Jan 2022,7560,928,1,3743472,3650906,241156,3984628,3892062,78.126452753396,76.3115146398328,593
-7.6926,53.28823,2022/01/13 00:00:00+00,Thu 13 Jan 2022,7322,819,0,3750794,3651725,241156,3991950,3892881,78.2700149346235,76.327572742322,594
-7.6926,53.28823,2022/01/14 00:00:00+00,Fri 14 Jan 2022,10725,839,0,3761519,3652564,241156,4002675,3893720,78.4802996100763,76.344022984066,595
-7.6926,53.28823,2022/01/15 00:00:00+00,Sat 15 Jan 2022,8363,654,2,3769882,3653218,241158,4011040,3894376,78.6443118534481,76.3568851516275,596
-7.6926,53.28823,2022/01/16 00:00:00+00,Sun 16 Jan 2022,6965,1216,1,3776847,3654434,241159,4018006,3895593,78.7808939559381,76.3807468252896,597
-7.6926,53.28823,2022/01/17 00:00:00+00,Mon 17 Jan 2022,2565,564,0,3779412,3654998,241159,4020571,3896157,78.831185815382,76.3918051522785,598
-7.6926,53.28823,2022/01/18 00:00:00+00,Tue 18 Jan 2022,4056,456,3,3783468,3655454,241162,4024630,3896616,78.9107704771688,76.400804748179,599
-7.6926,53.28823,2022/01/19 00:00:00+00,Wed 19 Jan 2022,3487,626,0,3786955,3656080,241162,4028117,3897242,78.9791399562647,76.4130787068581,600
-7.6926,53.28823,2022/01/20 00:00:00+00,Thu 20 Jan 2022,3699,940,1,3790654,3657020,241163,4031817,3898183,79.0516857184256,76.4315288588022,601
-7.6926,53.28823,2022/01/21 00:00:00+00,Fri 21 Jan 2022,3253,977,0,3793907,3657997,241163,4035070,3899160,79.1154671682389,76.4506848614052,602
-7.6926,53.28823,2022/01/22 00:00:00+00,Sat 22 Jan 2022,4274,645,0,3798181,3658642,241163,4039344,3899805,79.1992673270161,76.4633313523765,603
-7.6926,53.28823,2022/01/23 00:00:00+00,Sun 23 Jan 2022,3094,680,0,3801275,3659322,241163,4042438,3900485,79.2599312697528,76.4766640870439,604
-7.6926,53.28823,2022/01/24 00:00:00+00,Mon 24 Jan 2022,646,469,0,3801921,3659791,241163,4043084,3900954,79.2725973676868,76.4858597525719,605
-7.6926,53.28823,2022/01/25 00:00:00+00,Tue 25 Jan 2022,692,1838,1,3802613,3661629,241164,4043777,3902793,79.2861849928699,76.5219169570621,606
-7.6926,53.28823,2022/01/26 00:00:00+00,Wed 26 Jan 2022,700,899,0,3803313,3662528,241164,4044477,3903692,79.2999098667922,76.5395436165709,607
-7.6926,53.28823,2022/01/27 00:00:00+00,Thu 27 Jan 2022,1278,1179,0,3804591,3663707,241164,4045755,3904871,79.3249675651819,76.5626602256487,608
-7.6926,53.28823,2022/01/28 00:00:00+00,Fri 28 Jan 2022,1031,3096,1,3805622,3666803,241165,4046787,3907968,79.3452019507359,76.6233829892736,609
-7.6926,53.28823,2022/01/29 00:00:00+00,Sat 29 Jan 2022,2330,3446,0,3807952,3670249,241165,4049117,3911414,79.3908861739345,76.690948582897,610
-7.6926,53.28823,2022/01/30 00:00:00+00,Sun 30 Jan 2022,1639,7538,0,3809591,3677787,241165,4050756,3918952,79.4230219858755,76.8387458680777,611
-7.6926,53.28823,2022/01/31 00:00:00+00,Mon 31 Jan 2022,483,1397,0,3810074,3679184,241165,4051239,3920349,79.4324921488819,76.8661367950341,612
-7.6926,53.28823,2022/12/10 00:00:00+00,Sat 10 Dec 2022,45,44,0,3864240,3818307,241219,4105459,4059526,80.49558166898,79.5949750491596,613
-7.6926,53.28823,2022/12/11 00:00:00+00,Sun 11 Dec 2022,28,42,0,3864268,3818349,241219,4105487,4059568,80.4961306639369,79.5957985415949,614
-7.6926,53.28823,2022/12/12 00:00:00+00,Mon 12 Dec 2022,4,2,0,3864272,3818351,241219,4105491,4059570,80.4962090917878,79.5958377555204,615
-7.6926,53.28823,2022/12/13 00:00:00+00,Tue 13 Dec 2022,19,15,0,3864291,3818366,241219,4105510,4059585,80.49658162408,79.5961318599616,616
-7.6926,53.28823,2022/12/14 00:00:00+00,Wed 14 Dec 2022,14,20,0,3864305,3818386,241219,4105524,4059605,80.4968561215585,79.5965239992165,617
-7.6926,53.28823,2022/12/15 00:00:00+00,Thu 15 Dec 2022,13,9,0,3864318,3818395,241219,4105537,4059614,80.4971110120742,79.5967004618812,618
-7.6926,53.28823,2022/12/16 00:00:00+00,Fri 16 Dec 2022,11,4,0,3864329,3818399,241219,4105548,4059618,80.4973266886644,79.5967788897322,619
-7.6926,53.28823,2022/12/17 00:00:00+00,Sat 17 Dec 2022,19,43,0,3864348,3818442,241219,4105567,4059661,80.4976992209565,79.5976219891303,620
-7.6926,53.28823,2022/12/18 00:00:00+00,Sun 18 Dec 2022,29,35,0,3864377,3818477,241219,4105596,4059696,80.4982678228762,79.5983082328264,621
-7.6926,53.28823,2022/12/19 00:00:00+00,Mon 19 Dec 2022,4,1,0,3864381,3818478,241219,4105600,4059697,80.4983462507272,79.5983278397891,622
-7.6926,53.28823,2022/12/20 00:00:00+00,Tue 20 Dec 2022,17,18,0,3864398,3818496,241219,4105617,4059715,80.4986795690939,79.5986807651186,623
-7.6926,53.28823,2022/12/21 00:00:00+00,Wed 21 Dec 2022,16,28,0,3864414,3818524,241219,4105633,4059743,80.4989932804978,79.5992297600755,624
-7.6926,53.28823,2022/12/22 00:00:00+00,Thu 22 Dec 2022,6,15,0,3864420,3818539,241219,4105639,4059758,80.4991109222743,79.5995238645167,625
-7.6926,53.28823,2022/12/23 00:00:00+00,Fri 23 Dec 2022,19,6,0,3864439,3818545,241219,4105658,4059764,80.4994834545665,79.5996415062932,626
-7.6926,53.28823,2022/12/28 00:00:00+00,Wed 28 Dec 2022,19,24,0,3864458,3818569,241219,4105677,4059788,80.4998559868586,79.6001120733991,627
-7.6926,53.28823,2022/12/29 00:00:00+00,Thu 29 Dec 2022,15,12,0,3864473,3818581,241219,4105692,4059800,80.5001500912998,79.600347356952,628
-7.6926,53.28823,2022/12/30 00:00:00+00,Fri 30 Dec 2022,66,31,0,3864539,3818612,241219,4105758,4059831,80.5014441508411,79.6009551727971,629
-7.6926,53.28823,2022/12/31 00:00:00+00,Sat 31 Dec 2022,34,26,0,3864573,3818638,241219,4105792,4059857,80.5021107875744,79.6014649538286,630
-7.6926,53.28823,2023/01/01 00:00:00+00,Sun 01 Jan 2023,1,0,0,3864574,3818638,241219,4105793,4059857,80.5021303945372,79.6014649538286,631
-7.6926,53.28823,2023/01/03 00:00:00+00,Tue 03 Jan 2023,8,14,0,3864582,3818652,241219,4105801,4059871,80.5022872502392,79.601739451307,632
-7.6926,53.28823,2023/01/04 00:00:00+00,Wed 04 Jan 2023,52,28,0,3864634,3818680,241219,4105853,4059899,80.503306812302,79.6022884462639,633
-7.6926,53.28823,2023/01/05 00:00:00+00,Thu 05 Jan 2023,24,16,0,3864658,3818696,241219,4105877,4059915,80.5037773794079,79.6026021576678,634
-7.6926,53.28823,2023/01/06 00:00:00+00,Fri 06 Jan 2023,34,21,0,3864692,3818717,241219,4105911,4059936,80.5044440161412,79.6030139038855,635
-7.6926,53.28823,2023/01/07 00:00:00+00,Sat 07 Jan 2023,136,74,0,3864828,3818791,241219,4106047,4060010,80.5071105630747,79.6044648191287,636
-7.6926,53.28823,2023/01/08 00:00:00+00,Sun 08 Jan 2023,51,45,0,3864879,3818836,241219,4106098,4060055,80.5081105181748,79.6053471324523,637
-7.6926,53.28823,2023/01/09 00:00:00+00,Mon 09 Jan 2023,1,1,0,3864880,3818837,241219,4106099,4060056,80.5081301251375,79.605366739415,638
-7.6926,53.28823,2023/01/10 00:00:00+00,Tue 10 Jan 2023,42,14,0,3864922,3818851,241219,4106141,4060070,80.5089536175729,79.6056412368935,639
-7.6926,53.28823,2023/01/11 00:00:00+00,Wed 11 Jan 2023,59,31,0,3864981,3818882,241219,4106200,4060101,80.5101104283749,79.6062490527386,640
-7.6926,53.28823,2023/01/12 00:00:00+00,Thu 12 Jan 2023,14,12,0,3864995,3818894,241219,4106214,4060113,80.5103849258533,79.6064843362916,641
-7.6926,53.28823,2023/01/13 00:00:00+00,Fri 13 Jan 2023,27,12,0,3865022,3818906,241219,4106241,4060125,80.5109143138475,79.6067196198445,642
-7.6926,53.28823,2023/01/14 00:00:00+00,Sat 14 Jan 2023,72,40,0,3865094,3818946,241219,4106313,4060165,80.5123260151652,79.6075038983544,643
-7.6926,53.28823,2023/01/15 00:00:00+00,Sun 15 Jan 2023,60,30,0,3865154,3818976,241219,4106373,4060195,80.51350243293,79.6080921072367,644
-7.6926,53.28823,2023/01/16 00:00:00+00,Mon 16 Jan 2023,6,2,0,3865160,3818978,241219,4106379,4060197,80.5136200747065,79.6081313211622,645
-7.6926,53.28823,2023/01/17 00:00:00+00,Tue 17 Jan 2023,14,19,0,3865174,3818997,241219,4106393,4060216,80.5138945721849,79.6085038534544,646
-7.6926,53.28823,2023/01/18 00:00:00+00,Wed 18 Jan 2023,34,14,0,3865208,3819011,241219,4106427,4060230,80.5145612089183,79.6087783509329,647
-7.6926,53.28823,2023/01/19 00:00:00+00,Thu 19 Jan 2023,15,7,0,3865223,3819018,241219,4106442,4060237,80.5148553133595,79.6089155996721,648
-7.6926,53.28823,2023/01/20 00:00:00+00,Fri 20 Jan 2023,16,8,0,3865239,3819026,241219,4106458,4060245,80.5151690247634,79.6090724553741,649
-7.6926,53.28823,2023/01/21 00:00:00+00,Sat 21 Jan 2023,74,26,0,3865313,3819052,241219,4106532,4060271,80.5166199400066,79.6095822364055,650
-7.6926,53.28823,2023/01/22 00:00:00+00,Sun 22 Jan 2023,21,13,0,3865334,3819065,241219,4106553,4060284,80.5170316862243,79.6098371269212,651
-7.6926,53.28823,2023/01/23 00:00:00+00,Mon 23 Jan 2023,4,1,0,3865338,3819066,241219,4106557,4060285,80.5171101140753,79.6098567338839,652
-7.6926,53.28823,2023/01/24 00:00:00+00,Tue 24 Jan 2023,16,13,0,3865354,3819079,241219,4106573,4060298,80.5174238254792,79.6101116243996,653
-7.6926,53.28823,2023/01/25 00:00:00+00,Wed 25 Jan 2023,24,17,0,3865378,3819096,241219,4106597,4060315,80.5178943925851,79.6104449427663,654
-7.6926,53.28823,2023/01/26 00:00:00+00,Thu 26 Jan 2023,12,12,0,3865390,3819108,241219,4106609,4060327,80.5181296761381,79.6106802263192,655
-7.6926,53.28823,2023/01/27 00:00:00+00,Fri 27 Jan 2023,12,8,0,3865402,3819116,241219,4106621,4060335,80.518364959691,79.6108370820212,656
-7.6926,53.28823,2023/01/28 00:00:00+00,Sat 28 Jan 2023,24,57,0,3865426,3819173,241219,4106645,4060392,80.5188355267969,79.6119546788978,657
-7.6926,53.28823,2023/01/29 00:00:00+00,Sun 29 Jan 2023,28,28,0,3865454,3819201,241219,4106673,4060420,80.5193845217538,79.6125036738546,658
-7.6926,53.28823,2023/01/30 00:00:00+00,Mon 30 Jan 2023,4,2,0,3865458,3819203,241219,4106677,4060422,80.5194629496048,79.6125428877801,659
-7.6926,53.28823,2023/01/31 00:00:00+00,Tue 31 Jan 2023,23,15,0,3865481,3819218,241219,4106700,4060437,80.519913909748,79.6128369922213,660
-7.6926,53.28823,2023/02/01 00:00:00+00,Wed 01 Feb 2023,14,37,0,3865495,3819255,241219,4106714,4060474,80.5201884072264,79.6135624498429,661
-7.6926,53.28823,2023/02/02 00:00:00+00,Thu 02 Feb 2023,13,12,0,3865508,3819267,241219,4106727,4060486,80.5204432977421,79.6137977333959,662
-7.6926,53.28823,2022/08/20 23:00:00+00,Sun 21 Aug 2022,39,36,0,3859957,3814150,241210,4101167,4055360,80.4114285848733,79.513292442359,663
-7.6926,53.28823,2023/02/03 00:00:00+00,Fri 03 Feb 2023,14,10,0,3865522,3819277,241219,4106741,4060496,80.5207177952206,79.6139938030233,664
-7.6926,53.28823,2023/02/04 00:00:00+00,Sat 04 Feb 2023,38,44,0,3865560,3819321,241219,4106779,4060540,80.5214628598049,79.6148565093842,665
-7.6926,53.28823,2023/02/05 00:00:00+00,Sun 05 Feb 2023,29,22,0,3865589,3819343,241219,4106808,4060562,80.5220314617246,79.6152878625646,666
-7.6926,53.28823,2023/02/06 00:00:00+00,Mon 06 Feb 2023,12,7,0,3865601,3819350,241219,4106820,4060569,80.5222667452775,79.6154251113038,667
-7.6926,53.28823,2023/02/07 00:00:00+00,Tue 07 Feb 2023,20,13,0,3865621,3819363,241219,4106840,4060582,80.5226588845324,79.6156800018195,668
-7.6926,53.28823,2023/02/08 00:00:00+00,Wed 08 Feb 2023,23,30,0,3865644,3819393,241219,4106863,4060612,80.5231098446756,79.6162682107019,669
-7.6926,53.28823,2023/02/09 00:00:00+00,Thu 09 Feb 2023,6,15,0,3865650,3819408,241219,4106869,4060627,80.5232274864521,79.6165623151431,670
-7.6926,53.28823,2023/02/10 00:00:00+00,Fri 10 Feb 2023,5,14,0,3865655,3819422,241219,4106874,4060641,80.5233255212658,79.6168368126216,671
-7.6926,53.28823,2023/02/11 00:00:00+00,Sat 11 Feb 2023,34,47,0,3865689,3819469,241219,4106908,4060688,80.5239921579992,79.6177583398706,672
-7.6926,53.28823,2023/02/12 00:00:00+00,Sun 12 Feb 2023,17,36,0,3865706,3819505,241219,4106925,4060724,80.5243254763659,79.6184641905295,673
-7.6926,53.28823,2023/02/13 00:00:00+00,Mon 13 Feb 2023,1,1,0,3865707,3819506,241219,4106926,4060725,80.5243450833286,79.6184837974922,674
-7.6926,53.28823,2023/02/14 00:00:00+00,Tue 14 Feb 2023,12,22,0,3865719,3819528,241219,4106938,4060747,80.5245803668816,79.6189151506726,675
-7.6926,53.28823,2023/02/15 00:00:00+00,Wed 15 Feb 2023,15,13,0,3865734,3819541,241219,4106953,4060760,80.5248744713228,79.6191700411883,676
-7.6926,53.28823,2023/02/16 00:00:00+00,Thu 16 Feb 2023,13,11,0,3865747,3819552,241219,4106966,4060771,80.5251293618385,79.6193857177786,677
-7.6926,53.28823,2023/02/17 00:00:00+00,Fri 17 Feb 2023,5,12,0,3865752,3819564,241219,4106971,4060783,80.5252273966522,79.6196210013315,678
-7.6926,53.28823,2023/02/18 00:00:00+00,Sat 18 Feb 2023,21,43,0,3865773,3819607,241219,4106992,4060826,80.5256391428699,79.6204641007296,679
-7.6926,53.28823,2023/02/19 00:00:00+00,Sun 19 Feb 2023,22,31,0,3865795,3819638,241219,4107014,4060857,80.5260704960503,79.6210719165747,680
-7.6926,53.28823,2023/02/20 00:00:00+00,Mon 20 Feb 2023,3,0,0,3865798,3819638,241219,4107017,4060857,80.5261293169385,79.6210719165747,681
-7.6926,53.28823,2023/02/21 00:00:00+00,Tue 21 Feb 2023,52,16,0,3865850,3819654,241219,4107069,4060873,80.5271488790013,79.6213856279787,682
-7.6926,53.28823,2023/02/22 00:00:00+00,Wed 22 Feb 2023,21,16,0,3865871,3819670,241219,4107090,4060889,80.527560625219,79.6216993393826,683
-7.6926,53.28823,2023/02/23 00:00:00+00,Thu 23 Feb 2023,20,11,0,3865891,3819681,241219,4107110,4060900,80.5279527644739,79.6219150159728,684
-7.6926,53.28823,2023/02/24 00:00:00+00,Fri 24 Feb 2023,13,12,0,3865904,3819693,241219,4107123,4060912,80.5282076549896,79.6221502995258,685
-7.6926,53.28823,2023/02/25 00:00:00+00,Sat 25 Feb 2023,49,19,0,3865953,3819712,241219,4107172,4060931,80.5291683961642,79.6225228318179,686
-7.6926,53.28823,2023/02/26 00:00:00+00,Sun 26 Feb 2023,78,41,0,3866031,3819753,241219,4107250,4060972,80.5306977392584,79.6233267172905,687
-7.6926,53.28823,2023/02/27 00:00:00+00,Mon 27 Feb 2023,1,2,0,3866032,3819755,241219,4107251,4060974,80.5307173462211,79.623365931216,688
-7.6926,53.28823,2023/02/28 00:00:00+00,Tue 28 Feb 2023,32,11,0,3866064,3819766,241219,4107283,4060985,80.531344769029,79.6235816078062,689
-7.6926,53.28823,2023/03/01 00:00:00+00,Wed 01 Mar 2023,21,18,0,3866085,3819784,241219,4107304,4061003,80.5317565152467,79.6239345331357,690
-7.6926,53.28823,2023/03/02 00:00:00+00,Thu 02 Mar 2023,20,14,0,3866105,3819798,241219,4107324,4061017,80.5321486545016,79.6242090306141,691
-7.6926,53.28823,2023/03/03 00:00:00+00,Fri 03 Mar 2023,10,13,0,3866115,3819811,241219,4107334,4061030,80.5323447241291,79.6244639211298,692
-7.6926,53.28823,2023/03/04 00:00:00+00,Sat 04 Mar 2023,37,24,0,3866152,3819835,241219,4107371,4061054,80.5330701817507,79.6249344882357,693
-7.6926,53.28823,2023/03/05 00:00:00+00,Sun 05 Mar 2023,26,19,0,3866178,3819854,241219,4107397,4061073,80.5335799627821,79.6253070205279,694
-7.6926,53.28823,2023/03/06 00:00:00+00,Mon 06 Mar 2023,1,1,0,3866179,3819855,241219,4107398,4061074,80.5335995697448,79.6253266274907,695
-7.6926,53.28823,2023/03/07 00:00:00+00,Tue 07 Mar 2023,12,13,0,3866191,3819868,241219,4107410,4061087,80.5338348532978,79.6255815180064,696
-7.6926,53.28823,2023/03/08 00:00:00+00,Wed 08 Mar 2023,29,26,0,3866220,3819894,241219,4107439,4061113,80.5344034552174,79.6260912990378,697
-7.6926,53.28823,2023/03/09 00:00:00+00,Thu 09 Mar 2023,13,8,0,3866233,3819902,241219,4107452,4061121,80.5346583457331,79.6262481547397,698
-7.6926,53.28823,2023/03/10 00:00:00+00,Fri 10 Mar 2023,10,3,0,3866243,3819905,241219,4107462,4061124,80.5348544153606,79.626306975628,699
-7.6926,53.28823,2023/03/11 00:00:00+00,Sat 11 Mar 2023,28,23,0,3866271,3819928,241219,4107490,4061147,80.5354034103175,79.6267579357711,700
-7.6926,53.28823,2023/03/12 00:00:00+00,Sun 12 Mar 2023,16,13,0,3866287,3819941,241219,4107506,4061160,80.5357171217214,79.6270128262868,701
-7.6926,53.28823,2023/03/13 00:00:00+00,Mon 13 Mar 2023,2,0,0,3866289,3819941,241219,4107508,4061160,80.5357563356469,79.6270128262868,702
-7.6926,53.28823,2022/08/21 23:00:00+00,Mon 22 Aug 2022,12,13,0,3859969,3814163,241210,4101179,4055373,80.4116638684263,79.5135473328747,703
-7.6926,53.28823,2022/08/22 23:00:00+00,Tue 23 Aug 2022,78,72,0,3860047,3814235,241210,4101257,4055445,80.4131932115205,79.5149590341924,704
-7.6926,53.28823,2022/08/23 23:00:00+00,Wed 24 Aug 2022,53,56,0,3860100,3814291,241210,4101310,4055501,80.4142323805461,79.5160570241062,705
-7.6926,53.28823,2022/08/24 23:00:00+00,Thu 25 Aug 2022,40,49,0,3860140,3814340,241210,4101350,4055550,80.4150166590559,79.5170177652807,706
-7.6926,53.28823,2022/08/25 23:00:00+00,Fri 26 Aug 2022,99,90,0,3860239,3814430,241210,4101449,4055640,80.4169577483678,79.5187823919279,707
-7.6926,53.28823,2022/08/26 23:00:00+00,Sat 27 Aug 2022,86,119,0,3860325,3814549,241210,4101535,4055759,80.4186439471639,79.5211156204947,708
-7.6926,53.28823,2022/08/27 23:00:00+00,Sun 28 Aug 2022,44,21,0,3860369,3814570,241210,4101579,4055780,80.4195066535248,79.5215273667123,709
-7.6926,53.28823,2022/08/28 23:00:00+00,Mon 29 Aug 2022,13,12,0,3860382,3814582,241210,4101592,4055792,80.4197615440405,79.5217626502653,710
-7.6926,53.28823,2022/08/29 23:00:00+00,Tue 30 Aug 2022,42,44,1,3860424,3814626,241211,4101635,4055837,80.4206046434386,79.5226449635889,711
-7.6926,53.28823,2022/08/30 23:00:00+00,Wed 31 Aug 2022,28,29,0,3860452,3814655,241211,4101663,4055866,80.4211536383955,79.5232135655085,712
-7.6926,53.28823,2022/08/31 23:00:00+00,Thu 01 Sep 2022,34,31,0,3860486,3814686,241211,4101697,4055897,80.4218202751288,79.5238213813537,713
-7.6926,53.28823,2022/09/01 23:00:00+00,Fri 02 Sep 2022,48,51,0,3860534,3814737,241211,4101745,4055948,80.4227614093406,79.5248213364537,714
-7.6926,53.28823,2022/09/02 23:00:00+00,Sat 03 Sep 2022,73,101,0,3860607,3814838,241211,4101818,4056049,80.4241927176211,79.5268016396911,715
-7.6926,53.28823,2022/09/03 23:00:00+00,Sun 04 Sep 2022,58,82,0,3860665,3814920,241211,4101876,4056131,80.4253299214604,79.5284094106363,716
-7.6926,53.28823,2022/09/04 23:00:00+00,Mon 05 Sep 2022,9,5,0,3860674,3814925,241211,4101885,4056136,80.4255063841251,79.52850744545,717
-7.6926,53.28823,2022/09/05 23:00:00+00,Tue 06 Sep 2022,42,22,0,3860716,3814947,241211,4101927,4056158,80.4263298765604,79.5289387986304,718
-7.6926,53.28823,2022/09/06 23:00:00+00,Wed 07 Sep 2022,48,42,0,3860764,3814989,241211,4101975,4056200,80.4272710107723,79.5297622910658,719
-7.6926,53.28823,2022/09/07 23:00:00+00,Thu 08 Sep 2022,39,52,2,3860803,3815041,241213,4102016,4056254,80.4280748962449,79.530821067054,720
-7.6926,53.28823,2022/09/08 23:00:00+00,Fri 09 Sep 2022,64,60,0,3860867,3815101,241213,4102080,4056314,80.4293297418606,79.5319974848188,721
-7.6926,53.28823,2022/09/09 23:00:00+00,Sat 10 Sep 2022,94,135,0,3860961,3815236,241213,4102174,4056449,80.4311727963588,79.5346444247896,722
-7.6926,53.28823,2022/09/10 23:00:00+00,Sun 11 Sep 2022,58,58,0,3861019,3815294,241213,4102232,4056507,80.432310000198,79.5357816286288,723
-7.6926,53.28823,2022/09/11 23:00:00+00,Mon 12 Sep 2022,13,13,0,3861032,3815307,241213,4102245,4056520,80.4325648907137,79.5360365191445,724
-7.6926,53.28823,2022/09/12 23:00:00+00,Tue 13 Sep 2022,29,25,0,3861061,3815332,241213,4102274,4056545,80.4331334926334,79.5365266932132,725
-7.6926,53.28823,2022/09/13 23:00:00+00,Wed 14 Sep 2022,36,33,0,3861097,3815365,241213,4102310,4056578,80.4338393432922,79.5371737229838,726
-7.6926,53.28823,2022/09/14 23:00:00+00,Thu 15 Sep 2022,51,36,0,3861148,3815401,241213,4102361,4056614,80.4348392983923,79.5378795736427,727
-7.6926,53.28823,2022/09/15 23:00:00+00,Fri 16 Sep 2022,38,56,0,3861186,3815457,241213,4102399,4056670,80.4355843629766,79.5389775635565,728
-7.6926,53.28823,2022/09/16 23:00:00+00,Sat 17 Sep 2022,66,149,0,3861252,3815606,241213,4102465,4056819,80.4368784225179,79.5418990010056,729
-7.6926,53.28823,2022/09/17 23:00:00+00,Sun 18 Sep 2022,30,53,0,3861282,3815659,241213,4102495,4056872,80.4374666314003,79.5429381700312,730
-7.6926,53.28823,2022/09/18 23:00:00+00,Mon 19 Sep 2022,11,11,0,3861293,3815670,241213,4102506,4056883,80.4376823079905,79.5431538466214,731
-7.6926,53.28823,2022/09/19 23:00:00+00,Tue 20 Sep 2022,39,37,0,3861332,3815707,241213,4102545,4056920,80.4384469795376,79.543879304243,732
-7.6926,53.28823,2022/09/20 23:00:00+00,Wed 21 Sep 2022,42,32,0,3861374,3815739,241213,4102587,4056952,80.4392704719729,79.5445067270509,733
-7.6926,53.28823,2022/09/21 23:00:00+00,Thu 22 Sep 2022,59,34,0,3861433,3815773,241213,4102646,4056986,80.4404272827749,79.5451733637842,734
-7.6926,53.28823,2022/09/22 23:00:00+00,Fri 23 Sep 2022,38,39,0,3861471,3815812,241213,4102684,4057025,80.4411723473593,79.5459380353314,735
-7.6926,53.28823,2022/09/23 23:00:00+00,Sat 24 Sep 2022,56,104,0,3861527,3815916,241213,4102740,4057129,80.4422703372731,79.547977159457,736
-7.6926,53.28823,2022/09/24 23:00:00+00,Sun 25 Sep 2022,42,75,0,3861569,3815991,241213,4102782,4057204,80.4430938297084,79.5494476816629,737
-7.6926,53.28823,2022/09/25 23:00:00+00,Mon 26 Sep 2022,23,10,0,3861592,3816001,241213,4102805,4057214,80.4435447898516,79.5496437512904,738
-7.6926,53.28823,2022/09/26 23:00:00+00,Tue 27 Sep 2022,28,33,2,3861620,3816034,241215,4102835,4057249,80.444132998734,79.5503299949865,739
-7.6926,53.28823,2022/09/27 23:00:00+00,Wed 28 Sep 2022,28,28,0,3861648,3816062,241215,4102863,4057277,80.4446819936909,79.5508789899434,740
-7.6926,53.28823,2022/09/28 23:00:00+00,Thu 29 Sep 2022,30,23,0,3861678,3816085,241215,4102893,4057300,80.4452702025733,79.5513299500866,741
-7.6926,53.28823,2022/09/29 23:00:00+00,Fri 30 Sep 2022,37,58,0,3861715,3816143,241215,4102930,4057358,80.4459956601949,79.5524671539258,742
-7.6926,53.28823,2022/09/30 23:00:00+00,Sat 01 Oct 2022,51,106,0,3861766,3816249,241215,4102981,4057464,80.4469956152949,79.5545454919769,743
-7.6926,53.28823,2022/10/01 23:00:00+00,Sun 02 Oct 2022,26,47,0,3861792,3816296,241215,4103007,4057511,80.4475053963263,79.555467019226,744
-7.6926,53.28823,2022/10/02 23:00:00+00,Mon 03 Oct 2022,10,1,0,3861802,3816297,241215,4103017,4057512,80.4477014659538,79.5554866261887,745
-7.6926,53.28823,2022/10/03 23:00:00+00,Tue 04 Oct 2022,17,17,0,3861819,3816314,241215,4103034,4057529,80.4480347843205,79.5558199445554,746
-7.6926,53.28823,2022/10/04 23:00:00+00,Wed 05 Oct 2022,36,37,0,3861855,3816351,241215,4103070,4057566,80.4487406349793,79.556545402177,747
-7.6926,53.28823,2022/10/05 23:00:00+00,Thu 06 Oct 2022,46,27,0,3861901,3816378,241215,4103116,4057593,80.4496425552657,79.5570747901712,748
-7.6926,53.28823,2022/10/06 23:00:00+00,Fri 07 Oct 2022,63,40,0,3861964,3816418,241215,4103179,4057633,80.4508777939187,79.557859068681,749
-7.6926,53.28823,2022/10/07 23:00:00+00,Sat 08 Oct 2022,97,102,0,3862061,3816520,241215,4103276,4057735,80.452779669305,79.5598589788812,750
-7.6926,53.28823,2022/10/08 23:00:00+00,Sun 09 Oct 2022,37,29,0,3862098,3816549,241215,4103313,4057764,80.4535051269266,79.5604275808008,751
-7.6926,53.28823,2022/10/09 23:00:00+00,Mon 10 Oct 2022,5,3,0,3862103,3816552,241215,4103318,4057767,80.4536031617404,79.560486401689,752
-7.6926,53.28823,2022/10/10 23:00:00+00,Tue 11 Oct 2022,41,16,0,3862144,3816568,241215,4103359,4057783,80.454407047213,79.560800113093,753
-7.6926,53.28823,2022/10/11 23:00:00+00,Wed 12 Oct 2022,38,36,0,3862182,3816604,241215,4103397,4057819,80.4551521117973,79.5615059637518,754
-7.6926,53.28823,2022/10/12 23:00:00+00,Thu 13 Oct 2022,54,29,0,3862236,3816633,241215,4103451,4057848,80.4562108877856,79.5620745656715,755
-7.6926,53.28823,2022/10/13 23:00:00+00,Fri 14 Oct 2022,76,21,0,3862312,3816654,241215,4103527,4057869,80.4577010169543,79.5624863118891,756
-7.6926,53.28823,2022/10/14 23:00:00+00,Sat 15 Oct 2022,93,120,0,3862405,3816774,241215,4103620,4057989,80.4595244644897,79.5648391474187,757
-7.6926,53.28823,2022/10/15 23:00:00+00,Sun 16 Oct 2022,26,37,1,3862431,3816811,241216,4103647,4058027,80.4600538524839,79.565584212003,758
-7.6926,53.28823,2022/10/16 23:00:00+00,Mon 17 Oct 2022,26,3,0,3862457,3816814,241216,4103673,4058030,80.4605636335153,79.5656430328913,759
-7.6926,53.28823,2022/10/17 23:00:00+00,Tue 18 Oct 2022,56,17,0,3862513,3816831,241216,4103729,4058047,80.4616616234291,79.5659763512579,760
-7.6926,53.28823,2022/10/18 23:00:00+00,Wed 19 Oct 2022,51,40,0,3862564,3816871,241216,4103780,4058087,80.4626615785291,79.5667606297678,761
-7.6926,53.28823,2022/10/19 23:00:00+00,Thu 20 Oct 2022,56,10,0,3862620,3816881,241216,4103836,4058097,80.4637595684429,79.5669566993953,762
-7.6926,53.28823,2022/10/20 23:00:00+00,Fri 21 Oct 2022,41,21,0,3862661,3816902,241216,4103877,4058118,80.4645634539155,79.5673684456129,763
-7.6926,53.28823,2022/10/21 23:00:00+00,Sat 22 Oct 2022,88,58,0,3862749,3816960,241216,4103965,4058176,80.4662888666372,79.5685056494522,764
-7.6926,53.28823,2022/10/22 23:00:00+00,Sun 23 Oct 2022,79,48,0,3862828,3817008,241216,4104044,4058224,80.4678378166941,79.569446783664,765
-7.6926,53.28823,2022/10/23 23:00:00+00,Mon 24 Oct 2022,27,4,0,3862855,3817012,241216,4104071,4058228,80.4683672046883,79.569525211515,766
-7.6926,53.28823,2022/10/24 23:00:00+00,Tue 25 Oct 2022,36,22,0,3862891,3817034,241216,4104107,4058250,80.4690730553471,79.5699565646954,767
-7.6926,53.28823,2022/10/25 23:00:00+00,Wed 26 Oct 2022,24,23,0,3862915,3817057,241216,4104131,4058273,80.469543622453,79.5704075248386,768
-7.6926,53.28823,2022/10/26 23:00:00+00,Thu 27 Oct 2022,50,35,0,3862965,3817092,241216,4104181,4058308,80.4705239705903,79.5710937685347,769
-7.6926,53.28823,2022/10/27 23:00:00+00,Fri 28 Oct 2022,22,19,0,3862987,3817111,241216,4104203,4058327,80.4709553237708,79.5714663008269,770
-7.6926,53.28823,2022/10/28 23:00:00+00,Sat 29 Oct 2022,87,64,0,3863074,3817175,241216,4104290,4058391,80.4726611295297,79.5727211464426,771
-7.6926,53.28823,2022/10/29 23:00:00+00,Sun 30 Oct 2022,11,6,0,3863085,3817181,241216,4104301,4058397,80.4728768061199,79.5728387882191,772
-7.6926,53.28823,2022/11/01 00:00:00+00,Tue 01 Nov 2022,43,25,0,3863128,3817206,241216,4104344,4058422,80.473719905518,79.5733289622878,773
-7.6926,53.28823,2022/11/02 00:00:00+00,Wed 02 Nov 2022,62,13,0,3863190,3817219,241216,4104406,4058435,80.4749355372082,79.5735838528035,774
-7.6926,53.28823,2022/11/03 00:00:00+00,Thu 03 Nov 2022,45,28,0,3863235,3817247,241216,4104451,4058463,80.4758178505318,79.5741328477604,775
-7.6926,53.28823,2022/11/04 00:00:00+00,Fri 04 Nov 2022,33,22,0,3863268,3817269,241216,4104484,4058485,80.4764648803024,79.5745642009408,776
-7.6926,53.28823,2022/11/05 00:00:00+00,Sat 05 Nov 2022,35,54,0,3863303,3817323,241216,4104519,4058539,80.4771511239986,79.5756229769291,777
-7.6926,53.28823,2022/11/06 00:00:00+00,Sun 06 Nov 2022,56,78,0,3863359,3817401,241216,4104575,4058617,80.4782491139123,79.5771523200233,778
-7.6926,53.28823,2022/11/07 00:00:00+00,Mon 07 Nov 2022,17,3,0,3863376,3817404,241216,4104592,4058620,80.478582432279,79.5772111409115,779
-7.6926,53.28823,2022/11/08 00:00:00+00,Tue 08 Nov 2022,17,32,0,3863393,3817436,241216,4104609,4058652,80.4789157506457,79.5778385637194,780
-7.6926,53.28823,2022/11/09 00:00:00+00,Wed 09 Nov 2022,36,32,0,3863429,3817468,241216,4104645,4058684,80.4796216013046,79.5784659865273,781
-7.6926,53.28823,2022/11/10 00:00:00+00,Thu 10 Nov 2022,25,15,0,3863454,3817483,241216,4104670,4058699,80.4801117753732,79.5787600909685,782
-7.6926,53.28823,2022/11/11 00:00:00+00,Fri 11 Nov 2022,25,15,0,3863479,3817498,241216,4104695,4058714,80.4806019494419,79.5790541954097,783
-7.6926,53.28823,2022/11/12 00:00:00+00,Sat 12 Nov 2022,70,87,0,3863549,3817585,241216,4104765,4058801,80.4819744368341,79.5807600011686,784
-7.6926,53.28823,2022/11/13 00:00:00+00,Sun 13 Nov 2022,40,62,1,3863589,3817647,241217,4104806,4058864,80.4827783223067,79.5819952398216,785
-7.6926,53.28823,2022/11/14 00:00:00+00,Mon 14 Nov 2022,4,2,0,3863593,3817649,241217,4104810,4058866,80.4828567501577,79.5820344537471,786
-7.6926,53.28823,2022/11/15 00:00:00+00,Tue 15 Nov 2022,18,8,0,3863611,3817657,241217,4104828,4058874,80.4832096754871,79.582191309449,787
-7.6926,53.28823,2022/11/16 00:00:00+00,Wed 16 Nov 2022,28,20,0,3863639,3817677,241217,4104856,4058894,80.483758670444,79.582583448704,788
-7.6926,53.28823,2022/11/17 00:00:00+00,Thu 17 Nov 2022,29,9,1,3863668,3817686,241218,4104886,4058904,80.4843468793264,79.5827795183314,789
-7.6926,53.28823,2022/11/18 00:00:00+00,Fri 18 Nov 2022,16,22,0,3863684,3817708,241218,4104902,4058926,80.4846605907303,79.5832108715118,790
-7.6926,53.28823,2022/11/19 00:00:00+00,Sat 19 Nov 2022,52,57,0,3863736,3817765,241218,4104954,4058983,80.4856801527931,79.5843284683884,791
-7.6926,53.28823,2022/11/20 00:00:00+00,Sun 20 Nov 2022,39,56,0,3863775,3817821,241218,4104993,4059039,80.4864448243402,79.5854264583022,792
-7.6926,53.28823,2022/11/21 00:00:00+00,Mon 21 Nov 2022,6,3,0,3863781,3817824,241218,4104999,4059042,80.4865624661167,79.5854852791904,793
-7.6926,53.28823,2022/11/22 00:00:00+00,Tue 22 Nov 2022,34,22,0,3863815,3817846,241218,4105033,4059064,80.4872291028501,79.5859166323708,794
-7.6926,53.28823,2022/11/23 00:00:00+00,Wed 23 Nov 2022,13,16,0,3863828,3817862,241218,4105046,4059080,80.4874839933658,79.5862303437748,795
-7.6926,53.28823,2022/11/24 00:00:00+00,Thu 24 Nov 2022,16,18,0,3863844,3817880,241218,4105062,4059098,80.4877977047697,79.5865832691042,796
-7.6926,53.28823,2022/11/25 00:00:00+00,Fri 25 Nov 2022,6,11,0,3863850,3817891,241218,4105068,4059109,80.4879153465462,79.5867989456944,797
-7.6926,53.28823,2022/11/26 00:00:00+00,Sat 26 Nov 2022,64,63,0,3863914,3817954,241218,4105132,4059172,80.489170192162,79.5880341843474,798
-7.6926,53.28823,2022/11/27 00:00:00+00,Sun 27 Nov 2022,36,42,0,3863950,3817996,241218,4105168,4059214,80.4898760428208,79.5888576767828,799
-7.6926,53.28823,2022/11/28 00:00:00+00,Mon 28 Nov 2022,4,1,0,3863954,3817997,241218,4105172,4059215,80.4899544706718,79.5888772837455,800
