X,Y,VaccinationDate,VaccineText,Dose1,Dose2,SingleDose,Dose1Cum,Dose2Cum,SingleDoseCum,PartiallyVacc,FullyVacc,PartialPercent,FullyPercent,ObjectId
-7.6926,53.28823,2021/04/13 23:00:00+00,Wed 14 Apr 2021,20356,6603,2,830493,354811,271,830764,355082,17.3129250920961,7.39982482094996,1
-7.6926,53.28823,2021/04/14 23:00:00+00,Thu 15 Apr 2021,27122,10825,1,857615,365636,272,857887,365908,17.878161991231,7.6254360980961,2
-7.6926,53.28823,2021/04/15 23:00:00+00,Fri 16 Apr 2021,27980,9852,1,885595,375488,273,885868,375761,18.4612794072504,7.83077028558186,3
-7.6926,53.28823,2021/04/16 23:00:00+00,Sat 17 Apr 2021,15861,4567,3,901456,380055,276,901732,380331,18.7918814117439,7.92600800371948,4
-7.6926,53.28823,2021/04/17 23:00:00+00,Sun 18 Apr 2021,1080,489,0,902536,380544,276,902812,380820,18.814388356074,7.93619864795784,5
-7.6926,53.28823,2021/04/18 23:00:00+00,Mon 19 Apr 2021,6766,2269,0,909302,382813,276,909578,383089,18.9553901943495,7.98348407081435,6
-7.6926,53.28823,2021/04/19 23:00:00+00,Tue 20 Apr 2021,15104,7333,1,924406,390146,277,924683,390423,19.2701748185221,8.13632289462645,7
-7.6926,53.28823,2021/04/20 23:00:00+00,Wed 21 Apr 2021,26745,9906,4,951151,400052,281,951432,400333,19.8276176461946,8.34284494861852,8
-7.6926,53.28823,2021/04/21 23:00:00+00,Thu 22 Apr 2021,31645,12198,1,982796,412250,282,983078,412532,20.4871127945935,8.59706922073248,9
-7.6926,53.28823,2021/04/22 23:00:00+00,Fri 23 Apr 2021,33625,12365,3,1016421,424615,285,1016706,424900,21.1879123537908,8.85481541283884,10
-7.6926,53.28823,2021/04/23 23:00:00+00,Sat 24 Apr 2021,23712,7012,2,1040133,431627,287,1040420,431914,21.682106499943,9.00098551240497,11
-7.6926,53.28823,2021/04/24 23:00:00+00,Sun 25 Apr 2021,9759,312,3,1049892,431939,290,1050182,432229,21.8855442689713,9.00755003783459,12
-7.6926,53.28823,2021/04/25 23:00:00+00,Mon 26 Apr 2021,15606,3064,4,1065498,435003,294,1065792,435297,22.2108529735946,9.07148643154273,13
-7.6926,53.28823,2021/04/26 23:00:00+00,Tue 27 Apr 2021,25933,7827,9,1091431,442830,303,1091734,443133,22.7514781123092,9.23478681651568,14
-7.6926,53.28823,2021/04/27 23:00:00+00,Wed 28 Apr 2021,26059,8627,6,1117490,451457,309,1117799,451766,23.294666541906,9.41469649281372,15
-7.6926,53.28823,2021/04/28 23:00:00+00,Thu 29 Apr 2021,31705,11338,7,1149195,462795,316,1149511,463111,23.9555371146806,9.65112360709627,16
-7.6926,53.28823,2021/04/29 23:00:00+00,Fri 30 Apr 2021,36116,13545,8,1185311,476340,324,1185635,476664,24.7083527229964,9.93356491867595,17
-7.6926,53.28823,2021/04/30 23:00:00+00,Sat 01 May 2021,16636,6703,21,1201947,483043,345,1202292,483388,25.0554806597619,10.0736914868942,18
-7.6926,53.28823,2021/05/01 23:00:00+00,Sun 02 May 2021,12479,914,16,1214426,483957,361,1214787,484318,25.3158735018034,10.093072466734,19
-7.6926,53.28823,2021/05/02 23:00:00+00,Mon 03 May 2021,14281,938,21,1228707,484895,382,1229089,485277,25.6139237960712,10.1130577997086,20
-7.6926,53.28823,2021/05/03 23:00:00+00,Tue 04 May 2021,26678,6810,11,1255385,491705,393,1255778,492098,26.1701162379476,10.2552058249639,21
-7.6926,53.28823,2021/05/04 23:00:00+00,Wed 05 May 2021,32148,13474,70,1287533,505179,463,1287996,505642,26.8415317309361,10.5374595786742,22
-7.6926,53.28823,2021/05/05 23:00:00+00,Thu 06 May 2021,37311,14388,133,1324844,519567,596,1325440,520163,27.6218558267665,10.8400737810979,23
-7.6926,53.28823,2021/05/06 23:00:00+00,Fri 07 May 2021,40613,15102,98,1365457,534669,694,1366151,535363,28.4702634291955,11.156838182781,24
-7.6926,53.28823,2021/05/07 23:00:00+00,Sat 08 May 2021,25642,7066,10,1391099,541735,704,1391803,542439,29.0048450365623,11.3043003476698,25
-7.6926,53.28823,2021/05/08 23:00:00+00,Sun 09 May 2021,19685,936,5,1410784,542671,709,1411493,543380,29.4151799753216,11.3239105649055,26
-7.6926,53.28823,2021/05/09 23:00:00+00,Mon 10 May 2021,28867,4667,172,1439651,547338,881,1440532,548219,30.0203458608792,11.4247541793624,27
-7.6926,53.28823,2021/05/10 23:00:00+00,Tue 11 May 2021,33930,14824,153,1473581,562162,1034,1474615,563196,30.7306275123637,11.7368713138366,28
-7.6926,53.28823,2021/05/11 23:00:00+00,Wed 12 May 2021,31312,20934,175,1504893,583096,1209,1506102,584305,31.3868091384029,12.176777876674,29
-7.6926,53.28823,2021/05/12 23:00:00+00,Thu 13 May 2021,36021,25489,153,1540914,608585,1362,1542276,609947,32.1406667348822,12.7111510864081,30
-7.6926,53.28823,2021/05/13 23:00:00+00,Fri 14 May 2021,38244,27959,237,1579158,636544,1599,1580757,638143,32.9426016652221,13.2987490515303,31
-7.6926,53.28823,2021/05/14 23:00:00+00,Sat 15 May 2021,28893,12469,22,1608051,649013,1621,1609672,650634,33.5451834201344,13.5590585345187,32
-7.6926,53.28823,2021/05/15 23:00:00+00,Sun 16 May 2021,23196,1184,11,1631247,650197,1632,1632879,651829,34.0288118063094,13.5839620516247,33
-7.6926,53.28823,2021/05/16 23:00:00+00,Mon 17 May 2021,35407,3966,120,1666654,654163,1752,1668406,655915,34.7691860759539,13.6691133243403,34
-7.6926,53.28823,2021/05/17 23:00:00+00,Tue 18 May 2021,39045,12518,127,1705699,666681,1879,1707578,668560,35.5855212827124,13.932632130872,35
-7.6926,53.28823,2021/05/18 23:00:00+00,Wed 19 May 2021,37052,17619,212,1742751,684300,2091,1744842,686391,36.3620942211545,14.3042259497149,36
-7.6926,53.28823,2021/05/19 23:00:00+00,Thu 20 May 2021,39112,19650,137,1781863,703950,2228,1784091,706178,37.1800340896848,14.7165823455112,37
-7.6926,53.28823,2021/05/20 23:00:00+00,Fri 21 May 2021,25859,23268,14935,1807722,727218,17163,1824885,744381,38.030171392465,15.5127238216625,38
-7.6926,53.28823,2021/05/21 23:00:00+00,Sat 22 May 2021,16611,10262,13524,1824333,737480,30687,1855020,768167,38.6581776585651,16.00841843077,39
-7.6926,53.28823,2021/05/22 23:00:00+00,Sun 23 May 2021,8237,5544,10205,1832570,743024,40892,1873462,783916,39.0425045727651,16.3366238624876,40
-7.6926,53.28823,2021/05/23 23:00:00+00,Mon 24 May 2021,22570,8246,8453,1855140,751270,49345,1904485,800615,39.6890165486476,16.6846270693103,41
-7.6926,53.28823,2021/05/24 23:00:00+00,Tue 25 May 2021,30383,16525,3224,1885523,767795,52569,1938092,820364,40.3893784728163,17.0961915541024,42
-7.6926,53.28823,2021/05/25 23:00:00+00,Wed 26 May 2021,20000,25491,3055,1905523,793286,55624,1961147,848910,40.8698392149745,17.6910834363686,43
-7.6926,53.28823,2021/05/26 23:00:00+00,Thu 27 May 2021,17036,36067,550,1922559,829353,56174,1978733,885527,41.2363272918165,18.4541730479758,44
-7.6926,53.28823,2021/05/27 23:00:00+00,Fri 28 May 2021,27061,31851,1562,1949620,861204,57736,2007356,918940,41.8328238358544,19.1504920580704,45
-7.6926,53.28823,2021/05/28 23:00:00+00,Sat 29 May 2021,24509,7406,538,1974129,868610,58274,2032403,926884,42.3547973864436,19.3160431374764,46
-7.6926,53.28823,2021/05/29 23:00:00+00,Sun 30 May 2021,24272,1695,210,1998401,870305,58484,2056885,928789,42.8649964707861,19.3557428865031,47
-7.6926,53.28823,2021/05/30 23:00:00+00,Mon 31 May 2021,22617,7323,3445,2021018,877628,61929,2082947,939557,43.408122381093,19.5801454573797,48
-7.6926,53.28823,2021/05/31 23:00:00+00,Tue 01 Jun 2021,27629,11541,3657,2048647,889169,65586,2114233,954755,44.0601152147152,19.8968681795362,49
-7.6926,53.28823,2021/06/01 23:00:00+00,Wed 02 Jun 2021,18729,20925,4009,2067376,910094,69595,2136971,979689,44.5339697519172,20.4164868368761,50
-7.6926,53.28823,2021/06/02 23:00:00+00,Thu 03 Jun 2021,16718,30720,1978,2084094,940814,71573,2155667,1012387,44.9235899659874,21.0979054162336,51
-7.6926,53.28823,2021/06/03 23:00:00+00,Fri 04 Jun 2021,29019,23357,155,2113113,964171,71728,2184841,1035899,45.5315692195863,21.5878899302055,52
-7.6926,53.28823,2021/06/04 23:00:00+00,Sat 05 Jun 2021,20983,11512,35,2134096,975683,71763,2205859,1047446,45.9695793639663,21.8285266766684,53
-7.6926,53.28823,2021/06/05 23:00:00+00,Sun 06 Jun 2021,19966,3925,47,2154062,979608,71810,2225872,1051418,46.3866455462612,21.9113022163713,54
-7.6926,53.28823,2021/06/06 23:00:00+00,Mon 07 Jun 2021,19854,4612,47,2173916,984220,71857,2245773,1056077,46.8013776750702,22.0083946734399,55
-7.6926,53.28823,2021/06/07 23:00:00+00,Tue 08 Jun 2021,26439,18354,48,2200355,1002574,71905,2272260,1074479,47.3533604847662,22.3918879971091,56
-7.6926,53.28823,2021/06/08 23:00:00+00,Wed 09 Jun 2021,32839,20140,176,2233194,1022714,72081,2305275,1094795,48.0413852690799,22.8152686276745,57
-7.6926,53.28823,2021/06/09 23:00:00+00,Thu 10 Jun 2021,27723,27514,273,2260917,1050228,72354,2333271,1122582,48.6248152815483,23.3943431296198,58
-7.6926,53.28823,2021/06/10 23:00:00+00,Fri 11 Jun 2021,26473,32919,44,2287390,1083147,72398,2359788,1155545,49.1774232841425,24.0812842462435,59
-7.6926,53.28823,2021/06/11 23:00:00+00,Sat 12 Jun 2021,12236,19737,105,2299626,1102884,72503,2372129,1175387,49.4346068026406,24.4947868290195,60
-7.6926,53.28823,2021/06/12 23:00:00+00,Sun 13 Jun 2021,8565,18186,835,2308191,1121070,73338,2381529,1194408,49.6305005773656,24.8911799661521,61
-7.6926,53.28823,2021/06/13 23:00:00+00,Mon 14 Jun 2021,16039,31324,54,2324230,1152394,73392,2397622,1225786,49.9658748876476,25.545090057995,62
-7.6926,53.28823,2021/06/14 23:00:00+00,Tue 15 Jun 2021,14725,41604,206,2338955,1193998,73598,2412553,1267596,50.2770333930115,26.4164005602562,63
-7.6926,53.28823,2021/06/15 23:00:00+00,Wed 16 Jun 2021,13500,48412,220,2352455,1242410,73818,2426273,1316228,50.562954945057,27.429879927536,64
-7.6926,53.28823,2021/06/16 23:00:00+00,Thu 17 Jun 2021,21596,42709,535,2374051,1285119,74353,2448404,1359472,51.0241597459549,28.3310746503244,65
-7.6926,53.28823,2021/06/17 23:00:00+00,Fri 18 Jun 2021,12028,50040,555,2386079,1335159,74908,2460987,1410067,51.2863864871641,29.3854624729005,66
-7.6926,53.28823,2021/06/18 23:00:00+00,Sat 19 Jun 2021,6343,32828,434,2392422,1367987,75342,2467764,1443329,51.4276175628355,30.0786346787415,67
-7.6926,53.28823,2021/06/19 23:00:00+00,Sun 20 Jun 2021,8533,26154,178,2400955,1394141,75520,2476475,1469661,51.6091527406685,30.6273873251309,68
-7.6926,53.28823,2021/06/20 23:00:00+00,Mon 21 Jun 2021,15506,32363,575,2416461,1426504,76095,2492556,1502599,51.9442769737913,31.3138074476729,69
-7.6926,53.28823,2021/06/21 23:00:00+00,Tue 22 Jun 2021,15161,43576,723,2431622,1470080,76818,2508440,1546898,52.2752957735501,32.2369881207097,70
-7.6926,53.28823,2021/06/22 23:00:00+00,Wed 23 Jun 2021,20110,39417,886,2451732,1509497,77704,2529436,1587201,52.7128474431382,33.0768930997251,71
-7.6926,53.28823,2021/06/23 23:00:00+00,Thu 24 Jun 2021,19050,44287,1033,2470782,1553784,78737,2549519,1632521,53.131372408862,34.0213511710592,72
-7.6926,53.28823,2021/06/24 23:00:00+00,Fri 25 Jun 2021,15233,50141,844,2486015,1603925,79581,2565596,1683506,53.4664132829317,35.0838665013101,73
-7.6926,53.28823,2021/06/25 23:00:00+00,Sat 26 Jun 2021,9089,30590,513,2495104,1634515,80094,2575198,1714609,53.666516689837,35.7320456582541,74
-7.6926,53.28823,2021/06/26 23:00:00+00,Sun 27 Jun 2021,8746,30494,59,2503850,1665009,80153,2584003,1745162,53.8500108054173,36.3687629454004,75
-7.6926,53.28823,2021/06/27 23:00:00+00,Mon 28 Jun 2021,24255,24679,528,2528105,1689688,80681,2608786,1770369,54.3664826585036,36.8940708581127,76
-7.6926,53.28823,2021/06/28 23:00:00+00,Tue 29 Jun 2021,28167,31069,812,2556272,1720757,81493,2637765,1802250,54.9703981582651,37.5584633508797,77
-7.6926,53.28823,2021/06/29 23:00:00+00,Wed 30 Jun 2021,22605,36897,593,2578877,1757654,82086,2660963,1839740,55.4538389865706,38.3397460758205,78
-7.6926,53.28823,2021/06/30 23:00:00+00,Thu 01 Jul 2021,15066,48329,644,2593943,1805983,82730,2676673,1888713,55.7812316675207,39.3603318023749,79
-7.6926,53.28823,2021/07/01 23:00:00+00,Fri 02 Jul 2021,13706,47295,819,2607649,1853278,83549,2691198,1936827,56.0839292289975,40.3630161722815,80
-7.6926,53.28823,2021/07/02 23:00:00+00,Sat 03 Jul 2021,9332,30502,506,2616981,1883780,84055,2701036,1967835,56.2889508200343,41.009215551715,81
-7.6926,53.28823,2021/07/03 23:00:00+00,Sun 04 Jul 2021,6465,27793,233,2623446,1911573,84288,2707734,1995861,56.4285355544075,41.5932707570815,82
-7.6926,53.28823,2021/07/04 23:00:00+00,Mon 05 Jul 2021,15647,33486,5343,2639093,1945059,89631,2728724,2034690,56.865962185416,42.402457925039,83
-7.6926,53.28823,2021/07/05 23:00:00+00,Tue 06 Jul 2021,12415,48317,5490,2651508,1993376,95121,2746629,2088497,57.2390981467407,43.5237830672339,84
-7.6926,53.28823,2021/07/06 23:00:00+00,Wed 07 Jul 2021,19722,43779,5061,2671230,2037155,100182,2771412,2137337,57.755569999827,44.5415971052735,85
-7.6926,53.28823,2021/07/07 23:00:00+00,Thu 08 Jul 2021,17804,45625,6003,2689034,2082780,106185,2795219,2188965,58.2517022439632,45.6175124033061,86
-7.6926,53.28823,2021/07/08 23:00:00+00,Fri 09 Jul 2021,13534,45119,6532,2702568,2127899,112717,2815285,2240616,58.6698729337114,46.6939070158939,87
-7.6926,53.28823,2021/07/09 23:00:00+00,Sat 10 Jul 2021,8661,23892,4365,2711229,2151791,117082,2828311,2268873,58.9413316900485,47.2827762065754,88
-7.6926,53.28823,2021/07/10 23:00:00+00,Sun 11 Jul 2021,15247,16135,2153,2726476,2167926,119235,2845711,2287161,59.3039435709226,47.663893797232,89
-7.6926,53.28823,2021/07/11 23:00:00+00,Mon 12 Jul 2021,17134,31788,6095,2743610,2199714,125330,2868940,2325044,59.7880304318895,48.4533665491373,90
-7.6926,53.28823,2021/07/12 23:00:00+00,Tue 13 Jul 2021,20123,36594,8490,2763733,2236308,133820,2897553,2370128,60.3843185782947,49.39290643634,91
-7.6926,53.28823,2021/07/13 23:00:00+00,Wed 14 Jul 2021,20806,35741,9335,2784539,2272049,143155,2927694,2415204,61.0124498829743,50.3322796054366,92
-7.6926,53.28823,2021/07/14 23:00:00+00,Thu 15 Jul 2021,23671,28864,9587,2808210,2300913,152742,2960952,2453655,61.7055387297622,51.1335893428785,93
-7.6926,53.28823,2021/07/15 23:00:00+00,Fri 16 Jul 2021,23530,27450,9168,2831740,2328363,161910,2993650,2490273,62.3869573091198,51.896699794249,94
-7.6926,53.28823,2021/07/16 23:00:00+00,Sat 17 Jul 2021,11522,19450,4678,2843262,2347813,166588,3009850,2514401,62.7245614740715,52.3995216023944,95
-7.6926,53.28823,2021/07/17 23:00:00+00,Sun 18 Jul 2021,16872,15837,1932,2860134,2363650,168520,3028654,2532170,63.1164323825747,52.7698233559146,96
-7.6926,53.28823,2021/07/18 23:00:00+00,Mon 19 Jul 2021,24916,18469,6253,2885050,2382119,174773,3059823,2556892,63.7659869638945,53.2850239834416,97
-7.6926,53.28823,2021/07/19 23:00:00+00,Tue 20 Jul 2021,30613,18203,7700,2915663,2400322,182473,3098136,2582795,64.5644208140053,53.8248363713887,98
-7.6926,53.28823,2021/07/20 23:00:00+00,Wed 21 Jul 2021,30384,19860,6894,2946047,2420182,189367,3135414,2609549,65.3412855091331,54.3823833978776,99
-7.6926,53.28823,2021/07/21 23:00:00+00,Thu 22 Jul 2021,33554,15951,6937,2979601,2436133,196304,3175905,2632437,66.185108363643,54.8593638995698,100
-7.6926,53.28823,2021/07/22 23:00:00+00,Fri 23 Jul 2021,27099,20865,5616,3006700,2456998,201920,3208620,2658918,66.8668812189761,55.4112216706863,101
-7.6926,53.28823,2021/07/23 23:00:00+00,Sat 24 Jul 2021,15449,14830,2277,3022149,2471828,204197,3226346,2676025,67.2362868626758,55.7677275009227,102
-7.6926,53.28823,2021/07/24 23:00:00+00,Sun 25 Jul 2021,14744,13657,1046,3036893,2485485,205243,3242136,2690728,67.5653467246873,56.0741345402613,103
-7.6926,53.28823,2021/07/25 23:00:00+00,Mon 26 Jul 2021,23863,18333,3422,3060756,2503818,208665,3269421,2712483,68.1339596654718,56.5275035901702,104
-7.6926,53.28823,2021/07/26 23:00:00+00,Tue 27 Jul 2021,25536,23933,3672,3086292,2527751,212337,3298629,2740088,68.7426474710218,57.1027852552006,105
-7.6926,53.28823,2021/07/27 23:00:00+00,Wed 28 Jul 2021,23456,25316,3265,3109748,2553067,215602,3325350,2768669,69.2995067853227,57.6984065291812,106
-7.6926,53.28823,2021/07/28 23:00:00+00,Thu 29 Jul 2021,19301,27892,2964,3129049,2580959,218566,3347615,2799525,69.7635041144987,58.3414382645979,107
-7.6926,53.28823,2020/12/28 00:00:00+00,Mon 28 Dec 2020,291,25,4,291,25,4,295,29,0.00614773016424443,0.00060435313479013,108
-7.6926,53.28823,2020/12/29 00:00:00+00,Tue 29 Dec 2020,80,3,0,371,28,4,375,32,0.00781491122573444,0.000666872424596006,109
-7.6926,53.28823,2020/12/30 00:00:00+00,Wed 30 Dec 2020,1065,2,0,1436,30,4,1440,34,0.0300092591068202,0.000708551951133256,110
-7.6926,53.28823,2020/12/31 00:00:00+00,Thu 31 Dec 2020,1042,1,0,2478,31,4,2482,35,0.0517242924327277,0.000729391714401881,111
-7.6926,53.28823,2021/01/01 00:00:00+00,Fri 01 Jan 2021,822,0,0,3300,31,4,3304,35,0.0688545778395376,0.000729391714401881,112
-7.6926,53.28823,2021/01/02 00:00:00+00,Sat 02 Jan 2021,1021,0,0,4321,31,4,4325,35,0.0901319761368039,0.000729391714401881,113
-7.6926,53.28823,2021/01/03 00:00:00+00,Sun 03 Jan 2021,24,3,1,4345,34,5,4350,39,0.0906529702185195,0.000812750767476382,114
-7.6926,53.28823,2021/01/04 00:00:00+00,Mon 04 Jan 2021,1197,5,0,5542,39,5,5547,44,0.115598166851064,0.000916949583819508,115
-7.6926,53.28823,2021/01/05 00:00:00+00,Tue 05 Jan 2021,3545,14,0,9087,53,5,9092,58,0.18947512763834,0.00120870626958026,116
-7.6926,53.28823,2021/01/06 00:00:00+00,Wed 06 Jan 2021,6796,14,0,15883,67,5,15888,72,0.331102158811917,0.00150046295534101,117
-7.6926,53.28823,2021/01/07 00:00:00+00,Thu 07 Jan 2021,11742,9,0,27625,76,5,27630,81,0.575802659112114,0.00168802082475864,118
-7.6926,53.28823,2021/01/08 00:00:00+00,Fri 08 Jan 2021,12690,8,0,40315,84,5,40320,89,0.840259254990967,0.00185473893090764,119
-7.6926,53.28823,2021/01/09 00:00:00+00,Sat 09 Jan 2021,8081,7,0,48396,91,5,48401,96,1.00866538196473,0.00200061727378802,120
-7.6926,53.28823,2021/01/10 00:00:00+00,Sun 10 Jan 2021,4790,6,1,53186,97,6,53192,103,1.10850868778471,0.00214649561666839,121
-7.6926,53.28823,2021/01/11 00:00:00+00,Mon 11 Jan 2021,8355,8,0,61541,105,6,61547,111,1.28262490989407,0.00231321372281739,122
-7.6926,53.28823,2021/01/12 00:00:00+00,Tue 12 Jan 2021,8901,15,0,70442,120,6,70448,126,1.46811964274811,0.00262581017184677,123
-7.6926,53.28823,2021/01/13 00:00:00+00,Wed 13 Jan 2021,9905,5,0,80347,125,6,80353,131,1.67453749792384,0.0027300089881899,124
-7.6926,53.28823,2021/01/14 00:00:00+00,Thu 14 Jan 2021,8099,6,0,88446,131,6,88452,137,1.84331874063643,0.00285504756780165,125
-7.6926,53.28823,2021/01/15 00:00:00+00,Fri 15 Jan 2021,7707,5,0,96153,136,6,96159,142,2.00393079614773,0.00295924638414477,126
-7.6926,53.28823,2021/01/16 00:00:00+00,Sat 16 Jan 2021,5248,3,0,101401,139,6,101407,145,2.11329787378147,0.00302176567395065,127
-7.6926,53.28823,2021/01/17 00:00:00+00,Sun 17 Jan 2021,1118,5,0,102519,144,6,102525,150,2.1365967291158,0.00312596449029378,128
-7.6926,53.28823,2021/01/18 00:00:00+00,Mon 18 Jan 2021,8731,9,1,111250,153,7,111257,160,2.31856954197743,0.00333436212298003,129
-7.6926,53.28823,2021/01/19 00:00:00+00,Tue 19 Jan 2021,8398,21,0,119648,174,7,119655,181,2.49358187390734,0.00377199715162116,130
-7.6926,53.28823,2021/01/20 00:00:00+00,Wed 20 Jan 2021,8458,965,0,128106,1139,7,128113,1146,2.66984459163338,0.0238823687058444,131
-7.6926,53.28823,2021/01/21 00:00:00+00,Thu 21 Jan 2021,9021,967,0,137127,2106,7,137134,2113,2.85784009607964,0.044034419786605,132
-7.6926,53.28823,2021/01/22 00:00:00+00,Fri 22 Jan 2021,6794,970,0,143921,3076,7,143928,3083,2.99942544772668,0.0642489901571714,133
-7.6926,53.28823,2021/01/23 00:00:00+00,Sat 23 Jan 2021,4201,461,0,148122,3537,7,148129,3544,3.08697329321818,0.0738561210240076,134
-7.6926,53.28823,2021/01/24 00:00:00+00,Sun 24 Jan 2021,1188,399,0,149310,3936,7,149317,3943,3.11173093198131,0.0821711865681891,135
-7.6926,53.28823,2021/01/25 00:00:00+00,Mon 25 Jan 2021,1377,1294,0,150687,5230,7,150694,5237,3.1404272860022,0.10913784023779,136
-7.6926,53.28823,2021/01/26 00:00:00+00,Tue 26 Jan 2021,1012,3507,0,151699,8737,7,151706,8744,3.16151712643005,0.182222890020859,137
-7.6926,53.28823,2021/01/27 00:00:00+00,Wed 27 Jan 2021,2192,6710,0,153891,15447,7,153898,15454,3.20719788751488,0.322057701553333,138
-7.6926,53.28823,2021/01/28 00:00:00+00,Thu 28 Jan 2021,1028,11544,0,154919,26991,7,154926,26998,3.22862116415502,0.562631928726342,139
-7.6926,53.28823,2021/01/29 00:00:00+00,Fri 29 Jan 2021,1591,11526,0,156510,38517,7,156517,38524,3.26177722751541,0.802831040160516,140
-7.6926,53.28823,2021/01/30 00:00:00+00,Sat 30 Jan 2021,656,7795,0,157166,46312,7,157173,46319,3.27544811221962,0.965276994839449,141
-7.6926,53.28823,2021/01/31 00:00:00+00,Sun 31 Jan 2021,239,4088,0,157405,50400,7,157412,50407,3.28042881564083,1.05046994708159,142
-7.6926,53.28823,2021/02/01 00:00:00+00,Mon 01 Feb 2021,1043,8336,1,158448,58736,8,158456,58744,3.30218552849327,1.22421105345212,143
-7.6926,53.28823,2021/02/02 00:00:00+00,Tue 02 Feb 2021,847,5113,1,159295,63849,9,159304,63858,3.31985764774506,1.33078560280787,144
-7.6926,53.28823,2021/02/03 00:00:00+00,Wed 03 Feb 2021,1413,6873,0,160708,70722,9,160717,70731,3.34930423324363,1.47401729575313,145
-7.6926,53.28823,2021/02/04 00:00:00+00,Thu 04 Feb 2021,1457,10542,1,162165,81264,10,162175,81274,3.37968860808929,1.69373091989424,146
-7.6926,53.28823,2021/02/05 00:00:00+00,Fri 05 Feb 2021,3408,8616,0,165573,89880,10,165583,89890,3.45071052130876,1.87328632021672,147
-7.6926,53.28823,2021/02/06 00:00:00+00,Sat 06 Feb 2021,912,3871,0,166485,93751,10,166495,93761,3.46971638540975,1.95395704382956,148
-7.6926,53.28823,2021/02/07 00:00:00+00,Sun 07 Feb 2021,339,1301,2,166824,95052,12,166836,95064,3.47682274468435,1.98111125536858,149
-7.6926,53.28823,2021/02/08 00:00:00+00,Mon 08 Feb 2021,1197,882,0,168021,95934,12,168033,95946,3.50176794131689,1.99949192657151,150
-7.6926,53.28823,2021/02/09 00:00:00+00,Tue 09 Feb 2021,4276,555,3,172297,96489,15,172312,96504,3.59094128834334,2.0111205144754,151
-7.6926,53.28823,2021/02/10 00:00:00+00,Wed 10 Feb 2021,8835,585,0,181132,97074,15,181147,97089,3.77506059682164,2.02331177598755,152
-7.6926,53.28823,2021/02/11 00:00:00+00,Thu 11 Feb 2021,6207,452,0,187339,97526,15,187354,97541,3.90441300743,2.03273134898497,153
-7.6926,53.28823,2021/02/12 00:00:00+00,Fri 12 Feb 2021,4407,527,0,191746,98053,15,191761,98068,3.99625384415483,2.04371390422753,154
-7.6926,53.28823,2021/02/13 00:00:00+00,Sat 13 Feb 2021,1224,1918,0,192970,99971,15,192985,99986,4.02176171439563,2.08368457017676,155
-7.6926,53.28823,2021/02/14 00:00:00+00,Sun 14 Feb 2021,2712,28,0,195682,99999,15,195697,100014,4.07827915238014,2.08426808354828,156
-7.6926,53.28823,2021/02/15 00:00:00+00,Mon 15 Feb 2021,1976,7896,0,197658,107895,15,197673,107910,4.11945852459894,2.24881885431734,157
-7.6926,53.28823,2021/02/16 00:00:00+00,Tue 16 Feb 2021,5662,8169,0,203320,116064,15,203335,116079,4.2374532642259,2.41905888045874,158
-7.6926,53.28823,2021/02/17 00:00:00+00,Wed 17 Feb 2021,9761,8467,0,213081,124531,15,213096,124546,4.44087019349095,2.59550915605419,159
-7.6926,53.28823,2021/02/18 00:00:00+00,Thu 18 Feb 2021,8478,8361,1,221559,132892,16,221575,132908,4.61757054624562,2.76977125650643,160
-7.6926,53.28823,2021/02/19 00:00:00+00,Fri 19 Feb 2021,9401,6593,2,230960,139485,18,230978,139503,4.81352684026051,2.90720949526302,161
-7.6926,53.28823,2021/02/20 00:00:00+00,Sat 20 Feb 2021,5900,3581,2,236860,143066,20,236880,143086,4.93652312307193,2.9818783670545,162
-7.6926,53.28823,2021/02/21 00:00:00+00,Sun 21 Feb 2021,1118,1025,6,237978,144091,26,238004,144117,4.95994701698587,3.00336416298445,163
-7.6926,53.28823,2021/02/22 00:00:00+00,Mon 22 Feb 2021,3955,1128,2,241933,145219,28,241961,145247,5.04240996023982,3.026913095478,164
-7.6926,53.28823,2021/02/23 00:00:00+00,Tue 23 Feb 2021,13378,1074,1,255311,146293,29,255340,146322,5.32122515301075,3.04931584099177,165
-7.6926,53.28823,2021/02/24 00:00:00+00,Wed 24 Feb 2021,16952,2110,6,272263,148403,35,272298,148438,5.6746258585201,3.09341278006818,166
-7.6926,53.28823,2021/02/25 00:00:00+00,Thu 25 Feb 2021,18110,1770,3,290373,150173,38,290411,150211,6.05209649060471,3.13036168034346,167
-7.6926,53.28823,2021/02/26 00:00:00+00,Fri 26 Feb 2021,16097,2778,1,306470,152951,39,306509,152990,6.38757499970303,3.18827538246697,168
-7.6926,53.28823,2021/02/27 00:00:00+00,Sat 27 Feb 2021,9013,707,1,315483,153658,40,315523,153698,6.57542462580642,3.20302993486115,169
-7.6926,53.28823,2021/02/28 00:00:00+00,Sun 28 Feb 2021,2454,61,2,317937,153719,42,317979,153761,6.62660708439416,3.20434283994708,170
-7.6926,53.28823,2021/03/01 00:00:00+00,Mon 01 Mar 2021,5633,809,0,323570,154528,42,323612,154570,6.74399747088633,3.22120220843139,171
-7.6926,53.28823,2021/03/02 00:00:00+00,Tue 02 Mar 2021,12212,1621,0,335782,156149,42,335824,156191,6.99849265992278,3.25498346468983,172
-7.6926,53.28823,2021/03/03 00:00:00+00,Wed 03 Mar 2021,12926,1514,1,348708,157663,43,348751,157706,7.2678882796963,3.2865557060418,173
-7.6926,53.28823,2021/03/04 00:00:00+00,Thu 04 Mar 2021,18741,1698,5,367449,159361,48,367497,159409,7.65855048192995,3.32204582288827,174
-7.6926,53.28823,2021/03/05 00:00:00+00,Fri 05 Mar 2021,18474,2407,6,385923,161768,54,385977,161822,8.04366930713414,3.37233217165546,175
-7.6926,53.28823,2021/03/06 00:00:00+00,Sat 06 Mar 2021,10414,149,5,396337,161917,59,396396,161976,8.26079880062994,3.37554149519883,176
-7.6926,53.28823,2021/03/07 00:00:00+00,Sun 07 Mar 2021,1539,18,4,397876,161935,63,397939,161998,8.29295455535343,3.37599996999074,177
-7.6926,53.28823,2021/03/08 00:00:00+00,Mon 08 Mar 2021,6684,1513,6,404560,163448,69,404629,163517,8.43237257162054,3.40765557039578,178
-7.6926,53.28823,2021/03/09 00:00:00+00,Tue 09 Mar 2021,13862,3115,6,418422,166563,75,418497,166638,8.72137840862983,3.47269647155716,179
-7.6926,53.28823,2021/03/10 00:00:00+00,Wed 10 Mar 2021,13761,4007,3,432183,170570,78,432261,170648,9.00821691025919,3.55626392226435,180
-7.6926,53.28823,2021/03/11 00:00:00+00,Thu 11 Mar 2021,18508,2108,4,450691,172678,82,450773,172760,9.39400260788798,3.60027750228768,181
-7.6926,53.28823,2021/03/12 00:00:00+00,Fri 12 Mar 2021,17361,1350,4,468052,174028,86,468138,174114,9.75588509704765,3.6284945417534,182
-7.6926,53.28823,2021/03/13 00:00:00+00,Sat 13 Mar 2021,8339,182,0,476391,174210,86,476477,174296,9.92966788294472,3.63228737866829,183
-7.6926,53.28823,2021/03/14 00:00:00+00,Sun 14 Mar 2021,399,23,2,476790,174233,88,476878,174321,9.93802462801544,3.63280837275001,184
-7.6926,53.28823,2021/03/15 00:00:00+00,Mon 15 Mar 2021,2678,1005,0,479468,175238,88,479556,175326,9.99383351404881,3.65375233483498,185
-7.6926,53.28823,2021/03/16 00:00:00+00,Tue 16 Mar 2021,8976,3832,2,488444,179070,90,488534,179160,10.1809329086745,3.73365198720689,186
-7.6926,53.28823,2021/03/17 00:00:00+00,Wed 17 Mar 2021,4913,2429,8,493357,181499,98,493455,181597,10.2834853837194,3.78443849029253,187
-7.6926,53.28823,2021/03/18 00:00:00+00,Thu 18 Mar 2021,11750,4691,7,505107,186190,105,505212,186295,10.5284984804687,3.88234369812853,188
-7.6926,53.28823,2021/03/19 00:00:00+00,Fri 19 Mar 2021,10397,6142,2,515504,192332,107,515611,192439,10.7452111786991,4.01038320365096,189
-7.6926,53.28823,2021/03/20 00:00:00+00,Sat 20 Mar 2021,5261,3129,4,520765,195461,111,520876,195572,10.8549325323084,4.07567418197156,190
-7.6926,53.28823,2021/03/21 00:00:00+00,Sun 21 Mar 2021,3660,59,3,524425,195520,114,524539,195634,10.9312685851614,4.07696624729422,191
-7.6926,53.28823,2021/03/22 00:00:00+00,Mon 22 Mar 2021,7435,2420,1,531860,197940,115,531975,198055,11.0862330648269,4.12741931416756,192
-7.6926,53.28823,2021/03/23 00:00:00+00,Tue 23 Mar 2021,12583,7411,6,544443,205351,121,544564,205472,11.3485848446156,4.28198783833095,193
-7.6926,53.28823,2021/03/24 00:00:00+00,Wed 24 Mar 2021,13651,9786,2,558094,215137,123,558217,215260,11.6331101325221,4.48596744120425,194
-7.6926,53.28823,2021/03/25 00:00:00+00,Thu 25 Mar 2021,20896,10232,3,578990,225369,126,579116,225495,12.0686403450731,4.69926241825863,195
-7.6926,53.28823,2021/03/26 00:00:00+00,Fri 26 Mar 2021,19720,9515,1,598710,234884,127,598837,235011,12.4796213164937,4.89757360552287,196
-7.6926,53.28823,2021/03/27 00:00:00+00,Sat 27 Mar 2021,11773,5364,3,610483,240248,130,610613,240378,12.725030368745,5.00942061498558,197
-7.6926,53.28823,2021/03/28 00:00:00+00,Sun 28 Mar 2021,2505,489,0,612988,240737,130,613118,240867,12.7772339757329,5.01961125922394,198
-7.6926,53.28823,2021/03/28 23:00:00+00,Mon 29 Mar 2021,9294,3133,3,622282,243870,133,622415,244003,12.9709812548413,5.08496475683435,199
-7.6926,53.28823,2021/03/29 23:00:00+00,Tue 30 Mar 2021,13347,8683,4,635629,252553,137,635766,252690,13.2492129342408,5.26599978034889,200
-7.6926,53.28823,2021/03/30 23:00:00+00,Wed 31 Mar 2021,15858,10516,4,651487,263069,141,651628,263210,13.5797732592077,5.48523408993483,201
-7.6926,53.28823,2021/03/31 23:00:00+00,Thu 01 Apr 2021,19731,11592,9,671218,274661,150,671368,274811,13.9911501861303,5.72699618361415,202
-7.6926,53.28823,2021/04/01 23:00:00+00,Fri 02 Apr 2021,20166,13729,9,691384,288390,159,691543,288549,14.4115924100749,6.01329285139852,203
-7.6926,53.28823,2021/04/02 23:00:00+00,Sat 03 Apr 2021,7559,4644,7,698943,293034,166,699109,293200,14.5692660589653,6.1102185903609,204
-7.6926,53.28823,2021/04/03 23:00:00+00,Sun 04 Apr 2021,3048,174,3,701991,293208,169,702160,293377,14.6328481766979,6.11390722845945,205
-7.6926,53.28823,2021/04/04 23:00:00+00,Mon 05 Apr 2021,3455,618,6,705446,293826,175,705621,294001,14.7049745973706,6.12691124073907,206
-7.6926,53.28823,2021/04/05 23:00:00+00,Tue 06 Apr 2021,12012,8163,12,717458,301989,187,717645,302176,14.9555519109125,6.29727630546008,207
-7.6926,53.28823,2021/04/06 23:00:00+00,Wed 07 Apr 2021,18385,10499,12,735843,312488,199,736042,312687,15.3389410357654,6.5163230571766,208
-7.6926,53.28823,2021/04/07 23:00:00+00,Thu 08 Apr 2021,20207,10582,18,756050,323070,217,756267,323287,15.7604252478734,6.73722454782403,209
-7.6926,53.28823,2021/04/08 23:00:00+00,Fri 09 Apr 2021,20689,9174,16,776739,332244,233,776972,332477,16.1919125463502,6.92874197226269,210
-7.6926,53.28823,2021/04/09 23:00:00+00,Sat 10 Apr 2021,11193,4188,12,787932,336432,245,788177,336677,16.4254220937752,7.01626897799092,211
-7.6926,53.28823,2021/04/10 23:00:00+00,Sun 11 Apr 2021,2876,369,9,790808,336801,254,791062,337055,16.4855448108052,7.02414640850646,212
-7.6926,53.28823,2021/04/11 23:00:00+00,Mon 12 Apr 2021,7794,2810,14,798602,339611,268,798870,339879,16.6482616824066,7.08299789997706,213
-7.6926,53.28823,2021/04/12 23:00:00+00,Tue 13 Apr 2021,11535,8597,1,810137,348208,269,810406,348477,16.8886691914735,7.26217818456069,214
-7.6926,53.28823,2021/11/14 00:00:00+00,Sun 14 Nov 2021,1646,1808,1,3643440,3576373,240979,3884419,3817352,80.9503723961497,79.5527119930128,215
-7.6926,53.28823,2022/06/16 23:00:00+00,Fri 17 Jun 2022,58,95,0,3854130,3806361,241142,4095272,4047503,85.3444990006291,84.3490043490502,216
-7.6926,53.28823,2021/07/29 23:00:00+00,Fri 30 Jul 2021,21973,22972,2123,3151022,2603931,220689,3371711,2824620,70.2656590502195,58.864412123824,217
-7.6926,53.28823,2021/11/15 00:00:00+00,Mon 15 Nov 2021,1244,598,1,3644684,3576971,240980,3885664,3817951,80.9763179014192,79.5651950112108,218
-7.6926,53.28823,2021/11/16 00:00:00+00,Tue 16 Nov 2021,1317,1082,5,3646001,3578053,240985,3886986,3819038,81.0038680684603,79.5878478338838,219
-7.6926,53.28823,2021/11/17 00:00:00+00,Wed 17 Nov 2021,1503,1125,3,3647504,3579178,240988,3888492,3820166,81.0352527519428,79.6113550868508,220
-7.6926,53.28823,2021/11/18 00:00:00+00,Thu 18 Nov 2021,1641,2518,5,3649145,3581696,240993,3890138,3822689,81.069555002283,79.6639338095775,221
-7.6926,53.28823,2021/11/19 00:00:00+00,Fri 19 Nov 2021,1166,1565,0,3650311,3583261,240993,3891304,3824254,81.0938541662542,79.6965480390929,222
-7.6926,53.28823,2021/11/20 00:00:00+00,Sat 20 Nov 2021,1547,2952,12,3651858,3586213,241005,3892863,3827218,81.12634335719,79.7583170974211,223
-7.6926,53.28823,2021/11/21 00:00:00+00,Sun 21 Nov 2021,1789,2771,0,3653647,3588984,241005,3894652,3829989,81.1636256936776,79.8160640814385,224
-7.6926,53.28823,2021/11/22 00:00:00+00,Mon 22 Nov 2021,725,522,3,3654372,3589506,241008,3895380,3830514,81.1787970413371,79.8270049571545,225
-7.6926,53.28823,2021/11/23 00:00:00+00,Tue 23 Nov 2021,2156,1601,8,3656528,3591107,241016,3897544,3832123,81.2238942890504,79.8605361362537,226
-7.6926,53.28823,2021/11/24 00:00:00+00,Wed 24 Nov 2021,1615,3154,2,3658143,3594261,241018,3899161,3835279,81.2575921862558,79.9263064291295,227
-7.6926,53.28823,2021/11/25 00:00:00+00,Thu 25 Nov 2021,982,1190,2,3659125,3595451,241020,3900145,3836471,81.2780985133121,79.9511474269457,228
-7.6926,53.28823,2021/11/26 00:00:00+00,Fri 26 Nov 2021,1279,1115,12,3660404,3596566,241032,3901436,3837598,81.3050026476919,79.9746338401494,229
-7.6926,53.28823,2021/11/27 00:00:00+00,Sat 27 Nov 2021,1200,1566,6,3661604,3598132,241038,3902642,3839170,81.3301354021939,80.0073939480077,230
-7.6926,53.28823,2021/11/28 00:00:00+00,Sun 28 Nov 2021,1962,2263,1,3663566,3600395,241039,3904605,3841434,81.3710438574902,80.0545751720479,231
-7.6926,53.28823,2021/11/29 00:00:00+00,Mon 29 Nov 2021,536,1005,2,3664102,3601400,241041,3905143,3842441,81.3822556501287,80.0755608136594,232
-7.6926,53.28823,2021/11/30 00:00:00+00,Tue 30 Nov 2021,1897,1651,6,3665999,3603051,241047,3907046,3844098,81.4219137196289,80.1100923013955,233
-7.6926,53.28823,2021/12/01 00:00:00+00,Wed 01 Dec 2021,1074,1392,4,3667073,3604443,241051,3908124,3845494,81.4443789844325,80.1391846109185,234
-7.6926,53.28823,2021/12/02 00:00:00+00,Thu 02 Dec 2021,1737,1417,0,3668810,3605860,241051,3909861,3846911,81.4805776532301,80.1687145554701,235
-7.6926,53.28823,2021/12/03 00:00:00+00,Fri 03 Dec 2021,1016,1203,2,3669826,3607063,241053,3910879,3848116,81.5017925322375,80.1938264702088,236
-7.6926,53.28823,2021/12/04 00:00:00+00,Sat 04 Dec 2021,1204,1704,3,3671030,3608767,241056,3912086,3849823,81.5269461265028,80.2293999461084,237
-7.6926,53.28823,2021/12/05 00:00:00+00,Sun 05 Dec 2021,1349,1778,2,3672379,3610545,241058,3913437,3851603,81.5551006466787,80.2664947247265,238
-7.6926,53.28823,2021/12/06 00:00:00+00,Mon 06 Dec 2021,939,1306,0,3673318,3611851,241058,3914376,3852909,81.5746691843879,80.2937114555554,239
-7.6926,53.28823,2021/12/07 00:00:00+00,Tue 07 Dec 2021,485,751,2,3673803,3612602,241060,3914863,3853662,81.5848181490998,80.3094037972966,240
-7.6926,53.28823,2021/12/08 00:00:00+00,Wed 08 Dec 2021,797,1527,2,3674600,3614129,241062,3915662,3855191,81.6014691199514,80.3412677953343,241
-7.6926,53.28823,2021/12/09 00:00:00+00,Thu 09 Dec 2021,787,1215,1,3675387,3615344,241063,3916450,3856407,81.6178908534071,80.366608947469,242
-7.6926,53.28823,2021/12/10 00:00:00+00,Fri 10 Dec 2021,894,1618,1,3676281,3616962,241064,3917345,3858026,81.6365424415325,80.4003485242009,243
-7.6926,53.28823,2021/12/11 00:00:00+00,Sat 11 Dec 2021,645,847,2,3676926,3617809,241066,3917992,3858875,81.6500257683673,80.418041483216,244
-7.6926,53.28823,2021/12/12 00:00:00+00,Sun 12 Dec 2021,686,1193,0,3677612,3619002,241066,3918678,3860068,81.6643218459696,80.4429033207954,245
-7.6926,53.28823,2021/12/13 00:00:00+00,Mon 13 Dec 2021,724,1071,1,3678336,3620073,241067,3919403,3861140,81.6794306743393,80.4652435470194,246
-7.6926,53.28823,2021/12/14 00:00:00+00,Tue 14 Dec 2021,631,1204,3,3678967,3621277,241070,3920037,3862347,81.6926430842516,80.4903971412846,247
-7.6926,53.28823,2021/12/15 00:00:00+00,Wed 15 Dec 2021,792,1258,1,3679759,3622535,241071,3920830,3863606,81.7091690165236,80.5166344032398,248
-7.6926,53.28823,2021/12/16 00:00:00+00,Thu 16 Dec 2021,1049,1548,8,3680808,3624083,241079,3921887,3865162,81.7311966462986,80.5490610748858,249
-7.6926,53.28823,2021/12/17 00:00:00+00,Fri 17 Dec 2021,1198,2460,1,3682006,3626543,241080,3923086,3867623,81.7561835224577,80.6003477322899,250
-7.6926,53.28823,2021/12/18 00:00:00+00,Sat 18 Dec 2021,1251,1185,0,3683257,3627728,241080,3924337,3868808,81.7822540663067,80.6250428517632,251
-7.6926,53.28823,2021/12/19 00:00:00+00,Sun 19 Dec 2021,551,892,2,3683808,3628620,241082,3924890,3869702,81.7937784553943,80.6436736001254,252
-7.6926,53.28823,2021/12/20 00:00:00+00,Mon 20 Dec 2021,516,621,1,3684324,3629241,241083,3925407,3870324,81.8045526130041,80.6566359328785,253
-7.6926,53.28823,2021/12/21 00:00:00+00,Tue 21 Dec 2021,1406,1822,3,3685730,3631063,241086,3926816,3872149,81.8339158394496,80.6946685008437,254
-7.6926,53.28823,2021/12/22 00:00:00+00,Wed 22 Dec 2021,1166,1602,2,3686896,3632665,241088,3927984,3873753,81.8582566829474,80.7280954811266,255
-7.6926,53.28823,2021/12/23 00:00:00+00,Thu 23 Dec 2021,930,1401,0,3687826,3634066,241088,3928914,3875154,81.8776376627872,80.7572919894659,256
-7.6926,53.28823,2021/12/24 00:00:00+00,Fri 24 Dec 2021,101,164,0,3687927,3634230,241088,3929015,3875318,81.8797424788773,80.760709710642,257
-7.6926,53.28823,2021/12/25 00:00:00+00,Sat 25 Dec 2021,1,6,0,3687928,3634236,241088,3929016,3875324,81.8797633186406,80.7608347492216,258
-7.6926,53.28823,2021/12/26 00:00:00+00,Sun 26 Dec 2021,12,13,0,3687940,3634249,241088,3929028,3875337,81.8800133957998,80.7611056661441,259
-7.6926,53.28823,2021/12/27 00:00:00+00,Mon 27 Dec 2021,392,591,0,3688332,3634840,241088,3929420,3875928,81.8881825830011,80.7734219662358,260
-7.6926,53.28823,2021/12/28 00:00:00+00,Tue 28 Dec 2021,468,752,0,3688800,3635592,241088,3929888,3876680,81.8979355922108,80.7890934682138,261
-7.6926,53.28823,2021/12/29 00:00:00+00,Wed 29 Dec 2021,1058,1313,0,3689858,3636905,241088,3930946,3877993,81.919984061749,80.8164560773855,262
-7.6926,53.28823,2021/12/30 00:00:00+00,Thu 30 Dec 2021,1051,1200,1,3690909,3638105,241089,3931998,3879194,81.9419074927076,80.8414846330712,263
-7.6926,53.28823,2021/12/31 00:00:00+00,Fri 31 Dec 2021,714,1681,0,3691623,3639786,241089,3932712,3880875,81.9567870836814,80.8765162751257,264
-7.6926,53.28823,2022/01/01 00:00:00+00,Sat 01 Jan 2022,71,100,0,3691694,3639886,241089,3932783,3880975,81.9582667068735,80.8786002514526,265
-7.6926,53.28823,2022/01/02 00:00:00+00,Sun 02 Jan 2022,271,629,0,3691965,3640515,241089,3933054,3881604,81.9639142827193,80.8917084625486,266
-7.6926,53.28823,2022/01/03 00:00:00+00,Mon 03 Jan 2022,3632,729,1,3695597,3641244,241090,3936687,3882334,82.0396251426742,80.9069214897346,267
-7.6926,53.28823,2022/01/04 00:00:00+00,Tue 04 Jan 2022,1188,785,1,3696785,3642029,241091,3937876,3883120,82.0644036212006,80.9233015436638,268
-7.6926,53.28823,2022/01/05 00:00:00+00,Wed 05 Jan 2022,2139,914,0,3698924,3642943,241091,3940015,3884034,82.1089798748322,80.9423490872913,269
-7.6926,53.28823,2022/01/06 00:00:00+00,Thu 06 Jan 2022,2454,1700,1,3701378,3644643,241092,3942470,3885735,82.1601414936567,80.9777975246112,270
-7.6926,53.28823,2022/01/07 00:00:00+00,Fri 07 Jan 2022,4854,785,2,3706232,3645428,241094,3947326,3886522,82.2613393840891,80.9941984183036,271
-7.6926,53.28823,2022/01/08 00:00:00+00,Sat 08 Jan 2022,9789,745,2,3716021,3646173,241096,3957117,3887269,82.4653815062522,81.0097657214653,272
-7.6926,53.28823,2022/01/09 00:00:00+00,Sun 09 Jan 2022,7116,667,0,3723137,3646840,241096,3964233,3887936,82.6136772616718,81.0236658435655,273
-7.6926,53.28823,2022/01/10 00:00:00+00,Mon 10 Jan 2022,6665,510,1,3729802,3647350,241097,3970899,3888447,82.7525951236204,81.0343149625958,274
-7.6926,53.28823,2022/01/11 00:00:00+00,Tue 11 Jan 2022,4779,1372,1,3734581,3648722,241098,3975679,3889820,82.8522091920445,81.0629279575636,275
-7.6926,53.28823,2022/01/12 00:00:00+00,Wed 12 Jan 2022,7560,928,1,3742141,3649650,241099,3983240,3890749,83.0097786421185,81.0822880976401,276
-7.6926,53.28823,2022/01/13 00:00:00+00,Thu 13 Jan 2022,7322,818,0,3749463,3650468,241099,3990562,3891567,83.1623673887714,81.0993350239939,277
-7.6926,53.28823,2022/01/14 00:00:00+00,Fri 14 Jan 2022,10724,837,0,3760187,3651305,241099,4001286,3892404,83.3858530100642,81.1167779058497,278
-7.6926,53.28823,2022/01/15 00:00:00+00,Sat 15 Jan 2022,8363,653,2,3768550,3651958,241101,4009651,3893059,83.5601776298062,81.1304279507906,279
-7.6926,53.28823,2022/01/16 00:00:00+00,Sun 16 Jan 2022,6965,1216,1,3775515,3653174,241102,4016617,3894276,83.7053474207354,81.1557899426886,280
-7.6926,53.28823,2022/01/17 00:00:00+00,Mon 17 Jan 2022,2565,562,0,3778080,3653736,241102,4019182,3894838,83.7588014135195,81.1675018896455,281
-7.6926,53.28823,2022/01/18 00:00:00+00,Tue 18 Jan 2022,4056,454,3,3782136,3654190,241105,4023241,3895295,83.8433900126268,81.1770256614593,282
-7.6926,53.28823,2022/01/19 00:00:00+00,Wed 19 Jan 2022,3487,623,0,3785623,3654813,241105,4026728,3895918,83.9160582671445,81.1900088339756,283
-7.6926,53.28823,2022/01/20 00:00:00+00,Thu 20 Jan 2022,3699,938,0,3789322,3655751,241105,4030427,3896856,83.9931445514752,81.2095565319216,284
-7.6926,53.28823,2022/01/21 00:00:00+00,Fri 21 Jan 2022,3252,977,0,3792574,3656728,241105,4033679,3897833,84.0609154616247,81.2299169806351,285
-7.6926,53.28823,2022/01/22 00:00:00+00,Sat 22 Jan 2022,4273,644,0,3796847,3657372,241105,4037952,3898477,84.1499637700716,81.2433377881801,286
-7.6926,53.28823,2022/01/23 00:00:00+00,Sun 23 Jan 2022,3094,680,0,3799941,3658052,241105,4041046,3899157,84.2144419976247,81.2575088272027,287
-7.6926,53.28823,2022/01/24 00:00:00+00,Mon 24 Jan 2022,646,469,0,3800587,3658521,241105,4041692,3899626,84.2279044846962,81.2672826761757,288
-7.6926,53.28823,2022/01/25 00:00:00+00,Tue 25 Jan 2022,692,1837,1,3801279,3660358,241106,4042385,3901464,84.2423464406414,81.3055861610634,289
-7.6926,53.28823,2022/01/26 00:00:00+00,Wed 26 Jan 2022,700,898,0,3801979,3661256,241106,4043085,3902362,84.2569342749294,81.3243002684787,290
-7.6926,53.28823,2022/01/27 00:00:00+00,Thu 27 Jan 2022,1277,1178,0,3803256,3662434,241106,4044362,3903540,84.2835466526234,81.3488495096091,291
-7.6926,53.28823,2022/01/28 00:00:00+00,Fri 28 Jan 2022,1029,3095,1,3804285,3665529,241107,4045392,3906636,84.3050116087901,81.4133694166888,292
-7.6926,53.28823,2022/01/29 00:00:00+00,Sat 29 Jan 2022,2329,3446,0,3806614,3668975,241107,4047721,3910082,84.3535474174428,81.4851832409124,293
-7.6926,53.28823,2022/01/30 00:00:00+00,Sun 30 Jan 2022,1639,7538,0,3808253,3676513,241107,4049360,3917620,84.38770378944,81.6422733764313,294
-7.6926,53.28823,2022/01/31 00:00:00+00,Mon 31 Jan 2022,482,1396,0,3808735,3677909,241107,4049842,3919016,84.3977485553355,81.6713656859544,295
-7.6926,53.28823,2022/02/01 00:00:00+00,Tue 01 Feb 2022,750,3420,1,3809485,3681329,241108,4050593,3922437,84.4133992175502,81.7426585160963,296
-7.6926,53.28823,2022/02/02 00:00:00+00,Wed 02 Feb 2022,653,2998,0,3810138,3684327,241108,4051246,3925435,84.4270075829647,81.8051361263757,297
-7.6926,53.28823,2022/02/03 00:00:00+00,Thu 03 Feb 2022,908,2436,1,3811046,3686763,241109,4052155,3927872,84.4459509277758,81.8559226294613,298
-7.6926,53.28823,2022/02/04 00:00:00+00,Fri 04 Feb 2022,1173,6523,0,3812219,3693286,241109,4053328,3934395,84.4703959700899,81.9918604052625,299
-7.6926,53.28823,2022/02/05 00:00:00+00,Sat 05 Feb 2022,1777,5750,0,3813996,3699036,241109,4055105,3940145,84.5074282294183,82.1116890440571,300
-7.6926,53.28823,2022/02/06 00:00:00+00,Sun 06 Feb 2022,1407,7556,0,3815403,3706592,241109,4056512,3947701,84.5367497763372,82.2691542953149,301
-7.6926,53.28823,2022/02/07 00:00:00+00,Mon 07 Feb 2022,440,1352,0,3815843,3707944,241109,4056952,3949053,84.5459192721754,82.297329655254,302
-7.6926,53.28823,2022/02/08 00:00:00+00,Tue 08 Feb 2022,899,1238,0,3816742,3709182,241109,4057851,3950291,84.5646542193539,82.3231292821806,303
-7.6926,53.28823,2022/02/09 00:00:00+00,Wed 09 Feb 2022,1335,1785,0,3818077,3710967,241109,4059186,3952076,84.5924753033175,82.3603282596151,304
-7.6926,53.28823,2022/02/10 00:00:00+00,Thu 10 Feb 2022,687,2554,1,3818764,3713521,241110,4059874,3954631,84.6068130604464,82.4135738547664,305
-7.6926,53.28823,2022/02/11 00:00:00+00,Fri 11 Feb 2022,546,4924,0,3819310,3718445,241110,4060420,3959555,84.618191571191,82.5161888491011,306
-7.6926,53.28823,2022/02/12 00:00:00+00,Sat 12 Feb 2022,1397,5462,0,3820707,3723907,241110,4061817,3965017,84.6473047204773,82.6300156360744,307
-7.6926,53.28823,2022/02/13 00:00:00+00,Sun 13 Feb 2022,1566,4706,0,3822273,3728613,241110,4063383,3969723,84.679939789756,82.7280875620165,308
-7.6926,53.28823,2022/02/14 00:00:00+00,Mon 14 Feb 2022,175,954,0,3822448,3729567,241110,4063558,3970677,84.683586748328,82.7479686961748,309
-7.6926,53.28823,2022/02/15 00:00:00+00,Tue 15 Feb 2022,650,817,1,3823098,3730384,241111,4064209,3971495,84.6971534342158,82.7650156225285,310
-7.6926,53.28823,2022/02/16 00:00:00+00,Wed 16 Feb 2022,798,1787,0,3823896,3732171,241111,4065007,3973282,84.7137835653042,82.8022562794896,311
-7.6926,53.28823,2022/02/17 00:00:00+00,Thu 17 Feb 2022,791,1194,2,3824687,3733365,241113,4065800,3974478,84.7303094975762,82.8271806363588,312
-7.6926,53.28823,2022/02/18 00:00:00+00,Fri 18 Feb 2022,792,3295,0,3825479,3736660,241113,4066592,3977773,84.746814590085,82.895847656329,313
-7.6926,53.28823,2022/02/19 00:00:00+00,Sat 19 Feb 2022,980,3556,0,3826459,3740216,241113,4067572,3981329,84.7672375580882,82.9699538545122,314
-7.6926,53.28823,2022/02/20 00:00:00+00,Sun 20 Feb 2022,1365,3588,0,3827824,3743804,241113,4068937,3984917,84.7956838349499,83.04472692512,315
-7.6926,53.28823,2022/02/21 00:00:00+00,Mon 21 Feb 2022,254,996,1,3828078,3744800,241114,4069192,3985914,84.8009979745834,83.0655041690988,316
-7.6926,53.28823,2022/02/22 00:00:00+00,Tue 22 Feb 2022,475,985,1,3828553,3745785,241115,4069668,3986900,84.8109177018993,83.0860521756817,317
-7.6926,53.28823,2022/02/23 00:00:00+00,Wed 23 Feb 2022,829,1273,1,3829382,3747058,241116,4070498,3988174,84.8282147054122,83.1126020340859,318
-7.6926,53.28823,2022/02/24 00:00:00+00,Thu 24 Feb 2022,653,1236,0,3830035,3748294,241116,4071151,3989410,84.8418230708266,83.1383599814859,319
-7.6926,53.28823,2022/02/25 00:00:00+00,Fri 25 Feb 2022,693,1228,0,3830728,3749522,241116,4071844,3990638,84.8562650267718,83.1639512107798,320
-7.6926,53.28823,2022/02/26 00:00:00+00,Sat 26 Feb 2022,960,2092,0,3831688,3751614,241116,4072804,3992730,84.8762711995097,83.2075479955378,321
-7.6926,53.28823,2022/02/27 00:00:00+00,Sun 27 Feb 2022,671,1783,0,3832359,3753397,241116,4073475,3994513,84.8902546806629,83.2447052934457,322
-7.6926,53.28823,2022/02/28 00:00:00+00,Mon 28 Feb 2022,81,435,0,3832440,3753832,241116,4073556,3994948,84.8919427014877,83.2537705904676,323
-7.6926,53.28823,2022/06/17 23:00:00+00,Sat 18 Jun 2022,223,488,0,3854353,3806849,241142,4095495,4047991,85.3491462678381,84.3591741535253,324
-7.6926,53.28823,2021/07/30 23:00:00+00,Sat 31 Jul 2021,13763,12509,907,3164785,2616440,221596,3386381,2838036,70.5713783773702,59.1439983878359,325
-7.6926,53.28823,2022/06/18 23:00:00+00,Sun 19 Jun 2022,80,129,0,3854433,3806978,241142,4095575,4048120,85.3508134488995,84.3618624829869,326
-7.6926,53.28823,2022/06/19 23:00:00+00,Mon 20 Jun 2022,9,28,0,3854442,3807006,241142,4095584,4048148,85.351001006769,84.3624459963585,327
-7.6926,53.28823,2022/06/20 23:00:00+00,Tue 21 Jun 2022,74,169,1,3854516,3807175,241143,4095659,4048318,85.3525639890141,84.3659887561141,328
-7.6926,53.28823,2022/06/21 23:00:00+00,Wed 22 Jun 2022,60,94,0,3854576,3807269,241143,4095719,4048412,85.3538143748102,84.3679476938614,329
-7.6926,53.28823,2022/06/22 23:00:00+00,Thu 23 Jun 2022,64,113,0,3854640,3807382,241143,4095783,4048525,85.3551481196594,84.3703025871107,330
-7.6926,53.28823,2022/06/23 23:00:00+00,Fri 24 Jun 2022,55,93,1,3854695,3807475,241144,4095839,4048619,85.3563151464025,84.372261524858,331
-7.6926,53.28823,2022/06/24 23:00:00+00,Sat 25 Jun 2022,210,293,0,3854905,3807768,241144,4096049,4048912,85.3606914966889,84.3783675754957,332
-7.6926,53.28823,2022/06/25 23:00:00+00,Sun 26 Jun 2022,174,402,0,3855079,3808170,241144,4096223,4049314,85.3643176154976,84.3867451603297,333
-7.6926,53.28823,2022/06/26 23:00:00+00,Mon 27 Jun 2022,5,34,0,3855084,3808204,241144,4096228,4049348,85.364421814314,84.3874537122808,334
-7.6926,53.28823,2022/06/27 23:00:00+00,Tue 28 Jun 2022,49,60,0,3855133,3808264,241144,4096277,4049408,85.3654429627141,84.3887040980769,335
-7.6926,53.28823,2022/06/28 23:00:00+00,Wed 29 Jun 2022,63,81,3,3855196,3808345,241147,4096343,4049492,85.3668183870899,84.3904546381915,336
-7.6926,53.28823,2022/06/29 23:00:00+00,Thu 30 Jun 2022,48,89,0,3855244,3808434,241147,4096391,4049581,85.3678186957268,84.3923093771224,337
-7.6926,53.28823,2022/06/30 23:00:00+00,Fri 01 Jul 2022,46,64,0,3855290,3808498,241147,4096437,4049645,85.3687773248371,84.3936431219716,338
-7.6926,53.28823,2022/07/01 23:00:00+00,Sat 02 Jul 2022,182,228,0,3855472,3808726,241147,4096619,4049873,85.372570161752,84.3983945879968,339
-7.6926,53.28823,2022/07/02 23:00:00+00,Sun 03 Jul 2022,108,273,0,3855580,3808999,241147,4096727,4050146,85.374820856185,84.4040838433692,340
-7.6926,53.28823,2022/07/03 23:00:00+00,Mon 04 Jul 2022,14,15,0,3855594,3809014,241147,4096741,4050161,85.3751126128708,84.4043964398182,341
-7.6926,53.28823,2022/07/04 23:00:00+00,Tue 05 Jul 2022,51,70,0,3855645,3809084,241147,4096792,4050231,85.3761754407975,84.405855223247,342
-7.6926,53.28823,2022/07/05 23:00:00+00,Wed 06 Jul 2022,60,83,0,3855705,3809167,241147,4096852,4050314,85.3774258265936,84.4075849235983,343
-7.6926,53.28823,2022/07/06 23:00:00+00,Thu 07 Jul 2022,77,77,0,3855782,3809244,241147,4096929,4050391,85.3790304883653,84.40918958537,344
-7.6926,53.28823,2022/07/07 23:00:00+00,Fri 08 Jul 2022,99,90,0,3855881,3809334,241147,4097028,4050481,85.3810936249289,84.4110651640642,345
-7.6926,53.28823,2022/07/08 23:00:00+00,Sat 09 Jul 2022,119,143,0,3856000,3809477,241147,4097147,4050624,85.3835735567578,84.4140452502116,346
-7.6926,53.28823,2022/07/09 23:00:00+00,Sun 10 Jul 2022,134,219,0,3856134,3809696,241147,4097281,4050843,85.3863660850358,84.4186091583674,347
-7.6926,53.28823,2022/07/10 23:00:00+00,Mon 11 Jul 2022,11,16,0,3856145,3809712,241147,4097292,4050859,85.3865953224318,84.4189425945797,348
-7.6926,53.28823,2022/07/11 23:00:00+00,Tue 12 Jul 2022,44,81,0,3856189,3809793,241147,4097336,4050940,85.3875122720156,84.4206306154045,349
-7.6926,53.28823,2022/07/12 23:00:00+00,Wed 13 Jul 2022,99,74,0,3856288,3809867,241147,4097435,4051014,85.3895754085792,84.4221727578863,350
-7.6926,53.28823,2022/07/13 23:00:00+00,Thu 14 Jul 2022,72,39,0,3856360,3809906,241147,4097507,4051053,85.3910758715345,84.4229855086538,351
-7.6926,53.28823,2022/07/14 23:00:00+00,Fri 15 Jul 2022,80,118,1,3856440,3810024,241148,4097588,4051172,85.3927638923593,84.4254654404828,352
-7.6926,53.28823,2022/07/15 23:00:00+00,Sat 16 Jul 2022,124,209,0,3856564,3810233,241148,4097712,4051381,85.3953480230046,84.4298209510059,353
-7.6926,53.28823,2022/07/16 23:00:00+00,Sun 17 Jul 2022,119,165,0,3856683,3810398,241148,4097831,4051546,85.3978279548336,84.4332595119453,354
-7.6926,53.28823,2022/07/17 23:00:00+00,Mon 18 Jul 2022,14,18,0,3856697,3810416,241148,4097845,4051564,85.3981197115193,84.4336346276841,355
-7.6926,53.28823,2022/07/18 23:00:00+00,Tue 19 Jul 2022,30,33,0,3856727,3810449,241148,4097875,4051597,85.3987449044174,84.434322339872,356
-7.6926,53.28823,2022/07/19 23:00:00+00,Wed 20 Jul 2022,78,66,0,3856805,3810515,241148,4097953,4051663,85.4003704059523,84.4356977642477,357
-7.6926,53.28823,2022/07/20 23:00:00+00,Thu 21 Jul 2022,52,30,0,3856857,3810545,241148,4098005,4051693,85.4014540736423,84.4363229571457,358
-7.6926,53.28823,2022/07/21 23:00:00+00,Fri 22 Jul 2022,75,70,0,3856932,3810615,241148,4098080,4051763,85.4030170558875,84.4377817405745,359
-7.6926,53.28823,2022/07/22 23:00:00+00,Sat 23 Jul 2022,99,175,0,3857031,3810790,241148,4098179,4051938,85.405080192451,84.4414286991465,360
-7.6926,53.28823,2022/07/23 23:00:00+00,Sun 24 Jul 2022,108,231,0,3857139,3811021,241148,4098287,4052169,85.4073308868841,84.4462426844616,361
-7.6926,53.28823,2022/07/24 23:00:00+00,Mon 25 Jul 2022,14,23,0,3857153,3811044,241148,4098301,4052192,85.4076226435698,84.4467219990168,362
-7.6926,53.28823,2022/07/25 23:00:00+00,Tue 26 Jul 2022,18,16,0,3857171,3811060,241148,4098319,4052208,85.4079977593087,84.4470554352291,363
-7.6926,53.28823,2022/07/26 23:00:00+00,Wed 27 Jul 2022,61,72,1,3857232,3811132,241149,4098381,4052281,85.4092898246313,84.4485767379477,364
-7.6926,53.28823,2022/07/27 23:00:00+00,Thu 28 Jul 2022,49,71,0,3857281,3811203,241149,4098430,4052352,85.4103109730315,84.4500563611398,365
-7.6926,53.28823,2022/07/28 23:00:00+00,Fri 29 Jul 2022,71,105,0,3857352,3811308,241149,4098501,4052457,85.4117905962235,84.452244536283,366
-7.6926,53.28823,2022/07/29 23:00:00+00,Sat 30 Jul 2022,100,119,0,3857452,3811427,241149,4098601,4052576,85.4138745725504,84.4547244681119,367
-7.6926,53.28823,2022/07/30 23:00:00+00,Sun 31 Jul 2022,32,57,0,3857484,3811484,241149,4098633,4052633,85.414541444975,84.4559123346182,368
-7.6926,53.28823,2022/07/31 23:00:00+00,Mon 01 Aug 2022,10,15,0,3857494,3811499,241149,4098643,4052648,85.4147498426077,84.4562249310673,369
-7.6926,53.28823,2022/08/01 23:00:00+00,Tue 02 Aug 2022,36,29,0,3857530,3811528,241149,4098679,4052677,85.4155000740854,84.4568292842021,370
-7.6926,53.28823,2022/08/02 23:00:00+00,Wed 03 Aug 2022,93,139,0,3857623,3811667,241149,4098772,4052816,85.4174381720693,84.4597260112964,371
-7.6926,53.28823,2022/08/03 23:00:00+00,Thu 04 Aug 2022,45,52,0,3857668,3811719,241149,4098817,4052868,85.4183759614164,84.4608096789864,372
-7.6926,53.28823,2022/08/04 23:00:00+00,Fri 05 Aug 2022,96,91,0,3857764,3811810,241149,4098913,4052959,85.4203765786902,84.4627060974438,373
-7.6926,53.28823,2022/08/05 23:00:00+00,Sat 06 Aug 2022,74,130,0,3857838,3811940,241149,4098987,4053089,85.4219187211721,84.4654152666687,374
-7.6926,53.28823,2022/08/06 23:00:00+00,Sun 07 Aug 2022,28,80,0,3857866,3812020,241149,4099015,4053169,85.4225022345436,84.4670824477302,375
-7.6926,53.28823,2022/08/07 23:00:00+00,Mon 08 Aug 2022,11,15,0,3857877,3812035,241149,4099026,4053184,85.4227314719396,84.4673950441793,376
-7.6926,53.28823,2022/08/08 23:00:00+00,Tue 09 Aug 2022,47,42,0,3857924,3812077,241149,4099073,4053226,85.4237109408132,84.4682703142365,377
-7.6926,53.28823,2022/08/09 23:00:00+00,Wed 10 Aug 2022,55,94,1,3857979,3812171,241150,4099129,4053321,85.4248779675562,84.4702500917471,378
-7.6926,53.28823,2022/08/10 23:00:00+00,Thu 11 Aug 2022,44,42,0,3858023,3812213,241150,4099173,4053363,85.4257949171401,84.4711253618043,379
-7.6926,53.28823,2022/08/11 23:00:00+00,Fri 12 Aug 2022,70,75,0,3858093,3812288,241150,4099243,4053438,85.4272537005689,84.4726883440495,380
-7.6926,53.28823,2022/08/12 23:00:00+00,Sat 13 Aug 2022,103,151,0,3858196,3812439,241150,4099346,4053589,85.4294001961855,84.475835148303,381
-7.6926,53.28823,2022/08/13 23:00:00+00,Sun 14 Aug 2022,17,26,0,3858213,3812465,241150,4099363,4053615,85.4297544721611,84.476376982148,382
-7.6926,53.28823,2022/08/14 23:00:00+00,Mon 15 Aug 2022,7,11,0,3858220,3812476,241150,4099370,4053626,85.429900350504,84.476606219544,383
-7.6926,53.28823,2022/08/15 23:00:00+00,Tue 16 Aug 2022,41,28,0,3858261,3812504,241150,4099411,4053654,85.430754780798,84.4771897329155,384
-7.6926,53.28823,2022/08/16 23:00:00+00,Wed 17 Aug 2022,51,58,0,3858312,3812562,241150,4099462,4053712,85.4318176087247,84.4783984391851,385
-7.6926,53.28823,2022/08/17 23:00:00+00,Thu 18 Aug 2022,55,39,0,3858367,3812601,241150,4099517,4053751,85.4329637957045,84.4792111899526,386
-7.6926,53.28823,2022/08/18 23:00:00+00,Fri 19 Aug 2022,74,56,0,3858441,3812657,241150,4099591,4053807,85.4345059381863,84.4803782166956,387
-7.6926,53.28823,2022/08/19 23:00:00+00,Sat 20 Aug 2022,109,127,1,3858550,3812784,241151,4099701,4053935,85.4367983121459,84.483045706394,388
-7.6926,53.28823,2022/08/20 23:00:00+00,Sun 21 Aug 2022,39,36,0,3858589,3812820,241151,4099740,4053971,85.4376110629134,84.4837959378717,389
-7.6926,53.28823,2022/08/21 23:00:00+00,Mon 22 Aug 2022,12,13,0,3858601,3812833,241151,4099752,4053984,85.4378611400726,84.4840668547942,390
-7.6926,53.28823,2022/08/22 23:00:00+00,Tue 23 Aug 2022,78,73,0,3858679,3812906,241151,4099830,4054057,85.4394866416075,84.4855881575128,391
-7.6926,53.28823,2022/08/23 23:00:00+00,Wed 24 Aug 2022,53,56,0,3858732,3812962,241151,4099883,4054113,85.4405911490608,84.4867551842558,392
-7.6926,53.28823,2022/08/24 23:00:00+00,Thu 25 Aug 2022,40,49,0,3858772,3813011,241151,4099923,4054162,85.4414247395915,84.487776332656,393
-7.6926,53.28823,2022/08/25 23:00:00+00,Fri 26 Aug 2022,99,90,0,3858871,3813101,241151,4100022,4054252,85.4434878761551,84.4896519113502,394
-7.6926,53.28823,2022/08/26 23:00:00+00,Sat 27 Aug 2022,86,119,0,3858957,3813220,241151,4100108,4054371,85.4452800957962,84.4921318431791,395
-7.6926,53.28823,2022/08/27 23:00:00+00,Sun 28 Aug 2022,44,21,0,3859001,3813241,241151,4100152,4054392,85.44619704538,84.4925694782078,396
-7.6926,53.28823,2022/08/28 23:00:00+00,Mon 29 Aug 2022,13,12,0,3859014,3813253,241151,4100165,4054404,85.4464679623025,84.492819555367,397
-7.6926,53.28823,2022/08/29 23:00:00+00,Tue 30 Aug 2022,41,44,1,3859055,3813297,241152,4100207,4054449,85.4473432323598,84.4937573447141,398
-7.6926,53.28823,2022/08/30 23:00:00+00,Wed 31 Aug 2022,28,29,0,3859083,3813326,241152,4100235,4054478,85.4479267457313,84.4943616978489,399
-7.6926,53.28823,2022/08/31 23:00:00+00,Thu 01 Sep 2022,35,30,0,3859118,3813356,241152,4100270,4054508,85.4486561374457,84.4949868907469,400
-7.6926,53.28823,2022/09/01 23:00:00+00,Fri 02 Sep 2022,48,51,0,3859166,3813407,241152,4100318,4054559,85.4496564460826,84.4960497186736,401
-7.6926,53.28823,2022/09/02 23:00:00+00,Sat 03 Sep 2022,73,101,0,3859239,3813508,241152,4100391,4054660,85.4511777488012,84.4981545347637,402
-7.6926,53.28823,2022/09/03 23:00:00+00,Sun 04 Sep 2022,58,82,0,3859297,3813590,241152,4100449,4054742,85.4523864550708,84.4998633953518,403
-7.6926,53.28823,2022/09/04 23:00:00+00,Mon 05 Sep 2022,9,5,0,3859306,3813595,241152,4100458,4054747,85.4525740129402,84.4999675941681,404
-7.6926,53.28823,2022/09/05 23:00:00+00,Tue 06 Sep 2022,42,22,0,3859348,3813617,241152,4100500,4054769,85.4534492829975,84.50042606896,405
-7.6926,53.28823,2022/09/06 23:00:00+00,Wed 07 Sep 2022,48,42,0,3859396,3813659,241152,4100548,4054811,85.4544495916344,84.5013013390173,406
-7.6926,53.28823,2022/09/07 23:00:00+00,Thu 08 Sep 2022,39,50,2,3859435,3813709,241154,4100589,4054863,85.4553040219284,84.5023850067073,407
-7.6926,53.28823,2022/09/08 23:00:00+00,Fri 09 Sep 2022,64,61,0,3859499,3813770,241154,4100653,4054924,85.4566377667776,84.5036562322667,408
-7.6926,53.28823,2022/09/09 23:00:00+00,Sat 10 Sep 2022,94,135,0,3859593,3813905,241154,4100747,4055059,85.4585967045249,84.5064696003079,409
-7.6926,53.28823,2022/09/10 23:00:00+00,Sun 11 Sep 2022,58,58,0,3859651,3813963,241154,4100805,4055117,85.4598054107945,84.5076783065775,410
-7.6926,53.28823,2022/09/11 23:00:00+00,Mon 12 Sep 2022,13,13,0,3859664,3813976,241154,4100818,4055130,85.4600763277169,84.5079492235,411
-7.6926,53.28823,2022/09/12 23:00:00+00,Tue 13 Sep 2022,29,25,0,3859693,3814001,241154,4100847,4055155,85.4606806808517,84.5084702175817,412
-7.6926,53.28823,2022/09/13 23:00:00+00,Wed 14 Sep 2022,35,33,0,3859728,3814034,241154,4100882,4055188,85.4614100725661,84.5091579297696,413
-7.6926,53.28823,2022/09/14 23:00:00+00,Thu 15 Sep 2022,51,36,0,3859779,3814070,241154,4100933,4055224,85.4624729004928,84.5099081612473,414
-7.6926,53.28823,2022/09/15 23:00:00+00,Fri 16 Sep 2022,38,56,0,3859817,3814126,241154,4100971,4055280,85.4632648114971,84.5110751879903,415
-7.6926,53.28823,2022/09/16 23:00:00+00,Sat 17 Sep 2022,67,149,0,3859884,3814275,241154,4101038,4055429,85.464661075636,84.5141803127173,416
-7.6926,53.28823,2022/09/17 23:00:00+00,Sun 18 Sep 2022,30,53,0,3859914,3814328,241154,4101068,4055482,85.4652862685341,84.5152848201705,417
-7.6926,53.28823,2022/09/18 23:00:00+00,Mon 19 Sep 2022,11,11,0,3859925,3814339,241154,4101079,4055493,85.4655155059301,84.5155140575665,418
-7.6926,53.28823,2022/09/19 23:00:00+00,Tue 20 Sep 2022,39,37,0,3859964,3814376,241154,4101118,4055530,85.4663282566975,84.5162851288075,419
-7.6926,53.28823,2022/09/20 23:00:00+00,Wed 21 Sep 2022,43,32,0,3860007,3814408,241154,4101161,4055562,85.4672243665181,84.516952001232,420
-7.6926,53.28823,2022/09/21 23:00:00+00,Thu 22 Sep 2022,61,34,0,3860068,3814442,241154,4101222,4055596,85.4684955920775,84.5176605531832,421
-7.6926,53.28823,2022/09/22 23:00:00+00,Fri 23 Sep 2022,38,39,0,3860106,3814481,241154,4101260,4055635,85.4692875030817,84.5184733039507,422
-7.6926,53.28823,2022/09/23 23:00:00+00,Sat 24 Sep 2022,56,104,0,3860162,3814585,241154,4101316,4055739,85.4704545298247,84.5206406393306,423
-7.6926,53.28823,2022/09/24 23:00:00+00,Sun 25 Sep 2022,42,74,0,3860204,3814659,241154,4101358,4055813,85.471329799882,84.5221827818125,424
-7.6926,53.28823,2022/09/25 23:00:00+00,Mon 26 Sep 2022,24,10,0,3860228,3814669,241154,4101382,4055823,85.4718299542004,84.5223911794452,425
-7.6926,53.28823,2022/09/26 23:00:00+00,Tue 27 Sep 2022,30,33,2,3860258,3814702,241156,4101414,4055858,85.472496826625,84.5231205711596,426
-7.6926,53.28823,2022/09/27 23:00:00+00,Wed 28 Sep 2022,43,27,0,3860301,3814729,241156,4101457,4055885,85.4733929364456,84.5236832447678,427
-7.6926,53.28823,2022/09/28 23:00:00+00,Thu 29 Sep 2022,31,23,0,3860332,3814752,241156,4101488,4055908,85.4740389691069,84.524162559323,428
-7.6926,53.28823,2022/09/29 23:00:00+00,Fri 30 Sep 2022,39,58,0,3860371,3814810,241156,4101527,4055966,85.4748517198744,84.5253712655926,429
-7.6926,53.28823,2022/09/30 23:00:00+00,Sat 01 Oct 2022,53,105,0,3860424,3814915,241156,4101580,4056071,85.4759562273276,84.5275594407358,430
-7.6926,53.28823,2021/07/31 23:00:00+00,Sun 01 Aug 2021,11158,9359,369,3175943,2625799,221965,3397908,2847764,70.8115983285676,59.3467276049131,431
-7.6926,53.28823,2021/08/01 23:00:00+00,Mon 02 Aug 2021,15041,16062,431,3190984,2641861,222396,3413380,2864257,71.1340311458598,59.6904378205025,432
-7.6926,53.28823,2021/08/02 23:00:00+00,Tue 03 Aug 2021,17362,25470,1111,3208346,2667331,223507,3431853,2890838,71.5190040927211,60.2443795679459,433
-7.6926,53.28823,2021/08/03 23:00:00+00,Wed 04 Aug 2021,22140,17333,1576,3230486,2684664,225083,3455569,2909747,72.0132399183998,60.6384386515923,434
-7.6926,53.28823,2021/08/04 23:00:00+00,Thu 05 Aug 2021,13554,30077,1421,3244040,2714741,226504,3470544,2941245,72.3253153733475,61.2948495150275,435
-7.6926,53.28823,2021/08/05 23:00:00+00,Fri 06 Aug 2021,12234,24766,949,3256274,2739507,227453,3483727,2966960,72.6000459725178,61.8307440274801,436
-7.6926,53.28823,2021/08/06 23:00:00+00,Sat 07 Aug 2021,6347,8479,585,3262621,2747986,228038,3490659,2976024,72.7445072114959,62.019635641747,437
-7.6926,53.28823,2021/08/07 23:00:00+00,Sun 08 Aug 2021,8635,11996,153,3271256,2759982,228191,3499447,2988173,72.9276470511006,62.2728179256975,438
-7.6926,53.28823,2021/08/08 23:00:00+00,Mon 09 Aug 2021,5567,23056,601,3276823,2783038,228792,3505615,3011830,73.0561867109414,62.7658242053434,439
-7.6926,53.28823,2021/08/09 23:00:00+00,Tue 10 Aug 2021,9384,26036,718,3286207,2809074,229510,3515717,3038584,73.2667099994811,63.3233712318322,440
-7.6926,53.28823,2021/08/10 23:00:00+00,Wed 11 Aug 2021,7038,31253,668,3293245,2840327,230178,3523423,3070505,73.4273012152291,63.9885973151299,441
-7.6926,53.28823,2021/08/11 23:00:00+00,Thu 12 Aug 2021,6794,38316,865,3300039,2878643,231043,3531082,3109686,73.5869129621035,64.8051200797579,442
-7.6926,53.28823,2021/08/12 23:00:00+00,Fri 13 Aug 2021,10953,28243,875,3310992,2906886,231918,3542910,3138804,73.8334056820448,65.4119323066138,443
-7.6926,53.28823,2021/08/13 23:00:00+00,Sat 14 Aug 2021,18152,5861,281,3329144,2912747,232199,3561343,3144946,74.2175450383754,65.5399301326097,444
-7.6926,53.28823,2021/08/14 23:00:00+00,Sun 15 Aug 2021,17005,3742,52,3346149,2916489,232251,3578400,3148740,74.5730088804483,65.6189961944508,445
-7.6926,53.28823,2021/08/15 23:00:00+00,Mon 16 Aug 2021,10208,23177,386,3356357,2939666,232637,3588994,3172303,74.7937853325161,66.1100435363495,446
-7.6926,53.28823,2021/08/16 23:00:00+00,Tue 17 Aug 2021,12885,26883,531,3369242,2966549,233168,3602410,3199717,75.073371596528,66.6813448065955,447
-7.6926,53.28823,2021/08/17 23:00:00+00,Wed 18 Aug 2021,15248,25790,658,3384490,2992339,233826,3618316,3226165,75.4048488710788,67.2325148655241,448
-7.6926,53.28823,2021/08/18 23:00:00+00,Thu 19 Aug 2021,11380,25744,545,3395870,3018083,234371,3630241,3252454,75.6533630480571,67.780371402093,449
-7.6926,53.28823,2021/08/19 23:00:00+00,Fri 20 Aug 2021,14867,22290,686,3410737,3040373,235057,3645794,3275430,75.977483886174,68.2591858029529,450
-7.6926,53.28823,2021/08/20 23:00:00+00,Sat 21 Aug 2021,11914,8000,246,3422651,3048373,235303,3657954,3283676,76.2308954075205,68.431030490866,451
-7.6926,53.28823,2021/08/21 23:00:00+00,Sun 22 Aug 2021,8007,12265,162,3430658,3060638,235465,3666123,3296103,76.4011354336619,68.6900062290052,452
-7.6926,53.28823,2021/08/22 23:00:00+00,Mon 23 Aug 2021,10888,15411,291,3441546,3076049,235756,3677302,3311805,76.6341031472419,69.0172321918492,453
-7.6926,53.28823,2021/08/23 23:00:00+00,Tue 24 Aug 2021,9724,22941,384,3451270,3098990,236140,3687410,3335130,76.8447514743611,69.5033196700899,454
-7.6926,53.28823,2021/08/24 23:00:00+00,Wed 25 Aug 2021,9426,19554,318,3460696,3118544,236458,3697154,3355002,77.0478141276506,69.917447445764,455
-7.6926,53.28823,2021/08/25 23:00:00+00,Thu 26 Aug 2021,8603,19467,370,3469299,3138011,236828,3706127,3374839,77.23480932346,70.3308458297237,456
-7.6926,53.28823,2021/08/26 23:00:00+00,Fri 27 Aug 2021,9734,19244,432,3479033,3157255,237260,3716293,3394515,77.4466663568489,70.7408890117972,457
-7.6926,53.28823,2021/08/27 23:00:00+00,Sat 28 Aug 2021,9935,7945,155,3488968,3165200,237415,3726383,3402615,77.6569395682293,70.909691094273,458
-7.6926,53.28823,2021/08/28 23:00:00+00,Sun 29 Aug 2021,8806,9203,30,3497774,3174403,237445,3735219,3411848,77.8410797164709,71.1021046285323,459
-7.6926,53.28823,2021/08/29 23:00:00+00,Mon 30 Aug 2021,5072,11169,85,3502846,3185572,237530,3740376,3423102,77.9485503756472,71.3366353243574,460
-7.6926,53.28823,2021/08/30 23:00:00+00,Tue 31 Aug 2021,4082,12918,146,3506928,3198490,237676,3744604,3436166,78.0366608947469,71.6088859916987,461
-7.6926,53.28823,2021/08/31 23:00:00+00,Wed 01 Sep 2021,5002,12572,184,3511930,3211062,237860,3749790,3448922,78.144735907058,71.8747180119533,462
-7.6926,53.28823,2021/09/01 23:00:00+00,Thu 02 Sep 2021,5016,12387,249,3516946,3223449,238109,3755055,3461558,78.2544572606673,72.1380492606156,463
-7.6926,53.28823,2021/09/02 23:00:00+00,Fri 03 Sep 2021,4789,16117,167,3521735,3239566,238276,3760011,3477842,78.3577391274266,72.4774039656819,464
-7.6926,53.28823,2021/09/03 23:00:00+00,Sat 04 Sep 2021,4633,10594,136,3526368,3250160,238412,3764780,3488572,78.4571239584547,72.7010146255543,465
-7.6926,53.28823,2021/09/04 23:00:00+00,Sun 05 Sep 2021,5310,11915,1,3531678,3262075,238413,3770091,3500488,78.5678039411743,72.9493412446632,466
-7.6926,53.28823,2021/09/05 23:00:00+00,Mon 06 Sep 2021,2171,9703,76,3533849,3271778,238489,3772338,3510267,78.614630889239,73.1531332896671,467
-7.6926,53.28823,2021/09/06 23:00:00+00,Tue 07 Sep 2021,3039,10044,162,3536888,3281822,238651,3775539,3520473,78.6813389714618,73.3658239135867,468
-7.6926,53.28823,2021/09/07 23:00:00+00,Wed 08 Sep 2021,2615,14822,191,3539503,3296644,238842,3778345,3535486,78.7398153471936,73.6786912795385,469
-7.6926,53.28823,2021/09/08 23:00:00+00,Thu 09 Sep 2021,3130,14839,138,3542633,3311483,238980,3781613,3550463,78.8079196935554,73.9908084140127,470
-7.6926,53.28823,2021/09/09 23:00:00+00,Fri 10 Sep 2021,3395,13957,116,3546028,3325440,239096,3785124,3564536,78.8810881023916,74.2840864024921,471
-7.6926,53.28823,2021/09/10 23:00:00+00,Sat 11 Sep 2021,2564,11349,62,3548592,3336789,239158,3787750,3575947,78.935813320735,74.5218889411504,472
-7.6926,53.28823,2021/09/11 23:00:00+00,Sun 12 Sep 2021,2045,12888,1,3550637,3349677,239159,3789796,3588836,78.9784514763826,74.7904926499197,473
-7.6926,53.28823,2021/09/12 23:00:00+00,Mon 13 Sep 2021,1624,7761,52,3552261,3357438,239211,3791472,3596649,79.0133789196208,74.9533137203375,474
-7.6926,53.28823,2021/09/13 23:00:00+00,Tue 14 Sep 2021,1558,10802,82,3553819,3368240,239293,3793112,3607533,79.0475561313814,75.1801337037532,475
-7.6926,53.28823,2021/09/14 23:00:00+00,Wed 15 Sep 2021,3291,12381,138,3557110,3380621,239431,3796541,3620052,79.1190156796295,75.4410267001131,476
-7.6926,53.28823,2021/09/15 23:00:00+00,Thu 16 Sep 2021,1920,10587,115,3559030,3391208,239546,3798576,3630754,79.1614245978811,75.6640538466139,477
-7.6926,53.28823,2021/09/16 23:00:00+00,Fri 17 Sep 2021,2564,14631,95,3561594,3405839,239641,3801235,3645480,79.2168375284124,75.9709402005077,478
-7.6926,53.28823,2021/09/17 23:00:00+00,Sat 18 Sep 2021,2292,11246,48,3563886,3417085,239689,3803575,3656774,79.265602574461,76.2063044868636,479
-7.6926,53.28823,2021/09/18 23:00:00+00,Sun 19 Sep 2021,1865,8498,16,3565751,3425583,239705,3805456,3665288,79.3048021691693,76.3837342313326,480
-7.6926,53.28823,2021/09/19 23:00:00+00,Mon 20 Sep 2021,967,5645,35,3566718,3431228,239740,3806458,3670968,79.3256836119644,76.5021040866984,481
-7.6926,53.28823,2021/09/20 23:00:00+00,Tue 21 Sep 2021,1478,6689,90,3568196,3437917,239830,3808026,3677747,79.3583603607696,76.6433768418964,482
-7.6926,53.28823,2021/09/21 23:00:00+00,Wed 22 Sep 2021,1902,8170,97,3570098,3446087,239927,3810025,3686014,79.4000190475436,76.8156591648382,483
-7.6926,53.28823,2021/09/22 23:00:00+00,Thu 23 Sep 2021,1692,8742,89,3571790,3454829,240016,3811806,3694845,79.437134665925,76.9996951142634,484
-7.6926,53.28823,2021/09/23 23:00:00+00,Fri 24 Sep 2021,1916,7408,81,3573706,3462237,240097,3813803,3702334,79.4787516731725,77.1557641013821,485
-7.6926,53.28823,2021/09/24 23:00:00+00,Sat 25 Sep 2021,2426,6617,53,3576132,3468854,240150,3816282,3709004,79.5304134463154,77.2947653223838,486
-7.6926,53.28823,2021/09/25 23:00:00+00,Sun 26 Sep 2021,1550,7102,0,3577682,3475956,240150,3817832,3716106,79.5627150793818,77.4427693211176,487
-7.6926,53.28823,2021/09/26 23:00:00+00,Mon 27 Sep 2021,1181,3843,45,3578863,3479799,240195,3819058,3719994,79.5882646291491,77.523794320706,488
-7.6926,53.28823,2021/09/27 23:00:00+00,Tue 28 Sep 2021,1455,5160,93,3580318,3484959,240288,3820606,3725247,79.6205245826889,77.6332655971561,489
-7.6926,53.28823,2021/09/28 23:00:00+00,Wed 29 Sep 2021,1654,3638,80,3581972,3488597,240368,3822340,3728965,79.6566607321968,77.7107478369889,490
-7.6926,53.28823,2021/09/29 23:00:00+00,Thu 30 Sep 2021,1276,3997,78,3583248,3492594,240446,3823694,3733040,79.6848777716625,77.7956698723085,491
-7.6926,53.28823,2021/09/30 23:00:00+00,Fri 01 Oct 2021,1875,5207,42,3585123,3497801,240488,3825611,3738289,79.7248275978484,77.9050577897055,492
-7.6926,53.28823,2021/10/01 23:00:00+00,Sat 02 Oct 2021,1684,4109,41,3586807,3501910,240529,3827336,3742439,79.7607761894868,77.9915428072703,493
-7.6926,53.28823,2021/10/02 23:00:00+00,Sun 03 Oct 2021,1197,3023,9,3588004,3504933,240538,3828542,3745471,79.7859089439888,78.0547289695008,494
-7.6926,53.28823,2021/10/03 23:00:00+00,Mon 04 Oct 2021,350,1244,18,3588354,3506177,240556,3828910,3746733,79.7935779768716,78.0810287507458,495
-7.6926,53.28823,2021/10/04 23:00:00+00,Tue 05 Oct 2021,961,2843,70,3589315,3509020,240626,3829941,3749646,79.8150637728016,78.1417349811473,496
-7.6926,53.28823,2021/10/05 23:00:00+00,Wed 06 Oct 2021,975,2584,40,3590290,3511604,240666,3830956,3752270,79.8362161325192,78.1964185199642,497
-7.6926,53.28823,2021/10/06 23:00:00+00,Thu 07 Oct 2021,1213,2720,44,3591503,3514324,240710,3832213,3755034,79.8624117149479,78.2540196256387,498
-7.6926,53.28823,2021/10/07 23:00:00+00,Fri 08 Oct 2021,916,2760,48,3592419,3517084,240758,3833177,3757842,79.8825012467388,78.312537680897,499
-7.6926,53.28823,2021/10/08 23:00:00+00,Sat 09 Oct 2021,725,2371,23,3593144,3519455,240781,3833925,3760236,79.8980893896638,78.3624280741621,500
-7.6926,53.28823,2021/10/09 23:00:00+00,Sun 10 Oct 2021,1520,3929,3,3594664,3523384,240784,3835448,3764168,79.9298283491219,78.4443700233343,501
-7.6926,53.28823,2021/10/10 23:00:00+00,Mon 11 Oct 2021,335,1145,19,3594999,3524529,240803,3835802,3765332,79.937205625319,78.468627507779,502
-7.6926,53.28823,2021/10/11 23:00:00+00,Tue 12 Oct 2021,563,1632,21,3595562,3526161,240824,3836386,3766985,79.9493760470679,78.503075636462,503
-7.6926,53.28823,2021/10/12 23:00:00+00,Wed 13 Oct 2021,991,2087,11,3596553,3528248,240835,3837388,3769083,79.970257489863,78.5467974597996,504
-7.6926,53.28823,2021/10/13 23:00:00+00,Thu 14 Oct 2021,655,1621,9,3597208,3529869,240844,3838052,3770713,79.9840950926734,78.5807662739274,505
-7.6926,53.28823,2021/10/14 23:00:00+00,Fri 15 Oct 2021,957,2090,10,3598165,3531959,240854,3839019,3772813,80.0042471437541,78.6245297767915,506
-7.6926,53.28823,2021/10/15 23:00:00+00,Sat 16 Oct 2021,1384,2657,14,3599549,3534616,240868,3840417,3775484,80.0333811328037,78.680192784482,507
-7.6926,53.28823,2021/10/16 23:00:00+00,Sun 17 Oct 2021,1708,2894,3,3601257,3537510,240871,3842128,3778381,80.0690379677563,78.7405655786713,508
-7.6926,53.28823,2021/10/17 23:00:00+00,Mon 18 Oct 2021,679,1267,6,3601936,3538777,240877,3842813,3779654,80.0833132055953,78.7670945973122,509
-7.6926,53.28823,2021/10/18 23:00:00+00,Tue 19 Oct 2021,1343,1815,13,3603279,3540592,240890,3844169,3781482,80.1115719245876,78.8051896845673,510
-7.6926,53.28823,2021/10/19 23:00:00+00,Wed 20 Oct 2021,2263,2350,0,3605542,3542942,240890,3846432,3783832,80.1587323088645,78.8541631282485,511
-7.6926,53.28823,2021/10/20 23:00:00+00,Thu 21 Oct 2021,1731,1861,11,3607273,3544803,240901,3848174,3785704,80.1950351764784,78.8931751650874,512
-7.6926,53.28823,2021/10/21 23:00:00+00,Fri 22 Oct 2021,1509,1942,3,3608782,3546745,240904,3849686,3787649,80.2265448985406,78.9337085046449,513
-7.6926,53.28823,2021/10/22 23:00:00+00,Sat 23 Oct 2021,2018,1714,1,3610800,3548459,240905,3851705,3789364,80.2686203805799,78.9694486986506,514
-7.6926,53.28823,2021/10/23 23:00:00+00,Sun 24 Oct 2021,1959,2192,2,3612759,3550651,240907,3853666,3791558,80.3094871563497,79.0151711392619,515
-7.6926,53.28823,2021/10/24 23:00:00+00,Mon 25 Oct 2021,1239,869,2,3613998,3551520,240909,3854907,3792429,80.3353493025661,79.0333225730689,516
-7.6926,53.28823,2021/10/25 23:00:00+00,Tue 26 Oct 2021,1247,1241,6,3615245,3552761,240915,3856160,3793676,80.3614615259416,79.0593097578649,517
-7.6926,53.28823,2021/10/26 23:00:00+00,Wed 27 Oct 2021,1568,1438,6,3616813,3554199,240921,3857734,3795120,80.3942633133265,79.0894023760248,518
-7.6926,53.28823,2021/10/27 23:00:00+00,Thu 28 Oct 2021,2159,1708,5,3618972,3555907,240926,3859898,3796833,80.4393605610398,79.1251008905039,519
-7.6926,53.28823,2021/10/28 23:00:00+00,Fri 29 Oct 2021,2148,1382,2,3621120,3557289,240928,3862048,3798217,80.4841660520673,79.1539431228677,520
-7.6926,53.28823,2021/10/29 23:00:00+00,Sat 30 Oct 2021,2021,1461,1,3623141,3558750,240929,3864070,3799679,80.5263040533965,79.1844108567664,521
-7.6926,53.28823,2021/10/30 23:00:00+00,Sun 31 Oct 2021,1601,1322,0,3624742,3560072,240929,3865671,3801001,80.5596685143895,79.2119610238075,522
-7.6926,53.28823,2021/11/01 00:00:00+00,Mon 01 Nov 2021,295,303,2,3625037,3560375,240931,3865968,3801306,80.5658579240803,79.2183171516045,523
-7.6926,53.28823,2021/11/02 00:00:00+00,Tue 02 Nov 2021,1100,1100,10,3626137,3561475,240941,3867078,3802416,80.5889900613085,79.2414492888327,524
-7.6926,53.28823,2021/11/03 00:00:00+00,Wed 03 Nov 2021,2540,1889,7,3628677,3563364,240948,3869625,3804312,80.6420689383537,79.28096147999,525
-7.6926,53.28823,2021/11/04 00:00:00+00,Thu 04 Nov 2021,1537,1295,2,3630214,3564659,240950,3871164,3805609,80.6741413340241,79.3079906529494,526
-7.6926,53.28823,2021/11/05 00:00:00+00,Fri 05 Nov 2021,1630,1107,4,3631844,3565766,240954,3872798,3806720,80.708193507205,79.3311436299408,527
-7.6926,53.28823,2021/11/06 00:00:00+00,Sat 06 Nov 2021,1824,1366,6,3633668,3567132,240960,3874628,3808092,80.7463302739866,79.3597357851454,528
-7.6926,53.28823,2021/11/07 00:00:00+00,Sun 07 Nov 2021,698,775,0,3634366,3567907,240960,3875326,3808867,80.7608764287481,79.3758866016786,529
-7.6926,53.28823,2021/11/08 00:00:00+00,Mon 08 Nov 2021,518,537,4,3634884,3568444,240964,3875848,3809408,80.7717547851743,79.3871609136069,530
-7.6926,53.28823,2021/11/09 00:00:00+00,Tue 09 Nov 2021,1373,1076,4,3636257,3569520,240968,3877225,3810488,80.8004511391952,79.409667857937,531
-7.6926,53.28823,2021/11/10 00:00:00+00,Wed 10 Nov 2021,1603,1370,2,3637860,3570890,240970,3878830,3811860,80.8338989592414,79.4382600131416,532
-7.6926,53.28823,2021/11/11 00:00:00+00,Thu 11 Nov 2021,1395,1127,2,3639255,3572017,240972,3880227,3812989,80.8630121085277,79.4617881058718,533
-7.6926,53.28823,2021/11/12 00:00:00+00,Fri 12 Nov 2021,1143,1162,6,3640398,3573179,240978,3881376,3814157,80.8869569965233,79.4861289493696,534
-7.6926,53.28823,2021/11/13 00:00:00+00,Sat 13 Nov 2021,1396,1386,0,3641794,3574565,240978,3882772,3815543,80.9160493060463,79.5150128612599,535
-7.6926,53.28823,2022/03/01 00:00:00+00,Tue 01 Mar 2022,132,937,0,3832572,3754769,241116,4073688,3995885,84.8946935502391,83.2732974486503,536
-7.6926,53.28823,2022/10/01 23:00:00+00,Sun 02 Oct 2022,26,47,0,3860450,3814962,241156,4101606,4056118,85.4764980611726,84.5285389096094,537
-7.6926,53.28823,2022/03/02 00:00:00+00,Wed 02 Mar 2022,207,997,2,3832779,3755766,241118,4073897,3996884,84.8990490607623,83.2941163721557,538
-7.6926,53.28823,2022/10/02 23:00:00+00,Mon 03 Oct 2022,22,1,0,3860472,3814963,241156,4101628,4056119,85.4769565359645,84.5285597493727,539
-7.6926,53.28823,2022/03/03 00:00:00+00,Thu 03 Mar 2022,279,1277,0,3833058,3757043,241118,4074176,3998161,84.9048633547142,83.3207287498497,540
-7.6926,53.28823,2022/10/03 23:00:00+00,Tue 04 Oct 2022,29,17,0,3860501,3814980,241156,4101657,4056136,85.4775608890993,84.5289140253482,541
-7.6926,53.28823,2022/03/04 00:00:00+00,Fri 04 Mar 2022,735,1508,1,3833793,3758551,241119,4074912,3999670,84.9202014204799,83.352175952622,542
-7.6926,53.28823,2022/10/04 23:00:00+00,Wed 05 Oct 2022,49,37,0,3860550,3815017,241156,4101706,4056173,85.4785820374995,84.5296850965892,543
-7.6926,53.28823,2022/03/05 00:00:00+00,Sat 05 Mar 2022,963,3343,0,3834756,3761894,241119,4075875,4003013,84.9402701125076,83.4218432812291,544
-7.6926,53.28823,2022/10/05 23:00:00+00,Thu 06 Oct 2022,56,26,0,3860606,3815043,241156,4101762,4056199,85.4797490642425,84.5302269304342,545
-7.6926,53.28823,2022/03/06 00:00:00+00,Sun 06 Mar 2022,455,1916,0,3835211,3763810,241119,4076330,4004929,84.9497522047949,83.4617722676518,546
-7.6926,53.28823,2022/10/06 23:00:00+00,Fri 07 Oct 2022,80,40,0,3860686,3815083,241156,4101842,4056239,85.481416245304,84.5310605209649,547
-7.6926,53.28823,2022/03/07 00:00:00+00,Mon 07 Mar 2022,116,125,1,3835327,3763935,241120,4076447,4005055,84.9521904570973,83.4643980778236,548
-7.6926,53.28823,2022/10/07 23:00:00+00,Sat 08 Oct 2022,100,102,0,3860786,3815185,241156,4101942,4056341,85.4835002216309,84.5331861768183,549
-7.6926,53.28823,2022/03/08 00:00:00+00,Tue 08 Mar 2022,120,493,0,3835447,3764428,241120,4076567,4005548,84.9546912286895,83.474672081115,550
-7.6926,53.28823,2022/10/08 23:00:00+00,Sun 09 Oct 2022,37,29,0,3860823,3815214,241156,4101979,4056370,85.4842712928718,84.5337905299531,551
-7.6926,53.28823,2022/03/09 00:00:00+00,Wed 09 Mar 2022,130,344,1,3835577,3764772,241121,4076698,4005893,84.9574212376777,83.4818617994427,552
-7.6926,53.28823,2022/10/09 23:00:00+00,Mon 10 Oct 2022,19,3,0,3860842,3815217,241156,4101998,4056373,85.4846672483739,84.5338530492429,553
-7.6926,53.28823,2022/03/10 00:00:00+00,Thu 10 Mar 2022,259,508,0,3835836,3765280,241121,4076957,4006401,84.9628187363643,83.4924483991832,554
-7.6926,53.28823,2022/10/10 23:00:00+00,Tue 11 Oct 2022,76,15,0,3860918,3815232,241156,4102074,4056388,85.4862510703824,84.5341656456919,555
-7.6926,53.28823,2022/03/11 00:00:00+00,Fri 11 Mar 2022,493,2183,0,3836329,3767463,241121,4077450,4008584,84.9730927396557,83.5379416023986,556
-7.6926,53.28823,2022/10/11 23:00:00+00,Wed 12 Oct 2022,56,36,0,3860974,3815268,241156,4102130,4056424,85.4874180971254,84.5349158771696,557
-7.6926,53.28823,2022/03/12 00:00:00+00,Sat 12 Mar 2022,473,2393,2,3836802,3769856,241123,4077925,4010979,84.9829916272083,83.5878528354269,558
-7.6926,53.28823,2022/10/12 23:00:00+00,Thu 13 Oct 2022,80,29,0,3861054,3815297,241156,4102210,4056453,85.4890852781869,84.5355202303044,559
-7.6926,53.28823,2022/03/13 00:00:00+00,Sun 13 Mar 2022,358,1082,0,3837160,3770938,241123,4078283,4012061,84.9904522624585,83.6104014592836,560
-7.6926,53.28823,2022/10/13 23:00:00+00,Fri 14 Oct 2022,120,21,0,3861174,3815318,241156,4102330,4056474,85.4915860497791,84.535957865333,561
-7.6926,53.28823,2022/03/14 00:00:00+00,Mon 14 Mar 2022,109,122,0,3837269,3771060,241123,4078392,4012183,84.9927237966548,83.6129439104024,562
-7.6926,53.28823,2022/10/14 23:00:00+00,Sat 15 Oct 2022,98,120,0,3861272,3815438,241156,4102428,4056594,85.4936283465794,84.5384586369253,563
-7.6926,53.28823,2022/03/15 00:00:00+00,Tue 15 Mar 2022,222,755,1,3837491,3771815,241124,4078615,4012939,84.9973710638637,83.6286987714334,564
-7.6926,53.28823,2022/10/15 23:00:00+00,Sun 16 Oct 2022,26,37,1,3861298,3815475,241157,4102455,4056632,85.4941910201877,84.5392505479295,565
-7.6926,53.28823,2022/03/16 00:00:00+00,Wed 16 Mar 2022,195,798,0,3837686,3772613,241124,4078810,4013737,85.0014348177011,83.6453289025218,566
-7.6926,53.28823,2022/10/16 23:00:00+00,Mon 17 Oct 2022,52,3,0,3861350,3815478,241157,4102507,4056635,85.4952746878777,84.5393130672193,567
-7.6926,53.28823,2022/03/18 00:00:00+00,Fri 18 Mar 2022,4,6,0,3837690,3772619,241124,4078814,4013743,85.0015181767541,83.6454539411014,568
-7.6926,53.28823,2022/10/17 23:00:00+00,Tue 18 Oct 2022,117,17,0,3861467,3815495,241157,4102624,4056652,85.4977129401801,84.5396673431948,569
-7.6926,53.28823,2022/03/19 00:00:00+00,Sat 19 Mar 2022,743,2779,0,3838433,3775398,241124,4079557,4016522,85.0170021208627,83.7033676432249,570
-7.6926,53.28823,2022/03/20 00:00:00+00,Sun 20 Mar 2022,395,1402,0,3838828,3776800,241124,4079952,4017924,85.0252338273538,83.7325849913275,571
-7.6926,53.28823,2022/03/21 00:00:00+00,Mon 21 Mar 2022,56,112,0,3838884,3776912,241124,4080008,4018036,85.0264008540969,83.7349190448136,572
-7.6926,53.28823,2022/03/22 00:00:00+00,Tue 22 Mar 2022,141,575,0,3839025,3777487,241124,4080149,4018611,85.0293392607177,83.7469019086931,573
-7.6926,53.28823,2022/03/23 00:00:00+00,Wed 23 Mar 2022,102,221,0,3839127,3777708,241124,4080251,4018832,85.0314649165711,83.7515074963754,574
-7.6926,53.28823,2022/03/24 00:00:00+00,Thu 24 Mar 2022,147,245,0,3839274,3777953,241124,4080398,4019077,85.0345283617716,83.7566132383763,575
-7.6926,53.28823,2022/03/25 00:00:00+00,Fri 25 Mar 2022,434,1625,0,3839708,3779578,241124,4080832,4020702,85.0435728190302,83.7904778536878,576
-7.6926,53.28823,2022/03/26 00:00:00+00,Sat 26 Mar 2022,874,1848,1,3840582,3781426,241125,4081707,4022551,85.0618076118902,83.8290105759715,577
-7.6926,53.28823,2022/03/27 00:00:00+00,Sun 27 Mar 2022,380,804,0,3840962,3782230,241125,4082087,4023355,85.0697267219323,83.8457657456394,578
-7.6926,53.28823,2022/03/27 23:00:00+00,Mon 28 Mar 2022,44,53,1,3841006,3782283,241126,4082132,4023409,85.0706645112794,83.8468910928559,579
-7.6926,53.28823,2022/03/28 23:00:00+00,Tue 29 Mar 2022,137,193,3,3841143,3782476,241129,4082272,4023605,85.073582078137,83.8509756864566,580
-7.6926,53.28823,2022/03/29 23:00:00+00,Wed 30 Mar 2022,109,136,0,3841252,3782612,241129,4082381,4023741,85.0758536123333,83.8538098942611,581
-7.6926,53.28823,2022/03/30 23:00:00+00,Thu 31 Mar 2022,227,360,0,3841479,3782972,241129,4082608,4024101,85.0805842385953,83.8613122090378,582
-7.6926,53.28823,2022/03/31 23:00:00+00,Fri 01 Apr 2022,307,905,0,3841786,3783877,241129,4082915,4025006,85.0869820459187,83.8801721947959,583
-7.6926,53.28823,2022/04/01 23:00:00+00,Sat 02 Apr 2022,729,1538,1,3842515,3785415,241130,4083645,4026545,85.1021950731049,83.9122445904663,584
-7.6926,53.28823,2022/04/02 23:00:00+00,Sun 03 Apr 2022,538,817,0,3843053,3786232,241130,4084183,4027362,85.1134068657434,83.9292706770568,585
-7.6926,53.28823,2022/04/03 23:00:00+00,Mon 04 Apr 2022,50,52,0,3843103,3786284,241130,4084233,4027414,85.1144488539068,83.9303543447468,586
-7.6926,53.28823,2022/04/04 23:00:00+00,Tue 05 Apr 2022,131,170,0,3843234,3786454,241130,4084364,4027584,85.117178862895,83.9338971045024,587
-7.6926,53.28823,2022/04/05 23:00:00+00,Wed 06 Apr 2022,158,210,0,3843392,3786664,241130,4084522,4027794,85.1204715454914,83.9382734547889,588
-7.6926,53.28823,2022/04/06 23:00:00+00,Thu 07 Apr 2022,117,179,0,3843509,3786843,241130,4084639,4027973,85.1229097977939,83.9420037724139,589
-7.6926,53.28823,2022/04/07 23:00:00+00,Fri 08 Apr 2022,256,422,2,3843765,3787265,241132,4084897,4028397,85.1282864567172,83.9508398320398,590
-7.6926,53.28823,2022/04/08 23:00:00+00,Sat 09 Apr 2022,558,1018,0,3844323,3788283,241132,4085455,4029415,85.1399150446211,83.9720547110473,591
-7.6926,53.28823,2022/04/09 23:00:00+00,Sun 10 Apr 2022,413,719,0,3844736,3789002,241132,4085868,4030134,85.148521866851,83.9870385008374,592
-7.6926,53.28823,2022/04/10 23:00:00+00,Mon 11 Apr 2022,70,93,1,3844806,3789095,241133,4085939,4030228,85.1500014900431,83.9889974385847,593
-7.6926,53.28823,2022/04/11 23:00:00+00,Tue 12 Apr 2022,197,178,0,3845003,3789273,241133,4086136,4030406,85.154106923407,83.9927069164465,594
-7.6926,53.28823,2022/04/12 23:00:00+00,Wed 13 Apr 2022,142,235,0,3845145,3789508,241133,4086278,4030641,85.1570661697911,83.9976042608146,595
-7.6926,53.28823,2022/04/13 23:00:00+00,Thu 14 Apr 2022,359,431,0,3845504,3789939,241133,4086637,4031072,85.1645476448046,84.0065861987834,596
-7.6926,53.28823,2022/04/14 23:00:00+00,Fri 15 Apr 2022,446,990,0,3845950,3790929,241133,4087083,4032062,85.1738421792224,84.0272175644194,597
-7.6926,53.28823,2022/04/15 23:00:00+00,Sat 16 Apr 2022,43,88,0,3845993,3791017,241133,4087126,4032150,85.1747382890429,84.029051463587,598
-7.6926,53.28823,2022/04/16 23:00:00+00,Sun 17 Apr 2022,1,1,0,3845994,3791018,241133,4087127,4032151,85.1747591288062,84.0290723033503,599
-7.6926,53.28823,2022/04/17 23:00:00+00,Mon 18 Apr 2022,36,62,1,3846030,3791080,241134,4087164,4032214,85.1755302000471,84.0303852084362,600
-7.6926,53.28823,2022/04/18 23:00:00+00,Tue 19 Apr 2022,218,270,1,3846248,3791350,241135,4087383,4032485,85.180094108203,84.036032784282,601
-7.6926,53.28823,2022/04/19 23:00:00+00,Wed 20 Apr 2022,251,607,0,3846499,3791957,241135,4087634,4033092,85.1853248887834,84.048682520586,602
-7.6926,53.28823,2022/04/20 23:00:00+00,Thu 21 Apr 2022,170,236,0,3846669,3792193,241135,4087804,4033328,85.1888676485391,84.0536007047174,603
-7.6926,53.28823,2022/04/21 23:00:00+00,Fri 22 Apr 2022,195,254,0,3846864,3792447,241135,4087999,4033582,85.1929314023764,84.0588940045877,604
-7.6926,53.28823,2022/04/22 23:00:00+00,Sat 23 Apr 2022,325,1010,0,3847189,3793457,241135,4088324,4034592,85.1997043254387,84.079942165489,605
-7.6926,53.28823,2022/04/23 23:00:00+00,Sun 24 Apr 2022,181,252,0,3847370,3793709,241135,4088505,4034844,85.2034763225904,84.0851937858327,606
-7.6926,53.28823,2022/04/24 23:00:00+00,Mon 25 Apr 2022,41,59,1,3847411,3793768,241136,4088547,4034904,85.2043515926477,84.0864441716288,607
-7.6926,53.28823,2022/04/25 23:00:00+00,Tue 26 Apr 2022,144,238,0,3847555,3794006,241136,4088691,4035142,85.2073525185583,84.0914040352867,608
-7.6926,53.28823,2022/04/26 23:00:00+00,Wed 27 Apr 2022,122,208,0,3847677,3794214,241136,4088813,4035350,85.2098949696771,84.0957387060466,609
-7.6926,53.28823,2022/04/27 23:00:00+00,Thu 28 Apr 2022,100,130,0,3847777,3794344,241136,4088913,4035480,85.211978946004,84.0984478752715,610
-7.6926,53.28823,2022/04/28 23:00:00+00,Fri 29 Apr 2022,169,222,0,3847946,3794566,241136,4089082,4035702,85.2155008659964,84.1030743027171,611
-7.6926,53.28823,2022/04/29 23:00:00+00,Sat 30 Apr 2022,281,724,0,3848227,3795290,241136,4089363,4036426,85.2213568394749,84.1181622913236,612
-7.6926,53.28823,2022/04/30 23:00:00+00,Sun 01 May 2022,188,747,0,3848415,3796037,241136,4089551,4037173,85.2252747149693,84.1337295944853,613
-7.6926,53.28823,2022/05/01 23:00:00+00,Mon 02 May 2022,12,26,0,3848427,3796063,241136,4089563,4037199,85.2255247921286,84.1342714283303,614
-7.6926,53.28823,2022/05/02 23:00:00+00,Tue 03 May 2022,96,118,0,3848523,3796181,241136,4089659,4037317,85.2275254094024,84.136730520396,615
-7.6926,53.28823,2022/05/03 23:00:00+00,Wed 04 May 2022,113,128,0,3848636,3796309,241136,4089772,4037445,85.2298803026517,84.1393980100944,616
-7.6926,53.28823,2022/05/04 23:00:00+00,Thu 05 May 2022,112,165,0,3848748,3796474,241136,4089884,4037610,85.2322143561378,84.1428365710337,617
-7.6926,53.28823,2022/05/05 23:00:00+00,Fri 06 May 2022,138,257,0,3848886,3796731,241136,4090022,4037867,85.2350902434689,84.1481923901937,618
-7.6926,53.28823,2022/05/06 23:00:00+00,Sat 07 May 2022,441,1088,0,3849327,3797819,241136,4090463,4038955,85.2442805790703,84.17086605263,619
-7.6926,53.28823,2022/05/07 23:00:00+00,Sun 08 May 2022,274,437,0,3849601,3798256,241136,4090737,4039392,85.2499906742059,84.1799730291784,620
-7.6926,53.28823,2022/05/08 23:00:00+00,Mon 09 May 2022,24,32,0,3849625,3798288,241136,4090761,4039424,85.2504908285244,84.180639901603,621
-7.6926,53.28823,2022/05/09 23:00:00+00,Tue 10 May 2022,80,98,1,3849705,3798386,241137,4090842,4039523,85.2521788493491,84.1827030381666,622
-7.6926,53.28823,2022/05/10 23:00:00+00,Wed 11 May 2022,112,132,0,3849817,3798518,241137,4090954,4039655,85.2545129028352,84.185453886918,623
-7.6926,53.28823,2022/05/11 23:00:00+00,Thu 12 May 2022,207,398,0,3850024,3798916,241137,4091161,4040053,85.2588267338318,84.1937481126989,624
-7.6926,53.28823,2022/05/12 23:00:00+00,Fri 13 May 2022,173,326,0,3850197,3799242,241137,4091334,4040379,85.2624320128773,84.2005418755245,625
-7.6926,53.28823,2022/05/13 23:00:00+00,Sat 14 May 2022,333,633,0,3850530,3799875,241137,4091667,4041012,85.2693716540458,84.2137334456736,626
-7.6926,53.28823,2022/05/14 23:00:00+00,Sun 15 May 2022,168,254,0,3850698,3800129,241137,4091835,4041266,85.2728727342749,84.2190267455438,627
-7.6926,53.28823,2022/05/15 23:00:00+00,Mon 16 May 2022,31,41,0,3850729,3800170,241137,4091866,4041307,85.2735187669362,84.2198811758378,628
-7.6926,53.28823,2022/05/16 23:00:00+00,Tue 17 May 2022,97,101,0,3850826,3800271,241137,4091963,4041408,85.2755402239733,84.2219859919279,629
-7.6926,53.28823,2022/05/17 23:00:00+00,Wed 18 May 2022,99,123,0,3850925,3800394,241137,4092062,4041531,85.2776033605369,84.22454928281,630
-7.6926,53.28823,2022/05/18 23:00:00+00,Thu 19 May 2022,73,107,0,3850998,3800501,241137,4092135,4041638,85.2791246632555,84.2267791374797,631
-7.6926,53.28823,2022/05/19 23:00:00+00,Fri 20 May 2022,127,210,0,3851125,3800711,241137,4092262,4041848,85.2817713131906,84.2311554877661,632
-7.6926,53.28823,2022/05/20 23:00:00+00,Sat 21 May 2022,392,762,0,3851517,3801473,241137,4092654,4042610,85.2899405003919,84.2470353873768,633
-7.6926,53.28823,2022/05/21 23:00:00+00,Sun 22 May 2022,234,410,0,3851751,3801883,241137,4092888,4043020,85.2948170049967,84.2555796903169,634
-7.6926,53.28823,2022/05/22 23:00:00+00,Mon 23 May 2022,26,35,0,3851777,3801918,241137,4092914,4043055,85.2953588388417,84.2563090820314,635
-7.6926,53.28823,2022/05/23 23:00:00+00,Tue 24 May 2022,64,83,0,3851841,3802001,241137,4092978,4043138,85.2966925836909,84.2580387823827,636
-7.6926,53.28823,2022/05/24 23:00:00+00,Wed 25 May 2022,87,134,1,3851928,3802135,241138,4093066,4043273,85.2985264828586,84.2608521504239,637
-7.6926,53.28823,2022/05/25 23:00:00+00,Thu 26 May 2022,97,155,0,3852025,3802290,241138,4093163,4043428,85.3005479398956,84.2640823137306,638
-7.6926,53.28823,2022/05/26 23:00:00+00,Fri 27 May 2022,95,152,1,3852120,3802442,241139,4093259,4043581,85.3025485571694,84.2672707975106,639
-7.6926,53.28823,2022/05/27 23:00:00+00,Sat 28 May 2022,335,580,0,3852455,3803022,241139,4093594,4044161,85.3095298778644,84.2793578602064,640
-7.6926,53.28823,2022/05/28 23:00:00+00,Sun 29 May 2022,181,349,0,3852636,3803371,241139,4093775,4044510,85.313301875016,84.2866309375872,641
-7.6926,53.28823,2022/05/29 23:00:00+00,Mon 30 May 2022,9,24,0,3852645,3803395,241139,4093784,4044534,85.3134894328854,84.2871310919056,642
-7.6926,53.28823,2022/05/30 23:00:00+00,Tue 31 May 2022,65,80,2,3852710,3803475,241141,4093851,4044616,85.3148856970244,84.2888399524937,643
-7.6926,53.28823,2022/05/31 23:00:00+00,Wed 01 Jun 2022,69,102,0,3852779,3803577,241141,4093920,4044718,85.31632364069,84.2909656083471,644
-7.6926,53.28823,2022/06/01 23:00:00+00,Thu 02 Jun 2022,91,142,0,3852870,3803719,241141,4094011,4044860,85.3182200591474,84.2939248547312,645
-7.6926,53.28823,2022/06/02 23:00:00+00,Fri 03 Jun 2022,60,143,0,3852930,3803862,241141,4094071,4045003,85.3194704449435,84.2969049408786,646
-7.6926,53.28823,2022/06/03 23:00:00+00,Sat 04 Jun 2022,305,607,0,3853235,3804469,241141,4094376,4045610,85.3258265727405,84.3095546771827,647
-7.6926,53.28823,2022/06/04 23:00:00+00,Sun 05 Jun 2022,143,273,0,3853378,3804742,241141,4094519,4045883,85.3288066588879,84.315243932555,648
-7.6926,53.28823,2022/06/05 23:00:00+00,Mon 06 Jun 2022,5,7,1,3853383,3804749,241142,4094525,4045891,85.3289316974675,84.3154106506612,649
-7.6926,53.28823,2022/06/06 23:00:00+00,Tue 07 Jun 2022,29,54,0,3853412,3804803,241142,4094554,4045945,85.3295360506023,84.3165359978777,650
-7.6926,53.28823,2022/06/07 23:00:00+00,Wed 08 Jun 2022,36,76,0,3853448,3804879,241142,4094590,4046021,85.33028628208,84.3181198198861,651
-7.6926,53.28823,2022/06/08 23:00:00+00,Thu 09 Jun 2022,73,122,0,3853521,3805001,241142,4094663,4046143,85.3318075847986,84.3206622710049,652
-7.6926,53.28823,2022/06/09 23:00:00+00,Fri 10 Jun 2022,56,108,0,3853577,3805109,241142,4094719,4046251,85.3329746115416,84.3229129654379,653
-7.6926,53.28823,2022/06/10 23:00:00+00,Sat 11 Jun 2022,190,562,0,3853767,3805671,241142,4094909,4046813,85.3369341665626,84.3346249123948,654
-7.6926,53.28823,2022/06/11 23:00:00+00,Sun 12 Jun 2022,143,288,0,3853910,3805959,241142,4095052,4047101,85.3399142527101,84.3406267642162,655
-7.6926,53.28823,2022/06/12 23:00:00+00,Mon 13 Jun 2022,17,44,0,3853927,3806003,241142,4095069,4047145,85.3402685286856,84.3415437138,656
-7.6926,53.28823,2022/06/13 23:00:00+00,Tue 14 Jun 2022,37,55,0,3853964,3806058,241142,4095106,4047200,85.3410395999266,84.3426899007798,657
-7.6926,53.28823,2022/06/14 23:00:00+00,Wed 15 Jun 2022,66,123,0,3854030,3806181,241142,4095172,4047323,85.3424150243023,84.3452531916618,658
-7.6926,53.28823,2022/06/15 23:00:00+00,Thu 16 Jun 2022,42,85,0,3854072,3806266,241142,4095214,4047408,85.3432902943596,84.3470245715397,659
-7.6926,53.28823,2022/10/18 23:00:00+00,Wed 19 Oct 2022,87,40,0,3861554,3815535,241157,4102711,4056692,85.4995259995845,84.5405009337256,660
-7.6926,53.28823,2022/10/19 23:00:00+00,Thu 20 Oct 2022,97,10,0,3861651,3815545,241157,4102808,4056702,85.5015474566215,84.5407093313583,661
-7.6926,53.28823,2022/10/20 23:00:00+00,Fri 21 Oct 2022,124,21,0,3861775,3815566,241157,4102932,4056723,85.5041315872668,84.5411469663869,662
-7.6926,53.28823,2022/10/21 23:00:00+00,Sat 22 Oct 2022,95,58,0,3861870,3815624,241157,4103027,4056781,85.5061113647773,84.5423556726565,663
-7.6926,53.28823,2022/10/22 23:00:00+00,Sun 23 Oct 2022,80,48,0,3861950,3815672,241157,4103107,4056829,85.5077785458388,84.5433559812934,664
-7.6926,53.28823,2022/10/23 23:00:00+00,Mon 24 Oct 2022,65,4,0,3862015,3815676,241157,4103172,4056833,85.5091331304513,84.5434393403465,665
-7.6926,53.28823,2022/10/24 23:00:00+00,Tue 25 Oct 2022,75,28,0,3862090,3815704,241157,4103247,4056861,85.5106961126964,84.544022853718,666
-7.6926,53.28823,2022/10/25 23:00:00+00,Wed 26 Oct 2022,45,25,0,3862135,3815729,241157,4103292,4056886,85.5116339020435,84.5445438477997,667
-7.6926,53.28823,2022/10/26 23:00:00+00,Thu 27 Oct 2022,64,35,0,3862199,3815764,241157,4103356,4056921,85.5129676468927,84.5452732395141,668
-7.6926,53.28823,2022/10/27 23:00:00+00,Fri 28 Oct 2022,50,19,0,3862249,3815783,241157,4103406,4056940,85.5140096350562,84.5456691950162,669
-7.6926,53.28823,2022/10/28 23:00:00+00,Sat 29 Oct 2022,87,64,0,3862336,3815847,241157,4103493,4057004,85.5158226944605,84.5470029398654,670
-7.6926,53.28823,2022/10/29 23:00:00+00,Sun 30 Oct 2022,11,6,0,3862347,3815853,241157,4103504,4057010,85.5160519318565,84.547127978445,671
-7.6926,53.28823,2022/11/01 00:00:00+00,Tue 01 Nov 2022,98,25,0,3862445,3815878,241157,4103602,4057035,85.5180942286568,84.5476489725267,672
-7.6926,53.28823,2022/11/02 00:00:00+00,Wed 02 Nov 2022,108,13,0,3862553,3815891,241157,4103710,4057048,85.5203449230898,84.5479198894492,673
-7.6926,53.28823,2022/11/03 00:00:00+00,Thu 03 Nov 2022,91,28,0,3862644,3815919,241157,4103801,4057076,85.5222413415473,84.5485034028207,674
-7.6926,53.28823,2022/11/04 00:00:00+00,Fri 04 Nov 2022,61,22,0,3862705,3815941,241157,4103862,4057098,85.5235125671066,84.5489618776127,675
-7.6926,53.28823,2022/11/05 00:00:00+00,Sat 05 Nov 2022,46,54,0,3862751,3815995,241157,4103908,4057152,85.524471196217,84.5500872248292,676
-7.6926,53.28823,2022/11/06 00:00:00+00,Sun 06 Nov 2022,56,78,0,3862807,3816073,241157,4103964,4057230,85.52563822296,84.5517127263641,677
-7.6926,53.28823,2022/11/07 00:00:00+00,Mon 07 Nov 2022,43,3,0,3862850,3816076,241157,4104007,4057233,85.5265343327806,84.5517752456539,678
-7.6926,53.28823,2022/11/08 00:00:00+00,Tue 08 Nov 2022,66,32,0,3862916,3816108,241157,4104073,4057265,85.5279097571563,84.5524421180785,679
-7.6926,53.28823,2022/11/09 00:00:00+00,Wed 09 Nov 2022,96,32,0,3863012,3816140,241157,4104169,4057297,85.5299103744301,84.5531089905031,680
-7.6926,53.28823,2022/11/10 00:00:00+00,Thu 10 Nov 2022,48,15,0,3863060,3816155,241157,4104217,4057312,85.530910683067,84.5534215869521,681
-7.6926,53.28823,2022/11/11 00:00:00+00,Fri 11 Nov 2022,50,17,0,3863110,3816172,241157,4104267,4057329,85.5319526712304,84.5537758629277,682
-7.6926,53.28823,2022/11/12 00:00:00+00,Sat 12 Nov 2022,74,87,0,3863184,3816259,241157,4104341,4057416,85.5334948137123,84.5555889223321,683
-7.6926,53.28823,2022/11/13 00:00:00+00,Sun 13 Nov 2022,42,62,1,3863226,3816321,241158,4104384,4057479,85.5343909235329,84.556901827418,684
-7.6926,53.28823,2022/11/14 00:00:00+00,Mon 14 Nov 2022,15,2,0,3863241,3816323,241158,4104399,4057481,85.5347035199819,84.5569435069445,685
-7.6926,53.28823,2022/11/15 00:00:00+00,Tue 15 Nov 2022,57,8,0,3863298,3816331,241158,4104456,4057489,85.5358913864882,84.5571102250507,686
-7.6926,53.28823,2022/11/16 00:00:00+00,Wed 16 Nov 2022,46,20,0,3863344,3816351,241158,4104502,4057509,85.5368500155986,84.5575270203161,687
-7.6926,53.28823,2022/11/17 00:00:00+00,Thu 17 Nov 2022,64,9,1,3863408,3816360,241159,4104567,4057519,85.538204600211,84.5577354179487,688
-7.6926,53.28823,2022/11/18 00:00:00+00,Fri 18 Nov 2022,28,22,0,3863436,3816382,241159,4104595,4057541,85.5387881135825,84.5581938927406,689
-7.6926,53.28823,2022/11/19 00:00:00+00,Sat 19 Nov 2022,55,57,0,3863491,3816439,241159,4104650,4057598,85.5399343005623,84.559381759247,690
-7.6926,53.28823,2022/11/20 00:00:00+00,Sun 20 Nov 2022,40,56,0,3863531,3816495,241159,4104690,4057654,85.5407678910931,84.56054878599,691
-7.6926,53.28823,2022/11/21 00:00:00+00,Mon 21 Nov 2022,17,3,0,3863548,3816498,241159,4104707,4057657,85.5411221670686,84.5606113052798,692
-7.6926,53.28823,2022/11/22 00:00:00+00,Tue 22 Nov 2022,48,22,0,3863596,3816520,241159,4104755,4057679,85.5421224757055,84.5610697800717,693
-7.6926,53.28823,2022/11/23 00:00:00+00,Wed 23 Nov 2022,23,16,0,3863619,3816536,241159,4104778,4057695,85.5426017902607,84.561403216284,694
-7.6926,53.28823,2022/11/24 00:00:00+00,Thu 24 Nov 2022,25,18,0,3863644,3816554,241159,4104803,4057713,85.5431227843424,84.5617783320229,695
-7.6926,53.28823,2022/11/25 00:00:00+00,Fri 25 Nov 2022,18,11,0,3863662,3816565,241159,4104821,4057724,85.5434979000812,84.5620075694188,696
-7.6926,53.28823,2022/11/26 00:00:00+00,Sat 26 Nov 2022,66,63,0,3863728,3816628,241159,4104887,4057787,85.544873324457,84.5633204745047,697
-7.6926,53.28823,2022/11/27 00:00:00+00,Sun 27 Nov 2022,36,42,0,3863764,3816670,241159,4104923,4057829,85.5456235559347,84.564195744562,698
-7.6926,53.28823,2022/11/28 00:00:00+00,Mon 28 Nov 2022,16,1,0,3863780,3816671,241159,4104939,4057830,85.545956992147,84.5642165843253,699
-7.6926,53.28823,2022/11/29 00:00:00+00,Tue 29 Nov 2022,32,18,0,3863812,3816689,241159,4104971,4057848,85.5466238645715,84.5645917000641,700
-7.6926,53.28823,2022/11/30 00:00:00+00,Wed 30 Nov 2022,46,13,0,3863858,3816702,241159,4105017,4057861,85.5475824936819,84.5648626169866,701
-7.6926,53.28823,2022/12/01 00:00:00+00,Thu 01 Dec 2022,21,11,0,3863879,3816713,241159,4105038,4057872,85.5480201287105,84.5650918543826,702
-7.6926,53.28823,2022/12/02 00:00:00+00,Fri 02 Dec 2022,17,18,0,3863896,3816731,241159,4105055,4057890,85.5483744046861,84.5654669701214,703
-7.6926,53.28823,2022/12/03 00:00:00+00,Sat 03 Dec 2022,41,71,0,3863937,3816802,241159,4105096,4057961,85.5492288349801,84.5669465933135,704
-7.6926,53.28823,2022/12/04 00:00:00+00,Sun 04 Dec 2022,44,47,0,3863981,3816849,241159,4105140,4058008,85.550145784564,84.5679260621871,705
-7.6926,53.28823,2022/12/05 00:00:00+00,Mon 05 Dec 2022,20,5,0,3864001,3816854,241159,4105160,4058013,85.5505625798293,84.5680302610034,706
-7.6926,53.28823,2022/12/06 00:00:00+00,Tue 06 Dec 2022,35,29,0,3864036,3816883,241159,4105195,4058042,85.5512919715437,84.5686346141382,707
-7.6926,53.28823,2022/12/07 00:00:00+00,Wed 07 Dec 2022,22,23,0,3864058,3816906,241159,4105217,4058065,85.5517504463356,84.5691139286934,708
-7.6926,53.28823,2022/12/08 00:00:00+00,Thu 08 Dec 2022,16,13,1,3864074,3816919,241160,4105234,4058079,85.5521047223112,84.5694056853792,709
-7.6926,53.28823,2022/12/09 00:00:00+00,Fri 09 Dec 2022,24,17,0,3864098,3816936,241160,4105258,4058096,85.5526048766296,84.5697599613547,710
-7.6926,53.28823,2022/12/10 00:00:00+00,Sat 10 Dec 2022,49,44,0,3864147,3816980,241160,4105307,4058140,85.5536260250298,84.5706769109386,711
-7.6926,53.28823,2022/12/11 00:00:00+00,Sun 11 Dec 2022,28,41,0,3864175,3817021,241160,4105335,4058181,85.5542095384013,84.5715313412326,712
-7.6926,53.28823,2022/12/12 00:00:00+00,Mon 12 Dec 2022,15,2,0,3864190,3817023,241160,4105350,4058183,85.5545221348504,84.5715730207591,713
-7.6926,53.28823,2022/12/13 00:00:00+00,Tue 13 Dec 2022,30,15,0,3864220,3817038,241160,4105380,4058198,85.5551473277484,84.5718856172081,714
-7.6926,53.28823,2022/12/14 00:00:00+00,Wed 14 Dec 2022,20,20,0,3864240,3817058,241160,4105400,4058218,85.5555641230138,84.5723024124735,715
-7.6926,53.28823,2022/12/15 00:00:00+00,Thu 15 Dec 2022,13,9,0,3864253,3817067,241160,4105413,4058227,85.5558350399363,84.5724899703429,716
-7.6926,53.28823,2022/12/16 00:00:00+00,Fri 16 Dec 2022,14,4,0,3864267,3817071,241160,4105427,4058231,85.556126796622,84.572573329396,717
-7.6926,53.28823,2022/12/17 00:00:00+00,Sat 17 Dec 2022,20,43,0,3864287,3817114,241160,4105447,4058274,85.5565435918874,84.5734694392166,718
-7.6926,53.28823,2022/12/18 00:00:00+00,Sun 18 Dec 2022,29,35,0,3864316,3817149,241160,4105476,4058309,85.5571479450222,84.574198830931,719
-7.6926,53.28823,2022/12/19 00:00:00+00,Mon 19 Dec 2022,9,1,0,3864325,3817150,241160,4105485,4058310,85.5573355028916,84.5742196706942,720
-7.6926,53.28823,2022/12/20 00:00:00+00,Tue 20 Dec 2022,20,18,0,3864345,3817168,241160,4105505,4058328,85.557752298157,84.5745947864331,721
-7.6926,53.28823,2022/12/21 00:00:00+00,Wed 21 Dec 2022,17,29,0,3864362,3817197,241160,4105522,4058357,85.5581065741326,84.5751991395679,722
-7.6926,53.28823,2022/12/22 00:00:00+00,Thu 22 Dec 2022,7,15,0,3864369,3817212,241160,4105529,4058372,85.5582524524754,84.5755117360169,723
-7.6926,53.28823,2022/12/23 00:00:00+00,Fri 23 Dec 2022,20,6,0,3864389,3817218,241160,4105549,4058378,85.5586692477408,84.5756367745965,724
-7.6926,53.28823,2022/12/28 00:00:00+00,Wed 28 Dec 2022,20,24,0,3864409,3817242,241160,4105569,4058402,85.5590860430062,84.5761369289149,725
-7.6926,53.28823,2022/12/29 00:00:00+00,Thu 29 Dec 2022,18,12,0,3864427,3817254,241160,4105587,4058414,85.559461158745,84.5763870060742,726
-7.6926,53.28823,2022/12/30 00:00:00+00,Fri 30 Dec 2022,71,31,0,3864498,3817285,241160,4105658,4058445,85.5609407819371,84.5770330387355,727
-7.6926,53.28823,2022/12/31 00:00:00+00,Sat 31 Dec 2022,36,26,0,3864534,3817311,241160,4105694,4058471,85.5616910134148,84.5775748725805,728
-7.6926,53.28823,2023/01/03 00:00:00+00,Tue 03 Jan 2023,14,14,0,3864548,3817325,241160,4105708,4058485,85.5619827701005,84.5778666292662,729
-7.6926,53.28823,2023/01/04 00:00:00+00,Wed 04 Jan 2023,56,28,0,3864604,3817353,241160,4105764,4058513,85.5631497968436,84.5784501426378,730
-7.6926,53.28823,2023/01/05 00:00:00+00,Thu 05 Jan 2023,26,16,0,3864630,3817369,241160,4105790,4058529,85.5636916306886,84.5787835788501,731
-7.6926,53.28823,2023/01/06 00:00:00+00,Fri 06 Jan 2023,36,22,0,3864666,3817391,241160,4105826,4058551,85.5644418621662,84.579242053642,732
-7.6926,53.28823,2023/01/07 00:00:00+00,Sat 07 Jan 2023,135,74,0,3864801,3817465,241160,4105961,4058625,85.5672552302075,84.5807841961238,733
-7.6926,53.28823,2023/01/08 00:00:00+00,Sun 08 Jan 2023,51,45,0,3864852,3817510,241160,4106012,4058670,85.5683180581342,84.5817219854709,734
-7.6926,53.28823,2023/01/09 00:00:00+00,Mon 09 Jan 2023,1,1,0,3864853,3817511,241160,4106013,4058671,85.5683388978975,84.5817428252342,735
-7.6926,53.28823,2023/01/10 00:00:00+00,Tue 10 Jan 2023,43,13,0,3864896,3817524,241160,4106056,4058684,85.569235007718,84.5820137421567,736
-7.6926,53.28823,2023/01/11 00:00:00+00,Wed 11 Jan 2023,58,31,0,3864954,3817555,241160,4106114,4058715,85.5704437139876,84.582659774818,737
-7.6926,53.28823,2023/01/12 00:00:00+00,Thu 12 Jan 2023,14,12,0,3864968,3817567,241160,4106128,4058727,85.5707354706733,84.5829098519772,738
-7.6926,53.28823,2023/01/13 00:00:00+00,Fri 13 Jan 2023,30,12,0,3864998,3817579,241160,4106158,4058739,85.5713606635714,84.5831599291365,739
-7.6926,53.28823,2023/01/14 00:00:00+00,Sat 14 Jan 2023,72,39,0,3865070,3817618,241160,4106230,4058778,85.5728611265267,84.5839726799039,740
-7.6926,53.28823,2023/01/15 00:00:00+00,Sun 15 Jan 2023,60,30,0,3865130,3817648,241160,4106290,4058808,85.5741115123229,84.584597872802,741
-7.6926,53.28823,2023/01/16 00:00:00+00,Mon 16 Jan 2023,6,2,0,3865136,3817650,241160,4106296,4058810,85.5742365509025,84.5846395523285,742
-7.6926,53.28823,2023/01/17 00:00:00+00,Tue 17 Jan 2023,13,18,0,3865149,3817668,241160,4106309,4058828,85.574507467825,84.5850146680674,743
-7.6926,53.28823,2023/01/18 00:00:00+00,Wed 18 Jan 2023,36,13,0,3865185,3817681,241160,4106345,4058841,85.5752576993026,84.5852855849899,744
-7.6926,53.28823,2023/01/19 00:00:00+00,Thu 19 Jan 2023,23,5,0,3865208,3817686,241160,4106368,4058846,85.5757370138578,84.5853897838062,745
-7.6926,53.28823,2023/01/20 00:00:00+00,Fri 20 Jan 2023,20,5,0,3865228,3817691,241160,4106388,4058851,85.5761538091232,84.5854939826226,746
-7.6926,53.28823,2023/01/21 00:00:00+00,Sat 21 Jan 2023,76,24,0,3865304,3817715,241160,4106464,4058875,85.5777376311316,84.585994136941,747
-7.6926,53.28823,2023/01/22 00:00:00+00,Sun 22 Jan 2023,21,12,0,3865325,3817727,241160,4106485,4058887,85.5781752661602,84.5862442141002,748
-7.6926,53.28823,2023/01/23 00:00:00+00,Mon 23 Jan 2023,7,2,0,3865332,3817729,241160,4106492,4058889,85.5783211445031,84.5862858936268,749
