X,Y,VaccinationDate,VaccineText,Dose1,Dose2,SingleDose,Dose1Cum,Dose2Cum,SingleDoseCum,PartiallyVacc,FullyVacc,PartialPercent,FullyPercent,ObjectId
-7.6926,53.28823,2021/11/26 00:00:00+00,Fri 26 Nov 2021,1290,1102,12,3654565,3590931,240683,3895248,3831614,82.7208522062551,81.3694982721043,1
-7.6926,53.28823,2021/11/27 00:00:00+00,Sat 27 Nov 2021,1201,1563,6,3655766,3592494,240689,3896455,3833183,82.7464844814306,81.4028181061975,2
-7.6926,53.28823,2021/11/28 00:00:00+00,Sun 28 Nov 2021,1959,2256,0,3657725,3594750,240689,3898414,3835439,82.7880864922582,81.4507273131536,3
-7.6926,53.28823,2021/11/29 00:00:00+00,Mon 29 Nov 2021,540,987,1,3658265,3595737,240690,3898955,3836427,82.7995753579334,81.4717088275474,4
-7.6926,53.28823,2021/11/30 00:00:00+00,Tue 30 Nov 2021,1917,1641,6,3660182,3597378,240696,3900878,3838074,82.8404128601393,81.5066850969875,5
-7.6926,53.28823,2021/12/01 00:00:00+00,Wed 01 Dec 2021,1075,1375,2,3661257,3598753,240698,3901955,3839451,82.8632844097367,81.5359275517652,6
-7.6926,53.28823,2021/12/02 00:00:00+00,Thu 02 Dec 2021,1766,1410,0,3663023,3600163,240698,3903721,3840861,82.9007878048982,81.5658708061128,7
-7.6926,53.28823,2021/12/03 00:00:00+00,Fri 03 Dec 2021,1042,1183,2,3664065,3601346,240700,3904765,3842046,82.9229585549258,81.5910358815751,8
-7.6926,53.28823,2021/12/04 00:00:00+00,Sat 04 Dec 2021,1204,1700,1,3665269,3603046,240701,3905970,3843747,82.9485483574001,81.6271589139476,9
-7.6926,53.28823,2021/12/05 00:00:00+00,Sun 05 Dec 2021,1347,1772,2,3666616,3604818,240703,3907319,3845521,82.977196194361,81.6648321999139,10
-7.6926,53.28823,2021/12/06 00:00:00+00,Mon 06 Dec 2021,934,1289,0,3667550,3606107,240703,3908253,3846810,82.9970309458225,81.6922058558387,11
-7.6926,53.28823,2021/12/07 00:00:00+00,Tue 07 Dec 2021,487,739,2,3668037,3606846,240705,3908742,3847551,83.0074155212664,81.7079419916341,12
-7.6926,53.28823,2021/12/08 00:00:00+00,Wed 08 Dec 2021,800,1512,2,3668837,3608358,240707,3909544,3849065,83.0244470744485,81.7400938264442,13
-7.6926,53.28823,2021/12/09 00:00:00+00,Thu 09 Dec 2021,798,1207,0,3669635,3609565,240707,3910342,3850272,83.0413936822282,81.7657261016198,14
-7.6926,53.28823,2021/12/10 00:00:00+00,Fri 10 Dec 2021,891,1611,1,3670526,3611176,240708,3911234,3851884,83.0603365069643,81.7999590987887,15
-7.6926,53.28823,2021/12/11 00:00:00+00,Sat 11 Dec 2021,640,841,2,3671166,3612017,240710,3911876,3852727,83.0739702440503,81.8178613423455,16
-7.6926,53.28823,2021/12/12 00:00:00+00,Sun 12 Dec 2021,689,1190,0,3671855,3613207,240710,3912565,3853917,83.0886020896144,81.8431325995608,17
-7.6926,53.28823,2021/12/13 00:00:00+00,Mon 13 Dec 2021,726,1066,1,3672581,3614273,240711,3913292,3854984,83.1040409165014,81.8657917856522,18
-7.6926,53.28823,2021/12/14 00:00:00+00,Tue 14 Dec 2021,627,1201,2,3673208,3615474,240713,3913921,3856187,83.1173985810295,81.8913391154253,19
-7.6926,53.28823,2021/12/15 00:00:00+00,Wed 15 Dec 2021,796,1253,1,3674004,3616727,240714,3914718,3857441,83.1343239524586,81.9179694990791,20
-7.6926,53.28823,2021/12/16 00:00:00+00,Thu 16 Dec 2021,1055,1538,7,3675059,3618265,240721,3915780,3858986,83.156876956797,81.9507796607578,21
-7.6926,53.28823,2021/12/17 00:00:00+00,Fri 17 Dec 2021,1214,2456,1,3676273,3620721,240722,3916995,3861443,83.1826791227773,82.0029573741847,22
-7.6926,53.28823,2021/12/18 00:00:00+00,Sat 18 Dec 2021,1257,1183,0,3677530,3621904,240722,3918252,3862626,83.2093732154829,82.0280799769458,23
-7.6926,53.28823,2021/12/19 00:00:00+00,Sun 19 Dec 2021,551,886,1,3678081,3622790,240723,3918804,3863513,83.2210956810147,82.046916619929,24
-7.6926,53.28823,2021/12/20 00:00:00+00,Mon 20 Dec 2021,528,615,0,3678609,3623405,240723,3919332,3864128,83.2323084741321,82.0599769755487,25
-7.6926,53.28823,2021/12/21 00:00:00+00,Tue 21 Dec 2021,1442,1813,3,3680051,3625218,240726,3920777,3865944,83.2629950007507,82.0985421882403,26
-7.6926,53.28823,2021/12/22 00:00:00+00,Wed 22 Dec 2021,1201,1588,2,3681252,3626806,240728,3921980,3867534,83.2885423305238,82.132307985696,27
-7.6926,53.28823,2021/12/23 00:00:00+00,Thu 23 Dec 2021,950,1386,0,3682202,3628192,240728,3922930,3868920,83.3087168635949,82.1617415676292,28
-7.6926,53.28823,2021/12/24 00:00:00+00,Fri 24 Dec 2021,104,152,0,3682306,3628344,240728,3923034,3869072,83.3109254440574,82.1649694929205,29
-7.6926,53.28823,2021/12/25 00:00:00+00,Sat 25 Dec 2021,1,5,0,3682307,3628349,240728,3923035,3869077,83.310946680408,82.1650756746735,30
-7.6926,53.28823,2021/12/26 00:00:00+00,Sun 26 Dec 2021,11,10,0,3682318,3628359,240728,3923046,3869087,83.3111802802646,82.1652880381796,31
-7.6926,53.28823,2021/12/27 00:00:00+00,Mon 27 Dec 2021,390,587,0,3682708,3628946,240728,3923436,3869674,83.319462456999,82.1777537759824,32
-7.6926,53.28823,2021/12/28 00:00:00+00,Tue 28 Dec 2021,469,744,0,3683177,3629690,240728,3923905,3870418,83.329422305431,82.1935536208296,33
-7.6926,53.28823,2021/12/29 00:00:00+00,Wed 29 Dec 2021,1073,1306,0,3684250,3630996,240728,3924978,3871724,83.3522089096259,82.2212882947147,34
-7.6926,53.28823,2021/12/30 00:00:00+00,Thu 30 Dec 2021,1065,1193,1,3685315,3632189,240729,3926044,3872918,83.3748468593667,82.2466444973324,35
-7.6926,53.28823,2021/12/31 00:00:00+00,Fri 31 Dec 2021,717,1679,0,3686032,3633868,240729,3926761,3874597,83.3900733227477,82.2823003299917,36
-7.6926,53.28823,2022/01/01 00:00:00+00,Sat 01 Jan 2022,66,96,0,3686098,3633964,240729,3926827,3874693,83.3914749218874,82.2843390196494,37
-7.6926,53.28823,2022/01/02 00:00:00+00,Sun 02 Jan 2022,270,627,0,3686368,3634591,240729,3927097,3875320,83.3972087365497,82.2976542114763,38
-7.6926,53.28823,2022/01/03 00:00:00+00,Mon 03 Jan 2022,3630,724,1,3689998,3635315,240730,3930728,3876045,83.4743179255823,82.3130505656621,39
-7.6926,53.28823,2022/01/04 00:00:00+00,Tue 04 Jan 2022,1192,776,0,3691190,3636091,240730,3931920,3876821,83.4996316554988,82.3295299737285,40
-7.6926,53.28823,2022/01/05 00:00:00+00,Wed 05 Jan 2022,2146,897,0,3693336,3636988,240730,3934066,3877718,83.5452048638888,82.3485789802177,41
-7.6926,53.28823,2022/01/06 00:00:00+00,Thu 06 Jan 2022,2461,1693,1,3695797,3638681,240731,3936528,3879412,83.5974887590687,82.384553358136,42
-7.6926,53.28823,2022/01/07 00:00:00+00,Fri 07 Jan 2022,4856,783,2,3700653,3639464,240733,3941386,3880197,83.7006549502889,82.4012238933578,43
-7.6926,53.28823,2022/01/08 00:00:00+00,Sat 08 Jan 2022,9791,738,1,3710444,3640202,240734,3951178,3880936,83.9086012953749,82.4169175564521,44
-7.6926,53.28823,2022/01/09 00:00:00+00,Sun 09 Jan 2022,7115,663,0,3717559,3640865,240734,3958293,3881599,84.0596979299018,82.4309972569006,45
-7.6926,53.28823,2022/01/10 00:00:00+00,Mon 10 Jan 2022,6659,504,0,3724218,3641369,240734,3964952,3882103,84.2011107885545,82.4417003776036,46
-7.6926,53.28823,2022/01/11 00:00:00+00,Tue 11 Jan 2022,4778,1362,1,3728996,3642731,240735,3969731,3883466,84.3025993080772,82.4706455234729,47
-7.6926,53.28823,2022/01/12 00:00:00+00,Wed 12 Jan 2022,7565,916,1,3736561,3643647,240736,3977297,3884383,84.4632735367252,82.4901192569741,48
-7.6926,53.28823,2022/01/13 00:00:00+00,Thu 13 Jan 2022,7328,811,0,3743889,3644458,240736,3984625,3885194,84.6188935139301,82.5073419373116,49
-7.6926,53.28823,2022/01/14 00:00:00+00,Fri 14 Jan 2022,10730,832,0,3754619,3645290,240736,3995355,3886026,84.84675955588,82.5250105810117,50
-7.6926,53.28823,2022/01/15 00:00:00+00,Sat 15 Jan 2022,8358,651,2,3762977,3645941,240738,4003715,3886679,85.0242954469052,82.5388779179542,51
-7.6926,53.28823,2022/01/16 00:00:00+00,Sun 16 Jan 2022,6965,1215,1,3769942,3647156,240739,4010681,3887895,85.1722278651925,82.5647013202852,52
-7.6926,53.28823,2022/01/17 00:00:00+00,Mon 17 Jan 2022,2566,559,0,3772508,3647715,240739,4013247,3888454,85.2267203408349,82.5765724402712,53
-7.6926,53.28823,2022/01/18 00:00:00+00,Tue 18 Jan 2022,4056,446,3,3776564,3648161,240742,4017306,3888903,85.3129186879248,82.5861075616911,54
-7.6926,53.28823,2022/01/19 00:00:00+00,Wed 19 Jan 2022,3489,623,0,3780053,3648784,240742,4020795,3889526,85.3870123151721,82.5993378081156,55
-7.6926,53.28823,2022/01/20 00:00:00+00,Thu 20 Jan 2022,3697,935,0,3783750,3649719,240742,4024492,3890461,85.4655231033444,82.6191937959276,56
-7.6926,53.28823,2022/01/21 00:00:00+00,Fri 21 Jan 2022,3255,974,0,3787005,3650693,240742,4027747,3891435,85.534647424551,82.6398780014131,57
-7.6926,53.28823,2022/01/22 00:00:00+00,Sat 22 Jan 2022,4270,643,0,3791275,3651336,240742,4032017,3892078,85.6253266416177,82.6535329748496,58
-7.6926,53.28823,2022/01/23 00:00:00+00,Sun 23 Jan 2022,3092,677,0,3794367,3652013,240742,4035109,3892755,85.6909894376763,82.6679099842065,59
-7.6926,53.28823,2022/01/24 00:00:00+00,Mon 24 Jan 2022,647,461,0,3795014,3652474,240742,4035756,3893216,85.7047293565152,82.6776999418336,60
-7.6926,53.28823,2022/01/25 00:00:00+00,Tue 25 Jan 2022,695,1838,0,3795709,3654312,240742,4036451,3895054,85.719488620183,82.7167323542385,61
-7.6926,53.28823,2022/01/26 00:00:00+00,Wed 26 Jan 2022,700,897,0,3796409,3655209,240742,4037151,3895951,85.7343540656038,82.7357813607277,62
-7.6926,53.28823,2022/01/27 00:00:00+00,Thu 27 Jan 2022,1274,1174,0,3797683,3656383,240742,4038425,3897125,85.7614091762696,82.7607128363334,63
-7.6926,53.28823,2022/01/28 00:00:00+00,Fri 28 Jan 2022,1032,3093,1,3798715,3659476,240743,4039458,3900219,85.7833463264405,82.8264181050932,64
-7.6926,53.28823,2022/01/29 00:00:00+00,Sat 29 Jan 2022,2328,3444,0,3801043,3662920,240743,4041786,3903663,85.8327845506399,82.8995560965634,65
-7.6926,53.28823,2022/01/30 00:00:00+00,Sun 30 Jan 2022,1636,7537,0,3802679,3670457,240743,4043422,3911200,85.8675272202233,83.0596144710439,66
-7.6926,53.28823,2022/01/31 00:00:00+00,Mon 31 Jan 2022,482,1392,0,3803161,3671849,240743,4043904,3912592,85.877763141213,83.0891754710807,67
-7.6926,53.28823,2022/02/01 00:00:00+00,Tue 01 Feb 2022,754,3415,1,3803915,3675264,240744,4044659,3916008,85.8937965859169,83.161718844734,68
-7.6926,53.28823,2022/02/02 00:00:00+00,Wed 02 Feb 2022,649,2996,0,3804564,3678260,240744,4045308,3919004,85.907578977457,83.2253429511349,69
-7.6926,53.28823,2022/02/03 00:00:00+00,Thu 03 Feb 2022,906,2433,1,3805470,3680693,240745,4046215,3921438,85.9268403474522,83.277032228498,70
-7.6926,53.28823,2022/02/04 00:00:00+00,Fri 04 Feb 2022,1173,6523,0,3806643,3687216,240745,4047388,3927961,85.9517505867073,83.4155569434691,71
-7.6926,53.28823,2022/02/05 00:00:00+00,Sat 05 Feb 2022,1777,5750,0,3808420,3692966,240745,4049165,3933711,85.9894875817254,83.5376659594254,72
-7.6926,53.28823,2022/02/06 00:00:00+00,Sun 06 Feb 2022,1408,7555,0,3809828,3700521,240745,4050573,3941266,86.0193883633718,83.6981065882168,73
-7.6926,53.28823,2022/02/07 00:00:00+00,Mon 07 Feb 2022,439,1350,0,3810267,3701871,240745,4051012,3942616,86.0287111212857,83.7267756615283,74
-7.6926,53.28823,2022/02/08 00:00:00+00,Tue 08 Feb 2022,902,1234,0,3811169,3703105,240745,4051914,3943850,86.0478663095279,83.75298131817,75
-7.6926,53.28823,2022/02/09 00:00:00+00,Wed 09 Feb 2022,1332,1782,0,3812501,3704887,240745,4053246,3945632,86.0761531285286,83.7908244949412,76
-7.6926,53.28823,2022/02/10 00:00:00+00,Thu 10 Feb 2022,685,2548,0,3813186,3707435,240745,4053931,3948180,86.0907000286903,83.8449347162728,77
-7.6926,53.28823,2022/02/11 00:00:00+00,Fri 11 Feb 2022,551,4920,0,3813737,3712355,240745,4054482,3953100,86.1024012578715,83.9494175612302,78
-7.6926,53.28823,2022/02/12 00:00:00+00,Sat 12 Feb 2022,1399,5461,0,3815136,3717816,240745,4055881,3958561,86.1321109123625,84.0653892718629,79
-7.6926,53.28823,2022/02/13 00:00:00+00,Sun 13 Feb 2022,1568,4706,0,3816704,3722522,240745,4057449,3963267,86.165409510105,84.1653275377917,80
-7.6926,53.28823,2022/02/14 00:00:00+00,Mon 14 Feb 2022,172,952,0,3816876,3723474,240745,4057621,3964219,86.1690621624084,84.1855445435639,81
-7.6926,53.28823,2022/02/15 00:00:00+00,Tue 15 Feb 2022,649,818,1,3817525,3724292,240746,4058271,3965038,86.1828657902991,84.2029371147062,82
-7.6926,53.28823,2022/02/16 00:00:00+00,Wed 16 Feb 2022,801,1785,0,3818326,3726077,240746,4059072,3966823,86.1998761071306,84.2408440005292,83
-7.6926,53.28823,2022/02/17 00:00:00+00,Thu 17 Feb 2022,793,1190,2,3819119,3727267,240748,4059867,3968015,86.2167590058585,84.2661577304457,84
-7.6926,53.28823,2022/02/18 00:00:00+00,Fri 18 Feb 2022,794,3292,0,3819913,3730559,240748,4060661,3971307,86.2336206682358,84.3360677966246,85
-7.6926,53.28823,2022/02/19 00:00:00+00,Sat 19 Feb 2022,981,3554,0,3820894,3734113,240748,4061642,3974861,86.2544535281754,84.4115417866609,86
-7.6926,53.28823,2022/02/20 00:00:00+00,Sun 20 Feb 2022,1366,3587,0,3822260,3737700,240748,4063008,3978448,86.2834623830965,84.4877165762671,87
-7.6926,53.28823,2022/02/21 00:00:00+00,Mon 21 Feb 2022,252,994,1,3822512,3738694,240749,4063261,3979443,86.2888351797986,84.5088467451152,88
-7.6926,53.28823,2022/02/22 00:00:00+00,Tue 22 Feb 2022,476,981,0,3822988,3739675,240749,4063737,3980424,86.2989436826848,84.5296796050548,89
-7.6926,53.28823,2022/02/23 00:00:00+00,Wed 23 Feb 2022,830,1271,1,3823818,3740946,240750,4064568,3981696,86.3165910900343,84.5566922430195,90
-7.6926,53.28823,2022/02/24 00:00:00+00,Thu 24 Feb 2022,657,1233,0,3824475,3742179,240750,4065225,3982929,86.3305433723792,84.5828766633106,91
-7.6926,53.28823,2022/02/25 00:00:00+00,Fri 25 Feb 2022,691,1226,0,3825166,3743405,240750,4065916,3984155,86.3452176906446,84.6089124291476,92
-7.6926,53.28823,2022/02/26 00:00:00+00,Sat 26 Feb 2022,960,2092,0,3826126,3745497,240750,4066876,3986247,86.3656045872216,84.6533388746051,93
-7.6926,53.28823,2022/02/27 00:00:00+00,Sun 27 Feb 2022,671,1783,0,3826797,3747280,240750,4067547,3988030,86.379854178475,84.6912032877269,94
-7.6926,53.28823,2022/02/28 00:00:00+00,Mon 28 Feb 2022,81,428,0,3826878,3747708,240750,4067628,3988458,86.3815743228737,84.7002924457841,95
-7.6926,53.28823,2022/03/01 00:00:00+00,Tue 01 Mar 2022,129,939,1,3827007,3748647,240751,4067758,3989398,86.3843350484518,84.7202546153492,96
-7.6926,53.28823,2022/03/02 00:00:00+00,Wed 02 Mar 2022,207,995,2,3827214,3749642,240753,4067967,3990395,86.3887734457274,84.7414272568985,97
-7.6926,53.28823,2022/03/03 00:00:00+00,Thu 03 Mar 2022,279,1273,0,3827493,3750915,240753,4068246,3991668,86.3946983875451,84.7684611312137,98
-7.6926,53.28823,2022/03/04 00:00:00+00,Fri 04 Mar 2022,734,1507,2,3828227,3752422,240755,4068982,3993177,86.4103283415875,84.8005067842708,99
-7.6926,53.28823,2022/03/05 00:00:00+00,Sat 05 Mar 2022,963,3341,0,3829190,3755763,240755,4069945,3996518,86.4307789472164,84.871457431629,100
-7.6926,53.28823,2022/03/06 00:00:00+00,Sun 06 Mar 2022,455,1915,0,3829645,3757678,240755,4070400,3998433,86.4404414867399,84.9121250430301,101
-7.6926,53.28823,2022/03/07 00:00:00+00,Mon 07 Mar 2022,113,123,0,3829758,3757801,240755,4070513,3998556,86.4428411943578,84.9147371141541,102
-7.6926,53.28823,2022/03/08 00:00:00+00,Tue 08 Mar 2022,120,492,0,3829878,3758293,240755,4070633,3999048,86.44538955643,84.9251853986498,103
-7.6926,53.28823,2022/03/09 00:00:00+00,Wed 09 Mar 2022,127,345,1,3830005,3758638,240756,4070761,3999394,86.4481078093069,84.9325331759578,104
-7.6926,53.28823,2022/03/10 00:00:00+00,Thu 10 Mar 2022,258,507,0,3830263,3759145,240756,4071019,3999901,86.453586787762,84.9433000057126,105
-7.6926,53.28823,2022/03/11 00:00:00+00,Fri 11 Mar 2022,493,2182,0,3830756,3761327,240756,4071512,4002083,86.4640563086083,84.9896377227242,106
-7.6926,53.28823,2022/03/12 00:00:00+00,Sat 12 Mar 2022,473,2390,2,3831229,3763717,240758,4071987,4004475,86.4741435751439,85.040435073362,107
-7.6926,53.28823,2022/03/13 00:00:00+00,Sun 13 Mar 2022,358,1082,0,3831587,3764799,240758,4072345,4005557,86.4817461886591,85.0634128047124,108
-7.6926,53.28823,2022/03/14 00:00:00+00,Mon 14 Mar 2022,108,121,0,3831695,3764920,240758,4072453,4005678,86.484039714524,85.0659824031352,109
-7.6926,53.28823,2022/03/15 00:00:00+00,Tue 15 Mar 2022,220,757,1,3831915,3765677,240759,4072674,4006436,86.4887329480068,85.0820795568908,110
-7.6926,53.28823,2022/03/16 00:00:00+00,Wed 16 Mar 2022,196,797,0,3832111,3766474,240759,4072870,4007233,86.4928952727247,85.0990049283199,111
-7.6926,53.28823,2020/12/28 00:00:00+00,Mon 28 Dec 2020,220,16,0,220,16,0,220,16,0.00467199713224321,0.000339781609617688,112
-7.6926,53.28823,2020/12/29 00:00:00+00,Tue 29 Dec 2020,77,2,0,297,18,0,297,18,0.00630719612852834,0.000382254310819899,113
-7.6926,53.28823,2020/12/30 00:00:00+00,Wed 30 Dec 2020,1057,1,0,1354,19,0,1354,19,0.0287540187138969,0.000403490661421005,114
-7.6926,53.28823,2020/12/31 00:00:00+00,Thu 31 Dec 2020,1032,1,0,2386,20,0,2386,20,0.0506699325342378,0.00042472701202211,115
-7.6926,53.28823,2021/01/01 00:00:00+00,Fri 01 Jan 2021,813,0,0,3199,20,0,3199,20,0.0679350855729366,0.00042472701202211,116
-7.6926,53.28823,2021/01/02 00:00:00+00,Sat 02 Jan 2021,1016,0,0,4215,20,0,4215,20,0.0895112177836598,0.00042472701202211,117
-7.6926,53.28823,2021/01/03 00:00:00+00,Sun 03 Jan 2021,20,2,1,4235,22,1,4236,23,0.089957181146283,0.000488436063825427,118
-7.6926,53.28823,2021/01/04 00:00:00+00,Mon 04 Jan 2021,1188,3,0,5423,25,1,5424,26,0.115185965660396,0.000552145115628744,119
-7.6926,53.28823,2021/01/05 00:00:00+00,Tue 05 Jan 2021,3530,11,0,8953,36,1,8954,37,0.190150283282299,0.000785744972240904,120
-7.6926,53.28823,2021/01/06 00:00:00+00,Wed 06 Jan 2021,6777,11,0,15730,47,1,15731,48,0.334069031305991,0.00101934482885307,121
-7.6926,53.28823,2021/01/07 00:00:00+00,Thu 07 Jan 2021,11725,8,0,27455,55,1,27456,56,0.583065242103953,0.00118923563366191,122
-7.6926,53.28823,2021/01/08 00:00:00+00,Fri 08 Jan 2021,12681,5,0,40136,60,1,40137,61,0.852363404076572,0.00129541738666744,123
-7.6926,53.28823,2021/01/09 00:00:00+00,Sat 09 Jan 2021,8075,7,0,48211,67,1,48212,68,1.0238469351805,0.00144407184087518,124
-7.6926,53.28823,2021/01/10 00:00:00+00,Sun 10 Jan 2021,4781,4,1,52992,71,2,52994,73,1.12539916375499,0.0015502535938807,125
-7.6926,53.28823,2021/01/11 00:00:00+00,Mon 11 Jan 2021,8341,6,0,61333,77,2,61335,79,1.30253156411881,0.00167767169748734,126
-7.6926,53.28823,2021/01/12 00:00:00+00,Tue 12 Jan 2021,8883,10,0,70216,87,2,70218,89,1.49117406650843,0.00189003520349839,127
-7.6926,53.28823,2021/01/13 00:00:00+00,Wed 13 Jan 2021,9878,4,0,80094,91,2,80096,93,1.70094673774615,0.00197498060590281,128
-7.6926,53.28823,2021/01/14 00:00:00+00,Thu 14 Jan 2021,8082,4,0,88176,95,2,88178,97,1.87257892330428,0.00205992600830724,129
-7.6926,53.28823,2021/01/15 00:00:00+00,Fri 15 Jan 2021,7691,2,0,95867,97,2,95869,99,2.03590769577739,0.00210239870950945,130
-7.6926,53.28823,2021/01/16 00:00:00+00,Sat 16 Jan 2021,5234,3,0,101101,100,2,101103,102,2.14705875482357,0.00216610776131276,131
-7.6926,53.28823,2021/01/17 00:00:00+00,Sun 17 Jan 2021,1113,4,0,102214,104,2,102216,106,2.1706948130426,0.00225105316371719,132
-7.6926,53.28823,2021/01/18 00:00:00+00,Mon 18 Jan 2021,8714,8,1,110928,112,3,110931,115,2.35576960853124,0.00244218031912714,133
-7.6926,53.28823,2021/01/19 00:00:00+00,Tue 19 Jan 2021,8380,19,0,119308,131,3,119311,134,2.5337302265685,0.00284567098054814,134
-7.6926,53.28823,2021/01/20 00:00:00+00,Wed 20 Jan 2021,8446,962,0,127754,1093,3,127757,1096,2.71309244374544,0.0232750402588116,135
-7.6926,53.28823,2021/01/21 00:00:00+00,Thu 21 Jan 2021,9006,962,0,136760,2055,3,136763,2058,2.90434701725899,0.0437044095370752,136
-7.6926,53.28823,2021/01/22 00:00:00+00,Fri 22 Jan 2021,6780,967,0,143540,3022,3,143543,3025,3.04832947433449,0.0642399605683442,137
-7.6926,53.28823,2021/01/23 00:00:00+00,Sat 23 Jan 2021,4185,460,0,147725,3482,3,147728,3485,3.13720360160012,0.0740086818448527,138
-7.6926,53.28823,2021/01/24 00:00:00+00,Sun 24 Jan 2021,1182,398,0,148907,3880,3,148910,3883,3.16230496801062,0.0824607493840927,139
-7.6926,53.28823,2021/01/25 00:00:00+00,Mon 25 Jan 2021,1359,1287,0,150266,5167,3,150269,5170,3.19116516847753,0.109791932607716,140
-7.6926,53.28823,2021/01/26 00:00:00+00,Tue 26 Jan 2021,1002,3500,0,151268,8667,3,151271,8670,3.21244399177983,0.184119159711585,141
-7.6926,53.28823,2021/01/27 00:00:00+00,Wed 27 Jan 2021,2172,6700,0,153440,15367,3,153443,15370,3.25856934528543,0.326402708738992,142
-7.6926,53.28823,2021/01/28 00:00:00+00,Thu 28 Jan 2021,1006,11539,0,154446,26906,3,154449,26909,3.27993311399015,0.571448958325149,143
-7.6926,53.28823,2021/01/29 00:00:00+00,Fri 29 Jan 2021,1576,11526,0,156022,38432,3,156025,38435,3.31340160253749,0.816219135353491,144
-7.6926,53.28823,2021/01/30 00:00:00+00,Sat 30 Jan 2021,639,7793,0,156661,46225,3,156664,46228,3.3269716305716,0.981714015587906,145
-7.6926,53.28823,2021/01/31 00:00:00+00,Sun 31 Jan 2021,226,4086,0,156887,50311,3,156890,50314,3.33177104580745,1.06848574414402,146
-7.6926,53.28823,2021/02/01 00:00:00+00,Mon 01 Feb 2021,1025,8334,1,157912,58645,4,157916,58649,3.35355954152418,1.24549072640424,147
-7.6926,53.28823,2021/02/02 00:00:00+00,Tue 02 Feb 2021,828,5109,0,158740,63754,4,158744,63758,3.3711432398219,1.35398724162529,148
-7.6926,53.28823,2021/02/03 00:00:00+00,Wed 03 Feb 2021,1399,6865,0,160139,70619,4,160143,70623,3.40085289431284,1.49977478850188,149
-7.6926,53.28823,2021/02/04 00:00:00+00,Thu 04 Feb 2021,1430,10541,1,161569,81160,5,161574,81165,3.43124211202302,1.72364839653873,150
-7.6926,53.28823,2021/02/05 00:00:00+00,Fri 05 Feb 2021,3391,8613,0,164960,89773,5,164965,89778,3.50325457691137,1.90655708426605,151
-7.6926,53.28823,2021/02/06 00:00:00+00,Sat 06 Feb 2021,899,3867,0,165859,93640,5,165864,93645,3.52234605610177,1.98867805204053,152
-7.6926,53.28823,2021/02/07 00:00:00+00,Sun 07 Feb 2021,328,1300,2,166187,94940,7,166194,94947,3.52935405180013,2.01632778052317,153
-7.6926,53.28823,2021/02/08 00:00:00+00,Mon 08 Feb 2021,1182,879,0,167369,95819,7,167376,95826,3.55445541821064,2.03499453270154,154
-7.6926,53.28823,2021/02/09 00:00:00+00,Tue 09 Feb 2021,4262,543,3,171631,96362,10,171641,96372,3.64502845352435,2.04658958012974,155
-7.6926,53.28823,2021/02/10 00:00:00+00,Wed 10 Feb 2021,8824,580,0,180455,96942,10,180465,96952,3.83241801122851,2.05890666347838,156
-7.6926,53.28823,2021/02/11 00:00:00+00,Thu 11 Feb 2021,6180,445,0,186635,97387,10,186645,97397,3.96365865794334,2.06835683949587,157
-7.6926,53.28823,2021/02/12 00:00:00+00,Fri 12 Feb 2021,4395,524,0,191030,97911,10,191040,97921,4.0569924188352,2.07948468721085,158
-7.6926,53.28823,2021/02/13 00:00:00+00,Sat 13 Feb 2021,1207,1914,0,192237,99825,10,192247,99835,4.08262469401073,2.12013106226137,159
-7.6926,53.28823,2021/02/14 00:00:00+00,Sun 14 Feb 2021,2699,27,0,194936,99852,10,194946,99862,4.13994160428312,2.1207044437276,160
-7.6926,53.28823,2021/02/15 00:00:00+00,Mon 15 Feb 2021,1962,7890,0,196898,107742,10,196908,107752,4.18160732416249,2.28825924997032,161
-7.6926,53.28823,2021/02/16 00:00:00+00,Tue 16 Feb 2021,5648,8158,0,202546,115900,10,202556,115910,4.30155023235753,2.46150539817414,162
-7.6926,53.28823,2021/02/17 00:00:00+00,Wed 17 Feb 2021,9745,8465,0,212291,124365,10,212301,124375,4.5084984689653,2.6412711060125,163
-7.6926,53.28823,2021/02/18 00:00:00+00,Thu 18 Feb 2021,8463,8352,1,220754,132717,11,220765,132728,4.68824294045306,2.81865834258353,164
-7.6926,53.28823,2021/02/19 00:00:00+00,Fri 19 Feb 2021,9385,6582,0,230139,139299,11,230150,139310,4.88754609084444,2.95843600224001,165
-7.6926,53.28823,2021/02/20 00:00:00+00,Sat 20 Feb 2021,5886,3568,2,236025,142867,13,236038,142880,5.01258572318375,3.03424977388596,166
-7.6926,53.28823,2021/02/21 00:00:00+00,Sun 21 Feb 2021,1109,1024,6,237134,143891,19,237153,143910,5.03626425410398,3.0561232150051,167
-7.6926,53.28823,2021/02/22 00:00:00+00,Mon 22 Feb 2021,3942,1122,1,241076,145013,20,241096,145033,5.11999918452414,3.07997163673014,168
-7.6926,53.28823,2021/02/23 00:00:00+00,Tue 23 Feb 2021,13363,1065,1,254439,146078,21,254460,146099,5.40380177395731,3.10260958647092,169
-7.6926,53.28823,2021/02/24 00:00:00+00,Wed 24 Feb 2021,16937,2103,3,271376,148181,24,271400,148205,5.76354555314004,3.14733334083684,170
-7.6926,53.28823,2021/02/25 00:00:00+00,Thu 25 Feb 2021,18091,1756,2,289467,149937,26,289493,149963,6.14777484456584,3.18466684519359,171
-7.6926,53.28823,2021/02/26 00:00:00+00,Fri 26 Feb 2021,16078,2768,0,305545,152705,26,305571,152731,6.48921288953042,3.24344906365745,172
-7.6926,53.28823,2021/02/27 00:00:00+00,Sat 27 Feb 2021,8993,704,1,314538,153409,27,314565,153436,6.68021262683676,3.25842069083123,173
-7.6926,53.28823,2021/02/28 00:00:00+00,Sun 28 Feb 2021,2444,57,2,316982,153466,29,317011,153495,6.73215674040706,3.25967363551669,174
-7.6926,53.28823,2021/03/01 00:00:00+00,Mon 01 Mar 2021,5596,794,0,322578,154260,29,322607,154289,6.85099535837085,3.27653529789397,175
-7.6926,53.28823,2021/03/02 00:00:00+00,Tue 02 Mar 2021,12180,1610,0,334758,155870,29,334787,155899,7.10965410869231,3.31072582236175,176
-7.6926,53.28823,2021/03/03 00:00:00+00,Wed 03 Mar 2021,12906,1505,1,347664,157375,30,347694,157405,7.38375168590078,3.34270776636701,177
-7.6926,53.28823,2021/03/04 00:00:00+00,Thu 04 Mar 2021,18740,1688,4,366404,159063,34,366438,159097,7.78180584156791,3.37863967158409,178
-7.6926,53.28823,2021/03/05 00:00:00+00,Fri 05 Mar 2021,18445,2396,6,384849,161459,40,384889,161499,8.1736377465089,3.42964938572794,179
-7.6926,53.28823,2021/03/06 00:00:00+00,Sat 06 Mar 2021,10398,140,4,395247,161599,44,395291,161643,8.3945382654616,3.4327074202145,180
-7.6926,53.28823,2021/03/07 00:00:00+00,Sun 07 Mar 2021,1520,13,3,396767,161612,47,396814,161659,8.42688122742709,3.43304720182412,181
-7.6926,53.28823,2021/03/08 00:00:00+00,Mon 08 Mar 2021,6666,1496,5,403433,163108,52,403485,163160,8.56854892228706,3.46492296407638,182
-7.6926,53.28823,2021/03/09 00:00:00+00,Tue 09 Mar 2021,13829,3104,6,417262,166212,58,417320,166270,8.86235383285336,3.53096801444581,183
-7.6926,53.28823,2021/03/10 00:00:00+00,Wed 10 Mar 2021,13733,3989,3,430995,170201,61,431056,170262,9.15405634471014,3.61574352604543,184
-7.6926,53.28823,2021/03/11 00:00:00+00,Thu 11 Mar 2021,18480,2101,3,449475,172302,64,449539,172366,9.54656781287038,3.66042480771015,185
-7.6926,53.28823,2021/03/12 00:00:00+00,Fri 12 Mar 2021,17326,1338,4,466801,173640,68,466869,173708,9.91459376878753,3.68892399021684,186
-7.6926,53.28823,2021/03/13 00:00:00+00,Sat 13 Mar 2021,8307,175,0,475108,173815,68,475176,173883,10.0910041332309,3.69264035157203,187
-7.6926,53.28823,2021/03/14 00:00:00+00,Sun 14 Mar 2021,383,20,2,475491,173835,70,475561,173905,10.0991801282123,3.69310755128526,188
-7.6926,53.28823,2021/03/15 00:00:00+00,Mon 15 Mar 2021,2652,992,0,478143,174827,70,478213,174897,10.1554989300065,3.71417401108155,189
-7.6926,53.28823,2021/03/16 00:00:00+00,Tue 16 Mar 2021,8943,3824,2,487086,178651,72,487158,178723,10.3454580861334,3.79542428848138,190
-7.6926,53.28823,2021/03/17 00:00:00+00,Wed 17 Mar 2021,4900,2415,6,491986,181066,78,492064,181144,10.4496436221824,3.84683749328666,191
-7.6926,53.28823,2021/03/18 00:00:00+00,Thu 18 Mar 2021,11730,4682,5,503716,185748,83,503799,185831,10.6988521964864,3.94637226855404,192
-7.6926,53.28823,2021/03/19 00:00:00+00,Fri 19 Mar 2021,10368,6129,2,514084,191877,85,514169,191962,10.9190731522198,4.07657233408942,193
-7.6926,53.28823,2021/03/20 00:00:00+00,Sat 20 Mar 2021,5240,3117,4,519324,194994,89,519413,195083,11.030436574772,4.14285098431547,194
-7.6926,53.28823,2021/03/21 00:00:00+00,Sun 21 Mar 2021,3638,55,3,522962,195049,92,523054,195141,11.1077581273106,4.14408269265033,195
-7.6926,53.28823,2021/03/22 00:00:00+00,Mon 22 Mar 2021,7413,2404,1,530375,197453,93,530468,197546,11.2652044306672,4.19515611584599,196
-7.6926,53.28823,2021/03/23 00:00:00+00,Tue 23 Mar 2021,12562,7393,4,542937,204846,97,543034,204943,11.5320604123207,4.35224140124237,197
-7.6926,53.28823,2021/03/24 00:00:00+00,Wed 24 Mar 2021,13621,9779,2,556558,214625,99,556657,214724,11.8213632165596,4.55995414647178,198
-7.6926,53.28823,2021/03/25 00:00:00+00,Thu 25 Mar 2021,20870,10227,3,577428,224852,102,577530,224954,12.2646295626565,4.77720201312109,199
-7.6926,53.28823,2021/03/26 00:00:00+00,Fri 26 Mar 2021,19698,9498,1,597126,234350,103,597229,234453,12.6829644331477,4.97892610748099,200
-7.6926,53.28823,2021/03/27 00:00:00+00,Sat 27 Mar 2021,11752,5352,3,608878,239702,106,608984,239808,12.9325977344636,5.09264676494991,201
-7.6926,53.28823,2021/03/28 00:00:00+00,Sun 28 Mar 2021,2491,483,0,611369,240185,106,611475,240291,12.985497483811,5.10290392229025,202
-7.6926,53.28823,2021/03/28 23:00:00+00,Mon 29 Mar 2021,9272,3120,3,620641,243305,109,620750,243414,13.1824646356363,5.1692250452175,203
-7.6926,53.28823,2021/03/29 23:00:00+00,Tue 30 Mar 2021,13323,8669,4,633964,251974,113,634077,252087,13.4654814800972,5.35340791398089,204
-7.6926,53.28823,2021/03/30 23:00:00+00,Wed 31 Mar 2021,15837,10514,4,649801,262488,117,649918,262605,13.8018865099693,5.57677184960332,205
-7.6926,53.28823,2021/03/31 23:00:00+00,Thu 01 Apr 2021,19701,11578,8,669502,274066,125,669627,274191,14.2204337439665,5.82281620766772,206
-7.6926,53.28823,2021/04/01 23:00:00+00,Fri 02 Apr 2021,20139,13723,9,689641,287789,134,689775,287923,14.6483037358776,6.11443377412211,207
-7.6926,53.28823,2021/04/02 23:00:00+00,Sat 03 Apr 2021,7548,4636,6,697189,292425,140,697329,292565,14.8087231283183,6.21301291361244,208
-7.6926,53.28823,2021/04/03 23:00:00+00,Sun 04 Apr 2021,3038,169,3,700227,292594,143,700370,292737,14.8733028704963,6.21666556591583,209
-7.6926,53.28823,2021/04/04 23:00:00+00,Mon 05 Apr 2021,3431,607,4,703658,293201,147,703805,293348,14.9462497348111,6.2296409761331,210
-7.6926,53.28823,2021/04/05 23:00:00+00,Tue 06 Apr 2021,11990,8150,11,715648,301351,158,715806,301509,15.2011071783749,6.40295083338872,211
-7.6926,53.28823,2021/04/06 23:00:00+00,Wed 07 Apr 2021,18361,10468,10,734009,311819,168,734177,311987,15.5912401752678,6.62546531498711,212
-7.6926,53.28823,2021/04/07 23:00:00+00,Thu 08 Apr 2021,20179,10573,16,754188,322392,184,754372,322576,16.0201082756572,6.85033703150222,213
-7.6926,53.28823,2021/04/08 23:00:00+00,Fri 09 Apr 2021,20676,9157,16,774864,331549,200,775064,331749,16.4595308422953,7.04513807556616,214
-7.6926,53.28823,2021/04/09 23:00:00+00,Sat 10 Apr 2021,11171,4169,12,786035,335718,212,786247,335930,16.6970169510674,7.13392725742938,215
-7.6926,53.28823,2021/04/10 23:00:00+00,Sun 11 Apr 2021,2860,362,8,788895,336080,220,789115,336300,16.7579228045914,7.14178470715179,216
-7.6926,53.28823,2021/04/11 23:00:00+00,Mon 12 Apr 2021,7777,2796,13,796672,338876,233,796905,339109,16.923353975774,7.20143761599029,217
-7.6926,53.28823,2021/04/12 23:00:00+00,Tue 13 Apr 2021,11516,8597,1,808188,347473,234,808422,347707,17.1679330256469,7.3840277584586,218
-7.6926,53.28823,2021/04/13 23:00:00+00,Wed 14 Apr 2021,20356,6598,2,828544,354071,236,828780,354307,17.6002626511842,7.52418767242589,219
-7.6926,53.28823,2021/04/14 23:00:00+00,Thu 15 Apr 2021,27126,10808,1,855670,364879,237,855907,365116,18.1763411339404,7.75373138607324,220
-7.6926,53.28823,2021/04/15 23:00:00+00,Fri 16 Apr 2021,27971,9832,1,883641,374711,238,883879,374949,18.7703643329545,7.96254842153391,221
-7.6926,53.28823,2021/04/16 23:00:00+00,Sat 17 Apr 2021,15844,4554,3,899485,379265,241,899726,379506,19.1068967809303,8.05932247122315,222
-7.6926,53.28823,2021/08/06 23:00:00+00,Sat 07 Aug 2021,6326,8454,583,3257678,2744534,227790,3485468,2972324,74.0186204569341,63.1213145640804,223
-7.6926,53.28823,2021/08/07 23:00:00+00,Sun 08 Aug 2021,8624,11974,153,3266302,2756508,227943,3494245,2984451,74.20501190616,63.37884778782,224
-7.6926,53.28823,2021/08/08 23:00:00+00,Mon 09 Aug 2021,5531,23028,600,3271833,2779536,228543,3500376,3008079,74.3352119716953,63.8806202798229,225
-7.6926,53.28823,2021/08/09 23:00:00+00,Tue 10 Aug 2021,9346,25999,714,3281179,2805535,229257,3510436,3034792,74.5488496587425,64.4479069134302,226
-7.6926,53.28823,2021/08/10 23:00:00+00,Wed 11 Aug 2021,7007,31234,664,3288186,2836769,229921,3518107,3066690,74.7117537042035,65.1253040249043,227
-7.6926,53.28823,2021/08/11 23:00:00+00,Thu 12 Aug 2021,6762,38284,862,3294948,2875053,230783,3525731,3105836,74.8736596411864,65.9566222055352,228
-7.6926,53.28823,2021/08/12 23:00:00+00,Fri 13 Aug 2021,10921,28240,870,3305869,2903293,231653,3537522,3134946,75.124057451124,66.5748123715334,229
-7.6926,53.28823,2021/08/13 23:00:00+00,Sat 14 Aug 2021,18129,5838,279,3323998,2909131,231932,3555930,3141063,75.5149761929892,66.7047151281603,230
-7.6926,53.28823,2021/08/14 23:00:00+00,Sun 15 Aug 2021,16997,3724,50,3340995,2912855,231982,3572977,3144837,75.8769922616862,66.7848611153289,231
-7.6926,53.28823,2021/08/15 23:00:00+00,Mon 16 Aug 2021,10180,23150,384,3351175,2936005,232366,3583541,3168371,76.1013330694363,67.2846373903753,232
-7.6926,53.28823,2021/08/16 23:00:00+00,Tue 17 Aug 2021,12863,26858,528,3364038,2962863,232894,3596932,3195757,76.3857090403357,67.8662160879372,233
-7.6926,53.28823,2021/08/17 23:00:00+00,Wed 18 Aug 2021,15227,25765,658,3379265,2988628,233552,3612817,3222180,76.7230484696343,68.4273441798702,234
-7.6926,53.28823,2021/08/18 23:00:00+00,Thu 19 Aug 2021,11359,25696,544,3390624,3014324,234096,3624720,3248420,76.9758247508392,68.9845860196432,235
-7.6926,53.28823,2021/08/19 23:00:00+00,Fri 20 Aug 2021,14839,22249,686,3405463,3036573,234782,3640245,3271355,77.3055190939214,69.4716417206796,236
-7.6926,53.28823,2021/08/20 23:00:00+00,Sat 21 Aug 2021,11884,7970,245,3417347,3044543,235027,3652374,3279570,77.5630947903622,69.6460983408676,237
-7.6926,53.28823,2021/08/21 23:00:00+00,Sun 22 Aug 2021,8004,12251,161,3425351,3056794,235188,3660539,3291982,77.7364895930202,69.9096839245286,238
-7.6926,53.28823,2021/08/22 23:00:00+00,Mon 23 Aug 2021,10863,15368,289,3436214,3072162,235477,3671691,3307639,77.9733173749237,70.2421814658901,239
-7.6926,53.28823,2021/08/23 23:00:00+00,Tue 24 Aug 2021,9707,22917,383,3445921,3095079,235860,3681781,3330939,78.1875921524889,70.7369884348958,240
-7.6926,53.28823,2021/08/24 23:00:00+00,Wed 25 Aug 2021,9414,19516,314,3455335,3114595,236174,3691509,3350769,78.3941793711364,71.1581052673157,241
-7.6926,53.28823,2021/08/25 23:00:00+00,Thu 26 Aug 2021,8579,19430,368,3463914,3134025,236542,3700456,3370567,78.5841809999645,71.5785425365164,242
-7.6926,53.28823,2021/08/26 23:00:00+00,Fri 27 Aug 2021,9721,19204,430,3473635,3153229,236972,3710607,3390201,78.7997511949164,71.9954970442185,243
-7.6926,53.28823,2021/08/27 23:00:00+00,Sat 28 Aug 2021,9918,7915,153,3483553,3161144,237125,3720678,3398269,79.0136224818201,72.1668319208683,244
-7.6926,53.28823,2021/08/28 23:00:00+00,Sun 29 Aug 2021,8797,9185,30,3492350,3170329,237155,3729505,3407484,79.201075748576,72.3625248916575,245
-7.6926,53.28823,2021/08/29 23:00:00+00,Mon 30 Aug 2021,5058,11125,84,3497408,3181454,237239,3734647,3418693,79.3102730633669,72.6005631455452,246
-7.6926,53.28823,2021/08/30 23:00:00+00,Tue 31 Aug 2021,4059,12886,142,3501467,3194340,237381,3738848,3431721,79.3994869722422,72.8772303211764,247
-7.6926,53.28823,2021/08/31 23:00:00+00,Wed 01 Sep 2021,4960,12520,180,3506427,3206860,237561,3743988,3444421,79.5086418143319,73.1469319738105,248
-7.6926,53.28823,2021/09/01 23:00:00+00,Thu 02 Sep 2021,5006,12351,247,3511433,3219211,237808,3749241,3457019,79.6201963640395,73.4144675186832,249
-7.6926,53.28823,2021/09/02 23:00:00+00,Fri 03 Sep 2021,4774,16063,165,3516207,3235274,237973,3754180,3473247,79.7250826996583,73.759091016238,250
-7.6926,53.28823,2021/09/03 23:00:00+00,Sat 04 Sep 2021,4628,10579,133,3520835,3245853,238106,3758941,3483959,79.8261889648702,73.986574803877,251
-7.6926,53.28823,2021/09/04 23:00:00+00,Sun 05 Sep 2021,5305,11898,1,3526140,3257751,238107,3764247,3495858,79.9388690411596,74.2392661396795,252
-7.6926,53.28823,2021/09/05 23:00:00+00,Mon 06 Sep 2021,2153,9665,75,3528293,3267416,238182,3766475,3505598,79.9861836302989,74.4461081945343,253
-7.6926,53.28823,2021/09/06 23:00:00+00,Tue 07 Sep 2021,3027,10012,158,3531320,3277428,238340,3769660,3515768,80.0538214069634,74.6620818801476,254
-7.6926,53.28823,2021/09/07 23:00:00+00,Wed 08 Sep 2021,2610,14811,187,3533930,3292239,238527,3772457,3530766,80.1132194795947,74.9805846664629,255
-7.6926,53.28823,2021/09/08 23:00:00+00,Thu 09 Sep 2021,3114,14809,138,3537044,3307048,238665,3775709,3545713,80.1822800917495,75.2980043988977,256
-7.6926,53.28823,2021/09/09 23:00:00+00,Fri 10 Sep 2021,3375,13944,115,3540419,3320992,238780,3779199,3559772,80.2563949553474,75.5965662519986,257
-7.6926,53.28823,2021/09/10 23:00:00+00,Sat 11 Sep 2021,2557,11328,62,3542976,3332320,238842,3781818,3571162,80.3120129575717,75.8384482853452,258
-7.6926,53.28823,2021/09/11 23:00:00+00,Sun 12 Sep 2021,2041,12880,1,3545017,3345200,238843,3783860,3584043,80.3553775854991,76.111993717438,259
-7.6926,53.28823,2021/09/12 23:00:00+00,Mon 13 Sep 2021,1612,7735,52,3546629,3352935,238895,3785524,3591830,80.3907148728994,76.2773611795688,260
-7.6926,53.28823,2021/09/13 23:00:00+00,Tue 14 Sep 2021,1546,10783,82,3548175,3363718,238977,3787152,3602695,80.425287651678,76.5080941288499,261
-7.6926,53.28823,2021/09/14 23:00:00+00,Wed 15 Sep 2021,3280,12396,138,3551455,3376114,239115,3790570,3615229,80.4978734980326,76.7742705472841,262
-7.6926,53.28823,2021/09/15 23:00:00+00,Thu 16 Sep 2021,1912,10590,115,3553367,3386704,239230,3792597,3625934,80.540919580701,77.001605680469,263
-7.6926,53.28823,2021/09/16 23:00:00+00,Fri 17 Sep 2021,2559,14614,94,3555926,3401318,239324,3795250,3640642,80.5972596188457,77.31394992511,264
-7.6926,53.28823,2021/09/17 23:00:00+00,Sat 18 Sep 2021,2287,11229,47,3558213,3412547,239371,3797584,3651918,80.6468252611487,77.5534110144881,265
-7.6926,53.28823,2021/09/18 23:00:00+00,Sun 19 Sep 2021,1861,8490,15,3560074,3421037,239386,3799460,3660423,80.6866646548764,77.7340261763505,266
-7.6926,53.28823,2021/09/19 23:00:00+00,Mon 20 Sep 2021,952,5614,35,3561026,3426651,239421,3800447,3666072,80.7076249329197,77.8539903208961,267
-7.6926,53.28823,2021/09/20 23:00:00+00,Tue 21 Sep 2021,1463,6666,90,3562489,3433317,239511,3802000,3672828,80.7406049854032,77.9974631055572,268
-7.6926,53.28823,2021/09/21 23:00:00+00,Wed 22 Sep 2021,1895,8153,97,3564384,3441470,239608,3803992,3681078,80.7829077958006,78.1726629980163,269
-7.6926,53.28823,2021/09/22 23:00:00+00,Thu 23 Sep 2021,1700,8735,89,3566084,3450205,239697,3805781,3689902,80.820899627026,78.3600525557205,270
-7.6926,53.28823,2021/09/23 23:00:00+00,Fri 24 Sep 2021,1909,7385,79,3567993,3457590,239776,3807769,3697366,80.863117492021,78.5185606766071,271
-7.6926,53.28823,2021/09/24 23:00:00+00,Sat 25 Sep 2021,2421,6597,52,3570414,3464187,239828,3810242,3704015,80.9156349870575,78.6597611717539,272
-7.6926,53.28823,2021/09/25 23:00:00+00,Sun 26 Sep 2021,1548,7097,0,3571962,3471284,239828,3811790,3711112,80.948508857788,78.8104755519699,273
-7.6926,53.28823,2021/09/26 23:00:00+00,Mon 27 Sep 2021,1178,3820,45,3573140,3475104,239873,3813013,3714977,80.9744809145732,78.8925540470432,274
-7.6926,53.28823,2021/09/27 23:00:00+00,Tue 28 Sep 2021,1448,5130,93,3574588,3480234,239966,3814554,3720200,81.0072061308495,79.0034715062328,275
-7.6926,53.28823,2021/09/28 23:00:00+00,Wed 29 Sep 2021,1652,3620,79,3576240,3483854,240045,3816285,3723899,81.04396625374,79.0820247671062,276
-7.6926,53.28823,2021/09/29 23:00:00+00,Thu 30 Sep 2021,1280,3963,78,3577520,3487817,240123,3817643,3727940,81.0728052178563,79.1678408598853,277
-7.6926,53.28823,2021/09/30 23:00:00+00,Fri 01 Oct 2021,1847,5180,41,3579367,3492997,240164,3819531,3733161,81.1128994477912,79.2787158463737,278
-7.6926,53.28823,2021/10/01 23:00:00+00,Sat 02 Oct 2021,1711,4087,40,3581078,3497084,240204,3821282,3737288,81.1500842976937,79.3663582653045,279
-7.6926,53.28823,2021/10/02 23:00:00+00,Sun 03 Oct 2021,1196,3017,9,3582274,3500101,240213,3822487,3740314,81.175674100168,79.4306194622234,280
-7.6926,53.28823,2021/10/03 23:00:00+00,Mon 04 Oct 2021,336,1236,18,3582610,3501337,240231,3822841,3741568,81.1831917682808,79.4572498458772,281
-7.6926,53.28823,2021/10/04 23:00:00+00,Tue 05 Oct 2021,963,2820,70,3583573,3504157,240301,3823874,3744458,81.2051289184518,79.5186228991144,282
-7.6926,53.28823,2021/10/05 23:00:00+00,Wed 06 Oct 2021,981,2573,40,3584554,3506730,240341,3824895,3747071,81.2268112324155,79.5741134832351,283
-7.6926,53.28823,2021/10/06 23:00:00+00,Thu 07 Oct 2021,1214,2697,44,3585768,3509427,240385,3826153,3749812,81.2535265614717,79.6323223202327,284
-7.6926,53.28823,2021/10/07 23:00:00+00,Fri 08 Oct 2021,962,2788,48,3586730,3512215,240433,3827163,3752648,81.2749752755788,79.6925486105374,285
-7.6926,53.28823,2021/10/08 23:00:00+00,Sat 09 Oct 2021,732,2379,23,3587462,3514594,240456,3827918,3755050,81.2910087202826,79.7435583246813,286
-7.6926,53.28823,2021/10/09 23:00:00+00,Sun 10 Oct 2021,1503,3915,1,3588965,3518509,240457,3829422,3758966,81.3229481915867,79.8267198736352,287
-7.6926,53.28823,2021/10/10 23:00:00+00,Mon 11 Oct 2021,332,1126,19,3589297,3519635,240476,3829773,3760111,81.3304021506477,79.8510354950735,288
-7.6926,53.28823,2021/10/11 23:00:00+00,Tue 12 Oct 2021,559,1608,20,3589856,3521243,240496,3830352,3761739,81.3426979976457,79.8856082738521,289
-7.6926,53.28823,2021/10/12 23:00:00+00,Wed 13 Oct 2021,996,2074,11,3590852,3523317,240507,3831359,3763824,81.3640830027011,79.9298860648554,290
-7.6926,53.28823,2021/10/13 23:00:00+00,Thu 14 Oct 2021,683,1600,8,3591535,3524917,240515,3832050,3765432,81.3787573209664,79.964034116622,291
-7.6926,53.28823,2021/10/14 23:00:00+00,Fri 15 Oct 2021,949,2067,8,3592484,3526984,240523,3833007,3767507,81.3990805084917,80.0080995441193,292
-7.6926,53.28823,2021/10/15 23:00:00+00,Sat 16 Oct 2021,1369,2641,14,3593853,3529625,240537,3834390,3770162,81.428450381373,80.0644820549652,293
-7.6926,53.28823,2021/10/16 23:00:00+00,Sun 17 Oct 2021,1702,2891,2,3595555,3532516,240539,3836094,3773055,81.4646371227973,80.1259188172542,294
-7.6926,53.28823,2021/10/17 23:00:00+00,Mon 18 Oct 2021,670,1244,6,3596225,3533760,240545,3836770,3774305,81.4789928958036,80.1524642555056,295
-7.6926,53.28823,2021/10/18 23:00:00+00,Tue 19 Oct 2021,1334,1794,13,3597559,3535554,240558,3838117,3776112,81.5075982600633,80.1908383410418,296
-7.6926,53.28823,2021/10/19 23:00:00+00,Wed 20 Oct 2021,2253,2323,0,3599812,3537877,240558,3840370,3778435,81.5554437579676,80.2401703834881,297
-7.6926,53.28823,2021/10/20 23:00:00+00,Thu 21 Oct 2021,1739,1835,11,3601551,3539712,240569,3842120,3780281,81.5926073715195,80.2793726866978,298
-7.6926,53.28823,2021/10/21 23:00:00+00,Fri 22 Oct 2021,1503,1921,3,3603054,3541633,240572,3843626,3782205,81.6245893155248,80.3202314252543,299
-7.6926,53.28823,2021/10/22 23:00:00+00,Sat 23 Oct 2021,2012,1697,1,3605066,3543330,240573,3845639,3783903,81.6673380892848,80.356290748575,300
-7.6926,53.28823,2021/10/23 23:00:00+00,Sun 24 Oct 2021,1948,2184,2,3607014,3545514,240575,3847589,3786089,81.708748972957,80.402713410989,301
-7.6926,53.28823,2021/10/24 23:00:00+00,Mon 25 Oct 2021,1219,847,2,3608233,3546361,240577,3848810,3786938,81.7346785570409,80.4207430726493,302
-7.6926,53.28823,2021/10/25 23:00:00+00,Tue 26 Oct 2021,1240,1220,6,3609473,3547581,240583,3850056,3788164,81.7611390498899,80.4467788384863,303
-7.6926,53.28823,2021/10/26 23:00:00+00,Wed 27 Oct 2021,1556,1418,5,3611029,3548999,240588,3851617,3789587,81.7942889931782,80.4769981653917,304
-7.6926,53.28823,2021/10/27 23:00:00+00,Thu 28 Oct 2021,2152,1687,4,3613181,3550686,240592,3853773,3791278,81.8400745650742,80.5129088342581,305
-7.6926,53.28823,2021/10/28 23:00:00+00,Fri 29 Oct 2021,2132,1359,1,3615313,3552045,240593,3855906,3792638,81.8853717009064,80.5417902710756,306
-7.6926,53.28823,2021/10/29 23:00:00+00,Sat 30 Oct 2021,2014,1446,1,3617327,3553491,240594,3857921,3794085,81.9281629473676,80.5725192703954,307
-7.6926,53.28823,2021/10/30 23:00:00+00,Sun 31 Oct 2021,1594,1319,0,3618921,3554810,240594,3859515,3795404,81.9620136902258,80.6005300168383,308
-7.6926,53.28823,2021/11/01 00:00:00+00,Mon 01 Nov 2021,266,276,2,3619187,3555086,240596,3859783,3795682,81.9677050321869,80.6064337223054,309
-7.6926,53.28823,2021/11/02 00:00:00+00,Tue 02 Nov 2021,1096,1089,10,3620283,3556175,240606,3860889,3796781,81.9911924359517,80.629772471616,310
-7.6926,53.28823,2021/11/03 00:00:00+00,Wed 03 Nov 2021,2532,1872,6,3622815,3558047,240612,3863427,3798659,82.0450902937773,80.6696543380449,311
-7.6926,53.28823,2021/11/04 00:00:00+00,Thu 04 Nov 2021,1535,1275,1,3624350,3559322,240613,3864963,3799935,82.0777093283006,80.6967519214119,312
-7.6926,53.28823,2021/11/05 00:00:00+00,Fri 05 Nov 2021,1630,1088,3,3625980,3560410,240616,3866596,3801026,82.1123882888322,80.7199207799177,313
-7.6926,53.28823,2021/11/06 00:00:00+00,Sat 06 Nov 2021,1813,1348,5,3627793,3561758,240621,3868414,3802379,82.150995974225,80.748653562281,314
-7.6926,53.28823,2021/11/07 00:00:00+00,Sun 07 Nov 2021,693,774,0,3628486,3562532,240621,3869107,3803153,82.1657127651916,80.7650904976463,315
-7.6926,53.28823,2021/11/08 00:00:00+00,Mon 08 Nov 2021,517,529,3,3629003,3563061,240624,3869627,3803685,82.1767556675042,80.7763882361661,316
-7.6926,53.28823,2021/11/09 00:00:00+00,Tue 09 Nov 2021,1369,1058,3,3630372,3564119,240627,3870999,3804746,82.2058919405289,80.7989200041538,317
-7.6926,53.28823,2021/11/10 00:00:00+00,Wed 10 Nov 2021,1617,1357,1,3631989,3565476,240628,3872617,3806104,82.2402523558015,80.8277589682701,318
-7.6926,53.28823,2021/11/11 00:00:00+00,Thu 11 Nov 2021,1387,1108,2,3633376,3566584,240630,3874006,3807214,82.2697496467864,80.8513313174374,319
-7.6926,53.28823,2021/11/12 00:00:00+00,Fri 12 Nov 2021,1145,1154,6,3634521,3567738,240636,3875157,3808374,82.2941926863283,80.8759654841346,320
-7.6926,53.28823,2021/11/13 00:00:00+00,Sat 13 Nov 2021,1400,1370,0,3635921,3569108,240636,3876557,3809744,82.3239235771698,80.9050592844582,321
-7.6926,53.28823,2021/11/14 00:00:00+00,Sun 14 Nov 2021,1647,1803,0,3637568,3570911,240636,3878204,3811547,82.3588998466098,80.943348424592,322
-7.6926,53.28823,2021/11/15 00:00:00+00,Mon 15 Nov 2021,1245,586,1,3638813,3571497,240637,3879450,3812134,82.3853603394588,80.9558141623948,323
-7.6926,53.28823,2021/11/16 00:00:00+00,Tue 16 Nov 2021,1318,1066,5,3640131,3572563,240642,3880773,3813205,82.4134560313041,80.9785582938886,324
-7.6926,53.28823,2021/11/17 00:00:00+00,Wed 17 Nov 2021,1509,1108,0,3641640,3573671,240642,3882282,3814313,82.4455016843611,81.0020881703546,325
-7.6926,53.28823,2021/11/18 00:00:00+00,Thu 18 Nov 2021,1653,2501,5,3643293,3576172,240647,3883940,3816819,82.4807115536578,81.055306464961,326
-7.6926,53.28823,2021/11/19 00:00:00+00,Fri 19 Nov 2021,1169,1549,0,3644462,3577721,240647,3885109,3818368,82.5055368475105,81.0882015720421,327
-7.6926,53.28823,2021/11/20 00:00:00+00,Sat 20 Nov 2021,1544,2935,12,3646006,3580656,240659,3886665,3821315,82.5385806090458,81.1507850972636,328
-7.6926,53.28823,2021/11/21 00:00:00+00,Sun 21 Nov 2021,1785,2761,0,3647791,3583417,240659,3888450,3824076,82.5764874948688,81.2094186612732,329
-7.6926,53.28823,2021/11/22 00:00:00+00,Mon 22 Nov 2021,716,509,2,3648507,3583926,240661,3889168,3824587,82.5917351946004,81.2202704364304,330
-7.6926,53.28823,2021/11/23 00:00:00+00,Tue 23 Nov 2021,2158,1587,7,3650665,3585513,240668,3891333,3826181,82.6377118936518,81.2541211792885,331
-7.6926,53.28823,2021/11/24 00:00:00+00,Wed 24 Nov 2021,1624,3138,2,3652289,3588651,240670,3892959,3829321,82.6722421997292,81.320803320176,332
-7.6926,53.28823,2021/11/25 00:00:00+00,Thu 25 Nov 2021,986,1178,1,3653275,3589829,240671,3893946,3830500,82.6932024777724,81.3458409775347,333
-7.6926,53.28823,2022/03/18 00:00:00+00,Fri 18 Mar 2022,1,6,0,3832112,3766480,240759,4072871,4007239,86.4929165090752,85.0991323464235,334
-7.6926,53.28823,2021/04/17 23:00:00+00,Sun 18 Apr 2021,1072,485,0,900557,379750,241,900798,379991,19.1296621487746,8.06962210126469,335
-7.6926,53.28823,2022/03/19 00:00:00+00,Sat 19 Mar 2022,743,2779,0,3832855,3769259,240759,4073614,4010018,86.5086951175719,85.158148164744,336
-7.6926,53.28823,2021/04/18 23:00:00+00,Mon 19 Apr 2021,6741,2257,0,907298,382007,241,907539,382248,19.2728163881767,8.11755254457138,337
-7.6926,53.28823,2022/03/20 00:00:00+00,Sun 20 Mar 2022,394,1402,0,3833249,3770661,240759,4074008,4011420,86.5170622397087,85.1879215282867,338
-7.6926,53.28823,2021/04/19 23:00:00+00,Tue 20 Apr 2021,15089,7315,1,922387,389322,242,922629,389564,19.5932729187474,8.27291768556907,339
-7.6926,53.28823,2022/03/21 00:00:00+00,Mon 21 Mar 2022,54,112,0,3833303,3770773,240759,4074062,4011532,86.5182090026412,85.190299999554,340
-7.6926,53.28823,2021/04/20 23:00:00+00,Wed 21 Apr 2021,26718,9878,4,949105,399200,246,949351,399446,20.1607506795101,8.4827753022092,341
-7.6926,53.28823,2022/03/22 00:00:00+00,Tue 22 Mar 2022,138,575,0,3833441,3771348,240759,4074200,4012107,86.5211396190241,85.2025109011497,342
-7.6926,53.28823,2021/04/21 23:00:00+00,Thu 22 Apr 2021,31624,12179,1,980729,411379,247,980976,411626,20.8323502672701,8.74143405253066,343
-7.6926,53.28823,2022/03/23 00:00:00+00,Wed 23 Mar 2022,101,221,0,3833542,3771569,240759,4074301,4012328,86.5232844904348,85.2072041346325,344
-7.6926,53.28823,2021/04/22 23:00:00+00,Fri 23 Apr 2021,33612,12351,3,1014341,423730,250,1014591,423980,21.5462101927263,9.00378792785672,345
-7.6926,53.28823,2022/03/24 00:00:00+00,Thu 24 Mar 2022,148,243,0,3833690,3771812,240759,4074449,4012571,86.5264274703238,85.2123645678286,346
-7.6926,53.28823,2021/04/23 23:00:00+00,Sat 24 Apr 2021,23699,6992,2,1038040,430722,252,1038292,430974,22.0495329383231,9.15231496396085,347
-7.6926,53.28823,2022/03/25 00:00:00+00,Fri 25 Mar 2022,435,1625,0,3834125,3773437,240759,4074884,4014196,86.5356652828353,85.2468736375554,348
-7.6926,53.28823,2021/04/24 23:00:00+00,Sun 25 Apr 2021,9749,299,2,1047789,431021,254,1048043,431275,22.2566085930344,9.15870710549178,349
-7.6926,53.28823,2022/03/26 00:00:00+00,Sat 26 Mar 2022,874,1848,0,3834999,3775285,240759,4075758,4016044,86.5542258532606,85.2861184134662,350
-7.6926,53.28823,2021/04/25 23:00:00+00,Mon 26 Apr 2021,15593,3054,3,1063382,434075,257,1063639,434332,22.5878107170093,9.22362662927936,351
-7.6926,53.28823,2022/03/27 00:00:00+00,Sun 27 Mar 2022,380,802,0,3835379,3776087,240759,4076138,4016846,86.5622956664891,85.3031499666483,352
-7.6926,53.28823,2021/04/26 23:00:00+00,Tue 27 Apr 2021,25918,7807,9,1089300,441882,266,1089566,442148,23.1384055790441,9.3896099455776,353
-7.6926,53.28823,2022/03/27 23:00:00+00,Mon 28 Mar 2022,45,51,0,3835424,3776138,240759,4076183,4016897,86.5632513022661,85.304233020529,354
-7.6926,53.28823,2021/04/27 23:00:00+00,Wed 28 Apr 2021,26036,8604,5,1115336,450486,271,1115607,450757,23.6914213850475,9.57243368790252,355
-7.6926,53.28823,2022/03/28 23:00:00+00,Tue 29 Mar 2022,140,192,3,3835564,3776330,240762,4076326,4017092,86.5662881004021,85.3083741088962,356
-7.6926,53.28823,2021/04/28 23:00:00+00,Thu 29 Apr 2021,31694,11331,6,1147030,461817,277,1147307,462094,24.3646136991026,9.81319019466726,357
-7.6926,53.28823,2022/03/29 23:00:00+00,Wed 30 Mar 2022,109,135,0,3835673,3776465,240762,4076435,4017227,86.5686028626176,85.3112410162273,358
-7.6926,53.28823,2021/04/29 23:00:00+00,Fri 30 Apr 2021,36112,13526,8,1183142,475343,285,1183427,475628,25.1316706828145,10.1006029637026,359
-7.6926,53.28823,2022/03/30 23:00:00+00,Thu 31 Mar 2022,228,357,0,3835901,3776822,240762,4076663,4017584,86.5734447505546,85.3188223933919,360
-7.6926,53.28823,2021/04/30 23:00:00+00,Sat 01 May 2021,16578,6691,18,1199720,482034,303,1200023,482337,25.4841091573904,10.2430776398854,361
-7.6926,53.28823,2022/03/31 23:00:00+00,Fri 01 Apr 2022,308,902,0,3836209,3777724,240762,4076971,4018486,86.5799855465398,85.3379775816341,362
-7.6926,53.28823,2021/05/01 23:00:00+00,Sun 02 May 2021,12464,909,15,1212184,482943,318,1212502,483261,25.7491175765416,10.2627000278409,363
-7.6926,53.28823,2022/04/01 23:00:00+00,Sat 02 Apr 2022,730,1539,0,3836939,3779263,240762,4077701,4020025,86.5954880824786,85.3706603252092,364
-7.6926,53.28823,2021/05/02 23:00:00+00,Mon 03 May 2021,14260,922,21,1226444,483865,339,1226783,484204,26.052393899476,10.2827259064577,365
-7.6926,53.28823,2022/04/02 23:00:00+00,Sun 03 Apr 2022,537,816,0,3837476,3780079,240762,4078238,4020841,86.6068920027514,85.3879891872997,366
-7.6926,53.28823,2021/05/03 23:00:00+00,Tue 04 May 2021,26661,6789,10,1253105,490654,349,1253454,491003,26.6187886063581,10.4271118541946,367
-7.6926,53.28823,2022/04/03 23:00:00+00,Mon 04 Apr 2022,49,52,0,3837525,3780131,240762,4078287,4020893,86.6079325839308,85.389093477531,368
-7.6926,53.28823,2021/05/04 23:00:00+00,Wed 05 May 2021,32108,13458,69,1285213,504112,418,1285631,504530,27.3021106596499,10.7143759687758,369
-7.6926,53.28823,2022/04/04 23:00:00+00,Tue 05 Apr 2022,130,166,0,3837655,3780297,240762,4078417,4021059,86.610693309509,85.3926187117308,370
-7.6926,53.28823,2021/05/05 23:00:00+00,Thu 06 May 2021,37284,14377,132,1322497,518489,550,1323047,519039,28.0966899537409,11.0224941796472,371
-7.6926,53.28823,2022/04/05 23:00:00+00,Wed 06 Apr 2022,159,209,0,3837814,3780506,240762,4078576,4021268,86.6140698892546,85.3970571090064,372
-7.6926,53.28823,2021/05/06 23:00:00+00,Fri 07 May 2021,40599,15070,97,1363096,533559,647,1363743,534206,28.9609244778034,11.3445859092142,373
-7.6926,53.28823,2022/04/06 23:00:00+00,Thu 07 Apr 2022,120,177,0,3837934,3780683,240762,4078696,4021445,86.6166182513267,85.4008159430628,374
-7.6926,53.28823,2021/05/07 23:00:00+00,Sat 08 May 2021,25619,7044,10,1388715,540603,657,1389372,541260,29.5051909073592,11.4943871263544,375
-7.6926,53.28823,2022/04/07 23:00:00+00,Fri 08 Apr 2022,267,420,2,3838201,3781103,240764,4078965,4021867,86.6223308296384,85.4097776830165,376
-7.6926,53.28823,2021/05/08 23:00:00+00,Sun 09 May 2021,19674,923,5,1408389,541526,662,1409051,542188,29.9231010508383,11.5140944597122,377
-7.6926,53.28823,2022/04/08 23:00:00+00,Sat 09 Apr 2022,561,1018,0,3838762,3782121,240764,4079526,4022885,86.6342444223256,85.4313962879284,378
-7.6926,53.28823,2021/05/09 23:00:00+00,Mon 10 May 2021,28841,4645,171,1437230,546171,833,1438063,547004,30.5392100544776,11.6163687242071,379
-7.6926,53.28823,2021/05/10 23:00:00+00,Tue 11 May 2021,33922,14822,153,1471152,560993,986,1472138,561979,31.2628387012103,11.9343830744587,380
-7.6926,53.28823,2021/05/11 23:00:00+00,Wed 12 May 2021,31294,20938,172,1502446,581931,1158,1503604,583089,31.9310617092247,12.382682435648,381
-7.6926,53.28823,2021/05/12 23:00:00+00,Thu 13 May 2021,36002,25479,152,1538448,607410,1310,1539758,608720,32.698840728857,12.926991337905,382
-7.6926,53.28823,2021/05/13 23:00:00+00,Fri 14 May 2021,38219,27944,236,1576667,635354,1546,1578213,636900,33.5154845912226,13.5254316978441,383
-7.6926,53.28823,2021/05/14 23:00:00+00,Sat 15 May 2021,28860,12447,22,1605527,647801,1568,1607095,649369,34.1288328692837,13.7902277534893,384
-7.6926,53.28823,2021/05/15 23:00:00+00,Sun 16 May 2021,23172,1172,9,1628699,648973,1577,1630276,650550,34.6211127125679,13.8153078835492,385
-7.6926,53.28823,2021/05/16 23:00:00+00,Mon 17 May 2021,35397,3946,117,1664096,652919,1694,1665790,654613,35.3753004678156,13.9015911760415,386
-7.6926,53.28823,2021/05/17 23:00:00+00,Tue 18 May 2021,39010,12495,127,1703106,665414,1821,1704927,667235,36.206427521291,14.1696363933286,387
-7.6926,53.28823,2021/05/18 23:00:00+00,Wed 19 May 2021,37026,17590,209,1740132,683004,2030,1742162,685034,36.9971630359232,14.5476221976777,388
-7.6926,53.28823,2021/05/19 23:00:00+00,Thu 20 May 2021,39085,19644,136,1779217,702648,2166,1781383,704814,37.8300739428492,14.9676772125676,389
-7.6926,53.28823,2021/05/20 23:00:00+00,Fri 21 May 2021,25844,23249,14934,1805061,725897,17100,1822161,742997,38.696049847661,15.7785447875696,390
-7.6926,53.28823,2021/05/21 23:00:00+00,Sat 22 May 2021,16587,10246,13523,1821648,736143,30623,1852271,766766,39.3354763642603,16.2833116050073,391
-7.6926,53.28823,2021/05/22 23:00:00+00,Sun 23 May 2021,8211,5524,10205,1829859,741667,40828,1870687,782495,39.7265649969303,16.6173381636121,392
-7.6926,53.28823,2021/05/23 23:00:00+00,Mon 24 May 2021,22547,8214,8450,1852406,749881,49278,1901684,799159,40.3848281565128,16.9712207100289,393
-7.6926,53.28823,2021/05/24 23:00:00+00,Tue 25 May 2021,30340,16501,3222,1882746,766382,52500,1935246,818882,41.0975625553871,17.3900652529345,394
-7.6926,53.28823,2021/05/25 23:00:00+00,Wed 26 May 2021,19974,25446,3052,1902720,791828,55552,1958272,847380,41.5865507643281,17.9952587723648,395
-7.6926,53.28823,2021/05/26 23:00:00+00,Thu 27 May 2021,17014,36036,550,1919734,827864,56102,1975836,883966,41.9595460262859,18.7722118954568,396
-7.6926,53.28823,2021/05/27 23:00:00+00,Fri 28 May 2021,27041,31822,1558,1946775,859686,57660,2004435,917346,42.5668844171269,19.4810812785217,397
-7.6926,53.28823,2021/05/28 23:00:00+00,Sat 29 May 2021,24472,7383,534,1971247,867069,58194,2029441,925263,43.0979206002582,19.6492094662307,398
-7.6926,53.28823,2021/05/29 23:00:00+00,Sun 30 May 2021,24247,1676,209,1995494,868745,58403,2053897,927148,43.6172767905588,19.6892399871138,399
-7.6926,53.28823,2021/05/30 23:00:00+00,Mon 31 May 2021,22586,7324,3443,2018080,876069,61846,2079926,937915,44.170037760355,19.9178917740359,400
-7.6926,53.28823,2021/05/31 23:00:00+00,Tue 01 Jun 2021,27552,11511,3653,2045632,887580,65499,2111131,953079,44.8327180808625,20.239919794551,401
-7.6926,53.28823,2021/06/01 23:00:00+00,Wed 02 Jun 2021,18692,20898,4008,2064324,908478,69507,2133831,977985,45.3147832395076,20.7688323426222,402
-7.6926,53.28823,2021/06/02 23:00:00+00,Thu 03 Jun 2021,16690,30703,1977,2081014,939181,71484,2152498,1010665,45.7112021961784,21.4628362802663,403
-7.6926,53.28823,2021/06/03 23:00:00+00,Fri 04 Jun 2021,29001,23346,153,2110015,962527,71637,2181652,1034164,46.3303267616031,21.9618692830417,404
-7.6926,53.28823,2021/06/04 23:00:00+00,Sat 05 Jun 2021,20955,11491,33,2130970,974018,71670,2202640,1045688,46.7760352880191,22.2065969873688,405
-7.6926,53.28823,2021/06/05 23:00:00+00,Sun 06 Jun 2021,19937,3906,46,2150907,977924,71716,2222623,1049640,47.200401282081,22.2905230449444,406
-7.6926,53.28823,2021/06/06 23:00:00+00,Mon 07 Jun 2021,19811,4586,45,2170718,982510,71761,2242479,1054271,47.6220702596165,22.3888685845781,407
-7.6926,53.28823,2021/06/07 23:00:00+00,Tue 08 Jun 2021,26401,18352,45,2197119,1000862,71806,2268925,1072668,48.1836867876133,22.7795537265867,408
-7.6926,53.28823,2021/06/08 23:00:00+00,Wed 09 Jun 2021,32792,20114,173,2229911,1020976,71979,2301890,1092955,48.8837430851788,23.2103755712313,409
-7.6926,53.28823,2021/06/09 23:00:00+00,Thu 10 Jun 2021,27689,27485,270,2257600,1048461,72249,2329849,1120710,49.4774902116351,23.799790482165,410
-7.6926,53.28823,2021/06/10 23:00:00+00,Fri 11 Jun 2021,26433,32895,39,2284033,1081356,72288,2356321,1153644,50.0396588847476,24.4991884528618,411
-7.6926,53.28823,2021/06/11 23:00:00+00,Sat 12 Jun 2021,12210,19719,105,2296243,1101075,72393,2368636,1173468,50.3011845424002,24.9201778671781,412
-7.6926,53.28823,2021/06/12 23:00:00+00,Sun 13 Jun 2021,8548,18169,832,2304791,1119244,73225,2378016,1192469,50.5003815110385,25.3236897649497,413
-7.6926,53.28823,2021/06/13 23:00:00+00,Mon 14 Jun 2021,16017,31304,49,2320808,1150548,73274,2394082,1223822,50.8415647197959,25.9895130653462,414
-7.6926,53.28823,2021/06/14 23:00:00+00,Tue 15 Jun 2021,14693,41584,205,2335501,1192132,73479,2408980,1265611,51.1579438710512,26.8769589206158,415
-7.6926,53.28823,2021/06/15 23:00:00+00,Wed 16 Jun 2021,13468,48391,215,2348969,1240523,73694,2422663,1314217,51.4485208563261,27.9091729779331,416
-7.6926,53.28823,2021/06/16 23:00:00+00,Thu 17 Jun 2021,21571,42683,534,2370540,1283206,74228,2444768,1357434,51.9179503863635,28.8269443418611,417
-7.6926,53.28823,2021/06/17 23:00:00+00,Fri 18 Jun 2021,12013,50037,553,2382553,1333243,74781,2457334,1408024,52.184806368017,29.901291318771,418
-7.6926,53.28823,2021/06/18 23:00:00+00,Sat 19 Jun 2021,6308,32800,433,2388861,1366043,75214,2464075,1441257,52.3279606074191,30.6070389582975,419
-7.6926,53.28823,2021/06/19 23:00:00+00,Sun 20 Jun 2021,8514,26138,177,2397375,1392181,75391,2472766,1467572,52.5125257304933,31.1658735243656,420
-7.6926,53.28823,2021/06/20 23:00:00+00,Mon 21 Jun 2021,15468,32340,573,2412843,1424521,75964,2488807,1500485,52.8531780304856,31.8648255316998,421
-7.6926,53.28823,2021/06/21 23:00:00+00,Tue 22 Jun 2021,15139,43544,722,2427982,1468065,76686,2504668,1544751,53.1900077873698,32.8048738274084,422
-7.6926,53.28823,2021/06/22 23:00:00+00,Wed 23 Jun 2021,20083,39388,883,2448065,1507453,77569,2525634,1585022,53.6352491140726,33.6600829024655,423
-7.6926,53.28823,2021/06/23 23:00:00+00,Thu 24 Jun 2021,19020,44270,1032,2467085,1551723,78601,2545686,1630324,54.0610804163259,34.6221320573968,424
-7.6926,53.28823,2021/06/24 23:00:00+00,Fri 25 Jun 2021,15203,50119,843,2482288,1601842,79444,2561732,1681286,54.4018388980713,35.7043789567303,425
-7.6926,53.28823,2021/06/25 23:00:00+00,Sat 26 Jun 2021,9057,30552,510,2491345,1632394,79954,2571299,1712348,54.605007064272,36.3640224791018,426
-7.6926,53.28823,2021/06/26 23:00:00+00,Sun 27 Jun 2021,8726,30473,58,2500071,1662867,80012,2580083,1742879,54.7915471679521,37.0123894993042,427
-7.6926,53.28823,2021/06/27 23:00:00+00,Mon 28 Jun 2021,24226,24638,522,2524297,1687505,80534,2604831,1768039,55.3171043726283,37.546696080428,428
-7.6926,53.28823,2021/06/28 23:00:00+00,Tue 29 Jun 2021,28144,31031,809,2552441,1718536,81343,2633784,1799879,55.9319604315821,38.2228614835672,429
-7.6926,53.28823,2021/06/29 23:00:00+00,Wed 30 Jun 2021,22564,36861,589,2575005,1755397,81932,2656937,1837329,56.4236456570495,39.0181628135786,430
-7.6926,53.28823,2021/06/30 23:00:00+00,Thu 01 Jul 2021,15013,48312,638,2590018,1803709,82570,2672588,1886279,56.7560157803074,40.0576821755027,431
-7.6926,53.28823,2021/07/01 23:00:00+00,Fri 02 Jul 2021,13666,47261,817,2603684,1850970,83387,2687071,1934357,57.0635818460632,41.0786834397027,432
-7.6926,53.28823,2021/07/02 23:00:00+00,Sat 03 Jul 2021,9311,30471,505,2612995,1881441,83892,2696887,1965333,57.2720378635637,41.7365006359225,433
-7.6926,53.28823,2021/07/03 23:00:00+00,Sun 04 Jul 2021,6446,27780,233,2619441,1909221,84125,2703566,1993346,57.4138754492284,42.3313945253113,434
-7.6926,53.28823,2021/07/04 23:00:00+00,Mon 05 Jul 2021,15601,33453,5342,2635042,1942674,89467,2724509,2032141,57.8586283398674,43.1552587468812,435
-7.6926,53.28823,2021/07/05 23:00:00+00,Tue 06 Jul 2021,12412,48291,5486,2647454,1990965,94953,2742407,2085918,58.238716542926,44.2972859731568,436
-7.6926,53.28823,2021/07/06 23:00:00+00,Wed 07 Jul 2021,19704,43753,5059,2667158,2034718,100012,2767170,2134730,58.7645922928612,45.333874718698,437
-7.6926,53.28823,2021/07/07 23:00:00+00,Thu 08 Jul 2021,17770,45585,5995,2684928,2080303,106007,2790935,2186310,59.2692741648964,46.429245682703,438
-7.6926,53.28823,2021/07/08 23:00:00+00,Fri 09 Jul 2021,13516,45086,6530,2698444,2125389,112537,2810981,2237926,59.6949780490462,47.5253811553297,439
-7.6926,53.28823,2021/07/09 23:00:00+00,Sat 10 Jul 2021,8631,23864,4364,2707075,2149253,116901,2823976,2266154,59.9709444251076,48.1248408600977,440
-7.6926,53.28823,2021/07/10 23:00:00+00,Sun 11 Jul 2021,15232,16106,2153,2722307,2165359,119054,2841361,2284413,60.3401383803078,48.5125953857233,441
-7.6926,53.28823,2021/07/11 23:00:00+00,Mon 12 Jul 2021,17105,31755,6091,2739412,2197114,125145,2864557,2322259,60.832736768851,49.3163063105727,442
-7.6926,53.28823,2021/07/12 23:00:00+00,Tue 13 Jul 2021,20099,36566,8488,2759511,2233680,133633,2893144,2367313,61.4398203234848,50.2730888505549,443
-7.6926,53.28823,2021/07/13 23:00:00+00,Wed 14 Jul 2021,20793,35703,9332,2780304,2269383,142965,2923269,2412348,62.0795653853431,51.2294678998757,444
-7.6926,53.28823,2021/07/14 23:00:00+00,Thu 15 Jul 2021,23628,28836,9583,2803932,2298219,152548,2956480,2450767,62.7848458251565,52.0453472536196,445
-7.6926,53.28823,2021/07/15 23:00:00+00,Fri 16 Jul 2021,23526,27418,9165,2827458,2325637,161713,2989171,2487350,63.4790833626572,52.8222366676598,446
-7.6926,53.28823,2021/07/16 23:00:00+00,Sat 17 Jul 2021,11498,19420,4676,2838956,2345057,166389,3005345,2511446,63.8225600972795,53.3339477717441,447
-7.6926,53.28823,2021/07/17 23:00:00+00,Sun 18 Jul 2021,16860,15813,1931,2855816,2360870,168320,3024136,2529190,64.2216123614248,53.7107655768101,448
-7.6926,53.28823,2021/07/18 23:00:00+00,Mon 19 Jul 2021,24878,18428,6253,2880694,2379298,174573,3055267,2553871,64.8827211919879,54.234899945996,449
-7.6926,53.28823,2021/07/19 23:00:00+00,Tue 20 Jul 2021,30575,18173,7697,2911269,2397471,182270,3093539,2579741,65.6954788021934,54.7842843360466,450
-7.6926,53.28823,2021/07/20 23:00:00+00,Wed 21 Jul 2021,30350,19835,6886,2941619,2417306,189156,3130775,2606462,66.4862355531761,55.3517408604587,451
-7.6926,53.28823,2021/07/21 23:00:00+00,Thu 22 Jul 2021,33529,15925,6933,2975148,2433231,196089,3171237,2629320,67.3455007711981,55.8371613624988,452
-7.6926,53.28823,2021/07/22 23:00:00+00,Fri 23 Jul 2021,27086,20821,5614,3002234,2454052,201703,3203937,2655755,68.0399294358542,56.398544290639,453
-7.6926,53.28823,2021/07/23 23:00:00+00,Sat 24 Jul 2021,15431,14805,2274,3017665,2468857,203977,3221642,2672834,68.4159190232468,56.7612399225553,454
-7.6926,53.28823,2021/07/24 23:00:00+00,Sun 25 Jul 2021,14714,13640,1042,3032379,2482497,205019,3237398,2687516,68.7505189633178,57.0730320220807,455
-7.6926,53.28823,2021/07/25 23:00:00+00,Mon 26 Jul 2021,23825,18287,3420,3056204,2500784,208439,3264643,2709223,69.3291033354449,57.5340094845789,456
-7.6926,53.28823,2021/07/26 23:00:00+00,Tue 27 Jul 2021,25501,23903,3670,3081705,2524687,212109,3293814,2736796,69.9485889188298,58.1195593797032,457
-7.6926,53.28823,2021/07/27 23:00:00+00,Wed 28 Jul 2021,23429,25281,3261,3105134,2549968,215370,3320504,2765338,70.5153871163733,58.7256872985599,458
-7.6926,53.28823,2021/07/28 23:00:00+00,Thu 29 Jul 2021,19260,27860,2960,3124394,2577828,218330,3342724,2796158,70.9872588267299,59.380191624086,459
-7.6926,53.28823,2021/07/29 23:00:00+00,Fri 30 Jul 2021,21946,22935,2118,3146340,2600763,220448,3366788,2821211,71.4982903675949,59.9122259156955,460
-7.6926,53.28823,2021/07/30 23:00:00+00,Sat 31 Jul 2021,13733,12480,907,3160073,2613243,221355,3381428,2834598,71.809190540395,60.1965169411925,461
-7.6926,53.28823,2021/07/31 23:00:00+00,Sun 01 Aug 2021,11101,9319,368,3171174,2622562,221723,3392897,2844285,72.0527502454391,60.4022334694654,462
-7.6926,53.28823,2021/08/01 23:00:00+00,Mon 02 Aug 2021,15018,16008,430,3186192,2638570,222153,3408345,2860723,72.380809389525,60.7513166006464,463
-7.6926,53.28823,2021/08/02 23:00:00+00,Tue 03 Aug 2021,17334,25444,1110,3203526,2664014,223263,3426789,2887277,72.7724926400118,61.3152266545082,464
-7.6926,53.28823,2021/08/03 23:00:00+00,Wed 04 Aug 2021,22102,17297,1575,3225628,2681311,224838,3450466,2906149,73.2753057131942,61.7159990630522,465
-7.6926,53.28823,2021/08/04 23:00:00+00,Thu 05 Aug 2021,13520,30033,1421,3239148,2711344,226259,3465407,2937603,73.5925980275253,62.3839672348594,466
-7.6926,53.28823,2021/08/05 23:00:00+00,Fri 06 Aug 2021,12204,24736,948,3251352,2736080,227207,3478559,2963287,73.871898510631,62.9294016636982,467
-7.6926,53.28823,2022/04/09 23:00:00+00,Sun 10 Apr 2022,413,719,0,3839175,3782840,240764,4079939,4023604,86.6430150351239,85.4466652240106,468
-7.6926,53.28823,2022/04/10 23:00:00+00,Mon 11 Apr 2022,71,93,1,3839246,3782933,240765,4080011,4023698,86.6445440523671,85.4486614409671,469
-7.6926,53.28823,2022/04/11 23:00:00+00,Tue 12 Apr 2022,195,177,0,3839441,3783110,240765,4080206,4023875,86.6486851407344,85.4524202750235,470
-7.6926,53.28823,2022/04/12 23:00:00+00,Wed 13 Apr 2022,144,232,0,3839585,3783342,240765,4080350,4024107,86.6517431752209,85.4573471083629,471
-7.6926,53.28823,2022/04/13 23:00:00+00,Thu 14 Apr 2022,362,429,0,3839947,3783771,240765,4080712,4024536,86.6594307341385,85.4664575027708,472
-7.6926,53.28823,2022/04/14 23:00:00+00,Fri 15 Apr 2022,447,991,0,3840394,3784762,240765,4081159,4025527,86.6689233828572,85.4875027262165,473
-7.6926,53.28823,2022/04/15 23:00:00+00,Sat 16 Apr 2022,42,88,0,3840436,3784850,240765,4081201,4025615,86.6698153095825,85.4893715250694,474
-7.6926,53.28823,2022/04/16 23:00:00+00,Sun 17 Apr 2022,1,0,0,3840437,3784850,240765,4081202,4025615,86.6698365459331,85.4893715250694,475
-7.6926,53.28823,2022/04/17 23:00:00+00,Mon 18 Apr 2022,36,61,0,3840473,3784911,240765,4081238,4025676,86.6706010545547,85.4906669424561,476
-7.6926,53.28823,2022/04/18 23:00:00+00,Tue 19 Apr 2022,219,269,1,3840692,3785180,240766,4081458,4025946,86.6752730516869,85.4964007571184,477
-7.6926,53.28823,2022/04/19 23:00:00+00,Wed 20 Apr 2022,251,606,0,3840943,3785786,240766,4081709,4026552,86.6806033756878,85.5092699855826,478
-7.6926,53.28823,2022/04/20 23:00:00+00,Thu 21 Apr 2022,172,237,0,3841115,3786023,240766,4081881,4026789,86.6842560279912,85.5143030006751,479
-7.6926,53.28823,2022/04/21 23:00:00+00,Fri 22 Apr 2022,198,254,0,3841313,3786277,240766,4082079,4027043,86.6884608254102,85.5196970337278,480
-7.6926,53.28823,2022/04/22 23:00:00+00,Sat 23 Apr 2022,324,1010,0,3841637,3787287,240766,4082403,4028053,86.695341403005,85.5411457478349,481
-7.6926,53.28823,2022/04/23 23:00:00+00,Sun 24 Apr 2022,181,253,0,3841818,3787540,240766,4082584,4028306,86.6991851824638,85.546518544537,482
-7.6926,53.28823,2022/04/24 23:00:00+00,Mon 25 Apr 2022,42,58,0,3841860,3787598,240766,4082626,4028364,86.700077109189,85.5477502528719,483
-7.6926,53.28823,2022/04/25 23:00:00+00,Tue 26 Apr 2022,144,238,0,3842004,3787836,240766,4082770,4028602,86.7031351436756,85.5528045043149,484
-7.6926,53.28823,2022/04/26 23:00:00+00,Wed 27 Apr 2022,122,208,0,3842126,3788044,240766,4082892,4028810,86.7057259784489,85.5572216652399,485
-7.6926,53.28823,2022/04/27 23:00:00+00,Thu 28 Apr 2022,106,128,0,3842232,3788172,240766,4082998,4028938,86.7079770316126,85.5599399181169,486
-7.6926,53.28823,2022/04/28 23:00:00+00,Fri 29 Apr 2022,176,222,0,3842408,3788394,240766,4083174,4029160,86.7117146293184,85.5646543879503,487
-7.6926,53.28823,2022/04/29 23:00:00+00,Sat 30 Apr 2022,281,723,0,3842689,3789117,240766,4083455,4029883,86.7176820438374,85.5800082694349,488
-7.6926,53.28823,2022/04/30 23:00:00+00,Sun 01 May 2022,186,746,0,3842875,3789863,240766,4083641,4030629,86.7216320050492,85.5958505869833,489
-7.6926,53.28823,2022/05/01 23:00:00+00,Mon 02 May 2022,11,26,0,3842886,3789889,240766,4083652,4030655,86.7218656049058,85.596402732099,490
-7.6926,53.28823,2022/05/02 23:00:00+00,Tue 03 May 2022,100,117,0,3842986,3790006,240766,4083752,4030772,86.7239892399659,85.5988873851193,491
-7.6926,53.28823,2022/05/03 23:00:00+00,Wed 04 May 2022,119,128,0,3843105,3790134,240766,4083871,4030900,86.7265163656874,85.6016056379962,492
-7.6926,53.28823,2022/05/04 23:00:00+00,Thu 05 May 2022,119,164,0,3843224,3790298,240766,4083990,4031064,86.7290434914089,85.6050883994948,493
-7.6926,53.28823,2022/05/05 23:00:00+00,Fri 06 May 2022,143,258,0,3843367,3790556,240766,4084133,4031322,86.7320802895449,85.6105673779499,494
-7.6926,53.28823,2022/05/06 23:00:00+00,Sat 07 May 2022,440,1087,0,3843807,3791643,240766,4084573,4032409,86.7414242838094,85.6336512910533,495
-7.6926,53.28823,2022/05/07 23:00:00+00,Sun 08 May 2022,274,437,0,3844081,3792080,240766,4084847,4032846,86.7472430438741,85.642931576266,496
-7.6926,53.28823,2022/05/08 23:00:00+00,Mon 09 May 2022,27,32,0,3844108,3792112,240766,4084874,4032878,86.7478164253403,85.6436111394852,497
-7.6926,53.28823,2022/05/09 23:00:00+00,Tue 10 May 2022,88,99,1,3844196,3792211,240767,4084963,4032978,86.7497064605438,85.6457347745453,498
-7.6926,53.28823,2022/05/10 23:00:00+00,Wed 11 May 2022,127,132,0,3844323,3792343,240767,4085090,4033110,86.7524034770702,85.6485379728247,499
-7.6926,53.28823,2022/05/11 23:00:00+00,Thu 12 May 2022,249,397,0,3844572,3792740,240767,4085339,4033507,86.7576913283698,85.6569688040133,500
-7.6926,53.28823,2022/05/12 23:00:00+00,Fri 13 May 2022,185,326,0,3844757,3793066,240767,4085524,4033833,86.761620053231,85.6638918543093,501
-7.6926,53.28823,2022/05/13 23:00:00+00,Sat 14 May 2022,334,632,0,3845091,3793698,240767,4085858,4034465,86.7687129943318,85.6773132278892,502
-7.6926,53.28823,2022/05/14 23:00:00+00,Sun 15 May 2022,169,254,0,3845260,3793952,240767,4086027,4034719,86.7723019375834,85.6827072609419,503
-7.6926,53.28823,2022/05/15 23:00:00+00,Mon 16 May 2022,30,41,0,3845290,3793993,240767,4086057,4034760,86.7729390281014,85.6835779513165,504
-7.6926,53.28823,2022/05/16 23:00:00+00,Tue 17 May 2022,102,94,0,3845392,3794087,240767,4086159,4034854,86.7751051358627,85.685574168273,505
-7.6926,53.28823,2022/05/17 23:00:00+00,Wed 18 May 2022,106,121,0,3845498,3794208,240767,4086265,4034975,86.7773561890264,85.6881437666958,506
-7.6926,53.28823,2022/05/18 23:00:00+00,Thu 19 May 2022,100,103,0,3845598,3794311,240767,4086365,4035078,86.7794798240866,85.6903311108077,507
-7.6926,53.28823,2022/05/19 23:00:00+00,Fri 20 May 2022,130,206,0,3845728,3794517,240767,4086495,4035284,86.7822405496647,85.6947057990315,508
-7.6926,53.28823,2022/05/20 23:00:00+00,Sat 21 May 2022,393,761,0,3846121,3795278,240767,4086888,4036045,86.7905864354509,85.7108666618389,509
-7.6926,53.28823,2022/05/21 23:00:00+00,Sun 22 May 2022,233,409,0,3846354,3795687,240767,4087121,4036454,86.795534505141,85.7195523292348,510
-7.6926,53.28823,2022/05/22 23:00:00+00,Mon 23 May 2022,30,35,0,3846384,3795722,240767,4087151,4036489,86.796171595659,85.7202956015058,511
-7.6926,53.28823,2022/05/23 23:00:00+00,Tue 24 May 2022,80,82,0,3846464,3795804,240767,4087231,4036571,86.7978705037071,85.7220369822551,512
-7.6926,53.28823,2022/05/24 23:00:00+00,Wed 25 May 2022,89,132,0,3846553,3795936,240767,4087320,4036703,86.7997605389106,85.7248401805345,513
-7.6926,53.28823,2022/05/25 23:00:00+00,Thu 26 May 2022,135,155,0,3846688,3796091,240767,4087455,4036858,86.8026274462418,85.7281318148776,514
-7.6926,53.28823,2022/05/26 23:00:00+00,Fri 27 May 2022,98,151,0,3846786,3796242,240767,4087553,4037009,86.8047086086007,85.7313385038184,515
-7.6926,53.28823,2022/05/27 23:00:00+00,Sat 28 May 2022,336,578,0,3847122,3796820,240767,4087889,4037587,86.8118440224027,85.7436131144658,516
-7.6926,53.28823,2022/05/28 23:00:00+00,Sun 29 May 2022,181,348,0,3847303,3797168,240767,4088070,4037935,86.8156878018615,85.751003364475,517
-7.6926,53.28823,2022/05/29 23:00:00+00,Mon 30 May 2022,13,21,0,3847316,3797189,240767,4088083,4037956,86.8159638744193,85.7514493278376,518
-7.6926,53.28823,2022/05/30 23:00:00+00,Tue 31 May 2022,67,79,1,3847383,3797268,240768,4088151,4038036,86.8174079462601,85.7531482358857,519
-7.6926,53.28823,2022/05/31 23:00:00+00,Wed 01 Jun 2022,68,101,0,3847451,3797369,240768,4088219,4038137,86.818852018101,85.7552931072965,520
-7.6926,53.28823,2022/06/01 23:00:00+00,Thu 02 Jun 2022,122,138,0,3847573,3797507,240768,4088341,4038275,86.8214428528744,85.7582237236794,521
-7.6926,53.28823,2022/06/02 23:00:00+00,Fri 03 Jun 2022,65,143,0,3847638,3797650,240768,4088406,4038418,86.8228232156634,85.7612605218154,522
-7.6926,53.28823,2022/06/03 23:00:00+00,Sat 04 Jun 2022,306,606,0,3847944,3798256,240768,4088712,4039024,86.8293215389474,85.7741297502796,523
-7.6926,53.28823,2022/06/04 23:00:00+00,Sun 05 Jun 2022,142,273,0,3848086,3798529,240768,4088854,4039297,86.8323371007327,85.7799272739937,524
-7.6926,53.28823,2022/06/05 23:00:00+00,Mon 06 Jun 2022,3,6,0,3848089,3798535,240768,4088857,4039303,86.8324008097845,85.7800546920973,525
-7.6926,53.28823,2022/06/06 23:00:00+00,Tue 07 Jun 2022,30,50,0,3848119,3798585,240768,4088887,4039353,86.8330379003026,85.7811165096274,526
-7.6926,53.28823,2022/06/07 23:00:00+00,Wed 08 Jun 2022,41,76,0,3848160,3798661,240768,4088928,4039429,86.8339085906772,85.7827304722731,527
-7.6926,53.28823,2022/06/08 23:00:00+00,Thu 09 Jun 2022,80,123,0,3848240,3798784,240768,4089008,4039552,86.8356074987253,85.785342543397,528
-7.6926,53.28823,2022/06/09 23:00:00+00,Fri 10 Jun 2022,57,107,0,3848297,3798891,240768,4089065,4039659,86.8368179707095,85.7876148329113,529
-7.6926,53.28823,2022/06/10 23:00:00+00,Sat 11 Jun 2022,191,559,0,3848488,3799450,240768,4089256,4040218,86.8408741136744,85.7994859528973,530
-7.6926,53.28823,2022/06/11 23:00:00+00,Sun 12 Jun 2022,143,286,0,3848631,3799736,240768,4089399,4040504,86.8439109118103,85.8055595491693,531
-7.6926,53.28823,2022/06/12 23:00:00+00,Mon 13 Jun 2022,20,44,0,3848651,3799780,240768,4089419,4040548,86.8443356388223,85.8064939485957,532
-7.6926,53.28823,2022/06/13 23:00:00+00,Tue 14 Jun 2022,39,53,0,3848690,3799833,240768,4089458,4040601,86.8451638564958,85.8076194751776,533
-7.6926,53.28823,2022/06/14 23:00:00+00,Wed 15 Jun 2022,69,122,0,3848759,3799955,240768,4089527,4040723,86.8466291646873,85.8102103099509,534
-7.6926,53.28823,2022/06/15 23:00:00+00,Thu 16 Jun 2022,82,84,0,3848841,3800039,240768,4089609,4040807,86.8483705454366,85.8119941634014,535
-7.6926,53.28823,2022/06/16 23:00:00+00,Fri 17 Jun 2022,64,92,0,3848905,3800131,240768,4089673,4040899,86.849729671875,85.8139479076567,536
-7.6926,53.28823,2022/06/17 23:00:00+00,Sat 18 Jun 2022,224,486,0,3849129,3800617,240768,4089897,4041385,86.8544866144097,85.8242687740488,537
-7.6926,53.28823,2022/06/18 23:00:00+00,Sun 19 Jun 2022,78,129,0,3849207,3800746,240768,4089975,4041514,86.8561430497566,85.8270082632764,538
-7.6926,53.28823,2022/06/19 23:00:00+00,Mon 20 Jun 2022,8,27,0,3849215,3800773,240768,4089983,4041541,86.8563129405614,85.8275816447426,539
-7.6926,53.28823,2022/06/20 23:00:00+00,Tue 21 Jun 2022,78,165,1,3849293,3800938,240769,4090062,4041707,86.8579906122588,85.8311068789424,540
-7.6926,53.28823,2022/06/21 23:00:00+00,Wed 22 Jun 2022,61,93,0,3849354,3801031,240769,4090123,4041800,86.8592860296455,85.8330818595483,541
-7.6926,53.28823,2022/06/22 23:00:00+00,Thu 23 Jun 2022,66,107,0,3849420,3801138,240769,4090189,4041907,86.8606876287852,85.8353541490626,542
-7.6926,53.28823,2022/06/23 23:00:00+00,Fri 24 Jun 2022,59,88,1,3849479,3801226,240770,4090249,4041996,86.8619618098213,85.8372441842661,543
-7.6926,53.28823,2022/06/24 23:00:00+00,Sat 25 Jun 2022,209,290,0,3849688,3801516,240770,4090458,4042286,86.8664002070969,85.8434027259404,544
-7.6926,53.28823,2022/06/25 23:00:00+00,Sun 26 Jun 2022,175,404,0,3849863,3801920,240770,4090633,4042690,86.8701165684521,85.8519822115833,545
-7.6926,53.28823,2022/06/26 23:00:00+00,Mon 27 Jun 2022,4,31,0,3849867,3801951,240770,4090637,4042721,86.8702015138545,85.8526405384519,546
-7.6926,53.28823,2022/06/27 23:00:00+00,Tue 28 Jun 2022,51,57,0,3849918,3802008,240770,4090688,4042778,86.8712845677351,85.8538510104362,547
-7.6926,53.28823,2022/06/28 23:00:00+00,Wed 29 Jun 2022,63,80,3,3849981,3802088,240773,4090754,4042861,86.8726861668748,85.8556136275361,548
-7.6926,53.28823,2022/06/29 23:00:00+00,Thu 30 Jun 2022,45,83,0,3850026,3802171,240773,4090799,4042944,86.8736418026519,85.857376244636,549
-7.6926,53.28823,2022/06/30 23:00:00+00,Fri 01 Jul 2022,46,55,0,3850072,3802226,240773,4090845,4042999,86.8746186747795,85.858544243919,550
-7.6926,53.28823,2022/07/01 23:00:00+00,Sat 02 Jul 2022,178,223,0,3850250,3802449,240773,4091023,4043222,86.8783987451865,85.8632799501031,551
-7.6926,53.28823,2022/07/02 23:00:00+00,Sun 03 Jul 2022,106,273,0,3850356,3802722,240773,4091129,4043495,86.8806497983502,85.8690774738172,552
-7.6926,53.28823,2022/07/03 23:00:00+00,Mon 04 Jul 2022,13,13,0,3850369,3802735,240773,4091142,4043508,86.880925870908,85.869353546375,553
-7.6926,53.28823,2022/07/04 23:00:00+00,Tue 05 Jul 2022,48,64,0,3850417,3802799,240773,4091190,4043572,86.8819452157369,85.8707126728135,554
