X,Y,VaccinationDate,VaccineText,Dose1,Dose2,SingleDose,Dose1Cum,Dose2Cum,SingleDoseCum,PartiallyVacc,FullyVacc,PartialPercent,FullyPercent,ObjectId
-7.6926,53.28823,2021/09/09 23:00:00+00,Fri 10 Sep 2021,3357,13869,109,3516069,3298927,235834,3751903,3534761,79.6767275293396,75.0654238871144,1
-7.6926,53.28823,2021/09/10 23:00:00+00,Sat 11 Sep 2021,2538,11252,57,3518607,3310179,235891,3754498,3546070,79.7318358591495,75.3055857760623,2
-7.6926,53.28823,2021/09/11 23:00:00+00,Sun 12 Sep 2021,2023,12849,1,3520630,3323028,235892,3756522,3558920,79.7748182327661,75.5784728812865,3
-7.6926,53.28823,2021/09/12 23:00:00+00,Mon 13 Sep 2021,1580,7662,48,3522210,3330690,235940,3758150,3566630,79.8093910115447,75.742205144421,4
-7.6926,53.28823,2021/09/13 23:00:00+00,Tue 14 Sep 2021,1522,10705,80,3523732,3341395,236020,3759752,3577415,79.8434116452077,75.9712391856539,5
-7.6926,53.28823,2021/09/14 23:00:00+00,Wed 15 Sep 2021,3250,12339,132,3526982,3353734,236152,3763134,3589886,79.9152329829406,76.2360777140003,6
-7.6926,53.28823,2021/09/15 23:00:00+00,Thu 16 Sep 2021,1884,10534,110,3528866,3364268,236262,3765128,3600530,79.9575782660392,76.4621174297985,7
-7.6926,53.28823,2021/09/16 23:00:00+00,Fri 17 Sep 2021,2541,14533,89,3531407,3378801,236351,3767758,3615152,80.0134298681201,76.7726353482878,8
-7.6926,53.28823,2021/09/17 23:00:00+00,Sat 18 Sep 2021,2273,11181,42,3533680,3389982,236393,3770073,3626375,80.0625920197617,77.010970911084,9
-7.6926,53.28823,2021/09/18 23:00:00+00,Sun 19 Sep 2021,1854,8464,11,3535534,3398446,236404,3771938,3634850,80.1021978136328,77.1909489824284,10
-7.6926,53.28823,2021/09/19 23:00:00+00,Mon 20 Sep 2021,948,5562,32,3536482,3404008,236436,3772918,3640444,80.1230094372219,77.309745127691,11
-7.6926,53.28823,2021/09/20 23:00:00+00,Tue 21 Sep 2021,1443,6604,89,3537925,3410612,236525,3774450,3647137,80.1555435263427,77.4518800222642,12
-7.6926,53.28823,2021/09/21 23:00:00+00,Wed 22 Sep 2021,1886,8081,95,3539811,3418693,236620,3776431,3655313,80.1976127368835,77.6255084247788,13
-7.6926,53.28823,2021/09/22 23:00:00+00,Thu 23 Sep 2021,1680,8705,86,3541491,3427398,236706,3778197,3664104,80.2351161320451,77.8121971829131,14
-7.6926,53.28823,2021/09/23 23:00:00+00,Fri 24 Sep 2021,1900,7326,79,3543391,3434724,236785,3780176,3671509,80.2771428698847,77.9694523591143,15
-7.6926,53.28823,2021/09/24 23:00:00+00,Sat 25 Sep 2021,2400,6550,50,3545791,3441274,236835,3782626,3678109,80.3291719288574,78.1096122730816,16
-7.6926,53.28823,2021/09/25 23:00:00+00,Sun 26 Sep 2021,1537,7083,0,3547328,3448357,236835,3784163,3685192,80.3618121997313,78.2600293443893,17
-7.6926,53.28823,2021/09/26 23:00:00+00,Mon 27 Sep 2021,1165,3722,45,3548493,3452079,236880,3785373,3688959,80.3875081839586,78.3400266771036,18
-7.6926,53.28823,2021/09/27 23:00:00+00,Tue 28 Sep 2021,1435,5063,91,3549928,3457142,236971,3786899,3694113,80.4199148549759,78.4494788281017,19
-7.6926,53.28823,2021/09/28 23:00:00+00,Wed 29 Sep 2021,1637,3547,73,3551565,3460689,237044,3788609,3697733,80.4562290145038,78.5263544172777,20
-7.6926,53.28823,2021/09/29 23:00:00+00,Thu 30 Sep 2021,1269,3900,77,3552834,3464589,237121,3789955,3701710,80.4848131424129,78.6108113836183,21
-7.6926,53.28823,2021/09/30 23:00:00+00,Fri 01 Oct 2021,1833,5115,40,3554667,3469704,237161,3791828,3706865,80.5245888270887,78.720284770967,22
-7.6926,53.28823,2021/10/01 23:00:00+00,Sat 02 Oct 2021,1705,4037,39,3556372,3473741,237200,3793572,3710941,80.5616250225371,78.8068441360171,23
-7.6926,53.28823,2021/10/02 23:00:00+00,Sun 03 Oct 2021,1203,2992,9,3557575,3476733,237209,3794784,3713942,80.5873634794656,78.8705744241711,24
-7.6926,53.28823,2021/10/03 23:00:00+00,Mon 04 Oct 2021,332,1177,17,3557907,3477910,237226,3795133,3715136,80.5947749658254,78.8959306267888,25
-7.6926,53.28823,2021/10/04 23:00:00+00,Tue 05 Oct 2021,953,2761,68,3558860,3480671,237294,3796154,3717965,80.6164572797891,78.9560082626393,26
-7.6926,53.28823,2021/10/05 23:00:00+00,Wed 06 Oct 2021,975,2505,34,3559835,3483176,237328,3797163,3720504,80.6378847575456,79.0099273568155,27
-7.6926,53.28823,2021/10/06 23:00:00+00,Thu 07 Oct 2021,1205,2643,42,3561040,3485819,237370,3798410,3723189,80.6643664867452,79.0669469581795,28
-7.6926,53.28823,2021/10/07 23:00:00+00,Fri 08 Oct 2021,978,2707,45,3562018,3488526,237415,3799433,3725941,80.6860912734102,79.1253893950337,29
-7.6926,53.28823,2021/10/08 23:00:00+00,Sat 09 Oct 2021,729,2324,19,3562747,3490850,237434,3800181,3728284,80.7019760636598,79.1751461644921,30
-7.6926,53.28823,2021/10/09 23:00:00+00,Sun 10 Oct 2021,1528,3892,0,3564275,3494742,237434,3801709,3732176,80.7344252073783,79.2577980410316,31
-7.6926,53.28823,2021/10/10 23:00:00+00,Mon 11 Oct 2021,329,1071,12,3564604,3495813,237446,3802050,3733259,80.7416668029333,79.2807970087326,32
-7.6926,53.28823,2021/10/11 23:00:00+00,Tue 12 Oct 2021,561,1566,20,3565165,3497379,237466,3802631,3734845,80.7540051226325,79.3144778607859,33
-7.6926,53.28823,2021/10/12 23:00:00+00,Wed 13 Oct 2021,1028,1983,9,3566193,3499362,237475,3803668,3736837,80.7760272182058,79.3567806711834,34
-7.6926,53.28823,2021/10/13 23:00:00+00,Thu 14 Oct 2021,696,1523,7,3566889,3500885,237482,3804371,3738367,80.7909563726784,79.389272287603,35
-7.6926,53.28823,2021/10/14 23:00:00+00,Fri 15 Oct 2021,951,2001,6,3567840,3502886,237488,3805328,3740374,80.8112795602037,79.4318936432595,36
-7.6926,53.28823,2021/10/15 23:00:00+00,Sat 16 Oct 2021,1378,2592,11,3569218,3505478,237499,3806717,3742977,80.8407768511886,79.4871718638741,37
-7.6926,53.28823,2021/10/16 23:00:00+00,Sun 17 Oct 2021,1708,2875,2,3570926,3508353,237501,3808427,3745854,80.8770910107165,79.5482688445535,38
-7.6926,53.28823,2021/10/17 23:00:00+00,Mon 18 Oct 2021,668,1172,3,3571594,3509525,237504,3809098,3747029,80.8913406019698,79.5732215565098,39
-7.6926,53.28823,2021/10/18 23:00:00+00,Tue 19 Oct 2021,1328,1732,10,3572922,3511257,237514,3810436,3748771,80.9197548390741,79.6102152792569,40
-7.6926,53.28823,2021/10/19 23:00:00+00,Wed 20 Oct 2021,2246,2255,0,3575168,3513512,237514,3812682,3751026,80.9674516825242,79.6581032498624,41
-7.6926,53.28823,2021/10/20 23:00:00+00,Thu 21 Oct 2021,1754,1769,8,3576922,3515281,237522,3814444,3752803,81.0048701322833,79.6958402448806,42
-7.6926,53.28823,2021/10/21 23:00:00+00,Fri 22 Oct 2021,1494,1878,1,3578416,3517159,237523,3815939,3754682,81.036618476432,79.7357433476601,43
-7.6926,53.28823,2021/10/22 23:00:00+00,Sat 23 Oct 2021,2007,1662,0,3580423,3518821,237523,3817946,3756344,81.0792398320884,79.7710381623591,44
-7.6926,53.28823,2021/10/23 23:00:00+00,Sun 24 Oct 2021,1943,2171,0,3582366,3520992,237523,3819889,3758515,81.1205020613064,79.8171422795141,45
-7.6926,53.28823,2021/10/24 23:00:00+00,Mon 25 Oct 2021,1214,809,0,3583580,3521801,237523,3821103,3759324,81.1462829909361,79.8343224871504,46
-7.6926,53.28823,2021/10/25 23:00:00+00,Tue 26 Oct 2021,1238,1166,5,3584818,3522967,237528,3822346,3760495,81.1726797747333,79.8591902537043,47
-7.6926,53.28823,2021/10/26 23:00:00+00,Wed 27 Oct 2021,1553,1383,4,3586371,3524350,237532,3823903,3761882,81.2057447726192,79.888645071988,48
-7.6926,53.28823,2020/12/28 00:00:00+00,Mon 28 Dec 2020,143,20,6,143,20,6,149,26,0.00316421623956472,0.000552145115628744,49
-7.6926,53.28823,2021/10/27 23:00:00+00,Thu 28 Oct 2021,2143,1644,2,3588514,3525994,237534,3826048,3763528,81.2512967446586,79.9236001050775,50
-7.6926,53.28823,2021/10/28 23:00:00+00,Fri 29 Oct 2021,2134,1316,0,3590648,3527310,237534,3828182,3764844,81.2966151168413,79.9515471424685,51
-7.6926,53.28823,2021/10/29 23:00:00+00,Sat 30 Oct 2021,2002,1421,0,3592650,3528731,237534,3830184,3766265,81.3391302907447,79.9817239966727,52
-7.6926,53.28823,2021/10/30 23:00:00+00,Sun 31 Oct 2021,1627,1310,0,3594277,3530041,237534,3831811,3767575,81.3736818331728,80.0095436159601,53
-7.6926,53.28823,2021/11/01 00:00:00+00,Mon 01 Nov 2021,256,243,0,3594533,3530284,237534,3832067,3767818,81.3791183389266,80.0147040491562,54
-7.6926,53.28823,2021/11/02 00:00:00+00,Tue 02 Nov 2021,1087,1056,9,3595620,3531340,237543,3833163,3768883,81.4023933791854,80.0373207625464,55
-7.6926,53.28823,2021/11/03 00:00:00+00,Wed 03 Nov 2021,2536,1788,5,3598156,3533128,237548,3835704,3770676,81.4563549460629,80.0753975391742,56
-7.6926,53.28823,2021/11/04 00:00:00+00,Thu 04 Nov 2021,1551,1221,0,3599707,3534349,237548,3837255,3771897,81.4892925258452,80.1013271232581,57
-7.6926,53.28823,2021/11/05 00:00:00+00,Fri 05 Nov 2021,1632,1017,1,3601339,3535366,237549,3838888,3772915,81.5239714863768,80.12294572817,58
-7.6926,53.28823,2021/11/06 00:00:00+00,Sat 06 Nov 2021,1820,1318,5,3603159,3536684,237554,3840713,3774238,81.5627278262238,80.1510414200153,59
-7.6926,53.28823,2021/11/07 00:00:00+00,Sun 07 Nov 2021,730,765,0,3603889,3537449,237554,3841443,3775003,81.5782303621626,80.1672872282251,60
-7.6926,53.28823,2021/11/08 00:00:00+00,Mon 08 Nov 2021,511,489,1,3604400,3537938,237555,3841955,3775493,81.5891033736704,80.1776930400197,61
-7.6926,53.28823,2021/11/09 00:00:00+00,Tue 09 Nov 2021,1378,994,1,3605778,3538932,237556,3843334,3776488,81.6183883011493,80.1988232088678,62
-7.6926,53.28823,2021/11/10 00:00:00+00,Wed 10 Nov 2021,1624,1298,0,3607402,3540230,237556,3844958,3777786,81.6528761345255,80.226387991948,63
-7.6926,53.28823,2021/11/11 00:00:00+00,Thu 11 Nov 2021,1402,1052,1,3608804,3541282,237557,3846361,3778839,81.6826707344188,80.248749869131,64
-7.6926,53.28823,2021/11/12 00:00:00+00,Fri 12 Nov 2021,1157,1081,5,3609961,3542363,237562,3847523,3779925,81.7073473738173,80.2718125458838,65
-7.6926,53.28823,2021/11/13 00:00:00+00,Sat 13 Nov 2021,1410,1333,0,3611371,3543696,237562,3848933,3781258,81.7372906281649,80.3001206012351,66
-7.6926,53.28823,2021/11/14 00:00:00+00,Sun 14 Nov 2021,1648,1799,0,3613019,3545495,237562,3850581,3783057,81.7722881339555,80.3383247959665,67
-7.6926,53.28823,2021/11/15 00:00:00+00,Mon 15 Nov 2021,1251,546,0,3614270,3546041,237562,3851832,3783603,81.7988548085575,80.3499198433947,68
-7.6926,53.28823,2021/11/16 00:00:00+00,Tue 16 Nov 2021,1322,1022,4,3615592,3547063,237566,3853158,3784629,81.8270142094545,80.3717083391114,69
-7.6926,53.28823,2021/11/17 00:00:00+00,Wed 17 Nov 2021,1515,1056,0,3617107,3548119,237566,3854673,3785685,81.8591872806152,80.3941339253462,70
-7.6926,53.28823,2021/11/18 00:00:00+00,Thu 18 Nov 2021,1672,2427,5,3618779,3550546,237571,3856350,3788117,81.8948006405733,80.445780730008,71
-7.6926,53.28823,2021/11/19 00:00:00+00,Fri 19 Nov 2021,1181,1459,0,3619960,3552005,237571,3857531,3789576,81.9198807706332,80.4767645655351,72
-7.6926,53.28823,2021/11/20 00:00:00+00,Sat 20 Nov 2021,1540,2904,10,3621500,3554909,237581,3859081,3792490,81.9527971140649,80.5386472911867,73
-7.6926,53.28823,2021/11/21 00:00:00+00,Sun 21 Nov 2021,1787,2749,0,3623287,3557658,237581,3860868,3795239,81.9907464725891,80.5970260189891,74
-7.6926,53.28823,2021/11/22 00:00:00+00,Mon 22 Nov 2021,717,464,2,3624004,3558122,237583,3861587,3795705,82.0060154086713,80.6069221583692,75
-7.6926,53.28823,2021/11/23 00:00:00+00,Tue 23 Nov 2021,2171,1536,4,3626175,3559658,237587,3863762,3797245,82.0522044712287,80.6396261382949,76
-7.6926,53.28823,2021/11/24 00:00:00+00,Wed 24 Nov 2021,1628,3081,0,3627803,3562739,237587,3865390,3800326,82.0867772500073,80.7050553344969,77
-7.6926,53.28823,2021/11/25 00:00:00+00,Thu 25 Nov 2021,1010,1111,0,3628813,3563850,237587,3866400,3801437,82.1082259641144,80.7286489200148,78
-7.6926,53.28823,2021/11/26 00:00:00+00,Fri 26 Nov 2021,1295,1057,12,3630108,3564907,237599,3867707,3802506,82.13598187435,80.7513505788074,79
-7.6926,53.28823,2021/11/27 00:00:00+00,Sat 27 Nov 2021,1234,1527,5,3631342,3566434,237604,3868946,3804038,82.1622937127448,80.7838846679282,80
-7.6926,53.28823,2021/11/28 00:00:00+00,Sun 28 Nov 2021,1971,2248,0,3633313,3568682,237604,3870917,3806286,82.2041505597796,80.8316239840795,81
-7.6926,53.28823,2021/11/29 00:00:00+00,Mon 29 Nov 2021,547,962,1,3633860,3569644,237605,3871465,3807249,82.215788079909,80.8520745897084,82
-7.6926,53.28823,2021/11/30 00:00:00+00,Tue 30 Nov 2021,1939,1592,6,3635799,3571236,237611,3873410,3808847,82.2570927818281,80.886010277969,83
-7.6926,53.28823,2021/12/01 00:00:00+00,Wed 01 Dec 2021,1130,1322,1,3636929,3572558,237612,3874541,3810170,82.281111094358,80.9141059698142,84
-7.6926,53.28823,2021/12/02 00:00:00+00,Thu 02 Dec 2021,1811,1361,1,3638740,3573919,237613,3876353,3811532,82.3195913616472,80.9430298793329,85
-7.6926,53.28823,2021/12/03 00:00:00+00,Fri 03 Dec 2021,1049,1133,3,3639789,3575052,237616,3877405,3812668,82.3419320024796,80.9671543736158,86
-7.6926,53.28823,2021/12/04 00:00:00+00,Sat 04 Dec 2021,1201,1673,0,3640990,3576725,237616,3878606,3814341,82.3674368595515,81.0026827881714,87
-7.6926,53.28823,2021/12/05 00:00:00+00,Sun 05 Dec 2021,1354,1764,0,3642344,3578489,237616,3879960,3816105,82.3961908782654,81.0401437106318,88
-7.6926,53.28823,2021/12/06 00:00:00+00,Mon 06 Dec 2021,944,1253,0,3643288,3579742,237616,3880904,3817358,82.4162379932328,81.066752857935,89
-7.6926,53.28823,2021/12/07 00:00:00+00,Tue 07 Dec 2021,488,695,1,3643776,3580437,237617,3881393,3818054,82.4266225686768,81.0815333579533,90
-7.6926,53.28823,2021/12/08 00:00:00+00,Wed 08 Dec 2021,817,1435,0,3644593,3581872,237617,3882210,3819489,82.4439726671179,81.1120075210659,91
-7.6926,53.28823,2021/12/09 00:00:00+00,Thu 09 Dec 2021,800,1143,0,3645393,3583015,237617,3883010,3820632,82.4609617475987,81.136280669803,92
-7.6926,53.28823,2021/12/10 00:00:00+00,Fri 10 Dec 2021,883,1533,1,3646276,3584548,237618,3883894,3822166,82.4797346815301,81.1688572316251,93
-7.6926,53.28823,2021/12/11 00:00:00+00,Sat 11 Dec 2021,639,822,0,3646915,3585370,237618,3884533,3822988,82.4933047095642,81.1863135118192,94
-7.6926,53.28823,2021/12/12 00:00:00+00,Sun 12 Dec 2021,690,1188,0,3647605,3586558,237618,3885223,3824176,82.507957791479,81.2115422963333,95
-7.6926,53.28823,2021/12/13 00:00:00+00,Mon 13 Dec 2021,714,1026,0,3648319,3587584,237618,3885937,3825202,82.5231205458082,81.23333079205,96
-7.6926,53.28823,2021/12/14 00:00:00+00,Tue 14 Dec 2021,623,1136,1,3648942,3588720,237619,3886561,3826339,82.5363720285833,81.2574765226835,97
-7.6926,53.28823,2021/12/15 00:00:00+00,Wed 15 Dec 2021,792,1162,1,3649734,3589882,237620,3887354,3827502,82.55321245461,81.2821743984326,98
-7.6926,53.28823,2021/12/16 00:00:00+00,Thu 16 Dec 2021,1050,1420,7,3650784,3591302,237627,3888411,3828929,82.5756592771953,81.3124786707404,99
-7.6926,53.28823,2021/12/17 00:00:00+00,Fri 17 Dec 2021,1192,2352,1,3651976,3593654,237628,3889604,3831282,82.6009942434624,81.3624478037048,100
-7.6926,53.28823,2021/12/18 00:00:00+00,Sat 18 Dec 2021,1261,1135,0,3653237,3594789,237628,3890865,3832417,82.6277732815704,81.386551061637,101
-7.6926,53.28823,2021/12/19 00:00:00+00,Sun 19 Dec 2021,553,862,1,3653790,3595651,237629,3891419,3833280,82.6395382198035,81.4048780322058,102
-7.6926,53.28823,2021/12/20 00:00:00+00,Mon 20 Dec 2021,541,521,0,3654331,3596172,237629,3891960,3833801,82.6510270854786,81.4159421708689,103
-7.6926,53.28823,2021/12/21 00:00:00+00,Tue 21 Dec 2021,1447,1695,2,3655778,3597867,237631,3893409,3835498,82.6817985574996,81.451980257839,104
-7.6926,53.28823,2021/12/22 00:00:00+00,Wed 22 Dec 2021,1239,1446,2,3657017,3599313,237633,3894650,3836946,82.7081528685956,81.4827304935094,105
-7.6926,53.28823,2021/12/23 00:00:00+00,Thu 23 Dec 2021,938,1250,0,3657955,3600563,237633,3895588,3838196,82.7280725654595,81.5092759317608,106
-7.6926,53.28823,2021/12/24 00:00:00+00,Fri 24 Dec 2021,98,119,0,3658053,3600682,237633,3895686,3838315,82.7301537278184,81.5118030574823,107
-7.6926,53.28823,2021/12/26 00:00:00+00,Sun 26 Dec 2021,5,5,0,3658058,3600687,237633,3895691,3838320,82.7302599095714,81.5119092392354,108
-7.6926,53.28823,2021/12/27 00:00:00+00,Mon 27 Dec 2021,382,576,0,3658440,3601263,237633,3896073,3838896,82.738372195501,81.5241413771816,109
-7.6926,53.28823,2021/12/28 00:00:00+00,Tue 28 Dec 2021,446,719,0,3658886,3601982,237633,3896519,3839615,82.7478436078691,81.5394103132638,110
-7.6926,53.28823,2021/12/29 00:00:00+00,Wed 29 Dec 2021,1063,1205,0,3659949,3603187,237633,3897582,3840820,82.7704178485581,81.5650001157381,111
-7.6926,53.28823,2021/12/30 00:00:00+00,Thu 30 Dec 2021,1037,1106,2,3660986,3604293,237635,3898621,3841928,82.7924824168326,81.5885299922041,112
-7.6926,53.28823,2021/12/31 00:00:00+00,Fri 31 Dec 2021,712,1635,0,3661698,3605928,237635,3899333,3843563,82.8076026984606,81.6232514254369,113
-7.6926,53.28823,2022/01/01 00:00:00+00,Sat 01 Jan 2022,64,91,1,3661762,3606019,237636,3899398,3843655,82.8089830612497,81.6252051696923,114
-7.6926,53.28823,2022/01/02 00:00:00+00,Sun 02 Jan 2022,267,611,0,3662029,3606630,237636,3899665,3844266,82.8146531668602,81.6381805799095,115
-7.6926,53.28823,2022/01/03 00:00:00+00,Mon 03 Jan 2022,3619,696,0,3665648,3607326,237636,3903284,3844962,82.8915075196856,81.6529610799279,116
-7.6926,53.28823,2022/01/04 00:00:00+00,Tue 04 Jan 2022,1169,696,0,3666817,3608022,237636,3904453,3845658,82.9163328135383,81.6677415799463,117
-7.6926,53.28823,2022/01/05 00:00:00+00,Wed 05 Jan 2022,2125,786,0,3668942,3608808,237636,3906578,3846444,82.9614600585656,81.6844333515187,118
-7.6926,53.28823,2022/01/06 00:00:00+00,Thu 06 Jan 2022,2436,1538,0,3671378,3610346,237636,3909014,3847982,83.0131918086299,81.7170948587432,119
-7.6926,53.28823,2022/01/07 00:00:00+00,Fri 07 Jan 2022,4789,653,0,3676167,3610999,237636,3913803,3848635,83.1148926916586,81.7309621956857,120
-7.6926,53.28823,2022/01/08 00:00:00+00,Sat 08 Jan 2022,9771,678,0,3685938,3611677,237636,3923574,3849313,83.322393073382,81.7453604413933,121
-7.6926,53.28823,2022/01/09 00:00:00+00,Sun 09 Jan 2022,7095,650,0,3693033,3612327,237636,3930669,3849963,83.4730649808968,81.759164069284,122
-7.6926,53.28823,2022/01/10 00:00:00+00,Mon 10 Jan 2022,6616,406,0,3699649,3612733,237636,3937285,3850369,83.6135646764738,81.7677860276281,123
-7.6926,53.28823,2022/01/11 00:00:00+00,Tue 11 Jan 2022,4719,1224,1,3704368,3613957,237637,3942005,3851594,83.713800251311,81.7938005571144,124
-7.6926,53.28823,2022/01/12 00:00:00+00,Wed 12 Jan 2022,7485,742,1,3711853,3614699,237638,3949491,3852337,83.8727755719109,81.809579165611,125
-7.6926,53.28823,2022/01/13 00:00:00+00,Thu 13 Jan 2022,7210,648,0,3719063,3615347,237638,3956701,3852985,84.0258896597448,81.8233403208006,126
-7.6926,53.28823,2022/01/14 00:00:00+00,Fri 14 Jan 2022,10611,635,0,3729674,3615982,237638,3967312,3853620,84.2512285759731,81.8368254034323,127
-7.6926,53.28823,2022/01/15 00:00:00+00,Sat 15 Jan 2022,8282,571,0,3737956,3616553,237638,3975594,3854191,84.4271080316515,81.8489513596255,128
-7.6926,53.28823,2022/01/16 00:00:00+00,Sun 16 Jan 2022,6950,1184,1,3744906,3617737,237639,3982545,3855376,84.5747219046798,81.8741164350878,129
-7.6926,53.28823,2021/05/04 23:00:00+00,Wed 05 May 2021,31952,13359,66,1277840,501395,223,1278063,501618,27.1413939583007,10.6525357158253,130
-7.6926,53.28823,2020/12/29 00:00:00+00,Tue 29 Dec 2020,71,1,0,214,21,6,220,27,0.00467199713224321,0.000573381466229849,131
-7.6926,53.28823,2020/12/30 00:00:00+00,Wed 30 Dec 2020,1050,0,0,1264,21,6,1270,27,0.026970165263404,0.000573381466229849,132
-7.6926,53.28823,2021/05/05 23:00:00+00,Thu 06 May 2021,37139,14307,121,1314979,515702,344,1315323,516046,27.9326603816979,10.9589337822981,133
-7.6926,53.28823,2020/12/31 00:00:00+00,Thu 31 Dec 2020,1023,1,0,2287,22,6,2293,28,0.048694951928335,0.000594617816830955,134
-7.6926,53.28823,2021/05/06 23:00:00+00,Fri 07 May 2021,40445,15003,87,1355424,530705,431,1355855,531136,28.7934121442619,11.2793903128688,135
-7.6926,53.28823,2021/01/01 00:00:00+00,Fri 01 Jan 2021,801,0,0,3088,22,6,3094,28,0.0657052687598205,0.000594617816830955,136
-7.6926,53.28823,2021/05/07 23:00:00+00,Sat 08 May 2021,25473,6982,6,1380897,537687,437,1381334,538124,29.3344931212275,11.4277899308693,137
-7.6926,53.28823,2021/01/02 00:00:00+00,Sat 02 Jan 2021,1011,0,0,4099,22,6,4105,28,0.0871752192175382,0.000594617816830955,138
-7.6926,53.28823,2021/05/08 23:00:00+00,Sun 09 May 2021,19588,884,1,1400485,538571,438,1400923,539009,29.7504919931526,11.4465841011513,139
-7.6926,53.28823,2021/01/03 00:00:00+00,Sun 03 Jan 2021,17,2,0,4116,24,6,4122,30,0.087536237177757,0.000637090518033166,140
-7.6926,53.28823,2021/05/09 23:00:00+00,Mon 10 May 2021,28673,4558,165,1429158,543129,603,1429761,543732,30.3629058717872,11.5468833850403,141
-7.6926,53.28823,2021/05/10 23:00:00+00,Tue 11 May 2021,33790,14743,145,1462948,557872,748,1463696,558620,31.0835614294357,11.8630501727896,142
-7.6926,53.28823,2021/01/04 00:00:00+00,Mon 04 Jan 2021,1178,2,0,5294,26,6,5300,32,0.112552658185859,0.000679563219235377,143
-7.6926,53.28823,2021/05/11 23:00:00+00,Wed 12 May 2021,31138,20854,148,1494086,578726,896,1494982,579622,31.7479618943419,12.309056008114,144
-7.6926,53.28823,2021/01/05 00:00:00+00,Tue 05 Jan 2021,3504,4,0,8798,30,6,8804,36,0.186964830692133,0.000764508621639799,145
-7.6926,53.28823,2021/01/06 00:00:00+00,Wed 06 Jan 2021,6755,5,0,15553,35,6,15559,41,0.330416379002601,0.000870690374645326,146
-7.6926,53.28823,2021/01/07 00:00:00+00,Thu 07 Jan 2021,11709,4,0,27262,39,6,27268,45,0.579072808190945,0.000955635777049748,147
-7.6926,53.28823,2021/01/08 00:00:00+00,Fri 08 Jan 2021,12658,5,0,39920,44,6,39926,50,0.847882534099739,0.00106181753005528,148
-7.6926,53.28823,2021/01/09 00:00:00+00,Sat 09 Jan 2021,8065,3,0,47985,47,6,47991,53,1.01915370169766,0.00112552658185859,149
-7.6926,53.28823,2021/01/10 00:00:00+00,Sun 10 Jan 2021,4757,1,1,52742,48,7,52749,55,1.12019625785772,0.0011679992830608,150
-7.6926,53.28823,2021/01/11 00:00:00+00,Mon 11 Jan 2021,8321,4,0,61063,52,7,61070,59,1.29690393120951,0.00125294468546523,151
-7.6926,53.28823,2021/01/12 00:00:00+00,Tue 12 Jan 2021,8850,6,0,69913,58,7,69920,65,1.4848456340293,0.00138036278907186,152
-7.6926,53.28823,2021/01/13 00:00:00+00,Wed 13 Jan 2021,9856,4,0,79769,62,7,79776,69,1.69415110555379,0.00146530819147628,153
-7.6926,53.28823,2021/01/14 00:00:00+00,Thu 14 Jan 2021,8047,2,0,87816,64,7,87823,71,1.86504001884089,0.00150778089267849,154
-7.6926,53.28823,2021/01/15 00:00:00+00,Fri 15 Jan 2021,7652,2,0,95468,66,7,95475,73,2.02754057364055,0.0015502535938807,155
-7.6926,53.28823,2021/01/16 00:00:00+00,Sat 16 Jan 2021,5207,3,0,100675,69,7,100682,76,2.13811825122051,0.00161396264568402,156
-7.6926,53.28823,2021/01/17 00:00:00+00,Sun 17 Jan 2021,1101,4,0,101776,73,7,101783,80,2.16149947323232,0.00169890804808844,157
-7.6926,53.28823,2021/01/18 00:00:00+00,Mon 18 Jan 2021,8674,4,0,110450,77,7,110457,84,2.34570357834631,0.00178385345049286,158
-7.6926,53.28823,2021/01/19 00:00:00+00,Tue 19 Jan 2021,8354,15,0,118804,92,7,118811,99,2.52311205126795,0.00210239870950945,159
-7.6926,53.28823,2021/01/20 00:00:00+00,Wed 20 Jan 2021,8428,957,0,127232,1049,7,127239,1056,2.70209201413407,0.0224255862347674,160
-7.6926,53.28823,2021/01/21 00:00:00+00,Thu 21 Jan 2021,8950,956,0,136182,2005,7,136189,2012,2.89215735201396,0.0427275374094243,161
-7.6926,53.28823,2021/01/22 00:00:00+00,Fri 22 Jan 2021,6737,962,0,142919,2967,7,142926,2974,3.03522664601361,0.0631569066876878,162
-7.6926,53.28823,2021/01/23 00:00:00+00,Sat 23 Jan 2021,4156,456,0,147075,3423,7,147082,3430,3.1234849191118,0.0728406825617919,163
-7.6926,53.28823,2021/01/24 00:00:00+00,Sun 24 Jan 2021,1171,396,0,148246,3819,7,148253,3826,3.1483526856657,0.0812502773998297,164
-7.6926,53.28823,2021/01/25 00:00:00+00,Mon 25 Jan 2021,1334,1282,0,149580,5101,7,149587,5108,3.17668197736757,0.108475278870447,165
-7.6926,53.28823,2021/01/26 00:00:00+00,Tue 26 Jan 2021,986,3495,0,150566,8596,7,150573,8603,3.19762101906026,0.182696324221311,166
-7.6926,53.28823,2021/01/27 00:00:00+00,Wed 27 Jan 2021,2141,6694,0,152707,15290,7,152714,15297,3.24308804569723,0.324852455145111,167
-7.6926,53.28823,2021/01/28 00:00:00+00,Thu 28 Jan 2021,953,11537,0,153660,26827,7,153667,26834,3.26332628782008,0.569856232030066,168
-7.6926,53.28823,2021/01/29 00:00:00+00,Fri 29 Jan 2021,1540,11523,0,155200,38350,7,155207,38357,3.29603026774579,0.814562700006604,169
-7.6926,53.28823,2021/01/30 00:00:00+00,Sat 30 Jan 2021,608,7793,0,155808,46143,7,155815,46150,3.30894196891126,0.98005758024102,170
-7.6926,53.28823,2021/01/31 00:00:00+00,Sun 31 Jan 2021,205,4080,0,156013,50223,7,156020,50230,3.31329542078448,1.06670189069353,171
-7.6926,53.28823,2021/02/01 00:00:00+00,Mon 01 Feb 2021,983,8331,0,156996,58554,7,157003,58561,3.33417075342537,1.24362192755134,172
-7.6926,53.28823,2021/02/02 00:00:00+00,Tue 02 Feb 2021,806,5096,0,157802,63650,7,157809,63657,3.35128725200986,1.35184237021457,173
-7.6926,53.28823,2021/02/03 00:00:00+00,Wed 03 Feb 2021,1364,6859,0,159166,70509,7,159173,70516,3.38025363422977,1.49750249898756,174
-7.6926,53.28823,2021/02/04 00:00:00+00,Thu 04 Feb 2021,1390,10531,0,160556,81040,7,160563,81047,3.40977216156531,1.7211425071678,175
-7.6926,53.28823,2021/02/05 00:00:00+00,Fri 05 Feb 2021,3359,8604,0,163915,89644,7,163922,89651,3.48110506323442,1.90386006773971,176
-7.6926,53.28823,2021/02/06 00:00:00+00,Sat 06 Feb 2021,876,3862,0,164791,93506,7,164798,93513,3.49970810636099,1.98587485376118,177
-7.6926,53.28823,2021/02/07 00:00:00+00,Sun 07 Feb 2021,305,1295,1,165096,94801,8,165104,94809,3.50620642964493,2.01339716414021,178
-7.6926,53.28823,2021/02/08 00:00:00+00,Mon 08 Feb 2021,1128,870,0,166224,95671,8,166232,95679,3.53016103312297,2.03187278916318,179
-7.6926,53.28823,2021/02/09 00:00:00+00,Tue 09 Feb 2021,4207,528,1,170431,96199,9,170440,96208,3.61952359645243,2.04310681863116,180
-7.6926,53.28823,2021/02/10 00:00:00+00,Wed 10 Feb 2021,8792,575,0,179223,96774,9,179232,96783,3.80623359093734,2.0553177202268,181
-7.6926,53.28823,2021/02/11 00:00:00+00,Thu 11 Feb 2021,6140,433,0,185363,97207,9,185372,97216,3.93662478362813,2.06451306003707,182
-7.6926,53.28823,2021/02/12 00:00:00+00,Fri 12 Feb 2021,4356,515,0,189719,97722,9,189728,97731,4.02913032684655,2.07544978059664,183
-7.6926,53.28823,2021/02/13 00:00:00+00,Sat 13 Feb 2021,1186,1908,0,190905,99630,9,190914,99639,4.05431663865946,2.11596873754355,184
-7.6926,53.28823,2021/02/14 00:00:00+00,Sun 14 Feb 2021,2674,19,0,193579,99649,9,193588,99658,4.11110264016682,2.11637222820497,185
-7.6926,53.28823,2021/02/15 00:00:00+00,Mon 15 Feb 2021,1929,7868,0,195508,107517,9,195517,107526,4.15206756047635,2.28345983473447,186
-7.6926,53.28823,2021/02/16 00:00:00+00,Tue 16 Feb 2021,5603,8147,0,201111,115664,9,201120,115673,4.27105483289434,2.45647238308168,187
-7.6926,53.28823,2021/02/17 00:00:00+00,Wed 17 Feb 2021,9701,8458,0,210812,124122,9,210821,124131,4.47706867007567,2.63608943646583,188
-7.6926,53.28823,2021/02/18 00:00:00+00,Thu 18 Feb 2021,8435,8326,0,219247,132448,9,219256,132457,4.65619728739599,2.81290329157063,189
-7.6926,53.28823,2021/02/19 00:00:00+00,Fri 19 Feb 2021,9362,6572,0,228609,139020,9,228618,139029,4.85501200172354,2.9524685877211,190
-7.6926,53.28823,2021/02/20 00:00:00+00,Sat 20 Feb 2021,5859,3564,1,234468,142584,10,234478,142594,4.97945701624602,3.02817617761404,191
-7.6926,53.28823,2021/02/21 00:00:00+00,Sun 21 Feb 2021,1090,1015,4,235558,143599,14,235572,143613,5.00268958380363,3.04981601887657,192
-7.6926,53.28823,2021/02/22 00:00:00+00,Mon 22 Feb 2021,3919,1102,1,239477,144701,15,239492,144716,5.08593607815996,3.07323971358959,193
-7.6926,53.28823,2021/02/23 00:00:00+00,Tue 23 Feb 2021,13328,1054,0,252805,145755,15,252820,145770,5.3689741589715,3.09562282712315,194
-7.6926,53.28823,2021/02/24 00:00:00+00,Wed 24 Feb 2021,16891,2087,2,269696,147842,17,269713,147859,5.72771982967597,3.13998556352886,195
-7.6926,53.28823,2021/02/25 00:00:00+00,Thu 25 Feb 2021,18022,1740,1,287718,149582,18,287736,149600,6.1104625765597,3.17695804992539,196
-7.6926,53.28823,2021/02/26 00:00:00+00,Fri 26 Feb 2021,16052,2750,0,303770,152332,18,303788,152350,6.45134847640864,3.23535801407843,197
-7.6926,53.28823,2021/02/27 00:00:00+00,Sat 27 Feb 2021,8945,697,1,312715,153029,19,312734,153048,6.64132886888613,3.250180986798,198
-7.6926,53.28823,2021/02/28 00:00:00+00,Sun 28 Feb 2021,2421,46,1,315136,153075,20,315156,153095,6.69276331004201,3.25117909527625,199
-7.6926,53.28823,2021/03/01 00:00:00+00,Mon 01 Mar 2021,5546,778,0,320682,153853,20,320702,153873,6.81054011047574,3.26770097604391,200
-7.6926,53.28823,2021/03/02 00:00:00+00,Tue 02 Mar 2021,12139,1591,0,332821,155444,20,332841,155464,7.06832817042256,3.30148800985027,201
-7.6926,53.28823,2021/03/03 00:00:00+00,Wed 03 Mar 2021,12817,1491,1,345638,156935,21,345659,156956,7.34053571242753,3.33317264494712,202
-7.6926,53.28823,2021/03/04 00:00:00+00,Thu 04 Mar 2021,18679,1676,2,364317,158611,23,364340,158634,7.73725197800679,3.36880724125577,203
-7.6926,53.28823,2021/03/05 00:00:00+00,Fri 05 Mar 2021,18379,2380,5,382696,160991,28,382724,161019,8.12766104745751,3.41945593743941,204
-7.6926,53.28823,2021/03/06 00:00:00+00,Sat 06 Mar 2021,10398,124,1,393094,161115,29,393123,161144,8.34849785735841,3.42211048126455,205
-7.6926,53.28823,2021/03/07 00:00:00+00,Sun 07 Mar 2021,1492,7,1,394586,161122,30,394616,161152,8.38020372880586,3.42228037206936,206
-7.6926,53.28823,2021/03/08 00:00:00+00,Mon 08 Mar 2021,6607,1480,2,401193,162602,32,401225,162634,8.52055476992856,3.4537526436602,207
-7.6926,53.28823,2021/03/09 00:00:00+00,Tue 09 Mar 2021,13752,3084,2,414945,165686,34,414979,165720,8.81263953609617,3.51928802161521,208
-7.6926,53.28823,2021/03/10 00:00:00+00,Wed 10 Mar 2021,13656,3967,3,428601,169653,37,428638,169690,9.10270684895667,3.6035963335016,209
-7.6926,53.28823,2021/03/11 00:00:00+00,Thu 11 Mar 2021,18396,2081,1,446997,171734,38,447035,171772,9.49339199096521,3.6478104154531,210
-7.6926,53.28823,2021/03/12 00:00:00+00,Fri 12 Mar 2021,17253,1324,2,464250,173058,40,464290,173098,9.85982522058728,3.67596981635016,211
-7.6926,53.28823,2021/03/13 00:00:00+00,Sat 13 Mar 2021,8238,163,0,472488,173221,40,472528,173261,10.0347702768392,3.67943134149814,212
-7.6926,53.28823,2021/03/14 00:00:00+00,Sun 14 Mar 2021,344,13,1,472832,173234,41,472873,173275,10.0420968177966,3.67972865040656,213
-7.6926,53.28823,2021/03/15 00:00:00+00,Mon 15 Mar 2021,2579,977,0,475411,174211,41,475452,174252,10.0968653659968,3.70047656494384,214
-7.6926,53.28823,2021/03/16 00:00:00+00,Tue 16 Mar 2021,8873,3796,0,484284,178007,41,484325,178048,10.2852955048804,3.78108975182564,215
-7.6926,53.28823,2021/03/17 00:00:00+00,Wed 17 Mar 2021,4835,2397,6,489119,180404,47,489166,180451,10.3881006781404,3.83212070232009,216
-7.6926,53.28823,2021/03/18 00:00:00+00,Thu 18 Mar 2021,11644,4665,2,500763,185069,49,500812,185118,10.6354192172409,3.93123075057545,217
-7.6926,53.28823,2021/03/19 00:00:00+00,Fri 19 Mar 2021,10269,6100,1,511032,191169,50,511082,191219,10.8535165379142,4.0607937255928,218
-7.6926,53.28823,2021/03/20 00:00:00+00,Sat 20 Mar 2021,5160,3096,2,516192,194265,52,516244,194317,10.9631385797171,4.12658393975502,219
-7.6926,53.28823,2021/03/21 00:00:00+00,Sun 21 Mar 2021,3578,42,1,519770,194307,53,519823,194360,11.0391434785185,4.12749710283087,220
-7.6926,53.28823,2021/03/22 00:00:00+00,Mon 22 Mar 2021,7329,2382,0,527099,196689,53,527152,196742,11.194784692074,4.1780820899627,221
-7.6926,53.28823,2021/03/23 00:00:00+00,Tue 23 Mar 2021,12487,7362,2,539586,204051,55,539641,204106,11.4600054747312,4.33446657578924,222
-7.6926,53.28823,2021/03/24 00:00:00+00,Wed 24 Mar 2021,13531,9747,0,553117,213798,55,553172,213853,11.7473545347147,4.54145728509822,223
-7.6926,53.28823,2021/03/25 00:00:00+00,Thu 25 Mar 2021,20778,10194,2,573895,223992,57,573952,224049,12.1886459002057,4.75798311582709,224
-7.6926,53.28823,2021/03/26 00:00:00+00,Fri 26 Mar 2021,19621,9453,1,593516,233445,58,593574,233503,12.6053455717006,4.95875157440994,225
-7.6926,53.28823,2021/03/27 00:00:00+00,Sat 27 Mar 2021,11664,5310,0,605180,238755,58,605238,238813,12.8530463651119,5.07151659610181,226
-7.6926,53.28823,2021/03/28 00:00:00+00,Sun 28 Mar 2021,2435,470,0,607615,239225,58,607673,239283,12.9047568788256,5.08149768088433,227
-7.6926,53.28823,2021/03/28 23:00:00+00,Mon 29 Mar 2021,9190,3084,3,616805,242309,61,616866,242370,13.0999826499016,5.14705429518995,228
-7.6926,53.28823,2021/03/29 23:00:00+00,Tue 30 Mar 2021,13252,8633,1,630057,250942,62,630119,251004,13.381428004418,5.33040894627989,229
-7.6926,53.28823,2021/03/30 23:00:00+00,Wed 31 Mar 2021,15713,10441,1,645770,261383,63,645833,261446,13.7151360177638,5.55215891925663,230
-7.6926,53.28823,2021/03/31 23:00:00+00,Thu 01 Apr 2021,19595,11587,4,665365,272970,67,665432,273037,14.1313472531949,5.79830945907405,231
-7.6926,53.28823,2021/04/01 23:00:00+00,Fri 02 Apr 2021,20053,13684,4,685418,286654,71,685489,286725,14.5572847372012,6.08899262610198,232
-7.6926,53.28823,2021/04/02 23:00:00+00,Sat 03 Apr 2021,7478,4609,0,692896,291263,71,692967,291334,14.7160901669963,6.18687096602248,233
-7.6926,53.28823,2021/04/03 23:00:00+00,Sun 04 Apr 2021,2973,160,0,695869,291423,71,695940,291494,14.7792258373334,6.19026878211865,234
-7.6926,53.28823,2021/04/04 23:00:00+00,Mon 05 Apr 2021,3371,584,3,699240,292007,74,699314,292081,14.8508772842615,6.2027345199215,235
-7.6926,53.28823,2021/04/05 23:00:00+00,Tue 06 Apr 2021,11885,8122,5,711125,300129,79,711204,300208,15.1033774929087,6.37532234125669,236
-7.6926,53.28823,2021/04/06 23:00:00+00,Wed 07 Apr 2021,18244,10428,3,729369,310557,82,729451,310639,15.490877182327,6.59683871437682,237
-7.6926,53.28823,2021/04/07 23:00:00+00,Thu 08 Apr 2021,20076,10527,8,749445,321084,90,749535,321174,15.9173880477996,6.82056366795946,238
-7.6926,53.28823,2021/04/08 23:00:00+00,Fri 09 Apr 2021,20614,9118,9,770059,330202,99,770158,330301,16.3553453062462,7.01438783989576,239
-7.6926,53.28823,2021/04/09 23:00:00+00,Sat 10 Apr 2021,11078,4135,8,781137,334337,107,781244,334444,16.5907714890101,7.10237004043613,240
-7.6926,53.28823,2021/04/10 23:00:00+00,Sun 11 Apr 2021,2801,332,1,783938,334669,108,784046,334777,16.6502757433944,7.1094417451863,241
-7.6926,53.28823,2021/04/11 23:00:00+00,Mon 12 Apr 2021,7695,2744,6,791633,337413,114,791747,337527,16.8138168793735,7.16784170933934,242
-7.6926,53.28823,2021/04/12 23:00:00+00,Tue 13 Apr 2021,11418,8544,0,803051,345957,114,803165,346071,17.0562935305369,7.34928508887519,243
-7.6926,53.28823,2021/04/13 23:00:00+00,Wed 14 Apr 2021,20258,6547,2,823309,352504,116,823425,352620,17.4865419937153,7.48836194896183,244
-7.6926,53.28823,2021/04/14 23:00:00+00,Thu 15 Apr 2021,27028,10741,1,850337,363245,117,850454,363362,18.0605393141126,7.7164828271189,245
-7.6926,53.28823,2021/04/15 23:00:00+00,Fri 16 Apr 2021,27889,9783,1,878226,373028,118,878344,373146,18.6528211323774,7.92425928140012,246
-7.6926,53.28823,2021/04/16 23:00:00+00,Sat 17 Apr 2021,15765,4511,1,893991,377539,119,894110,377658,18.9876334359545,8.02007769531231,247
-7.6926,53.28823,2021/04/17 23:00:00+00,Sun 18 Apr 2021,1020,444,0,895011,377983,119,895130,378102,19.0092945135676,8.0295066349792,248
-7.6926,53.28823,2021/04/18 23:00:00+00,Mon 19 Apr 2021,6671,2201,0,901682,380184,119,901801,380303,19.1509622084276,8.07624784265223,249
-7.6926,53.28823,2021/04/19 23:00:00+00,Tue 20 Apr 2021,14982,7253,0,916664,387437,119,916783,387556,19.4691252131333,8.23027509356205,250
-7.6926,53.28823,2021/04/20 23:00:00+00,Wed 21 Apr 2021,26594,9797,1,943258,397234,120,943378,397354,20.0339059573697,8.43834885675168,251
-7.6926,53.28823,2021/04/21 23:00:00+00,Thu 22 Apr 2021,31538,12128,0,974796,409362,120,974916,409482,20.7036579826274,8.69590331684189,252
-7.6926,53.28823,2021/04/22 23:00:00+00,Fri 23 Apr 2021,33503,12325,0,1008299,421687,120,1008419,421807,21.4151394368162,8.95764133800052,253
-7.6926,53.28823,2021/04/23 23:00:00+00,Sat 24 Apr 2021,23583,6954,0,1031882,428641,120,1032002,428761,21.9159562930421,9.1053189200806,254
-7.6926,53.28823,2021/04/24 23:00:00+00,Sun 25 Apr 2021,9695,264,1,1041577,428905,121,1041698,429026,22.1218639484704,9.1109465529899,255
-7.6926,53.28823,2021/04/25 23:00:00+00,Mon 26 Apr 2021,15493,2995,1,1057070,431900,122,1057192,432022,22.4508999646839,9.17457065939081,256
-7.6926,53.28823,2021/04/26 23:00:00+00,Tue 27 Apr 2021,25812,7745,4,1082882,439645,126,1083008,439771,22.9991375918021,9.33913114019878,257
-7.6926,53.28823,2021/04/27 23:00:00+00,Wed 28 Apr 2021,25935,8534,4,1108817,448179,130,1108947,448309,23.5499872900442,9.52044710163102,258
-7.6926,53.28823,2021/04/28 23:00:00+00,Thu 29 Apr 2021,31601,11266,1,1140418,459445,131,1140549,459576,24.2210984417403,9.75971706385367,259
-7.6926,53.28823,2021/04/29 23:00:00+00,Fri 30 Apr 2021,35999,13470,2,1176417,472915,133,1176550,473048,24.9856282997307,10.0458131791518,260
-7.6926,53.28823,2021/04/30 23:00:00+00,Sat 01 May 2021,16451,6639,8,1192868,479554,141,1193009,479695,25.3351573942743,10.1869712015973,261
-7.6926,53.28823,2021/05/01 23:00:00+00,Sun 02 May 2021,12354,875,6,1205222,480429,147,1205369,480576,25.597638687704,10.2056804264769,262
-7.6926,53.28823,2021/05/02 23:00:00+00,Mon 03 May 2021,14154,883,8,1219376,481312,155,1219531,481467,25.8983878849168,10.2246020148625,263
-7.6926,53.28823,2021/05/03 23:00:00+00,Tue 04 May 2021,26512,6724,2,1245888,488036,157,1246045,488193,26.4614484847545,10.3674377090055,264
-7.6926,53.28823,2021/05/12 23:00:00+00,Thu 13 May 2021,35850,25413,137,1529936,604139,1033,1530969,605172,32.5121944434239,12.8516447659722,265
-7.6926,53.28823,2021/05/13 23:00:00+00,Fri 14 May 2021,38058,27896,225,1567994,632035,1258,1569252,633293,33.325185653486,13.4488321812259,266
-7.6926,53.28823,2021/05/14 23:00:00+00,Sat 15 May 2021,28702,12379,5,1596696,644414,1263,1597959,645677,33.934817570192,13.71182314707,267
-7.6926,53.28823,2021/05/15 23:00:00+00,Sun 16 May 2021,23065,1128,4,1619761,645542,1267,1621028,646809,34.4247189422089,13.7358626959505,268
-7.6926,53.28823,2021/05/16 23:00:00+00,Mon 17 May 2021,35261,3886,109,1655022,649428,1376,1656398,650804,35.17584866297,13.8207019166019,269
-7.6926,53.28823,2021/05/17 23:00:00+00,Tue 18 May 2021,38893,12406,112,1693915,661834,1488,1695403,663322,36.0041725181661,14.0865385534265,270
-7.6926,53.28823,2021/05/18 23:00:00+00,Wed 19 May 2021,36862,17516,195,1730777,679350,1683,1732460,681033,36.7911279623913,14.4626555589227,271
-7.6926,53.28823,2021/05/19 23:00:00+00,Thu 20 May 2021,38915,19595,115,1769692,698945,1798,1771490,700743,37.6199827263524,14.8812240292705,272
-7.6926,53.28823,2021/05/20 23:00:00+00,Fri 21 May 2021,25666,23150,14914,1795358,722095,16712,1812070,738807,38.4817538337453,15.689564478551,273
-7.6926,53.28823,2021/05/21 23:00:00+00,Sat 22 May 2021,16450,10195,13498,1811808,732290,30210,1842018,762500,39.1177400615472,16.192717333343,274
-7.6926,53.28823,2021/05/22 23:00:00+00,Sun 23 May 2021,8121,5485,10199,1819929,737775,40409,1860338,778184,39.5067900045594,16.5257882561707,275
-7.6926,53.28823,2021/05/23 23:00:00+00,Mon 24 May 2021,22367,8137,8434,1842296,745912,48843,1891139,794755,40.1608908394241,16.8776958219816,276
-7.6926,53.28823,2021/05/24 23:00:00+00,Tue 25 May 2021,30125,16418,3210,1872421,762330,52053,1924474,814383,40.8688045867119,17.2945229115801,277
-7.6926,53.28823,2021/05/25 23:00:00+00,Wed 26 May 2021,19766,25333,3033,1892187,787663,55086,1947273,842749,41.3529721440666,17.8969132327311,278
-7.6926,53.28823,2021/05/26 23:00:00+00,Thu 27 May 2021,16832,35911,542,1909019,823574,55628,1964647,879202,41.7219324994102,18.6710419211932,279
-7.6926,53.28823,2021/05/27 23:00:00+00,Fri 28 May 2021,26843,31742,1526,1935862,855316,57154,1993016,912470,42.3243865296129,19.3775328329908,280
-7.6926,53.28823,2021/05/28 23:00:00+00,Sat 29 May 2021,24317,7340,507,1960179,862656,57661,2017840,920317,42.8515576969348,19.5441744761576,281
-7.6926,53.28823,2021/05/29 23:00:00+00,Sun 30 May 2021,24130,1624,196,1984309,864280,57857,2042166,922137,43.3681531616573,19.5828246342516,282
-7.6926,53.28823,2021/05/30 23:00:00+00,Mon 31 May 2021,22367,7257,3417,2006676,871537,61274,2067950,932811,43.9157112255562,19.8095014405678,283
-7.6926,53.28823,2021/05/31 23:00:00+00,Tue 01 Jun 2021,27306,11408,3622,2033982,882945,64896,2098878,947841,44.5725090769472,20.1286837901025,284
-7.6926,53.28823,2021/06/01 23:00:00+00,Wed 02 Jun 2021,18455,20806,3973,2052437,903751,68869,2121306,972620,45.0487979482288,20.6548993216473,285
-7.6926,53.28823,2021/06/02 23:00:00+00,Thu 03 Jun 2021,16496,30595,1958,2068933,934346,70827,2139760,1005173,45.4406935622216,21.346206242765,286
-7.6926,53.28823,2021/06/03 23:00:00+00,Fri 04 Jun 2021,28840,23247,126,2097773,957593,70953,2168726,1028546,46.0558256937332,21.8425634653647,287
-7.6926,53.28823,2021/06/04 23:00:00+00,Sat 05 Jun 2021,20768,11404,11,2118541,968997,70964,2189505,1039961,46.4970958228735,22.0849764074763,288
-7.6926,53.28823,2021/06/05 23:00:00+00,Sun 06 Jun 2021,19787,3835,17,2138328,972832,70981,2209309,1043813,46.9176605101778,22.1667788299918,289
-7.6926,53.28823,2021/06/06 23:00:00+00,Mon 07 Jun 2021,19613,4462,13,2157941,977294,70994,2228935,1048288,47.3344451270751,22.2618114989317,290
-7.6926,53.28823,2021/06/07 23:00:00+00,Tue 08 Jun 2021,26239,18218,21,2184180,995512,71015,2255195,1066527,47.8921116938602,22.6491412975453,291
-7.6926,53.28823,2021/06/08 23:00:00+00,Wed 09 Jun 2021,32593,19996,152,2216773,1015508,71167,2287940,1086675,48.5874959942934,23.0770112894563,292
-7.6926,53.28823,2021/06/09 23:00:00+00,Thu 10 Jun 2021,27484,27365,240,2244257,1042873,71407,2315664,1114280,49.1762525783584,23.6632407477999,293
-7.6926,53.28823,2021/06/10 23:00:00+00,Fri 11 Jun 2021,26248,32779,10,2270505,1075652,71417,2341922,1147069,49.7338766724422,24.3595594476595,294
-7.6926,53.28823,2021/06/11 23:00:00+00,Sat 12 Jun 2021,12035,19615,84,2282540,1095267,71501,2354041,1166768,49.991240005377,24.7778943181507,295
-7.6926,53.28823,2021/06/12 23:00:00+00,Sun 13 Jun 2021,8440,18100,813,2290980,1113367,72314,2363294,1185681,50.1877399574891,25.1795374170694,296
-7.6926,53.28823,2021/06/13 23:00:00+00,Mon 14 Jun 2021,15853,31168,15,2306833,1144535,72329,2379162,1216864,50.5247183688274,25.8417505378637,297
-7.6926,53.28823,2021/06/14 23:00:00+00,Tue 15 Jun 2021,14498,41372,185,2321331,1185907,72514,2393845,1258421,50.8365317047034,26.7242695597938,298
-7.6926,53.28823,2021/06/15 23:00:00+00,Wed 16 Jun 2021,13245,48193,196,2334576,1234100,72710,2407286,1306810,51.1219694931329,27.7518753290307,299
-7.6926,53.28823,2021/06/16 23:00:00+00,Thu 17 Jun 2021,21376,42502,504,2355952,1276602,73214,2429166,1349816,51.5866208442851,28.6651658229819,300
-7.6926,53.28823,2021/06/17 23:00:00+00,Fri 18 Jun 2021,11840,49905,531,2367792,1326507,73745,2441537,1400252,51.8493357375714,29.7362424018992,301
-7.6926,53.28823,2021/06/18 23:00:00+00,Sat 19 Jun 2021,6153,32660,410,2373945,1359167,74155,2448100,1433322,51.9887099065664,30.4385285162778,302
-7.6926,53.28823,2021/06/19 23:00:00+00,Sun 20 Jun 2021,8393,26060,165,2382338,1385227,74320,2456658,1459547,52.1704505950107,30.9954518107918,303
-7.6926,53.28823,2021/06/20 23:00:00+00,Mon 21 Jun 2021,15291,32186,544,2397629,1417413,74864,2472493,1492277,52.5067282067792,31.6905175659659,304
-7.6926,53.28823,2021/06/21 23:00:00+00,Tue 22 Jun 2021,14963,43390,690,2412592,1460803,75554,2488146,1536357,52.8391408027383,32.6266159004627,305
-7.6926,53.28823,2021/06/22 23:00:00+00,Wed 23 Jun 2021,19874,39203,862,2432466,1500006,76416,2508882,1576422,53.2794977688028,33.477450287296,306
-7.6926,53.28823,2021/06/23 23:00:00+00,Thu 24 Jun 2021,18836,44102,1008,2451302,1544108,77424,2528726,1621532,53.7009119101312,34.4354220629118,307
-7.6926,53.28823,2021/06/24 23:00:00+00,Fri 25 Jun 2021,14996,49988,798,2466298,1594096,78222,2544520,1672318,54.036318831525,35.5139313645396,308
-7.6926,53.28823,2021/06/25 23:00:00+00,Sat 26 Jun 2021,8866,30396,469,2475164,1624492,78691,2553855,1703183,54.2345601643863,36.1693913258427,309
-7.6926,53.28823,2021/06/26 23:00:00+00,Sun 27 Jun 2021,8614,30347,40,2483778,1654839,78731,2562509,1733570,54.4183395424883,36.8147003115585,310
-7.6926,53.28823,2021/06/27 23:00:00+00,Mon 28 Jun 2021,24059,24466,475,2507837,1679305,79206,2587043,1758511,54.9393521681358,37.3443561319007,311
-7.6926,53.28823,2021/06/28 23:00:00+00,Tue 29 Jun 2021,27942,30810,767,2535779,1710115,79973,2615752,1790088,55.549026557543,38.0149363748318,312
-7.6926,53.28823,2021/06/29 23:00:00+00,Wed 30 Jun 2021,22347,36649,542,2558126,1746764,80515,2638641,1827279,56.0351053864517,38.8047374900375,313
-7.6926,53.28823,2021/06/30 23:00:00+00,Thu 01 Jul 2021,14691,48127,595,2572817,1794891,81110,2653927,1876001,56.3597242417402,39.8394149640246,314
-7.6926,53.28823,2021/07/01 23:00:00+00,Fri 02 Jul 2021,13447,47066,783,2586264,1841957,81893,2668157,1923850,56.6619175107939,40.8555531039369,315
-7.6926,53.28823,2021/07/02 23:00:00+00,Sat 03 Jul 2021,9154,30278,471,2595418,1872235,82364,2677782,1954599,56.8663173853295,41.5085496485703,316
-7.6926,53.28823,2021/07/03 23:00:00+00,Sun 04 Jul 2021,6333,27681,206,2601751,1899916,82570,2684321,1982486,57.0051818819102,42.1007677577833,317
-7.6926,53.28823,2021/07/04 23:00:00+00,Mon 05 Jul 2021,15341,33203,5310,2617092,1933119,87880,2704972,2020999,57.4437337581736,42.9186433284837,318
-7.6926,53.28823,2021/07/05 23:00:00+00,Tue 06 Jul 2021,12184,48124,5454,2629276,1981243,93334,2722610,2074577,57.8183005100759,44.0564445209897,319
-7.6926,53.28823,2021/07/06 23:00:00+00,Wed 07 Jul 2021,19476,43514,5015,2648752,2024757,98349,2747101,2123106,58.3383999726476,45.0870233793107,320
-7.6926,53.28823,2021/07/07 23:00:00+00,Thu 08 Jul 2021,17590,45389,5957,2666342,2070146,104306,2770648,2174452,58.8384523202518,46.1774250372751,321
-7.6926,53.28823,2021/07/08 23:00:00+00,Fri 09 Jul 2021,13336,44881,6505,2679678,2115027,110811,2790489,2225838,59.2598027525283,47.2686761492635,322
-7.6926,53.28823,2021/07/09 23:00:00+00,Sat 10 Jul 2021,8466,23670,4331,2688144,2138697,115142,2803286,2253839,59.5315643311707,47.8633152024451,323
-7.6926,53.28823,2021/07/10 23:00:00+00,Sun 11 Jul 2021,15128,15997,2136,2703272,2154694,117278,2820550,2271972,59.8981886879482,48.2483939478949,324
-7.6926,53.28823,2021/07/11 23:00:00+00,Mon 12 Jul 2021,16958,31527,6049,2720230,2186221,123327,2843557,2309548,60.3867734062278,49.0463710580821,325
-7.6926,53.28823,2021/07/12 23:00:00+00,Tue 13 Jul 2021,19943,36318,8454,2740173,2222539,131781,2871954,2354320,60.9898220542474,49.9971649471947,326
-7.6926,53.28823,2021/07/13 23:00:00+00,Wed 14 Jul 2021,20633,35452,9301,2760806,2257991,141082,2901888,2399073,61.6255109731409,50.947555345646,327
-7.6926,53.28823,2021/07/14 23:00:00+00,Thu 15 Jul 2021,23451,28605,9535,2784257,2286596,150617,2934874,2437213,62.326013234069,51.7575097575722,328
-7.6926,53.28823,2021/07/15 23:00:00+00,Fri 16 Jul 2021,23406,27137,9130,2807663,2313733,159747,2967410,2473480,63.0169591372265,52.5276884848225,329
-7.6926,53.28823,2021/07/16 23:00:00+00,Sat 17 Jul 2021,11390,19220,4642,2819053,2332953,164389,2983442,2497342,63.3574203100635,53.0344302828661,330
-7.6926,53.28823,2021/07/17 23:00:00+00,Sun 18 Jul 2021,16765,15659,1912,2835818,2348612,166301,3002119,2514913,63.7540516302403,53.4075741992781,331
-7.6926,53.28823,2021/07/18 23:00:00+00,Mon 19 Jul 2021,24705,18186,6205,2860523,2366798,172506,3033029,2539304,64.4104672273205,53.9255500267897,332
-7.6926,53.28823,2021/07/19 23:00:00+00,Tue 20 Jul 2021,30410,17896,7661,2890933,2384694,180167,3071100,2564861,65.2189563310552,54.4682874391021,333
-7.6926,53.28823,2021/07/20 23:00:00+00,Wed 21 Jul 2021,30136,19574,6841,2921069,2404268,187008,3108077,2591276,66.0042128672323,55.0292456402303,334
-7.6926,53.28823,2021/07/21 23:00:00+00,Thu 22 Jul 2021,33360,15670,6895,2954429,2419938,193903,3148332,2613841,66.8590821606797,55.5084438915443,335
-7.6926,53.28823,2021/07/22 23:00:00+00,Fri 23 Jul 2021,26938,20563,5565,2981367,2440501,199468,3180835,2639969,67.5493272642675,56.0633072600499,336
-7.6926,53.28823,2021/07/23 23:00:00+00,Sat 24 Jul 2021,15328,14590,2238,2996695,2455091,201706,3198401,2656797,67.9223649989265,56.4206725679653,337
-7.6926,53.28823,2021/07/24 23:00:00+00,Sun 25 Jul 2021,14642,13511,1023,3011337,2468602,202729,3214066,2671331,68.2550324310928,56.7293216876018,338
-7.6926,53.28823,2021/07/25 23:00:00+00,Mon 26 Jul 2021,23700,17943,3379,3035037,2486545,206108,3241145,2692653,68.8300915690202,57.1821231551186,339
-7.6926,53.28823,2021/07/26 23:00:00+00,Tue 27 Jul 2021,25333,23563,3629,3060370,2510108,209737,3270107,2719845,69.4451387551294,57.7595820006638,340
-7.6926,53.28823,2021/07/27 23:00:00+00,Wed 28 Jul 2021,23302,25010,3232,3083672,2535118,212969,3296641,2748087,70.0086240819791,58.3593390143403,341
-7.6926,53.28823,2021/07/28 23:00:00+00,Thu 29 Jul 2021,19146,27596,2929,3102818,2562714,215898,3318716,2778612,70.4774165214985,59.007578616439,342
-7.6926,53.28823,2021/07/29 23:00:00+00,Fri 30 Jul 2021,21808,22651,2086,3124626,2585365,217984,3342610,2803349,70.9848378827613,59.5329022212586,343
-7.6926,53.28823,2021/07/30 23:00:00+00,Sat 31 Jul 2021,13642,12273,890,3138268,2597638,218874,3357142,2816512,71.2934445296966,59.8124363042209,344
-7.6926,53.28823,2021/07/31 23:00:00+00,Sun 01 Aug 2021,11001,9177,355,3149269,2606815,219229,3368498,2826044,71.5346045271228,60.0148611981506,345
-7.6926,53.28823,2021/08/01 23:00:00+00,Mon 02 Aug 2021,14896,15733,401,3164165,2622548,219630,3383795,2842178,71.8594569822679,60.3574884787489,346
-7.6926,53.28823,2021/08/02 23:00:00+00,Tue 03 Aug 2021,17219,25198,1086,3181384,2647746,220716,3402100,2868462,72.2481883800211,60.9156647179483,347
-7.6926,53.28823,2021/08/03 23:00:00+00,Wed 04 Aug 2021,21985,17025,1557,3203369,2664771,222273,3425642,2887044,72.7481345458723,61.3102785848181,348
-7.6926,53.28823,2021/08/04 23:00:00+00,Thu 05 Aug 2021,13397,29806,1408,3216766,2694577,223681,3440447,2918258,73.0625387165217,61.973150032481,349
-7.6926,53.28823,2021/08/05 23:00:00+00,Fri 06 Aug 2021,12063,24512,928,3228829,2719089,224609,3453438,2943698,73.3384201471807,62.5134027917731,350
-7.6926,53.28823,2021/08/06 23:00:00+00,Sat 07 Aug 2021,6269,8264,565,3235098,2727353,225174,3460272,2952527,73.4835493671886,62.7008985312303,351
-7.6926,53.28823,2021/08/07 23:00:00+00,Sun 08 Aug 2021,8559,11830,145,3243657,2739183,225319,3468976,2964502,73.6683905628206,62.9552038296785,352
-7.6926,53.28823,2021/08/08 23:00:00+00,Mon 09 Aug 2021,5455,22784,587,3249112,2761967,225906,3475018,2987873,73.7967005931525,63.451518579577,353
-7.6926,53.28823,2021/08/09 23:00:00+00,Tue 10 Aug 2021,9237,25739,693,3258349,2787706,226599,3484948,3014305,74.0075775546215,64.0128377986654,354
-7.6926,53.28823,2021/08/10 23:00:00+00,Wed 11 Aug 2021,6914,30969,638,3265263,2818675,227237,3492500,3045912,74.167954474361,64.6840551321145,355
-7.6926,53.28823,2021/08/11 23:00:00+00,Thu 12 Aug 2021,6661,38065,852,3271924,2856740,228089,3500013,3084829,74.3275031764271,65.5105101884577,356
-7.6926,53.28823,2021/08/12 23:00:00+00,Fri 13 Aug 2021,10820,28022,848,3282744,2884762,228937,3511681,3113699,74.5752889152408,66.1236036303117,357
-7.6926,53.28823,2021/08/13 23:00:00+00,Sat 14 Aug 2021,18054,5695,269,3300798,2890457,229206,3530004,3119663,74.9644025673049,66.2502572252967,358
-7.6926,53.28823,2021/08/14 23:00:00+00,Sun 15 Aug 2021,16960,3639,40,3317758,2894096,229246,3547004,3123342,75.3254205275237,66.3283857591581,359
-7.6926,53.28823,2021/08/15 23:00:00+00,Mon 16 Aug 2021,10117,22942,362,3327875,2917038,229608,3557483,3146646,75.5479562454727,66.8232776735663,360
-7.6926,53.28823,2021/08/16 23:00:00+00,Tue 17 Aug 2021,12796,26674,516,3340671,2943712,230124,3570795,3173836,75.8306545446746,67.4006940464104,361
-7.6926,53.28823,2021/08/17 23:00:00+00,Wed 18 Aug 2021,15155,25567,647,3355826,2969279,230771,3586597,3200050,76.1662313568733,67.9573837410677,362
-7.6926,53.28823,2021/08/18 23:00:00+00,Thu 19 Aug 2021,11309,25518,529,3367135,2994797,231300,3598435,3226097,76.4176272752891,68.5105269651747,363
-7.6926,53.28823,2021/08/19 23:00:00+00,Fri 20 Aug 2021,14766,22070,671,3381901,3016867,231971,3613872,3248838,76.7454528195184,68.9934628141945,364
-7.6926,53.28823,2021/08/20 23:00:00+00,Sat 21 Aug 2021,11810,7852,231,3393711,3024719,232202,3625913,3256921,77.0011597171063,69.1651162361032,365
-7.6926,53.28823,2021/08/21 23:00:00+00,Sun 22 Aug 2021,7987,12177,156,3401698,3036896,232358,3634056,3269254,77.1740873200511,69.4270241480666,366
-7.6926,53.28823,2021/08/22 23:00:00+00,Mon 23 Aug 2021,10815,15198,276,3412513,3052094,232634,3645147,3284728,77.409619684568,69.7556354372681,367
-7.6926,53.28823,2021/08/23 23:00:00+00,Tue 24 Aug 2021,9657,22752,376,3422170,3074846,233010,3655180,3307856,77.6226839901489,70.2467897539705,368
-7.6926,53.28823,2021/08/24 23:00:00+00,Wed 25 Aug 2021,9356,19325,306,3431526,3094171,233316,3664842,3327487,77.8278696096568,70.6636805526208,369
-7.6926,53.28823,2021/08/25 23:00:00+00,Thu 26 Aug 2021,8529,19269,362,3440055,3113440,233678,3673733,3347118,78.0166820028512,71.0805713512711,370
-7.6926,53.28823,2021/08/26 23:00:00+00,Fri 27 Aug 2021,9665,19070,427,3449720,3132510,234105,3683825,3366615,78.2309992531175,71.4946164789409,371
-7.6926,53.28823,2021/08/27 23:00:00+00,Sat 28 Aug 2021,9885,7806,146,3459605,3140316,234251,3693856,3374567,78.4440210859972,71.6634879389209,372
-7.6926,53.28823,2021/08/28 23:00:00+00,Sun 29 Aug 2021,8785,9144,24,3468390,3149460,234275,3702665,3383735,78.6310920984424,71.8581828012318,373
-7.6926,53.28823,2021/08/29 23:00:00+00,Mon 30 Aug 2021,5025,10991,79,3473415,3160451,234354,3707769,3394805,78.7394824319104,72.093269202386,374
-7.6926,53.28823,2021/08/30 23:00:00+00,Tue 31 Aug 2021,4019,12723,137,3477434,3173174,234491,3711925,3407665,78.8277407050086,72.3663686711162,375
-7.6926,53.28823,2021/08/31 23:00:00+00,Wed 01 Sep 2021,4904,12411,175,3482338,3185585,234666,3717004,3420251,78.9356001297116,72.6336493797818,376
-7.6926,53.28823,2021/09/01 23:00:00+00,Thu 02 Sep 2021,4969,12266,243,3487307,3197851,234909,3722216,3432760,79.0462839890446,72.899294889451,377
-7.6926,53.28823,2021/09/02 23:00:00+00,Fri 03 Sep 2021,4728,15921,159,3492035,3213772,235068,3727103,3448840,79.1500660344322,73.2407754071168,378
-7.6926,53.28823,2021/09/03 23:00:00+00,Sat 04 Sep 2021,4602,10521,130,3496637,3224293,235198,3731835,3459491,79.2505564454766,73.4669637773691,379
-7.6926,53.28823,2021/09/04 23:00:00+00,Sun 05 Sep 2021,5297,11843,1,3501934,3236136,235199,3737133,3471335,79.3630666309613,73.7184871138886,380
-7.6926,53.28823,2021/09/05 23:00:00+00,Mon 06 Sep 2021,2120,9593,69,3504054,3245729,235268,3739322,3480997,79.4095530024271,73.9236727333965,381
-7.6926,53.28823,2021/09/06 23:00:00+00,Tue 07 Sep 2021,2999,9909,141,3507053,3255638,235409,3742462,3491047,79.4762351433146,74.1370980569376,382
-7.6926,53.28823,2021/09/07 23:00:00+00,Wed 08 Sep 2021,2576,14705,181,3509629,3270343,235590,3745219,3505933,79.5347837619218,74.4532223719857,383
-7.6926,53.28823,2021/09/08 23:00:00+00,Thu 09 Sep 2021,3083,14715,135,3512712,3285058,235725,3748437,3520783,79.6031223381562,74.7685821784121,384
