X,Y,VaccinationDate,VaccineText,Dose1,Dose2,SingleDose,Dose1Cum,Dose2Cum,SingleDoseCum,PartiallyVacc,FullyVacc,PartialPercent,FullyPercent,ObjectId
-7.6926,53.28823,2021/05/05 23:00:00+00,Thu 06 May 2021,37142,14308,121,1315049,515727,345,1315394,516072,27.9341681625906,10.9594859274137,1
-7.6926,53.28823,2021/05/06 23:00:00+00,Fri 07 May 2021,40448,15004,87,1355497,530731,432,1355929,531163,28.7949836342064,11.279963694335,2
-7.6926,53.28823,2021/05/07 23:00:00+00,Sat 08 May 2021,25475,6982,5,1380972,537713,437,1381409,538150,29.3360858475226,11.4283420759849,3
-7.6926,53.28823,2021/09/11 23:00:00+00,Sun 12 Sep 2021,2023,12849,1,3520914,3323319,235910,3756824,3559229,79.7812316106477,75.5850349136222,4
-7.6926,53.28823,2021/05/08 23:00:00+00,Sun 09 May 2021,19590,884,1,1400562,538597,438,1401000,539035,29.7521271921488,11.4471362462669,5
-7.6926,53.28823,2021/05/09 23:00:00+00,Mon 10 May 2021,28677,4558,165,1429239,543155,603,1429842,543758,30.3646260161859,11.5474355301559,6
-7.6926,53.28823,2021/09/12 23:00:00+00,Mon 13 Sep 2021,1580,7662,48,3522494,3330981,235958,3758452,3566939,79.8158043894262,75.7487671767567,7
-7.6926,53.28823,2021/05/10 23:00:00+00,Tue 11 May 2021,33791,14743,145,1463030,557898,748,1463778,558646,31.085302810185,11.8636023179052,8
-7.6926,53.28823,2021/09/13 23:00:00+00,Tue 14 Sep 2021,1522,10706,80,3524016,3341687,236038,3760054,3577725,79.8498250230892,75.9778224543403,9
-7.6926,53.28823,2021/05/11 23:00:00+00,Wed 12 May 2021,31140,20856,148,1494170,578754,896,1495066,579650,31.7497457477924,12.3096506259308,10
-7.6926,53.28823,2021/09/14 23:00:00+00,Wed 15 Sep 2021,3250,12339,132,3527266,3354026,236170,3763436,3590196,79.9216463608222,76.2426609826866,11
-7.6926,53.28823,2021/05/12 23:00:00+00,Thu 13 May 2021,35851,25413,137,1530021,604167,1033,1531054,605200,32.513999533225,12.8522393837891,12
-7.6926,53.28823,2021/09/15 23:00:00+00,Thu 16 Sep 2021,1884,10534,110,3529150,3364560,236280,3765430,3600840,79.9639916439208,76.4687006984848,13
-7.6926,53.28823,2021/05/13 23:00:00+00,Fri 14 May 2021,38062,27897,225,1568083,632064,1258,1569341,633322,33.3270756886895,13.4494480353934,14
-7.6926,53.28823,2021/09/16 23:00:00+00,Fri 17 Sep 2021,2543,14534,89,3531693,3379094,236369,3768062,3615463,80.0198857187029,76.7792398533248,15
-7.6926,53.28823,2021/05/14 23:00:00+00,Sat 15 May 2021,28702,12379,5,1596785,644443,1263,1598048,645706,33.9367076053955,13.7124390012374,16
-7.6926,53.28823,2021/09/17 23:00:00+00,Sat 18 Sep 2021,2273,11181,42,3533966,3390275,236411,3770377,3626686,80.0690478703444,77.017575416121,17
-7.6926,53.28823,2021/09/18 23:00:00+00,Sun 19 Sep 2021,1854,8464,11,3535820,3398739,236422,3772242,3635161,80.1086536642155,77.1975534874654,18
-7.6926,53.28823,2021/05/15 23:00:00+00,Sun 16 May 2021,23066,1130,4,1619851,645573,1267,1621118,646840,34.426630213763,13.7365210228191,19
-7.6926,53.28823,2021/09/19 23:00:00+00,Mon 20 Sep 2021,948,5563,32,3536768,3404302,236454,3773222,3640756,80.1294652878046,77.3163708690785,20
-7.6926,53.28823,2021/05/16 23:00:00+00,Mon 17 May 2021,35261,3886,109,1655112,649459,1376,1656488,650835,35.1777599345241,13.8213602434705,21
-7.6926,53.28823,2021/09/20 23:00:00+00,Tue 21 Sep 2021,1443,6604,89,3538211,3410906,236543,3774754,3647449,80.1619993769255,77.4585057636517,22
-7.6926,53.28823,2021/05/17 23:00:00+00,Tue 18 May 2021,38895,12407,112,1694007,661866,1488,1695495,663354,36.0061262624214,14.0872181166458,23
-7.6926,53.28823,2021/09/21 23:00:00+00,Wed 22 Sep 2021,1886,8082,95,3540097,3418988,236638,3776735,3655626,80.2040685874663,77.632155402517,24
-7.6926,53.28823,2021/09/22 23:00:00+00,Thu 23 Sep 2021,1680,8707,86,3541777,3427695,236724,3778501,3664419,80.2415719826278,77.8188866333525,25
-7.6926,53.28823,2021/05/18 23:00:00+00,Wed 19 May 2021,36863,17516,195,1730870,679382,1683,1732553,681065,36.7931029429972,14.4633351221419,26
-7.6926,53.28823,2021/09/23 23:00:00+00,Fri 24 Sep 2021,1900,7328,79,3543677,3435023,236803,3780480,3671826,80.2835987204674,77.9761842822549,27
-7.6926,53.28823,2021/09/24 23:00:00+00,Sat 25 Sep 2021,2400,6550,50,3546077,3441573,236853,3782930,3678426,80.3356277794401,78.1163441962222,28
-7.6926,53.28823,2021/05/19 23:00:00+00,Thu 20 May 2021,38916,19596,115,1769786,698978,1798,1771584,700776,37.6219789433089,14.8819248288403,29
-7.6926,53.28823,2021/09/25 23:00:00+00,Sun 26 Sep 2021,1537,7083,0,3547614,3448656,236853,3784467,3685509,80.368268050314,78.2667612675298,30
-7.6926,53.28823,2021/09/26 23:00:00+00,Mon 27 Sep 2021,1165,3722,45,3548779,3452378,236898,3785677,3689276,80.3939640345414,78.3467586002442,31
-7.6926,53.28823,2021/05/20 23:00:00+00,Fri 21 May 2021,25669,23150,14914,1795455,722128,16712,1812167,738840,38.4838137597536,15.6902652781208,32
-7.6926,53.28823,2021/09/27 23:00:00+00,Tue 28 Sep 2021,1435,5063,91,3550214,3457441,236989,3787203,3694430,80.4263707055586,78.4562107512423,33
-7.6926,53.28823,2021/05/21 23:00:00+00,Sat 22 May 2021,16454,10196,13498,1811909,732324,30210,1842119,762534,39.1198849329579,16.1934393692634,34
-7.6926,53.28823,2021/09/28 23:00:00+00,Wed 29 Sep 2021,1636,3547,73,3551850,3460988,237062,3788912,3698050,80.4626636287359,78.5330863404183,35
-7.6926,53.28823,2021/05/22 23:00:00+00,Sun 23 May 2021,8122,5485,10199,1820031,737809,40409,1860440,778218,39.5089561123208,16.5265102920911,36
-7.6926,53.28823,2021/09/29 23:00:00+00,Thu 30 Sep 2021,1269,3900,77,3553119,3464888,237139,3790258,3702027,80.491247756645,78.6175433067589,37
-7.6926,53.28823,2021/09/30 23:00:00+00,Fri 01 Oct 2021,1833,5115,40,3554952,3470003,237179,3792131,3707182,80.5310234413209,78.7270166941076,38
-7.6926,53.28823,2021/05/23 23:00:00+00,Mon 24 May 2021,22369,8139,8434,1842400,745948,48843,1891243,794791,40.1630994198866,16.8784603306033,39
-7.6926,53.28823,2021/10/01 23:00:00+00,Sat 02 Oct 2021,1705,4039,39,3556657,3474042,237218,3793875,3711260,80.5680596367692,78.8136185318589,40
-7.6926,53.28823,2021/05/24 23:00:00+00,Tue 25 May 2021,30132,16419,3209,1872532,762367,52052,1924584,814419,40.8711405852781,17.2952874202018,41
-7.6926,53.28823,2021/10/02 23:00:00+00,Sun 03 Oct 2021,1203,2992,9,3557860,3477034,237227,3795087,3714261,80.5937980936978,78.8773488200128,42
-7.6926,53.28823,2021/05/25 23:00:00+00,Wed 26 May 2021,19768,25334,3033,1892300,787701,55085,1947385,842786,41.3553506153339,17.8976989777033,43
-7.6926,53.28823,2021/10/03 23:00:00+00,Mon 04 Oct 2021,332,1178,17,3558192,3478212,237244,3795436,3715456,80.6012095800575,78.9027262589811,44
-7.6926,53.28823,2021/05/26 23:00:00+00,Thu 27 May 2021,16833,35916,543,1909133,823617,55628,1964761,879245,41.7243534433787,18.671955084269,45
-7.6926,53.28823,2021/10/04 23:00:00+00,Tue 05 Oct 2021,953,2761,68,3559145,3480973,237312,3796457,3718285,80.6228918940213,78.9628038948317,46
-7.6926,53.28823,2021/05/27 23:00:00+00,Fri 28 May 2021,26847,31743,1526,1935980,855360,57154,1993134,912514,42.3268924189839,19.3784672324172,47
-7.6926,53.28823,2021/10/05 23:00:00+00,Wed 06 Oct 2021,975,2505,34,3560120,3483478,237346,3797466,3720824,80.6443193717778,79.0167229890078,48
-7.6926,53.28823,2021/05/28 23:00:00+00,Sat 29 May 2021,24323,7341,507,1960303,862701,57661,2017964,920362,42.8541910044093,19.5451301119347,49
-7.6926,53.28823,2021/10/06 23:00:00+00,Thu 07 Oct 2021,1205,2643,42,3561325,3486121,237388,3798713,3723509,80.6708011009774,79.0737425903718,50
-7.6926,53.28823,2021/10/07 23:00:00+00,Fri 08 Oct 2021,978,2707,45,3562303,3488828,237433,3799736,3726261,80.6925258876423,79.1321850272261,51
-7.6926,53.28823,2021/10/08 23:00:00+00,Sat 09 Oct 2021,729,2326,19,3563032,3491154,237452,3800484,3728606,80.7084106778919,79.1819842693857,52
-7.6926,53.28823,2021/10/09 23:00:00+00,Sun 10 Oct 2021,1528,3892,0,3564560,3495046,237452,3802012,3732498,80.7408598216104,79.2646361459252,53
-7.6926,53.28823,2021/10/10 23:00:00+00,Mon 11 Oct 2021,329,1071,12,3564889,3496117,237464,3802353,3733581,80.7481014171654,79.2876351136262,54
-7.6926,53.28823,2021/10/11 23:00:00+00,Tue 12 Oct 2021,561,1566,20,3565450,3497683,237484,3802934,3735167,80.7604397368646,79.3213159656795,55
-7.6926,53.28823,2021/10/12 23:00:00+00,Wed 13 Oct 2021,1028,1983,9,3566478,3499666,237493,3803971,3737159,80.782461832438,79.3636187760769,56
-7.6926,53.28823,2021/10/13 23:00:00+00,Thu 14 Oct 2021,696,1524,7,3567174,3501190,237500,3804674,3738690,80.7973909869106,79.3961316288472,57
-7.6926,53.28823,2021/10/14 23:00:00+00,Fri 15 Oct 2021,951,2002,6,3568125,3503192,237506,3805631,3740698,80.8177141744358,79.4387742208542,58
-7.6926,53.28823,2020/12/28 00:00:00+00,Mon 28 Dec 2020,144,20,6,144,20,6,150,26,0.00318545259016583,0.000552145115628744,59
-7.6926,53.28823,2021/10/15 23:00:00+00,Sat 16 Oct 2021,1379,2594,11,3569504,3505786,237517,3807021,3743303,80.8472327017713,79.4940949141701,60
-7.6926,53.28823,2021/10/16 23:00:00+00,Sun 17 Oct 2021,1708,2876,2,3571212,3508662,237519,3808731,3746181,80.8835468612992,79.5552131312001,61
-7.6926,53.28823,2021/10/17 23:00:00+00,Mon 18 Oct 2021,668,1173,3,3571880,3509835,237522,3809402,3747357,80.8977964525526,79.580187079507,62
-7.6926,53.28823,2021/10/18 23:00:00+00,Tue 19 Oct 2021,1328,1732,10,3573208,3511567,237532,3810740,3749099,80.9262106896569,79.6171808022541,63
-7.6926,53.28823,2021/10/19 23:00:00+00,Wed 20 Oct 2021,2245,2255,0,3575453,3513822,237532,3812985,3751354,80.9738862967563,79.6650687728596,64
-7.6926,53.28823,2021/10/20 23:00:00+00,Thu 21 Oct 2021,1754,1769,8,3577207,3515591,237540,3814747,3753131,81.0113047465155,79.7028057678778,65
-7.6926,53.28823,2021/10/21 23:00:00+00,Fri 22 Oct 2021,1494,1878,1,3578701,3517469,237541,3816242,3755010,81.0430530906641,79.7427088706572,66
-7.6926,53.28823,2021/10/22 23:00:00+00,Sat 23 Oct 2021,2007,1662,0,3580708,3519131,237541,3818249,3756672,81.0856744463206,79.7780036853563,67
-7.6926,53.28823,2021/10/23 23:00:00+00,Sun 24 Oct 2021,1943,2171,0,3582651,3521302,237541,3820192,3758843,81.1269366755385,79.8241078025113,68
-7.6926,53.28823,2021/10/24 23:00:00+00,Mon 25 Oct 2021,1214,809,0,3583865,3522111,237541,3821406,3759652,81.1527176051682,79.8412880101476,69
-7.6926,53.28823,2021/10/25 23:00:00+00,Tue 26 Oct 2021,1238,1166,5,3585103,3523277,237546,3822649,3760823,81.1791143889654,79.8661557767015,70
-7.6926,53.28823,2021/10/26 23:00:00+00,Wed 27 Oct 2021,1553,1383,4,3586656,3524660,237550,3824206,3762210,81.2121793868513,79.8956105949852,71
-7.6926,53.28823,2021/10/27 23:00:00+00,Thu 28 Oct 2021,2143,1644,2,3588799,3526304,237552,3826351,3763856,81.2577313588907,79.9305656280746,72
-7.6926,53.28823,2021/10/28 23:00:00+00,Fri 29 Oct 2021,2135,1316,0,3590934,3527620,237552,3828486,3765172,81.3030709674241,79.9585126654657,73
-7.6926,53.28823,2021/10/29 23:00:00+00,Sat 30 Oct 2021,2002,1421,0,3592936,3529041,237552,3830488,3766593,81.3455861413275,79.9886895196698,74
-7.6926,53.28823,2021/10/30 23:00:00+00,Sun 31 Oct 2021,1627,1310,0,3594563,3530351,237552,3832115,3767903,81.3801376837555,80.0165091389573,75
-7.6926,53.28823,2021/11/01 00:00:00+00,Mon 01 Nov 2021,256,243,0,3594819,3530594,237552,3832371,3768146,81.3855741895094,80.0216695721534,76
-7.6926,53.28823,2021/11/02 00:00:00+00,Tue 02 Nov 2021,1087,1056,9,3595906,3531650,237561,3833467,3769211,81.4088492297682,80.0442862855435,77
-7.6926,53.28823,2021/11/03 00:00:00+00,Wed 03 Nov 2021,2536,1788,5,3598442,3533438,237566,3836008,3771004,81.4628107966456,80.0823630621713,78
-7.6926,53.28823,2021/11/04 00:00:00+00,Thu 04 Nov 2021,1551,1221,0,3599993,3534659,237566,3837559,3772225,81.4957483764279,80.1082926462553,79
-7.6926,53.28823,2021/11/05 00:00:00+00,Fri 05 Nov 2021,1630,1017,1,3601623,3535676,237567,3839190,3773243,81.5303848642583,80.1299112511672,80
-7.6926,53.28823,2021/11/06 00:00:00+00,Sat 06 Nov 2021,1820,1318,5,3603443,3536994,237572,3841015,3774566,81.5691412041053,80.1580069430125,81
-7.6926,53.28823,2021/11/07 00:00:00+00,Sun 07 Nov 2021,730,765,0,3604173,3537759,237572,3841745,3775331,81.5846437400441,80.1742527512223,82
-7.6926,53.28823,2021/11/08 00:00:00+00,Mon 08 Nov 2021,511,490,1,3604684,3538249,237573,3842257,3775822,81.5955167515519,80.1846797993675,83
-7.6926,53.28823,2021/11/09 00:00:00+00,Tue 09 Nov 2021,1378,994,1,3606062,3539243,237574,3843636,3776817,81.6248016790308,80.2058099682156,84
-7.6926,53.28823,2021/11/10 00:00:00+00,Wed 10 Nov 2021,1629,1298,0,3607691,3540541,237574,3845265,3778115,81.65939569416,80.2333747512958,85
-7.6926,53.28823,2021/11/11 00:00:00+00,Thu 11 Nov 2021,1402,1052,1,3609093,3541593,237575,3846668,3779168,81.6891902940534,80.2557366284788,86
-7.6926,53.28823,2021/11/12 00:00:00+00,Fri 12 Nov 2021,1158,1081,5,3610251,3542674,237580,3847831,3780254,81.7138881698025,80.2787993052316,87
-7.6926,53.28823,2021/11/13 00:00:00+00,Sat 13 Nov 2021,1416,1333,0,3611667,3544007,237580,3849247,3781587,81.7439588422536,80.3071073605828,88
-7.6926,53.28823,2021/11/14 00:00:00+00,Sun 14 Nov 2021,1649,1798,0,3613316,3545805,237580,3850896,3783385,81.7789775843949,80.3452903189636,89
-7.6926,53.28823,2021/11/15 00:00:00+00,Mon 15 Nov 2021,1251,546,0,3614567,3546351,237580,3852147,3783931,81.8055442589968,80.3568853663918,90
-7.6926,53.28823,2021/11/16 00:00:00+00,Tue 16 Nov 2021,1322,1022,4,3615889,3547373,237584,3853473,3784957,81.8337036598939,80.3786738621086,91
-7.6926,53.28823,2021/11/17 00:00:00+00,Wed 17 Nov 2021,1515,1056,0,3617404,3548429,237584,3854988,3786013,81.8658767310546,80.4010994483433,92
-7.6926,53.28823,2021/11/18 00:00:00+00,Thu 18 Nov 2021,1673,2427,5,3619077,3550856,237589,3856666,3788445,81.9015113273632,80.4527462530052,93
-7.6926,53.28823,2021/11/19 00:00:00+00,Fri 19 Nov 2021,1184,1459,0,3620261,3552315,237589,3857850,3789904,81.9266551664749,80.4837300885322,94
-7.6926,53.28823,2021/11/20 00:00:00+00,Sat 20 Nov 2021,1540,2904,10,3621801,3555219,237599,3859400,3792818,81.9595715099067,80.5456128141838,95
-7.6926,53.28823,2021/11/21 00:00:00+00,Sun 21 Nov 2021,1787,2749,0,3623588,3557968,237599,3861187,3795567,81.9975208684308,80.6039915419863,96
-7.6926,53.28823,2021/11/22 00:00:00+00,Mon 22 Nov 2021,717,464,2,3624305,3558432,237601,3861906,3796033,82.012789804513,80.6138876813664,97
-7.6926,53.28823,2021/11/23 00:00:00+00,Tue 23 Nov 2021,2171,1537,4,3626476,3559969,237605,3864081,3797574,82.0589788670704,80.6466128976427,98
-7.6926,53.28823,2021/11/24 00:00:00+00,Wed 24 Nov 2021,1628,3081,0,3628104,3563050,237605,3865709,3800655,82.093551645849,80.7120420938447,99
-7.6926,53.28823,2021/11/25 00:00:00+00,Thu 25 Nov 2021,1010,1111,0,3629114,3564161,237605,3866719,3801766,82.1150003599561,80.7356356793625,100
-7.6926,53.28823,2021/11/26 00:00:00+00,Fri 26 Nov 2021,1295,1057,12,3630409,3565218,237617,3868026,3802835,82.1427562701918,80.7583373381551,101
-7.6926,53.28823,2021/11/27 00:00:00+00,Sat 27 Nov 2021,1234,1527,5,3631643,3566745,237622,3869265,3804367,82.1690681085866,80.790871427276,102
-7.6926,53.28823,2021/11/28 00:00:00+00,Sun 28 Nov 2021,1971,2248,0,3633614,3568993,237622,3871236,3806615,82.2109249556213,80.8386107434273,103
-7.6926,53.28823,2021/11/29 00:00:00+00,Mon 29 Nov 2021,547,962,1,3634161,3569955,237623,3871784,3807578,82.2225624757507,80.8590613490562,104
-7.6926,53.28823,2021/11/30 00:00:00+00,Tue 30 Nov 2021,1939,1591,6,3636100,3571546,237629,3873729,3809175,82.2638671776699,80.8929758009661,105
-7.6926,53.28823,2021/12/01 00:00:00+00,Wed 01 Dec 2021,1128,1322,1,3637228,3572868,237630,3874858,3810498,82.2878430174985,80.9210714928114,106
-7.6926,53.28823,2021/12/02 00:00:00+00,Thu 02 Dec 2021,1808,1361,1,3639036,3574229,237631,3876667,3811860,82.3262595757359,80.9499954023301,107
-7.6926,53.28823,2021/12/03 00:00:00+00,Fri 03 Dec 2021,1051,1133,3,3640087,3575362,237634,3877721,3812996,82.3486426892695,80.9741198966129,108
-7.6926,53.28823,2021/12/04 00:00:00+00,Sat 04 Dec 2021,1202,1673,0,3641289,3577035,237634,3878923,3814669,82.374168782692,81.0096483111686,109
-7.6926,53.28823,2021/12/05 00:00:00+00,Sun 05 Dec 2021,1355,1764,0,3642644,3578799,237634,3880278,3816433,82.4029440377565,81.047109233629,110
-7.6926,53.28823,2021/12/06 00:00:00+00,Mon 06 Dec 2021,944,1253,0,3643588,3580052,237634,3881222,3817686,82.422991152724,81.0737183809321,111
-7.6926,53.28823,2021/12/07 00:00:00+00,Tue 07 Dec 2021,488,695,1,3644076,3580747,237635,3881711,3818382,82.4333757281679,81.0884988809505,112
-7.6926,53.28823,2021/12/08 00:00:00+00,Wed 08 Dec 2021,818,1435,0,3644894,3582182,237635,3882529,3819817,82.4507470629596,81.1189730440631,113
-7.6926,53.28823,2021/12/09 00:00:00+00,Thu 09 Dec 2021,799,1143,0,3645693,3583325,237635,3883328,3820960,82.4677149070899,81.1432461928001,114
-7.6926,53.28823,2021/12/10 00:00:00+00,Fri 10 Dec 2021,883,1533,1,3646576,3584858,237636,3884212,3822494,82.4864878410213,81.1758227546222,115
-7.6926,53.28823,2021/12/11 00:00:00+00,Sat 11 Dec 2021,638,822,0,3647214,3585680,237636,3884850,3823316,82.5000366327048,81.1932790348164,116
-7.6926,53.28823,2021/12/12 00:00:00+00,Sun 12 Dec 2021,690,1188,0,3647904,3586868,237636,3885540,3824504,82.5146897146195,81.2185078193305,117
-7.6926,53.28823,2021/12/13 00:00:00+00,Mon 13 Dec 2021,714,1027,0,3648618,3587895,237636,3886254,3825531,82.5298524689487,81.2403175513978,118
-7.6926,53.28823,2021/12/14 00:00:00+00,Tue 14 Dec 2021,624,1136,1,3649242,3589031,237637,3886879,3826668,82.5431251880744,81.2644632820313,119
-7.6926,53.28823,2021/12/15 00:00:00+00,Wed 15 Dec 2021,791,1165,1,3650033,3590196,237638,3887671,3827834,82.5599443777505,81.2892248668322,120
-7.6926,53.28823,2021/12/16 00:00:00+00,Thu 16 Dec 2021,1052,1422,7,3651085,3591618,237645,3888730,3829263,82.5824336730371,81.3195716118411,121
-7.6926,53.28823,2021/12/17 00:00:00+00,Fri 17 Dec 2021,1195,2356,1,3652280,3593974,237646,3889926,3831620,82.607832348356,81.3696256902079,122
-7.6926,53.28823,2021/12/18 00:00:00+00,Sat 18 Dec 2021,1262,1136,0,3653542,3595110,237646,3891188,3832756,82.6346326228146,81.3937501844908,123
-7.6926,53.28823,2021/12/19 00:00:00+00,Sun 19 Dec 2021,554,862,1,3654096,3595972,237647,3891743,3833619,82.6464187973982,81.4120771550595,124
-7.6926,53.28823,2021/12/20 00:00:00+00,Mon 20 Dec 2021,547,521,0,3654643,3596493,237647,3892290,3834140,82.658035081177,81.4231412937227,125
-7.6926,53.28823,2021/12/21 00:00:00+00,Tue 21 Dec 2021,1450,1696,2,3656093,3598189,237649,3893742,3835838,82.6888702622498,81.4592006170434,126
-7.6926,53.28823,2021/12/22 00:00:00+00,Wed 22 Dec 2021,1242,1449,2,3657335,3599638,237651,3894986,3837289,82.7152882823976,81.4900145617656,127
-7.6926,53.28823,2021/12/23 00:00:00+00,Thu 23 Dec 2021,939,1253,0,3658274,3600891,237651,3895925,3838542,82.735229215612,81.5166237090688,128
-7.6926,53.28823,2021/12/24 00:00:00+00,Fri 24 Dec 2021,99,120,0,3658373,3601011,237651,3896024,3838662,82.7373316143215,81.5191720711409,129
-7.6926,53.28823,2021/12/26 00:00:00+00,Sun 26 Dec 2021,5,5,0,3658378,3601016,237651,3896029,3838667,82.7374377960745,81.5192782528939,130
-7.6926,53.28823,2021/12/27 00:00:00+00,Mon 27 Dec 2021,384,576,0,3658762,3601592,237651,3896413,3839243,82.7455925547054,81.5315103908402,131
-7.6926,53.28823,2021/12/28 00:00:00+00,Tue 28 Dec 2021,448,719,0,3659210,3602311,237651,3896861,3839962,82.7551064397747,81.5467793269224,132
-7.6926,53.28823,2021/12/29 00:00:00+00,Wed 29 Dec 2021,1064,1209,0,3660274,3603520,237651,3897925,3841171,82.7777019168142,81.5724540747991,133
-7.6926,53.28823,2021/12/30 00:00:00+00,Thu 30 Dec 2021,1040,1111,2,3661314,3604631,237653,3898967,3842284,82.7998301941406,81.5960901330181,134
-7.6926,53.28823,2021/12/31 00:00:00+00,Fri 31 Dec 2021,712,1636,0,3662026,3606267,237653,3899679,3843920,82.8149504757686,81.6308328026015,135
-7.6926,53.28823,2022/01/01 00:00:00+00,Sat 01 Jan 2022,64,91,1,3662090,3606358,237654,3899744,3844012,82.8163308385576,81.6327865468568,136
-7.6926,53.28823,2022/01/02 00:00:00+00,Sun 02 Jan 2022,267,611,0,3662357,3606969,237654,3900011,3844623,82.8220009441682,81.6457619570741,137
-7.6926,53.28823,2022/01/03 00:00:00+00,Mon 03 Jan 2022,3620,697,0,3665977,3607666,237654,3903631,3845320,82.8988765333442,81.6605636934431,138
-7.6926,53.28823,2022/01/04 00:00:00+00,Tue 04 Jan 2022,1170,698,0,3667147,3608364,237654,3904801,3846018,82.9237230635474,81.6753866661627,139
-7.6926,53.28823,2022/01/05 00:00:00+00,Wed 05 Jan 2022,2127,790,0,3669274,3609154,237654,3906928,3846808,82.968892781276,81.6921633831375,140
-7.6926,53.28823,2022/01/06 00:00:00+00,Thu 06 Jan 2022,2437,1547,0,3671711,3610701,237654,3909365,3848355,83.0206457676909,81.7250160175174,141
-7.6926,53.28823,2022/01/07 00:00:00+00,Fri 07 Jan 2022,4790,660,0,3676501,3611361,237654,3914155,3849015,83.1223678870702,81.7390320089142,142
-7.6926,53.28823,2022/01/08 00:00:00+00,Sat 08 Jan 2022,9771,679,0,3686272,3612040,237654,3923926,3849694,83.3298682687936,81.7534514909723,143
-7.6926,53.28823,2022/01/09 00:00:00+00,Sun 09 Jan 2022,7095,650,0,3693367,3612690,237654,3931021,3850344,83.4805401763084,81.767255118863,144
-7.6926,53.28823,2022/01/10 00:00:00+00,Mon 10 Jan 2022,6621,410,0,3699988,3613100,237654,3937642,3850754,83.6211460536384,81.7759620226095,145
-7.6926,53.28823,2022/01/11 00:00:00+00,Tue 11 Jan 2022,4724,1228,1,3704712,3614328,237655,3942367,3851983,83.7214878102286,81.8020614974982,146
-7.6926,53.28823,2022/01/12 00:00:00+00,Wed 12 Jan 2022,7492,749,1,3712204,3615077,237656,3949860,3852733,83.8806117852827,81.8179887604491,147
-7.6926,53.28823,2022/01/13 00:00:00+00,Thu 13 Jan 2022,7224,652,0,3719428,3615729,237656,3957084,3853385,84.034023182025,81.831834861041,148
-7.6926,53.28823,2022/01/14 00:00:00+00,Fri 14 Jan 2022,10631,657,0,3730059,3616386,237656,3967715,3854042,84.2597868252654,81.8457871433859,149
-7.6926,53.28823,2022/01/15 00:00:00+00,Sat 15 Jan 2022,8301,582,0,3738360,3616968,237656,3976016,3854624,84.4360697716052,81.8581466994358,150
-7.6926,53.28823,2022/01/16 00:00:00+00,Sun 16 Jan 2022,6954,1190,1,3745314,3618158,237657,3982971,3855815,84.5837685900359,81.8834391930017,151
-7.6926,53.28823,2022/01/17 00:00:00+00,Mon 17 Jan 2022,2467,447,0,3747781,3618605,237657,3985438,3856262,84.6361586669688,81.8929318417204,152
-7.6926,53.28823,2021/05/29 23:00:00+00,Sun 30 May 2021,24133,1624,196,1984436,864325,57857,2042293,922182,43.3708501781836,19.5837802700287,153
-7.6926,53.28823,2021/05/30 23:00:00+00,Mon 31 May 2021,22371,7257,3417,2006807,871582,61274,2068081,932856,43.9184931874849,19.8104570763449,154
-7.6926,53.28823,2020/12/29 00:00:00+00,Tue 29 Dec 2020,71,1,0,215,21,6,221,27,0.00469323348284432,0.000573381466229849,155
-7.6926,53.28823,2021/05/31 23:00:00+00,Tue 01 Jun 2021,27307,11408,3622,2034114,882990,64896,2099010,947886,44.5753122752265,20.1296394258795,156
-7.6926,53.28823,2020/12/30 00:00:00+00,Wed 30 Dec 2020,1050,0,0,1265,21,6,1271,27,0.0269914016140051,0.000573381466229849,157
-7.6926,53.28823,2021/06/01 23:00:00+00,Wed 02 Jun 2021,18457,20806,3973,2052571,903796,68869,2121440,972665,45.0516436192093,20.6558549574243,158
-7.6926,53.28823,2020/12/31 00:00:00+00,Thu 31 Dec 2020,1023,1,0,2288,22,6,2294,28,0.0487161882789361,0.000594617816830955,159
-7.6926,53.28823,2021/06/02 23:00:00+00,Thu 03 Jun 2021,16496,30596,1958,2069067,934392,70827,2139894,1005219,45.4435392332021,21.3471831148927,160
-7.6926,53.28823,2021/01/01 00:00:00+00,Fri 01 Jan 2021,801,0,0,3089,22,6,3095,28,0.0657265051104216,0.000594617816830955,161
-7.6926,53.28823,2021/06/03 23:00:00+00,Fri 04 Jun 2021,28843,23250,126,2097910,957642,70953,2168863,1028595,46.0587350737655,21.8436040465441,162
-7.6926,53.28823,2021/01/02 00:00:00+00,Sat 02 Jan 2021,1011,0,0,4100,22,6,4106,28,0.0871964555681393,0.000594617816830955,163
-7.6926,53.28823,2021/06/04 23:00:00+00,Sat 05 Jun 2021,20768,11405,12,2118678,969047,70965,2189643,1040012,46.5000264392565,22.086059461357,164
-7.6926,53.28823,2021/01/03 00:00:00+00,Sun 03 Jan 2021,17,2,0,4117,24,6,4123,30,0.0875574735283581,0.000637090518033166,165
-7.6926,53.28823,2021/06/05 23:00:00+00,Sun 06 Jun 2021,19787,3835,17,2138465,972882,70982,2209447,1043864,46.9205911265608,22.1678618838724,166
-7.6926,53.28823,2021/01/04 00:00:00+00,Mon 04 Jan 2021,1178,2,0,5295,26,6,5301,32,0.11257389453646,0.000679563219235377,167
-7.6926,53.28823,2021/01/05 00:00:00+00,Tue 05 Jan 2021,3504,5,0,8799,31,6,8805,37,0.186986067042734,0.000785744972240904,168
-7.6926,53.28823,2021/06/06 23:00:00+00,Mon 07 Jun 2021,19617,4462,14,2158082,977344,70996,2229078,1048340,47.3374819252111,22.262915789163,169
-7.6926,53.28823,2021/01/06 00:00:00+00,Wed 06 Jan 2021,6755,5,0,15554,36,6,15560,42,0.330437615353202,0.000891926725246432,170
-7.6926,53.28823,2021/06/07 23:00:00+00,Tue 08 Jun 2021,26242,18220,21,2184324,995564,71017,2255341,1066581,47.8952122010479,22.6502880604777,171
-7.6926,53.28823,2021/01/07 00:00:00+00,Thu 07 Jan 2021,11709,4,0,27263,40,6,27269,46,0.579094044541546,0.000976872127650854,172
-7.6926,53.28823,2021/06/08 23:00:00+00,Wed 09 Jun 2021,32596,19997,152,2216920,1015561,71169,2288089,1086730,48.5906602105329,23.0781792887394,173
-7.6926,53.28823,2021/01/08 00:00:00+00,Fri 08 Jan 2021,12658,5,0,39921,45,6,39927,51,0.84790377045034,0.00108305388065638,174
-7.6926,53.28823,2021/06/09 23:00:00+00,Thu 10 Jun 2021,27484,27367,241,2244404,1042928,71410,2315814,1114338,49.1794380309486,23.6644724561347,175
-7.6926,53.28823,2021/01/09 00:00:00+00,Sat 09 Jan 2021,8065,3,0,47986,48,6,47992,54,1.01917493804826,0.0011467629324597,176
-7.6926,53.28823,2021/06/10 23:00:00+00,Fri 11 Jun 2021,26249,32784,10,2270653,1075712,71420,2342073,1147132,49.737083361383,24.3608973377474,177
-7.6926,53.28823,2021/01/10 00:00:00+00,Sun 10 Jan 2021,4758,1,1,52744,49,7,52751,56,1.12023873055892,0.00118923563366191,178
-7.6926,53.28823,2021/06/11 23:00:00+00,Sat 12 Jun 2021,12038,19615,84,2282691,1095327,71504,2354195,1166831,49.9945104033696,24.7792322082386,179
-7.6926,53.28823,2021/01/11 00:00:00+00,Mon 11 Jan 2021,8321,4,0,61065,53,7,61072,60,1.29694640391072,0.00127418103606633,180
-7.6926,53.28823,2021/06/12 23:00:00+00,Sun 13 Jun 2021,8442,18100,813,2291133,1113427,72317,2363450,1185744,50.1910528281828,25.1808753071573,181
-7.6926,53.28823,2021/01/12 00:00:00+00,Tue 12 Jan 2021,8850,6,0,69915,59,7,69922,66,1.4848881067305,0.00140159913967296,182
-7.6926,53.28823,2021/06/13 23:00:00+00,Mon 14 Jun 2021,15854,31169,15,2306987,1144596,72332,2379319,1216928,50.5280524758718,25.8431096643021,183
-7.6926,53.28823,2021/01/13 00:00:00+00,Wed 13 Jan 2021,9856,4,0,79771,63,7,79778,70,1.694193578255,0.00148654454207739,184
-7.6926,53.28823,2021/06/14 23:00:00+00,Tue 15 Jun 2021,14498,41375,185,2321485,1185971,72517,2394002,1258488,50.8398658117478,26.7256923952841,185
-7.6926,53.28823,2021/01/14 00:00:00+00,Thu 14 Jan 2021,8047,3,0,87818,66,7,87825,73,1.86508249154209,0.0015502535938807,186
-7.6926,53.28823,2021/06/15 23:00:00+00,Wed 16 Jun 2021,13246,48198,196,2334731,1234169,72713,2407444,1306882,51.1253248365279,27.753404346274,187
-7.6926,53.28823,2021/01/15 00:00:00+00,Fri 15 Jan 2021,7652,2,0,95470,68,7,95477,75,2.02758304634175,0.00159272629508291,188
-7.6926,53.28823,2021/06/16 23:00:00+00,Thu 17 Jun 2021,21379,42504,504,2356110,1276673,73217,2429327,1349890,51.5900398967319,28.6667373129263,189
-7.6926,53.28823,2021/01/16 00:00:00+00,Sat 16 Jan 2021,5207,3,0,100677,71,7,100684,78,2.13816072392171,0.00165643534688623,190
-7.6926,53.28823,2021/06/17 23:00:00+00,Fri 18 Jun 2021,11844,49911,531,2367954,1326584,73748,2441702,1400332,51.8528397354206,29.7379413099473,191
-7.6926,53.28823,2021/01/17 00:00:00+00,Sun 17 Jan 2021,1101,4,0,101778,75,7,101785,82,2.16154194593353,0.00174138074929065,192
-7.6926,53.28823,2021/06/18 23:00:00+00,Sat 19 Jun 2021,6156,32663,410,2374110,1359247,74158,2448268,1433405,51.9922776134674,30.4402911333777,193
-7.6926,53.28823,2021/06/19 23:00:00+00,Sun 20 Jun 2021,8394,26061,165,2382504,1385308,74323,2456827,1459631,52.1740395382623,30.9972356642423,194
-7.6926,53.28823,2021/06/20 23:00:00+00,Mon 21 Jun 2021,15294,32186,544,2397798,1417494,74867,2472665,1492361,52.5103808590826,31.6923014194164,195
-7.6926,53.28823,2021/06/21 23:00:00+00,Tue 22 Jun 2021,14965,43390,690,2412763,1460884,75557,2488320,1536441,52.8428359277429,32.6283997539132,196
-7.6926,53.28823,2021/06/22 23:00:00+00,Wed 23 Jun 2021,19876,39204,862,2432639,1500088,76419,2509058,1576507,53.2832353665086,33.4792553770971,197
-7.6926,53.28823,2021/06/23 23:00:00+00,Thu 24 Jun 2021,18841,44103,1008,2451480,1544191,77427,2528907,1621618,53.70475568959,34.4372483890635,198
-7.6926,53.28823,2021/06/24 23:00:00+00,Fri 25 Jun 2021,14999,49989,799,2466479,1594180,78226,2544705,1672406,54.0402475563862,35.5158001633925,199
-7.6926,53.28823,2021/06/25 23:00:00+00,Sat 26 Jun 2021,8869,30399,469,2475348,1624579,78695,2554043,1703274,54.2385525982993,36.1713238337474,200
-7.6926,53.28823,2021/06/26 23:00:00+00,Sun 27 Jun 2021,8616,30350,38,2483964,1654929,78733,2562697,1733662,54.4223319764013,36.8166540558138,201
-7.6926,53.28823,2021/06/27 23:00:00+00,Mon 28 Jun 2021,24060,24469,475,2508024,1679398,79208,2587232,1758606,54.9433658383994,37.3463735852078,202
-7.6926,53.28823,2021/06/28 23:00:00+00,Tue 29 Jun 2021,27952,30816,767,2535976,1710214,79975,2615951,1790189,55.5532525913126,38.0170812462425,203
-7.6926,53.28823,2021/06/29 23:00:00+00,Wed 30 Jun 2021,22350,36649,544,2558326,1746863,80519,2638845,1827382,56.0394376019743,38.8069248341494,204
-7.6926,53.28823,2021/06/30 23:00:00+00,Thu 01 Jul 2021,14693,48129,595,2573019,1794992,81114,2654133,1876106,56.364098929964,39.8416447808377,205
-7.6926,53.28823,2021/07/01 23:00:00+00,Fri 02 Jul 2021,13451,47065,783,2586470,1842057,81897,2668367,1923954,56.6663771444201,40.8577616843994,206
-7.6926,53.28823,2021/07/02 23:00:00+00,Sat 03 Jul 2021,9158,30280,472,2595628,1872337,82369,2677997,1954706,56.8708832007088,41.5108219380846,207
-7.6926,53.28823,2021/07/03 23:00:00+00,Sun 04 Jul 2021,6335,27682,207,2601963,1900019,82576,2684539,1982595,57.0098114063412,42.1030825199988,208
-7.6926,53.28823,2021/07/04 23:00:00+00,Mon 05 Jul 2021,15343,33207,5311,2617306,1933226,87887,2705193,2021113,57.4484269916565,42.9210642724522,209
-7.6926,53.28823,2021/07/05 23:00:00+00,Tue 06 Jul 2021,12187,48130,5455,2629493,1981356,93342,2722835,2074698,57.8230786889611,44.0590141194124,210
-7.6926,53.28823,2021/07/06 23:00:00+00,Wed 07 Jul 2021,19476,43519,5016,2648969,2024875,98358,2747327,2123233,58.3431993878834,45.0897203958371,211
-7.6926,53.28823,2021/07/07 23:00:00+00,Thu 08 Jul 2021,17590,45391,5958,2666559,2070266,104316,2770875,2174582,58.8432729718383,46.1801857628532,212
-7.6926,53.28823,2021/07/08 23:00:00+00,Fri 09 Jul 2021,13340,44885,6504,2679899,2115151,110820,2790719,2225971,59.2646871131666,47.2715005838935,213
-7.6926,53.28823,2021/07/09 23:00:00+00,Sat 10 Jul 2021,8466,23673,4330,2688365,2138824,115150,2803515,2253974,59.5364274554584,47.8661821097762,214
-7.6926,53.28823,2021/07/10 23:00:00+00,Sun 11 Jul 2021,15128,15997,2136,2703493,2154821,117286,2820779,2272107,59.9030518122358,48.2512608552261,215
-7.6926,53.28823,2021/07/11 23:00:00+00,Mon 12 Jul 2021,16958,31529,6051,2720451,2186350,123337,2843788,2309687,60.3916790032167,49.0493229108156,216
-7.6926,53.28823,2021/07/12 23:00:00+00,Tue 13 Jul 2021,19943,36321,8454,2740394,2222671,131791,2872185,2354462,60.9947276512363,50.0001805089801,217
-7.6926,53.28823,2021/07/13 23:00:00+00,Wed 14 Jul 2021,20635,35452,9301,2761029,2258123,141092,2902121,2399215,61.630459042831,50.9505709074314,218
-7.6926,53.28823,2021/07/14 23:00:00+00,Thu 15 Jul 2021,23451,28613,9535,2784480,2286736,150627,2935107,2437363,62.330961303759,51.7606952101624,219
-7.6926,53.28823,2021/07/15 23:00:00+00,Fri 16 Jul 2021,23408,27140,9131,2807888,2313876,159758,2967646,2473634,63.0219709159684,52.5309588828151,220
-7.6926,53.28823,2021/07/16 23:00:00+00,Sat 17 Jul 2021,11391,19227,4644,2819279,2333103,164402,2983681,2497505,63.3624957978571,53.037891808014,221
-7.6926,53.28823,2021/07/17 23:00:00+00,Sun 18 Jul 2021,16765,15663,1912,2836044,2348766,166314,3002358,2515080,63.759127118034,53.4111206698285,222
-7.6926,53.28823,2021/07/18 23:00:00+00,Mon 19 Jul 2021,24710,18188,6205,2860754,2366954,172519,3033273,2539473,64.4156488968672,53.9291389700412,223
-7.6926,53.28823,2021/07/19 23:00:00+00,Tue 20 Jul 2021,30415,17900,7661,2891169,2384854,180180,3071349,2565034,65.2242441823548,54.4719613277561,224
-7.6926,53.28823,2021/07/20 23:00:00+00,Wed 21 Jul 2021,30138,19576,6843,2921307,2404430,187023,3108330,2591453,66.0095856639343,55.0330044742867,225
-7.6926,53.28823,2021/07/21 23:00:00+00,Thu 22 Jul 2021,33362,15673,6895,2954669,2420103,193918,3148587,2614021,66.864497430083,55.5122664346525,226
-7.6926,53.28823,2021/07/22 23:00:00+00,Fri 23 Jul 2021,26940,20566,5565,2981609,2440669,199483,3181092,2640152,67.554785006372,56.0671935122099,227
-7.6926,53.28823,2021/07/23 23:00:00+00,Sat 24 Jul 2021,15329,14599,2238,2996938,2455268,201721,3198659,2656989,67.9278439773816,56.4247499472808,228
-7.6926,53.28823,2021/07/24 23:00:00+00,Sun 25 Jul 2021,14643,13513,1024,3011581,2468781,202745,3214326,2671526,68.2605538822491,56.733462775969,229
-7.6926,53.28823,2021/07/25 23:00:00+00,Mon 26 Jul 2021,23700,17944,3380,3035281,2486725,206125,3241406,2692850,68.835634256527,57.186306716187,230
-7.6926,53.28823,2021/07/26 23:00:00+00,Tue 27 Jul 2021,25335,23573,3628,3060616,2510298,209753,3270369,2720051,69.4507026789869,57.7639566888877,231
-7.6926,53.28823,2021/07/27 23:00:00+00,Wed 28 Jul 2021,23302,25014,3232,3083918,2535312,212985,3296903,2748297,70.0141880058366,58.3637986479665,232
-7.6926,53.28823,2021/07/28 23:00:00+00,Thu 29 Jul 2021,19148,27600,2929,3103066,2562912,215914,3318980,2778826,70.4830229180572,59.0121231954677,233
-7.6926,53.28823,2021/07/29 23:00:00+00,Fri 30 Jul 2021,21809,22660,2086,3124875,2585572,218000,3342875,2803572,70.9904655156706,59.5376379274426,234
-7.6926,53.28823,2021/07/30 23:00:00+00,Sat 31 Jul 2021,13642,12275,891,3138517,2597847,218891,3357408,2816738,71.2990933989565,59.8172357194568,235
-7.6926,53.28823,2021/07/31 23:00:00+00,Sun 01 Aug 2021,11001,9179,355,3149518,2607026,219246,3368764,2826272,71.5402533963827,60.0197030860877,236
-7.6926,53.28823,2021/08/01 23:00:00+00,Mon 02 Aug 2021,14897,15737,401,3164415,2622763,219647,3384062,2842410,71.8651270878783,60.3624153120883,237
-7.6926,53.28823,2021/08/02 23:00:00+00,Tue 03 Aug 2021,17220,25200,1086,3181635,2647963,220733,3402368,2868696,72.2538797219822,60.920634023989,238
-7.6926,53.28823,2021/08/03 23:00:00+00,Wed 04 Aug 2021,21986,17029,1557,3203621,2664992,222290,3425911,2887282,72.753847124184,61.3153328362611,239
-7.6926,53.28823,2021/08/04 23:00:00+00,Thu 05 Aug 2021,13406,29808,1408,3217027,2694800,223698,3440725,2918498,73.0684424219888,61.9782467566253,240
-7.6926,53.28823,2021/08/05 23:00:00+00,Fri 06 Aug 2021,12065,24511,928,3229092,2719311,224626,3453718,2943937,73.344366325349,62.5184782795668,241
-7.6926,53.28823,2021/08/06 23:00:00+00,Sat 07 Aug 2021,6269,8267,565,3235361,2727578,225191,3460552,2952769,73.4894955453569,62.7060377280757,242
-7.6926,53.28823,2021/08/07 23:00:00+00,Sun 08 Aug 2021,8560,11831,145,3243921,2739409,225336,3469257,2964745,73.6743579773395,62.9603642628746,243
-7.6926,53.28823,2021/08/08 23:00:00+00,Mon 09 Aug 2021,5456,22786,587,3249377,2762195,225923,3475300,2988118,73.802689244022,63.4567214854742,244
-7.6926,53.28823,2021/08/09 23:00:00+00,Tue 10 Aug 2021,9240,25743,693,3258617,2787938,226616,3485233,3014554,74.0136299145428,64.0181256499651,245
-7.6926,53.28823,2021/08/10 23:00:00+00,Wed 11 Aug 2021,6914,30971,638,3265531,2818909,227254,3492785,3046163,74.1740068342824,64.6893854561154,246
-7.6926,53.28823,2021/08/11 23:00:00+00,Thu 12 Aug 2021,6661,38066,852,3272192,2856975,228106,3500298,3085081,74.3335555363485,65.5158617488092,247
-7.6926,53.28823,2021/08/12 23:00:00+00,Fri 13 Aug 2021,10822,28026,848,3283014,2885001,228954,3511968,3113955,74.5813837478634,66.1290401360655,248
-7.6926,53.28823,2021/08/13 23:00:00+00,Sat 14 Aug 2021,18055,5698,269,3301069,2890699,229223,3530292,3119922,74.970518636278,66.2557574401023,249
-7.6926,53.28823,2021/08/14 23:00:00+00,Sun 15 Aug 2021,16960,3639,40,3318029,2894338,229263,3547292,3123601,75.3315365964968,66.3338859739638,250
-7.6926,53.28823,2021/08/15 23:00:00+00,Mon 16 Aug 2021,10118,22943,362,3328147,2917281,229625,3557772,3146906,75.5540935507964,66.8287991247226,251
-7.6926,53.28823,2021/08/16 23:00:00+00,Tue 17 Aug 2021,12796,26683,517,3340943,2943964,230142,3571085,3174106,75.8368130863489,67.4064278610726,252
-7.6926,53.28823,2021/08/17 23:00:00+00,Wed 18 Aug 2021,15155,25573,647,3356098,2969537,230789,3586887,3200326,76.1723898985476,67.9632449738336,253
-7.6926,53.28823,2021/08/18 23:00:00+00,Thu 19 Aug 2021,11310,25524,529,3367408,2995061,231318,3598726,3226379,76.4238070533141,68.5165156160442,254
-7.6926,53.28823,2021/08/19 23:00:00+00,Fri 20 Aug 2021,14768,22071,671,3382176,3017132,231989,3614165,3249121,76.7516750702445,68.9994727014146,255
-7.6926,53.28823,2021/08/20 23:00:00+00,Sat 21 Aug 2021,11811,7855,231,3393987,3024987,232220,3626207,3257207,77.007403204183,69.1711898323751,256
-7.6926,53.28823,2021/08/21 23:00:00+00,Sun 22 Aug 2021,7987,12178,156,3401974,3037165,232376,3634350,3269541,77.1803308071278,69.4331189806891,257
-7.6926,53.28823,2021/08/22 23:00:00+00,Mon 23 Aug 2021,10816,15201,276,3412790,3052366,232652,3645442,3285018,77.4158844079953,69.7617939789424,258
-7.6926,53.28823,2021/08/23 23:00:00+00,Tue 24 Aug 2021,9659,22753,376,3422449,3075119,233028,3655477,3308147,77.6289911862774,70.2529695319954,259
-7.6926,53.28823,2021/08/24 23:00:00+00,Wed 25 Aug 2021,9357,19327,306,3431806,3094446,233334,3665140,3327780,77.8341980421359,70.6699028033469,260
-7.6926,53.28823,2021/08/25 23:00:00+00,Thu 26 Aug 2021,8529,19270,362,3440335,3113716,233696,3674031,3347412,78.0230104353303,71.0868148383478,261
-7.6926,53.28823,2021/08/26 23:00:00+00,Fri 27 Aug 2021,9665,19071,427,3450000,3132787,234123,3684123,3366910,78.2373276855967,71.5008812023682,262
-7.6926,53.28823,2021/08/27 23:00:00+00,Sat 28 Aug 2021,9886,7806,146,3459886,3140593,234269,3694155,3374862,78.450370754827,71.6697526623482,263
-7.6926,53.28823,2021/08/28 23:00:00+00,Sun 29 Aug 2021,8785,9144,24,3468671,3149737,234293,3702964,3384030,78.6374417672721,71.8644475246591,264
-7.6926,53.28823,2021/08/29 23:00:00+00,Mon 30 Aug 2021,5025,10993,79,3473696,3160730,234372,3708068,3395102,78.7458321007402,72.0995763985146,265
-7.6926,53.28823,2021/08/30 23:00:00+00,Tue 31 Aug 2021,4019,12725,137,3477715,3173455,234509,3712224,3407964,78.8340903738384,72.372718339946,266
-7.6926,53.28823,2021/08/31 23:00:00+00,Wed 01 Sep 2021,4904,12413,175,3482619,3185868,234684,3717303,3420552,78.9419497985414,72.6400415213127,267
-7.6926,53.28823,2021/09/01 23:00:00+00,Thu 02 Sep 2021,4970,12267,243,3487589,3198135,234927,3722516,3433062,79.0526548942249,72.9057082673325,268
-7.6926,53.28823,2021/09/02 23:00:00+00,Fri 03 Sep 2021,4730,15926,159,3492319,3214061,235086,3727405,3449147,79.1564794123137,73.2472949667513,269
-7.6926,53.28823,2021/09/03 23:00:00+00,Sat 04 Sep 2021,4602,10521,130,3496921,3224582,235216,3732137,3459798,79.2569698233582,73.4734833370037,270
-7.6926,53.28823,2021/09/04 23:00:00+00,Sun 05 Sep 2021,5297,11843,1,3502218,3236425,235217,3737435,3471642,79.3694800088428,73.7250066735232,271
-7.6926,53.28823,2021/09/05 23:00:00+00,Mon 06 Sep 2021,2120,9594,69,3504338,3246019,235286,3739624,3481305,79.4159663803086,73.9302135293817,272
-7.6926,53.28823,2021/09/06 23:00:00+00,Tue 07 Sep 2021,2999,9909,141,3507337,3255928,235427,3742764,3491355,79.4826485211961,74.1436388529228,273
-7.6926,53.28823,2021/09/07 23:00:00+00,Wed 08 Sep 2021,2576,14705,181,3509913,3270633,235608,3745521,3506241,79.5411971398034,74.4597631679708,274
-7.6926,53.28823,2021/09/08 23:00:00+00,Thu 09 Sep 2021,3083,14716,135,3512996,3285349,235743,3748739,3521092,79.6095357160377,74.7751442107478,275
-7.6926,53.28823,2021/09/09 23:00:00+00,Fri 10 Sep 2021,3357,13869,109,3516353,3299218,235852,3752205,3535070,79.6831409072211,75.0719859194501,276
-7.6926,53.28823,2021/09/10 23:00:00+00,Sat 11 Sep 2021,2538,11252,57,3518891,3310470,235909,3754800,3546379,79.738249237031,75.312147808398,277
-7.6926,53.28823,2021/01/18 00:00:00+00,Mon 18 Jan 2021,8674,4,0,110452,79,7,110459,86,2.34574605104751,0.00182632615169507,278
-7.6926,53.28823,2021/01/19 00:00:00+00,Tue 19 Jan 2021,8355,15,0,118807,94,7,118814,101,2.52317576031975,0.00214487141071166,279
-7.6926,53.28823,2021/01/20 00:00:00+00,Wed 20 Jan 2021,8429,957,0,127236,1051,7,127243,1058,2.70217695953647,0.0224680589359696,280
-7.6926,53.28823,2021/01/21 00:00:00+00,Thu 21 Jan 2021,8950,956,0,136186,2007,7,136193,2014,2.89224229741636,0.0427700101106265,281
-7.6926,53.28823,2021/01/22 00:00:00+00,Fri 22 Jan 2021,6737,962,0,142923,2969,7,142930,2976,3.03531159141601,0.06319937938889,282
-7.6926,53.28823,2021/01/23 00:00:00+00,Sat 23 Jan 2021,4156,456,0,147079,3425,7,147086,3432,3.12356986451421,0.0728831552629941,283
-7.6926,53.28823,2021/01/24 00:00:00+00,Sun 24 Jan 2021,1171,396,0,148250,3821,7,148257,3828,3.1484376310681,0.0812927501010319,284
-7.6926,53.28823,2021/01/25 00:00:00+00,Mon 25 Jan 2021,1334,1282,0,149584,5103,7,149591,5110,3.17676692276998,0.108517751571649,285
-7.6926,53.28823,2021/01/26 00:00:00+00,Tue 26 Jan 2021,986,3495,0,150570,8598,7,150577,8605,3.19770596446267,0.182738796922513,286
-7.6926,53.28823,2021/01/27 00:00:00+00,Wed 27 Jan 2021,2141,6694,0,152711,15292,7,152718,15299,3.24317299109963,0.324894927846313,287
-7.6926,53.28823,2021/01/28 00:00:00+00,Thu 28 Jan 2021,953,11537,0,153664,26829,7,153671,26836,3.26341123322249,0.569898704731268,288
-7.6926,53.28823,2021/01/29 00:00:00+00,Fri 29 Jan 2021,1540,11523,0,155204,38352,7,155211,38359,3.29611521314819,0.814605172707807,289
-7.6926,53.28823,2021/01/30 00:00:00+00,Sat 30 Jan 2021,608,7793,0,155812,46145,7,155819,46152,3.30902691431366,0.980100052942222,290
-7.6926,53.28823,2021/01/31 00:00:00+00,Sun 31 Jan 2021,205,4080,0,156017,50225,7,156024,50232,3.31338036618689,1.06674436339473,291
-7.6926,53.28823,2021/02/01 00:00:00+00,Mon 01 Feb 2021,983,8331,0,157000,58556,7,157007,58563,3.33425569882777,1.24366440025254,292
-7.6926,53.28823,2021/02/02 00:00:00+00,Tue 02 Feb 2021,806,5097,0,157806,63653,7,157813,63660,3.35137219741227,1.35190607926638,293
-7.6926,53.28823,2021/02/03 00:00:00+00,Wed 03 Feb 2021,1364,6860,0,159170,70513,7,159177,70520,3.38033857963217,1.49758744438996,294
-7.6926,53.28823,2021/02/04 00:00:00+00,Thu 04 Feb 2021,1390,10531,0,160560,81044,7,160567,81051,3.40985710696771,1.7212274525702,295
-7.6926,53.28823,2021/02/05 00:00:00+00,Fri 05 Feb 2021,3359,8604,0,163919,89648,7,163926,89655,3.48119000863682,1.90394501314212,296
-7.6926,53.28823,2021/02/06 00:00:00+00,Sat 06 Feb 2021,876,3862,0,164795,93510,7,164802,93517,3.49979305176339,1.98595979916358,297
-7.6926,53.28823,2021/02/07 00:00:00+00,Sun 07 Feb 2021,305,1295,1,165100,94805,8,165108,94813,3.50629137504733,2.01348210954262,298
-7.6926,53.28823,2021/02/08 00:00:00+00,Mon 08 Feb 2021,1130,870,0,166230,95675,8,166238,95683,3.53028845122658,2.03195773456558,299
-7.6926,53.28823,2021/02/09 00:00:00+00,Tue 09 Feb 2021,4207,528,1,170437,96203,9,170446,96212,3.61965101455603,2.04319176403356,300
-7.6926,53.28823,2021/02/10 00:00:00+00,Wed 10 Feb 2021,8792,575,0,179229,96778,9,179238,96787,3.80636100904095,2.0554026656292,301
-7.6926,53.28823,2021/02/11 00:00:00+00,Thu 11 Feb 2021,6140,433,0,185369,97211,9,185378,97220,3.93675220173174,2.06459800543948,302
-7.6926,53.28823,2021/02/12 00:00:00+00,Fri 12 Feb 2021,4357,515,0,189726,97726,9,189735,97735,4.02927898130076,2.07553472599905,303
-7.6926,53.28823,2021/02/13 00:00:00+00,Sat 13 Feb 2021,1186,1908,0,190912,99634,9,190921,99643,4.05446529311367,2.11605368294596,304
-7.6926,53.28823,2021/02/14 00:00:00+00,Sun 14 Feb 2021,2674,19,0,193586,99653,9,193595,99662,4.11125129462102,2.11645717360738,305
-7.6926,53.28823,2021/02/15 00:00:00+00,Mon 15 Feb 2021,1929,7868,0,195515,107521,9,195524,107530,4.15221621493056,2.28354478013688,306
-7.6926,53.28823,2021/02/16 00:00:00+00,Tue 16 Feb 2021,5603,8148,0,201118,115669,9,201127,115678,4.27120348734855,2.45657856483468,307
-7.6926,53.28823,2021/02/17 00:00:00+00,Wed 17 Feb 2021,9701,8458,0,210819,124127,9,210828,124136,4.47721732452988,2.63619561821884,308
-7.6926,53.28823,2021/02/18 00:00:00+00,Thu 18 Feb 2021,8435,8326,0,219254,132453,9,219263,132462,4.6563459418502,2.81300947332364,309
-7.6926,53.28823,2021/02/19 00:00:00+00,Fri 19 Feb 2021,9362,6572,0,228616,139025,9,228625,139034,4.85516065617775,2.95257476947411,310
-7.6926,53.28823,2021/02/20 00:00:00+00,Sat 20 Feb 2021,5859,3564,1,234475,142589,10,234485,142599,4.97960567070023,3.02828235936705,311
-7.6926,53.28823,2021/02/21 00:00:00+00,Sun 21 Feb 2021,1090,1015,4,235565,143604,14,235579,143618,5.00283823825784,3.04992220062957,312
-7.6926,53.28823,2021/02/22 00:00:00+00,Mon 22 Feb 2021,3919,1102,1,239484,144706,15,239499,144721,5.08608473261417,3.07334589534259,313
-7.6926,53.28823,2021/02/23 00:00:00+00,Tue 23 Feb 2021,13328,1054,0,252812,145760,15,252827,145775,5.36912281342571,3.09572900887616,314
-7.6926,53.28823,2021/02/24 00:00:00+00,Wed 24 Feb 2021,16894,2087,2,269706,147847,17,269723,147864,5.72793219318198,3.14009174528187,315
-7.6926,53.28823,2021/02/25 00:00:00+00,Thu 25 Feb 2021,18022,1740,1,287728,149587,18,287746,149605,6.11067494006571,3.17706423167839,316
-7.6926,53.28823,2021/02/26 00:00:00+00,Fri 26 Feb 2021,16052,2750,0,303780,152337,18,303798,152355,6.45156083991465,3.23546419583143,317
-7.6926,53.28823,2021/02/27 00:00:00+00,Sat 27 Feb 2021,8947,697,1,312727,153034,19,312746,153053,6.64158370509335,3.250287168551,318
-7.6926,53.28823,2021/02/28 00:00:00+00,Sun 28 Feb 2021,2421,46,1,315148,153080,20,315168,153100,6.69301814624923,3.25128527702926,319
-7.6926,53.28823,2021/03/01 00:00:00+00,Mon 01 Mar 2021,5547,778,0,320695,153858,20,320715,153878,6.81081618303356,3.26780715779692,320
-7.6926,53.28823,2021/03/02 00:00:00+00,Tue 02 Mar 2021,12140,1591,0,332835,155449,20,332855,155469,7.06862547933098,3.30159419160327,321
-7.6926,53.28823,2021/03/03 00:00:00+00,Wed 03 Mar 2021,12819,1491,1,345654,156940,21,345675,156961,7.34087549403715,3.33327882670012,322
-7.6926,53.28823,2021/03/04 00:00:00+00,Thu 04 Mar 2021,18679,1676,2,364333,158616,23,364356,158639,7.7375917596164,3.36891342300878,323
-7.6926,53.28823,2021/03/05 00:00:00+00,Fri 05 Mar 2021,18380,2380,5,382713,160996,28,382741,161024,8.12802206541773,3.41956211919242,324
-7.6926,53.28823,2021/03/06 00:00:00+00,Sat 06 Mar 2021,10398,124,1,393111,161120,29,393140,161149,8.34885887531862,3.42221666301755,325
-7.6926,53.28823,2021/03/07 00:00:00+00,Sun 07 Mar 2021,1493,7,1,394604,161127,30,394634,161157,8.38058598311668,3.42238655382236,326
-7.6926,53.28823,2021/03/08 00:00:00+00,Mon 08 Mar 2021,6607,1480,2,401211,162607,32,401243,162639,8.52093702423938,3.4538588254132,327
-7.6926,53.28823,2021/03/09 00:00:00+00,Tue 09 Mar 2021,13754,3084,2,414965,165691,34,414999,165725,8.81306426310819,3.51939420336821,328
-7.6926,53.28823,2021/03/10 00:00:00+00,Wed 10 Mar 2021,13656,3967,3,428621,169658,37,428658,169695,9.10313157596869,3.6037025152546,329
-7.6926,53.28823,2021/03/11 00:00:00+00,Thu 11 Mar 2021,18396,2081,1,447017,171739,38,447055,171777,9.49381671797723,3.6479165972061,330
-7.6926,53.28823,2021/03/12 00:00:00+00,Fri 12 Mar 2021,17254,1324,2,464271,173063,40,464311,173103,9.86027118394991,3.67607599810317,331
-7.6926,53.28823,2021/03/13 00:00:00+00,Sat 13 Mar 2021,8238,163,0,472509,173226,40,472549,173266,10.0352162402018,3.67953752325115,332
-7.6926,53.28823,2021/03/14 00:00:00+00,Sun 14 Mar 2021,344,13,1,472853,173239,41,472894,173280,10.0425427811592,3.67983483215956,333
-7.6926,53.28823,2021/03/15 00:00:00+00,Mon 15 Mar 2021,2580,978,0,475433,174217,41,475474,174258,10.09733256571,3.70060398304745,334
-7.6926,53.28823,2021/03/16 00:00:00+00,Tue 16 Mar 2021,8874,3796,0,484307,178013,41,484348,178054,10.2857839409443,3.78121716992924,335
-7.6926,53.28823,2021/03/17 00:00:00+00,Wed 17 Mar 2021,4835,2397,6,489142,180410,47,489189,180457,10.3885891142042,3.8322481204237,336
-7.6926,53.28823,2021/03/18 00:00:00+00,Thu 18 Mar 2021,11644,4665,2,500786,185075,49,500835,185124,10.6359076533047,3.93135816867906,337
-7.6926,53.28823,2021/03/19 00:00:00+00,Fri 19 Mar 2021,10270,6100,1,511056,191175,50,511106,191225,10.8540262103286,4.0609211436964,338
-7.6926,53.28823,2021/03/20 00:00:00+00,Sat 20 Mar 2021,5160,3098,2,516216,194273,52,516268,194325,10.9636482521315,4.12675383055983,339
-7.6926,53.28823,2021/03/21 00:00:00+00,Sun 21 Mar 2021,3578,42,1,519794,194315,53,519847,194368,11.0396531509329,4.12766699363568,340
-7.6926,53.28823,2021/03/22 00:00:00+00,Mon 22 Mar 2021,7330,2383,0,527124,196698,53,527177,196751,11.195315600839,4.17827321711811,341
-7.6926,53.28823,2021/03/23 00:00:00+00,Tue 23 Mar 2021,12488,7362,2,539612,204060,55,539667,204115,11.4605576198468,4.33465770294465,342
-7.6926,53.28823,2021/03/24 00:00:00+00,Wed 24 Mar 2021,13531,9748,0,553143,213808,55,553198,213863,11.7479066798304,4.54166964860423,343
-7.6926,53.28823,2021/03/25 00:00:00+00,Thu 25 Mar 2021,20778,10194,2,573921,224002,57,573978,224059,12.1891980453213,4.7581954793331,344
-7.6926,53.28823,2021/03/26 00:00:00+00,Fri 26 Mar 2021,19621,9454,1,593542,233456,58,593600,233514,12.6058977168162,4.95898517426656,345
-7.6926,53.28823,2021/03/27 00:00:00+00,Sat 27 Mar 2021,11664,5310,0,605206,238766,58,605264,238824,12.8535985102275,5.07175019595843,346
-7.6926,53.28823,2021/03/28 00:00:00+00,Sun 28 Mar 2021,2436,470,0,607642,239236,58,607700,239294,12.9053302602918,5.08173128074094,347
-7.6926,53.28823,2021/03/28 23:00:00+00,Mon 29 Mar 2021,9190,3085,3,616832,242321,61,616893,242382,13.1005560313678,5.14730913139716,348
-7.6926,53.28823,2021/03/29 23:00:00+00,Tue 30 Mar 2021,13254,8633,1,630086,250954,62,630148,251016,13.3820438585854,5.3306637824871,349
-7.6926,53.28823,2021/03/30 23:00:00+00,Wed 31 Mar 2021,15714,10442,1,645800,261396,63,645863,261459,13.7157731082818,5.55243499181445,350
-7.6926,53.28823,2021/03/31 23:00:00+00,Thu 01 Apr 2021,19598,11587,3,665398,272983,66,665464,273049,14.1320268164141,5.79856429528126,351
-7.6926,53.28823,2021/04/01 23:00:00+00,Fri 02 Apr 2021,20053,13684,4,685451,286667,70,685521,286737,14.5579643004205,6.08924746230919,352
-7.6926,53.28823,2021/04/02 23:00:00+00,Sat 03 Apr 2021,7479,4609,0,692930,291276,70,693000,291346,14.7167909665661,6.18712580222969,353
-7.6926,53.28823,2021/04/03 23:00:00+00,Sun 04 Apr 2021,2974,160,0,695904,291436,70,695974,291506,14.7799478732538,6.19052361832587,354
-7.6926,53.28823,2021/04/04 23:00:00+00,Mon 05 Apr 2021,3371,585,3,699275,292021,73,699348,292094,14.8515993201819,6.20301059247932,355
-7.6926,53.28823,2021/04/05 23:00:00+00,Tue 06 Apr 2021,11885,8122,5,711160,300143,78,711238,300221,15.1040995288291,6.3755984138145,356
-7.6926,53.28823,2021/04/06 23:00:00+00,Wed 07 Apr 2021,18247,10428,3,729407,310571,81,729488,310652,15.4916629272993,6.59711478693463,357
-7.6926,53.28823,2021/04/07 23:00:00+00,Thu 08 Apr 2021,20078,10527,8,749485,321098,89,749574,321187,15.9182162654731,6.82083974051728,358
-7.6926,53.28823,2021/04/08 23:00:00+00,Fri 09 Apr 2021,20615,9119,9,770100,330217,98,770198,330315,16.3561947602703,7.01468514880417,359
-7.6926,53.28823,2021/04/09 23:00:00+00,Sat 10 Apr 2021,11078,4135,8,781178,334352,106,781284,334458,16.5916209430341,7.10266734934455,360
-7.6926,53.28823,2021/04/10 23:00:00+00,Sun 11 Apr 2021,2801,332,2,783979,334684,108,784087,334792,16.651146433769,7.10976029044532,361
-7.6926,53.28823,2021/04/11 23:00:00+00,Mon 12 Apr 2021,7695,2745,6,791674,337429,114,791788,337543,16.8146875697481,7.16818149094896,362
-7.6926,53.28823,2021/04/12 23:00:00+00,Tue 13 Apr 2021,11418,8544,0,803092,345973,114,803206,346087,17.0571642209116,7.34962487048481,363
-7.6926,53.28823,2021/04/13 23:00:00+00,Wed 14 Apr 2021,20258,6547,2,823350,352520,116,823466,352636,17.48741268409,7.48870173057145,364
-7.6926,53.28823,2021/04/14 23:00:00+00,Thu 15 Apr 2021,27028,10741,1,850378,363261,117,850495,363378,18.0614100044872,7.71682260872852,365
-7.6926,53.28823,2021/04/15 23:00:00+00,Fri 16 Apr 2021,27890,9785,1,878268,373046,118,878386,373164,18.6537130591027,7.92464153571094,366
-7.6926,53.28823,2021/04/16 23:00:00+00,Sat 17 Apr 2021,15765,4511,1,894033,377557,119,894152,377676,18.9885253626797,8.02045994962313,367
-7.6926,53.28823,2021/04/17 23:00:00+00,Sun 18 Apr 2021,1021,444,0,895054,378001,119,895173,378120,19.0102076766434,8.02988888929002,368
-7.6926,53.28823,2021/04/18 23:00:00+00,Mon 19 Apr 2021,6671,2203,0,901725,380204,119,901844,380323,19.1518753715034,8.07667256966426,369
-7.6926,53.28823,2021/04/19 23:00:00+00,Tue 20 Apr 2021,14985,7253,0,916710,387457,119,916829,387576,19.470102085261,8.23069982057407,370
-7.6926,53.28823,2021/04/20 23:00:00+00,Wed 21 Apr 2021,26595,9798,1,943305,397255,120,943425,397375,20.034904065848,8.43879482011431,371
-7.6926,53.28823,2021/04/21 23:00:00+00,Thu 22 Apr 2021,31538,12128,0,974843,409383,120,974963,409503,20.7046560911056,8.69634928020451,372
-7.6926,53.28823,2021/04/22 23:00:00+00,Fri 23 Apr 2021,33503,12325,0,1008346,421708,120,1008466,421828,21.4161375452945,8.95808730136314,373
-7.6926,53.28823,2021/04/23 23:00:00+00,Sat 24 Apr 2021,23587,6954,0,1031933,428662,120,1032053,428782,21.9170393469228,9.10576488344323,374
-7.6926,53.28823,2021/04/24 23:00:00+00,Sun 25 Apr 2021,9695,265,1,1041628,428927,121,1041749,429048,22.1229470023511,9.11141375270312,375
-7.6926,53.28823,2021/04/25 23:00:00+00,Mon 26 Apr 2021,15493,2995,1,1057121,431922,122,1057243,432044,22.4519830185646,9.17503785910403,376
-7.6926,53.28823,2021/04/26 23:00:00+00,Tue 27 Apr 2021,25815,7745,5,1082936,439667,127,1083063,439794,23.0003055910851,9.3396195762626,377
-7.6926,53.28823,2021/04/27 23:00:00+00,Wed 28 Apr 2021,25937,8535,4,1108873,448202,131,1109004,448333,23.5511977620284,9.52095677404544,378
-7.6926,53.28823,2021/04/28 23:00:00+00,Thu 29 Apr 2021,31601,11266,1,1140474,459468,132,1140606,459600,24.2223089137246,9.7602267362681,379
-7.6926,53.28823,2021/04/29 23:00:00+00,Fri 30 Apr 2021,36003,13470,2,1176477,472938,134,1176611,473072,24.9869237171174,10.0463228515662,380
-7.6926,53.28823,2021/04/30 23:00:00+00,Sat 01 May 2021,16452,6639,8,1192929,479577,142,1193071,479719,25.3364740480116,10.1874808740117,381
-7.6926,53.28823,2021/05/01 23:00:00+00,Sun 02 May 2021,12355,875,6,1205284,480452,148,1205432,480600,25.5989765777918,10.2061900988913,382
-7.6926,53.28823,2021/05/02 23:00:00+00,Mon 03 May 2021,14155,883,8,1219439,481335,156,1219595,481491,25.8997470113553,10.2251116872769,383
-7.6926,53.28823,2021/05/03 23:00:00+00,Tue 04 May 2021,26513,6724,2,1245952,488059,158,1246110,488217,26.4628288475436,10.3679473814199,384
-7.6926,53.28823,2021/05/04 23:00:00+00,Wed 05 May 2021,31955,13360,66,1277907,501419,224,1278131,501643,27.1428380301416,10.6530666245904,385
