X,Y,VaccinationDate,VaccineText,Dose1,Dose2,SingleDose,Dose1Cum,Dose2Cum,SingleDoseCum,PartiallyVacc,FullyVacc,PartialPercent,FullyPercent,ObjectId
-7.6926,53.28823,2022/07/10 23:00:00+00,Mon 11 Jul 2022,11,16,0,3857139,3810721,241196,4098335,4051917,85.4083311955209,84.4409910641179,1
-7.6926,53.28823,2020/12/28 00:00:00+00,Mon 28 Dec 2020,297,23,4,297,23,4,301,27,0.00627276874385618,0.00056267360825288,2
-7.6926,53.28823,2021/11/29 00:00:00+00,Mon 29 Nov 2021,537,1005,2,3665034,3602273,241086,3906120,3843359,81.4026160988422,80.09469171634,3
-7.6926,53.28823,2022/07/11 23:00:00+00,Tue 12 Jul 2022,44,81,0,3857183,3810802,241196,4098379,4051998,85.4092481451048,84.4426790849427,4
-7.6926,53.28823,2020/12/29 00:00:00+00,Tue 29 Dec 2020,81,3,0,378,26,4,382,30,0.00796078956861482,0.000625192898058755,5
-7.6926,53.28823,2021/11/30 00:00:00+00,Tue 30 Nov 2021,1899,1656,6,3666933,3603929,241092,3908025,3845021,81.4423158478689,80.1293274028924,6
-7.6926,53.28823,2022/07/12 23:00:00+00,Wed 13 Jul 2022,99,74,1,3857282,3810876,241197,4098479,4052073,85.4113321214316,84.4442420671878,7
-7.6926,53.28823,2020/12/30 00:00:00+00,Wed 30 Dec 2020,1066,2,0,1444,28,4,1448,32,0.0301759772129692,0.000666872424596006,8
-7.6926,53.28823,2021/12/01 00:00:00+00,Wed 01 Dec 2021,1075,1392,4,3668008,3605321,241096,3909104,3846417,81.4648019524357,80.1584197124154,9
-7.6926,53.28823,2022/07/13 23:00:00+00,Thu 14 Jul 2022,73,39,0,3857355,3810915,241197,4098552,4052112,85.4128534241502,84.4450548179553,10
-7.6926,53.28823,2020/12/31 00:00:00+00,Thu 31 Dec 2020,1042,1,0,2486,29,4,2490,33,0.0518910105388767,0.000687712187864631,11
-7.6926,53.28823,2021/12/02 00:00:00+00,Thu 02 Dec 2021,1737,1419,0,3669745,3606740,241096,3910841,3847836,81.5010006212333,80.1879913364936,12
-7.6926,53.28823,2022/07/14 23:00:00+00,Fri 15 Jul 2022,80,118,1,3857435,3811033,241198,4098633,4052231,85.414541444975,84.4475347497843,13
-7.6926,53.28823,2021/01/01 00:00:00+00,Fri 01 Jan 2021,824,0,0,3310,29,4,3314,33,0.0690629754722238,0.000687712187864631,14
-7.6926,53.28823,2021/12/03 00:00:00+00,Fri 03 Dec 2021,1016,1207,2,3670761,3607947,241098,3911859,3849045,81.5222155002408,80.2131866102854,15
-7.6926,53.28823,2022/07/15 23:00:00+00,Sat 16 Jul 2022,124,209,0,3857559,3811242,241198,4098757,4052440,85.4171255756203,84.4518902603074,16
-7.6926,53.28823,2021/01/02 00:00:00+00,Sat 02 Jan 2021,1021,0,0,4331,29,4,4335,33,0.0903403737694901,0.000687712187864631,17
-7.6926,53.28823,2021/12/04 00:00:00+00,Sat 04 Dec 2021,1205,1707,3,3671966,3609654,241101,3913067,3850755,81.5473899342693,80.2488226054747,18
-7.6926,53.28823,2022/07/16 23:00:00+00,Sun 17 Jul 2022,119,165,0,3857678,3811407,241198,4098876,4052605,85.4196055074493,84.4553288212467,19
-7.6926,53.28823,2021/01/03 00:00:00+00,Sun 03 Jan 2021,25,3,1,4356,32,5,4361,37,0.0908822076144744,0.000771071240939132,20
-7.6926,53.28823,2021/12/05 00:00:00+00,Sun 05 Dec 2021,1349,1779,2,3673315,3611433,241103,3914418,3852536,81.5755444544452,80.2859382238562,21
-7.6926,53.28823,2022/07/17 23:00:00+00,Mon 18 Jul 2022,14,18,0,3857692,3811425,241198,4098890,4052623,85.419897264135,84.4557039369856,22
-7.6926,53.28823,2021/12/06 00:00:00+00,Mon 06 Dec 2021,940,1306,0,3674255,3612739,241103,3915358,3853842,81.5951338319177,80.313154954685,23
-7.6926,53.28823,2021/01/04 00:00:00+00,Mon 04 Jan 2021,1198,5,0,5554,37,5,5559,42,0.115848244010287,0.000875270057282257,24
-7.6926,53.28823,2022/07/18 23:00:00+00,Tue 19 Jul 2022,30,34,0,3857722,3811459,241198,4098920,4052657,85.4205224570331,84.4564124889367,25
-7.6926,53.28823,2021/12/07 00:00:00+00,Tue 07 Dec 2021,487,753,2,3674742,3613492,241105,3915847,3854597,81.6053244761561,80.3288889759528,26
-7.6926,53.28823,2021/01/05 00:00:00+00,Tue 05 Jan 2021,3546,14,0,9100,51,5,9105,56,0.189746044560832,0.00116702674304301,27
-7.6926,53.28823,2022/07/19 23:00:00+00,Wed 20 Jul 2022,78,66,0,3857800,3811525,241198,4098998,4052723,85.422147958568,84.4577879133124,28
-7.6926,53.28823,2021/12/08 00:00:00+00,Wed 08 Dec 2021,797,1528,2,3675539,3615020,241107,3916646,3856127,81.6219754470077,80.3607738137538,29
-7.6926,53.28823,2021/01/06 00:00:00+00,Wed 06 Jan 2021,6797,14,0,15897,65,5,15902,70,0.331393915497677,0.00145878342880376,30
-7.6926,53.28823,2022/07/20 23:00:00+00,Thu 21 Jul 2022,52,30,0,3857852,3811555,241198,4099050,4052753,85.423231626258,84.4584131062105,31
-7.6926,53.28823,2021/12/09 00:00:00+00,Thu 09 Dec 2021,787,1217,1,3676326,3616237,241108,3917434,3857345,81.6383971804634,80.386156645415,32
-7.6926,53.28823,2021/01/07 00:00:00+00,Thu 07 Jan 2021,11743,9,0,27640,74,5,27645,79,0.576115255561143,0.00164634129822139,33
-7.6926,53.28823,2022/07/21 23:00:00+00,Fri 22 Jul 2022,75,70,0,3857927,3811625,241198,4099125,4052823,85.4247946085032,84.4598718896393,34
-7.6926,53.28823,2021/12/10 00:00:00+00,Fri 10 Dec 2021,895,1623,1,3677221,3617860,241109,3918330,3858969,81.6570696083521,80.4200004209632,35
-7.6926,53.28823,2021/01/08 00:00:00+00,Fri 08 Jan 2021,12691,8,0,40331,82,5,40336,87,0.840592691203265,0.00181305940437039,36
-7.6926,53.28823,2022/07/22 23:00:00+00,Sat 23 Jul 2022,100,175,0,3858027,3811800,241198,4099225,4052998,85.42687858483,84.4635188482113,37
-7.6926,53.28823,2021/01/09 00:00:00+00,Sat 09 Jan 2021,8081,7,0,48412,89,5,48417,94,1.00899881817703,0.00195893774725077,38
-7.6926,53.28823,2021/12/11 00:00:00+00,Sat 11 Dec 2021,645,851,2,3677866,3618711,241111,3918977,3859822,81.6705529351869,80.4377767390313,39
-7.6926,53.28823,2022/07/23 23:00:00+00,Sun 24 Jul 2022,108,230,0,3858135,3812030,241198,4099333,4053228,85.429129279263,84.4683119937631,40
-7.6926,53.28823,2021/01/10 00:00:00+00,Sun 10 Jan 2021,4790,6,1,53202,95,6,53208,101,1.10884212399701,0.00210481609013114,41
-7.6926,53.28823,2021/12/12 00:00:00+00,Sun 12 Dec 2021,686,1193,0,3678552,3619904,241111,3919663,3861015,81.6848490127892,80.4626385766108,42
-7.6926,53.28823,2022/07/24 23:00:00+00,Mon 25 Jul 2022,14,23,0,3858149,3812053,241198,4099347,4053251,85.4294210359488,84.4687913083183,43
-7.6926,53.28823,2021/01/11 00:00:00+00,Mon 11 Jan 2021,8356,8,0,61558,103,6,61564,109,1.28297918586964,0.00227153419628014,44
-7.6926,53.28823,2021/12/13 00:00:00+00,Mon 13 Dec 2021,725,1073,1,3679277,3620977,241112,3920389,3862089,81.6999786809222,80.4850204823613,45
-7.6926,53.28823,2022/07/25 23:00:00+00,Tue 26 Jul 2022,18,16,0,3858167,3812069,241198,4099365,4053267,85.4297961516876,84.4691247445306,46
-7.6926,53.28823,2021/01/12 00:00:00+00,Tue 12 Jan 2021,8901,15,0,70459,118,6,70465,124,1.46847391872367,0.00258413064530952,47
-7.6926,53.28823,2021/12/14 00:00:00+00,Tue 14 Dec 2021,631,1206,3,3679908,3622183,241115,3921023,3863298,81.7131910908345,80.5102157561531,48
-7.6926,53.28823,2022/07/26 23:00:00+00,Wed 27 Jul 2022,61,72,1,3858228,3812141,241199,4099427,4053340,85.4310882170103,84.4706460472492,49
-7.6926,53.28823,2021/01/13 00:00:00+00,Wed 13 Jan 2021,9908,5,0,80367,123,6,80373,129,1.67495429318921,0.00268832946165265,50
-7.6926,53.28823,2021/12/15 00:00:00+00,Wed 15 Dec 2021,792,1260,1,3680700,3623443,241116,3921816,3864559,81.7297170231065,80.5364946976348,51
-7.6926,53.28823,2021/12/16 00:00:00+00,Thu 16 Dec 2021,1047,1553,8,3681747,3624996,241124,3922871,3866120,81.7517029733549,80.5690255680971,52
-7.6926,53.28823,2021/12/17 00:00:00+00,Fri 17 Dec 2021,1199,2461,2,3682946,3627457,241126,3924072,3868583,81.7767315290405,80.6203539050278,53
-7.6926,53.28823,2021/12/18 00:00:00+00,Sat 18 Dec 2021,1252,1185,0,3684198,3628642,241126,3925324,3869768,81.8028229126528,80.6450490245011,54
-7.6926,53.28823,2021/12/19 00:00:00+00,Sun 19 Dec 2021,554,894,3,3684752,3629536,241129,3925881,3870665,81.8144306607935,80.6637422921531,55
-7.6926,53.28823,2021/12/20 00:00:00+00,Mon 20 Dec 2021,516,624,1,3685268,3630160,241130,3926398,3871290,81.8252048184033,80.6767671441959,56
-7.6926,53.28823,2021/12/21 00:00:00+00,Tue 21 Dec 2021,1406,1825,3,3686674,3631985,241133,3927807,3873118,81.8545680448488,80.714862231451,57
-7.6926,53.28823,2021/12/22 00:00:00+00,Wed 22 Dec 2021,1169,1606,2,3687843,3633591,241135,3928978,3874726,81.8789714076364,80.7483725707869,58
-7.6926,53.28823,2021/12/23 00:00:00+00,Thu 23 Dec 2021,930,1405,0,3688773,3634996,241135,3929908,3876131,81.8983523874762,80.7776524381794,59
-7.6926,53.28823,2021/12/24 00:00:00+00,Fri 24 Dec 2021,101,165,0,3688874,3635161,241135,3930009,3876296,81.9004572035663,80.7810909991187,60
-7.6926,53.28823,2021/12/25 00:00:00+00,Sat 25 Dec 2021,2,7,0,3688876,3635168,241135,3930011,3876303,81.9004988830929,80.7812368774616,61
-7.6926,53.28823,2021/12/26 00:00:00+00,Sun 26 Dec 2021,12,13,0,3688888,3635181,241135,3930023,3876316,81.9007489602521,80.7815077943841,62
-7.6926,53.28823,2021/12/27 00:00:00+00,Mon 27 Dec 2021,393,591,0,3689281,3635772,241135,3930416,3876907,81.9089389872167,80.7938240944758,63
-7.6926,53.28823,2021/12/28 00:00:00+00,Tue 28 Dec 2021,469,752,0,3689750,3636524,241135,3930885,3877659,81.9187128361897,80.8094955964538,64
-7.6926,53.28823,2021/12/29 00:00:00+00,Wed 29 Dec 2021,1059,1318,0,3690809,3637842,241135,3931944,3878977,81.9407821454911,80.8369624044419,65
-7.6926,53.28823,2021/12/30 00:00:00+00,Thu 30 Dec 2021,1051,1204,1,3691860,3639046,241136,3932996,3880182,81.9627055764497,80.8620743191806,66
-7.6926,53.28823,2021/12/31 00:00:00+00,Fri 31 Dec 2021,716,1682,0,3692576,3640728,241136,3933712,3881864,81.9776268469501,80.8971268009984,67
-7.6926,53.28823,2022/01/01 00:00:00+00,Sat 01 Jan 2022,71,101,0,3692647,3640829,241136,3933783,3881965,81.9791064701421,80.8992316170885,68
-7.6926,53.28823,2022/01/02 00:00:00+00,Sun 02 Jan 2022,271,629,0,3692918,3641458,241136,3934054,3882594,81.9847540459879,80.9123398281845,69
-7.6926,53.28823,2022/01/03 00:00:00+00,Mon 03 Jan 2022,3634,729,1,3696552,3642187,241137,3937689,3883324,82.0605065854694,80.9275528553706,70
-7.6926,53.28823,2022/01/04 00:00:00+00,Tue 04 Jan 2022,1190,790,1,3697742,3642977,241138,3938880,3884115,82.0853267435223,80.9440371081161,71
-7.6926,53.28823,2022/01/05 00:00:00+00,Wed 05 Jan 2022,2139,916,0,3699881,3643893,241138,3941019,3885031,82.1299029971539,80.9631263312701,72
-7.6926,53.28823,2022/01/06 00:00:00+00,Thu 06 Jan 2022,2454,1698,1,3702335,3645591,241139,3943474,3886730,82.1810646159784,80.9985330890635,73
-7.6926,53.28823,2022/01/07 00:00:00+00,Fri 07 Jan 2022,4856,785,2,3707191,3646376,241141,3948332,3887517,82.2823041859374,81.0149339827559,74
-7.6926,53.28823,2022/01/08 00:00:00+00,Sat 08 Jan 2022,9789,746,2,3716980,3647122,241143,3958123,3888265,82.4863463081005,81.0305221256809,75
-7.6926,53.28823,2022/01/09 00:00:00+00,Sun 09 Jan 2022,7116,667,0,3724096,3647789,241143,3965239,3888932,82.63464206352,81.044422247781,76
-7.6926,53.28823,2022/01/10 00:00:00+00,Mon 10 Jan 2022,6668,512,1,3730764,3648301,241144,3971908,3889445,82.7736224447585,81.0551130463378,77
-7.6926,53.28823,2022/01/11 00:00:00+00,Tue 11 Jan 2022,4780,1373,1,3735544,3649674,241145,3976689,3890819,82.8732573529458,81.0837468810689,78
-7.6926,53.28823,2022/01/12 00:00:00+00,Wed 12 Jan 2022,7560,928,1,3743104,3650602,241146,3984250,3891748,83.0308268030198,81.1031070211455,79
-7.6926,53.28823,2022/01/13 00:00:00+00,Thu 13 Jan 2022,7322,818,0,3750426,3651420,241146,3991572,3892566,83.1834155496727,81.1201539474992,80
-7.6926,53.28823,2022/01/14 00:00:00+00,Fri 14 Jan 2022,10725,839,0,3761151,3652259,241146,4002297,3893405,83.4069220107287,81.1376385088816,81
-7.6926,53.28823,2022/01/15 00:00:00+00,Sat 15 Jan 2022,8363,654,2,3769514,3652913,241148,4010662,3894061,83.5812466304708,81.1513093935858,82
-7.6926,53.28823,2022/01/16 00:00:00+00,Sun 16 Jan 2022,6965,1216,1,3776479,3654129,241149,4017628,3895278,83.7264164214,81.1766713854837,83
-7.6926,53.28823,2022/01/17 00:00:00+00,Mon 17 Jan 2022,2565,564,0,3779044,3654693,241149,4020193,3895842,83.779870414184,81.1884250119672,84
-7.6926,53.28823,2022/01/18 00:00:00+00,Tue 18 Jan 2022,4056,455,3,3783100,3655148,241152,4024252,3896300,83.8644590132914,81.1979696235443,85
-7.6926,53.28823,2022/01/19 00:00:00+00,Wed 19 Jan 2022,3487,624,0,3786587,3655772,241152,4027739,3896924,83.9371272678091,81.2109736358239,86
-7.6926,53.28823,2022/01/20 00:00:00+00,Thu 20 Jan 2022,3698,940,1,3790285,3656712,241153,4031438,3897865,84.0142135521397,81.2305838530597,87
-7.6926,53.28823,2022/01/21 00:00:00+00,Fri 21 Jan 2022,3252,977,0,3793537,3657689,241153,4034690,3898842,84.0819844622893,81.2509443017731,88
-7.6926,53.28823,2022/01/22 00:00:00+00,Sat 22 Jan 2022,4274,645,0,3797811,3658334,241153,4038964,3899487,84.1710536104994,81.2643859490814,89
-7.6926,53.28823,2022/01/23 00:00:00+00,Sun 23 Jan 2022,3094,680,0,3800905,3659014,241153,4042058,3900167,84.2355318380525,81.278556988104,90
-7.6926,53.28823,2022/01/24 00:00:00+00,Mon 24 Jan 2022,646,469,0,3801551,3659483,241153,4042704,3900636,84.2489943251241,81.288330837077,91
-7.6926,53.28823,2022/01/25 00:00:00+00,Tue 25 Jan 2022,692,1838,1,3802243,3661321,241154,4043397,3902475,84.2634362810692,81.326655161728,92
-7.6926,53.28823,2022/01/26 00:00:00+00,Wed 26 Jan 2022,700,898,0,3802943,3662219,241154,4044097,3903373,84.2780241153573,81.3453692691432,93
-7.6926,53.28823,2022/01/27 00:00:00+00,Thu 27 Jan 2022,1278,1178,0,3804221,3663397,241154,4045375,3904551,84.3046573328146,81.3699185102737,94
-7.6926,53.28823,2022/01/28 00:00:00+00,Fri 28 Jan 2022,1031,3096,1,3805252,3666493,241155,4046407,3907648,84.3261639685078,81.4344592571166,95
-7.6926,53.28823,2022/01/29 00:00:00+00,Sat 29 Jan 2022,2330,3446,0,3807582,3669939,241155,4048737,3911094,84.3747206169237,81.5062730813403,96
-7.6926,53.28823,2022/01/30 00:00:00+00,Sun 30 Jan 2022,1639,7538,0,3809221,3677477,241155,4050376,3918632,84.408876988921,81.6633632168592,97
-7.6926,53.28823,2022/01/31 00:00:00+00,Mon 31 Jan 2022,483,1397,0,3809704,3678874,241155,4050859,3920029,84.4189425945797,81.6924763661455,98
-7.6926,53.28823,2022/02/01 00:00:00+00,Tue 01 Feb 2022,751,3422,1,3810455,3682296,241156,4051611,3923452,84.4346140965577,81.763810875814,99
-7.6926,53.28823,2022/02/02 00:00:00+00,Wed 02 Feb 2022,653,2999,0,3811108,3685295,241156,4052264,3926451,84.4482224619721,81.8263093258566,100
-7.6926,53.28823,2022/02/03 00:00:00+00,Thu 03 Feb 2022,908,2436,1,3812016,3687731,241157,4053173,3928888,84.4671658067833,81.8770958289422,101
-7.6926,53.28823,2022/02/04 00:00:00+00,Fri 04 Feb 2022,1173,6524,0,3813189,3694255,241157,4054346,3935412,84.4916108490974,82.0130544445067,102
-7.6926,53.28823,2022/02/05 00:00:00+00,Sat 05 Feb 2022,1777,5750,0,3814966,3700005,241157,4056123,3941162,84.5286431084258,82.1328830833013,103
-7.6926,53.28823,2022/02/06 00:00:00+00,Sun 06 Feb 2022,1407,7556,0,3816373,3707561,241157,4057530,3948718,84.5579646553447,82.2903483345591,104
-7.6926,53.28823,2022/02/07 00:00:00+00,Mon 07 Feb 2022,442,1352,0,3816815,3708913,241157,4057972,3950070,84.5671758307094,82.3185236944982,105
-7.6926,53.28823,2022/02/08 00:00:00+00,Tue 08 Feb 2022,900,1239,0,3817715,3710152,241157,4058872,3951309,84.5859316176512,82.3443441611881,106
-7.6926,53.28823,2022/02/09 00:00:00+00,Wed 09 Feb 2022,1335,1785,0,3819050,3711937,241157,4060207,3953094,84.6137527016148,82.3815431386226,107
-7.6926,53.28823,2022/02/10 00:00:00+00,Thu 10 Feb 2022,687,2555,1,3819737,3714492,241158,4060895,3955650,84.6280904587436,82.4348095735372,108
-7.6926,53.28823,2022/02/11 00:00:00+00,Fri 11 Feb 2022,546,4927,0,3820283,3719419,241158,4061441,3960577,84.6394689694883,82.5374870871617,109
-7.6926,53.28823,2022/02/12 00:00:00+00,Sat 12 Feb 2022,1397,5463,0,3821680,3724882,241158,4062838,3966040,84.6685821187746,82.6513347138982,110
-7.6926,53.28823,2022/02/13 00:00:00+00,Sun 13 Feb 2022,1566,4706,0,3823246,3729588,241158,4064404,3970746,84.7012171880532,82.7494066398403,111
-7.6926,53.28823,2022/02/14 00:00:00+00,Mon 14 Feb 2022,175,954,0,3823421,3730542,241158,4064579,3971700,84.7048641466252,82.7692877739986,112
-7.6926,53.28823,2022/02/15 00:00:00+00,Tue 15 Feb 2022,650,817,1,3824071,3731359,241159,4065230,3972518,84.7184308325131,82.7863347003523,113
-7.6926,53.28823,2022/02/16 00:00:00+00,Wed 16 Feb 2022,799,1787,0,3824870,3733146,241159,4066029,3974305,84.7350818033647,82.8235753573134,114
-7.6926,53.28823,2022/02/17 00:00:00+00,Thu 17 Feb 2022,791,1194,2,3825661,3734340,241161,4066822,3975501,84.7516077356368,82.8484997141827,115
-7.6926,53.28823,2022/02/18 00:00:00+00,Fri 18 Feb 2022,792,3296,0,3826453,3737636,241161,4067614,3978797,84.7681128281455,82.917187573916,116
-7.6926,53.28823,2022/02/19 00:00:00+00,Sat 19 Feb 2022,980,3556,0,3827433,3741192,241161,4068594,3982353,84.7885357961488,82.9912937720993,117
-7.6926,53.28823,2022/02/20 00:00:00+00,Sun 20 Feb 2022,1365,3588,0,3828798,3744780,241161,4069959,3985941,84.8169820730104,83.0660668427071,118
-7.6926,53.28823,2022/02/21 00:00:00+00,Mon 21 Feb 2022,255,997,1,3829053,3745777,241162,4070215,3986939,84.8223170524072,83.0868649264492,119
-7.6926,53.28823,2022/02/22 00:00:00+00,Tue 22 Feb 2022,476,986,1,3829529,3746763,241163,4070692,3987926,84.8322576194864,83.1074337727953,120
-7.6926,53.28823,2022/02/23 00:00:00+00,Wed 23 Feb 2022,829,1273,1,3830358,3748036,241164,4071522,3989200,84.8495546229993,83.1339836311996,121
-7.6926,53.28823,2022/02/24 00:00:00+00,Thu 24 Feb 2022,653,1237,0,3831011,3749273,241164,4072175,3990437,84.8631629884137,83.1597624183628,122
-7.6926,53.28823,2022/02/25 00:00:00+00,Fri 25 Feb 2022,693,1228,0,3831704,3750501,241164,4072868,3991665,84.8776049443589,83.1853536476567,123
-7.6926,53.28823,2022/02/26 00:00:00+00,Sat 26 Feb 2022,960,2093,0,3832664,3752594,241164,4073828,3993758,84.8976111170967,83.2289712721779,124
-7.6926,53.28823,2022/02/27 00:00:00+00,Sun 27 Feb 2022,671,1783,0,3833335,3754377,241164,4074499,3995541,84.91159459825,83.2661285700859,125
-7.6926,53.28823,2022/02/28 00:00:00+00,Mon 28 Feb 2022,81,437,0,3833416,3754814,241164,4074580,3995978,84.9132826190748,83.2752355466343,126
-7.6926,53.28823,2022/03/01 00:00:00+00,Tue 01 Mar 2022,134,938,0,3833550,3755752,241164,4074714,3996916,84.9160751473528,83.2947832445802,127
-7.6926,53.28823,2022/03/02 00:00:00+00,Wed 02 Mar 2022,207,997,2,3833757,3756749,241166,4074923,3997915,84.9204306578759,83.3156021680856,128
-7.6926,53.28823,2022/03/03 00:00:00+00,Thu 03 Mar 2022,279,1278,0,3834036,3758027,241166,4075202,3999193,84.9262449518278,83.3422353855429,129
-7.6926,53.28823,2022/03/04 00:00:00+00,Fri 04 Mar 2022,735,1508,1,3834771,3759535,241167,4075938,4000702,84.9415830175936,83.3736825883153,130
-7.6926,53.28823,2022/03/05 00:00:00+00,Sat 05 Mar 2022,963,3343,0,3835734,3762878,241167,4076901,4004045,84.9616517096213,83.4433499169223,131
-7.6926,53.28823,2022/03/06 00:00:00+00,Sun 06 Mar 2022,455,1916,0,3836189,3764794,241167,4077356,4005961,84.9711338019085,83.483278903345,132
-7.6926,53.28823,2022/03/07 00:00:00+00,Mon 07 Mar 2022,116,125,1,3836305,3764919,241168,4077473,4006087,84.9735720542109,83.4859047135168,133
-7.6926,53.28823,2022/03/08 00:00:00+00,Tue 08 Mar 2022,120,493,0,3836425,3765412,241168,4077593,4006580,84.9760728258031,83.4961787168082,134
-7.6926,53.28823,2022/03/09 00:00:00+00,Wed 09 Mar 2022,130,344,1,3836555,3765756,241169,4077724,4006925,84.9788028347913,83.5033684351359,135
-7.6926,53.28823,2022/03/10 00:00:00+00,Thu 10 Mar 2022,259,508,0,3836814,3766264,241169,4077983,4007433,84.9842003334779,83.5139550348764,136
-7.6926,53.28823,2022/03/11 00:00:00+00,Fri 11 Mar 2022,493,2183,0,3837307,3768447,241169,4078476,4009616,84.9944743367693,83.5594482380918,137
-7.6926,53.28823,2022/03/12 00:00:00+00,Sat 12 Mar 2022,473,2393,2,3837780,3770840,241171,4078951,4012011,85.0043732243219,83.6093594711201,138
-7.6926,53.28823,2022/03/13 00:00:00+00,Sun 13 Mar 2022,358,1082,0,3838138,3771922,241171,4079309,4013093,85.0118338595721,83.6319080949768,139
-7.6926,53.28823,2022/03/14 00:00:00+00,Mon 14 Mar 2022,109,123,0,3838247,3772045,241171,4079418,4013216,85.0141053937684,83.6344713858588,140
-7.6926,53.28823,2022/03/15 00:00:00+00,Tue 15 Mar 2022,222,755,1,3838469,3772800,241172,4079641,4013972,85.0187526609773,83.6502262468899,141
-7.6926,53.28823,2022/03/16 00:00:00+00,Wed 16 Mar 2022,195,798,0,3838664,3773598,241172,4079836,4014770,85.0228164148147,83.6668563779783,142
-7.6926,53.28823,2022/03/17 00:00:00+00,Thu 17 Mar 2022,1,3,0,3838665,3773601,241172,4079837,4014773,85.0228372545779,83.6669188972681,143
-7.6926,53.28823,2022/03/18 00:00:00+00,Fri 18 Mar 2022,4,7,0,3838669,3773608,241172,4079841,4014780,85.022920613631,83.667064775611,144
-7.6926,53.28823,2022/03/19 00:00:00+00,Sat 19 Mar 2022,743,2779,0,3839412,3776387,241172,4080584,4017559,85.0384045577396,83.7249784777345,145
-7.6926,53.28823,2022/03/20 00:00:00+00,Sun 20 Mar 2022,395,1402,0,3839807,3777789,241172,4080979,4018961,85.0466362642307,83.7541958258371,146
-7.6926,53.28823,2022/07/27 23:00:00+00,Thu 28 Jul 2022,49,73,0,3858277,3812214,241199,4099476,4053413,85.4321093654105,84.4721673499678,147
-7.6926,53.28823,2022/07/28 23:00:00+00,Fri 29 Jul 2022,71,105,0,3858348,3812319,241199,4099547,4053518,85.4335889886025,84.474355525111,148
-7.6926,53.28823,2021/01/14 00:00:00+00,Thu 14 Jan 2021,8100,6,0,88467,129,6,88473,135,1.84375637566507,0.0028133680412644,149
-7.6926,53.28823,2022/07/29 23:00:00+00,Sat 30 Jul 2022,100,119,0,3858448,3812438,241199,4099647,4053637,85.4356729649294,84.47683545694,150
-7.6926,53.28823,2021/01/15 00:00:00+00,Fri 15 Jan 2021,7708,5,0,96175,134,6,96181,140,2.00438927093964,0.00291756685760752,151
-7.6926,53.28823,2022/07/30 23:00:00+00,Sun 31 Jul 2022,32,57,0,3858480,3812495,241199,4099679,4053694,85.436339837354,84.4780233234463,152
-7.6926,53.28823,2021/01/16 00:00:00+00,Sat 16 Jan 2021,5249,3,0,101424,137,6,101430,143,2.11377718833665,0.0029800861474134,153
-7.6926,53.28823,2022/07/31 23:00:00+00,Mon 01 Aug 2022,10,15,0,3858490,3812510,241199,4099689,4053709,85.4365482349867,84.4783359198953,154
-7.6926,53.28823,2021/01/17 00:00:00+00,Sun 17 Jan 2021,1117,5,0,102541,142,6,102547,148,2.13705520390771,0.00308428496375653,155
-7.6926,53.28823,2022/08/01 23:00:00+00,Tue 02 Aug 2022,36,30,0,3858526,3812540,241199,4099725,4053739,85.4372984664643,84.4789611127933,156
-7.6926,53.28823,2021/01/18 00:00:00+00,Mon 18 Jan 2021,8732,9,1,111273,151,7,111280,158,2.31904885653261,0.00329268259644278,157
-7.6926,53.28823,2022/08/02 23:00:00+00,Wed 03 Aug 2022,93,139,0,3858619,3812679,241199,4099818,4053878,85.4392365644483,84.4818578398877,158
-7.6926,53.28823,2021/01/19 00:00:00+00,Tue 19 Jan 2021,8399,21,0,119672,172,7,119679,179,2.49408202822579,0.00373031762508391,159
-7.6926,53.28823,2022/08/03 23:00:00+00,Thu 04 Aug 2022,45,53,0,3858664,3812732,241199,4099863,4053931,85.4401743537954,84.4829623473409,160
-7.6926,53.28823,2021/01/20 00:00:00+00,Wed 20 Jan 2021,8459,966,0,128131,1138,7,128138,1145,2.67036558571509,0.0238615289425758,161
-7.6926,53.28823,2022/08/04 23:00:00+00,Fri 05 Aug 2022,96,91,0,3858760,3812823,241199,4099959,4054022,85.4421749710692,84.4848587657984,162
-7.6926,53.28823,2021/01/21 00:00:00+00,Thu 21 Jan 2021,9023,967,0,137154,2105,7,137161,2112,2.8584027696879,0.0440135800233364,163
-7.6926,53.28823,2022/08/05 23:00:00+00,Sat 06 Aug 2022,74,130,0,3858834,3812953,241199,4100033,4054152,85.4437171135511,84.4875679350233,164
-7.6926,53.28823,2021/01/22 00:00:00+00,Fri 22 Jan 2021,6799,972,0,143953,3077,7,143960,3084,3.00009232015128,0.06426982992044,165
-7.6926,53.28823,2022/08/06 23:00:00+00,Sun 07 Aug 2022,28,80,0,3858862,3813033,241199,4100061,4054232,85.4443006269226,84.4892351160848,166
-7.6926,53.28823,2021/01/23 00:00:00+00,Sat 23 Jan 2021,4201,461,0,148154,3538,7,148161,3545,3.08764016564277,0.0738769607872762,167
-7.6926,53.28823,2022/08/07 23:00:00+00,Mon 08 Aug 2022,11,16,0,3858873,3813049,241199,4100072,4054248,85.4445298643186,84.4895685522971,168
-7.6926,53.28823,2021/01/24 00:00:00+00,Sun 24 Jan 2021,1190,400,0,149344,3938,7,149351,3945,3.11243948393244,0.0822128660947263,169
-7.6926,53.28823,2022/08/08 23:00:00+00,Tue 09 Aug 2022,48,41,0,3858921,3813090,241199,4100120,4054289,85.4455301729555,84.4904229825911,170
-7.6926,53.28823,2021/01/25 00:00:00+00,Mon 25 Jan 2021,1377,1294,0,150721,5232,7,150728,5239,3.14113583795333,0.109179519764327,171
-7.6926,53.28823,2022/08/09 23:00:00+00,Wed 10 Aug 2022,55,94,1,3858976,3813184,241200,4100176,4054384,85.4466971996985,84.4924027601016,172
-7.6926,53.28823,2021/01/26 00:00:00+00,Tue 26 Jan 2021,1012,3508,0,151733,8740,7,151740,8747,3.16222567838118,0.182285409310664,173
-7.6926,53.28823,2022/08/10 23:00:00+00,Thu 11 Aug 2022,45,42,0,3859021,3813226,241200,4100221,4054426,85.4476349890456,84.4932780301589,174
-7.6926,53.28823,2021/01/27 00:00:00+00,Wed 27 Jan 2021,2195,6711,0,153928,15451,7,153935,15458,3.20796895875582,0.322141060606408,175
-7.6926,53.28823,2022/08/11 23:00:00+00,Fri 12 Aug 2022,69,75,0,3859090,3813301,241200,4100290,4054501,85.4490729327111,84.494841012404,176
-7.6926,53.28823,2021/01/28 00:00:00+00,Thu 28 Jan 2021,1028,11545,0,154956,26996,7,154963,27003,3.22939223539596,0.562736127542686,177
-7.6926,53.28823,2022/08/12 23:00:00+00,Sat 13 Aug 2022,103,151,0,3859193,3813452,241200,4100393,4054652,85.4512194283278,84.4979878166576,178
-7.6926,53.28823,2021/01/29 00:00:00+00,Fri 29 Jan 2021,1597,11526,0,156553,38522,7,156560,38529,3.26267333733596,0.802935238976859,179
-7.6926,53.28823,2022/08/13 23:00:00+00,Sun 14 Aug 2022,17,26,0,3859210,3813478,241200,4100410,4054678,85.4515737043034,84.4985296505026,180
-7.6926,53.28823,2021/01/30 00:00:00+00,Sat 30 Jan 2021,657,7795,0,157210,46317,7,157217,46324,3.27636506180344,0.965381193655792,181
-7.6926,53.28823,2022/08/14 23:00:00+00,Mon 15 Aug 2022,7,11,0,3859217,3813489,241200,4100417,4054689,85.4517195826462,84.4987588878985,182
-7.6926,53.28823,2021/01/31 00:00:00+00,Sun 31 Jan 2021,240,4088,0,157450,50405,7,157457,50412,3.28136660498791,1.05057414589793,183
-7.6926,53.28823,2022/08/15 23:00:00+00,Tue 16 Aug 2022,41,28,0,3859258,3813517,241200,4100458,4054717,85.4525740129402,84.4993424012701,184
-7.6926,53.28823,2021/02/01 00:00:00+00,Mon 01 Feb 2021,1046,8337,1,158496,58742,8,158504,58750,3.30318583713016,1.22433609203173,185
-7.6926,53.28823,2022/08/16 23:00:00+00,Wed 17 Aug 2022,51,58,0,3859309,3813575,241200,4100509,4054775,85.4536368408669,84.5005511075396,186
-7.6926,53.28823,2021/02/02 00:00:00+00,Tue 02 Feb 2021,851,5113,1,159347,63855,9,159356,63864,3.32094131543503,1.33091064138748,187
-7.6926,53.28823,2022/08/17 23:00:00+00,Thu 18 Aug 2022,55,40,0,3859364,3813615,241200,4100564,4054815,85.4547830278467,84.5013846980704,188
-7.6926,53.28823,2021/02/03 00:00:00+00,Wed 03 Feb 2021,1414,6873,0,160761,70728,9,160770,70737,3.35040874069687,1.47414233433274,189
-7.6926,53.28823,2022/08/18 23:00:00+00,Fri 19 Aug 2022,74,56,0,3859438,3813671,241200,4100638,4054871,85.4563251703286,84.5025517248134,190
-7.6926,53.28823,2021/02/04 00:00:00+00,Thu 04 Feb 2021,1458,10542,1,162219,81270,10,162229,81280,3.38081395530579,1.69385595847385,191
-7.6926,53.28823,2022/08/19 23:00:00+00,Sat 20 Aug 2022,109,127,0,3859547,3813798,241200,4100747,4054998,85.4585967045249,84.5051983747485,192
-7.6926,53.28823,2021/02/05 00:00:00+00,Fri 05 Feb 2021,3409,8616,0,165628,89886,10,165638,89896,3.45185670828854,1.87341135879633,193
-7.6926,53.28823,2021/02/06 00:00:00+00,Sat 06 Feb 2021,916,3871,0,166544,93757,10,166554,93767,3.4709459314426,1.95408208240918,194
-7.6926,53.28823,2021/02/07 00:00:00+00,Sun 07 Feb 2021,341,1300,2,166885,95057,12,166897,95069,3.47809397024374,1.98121545418493,195
-7.6926,53.28823,2021/02/08 00:00:00+00,Mon 08 Feb 2021,1197,883,0,168082,95940,12,168094,95952,3.50303916687628,1.99961696515112,196
-7.6926,53.28823,2021/02/09 00:00:00+00,Tue 09 Feb 2021,4276,556,3,172358,96496,15,172373,96511,3.59221251390273,2.01126639281828,197
-7.6926,53.28823,2021/02/10 00:00:00+00,Wed 10 Feb 2021,8836,586,0,181194,97082,15,181209,97097,3.7763526621443,2.0234784940937,198
-7.6926,53.28823,2021/02/11 00:00:00+00,Thu 11 Feb 2021,6209,452,0,187403,97534,15,187418,97549,3.90574675227919,2.03289806709112,199
-7.6926,53.28823,2021/02/12 00:00:00+00,Fri 12 Feb 2021,4409,528,0,191812,98062,15,191827,98077,3.99762926853056,2.04390146209695,200
-7.6926,53.28823,2021/02/13 00:00:00+00,Sat 13 Feb 2021,1224,1919,0,193036,99981,15,193051,99996,4.02313713877136,2.08389296780944,201
-7.6926,53.28823,2021/02/14 00:00:00+00,Sun 14 Feb 2021,2712,29,0,195748,100010,15,195763,100025,4.07965457675587,2.08449732094423,202
-7.6926,53.28823,2021/02/15 00:00:00+00,Mon 15 Feb 2021,1977,7898,0,197725,107908,15,197740,107923,4.12085478873794,2.24908977123983,203
-7.6926,53.28823,2021/02/16 00:00:00+00,Tue 16 Feb 2021,5664,8170,0,203389,116078,15,203404,116093,4.23889120789143,2.4193506371445,204
-7.6926,53.28823,2021/02/17 00:00:00+00,Wed 17 Feb 2021,9763,8467,0,213152,124545,15,213167,124560,4.44234981668302,2.59580091273995,205
-7.6926,53.28823,2021/02/18 00:00:00+00,Thu 18 Feb 2021,8478,8362,1,221630,132907,16,221646,132923,4.6190501694377,2.77008385295546,206
-7.6926,53.28823,2021/02/19 00:00:00+00,Fri 19 Feb 2021,9404,6594,2,231034,139501,18,231052,139519,4.81506898274238,2.90754293147532,207
-7.6926,53.28823,2021/02/20 00:00:00+00,Sat 20 Feb 2021,5900,3581,2,236934,143082,20,236954,143102,4.93806526555381,2.9822118032668,208
-7.6926,53.28823,2021/02/21 00:00:00+00,Sun 21 Feb 2021,1121,1025,6,238055,144107,26,238081,144133,4.96155167875755,3.00369759919675,209
-7.6926,53.28823,2021/02/22 00:00:00+00,Mon 22 Feb 2021,3957,1129,2,242012,145236,28,242040,145264,5.04405630153804,3.02726737145357,210
-7.6926,53.28823,2021/02/23 00:00:00+00,Tue 23 Feb 2021,13380,1075,1,255392,146311,29,255421,146340,5.32291317383551,3.04969095673061,211
-7.6926,53.28823,2021/02/24 00:00:00+00,Wed 24 Feb 2021,16956,2112,6,272348,148423,35,272383,148458,5.67639723839793,3.09382957533356,212
-7.6926,53.28823,2021/02/25 00:00:00+00,Thu 25 Feb 2021,18112,1770,3,290460,150193,38,290498,150231,6.05390955000908,3.13077847560883,213
-7.6926,53.28823,2021/02/26 00:00:00+00,Fri 26 Feb 2021,16103,2783,1,306563,152976,39,306602,153015,6.38951309768701,3.18879637654868,214
-7.6926,53.28823,2021/02/27 00:00:00+00,Sat 27 Feb 2021,9013,707,1,315576,153683,40,315616,153723,6.5773627237904,3.20355092894287,215
-7.6926,53.28823,2021/02/28 00:00:00+00,Sun 28 Feb 2021,2455,61,2,318031,153744,42,318073,153786,6.62856602214142,3.20486383402879,216
-7.6926,53.28823,2021/03/01 00:00:00+00,Mon 01 Mar 2021,5637,810,0,323668,154554,42,323710,154596,6.74603976768666,3.22174404227638,217
-7.6926,53.28823,2021/03/02 00:00:00+00,Tue 02 Mar 2021,12214,1622,0,335882,156176,42,335924,156218,7.00057663624964,3.25554613829809,218
-7.6926,53.28823,2021/03/03 00:00:00+00,Wed 03 Mar 2021,12929,1515,1,348811,157691,43,348854,157734,7.27003477531297,3.28713921941332,219
-7.6926,53.28823,2021/03/04 00:00:00+00,Thu 04 Mar 2021,18744,1700,5,367555,159391,48,367603,159439,7.66075949683642,3.32267101578633,220
-7.6926,53.28823,2021/03/05 00:00:00+00,Fri 05 Mar 2021,18478,2407,6,386033,161798,54,386087,161852,8.04596168109369,3.37295736455352,221
-7.6926,53.28823,2021/03/06 00:00:00+00,Sat 06 Mar 2021,10417,150,5,396450,161948,59,396509,162007,8.2631536938793,3.37618752786016,222
-7.6926,53.28823,2021/03/07 00:00:00+00,Sun 07 Mar 2021,1539,18,5,397989,161966,64,398053,162030,8.29533028836606,3.37666684241534,223
-7.6926,53.28823,2021/03/08 00:00:00+00,Mon 08 Mar 2021,6686,1514,6,404675,163480,70,404745,163550,8.4347899841597,3.40834328258365,224
-7.6926,53.28823,2021/03/09 00:00:00+00,Tue 09 Mar 2021,13866,3115,6,418541,166595,76,418617,166671,8.72387918022206,3.47338418374503,225
-7.6926,53.28823,2021/03/10 00:00:00+00,Wed 10 Mar 2021,13766,4007,3,432307,170602,79,432386,170681,9.01082188066776,3.55695163445221,226
-7.6926,53.28823,2021/03/11 00:00:00+00,Thu 11 Mar 2021,18513,2109,4,450820,172711,83,450903,172794,9.3967117771129,3.60098605423882,227
-7.6926,53.28823,2021/03/12 00:00:00+00,Fri 12 Mar 2021,17364,1353,4,468184,174064,87,468271,174151,9.75865678556238,3.62926561299434,228
-7.6926,53.28823,2021/03/13 00:00:00+00,Sat 13 Mar 2021,8340,181,0,476524,174245,87,476611,174332,9.93246041122271,3.63303761014596,229
-7.6926,53.28823,2021/03/14 00:00:00+00,Sun 14 Mar 2021,400,23,3,476924,174268,90,477014,174358,9.94085883581997,3.63357944399095,230
-7.6926,53.28823,2021/03/15 00:00:00+00,Mon 15 Mar 2021,2680,1006,0,479604,175274,90,479694,175364,9.99670940137988,3.65454424583919,231
-7.6926,53.28823,2021/03/16 00:00:00+00,Tue 16 Mar 2021,8979,3834,2,488583,179108,92,488675,179200,10.1838713152954,3.73448557773763,232
-7.6926,53.28823,2021/03/17 00:00:00+00,Wed 17 Mar 2021,4913,2430,8,493496,181538,100,493596,181638,10.2864237903403,3.78529292058654,233
-7.6926,53.28823,2021/03/18 00:00:00+00,Thu 18 Mar 2021,11755,4693,7,505251,186231,107,505358,186338,10.5315410859059,3.88323980794908,234
-7.6926,53.28823,2021/03/19 00:00:00+00,Fri 19 Mar 2021,10401,6143,2,515652,192374,109,515761,192483,10.7483371431894,4.01130015323478,235
-7.6926,53.28823,2021/03/20 00:00:00+00,Sat 20 Mar 2021,5264,3131,4,520916,195505,113,521029,195618,10.8581210160885,4.07663281108192,236
-7.6926,53.28823,2021/03/21 00:00:00+00,Sun 21 Mar 2021,3662,59,3,524578,195564,116,524694,195680,10.934498748468,4.07792487640457,237
-7.6926,53.28823,2021/03/22 00:00:00+00,Mon 22 Mar 2021,7436,2420,1,532014,197984,117,532131,198101,11.0894840678968,4.12837794327791,238
-7.6926,53.28823,2021/03/23 00:00:00+00,Tue 23 Mar 2021,12584,7412,6,544598,205396,123,544721,205519,11.3518566874488,4.28296730720458,239
-7.6926,53.28823,2021/03/24 00:00:00+00,Wed 24 Mar 2021,13651,9789,2,558249,215185,125,558374,215310,11.6363819753553,4.48700942936769,240
-7.6926,53.28823,2021/03/25 00:00:00+00,Thu 25 Mar 2021,20898,10236,3,579147,225421,128,579275,225549,12.0719538674328,4.70038776547514,241
-7.6926,53.28823,2021/03/26 00:00:00+00,Fri 26 Mar 2021,19722,9517,1,598869,234938,129,598998,235067,12.4829765183799,4.89874063226591,242
-7.6926,53.28823,2021/03/27 00:00:00+00,Sat 27 Mar 2021,11776,5365,3,610645,240303,132,610777,240435,12.7284480899211,5.01060848149189,243
-7.6926,53.28823,2021/03/28 00:00:00+00,Sun 28 Mar 2021,2505,490,0,613150,240793,132,613282,240925,12.780651696909,5.02081996549352,244
-7.6926,53.28823,2021/03/28 23:00:00+00,Mon 29 Mar 2021,9298,3133,3,622448,243926,135,622583,244061,12.9744823350705,5.08617346310393,245
-7.6926,53.28823,2021/03/29 23:00:00+00,Tue 30 Mar 2021,13354,8684,4,635802,252610,139,635941,252749,13.2528598928128,5.26722932638174,246
-7.6926,53.28823,2021/03/30 23:00:00+00,Wed 31 Mar 2021,15858,10519,4,651660,263129,143,651803,263272,13.5834202177797,5.48652615525749,247
-7.6926,53.28823,2021/03/31 23:00:00+00,Thu 01 Apr 2021,19736,11597,9,671396,274726,152,671548,274878,13.9949013435187,5.72839244775315,248
-7.6926,53.28823,2021/04/01 23:00:00+00,Fri 02 Apr 2021,20166,13731,9,691562,288457,161,691723,288618,14.4153435674632,6.01473079506406,249
-7.6926,53.28823,2021/04/02 23:00:00+00,Sat 03 Apr 2021,7561,4644,7,699123,293101,168,699291,293269,14.5730588958802,6.11165653402644,250
-7.6926,53.28823,2021/04/03 23:00:00+00,Sun 04 Apr 2021,3051,175,3,702174,293276,171,702345,293447,14.6367035329025,6.11536601188825,251
-7.6926,53.28823,2021/04/04 23:00:00+00,Mon 05 Apr 2021,3456,618,6,705630,293894,177,705807,294071,14.7088507933385,6.12837002416787,252
-7.6926,53.28823,2021/04/05 23:00:00+00,Tue 06 Apr 2021,12016,8164,13,717646,302058,190,717836,302248,14.9595323056968,6.29877676841542,253
-7.6926,53.28823,2021/04/06 23:00:00+00,Wed 07 Apr 2021,18386,10500,12,736032,312558,202,736234,312760,15.342942270313,6.51784435989521,254
-7.6926,53.28823,2021/04/07 23:00:00+00,Thu 08 Apr 2021,20207,10585,18,756239,323143,220,756459,323363,15.7644264824209,6.73880836983244,255
-7.6926,53.28823,2021/04/08 23:00:00+00,Fri 09 Apr 2021,20691,9174,16,776930,332317,236,777166,332553,16.1959554604244,6.93032579427111,256
-7.6926,53.28823,2021/04/09 23:00:00+00,Sat 10 Apr 2021,11194,4189,12,788124,336506,248,788372,336754,16.4294858476126,7.0178736397626,257
-7.6926,53.28823,2021/04/10 23:00:00+00,Sun 11 Apr 2021,2878,371,9,791002,336877,257,791259,337134,16.4896502441691,7.02579274980468,258
-7.6926,53.28823,2021/04/11 23:00:00+00,Mon 12 Apr 2021,7798,2811,14,798800,339688,271,799071,339959,16.6524504748236,7.08466508103854,259
-7.6926,53.28823,2021/04/12 23:00:00+00,Tue 13 Apr 2021,11536,8599,1,810336,348287,272,810608,348559,16.8928788236537,7.26388704514872,260
-7.6926,53.28823,2021/04/13 23:00:00+00,Wed 14 Apr 2021,20360,6604,2,830696,354891,274,830970,355165,17.3172180833295,7.40155452130126,261
-7.6926,53.28823,2021/04/14 23:00:00+00,Thu 15 Apr 2021,27123,10825,1,857819,365716,275,858094,365991,17.8824758222277,7.6271657984474,262
-7.6926,53.28823,2021/04/15 23:00:00+00,Fri 16 Apr 2021,27983,9853,1,885802,375569,276,886078,375845,18.4656557575369,7.83252082569643,263
-7.6926,53.28823,2021/04/16 23:00:00+00,Sat 17 Apr 2021,15864,4569,3,901666,380138,279,901945,380417,18.7963202813201,7.92780022336058,264
-7.6926,53.28823,2021/04/17 23:00:00+00,Sun 18 Apr 2021,1081,490,0,902747,380628,279,903026,380907,18.8188480654135,7.93801170736221,265
-7.6926,53.28823,2022/08/20 23:00:00+00,Sun 21 Aug 2022,39,36,0,3859586,3813834,241200,4100786,4055034,85.4594094552924,84.5059486062262,266
-7.6926,53.28823,2022/08/21 23:00:00+00,Mon 22 Aug 2022,12,13,0,3859598,3813847,241200,4100798,4055047,85.4596595324516,84.5062195231487,267
-7.6926,53.28823,2022/08/22 23:00:00+00,Tue 23 Aug 2022,78,72,0,3859676,3813919,241200,4100876,4055119,85.4612850339865,84.507719986104,268
-7.6926,53.28823,2022/08/23 23:00:00+00,Wed 24 Aug 2022,53,56,0,3859729,3813975,241200,4100929,4055175,85.4623895414398,84.5088870128471,269
-7.6926,53.28823,2022/08/24 23:00:00+00,Thu 25 Aug 2022,40,49,0,3859769,3814024,241200,4100969,4055224,85.4632231319705,84.5099081612473,270
-7.6926,53.28823,2022/08/25 23:00:00+00,Fri 26 Aug 2022,99,90,0,3859868,3814114,241200,4101068,4055314,85.4652862685341,84.5117837399414,271
-7.6926,53.28823,2022/08/26 23:00:00+00,Sat 27 Aug 2022,86,119,0,3859954,3814233,241200,4101154,4055433,85.4670784881752,84.5142636717704,272
-7.6926,53.28823,2022/08/27 23:00:00+00,Sun 28 Aug 2022,44,21,0,3859998,3814254,241200,4101198,4055454,85.467995437759,84.514701306799,273
-7.6926,53.28823,2022/08/28 23:00:00+00,Mon 29 Aug 2022,13,12,0,3860011,3814266,241200,4101211,4055466,85.4682663546815,84.5149513839583,274
-7.6926,53.28823,2022/08/29 23:00:00+00,Tue 30 Aug 2022,42,44,1,3860053,3814310,241201,4101254,4055511,85.4691624645021,84.5158891733054,275
-7.6926,53.28823,2022/08/30 23:00:00+00,Wed 31 Aug 2022,28,29,0,3860081,3814339,241201,4101282,4055540,85.4697459778736,84.5164935264401,276
-7.6926,53.28823,2022/08/31 23:00:00+00,Thu 01 Sep 2022,33,31,0,3860114,3814370,241201,4101315,4055571,85.4704336900615,84.5171395591015,277
-7.6926,53.28823,2022/09/01 23:00:00+00,Fri 02 Sep 2022,48,51,0,3860162,3814421,241201,4101363,4055622,85.4714339986983,84.5182023870282,278
-7.6926,53.28823,2022/09/02 23:00:00+00,Sat 03 Sep 2022,73,101,0,3860235,3814522,241201,4101436,4055723,85.472955301417,84.5203072031183,279
-7.6926,53.28823,2022/09/03 23:00:00+00,Sun 04 Sep 2022,58,82,0,3860293,3814604,241201,4101494,4055805,85.4741640076865,84.5220160637063,280
-7.6926,53.28823,2022/09/04 23:00:00+00,Mon 05 Sep 2022,9,5,0,3860302,3814609,241201,4101503,4055810,85.4743515655559,84.5221202625227,281
-7.6926,53.28823,2022/09/05 23:00:00+00,Tue 06 Sep 2022,42,22,0,3860344,3814631,241201,4101545,4055832,85.4752268356132,84.5225787373146,282
-7.6926,53.28823,2022/09/06 23:00:00+00,Wed 07 Sep 2022,48,42,0,3860392,3814673,241201,4101593,4055874,85.4762271442501,84.5234540073719,283
-7.6926,53.28823,2022/09/07 23:00:00+00,Thu 08 Sep 2022,39,52,2,3860431,3814725,241203,4101634,4055928,85.4770815745441,84.5245793545884,284
-7.6926,53.28823,2022/09/08 23:00:00+00,Fri 09 Sep 2022,64,60,0,3860495,3814785,241203,4101698,4055988,85.4784153193933,84.5258297403845,285
-7.6926,53.28823,2022/09/09 23:00:00+00,Sat 10 Sep 2022,94,135,0,3860589,3814920,241203,4101792,4056123,85.4803742571406,84.5286431084258,286
-7.6926,53.28823,2022/09/10 23:00:00+00,Sun 11 Sep 2022,58,58,0,3860647,3814978,241203,4101850,4056181,85.4815829634102,84.5298518146953,287
-7.6926,53.28823,2022/09/11 23:00:00+00,Mon 12 Sep 2022,13,13,0,3860660,3814991,241203,4101863,4056194,85.4818538803327,84.5301227316178,288
-7.6926,53.28823,2022/09/12 23:00:00+00,Tue 13 Sep 2022,29,25,0,3860689,3815016,241203,4101892,4056219,85.4824582334675,84.5306437256995,289
-7.6926,53.28823,2022/09/13 23:00:00+00,Wed 14 Sep 2022,36,33,0,3860725,3815049,241203,4101928,4056252,85.4832084649451,84.5313314378874,290
-7.6926,53.28823,2022/09/14 23:00:00+00,Thu 15 Sep 2022,51,36,0,3860776,3815085,241203,4101979,4056288,85.4842712928718,84.5320816693651,291
-7.6926,53.28823,2022/09/15 23:00:00+00,Fri 16 Sep 2022,38,56,0,3860814,3815141,241203,4102017,4056344,85.485063203876,84.5332486961081,292
-7.6926,53.28823,2022/09/16 23:00:00+00,Sat 17 Sep 2022,66,149,0,3860880,3815290,241203,4102083,4056493,85.4864386282518,84.5363538208351,293
-7.6926,53.28823,2022/09/17 23:00:00+00,Sun 18 Sep 2022,30,53,0,3860910,3815343,241203,4102113,4056546,85.4870638211498,84.5374583282884,294
-7.6926,53.28823,2022/09/18 23:00:00+00,Mon 19 Sep 2022,11,11,0,3860921,3815354,241203,4102124,4056557,85.4872930585458,84.5376875656843,295
-7.6926,53.28823,2022/09/19 23:00:00+00,Tue 20 Sep 2022,39,37,0,3860960,3815391,241203,4102163,4056594,85.4881058093133,84.5384586369253,296
-7.6926,53.28823,2022/09/20 23:00:00+00,Wed 21 Sep 2022,42,32,0,3861002,3815423,241203,4102205,4056626,85.4889810793705,84.5391255093499,297
-7.6926,53.28823,2022/09/21 23:00:00+00,Thu 22 Sep 2022,61,34,0,3861063,3815457,241203,4102266,4056660,85.4902523049299,84.539834061301,298
-7.6926,53.28823,2022/09/22 23:00:00+00,Fri 23 Sep 2022,38,39,0,3861101,3815496,241203,4102304,4056699,85.4910442159341,84.5406468120685,299
-7.6926,53.28823,2022/09/23 23:00:00+00,Sat 24 Sep 2022,56,104,0,3861157,3815600,241203,4102360,4056803,85.4922112426772,84.5428141474484,300
-7.6926,53.28823,2022/09/24 23:00:00+00,Sun 25 Sep 2022,42,75,0,3861199,3815675,241203,4102402,4056878,85.4930865127345,84.5443771296936,301
-7.6926,53.28823,2022/09/25 23:00:00+00,Mon 26 Sep 2022,24,10,0,3861223,3815685,241203,4102426,4056888,85.4935866670529,84.5445855273262,302
-7.6926,53.28823,2022/09/26 23:00:00+00,Tue 27 Sep 2022,30,33,2,3861253,3815718,241205,4102458,4056923,85.4942535394775,84.5453149190406,303
-7.6926,53.28823,2022/09/27 23:00:00+00,Wed 28 Sep 2022,43,28,0,3861296,3815746,241205,4102501,4056951,85.495149649298,84.5458984324122,304
-7.6926,53.28823,2022/09/28 23:00:00+00,Thu 29 Sep 2022,33,23,0,3861329,3815769,241205,4102534,4056974,85.4958373614859,84.5463777469674,305
-7.6926,53.28823,2022/09/29 23:00:00+00,Fri 30 Sep 2022,39,58,0,3861368,3815827,241205,4102573,4057032,85.4966501122534,84.5475864532369,306
-7.6926,53.28823,2022/09/30 23:00:00+00,Sat 01 Oct 2022,53,105,0,3861421,3815932,241205,4102626,4057137,85.4977546197066,84.5497746283801,307
-7.6926,53.28823,2022/10/01 23:00:00+00,Sun 02 Oct 2022,26,47,0,3861447,3815979,241205,4102652,4057184,85.4982964535516,84.5507540972538,308
-7.6926,53.28823,2022/10/02 23:00:00+00,Mon 03 Oct 2022,22,1,0,3861469,3815980,241205,4102674,4057185,85.4987549283435,84.550774937017,309
-7.6926,53.28823,2022/10/03 23:00:00+00,Tue 04 Oct 2022,29,17,0,3861498,3815997,241205,4102703,4057202,85.4993592814783,84.5511292129926,310
-7.6926,53.28823,2022/10/04 23:00:00+00,Wed 05 Oct 2022,50,37,0,3861548,3816034,241205,4102753,4057239,85.5004012696417,84.5519002842335,311
-7.6926,53.28823,2022/10/05 23:00:00+00,Thu 06 Oct 2022,56,27,0,3861604,3816061,241205,4102809,4057266,85.5015682963848,84.5524629578418,312
-7.6926,53.28823,2022/10/06 23:00:00+00,Fri 07 Oct 2022,80,40,0,3861684,3816101,241205,4102889,4057306,85.5032354774463,84.5532965483725,313
-7.6926,53.28823,2022/10/07 23:00:00+00,Sat 08 Oct 2022,100,102,0,3861784,3816203,241205,4102989,4057408,85.5053194537731,84.5554222042259,314
-7.6926,53.28823,2022/10/08 23:00:00+00,Sun 09 Oct 2022,37,29,0,3861821,3816232,241205,4103026,4057437,85.5060905250141,84.5560265573607,315
-7.6926,53.28823,2022/10/09 23:00:00+00,Mon 10 Oct 2022,19,3,0,3861840,3816235,241205,4103045,4057440,85.5064864805162,84.5560890766505,316
-7.6926,53.28823,2022/10/10 23:00:00+00,Tue 11 Oct 2022,75,16,0,3861915,3816251,241205,4103120,4057456,85.5080494627613,84.5564225128628,317
-7.6926,53.28823,2022/10/11 23:00:00+00,Wed 12 Oct 2022,56,36,0,3861971,3816287,241205,4103176,4057492,85.5092164895044,84.5571727443405,318
-7.6926,53.28823,2022/10/12 23:00:00+00,Thu 13 Oct 2022,79,29,0,3862050,3816316,241205,4103255,4057521,85.5108628308026,84.5577770974753,319
-7.6926,53.28823,2022/10/13 23:00:00+00,Fri 14 Oct 2022,120,21,0,3862170,3816337,241205,4103375,4057542,85.5133636023948,84.5582147325039,320
-7.6926,53.28823,2022/10/14 23:00:00+00,Sat 15 Oct 2022,98,120,0,3862268,3816457,241205,4103473,4057662,85.5154058991951,84.5607155040962,321
-7.6926,53.28823,2022/10/15 23:00:00+00,Sun 16 Oct 2022,26,37,1,3862294,3816494,241206,4103500,4057700,85.5159685728034,84.5615074151004,322
-7.6926,53.28823,2022/10/16 23:00:00+00,Mon 17 Oct 2022,51,3,0,3862345,3816497,241206,4103551,4057703,85.5170314007301,84.5615699343902,323
-7.6926,53.28823,2022/10/17 23:00:00+00,Tue 18 Oct 2022,116,17,0,3862461,3816514,241206,4103667,4057720,85.5194488132693,84.5619242103657,324
-7.6926,53.28823,2022/10/18 23:00:00+00,Wed 19 Oct 2022,87,40,0,3862548,3816554,241206,4103754,4057760,85.5212618726736,84.5627578008965,325
-7.6926,53.28823,2022/10/19 23:00:00+00,Thu 20 Oct 2022,97,10,0,3862645,3816564,241206,4103851,4057770,85.5232833297107,84.5629661985292,326
-7.6926,53.28823,2022/10/20 23:00:00+00,Fri 21 Oct 2022,124,21,0,3862769,3816585,241206,4103975,4057791,85.525867460356,84.5634038335578,327
-7.6926,53.28823,2022/10/21 23:00:00+00,Sat 22 Oct 2022,95,58,0,3862864,3816643,241206,4104070,4057849,85.5278472378665,84.5646125398274,328
-7.6926,53.28823,2022/10/22 23:00:00+00,Sun 23 Oct 2022,80,48,0,3862944,3816691,241206,4104150,4057897,85.529514418928,84.5656128484643,329
-7.6926,53.28823,2022/10/23 23:00:00+00,Mon 24 Oct 2022,65,4,0,3863009,3816695,241206,4104215,4057901,85.5308690035405,84.5656962075174,330
-7.6926,53.28823,2022/10/24 23:00:00+00,Tue 25 Oct 2022,75,28,0,3863084,3816723,241206,4104290,4057929,85.5324319857856,84.5662797208889,331
-7.6926,53.28823,2022/10/25 23:00:00+00,Wed 26 Oct 2022,45,25,0,3863129,3816748,241206,4104335,4057954,85.5333697751327,84.5668007149706,332
-7.6926,53.28823,2022/10/26 23:00:00+00,Thu 27 Oct 2022,64,35,0,3863193,3816783,241206,4104399,4057989,85.5347035199819,84.567530106685,333
-7.6926,53.28823,2022/10/27 23:00:00+00,Fri 28 Oct 2022,49,19,0,3863242,3816802,241206,4104448,4058008,85.535724668382,84.5679260621871,334
-7.6926,53.28823,2022/10/28 23:00:00+00,Sat 29 Oct 2022,87,64,0,3863329,3816866,241206,4104535,4058072,85.5375377277864,84.5692598070363,335
-7.6926,53.28823,2022/10/29 23:00:00+00,Sun 30 Oct 2022,11,6,0,3863340,3816872,241206,4104546,4058078,85.5377669651824,84.5693848456159,336
-7.6926,53.28823,2021/04/18 23:00:00+00,Mon 19 Apr 2021,6773,2271,0,909520,382899,279,909799,383178,18.9599957820319,7.98533880974526,337
-7.6926,53.28823,2021/04/19 23:00:00+00,Tue 20 Apr 2021,15107,7335,1,924627,390234,280,924907,390514,19.2748429254943,8.13821931308389,338
-7.6926,53.28823,2021/04/20 23:00:00+00,Wed 21 Apr 2021,26752,9908,4,951379,400142,284,951663,400426,19.8324316315096,8.3447830466025,339
-7.6926,53.28823,2021/04/21 23:00:00+00,Thu 22 Apr 2021,31648,12200,1,983027,412342,285,983312,412627,20.4919892991984,8.599048998243,340
-7.6926,53.28823,2021/04/22 23:00:00+00,Fri 23 Apr 2021,33627,12367,3,1016654,424709,288,1016942,424997,21.1928305379222,8.85683686987589,341
-7.6926,53.28823,2021/04/23 23:00:00+00,Sat 24 Apr 2021,23714,7014,2,1040368,431723,290,1040658,432013,21.6870663636009,9.00304864896857,342
-7.6926,53.28823,2021/04/24 23:00:00+00,Sun 25 Apr 2021,9760,312,3,1050128,432035,293,1050421,432328,21.8905249723925,9.00961317439818,343
-7.6926,53.28823,2021/04/25 23:00:00+00,Mon 26 Apr 2021,15607,3064,4,1065735,435099,297,1066032,435396,22.215854516779,9.07354956810633,344
-7.6926,53.28823,2021/04/26 23:00:00+00,Tue 27 Apr 2021,25935,7830,9,1091670,442929,306,1091976,443235,22.7565213350202,9.23691247236908,345
-7.6926,53.28823,2021/04/27 23:00:00+00,Wed 28 Apr 2021,26062,8632,6,1117732,451561,312,1118044,451873,23.2997722839068,9.41692634748346,346
-7.6926,53.28823,2021/04/28 23:00:00+00,Thu 29 Apr 2021,31709,11340,7,1149441,462901,319,1149760,463220,23.9607262157345,9.65339514129255,347
-7.6926,53.28823,2021/04/29 23:00:00+00,Fri 30 Apr 2021,36120,13547,8,1185561,476448,327,1185888,476775,24.7136251831034,9.93587813239877,348
-7.6926,53.28823,2021/04/30 23:00:00+00,Sat 01 May 2021,16645,6704,21,1202206,483152,348,1202554,483500,25.0609406777383,10.0760255403803,349
-7.6926,53.28823,2021/05/01 23:00:00+00,Sun 02 May 2021,12485,915,16,1214691,484067,364,1215055,484431,25.3214585583594,10.0954273599834,350
-7.6926,53.28823,2021/05/02 23:00:00+00,Mon 03 May 2021,14284,941,21,1228975,485008,385,1229360,485393,25.619571371917,10.1154752122478,351
-7.6926,53.28823,2021/05/03 23:00:00+00,Tue 04 May 2021,26684,6812,11,1255659,491820,396,1256055,492216,26.175888852373,10.2576649170296,352
-7.6926,53.28823,2021/05/04 23:00:00+00,Wed 05 May 2021,32154,13474,70,1287813,505294,466,1288279,505760,26.8474293839412,10.5399186707399,353
-7.6926,53.28823,2021/05/05 23:00:00+00,Thu 06 May 2021,37315,14388,133,1325128,519682,599,1325727,520281,27.6278368388246,10.8425328731636,354
-7.6926,53.28823,2021/05/06 23:00:00+00,Fri 07 May 2021,40618,15103,99,1365746,534785,698,1366444,535483,28.4763694798333,11.1593389543732,355
-7.6926,53.28823,2021/05/07 23:00:00+00,Sat 08 May 2021,25647,7071,10,1391393,541856,708,1392101,542564,29.0110552860164,11.3069053180783,356
-7.6926,53.28823,2021/05/08 23:00:00+00,Sun 09 May 2021,19687,936,5,1411080,542792,713,1411793,543505,29.4214319043021,11.3265155353141,357
-7.6926,53.28823,2021/05/09 23:00:00+00,Mon 10 May 2021,28868,4667,172,1439948,547459,885,1440833,548344,30.026618629623,11.427359149771,358
-7.6926,53.28823,2021/05/10 23:00:00+00,Tue 11 May 2021,33932,14827,153,1473880,562286,1038,1474918,563324,30.7369419606341,11.739538803535,359
-7.6926,53.28823,2021/05/11 23:00:00+00,Wed 12 May 2021,31317,20940,176,1505197,583226,1214,1506411,584440,31.3932486252529,12.1795912447153,360
-7.6926,53.28823,2021/05/12 23:00:00+00,Thu 13 May 2021,36023,25490,153,1541220,608716,1367,1542587,610083,32.1471479012587,12.7139852942127,361
-7.6926,53.28823,2021/05/13 23:00:00+00,Fri 14 May 2021,38249,27960,237,1579469,636676,1604,1581073,638280,32.949187030415,13.3016040990981,362
-7.6926,53.28823,2021/05/14 23:00:00+00,Sat 15 May 2021,28894,12472,22,1608363,649148,1626,1609989,650774,33.5517896250906,13.5619761013763,363
-7.6926,53.28823,2021/05/15 23:00:00+00,Sun 16 May 2021,23199,1188,11,1631562,650336,1637,1633199,651973,34.0354805305554,13.5869629775354,364
-7.6926,53.28823,2021/05/16 23:00:00+00,Mon 17 May 2021,35410,3968,120,1666972,654304,1757,1668729,656061,34.7759173194896,13.6721559297775,365
-7.6926,53.28823,2021/05/17 23:00:00+00,Tue 18 May 2021,39047,12519,127,1706019,666823,1884,1707903,668707,35.5922942057747,13.9356955760725,366
-7.6926,53.28823,2021/05/18 23:00:00+00,Wed 19 May 2021,37056,17621,212,1743075,684444,2096,1745171,686540,36.3689505032699,14.3073310744419,367
-7.6926,53.28823,2021/05/19 23:00:00+00,Thu 20 May 2021,39119,19649,138,1782194,704093,2234,1784428,706327,37.1870570899063,14.7196874702382,368
-7.6926,53.28823,2021/05/20 23:00:00+00,Fri 21 May 2021,25865,23271,14937,1808059,727364,17171,1825230,744535,38.0373611107927,15.5159331452058,369
-7.6926,53.28823,2021/05/21 23:00:00+00,Sat 22 May 2021,16615,10264,13524,1824674,737628,30695,1855369,768323,38.6654507359458,16.0116694338399,370
-7.6926,53.28823,2021/05/22 23:00:00+00,Sun 23 May 2021,8238,5544,10205,1832912,743172,40900,1873812,784072,39.0497984899091,16.3398748655575,371
-7.6926,53.28823,2021/05/23 23:00:00+00,Mon 24 May 2021,22574,8253,8453,1855486,751425,49353,1904839,800778,39.6963938248447,16.6880239507231,372
-7.6926,53.28823,2021/05/24 23:00:00+00,Tue 25 May 2021,30386,16531,3225,1885872,767956,52578,1938450,820534,40.3968391080665,17.0997343138581,373
-7.6926,53.28823,2021/05/25 23:00:00+00,Wed 26 May 2021,20005,25494,3055,1905877,793450,55633,1961510,849083,40.877404049041,17.6946887154141,374
-7.6926,53.28823,2021/05/26 23:00:00+00,Thu 27 May 2021,17042,36069,550,1922919,829519,56183,1979102,885702,41.2440171644626,18.4578200065479,375
-7.6926,53.28823,2021/05/27 23:00:00+00,Fri 28 May 2021,27069,31852,1562,1949988,861371,57745,2007733,919116,41.8406804266066,19.1541598564057,376
-7.6926,53.28823,2021/05/28 23:00:00+00,Sat 29 May 2021,24514,7407,538,1974502,868778,58283,2032785,927061,42.3627581760122,19.3197317755749,377
-7.6926,53.28823,2021/05/29 23:00:00+00,Sun 30 May 2021,24276,1696,210,1998778,870474,58493,2057271,928967,42.8730406194078,19.3594523643649,378
-7.6926,53.28823,2021/05/30 23:00:00+00,Mon 31 May 2021,22618,7324,3445,2021396,877798,61938,2083334,939736,43.416187369478,19.5838757750047,379
-7.6926,53.28823,2021/05/31 23:00:00+00,Tue 01 Jun 2021,27643,11543,3657,2049039,889341,65595,2114634,954936,44.0684719597859,19.9006401766878,380
-7.6926,53.28823,2021/06/01 23:00:00+00,Wed 02 Jun 2021,18735,20925,4009,2067774,910266,69604,2137378,979870,44.5424515355675,20.4202588340277,381
-7.6926,53.28823,2021/06/02 23:00:00+00,Thu 03 Jun 2021,16724,30721,1978,2084498,940987,71582,2156080,1012569,44.9321967882174,21.1016982531485,382
-7.6926,53.28823,2021/06/03 23:00:00+00,Fri 04 Jun 2021,29027,23359,155,2113525,964346,71737,2185262,1036083,45.5403427599224,21.591724446647,383
-7.6926,53.28823,2021/06/04 23:00:00+00,Sat 05 Jun 2021,20994,11514,37,2134519,975860,71774,2206293,1047634,45.9786238212248,21.8324445521629,384
-7.6926,53.28823,2021/06/05 23:00:00+00,Sun 06 Jun 2021,19975,3927,47,2154494,979787,71821,2226315,1051608,46.3958775613893,21.9152617713924,385
-7.6926,53.28823,2021/06/06 23:00:00+00,Mon 07 Jun 2021,19859,4615,48,2174353,984402,71869,2246222,1056271,46.8107347287778,22.012437587514,386
-7.6926,53.28823,2021/06/07 23:00:00+00,Tue 08 Jun 2021,26443,18358,48,2200796,1002760,71917,2272713,1074677,47.3628008975269,22.3960142702363,387
-7.6926,53.28823,2021/06/08 23:00:00+00,Wed 09 Jun 2021,32848,20141,178,2233644,1022901,72095,2305739,1094996,48.0510549192365,22.8194574200915,388
-7.6926,53.28823,2021/06/09 23:00:00+00,Thu 10 Jun 2021,27727,27516,273,2261371,1050417,72368,2333739,1122785,48.634568290758,23.3985736015633,389
-7.6926,53.28823,2021/06/10 23:00:00+00,Fri 11 Jun 2021,26481,32921,44,2287852,1083338,72412,2360264,1155750,49.1873430114583,24.0855563977135,390
-7.6926,53.28823,2022/11/01 00:00:00+00,Tue 01 Nov 2022,92,25,0,3863432,3816897,241206,4104638,4058103,85.5396842234031,84.5699058396976,391
-7.6926,53.28823,2021/06/11 23:00:00+00,Sat 12 Jun 2021,12243,19740,105,2300095,1103078,72517,2372612,1175595,49.4446724082993,24.4991214997794,392
-7.6926,53.28823,2021/06/12 23:00:00+00,Sun 13 Jun 2021,8566,18186,835,2308661,1121264,73352,2382013,1194616,49.6405870227877,24.8955146369119,393
-7.6926,53.28823,2021/06/13 23:00:00+00,Mon 14 Jun 2021,16048,31327,55,2324709,1152591,73407,2398116,1225998,49.9761697307023,25.5495080878079,394
-7.6926,53.28823,2021/06/14 23:00:00+00,Tue 15 Jun 2021,14740,41609,207,2339449,1194200,73614,2413063,1267814,50.2876616722785,26.4209436286488,395
-7.6926,53.28823,2021/06/15 23:00:00+00,Wed 16 Jun 2021,13505,48414,220,2352954,1242614,73834,2426788,1316448,50.5736874231403,27.4344646754551,396
-7.6926,53.28823,2021/06/16 23:00:00+00,Thu 17 Jun 2021,21604,42711,535,2374558,1285325,74369,2448927,1359694,51.0350589421444,28.33570107777,397
-7.6926,53.28823,2021/06/17 23:00:00+00,Fri 18 Jun 2021,12036,50045,555,2386594,1335370,74924,2461518,1410294,51.2974524014597,29.3901930991625,398
-7.6926,53.28823,2021/06/18 23:00:00+00,Sat 19 Jun 2021,6349,32828,434,2392943,1368198,75358,2468301,1443556,51.4388085157108,30.0833653050035,399
-7.6926,53.28823,2021/06/19 23:00:00+00,Sun 20 Jun 2021,8540,26157,178,2401483,1394355,75536,2477019,1469891,51.6204895718867,30.6321804706827,400
-7.6926,53.28823,2021/06/20 23:00:00+00,Mon 21 Jun 2021,15515,32365,575,2416998,1426720,76111,2493109,1502831,51.9558013628788,31.3186422727512,401
-7.6926,53.28823,2021/06/21 23:00:00+00,Tue 22 Jun 2021,15169,43580,723,2432167,1470300,76834,2509001,1547134,52.2869868807438,32.2419063048411,402
-7.6926,53.28823,2021/06/22 23:00:00+00,Wed 23 Jun 2021,20111,39418,887,2452278,1509718,77721,2529999,1587439,52.7245802298584,33.0818529633831,403
-7.6926,53.28823,2021/06/23 23:00:00+00,Thu 24 Jun 2021,19055,44290,1033,2471333,1554008,78754,2550087,1632762,53.1432093943986,34.026373554007,404
-7.6926,53.28823,2021/06/24 23:00:00+00,Fri 25 Jun 2021,15237,50146,844,2486570,1604154,79598,2566168,1683752,53.4783336275213,35.0889930830742,405
-7.6926,53.28823,2021/06/25 23:00:00+00,Sat 26 Jun 2021,9093,30595,513,2495663,1634749,80111,2575774,1714860,53.6785203934797,35.7372764388346,406
-7.6926,53.28823,2021/06/26 23:00:00+00,Sun 27 Jun 2021,8749,30497,59,2504412,1665246,80170,2584582,1745416,53.8620770283498,36.3740562452707,407
-7.6926,53.28823,2021/06/27 23:00:00+00,Mon 28 Jun 2021,24258,24684,528,2528670,1689930,80698,2609368,1770628,54.3786114007259,36.8994683567993,408
-7.6926,53.28823,2021/06/28 23:00:00+00,Tue 29 Jun 2021,28168,31075,812,2556838,1721005,81510,2638348,1802515,54.9825477402507,37.5639858881459,409
-7.6926,53.28823,2021/06/29 23:00:00+00,Wed 30 Jun 2021,22611,36903,593,2579449,1757908,82103,2661552,1840011,55.4661136071359,38.3453936516663,410
-7.6926,53.28823,2021/06/30 23:00:00+00,Thu 01 Jul 2021,15072,48337,644,2594521,1806245,82747,2677268,1888992,55.7936313266656,39.3661460963268,411
-7.6926,53.28823,2021/07/01 23:00:00+00,Fri 02 Jul 2021,13713,47302,819,2608234,1853547,83566,2691800,1937113,56.0964747664852,40.3689763445763,412
-7.6926,53.28823,2021/07/02 23:00:00+00,Sat 03 Jul 2021,9337,30504,507,2617571,1884051,84073,2701644,1968124,56.3016213961016,41.0152382432996,413
-7.6926,53.28823,2021/07/03 23:00:00+00,Sun 04 Jul 2021,6468,27798,233,2624039,1911849,84306,2708345,1996155,56.4412686497646,41.5993976474825,414
-7.6926,53.28823,2021/07/04 23:00:00+00,Mon 05 Jul 2021,15654,33494,5344,2639693,1945343,89650,2729343,2034993,56.8788619988792,42.4087723733093,415
-7.6926,53.28823,2021/07/05 23:00:00+00,Tue 06 Jul 2021,12422,48324,5491,2652115,1993667,95141,2747256,2088808,57.2521646783101,43.5302642336104,416
-7.6926,53.28823,2021/07/06 23:00:00+00,Wed 07 Jul 2021,19728,43791,5060,2671843,2037458,100201,2772044,2137659,57.7687407302128,44.548307509046,417
-7.6926,53.28823,2021/07/07 23:00:00+00,Thu 08 Jul 2021,17812,45632,6003,2689655,2083090,106204,2795859,2189294,58.2650396924551,45.6243686854215,418
-7.6926,53.28823,2021/07/08 23:00:00+00,Fri 09 Jul 2021,13538,45123,6534,2703193,2128213,112738,2815931,2240951,58.683335420783,46.7008883365889,419
-7.6926,53.28823,2021/07/09 23:00:00+00,Sat 10 Jul 2021,8665,23900,4365,2711858,2152113,117103,2828961,2269216,58.9548775361731,47.2899242453765,420
-7.6926,53.28823,2021/07/10 23:00:00+00,Sun 11 Jul 2021,15250,16136,2153,2727108,2168249,119256,2846364,2287505,59.317551936337,47.6710626757964,421
-7.6926,53.28823,2021/07/11 23:00:00+00,Mon 12 Jul 2021,17137,31789,6095,2744245,2200038,125351,2869596,2325389,59.8017013165937,48.460556267465,422
-7.6926,53.28823,2021/07/12 23:00:00+00,Tue 13 Jul 2021,20127,36600,8490,2764372,2236638,133841,2898213,2370479,60.398072822052,49.4002211932473,423
-7.6926,53.28823,2021/07/13 23:00:00+00,Wed 14 Jul 2021,20810,35745,9335,2785182,2272383,143176,2928358,2415559,61.0262874857847,50.339677721397,424
-7.6926,53.28823,2021/07/14 23:00:00+00,Thu 15 Jul 2021,23679,28870,9588,2808861,2301253,152764,2961625,2454017,61.719563890442,51.1411333371817,425
-7.6926,53.28823,2021/07/15 23:00:00+00,Fri 16 Jul 2021,23535,27456,9169,2832396,2328709,161933,2994329,2490642,62.4011075083791,51.9043896668951,426
-7.6926,53.28823,2021/07/16 23:00:00+00,Sat 17 Jul 2021,11524,19458,4681,2843920,2348167,166614,3010534,2514781,62.7388158721472,52.4074407124365,427
-7.6926,53.28823,2021/07/17 23:00:00+00,Sun 18 Jul 2021,16879,15842,1934,2860799,2364009,168548,3029347,2532557,63.1308743385199,52.7778883442996,428
-7.6926,53.28823,2021/07/18 23:00:00+00,Mon 19 Jul 2021,24925,18472,6253,2885724,2382481,174801,3060525,2557282,63.7806164777091,53.2931514911163,429
-7.6926,53.28823,2021/07/19 23:00:00+00,Tue 20 Jul 2021,30616,18210,7700,2916340,2400691,182501,3098841,2583192,64.5791128471097,53.8331097574064,430
-7.6926,53.28823,2021/07/20 23:00:00+00,Wed 21 Jul 2021,30387,19866,6895,2946727,2420557,189396,3136123,2609953,65.3560609012906,54.3908026622381,431
-7.6926,53.28823,2021/07/21 23:00:00+00,Thu 22 Jul 2021,33562,15953,6938,2980289,2436510,196334,3176623,2632844,66.2000713136699,54.8678456832202,432
-7.6926,53.28823,2021/07/22 23:00:00+00,Fri 23 Jul 2021,27108,20870,5616,3007397,2457380,201950,3209347,2659330,66.8820317268724,55.419807653153,433
-7.6926,53.28823,2021/07/23 23:00:00+00,Sat 24 Jul 2021,15456,14835,2277,3022853,2472215,204227,3227080,2676442,67.2515832489149,55.7764176822057,434
-7.6926,53.28823,2021/07/24 23:00:00+00,Sun 25 Jul 2021,14746,13661,1046,3037599,2485876,205273,3242872,2691149,67.580684790453,56.0829080805974,435
-7.6926,53.28823,2021/07/25 23:00:00+00,Mon 26 Jul 2021,23872,18340,3422,3061471,2504216,208695,3270166,2712911,68.1494852891069,56.5364230088492,436
-7.6926,53.28823,2021/07/26 23:00:00+00,Tue 27 Jul 2021,25540,23938,3672,3087011,2528154,212367,3299378,2740521,68.75825645371,57.1118088726959,437
-7.6926,53.28823,2021/07/27 23:00:00+00,Wed 28 Jul 2021,23458,25322,3265,3110469,2553476,215632,3326101,2769108,69.3151574475375,57.7075551852561,438
-7.6926,53.28823,2021/07/28 23:00:00+00,Thu 29 Jul 2021,19305,27897,2966,3129774,2581373,218598,3348372,2799971,69.779279815293,58.3507327990157,439
-7.6926,53.28823,2021/07/29 23:00:00+00,Fri 30 Jul 2021,21977,22975,2125,3151751,2604348,220723,3372474,2825071,70.2815597895934,58.8738108570582,440
-7.6926,53.28823,2021/07/30 23:00:00+00,Sat 31 Jul 2021,13769,12513,907,3165520,2616861,221630,3387150,2838491,70.5874041553238,59.1534804801231,441
-7.6926,53.28823,2021/07/31 23:00:00+00,Sun 01 Aug 2021,11166,9367,369,3176686,2626228,221999,3398685,2848227,70.8277908246273,59.3563764153065,442
-7.6926,53.28823,2021/08/01 23:00:00+00,Mon 02 Aug 2021,15045,16069,431,3191731,2642297,222430,3414161,2864727,71.1503070009726,59.7002325092388,443
-7.6926,53.28823,2021/08/02 23:00:00+00,Tue 03 Aug 2021,17366,25471,1111,3209097,2667768,223541,3432638,2891309,71.535363306887,60.2541950964454,444
-7.6926,53.28823,2021/08/03 23:00:00+00,Wed 04 Aug 2021,22146,17344,1576,3231243,2685112,225117,3456360,2910229,72.0297241711453,60.6484834174878,445
-7.6926,53.28823,2021/08/04 23:00:00+00,Thu 05 Aug 2021,13560,30082,1421,3244803,2715194,226538,3471341,2941732,72.3419246646726,61.3049984797393,446
-7.6926,53.28823,2021/08/05 23:00:00+00,Fri 06 Aug 2021,12240,24774,949,3257043,2739968,227487,3484530,2967455,72.6167803024225,61.8410597102981,447
-7.6926,53.28823,2021/08/06 23:00:00+00,Sat 07 Aug 2021,6351,8489,585,3263394,2748457,228072,3491466,2976529,72.7613249004537,62.0301597221976,448
-7.6926,53.28823,2021/08/07 23:00:00+00,Sun 08 Aug 2021,8636,12005,153,3272030,2760462,228225,3500255,2988687,72.9444855798216,62.2835295640176,449
-7.6926,53.28823,2021/08/08 23:00:00+00,Mon 09 Aug 2021,5573,23058,601,3277603,2783520,228826,3506429,3012346,73.0731502782421,62.77657752319,450
-7.6926,53.28823,2021/08/09 23:00:00+00,Tue 10 Aug 2021,9387,26043,718,3286990,2809563,229544,3516534,3039107,73.2837360860716,63.3342704280216,451
-7.6926,53.28823,2021/08/10 23:00:00+00,Wed 11 Aug 2021,7044,31258,668,3294034,2840821,230212,3524246,3071033,73.4444523403992,63.9996007101358,452
-7.6926,53.28823,2021/08/11 23:00:00+00,Thu 12 Aug 2021,6797,38321,865,3300831,2879142,231077,3531908,3110219,73.6041266065634,64.8162276735801,453
-7.6926,53.28823,2021/08/12 23:00:00+00,Fri 13 Aug 2021,10955,28251,875,3311786,2907393,231952,3543738,3139345,73.8506610060312,65.4232066185421,454
-7.6926,53.28823,2021/08/13 23:00:00+00,Sat 14 Aug 2021,18156,5866,281,3329942,2913259,232233,3562175,3145492,74.2348837214149,65.5513086433543,455
-7.6926,53.28823,2021/08/14 23:00:00+00,Sun 15 Aug 2021,17007,3744,53,3346949,2917003,232286,3579235,3149289,74.5904100827776,65.6304372244853,456
-7.6926,53.28823,2021/08/15 23:00:00+00,Mon 16 Aug 2021,10208,23183,386,3357157,2940186,232672,3589829,3172858,74.8111865348454,66.1216096049635,457
-7.6926,53.28823,2021/08/16 23:00:00+00,Tue 17 Aug 2021,12886,26888,532,3370043,2967074,233204,3603247,3200278,75.0908144783838,66.6930359137892,458
-7.6926,53.28823,2021/08/17 23:00:00+00,Wed 18 Aug 2021,15252,25799,658,3385295,2992873,233862,3619157,3226735,75.4223751119877,67.2443935305873,459
-7.6926,53.28823,2021/08/18 23:00:00+00,Thu 19 Aug 2021,11381,25745,545,3396676,3018618,234407,3631083,3253025,75.6709101287293,67.7922709069194,460
-7.6926,53.28823,2021/08/19 23:00:00+00,Fri 20 Aug 2021,14873,22294,686,3411549,3040912,235093,3646642,3276005,75.9951560054258,68.2711686668324,461
-7.6926,53.28823,2021/08/20 23:00:00+00,Sat 21 Aug 2021,11917,8002,246,3423466,3048914,235339,3658805,3284253,76.2486300460621,68.443055034272,462
-7.6926,53.28823,2021/08/21 23:00:00+00,Sun 22 Aug 2021,8011,12267,162,3431477,3061181,235501,3666978,3296682,76.4189534312566,68.7020724519378,463
-7.6926,53.28823,2021/08/22 23:00:00+00,Mon 23 Aug 2021,10892,15420,294,3442369,3076601,235795,3678164,3312396,76.6520670231795,69.029548491941,464
-7.6926,53.28823,2021/08/23 23:00:00+00,Tue 24 Aug 2021,9726,22943,384,3452095,3099544,236179,3688274,3335723,76.8627570298252,69.5156776497082,465
-7.6926,53.28823,2021/08/24 23:00:00+00,Wed 25 Aug 2021,9426,19559,318,3461521,3119103,236497,3698018,3355600,77.0658196831147,69.9299096241986,466
-7.6926,53.28823,2021/08/25 23:00:00+00,Thu 26 Aug 2021,8605,19469,370,3470126,3138572,236867,3706993,3375439,77.2528565584506,70.3433496876849,467
-7.6926,53.28823,2021/08/26 23:00:00+00,Fri 27 Aug 2021,9738,19248,432,3479864,3157820,237299,3717163,3395119,77.4647969508926,70.7534762288114,468
-7.6926,53.28823,2021/08/27 23:00:00+00,Sat 28 Aug 2021,9939,7951,155,3489803,3165771,237454,3727257,3403225,77.6751535213261,70.9224033498669,469
-7.6926,53.28823,2021/08/28 23:00:00+00,Sun 29 Aug 2021,8808,9205,30,3498611,3174976,237484,3736095,3412460,77.8593353490942,71.1148585636527,470
-7.6926,53.28823,2021/08/29 23:00:00+00,Mon 30 Aug 2021,5076,11177,85,3503687,3186153,237569,3741256,3423722,77.9668893673235,71.3495559775839,471
-7.6926,53.28823,2021/08/30 23:00:00+00,Tue 31 Aug 2021,4086,12922,146,3507773,3199075,237715,3745488,3436790,78.0550832454764,71.6218900039783,472
-7.6926,53.28823,2021/08/31 23:00:00+00,Wed 01 Sep 2021,5006,12577,184,3512779,3211652,237899,3750678,3449551,78.1632416168405,71.8878262230492,473
-7.6926,53.28823,2021/09/01 23:00:00+00,Thu 02 Sep 2021,5016,12393,249,3517795,3224045,238148,3755943,3462193,78.2729629704498,72.1512825102912,474
-7.6926,53.28823,2021/09/02 23:00:00+00,Fri 03 Sep 2021,4790,16123,167,3522585,3240168,238315,3760900,3478483,78.3762656769724,72.4907622539371,475
-7.6926,53.28823,2021/09/03 23:00:00+00,Sat 04 Sep 2021,4634,10599,136,3527219,3250767,238451,3765670,3489218,78.4756713477638,72.7144771126258,476
-7.6926,53.28823,2021/09/04 23:00:00+00,Sun 05 Sep 2021,5310,11914,1,3532529,3262681,238452,3770981,3501133,78.5863513304834,72.9627828919715,477
-7.6926,53.28823,2021/09/05 23:00:00+00,Mon 06 Sep 2021,2173,9713,76,3534702,3272394,238528,3773230,3510922,78.6332199580746,73.166783334608,478
-7.6926,53.28823,2021/09/06 23:00:00+00,Tue 07 Sep 2021,3042,10048,162,3537744,3282442,238690,3776434,3521132,78.6999905595872,73.3795573175807,479
-7.6926,53.28823,2021/09/07 23:00:00+00,Wed 08 Sep 2021,2616,14828,191,3540360,3297270,238881,3779241,3536151,78.7584877750823,73.6925497221122,480
-7.6926,53.28823,2021/09/08 23:00:00+00,Thu 09 Sep 2021,3132,14843,138,3543492,3312113,239019,3782511,3551132,78.8266338009707,74.0047502156394,481
-7.6926,53.28823,2021/09/09 23:00:00+00,Fri 10 Sep 2021,3398,13964,116,3546890,3326077,239135,3786025,3565212,78.8998647290966,74.2981740824617,482
-7.6926,53.28823,2021/09/10 23:00:00+00,Sat 11 Sep 2021,2567,11353,62,3549457,3337430,239197,3788654,3576627,78.9546524667298,74.5360599801731,483
-7.6926,53.28823,2021/09/11 23:00:00+00,Sun 12 Sep 2021,2045,12889,1,3551502,3350319,239198,3790700,3589517,78.9972906223774,74.8046845287056,484
-7.6926,53.28823,2021/09/12 23:00:00+00,Mon 13 Sep 2021,1627,7765,52,3553129,3358084,239250,3792379,3597334,79.0322805849055,74.9675889581765,485
-7.6926,53.28823,2021/09/13 23:00:00+00,Tue 14 Sep 2021,1559,10807,82,3554688,3368891,239332,3794020,3608223,79.0664786364293,75.1945131404085,486
-7.6926,53.28823,2021/09/14 23:00:00+00,Wed 15 Sep 2021,3296,12393,138,3557984,3381284,239470,3797454,3620754,79.1380423834937,75.4556562139277,487
-7.6926,53.28823,2021/09/15 23:00:00+00,Thu 16 Sep 2021,1922,10591,116,3559906,3391875,239586,3799492,3631461,79.1805138210352,75.6787875592448,488
-7.6926,53.28823,2021/09/16 23:00:00+00,Fri 17 Sep 2021,2567,14634,95,3562473,3406509,239681,3802154,3646190,79.2359892708563,75.9857364324284,489
-7.6926,53.28823,2021/09/17 23:00:00+00,Sat 18 Sep 2021,2292,11248,48,3564765,3417757,239729,3804494,3657486,79.2847543169049,76.2211423983108,490
-7.6926,53.28823,2021/09/18 23:00:00+00,Sun 19 Sep 2021,1866,8500,16,3566631,3426257,239745,3806376,3666002,79.3239747513764,76.3986138223064,491
-7.6926,53.28823,2021/09/19 23:00:00+00,Mon 20 Sep 2021,968,5649,35,3567599,3431906,239780,3807379,3671686,79.3448770339348,76.5170670367253,492
-7.6926,53.28823,2021/09/20 23:00:00+00,Tue 21 Sep 2021,1479,6695,90,3569078,3438601,239870,3808948,3678471,79.3775746225033,76.6584648305029,493
-7.6926,53.28823,2021/09/21 23:00:00+00,Wed 22 Sep 2021,1904,8174,97,3570982,3446775,239967,3810949,3686742,79.4192749888038,76.8308305124977,494
-7.6926,53.28823,2021/09/22 23:00:00+00,Thu 23 Sep 2021,1693,8745,89,3572675,3455520,240056,3812731,3695576,79.4564114469485,77.0149289812127,495
-7.6926,53.28823,2021/09/23 23:00:00+00,Fri 24 Sep 2021,1917,7410,81,3574592,3462930,240137,3814729,3703067,79.4980492939592,77.171039647858,496
-7.6926,53.28823,2021/09/24 23:00:00+00,Sat 25 Sep 2021,2426,6622,53,3577018,3469552,240190,3817208,3709742,79.5497110671022,77.3101450676761,497
-7.6926,53.28823,2021/09/25 23:00:00+00,Sun 26 Sep 2021,1550,7102,0,3578568,3476654,240190,3818758,3716844,79.5820127001685,77.4581490664099,498
-7.6926,53.28823,2021/09/26 23:00:00+00,Mon 27 Sep 2021,1181,3846,45,3579749,3480500,240235,3819984,3720735,79.6075622499359,77.5392365852881,499
-7.6926,53.28823,2021/09/27 23:00:00+00,Tue 28 Sep 2021,1458,5164,94,3581207,3485664,240329,3821536,3725993,79.6399055625288,77.6488120605545,500
-7.6926,53.28823,2021/09/28 23:00:00+00,Wed 29 Sep 2021,1655,3644,80,3582862,3489308,240409,3823271,3729717,79.6760625517998,77.7264193389669,501
-7.6926,53.28823,2021/09/29 23:00:00+00,Thu 30 Sep 2021,1279,4004,79,3584141,3493312,240488,3824629,3733800,79.7043629503186,77.8115080923927,502
-7.6926,53.28823,2021/09/30 23:00:00+00,Fri 01 Oct 2021,1874,5216,42,3586015,3498528,240530,3826545,3739058,79.7442919367413,77.9210835676591,503
-7.6926,53.28823,2021/10/01 23:00:00+00,Sat 02 Oct 2021,1684,4112,41,3587699,3502640,240571,3828270,3743211,79.7802405283797,78.0076311045137,504
-7.6926,53.28823,2021/10/02 23:00:00+00,Sun 03 Oct 2021,1197,3026,9,3588896,3505666,240580,3829476,3746246,79.8053732828816,78.070879786034,505
-7.6926,53.28823,2021/10/03 23:00:00+00,Mon 04 Oct 2021,351,1245,18,3589247,3506911,240598,3829845,3747509,79.8130631555278,78.0972004070423,506
-7.6926,53.28823,2021/10/04 23:00:00+00,Tue 05 Oct 2021,961,2847,70,3590208,3509758,240668,3830876,3750426,79.8345489514577,78.1579899964968,507
-7.6926,53.28823,2021/10/05 23:00:00+00,Wed 06 Oct 2021,974,2587,40,3591182,3512345,240708,3831890,3753053,79.8556804714121,78.2127360546035,508
-7.6926,53.28823,2021/10/06 23:00:00+00,Thu 07 Oct 2021,1214,2725,44,3592396,3515070,240752,3833148,3755822,79.881896893604,78.2704413590943,509
-7.6926,53.28823,2021/10/07 23:00:00+00,Fri 08 Oct 2021,916,2766,48,3593312,3517836,240800,3834112,3758636,79.901986425395,78.3290844529322,510
-7.6926,53.28823,2021/10/08 23:00:00+00,Sat 09 Oct 2021,725,2374,23,3594037,3520210,240823,3834860,3761033,79.9175745683199,78.3790373654872,511
-7.6926,53.28823,2021/10/09 23:00:00+00,Sun 10 Oct 2021,1521,3931,3,3595558,3524141,240826,3836384,3764967,79.9493343675413,78.4610209941859,512
-7.6926,53.28823,2021/10/10 23:00:00+00,Mon 11 Oct 2021,335,1151,20,3595893,3525292,240846,3836739,3766138,79.9567324835017,78.4854243569735,513
-7.6926,53.28823,2021/10/11 23:00:00+00,Tue 12 Oct 2021,563,1634,21,3596456,3526926,240867,3837323,3767793,79.9689029052506,78.5199141651831,514
-7.6926,53.28823,2021/10/12 23:00:00+00,Wed 13 Oct 2021,991,2090,11,3597447,3529016,240878,3838325,3769894,79.9897843480457,78.5636985078104,515
-7.6926,53.28823,2021/10/13 23:00:00+00,Thu 14 Oct 2021,655,1623,9,3598102,3530639,240887,3838989,3771526,80.0036219508561,78.5977090014648,516
-7.6926,53.28823,2021/10/14 23:00:00+00,Fri 15 Oct 2021,958,2093,10,3599060,3532732,240897,3839957,3773629,80.0237948417001,78.6415350236187,517
-7.6926,53.28823,2021/10/15 23:00:00+00,Sat 16 Oct 2021,1384,2664,14,3600444,3535396,240911,3841355,3776307,80.0529288307497,78.6973439096521,518
-7.6926,53.28823,2021/10/16 23:00:00+00,Sun 17 Oct 2021,1709,2894,3,3602153,3538290,240914,3843067,3779204,80.0886065054655,78.7577167038413,519
-7.6926,53.28823,2021/10/17 23:00:00+00,Mon 18 Oct 2021,681,1269,6,3602834,3539559,240920,3843754,3780479,80.1029234228311,78.7842874020088,520
-7.6926,53.28823,2021/10/18 23:00:00+00,Tue 19 Oct 2021,1343,1819,13,3604177,3541378,240933,3845110,3782311,80.1311821418233,78.822465848317,521
-7.6926,53.28823,2021/10/19 23:00:00+00,Wed 20 Oct 2021,2264,2354,1,3606441,3543732,240934,3847375,3784666,80.1783842056268,78.8715434908146,522
-7.6926,53.28823,2021/10/20 23:00:00+00,Thu 21 Oct 2021,1732,1867,11,3608173,3545599,240945,3849118,3786544,80.214707913004,78.910680566233,523
-7.6926,53.28823,2021/10/21 23:00:00+00,Fri 22 Oct 2021,1509,1946,3,3609682,3547545,240948,3850630,3788493,80.2462176350662,78.9512972648436,524
-7.6926,53.28823,2021/10/22 23:00:00+00,Sat 23 Oct 2021,2019,1716,1,3611701,3549261,240949,3852650,3790210,80.2883139568688,78.9870791383758,525
-7.6926,53.28823,2021/10/23 23:00:00+00,Sun 24 Oct 2021,1960,2194,2,3613661,3551455,240951,3854612,3792406,80.3292015724018,79.0328432585137,526
-7.6926,53.28823,2021/10/24 23:00:00+00,Mon 25 Oct 2021,1242,870,2,3614903,3552325,240953,3855856,3793278,80.355126237908,79.051015532084,527
-7.6926,53.28823,2021/10/25 23:00:00+00,Tue 26 Oct 2021,1247,1245,6,3616150,3553570,240959,3857109,3794529,80.3812384612836,79.077086075933,528
-7.6926,53.28823,2021/10/26 23:00:00+00,Wed 27 Oct 2021,1569,1441,6,3617719,3555011,240965,3858684,3795976,80.4140610884317,79.1072412133827,529
-7.6926,53.28823,2021/10/27 23:00:00+00,Thu 28 Oct 2021,2162,1714,5,3619881,3556725,240970,3860851,3797695,80.4592208554348,79.1430647664415,530
-7.6926,53.28823,2021/10/28 23:00:00+00,Fri 29 Oct 2021,2148,1387,3,3622029,3558112,240973,3863002,3799085,80.5040471862256,79.1720320373849,531
-7.6926,53.28823,2021/10/29 23:00:00+00,Sat 30 Oct 2021,2021,1464,1,3624050,3559576,240974,3865024,3800550,80.5461851875547,79.2025622905734,532
-7.6926,53.28823,2021/10/30 23:00:00+00,Sun 31 Oct 2021,1601,1321,0,3625651,3560897,240974,3866625,3801871,80.5795496485478,79.2300916178513,533
-7.6926,53.28823,2022/11/02 00:00:00+00,Wed 02 Nov 2022,100,13,0,3863532,3816910,241206,4104738,4058116,85.54176819973,84.5701767566201,534
-7.6926,53.28823,2021/11/01 00:00:00+00,Mon 01 Nov 2021,297,307,2,3625948,3561204,240976,3866924,3802180,80.5857807377651,79.2365311047013,535
-7.6926,53.28823,2021/11/02 00:00:00+00,Tue 02 Nov 2021,1100,1101,10,3627048,3562305,240986,3868034,3803291,80.6089128749933,79.2596840816927,536
-7.6926,53.28823,2021/11/03 00:00:00+00,Wed 03 Nov 2021,2540,1889,7,3629588,3564194,240993,3870581,3805187,80.6619917520385,79.29919627285,537
-7.6926,53.28823,2021/11/04 00:00:00+00,Thu 04 Nov 2021,1539,1297,2,3631127,3565491,240995,3872122,3806486,80.6941058272354,79.326267125336,538
-7.6926,53.28823,2021/11/05 00:00:00+00,Fri 05 Nov 2021,1630,1110,4,3632757,3566601,240999,3873756,3807600,80.7281580004164,79.3494826216172,539
-7.6926,53.28823,2021/11/06 00:00:00+00,Sat 06 Nov 2021,1824,1366,6,3634581,3567967,241005,3875586,3808972,80.766294767198,79.3780747768218,540
-7.6926,53.28823,2021/11/07 00:00:00+00,Sun 07 Nov 2021,698,775,0,3635279,3568742,241005,3876284,3809747,80.7808409219595,79.3942255933549,541
-7.6926,53.28823,2021/11/08 00:00:00+00,Mon 08 Nov 2021,520,541,4,3635799,3569283,241009,3876808,3810292,80.7917609579122,79.4055832643364,542
-7.6926,53.28823,2021/11/09 00:00:00+00,Tue 09 Nov 2021,1375,1077,4,3637174,3570360,241013,3878187,3811373,80.8204989914597,79.4281110484297,543
-7.6926,53.28823,2021/11/10 00:00:00+00,Wed 10 Nov 2021,1604,1370,2,3638778,3571730,241015,3879793,3812745,80.8539676512691,79.4567032036343,544
-7.6926,53.28823,2021/11/11 00:00:00+00,Thu 11 Nov 2021,1395,1129,2,3640173,3572859,241017,3881190,3813876,80.8830808005553,79.4802729758911,545
-7.6926,53.28823,2021/11/12 00:00:00+00,Fri 12 Nov 2021,1144,1163,6,3641317,3574022,241023,3882340,3815045,80.9070465283143,79.5046346591521,546
-7.6926,53.28823,2021/11/13 00:00:00+00,Sat 13 Nov 2021,1396,1387,0,3642713,3575409,241023,3883736,3816432,80.9361388378373,79.5335394108057,547
-7.6926,53.28823,2021/11/14 00:00:00+00,Sun 14 Nov 2021,1648,1808,1,3644361,3577217,241024,3885385,3818241,80.9705036074672,79.5712385425587,548
-7.6926,53.28823,2021/11/15 00:00:00+00,Mon 15 Nov 2021,1244,600,1,3645605,3577817,241025,3886630,3818842,80.9964491127367,79.5837632402831,549
-7.6926,53.28823,2021/11/16 00:00:00+00,Tue 16 Nov 2021,1321,1086,5,3646926,3578903,241030,3887956,3819933,81.0240826388308,79.6064994220092,550
-7.6926,53.28823,2021/11/17 00:00:00+00,Wed 17 Nov 2021,1504,1129,3,3648430,3580032,241033,3889463,3821065,81.0554881620767,79.6300900340292,551
-7.6926,53.28823,2021/11/18 00:00:00+00,Thu 18 Nov 2021,1641,2521,5,3650071,3582553,241038,3891109,3823591,81.0897904124168,79.6827312760458,552
-7.6926,53.28823,2021/11/19 00:00:00+00,Fri 19 Nov 2021,1166,1567,0,3651237,3584120,241038,3892275,3825158,81.1140895763881,79.7153871850877,553
-7.6926,53.28823,2021/11/20 00:00:00+00,Sat 20 Nov 2021,1547,2954,12,3652784,3587074,241050,3893834,3828124,81.1465787673238,79.7771979229425,554
-7.6926,53.28823,2021/11/21 00:00:00+00,Sun 21 Nov 2021,1790,2772,0,3654574,3589846,241050,3895624,3830896,81.1838819435747,79.8349657467231,555
-7.6926,53.28823,2021/11/22 00:00:00+00,Mon 22 Nov 2021,725,523,3,3655299,3590369,241053,3896352,3831422,81.1990532912342,79.8459274622024,556
-7.6926,53.28823,2021/11/23 00:00:00+00,Tue 23 Nov 2021,2160,1604,8,3657459,3591973,241061,3898520,3833034,81.2442338980006,79.8795211605914,557
-7.6926,53.28823,2021/11/24 00:00:00+00,Wed 24 Nov 2021,1615,3155,2,3659074,3595128,241063,3900137,3836191,81.277931795206,79.9453122932305,558
-7.6926,53.28823,2021/11/25 00:00:00+00,Thu 25 Nov 2021,982,1193,2,3660056,3596321,241065,3901121,3837386,81.2984381222623,79.9702158103365,559
-7.6926,53.28823,2021/11/26 00:00:00+00,Fri 26 Nov 2021,1279,1116,12,3661335,3597437,241077,3902412,3838514,81.3253422566421,79.9937230633035,560
-7.6926,53.28823,2021/11/27 00:00:00+00,Sat 27 Nov 2021,1200,1568,6,3662535,3599005,241083,3903618,3840088,81.3504750111441,80.0265248506883,561
-7.6926,53.28823,2021/11/28 00:00:00+00,Sun 28 Nov 2021,1962,2263,1,3664497,3601268,241084,3905581,3842352,81.3913834664404,80.0737060747285,562
-7.6926,53.28823,2022/11/03 00:00:00+00,Thu 03 Nov 2022,91,28,0,3863623,3816938,241206,4104829,4058144,85.5436646181874,84.5707602699916,563
-7.6926,53.28823,2022/11/04 00:00:00+00,Fri 04 Nov 2022,61,22,0,3863684,3816960,241206,4104890,4058166,85.5449358437468,84.5712187447836,564
-7.6926,53.28823,2022/11/05 00:00:00+00,Sat 05 Nov 2022,46,54,0,3863730,3817014,241206,4104936,4058220,85.5458944728571,84.5723440920001,565
-7.6926,53.28823,2022/11/06 00:00:00+00,Sun 06 Nov 2022,56,78,0,3863786,3817092,241206,4104992,4058298,85.5470614996002,84.573969593535,566
-7.6926,53.28823,2022/11/07 00:00:00+00,Mon 07 Nov 2022,40,3,0,3863826,3817095,241206,4105032,4058301,85.5478950901309,84.5740321128248,567
-7.6926,53.28823,2022/11/08 00:00:00+00,Tue 08 Nov 2022,65,32,0,3863891,3817127,241206,4105097,4058333,85.5492496747434,84.5746989852494,568
-7.6926,53.28823,2022/11/09 00:00:00+00,Wed 09 Nov 2022,85,32,0,3863976,3817159,241206,4105182,4058365,85.5510210546212,84.575365857674,569
-7.6926,53.28823,2022/11/10 00:00:00+00,Thu 10 Nov 2022,49,15,0,3864025,3817174,241206,4105231,4058380,85.5520422030214,84.575678454123,570
-7.6926,53.28823,2022/11/11 00:00:00+00,Fri 11 Nov 2022,48,16,0,3864073,3817190,241206,4105279,4058396,85.5530425116583,84.5760118903353,571
-7.6926,53.28823,2022/11/12 00:00:00+00,Sat 12 Nov 2022,75,87,0,3864148,3817277,241206,4105354,4058483,85.5546054939034,84.5778249497397,572
-7.6926,53.28823,2022/11/13 00:00:00+00,Sun 13 Nov 2022,42,62,1,3864190,3817339,241207,4105397,4058546,85.555501603724,84.5791378548256,573
-7.6926,53.28823,2022/11/14 00:00:00+00,Mon 14 Nov 2022,15,2,0,3864205,3817341,241207,4105412,4058548,85.555814200173,84.5791795343522,574
-7.6926,53.28823,2022/11/15 00:00:00+00,Tue 15 Nov 2022,57,8,0,3864262,3817349,241207,4105469,4058556,85.5570020666793,84.5793462524583,575
-7.6926,53.28823,2022/11/16 00:00:00+00,Wed 16 Nov 2022,45,20,0,3864307,3817369,241207,4105514,4058576,85.5579398560264,84.5797630477237,576
-7.6926,53.28823,2022/11/17 00:00:00+00,Thu 17 Nov 2022,64,9,1,3864371,3817378,241208,4105579,4058586,85.5592944406389,84.5799714453564,577
-7.6926,53.28823,2022/11/18 00:00:00+00,Fri 18 Nov 2022,28,22,0,3864399,3817400,241208,4105607,4058608,85.5598779540104,84.5804299201483,578
-7.6926,53.28823,2022/11/19 00:00:00+00,Sat 19 Nov 2022,55,57,0,3864454,3817457,241208,4105662,4058665,85.5610241409902,84.5816177866546,579
-7.6926,53.28823,2022/11/20 00:00:00+00,Sun 20 Nov 2022,40,56,0,3864494,3817513,241208,4105702,4058721,85.5618577315209,84.5827848133976,580
-7.6926,53.28823,2022/11/21 00:00:00+00,Mon 21 Nov 2022,17,3,0,3864511,3817516,241208,4105719,4058724,85.5622120074965,84.5828473326874,581
-7.6926,53.28823,2022/11/22 00:00:00+00,Tue 22 Nov 2022,48,22,0,3864559,3817538,241208,4105767,4058746,85.5632123161334,84.5833058074793,582
-7.6926,53.28823,2022/11/23 00:00:00+00,Wed 23 Nov 2022,23,16,0,3864582,3817554,241208,4105790,4058762,85.5636916306886,84.5836392436916,583
-7.6926,53.28823,2022/11/24 00:00:00+00,Thu 24 Nov 2022,25,18,0,3864607,3817572,241208,4105815,4058780,85.5642126247703,84.5840143594305,584
-7.6926,53.28823,2022/11/25 00:00:00+00,Fri 25 Nov 2022,18,11,0,3864625,3817583,241208,4105833,4058791,85.5645877405091,84.5842435968264,585
-7.6926,53.28823,2022/11/26 00:00:00+00,Sat 26 Nov 2022,65,63,0,3864690,3817646,241208,4105898,4058854,85.5659423251216,84.5855565019124,586
-7.6926,53.28823,2022/11/27 00:00:00+00,Sun 27 Nov 2022,36,42,0,3864726,3817688,241208,4105934,4058896,85.5666925565992,84.5864317719696,587
-7.6926,53.28823,2022/11/28 00:00:00+00,Mon 28 Nov 2022,16,1,0,3864742,3817689,241208,4105950,4058897,85.5670259928115,84.5864526117329,588
-7.6926,53.28823,2022/11/29 00:00:00+00,Tue 29 Nov 2022,31,18,0,3864773,3817707,241208,4105981,4058915,85.5676720254729,84.5868277274717,589
-7.6926,53.28823,2022/11/30 00:00:00+00,Wed 30 Nov 2022,46,13,0,3864819,3817720,241208,4106027,4058928,85.5686306545832,84.5870986443942,590
-7.6926,53.28823,2022/12/01 00:00:00+00,Thu 01 Dec 2022,20,11,0,3864839,3817731,241208,4106047,4058939,85.5690474498486,84.5873278817902,591
-7.6926,53.28823,2022/12/02 00:00:00+00,Fri 02 Dec 2022,16,18,0,3864855,3817749,241208,4106063,4058957,85.5693808860609,84.587702997529,592
-7.6926,53.28823,2022/12/03 00:00:00+00,Sat 03 Dec 2022,42,71,0,3864897,3817820,241208,4106105,4059028,85.5702561561182,84.5891826207211,593
-7.6926,53.28823,2022/12/04 00:00:00+00,Sun 04 Dec 2022,44,47,0,3864941,3817867,241208,4106149,4059075,85.571173105702,84.5901620895947,594
-7.6926,53.28823,2022/12/05 00:00:00+00,Mon 05 Dec 2022,21,5,0,3864962,3817872,241208,4106170,4059080,85.5716107407306,84.5902662884111,595
-7.6926,53.28823,2022/12/06 00:00:00+00,Tue 06 Dec 2022,34,29,0,3864996,3817901,241208,4106204,4059109,85.5723192926818,84.5908706415459,596
-7.6926,53.28823,2022/12/07 00:00:00+00,Wed 07 Dec 2022,21,23,0,3865017,3817924,241208,4106225,4059132,85.5727569277104,84.591349956101,597
-7.6926,53.28823,2022/12/08 00:00:00+00,Thu 08 Dec 2022,16,13,1,3865033,3817937,241209,4106242,4059146,85.573111203686,84.5916417127868,598
-7.6926,53.28823,2022/12/09 00:00:00+00,Fri 09 Dec 2022,24,17,0,3865057,3817954,241209,4106266,4059163,85.5736113580044,84.5919959887624,599
-7.6926,53.28823,2022/12/10 00:00:00+00,Sat 10 Dec 2022,49,44,0,3865106,3817998,241209,4106315,4059207,85.5746325064046,84.5929129383462,600
-7.6926,53.28823,2022/12/11 00:00:00+00,Sun 11 Dec 2022,28,42,0,3865134,3818040,241209,4106343,4059249,85.5752160197761,84.5937882084035,601
-7.6926,53.28823,2022/12/12 00:00:00+00,Mon 12 Dec 2022,13,2,0,3865147,3818042,241209,4106356,4059251,85.5754869366986,84.59382988793,602
-7.6926,53.28823,2022/12/13 00:00:00+00,Tue 13 Dec 2022,29,15,0,3865176,3818057,241209,4106385,4059266,85.5760912898334,84.594142484379,603
-7.6926,53.28823,2022/12/14 00:00:00+00,Wed 14 Dec 2022,19,20,0,3865195,3818077,241209,4106404,4059286,85.5764872453355,84.5945592796444,604
-7.6926,53.28823,2022/12/15 00:00:00+00,Thu 15 Dec 2022,13,9,0,3865208,3818086,241209,4106417,4059295,85.576758162258,84.5947468375138,605
-7.6926,53.28823,2022/12/16 00:00:00+00,Fri 16 Dec 2022,15,4,0,3865223,3818090,241209,4106432,4059299,85.577070758707,84.5948301965669,606
-7.6926,53.28823,2022/12/17 00:00:00+00,Sat 17 Dec 2022,20,43,0,3865243,3818133,241209,4106452,4059342,85.5774875539724,84.5957263063874,607
-7.6926,53.28823,2022/12/18 00:00:00+00,Sun 18 Dec 2022,29,35,0,3865272,3818168,241209,4106481,4059377,85.5780919071072,84.5964556981018,608
-7.6926,53.28823,2022/12/19 00:00:00+00,Mon 19 Dec 2022,9,1,0,3865281,3818169,241209,4106490,4059378,85.5782794649766,84.5964765378651,609
-7.6926,53.28823,2022/12/20 00:00:00+00,Tue 20 Dec 2022,20,18,0,3865301,3818187,241209,4106510,4059396,85.578696260242,84.5968516536039,610
-7.6926,53.28823,2022/12/21 00:00:00+00,Wed 21 Dec 2022,17,28,0,3865318,3818215,241209,4106527,4059424,85.5790505362175,84.5974351669755,611
-7.6926,53.28823,2022/12/22 00:00:00+00,Thu 22 Dec 2022,8,15,0,3865326,3818230,241209,4106535,4059439,85.5792172543237,84.5977477634245,612
-7.6926,53.28823,2022/12/23 00:00:00+00,Fri 23 Dec 2022,20,6,0,3865346,3818236,241209,4106555,4059445,85.579634049589,84.5978728020041,613
-7.6926,53.28823,2022/12/28 00:00:00+00,Wed 28 Dec 2022,20,24,0,3865366,3818260,241209,4106575,4059469,85.5800508448544,84.5983729563226,614
-7.6926,53.28823,2022/12/29 00:00:00+00,Thu 29 Dec 2022,18,12,0,3865384,3818272,241209,4106593,4059481,85.5804259605933,84.5986230334818,615
-7.6926,53.28823,2022/12/30 00:00:00+00,Fri 30 Dec 2022,71,31,0,3865455,3818303,241209,4106664,4059512,85.5819055837853,84.5992690661431,616
-7.6926,53.28823,2022/12/31 00:00:00+00,Sat 31 Dec 2022,36,26,0,3865491,3818329,241209,4106700,4059538,85.582655815263,84.5998108999881,617
-7.6926,53.28823,2023/01/03 00:00:00+00,Tue 03 Jan 2023,16,14,0,3865507,3818343,241209,4106716,4059552,85.5829892514753,84.6001026566739,618
-7.6926,53.28823,2023/01/04 00:00:00+00,Wed 04 Jan 2023,56,28,0,3865563,3818371,241209,4106772,4059580,85.5841562782183,84.6006861700454,619
-7.6926,53.28823,2023/01/05 00:00:00+00,Thu 05 Jan 2023,26,16,0,3865589,3818387,241209,4106798,4059596,85.5846981120633,84.6010196062577,620
-7.6926,53.28823,2023/01/06 00:00:00+00,Fri 06 Jan 2023,37,21,0,3865626,3818408,241209,4106835,4059617,85.5854691833043,84.6014572412863,621
-7.6926,53.28823,2023/01/07 00:00:00+00,Sat 07 Jan 2023,137,74,0,3865763,3818482,241209,4106972,4059691,85.5883242308721,84.6029993837682,622
-7.6926,53.28823,2023/01/08 00:00:00+00,Sun 08 Jan 2023,51,45,0,3865814,3818527,241209,4107023,4059736,85.5893870587988,84.6039371731153,623
-7.6926,53.28823,2023/01/09 00:00:00+00,Mon 09 Jan 2023,1,1,0,3865815,3818528,241209,4107024,4059737,85.589407898562,84.6039580128786,624
-7.6926,53.28823,2023/01/10 00:00:00+00,Tue 10 Jan 2023,43,14,0,3865858,3818542,241209,4107067,4059751,85.5903040083826,84.6042497695643,625
-7.6926,53.28823,2023/01/11 00:00:00+00,Wed 11 Jan 2023,59,31,0,3865917,3818573,241209,4107126,4059782,85.5915335544154,84.6048958022256,626
-7.6926,53.28823,2023/01/12 00:00:00+00,Thu 12 Jan 2023,14,12,0,3865931,3818585,241209,4107140,4059794,85.5918253111012,84.6051458793849,627
-7.6926,53.28823,2023/01/13 00:00:00+00,Fri 13 Jan 2023,30,12,0,3865961,3818597,241209,4107170,4059806,85.5924505039992,84.6053959565441,628
-7.6926,53.28823,2023/01/14 00:00:00+00,Sat 14 Jan 2023,72,40,0,3866033,3818637,241209,4107242,4059846,85.5939509669546,84.6062295470748,629
-7.6926,53.28823,2023/01/15 00:00:00+00,Sun 15 Jan 2023,60,30,0,3866093,3818667,241209,4107302,4059876,85.5952013527507,84.6068547399729,630
-7.6926,53.28823,2023/01/16 00:00:00+00,Mon 16 Jan 2023,6,2,0,3866099,3818669,241209,4107308,4059878,85.5953263913303,84.6068964194994,631
-7.6926,53.28823,2023/01/17 00:00:00+00,Tue 17 Jan 2023,14,19,0,3866113,3818688,241209,4107322,4059897,85.5956181480161,84.6072923750015,632
-7.6926,53.28823,2023/01/18 00:00:00+00,Wed 18 Jan 2023,35,14,0,3866148,3818702,241209,4107357,4059911,85.5963475397305,84.6075841316873,633
-7.6926,53.28823,2023/01/19 00:00:00+00,Thu 19 Jan 2023,23,7,0,3866171,3818709,241209,4107380,4059918,85.5968268542857,84.6077300100302,634
-7.6926,53.28823,2023/01/20 00:00:00+00,Fri 20 Jan 2023,20,8,0,3866191,3818717,241209,4107400,4059926,85.597243649551,84.6078967281363,635
-7.6926,53.28823,2023/01/21 00:00:00+00,Sat 21 Jan 2023,75,26,0,3866266,3818743,241209,4107475,4059952,85.5988066317962,84.6084385619813,636
-7.6926,53.28823,2023/01/22 00:00:00+00,Sun 22 Jan 2023,21,13,0,3866287,3818756,241209,4107496,4059965,85.5992442668248,84.6087094789038,637
-7.6926,53.28823,2023/01/23 00:00:00+00,Mon 23 Jan 2023,9,1,0,3866296,3818757,241209,4107505,4059966,85.5994318246942,84.6087303186671,638
-7.6926,53.28823,2023/01/24 00:00:00+00,Tue 24 Jan 2023,17,13,0,3866313,3818770,241209,4107522,4059979,85.5997861006698,84.6090012355896,639
-7.6926,53.28823,2023/01/25 00:00:00+00,Wed 25 Jan 2023,24,17,0,3866337,3818787,241209,4107546,4059996,85.6002862549883,84.6093555115651,640
-7.6926,53.28823,2023/01/26 00:00:00+00,Thu 26 Jan 2023,12,12,0,3866349,3818799,241209,4107558,4060008,85.6005363321475,84.6096055887244,641
-7.6926,53.28823,2023/01/27 00:00:00+00,Fri 27 Jan 2023,12,8,0,3866361,3818807,241209,4107570,4060016,85.6007864093067,84.6097723068305,642
-7.6926,53.28823,2023/01/28 00:00:00+00,Sat 28 Jan 2023,24,57,0,3866385,3818864,241209,4107594,4060073,85.6012865636252,84.6109601733368,643
-7.6926,53.28823,2023/01/29 00:00:00+00,Sun 29 Jan 2023,28,28,0,3866413,3818892,241209,4107622,4060101,85.6018700769967,84.6115436867083,644
-7.6926,53.28823,2023/01/30 00:00:00+00,Mon 30 Jan 2023,4,2,0,3866417,3818894,241209,4107626,4060103,85.6019534360498,84.6115853662349,645
-7.6926,53.28823,2023/01/31 00:00:00+00,Tue 31 Jan 2023,22,15,0,3866439,3818909,241209,4107648,4060118,85.6024119108417,84.6118979626839,646
-7.6926,53.28823,2023/02/01 00:00:00+00,Wed 01 Feb 2023,14,37,0,3866453,3818946,241209,4107662,4060155,85.6027036675274,84.6126690339248,647
-7.6926,53.28823,2023/02/02 00:00:00+00,Thu 02 Feb 2023,14,12,0,3866467,3818958,241209,4107676,4060167,85.6029954242132,84.6129191110841,648
-7.6926,53.28823,2023/02/03 00:00:00+00,Fri 03 Feb 2023,15,9,0,3866482,3818967,241209,4107691,4060176,85.6033080206622,84.6131066689535,649
-7.6926,53.28823,2023/02/04 00:00:00+00,Sat 04 Feb 2023,38,44,0,3866520,3819011,241209,4107729,4060220,85.6040999316664,84.6140236185373,650
-7.6926,53.28823,2023/02/05 00:00:00+00,Sun 05 Feb 2023,29,22,0,3866549,3819033,241209,4107758,4060242,85.6047042848012,84.6144820933292,651
-7.6926,53.28823,2023/02/06 00:00:00+00,Mon 06 Feb 2023,12,7,0,3866561,3819040,241209,4107770,4060249,85.6049543619604,84.6146279716721,652
-7.6926,53.28823,2023/02/07 00:00:00+00,Tue 07 Feb 2023,20,13,0,3866581,3819053,241209,4107790,4060262,85.6053711572258,84.6148988885946,653
-7.6926,53.28823,2023/02/08 00:00:00+00,Wed 08 Feb 2023,22,30,0,3866603,3819083,241209,4107812,4060292,85.6058296320177,84.6155240814926,654
-7.6926,53.28823,2023/02/09 00:00:00+00,Thu 09 Feb 2023,6,15,0,3866609,3819098,241209,4107818,4060307,85.6059546705973,84.6158366779417,655
-7.6926,53.28823,2023/02/10 00:00:00+00,Fri 10 Feb 2023,5,14,0,3866614,3819112,241209,4107823,4060321,85.6060588694137,84.6161284346274,656
-7.6926,53.28823,2023/02/11 00:00:00+00,Sat 11 Feb 2023,34,47,0,3866648,3819159,241209,4107857,4060368,85.6067674213648,84.6171079035011,657
-7.6926,53.28823,2023/02/12 00:00:00+00,Sun 12 Feb 2023,17,36,0,3866665,3819195,241209,4107874,4060404,85.6071216973404,84.6178581349787,658
-7.6926,53.28823,2023/02/13 00:00:00+00,Mon 13 Feb 2023,1,1,0,3866666,3819196,241209,4107875,4060405,85.6071425371036,84.617878974742,659
-7.6926,53.28823,2023/02/14 00:00:00+00,Tue 14 Feb 2023,12,22,0,3866678,3819218,241209,4107887,4060427,85.6073926142628,84.6183374495339,660
-7.6926,53.28823,2023/02/15 00:00:00+00,Wed 15 Feb 2023,15,12,0,3866693,3819230,241209,4107902,4060439,85.6077052107119,84.6185875266931,661
-7.6926,53.28823,2023/02/16 00:00:00+00,Thu 16 Feb 2023,13,11,0,3866706,3819241,241209,4107915,4060450,85.6079761276344,84.6188167640891,662
-7.6926,53.28823,2023/02/17 00:00:00+00,Fri 17 Feb 2023,4,12,0,3866710,3819253,241209,4107919,4060462,85.6080594866875,84.6190668412483,663
-7.6926,53.28823,2023/02/18 00:00:00+00,Sat 18 Feb 2023,21,43,0,3866731,3819296,241209,4107940,4060505,85.6084971217161,84.6199629510689,664
-7.6926,53.28823,2023/02/19 00:00:00+00,Sun 19 Feb 2023,22,31,0,3866753,3819327,241209,4107962,4060536,85.608955596508,84.6206089837302,665
-7.6926,53.28823,2023/02/20 00:00:00+00,Mon 20 Feb 2023,3,0,0,3866756,3819327,241209,4107965,4060536,85.6090181157978,84.6206089837302,666
-7.6926,53.28823,2023/02/21 00:00:00+00,Tue 21 Feb 2023,52,16,0,3866808,3819343,241209,4108017,4060552,85.6101017834878,84.6209424199425,667
-7.6926,53.28823,2023/02/22 00:00:00+00,Wed 22 Feb 2023,24,16,0,3866832,3819359,241209,4108041,4060568,85.6106019378062,84.6212758561548,668
-7.6926,53.28823,2023/02/23 00:00:00+00,Thu 23 Feb 2023,21,10,0,3866853,3819369,241209,4108062,4060578,85.6110395728349,84.6214842537875,669
-7.6926,53.28823,2023/02/24 00:00:00+00,Fri 24 Feb 2023,13,12,0,3866866,3819381,241209,4108075,4060590,85.6113104897574,84.6217343309467,670
-7.6926,53.28823,2023/02/25 00:00:00+00,Sat 25 Feb 2023,49,19,0,3866915,3819400,241209,4108124,4060609,85.6123316381575,84.6221302864488,671
-7.6926,53.28823,2023/02/26 00:00:00+00,Sun 26 Feb 2023,78,38,0,3866993,3819438,241209,4108202,4060647,85.6139571396925,84.622922197453,672
-7.6926,53.28823,2022/03/21 00:00:00+00,Mon 21 Mar 2022,57,112,0,3839864,3777901,241172,4081036,4019073,85.047824130737,83.7565298793232,673
-7.6926,53.28823,2022/03/22 00:00:00+00,Tue 22 Mar 2022,141,575,0,3840005,3778476,241172,4081177,4019648,85.0507625373579,83.7685127432026,674
-7.6926,53.28823,2022/03/23 00:00:00+00,Wed 23 Mar 2022,102,221,0,3840107,3778697,241172,4081279,4019869,85.0528881932113,83.773118330885,675
-7.6926,53.28823,2022/03/24 00:00:00+00,Thu 24 Mar 2022,147,245,0,3840254,3778942,241172,4081426,4020114,85.0559516384118,83.7782240728858,676
-7.6926,53.28823,2022/03/25 00:00:00+00,Fri 25 Mar 2022,434,1625,0,3840688,3780567,241172,4081860,4021739,85.0649960956704,83.8120886881973,677
-7.6926,53.28823,2022/03/26 00:00:00+00,Sat 26 Mar 2022,874,1848,1,3841562,3782415,241173,4082735,4023588,85.0832308885304,83.850621410481,678
-7.6926,53.28823,2022/03/27 00:00:00+00,Sun 27 Mar 2022,380,804,0,3841942,3783219,241173,4083115,4024392,85.0911499985725,83.867376580149,679
-7.6926,53.28823,2022/03/27 23:00:00+00,Mon 28 Mar 2022,44,53,1,3841986,3783272,241174,4083160,4024446,85.0920877879196,83.8685019273655,680
-7.6926,53.28823,2022/03/28 23:00:00+00,Tue 29 Mar 2022,138,193,3,3842124,3783465,241177,4083301,4024642,85.0950261945404,83.8725865209662,681
-7.6926,53.28823,2022/03/29 23:00:00+00,Wed 30 Mar 2022,109,138,0,3842233,3783603,241177,4083410,4024780,85.0972977287367,83.8754624082972,682
-7.6926,53.28823,2022/03/30 23:00:00+00,Thu 31 Mar 2022,227,361,0,3842460,3783964,241177,4083637,4025141,85.1020283549987,83.8829855628372,683
-7.6926,53.28823,2022/03/31 23:00:00+00,Fri 01 Apr 2022,307,905,0,3842767,3784869,241177,4083944,4026046,85.1084261623222,83.9018455485953,684
-7.6926,53.28823,2022/04/01 23:00:00+00,Sat 02 Apr 2022,729,1538,1,3843496,3786407,241178,4084674,4027585,85.1236391895083,83.9339179442657,685
-7.6926,53.28823,2022/04/02 23:00:00+00,Sun 03 Apr 2022,538,817,0,3844034,3787224,241178,4085212,4028402,85.1348509821468,83.9509440308562,686
-7.6926,53.28823,2022/04/03 23:00:00+00,Mon 04 Apr 2022,50,53,0,3844084,3787277,241178,4085262,4028455,85.1358929703102,83.9520485383094,687
-7.6926,53.28823,2022/04/04 23:00:00+00,Tue 05 Apr 2022,132,170,0,3844216,3787447,241178,4085394,4028625,85.1386438190617,83.9555912980651,688
-7.6926,53.28823,2022/04/05 23:00:00+00,Wed 06 Apr 2022,158,211,0,3844374,3787658,241178,4085552,4028836,85.1419365016581,83.9599884881148,689
-7.6926,53.28823,2022/04/06 23:00:00+00,Thu 07 Apr 2022,117,181,0,3844491,3787839,241178,4085669,4029017,85.1443747539605,83.9637604852664,690
-7.6926,53.28823,2022/04/07 23:00:00+00,Fri 08 Apr 2022,256,422,2,3844747,3788261,241180,4085927,4029441,85.1497514128838,83.9725965448923,691
-7.6926,53.28823,2022/04/08 23:00:00+00,Sat 09 Apr 2022,559,1019,0,3845306,3789280,241180,4086486,4030460,85.161400840551,83.993832263663,692
-7.6926,53.28823,2022/04/09 23:00:00+00,Sun 10 Apr 2022,413,720,0,3845719,3790000,241180,4086899,4031180,85.170007662781,84.0088368932164,693
-7.6926,53.28823,2022/04/10 23:00:00+00,Mon 11 Apr 2022,70,93,1,3845789,3790093,241181,4086970,4031274,85.171487285973,84.0107958309637,694
-7.6926,53.28823,2022/04/11 23:00:00+00,Tue 12 Apr 2022,196,178,0,3845985,3790271,241181,4087166,4031452,85.1755718795737,84.0145053088255,695
-7.6926,53.28823,2022/04/12 23:00:00+00,Wed 13 Apr 2022,142,235,0,3846127,3790506,241181,4087308,4031687,85.1785311259578,84.0194026531936,696
-7.6926,53.28823,2022/04/13 23:00:00+00,Thu 14 Apr 2022,359,431,0,3846486,3790937,241181,4087667,4032118,85.1860126009713,84.0283845911624,697
-7.6926,53.28823,2022/04/14 23:00:00+00,Fri 15 Apr 2022,446,990,0,3846932,3791927,241181,4088113,4033108,85.1953071353891,84.0490159567983,698
-7.6926,53.28823,2022/04/15 23:00:00+00,Sat 16 Apr 2022,43,88,0,3846975,3792015,241181,4088156,4033196,85.1962032452096,84.050849855966,699
-7.6926,53.28823,2022/04/16 23:00:00+00,Sun 17 Apr 2022,1,1,0,3846976,3792016,241181,4088157,4033197,85.1962240849729,84.0508706957292,700
-7.6926,53.28823,2022/04/17 23:00:00+00,Mon 18 Apr 2022,36,62,1,3847012,3792078,241182,4088194,4033260,85.1969951562138,84.0521836008152,701
-7.6926,53.28823,2022/04/18 23:00:00+00,Tue 19 Apr 2022,218,271,1,3847230,3792349,241183,4088413,4033532,85.2015590643696,84.0578520164242,702
-7.6926,53.28823,2022/04/19 23:00:00+00,Wed 20 Apr 2022,252,607,0,3847482,3792956,241183,4088665,4034139,85.2068106847133,84.0705017527283,703
-7.6926,53.28823,2022/04/20 23:00:00+00,Thu 21 Apr 2022,170,236,0,3847652,3793192,241183,4088835,4034375,85.210353444469,84.0754199368597,704
-7.6926,53.28823,2022/04/21 23:00:00+00,Fri 22 Apr 2022,195,254,0,3847847,3793446,241183,4089030,4034629,85.2144171983064,84.0807132367299,705
-7.6926,53.28823,2022/04/22 23:00:00+00,Sat 23 Apr 2022,325,1010,0,3848172,3794456,241183,4089355,4035639,85.2211901213687,84.1017613976312,706
-7.6926,53.28823,2022/04/23 23:00:00+00,Sun 24 Apr 2022,181,252,0,3848353,3794708,241183,4089536,4035891,85.2249621185203,84.1070130179749,707
-7.6926,53.28823,2022/04/24 23:00:00+00,Mon 25 Apr 2022,41,60,1,3848394,3794768,241184,4089578,4035952,85.2258373885776,84.1082842435343,708
-7.6926,53.28823,2022/04/25 23:00:00+00,Tue 26 Apr 2022,144,238,0,3848538,3795006,241184,4089722,4036190,85.2288383144883,84.1132441071922,709
-7.6926,53.28823,2022/04/26 23:00:00+00,Wed 27 Apr 2022,123,207,0,3848661,3795213,241184,4089845,4036397,85.2314016053703,84.1175579381889,710
-7.6926,53.28823,2022/04/27 23:00:00+00,Thu 28 Apr 2022,100,130,0,3848761,3795343,241184,4089945,4036527,85.2334855816972,84.1202671074138,711
-7.6926,53.28823,2022/04/28 23:00:00+00,Fri 29 Apr 2022,169,222,0,3848930,3795565,241184,4090114,4036749,85.2370075016896,84.1248935348594,712
-7.6926,53.28823,2022/04/29 23:00:00+00,Sat 30 Apr 2022,281,724,0,3849211,3796289,241184,4090395,4037473,85.2428634751681,84.1399815234659,713
-7.6926,53.28823,2022/04/30 23:00:00+00,Sun 01 May 2022,187,748,0,3849398,3797037,241184,4090582,4038221,85.2467605108993,84.1555696663908,714
-7.6926,53.28823,2022/05/01 23:00:00+00,Mon 02 May 2022,12,26,0,3849410,3797063,241184,4090594,4038247,85.2470105880585,84.1561115002358,715
-7.6926,53.28823,2022/05/02 23:00:00+00,Tue 03 May 2022,96,117,0,3849506,3797180,241184,4090690,4038364,85.2490112053323,84.1585497525382,716
-7.6926,53.28823,2022/05/03 23:00:00+00,Wed 04 May 2022,113,129,0,3849619,3797309,241184,4090803,4038493,85.2513660985817,84.1612380819999,717
-7.6926,53.28823,2022/05/04 23:00:00+00,Thu 05 May 2022,112,166,0,3849731,3797475,241184,4090915,4038659,85.2537001520678,84.1646974827025,718
-7.6926,53.28823,2022/05/05 23:00:00+00,Fri 06 May 2022,138,257,0,3849869,3797732,241184,4091053,4038916,85.2565760393988,84.1700533018625,719
-7.6926,53.28823,2022/05/06 23:00:00+00,Sat 07 May 2022,441,1088,0,3850310,3798820,241184,4091494,4040004,85.2657663750003,84.1927269642988,720
-7.6926,53.28823,2022/05/07 23:00:00+00,Sun 08 May 2022,274,437,0,3850584,3799257,241184,4091768,4040441,85.2714764701359,84.2018339408472,721
-7.6926,53.28823,2022/05/08 23:00:00+00,Mon 09 May 2022,24,32,0,3850608,3799289,241184,4091792,4040473,85.2719766244543,84.2025008132718,722
-7.6926,53.28823,2022/05/09 23:00:00+00,Tue 10 May 2022,81,99,1,3850689,3799388,241185,4091874,4040573,85.2736854850424,84.2045847895986,723
-7.6926,53.28823,2022/05/10 23:00:00+00,Wed 11 May 2022,112,132,0,3850801,3799520,241185,4091986,4040705,85.2760195385284,84.2073356383501,724
-7.6926,53.28823,2022/05/11 23:00:00+00,Thu 12 May 2022,207,398,0,3851008,3799918,241185,4092193,4041103,85.2803333695251,84.215629864131,725
-7.6926,53.28823,2022/05/12 23:00:00+00,Fri 13 May 2022,173,326,0,3851181,3800244,241185,4092366,4041429,85.2839386485705,84.2224236269566,726
-7.6926,53.28823,2022/05/13 23:00:00+00,Sat 14 May 2022,333,633,0,3851514,3800877,241185,4092699,4042062,85.290878289739,84.2356151971056,727
-7.6926,53.28823,2022/05/14 23:00:00+00,Sun 15 May 2022,168,254,0,3851682,3801131,241185,4092867,4042316,85.2943793699681,84.2409084969758,728
-7.6926,53.28823,2022/05/15 23:00:00+00,Mon 16 May 2022,31,41,0,3851713,3801172,241185,4092898,4042357,85.2950254026294,84.2417629272698,729
-7.6926,53.28823,2022/05/16 23:00:00+00,Tue 17 May 2022,97,101,0,3851810,3801273,241185,4092995,4042458,85.2970468596665,84.24386774336,730
-7.6926,53.28823,2022/05/17 23:00:00+00,Wed 18 May 2022,99,123,0,3851909,3801396,241185,4093094,4042581,85.2991099962301,84.246431034242,731
-7.6926,53.28823,2022/05/18 23:00:00+00,Thu 19 May 2022,73,107,0,3851982,3801503,241185,4093167,4042688,85.3006312989487,84.2486608889118,732
-7.6926,53.28823,2022/05/19 23:00:00+00,Fri 20 May 2022,128,210,0,3852110,3801713,241185,4093295,4042898,85.3032987886471,84.2530372391982,733
-7.6926,53.28823,2022/05/20 23:00:00+00,Sat 21 May 2022,392,762,0,3852502,3802475,241185,4093687,4043660,85.3114679758484,84.2689171388089,734
-7.6926,53.28823,2022/05/21 23:00:00+00,Sun 22 May 2022,234,410,0,3852736,3802885,241185,4093921,4044070,85.3163444804532,84.277461441749,735
-7.6926,53.28823,2022/05/22 23:00:00+00,Mon 23 May 2022,26,35,0,3852762,3802920,241185,4093947,4044105,85.3168863142982,84.2781908334634,736
-7.6926,53.28823,2022/05/23 23:00:00+00,Tue 24 May 2022,65,83,0,3852827,3803003,241185,4094012,4044188,85.3182408989107,84.2799205338147,737
-7.6926,53.28823,2022/05/24 23:00:00+00,Wed 25 May 2022,87,134,1,3852914,3803137,241186,4094100,4044323,85.3200747980783,84.282733901856,738
-7.6926,53.28823,2022/05/25 23:00:00+00,Thu 26 May 2022,99,155,0,3853013,3803292,241186,4094199,4044478,85.3221379346419,84.2859640651626,739
-7.6926,53.28823,2022/05/26 23:00:00+00,Fri 27 May 2022,95,152,1,3853108,3803444,241187,4094295,4044631,85.3241385519157,84.2891525489427,740
-7.6926,53.28823,2022/05/27 23:00:00+00,Sat 28 May 2022,335,580,0,3853443,3804024,241187,4094630,4045211,85.3311198726107,84.3012396116385,741
-7.6926,53.28823,2022/05/28 23:00:00+00,Sun 29 May 2022,181,349,0,3853624,3804373,241187,4094811,4045560,85.3348918697623,84.3085126890193,742
-7.6926,53.28823,2022/05/29 23:00:00+00,Mon 30 May 2022,9,24,0,3853633,3804397,241187,4094820,4045584,85.3350794276317,84.3090128433377,743
-7.6926,53.28823,2022/05/30 23:00:00+00,Tue 31 May 2022,65,80,2,3853698,3804477,241189,4094887,4045666,85.3364756917707,84.3107217039257,744
-7.6926,53.28823,2022/05/31 23:00:00+00,Wed 01 Jun 2022,72,102,0,3853770,3804579,241189,4094959,4045768,85.3379761547261,84.3128473597791,745
-7.6926,53.28823,2022/06/01 23:00:00+00,Thu 02 Jun 2022,92,142,0,3853862,3804721,241189,4095051,4045910,85.3398934129468,84.3158066061633,746
-7.6926,53.28823,2022/06/02 23:00:00+00,Fri 03 Jun 2022,59,143,0,3853921,3804864,241189,4095110,4046053,85.3411229589796,84.3187866923107,747
-7.6926,53.28823,2022/06/03 23:00:00+00,Sat 04 Jun 2022,305,607,0,3854226,3805471,241189,4095415,4046660,85.3474790867766,84.3314364286148,748
-7.6926,53.28823,2022/06/04 23:00:00+00,Sun 05 Jun 2022,143,273,0,3854369,3805744,241189,4095558,4046933,85.350459172924,84.3371256839871,749
-7.6926,53.28823,2022/06/05 23:00:00+00,Mon 06 Jun 2022,5,7,1,3854374,3805751,241190,4095564,4046941,85.3505842115036,84.3372924020932,750
-7.6926,53.28823,2022/06/06 23:00:00+00,Tue 07 Jun 2022,29,54,0,3854403,3805805,241190,4095593,4046995,85.3511885646384,84.3384177493097,751
-7.6926,53.28823,2022/06/07 23:00:00+00,Wed 08 Jun 2022,36,76,0,3854439,3805881,241190,4095629,4047071,85.3519387961161,84.3400015713181,752
-7.6926,53.28823,2022/06/08 23:00:00+00,Thu 09 Jun 2022,74,122,0,3854513,3806003,241190,4095703,4047193,85.3534809385979,84.3425440224369,753
-7.6926,53.28823,2022/06/09 23:00:00+00,Fri 10 Jun 2022,56,108,0,3854569,3806111,241190,4095759,4047301,85.354647965341,84.3447947168699,754
-7.6926,53.28823,2022/06/10 23:00:00+00,Sat 11 Jun 2022,190,562,0,3854759,3806673,241190,4095949,4047863,85.358607520362,84.3565066638269,755
-7.6926,53.28823,2022/06/11 23:00:00+00,Sun 12 Jun 2022,143,288,0,3854902,3806961,241190,4096092,4048151,85.3615876065094,84.3625085156483,756
-7.6926,53.28823,2022/06/12 23:00:00+00,Mon 13 Jun 2022,17,44,0,3854919,3807005,241190,4096109,4048195,85.361941882485,84.3634254652321,757
-7.6926,53.28823,2022/06/13 23:00:00+00,Tue 14 Jun 2022,37,55,0,3854956,3807060,241190,4096146,4048250,85.3627129537259,84.3645716522119,758
-7.6926,53.28823,2022/06/14 23:00:00+00,Wed 15 Jun 2022,66,123,0,3855022,3807183,241190,4096212,4048373,85.3640883781017,84.3671349430939,759
-7.6926,53.28823,2022/06/15 23:00:00+00,Thu 16 Jun 2022,43,85,0,3855065,3807268,241190,4096255,4048458,85.3649844879222,84.3689063229717,760
-7.6926,53.28823,2022/06/16 23:00:00+00,Fri 17 Jun 2022,59,95,0,3855124,3807363,241190,4096314,4048553,85.3662140339551,84.3708861004823,761
-7.6926,53.28823,2022/06/17 23:00:00+00,Sat 18 Jun 2022,223,488,0,3855347,3807851,241190,4096537,4049041,85.370861301164,84.3810559049573,762
-7.6926,53.28823,2022/06/18 23:00:00+00,Sun 19 Jun 2022,79,129,0,3855426,3807980,241190,4096616,4049170,85.3725076424622,84.383744234419,763
-7.6926,53.28823,2022/06/19 23:00:00+00,Mon 20 Jun 2022,9,28,0,3855435,3808008,241190,4096625,4049198,85.3726952003316,84.3843277477905,764
-7.6926,53.28823,2022/06/20 23:00:00+00,Tue 21 Jun 2022,74,169,1,3855509,3808177,241191,4096700,4049368,85.3742581825767,84.3878705075462,765
-7.6926,53.28823,2022/06/21 23:00:00+00,Wed 22 Jun 2022,60,96,0,3855569,3808273,241191,4096760,4049464,85.3755085683729,84.38987112482,766
-7.6926,53.28823,2022/06/22 23:00:00+00,Thu 23 Jun 2022,64,113,0,3855633,3808386,241191,4096824,4049577,85.3768423132221,84.3922260180693,767
-7.6926,53.28823,2022/06/23 23:00:00+00,Fri 24 Jun 2022,55,93,1,3855688,3808479,241192,4096880,4049671,85.3780093399651,84.3941849558166,768
-7.6926,53.28823,2022/06/24 23:00:00+00,Sat 25 Jun 2022,210,293,0,3855898,3808772,241192,4097090,4049964,85.3823856902515,84.4002910064543,769
-7.6926,53.28823,2022/06/25 23:00:00+00,Sun 26 Jun 2022,174,402,0,3856072,3809174,241192,4097264,4050366,85.3860118090603,84.4086685912883,770
-7.6926,53.28823,2022/06/26 23:00:00+00,Mon 27 Jun 2022,5,35,0,3856077,3809209,241192,4097269,4050401,85.3861160078766,84.4093979830027,771
-7.6926,53.28823,2022/06/27 23:00:00+00,Tue 28 Jun 2022,49,60,0,3856126,3809269,241192,4097318,4050461,85.3871371562768,84.4106483687988,772
-7.6926,53.28823,2022/06/28 23:00:00+00,Wed 29 Jun 2022,63,81,4,3856189,3809350,241196,4097385,4050546,85.3885334204158,84.4124197486766,773
-7.6926,53.28823,2022/06/29 23:00:00+00,Thu 30 Jun 2022,48,89,0,3856237,3809439,241196,4097433,4050635,85.3895337290526,84.4142744876075,774
-7.6926,53.28823,2022/06/30 23:00:00+00,Fri 01 Jul 2022,46,66,0,3856283,3809505,241196,4097479,4050701,85.390492358163,84.4156499119833,775
-7.6926,53.28823,2022/07/01 23:00:00+00,Sat 02 Jul 2022,182,228,0,3856465,3809733,241196,4097661,4050929,85.3942851950779,84.4204013780085,776
-7.6926,53.28823,2022/07/02 23:00:00+00,Sun 03 Jul 2022,108,274,0,3856573,3810007,241196,4097769,4051203,85.3965358895109,84.4261114731441,777
-7.6926,53.28823,2022/07/03 23:00:00+00,Mon 04 Jul 2022,15,15,0,3856588,3810022,241196,4097784,4051218,85.3968484859599,84.4264240695931,778
-7.6926,53.28823,2022/07/04 23:00:00+00,Tue 05 Jul 2022,51,69,0,3856639,3810091,241196,4097835,4051287,85.3979113138866,84.4278620132587,779
-7.6926,53.28823,2022/07/05 23:00:00+00,Wed 06 Jul 2022,60,83,0,3856699,3810174,241196,4097895,4051370,85.3991616996828,84.42959171361,780
-7.6926,53.28823,2022/07/06 23:00:00+00,Thu 07 Jul 2022,77,77,0,3856776,3810251,241196,4097972,4051447,85.4007663614544,84.4311963753817,781
-7.6926,53.28823,2022/07/07 23:00:00+00,Fri 08 Jul 2022,99,91,0,3856875,3810342,241196,4098071,4051538,85.402829498018,84.4330927938391,782
-7.6926,53.28823,2022/07/08 23:00:00+00,Sat 09 Jul 2022,119,144,0,3856994,3810486,241196,4098190,4051682,85.405309429847,84.4360937197498,783
-7.6926,53.28823,2022/07/09 23:00:00+00,Sun 10 Jul 2022,134,219,0,3857128,3810705,241196,4098324,4051901,85.408101958125,84.4406576279056,784
