X,Y,VaccinationDate,VaccineText,Dose1,Dose2,SingleDose,Dose1Cum,Dose2Cum,SingleDoseCum,PartiallyVacc,FullyVacc,PartialPercent,FullyPercent,ObjectId
-7.6926,53.28823,2020/12/28 00:00:00+00,Mon 28 Dec 2020,211,17,0,211,17,0,211,17,0.00448086997683326,0.000361017960218794,1
-7.6926,53.28823,2020/12/29 00:00:00+00,Tue 29 Dec 2020,75,2,0,286,19,0,286,19,0.00607359627191618,0.000403490661421005,2
-7.6926,53.28823,2020/12/30 00:00:00+00,Wed 30 Dec 2020,1057,1,0,1343,20,0,1343,20,0.0285204188572847,0.00042472701202211,3
-7.6926,53.28823,2020/12/31 00:00:00+00,Thu 31 Dec 2020,1031,1,0,2374,21,0,2374,21,0.0504150963270245,0.000445963362623216,4
-7.6926,53.28823,2021/01/01 00:00:00+00,Fri 01 Jan 2021,808,0,0,3182,21,0,3182,21,0.0675740676127178,0.000445963362623216,5
-7.6926,53.28823,2021/01/02 00:00:00+00,Sat 02 Jan 2021,1016,0,0,4198,21,0,4198,21,0.089150199823441,0.000445963362623216,6
-7.6926,53.28823,2021/01/03 00:00:00+00,Sun 03 Jan 2021,20,2,1,4218,23,1,4219,24,0.0895961631860642,0.000509672414426533,7
-7.6926,53.28823,2021/01/04 00:00:00+00,Mon 04 Jan 2021,1186,3,0,5404,26,1,5405,27,0.114782474998975,0.000573381466229849,8
-7.6926,53.28823,2021/01/05 00:00:00+00,Tue 05 Jan 2021,3527,10,0,8931,36,1,8932,37,0.189683083569075,0.000785744972240904,9
-7.6926,53.28823,2021/01/06 00:00:00+00,Wed 06 Jan 2021,6774,8,0,15705,44,1,15706,45,0.333538122540963,0.000955635777049748,10
-7.6926,53.28823,2021/01/07 00:00:00+00,Thu 07 Jan 2021,11722,8,0,27427,52,1,27428,53,0.582470624287122,0.00112552658185859,11
-7.6926,53.28823,2021/01/08 00:00:00+00,Fri 08 Jan 2021,12676,5,0,40103,57,1,40104,58,0.851662604506736,0.00123170833486412,12
-7.6926,53.28823,2021/01/09 00:00:00+00,Sat 09 Jan 2021,8073,6,0,48176,63,1,48177,64,1.02310366290946,0.00135912643847075,13
-7.6926,53.28823,2021/01/10 00:00:00+00,Sun 10 Jan 2021,4778,4,1,52954,67,2,52956,69,1.12459218243214,0.00146530819147628,14
-7.6926,53.28823,2021/01/11 00:00:00+00,Mon 11 Jan 2021,8337,8,0,61291,75,2,61293,77,1.30163963739356,0.00163519899628512,15
-7.6926,53.28823,2021/01/12 00:00:00+00,Tue 12 Jan 2021,8878,10,0,70169,85,2,70171,87,1.49017595803018,0.00184756250229618,16
-7.6926,53.28823,2021/01/13 00:00:00+00,Wed 13 Jan 2021,9877,6,0,80046,91,2,80048,93,1.69992739291729,0.00197498060590281,17
-7.6926,53.28823,2021/01/14 00:00:00+00,Thu 14 Jan 2021,8079,4,0,88125,95,2,88127,97,1.87149586942363,0.00205992600830724,18
-7.6926,53.28823,2021/01/15 00:00:00+00,Fri 15 Jan 2021,7689,2,0,95814,97,2,95816,99,2.03478216919553,0.00210239870950945,19
-7.6926,53.28823,2021/01/16 00:00:00+00,Sat 16 Jan 2021,5229,3,0,101043,100,2,101045,102,2.14582704648871,0.00216610776131276,20
-7.6926,53.28823,2021/01/17 00:00:00+00,Sun 17 Jan 2021,1111,5,0,102154,105,2,102156,107,2.16942063200654,0.00227228951431829,21
-7.6926,53.28823,2021/01/18 00:00:00+00,Mon 18 Jan 2021,8708,8,1,110862,113,3,110865,116,2.35436800939156,0.00246341666972824,22
-7.6926,53.28823,2021/01/19 00:00:00+00,Tue 19 Jan 2021,8376,19,0,119238,132,3,119241,135,2.53224368202642,0.00286690733114925,23
-7.6926,53.28823,2021/01/20 00:00:00+00,Wed 20 Jan 2021,8442,962,0,127680,1094,3,127683,1097,2.71152095380096,0.0232962766094128,24
-7.6926,53.28823,2021/01/21 00:00:00+00,Thu 21 Jan 2021,8999,962,0,136679,2056,3,136682,2059,2.90262687286031,0.0437256458876763,25
-7.6926,53.28823,2021/01/22 00:00:00+00,Fri 22 Jan 2021,6771,967,0,143450,3023,3,143453,3026,3.04641820278039,0.0642611969189453,26
-7.6926,53.28823,2021/01/23 00:00:00+00,Sat 23 Jan 2021,4179,460,0,147629,3483,3,147632,3486,3.13516491194241,0.0740299181954538,27
-7.6926,53.28823,2021/01/24 00:00:00+00,Sun 24 Jan 2021,1180,397,0,148809,3880,3,148812,3883,3.16022380565171,0.0824607493840927,28
-7.6926,53.28823,2021/01/25 00:00:00+00,Mon 25 Jan 2021,1352,1285,0,150161,5165,3,150164,5168,3.18893535166441,0.109749459906513,29
-7.6926,53.28823,2021/01/26 00:00:00+00,Tue 26 Jan 2021,1001,3499,0,151162,8664,3,151165,8667,3.21019293861612,0.184055450659782,30
-7.6926,53.28823,2021/01/27 00:00:00+00,Wed 27 Jan 2021,2164,6699,0,153326,15363,3,153329,15366,3.25614840131691,0.326317763336587,31
-7.6926,53.28823,2021/01/28 00:00:00+00,Thu 28 Jan 2021,998,11538,0,154324,26901,3,154327,26904,3.27734227921681,0.571342776572143,32
-7.6926,53.28823,2021/01/29 00:00:00+00,Fri 29 Jan 2021,1569,11527,0,155893,38428,3,155896,38431,3.31066211330995,0.816134189951086,33
-7.6926,53.28823,2021/01/30 00:00:00+00,Sat 30 Jan 2021,629,7793,0,156522,46221,3,156525,46224,3.32401977783804,0.981629070185502,34
-7.6926,53.28823,2021/01/31 00:00:00+00,Sun 31 Jan 2021,222,4086,0,156744,50307,3,156747,50310,3.32873424767149,1.06840079874162,35
-7.6926,53.28823,2021/02/01 00:00:00+00,Mon 01 Feb 2021,1016,8334,0,157760,58641,3,157763,58644,3.35031037988221,1.24538454465123,36
-7.6926,53.28823,2021/02/02 00:00:00+00,Tue 02 Feb 2021,823,5108,0,158583,63749,3,158586,63752,3.36778789642692,1.35385982352168,37
-7.6926,53.28823,2021/02/03 00:00:00+00,Wed 03 Feb 2021,1393,6863,0,159976,70612,3,159979,70615,3.39737013281426,1.49960489769707,38
-7.6926,53.28823,2021/02/04 00:00:00+00,Thu 04 Feb 2021,1423,10541,1,161399,81153,4,161403,81157,3.42761069607023,1.72347850573392,39
-7.6926,53.28823,2021/02/05 00:00:00+00,Fri 05 Feb 2021,3385,8613,0,164784,89766,4,164788,89770,3.49949574285498,1.90638719346124,40
-7.6926,53.28823,2021/02/06 00:00:00+00,Sat 06 Feb 2021,891,3866,0,165675,93632,4,165679,93636,3.51841733124056,1.98848692488512,41
-7.6926,53.28823,2021/02/07 00:00:00+00,Sun 07 Feb 2021,327,1300,2,166002,94932,6,166008,94938,3.52540409058833,2.01613665336776,42
-7.6926,53.28823,2021/02/08 00:00:00+00,Mon 08 Feb 2021,1167,878,0,167169,95810,6,167175,95816,3.55018691173982,2.03478216919553,43
-7.6926,53.28823,2021/02/09 00:00:00+00,Tue 09 Feb 2021,4252,541,2,171421,96351,8,171429,96359,3.64052634719692,2.04631350757193,44
-7.6926,53.28823,2021/02/10 00:00:00+00,Wed 10 Feb 2021,8819,580,0,180240,96931,8,180248,96939,3.82780972314807,2.05863059092057,45
-7.6926,53.28823,2021/02/11 00:00:00+00,Thu 11 Feb 2021,6176,444,0,186416,97375,8,186424,97383,3.9589654244605,2.06805953058746,46
-7.6926,53.28823,2021/02/12 00:00:00+00,Fri 12 Feb 2021,4391,522,0,190807,97897,8,190815,97905,4.05221423994995,2.07914490560124,47
-7.6926,53.28823,2021/02/13 00:00:00+00,Sat 13 Feb 2021,1206,1914,0,192013,99811,8,192021,99819,4.07782527877488,2.11979128065175,48
-7.6926,53.28823,2021/02/14 00:00:00+00,Sun 14 Feb 2021,2695,27,0,194708,99838,8,194716,99846,4.13505724364486,2.12036466211798,49
-7.6926,53.28823,2021/02/15 00:00:00+00,Mon 15 Feb 2021,1957,7886,0,196665,107724,8,196673,107732,4.17661678177123,2.2878345229583,50
-7.6926,53.28823,2021/02/16 00:00:00+00,Tue 16 Feb 2021,5644,8158,0,202309,115882,8,202317,115890,4.29647474456387,2.46108067116212,51
-7.6926,53.28823,2021/02/17 00:00:00+00,Wed 17 Feb 2021,9738,8462,0,212047,124344,8,212055,124352,4.50327432671743,2.64078266994867,52
-7.6926,53.28823,2021/02/18 00:00:00+00,Thu 18 Feb 2021,8454,8350,1,220501,132694,9,220510,132703,4.68282767104978,2.81812743381851,53
-7.6926,53.28823,2021/02/19 00:00:00+00,Fri 19 Feb 2021,9385,6581,0,229886,139275,9,229895,139284,4.88213082144115,2.95788385712438,54
-7.6926,53.28823,2021/02/20 00:00:00+00,Sat 20 Feb 2021,5886,3567,2,235772,142842,11,235783,142853,5.00717045378046,3.03367639241973,55
-7.6926,53.28823,2021/02/21 00:00:00+00,Sun 21 Feb 2021,1108,1023,5,236880,143865,16,236896,143881,5.03080651199949,3.05550736083766,56
-7.6926,53.28823,2021/02/22 00:00:00+00,Mon 22 Feb 2021,3938,1122,1,240818,144987,17,240835,145004,5.11445649701725,3.07935578256271,57
-7.6926,53.28823,2021/02/23 00:00:00+00,Tue 23 Feb 2021,13356,1063,1,254174,146050,18,254192,146068,5.39811043199621,3.10195125960228,58
-7.6926,53.28823,2021/02/24 00:00:00+00,Wed 24 Feb 2021,16936,2101,3,271110,148151,21,271131,148172,5.75783297482834,3.14663254126701,59
-7.6926,53.28823,2021/02/25 00:00:00+00,Thu 25 Feb 2021,18085,1754,2,289195,149905,23,289218,149928,6.14193484815054,3.18392357292255,60
-7.6926,53.28823,2021/02/26 00:00:00+00,Fri 26 Feb 2021,16075,2766,0,305270,152671,23,305293,152694,6.48330918406331,3.24266331868521,61
-7.6926,53.28823,2021/02/27 00:00:00+00,Sat 27 Feb 2021,8990,703,1,314260,153374,24,314284,153398,6.67424521231785,3.25761370950839,62
-7.6926,53.28823,2021/02/28 00:00:00+00,Sun 28 Feb 2021,2442,57,2,316702,153431,26,316728,153457,6.72614685318695,3.25886665419385,63
-7.6926,53.28823,2021/03/01 00:00:00+00,Mon 01 Mar 2021,5589,787,0,322291,154218,26,322317,154244,6.84483681669653,3.27557966211692,64
-7.6926,53.28823,2021/03/02 00:00:00+00,Tue 02 Mar 2021,12176,1607,0,334467,155825,26,334493,155851,7.10341062161559,3.3097064775329,65
-7.6926,53.28823,2021/03/03 00:00:00+00,Wed 03 Mar 2021,12886,1502,1,347353,157327,27,347380,157354,7.37708347181204,3.34162471248636,66
-7.6926,53.28823,2021/03/04 00:00:00+00,Thu 04 Mar 2021,18739,1687,4,366092,159014,31,366123,159045,7.77511639112856,3.37753538135283,67
-7.6926,53.28823,2021/03/05 00:00:00+00,Fri 05 Mar 2021,18440,2393,6,384532,161407,37,384569,161444,8.16684211431655,3.42848138644488,68
-7.6926,53.28823,2021/03/06 00:00:00+00,Sat 06 Mar 2021,10394,137,4,394926,161544,41,394967,161585,8.38765768786685,3.43147571187964,69
-7.6926,53.28823,2021/03/07 00:00:00+00,Sun 07 Mar 2021,1519,10,3,396445,161554,44,396489,161598,8.41997941348173,3.43175178443745,70
-7.6926,53.28823,2021/03/08 00:00:00+00,Mon 08 Mar 2021,6664,1494,5,403109,163048,49,403158,163097,8.5616046356405,3.46358507398851,71
-7.6926,53.28823,2021/03/09 00:00:00+00,Tue 09 Mar 2021,13814,3101,5,416923,166149,54,416977,166203,8.85506976459718,3.52954517895554,72
-7.6926,53.28823,2021/03/10 00:00:00+00,Wed 10 Mar 2021,13728,3983,3,430651,170132,57,430708,170189,9.14666609470096,3.61419327245155,73
-7.6926,53.28823,2021/03/11 00:00:00+00,Thu 11 Mar 2021,18468,2095,3,449119,172227,60,449179,172287,9.53892272665398,3.65874713601267,74
-7.6926,53.28823,2021/03/12 00:00:00+00,Fri 12 Mar 2021,17322,1336,4,466441,173563,64,466505,173627,9.90686373716873,3.68720384581815,75
-7.6926,53.28823,2021/03/13 00:00:00+00,Sat 13 Mar 2021,8300,172,0,474741,173735,64,474805,173799,10.0831254471579,3.69085649812154,76
-7.6926,53.28823,2021/03/14 00:00:00+00,Sun 14 Mar 2021,379,18,2,475120,173753,66,475186,173819,10.0912164967369,3.69128122513356,77
-7.6926,53.28823,2021/03/15 00:00:00+00,Mon 15 Mar 2021,2651,991,0,477771,174744,66,477837,174810,10.1475140621805,3.71232644857926,78
-7.6926,53.28823,2021/03/16 00:00:00+00,Tue 16 Mar 2021,8931,3819,2,486702,178563,68,486770,178631,10.3372183821001,3.79347054422608,79
-7.6926,53.28823,2021/03/17 00:00:00+00,Wed 17 Mar 2021,4897,2418,6,491599,180981,74,491673,181055,10.4413402090974,3.84494745808316,80
-7.6926,53.28823,2021/03/18 00:00:00+00,Thu 18 Mar 2021,11723,4678,5,503322,185659,79,503401,185738,10.6904001289471,3.94439728794814,81
-7.6926,53.28823,2021/03/19 00:00:00+00,Fri 19 Mar 2021,10364,6125,2,513686,191784,81,513767,191865,10.9105361392782,4.07451240808111,82
-7.6926,53.28823,2021/03/20 00:00:00+00,Sat 20 Mar 2021,5236,3116,3,518922,194900,84,519006,194984,11.0217933800774,4.14074858560596,83
-7.6926,53.28823,2021/03/21 00:00:00+00,Sun 21 Mar 2021,3632,53,3,522554,194953,87,522641,195040,11.0989875145124,4.14193782123962,84
-7.6926,53.28823,2021/03/22 00:00:00+00,Mon 22 Mar 2021,7404,2399,1,529958,197352,88,530046,197440,11.2562426907136,4.19290506268227,85
-7.6926,53.28823,2021/03/23 00:00:00+00,Tue 23 Mar 2021,12560,7383,4,542518,204735,92,542610,204827,11.5230561996659,4.34977798457264,86
-7.6926,53.28823,2021/03/24 00:00:00+00,Wed 24 Mar 2021,13619,9779,2,556137,214514,94,556231,214608,11.8123165312035,4.55749072980205,87
-7.6926,53.28823,2021/03/25 00:00:00+00,Thu 25 Mar 2021,20862,10221,3,576999,224735,97,577096,224832,12.2554129864956,4.77461117834776,88
-7.6926,53.28823,2021/03/26 00:00:00+00,Fri 26 Mar 2021,19694,9494,1,596693,234229,98,596791,234327,12.6736629115844,4.97625032730525,89
-7.6926,53.28823,2021/03/27 00:00:00+00,Sat 27 Mar 2021,11740,5344,3,608433,239573,101,608534,239674,12.9230413766931,5.08980109396937,90
-7.6926,53.28823,2021/03/28 00:00:00+00,Sun 28 Mar 2021,2487,482,0,610920,240055,101,611021,240156,12.9758561806381,5.1000370149591,91
-7.6926,53.28823,2021/03/28 23:00:00+00,Mon 29 Mar 2021,9259,3117,3,620179,243172,104,620283,243276,13.1725472599055,5.16629442883455,92
-7.6926,53.28823,2021/03/29 23:00:00+00,Tue 30 Mar 2021,13323,8660,4,633502,251832,108,633610,251940,13.4555641043665,5.35028617044253,93
-7.6926,53.28823,2021/03/30 23:00:00+00,Wed 31 Mar 2021,15824,10500,4,649326,262332,112,649438,262444,13.7916930616808,5.57335279715654,94
-7.6926,53.28823,2021/03/31 23:00:00+00,Thu 01 Apr 2021,19688,11577,8,669014,273909,120,669134,274029,14.2099642231201,5.81937591887035,95
-7.6926,53.28823,2021/04/01 23:00:00+00,Fri 02 Apr 2021,20127,13716,7,689141,287625,127,689268,287752,14.6375369061228,6.11080235816932,96
-7.6926,53.28823,2021/04/02 23:00:00+00,Sat 03 Apr 2021,7544,4639,5,696685,292264,132,696817,292396,14.7978501168105,6.20942397036085,97
-7.6926,53.28823,2021/04/03 23:00:00+00,Sun 04 Apr 2021,3026,168,3,699711,292432,135,699846,292567,14.8621750227813,6.21305538631364,98
-7.6926,53.28823,2021/04/04 23:00:00+00,Mon 05 Apr 2021,3424,605,4,703135,293037,139,703274,293176,14.9349732326419,6.22598832382971,99
-7.6926,53.28823,2021/04/05 23:00:00+00,Tue 06 Apr 2021,11983,8157,11,715118,301194,150,715268,301344,15.1896820217515,6.39944683553954,100
-7.6926,53.28823,2021/04/06 23:00:00+00,Wed 07 Apr 2021,18348,10465,10,733466,311659,160,733626,311819,15.5795389460866,6.62189760808612,101
-7.6926,53.28823,2021/04/07 23:00:00+00,Thu 08 Apr 2021,20181,10571,14,753647,322230,174,753821,322404,16.008407046476,6.84668437919882,102
-7.6926,53.28823,2021/04/08 23:00:00+00,Fri 09 Apr 2021,20682,9160,16,774329,331390,190,774519,331580,16.4479570312176,7.04154913231457,103
-7.6926,53.28823,2021/04/09 23:00:00+00,Sat 10 Apr 2021,11166,4165,12,785495,335555,202,785697,335757,16.6853369582368,7.13025336877539,104
-7.6926,53.28823,2021/04/10 23:00:00+00,Sun 11 Apr 2021,2858,359,7,788353,335914,209,788562,336123,16.746179102709,7.13802587309539,105
-7.6926,53.28823,2021/04/11 23:00:00+00,Mon 12 Apr 2021,7769,2791,13,796122,338705,222,796344,338927,16.9114403830868,7.19757260018089,106
-7.6926,53.28823,2021/04/12 23:00:00+00,Tue 13 Apr 2021,11502,8591,1,807624,347296,223,807847,347519,17.1557221240513,7.38003532454559,107
-7.6926,53.28823,2021/04/13 23:00:00+00,Wed 14 Apr 2021,20346,6591,2,827970,353887,225,828195,354112,17.5878393860826,7.52004658405868,108
-7.6926,53.28823,2021/04/14 23:00:00+00,Thu 15 Apr 2021,27116,10795,1,855086,364682,226,855312,364908,18.1637055053328,7.74931422514821,109
-7.6926,53.28823,2021/04/15 23:00:00+00,Fri 16 Apr 2021,27969,9827,1,883055,374509,227,883282,374736,18.7576862316457,7.95802507885588,110
-7.6926,53.28823,2021/04/16 23:00:00+00,Sat 17 Apr 2021,15842,4548,2,898897,379057,229,899126,379286,19.0941549705696,8.05465047409091,111
-7.6926,53.28823,2021/04/17 23:00:00+00,Sun 18 Apr 2021,1065,482,0,899962,379539,229,900191,379768,19.1167716839598,8.06488639508064,112
-7.6926,53.28823,2021/04/18 23:00:00+00,Mon 19 Apr 2021,6735,2250,0,906697,381789,229,906926,382018,19.2597985052582,8.11266818393313,113
-7.6926,53.28823,2021/04/19 23:00:00+00,Tue 20 Apr 2021,15080,7312,1,921777,389101,230,922007,389331,19.5800639086735,8.26796961587901,114
-7.6926,53.28823,2021/04/20 23:00:00+00,Wed 21 Apr 2021,26710,9870,4,948487,398971,234,948721,399205,20.1473717786314,8.47765734171433,115
-7.6926,53.28823,2021/04/21 23:00:00+00,Thu 22 Apr 2021,31618,12181,1,980105,411152,235,980340,411387,20.8188439482878,8.736358564737,116
-7.6926,53.28823,2021/04/22 23:00:00+00,Fri 23 Apr 2021,33619,12348,3,1013724,423500,238,1013962,423738,21.5328525281982,8.99864873101125,117
-7.6926,53.28823,2021/04/23 23:00:00+00,Sat 24 Apr 2021,23695,6987,2,1037419,430487,240,1037659,430727,22.0360903283926,9.14706958536238,118
-7.6926,53.28823,2021/04/24 23:00:00+00,Sun 25 Apr 2021,9744,298,2,1047163,430785,242,1047405,431027,22.2430598013509,9.15344049054271,119
-7.6926,53.28823,2021/04/25 23:00:00+00,Mon 26 Apr 2021,15566,3047,3,1062729,433832,245,1062974,434077,22.5736885438595,9.21821135987608,120
-7.6926,53.28823,2021/04/26 23:00:00+00,Tue 27 Apr 2021,25911,7807,9,1088640,441639,254,1088894,441893,23.1241347514402,9.38419467617432,121
-7.6926,53.28823,2021/04/27 23:00:00+00,Wed 28 Apr 2021,26022,8587,5,1114662,450226,259,1114921,450485,23.6768532485352,9.56665740053902,122
-7.6926,53.28823,2021/04/28 23:00:00+00,Thu 29 Apr 2021,31687,11333,6,1146349,461559,265,1146614,461824,24.349896908136,9.80745638000496,123
-7.6926,53.28823,2021/04/29 23:00:00+00,Fri 30 Apr 2021,36115,13519,8,1182464,475078,273,1182737,475351,25.1170176008997,10.0947204945861,124
-7.6926,53.28823,2021/04/30 23:00:00+00,Sat 01 May 2021,16564,6684,18,1199028,481762,291,1199319,482053,25.4691587665673,10.2370465163147,125
-7.6926,53.28823,2021/05/01 23:00:00+00,Sun 02 May 2021,12440,908,14,1211468,482670,305,1211773,482975,25.7336362769534,10.2566264315689,126
-7.6926,53.28823,2021/05/02 23:00:00+00,Mon 03 May 2021,14247,916,21,1225715,483586,326,1226041,483912,26.03663652733,10.2765248920822,127
-7.6926,53.28823,2021/05/03 23:00:00+00,Tue 04 May 2021,26649,6782,10,1252364,490368,336,1252700,490704,26.6027763980049,10.4207621853649,128
-7.6926,53.28823,2021/05/04 23:00:00+00,Wed 05 May 2021,32093,13455,69,1284457,503823,405,1284862,504228,27.2857799060376,10.7079625908942,129
-7.6926,53.28823,2021/05/05 23:00:00+00,Thu 06 May 2021,37266,14377,132,1321723,518200,537,1322260,518737,28.0799769458178,11.0160808017657,130
-7.6926,53.28823,2021/05/06 23:00:00+00,Fri 07 May 2021,40588,15064,97,1362311,533264,634,1362945,533898,28.9439778700238,11.338045113229,131
-7.6926,53.28823,2021/05/07 23:00:00+00,Sat 08 May 2021,25605,7036,10,1387916,540300,644,1388560,540944,29.4879469906711,11.4876764395644,132
-7.6926,53.28823,2021/05/08 23:00:00+00,Sun 09 May 2021,19663,921,5,1407579,541221,649,1408228,541870,29.9056235342936,11.5073413002211,133
-7.6926,53.28823,2021/05/09 23:00:00+00,Mon 10 May 2021,28827,4636,170,1436406,545857,819,1437225,546676,30.5214139926739,11.60940320121,134
-7.6926,53.28823,2021/05/10 23:00:00+00,Tue 11 May 2021,33914,14809,152,1470320,560666,971,1471291,561637,31.2448515122511,11.9271202425531,135
-7.6926,53.28823,2021/05/11 23:00:00+00,Wed 12 May 2021,31278,20926,169,1501598,581592,1140,1502738,582732,31.9126710296041,12.3751010584834,136
-7.6926,53.28823,2021/05/12 23:00:00+00,Thu 13 May 2021,35991,25474,152,1537589,607066,1292,1538881,608358,32.6802164493799,12.9193037789874,137
-7.6926,53.28823,2021/05/13 23:00:00+00,Fri 14 May 2021,38209,27943,235,1575798,635009,1527,1577325,636536,33.4966267118888,13.5177016662253,138
-7.6926,53.28823,2021/05/14 23:00:00+00,Sat 15 May 2021,28846,12446,21,1604644,647455,1548,1606192,649003,34.1096564446909,13.7824552491693,139
-7.6926,53.28823,2021/05/15 23:00:00+00,Sun 16 May 2021,23164,1167,9,1627808,648622,1557,1629365,650179,34.6017663971703,13.8074291974762,140
-7.6926,53.28823,2021/05/16 23:00:00+00,Mon 17 May 2021,35379,3937,115,1663187,652559,1672,1664859,654231,35.3555294254059,13.8934788901119,141
-7.6926,53.28823,2021/05/17 23:00:00+00,Tue 18 May 2021,38993,12487,125,1702180,665046,1797,1703977,666843,36.18625298822,14.161311743893,142
-7.6926,53.28823,2021/05/18 23:00:00+00,Wed 19 May 2021,37017,17586,206,1739197,682632,2003,1741200,684635,36.9767336666449,14.5391488937879,143
-7.6926,53.28823,2021/05/19 23:00:00+00,Thu 20 May 2021,39065,19639,134,1778262,702271,2137,1780399,704408,37.8091773738577,14.9590552542235,144
-7.6926,53.28823,2021/05/20 23:00:00+00,Fri 21 May 2021,25827,23243,14933,1804089,725514,17070,1821159,742584,38.6747710243587,15.7697741747713,145
-7.6926,53.28823,2021/05/21 23:00:00+00,Sat 22 May 2021,16582,10242,13522,1820671,735756,30592,1851263,766348,39.3140701228544,16.274434810456,146
-7.6926,53.28823,2021/05/22 23:00:00+00,Sun 23 May 2021,8207,5521,10204,1828878,741277,40796,1869674,782073,39.7050525737714,16.6083764236584,147
-7.6926,53.28823,2021/05/23 23:00:00+00,Mon 24 May 2021,22536,8205,8448,1851414,749482,49244,1900658,798726,40.363039660796,16.9620253702186,148
-7.6926,53.28823,2021/05/24 23:00:00+00,Tue 25 May 2021,30317,16476,3222,1881731,765958,52466,1934197,818424,41.0752856236065,17.3803390043592,149
-7.6926,53.28823,2021/05/25 23:00:00+00,Wed 26 May 2021,19950,25380,3048,1901681,791338,55514,1957195,846852,41.5636792147307,17.9840459792474,150
-7.6926,53.28823,2021/05/26 23:00:00+00,Thu 27 May 2021,16992,36014,551,1918673,827352,56065,1974738,883417,41.9362285133259,18.7605531389768,151
-7.6926,53.28823,2021/05/27 23:00:00+00,Fri 28 May 2021,27019,31811,1558,1945692,859163,57623,2003315,916786,42.5430997044537,19.4691889221851,152
-7.6926,53.28823,2021/05/28 23:00:00+00,Sat 29 May 2021,24455,7382,534,1970147,866545,58157,2028304,924702,43.0737748696247,19.6372958735435,153
-7.6926,53.28823,2021/05/29 23:00:00+00,Sun 30 May 2021,24230,1673,209,1994377,868218,58366,2052743,926584,43.5927700419652,19.6772626853748,154
-7.6926,53.28823,2021/05/30 23:00:00+00,Mon 31 May 2021,22560,7320,3442,2016937,875538,61808,2078745,937346,44.1449576302951,19.9058082905439,155
-7.6926,53.28823,2021/05/31 23:00:00+00,Tue 01 Jun 2021,27516,11507,3651,2044453,887045,65459,2109912,952504,44.8068309694798,20.2277088929554,156
-7.6926,53.28823,2021/06/01 23:00:00+00,Wed 02 Jun 2021,18670,20881,4007,2063123,907926,69466,2132589,977392,45.288407692061,20.7562391867157,157
-7.6926,53.28823,2021/06/02 23:00:00+00,Thu 03 Jun 2021,16655,30703,1975,2079778,938629,71441,2151219,1010070,45.6840409037596,21.4502006516587,158
-7.6926,53.28823,2021/06/03 23:00:00+00,Fri 04 Jun 2021,28987,23337,150,2108765,961966,71591,2180356,1033557,46.302804451224,21.9489788182268,159
-7.6926,53.28823,2021/06/04 23:00:00+00,Sat 05 Jun 2021,20942,11482,33,2129707,973448,71624,2201331,1045072,46.7482369050822,22.1935153953985,160
-7.6926,53.28823,2021/06/05 23:00:00+00,Sun 06 Jun 2021,19922,3895,41,2149629,977343,71665,2221294,1049008,47.1721781721321,22.2771016713645,161
-7.6926,53.28823,2021/06/06 23:00:00+00,Mon 07 Jun 2021,19785,4572,43,2169414,981915,71708,2241122,1053623,47.5932525318508,22.3751074293886,162
-7.6926,53.28823,2021/06/07 23:00:00+00,Tue 08 Jun 2021,26376,18339,42,2195790,1000254,71750,2267540,1072004,48.1542744420308,22.7654527897875,163
-7.6926,53.28823,2021/06/08 23:00:00+00,Wed 09 Jun 2021,32762,20097,172,2228552,1020351,71922,2300474,1092273,48.8536724127276,23.1958923801213,164
-7.6926,53.28823,2021/06/09 23:00:00+00,Thu 10 Jun 2021,27659,27477,268,2256211,1047828,72190,2328401,1120018,49.4467399759647,23.785094927549,165
-7.6926,53.28823,2021/06/10 23:00:00+00,Fri 11 Jun 2021,26410,32890,40,2282621,1080718,72230,2354851,1152948,50.0084414493639,24.4844079528434,166
-7.6926,53.28823,2021/06/11 23:00:00+00,Sat 12 Jun 2021,12190,19711,103,2294811,1100429,72333,2367144,1172762,50.2694999073033,24.9051850036537,167
-7.6926,53.28823,2021/06/12 23:00:00+00,Sun 13 Jun 2021,8533,18162,830,2303344,1118591,73163,2376507,1191754,50.4683358579815,25.3085057742699,168
-7.6926,53.28823,2021/06/13 23:00:00+00,Mon 14 Jun 2021,16000,31293,46,2319344,1149884,73209,2392553,1223093,50.8090943397268,25.974031765758,169
-7.6926,53.28823,2021/06/14 23:00:00+00,Tue 15 Jun 2021,14671,41571,204,2334015,1191455,73413,2407428,1264868,51.1249850549183,26.8611803121191,170
-7.6926,53.28823,2021/06/15 23:00:00+00,Wed 16 Jun 2021,13438,48375,212,2347453,1239830,73625,2421078,1313455,51.4148612406234,27.8929908787751,171
-7.6926,53.28823,2021/06/16 23:00:00+00,Thu 17 Jun 2021,21547,42668,534,2369000,1282498,74159,2443159,1356657,51.8837810982464,28.810443697444,172
-7.6926,53.28823,2021/06/17 23:00:00+00,Fri 18 Jun 2021,11987,50036,549,2380987,1332534,74708,2455695,1407242,52.1499999893818,29.8846844926009,173
-7.6926,53.28823,2021/06/18 23:00:00+00,Sat 19 Jun 2021,6294,32787,432,2387281,1365321,75140,2462421,1440461,52.2928356835249,30.5901348232191,174
-7.6926,53.28823,2021/06/19 23:00:00+00,Sun 20 Jun 2021,8498,26132,177,2395779,1391453,75317,2471096,1466770,52.4770610249894,31.1488419711835,175
-7.6926,53.28823,2021/06/20 23:00:00+00,Mon 21 Jun 2021,15447,32322,570,2411226,1423775,75887,2487113,1499662,52.8172036525674,31.8473480151551,176
-7.6926,53.28823,2021/06/21 23:00:00+00,Tue 22 Jun 2021,15111,43524,718,2426337,1467299,76605,2502942,1543904,53.1533538462323,32.7868866384492,177
-7.6926,53.28823,2021/06/22 23:00:00+00,Wed 23 Jun 2021,20065,39376,879,2446402,1506675,77484,2523886,1584159,53.5981279732218,33.6417559318967,178
-7.6926,53.28823,2021/06/23 23:00:00+00,Thu 24 Jun 2021,18998,44252,1030,2465400,1550927,78514,2543914,1629441,54.0234496030608,34.603380359816,179
-7.6926,53.28823,2021/06/24 23:00:00+00,Fri 25 Jun 2021,15184,50110,839,2480584,1601037,79353,2559937,1680390,54.3637196487423,35.6853511865917,180
-7.6926,53.28823,2021/06/25 23:00:00+00,Sat 26 Jun 2021,9029,30538,504,2489613,1631575,79857,2569470,1711432,54.5661657790226,36.3445699819512,181
-7.6926,53.28823,2021/06/26 23:00:00+00,Sun 27 Jun 2021,8714,30462,55,2498327,1662037,79912,2578239,1741949,54.7523873374437,36.9926396932452,182
-7.6926,53.28823,2021/06/27 23:00:00+00,Mon 28 Jun 2021,24207,24622,517,2522534,1686659,80429,2602963,1767088,55.2774348697054,37.5265003110064,183
-7.6926,53.28823,2021/06/28 23:00:00+00,Tue 29 Jun 2021,28124,31009,806,2550658,1717668,81235,2631893,1798903,55.8918024925954,38.2021348053805,184
-7.6926,53.28823,2021/06/29 23:00:00+00,Wed 30 Jun 2021,22538,36839,583,2573196,1754507,81818,2655014,1836325,56.3828081548436,38.9968415175751,185
-7.6926,53.28823,2021/06/30 23:00:00+00,Thu 01 Jul 2021,14971,48303,634,2588167,1802810,82452,2670619,1885262,56.7142014059738,40.0360848069414,186
-7.6926,53.28823,2021/07/01 23:00:00+00,Fri 02 Jul 2021,13625,47239,812,2601792,1850049,83264,2685056,1933313,57.020790599602,41.0565126896751,187
-7.6926,53.28823,2021/07/02 23:00:00+00,Sat 03 Jul 2021,9293,30459,503,2611085,1880508,83767,2694852,1964275,57.2288218900904,41.7140325769865,188
-7.6926,53.28823,2021/07/03 23:00:00+00,Sun 04 Jul 2021,6424,27768,230,2617509,1908276,83997,2701506,1992273,57.3701285669902,42.3086079211163,189
-7.6926,53.28823,2021/07/04 23:00:00+00,Mon 05 Jul 2021,15567,33421,5335,2633076,1941697,89332,2722408,2031029,57.8140107672545,43.1316439250127,190
-7.6926,53.28823,2021/07/05 23:00:00+00,Tue 06 Jul 2021,12384,48270,5482,2645460,1989967,94814,2740274,2084781,58.1934194070938,44.2731402425234,191
-7.6926,53.28823,2021/07/06 23:00:00+00,Wed 07 Jul 2021,19674,43737,5053,2665134,2033704,99867,2765001,2133571,58.7185306484074,45.3092617883513,192
-7.6926,53.28823,2021/07/07 23:00:00+00,Thu 08 Jul 2021,17737,45568,5988,2682871,2079272,105855,2788726,2185127,59.2223630664186,46.4041230799419,193
-7.6926,53.28823,2021/07/08 23:00:00+00,Fri 09 Jul 2021,13497,45082,6527,2696368,2124354,112382,2808750,2236736,59.6475997508551,47.5001098981144,194
-7.6926,53.28823,2021/07/09 23:00:00+00,Sat 10 Jul 2021,8610,23847,4360,2704978,2148201,116742,2821720,2264943,59.9230352181515,48.0991236395197,195
-7.6926,53.28823,2021/07/10 23:00:00+00,Sun 11 Jul 2021,15214,16095,2151,2720192,2164296,118893,2839085,2283189,60.2918044463397,48.4866020925875,196
-7.6926,53.28823,2021/07/11 23:00:00+00,Mon 12 Jul 2021,17085,31726,6088,2737277,2196022,124981,2862258,2321003,60.7839143988191,49.2896334542177,197
-7.6926,53.28823,2021/07/12 23:00:00+00,Tue 13 Jul 2021,20078,36535,8482,2757355,2232557,133463,2890818,2366020,61.3904245719867,50.2456302492277,198
-7.6926,53.28823,2021/07/13 23:00:00+00,Wed 14 Jul 2021,20773,35669,9331,2778128,2268226,142794,2920922,2411020,62.0297236704823,51.2012660262774,199
-7.6926,53.28823,2021/07/14 23:00:00+00,Thu 15 Jul 2021,23597,28802,9571,2801725,2297028,152365,2954090,2449393,62.7340909472198,52.0161685078937,200
-7.6926,53.28823,2021/07/15 23:00:00+00,Fri 16 Jul 2021,23514,27390,9159,2825239,2324418,161524,2986763,2485942,63.4279462304097,52.7923358860135,201
-7.6926,53.28823,2021/07/16 23:00:00+00,Sat 17 Jul 2021,11473,19407,4675,2836712,2343825,166199,3002911,2510024,63.7708708199164,53.3037496811893,202
-7.6926,53.28823,2021/07/17 23:00:00+00,Sun 18 Jul 2021,16840,15796,1924,2853552,2359621,168123,3021675,2527744,64.1693497025955,53.6800578138409,203
-7.6926,53.28823,2021/07/18 23:00:00+00,Mon 19 Jul 2021,24857,18394,6241,2878409,2378015,174364,3052773,2552379,64.8297577335887,54.2032153108991,204
-7.6926,53.28823,2021/07/19 23:00:00+00,Tue 20 Jul 2021,30549,18141,7691,2908958,2396156,182055,3091013,2578211,65.641835780575,54.7517927196269,205
-7.6926,53.28823,2021/07/20 23:00:00+00,Wed 21 Jul 2021,30321,19808,6883,2939279,2415964,188938,3128217,2604902,66.4319129683385,55.318612153521,206
-7.6926,53.28823,2021/07/21 23:00:00+00,Thu 22 Jul 2021,33506,15899,6931,2972785,2431863,195869,3168654,2627732,67.2906472775954,55.8034380377442,207
-7.6926,53.28823,2021/07/22 23:00:00+00,Fri 23 Jul 2021,27066,20793,5609,2999851,2452656,201478,3201329,2654134,67.9845450334865,56.3641201663146,208
-7.6926,53.28823,2021/07/23 23:00:00+00,Sat 24 Jul 2021,15415,14783,2271,3015266,2467439,203749,3219015,2671188,68.3601311302177,56.7262848894659,209
-7.6926,53.28823,2021/07/24 23:00:00+00,Sun 25 Jul 2021,14701,13626,1041,3029967,2481065,204790,3234757,2685855,68.6944337613803,57.0377584437323,210
-7.6926,53.28823,2021/07/25 23:00:00+00,Mon 26 Jul 2021,23805,18254,3417,3053772,2499319,208207,3261979,2707526,69.2725296974436,57.4979713976088,211
-7.6926,53.28823,2021/07/26 23:00:00+00,Tue 27 Jul 2021,25480,23861,3665,3079252,2523180,211872,3291124,2735052,69.8914631357128,58.0825231842549,212
-7.6926,53.28823,2021/07/27 23:00:00+00,Wed 28 Jul 2021,23403,25247,3257,3102655,2548427,215129,3317784,2763556,70.4576242427383,58.6878441217888,213
-7.6926,53.28823,2021/07/28 23:00:00+00,Thu 29 Jul 2021,19238,27822,2956,3121893,2576249,218085,3339978,2794334,70.9289438079792,59.3414565205896,214
-7.6926,53.28823,2021/07/29 23:00:00+00,Fri 30 Jul 2021,21919,22900,2114,3143812,2599149,220199,3364011,2819348,71.4393170219756,59.8726625945257,215
-7.6926,53.28823,2021/07/30 23:00:00+00,Sat 31 Jul 2021,13719,12440,906,3157531,2611589,221105,3378636,2832694,71.7498986495168,60.156082929648,216
-7.6926,53.28823,2021/07/31 23:00:00+00,Sun 01 Aug 2021,11078,9296,368,3168609,2620885,221473,3390082,2842358,71.992969918497,60.3613110218571,217
-7.6926,53.28823,2021/08/01 23:00:00+00,Mon 02 Aug 2021,14999,15973,425,3183608,2636858,221898,3405506,2858756,72.3205193901685,60.709544699014,218
-7.6926,53.28823,2021/08/02 23:00:00+00,Tue 03 Aug 2021,17312,25411,1105,3200920,2662269,223003,3423923,2885272,72.711629259189,61.2726477715529,219
-7.6926,53.28823,2021/08/03 23:00:00+00,Wed 04 Aug 2021,22080,17257,1571,3223000,2679526,224574,3447574,2904100,73.2138901872558,61.6724857806705,220
-7.6926,53.28823,2021/08/04 23:00:00+00,Thu 05 Aug 2021,13503,29999,1421,3236503,2709525,225995,3462498,2935520,73.5308214836267,62.3397319165573,221
-7.6926,53.28823,2021/08/05 23:00:00+00,Fri 06 Aug 2021,12173,24718,946,3248676,2734243,226941,3475617,2961184,73.8094211671626,62.8847416183841,222
-7.6926,53.28823,2021/08/06 23:00:00+00,Sat 07 Aug 2021,6322,8425,581,3254998,2742668,227522,3482520,2970190,73.956015695362,63.0759961918976,223
-7.6926,53.28823,2021/08/07 23:00:00+00,Sun 08 Aug 2021,8607,11948,153,3263605,2754616,227675,3491280,2982291,74.1420461266277,63.3329772705216,224
-7.6926,53.28823,2021/08/08 23:00:00+00,Mon 09 Aug 2021,5518,22995,598,3269123,2777611,228273,3497396,3005884,74.271927646904,63.8340064902535,225
-7.6926,53.28823,2021/08/09 23:00:00+00,Tue 10 Aug 2021,9328,25957,711,3278451,2803568,228984,3507435,3032552,74.4851193705885,64.4003374880837,226
-7.6926,53.28823,2021/08/10 23:00:00+00,Wed 11 Aug 2021,6986,31205,658,3285437,2834773,229642,3515079,3064415,74.6474500345834,65.0769913272868,227
-7.6926,53.28823,2021/08/11 23:00:00+00,Thu 12 Aug 2021,6744,38249,859,3292181,2873022,230501,3522682,3103523,74.8089100082036,65.9075025265948,228
-7.6926,53.28823,2021/08/12 23:00:00+00,Fri 13 Aug 2021,10901,28204,867,3303082,2901226,231368,3534450,3132594,75.0588193820774,66.5248644749196,229
-7.6926,53.28823,2021/08/13 23:00:00+00,Sat 14 Aug 2021,18115,5820,277,3321197,2907046,231645,3552842,3138691,75.4493983423329,66.6543425045345,230
-7.6926,53.28823,2021/08/14 23:00:00+00,Sun 15 Aug 2021,16992,3707,49,3338189,2910753,231694,3569883,3142447,75.8112869929264,66.7341062373922,231
-7.6926,53.28823,2021/08/15 23:00:00+00,Mon 16 Aug 2021,10166,23104,383,3348355,2933857,232077,3580432,3165934,76.0353092554174,67.2328844039604,232
-7.6926,53.28823,2021/08/16 23:00:00+00,Tue 17 Aug 2021,12850,26830,526,3361205,2960687,232603,3593808,3193290,76.3193666810578,67.8138260110043,233
-7.6926,53.28823,2021/08/17 23:00:00+00,Wed 18 Aug 2021,15214,25744,656,3376419,2986431,233259,3609678,3219690,76.6563875650974,68.3744656668734,234
-7.6926,53.28823,2021/08/18 23:00:00+00,Thu 19 Aug 2021,11348,25668,540,3387767,3012099,233799,3621566,3245898,76.9088453010433,68.9310279434272,235
-7.6926,53.28823,2021/08/19 23:00:00+00,Fri 20 Aug 2021,14827,22219,684,3402594,3034318,234483,3637077,3268801,77.2382423352171,69.4174040812443,236
-7.6926,53.28823,2021/08/20 23:00:00+00,Sat 21 Aug 2021,11863,7954,245,3414457,3042272,234728,3649185,3277000,77.4953720682953,69.5915209198228,237
-7.6926,53.28823,2021/08/21 23:00:00+00,Sun 22 Aug 2021,8000,12238,161,3422457,3054510,234889,3657346,3289399,77.6686819255509,69.8548304309259,238
-7.6926,53.28823,2021/08/22 23:00:00+00,Mon 23 Aug 2021,10852,15342,288,3433309,3069852,235177,3668486,3305029,77.9052548712472,70.1867545908212,239
-7.6926,53.28823,2021/08/23 23:00:00+00,Tue 24 Aug 2021,9694,22884,383,3443003,3092736,235560,3678563,3328296,78.1192535762545,70.6808607602571,240
-7.6926,53.28823,2021/08/24 23:00:00+00,Wed 25 Aug 2021,9406,19489,312,3452409,3112225,235872,3688281,3348097,78.3256284313961,71.1013617385096,241
-7.6926,53.28823,2021/08/25 23:00:00+00,Thu 26 Aug 2021,8567,19399,368,3460976,3131624,236240,3697216,3367864,78.515375224017,71.5211406808416,242
-7.6926,53.28823,2021/08/26 23:00:00+00,Fri 27 Aug 2021,9705,19176,430,3470681,3150800,236670,3707351,3387470,78.7306056373592,71.9375005707269,243
-7.6926,53.28823,2021/08/27 23:00:00+00,Sat 28 Aug 2021,9912,7892,153,3480593,3158692,236823,3717416,3395515,78.9443495061593,72.1083470113128,244
-7.6926,53.28823,2021/08/28 23:00:00+00,Sun 29 Aug 2021,8791,9176,28,3489384,3167868,236851,3726235,3404719,79.1316328821104,72.3038063822454,245
-7.6926,53.28823,2021/08/29 23:00:00+00,Mon 30 Aug 2021,5044,11091,82,3494428,3178959,236933,3731361,3415892,79.2404904152917,72.5410801275115,246
-7.6926,53.28823,2021/08/30 23:00:00+00,Tue 31 Aug 2021,4054,12860,142,3498482,3191819,237075,3735557,3428894,79.3295981424139,72.8171951580271,247
-7.6926,53.28823,2021/08/31 23:00:00+00,Wed 01 Sep 2021,4939,12505,180,3503421,3204324,237255,3740676,3441579,79.438307021141,73.0865782654021,248
-7.6926,53.28823,2022/01/04 00:00:00+00,Tue 04 Jan 2022,1192,766,0,3688177,3632052,240384,3928561,3872436,83.4282987538297,82.2364085763427,249
-7.6926,53.28823,2022/01/05 00:00:00+00,Wed 05 Jan 2022,2143,885,0,3690320,3632937,240384,3930704,3873321,83.4738082531679,82.2552027466246,250
-7.6926,53.28823,2022/01/06 00:00:00+00,Thu 06 Jan 2022,2466,1673,0,3692786,3634610,240384,3933170,3874994,83.5261770937502,82.2907311611803,251
-7.6926,53.28823,2022/01/07 00:00:00+00,Fri 07 Jan 2022,4859,765,0,3697645,3635375,240384,3938029,3875759,83.629364521321,82.3069769693901,252
-7.6926,53.28823,2022/01/08 00:00:00+00,Sat 08 Jan 2022,9793,732,1,3707438,3636107,240385,3947823,3876492,83.8373533391082,82.3225432143807,253
-7.6926,53.28823,2022/01/09 00:00:00+00,Sun 09 Jan 2022,7115,662,0,3714553,3636769,240385,3954938,3877154,83.9884499736351,82.3366016784787,254
-7.6926,53.28823,2022/01/10 00:00:00+00,Mon 10 Jan 2022,6659,490,0,3721212,3637259,240385,3961597,3877644,84.1298628322878,82.3470074902732,255
-7.6926,53.28823,2022/01/11 00:00:00+00,Tue 11 Jan 2022,4776,1344,1,3725988,3638603,240386,3966374,3878989,84.2313088791093,82.3755703818317,256
-7.6926,53.28823,2022/01/12 00:00:00+00,Wed 12 Jan 2022,7561,890,1,3733549,3639493,240387,3973936,3879880,84.3918981623549,82.3944919702173,257
-7.6926,53.28823,2022/01/13 00:00:00+00,Thu 13 Jan 2022,7330,791,0,3740879,3640284,240387,3981266,3880671,84.547560612261,82.4112899235428,258
-7.6926,53.28823,2022/01/14 00:00:00+00,Fri 14 Jan 2022,10729,819,0,3751608,3641103,240387,3991995,3881490,84.7754054178602,82.4286824946851,259
-7.6926,53.28823,2022/01/15 00:00:00+00,Sat 15 Jan 2022,8355,637,0,3759963,3641740,240387,4000350,3882127,84.9528351271325,82.442210050018,260
-7.6926,53.28823,2022/01/16 00:00:00+00,Sun 16 Jan 2022,6965,1214,1,3766928,3642954,240388,4007316,3883342,85.1007675454198,82.4680122159983,261
-7.6926,53.28823,2022/01/17 00:00:00+00,Mon 17 Jan 2022,2567,545,0,3769495,3643499,240388,4009883,3883887,85.1552812574128,82.4795860270759,262
-7.6926,53.28823,2022/01/18 00:00:00+00,Tue 18 Jan 2022,4064,431,3,3773559,3643930,240391,4013950,3884321,85.2416494953075,82.4888026032368,263
-7.6926,53.28823,2022/01/19 00:00:00+00,Wed 19 Jan 2022,3490,614,0,3777049,3644544,240391,4017440,3884935,85.3157643589054,82.5018417225059,264
-7.6926,53.28823,2022/01/20 00:00:00+00,Thu 20 Jan 2022,3699,926,1,3780748,3645470,240392,4021140,3885862,85.3943388561295,82.5215278195131,265
-7.6926,53.28823,2022/01/21 00:00:00+00,Fri 21 Jan 2022,3252,967,0,3784000,3646437,240392,4024392,3886829,85.4633994682843,82.5420633705444,266
-7.6926,53.28823,2022/01/22 00:00:00+00,Sat 22 Jan 2022,4271,637,0,3788271,3647074,240392,4028663,3887466,85.5540999217016,82.5555909258773,267
-7.6926,53.28823,2022/01/23 00:00:00+00,Sun 23 Jan 2022,3092,677,0,3791363,3647751,240392,4031755,3888143,85.6197627177602,82.5699679352342,268
-7.6926,53.28823,2022/01/24 00:00:00+00,Mon 24 Jan 2022,646,458,0,3792009,3648209,240392,4032401,3888601,85.6334814002485,82.5796941838095,269
-7.6926,53.28823,2022/01/25 00:00:00+00,Tue 25 Jan 2022,700,1829,0,3792709,3650038,240392,4033101,3890430,85.6483468456693,82.618535469059,270
-7.6926,53.28823,2022/01/26 00:00:00+00,Wed 26 Jan 2022,701,885,0,3793410,3650923,240392,4033802,3891315,85.6632335274407,82.6373296393409,271
-7.6926,53.28823,2022/01/27 00:00:00+00,Thu 27 Jan 2022,1274,1162,0,3794684,3652085,240392,4035076,3892477,85.6902886381065,82.6620062787394,272
-7.6926,53.28823,2022/01/28 00:00:00+00,Fri 28 Jan 2022,1032,3090,0,3795716,3655175,240392,4036108,3895567,85.7122045519268,82.7276266020968,273
-7.6926,53.28823,2022/01/29 00:00:00+00,Sat 29 Jan 2022,2328,3442,0,3798044,3658617,240392,4038436,3899009,85.7616427761262,82.8007221208658,274
-7.6926,53.28823,2022/01/30 00:00:00+00,Sun 30 Jan 2022,1633,7538,0,3799677,3666155,240392,4040069,3906547,85.7963217366578,82.960801731697,275
-7.6926,53.28823,2022/01/31 00:00:00+00,Mon 31 Jan 2022,480,1386,0,3800157,3667541,240392,4040549,3907933,85.8065151849463,82.9902353136301,276
-7.6926,53.28823,2022/02/01 00:00:00+00,Tue 01 Feb 2022,752,3409,1,3800909,3670950,240393,4041302,3911343,85.8225061569489,83.0626512691799,277
-7.6926,53.28823,2022/02/02 00:00:00+00,Wed 02 Feb 2022,645,2993,0,3801554,3673943,240393,4041947,3914336,85.8362036030867,83.126211666529,278
-7.6926,53.28823,2022/02/03 00:00:00+00,Thu 03 Feb 2022,911,2429,1,3802465,3676372,240394,4042859,3916766,85.8555711548349,83.1778159984897,279
-7.6926,53.28823,2022/02/04 00:00:00+00,Fri 04 Feb 2022,1172,6517,0,3803637,3682889,240394,4044031,3923283,85.8804601577394,83.3162132953571,280
-7.6926,53.28823,2022/02/05 00:00:00+00,Sat 05 Feb 2022,1777,5747,0,3805414,3688636,240394,4045808,3929030,85.9181971527575,83.4382586022616,281
-7.6926,53.28823,2022/02/06 00:00:00+00,Sun 06 Feb 2022,1408,7555,0,3806822,3696191,240394,4047216,3936585,85.9480979344039,83.598699231053,282
-7.6926,53.28823,2022/02/07 00:00:00+00,Mon 07 Feb 2022,439,1349,0,3807261,3697540,240394,4047655,3937934,85.9574206923178,83.6273470680139,283
-7.6926,53.28823,2022/02/08 00:00:00+00,Tue 08 Feb 2022,896,1233,0,3808157,3698773,240394,4048551,3939167,85.9764484624564,83.653531488305,284
-7.6926,53.28823,2022/02/09 00:00:00+00,Wed 09 Feb 2022,1333,1781,0,3809490,3700554,240394,4049884,3940948,86.0047565178076,83.6913534287256,285
-7.6926,53.28823,2022/02/10 00:00:00+00,Thu 10 Feb 2022,690,2540,0,3810180,3703094,240394,4050574,3943488,86.0194095997224,83.7452937592524,286
-7.6926,53.28823,2022/02/11 00:00:00+00,Fri 11 Feb 2022,556,4912,0,3810736,3708006,240394,4051130,3948400,86.0312170106566,83.8496067134051,287
-7.6926,53.28823,2022/02/12 00:00:00+00,Sat 12 Feb 2022,1397,5460,0,3812133,3713466,240394,4052527,3953860,86.0608841924464,83.9655571876871,288
-7.6926,53.28823,2022/02/13 00:00:00+00,Sun 13 Feb 2022,1567,4705,0,3813700,3718171,240394,4054094,3958565,86.0941615538383,84.0654742172653,289
-7.6926,53.28823,2022/02/14 00:00:00+00,Mon 14 Feb 2022,175,949,1,3813875,3719120,240395,4054270,3959515,86.0978991515441,84.0856487503363,290
-7.6926,53.28823,2022/02/15 00:00:00+00,Tue 15 Feb 2022,649,813,1,3814524,3719933,240396,4054920,3960329,86.1117027794348,84.1029351397256,291
-7.6926,53.28823,2022/02/16 00:00:00+00,Wed 16 Feb 2022,798,1786,0,3815322,3721719,240396,4055718,3962115,86.1286493872145,84.1408632618992,292
-7.6926,53.28823,2022/02/17 00:00:00+00,Thu 17 Feb 2022,795,1185,2,3816117,3722904,240398,4056515,3963302,86.1455747586436,84.1660708100627,293
-7.6926,53.28823,2022/02/18 00:00:00+00,Fri 18 Feb 2022,796,3289,0,3816913,3726193,240398,4057311,3966591,86.1624788937221,84.2359171671898,294
-7.6926,53.28823,2022/02/19 00:00:00+00,Sat 19 Feb 2022,979,3551,0,3817892,3729744,240398,4058290,3970142,86.1832692809605,84.3113274481743,295
-7.6926,53.28823,2022/02/20 00:00:00+00,Sun 20 Feb 2022,1366,3587,0,3819258,3733331,240398,4059656,3973729,86.2122781358816,84.3875022377804,296
-7.6926,53.28823,2022/02/21 00:00:00+00,Mon 21 Feb 2022,253,987,2,3819511,3734318,240400,4059911,3974718,86.2176934052849,84.4085049885249,297
-7.6926,53.28823,2022/02/22 00:00:00+00,Tue 22 Feb 2022,475,974,0,3819986,3735292,240400,4060386,3975692,86.2277806718204,84.4291891940104,298
-7.6926,53.28823,2022/02/23 00:00:00+00,Wed 23 Feb 2022,829,1270,1,3820815,3736562,240401,4061216,3976963,86.2454068428194,84.4561805956244,299
-7.6926,53.28823,2022/02/24 00:00:00+00,Thu 24 Feb 2022,659,1227,0,3821474,3737789,240401,4061875,3978190,86.2594015978655,84.482237597812,300
-7.6926,53.28823,2022/02/25 00:00:00+00,Fri 25 Feb 2022,689,1220,0,3822163,3739009,240401,4062564,3979410,86.2740334434297,84.5081459455453,301
-7.6926,53.28823,2022/02/26 00:00:00+00,Sat 26 Feb 2022,960,2088,0,3823123,3741097,240401,4063524,3981498,86.2944203400067,84.5524874456004,302
-7.6926,53.28823,2022/02/27 00:00:00+00,Sun 27 Feb 2022,670,1781,0,3823793,3742878,240401,4064194,3983279,86.3086486949095,84.590309386021,303
-7.6926,53.28823,2022/02/28 00:00:00+00,Mon 28 Feb 2022,86,424,0,3823879,3743302,240401,4064280,3983703,86.3104750210612,84.5993135986759,304
-7.6926,53.28823,2022/03/01 00:00:00+00,Tue 01 Mar 2022,125,939,0,3824004,3744241,240401,4064405,3984642,86.3131295648863,84.6192545318903,305
-7.6926,53.28823,2022/03/02 00:00:00+00,Wed 02 Mar 2022,205,992,2,3824209,3745233,240403,4064612,3985636,86.3175254894607,84.6403634643878,306
-7.6926,53.28823,2022/03/03 00:00:00+00,Thu 03 Mar 2022,273,1274,0,3824482,3746507,240403,4064885,3986910,86.3233230131748,84.6674185750536,307
-7.6926,53.28823,2022/03/04 00:00:00+00,Fri 04 Mar 2022,734,1501,2,3825216,3748008,240405,4065621,3988413,86.3389529672172,84.6993368100071,308
-7.6926,53.28823,2022/03/05 00:00:00+00,Sat 05 Mar 2022,962,3341,0,3826178,3751349,240405,4066583,3991754,86.3593823364955,84.7702874573654,309
-7.6926,53.28823,2022/03/06 00:00:00+00,Sun 06 Mar 2022,456,1914,0,3826634,3753263,240405,4067039,3993668,86.3690661123696,84.8109338324159,310
-7.6926,53.28823,2022/03/07 00:00:00+00,Mon 07 Mar 2022,112,121,0,3826746,3753384,240405,4067151,3993789,86.3714445836369,84.8135034308386,311
-7.6926,53.28823,2022/03/08 00:00:00+00,Tue 08 Mar 2022,119,492,0,3826865,3753876,240405,4067270,3994281,86.3739717093585,84.8239517153344,312
-7.6926,53.28823,2022/03/09 00:00:00+00,Wed 09 Mar 2022,125,339,0,3826990,3754215,240405,4067395,3994620,86.3766262531836,84.8311508381881,313
-7.6926,53.28823,2022/03/10 00:00:00+00,Thu 10 Mar 2022,256,507,0,3827246,3754722,240405,4067651,3995127,86.3820627589375,84.8419176679429,314
-7.6926,53.28823,2022/03/11 00:00:00+00,Fri 11 Mar 2022,494,2179,0,3827740,3756901,240405,4068145,3997306,86.3925535161344,84.8881916759027,315
-7.6926,53.28823,2022/03/12 00:00:00+00,Sat 12 Mar 2022,472,2387,2,3828212,3759288,240407,4068619,3999695,86.4026195463193,84.9389253174888,316
-7.6926,53.28823,2022/03/13 00:00:00+00,Sun 13 Mar 2022,358,1082,0,3828570,3760370,240407,4068977,4000777,86.4102221598345,84.9619030488391,317
-7.6926,53.28823,2022/03/14 00:00:00+00,Mon 14 Mar 2022,108,120,0,3828678,3760490,240407,4069085,4000897,86.4125156856995,84.9644514109113,318
-7.6926,53.28823,2022/03/15 00:00:00+00,Tue 15 Mar 2022,221,756,0,3828899,3761246,240407,4069306,4001653,86.4172089191823,84.9805060919657,319
-7.6926,53.28823,2022/03/16 00:00:00+00,Wed 16 Mar 2022,196,796,0,3829095,3762042,240407,4069502,4002449,86.4213712439001,84.9974102270442,320
-7.6926,53.28823,2022/03/18 00:00:00+00,Fri 18 Mar 2022,2,6,0,3829097,3762048,240407,4069504,4002455,86.4214137166013,84.9975376451478,321
-7.6926,53.28823,2022/03/19 00:00:00+00,Sat 19 Mar 2022,743,2778,0,3829840,3764826,240407,4070247,4005233,86.4371923250979,85.0565322271177,322
-7.6926,53.28823,2022/03/20 00:00:00+00,Sun 20 Mar 2022,394,1400,0,3830234,3766226,240407,4070641,4006633,86.4455594472348,85.0862631179592,323
-7.6926,53.28823,2022/03/21 00:00:00+00,Mon 21 Mar 2022,54,109,0,3830288,3766335,240407,4070695,4006742,86.4467062101672,85.0885778801747,324
-7.6926,53.28823,2022/03/22 00:00:00+00,Tue 22 Mar 2022,138,569,0,3830426,3766904,240407,4070833,4007311,86.4496368265502,85.1006613636668,325
-7.6926,53.28823,2022/03/23 00:00:00+00,Wed 23 Mar 2022,96,220,0,3830522,3767124,240407,4070929,4007531,86.4516755162079,85.105333360799,326
-7.6926,53.28823,2022/03/24 00:00:00+00,Thu 24 Mar 2022,149,239,0,3830671,3767363,240407,4071078,4007770,86.4548397324475,85.1104088485927,327
-7.6926,53.28823,2022/03/25 00:00:00+00,Fri 25 Mar 2022,437,1621,0,3831108,3768984,240407,4071515,4009391,86.4641200176602,85.1448329729171,328
-7.6926,53.28823,2022/03/26 00:00:00+00,Sat 26 Mar 2022,875,1847,0,3831983,3770831,240407,4072390,4011238,86.4827018244361,85.1840565124773,329
-7.6926,53.28823,2022/03/27 00:00:00+00,Sun 27 Mar 2022,380,802,0,3832363,3771633,240407,4072770,4012040,86.4907716376645,85.2010880656594,330
-7.6926,53.28823,2022/03/27 23:00:00+00,Mon 28 Mar 2022,38,51,0,3832401,3771684,240407,4072808,4012091,86.4915786189874,85.2021711195401,331
-7.6926,53.28823,2022/03/28 23:00:00+00,Tue 29 Mar 2022,136,190,3,3832537,3771874,240410,4072947,4012284,86.4945304717209,85.2062697352061,332
-7.6926,53.28823,2022/03/29 23:00:00+00,Wed 30 Mar 2022,109,133,0,3832646,3772007,240410,4073056,4012417,86.4968452339365,85.209094169836,333
-7.6926,53.28823,2022/03/30 23:00:00+00,Thu 31 Mar 2022,227,355,0,3832873,3772362,240410,4073283,4012772,86.5016658855229,85.2166330742994,334
-7.6926,53.28823,2022/03/31 23:00:00+00,Fri 01 Apr 2022,309,902,0,3833182,3773264,240410,4073592,4013674,86.5082279178586,85.2357882625416,335
-7.6926,53.28823,2022/04/01 23:00:00+00,Sat 02 Apr 2022,726,1538,0,3833908,3774802,240410,4074318,4015212,86.523645508395,85.2684497697661,336
-7.6926,53.28823,2022/04/02 23:00:00+00,Sun 03 Apr 2022,534,817,0,3834442,3775619,240410,4074852,4016029,86.534985719616,85.2857998682072,337
-7.6926,53.28823,2022/04/03 23:00:00+00,Mon 04 Apr 2022,45,50,0,3834487,3775669,240410,4074897,4016079,86.5359413553931,85.2868616857373,338
-7.6926,53.28823,2022/04/04 23:00:00+00,Tue 05 Apr 2022,129,166,0,3834616,3775835,240410,4075026,4016245,86.5386808446206,85.290386919937,339
-7.6926,53.28823,2022/04/05 23:00:00+00,Wed 06 Apr 2022,158,207,0,3834774,3776042,240410,4075184,4016452,86.5420361880156,85.2947828445115,340
-7.6926,53.28823,2022/04/06 23:00:00+00,Thu 07 Apr 2022,120,174,0,3834894,3776216,240410,4075304,4016626,86.5445845500877,85.2984779695161,341
-7.6926,53.28823,2022/04/07 23:00:00+00,Fri 08 Apr 2022,266,414,0,3835160,3776630,240410,4075570,4017040,86.5502334193476,85.3072698186649,342
-7.6926,53.28823,2022/04/08 23:00:00+00,Sat 09 Apr 2022,559,1015,0,3835719,3777645,240410,4076129,4018055,86.5621045393336,85.3288247145251,343
-7.6926,53.28823,2022/04/09 23:00:00+00,Sun 10 Apr 2022,410,718,0,3836129,3778363,240410,4076539,4018773,86.5708114430801,85.3440724142566,344
-7.6926,53.28823,2022/04/10 23:00:00+00,Mon 11 Apr 2022,71,91,0,3836200,3778454,240410,4076610,4018864,86.5723192239728,85.3460049221613,345
-7.6926,53.28823,2022/04/11 23:00:00+00,Tue 12 Apr 2022,193,173,0,3836393,3778627,240410,4076803,4019037,86.5764178396388,85.3496788108153,346
-7.6926,53.28823,2022/04/12 23:00:00+00,Wed 13 Apr 2022,145,229,0,3836538,3778856,240410,4076948,4019266,86.579497110476,85.354541935103,347
-7.6926,53.28823,2022/04/13 23:00:00+00,Thu 14 Apr 2022,356,424,0,3836894,3779280,240410,4077304,4019690,86.5870572512899,85.3635461477579,348
-7.6926,53.28823,2022/04/14 23:00:00+00,Fri 15 Apr 2022,446,987,0,3837340,3780267,240410,4077750,4020677,86.596528663658,85.3845064258011,349
-7.6926,53.28823,2022/04/15 23:00:00+00,Sat 16 Apr 2022,42,85,0,3837382,3780352,240410,4077792,4020762,86.5974205903833,85.3863115156022,350
-7.6926,53.28823,2022/04/17 23:00:00+00,Mon 18 Apr 2022,35,61,0,3837417,3780413,240410,4077827,4020823,86.5981638626543,85.3876069329889,351
-7.6926,53.28823,2022/04/18 23:00:00+00,Tue 19 Apr 2022,217,269,1,3837634,3780682,240411,4078045,4021093,86.6027933870854,85.3933407476512,352
-7.6926,53.28823,2022/04/19 23:00:00+00,Wed 20 Apr 2022,244,601,0,3837878,3781283,240411,4078289,4021694,86.607975056632,85.4061037943625,353
-7.6926,53.28823,2022/04/20 23:00:00+00,Thu 21 Apr 2022,163,238,0,3838041,3781521,240411,4078452,4021932,86.61143658178,85.4111580458055,354
-7.6926,53.28823,2022/04/21 23:00:00+00,Fri 22 Apr 2022,197,248,0,3838238,3781769,240411,4078649,4022180,86.6156201428484,85.4164246607546,355
-7.6926,53.28823,2022/04/22 23:00:00+00,Sat 23 Apr 2022,322,1007,0,3838560,3782776,240411,4078971,4023187,86.622458247742,85.4378096658099,356
-7.6926,53.28823,2022/04/23 23:00:00+00,Sun 24 Apr 2022,182,249,0,3838742,3783025,240411,4079153,4023436,86.6263232635514,85.4430975171096,357
-7.6926,53.28823,2022/04/24 23:00:00+00,Mon 25 Apr 2022,42,55,0,3838784,3783080,240411,4079195,4023491,86.6272151902766,85.4442655163927,358
-7.6926,53.28823,2022/04/25 23:00:00+00,Tue 26 Apr 2022,142,236,0,3838926,3783316,240411,4079337,4023727,86.630230752062,85.4492772951345,359
-7.6926,53.28823,2022/04/26 23:00:00+00,Wed 27 Apr 2022,120,206,0,3839046,3783522,240411,4079457,4023933,86.6327791141341,85.4536519833583,360
-7.6926,53.28823,2022/04/27 23:00:00+00,Thu 28 Apr 2022,108,126,0,3839154,3783648,240411,4079565,4024059,86.635072639999,85.4563277635341,361
-7.6926,53.28823,2022/04/28 23:00:00+00,Fri 29 Apr 2022,170,217,0,3839324,3783865,240411,4079735,4024276,86.6386828196012,85.4609360516145,362
-7.6926,53.28823,2022/04/29 23:00:00+00,Sat 30 Apr 2022,280,722,0,3839604,3784587,240411,4080015,4024998,86.6446289977695,85.4762686967485,363
-7.6926,53.28823,2022/04/30 23:00:00+00,Sun 01 May 2022,183,748,0,3839787,3785335,240411,4080198,4025746,86.6485152499295,85.4921534869981,364
-7.6926,53.28823,2022/05/01 23:00:00+00,Mon 02 May 2022,10,26,0,3839797,3785361,240411,4080208,4025772,86.6487276134356,85.4927056321138,365
-7.6926,53.28823,2022/05/02 23:00:00+00,Tue 03 May 2022,86,113,0,3839883,3785474,240411,4080294,4025885,86.6505539395873,85.4951053397317,366
-7.6926,53.28823,2022/05/03 23:00:00+00,Wed 04 May 2022,118,124,0,3840001,3785598,240411,4080412,4026009,86.6530598289582,85.4977386472062,367
-7.6926,53.28823,2022/05/04 23:00:00+00,Thu 05 May 2022,114,142,0,3840115,3785740,240411,4080526,4026151,86.6554807729267,85.5007542089916,368
-7.6926,53.28823,2022/05/05 23:00:00+00,Fri 06 May 2022,133,241,0,3840248,3785981,240411,4080659,4026392,86.6583052075567,85.5058721694865,369
-7.6926,53.28823,2022/05/06 23:00:00+00,Sat 07 May 2022,440,1077,0,3840688,3787058,240411,4081099,4027469,86.6676492018211,85.5287437190838,370
-7.6926,53.28823,2022/05/07 23:00:00+00,Sun 08 May 2022,275,433,0,3840963,3787491,240411,4081374,4027902,86.6734891982365,85.5379390588941,371
-7.6926,53.28823,2021/09/01 23:00:00+00,Thu 02 Sep 2021,5003,12334,247,3508424,3216658,237502,3745926,3454160,79.5497978617968,73.3537527923147,372
-7.6926,53.28823,2021/09/02 23:00:00+00,Fri 03 Sep 2021,4764,16038,165,3513188,3232696,237667,3750855,3470363,79.6544718339097,73.6978453811044,373
-7.6926,53.28823,2021/09/03 23:00:00+00,Sat 04 Sep 2021,4621,10556,133,3517809,3243252,237800,3755609,3481052,79.7554294446673,73.9248407326796,374
-7.6926,53.28823,2021/09/04 23:00:00+00,Sun 05 Sep 2021,5303,11889,1,3523112,3255141,237801,3760913,3492942,79.8680670482556,74.1773409413267,375
-7.6926,53.28823,2021/09/05 23:00:00+00,Mon 06 Sep 2021,2149,9657,74,3525261,3264798,237875,3763136,3502673,79.9152754556418,74.3839918690261,376
-7.6926,53.28823,2021/09/06 23:00:00+00,Tue 07 Sep 2021,3022,9994,156,3528283,3274792,238031,3766314,3512823,79.9827645778521,74.5995408276273,377
-7.6926,53.28823,2021/09/07 23:00:00+00,Wed 08 Sep 2021,2601,14795,186,3530884,3289587,238217,3769101,3527804,80.0419502869774,74.9176825959825,378
-7.6926,53.28823,2021/09/08 23:00:00+00,Thu 09 Sep 2021,3111,14791,138,3533995,3304378,238355,3772350,3542733,80.1109471900804,75.2347200741064,379
-7.6926,53.28823,2021/09/09 23:00:00+00,Fri 10 Sep 2021,3371,13937,115,3537366,3318315,238470,3775836,3556785,80.1849771082759,75.5331332727531,380
-7.6926,53.28823,2021/09/10 23:00:00+00,Sat 11 Sep 2021,2551,11315,62,3539917,3329630,238532,3778449,3568162,80.2404676923965,75.7747392335419,381
-7.6926,53.28823,2021/09/11 23:00:00+00,Sun 12 Sep 2021,2037,12876,1,3541954,3342506,238533,3780487,3581039,80.2837473749216,76.0481997202323,382
-7.6926,53.28823,2021/09/12 23:00:00+00,Mon 13 Sep 2021,1608,7719,51,3543562,3350225,238584,3782146,3588809,80.3189784805688,76.2132061644029,383
-7.6926,53.28823,2021/09/13 23:00:00+00,Tue 14 Sep 2021,1541,10771,81,3545103,3360996,238665,3783768,3599661,80.3534238412438,76.4436630411261,384
-7.6926,53.28823,2021/09/14 23:00:00+00,Wed 15 Sep 2021,3272,12388,137,3548375,3373384,238802,3787177,3612186,80.425818560443,76.709648332405,385
-7.6926,53.28823,2021/09/15 23:00:00+00,Thu 16 Sep 2021,1903,10587,114,3550278,3383971,238916,3789194,3622887,80.4686522796054,76.9368985201874,386
-7.6926,53.28823,2021/09/16 23:00:00+00,Fri 17 Sep 2021,2554,14606,92,3552832,3398577,239008,3791840,3637585,80.524843663296,77.2490304013224,387
-7.6926,53.28823,2021/09/17 23:00:00+00,Sat 18 Sep 2021,2283,11223,45,3555115,3409800,239053,3794168,3648853,80.5742818874953,77.4883215998957,388
-7.6926,53.28823,2021/09/18 23:00:00+00,Sun 19 Sep 2021,1858,8487,15,3556973,3418287,239068,3796041,3657355,80.6140575721712,77.6688730527063,389
-7.6926,53.28823,2021/09/19 23:00:00+00,Mon 20 Sep 2021,952,5601,34,3557925,3423888,239102,3797027,3662990,80.6349966138639,77.7885398883435,390
-7.6926,53.28823,2021/09/20 23:00:00+00,Tue 21 Sep 2021,1462,6659,90,3559387,3430547,239192,3798579,3669739,80.6679554299968,77.9318640185504,391
-7.6926,53.28823,2021/09/21 23:00:00+00,Wed 22 Sep 2021,1892,8133,97,3561279,3438680,239289,3800568,3677969,80.7101945313424,78.1066391839975,392
-7.6926,53.28823,2021/09/22 23:00:00+00,Thu 23 Sep 2021,1694,8746,89,3562973,3447426,239378,3802351,3686804,80.7480589444642,78.2942623415582,393
-7.6926,53.28823,2021/09/23 23:00:00+00,Fri 24 Sep 2021,1907,7386,79,3564880,3454812,239457,3804337,3694269,80.790234336758,78.4527916987955,394
-7.6926,53.28823,2021/09/24 23:00:00+00,Sat 25 Sep 2021,2413,6584,51,3567293,3461396,239508,3806801,3700904,80.8425607046391,78.5936948850338,395
-7.6926,53.28823,2021/09/25 23:00:00+00,Sun 26 Sep 2021,1539,7095,0,3568832,3468491,239508,3808340,3707999,80.8752434482142,78.7443667925487,396
-7.6926,53.28823,2021/09/26 23:00:00+00,Mon 27 Sep 2021,1173,3798,45,3570005,3472289,239553,3809558,3711842,80.9011093232463,78.8259780879087,397
-7.6926,53.28823,2021/09/27 23:00:00+00,Tue 28 Sep 2021,1446,5121,92,3571451,3477410,239645,3811096,3717055,80.9337708304708,78.9366831835923,398
-7.6926,53.28823,2021/09/28 23:00:00+00,Wed 29 Sep 2021,1651,3607,78,3573102,3481017,239723,3812825,3720740,80.9704884806602,79.0149391355574,399
-7.6926,53.28823,2021/09/29 23:00:00+00,Thu 30 Sep 2021,1281,3951,78,3574383,3484968,239801,3814184,3724769,80.9993486811271,79.1005003921292,400
-7.6926,53.28823,2021/09/30 23:00:00+00,Fri 01 Oct 2021,1836,5163,41,3576219,3490131,239842,3816061,3729973,81.0392093112053,79.2110143606574,401
-7.6926,53.28823,2021/10/01 23:00:00+00,Sat 02 Oct 2021,1709,4079,40,3577928,3494210,239882,3817810,3734092,81.0763516884067,79.2984868887833,402
-7.6926,53.28823,2021/10/02 23:00:00+00,Sun 03 Oct 2021,1194,3011,9,3579122,3497221,239891,3819013,3737112,81.1018990181798,79.3626206675987,403
-7.6926,53.28823,2021/10/03 23:00:00+00,Mon 04 Oct 2021,338,1230,18,3579460,3498451,239909,3819369,3738360,81.1094591589938,79.3891236331488,404
-7.6926,53.28823,2021/10/04 23:00:00+00,Tue 05 Oct 2021,964,2814,70,3580424,3501265,239979,3820403,3741244,81.1314175455153,79.4503692682824,405
-7.6926,53.28823,2021/10/05 23:00:00+00,Wed 06 Oct 2021,973,2557,37,3581397,3503822,240016,3821413,3743838,81.1528662596225,79.5054563617417,406
-7.6926,53.28823,2021/10/06 23:00:00+00,Thu 07 Oct 2021,1210,2687,44,3582607,3506509,240060,3822667,3746569,81.1794966432762,79.5634528352333,407
-7.6926,53.28823,2021/10/07 23:00:00+00,Fri 08 Oct 2021,975,2774,47,3583582,3509283,240107,3823689,3749390,81.2012001935906,79.623360580279,408
-7.6926,53.28823,2021/10/08 23:00:00+00,Sat 09 Oct 2021,731,2369,23,3584313,3511652,240130,3824443,3751782,81.2172124019438,79.6741579309169,409
-7.6926,53.28823,2021/10/09 23:00:00+00,Sun 10 Oct 2021,1501,3912,1,3585814,3515564,240131,3825945,3755695,81.2491094005467,79.757255770819,410
-7.6926,53.28823,2021/10/10 23:00:00+00,Mon 11 Oct 2021,330,1112,17,3586144,3516676,240148,3826292,3756824,81.2564784142052,79.7812316106477,411
-7.6926,53.28823,2021/10/11 23:00:00+00,Tue 12 Oct 2021,560,1601,20,3586704,3518277,240168,3826872,3758445,81.2687954975539,79.815655734972,412
-7.6926,53.28823,2021/10/12 23:00:00+00,Wed 13 Oct 2021,1004,2059,11,3587708,3520336,240179,3827887,3760515,81.290350393414,79.8596149807163,413
-7.6926,53.28823,2021/10/13 23:00:00+00,Thu 14 Oct 2021,686,1585,8,3588394,3521921,240187,3828581,3762108,81.3050884207312,79.8934444872239,414
-7.6926,53.28823,2021/10/14 23:00:00+00,Fri 15 Oct 2021,949,2060,8,3589343,3523981,240195,3829538,3764176,81.3254116082564,79.937361260267,415
-7.6926,53.28823,2021/10/15 23:00:00+00,Sat 16 Oct 2021,1369,2631,13,3590712,3526612,240208,3830920,3766820,81.3547602447872,79.9935101712563,416
-7.6926,53.28823,2021/10/16 23:00:00+00,Sun 17 Oct 2021,1701,2883,2,3592413,3529495,240210,3832623,3769705,81.3909257498609,80.0547770427405,417
-7.6926,53.28823,2021/10/17 23:00:00+00,Mon 18 Oct 2021,668,1231,4,3593081,3530726,240214,3833295,3770940,81.4051965774648,80.0810039357329,418
-7.6926,53.28823,2021/10/18 23:00:00+00,Tue 19 Oct 2021,1332,1784,14,3594413,3532510,240228,3834641,3772738,81.4337807053739,80.1191868941137,419
-7.6926,53.28823,2021/10/19 23:00:00+00,Wed 20 Oct 2021,2246,2309,0,3596659,3534819,240228,3836887,3775047,81.481477548824,80.1682216276516,420
-7.6926,53.28823,2021/10/20 23:00:00+00,Thu 21 Oct 2021,1742,1811,11,3598401,3536630,240239,3838640,3776869,81.5187048714277,80.2069142584468,421
-7.6926,53.28823,2021/10/21 23:00:00+00,Fri 22 Oct 2021,1495,1912,2,3599896,3538542,240241,3840137,3778783,81.5504956882776,80.2475606334973,422
-7.6926,53.28823,2021/10/22 23:00:00+00,Sat 23 Oct 2021,2008,1686,1,3601904,3540228,240242,3842146,3780470,81.5931595166352,80.2833863569614,423
-7.6926,53.28823,2021/10/23 23:00:00+00,Sun 24 Oct 2021,1947,2183,2,3603851,3542411,240244,3844095,3782655,81.6345491639567,80.3297877830248,424
-7.6926,53.28823,2021/10/24 23:00:00+00,Mon 25 Oct 2021,1217,837,2,3605068,3543248,240246,3845314,3783494,81.6604362753395,80.3476050811791,425
-7.6926,53.28823,2021/10/25 23:00:00+00,Tue 26 Oct 2021,1236,1206,6,3606304,3544454,240252,3846556,3784706,81.6868118227861,80.3733435381077,426
-7.6926,53.28823,2021/10/26 23:00:00+00,Wed 27 Oct 2021,1554,1407,5,3607858,3545861,240257,3848115,3786118,81.7199192933732,80.4033292651564,427
-7.6926,53.28823,2021/10/27 23:00:00+00,Thu 28 Oct 2021,2145,1678,4,3610003,3547539,240261,3850264,3787800,81.7655562108149,80.4390488068675,428
-7.6926,53.28823,2021/10/28 23:00:00+00,Fri 29 Oct 2021,2134,1348,0,3612137,3548887,240261,3852398,3789148,81.8108745829977,80.4676754074778,429
-7.6926,53.28823,2021/10/29 23:00:00+00,Sat 30 Oct 2021,2011,1440,0,3614148,3550327,240261,3854409,3790588,81.8535808840565,80.4982557523434,430
-7.6926,53.28823,2021/10/30 23:00:00+00,Sun 31 Oct 2021,1592,1315,0,3615740,3551642,240261,3856001,3791903,81.8873891542135,80.5261815533838,431
-7.6926,53.28823,2021/11/01 00:00:00+00,Mon 01 Nov 2021,263,261,2,3616003,3551903,240263,3856266,3792166,81.8930167871228,80.5317667135919,432
-7.6926,53.28823,2021/11/02 00:00:00+00,Tue 02 Nov 2021,1088,1078,9,3617091,3552981,240272,3857363,3793253,81.9163130637322,80.5548506266953,433
-7.6926,53.28823,2021/11/03 00:00:00+00,Wed 03 Nov 2021,2531,1847,6,3619622,3554828,240278,3859900,3795106,81.9701896852072,80.5942015843592,434
-7.6926,53.28823,2021/11/04 00:00:00+00,Thu 04 Nov 2021,1541,1256,1,3621163,3556084,240279,3861442,3796363,82.0029361378341,80.6208956770648,435
-7.6926,53.28823,2021/11/05 00:00:00+00,Fri 05 Nov 2021,1630,1073,3,3622793,3557157,240282,3863075,3797439,82.0376150983657,80.6437459903116,436
-7.6926,53.28823,2021/11/06 00:00:00+00,Sat 06 Nov 2021,1817,1340,5,3624610,3558497,240287,3864897,3798784,82.0763077291609,80.67230888187,437
-7.6926,53.28823,2021/11/07 00:00:00+00,Sun 07 Nov 2021,693,768,0,3625303,3559265,240287,3865590,3799552,82.0910245201275,80.6886183991317,438
-7.6926,53.28823,2021/11/08 00:00:00+00,Mon 08 Nov 2021,513,521,2,3625816,3559786,240289,3866105,3800075,82.1019612406871,80.6997250104961,439
-7.6926,53.28823,2021/11/09 00:00:00+00,Tue 09 Nov 2021,1374,1046,1,3627190,3560832,240290,3867480,3801122,82.1311612227636,80.7219594695754,440
-7.6926,53.28823,2021/11/10 00:00:00+00,Wed 10 Nov 2021,1622,1334,0,3628812,3562166,240290,3869102,3802456,82.1656065834386,80.7502887612773,441
-7.6926,53.28823,2021/11/11 00:00:00+00,Thu 11 Nov 2021,1393,1093,2,3630205,3563259,240292,3870497,3803551,82.1952312925271,80.7735425651855,442
-7.6926,53.28823,2021/11/12 00:00:00+00,Fri 12 Nov 2021,1150,1122,5,3631355,3564381,240297,3871652,3804678,82.2197592774714,80.797475932313,443
-7.6926,53.28823,2021/11/13 00:00:00+00,Sat 13 Nov 2021,1404,1360,0,3632759,3565741,240297,3873056,3806038,82.2495751137154,80.8263573691305,444
-7.6926,53.28823,2021/11/14 00:00:00+00,Sun 14 Nov 2021,1646,1800,0,3634405,3567541,240297,3874702,3807838,82.2845301468048,80.8645828002124,445
-7.6926,53.28823,2021/11/15 00:00:00+00,Mon 15 Nov 2021,1246,574,1,3635651,3568115,240298,3875949,3808413,82.3110118760043,80.8767937018081,446
-7.6926,53.28823,2021/11/16 00:00:00+00,Tue 16 Nov 2021,1317,1058,5,3636968,3569173,240303,3877271,3809476,82.339086331499,80.8993679424971,447
-7.6926,53.28823,2021/11/17 00:00:00+00,Wed 17 Nov 2021,1512,1093,0,3638480,3570266,240303,3878783,3810569,82.3711956936079,80.9225792737041,448
-7.6926,53.28823,2021/11/18 00:00:00+00,Thu 18 Nov 2021,1661,2478,5,3640141,3572744,240308,3880449,3813052,82.4065754537093,80.9753091322466,449
-7.6926,53.28823,2021/11/19 00:00:00+00,Fri 19 Nov 2021,1176,1530,0,3641317,3574274,240308,3881625,3814582,82.4315494020162,81.0078007486663,450
-7.6926,53.28823,2021/11/20 00:00:00+00,Sat 20 Nov 2021,1541,2924,12,3642858,3577198,240320,3883178,3817518,82.4645294544997,81.0701506740312,451
-7.6926,53.28823,2021/11/21 00:00:00+00,Sun 21 Nov 2021,1786,2754,0,3644644,3579952,240320,3884964,3820272,82.5024575766733,81.1286355835866,452
-7.6926,53.28823,2021/11/22 00:00:00+00,Mon 22 Nov 2021,708,495,2,3645352,3580447,240322,3885674,3820769,82.5175353856001,81.1391900498353,453
-7.6926,53.28823,2021/11/23 00:00:00+00,Tue 23 Nov 2021,2161,1566,6,3647513,3582013,240328,3887841,3822341,82.5635545573527,81.1725735929803,454
-7.6926,53.28823,2021/11/24 00:00:00+00,Wed 24 Nov 2021,1623,3121,2,3649136,3585134,240330,3889466,3825464,82.5980636270795,81.2388947159075,455
-7.6926,53.28823,2021/11/25 00:00:00+00,Thu 25 Nov 2021,990,1166,1,3650126,3586300,240331,3890457,3826631,82.6191088505252,81.263677537059,456
-7.6926,53.28823,2021/11/26 00:00:00+00,Fri 26 Nov 2021,1289,1083,12,3651415,3587383,240343,3891758,3827726,82.6467373426572,81.2869313409672,457
-7.6926,53.28823,2021/11/27 00:00:00+00,Sat 27 Nov 2021,1219,1554,6,3652634,3588937,240349,3892983,3829286,82.6727518721436,81.320060047905,458
-7.6926,53.28823,2021/11/28 00:00:00+00,Sun 28 Nov 2021,1965,2253,0,3654599,3591190,240349,3894948,3831539,82.7144813010748,81.3679055458093,459
-7.6926,53.28823,2021/11/29 00:00:00+00,Mon 29 Nov 2021,544,979,1,3655143,3592169,240350,3895493,3832519,82.7260551121524,81.3887171693983,460
-7.6926,53.28823,2021/11/30 00:00:00+00,Tue 30 Nov 2021,1923,1622,6,3657066,3593791,240356,3897422,3834147,82.7670200324619,81.4232899481769,461
-7.6926,53.28823,2021/12/01 00:00:00+00,Wed 01 Dec 2021,1077,1354,1,3658143,3595145,240357,3898500,3835502,82.7899128184099,81.4520652032414,462
-7.6926,53.28823,2021/12/02 00:00:00+00,Thu 02 Dec 2021,1772,1397,0,3659915,3596542,240357,3900272,3836899,82.827543631675,81.4817323850312,463
-7.6926,53.28823,2021/12/03 00:00:00+00,Fri 03 Dec 2021,1045,1166,3,3660960,3597708,240360,3901320,3838068,82.849799327105,81.5065576788839,464
-7.6926,53.28823,2021/12/04 00:00:00+00,Sat 04 Dec 2021,1201,1696,1,3662161,3599404,240361,3902522,3839765,82.8753254205275,81.5425957658539,465
-7.6926,53.28823,2021/12/05 00:00:00+00,Sun 05 Dec 2021,1348,1772,1,3663509,3601176,240362,3903871,3841538,82.9039732574884,81.5802478154697,466
-7.6926,53.28823,2021/12/06 00:00:00+00,Mon 06 Dec 2021,933,1279,0,3664442,3602455,240362,3904804,3842817,82.9237867725993,81.6074091078885,467
-7.6926,53.28823,2021/12/07 00:00:00+00,Tue 07 Dec 2021,485,734,1,3664927,3603189,240363,3905290,3843552,82.9341076389914,81.6230178255803,468
-7.6926,53.28823,2021/12/08 00:00:00+00,Wed 08 Dec 2021,805,1496,0,3665732,3604685,240363,3906095,3845048,82.9512029012253,81.6547874060796,469
-7.6926,53.28823,2021/12/09 00:00:00+00,Thu 09 Dec 2021,796,1190,0,3666528,3605875,240363,3906891,3846238,82.9681070363037,81.6800586632949,470
-7.6926,53.28823,2021/12/10 00:00:00+00,Fri 10 Dec 2021,893,1594,1,3667421,3607469,240364,3907785,3847833,82.9870923337411,81.7139306425037,471
-7.6926,53.28823,2021/12/11 00:00:00+00,Sat 11 Dec 2021,639,835,0,3668060,3608304,240364,3908424,3848668,83.0006623617752,81.7316629952556,472
-7.6926,53.28823,2021/12/12 00:00:00+00,Sun 12 Dec 2021,691,1189,0,3668751,3609493,240364,3909115,3849857,83.0153366800406,81.7569130161203,473
-7.6926,53.28823,2021/12/13 00:00:00+00,Mon 13 Dec 2021,726,1048,1,3669477,3610541,240365,3909842,3850906,83.0307755069276,81.7791899479009,474
-7.6926,53.28823,2021/12/14 00:00:00+00,Tue 14 Dec 2021,627,1186,1,3670104,3611727,240366,3910470,3852093,83.0441119351051,81.8043974960644,475
-7.6926,53.28823,2021/12/15 00:00:00+00,Wed 15 Dec 2021,800,1229,1,3670904,3612956,240367,3911271,3853323,83.0611222519366,81.8305182073037,476
-7.6926,53.28823,2021/12/16 00:00:00+00,Thu 16 Dec 2021,1062,1516,7,3671966,3614472,240374,3912340,3854846,83.0838239107292,81.8628611692692,477
-7.6926,53.28823,2021/12/17 00:00:00+00,Fri 17 Dec 2021,1211,2434,1,3673177,3616906,240375,3913552,3857281,83.1095623676577,81.9145716829829,478
-7.6926,53.28823,2021/12/18 00:00:00+00,Sat 18 Dec 2021,1260,1172,0,3674437,3618078,240375,3914812,3858453,83.1363201694151,81.9394606858874,479
-7.6926,53.28823,2021/12/19 00:00:00+00,Sun 19 Dec 2021,559,879,1,3674996,3618957,240376,3915372,3859333,83.1482125257517,81.9581486744164,480
-7.6926,53.28823,2021/12/20 00:00:00+00,Mon 20 Dec 2021,536,595,0,3675532,3619552,240376,3915908,3859928,83.1595952096739,81.970784303024,481
-7.6926,53.28823,2021/12/21 00:00:00+00,Tue 21 Dec 2021,1459,1787,4,3676991,3621339,240380,3917371,3861719,83.1906639906033,82.0088186069506,482
-7.6926,53.28823,2021/12/22 00:00:00+00,Wed 22 Dec 2021,1224,1558,2,3678215,3622897,240382,3918597,3863279,83.2166997564403,82.0419473138883,483
-7.6926,53.28823,2021/12/23 00:00:00+00,Thu 23 Dec 2021,957,1349,0,3679172,3624246,240382,3919554,3864628,83.2370229439656,82.0705951508492,484
-7.6926,53.28823,2021/12/24 00:00:00+00,Fri 24 Dec 2021,105,142,0,3679277,3624388,240382,3919659,3864770,83.2392527607787,82.0736107126346,485
-7.6926,53.28823,2021/12/25 00:00:00+00,Sat 25 Dec 2021,2,1,0,3679279,3624389,240382,3919661,3864771,83.2392952334799,82.0736319489852,486
-7.6926,53.28823,2021/12/26 00:00:00+00,Sun 26 Dec 2021,11,7,0,3679290,3624396,240382,3919672,3864778,83.2395288333365,82.0737806034394,487
-7.6926,53.28823,2021/12/27 00:00:00+00,Mon 27 Dec 2021,389,583,0,3679679,3624979,240382,3920061,3865361,83.2477897737203,82.0861613958398,488
-7.6926,53.28823,2021/12/28 00:00:00+00,Tue 28 Dec 2021,467,738,0,3680146,3625717,240382,3920528,3866099,83.257707149451,82.1018338225835,489
-7.6926,53.28823,2021/12/29 00:00:00+00,Wed 29 Dec 2021,1079,1287,0,3681225,3627004,240382,3921607,3867386,83.2806211717496,82.1291650058071,490
-7.6926,53.28823,2021/12/30 00:00:00+00,Thu 30 Dec 2021,1071,1179,1,3682296,3628183,240383,3922679,3868566,83.303386539594,82.1542238995164,491
-7.6926,53.28823,2021/12/31 00:00:00+00,Fri 31 Dec 2021,720,1668,0,3683016,3629851,240383,3923399,3870234,83.3186767120268,82.189646132319,492
-7.6926,53.28823,2022/01/01 00:00:00+00,Sat 01 Jan 2022,68,95,0,3683084,3629946,240383,3923467,3870329,83.3201207838677,82.1916635856261,493
-7.6926,53.28823,2022/01/02 00:00:00+00,Sun 02 Jan 2022,270,623,0,3683354,3630569,240383,3923737,3870952,83.32585459853,82.2048938320506,494
-7.6926,53.28823,2022/01/03 00:00:00+00,Mon 03 Jan 2022,3631,717,1,3686985,3631286,240384,3927369,3871670,83.4029850239132,82.2201415317822,495
