X,Y,VaccinationDate,VaccineText,Dose1,Dose2,SingleDose,Dose1Cum,Dose2Cum,SingleDoseCum,PartiallyVacc,FullyVacc,PartialPercent,FullyPercent,ObjectId
-7.6926,53.28823,2021/12/11 00:00:00+00,Sat 11 Dec 2021,643,844,2,3674701,3615569,240963,3915664,3856532,81.6015107994779,80.3692139178776,1
-7.6926,53.28823,2022/04/06 23:00:00+00,Thu 07 Apr 2022,117,178,0,3841225,3784508,241025,4082250,4025533,85.0731236033451,83.8911547500385,2
-7.6926,53.28823,2021/08/16 23:00:00+00,Tue 17 Aug 2021,12877,26873,530,3367252,2965027,233077,3600329,3198104,75.030004049166,66.6477302684432,3
-7.6926,53.28823,2021/12/12 00:00:00+00,Sun 12 Dec 2021,685,1193,0,3675386,3616762,240963,3916349,3857725,81.6157860373169,80.3940757554571,4
-7.6926,53.28823,2021/12/13 00:00:00+00,Mon 13 Dec 2021,721,1071,1,3676107,3617833,240964,3917071,3858797,81.6308323463969,80.416415981681,5
-7.6926,53.28823,2022/04/07 23:00:00+00,Fri 08 Apr 2022,256,422,2,3841481,3784930,241027,4082508,4025957,85.0785002622684,83.8999908096644,6
-7.6926,53.28823,2021/12/14 00:00:00+00,Tue 14 Dec 2021,632,1203,3,3676739,3619036,240967,3917706,3860003,81.6440655960725,80.441548736183,7
-7.6926,53.28823,2022/04/08 23:00:00+00,Sat 09 Apr 2022,558,1018,0,3842039,3785948,241027,4083066,4026975,85.0901288501723,83.9212056886719,8
-7.6926,53.28823,2022/04/09 23:00:00+00,Sun 10 Apr 2022,413,719,0,3842452,3786667,241027,4083479,4027694,85.0987356724023,83.936189478462,9
-7.6926,53.28823,2021/12/15 00:00:00+00,Wed 15 Dec 2021,790,1258,1,3677529,3620294,240968,3918497,3861262,81.6605498488179,80.4677859981382,10
-7.6926,53.28823,2022/04/10 23:00:00+00,Mon 11 Apr 2022,70,93,1,3842522,3786760,241028,4083550,4027788,85.1002152955943,83.9381484162092,11
-7.6926,53.28823,2021/12/16 00:00:00+00,Thu 16 Dec 2021,1046,1546,8,3678575,3621840,240976,3919551,3862816,81.6825149593031,80.5001709902576,12
-7.6926,53.28823,2020/12/28 00:00:00+00,Mon 28 Dec 2020,261,16,2,261,16,2,263,18,0.00548085773964842,0.000375115738835253,13
-7.6926,53.28823,2021/12/17 00:00:00+00,Fri 17 Dec 2021,1197,2459,1,3679772,3624299,240977,3920749,3865276,81.7074809956989,80.5514368078984,14
-7.6926,53.28823,2022/04/11 23:00:00+00,Tue 12 Apr 2022,197,178,0,3842719,3786938,241028,4083747,4027966,85.1043207289582,83.9418578940711,15
-7.6926,53.28823,2021/12/18 00:00:00+00,Sat 18 Dec 2021,1251,1185,0,3681023,3625484,240977,3922000,3866461,81.7335515395479,80.5761319273717,16
-7.6926,53.28823,2022/04/12 23:00:00+00,Wed 13 Apr 2022,142,235,0,3842861,3787173,241028,4083889,4028201,85.1072799753424,83.9467552384392,17
-7.6926,53.28823,2021/12/19 00:00:00+00,Sun 19 Dec 2021,550,890,2,3681573,3626374,240979,3922552,3867353,81.7450550888722,80.5947209962074,18
-7.6926,53.28823,2022/04/13 23:00:00+00,Thu 14 Apr 2022,359,431,0,3843220,3787604,241028,4084248,4028632,85.1147614503558,83.955737176408,19
-7.6926,53.28823,2021/12/20 00:00:00+00,Mon 20 Dec 2021,517,618,1,3682090,3626992,240980,3923070,3867972,81.7558500862454,80.6076208096706,20
-7.6926,53.28823,2022/04/14 23:00:00+00,Fri 15 Apr 2022,446,990,0,3843666,3788594,241028,4084694,4029622,85.1240559847736,83.9763685420439,21
-7.6926,53.28823,2021/12/21 00:00:00+00,Tue 21 Dec 2021,1405,1818,3,3683495,3628810,240983,3924478,3869793,81.7851924729276,80.6455700185828,22
-7.6926,53.28823,2022/04/15 23:00:00+00,Sat 16 Apr 2022,43,88,0,3843709,3788682,241028,4084737,4029710,85.1249520945942,83.9782024412116,23
-7.6926,53.28823,2021/12/22 00:00:00+00,Wed 22 Dec 2021,1165,1600,2,3684660,3630410,240985,3925645,3871395,81.8095124766621,80.6789553193392,24
-7.6926,53.28823,2022/04/16 23:00:00+00,Sun 17 Apr 2022,1,1,0,3843710,3788683,241028,4084738,4029711,85.1249729343575,83.9782232809748,25
-7.6926,53.28823,2021/12/23 00:00:00+00,Thu 23 Dec 2021,928,1399,0,3685588,3631809,240985,3926573,3872794,81.8288517769754,80.708110148152,26
-7.6926,53.28823,2022/04/17 23:00:00+00,Mon 18 Apr 2022,36,62,1,3843746,3788745,241029,4084775,4029774,85.1257440055984,83.9795361860607,27
-7.6926,53.28823,2022/04/18 23:00:00+00,Tue 19 Apr 2022,218,270,1,3843964,3789015,241030,4084994,4030045,85.1303079137542,83.9851837619065,28
-7.6926,53.28823,2021/12/24 00:00:00+00,Fri 24 Dec 2021,101,163,0,3685689,3631972,240985,3926674,3872957,81.8309565930655,80.7115070295647,29
-7.6926,53.28823,2022/04/19 23:00:00+00,Wed 20 Apr 2022,250,607,0,3844214,3789622,241030,4085244,4030652,85.1355178545714,83.9978334982106,30
-7.6926,53.28823,2022/04/20 23:00:00+00,Thu 21 Apr 2022,170,236,0,3844384,3789858,241030,4085414,4030888,85.1390606143271,84.002751682342,31
-7.6926,53.28823,2021/12/25 00:00:00+00,Sat 25 Dec 2021,1,7,0,3685690,3631979,240985,3926675,3872964,81.8309774328288,80.7116529079076,32
-7.6926,53.28823,2021/12/26 00:00:00+00,Sun 26 Dec 2021,12,13,0,3685702,3631992,240985,3926687,3872977,81.831227509988,80.7119238248301,33
-7.6926,53.28823,2022/04/21 23:00:00+00,Fri 22 Apr 2022,194,254,0,3844578,3790112,241030,4085608,4031142,85.1431035284012,84.0080449822122,34
-7.6926,53.28823,2021/12/27 00:00:00+00,Mon 27 Dec 2021,391,590,0,3686093,3632582,240985,3927078,3873567,81.839375857426,80.7242192851586,35
-7.6926,53.28823,2022/04/22 23:00:00+00,Sat 23 Apr 2022,322,1010,0,3844900,3791122,241030,4085930,4032152,85.1498139321737,84.0290931431135,36
-7.6926,53.28823,2022/04/23 23:00:00+00,Sun 24 Apr 2022,181,252,0,3845081,3791374,241030,4086111,4032404,85.1535859293253,84.0343447634572,37
-7.6926,53.28823,2022/04/24 23:00:00+00,Mon 25 Apr 2022,41,59,1,3845122,3791433,241031,4086153,4032464,85.1544611993826,84.0355951492533,38
-7.6926,53.28823,2021/12/28 00:00:00+00,Tue 28 Dec 2021,468,749,0,3686561,3633331,240985,3927546,3874316,81.8491288666357,80.7398282678468,39
-7.6926,53.28823,2022/04/25 23:00:00+00,Tue 26 Apr 2022,144,238,0,3845266,3791671,241031,4086297,4032702,85.1574621252932,84.0405550129113,40
-7.6926,53.28823,2021/12/29 00:00:00+00,Wed 29 Dec 2021,1058,1312,0,3687619,3634643,240985,3928604,3875628,81.8711773361739,80.7671700372552,41
-7.6926,53.28823,2022/04/26 23:00:00+00,Wed 27 Apr 2022,122,208,0,3845388,3791879,241031,4086419,4032910,85.160004576412,84.0448896836712,42
-7.6926,53.28823,2021/12/30 00:00:00+00,Thu 30 Dec 2021,1049,1199,1,3688668,3635842,240986,3929654,3876828,81.893059087606,80.7921777531776,43
-7.6926,53.28823,2022/04/27 23:00:00+00,Thu 28 Apr 2022,100,130,0,3845488,3792009,241031,4086519,4033040,85.1620885527389,84.0475988528961,44
-7.6926,53.28823,2021/12/31 00:00:00+00,Fri 31 Dec 2021,712,1682,0,3689380,3637524,240986,3930366,3878510,81.9078969990532,80.8272302349954,45
-7.6926,53.28823,2022/04/28 23:00:00+00,Fri 29 Apr 2022,168,222,0,3845656,3792231,241031,4086687,4033262,85.165589632968,84.0522252803417,46
-7.6926,53.28823,2022/01/01 00:00:00+00,Sat 01 Jan 2022,69,100,0,3689449,3637624,240986,3930435,3878610,81.9093349427188,80.8293142113223,47
-7.6926,53.28823,2022/04/29 23:00:00+00,Sat 30 Apr 2022,281,723,0,3845937,3792954,241031,4086968,4033985,85.1714456064465,84.0672924291849,48
-7.6926,53.28823,2022/01/02 00:00:00+00,Sun 02 Jan 2022,271,629,0,3689720,3638253,240986,3930706,3879239,81.9149825185646,80.8424224224183,49
-7.6926,53.28823,2022/07/31 23:00:00+00,Mon 01 Aug 2022,9,15,0,3855189,3809152,241044,4096233,4050196,85.3645260131303,84.4051258315326,50
-7.6926,53.28823,2021/04/22 23:00:00+00,Fri 23 Apr 2021,33612,12362,3,1015714,424290,270,1015984,424560,21.1728660447109,8.8477298933275,51
-7.6926,53.28823,2020/12/29 00:00:00+00,Tue 29 Dec 2020,79,3,0,340,19,2,342,21,0.00712719903786981,0.000437635028641129,52
-7.6926,53.28823,2022/04/30 23:00:00+00,Sun 01 May 2022,187,746,0,3846124,3793700,241031,4087155,4034731,85.1753426421777,84.0828388925833,53
-7.6926,53.28823,2022/05/01 23:00:00+00,Mon 02 May 2022,12,26,0,3846136,3793726,241031,4087167,4034757,85.1755927193369,84.0833807264283,54
-7.6926,53.28823,2022/05/02 23:00:00+00,Tue 03 May 2022,96,118,0,3846232,3793844,241031,4087263,4034875,85.1775933366107,84.085839818494,55
-7.6926,53.28823,2022/05/03 23:00:00+00,Wed 04 May 2022,113,128,0,3846345,3793972,241031,4087376,4035003,85.1799482298601,84.0885073081924,56
-7.6926,53.28823,2022/05/04 23:00:00+00,Thu 05 May 2022,112,165,0,3846457,3794137,241031,4087488,4035168,85.1822822833462,84.0919458691317,57
-7.6926,53.28823,2022/05/05 23:00:00+00,Fri 06 May 2022,138,257,0,3846595,3794394,241031,4087626,4035425,85.1851581706772,84.0973016882917,58
-7.6926,53.28823,2022/05/06 23:00:00+00,Sat 07 May 2022,441,1088,0,3847036,3795482,241031,4088067,4036513,85.1943485062787,84.119975350728,59
-7.6926,53.28823,2022/05/07 23:00:00+00,Sun 08 May 2022,274,437,0,3847310,3795919,241031,4088341,4036950,85.2000586014143,84.1290823272764,60
-7.6926,53.28823,2022/05/08 23:00:00+00,Mon 09 May 2022,24,32,0,3847334,3795951,241031,4088365,4036982,85.2005587557328,84.129749199701,61
-7.6926,53.28823,2022/05/09 23:00:00+00,Tue 10 May 2022,80,98,1,3847414,3796049,241032,4088446,4037081,85.2022467765575,84.1318123362646,62
-7.6926,53.28823,2022/05/10 23:00:00+00,Wed 11 May 2022,112,132,0,3847526,3796181,241032,4088558,4037213,85.2045808300436,84.134563185016,63
-7.6926,53.28823,2022/05/11 23:00:00+00,Thu 12 May 2022,207,398,0,3847733,3796579,241032,4088765,4037611,85.2088946610402,84.1428574107969,64
-7.6926,53.28823,2022/05/12 23:00:00+00,Fri 13 May 2022,173,327,0,3847906,3796906,241032,4088938,4037938,85.2124999400857,84.1496720133858,65
-7.6926,53.28823,2022/05/13 23:00:00+00,Sat 14 May 2022,333,633,0,3848239,3797539,241032,4089271,4038571,85.2194395812541,84.1628635835348,66
-7.6926,53.28823,2022/05/14 23:00:00+00,Sun 15 May 2022,168,254,0,3848407,3797793,241032,4089439,4038825,85.2229406614833,84.1681568834051,67
-7.6926,53.28823,2022/05/15 23:00:00+00,Mon 16 May 2022,31,41,0,3848438,3797834,241032,4089470,4038866,85.2235866941446,84.1690113136991,68
-7.6926,53.28823,2022/05/16 23:00:00+00,Tue 17 May 2022,97,102,0,3848535,3797936,241032,4089567,4038968,85.2256081511816,84.1711369695525,69
-7.6926,53.28823,2022/05/17 23:00:00+00,Wed 18 May 2022,98,123,0,3848633,3798059,241032,4089665,4039091,85.227650447982,84.1737002604345,70
-7.6926,53.28823,2022/05/18 23:00:00+00,Thu 19 May 2022,73,106,0,3848706,3798165,241032,4089738,4039197,85.2291717507006,84.175909275341,71
-7.6926,53.28823,2022/05/19 23:00:00+00,Fri 20 May 2022,127,208,0,3848833,3798373,241032,4089865,4039405,85.2318184006357,84.1802439461009,72
-7.6926,53.28823,2022/05/20 23:00:00+00,Sat 21 May 2022,392,762,0,3849225,3799135,241032,4090257,4040167,85.239987587837,84.1961238457116,73
-7.6926,53.28823,2022/05/21 23:00:00+00,Sun 22 May 2022,234,409,0,3849459,3799544,241032,4090491,4040576,85.2448640924419,84.2046473088884,74
-7.6926,53.28823,2022/05/22 23:00:00+00,Mon 23 May 2022,26,35,0,3849485,3799579,241032,4090517,4040611,85.2454059262868,84.2053767006028,75
-7.6926,53.28823,2022/05/23 23:00:00+00,Tue 24 May 2022,64,83,0,3849549,3799662,241032,4090581,4040694,85.246739671136,84.2071064009541,76
-7.6926,53.28823,2022/05/24 23:00:00+00,Wed 25 May 2022,86,134,1,3849635,3799796,241033,4090668,4040829,85.2485527305404,84.2099197689954,77
-7.6926,53.28823,2022/05/25 23:00:00+00,Thu 26 May 2022,98,155,0,3849733,3799951,241033,4090766,4040984,85.2505950273407,84.213149932302,78
-7.6926,53.28823,2022/05/26 23:00:00+00,Fri 27 May 2022,95,152,0,3849828,3800103,241033,4090861,4041136,85.2525748048512,84.2163175763189,79
-7.6926,53.28823,2022/05/27 23:00:00+00,Sat 28 May 2022,335,580,0,3850163,3800683,241033,4091196,4041716,85.2595561255462,84.2284046390147,80
-7.6926,53.28823,2022/05/28 23:00:00+00,Sun 29 May 2022,182,349,0,3850345,3801032,241033,4091378,4042065,85.2633489624611,84.2356777163954,81
-7.6926,53.28823,2022/05/29 23:00:00+00,Mon 30 May 2022,8,23,0,3850353,3801055,241033,4091386,4042088,85.2635156805673,84.2361570309506,82
-7.6926,53.28823,2022/05/30 23:00:00+00,Tue 31 May 2022,65,79,2,3850418,3801134,241035,4091453,4042169,85.2649119447063,84.2378450517754,83
-7.6926,53.28823,2022/05/31 23:00:00+00,Wed 01 Jun 2022,68,102,0,3850486,3801236,241035,4091521,4042271,85.2663290486085,84.2399707076288,84
-7.6926,53.28823,2022/06/01 23:00:00+00,Thu 02 Jun 2022,91,141,0,3850577,3801377,241035,4091612,4042412,85.268225467066,84.2429091142496,85
-7.6926,53.28823,2022/06/02 23:00:00+00,Fri 03 Jun 2022,60,143,0,3850637,3801520,241035,4091672,4042555,85.2694758528621,84.245889200397,86
-7.6926,53.28823,2022/06/03 23:00:00+00,Sat 04 Jun 2022,305,607,0,3850942,3802127,241035,4091977,4043162,85.275831980659,84.2585389367011,87
-7.6926,53.28823,2022/06/04 23:00:00+00,Sun 05 Jun 2022,143,273,0,3851085,3802400,241035,4092120,4043435,85.2788120668064,84.2642281920734,88
-7.6926,53.28823,2022/06/05 23:00:00+00,Mon 06 Jun 2022,4,7,1,3851089,3802407,241036,4092125,4043443,85.2789162656228,84.2643949101796,89
-7.6926,53.28823,2022/06/06 23:00:00+00,Tue 07 Jun 2022,29,52,0,3851118,3802459,241036,4092154,4043495,85.2795206187576,84.2654785778695,90
-7.6926,53.28823,2022/06/07 23:00:00+00,Wed 08 Jun 2022,36,76,0,3851154,3802535,241036,4092190,4043571,85.2802708502353,84.267062399878,91
-7.6926,53.28823,2022/06/08 23:00:00+00,Thu 09 Jun 2022,73,122,0,3851227,3802657,241036,4092263,4043693,85.2817921529539,84.2696048509967,92
-7.6926,53.28823,2022/06/09 23:00:00+00,Fri 10 Jun 2022,56,108,0,3851283,3802765,241036,4092319,4043801,85.2829591796969,84.2718555454297,93
-7.6926,53.28823,2022/06/10 23:00:00+00,Sat 11 Jun 2022,189,561,0,3851472,3803326,241036,4092508,4044362,85.2868978949547,84.2835466526234,94
-7.6926,53.28823,2022/06/11 23:00:00+00,Sun 12 Jun 2022,143,288,0,3851615,3803614,241036,4092651,4044650,85.2898779811021,84.2895485044448,95
-7.6926,53.28823,2022/06/12 23:00:00+00,Mon 13 Jun 2022,17,44,0,3851632,3803658,241036,4092668,4044694,85.2902322570776,84.2904654540286,96
-7.6926,53.28823,2022/06/13 23:00:00+00,Tue 14 Jun 2022,37,55,0,3851669,3803713,241036,4092705,4044749,85.2910033283186,84.2916116410084,97
-7.6926,53.28823,2022/06/14 23:00:00+00,Wed 15 Jun 2022,66,123,0,3851735,3803836,241036,4092771,4044872,85.2923787526943,84.2941749318904,98
-7.6926,53.28823,2022/06/15 23:00:00+00,Thu 16 Jun 2022,42,85,0,3851777,3803921,241036,4092813,4044957,85.2932540227516,84.2959463117683,99
-7.6926,53.28823,2022/06/16 23:00:00+00,Fri 17 Jun 2022,58,95,0,3851835,3804016,241036,4092871,4045052,85.2944627290212,84.2979260892788,100
-7.6926,53.28823,2022/06/17 23:00:00+00,Sat 18 Jun 2022,223,488,0,3852058,3804504,241036,4093094,4045540,85.2991099962301,84.3080958937539,101
-7.6926,53.28823,2022/06/18 23:00:00+00,Sun 19 Jun 2022,80,129,0,3852138,3804633,241036,4093174,4045669,85.3007771772916,84.3107842232155,102
-7.6926,53.28823,2022/06/19 23:00:00+00,Mon 20 Jun 2022,9,28,0,3852147,3804661,241036,4093183,4045697,85.300964735161,84.3113677365871,103
-7.6926,53.28823,2022/06/20 23:00:00+00,Tue 21 Jun 2022,74,169,1,3852221,3804830,241037,4093258,4045867,85.3025277174061,84.3149104963427,104
-7.6926,53.28823,2022/06/21 23:00:00+00,Wed 22 Jun 2022,60,94,0,3852281,3804924,241037,4093318,4045961,85.3037781032022,84.31686943409,105
-7.6926,53.28823,2022/06/22 23:00:00+00,Thu 23 Jun 2022,64,114,0,3852345,3805038,241037,4093382,4046075,85.3051118480515,84.3192451671026,106
-7.6926,53.28823,2022/06/23 23:00:00+00,Fri 24 Jun 2022,55,93,1,3852400,3805131,241038,4093438,4046169,85.3062788747945,84.3212041048498,107
-7.6926,53.28823,2022/06/24 23:00:00+00,Sat 25 Jun 2022,210,293,0,3852610,3805424,241038,4093648,4046462,85.3106552250809,84.3273101554876,108
-7.6926,53.28823,2022/06/25 23:00:00+00,Sun 26 Jun 2022,174,402,0,3852784,3805826,241038,4093822,4046864,85.3142813438896,84.3356877403215,109
-7.6926,53.28823,2022/06/26 23:00:00+00,Mon 27 Jun 2022,4,33,0,3852788,3805859,241038,4093826,4046897,85.3143647029427,84.3363754525094,110
-7.6926,53.28823,2022/06/27 23:00:00+00,Tue 28 Jun 2022,48,60,0,3852836,3805919,241038,4093874,4046957,85.3153650115796,84.3376258383055,111
-7.6926,53.28823,2022/06/28 23:00:00+00,Wed 29 Jun 2022,63,81,3,3852899,3806000,241041,4093940,4047041,85.3167404359553,84.3393763784201,112
-7.6926,53.28823,2022/06/29 23:00:00+00,Thu 30 Jun 2022,49,88,0,3852948,3806088,241041,4093989,4047129,85.3177615843555,84.3412102775877,113
-7.6926,53.28823,2022/06/30 23:00:00+00,Fri 01 Jul 2022,46,64,1,3852994,3806152,241042,4094036,4047194,85.3187410532291,84.3425648622002,114
-7.6926,53.28823,2022/07/01 23:00:00+00,Sat 02 Jul 2022,182,228,0,3853176,3806380,241042,4094218,4047422,85.322533890144,84.3473163282254,115
-7.6926,53.28823,2022/07/02 23:00:00+00,Sun 03 Jul 2022,108,273,0,3853284,3806653,241042,4094326,4047695,85.324784584577,84.3530055835978,116
-7.6926,53.28823,2022/07/03 23:00:00+00,Mon 04 Jul 2022,13,15,0,3853297,3806668,241042,4094339,4047710,85.3250555014995,84.3533181800468,117
-7.6926,53.28823,2022/07/04 23:00:00+00,Tue 05 Jul 2022,51,69,0,3853348,3806737,241042,4094390,4047779,85.3261183294262,84.3547561237123,118
-7.6926,53.28823,2022/07/05 23:00:00+00,Wed 06 Jul 2022,60,83,0,3853408,3806820,241042,4094450,4047862,85.3273687152223,84.3564858240636,119
-7.6926,53.28823,2022/07/06 23:00:00+00,Thu 07 Jul 2022,76,76,0,3853484,3806896,241042,4094526,4047938,85.3289525372308,84.3580696460721,120
-7.6926,53.28823,2022/07/07 23:00:00+00,Fri 08 Jul 2022,99,90,0,3853583,3806986,241042,4094625,4048028,85.3310156737944,84.3599452247662,121
-7.6926,53.28823,2022/07/08 23:00:00+00,Sat 09 Jul 2022,119,143,0,3853702,3807129,241042,4094744,4048171,85.3334956056233,84.3629253109136,122
-7.6926,53.28823,2022/07/09 23:00:00+00,Sun 10 Jul 2022,132,219,0,3853834,3807348,241042,4094876,4048390,85.3362464543748,84.3674892190695,123
-7.6926,53.28823,2022/07/10 23:00:00+00,Mon 11 Jul 2022,11,16,0,3853845,3807364,241042,4094887,4048406,85.3364756917707,84.3678226552818,124
-7.6926,53.28823,2022/07/11 23:00:00+00,Tue 12 Jul 2022,44,81,0,3853889,3807445,241042,4094931,4048487,85.3373926413546,84.3695106761065,125
-7.6926,53.28823,2022/07/12 23:00:00+00,Wed 13 Jul 2022,99,74,0,3853988,3807519,241042,4095030,4048561,85.3394557779181,84.3710528185884,126
-7.6926,53.28823,2022/07/13 23:00:00+00,Thu 14 Jul 2022,71,39,0,3854059,3807558,241042,4095101,4048600,85.3409354011102,84.3718655693559,127
-7.6926,53.28823,2022/07/14 23:00:00+00,Fri 15 Jul 2022,80,118,1,3854139,3807676,241043,4095182,4048719,85.342623421935,84.3743455011848,128
-7.6926,53.28823,2022/07/15 23:00:00+00,Sat 16 Jul 2022,124,210,0,3854263,3807886,241043,4095306,4048929,85.3452075525803,84.3787218514713,129
-7.6926,53.28823,2022/07/16 23:00:00+00,Sun 17 Jul 2022,119,165,0,3854382,3808051,241043,4095425,4049094,85.3476874844092,84.3821604124106,130
-7.6926,53.28823,2022/07/17 23:00:00+00,Mon 18 Jul 2022,14,18,0,3854396,3808069,241043,4095439,4049112,85.347979241095,84.3825355281494,131
-7.6926,53.28823,2022/07/18 23:00:00+00,Tue 19 Jul 2022,30,33,0,3854426,3808102,241043,4095469,4049145,85.3486044339931,84.3832232403373,132
-7.6926,53.28823,2022/07/19 23:00:00+00,Wed 20 Jul 2022,78,66,0,3854504,3808168,241043,4095547,4049211,85.350229935528,84.384598664713,133
-7.6926,53.28823,2022/07/20 23:00:00+00,Thu 21 Jul 2022,52,30,0,3854556,3808198,241043,4095599,4049241,85.351313603218,84.3852238576111,134
-7.6926,53.28823,2022/07/21 23:00:00+00,Fri 22 Jul 2022,73,70,0,3854629,3808268,241043,4095672,4049311,85.3528349059366,84.3866826410399,135
-7.6926,53.28823,2022/07/22 23:00:00+00,Sat 23 Jul 2022,99,175,0,3854728,3808443,241043,4095771,4049486,85.3548980425002,84.3903295996119,136
-7.6926,53.28823,2022/07/23 23:00:00+00,Sun 24 Jul 2022,108,231,0,3854836,3808674,241043,4095879,4049717,85.3571487369332,84.3951435849269,137
-7.6926,53.28823,2022/07/24 23:00:00+00,Mon 25 Jul 2022,14,23,0,3854850,3808697,241043,4095893,4049740,85.357440493619,84.3956228994821,138
-7.6926,53.28823,2022/07/25 23:00:00+00,Tue 26 Jul 2022,18,16,0,3854868,3808713,241043,4095911,4049756,85.3578156093578,84.3959563356944,139
-7.6926,53.28823,2022/07/26 23:00:00+00,Wed 27 Jul 2022,60,72,1,3854928,3808785,241044,4095972,4049829,85.3590868349172,84.397477638413,140
-7.6926,53.28823,2022/07/27 23:00:00+00,Thu 28 Jul 2022,49,71,0,3854977,3808856,241044,4096021,4049900,85.3601079833174,84.3989572616051,141
-7.6926,53.28823,2022/07/28 23:00:00+00,Fri 29 Jul 2022,71,105,0,3855048,3808961,241044,4096092,4050005,85.3615876065094,84.4011454367483,142
-7.6926,53.28823,2022/07/29 23:00:00+00,Sat 30 Jul 2022,100,119,0,3855148,3809080,241044,4096192,4050124,85.3636715828363,84.4036253685773,143
-7.6926,53.28823,2022/07/30 23:00:00+00,Sun 31 Jul 2022,32,57,0,3855180,3809137,241044,4096224,4050181,85.3643384552609,84.4048132350836,144
-7.6926,53.28823,2021/08/17 23:00:00+00,Wed 18 Aug 2021,15242,25780,658,3382494,2990807,233735,3616229,3224542,75.3613562851371,67.1986919297392,145
-7.6926,53.28823,2022/01/03 00:00:00+00,Mon 03 Jan 2022,3632,728,1,3693352,3638981,240987,3934339,3879968,81.9906933785195,80.8576146098411,146
-7.6926,53.28823,2021/08/18 23:00:00+00,Thu 19 Aug 2021,11372,25731,545,3393866,3016538,234280,3628146,3250818,75.6097037440094,67.7462775493856,147
-7.6926,53.28823,2022/08/01 23:00:00+00,Tue 02 Aug 2022,36,28,0,3855225,3809180,241044,4096269,4050224,85.365276244608,84.4057093449041,148
-7.6926,53.28823,2020/12/30 00:00:00+00,Wed 30 Dec 2020,1063,2,0,1403,21,2,1405,23,0.0292798673924184,0.000479314555178379,149
-7.6926,53.28823,2021/04/23 23:00:00+00,Sat 24 Apr 2021,23707,7004,2,1039421,431294,272,1039693,431566,21.6669559920467,8.99373327478749,150
-7.6926,53.28823,2022/08/02 23:00:00+00,Wed 03 Aug 2022,93,139,0,3855318,3809319,241044,4096362,4050363,85.367214342592,84.4086060719985,151
-7.6926,53.28823,2022/08/03 23:00:00+00,Thu 04 Aug 2022,45,52,0,3855363,3809371,241044,4096407,4050415,85.368152131939,84.4096897396884,152
-7.6926,53.28823,2022/08/04 23:00:00+00,Fri 05 Aug 2022,96,91,0,3855459,3809462,241044,4096503,4050506,85.3701527492128,84.4115861581459,153
-7.6926,53.28823,2022/08/05 23:00:00+00,Sat 06 Aug 2022,74,130,0,3855533,3809592,241044,4096577,4050636,85.3716948916947,84.4142953273708,154
-7.6926,53.28823,2022/08/06 23:00:00+00,Sun 07 Aug 2022,28,80,0,3855561,3809672,241044,4096605,4050716,85.3722784050662,84.4159625084323,155
-7.6926,53.28823,2022/08/07 23:00:00+00,Mon 08 Aug 2022,11,15,0,3855572,3809687,241044,4096616,4050731,85.3725076424622,84.4162751048813,156
-7.6926,53.28823,2022/08/08 23:00:00+00,Tue 09 Aug 2022,47,42,0,3855619,3809729,241044,4096663,4050773,85.3734871113358,84.4171503749386,157
-7.6926,53.28823,2022/08/09 23:00:00+00,Wed 10 Aug 2022,55,94,0,3855674,3809823,241044,4096718,4050867,85.3746332983156,84.4191093126858,158
-7.6926,53.28823,2022/08/10 23:00:00+00,Thu 11 Aug 2022,45,39,0,3855719,3809862,241044,4096763,4050906,85.3755710876627,84.4199220634533,159
-7.6926,53.28823,2022/08/11 23:00:00+00,Fri 12 Aug 2022,70,75,0,3855789,3809937,241044,4096833,4050981,85.3770298710915,84.4214850456985,160
-7.6926,53.28823,2022/08/12 23:00:00+00,Sat 13 Aug 2022,103,151,0,3855892,3810088,241044,4096936,4051132,85.3791763667081,84.424631849952,161
-7.6926,53.28823,2022/08/13 23:00:00+00,Sun 14 Aug 2022,17,26,0,3855909,3810114,241044,4096953,4051158,85.3795306426837,84.425173683797,162
-7.6926,53.28823,2022/08/14 23:00:00+00,Mon 15 Aug 2022,7,11,0,3855916,3810125,241044,4096960,4051169,85.3796765210266,84.425402921193,163
-7.6926,53.28823,2022/08/15 23:00:00+00,Tue 16 Aug 2022,41,28,0,3855957,3810153,241044,4097001,4051197,85.3805309513206,84.4259864345645,164
-7.6926,53.28823,2022/08/16 23:00:00+00,Wed 17 Aug 2022,51,58,0,3856008,3810211,241044,4097052,4051255,85.3815937792473,84.4271951408341,165
-7.6926,53.28823,2022/08/17 23:00:00+00,Thu 18 Aug 2022,55,39,0,3856063,3810250,241044,4097107,4051294,85.3827399662271,84.4280078916016,166
-7.6926,53.28823,2022/08/18 23:00:00+00,Fri 19 Aug 2022,72,56,0,3856135,3810306,241044,4097179,4051350,85.3842404291824,84.4291749183446,167
-7.6926,53.28823,2022/08/19 23:00:00+00,Sat 20 Aug 2022,108,127,0,3856243,3810433,241044,4097287,4051477,85.3864911236154,84.4318215682797,168
-7.6926,53.28823,2022/08/20 23:00:00+00,Sun 21 Aug 2022,39,36,0,3856282,3810469,241044,4097326,4051513,85.3873038743829,84.4325717997574,169
-7.6926,53.28823,2022/08/21 23:00:00+00,Mon 22 Aug 2022,12,13,0,3856294,3810482,241044,4097338,4051526,85.3875539515421,84.4328427166799,170
-7.6926,53.28823,2022/08/22 23:00:00+00,Tue 23 Aug 2022,78,72,0,3856372,3810554,241044,4097416,4051598,85.3891794530771,84.4343431796352,171
-7.6926,53.28823,2022/08/23 23:00:00+00,Wed 24 Aug 2022,53,55,0,3856425,3810609,241044,4097469,4051653,85.3902839605303,84.435489366615,172
-7.6926,53.28823,2022/08/24 23:00:00+00,Thu 25 Aug 2022,40,49,0,3856465,3810658,241044,4097509,4051702,85.3911175510611,84.4365105150152,173
-7.6926,53.28823,2022/08/25 23:00:00+00,Fri 26 Aug 2022,98,89,0,3856563,3810747,241044,4097607,4051791,85.3931598478614,84.4383652539461,174
-7.6926,53.28823,2022/08/26 23:00:00+00,Sat 27 Aug 2022,86,119,0,3856649,3810866,241044,4097693,4051910,85.3949520675025,84.440845185775,175
-7.6926,53.28823,2022/08/27 23:00:00+00,Sun 28 Aug 2022,44,20,0,3856693,3810886,241044,4097737,4051930,85.3958690170863,84.4412619810404,176
-7.6926,53.28823,2022/08/28 23:00:00+00,Mon 29 Aug 2022,13,12,0,3856706,3810898,241044,4097750,4051942,85.3961399340088,84.4415120581996,177
-7.6926,53.28823,2022/08/29 23:00:00+00,Tue 30 Aug 2022,41,44,0,3856747,3810942,241044,4097791,4051986,85.3969943643028,84.4424290077834,178
-7.6926,53.28823,2022/08/30 23:00:00+00,Wed 31 Aug 2022,28,30,0,3856775,3810972,241044,4097819,4052016,85.3975778776743,84.4430542006815,179
-7.6926,53.28823,2022/08/31 23:00:00+00,Thu 01 Sep 2022,32,29,0,3856807,3811001,241044,4097851,4052045,85.3982447500989,84.4436585538163,180
-7.6926,53.28823,2022/09/01 23:00:00+00,Fri 02 Sep 2022,47,51,0,3856854,3811052,241044,4097898,4052096,85.3992242189726,84.444721381743,181
-7.6926,53.28823,2022/09/02 23:00:00+00,Sat 03 Sep 2022,73,101,0,3856927,3811153,241044,4097971,4052197,85.4007455216912,84.4468261978331,182
-7.6926,53.28823,2022/09/03 23:00:00+00,Sun 04 Sep 2022,58,82,0,3856985,3811235,241044,4098029,4052279,85.4019542279608,84.4485350584211,183
-7.6926,53.28823,2022/09/04 23:00:00+00,Mon 05 Sep 2022,9,5,0,3856994,3811240,241044,4098038,4052284,85.4021417858302,84.4486392572375,184
-7.6926,53.28823,2022/09/05 23:00:00+00,Tue 06 Sep 2022,42,22,0,3857036,3811262,241044,4098080,4052306,85.4030170558875,84.4490977320294,185
-7.6926,53.28823,2022/09/06 23:00:00+00,Wed 07 Sep 2022,49,42,0,3857085,3811304,241044,4098129,4052348,85.4040382042876,84.4499730020867,186
-7.6926,53.28823,2022/09/07 23:00:00+00,Thu 08 Sep 2022,39,49,2,3857124,3811353,241046,4098170,4052399,85.4048926345816,84.4510358300134,187
-7.6926,53.28823,2022/09/08 23:00:00+00,Fri 09 Sep 2022,63,61,0,3857187,3811414,241046,4098233,4052460,85.4062055396676,84.4523070555728,188
-7.6926,53.28823,2022/09/09 23:00:00+00,Sat 10 Sep 2022,94,135,0,3857281,3811549,241046,4098327,4052595,85.4081644774148,84.455120423614,189
-7.6926,53.28823,2022/09/10 23:00:00+00,Sun 11 Sep 2022,58,58,0,3857339,3811607,241046,4098385,4052653,85.4093731836844,84.4563291298836,190
-7.6926,53.28823,2022/09/11 23:00:00+00,Mon 12 Sep 2022,13,13,0,3857352,3811620,241046,4098398,4052666,85.4096441006069,84.4566000468061,191
-7.6926,53.28823,2022/09/12 23:00:00+00,Tue 13 Sep 2022,29,25,0,3857381,3811645,241046,4098427,4052691,85.4102484537417,84.4571210408878,192
-7.6926,53.28823,2022/09/13 23:00:00+00,Wed 14 Sep 2022,36,33,0,3857417,3811678,241046,4098463,4052724,85.4109986852193,84.4578087530757,193
-7.6926,53.28823,2022/09/14 23:00:00+00,Thu 15 Sep 2022,50,35,0,3857467,3811713,241046,4098513,4052759,85.4120406733828,84.4585381447901,194
-7.6926,53.28823,2022/09/15 23:00:00+00,Fri 16 Sep 2022,38,56,0,3857505,3811769,241046,4098551,4052815,85.412832584387,84.4597051715331,195
-7.6926,53.28823,2022/09/16 23:00:00+00,Sat 17 Sep 2022,67,149,0,3857572,3811918,241046,4098618,4052964,85.414228848526,84.4628102962602,196
-7.6926,53.28823,2022/09/17 23:00:00+00,Sun 18 Sep 2022,30,53,0,3857602,3811971,241046,4098648,4053017,85.414854041424,84.4639148037134,197
-7.6926,53.28823,2022/09/18 23:00:00+00,Mon 19 Sep 2022,11,11,0,3857613,3811982,241046,4098659,4053028,85.41508327882,84.4641440411093,198
-7.6926,53.28823,2022/09/19 23:00:00+00,Tue 20 Sep 2022,39,37,0,3857652,3812019,241046,4098698,4053065,85.4158960295875,84.4649151123503,199
-7.6926,53.28823,2022/09/20 23:00:00+00,Wed 21 Sep 2022,41,32,0,3857693,3812051,241046,4098739,4053097,85.4167504598815,84.4655819847749,200
-7.6926,53.28823,2022/09/21 23:00:00+00,Thu 22 Sep 2022,61,34,0,3857754,3812085,241046,4098800,4053131,85.4180216854409,84.466290536726,201
-7.6926,53.28823,2022/09/22 23:00:00+00,Fri 23 Sep 2022,38,39,0,3857792,3812124,241046,4098838,4053170,85.4188135964451,84.4671032874935,202
-7.6926,53.28823,2022/09/23 23:00:00+00,Sat 24 Sep 2022,56,104,0,3857848,3812228,241046,4098894,4053274,85.4199806231881,84.4692706228734,203
-7.6926,53.28823,2022/09/24 23:00:00+00,Sun 25 Sep 2022,42,74,0,3857890,3812302,241046,4098936,4053348,85.4208558932454,84.4708127653553,204
-7.6926,53.28823,2022/09/25 23:00:00+00,Mon 26 Sep 2022,23,10,0,3857913,3812312,241046,4098959,4053358,85.4213352078006,84.471021162988,205
-7.6926,53.28823,2022/09/26 23:00:00+00,Tue 27 Sep 2022,30,33,2,3857943,3812345,241048,4098991,4053393,85.4220020802252,84.4717505547024,206
-7.6926,53.28823,2022/09/27 23:00:00+00,Wed 28 Sep 2022,43,27,0,3857986,3812372,241048,4099034,4053420,85.4228981900457,84.4723132283107,207
-7.6926,53.28823,2022/09/28 23:00:00+00,Thu 29 Sep 2022,30,23,0,3858016,3812395,241048,4099064,4053443,85.4235233829438,84.4727925428658,208
-7.6926,53.28823,2022/09/29 23:00:00+00,Fri 30 Sep 2022,39,58,0,3858055,3812453,241048,4099103,4053501,85.4243361337113,84.4740012491354,209
-7.6926,53.28823,2022/09/30 23:00:00+00,Sat 01 Oct 2022,51,105,0,3858106,3812558,241048,4099154,4053606,85.425398961638,84.4761894242786,210
-7.6926,53.28823,2022/10/01 23:00:00+00,Sun 02 Oct 2022,26,47,0,3858132,3812605,241048,4099180,4053653,85.4259407954829,84.4771688931522,211
-7.6926,53.28823,2022/10/02 23:00:00+00,Mon 03 Oct 2022,24,1,0,3858156,3812606,241048,4099204,4053654,85.4264409498014,84.4771897329155,212
-7.6926,53.28823,2022/10/03 23:00:00+00,Tue 04 Oct 2022,31,17,0,3858187,3812623,241048,4099235,4053671,85.4270869824627,84.4775440088911,213
-7.6926,53.28823,2022/10/04 23:00:00+00,Wed 05 Oct 2022,49,37,0,3858236,3812660,241048,4099284,4053708,85.4281081308629,84.478315080132,214
-7.6926,53.28823,2022/10/05 23:00:00+00,Thu 06 Oct 2022,59,26,0,3858295,3812686,241048,4099343,4053734,85.4293376768957,84.478856913977,215
-7.6926,53.28823,2022/10/06 23:00:00+00,Fri 07 Oct 2022,82,39,0,3858377,3812725,241048,4099425,4053773,85.4310465374838,84.4796696647445,216
-7.6926,53.28823,2022/10/07 23:00:00+00,Sat 08 Oct 2022,101,101,0,3858478,3812826,241048,4099526,4053874,85.4331513535739,84.4817744808346,217
-7.6926,53.28823,2022/10/08 23:00:00+00,Sun 09 Oct 2022,37,28,0,3858515,3812854,241048,4099563,4053902,85.4339224248148,84.4823579942061,218
-7.6926,53.28823,2022/10/09 23:00:00+00,Mon 10 Oct 2022,19,2,0,3858534,3812856,241048,4099582,4053904,85.4343183803169,84.4823996737327,219
-7.6926,53.28823,2022/10/10 23:00:00+00,Tue 11 Oct 2022,80,14,0,3858614,3812870,241048,4099662,4053918,85.4359855613784,84.4826914304184,220
-7.6926,53.28823,2022/10/11 23:00:00+00,Wed 12 Oct 2022,59,36,0,3858673,3812906,241048,4099721,4053954,85.4372151074113,84.4834416618961,221
-7.6926,53.28823,2022/10/12 23:00:00+00,Thu 13 Oct 2022,79,29,0,3858752,3812935,241048,4099800,4053983,85.4388614487095,84.4840460150309,222
-7.6926,53.28823,2022/10/13 23:00:00+00,Fri 14 Oct 2022,131,21,0,3858883,3812956,241048,4099931,4054004,85.4415914576977,84.4844836500595,223
-7.6926,53.28823,2022/10/14 23:00:00+00,Sat 15 Oct 2022,91,120,0,3858974,3813076,241048,4100022,4054124,85.4434878761551,84.4869844216518,224
-7.6926,53.28823,2022/10/15 23:00:00+00,Sun 16 Oct 2022,26,37,1,3859000,3813113,241049,4100049,4054162,85.4440505497634,84.487776332656,225
-7.6926,53.28823,2022/10/16 23:00:00+00,Mon 17 Oct 2022,67,3,1,3859067,3813116,241050,4100117,4054166,85.4454676536656,84.487859691709,226
-7.6926,53.28823,2022/10/17 23:00:00+00,Tue 18 Oct 2022,127,17,0,3859194,3813133,241050,4100244,4054183,85.4481143036007,84.4882139676846,227
-7.6926,53.28823,2022/10/18 23:00:00+00,Wed 19 Oct 2022,97,40,0,3859291,3813173,241050,4100341,4054223,85.4501357606378,84.4890475582154,228
-7.6926,53.28823,2022/10/19 23:00:00+00,Thu 20 Oct 2022,123,9,0,3859414,3813182,241050,4100464,4054232,85.4526990515199,84.4892351160848,229
-7.6926,53.28823,2022/10/20 23:00:00+00,Fri 21 Oct 2022,137,17,0,3859551,3813199,241050,4100601,4054249,85.4555540990877,84.4895893920603,230
-7.6926,53.28823,2022/10/21 23:00:00+00,Sat 22 Oct 2022,101,56,0,3859652,3813255,241050,4100702,4054305,85.4576589151778,84.4907564188034,231
-7.6926,53.28823,2022/10/22 23:00:00+00,Sun 23 Oct 2022,81,46,0,3859733,3813301,241050,4100783,4054351,85.4593469360025,84.4917150479137,232
-7.6926,53.28823,2022/10/23 23:00:00+00,Mon 24 Oct 2022,84,4,0,3859817,3813305,241050,4100867,4054355,85.4610974761171,84.4917984069668,233
-7.6926,53.28823,2022/10/24 23:00:00+00,Tue 25 Oct 2022,74,26,0,3859891,3813331,241050,4100941,4054381,85.462639618599,84.4923402408118,234
-7.6926,53.28823,2022/10/25 23:00:00+00,Wed 26 Oct 2022,46,25,0,3859937,3813356,241050,4100987,4054406,85.4635982477093,84.4928612348935,235
-7.6926,53.28823,2022/10/26 23:00:00+00,Thu 27 Oct 2022,64,34,0,3860001,3813390,241050,4101051,4054440,85.4649319925585,84.4935697868446,236
-7.6926,53.28823,2022/10/27 23:00:00+00,Fri 28 Oct 2022,59,19,0,3860060,3813409,241050,4101110,4054459,85.4661615385914,84.4939657423468,237
-7.6926,53.28823,2022/10/28 23:00:00+00,Sat 29 Oct 2022,91,61,0,3860151,3813470,241050,4101201,4054520,85.4680579570488,84.4952369679061,238
-7.6926,53.28823,2022/10/29 23:00:00+00,Sun 30 Oct 2022,11,5,0,3860162,3813475,241050,4101212,4054525,85.4682871944448,84.4953411667225,239
-7.6926,53.28823,2022/10/31 00:00:00+00,Mon 31 Oct 2022,1,1,0,3860163,3813476,241050,4101213,4054526,85.4683080342081,84.4953620064857,240
-7.6926,53.28823,2022/11/01 00:00:00+00,Tue 01 Nov 2022,99,24,0,3860262,3813500,241050,4101312,4054550,85.4703711707717,84.4958621608042,241
-7.6926,53.28823,2022/11/02 00:00:00+00,Wed 02 Nov 2022,125,12,0,3860387,3813512,241050,4101437,4054562,85.4729761411802,84.4961122379634,242
-7.6926,53.28823,2022/11/03 00:00:00+00,Thu 03 Nov 2022,93,28,0,3860480,3813540,241050,4101530,4054590,85.4749142391642,84.4966957513349,243
-7.6926,53.28823,2022/11/04 00:00:00+00,Fri 04 Nov 2022,61,21,0,3860541,3813561,241050,4101591,4054611,85.4761854647236,84.4971333863636,244
-7.6926,53.28823,2022/11/05 00:00:00+00,Sat 05 Nov 2022,47,53,0,3860588,3813614,241050,4101638,4054664,85.4771649335972,84.4982378938168,245
-7.6926,53.28823,2022/11/06 00:00:00+00,Sun 06 Nov 2022,57,75,0,3860645,3813689,241050,4101695,4054739,85.4783528001035,84.499800876062,246
-7.6926,53.28823,2022/11/07 00:00:00+00,Mon 07 Nov 2022,53,4,0,3860698,3813693,241050,4101748,4054743,85.4794573075568,84.499884235115,247
-7.6926,53.28823,2022/11/08 00:00:00+00,Tue 08 Nov 2022,78,28,0,3860776,3813721,241050,4101826,4054771,85.4810828090917,84.5004677484866,248
-7.6926,53.28823,2022/11/09 00:00:00+00,Wed 09 Nov 2022,95,32,0,3860871,3813753,241050,4101921,4054803,85.4830625866022,84.5011346209112,249
-7.6926,53.28823,2022/11/10 00:00:00+00,Thu 10 Nov 2022,48,15,0,3860919,3813768,241050,4101969,4054818,85.4840628952391,84.5014472173602,250
-7.6926,53.28823,2022/11/11 00:00:00+00,Fri 11 Nov 2022,47,16,0,3860966,3813784,241050,4102016,4054834,85.4850423641128,84.5017806535725,251
-7.6926,53.28823,2022/11/12 00:00:00+00,Sat 12 Nov 2022,78,84,0,3861044,3813868,241050,4102094,4054918,85.4866678656477,84.5035311936871,252
-7.6926,53.28823,2022/11/13 00:00:00+00,Sun 13 Nov 2022,45,60,0,3861089,3813928,241050,4102139,4054978,85.4876056549948,84.5047815794832,253
-7.6926,53.28823,2022/11/14 00:00:00+00,Mon 14 Nov 2022,15,2,0,3861104,3813930,241050,4102154,4054980,85.4879182514438,84.5048232590097,254
-7.6926,53.28823,2022/11/15 00:00:00+00,Tue 15 Nov 2022,81,6,0,3861185,3813936,241050,4102235,4054986,85.4896062722686,84.5049482975893,255
-7.6926,53.28823,2022/11/16 00:00:00+00,Wed 16 Nov 2022,54,17,0,3861239,3813953,241050,4102289,4055003,85.4907316194851,84.5053025735649,256
-7.6926,53.28823,2022/11/17 00:00:00+00,Thu 17 Nov 2022,65,8,1,3861304,3813961,241051,4102355,4055012,85.4921070438608,84.5054901314343,257
-7.6926,53.28823,2022/11/18 00:00:00+00,Fri 18 Nov 2022,27,22,0,3861331,3813983,241051,4102382,4055034,85.4926697174691,84.5059486062262,258
-7.6926,53.28823,2022/11/19 00:00:00+00,Sat 19 Nov 2022,52,56,0,3861383,3814039,241051,4102434,4055090,85.493753385159,84.5071156329693,259
-7.6926,53.28823,2022/11/20 00:00:00+00,Sun 20 Nov 2022,43,53,0,3861426,3814092,241051,4102477,4055143,85.4946494949796,84.5082201404225,260
-7.6926,53.28823,2022/11/21 00:00:00+00,Mon 21 Nov 2022,18,3,0,3861444,3814095,241051,4102495,4055146,85.4950246107184,84.5082826597123,261
-7.6926,53.28823,2022/01/04 00:00:00+00,Tue 04 Jan 2022,1187,783,1,3694539,3639764,240988,3935527,3880752,82.0154510172826,80.8739529842437,262
-7.6926,53.28823,2020/12/31 00:00:00+00,Thu 31 Dec 2020,1039,1,0,2442,22,2,2444,24,0.0509323814285199,0.000500154318447004,263
-7.6926,53.28823,2021/04/24 23:00:00+00,Sun 25 Apr 2021,9755,309,3,1049176,431603,275,1049451,431878,21.870310402022,9.0002352809273,264
-7.6926,53.28823,2022/01/05 00:00:00+00,Wed 05 Jan 2022,2139,911,0,3696678,3640675,240988,3937666,3881663,82.0600272709142,80.8929380085814,265
-7.6926,53.28823,2021/08/19 23:00:00+00,Fri 20 Aug 2021,14860,22271,686,3408726,3038809,234966,3643692,3273775,75.9336787037834,68.2246959947434,266
-7.6926,53.28823,2021/01/01 00:00:00+00,Fri 01 Jan 2021,818,0,0,3260,22,2,3262,24,0.0679793077822553,0.000500154318447004,267
-7.6926,53.28823,2022/01/06 00:00:00+00,Thu 06 Jan 2022,2455,1697,1,3699133,3642372,240989,3940122,3883361,82.111209729502,80.9283239266115,268
-7.6926,53.28823,2021/04/25 23:00:00+00,Mon 26 Apr 2021,15600,3059,4,1064776,434662,279,1065055,434941,22.1954940680656,9.0640674758191,269
-7.6926,53.28823,2021/08/20 23:00:00+00,Sat 21 Aug 2021,11902,7992,246,3420628,3046801,235212,3655840,3282013,76.1868401479707,68.3963739645503,270
-7.6926,53.28823,2021/01/02 00:00:00+00,Sat 02 Jan 2021,1020,0,0,4280,22,2,4282,24,0.089235866316253,0.000500154318447004,271
-7.6926,53.28823,2022/01/07 00:00:00+00,Fri 07 Jan 2022,4854,782,2,3703987,3643154,240991,3944978,3884145,82.2124076199344,80.9446623010141,272
-7.6926,53.28823,2021/04/26 23:00:00+00,Tue 27 Apr 2021,25920,7824,9,1090696,442486,288,1090984,442774,22.7358482898578,9.22730534150224,273
-7.6926,53.28823,2021/08/21 23:00:00+00,Sun 22 Aug 2021,8005,12260,162,3428633,3059061,235374,3664007,3294435,76.3570384945855,68.6552455038732,274
-7.6926,53.28823,2021/01/03 00:00:00+00,Sun 03 Jan 2021,23,3,1,4303,25,3,4306,28,0.0897360206347,0.000583513371521505,275
-7.6926,53.28823,2022/01/08 00:00:00+00,Sat 08 Jan 2022,9789,744,2,3713776,3643898,240993,3954769,3884891,82.4164497420975,80.9602087644125,276
-7.6926,53.28823,2021/04/27 23:00:00+00,Wed 28 Apr 2021,26046,8622,5,1116742,451108,293,1117035,451401,23.2787449627687,9.40708997922067,277
-7.6926,53.28823,2021/08/22 23:00:00+00,Mon 23 Aug 2021,10878,15397,291,3439511,3074458,235665,3675176,3310123,76.5897978105328,68.9821797100314,278
-7.6926,53.28823,2021/01/04 00:00:00+00,Mon 04 Jan 2021,1197,5,0,5500,30,3,5503,33,0.114681217267244,0.000687712187864631,279
-7.6926,53.28823,2022/01/09 00:00:00+00,Sun 09 Jan 2022,7116,667,0,3720892,3644565,240993,3961885,3885558,82.564745497517,80.9741088865127,280
-7.6926,53.28823,2021/04/28 23:00:00+00,Thu 29 Apr 2021,31695,11332,6,1148437,462440,299,1148736,462739,23.9393862981474,9.64337121516034,281
-7.6926,53.28823,2021/08/23 23:00:00+00,Tue 24 Aug 2021,9720,22932,384,3449231,3097390,236049,3685280,3333439,76.800362778599,69.4680796304026,282
-7.6926,53.28823,2021/01/05 00:00:00+00,Tue 05 Jan 2021,3542,13,0,9042,43,3,9045,46,0.188495658764715,0.000958629110356758,283
-7.6926,53.28823,2022/01/10 00:00:00+00,Mon 10 Jan 2022,6663,509,1,3727555,3645074,240994,3968549,3886068,82.7036216799392,80.9847371657797,284
-7.6926,53.28823,2021/04/29 23:00:00+00,Fri 30 Apr 2021,36099,13543,8,1184536,475983,307,1184843,476290,24.6918476304877,9.92577084721349,285
-7.6926,53.28823,2021/08/24 23:00:00+00,Wed 25 Aug 2021,9425,19545,317,3458656,3116935,236366,3695022,3353301,77.0033837523619,69.8819990084441,286
-7.6926,53.28823,2021/01/06 00:00:00+00,Wed 06 Jan 2021,6789,14,0,15831,57,3,15834,60,0.329976811595411,0.00125038579611751,287
-7.6926,53.28823,2022/01/11 00:00:00+00,Tue 11 Jan 2022,4780,1369,1,3732335,3646443,240995,3973330,3887438,82.8032565881265,81.0132876414577,288
-7.6926,53.28823,2021/04/30 23:00:00+00,Sat 01 May 2021,16605,6699,20,1201141,482682,327,1201468,483009,25.0383086948285,10.0657932166154,289
-7.6926,53.28823,2021/08/25 23:00:00+00,Thu 26 Aug 2021,8596,19453,369,3467252,3136388,236735,3703987,3373123,77.1902122300651,70.2950847959548,290
-7.6926,53.28823,2021/01/07 00:00:00+00,Thu 07 Jan 2021,11737,9,0,27568,66,3,27571,69,0.574573113079265,0.00143794366553514,291
-7.6926,53.28823,2022/01/12 00:00:00+00,Wed 12 Jan 2022,7558,927,1,3739893,3647370,240996,3980889,3888366,82.960784358674,81.032626941771,292
-7.6926,53.28823,2021/05/01 23:00:00+00,Sun 02 May 2021,12471,911,16,1213612,483593,343,1213955,483936,25.2985348187639,10.0851116771654,293
-7.6926,53.28823,2021/08/26 23:00:00+00,Fri 27 Aug 2021,9731,19227,432,3476983,3155615,237167,3714150,3392782,77.4020067441642,70.7047737020527,294
-7.6926,53.28823,2021/01/08 00:00:00+00,Fri 08 Jan 2021,12687,6,0,40255,72,3,40258,75,0.838967189668312,0.00156298224514689,295
-7.6926,53.28823,2021/01/09 00:00:00+00,Sat 09 Jan 2021,8077,7,0,48332,79,3,48335,82,1.007289957589,0.00170886058802726,296
-7.6926,53.28823,2021/01/10 00:00:00+00,Sun 10 Jan 2021,4787,4,1,53119,83,4,53123,87,1.10707074411918,0.00181305940437039,297
-7.6926,53.28823,2021/01/11 00:00:00+00,Mon 11 Jan 2021,8348,8,0,61467,91,4,61471,95,1.28104108788566,0.00197977751051939,298
-7.6926,53.28823,2021/01/12 00:00:00+00,Tue 12 Jan 2021,8896,13,0,70363,104,4,70367,108,1.46643162192335,0.00225069443301152,299
-7.6926,53.28823,2021/01/13 00:00:00+00,Wed 13 Jan 2021,9899,4,0,80262,108,4,80266,112,1.67272443851947,0.00233405348608602,300
-7.6926,53.28823,2021/01/14 00:00:00+00,Thu 14 Jan 2021,8096,6,0,88358,114,4,88362,118,1.84144316194226,0.00245909206569777,301
-7.6926,53.28823,2021/01/15 00:00:00+00,Fri 15 Jan 2021,7700,4,0,96058,118,4,96062,122,2.00190933911067,0.00254245111877227,302
-7.6926,53.28823,2021/01/16 00:00:00+00,Sat 16 Jan 2021,5245,2,0,101303,120,4,101307,124,2.11121389745461,0.00258413064530952,303
-7.6926,53.28823,2021/01/17 00:00:00+00,Sun 17 Jan 2021,1115,5,0,102418,125,4,102422,129,2.13445023349913,0.00268832946165265,304
-7.6926,53.28823,2021/01/18 00:00:00+00,Mon 18 Jan 2021,8725,9,1,111143,134,5,111148,139,2.31629800778115,0.0028967270943389,305
-7.6926,53.28823,2021/01/19 00:00:00+00,Tue 19 Jan 2021,8395,21,0,119538,155,5,119543,160,2.49124782042126,0.00333436212298003,306
-7.6926,53.28823,2021/01/20 00:00:00+00,Wed 20 Jan 2021,8452,964,0,127990,1119,5,127995,1124,2.66738549956768,0.0234238939139347,307
-7.6926,53.28823,2021/01/21 00:00:00+00,Thu 21 Jan 2021,9010,964,0,137000,2083,5,137005,2088,2.85515176661799,0.0435134257048894,308
-7.6926,53.28823,2021/01/22 00:00:00+00,Fri 22 Jan 2021,6790,970,0,143790,3053,5,143795,3058,2.99665375921196,0.0637279960754558,309
-7.6926,53.28823,2021/01/23 00:00:00+00,Sat 23 Jan 2021,4203,461,0,147993,3514,5,147998,3519,3.08424328422999,0.073335126942292,310
-7.6926,53.28823,2021/01/24 00:00:00+00,Sun 24 Jan 2021,1189,399,0,149182,3913,5,149187,3918,3.10902176275638,0.0816501924864734,311
-7.6926,53.28823,2021/01/25 00:00:00+00,Mon 25 Jan 2021,1368,1293,0,150550,5206,5,150555,5211,3.13753055890786,0.108596006392806,312
-7.6926,53.28823,2021/01/26 00:00:00+00,Tue 26 Jan 2021,1008,3506,0,151558,8712,5,151563,8717,3.15853704028264,0.181660216412606,313
-7.6926,53.28823,2021/01/27 00:00:00+00,Wed 27 Jan 2021,2187,6707,0,153745,15419,5,153750,15424,3.20411360255112,0.321432508655275,314
-7.6926,53.28823,2021/01/28 00:00:00+00,Thu 28 Jan 2021,1021,11542,0,154766,26961,5,154771,26966,3.22539100084839,0.561965056301746,315
-7.6926,53.28823,2021/01/29 00:00:00+00,Fri 29 Jan 2021,1591,11526,0,156357,38487,5,156362,38492,3.25854706420877,0.80216416773592,316
-7.6926,53.28823,2021/01/30 00:00:00+00,Sat 30 Jan 2021,654,7793,0,157011,46280,5,157016,46285,3.27217626938645,0.964568442888316,317
-7.6926,53.28823,2021/01/31 00:00:00+00,Sun 31 Jan 2021,238,4086,0,157249,50366,5,157254,50371,3.27713613304438,1.04971971560392,318
-7.6926,53.28823,2021/02/01 00:00:00+00,Mon 01 Feb 2021,1039,8332,1,158288,58698,6,158294,58704,3.29880948684375,1.22337746292137,319
-7.6926,53.28823,2021/02/02 00:00:00+00,Tue 02 Feb 2021,841,5110,0,159129,63808,6,159135,63814,3.31633572775267,1.32986865322405,320
-7.6926,53.28823,2021/02/03 00:00:00+00,Wed 03 Feb 2021,1412,6869,0,160541,70677,6,160547,70683,3.34576147348797,1.47301698711623,321
-7.6926,53.28823,2021/02/04 00:00:00+00,Thu 04 Feb 2021,1453,10541,1,161994,81218,7,162001,81225,3.37606248928055,1.69270977149408,322
-7.6926,53.28823,2021/02/05 00:00:00+00,Fri 05 Feb 2021,3403,8616,0,165397,89834,7,165404,89841,3.44698020368368,1.87226517181655,323
-7.6926,53.28823,2021/02/06 00:00:00+00,Sat 06 Feb 2021,913,3870,0,166310,93704,7,166317,93711,3.46600690754793,1.95291505566613,324
-7.6926,53.28823,2021/02/07 00:00:00+00,Sun 07 Feb 2021,337,1301,2,166647,95005,9,166656,95014,3.473071587296,1.98006926720515,325
-7.6926,53.28823,2021/02/08 00:00:00+00,Mon 08 Feb 2021,1197,881,0,167844,95886,9,167853,95895,3.49801678392854,1.99842909864481,326
-7.6926,53.28823,2021/02/09 00:00:00+00,Tue 09 Feb 2021,4274,553,3,172118,96439,12,172130,96451,3.58714845142845,2.01001600702217,327
-7.6926,53.28823,2021/02/10 00:00:00+00,Wed 10 Feb 2021,8832,584,0,180950,97023,12,180962,97035,3.77120524061695,2.02218642877104,328
-7.6926,53.28823,2021/02/11 00:00:00+00,Thu 11 Feb 2021,6198,448,0,187148,97471,12,187160,97483,3.90037009335589,2.03152264271539,329
-7.6926,53.28823,2021/02/12 00:00:00+00,Fri 12 Feb 2021,4401,527,0,191549,97998,12,191561,98010,3.99208589150111,2.04250519795795,330
-7.6926,53.28823,2021/02/13 00:00:00+00,Sat 13 Feb 2021,1220,1917,0,192769,99915,12,192781,99927,4.01751040268883,2.08245502414391,331
-7.6926,53.28823,2021/02/14 00:00:00+00,Sun 14 Feb 2021,2704,27,0,195473,99942,12,195485,99954,4.07386112256719,2.08301769775216,332
-7.6926,53.28823,2021/02/15 00:00:00+00,Mon 15 Feb 2021,1969,7894,0,197442,107836,12,197454,107848,4.11489461644311,2.24752678899469,333
-7.6926,53.28823,2021/02/16 00:00:00+00,Tue 16 Feb 2021,5658,8166,0,203100,116002,12,203112,116014,4.232805997017,2.41770429584628,334
-7.6926,53.28823,2021/02/17 00:00:00+00,Wed 17 Feb 2021,9757,8465,0,212857,124467,12,212869,124479,4.43613956722897,2.59411289191519,335
-7.6926,53.28823,2021/02/18 00:00:00+00,Thu 18 Feb 2021,8473,8358,1,221330,132825,13,221343,132838,4.6127357211673,2.76831247307763,336
-7.6926,53.28823,2021/02/19 00:00:00+00,Fri 19 Feb 2021,9400,6589,1,230730,139414,14,230744,139428,4.80865033565565,2.90564651301787,337
-7.6926,53.28823,2021/02/20 00:00:00+00,Sat 20 Feb 2021,5898,3574,2,236628,142988,16,236644,143004,4.93160493894054,2.98016950646647,338
-7.6926,53.28823,2021/02/21 00:00:00+00,Sun 21 Feb 2021,1116,1025,6,237744,144013,22,237766,144035,4.95498715332793,3.00165530239643,339
-7.6926,53.28823,2021/02/22 00:00:00+00,Mon 22 Feb 2021,3953,1126,2,241697,145139,24,241721,145163,5.03740841705535,3.02516255536344,340
-7.6926,53.28823,2021/02/23 00:00:00+00,Tue 23 Feb 2021,13369,1075,1,255066,146214,25,255091,146239,5.31603605195686,3.04758614064048,341
-7.6926,53.28823,2021/02/24 00:00:00+00,Wed 24 Feb 2021,16950,2108,5,272016,148322,30,272046,148352,5.6693742381764,3.09162056042708,342
-7.6926,53.28823,2021/02/25 00:00:00+00,Thu 25 Feb 2021,18106,1763,3,290122,150085,33,290155,150118,6.04676151120794,3.12842358235947,343
-7.6926,53.28823,2021/02/26 00:00:00+00,Fri 26 Feb 2021,16088,2774,1,306210,152859,34,306244,152893,6.38205246243685,3.18625392542991,344
-7.6926,53.28823,2021/02/27 00:00:00+00,Sat 27 Feb 2021,9007,706,1,315217,153565,35,315252,153600,6.56977704996062,3.20098763806083,345
-7.6926,53.28823,2021/02/28 00:00:00+00,Sun 28 Feb 2021,2452,59,2,317669,153624,37,317706,153661,6.62091782902183,3.20225886362021,346
-7.6926,53.28823,2021/03/01 00:00:00+00,Mon 01 Mar 2021,5613,805,0,323282,154429,37,323319,154466,6.73789142024862,3.21903487305146,347
-7.6926,53.28823,2021/03/02 00:00:00+00,Tue 02 Mar 2021,12199,1616,0,335481,156045,37,335518,156082,6.99211569236258,3.25271193049355,348
-7.6926,53.28823,2021/03/03 00:00:00+00,Wed 03 Mar 2021,12918,1510,1,348399,157555,38,348437,157593,7.26134459402995,3.28420081279245,349
-7.6926,53.28823,2021/03/04 00:00:00+00,Thu 04 Mar 2021,18734,1697,5,367133,159252,43,367176,159295,7.65186091792072,3.31967008987565,350
-7.6926,53.28823,2021/03/05 00:00:00+00,Fri 05 Mar 2021,18463,2403,6,385596,161655,49,385645,161704,8.03675050572896,3.36987307958977,351
-7.6926,53.28823,2021/03/06 00:00:00+00,Sat 06 Mar 2021,10411,149,5,396007,161804,54,396061,161858,8.25381747993496,3.37308240313313,352
-7.6926,53.28823,2021/03/07 00:00:00+00,Sun 07 Mar 2021,1536,14,3,397543,161818,57,397600,161875,8.28588987560537,3.3734366791087,353
-7.6926,53.28823,2021/03/08 00:00:00+00,Mon 08 Mar 2021,6682,1509,5,404225,163327,62,404287,163389,8.42524537258267,3.4049880806974,354
-7.6926,53.28823,2021/03/09 00:00:00+00,Tue 09 Mar 2021,13851,3114,6,418076,166441,68,418144,166509,8.714021972196,3.47000814209551,355
-7.6926,53.28823,2021/03/10 00:00:00+00,Wed 10 Mar 2021,13754,3997,3,431830,170438,71,431901,170509,9.00071459548248,3.55336719517001,356
-7.6926,53.28823,2021/03/11 00:00:00+00,Thu 11 Mar 2021,18503,2108,3,450333,172546,74,450407,172620,9.38637525453166,3.59735993543008,357
-7.6926,53.28823,2021/03/12 00:00:00+00,Fri 12 Mar 2021,17345,1348,4,467678,173894,78,467756,173972,9.74792430747904,3.62553529536926,358
-7.6926,53.28823,2021/03/13 00:00:00+00,Sat 13 Mar 2021,8330,179,0,476008,174073,78,476086,174151,9.92151953550668,3.62926561299434,359
-7.6926,53.28823,2021/03/14 00:00:00+00,Sun 14 Mar 2021,392,23,2,476400,174096,80,476480,174176,9.92973040223452,3.62978660707606,360
-7.6926,53.28823,2021/03/15 00:00:00+00,Mon 15 Mar 2021,2671,1001,0,479071,175097,80,479151,175177,9.98539340992502,3.65064721010795,361
-7.6926,53.28823,2021/03/16 00:00:00+00,Tue 16 Mar 2021,8966,3829,2,488037,178926,82,488119,179008,10.1722844069181,3.73048434319006,362
-7.6926,53.28823,2021/03/17 00:00:00+00,Wed 17 Mar 2021,4895,2426,7,492932,181352,89,493021,181441,10.2744409264609,3.78118748722262,363
-7.6926,53.28823,2021/03/18 00:00:00+00,Thu 18 Mar 2021,11741,4690,5,504673,186042,94,504767,186136,10.5192247858141,3.87903017576882,364
-7.6926,53.28823,2021/03/19 00:00:00+00,Fri 19 Mar 2021,10390,6141,2,515063,192183,96,515159,192279,10.7357916057017,4.00704884152798,365
-7.6926,53.28823,2021/03/20 00:00:00+00,Sat 20 Mar 2021,5259,3126,4,520322,195309,100,520422,195409,10.8454712797845,4.07227730055878,366
-7.6926,53.28823,2021/03/21 00:00:00+00,Sun 21 Mar 2021,3652,59,3,523974,195368,103,524077,195471,10.9216406145313,4.07356936588143,367
-7.6926,53.28823,2021/03/22 00:00:00+00,Mon 22 Mar 2021,7427,2416,1,531401,197784,104,531505,197888,11.0764383760906,4.1239390737017,368
-7.6926,53.28823,2021/03/23 00:00:00+00,Tue 23 Mar 2021,12575,7407,4,543976,205191,108,544084,205299,11.3385817582467,4.27838255928548,369
-7.6926,53.28823,2021/03/24 00:00:00+00,Wed 24 Mar 2021,13641,9785,2,557617,214976,110,557727,215086,11.6228986485205,4.48234132239551,370
-7.6926,53.28823,2021/03/25 00:00:00+00,Thu 25 Mar 2021,20885,10229,3,578502,225205,113,578615,225318,12.0581996236756,4.69557378016009,371
-7.6926,53.28823,2021/03/26 00:00:00+00,Fri 26 Mar 2021,19711,9507,1,598213,234712,114,598327,234826,12.4689930372267,4.89371824931817,372
-7.6926,53.28823,2021/03/27 00:00:00+00,Sat 27 Mar 2021,11764,5362,3,609977,240074,117,610094,240191,12.7142145316086,5.00552357925435,373
-7.6926,53.28823,2021/03/28 00:00:00+00,Sun 28 Mar 2021,2497,489,0,612474,240563,117,612591,240680,12.7662514204904,5.01571422349271,374
-7.6926,53.28823,2021/03/28 23:00:00+00,Mon 29 Mar 2021,9287,3128,3,621761,243691,120,621881,243811,12.9598528212559,5.08096352228677,375
-7.6926,53.28823,2021/03/29 23:00:00+00,Tue 30 Mar 2021,13345,8677,4,635106,252368,124,635230,252492,13.2380428211288,5.26187350722171,376
-7.6926,53.28823,2021/03/30 23:00:00+00,Wed 31 Mar 2021,15844,10508,4,650950,262876,128,651078,263004,13.5683113894099,5.4809410987015,377
-7.6926,53.28823,2021/03/31 23:00:00+00,Thu 01 Apr 2021,19716,11585,9,670666,274461,137,670803,274598,13.9793757198836,5.72255731403794,378
-7.6926,53.28823,2021/04/01 23:00:00+00,Fri 02 Apr 2021,20163,13727,9,690829,288188,146,690975,288334,14.3997554245383,6.00881230229577,379
-7.6926,53.28823,2021/04/02 23:00:00+00,Sat 03 Apr 2021,7553,4639,7,698382,292827,153,698535,292980,14.5573040348491,6.1056338424418,380
-7.6926,53.28823,2021/04/03 23:00:00+00,Sun 04 Apr 2021,3046,172,3,701428,292999,156,701584,293155,14.6208444730551,6.10928080101381,381
-7.6926,53.28823,2021/04/04 23:00:00+00,Mon 05 Apr 2021,3445,613,6,704873,293612,162,705035,293774,14.6927624960951,6.12218061447709,382
-7.6926,53.28823,2021/04/05 23:00:00+00,Tue 06 Apr 2021,12007,8158,12,716880,301770,174,717054,301944,14.9432356108208,6.29244148038176,383
-7.6926,53.28823,2021/04/06 23:00:00+00,Wed 07 Apr 2021,18376,10490,12,735256,312260,186,735442,312446,15.3264371778042,6.51130067422886,384
-7.6926,53.28823,2021/04/07 23:00:00+00,Thu 08 Apr 2021,20200,10571,17,755456,322831,203,755659,323034,15.747754671806,6.73195208771707,385
-7.6926,53.28823,2021/04/08 23:00:00+00,Fri 09 Apr 2021,20686,9168,16,776142,331999,219,776361,332218,16.1791794509931,6.92334447357612,386
-7.6926,53.28823,2021/04/09 23:00:00+00,Sat 10 Apr 2021,11186,4185,12,787328,336184,231,787559,336415,16.4125431200752,7.01080896001454,387
-7.6926,53.28823,2021/04/10 23:00:00+00,Sun 11 Apr 2021,2869,368,9,790197,336552,240,790437,336792,16.4725199587623,7.01866555076681,388
-7.6926,53.28823,2021/04/11 23:00:00+00,Mon 12 Apr 2021,7788,2804,13,797985,339356,253,798238,339609,16.6350909520208,7.07737116389453,389
-7.6926,53.28823,2021/04/12 23:00:00+00,Tue 13 Apr 2021,11527,8593,1,809512,347949,254,809766,348203,16.8753317429815,7.25646808942509,390
-7.6926,53.28823,2021/04/13 23:00:00+00,Wed 14 Apr 2021,20352,6598,2,829864,354547,256,830120,354803,17.2995042845511,7.39401052699802,391
-7.6926,53.28823,2021/04/14 23:00:00+00,Thu 15 Apr 2021,27113,10819,1,856977,365366,257,857234,365623,17.8645536258166,7.61949676556454,392
-7.6926,53.28823,2021/04/15 23:00:00+00,Fri 16 Apr 2021,27968,9841,1,884945,375207,258,885203,375465,18.4474209646768,7.82460171565435,393
-7.6926,53.28823,2021/04/16 23:00:00+00,Sat 17 Apr 2021,15855,4563,3,900800,379770,261,901061,380031,18.7778979305907,7.91975607473889,394
-7.6926,53.28823,2021/04/17 23:00:00+00,Sun 18 Apr 2021,1078,486,0,901878,380256,261,902139,380517,18.8003631953942,7.92988419968745,395
-7.6926,53.28823,2021/04/18 23:00:00+00,Mon 19 Apr 2021,6756,2264,0,908634,382520,261,908895,382781,18.9411566360371,7.97706542372761,396
-7.6926,53.28823,2021/04/19 23:00:00+00,Tue 20 Apr 2021,15097,7323,1,923731,389843,262,923993,390105,19.2557953818668,8.12969584990702,397
-7.6926,53.28823,2021/04/20 23:00:00+00,Wed 21 Apr 2021,26736,9896,4,950467,399739,266,950733,400005,19.8130506516698,8.33600950626641,398
-7.6926,53.28823,2021/04/21 23:00:00+00,Thu 22 Apr 2021,31635,12189,1,982102,411928,267,982369,412195,20.472337402436,8.59004622051095,399
-7.6926,53.28823,2021/05/02 23:00:00+00,Mon 03 May 2021,14273,933,21,1227885,484526,364,1228249,484890,25.5964183949256,10.1049928113237,400
-7.6926,53.28823,2021/05/03 23:00:00+00,Tue 04 May 2021,26665,6802,10,1254550,491328,374,1254924,491702,26.1523190801162,10.2469532787095,401
-7.6926,53.28823,2022/01/13 00:00:00+00,Thu 13 Jan 2022,7321,817,0,3747214,3648187,240996,3988210,3889183,83.1133522655636,81.0496530283615,402
-7.6926,53.28823,2021/05/04 23:00:00+00,Wed 05 May 2021,32127,13465,70,1286677,504793,444,1287121,505237,26.8232969380761,10.5290194745504,403
-7.6926,53.28823,2021/05/05 23:00:00+00,Thu 06 May 2021,37300,14384,133,1323977,519177,577,1324554,519754,27.6033917965105,10.831550317921,404
-7.6926,53.28823,2022/01/14 00:00:00+00,Fri 14 Jan 2022,10723,835,0,3757937,3649022,240996,3998933,3890018,83.3368170470931,81.0670542306908,405
-7.6926,53.28823,2021/05/06 23:00:00+00,Fri 07 May 2021,40599,15090,98,1364576,534267,675,1365251,534942,28.4515076422538,11.1480646424449,406
-7.6926,53.28823,2022/01/15 00:00:00+00,Sat 15 Jan 2022,8363,652,2,3766300,3649674,240998,4007298,3890672,83.5111416668351,81.0806834358684,407
-7.6926,53.28823,2021/05/07 23:00:00+00,Sat 08 May 2021,25632,7063,10,1390208,541330,685,1390893,542015,28.9858808519879,11.2954642880439,408
-7.6926,53.28823,2022/01/16 00:00:00+00,Sun 16 Jan 2022,6965,1216,1,3773265,3650890,240999,4014264,3891889,83.6563114577644,81.1060454277664,409
-7.6926,53.28823,2021/05/08 23:00:00+00,Sun 09 May 2021,19676,931,5,1409884,542261,690,1410574,542951,29.3960282328777,11.3149703064633,410
-7.6926,53.28823,2022/01/17 00:00:00+00,Mon 17 Jan 2022,2562,562,0,3775827,3651452,240999,4016826,3892451,83.7097029312586,81.1177573747233,411
-7.6926,53.28823,2021/05/09 23:00:00+00,Mon 10 May 2021,28856,4658,171,1438740,546919,861,1439601,547780,30.0009440412761,11.4156055232875,412
-7.6926,53.28823,2022/01/18 00:00:00+00,Tue 18 Jan 2022,4056,452,3,3779883,3651904,241002,4020885,3892906,83.7942915303659,81.1272394670106,413
-7.6926,53.28823,2021/05/10 23:00:00+00,Tue 11 May 2021,33926,14819,153,1472666,561738,1014,1473680,562752,30.7111423337075,11.7276184589454,414
-7.6926,53.28823,2022/01/19 00:00:00+00,Wed 19 Jan 2022,3486,622,0,3783369,3652526,241002,4024371,3893528,83.8669389451204,81.1402017997636,415
-7.6926,53.28823,2021/05/11 23:00:00+00,Wed 12 May 2021,31302,20932,175,1503968,582670,1189,1505157,583859,31.3671155621141,12.1674833422562,416
-7.6926,53.28823,2022/01/20 00:00:00+00,Thu 20 Jan 2022,3698,938,0,3787067,3653464,241002,4028069,3894466,83.9440043896877,81.1597494977096,417
-7.6926,53.28823,2021/05/12 23:00:00+00,Thu 13 May 2021,36008,25486,152,1539976,608156,1341,1541317,609497,32.1206814019075,12.7017731929372,418
-7.6926,53.28823,2022/01/21 00:00:00+00,Fri 21 Jan 2022,3252,977,0,3790319,3654441,241002,4031321,3895443,84.0117752998373,81.180109946423,419
-7.6926,53.28823,2021/05/13 23:00:00+00,Fri 14 May 2021,38234,27953,237,1578210,636109,1578,1579788,637687,32.9224079346148,13.2892461194798,420
-7.6926,53.28823,2022/01/22 00:00:00+00,Sat 22 Jan 2022,4272,645,0,3794591,3655086,241002,4035593,3896088,84.1008027685209,81.1935515937313,421
-7.6926,53.28823,2021/05/14 23:00:00+00,Sat 15 May 2021,28877,12463,22,1607087,648572,1600,1608687,650172,33.5246562533148,13.5494305638886,422
-7.6926,53.28823,2022/01/23 00:00:00+00,Sun 23 Jan 2022,3092,680,0,3797683,3655766,241002,4038685,3896768,84.1652393165475,81.207722632754,423
-7.6926,53.28823,2021/05/15 23:00:00+00,Sun 16 May 2021,23187,1182,11,1630274,649754,1611,1631885,651365,34.0080970816204,13.574292401468,424
-7.6926,53.28823,2022/01/24 00:00:00+00,Mon 24 Jan 2022,646,467,0,3798329,3656233,241002,4039331,3897235,84.178701803619,81.2174548022004,425
-7.6926,53.28823,2021/05/16 23:00:00+00,Mon 17 May 2021,35399,3958,120,1665673,653712,1731,1667404,655443,34.7483046331587,13.6592769560775,426
-7.6926,53.28823,2022/01/25 00:00:00+00,Tue 25 Jan 2022,692,1836,0,3799021,3658069,241002,4040023,3899071,84.1931229198009,81.2557166075616,427
-7.6926,53.28823,2021/05/17 23:00:00+00,Tue 18 May 2021,39024,12511,127,1704697,666223,1858,1706555,668081,35.5642022048886,13.9226498842664,428
-7.6926,53.28823,2022/01/26 00:00:00+00,Wed 26 Jan 2022,700,897,0,3799721,3658966,241002,4040723,3899968,84.2077107540889,81.2744098752136,429
-7.6926,53.28823,2021/05/18 23:00:00+00,Wed 19 May 2021,37040,17605,211,1741737,683828,2069,1743806,685897,36.3405042264082,14.2939311066602,430
-7.6926,53.28823,2022/01/27 00:00:00+00,Thu 27 Jan 2022,1274,1179,0,3800995,3660145,241002,4041997,3901147,84.2342606124931,81.2989799561073,431
-7.6926,53.28823,2021/05/19 23:00:00+00,Thu 20 May 2021,39098,19645,136,1780835,703473,2205,1783040,705678,37.1581314984894,14.7061624638769,432
-7.6926,53.28823,2022/01/28 00:00:00+00,Fri 28 Jan 2022,1028,3095,1,3802023,3663240,241003,4043026,3904243,84.2557047288966,81.3634998631869,433
-7.6926,53.28823,2021/05/20 23:00:00+00,Fri 21 May 2021,25846,23257,14934,1806681,726730,17139,1823820,743869,38.007977044584,15.5020538628689,434
-7.6926,53.28823,2022/01/29 00:00:00+00,Sat 29 Jan 2022,2328,3445,0,3804351,3666685,241003,4045354,3907688,84.3042196977859,81.4352928476474,435
-7.6926,53.28823,2021/05/21 23:00:00+00,Sat 22 May 2021,16594,10258,13523,1823275,736988,30662,1853937,767650,38.6356081949451,15.9976442731601,436
-7.6926,53.28823,2022/01/30 00:00:00+00,Sun 30 Jan 2022,1639,7536,0,3805990,3674221,241003,4046993,3915224,84.3383760697832,81.5923413036397,437
-7.6926,53.28823,2022/01/31 00:00:00+00,Mon 31 Jan 2022,481,1394,0,3806471,3675615,241003,4047474,3916618,84.3483999959154,81.6213919336362,438
-7.6926,53.28823,2022/02/01 00:00:00+00,Tue 01 Feb 2022,749,3418,1,3807220,3679033,241004,4048224,3920037,84.3640298183669,81.6926430842516,439
-7.6926,53.28823,2022/02/02 00:00:00+00,Wed 02 Feb 2022,650,2996,0,3807870,3682029,241004,4048874,3923033,84.3775756644915,81.7550790150044,440
-7.6926,53.28823,2022/02/03 00:00:00+00,Thu 03 Feb 2022,907,2436,1,3808777,3684465,241005,4049782,3925470,84.3964981695394,81.8058655180901,441
-7.6926,53.28823,2022/02/04 00:00:00+00,Fri 04 Feb 2022,1172,6523,0,3809949,3690988,241005,4050954,3931993,84.4209223720902,81.9418032938913,442
-7.6926,53.28823,2022/02/05 00:00:00+00,Sat 05 Feb 2022,1777,5750,0,3811726,3696738,241005,4052731,3937743,84.4579546314186,82.0616319326859,443
-7.6926,53.28823,2022/02/06 00:00:00+00,Sun 06 Feb 2022,1407,7555,0,3813133,3704293,241005,4054138,3945298,84.4872761783375,82.2190763441804,444
-7.6926,53.28823,2022/02/07 00:00:00+00,Mon 07 Feb 2022,439,1351,0,3813572,3705644,241005,4054577,3946649,84.4964248344125,82.2472308643563,445
-7.6926,53.28823,2022/02/08 00:00:00+00,Tue 08 Feb 2022,899,1238,0,3814471,3706882,241005,4055476,3947887,84.5151597815909,82.2730304912828,446
-7.6926,53.28823,2022/02/09 00:00:00+00,Wed 09 Feb 2022,1335,1784,0,3815806,3708666,241005,4056811,3949671,84.5429808655546,82.3102086289541,447
-7.6926,53.28823,2022/02/10 00:00:00+00,Thu 10 Feb 2022,686,2552,0,3816492,3711218,241005,4057497,3952223,84.5572769431568,82.3633917048156,448
-7.6926,53.28823,2022/02/11 00:00:00+00,Fri 11 Feb 2022,546,4920,0,3817038,3716138,241005,4058043,3957143,84.5686554539015,82.4659233400972,449
-7.6926,53.28823,2022/02/12 00:00:00+00,Sat 12 Feb 2022,1397,5463,0,3818435,3721601,241005,4059440,3962606,84.5977686031878,82.5797709668337,450
-7.6926,53.28823,2022/02/13 00:00:00+00,Sun 13 Feb 2022,1566,4706,0,3820001,3726307,241005,4061006,3967312,84.6304036724664,82.6778428927759,451
-7.6926,53.28823,2022/02/14 00:00:00+00,Mon 14 Feb 2022,174,954,0,3820175,3727261,241005,4061180,3968266,84.6340297912752,82.6977240269341,452
-7.6926,53.28823,2022/02/15 00:00:00+00,Tue 15 Feb 2022,649,818,1,3820824,3728079,241006,4061830,3969085,84.6475756373998,82.7147917930511,453
-7.6926,53.28823,2022/02/16 00:00:00+00,Wed 16 Feb 2022,798,1786,0,3821622,3729865,241006,4062628,3970871,84.6642057684882,82.7520116102489,454
-7.6926,53.28823,2022/02/17 00:00:00+00,Thu 17 Feb 2022,790,1193,2,3822412,3731058,241008,4063420,3972066,84.6807108609969,82.7769151273549,455
-7.6926,53.28823,2022/02/18 00:00:00+00,Fri 18 Feb 2022,790,3295,0,3823202,3734353,241008,4064210,3975361,84.6971742739791,82.845582147325,456
-7.6926,53.28823,2022/02/19 00:00:00+00,Sat 19 Feb 2022,980,3555,0,3824182,3737908,241008,4065190,3978916,84.7175972419824,82.919667505745,457
-7.6926,53.28823,2022/02/20 00:00:00+00,Sun 20 Feb 2022,1366,3588,0,3825548,3741496,241008,4066556,3982504,84.7460643586073,82.9944405763528,458
-7.6926,53.28823,2022/02/21 00:00:00+00,Mon 21 Feb 2022,254,995,1,3825802,3742491,241009,4066811,3983500,84.7513784982408,83.0151969805684,459
-7.6926,53.28823,2022/02/22 00:00:00+00,Tue 22 Feb 2022,476,981,1,3826278,3743472,241010,4067288,3984482,84.76131906532,83.0356616280982,460
-7.6926,53.28823,2022/02/23 00:00:00+00,Wed 23 Feb 2022,829,1273,1,3827107,3744745,241011,4068118,3985756,84.7786160688329,83.0622114865024,461
-7.6926,53.28823,2022/02/24 00:00:00+00,Thu 24 Feb 2022,655,1232,0,3827762,3745977,241011,4068773,3986988,84.7922661137738,83.0878860748494,462
-7.6926,53.28823,2022/02/25 00:00:00+00,Fri 25 Feb 2022,692,1227,0,3828454,3747204,241011,4069465,3988215,84.8066872299557,83.1134564643799,463
-7.6926,53.28823,2022/02/26 00:00:00+00,Sat 26 Feb 2022,960,2092,0,3829414,3749296,241011,4070425,3990307,84.8266934026936,83.1570532491379,464
-7.6926,53.28823,2022/02/27 00:00:00+00,Sun 27 Feb 2022,671,1783,0,3830085,3751079,241011,4071096,3992090,84.8406768838469,83.1942105470459,465
-7.6926,53.28823,2022/02/28 00:00:00+00,Mon 28 Feb 2022,80,432,0,3830165,3751511,241011,4071176,3992522,84.8423440649084,83.2032133247779,466
-7.6926,53.28823,2022/03/01 00:00:00+00,Tue 01 Mar 2022,132,936,0,3830297,3752447,241011,4071308,3993458,84.8450949136598,83.2227193431974,467
-7.6926,53.28823,2022/03/02 00:00:00+00,Wed 02 Mar 2022,206,997,2,3830503,3753444,241013,4071516,3994457,84.8494295844197,83.2435382667027,468
-7.6926,53.28823,2022/03/03 00:00:00+00,Thu 03 Mar 2022,278,1277,0,3830781,3754721,241013,4071794,3995734,84.8552230386084,83.2701506443968,469
-7.6926,53.28823,2022/03/04 00:00:00+00,Fri 04 Mar 2022,735,1508,1,3831516,3756229,241014,4072530,3997243,84.8705611043741,83.3015978471691,470
-7.6926,53.28823,2022/03/05 00:00:00+00,Sat 05 Mar 2022,962,3341,0,3832478,3759570,241014,4073492,4000584,84.8906089566385,83.3712234962496,471
-7.6926,53.28823,2022/03/06 00:00:00+00,Sun 06 Mar 2022,455,1915,0,3832933,3761485,241014,4073947,4002499,84.9000910489257,83.411131642909,472
-7.6926,53.28823,2022/03/07 00:00:00+00,Mon 07 Mar 2022,115,124,1,3833048,3761609,241015,4074063,4002624,84.9025084614649,83.4137366133176,473
-7.6926,53.28823,2022/03/08 00:00:00+00,Tue 08 Mar 2022,120,493,0,3833168,3762102,241015,4074183,4003117,84.9050092330571,83.424010616609,474
-7.6926,53.28823,2022/03/09 00:00:00+00,Wed 09 Mar 2022,129,345,1,3833297,3762447,241016,4074313,4003463,84.907718402282,83.4312211746999,475
-7.6926,53.28823,2022/03/10 00:00:00+00,Thu 10 Mar 2022,259,508,0,3833556,3762955,241016,4074572,4003971,84.9131159009686,83.4418077744404,476
-7.6926,53.28823,2022/03/11 00:00:00+00,Fri 11 Mar 2022,492,2182,0,3834048,3765137,241016,4075064,4006153,84.9233690644968,83.4872801378926,477
-7.6926,53.28823,2022/03/12 00:00:00+00,Sat 12 Mar 2022,472,2391,2,3834520,3767528,241018,4075538,4008546,84.9332471122861,83.5371496913944,478
-7.6926,53.28823,2022/03/13 00:00:00+00,Sun 13 Mar 2022,358,1082,0,3834878,3768610,241018,4075896,4009628,84.9407077475363,83.559698315251,479
-7.6926,53.28823,2022/03/14 00:00:00+00,Mon 14 Mar 2022,109,122,0,3834987,3768732,241018,4076005,4009750,84.9429792817326,83.5622407663698,480
-7.6926,53.28823,2022/03/15 00:00:00+00,Tue 15 Mar 2022,222,755,1,3835209,3769487,241019,4076228,4010506,84.9476265489415,83.5779956274009,481
-7.6926,53.28823,2022/03/16 00:00:00+00,Wed 16 Mar 2022,195,798,0,3835404,3770285,241019,4076423,4011304,84.9516903027788,83.5946257584892,482
-7.6926,53.28823,2022/03/18 00:00:00+00,Fri 18 Mar 2022,3,6,0,3835407,3770291,241019,4076426,4011310,84.9517528220686,83.5947507970689,483
-7.6926,53.28823,2022/03/19 00:00:00+00,Sat 19 Mar 2022,743,2778,0,3836150,3773069,241019,4077169,4014088,84.9672367661772,83.6526436594291,484
-7.6926,53.28823,2022/03/20 00:00:00+00,Sun 20 Mar 2022,395,1402,0,3836545,3774471,241019,4077564,4015490,84.9754684726683,83.6818610075317,485
-7.6926,53.28823,2022/03/21 00:00:00+00,Mon 21 Mar 2022,56,112,0,3836601,3774583,241019,4077620,4015602,84.9766354994114,83.6841950610178,486
-7.6926,53.28823,2022/03/22 00:00:00+00,Tue 22 Mar 2022,141,575,0,3836742,3775158,241019,4077761,4016177,84.9795739060323,83.6961779248972,487
-7.6926,53.28823,2022/03/23 00:00:00+00,Wed 23 Mar 2022,102,221,0,3836844,3775379,241019,4077863,4016398,84.9816995618857,83.7007835125796,488
-7.6926,53.28823,2022/03/24 00:00:00+00,Thu 24 Mar 2022,147,246,0,3836991,3775625,241019,4078010,4016644,84.9847630070861,83.7059100943437,489
-7.6926,53.28823,2022/03/25 00:00:00+00,Fri 25 Mar 2022,434,1625,0,3837425,3777250,241019,4078444,4018269,84.9938074643447,83.7397747096552,490
-7.6926,53.28823,2022/03/26 00:00:00+00,Sat 26 Mar 2022,874,1848,1,3838299,3779098,241020,4079319,4020118,85.0120422572048,83.7783074319389,491
-7.6926,53.28823,2022/03/27 00:00:00+00,Sun 27 Mar 2022,380,803,0,3838679,3779901,241020,4079699,4020921,85.0199613672469,83.7950417618436,492
-7.6926,53.28823,2022/03/27 23:00:00+00,Mon 28 Mar 2022,44,53,1,3838723,3779954,241021,4079744,4020975,85.0208991565939,83.7961671090601,493
-7.6926,53.28823,2022/03/28 23:00:00+00,Tue 29 Mar 2022,137,193,3,3838860,3780147,241024,4079884,4021171,85.0238167234515,83.8002517026608,494
-7.6926,53.28823,2022/03/29 23:00:00+00,Wed 30 Mar 2022,109,135,0,3838969,3780282,241024,4079993,4021306,85.0260882576478,83.803065070702,495
-7.6926,53.28823,2022/03/30 23:00:00+00,Thu 31 Mar 2022,227,360,0,3839196,3780642,241024,4080220,4021666,85.0308188839098,83.8105673854787,496
-7.6926,53.28823,2022/03/31 23:00:00+00,Fri 01 Apr 2022,307,905,0,3839503,3781547,241024,4080527,4022571,85.0372166912333,83.8294273712368,497
-7.6926,53.28823,2022/04/01 23:00:00+00,Sat 02 Apr 2022,729,1538,1,3840232,3783085,241025,4081257,4024110,85.0524297184194,83.8614997669072,498
-7.6926,53.28823,2022/04/02 23:00:00+00,Sun 03 Apr 2022,538,815,0,3840770,3783900,241025,4081795,4024925,85.0636415110579,83.8784841739712,499
-7.6926,53.28823,2022/04/03 23:00:00+00,Mon 04 Apr 2022,50,51,0,3840820,3783951,241025,4081845,4024976,85.0646834992213,83.8795470018979,500
-7.6926,53.28823,2022/04/04 23:00:00+00,Tue 05 Apr 2022,130,169,0,3840950,3784120,241025,4081975,4025145,85.0673926684462,83.8830689218903,501
-7.6926,53.28823,2022/04/05 23:00:00+00,Wed 06 Apr 2022,158,210,0,3841108,3784330,241025,4082133,4025355,85.0706853510427,83.8874452721767,502
-7.6926,53.28823,2021/08/27 23:00:00+00,Sat 28 Aug 2021,9933,7940,153,3486916,3163555,237320,3724236,3400875,77.6121965964915,70.8734299061856,503
-7.6926,53.28823,2021/05/22 23:00:00+00,Sun 23 May 2021,8226,5535,10205,1831501,742523,40867,1872368,783390,39.0197058717492,16.3256621470083,504
-7.6926,53.28823,2021/08/28 23:00:00+00,Sun 29 Aug 2021,8801,9197,30,3495717,3172752,237350,3733067,3410102,77.7962325459168,71.0657184018652,505
-7.6926,53.28823,2021/05/23 23:00:00+00,Mon 24 May 2021,22563,8238,8452,1854064,750761,49319,1903383,800080,39.6660511295256,16.6734777959616,506
-7.6926,53.28823,2021/08/29 23:00:00+00,Mon 30 Aug 2021,5073,11156,85,3500790,3183908,237435,3738225,3421343,77.9037240448563,71.2999781807679,507
-7.6926,53.28823,2021/05/24 23:00:00+00,Tue 25 May 2021,30361,16516,3224,1884425,767277,52543,1936968,819820,40.3659545789024,17.0848547228843,508
-7.6926,53.28823,2021/08/30 23:00:00+00,Tue 31 Aug 2021,4076,12914,145,3504866,3196822,237580,3742446,3434402,77.9916886856132,71.5721246492928,509
-7.6926,53.28823,2021/05/25 23:00:00+00,Wed 26 May 2021,19988,25475,3054,1904413,792752,55597,1960010,848349,40.846144404138,17.6793923291749,510
-7.6926,53.28823,2021/08/31 23:00:00+00,Wed 01 Sep 2021,4984,12556,184,3509850,3209378,237764,3747614,3447142,78.0993885821855,71.8376232333351,511
-7.6926,53.28823,2021/05/26 23:00:00+00,Thu 27 May 2021,17021,36057,550,1921434,828809,56147,1977581,884956,41.212319884531,18.4422735431495,512
-7.6926,53.28823,2021/09/01 23:00:00+00,Thu 02 Sep 2021,5013,12377,249,3514863,3221755,238013,3752876,3459768,78.209047416505,72.1007460843648,513
-7.6926,53.28823,2021/05/27 23:00:00+00,Fri 28 May 2021,27054,31837,1562,1948488,860646,57709,2006197,918355,41.808670550226,19.1383007965583,514
-7.6926,53.28823,2021/09/02 23:00:00+00,Fri 03 Sep 2021,4784,16100,167,3519647,3237855,238180,3757827,3476035,78.3122250844479,72.4397465134555,515
-7.6926,53.28823,2021/05/28 23:00:00+00,Sat 29 May 2021,24498,7397,537,1972986,868043,58246,2031232,926289,42.330394023656,19.3036434783315,516
-7.6926,53.28823,2021/09/03 23:00:00+00,Sat 04 Sep 2021,4631,10590,136,3524278,3248445,238316,3762594,3486761,78.4115682359495,72.6632738142748,517
-7.6926,53.28823,2021/05/29 23:00:00+00,Sun 30 May 2021,24260,1688,210,1997246,869731,58456,2055702,928187,42.8403430308393,19.3431973490154,518
-7.6926,53.28823,2021/09/04 23:00:00+00,Sun 05 Sep 2021,5310,11911,1,3529588,3260356,238317,3767905,3498673,78.5222482186691,72.9115170743306,519
-7.6926,53.28823,2021/05/30 23:00:00+00,Mon 31 May 2021,22603,7317,3445,2019849,877048,61901,2081750,938949,43.3831771844605,19.5674748813123,520
-7.6926,53.28823,2021/09/05 23:00:00+00,Mon 06 Sep 2021,2168,9698,76,3531756,3270054,238393,3770149,3508447,78.5690126474439,73.1152049205182,521
-7.6926,53.28823,2021/05/31 23:00:00+00,Tue 01 Jun 2021,27603,11526,3654,2047452,888574,65555,2113007,954129,44.0345656649479,19.8838224877301,522
-7.6926,53.28823,2021/09/06 23:00:00+00,Tue 07 Sep 2021,3035,10034,160,3534791,3280088,238553,3773344,3518641,78.6355956910872,73.3276454672785,523
-7.6926,53.28823,2021/06/01 23:00:00+00,Wed 02 Jun 2021,18717,20918,4008,2066169,909492,69563,2135732,979055,44.5081492852274,20.4032744269638,524
-7.6926,53.28823,2021/09/07 23:00:00+00,Wed 08 Sep 2021,2614,14804,191,3537405,3294892,238744,3776149,3533636,78.6940512270557,73.6401377174916,525
-7.6926,53.28823,2021/06/02 23:00:00+00,Thu 03 Jun 2021,16699,30709,1978,2082868,940201,71541,2154409,1011742,44.8973735437955,21.0844637689254,526
-7.6926,53.28823,2021/09/08 23:00:00+00,Thu 09 Sep 2021,3127,14823,138,3540532,3309715,238882,3779414,3548597,78.7620930541277,73.9519214157535,527
-7.6926,53.28823,2021/06/03 23:00:00+00,Fri 04 Jun 2021,28997,23347,153,2111865,963548,71694,2183559,1035242,45.5048526430759,21.5741982057381,528
-7.6926,53.28823,2021/09/09 23:00:00+00,Fri 10 Sep 2021,3389,13950,116,3543921,3323665,238998,3782919,3562663,78.8351364243843,74.24505352589,529
-7.6926,53.28823,2021/06/04 23:00:00+00,Sat 05 Jun 2021,20977,11502,35,2132842,975050,71729,2204571,1046779,45.9427377488763,21.8146265545682,530
-7.6926,53.28823,2021/09/10 23:00:00+00,Sat 11 Sep 2021,2564,11347,62,3546485,3335012,239060,3785545,3574072,78.8898616427277,74.4828143850217,531
-7.6926,53.28823,2021/06/05 23:00:00+00,Sun 06 Jun 2021,19951,3918,47,2152793,978968,71776,2224569,1050744,46.3594913347222,21.8972562159283,532
-7.6926,53.28823,2021/06/06 23:00:00+00,Mon 07 Jun 2021,19845,4605,47,2172638,983573,71823,2244461,1055396,46.7740359056617,21.9942027946539,533
-7.6926,53.28823,2021/06/07 23:00:00+00,Tue 08 Jun 2021,26425,18346,47,2199063,1001919,71870,2270933,1073789,47.3257061189088,22.3775085604538,534
-7.6926,53.28823,2021/06/08 23:00:00+00,Wed 09 Jun 2021,32819,20130,175,2231882,1022049,72045,2303927,1094094,48.0132932681938,22.8006599536232,535
-7.6926,53.28823,2021/06/09 23:00:00+00,Thu 10 Jun 2021,27710,27508,273,2259592,1049557,72318,2331910,1121875,48.5964523637397,23.3796094169889,536
-7.6926,53.28823,2021/06/10 23:00:00+00,Fri 11 Jun 2021,26458,32915,42,2286050,1082472,72360,2358410,1154832,49.1487060903583,24.0664254950329,537
-7.6926,53.28823,2021/06/11 23:00:00+00,Sat 12 Jun 2021,12223,19730,105,2298273,1102202,72465,2370738,1174667,49.4056186919339,24.4797821994661,538
-7.6926,53.28823,2021/06/12 23:00:00+00,Sun 13 Jun 2021,8558,18178,835,2306831,1120380,73300,2380131,1193680,49.6013665883161,24.8760086184925,539
-7.6926,53.28823,2021/06/13 23:00:00+00,Mon 14 Jun 2021,16028,31315,52,2322859,1151695,73352,2396211,1225047,49.9364699816756,25.5296894729395,540
-7.6926,53.28823,2021/06/14 23:00:00+00,Tue 15 Jun 2021,14711,41596,206,2337570,1193291,73558,2411128,1266849,50.2473367303537,26.4008332570945,541
-7.6926,53.28823,2021/06/15 23:00:00+00,Wed 16 Jun 2021,13482,48400,219,2351052,1241691,73777,2424829,1315468,50.5328623268971,27.4140417074518,542
-7.6926,53.28823,2021/06/16 23:00:00+00,Thu 17 Jun 2021,21580,42697,535,2372632,1284388,74312,2446944,1358700,50.9937336915828,28.314986353081,543
-7.6926,53.28823,2021/06/17 23:00:00+00,Fri 18 Jun 2021,12022,50026,554,2384654,1334414,74866,2459520,1409280,51.255814554449,29.3690615792081,544
-7.6926,53.28823,2021/06/18 23:00:00+00,Sat 19 Jun 2021,6329,32820,434,2390983,1367234,75300,2466283,1442534,51.3967538734347,30.0620670669429,545
-7.6926,53.28823,2021/06/19 23:00:00+00,Sun 20 Jun 2021,8523,26147,178,2399506,1393381,75478,2474984,1468859,51.578080653635,30.6106738349895,546
-7.6926,53.28823,2021/06/20 23:00:00+00,Mon 21 Jun 2021,15494,32346,575,2415000,1425727,76053,2491053,1501780,51.9129548095985,31.2967396815559,547
-7.6926,53.28823,2021/06/21 23:00:00+00,Tue 22 Jun 2021,15152,43553,722,2430152,1469280,76775,2506927,1546055,52.2437652117247,32.2194202002743,548
-7.6926,53.28823,2021/06/22 23:00:00+00,Wed 23 Jun 2021,20105,39409,884,2450257,1508689,77659,2527916,1586348,52.6811710029699,33.059116781657,549
-7.6926,53.28823,2021/06/23 23:00:00+00,Thu 24 Jun 2021,19029,44277,1032,2469286,1552966,78691,2547977,1631657,53.0992374939018,34.0033456155951,550
-7.6926,53.28823,2021/06/24 23:00:00+00,Fri 25 Jun 2021,15219,50131,843,2484505,1603097,79534,2564039,1682631,53.4339657715224,35.06563170845,551
-7.6926,53.28823,2021/06/25 23:00:00+00,Sat 26 Jun 2021,9072,30576,512,2493577,1633673,80046,2573623,1713719,53.6336940626889,35.7134982689451,552
-7.6926,53.28823,2021/06/26 23:00:00+00,Sun 27 Jun 2021,8741,30483,59,2502318,1664156,80105,2582423,1744261,53.8170839794528,36.3499863186954,553
-7.6926,53.28823,2021/06/27 23:00:00+00,Mon 28 Jun 2021,24249,24666,527,2526567,1688822,80632,2607199,1769454,54.3334099541963,36.8750024747219,554
-7.6926,53.28823,2021/06/28 23:00:00+00,Tue 29 Jun 2021,28152,31058,812,2554719,1719880,81444,2636163,1801324,54.9370128575087,37.539165730093,555
-7.6926,53.28823,2021/06/29 23:00:00+00,Wed 30 Jun 2021,22585,36882,589,2577304,1756762,82033,2659337,1838795,55.4199535314959,38.3200524995316,556
-7.6926,53.28823,2021/06/30 23:00:00+00,Thu 01 Jul 2021,15047,48306,642,2592351,1805068,82675,2675026,1887743,55.7469085774173,39.3401172320043,557
-7.6926,53.28823,2021/07/01 23:00:00+00,Fri 02 Jul 2021,13692,47274,817,2606043,1852342,83492,2689535,1935834,56.0492727026818,40.3423222873557,558
-7.6926,53.28823,2021/07/02 23:00:00+00,Sat 03 Jul 2021,9322,30487,506,2615365,1882829,83998,2699363,1966827,56.2540858960859,40.9882090703402,559
-7.6926,53.28823,2021/07/03 23:00:00+00,Sun 04 Jul 2021,6460,27786,233,2621825,1910615,84231,2706056,1994846,56.3935664316428,41.5721183973639,560
-7.6926,53.28823,2021/07/04 23:00:00+00,Mon 05 Jul 2021,15630,33476,5342,2637455,1944091,89573,2727028,2033664,56.8306179469124,42.3810763279253,561
-7.6926,53.28823,2021/07/05 23:00:00+00,Tue 06 Jul 2021,12407,48304,5488,2649862,1992395,95061,2744923,2087456,57.2035455106044,43.5020888736712,562
-7.6926,53.28823,2021/07/06 23:00:00+00,Wed 07 Jul 2021,19711,43770,5059,2669573,2036165,100120,2769693,2136285,57.7197464467683,44.5196736743149,563
-7.6926,53.28823,2021/07/07 23:00:00+00,Thu 08 Jul 2021,17796,45609,5997,2687369,2081774,106117,2793486,2187891,58.2155869342187,45.5951304975556,564
-7.6926,53.28823,2021/07/08 23:00:00+00,Fri 09 Jul 2021,13530,45098,6531,2700899,2126872,112648,2813547,2239520,58.6336534251506,46.6710666353515,565
-7.6926,53.28823,2021/07/09 23:00:00+00,Sat 10 Jul 2021,8644,23882,4364,2709543,2150754,117012,2826555,2267766,58.9047370657488,47.259706588637,566
-7.6926,53.28823,2021/07/10 23:00:00+00,Sun 11 Jul 2021,15241,16122,2153,2724784,2166876,119165,2843949,2286041,59.2672239080433,47.6405532623712,567
-7.6926,53.28823,2021/07/11 23:00:00+00,Mon 12 Jul 2021,17123,31783,6092,2741907,2198659,125257,2867164,2323916,59.7510190123244,48.4298592961703,568
-7.6926,53.28823,2021/07/12 23:00:00+00,Tue 13 Jul 2021,20117,36576,8490,2762024,2235235,133747,2895771,2368982,60.34718212015,49.3690240676342,569
-7.6926,53.28823,2021/07/13 23:00:00+00,Wed 14 Jul 2021,20804,35727,9335,2782828,2270962,143082,2925910,2414044,60.9752717453031,50.308105480045,570
-7.6926,53.28823,2021/07/14 23:00:00+00,Thu 15 Jul 2021,23660,28845,9585,2806488,2299807,152667,2959155,2452474,61.6680896751685,51.1089775824583,571
-7.6926,53.28823,2021/07/15 23:00:00+00,Fri 16 Jul 2021,23519,27437,9168,2830007,2327244,161835,2991842,2489079,62.3492790171301,51.8718171169063,572
-7.6926,53.28823,2021/07/16 23:00:00+00,Sat 17 Jul 2021,11518,19435,4677,2841525,2346679,166512,3008037,2513191,62.6867789832655,52.3743054888394,573
-7.6926,53.28823,2021/07/17 23:00:00+00,Sun 18 Jul 2021,16871,15824,1931,2858396,2362503,168443,3026839,2530946,63.0786082122422,52.7443154856738,574
-7.6926,53.28823,2021/07/18 23:00:00+00,Mon 19 Jul 2021,24906,18453,6253,2883302,2380956,174696,3057998,2555652,63.7279543959292,53.2591826769885,575
-7.6926,53.28823,2021/07/19 23:00:00+00,Tue 20 Jul 2021,30601,18188,7699,2913903,2399144,182395,3096298,2581539,64.5261173291176,53.7986616287234,576
-7.6926,53.28823,2021/07/20 23:00:00+00,Wed 21 Jul 2021,30371,19851,6894,2944274,2418995,189289,3133563,2608284,65.3027111073229,54.3560210973427,577
-7.6926,53.28823,2021/07/21 23:00:00+00,Thu 22 Jul 2021,33545,15940,6937,2977819,2434935,196226,3174045,2631161,66.1463464039634,54.8327723616391,578
-7.6926,53.28823,2021/07/22 23:00:00+00,Fri 23 Jul 2021,27086,20843,5615,3004905,2455778,201841,3206746,2657619,66.8278275026107,55.3841508182004,579
-7.6926,53.28823,2021/07/23 23:00:00+00,Sat 24 Jul 2021,15445,14819,2276,3020350,2470597,204117,3224467,2674714,67.197128947494,55.7404065712775,580
-7.6926,53.28823,2021/07/24 23:00:00+00,Sun 25 Jul 2021,14741,13651,1046,3035091,2484248,205163,3240254,2689411,67.5261262902158,56.0466885720365,581
-7.6926,53.28823,2021/07/25 23:00:00+00,Mon 26 Jul 2021,23852,18317,3422,3058943,2502565,208585,3267528,2711150,68.0945099936043,56.4997241857331,582
-7.6926,53.28823,2021/07/26 23:00:00+00,Tue 27 Jul 2021,25527,23917,3672,3084470,2526482,212257,3296727,2738739,68.7030102412849,57.0746724145512,583
-7.6926,53.28823,2021/07/27 23:00:00+00,Wed 28 Jul 2021,23448,25296,3265,3107918,2551778,215522,3323440,2767300,69.2597028374796,57.6698768932664,584
-7.6926,53.28823,2021/07/28 23:00:00+00,Thu 29 Jul 2021,19293,27879,2962,3127211,2579657,218484,3345695,2798141,69.7234917690229,58.3125960322341,585
-7.6926,53.28823,2021/07/29 23:00:00+00,Fri 30 Jul 2021,21963,22956,2123,3149174,2602613,220607,3369781,2823220,70.225438307111,58.835236455248,586
-7.6926,53.28823,2021/07/30 23:00:00+00,Sat 31 Jul 2021,13754,12494,907,3162928,2615107,221514,3384442,2836621,70.5309700763923,59.1145101228108,587
-7.6926,53.28823,2021/07/31 23:00:00+00,Sun 01 Aug 2021,11142,9346,369,3174070,2624453,221883,3395953,2846336,70.7708565913775,59.3169684229655,588
-7.6926,53.28823,2021/08/01 23:00:00+00,Mon 02 Aug 2021,15032,16045,430,3189102,2640498,222313,3411415,2862811,71.093081011037,59.6603035228161,589
-7.6926,53.28823,2021/08/02 23:00:00+00,Tue 03 Aug 2021,17355,25461,1111,3206457,2665959,223424,3429881,2889383,71.4779080795554,60.21405771239,590
-7.6926,53.28823,2021/08/03 23:00:00+00,Wed 04 Aug 2021,22131,17313,1575,3228588,2683272,224999,3453587,2908271,71.9719355076014,60.6076791610078,591
-7.6926,53.28823,2021/08/04 23:00:00+00,Thu 05 Aug 2021,13545,30060,1421,3242133,2713332,226420,3468553,2939752,72.2838234046797,61.2637357484674,592
-7.6926,53.28823,2021/08/05 23:00:00+00,Fri 06 Aug 2021,12222,24752,949,3254355,2738084,227369,3481724,2965453,72.5583039266907,61.7993385042343,593
-7.6926,53.28823,2021/08/06 23:00:00+00,Sat 07 Aug 2021,6342,8468,583,3260697,2746552,227952,3488649,2974504,72.7026192873259,61.9879592015787,594
-7.6926,53.28823,2021/08/07 23:00:00+00,Sun 08 Aug 2021,8633,11990,153,3269330,2758542,228105,3497435,2986647,72.8857174474041,62.2410164469496,595
-7.6926,53.28823,2021/08/08 23:00:00+00,Mon 09 Aug 2021,5556,23046,600,3274886,2781588,228705,3503591,3010293,73.0140070300857,62.7337934891995,596
-7.6926,53.28823,2021/08/09 23:00:00+00,Tue 10 Aug 2021,9377,26022,717,3284263,2807610,229422,3513685,3037032,73.2243636005193,63.2910279192392,597
-7.6926,53.28823,2021/08/10 23:00:00+00,Wed 11 Aug 2021,7028,31247,666,3291291,2838857,230088,3521379,3068945,73.384704739108,63.9560872844309,598
-7.6926,53.28823,2021/08/11 23:00:00+00,Thu 12 Aug 2021,6790,38304,865,3298081,2877161,230953,3529034,3108114,73.5442331269294,64.7723599718997,599
-7.6926,53.28823,2021/08/12 23:00:00+00,Fri 13 Aug 2021,10943,28232,875,3309024,2905393,231828,3540852,3137221,73.790517449238,65.3789429613595,600
-7.6926,53.28823,2021/08/13 23:00:00+00,Sat 14 Aug 2021,18147,5854,281,3327171,2911247,232109,3559280,3143356,74.1745526067522,65.5067949090126,601
-7.6926,53.28823,2021/08/14 23:00:00+00,Sun 15 Aug 2021,17003,3739,52,3344174,2914986,232161,3576335,3147147,74.5299747692986,65.5857984515639,602
-7.6926,53.28823,2021/08/15 23:00:00+00,Mon 16 Aug 2021,10201,23168,386,3354375,2938154,232547,3586922,3170701,74.7506053430236,66.0766582355931,603
-7.6926,53.28823,2021/09/11 23:00:00+00,Sun 12 Sep 2021,2043,12885,1,3548528,3347897,239061,3787589,3586958,78.9324581188488,74.7513555745012,604
-7.6926,53.28823,2021/09/12 23:00:00+00,Mon 13 Sep 2021,1623,7750,52,3550151,3355647,239113,3789264,3594760,78.9673647223237,74.913947407523,605
-7.6926,53.28823,2021/09/13 23:00:00+00,Tue 14 Sep 2021,1554,10794,82,3551705,3366441,239195,3790900,3605636,79.0014585750312,75.1406006728326,606
-7.6926,53.28823,2021/09/14 23:00:00+00,Wed 15 Sep 2021,3291,12379,138,3554996,3378820,239333,3794329,3618153,79.0729181232793,75.401451989666,607
-7.6926,53.28823,2021/09/15 23:00:00+00,Thu 16 Sep 2021,1919,10581,115,3556915,3389401,239448,3796363,3628849,79.1153062017677,75.6243540975872,608
-7.6926,53.28823,2021/09/16 23:00:00+00,Fri 17 Sep 2021,2563,14624,95,3559478,3404025,239543,3799021,3643568,79.1706982925357,75.9310945731381,609
-7.6926,53.28823,2021/09/17 23:00:00+00,Sat 18 Sep 2021,2292,11242,48,3561770,3415267,239591,3801361,3654858,79.2194633385843,76.1663755004409,610
-7.6926,53.28823,2021/09/18 23:00:00+00,Sun 19 Sep 2021,1864,8495,16,3563634,3423762,239607,3803241,3663369,79.2586420935293,76.3437427256201,611
-7.6926,53.28823,2021/09/19 23:00:00+00,Mon 20 Sep 2021,964,5634,35,3564598,3429396,239642,3804240,3669038,79.2794610170346,76.46188334359,612
-7.6926,53.28823,2021/09/20 23:00:00+00,Tue 21 Sep 2021,1476,6680,90,3566074,3436076,239732,3805806,3675808,79.3120960863133,76.6029685409186,613
-7.6926,53.28823,2021/09/21 23:00:00+00,Wed 22 Sep 2021,1902,8159,97,3567976,3444235,239829,3807805,3684064,79.3537547730873,76.7750216264643,614
-7.6926,53.28823,2021/09/22 23:00:00+00,Thu 23 Sep 2021,1690,8739,89,3569666,3452974,239918,3809584,3692892,79.3908287119422,76.9589950565998,615
-7.6926,53.28823,2021/09/23 23:00:00+00,Fri 24 Sep 2021,1914,7398,81,3571580,3460372,239999,3811579,3700371,79.4324040396631,77.1148556460858,616
-7.6926,53.28823,2021/09/24 23:00:00+00,Sat 25 Sep 2021,2422,6609,53,3574002,3466981,240052,3814054,3707033,79.4839824537529,77.2536901489814,617
-7.6926,53.28823,2021/09/25 23:00:00+00,Sun 26 Sep 2021,1549,7101,0,3575551,3474082,240052,3815603,3714134,79.516263247056,77.4016733079519,618
-7.6926,53.28823,2021/09/26 23:00:00+00,Mon 27 Sep 2021,1179,3832,45,3576730,3477914,240097,3816827,3718011,79.5417711172968,77.4824690701444,619
-7.6926,53.28823,2021/09/27 23:00:00+00,Tue 28 Sep 2021,1455,5150,93,3578185,3483064,240190,3818375,3723254,79.5740310708367,77.5917319489618,620
-7.6926,53.28823,2021/09/28 23:00:00+00,Wed 29 Sep 2021,1654,3631,80,3579839,3486695,240270,3820109,3726965,79.6101672203444,77.6690683104516,621
-7.6926,53.28823,2021/09/29 23:00:00+00,Thu 30 Sep 2021,1275,3985,78,3581114,3490680,240348,3821462,3731028,79.6383634200469,77.753740268612,622
-7.6926,53.28823,2021/09/30 23:00:00+00,Fri 01 Oct 2021,1871,5194,42,3582985,3495874,240390,3823375,3736264,79.6782298871798,77.8628572690866,623
-7.6926,53.28823,2021/10/01 23:00:00+00,Sat 02 Oct 2021,1684,4102,41,3584669,3499976,240431,3825100,3740407,79.7141784788182,77.9491964083085,624
-7.6926,53.28823,2021/10/02 23:00:00+00,Sun 03 Oct 2021,1197,3022,9,3585866,3502998,240440,3826306,3743438,79.7393112333201,78.0123617307757,625
-7.6926,53.28823,2021/10/03 23:00:00+00,Mon 04 Oct 2021,348,1240,18,3586214,3504238,240458,3826672,3744696,79.7469385866764,78.0385781529676,626
-7.6926,53.28823,2021/10/04 23:00:00+00,Tue 05 Oct 2021,960,2837,70,3587174,3507075,240528,3827702,3747603,79.7684035428431,78.0991593447895,627
-7.6926,53.28823,2021/10/05 23:00:00+00,Wed 06 Oct 2021,971,2581,40,3588145,3509656,240568,3828713,3750224,79.7894725435077,78.1537803643166,628
-7.6926,53.28823,2021/10/06 23:00:00+00,Thu 07 Oct 2021,1213,2713,44,3589358,3512369,240612,3829970,3752981,79.8156681259364,78.2112355916482,629
-7.6926,53.28823,2021/10/07 23:00:00+00,Fri 08 Oct 2021,916,2746,48,3590274,3515115,240660,3830934,3755775,79.8357576577273,78.2694618902207,630
-7.6926,53.28823,2021/10/08 23:00:00+00,Sat 09 Oct 2021,723,2368,23,3590997,3517483,240683,3831680,3758166,79.8513041211257,78.319289764196,631
-7.6926,53.28823,2021/10/09 23:00:00+00,Sun 10 Oct 2021,1517,3927,2,3592514,3521410,240685,3833199,3762095,79.8829597215307,78.4011691940784,632
-7.6926,53.28823,2021/10/10 23:00:00+00,Mon 11 Oct 2021,335,1137,19,3592849,3522547,240704,3833553,3763251,79.8903369977278,78.425259960417,633
-7.6926,53.28823,2021/10/11 23:00:00+00,Tue 12 Oct 2021,563,1626,21,3593412,3524173,240725,3834137,3764898,79.9025074194767,78.4595830505204,634
-7.6926,53.28823,2021/10/12 23:00:00+00,Wed 13 Oct 2021,989,2080,11,3594401,3526253,240736,3835137,3766989,79.9233471827453,78.5031589955151,635
-7.6926,53.28823,2021/10/13 23:00:00+00,Thu 14 Oct 2021,654,1610,9,3595055,3527863,240745,3835800,3768608,79.9371639457924,78.536898572247,636
-7.6926,53.28823,2021/10/14 23:00:00+00,Fri 15 Oct 2021,957,2080,9,3596012,3529943,240754,3836766,3770697,79.9572951571099,78.5804328377151,637
-7.6926,53.28823,2021/10/15 23:00:00+00,Sat 16 Oct 2021,1383,2651,14,3597395,3532594,240768,3838163,3773362,79.9864083063962,78.635970806826,638
-7.6926,53.28823,2021/10/16 23:00:00+00,Sun 17 Oct 2021,1705,2892,2,3599100,3535486,240770,3839870,3776256,80.0219817822958,78.6962810817254,639
-7.6926,53.28823,2021/10/17 23:00:00+00,Mon 18 Oct 2021,679,1255,6,3599779,3536741,240776,3840555,3777517,80.0362570201348,78.7225600232072,640
-7.6926,53.28823,2021/10/18 23:00:00+00,Tue 19 Oct 2021,1341,1808,13,3601120,3538549,240789,3841909,3779338,80.0644740596005,78.7605092321193,641
-7.6926,53.28823,2021/10/19 23:00:00+00,Wed 20 Oct 2021,2262,2337,0,3603382,3540886,240789,3844171,3781675,80.1116136041141,78.8092117588781,642
-7.6926,53.28823,2021/10/20 23:00:00+00,Thu 21 Oct 2021,1729,1855,11,3605111,3542741,240800,3845911,3783541,80.1478747922015,78.8480987571374,643
-7.6926,53.28823,2021/10/21 23:00:00+00,Fri 22 Oct 2021,1507,1936,3,3606618,3544677,240803,3847421,3785480,80.1793428347371,78.8885070581152,644
-7.6926,53.28823,2021/10/22 23:00:00+00,Sat 23 Oct 2021,2018,1706,1,3608636,3546383,240804,3849440,3787187,80.2214183167765,78.9240805340148,645
-7.6926,53.28823,2021/10/23 23:00:00+00,Sun 24 Oct 2021,1955,2189,2,3610591,3548572,240806,3851397,3789378,80.2622017334932,78.9697404553363,646
-7.6926,53.28823,2021/10/24 23:00:00+00,Mon 25 Oct 2021,1234,863,2,3611825,3549435,240808,3852633,3790243,80.2879596808932,78.9877668505637,647
-7.6926,53.28823,2021/10/25 23:00:00+00,Tue 26 Oct 2021,1247,1237,6,3613072,3550672,240814,3853886,3791486,80.3140719042688,79.0136706763066,648
-7.6926,53.28823,2021/10/26 23:00:00+00,Wed 27 Oct 2021,1567,1432,6,3614639,3552104,240820,3855459,3792924,80.3468528518903,79.0436382558869,649
-7.6926,53.28823,2021/10/27 23:00:00+00,Thu 28 Oct 2021,2159,1697,5,3616798,3553801,240825,3857623,3794626,80.3919500996036,79.0791075329701,650
-7.6926,53.28823,2021/10/28 23:00:00+00,Fri 29 Oct 2021,2145,1378,2,3618943,3555179,240827,3859770,3796006,80.4366930713414,79.1078664062808,651
-7.6926,53.28823,2021/10/29 23:00:00+00,Sat 30 Oct 2021,2020,1455,1,3620963,3556634,240828,3861791,3797462,80.4788102329073,79.1382091015999,652
-7.6926,53.28823,2021/10/30 23:00:00+00,Sun 31 Oct 2021,1597,1320,0,3622560,3557954,240828,3863388,3798782,80.5120913348473,79.1657175891145,653
-7.6926,53.28823,2021/11/01 00:00:00+00,Mon 01 Nov 2021,289,297,2,3622849,3558251,240830,3863679,3799081,80.5181557059584,79.1719486783318,654
-7.6926,53.28823,2021/11/02 00:00:00+00,Tue 02 Nov 2021,1100,1098,10,3623949,3559349,240840,3864789,3800189,80.5412878431866,79.1950391360334,655
-7.6926,53.28823,2021/11/03 00:00:00+00,Wed 03 Nov 2021,2538,1883,7,3626487,3561232,240847,3867334,3802079,80.5943250407053,79.2344262886111,656
-7.6926,53.28823,2021/11/04 00:00:00+00,Thu 04 Nov 2021,1536,1288,2,3628023,3562520,240849,3868872,3803369,80.6263765966124,79.2613095832277,657
-7.6926,53.28823,2021/11/05 00:00:00+00,Fri 05 Nov 2021,1631,1102,4,3629654,3563622,240853,3870507,3804475,80.6604496095566,79.2843583614028,658
-7.6926,53.28823,2021/11/06 00:00:00+00,Sat 06 Nov 2021,1821,1359,6,3631475,3564981,240859,3872334,3805840,80.6985238570484,79.3128046382644,659
-7.6926,53.28823,2021/11/07 00:00:00+00,Sun 07 Nov 2021,697,776,0,3632172,3565757,240859,3873031,3806616,80.7130491720466,79.3289762945609,660
-7.6926,53.28823,2021/11/08 00:00:00+00,Mon 08 Nov 2021,516,534,4,3632688,3566291,240863,3873551,3807154,80.7238858489463,79.3401880871994,661
-7.6926,53.28823,2021/11/09 00:00:00+00,Tue 09 Nov 2021,1372,1072,4,3634060,3567363,240867,3874927,3808230,80.7525613632039,79.3626116724764,662
-7.6926,53.28823,2021/11/10 00:00:00+00,Wed 10 Nov 2021,1601,1368,2,3635661,3568731,240869,3876530,3809600,80.7859675037235,79.3911621481545,663
-7.6926,53.28823,2021/11/11 00:00:00+00,Thu 11 Nov 2021,1394,1125,2,3637055,3569856,240871,3877926,3810727,80.8150598132465,79.4146485613582,664
-7.6926,53.28823,2021/11/12 00:00:00+00,Fri 12 Nov 2021,1143,1160,6,3638198,3571016,240877,3879075,3811893,80.8390047012422,79.4389477253294,665
-7.6926,53.28823,2021/11/13 00:00:00+00,Sat 13 Nov 2021,1395,1384,0,3639593,3572400,240877,3880470,3813277,80.8680761710019,79.4677899576932,666
-7.6926,53.28823,2021/11/14 00:00:00+00,Sun 14 Nov 2021,1646,1808,1,3641239,3574208,240878,3882117,3815086,80.9023992611053,79.5054890894461,667
-7.6926,53.28823,2021/11/15 00:00:00+00,Mon 15 Nov 2021,1243,597,1,3642482,3574805,240879,3883361,3815684,80.9283239266115,79.5179512678808,668
-7.6926,53.28823,2021/11/16 00:00:00+00,Tue 16 Nov 2021,1315,1079,5,3643797,3575884,240884,3884681,3816768,80.9558324141261,79.540541571264,669
-7.6926,53.28823,2021/11/17 00:00:00+00,Wed 17 Nov 2021,1504,1122,3,3645301,3577006,240887,3886188,3817893,80.9872379373719,79.5639863049412,670
-7.6926,53.28823,2021/11/18 00:00:00+00,Thu 18 Nov 2021,1639,2510,5,3646940,3579516,240892,3887832,3820408,81.0214985081855,79.6163983095618,671
-7.6926,53.28823,2021/11/19 00:00:00+00,Fri 19 Nov 2021,1165,1559,0,3648105,3581075,240892,3888997,3821967,81.0457768323935,79.6488875004976,672
-7.6926,53.28823,2021/11/20 00:00:00+00,Sat 20 Nov 2021,1547,2946,12,3649652,3584021,240904,3890556,3824925,81.0782660233293,79.7105315202461,673
-7.6926,53.28823,2021/11/21 00:00:00+00,Sun 21 Nov 2021,1789,2769,0,3651441,3586790,240904,3892345,3827694,81.1155483598168,79.768236824737,674
-7.6926,53.28823,2021/11/22 00:00:00+00,Mon 22 Nov 2021,725,522,3,3652166,3587312,240907,3893073,3828219,81.1307197074764,79.779177700453,675
-7.6926,53.28823,2021/11/23 00:00:00+00,Tue 23 Nov 2021,2156,1598,8,3654322,3588910,240915,3895237,3829825,81.1758169551897,79.8126463602624,676
-7.6926,53.28823,2021/11/24 00:00:00+00,Wed 24 Nov 2021,1614,3152,2,3655936,3592062,240917,3896853,3832979,81.2094940126318,79.8783749736117,677
-7.6926,53.28823,2021/11/25 00:00:00+00,Thu 25 Nov 2021,982,1188,2,3656918,3593250,240919,3897837,3834169,81.2300003396881,79.9031742919013,678
-7.6926,53.28823,2021/11/26 00:00:00+00,Fri 26 Nov 2021,1279,1112,12,3658197,3594362,240931,3899128,3835293,81.2569044740679,79.9265981858153,679
-7.6926,53.28823,2021/11/27 00:00:00+00,Sat 27 Nov 2021,1201,1567,6,3659398,3595929,240937,3900335,3836866,81.2820580683332,79.9593791334368,680
-7.6926,53.28823,2021/11/28 00:00:00+00,Sun 28 Nov 2021,1962,2262,1,3661360,3598191,240938,3902298,3839129,81.3229665236295,80.0065395177137,681
-7.6926,53.28823,2021/11/29 00:00:00+00,Mon 29 Nov 2021,536,999,2,3661896,3599190,240940,3902836,3840130,81.334178316268,80.0274001207456,682
-7.6926,53.28823,2021/11/30 00:00:00+00,Tue 30 Nov 2021,1895,1649,6,3663791,3600839,240946,3904737,3841785,81.3737947062417,80.0618899289552,683
-7.6926,53.28823,2021/12/01 00:00:00+00,Wed 01 Dec 2021,1070,1388,4,3664861,3602227,240950,3905811,3843177,81.3961766119922,80.0908988794251,684
-7.6926,53.28823,2021/12/02 00:00:00+00,Thu 02 Dec 2021,1737,1414,0,3666598,3603641,240950,3907548,3844591,81.4323752807898,80.1203663046869,685
-7.6926,53.28823,2021/12/03 00:00:00+00,Fri 03 Dec 2021,1015,1198,2,3667613,3604839,240952,3908565,3845791,81.4535693200339,80.1453740206093,686
-7.6926,53.28823,2021/12/04 00:00:00+00,Sat 04 Dec 2021,1204,1702,1,3668817,3606541,240953,3909770,3847494,81.4786812347726,80.1808641374557,687
-7.6926,53.28823,2021/12/05 00:00:00+00,Sun 05 Dec 2021,1348,1777,2,3670165,3608318,240955,3911120,3849273,81.5068149151853,80.2179380763106,688
-7.6926,53.28823,2021/12/06 00:00:00+00,Mon 06 Dec 2021,936,1304,0,3671101,3609622,240955,3912056,3850577,81.5263209336047,80.2451131276129,689
-7.6926,53.28823,2021/12/07 00:00:00+00,Tue 07 Dec 2021,483,746,2,3671584,3610368,240957,3912541,3851325,81.53642821879,80.2607012705379,690
-7.6926,53.28823,2021/12/08 00:00:00+00,Wed 08 Dec 2021,795,1526,2,3672379,3611894,240959,3913338,3852853,81.5530375101151,80.2925444288123,691
-7.6926,53.28823,2021/12/09 00:00:00+00,Thu 09 Dec 2021,784,1212,1,3673163,3613106,240960,3914123,3854066,81.569396724281,80.3178230616572,692
-7.6926,53.28823,2021/12/10 00:00:00+00,Fri 10 Dec 2021,895,1619,1,3674058,3614725,240961,3915019,3855686,81.5880691521697,80.3515834781523,693
