X,Y,VaccinationDate,VaccineText,Dose1,Dose2,SingleDose,Dose1Cum,Dose2Cum,SingleDoseCum,PartiallyVacc,FullyVacc,PartialPercent,FullyPercent,ObjectId
-7.6926,53.28823,2022/03/18 00:00:00+00,Fri 18 Mar 2022,1,6,0,3832074,3766434,240755,4072829,4007189,86.49202458235,85.0980705288934,1
-7.6926,53.28823,2021/08/06 23:00:00+00,Sat 07 Aug 2021,6327,8453,583,3257661,2744503,227788,3485449,2972291,74.0182169662726,63.1206137645105,2
-7.6926,53.28823,2022/03/19 00:00:00+00,Sat 19 Mar 2022,743,2779,0,3832817,3769213,240755,4073572,4009968,86.5078031908466,85.1570863472139,3
-7.6926,53.28823,2021/08/07 23:00:00+00,Sun 08 Aug 2021,8623,11974,153,3266284,2756477,227941,3494225,2984418,74.2045871791479,63.3781469882501,4
-7.6926,53.28823,2022/03/20 00:00:00+00,Sun 20 Mar 2022,394,1402,0,3833211,3770615,240755,4073966,4011370,86.5161703129834,85.1868597107567,5
-7.6926,53.28823,2021/08/08 23:00:00+00,Mon 09 Aug 2021,5531,23027,600,3271815,2779504,228541,3500356,3008045,74.3347872446833,63.8798982439025,6
-7.6926,53.28823,2022/03/21 00:00:00+00,Mon 21 Mar 2022,54,112,0,3833265,3770727,240755,4074020,4011482,86.5173170759159,85.189238182024,7
-7.6926,53.28823,2022/03/22 00:00:00+00,Tue 22 Mar 2022,138,575,0,3833403,3771302,240755,4074158,4012057,86.5202476922989,85.2014490836196,8
-7.6926,53.28823,2021/08/09 23:00:00+00,Tue 10 Aug 2021,9345,25997,714,3281160,2805501,229255,3510415,3034756,74.5484036953798,64.4471424048086,9
-7.6926,53.28823,2022/03/23 00:00:00+00,Wed 23 Mar 2022,101,221,0,3833504,3771523,240755,4074259,4012278,86.5223925637096,85.2061423171025,10
-7.6926,53.28823,2021/08/10 23:00:00+00,Wed 11 Aug 2021,7005,31234,664,3288165,2836735,229919,3518084,3066654,74.7112652681397,65.1245395162827,11
-7.6926,53.28823,2022/03/24 00:00:00+00,Thu 24 Mar 2022,148,243,0,3833652,3771766,240755,4074407,4012521,86.5255355435985,85.2113027502985,12
-7.6926,53.28823,2021/08/11 23:00:00+00,Thu 12 Aug 2021,6761,38284,862,3294926,2875019,230781,3525707,3105800,74.8731499687719,65.9558576969135,13
-7.6926,53.28823,2021/08/12 23:00:00+00,Fri 13 Aug 2021,10921,28240,870,3305847,2903259,231651,3537498,3134910,75.1235477787096,66.5740478629117,14
-7.6926,53.28823,2022/03/25 00:00:00+00,Fri 25 Mar 2022,435,1625,0,3834087,3773391,240755,4074842,4014146,86.53477335611,85.2458118200253,15
-7.6926,53.28823,2021/08/13 23:00:00+00,Sat 14 Aug 2021,18129,5837,279,3323976,2909096,231930,3555906,3141026,75.5144665205747,66.7039293831881,16
-7.6926,53.28823,2022/03/26 00:00:00+00,Sat 26 Mar 2022,874,1848,0,3834961,3775239,240755,4075716,4015994,86.5533339265354,85.2850565959362,17
-7.6926,53.28823,2021/08/14 23:00:00+00,Sun 15 Aug 2021,16997,3724,50,3340973,2912820,231980,3572953,3144800,75.8764825892718,66.7840753703566,18
-7.6926,53.28823,2022/03/27 00:00:00+00,Sun 27 Mar 2022,380,802,0,3835341,3776041,240755,4076096,4016796,86.5614037397638,85.3020881491183,19
-7.6926,53.28823,2021/08/15 23:00:00+00,Mon 16 Aug 2021,10180,23150,384,3351153,2935970,232364,3583517,3168334,76.1008233970219,67.2838516454031,20
-7.6926,53.28823,2022/03/27 23:00:00+00,Mon 28 Mar 2022,45,51,0,3835386,3776092,240755,4076141,4016847,86.5623593755409,85.3031712029989,21
-7.6926,53.28823,2021/08/16 23:00:00+00,Tue 17 Aug 2021,12862,26858,528,3364015,2962828,232892,3596907,3195720,76.3851781315707,67.8654303429649,22
-7.6926,53.28823,2022/03/28 23:00:00+00,Tue 29 Mar 2022,140,192,3,3835526,3776284,240758,4076284,4017042,86.5653961736768,85.3073122913661,23
-7.6926,53.28823,2021/08/17 23:00:00+00,Wed 18 Aug 2021,15226,25764,657,3379241,2988592,233549,3612790,3222141,76.722475088168,68.4265159621967,24
-7.6926,53.28823,2022/03/29 23:00:00+00,Wed 30 Mar 2022,109,135,0,3835635,3776419,240758,4076393,4017177,86.5677109358923,85.3101791986973,25
-7.6926,53.28823,2021/08/18 23:00:00+00,Thu 19 Aug 2021,11359,25696,544,3390600,3014288,234093,3624693,3248381,76.975251369373,68.9837578019698,26
-7.6926,53.28823,2022/03/30 23:00:00+00,Thu 31 Mar 2022,228,357,0,3835863,3776776,240758,4076621,4017534,86.5725528238294,85.3177605758619,27
-7.6926,53.28823,2021/08/19 23:00:00+00,Fri 20 Aug 2021,14838,22249,686,3405438,3036537,234779,3640217,3271316,77.3049244761045,69.4708135030061,28
-7.6926,53.28823,2022/03/31 23:00:00+00,Fri 01 Apr 2022,308,902,0,3836171,3777678,240758,4076929,4018436,86.5790936198145,85.3369157641041,29
-7.6926,53.28823,2021/08/20 23:00:00+00,Sat 21 Aug 2021,11881,7970,245,3417319,3044507,235024,3652343,3279531,77.5624364634935,69.6452701231942,30
-7.6926,53.28823,2022/04/01 23:00:00+00,Sat 02 Apr 2022,730,1539,0,3836901,3779217,240758,4077659,4019975,86.5945961557534,85.3695985076792,31
-7.6926,53.28823,2021/08/21 23:00:00+00,Sun 22 Aug 2021,8004,12251,161,3425323,3056758,235185,3660508,3291943,77.7358312661516,69.9088557068551,32
-7.6926,53.28823,2022/04/02 23:00:00+00,Sun 03 Apr 2022,537,816,0,3837438,3780033,240758,4078196,4020791,86.6060000760261,85.3869273697697,33
-7.6926,53.28823,2021/08/22 23:00:00+00,Mon 23 Aug 2021,10863,15369,289,3436186,3072127,235474,3671660,3307601,77.9726590480551,70.2413744845672,34
-7.6926,53.28823,2022/04/03 23:00:00+00,Mon 04 Apr 2022,49,52,0,3837487,3780085,240758,4078245,4020843,86.6070406572056,85.3880316600009,35
-7.6926,53.28823,2021/08/23 23:00:00+00,Tue 24 Aug 2021,9706,22917,383,3445892,3095044,235857,3681749,3330901,78.1869125892697,70.736181453573,36
-7.6926,53.28823,2020/12/28 00:00:00+00,Mon 28 Dec 2020,221,16,0,221,16,0,221,16,0.00469323348284432,0.000339781609617688,37
-7.6926,53.28823,2022/04/04 23:00:00+00,Tue 05 Apr 2022,130,166,0,3837617,3780251,240758,4078375,4021009,86.6098013827837,85.3915568942007,38
-7.6926,53.28823,2021/08/24 23:00:00+00,Wed 25 Aug 2021,9413,19516,314,3455305,3114560,236171,3691476,3350731,78.3934785715666,71.1572982859929,39
-7.6926,53.28823,2020/12/29 00:00:00+00,Tue 29 Dec 2020,77,2,0,298,18,0,298,18,0.00632843247912945,0.000382254310819899,40
-7.6926,53.28823,2022/04/05 23:00:00+00,Wed 06 Apr 2022,159,209,0,3837776,3780460,240758,4078534,4021218,86.6131779625293,85.3959952914763,41
-7.6926,53.28823,2021/11/26 00:00:00+00,Fri 26 Nov 2021,1290,1102,12,3654525,3590877,240680,3895205,3831557,82.7199390431792,81.3682878001201,42
-7.6926,53.28823,2021/08/25 23:00:00+00,Thu 26 Aug 2021,8579,19430,368,3463884,3133990,236539,3700423,3370529,78.5834802003947,71.5777355551936,43
-7.6926,53.28823,2020/12/30 00:00:00+00,Wed 30 Dec 2020,1057,1,0,1355,19,0,1355,19,0.028775255064498,0.000403490661421005,44
-7.6926,53.28823,2022/04/06 23:00:00+00,Thu 07 Apr 2022,120,177,0,3837896,3780637,240758,4078654,4021395,86.6157263246014,85.3997541255328,45
-7.6926,53.28823,2021/08/26 23:00:00+00,Fri 27 Aug 2021,9721,19203,430,3473605,3153193,236969,3710574,3390162,78.7990503953465,71.9946688265451,46
-7.6926,53.28823,2021/11/27 00:00:00+00,Sat 27 Nov 2021,1201,1563,6,3655726,3592440,240686,3896412,3833126,82.7455713183548,81.4016076342132,47
-7.6926,53.28823,2020/12/31 00:00:00+00,Thu 31 Dec 2020,1032,1,0,2387,20,0,2387,20,0.0506911688848389,0.00042472701202211,48
-7.6926,53.28823,2022/04/07 23:00:00+00,Fri 08 Apr 2022,267,420,2,3838163,3781057,240760,4078923,4021817,86.6214389029131,85.4087158654864,49
-7.6926,53.28823,2021/08/27 23:00:00+00,Sat 28 Aug 2021,9918,7917,153,3483523,3161110,237122,3720645,3398232,79.0129216822503,72.166046175896,50
-7.6926,53.28823,2022/04/08 23:00:00+00,Sat 09 Apr 2022,561,1018,0,3838724,3782075,240760,4079484,4022835,86.6333524956004,85.4303344703983,51
-7.6926,53.28823,2021/04/17 23:00:00+00,Sun 18 Apr 2021,1072,485,0,900551,379745,241,900792,379986,19.129534730671,8.06951591951168,52
-7.6926,53.28823,2021/08/28 23:00:00+00,Sun 29 Aug 2021,8797,9185,30,3492320,3170295,237152,3729472,3407447,79.2003749490062,72.3617391466852,53
-7.6926,53.28823,2021/08/29 23:00:00+00,Mon 30 Aug 2021,5058,11124,84,3497378,3181419,237236,3734614,3418655,79.3095722637971,72.5997561642224,54
-7.6926,53.28823,2021/08/30 23:00:00+00,Tue 31 Aug 2021,4059,12882,142,3501437,3194301,237378,3738815,3431679,79.3987861726723,72.8763383944512,55
-7.6926,53.28823,2021/08/31 23:00:00+00,Wed 01 Sep 2021,4960,12520,180,3506397,3206821,237558,3743955,3444379,79.507941014762,73.1460400470852,56
-7.6926,53.28823,2021/09/01 23:00:00+00,Thu 02 Sep 2021,5006,12352,247,3511403,3219173,237805,3749208,3456978,79.6194955644696,73.4135968283086,57
-7.6926,53.28823,2021/09/02 23:00:00+00,Fri 03 Sep 2021,4773,16063,165,3516176,3235236,237970,3754146,3473206,79.7243606637379,73.7582203258633,58
-7.6926,53.28823,2021/09/03 23:00:00+00,Sat 04 Sep 2021,4628,10579,133,3520804,3245815,238103,3758907,3483918,79.8254669289498,73.9857041135024,59
-7.6926,53.28823,2021/09/04 23:00:00+00,Sun 05 Sep 2021,5305,11897,1,3526109,3257712,238104,3764213,3495816,79.9381470052392,74.2383742129543,60
-7.6926,53.28823,2021/09/05 23:00:00+00,Mon 06 Sep 2021,2153,9666,75,3528262,3267378,238179,3766441,3505557,79.9854615943785,74.4452375041597,61
-7.6926,53.28823,2021/09/06 23:00:00+00,Tue 07 Sep 2021,3027,10014,158,3531289,3277392,238337,3769626,3515729,80.053099371043,74.6612536624741,62
-7.6926,53.28823,2021/09/07 23:00:00+00,Wed 08 Sep 2021,2609,14811,187,3533898,3292203,238524,3772422,3530727,80.1124762073237,74.9797564487895,63
-7.6926,53.28823,2021/09/08 23:00:00+00,Thu 09 Sep 2021,3114,14808,138,3537012,3307011,238662,3775674,3545673,80.1815368194785,75.2971549448736,64
-7.6926,53.28823,2021/09/09 23:00:00+00,Fri 10 Sep 2021,3375,13944,115,3540387,3320955,238777,3779164,3559732,80.2556516830764,75.5957167979746,65
-7.6926,53.28823,2021/09/10 23:00:00+00,Sat 11 Sep 2021,2557,11328,62,3542944,3332283,238839,3781783,3571122,80.3112696853006,75.8375988313211,66
-7.6926,53.28823,2021/09/11 23:00:00+00,Sun 12 Sep 2021,2041,12880,1,3544985,3345163,238840,3783825,3584003,80.3546343132281,76.111144263414,67
-7.6926,53.28823,2021/09/12 23:00:00+00,Mon 13 Sep 2021,1612,7735,52,3546597,3352898,238892,3785489,3591790,80.3899716006283,76.2765117255448,68
-7.6926,53.28823,2021/09/13 23:00:00+00,Tue 14 Sep 2021,1545,10783,82,3548142,3363681,238974,3787116,3602655,80.4245231430563,76.5072446748258,69
-7.6926,53.28823,2021/09/14 23:00:00+00,Wed 15 Sep 2021,3279,12396,138,3551421,3376077,239112,3790533,3615189,80.4970877530603,76.7734210932601,70
-7.6926,53.28823,2021/09/15 23:00:00+00,Thu 16 Sep 2021,1911,10590,115,3553332,3386667,239227,3792559,3625894,80.5401125993782,77.0007562264449,71
-7.6926,53.28823,2021/09/16 23:00:00+00,Fri 17 Sep 2021,2559,14615,94,3555891,3401282,239321,3795212,3640603,80.5964526375229,77.3131217074366,72
-7.6926,53.28823,2021/09/17 23:00:00+00,Sat 18 Sep 2021,2287,11229,47,3558178,3412511,239368,3797546,3651879,80.6460182798259,77.5525827968146,73
-7.6926,53.28823,2021/09/18 23:00:00+00,Sun 19 Sep 2021,1861,8490,15,3560039,3421001,239383,3799422,3660384,80.6858576735535,77.733197958677,74
-7.6926,53.28823,2021/09/19 23:00:00+00,Mon 20 Sep 2021,952,5614,35,3560991,3426615,239418,3800409,3666033,80.7068179515968,77.8531621032227,75
-7.6926,53.28823,2021/09/20 23:00:00+00,Tue 21 Sep 2021,1463,6666,90,3562454,3433281,239508,3801962,3672789,80.7397980040804,77.9966348878838,76
-7.6926,53.28823,2021/09/21 23:00:00+00,Wed 22 Sep 2021,1895,8153,97,3564349,3441434,239605,3803954,3681039,80.7821008144778,78.1718347803429,77
-7.6926,53.28823,2021/09/22 23:00:00+00,Thu 23 Sep 2021,1700,8735,89,3566049,3450169,239694,3805743,3689863,80.8200926457031,78.359224338047,78
-7.6926,53.28823,2021/09/23 23:00:00+00,Fri 24 Sep 2021,1909,7385,79,3567958,3457554,239773,3807731,3697327,80.8623105106981,78.5177324589337,79
-7.6926,53.28823,2021/09/24 23:00:00+00,Sat 25 Sep 2021,2419,6597,52,3570377,3464151,239825,3810202,3703976,80.9147855330335,78.6589329540804,80
-7.6926,53.28823,2021/09/25 23:00:00+00,Sun 26 Sep 2021,1548,7097,0,3571925,3471248,239825,3811750,3711073,80.947659403764,78.8096473342965,81
-7.6926,53.28823,2021/09/26 23:00:00+00,Mon 27 Sep 2021,1178,3820,45,3573103,3475068,239870,3812973,3714938,80.9736314605491,78.8917258293697,82
-7.6926,53.28823,2021/09/27 23:00:00+00,Tue 28 Sep 2021,1448,5129,93,3574551,3480197,239963,3814514,3720160,81.0063566768254,79.0026220522087,83
-7.6926,53.28823,2021/09/28 23:00:00+00,Wed 29 Sep 2021,1652,3620,79,3576203,3483817,240042,3816245,3723859,81.0431167997159,79.0811753130822,84
-7.6926,53.28823,2021/09/29 23:00:00+00,Thu 30 Sep 2021,1280,3963,78,3577483,3487780,240120,3817603,3727900,81.0719557638322,79.1669914058613,85
-7.6926,53.28823,2021/09/30 23:00:00+00,Fri 01 Oct 2021,1847,5179,41,3579330,3492959,240161,3819491,3733120,81.1120499937671,79.277845155999,86
-7.6926,53.28823,2021/10/01 23:00:00+00,Sat 02 Oct 2021,1711,4086,40,3581041,3497045,240201,3821242,3737246,81.1492348436697,79.3654663385792,87
-7.6926,53.28823,2021/10/02 23:00:00+00,Sun 03 Oct 2021,1196,3017,9,3582237,3500062,240210,3822447,3740272,81.174824646144,79.4297275354981,88
-7.6926,53.28823,2021/10/03 23:00:00+00,Mon 04 Oct 2021,336,1235,18,3582573,3501297,240228,3822801,3741525,81.1823423142568,79.4563366828013,89
-7.6926,53.28823,2021/10/04 23:00:00+00,Tue 05 Oct 2021,963,2820,70,3583536,3504117,240298,3823834,3744415,81.2042794644277,79.5177097360385,90
-7.6926,53.28823,2021/10/05 23:00:00+00,Wed 06 Oct 2021,980,2571,40,3584516,3506688,240338,3824854,3747026,81.2259405420409,79.573157847458,91
-7.6926,53.28823,2021/10/06 23:00:00+00,Thu 07 Oct 2021,1213,2697,44,3585729,3509385,240382,3826111,3749767,81.2526346347464,79.6313666844557,92
-7.6926,53.28823,2021/10/07 23:00:00+00,Fri 08 Oct 2021,962,2788,48,3586691,3512173,240430,3827121,3752603,81.2740833488536,79.6915929747604,93
-7.6926,53.28823,2021/10/08 23:00:00+00,Sat 09 Oct 2021,732,2379,23,3587423,3514552,240453,3827876,3755005,81.2901167935574,79.7426026889042,94
-7.6926,53.28823,2021/10/09 23:00:00+00,Sun 10 Oct 2021,1503,3915,1,3588926,3518467,240454,3829380,3758921,81.3220562648615,79.8257642378582,95
-7.6926,53.28823,2021/10/10 23:00:00+00,Mon 11 Oct 2021,332,1126,19,3589258,3519593,240473,3829731,3760066,81.3295102239225,79.8500798592964,96
-7.6926,53.28823,2021/10/11 23:00:00+00,Tue 12 Oct 2021,559,1608,20,3589817,3521201,240493,3830310,3761694,81.3418060709205,79.884652638075,97
-7.6926,53.28823,2021/10/12 23:00:00+00,Wed 13 Oct 2021,996,2075,11,3590813,3523276,240504,3831317,3763780,81.3631910759758,79.9289516654289,98
-7.6926,53.28823,2021/10/13 23:00:00+00,Thu 14 Oct 2021,683,1599,8,3591496,3524875,240512,3832008,3765387,81.3778653942412,79.9630784808449,99
-7.6926,53.28823,2021/01/01 00:00:00+00,Fri 01 Jan 2021,813,0,0,3200,20,0,3200,20,0.0679563219235377,0.00042472701202211,100
-7.6926,53.28823,2021/11/28 00:00:00+00,Sun 28 Nov 2021,1959,2257,0,3657685,3594697,240686,3898371,3835383,82.7871733291823,81.4495380775199,101
-7.6926,53.28823,2021/10/14 23:00:00+00,Fri 15 Oct 2021,949,2067,8,3592445,3526942,240520,3832965,3767462,81.3981885817664,80.0071439083422,102
-7.6926,53.28823,2021/10/15 23:00:00+00,Sat 16 Oct 2021,1369,2639,14,3593814,3529581,240534,3834348,3770115,81.4275584546478,80.0634839464869,103
-7.6926,53.28823,2021/10/16 23:00:00+00,Sun 17 Oct 2021,1702,2891,2,3595516,3532472,240536,3836052,3773008,81.463745196072,80.1249207087759,104
-7.6926,53.28823,2021/10/17 23:00:00+00,Mon 18 Oct 2021,671,1244,6,3596187,3533716,240542,3836729,3774258,81.478122205429,80.1514661470273,105
-7.6926,53.28823,2021/10/18 23:00:00+00,Tue 19 Oct 2021,1334,1793,13,3597521,3535509,240555,3838076,3776064,81.5067275696887,80.1898189962129,106
-7.6926,53.28823,2021/10/19 23:00:00+00,Wed 20 Oct 2021,2253,2323,0,3599774,3537832,240555,3840329,3778387,81.554573067593,80.2391510386593,107
-7.6926,53.28823,2021/10/20 23:00:00+00,Thu 21 Oct 2021,1738,1830,11,3601512,3539662,240566,3842078,3780228,81.5917154447943,80.2782471601159,108
-7.6926,53.28823,2021/10/21 23:00:00+00,Fri 22 Oct 2021,1503,1921,3,3603015,3541583,240569,3843584,3782152,81.6236973887996,80.3191058986724,109
-7.6926,53.28823,2021/10/22 23:00:00+00,Sat 23 Oct 2021,2012,1695,1,3605027,3543278,240570,3845597,3783848,81.6664461625596,80.3551227492919,110
-7.6926,53.28823,2021/10/23 23:00:00+00,Sun 24 Oct 2021,1948,2184,2,3606975,3545462,240572,3847547,3786034,81.7078570462318,80.4015454117059,111
-7.6926,53.28823,2021/10/24 23:00:00+00,Mon 25 Oct 2021,1219,847,2,3608194,3546309,240574,3848768,3786883,81.7337866303157,80.4195750733663,112
-7.6926,53.28823,2021/10/25 23:00:00+00,Tue 26 Oct 2021,1240,1220,6,3609434,3547529,240580,3850014,3788109,81.7602471231647,80.4456108392032,113
-7.6926,53.28823,2021/10/26 23:00:00+00,Wed 27 Oct 2021,1556,1417,5,3610990,3548946,240585,3851575,3789531,81.793397066453,80.475808929758,114
-7.6926,53.28823,2021/10/27 23:00:00+00,Thu 28 Oct 2021,2151,1687,4,3613141,3550633,240589,3853730,3791222,81.8391614019984,80.5117195986245,115
-7.6926,53.28823,2021/10/28 23:00:00+00,Fri 29 Oct 2021,2132,1359,1,3615273,3551992,240590,3855863,3792582,81.8844585378305,80.540601035442,116
-7.6926,53.28823,2021/10/29 23:00:00+00,Sat 30 Oct 2021,2014,1447,1,3617287,3553439,240591,3857878,3794030,81.9272497842918,80.5713512711124,117
-7.6926,53.28823,2021/10/30 23:00:00+00,Sun 31 Oct 2021,1593,1319,0,3618880,3554758,240591,3859471,3795349,81.9610792907993,80.5993620175552,118
-7.6926,53.28823,2021/11/01 00:00:00+00,Mon 01 Nov 2021,266,276,2,3619146,3555034,240593,3859739,3795627,81.9667706327604,80.6052657230223,119
-7.6926,53.28823,2021/11/02 00:00:00+00,Tue 02 Nov 2021,1095,1089,10,3620241,3556123,240603,3860844,3796726,81.9902368001746,80.628604472333,120
-7.6926,53.28823,2021/11/03 00:00:00+00,Wed 03 Nov 2021,2532,1872,6,3622773,3557995,240609,3863382,3798604,82.0441346580003,80.6684863387618,121
-7.6926,53.28823,2021/11/04 00:00:00+00,Thu 04 Nov 2021,1536,1275,1,3624309,3559270,240610,3864919,3799880,82.0767749288742,80.6955839221289,122
-7.6926,53.28823,2021/11/05 00:00:00+00,Fri 05 Nov 2021,1631,1087,3,3625940,3560357,240613,3866553,3800970,82.1114751257564,80.7187315442841,123
-7.6926,53.28823,2021/11/06 00:00:00+00,Sat 06 Nov 2021,1813,1346,5,3627753,3561703,240618,3868371,3802321,82.1500828111492,80.7474218539462,124
-7.6926,53.28823,2021/11/07 00:00:00+00,Sun 07 Nov 2021,693,772,0,3628446,3562475,240618,3869064,3803093,82.1647996021157,80.7638163166102,125
-7.6926,53.28823,2021/11/08 00:00:00+00,Mon 08 Nov 2021,517,530,3,3628963,3563005,240621,3869584,3803626,82.1758425044283,80.7751352914806,126
-7.6926,53.28823,2021/11/09 00:00:00+00,Tue 09 Nov 2021,1369,1058,3,3630332,3564063,240624,3870956,3804687,82.204978777453,80.7976670594684,127
-7.6926,53.28823,2021/11/10 00:00:00+00,Wed 10 Nov 2021,1618,1357,1,3631950,3565420,240625,3872575,3806045,82.2393604290762,80.8265060235847,128
-7.6926,53.28823,2021/11/11 00:00:00+00,Thu 11 Nov 2021,1387,1107,2,3633337,3566527,240627,3873964,3807154,82.2688577200611,80.8500571364013,129
-7.6926,53.28823,2021/11/12 00:00:00+00,Fri 12 Nov 2021,1145,1154,6,3634482,3567681,240633,3875115,3808314,82.293300759603,80.8746913030986,130
-7.6926,53.28823,2021/11/13 00:00:00+00,Sat 13 Nov 2021,1400,1370,0,3635882,3569051,240633,3876515,3809684,82.3230316504446,80.9037851034221,131
-7.6926,53.28823,2021/11/14 00:00:00+00,Sun 14 Nov 2021,1647,1803,0,3637529,3570854,240633,3878162,3811487,82.3580079198846,80.9420742435559,132
-7.6926,53.28823,2021/11/15 00:00:00+00,Mon 15 Nov 2021,1245,586,1,3638774,3571440,240634,3879408,3812074,82.3844684127336,80.9545399813587,133
-7.6926,53.28823,2021/11/16 00:00:00+00,Tue 16 Nov 2021,1319,1068,5,3640093,3572508,240639,3880732,3813147,82.4125853409294,80.9773265855537,134
-7.6926,53.28823,2021/11/17 00:00:00+00,Wed 17 Nov 2021,1509,1109,0,3641602,3573617,240639,3882241,3814256,82.4446309939865,81.0008776983703,135
-7.6926,53.28823,2021/11/18 00:00:00+00,Thu 18 Nov 2021,1652,2501,5,3643254,3576118,240644,3883898,3816762,82.4798196269325,81.0540959929767,136
-7.6926,53.28823,2021/11/19 00:00:00+00,Fri 19 Nov 2021,1169,1549,0,3644423,3577667,240644,3885067,3818311,82.5046449207852,81.0869911000578,137
-7.6926,53.28823,2021/11/20 00:00:00+00,Sat 20 Nov 2021,1544,2935,12,3645967,3580602,240656,3886623,3821258,82.5376886823205,81.1495746252793,138
-7.6926,53.28823,2021/11/21 00:00:00+00,Sun 21 Nov 2021,1785,2761,0,3647752,3583363,240656,3888408,3824019,82.5755955681435,81.2082081892889,139
-7.6926,53.28823,2021/11/22 00:00:00+00,Mon 22 Nov 2021,715,509,2,3648467,3583872,240658,3889125,3824530,82.5908220315245,81.2190599644461,140
-7.6926,53.28823,2021/11/23 00:00:00+00,Tue 23 Nov 2021,2158,1587,7,3650625,3585459,240665,3891290,3826124,82.6367987305759,81.2529107073043,141
-7.6926,53.28823,2021/11/24 00:00:00+00,Wed 24 Nov 2021,1624,3138,2,3652249,3588597,240667,3892916,3829264,82.6713290366533,81.3195928481917,142
-7.6926,53.28823,2021/11/25 00:00:00+00,Thu 25 Nov 2021,986,1178,1,3653235,3589775,240668,3893903,3830443,82.6922893146966,81.3446305055504,143
-7.6926,53.28823,2021/11/29 00:00:00+00,Mon 29 Nov 2021,540,987,1,3658225,3595684,240687,3898912,3836371,82.7986621948575,81.4705195919138,144
-7.6926,53.28823,2022/04/09 23:00:00+00,Sun 10 Apr 2022,413,719,0,3839137,3782794,240760,4079897,4023554,86.6421231083986,85.4456034064805,145
-7.6926,53.28823,2021/01/02 00:00:00+00,Sat 02 Jan 2021,1016,0,0,4216,20,0,4216,20,0.0895324541342609,0.00042472701202211,146
-7.6926,53.28823,2021/11/30 00:00:00+00,Tue 30 Nov 2021,1918,1639,6,3660143,3597323,240693,3900836,3838016,82.8395209334141,81.5054533886526,147
-7.6926,53.28823,2021/04/18 23:00:00+00,Mon 19 Apr 2021,6741,2257,0,907292,382002,241,907533,382243,19.2726889700731,8.11744636281838,148
-7.6926,53.28823,2022/04/10 23:00:00+00,Mon 11 Apr 2022,71,93,1,3839208,3782887,240761,4079969,4023648,86.6436521256419,85.447599623437,149
-7.6926,53.28823,2021/01/03 00:00:00+00,Sun 03 Jan 2021,20,2,1,4236,22,1,4237,23,0.0899784174968841,0.000488436063825427,150
-7.6926,53.28823,2021/01/04 00:00:00+00,Mon 04 Jan 2021,1188,3,0,5424,25,1,5425,26,0.115207202010997,0.000552145115628744,151
-7.6926,53.28823,2021/01/05 00:00:00+00,Tue 05 Jan 2021,3530,11,0,8954,36,1,8955,37,0.1901715196329,0.000785744972240904,152
-7.6926,53.28823,2021/01/06 00:00:00+00,Wed 06 Jan 2021,6777,11,0,15731,47,1,15732,48,0.334090267656592,0.00101934482885307,153
-7.6926,53.28823,2021/01/07 00:00:00+00,Thu 07 Jan 2021,11724,8,0,27455,55,1,27456,56,0.583065242103953,0.00118923563366191,154
-7.6926,53.28823,2021/01/08 00:00:00+00,Fri 08 Jan 2021,12680,5,0,40135,60,1,40136,61,0.852342167725971,0.00129541738666744,155
-7.6926,53.28823,2021/01/09 00:00:00+00,Sat 09 Jan 2021,8075,7,0,48210,67,1,48211,68,1.0238256988299,0.00144407184087518,156
-7.6926,53.28823,2021/01/10 00:00:00+00,Sun 10 Jan 2021,4781,4,1,52991,71,2,52993,73,1.12537792740438,0.0015502535938807,157
-7.6926,53.28823,2021/01/11 00:00:00+00,Mon 11 Jan 2021,8341,6,0,61332,77,2,61334,79,1.30251032776821,0.00167767169748734,158
-7.6926,53.28823,2021/01/12 00:00:00+00,Tue 12 Jan 2021,8882,10,0,70214,87,2,70216,89,1.49113159380723,0.00189003520349839,159
-7.6926,53.28823,2021/01/13 00:00:00+00,Wed 13 Jan 2021,9878,4,0,80092,91,2,80094,93,1.70090426504495,0.00197498060590281,160
-7.6926,53.28823,2021/01/14 00:00:00+00,Thu 14 Jan 2021,8083,4,0,88175,95,2,88177,97,1.87255768695368,0.00205992600830724,161
-7.6926,53.28823,2021/01/15 00:00:00+00,Fri 15 Jan 2021,7691,2,0,95866,97,2,95868,99,2.03588645942678,0.00210239870950945,162
-7.6926,53.28823,2021/01/16 00:00:00+00,Sat 16 Jan 2021,5234,3,0,101100,100,2,101102,102,2.14703751847297,0.00216610776131276,163
-7.6926,53.28823,2021/01/17 00:00:00+00,Sun 17 Jan 2021,1113,4,0,102213,104,2,102215,106,2.170673576692,0.00225105316371719,164
-7.6926,53.28823,2021/01/18 00:00:00+00,Mon 18 Jan 2021,8714,8,1,110927,112,3,110930,115,2.35574837218064,0.00244218031912714,165
-7.6926,53.28823,2021/01/19 00:00:00+00,Tue 19 Jan 2021,8380,19,0,119307,131,3,119310,134,2.5337089902179,0.00284567098054814,166
-7.6926,53.28823,2021/01/20 00:00:00+00,Wed 20 Jan 2021,8446,962,0,127753,1093,3,127756,1096,2.71307120739484,0.0232750402588116,167
-7.6926,53.28823,2021/01/21 00:00:00+00,Thu 21 Jan 2021,9006,962,0,136759,2055,3,136762,2058,2.90432578090839,0.0437044095370752,168
-7.6926,53.28823,2021/01/22 00:00:00+00,Fri 22 Jan 2021,6780,967,0,143539,3022,3,143542,3025,3.04830823798389,0.0642399605683442,169
-7.6926,53.28823,2021/01/23 00:00:00+00,Sat 23 Jan 2021,4185,460,0,147724,3482,3,147727,3485,3.13718236524952,0.0740086818448527,170
-7.6926,53.28823,2021/01/24 00:00:00+00,Sun 24 Jan 2021,1182,398,0,148906,3880,3,148909,3883,3.16228373166002,0.0824607493840927,171
-7.6926,53.28823,2021/01/25 00:00:00+00,Mon 25 Jan 2021,1359,1287,0,150265,5167,3,150268,5170,3.19114393212692,0.109791932607716,172
-7.6926,53.28823,2021/01/26 00:00:00+00,Tue 26 Jan 2021,1002,3500,0,151267,8667,3,151270,8670,3.21242275542923,0.184119159711585,173
-7.6926,53.28823,2021/01/27 00:00:00+00,Wed 27 Jan 2021,2172,6700,0,153439,15367,3,153442,15370,3.25854810893483,0.326402708738992,174
-7.6926,53.28823,2021/01/28 00:00:00+00,Thu 28 Jan 2021,1006,11538,0,154445,26905,3,154448,26908,3.27991187763955,0.571427721974547,175
-7.6926,53.28823,2021/01/29 00:00:00+00,Fri 29 Jan 2021,1576,11526,0,156021,38431,3,156024,38434,3.31338036618689,0.81619789900289,176
-7.6926,53.28823,2021/01/30 00:00:00+00,Sat 30 Jan 2021,638,7793,0,156659,46224,3,156662,46227,3.32692915787039,0.981692779237305,177
-7.6926,53.28823,2021/01/31 00:00:00+00,Sun 31 Jan 2021,226,4086,0,156885,50310,3,156888,50313,3.33172857310624,1.06846450779342,178
-7.6926,53.28823,2021/02/01 00:00:00+00,Mon 01 Feb 2021,1025,8334,1,157910,58644,4,157914,58648,3.35351706882298,1.24546949005364,179
-7.6926,53.28823,2021/02/02 00:00:00+00,Tue 02 Feb 2021,828,5109,0,158738,63753,4,158742,63757,3.37110076712069,1.35396600527468,180
-7.6926,53.28823,2021/02/03 00:00:00+00,Wed 03 Feb 2021,1399,6865,0,160137,70618,4,160141,70622,3.40081042161164,1.49975355215127,181
-7.6926,53.28823,2021/02/04 00:00:00+00,Thu 04 Feb 2021,1430,10541,1,161567,81159,5,161572,81164,3.43119963932182,1.72362716018813,182
-7.6926,53.28823,2021/02/05 00:00:00+00,Fri 05 Feb 2021,3391,8613,0,164958,89772,5,164963,89777,3.50321210421017,1.90653584791545,183
-7.6926,53.28823,2021/02/06 00:00:00+00,Sat 06 Feb 2021,900,3867,0,165858,93639,5,165863,93644,3.52232481975116,1.98865681568993,184
-7.6926,53.28823,2021/02/07 00:00:00+00,Sun 07 Feb 2021,328,1300,2,166186,94939,7,166193,94946,3.52933281544953,2.01630654417256,185
-7.6926,53.28823,2021/02/08 00:00:00+00,Mon 08 Feb 2021,1181,879,0,167367,95818,7,167374,95825,3.55441294550944,2.03497329635094,186
-7.6926,53.28823,2021/02/09 00:00:00+00,Tue 09 Feb 2021,4262,543,3,171629,96361,10,171639,96371,3.64498598082315,2.04656834377914,187
-7.6926,53.28823,2021/02/10 00:00:00+00,Wed 10 Feb 2021,8824,580,0,180453,96941,10,180463,96951,3.83237553852731,2.05888542712778,188
-7.6926,53.28823,2021/02/11 00:00:00+00,Thu 11 Feb 2021,6181,445,0,186634,97386,10,186644,97396,3.96363742159274,2.06833560314527,189
-7.6926,53.28823,2021/02/12 00:00:00+00,Fri 12 Feb 2021,4395,524,0,191029,97910,10,191039,97920,4.0569711824846,2.07946345086025,190
-7.6926,53.28823,2021/02/13 00:00:00+00,Sat 13 Feb 2021,1207,1914,0,192236,99824,10,192246,99834,4.08260345766013,2.12010982591077,191
-7.6926,53.28823,2021/02/14 00:00:00+00,Sun 14 Feb 2021,2699,27,0,194935,99851,10,194945,99861,4.13992036793252,2.120683207377,192
-7.6926,53.28823,2021/02/15 00:00:00+00,Mon 15 Feb 2021,1963,7890,0,196898,107741,10,196908,107751,4.18160732416249,2.28823801361972,193
-7.6926,53.28823,2021/02/16 00:00:00+00,Tue 16 Feb 2021,5648,8158,0,202546,115899,10,202556,115909,4.30155023235753,2.46148416182354,194
-7.6926,53.28823,2021/02/17 00:00:00+00,Wed 17 Feb 2021,9745,8465,0,212291,124364,10,212301,124374,4.5084984689653,2.6412498696619,195
-7.6926,53.28823,2021/02/18 00:00:00+00,Thu 18 Feb 2021,8463,8352,1,220754,132716,11,220765,132727,4.68824294045306,2.81863710623293,196
-7.6926,53.28823,2021/02/19 00:00:00+00,Fri 19 Feb 2021,9385,6582,0,230139,139298,11,230150,139309,4.88754609084444,2.95841476588941,197
-7.6926,53.28823,2021/02/20 00:00:00+00,Sat 20 Feb 2021,5885,3568,2,236024,142866,13,236037,142879,5.01256448683314,3.03422853753536,198
-7.6926,53.28823,2021/02/21 00:00:00+00,Sun 21 Feb 2021,1109,1024,6,237133,143890,19,237152,143909,5.03624301775338,3.05610197865449,199
-7.6926,53.28823,2021/02/22 00:00:00+00,Mon 22 Feb 2021,3942,1122,1,241075,145012,20,241095,145032,5.11997794817354,3.07995040037954,200
-7.6926,53.28823,2021/02/23 00:00:00+00,Tue 23 Feb 2021,13362,1064,1,254437,146076,21,254458,146097,5.40375930125611,3.10256711376971,201
-7.6926,53.28823,2021/02/24 00:00:00+00,Wed 24 Feb 2021,16937,2103,3,271374,148179,24,271398,148203,5.76350308043884,3.14729086813564,202
-7.6926,53.28823,2021/02/25 00:00:00+00,Thu 25 Feb 2021,18090,1756,2,289464,149935,26,289490,149961,6.14771113551404,3.18462437249239,203
-7.6926,53.28823,2021/02/26 00:00:00+00,Fri 26 Feb 2021,16078,2768,0,305542,152703,26,305568,152729,6.48914918047861,3.24340659095625,204
-7.6926,53.28823,2021/02/27 00:00:00+00,Sat 27 Feb 2021,8993,704,1,314535,153407,27,314562,153434,6.68014891778495,3.25837821813002,205
-7.6926,53.28823,2021/02/28 00:00:00+00,Sun 28 Feb 2021,2444,57,2,316979,153464,29,317008,153493,6.73209303135526,3.25963116281549,206
-7.6926,53.28823,2021/03/01 00:00:00+00,Mon 01 Mar 2021,5596,795,0,322575,154259,29,322604,154288,6.85093164931905,3.27651406154337,207
-7.6926,53.28823,2021/03/02 00:00:00+00,Tue 02 Mar 2021,12180,1610,0,334755,155869,29,334784,155898,7.10959039964051,3.31070458601115,208
-7.6926,53.28823,2021/03/03 00:00:00+00,Wed 03 Mar 2021,12906,1505,1,347661,157374,30,347691,157404,7.38368797684898,3.34268653001641,209
-7.6926,53.28823,2021/03/04 00:00:00+00,Thu 04 Mar 2021,18740,1688,4,366401,159062,34,366435,159096,7.7817421325161,3.37861843523348,210
-7.6926,53.28823,2021/03/05 00:00:00+00,Fri 05 Mar 2021,18445,2396,6,384846,161458,40,384886,161498,8.1735740374571,3.42962814937734,211
-7.6926,53.28823,2021/03/06 00:00:00+00,Sat 06 Mar 2021,10396,140,4,395242,161598,44,395286,161642,8.3944320837086,3.4326861838639,212
-7.6926,53.28823,2021/03/07 00:00:00+00,Sun 07 Mar 2021,1520,13,3,396762,161611,47,396809,161658,8.42677504567408,3.43302596547352,213
-7.6926,53.28823,2021/03/08 00:00:00+00,Mon 08 Mar 2021,6666,1496,5,403428,163107,52,403480,163159,8.56844274053406,3.46490172772578,214
-7.6926,53.28823,2021/03/09 00:00:00+00,Tue 09 Mar 2021,13829,3104,6,417257,166211,58,417315,166269,8.86224765110035,3.53094677809521,215
-7.6926,53.28823,2021/03/10 00:00:00+00,Wed 10 Mar 2021,13732,3989,3,430989,170200,61,431050,170261,9.15392892660653,3.61572228969483,216
-7.6926,53.28823,2021/03/11 00:00:00+00,Thu 11 Mar 2021,18481,2100,3,449470,172300,64,449534,172364,9.54646163111737,3.66038233500895,217
-7.6926,53.28823,2021/03/12 00:00:00+00,Fri 12 Mar 2021,17326,1338,4,466796,173638,68,466864,173706,9.91448758703453,3.68888151751564,218
-7.6926,53.28823,2021/03/13 00:00:00+00,Sat 13 Mar 2021,8306,175,0,475102,173813,68,475170,173881,10.0908767151273,3.69259787887083,219
-7.6926,53.28823,2021/03/14 00:00:00+00,Sun 14 Mar 2021,383,20,2,475485,173833,70,475555,173903,10.0990527101087,3.69306507858405,220
-7.6926,53.28823,2021/03/15 00:00:00+00,Mon 15 Mar 2021,2652,993,0,478137,174826,70,478207,174896,10.1553715119029,3.71415277473095,221
-7.6926,53.28823,2021/03/16 00:00:00+00,Tue 16 Mar 2021,8945,3823,2,487082,178649,72,487154,178721,10.345373140731,3.79538181578018,222
-7.6926,53.28823,2021/03/17 00:00:00+00,Wed 17 Mar 2021,4900,2415,6,491982,181064,78,492060,181142,10.44955867678,3.84679502058546,223
-7.6926,53.28823,2021/03/18 00:00:00+00,Thu 18 Mar 2021,11729,4681,5,503711,185745,83,503794,185828,10.6987460147334,3.94630855950224,224
-7.6926,53.28823,2021/03/19 00:00:00+00,Fri 19 Mar 2021,10368,6129,2,514079,191874,85,514164,191959,10.9189669704668,4.07650862503762,225
-7.6926,53.28823,2021/03/20 00:00:00+00,Sat 20 Mar 2021,5240,3117,4,519319,194991,89,519408,195080,11.030330393019,4.14278727526367,226
-7.6926,53.28823,2021/03/21 00:00:00+00,Sun 21 Mar 2021,3638,55,3,522957,195046,92,523049,195138,11.1076519455576,4.14401898359853,227
-7.6926,53.28823,2021/03/22 00:00:00+00,Mon 22 Mar 2021,7413,2404,1,530370,197450,93,530463,197543,11.2650982489142,4.19509240679419,228
-7.6926,53.28823,2021/03/23 00:00:00+00,Tue 23 Mar 2021,12561,7394,4,542931,204844,97,543028,204941,11.5319329942171,4.35219892854117,229
-7.6926,53.28823,2021/03/24 00:00:00+00,Wed 24 Mar 2021,13620,9779,2,556551,214623,99,556650,214722,11.8212145621054,4.55991167377058,230
-7.6926,53.28823,2021/03/25 00:00:00+00,Thu 25 Mar 2021,20869,10227,3,577420,224850,102,577522,224952,12.2644596718517,4.77715954041989,231
-7.6926,53.28823,2021/03/26 00:00:00+00,Fri 26 Mar 2021,19697,9498,1,597117,234348,103,597220,234451,12.6827733059922,4.97888363477979,232
-7.6926,53.28823,2021/03/27 00:00:00+00,Sat 27 Mar 2021,11752,5350,3,608869,239698,106,608975,239804,12.9324066073082,5.09256181954751,233
-7.6926,53.28823,2021/03/28 00:00:00+00,Sun 28 Mar 2021,2491,483,0,611360,240181,106,611466,240287,12.9853063566556,5.10281897688784,234
-7.6926,53.28823,2021/03/28 23:00:00+00,Mon 29 Mar 2021,9272,3120,3,620632,243301,109,620741,243410,13.1822735084808,5.1691400998151,235
-7.6926,53.28823,2021/03/29 23:00:00+00,Tue 30 Mar 2021,13323,8668,4,633955,251969,113,634068,252082,13.4652903529418,5.35330173222788,236
-7.6926,53.28823,2021/03/30 23:00:00+00,Wed 31 Mar 2021,15837,10513,4,649792,262482,117,649909,262599,13.8016953828139,5.57664443149971,237
-7.6926,53.28823,2021/03/31 23:00:00+00,Thu 01 Apr 2021,19701,11578,8,669493,274060,125,669618,274185,14.2202426168111,5.82268878956412,238
-7.6926,53.28823,2021/04/01 23:00:00+00,Fri 02 Apr 2021,20139,13723,9,689632,287783,134,689766,287917,14.6481126087222,6.1143063560185,239
-7.6926,53.28823,2021/04/02 23:00:00+00,Sat 03 Apr 2021,7548,4636,6,697180,292419,140,697320,292559,14.8085320011629,6.21288549550883,240
-7.6926,53.28823,2021/04/03 23:00:00+00,Sun 04 Apr 2021,3038,169,3,700218,292588,143,700361,292731,14.8731117433409,6.21653814781222,241
-7.6926,53.28823,2021/04/04 23:00:00+00,Mon 05 Apr 2021,3430,607,4,703648,293195,147,703795,293342,14.9460373713051,6.2295135580295,242
-7.6926,53.28823,2021/04/05 23:00:00+00,Tue 06 Apr 2021,11992,8150,11,715640,301345,158,715798,301503,15.2009372875701,6.40282341528512,243
-7.6926,53.28823,2021/04/06 23:00:00+00,Wed 07 Apr 2021,18361,10468,10,734001,311813,168,734169,311981,15.591070284463,6.6253378968835,244
-7.6926,53.28823,2021/04/07 23:00:00+00,Thu 08 Apr 2021,20181,10574,16,754182,322387,184,754366,322571,16.0199808575536,6.85023084974921,245
-7.6926,53.28823,2021/04/08 23:00:00+00,Fri 09 Apr 2021,20677,9157,16,774859,331544,200,775059,331744,16.4594246605422,7.04503189381315,246
-7.6926,53.28823,2021/04/09 23:00:00+00,Sat 10 Apr 2021,11171,4169,12,786030,335713,212,786242,335925,16.6969107693144,7.13382107567637,247
-7.6926,53.28823,2021/04/10 23:00:00+00,Sun 11 Apr 2021,2860,362,8,788890,336075,220,789110,336295,16.7578166228384,7.14167852539878,248
-7.6926,53.28823,2021/04/11 23:00:00+00,Mon 12 Apr 2021,7777,2796,13,796667,338871,233,796900,339104,16.923247794021,7.20133143423729,249
-7.6926,53.28823,2021/04/12 23:00:00+00,Tue 13 Apr 2021,11516,8597,1,808183,347468,234,808417,347702,17.1678268438939,7.38392157670559,250
-7.6926,53.28823,2021/04/13 23:00:00+00,Wed 14 Apr 2021,20354,6598,2,828537,354066,236,828773,354302,17.60011399673,7.52408149067289,251
-7.6926,53.28823,2021/04/14 23:00:00+00,Thu 15 Apr 2021,27126,10808,1,855663,364874,237,855900,365111,18.1761924794862,7.75362520432024,252
-7.6926,53.28823,2021/04/15 23:00:00+00,Fri 16 Apr 2021,27971,9832,1,883634,374706,238,883872,374944,18.7702156785003,7.96244223978091,253
-7.6926,53.28823,2021/04/16 23:00:00+00,Sat 17 Apr 2021,15845,4554,3,899479,379260,241,899720,379501,19.1067693628267,8.05921628947015,254
-7.6926,53.28823,2021/12/01 00:00:00+00,Wed 01 Dec 2021,1075,1376,2,3661218,3598699,240695,3901913,3839394,82.8623924830114,81.5347170797809,255
-7.6926,53.28823,2022/04/11 23:00:00+00,Tue 12 Apr 2022,195,177,0,3839403,3783064,240761,4080164,4023825,86.6477932140091,85.4513584574934,256
-7.6926,53.28823,2021/12/02 00:00:00+00,Thu 02 Dec 2021,1766,1411,0,3662984,3600110,240695,3903679,3840805,82.899895878173,81.5646815704791,257
-7.6926,53.28823,2021/12/03 00:00:00+00,Fri 03 Dec 2021,1043,1183,2,3664027,3601293,240697,3904724,3841990,82.9220878645512,81.5898466459414,258
-7.6926,53.28823,2022/04/12 23:00:00+00,Wed 13 Apr 2022,144,232,0,3839547,3783296,240761,4080308,4024057,86.6508512484957,85.4562852908329,259
-7.6926,53.28823,2021/12/04 00:00:00+00,Sat 04 Dec 2021,1204,1700,1,3665231,3602993,240698,3905929,3843691,82.9476776670255,81.6259696783139,260
-7.6926,53.28823,2021/04/19 23:00:00+00,Tue 20 Apr 2021,15089,7315,1,922381,389317,242,922623,389559,19.5931455006438,8.27281150381607,261
-7.6926,53.28823,2022/04/13 23:00:00+00,Thu 14 Apr 2022,362,428,0,3839909,3783724,240761,4080670,4024485,86.6585388074133,85.4653744488901,262
-7.6926,53.28823,2021/04/20 23:00:00+00,Wed 21 Apr 2021,26718,9878,4,949099,399195,246,949345,399441,20.1606232614065,8.48266912045619,263
-7.6926,53.28823,2022/04/14 23:00:00+00,Fri 15 Apr 2022,447,991,0,3840356,3784715,240761,4081117,4025476,86.668031456132,85.4864196723359,264
-7.6926,53.28823,2021/04/21 23:00:00+00,Thu 22 Apr 2021,31624,12179,1,980723,411374,247,980970,411621,20.8322228491665,8.74132787077766,265
-7.6926,53.28823,2021/12/05 00:00:00+00,Sun 05 Dec 2021,1347,1772,2,3666578,3604765,240700,3907278,3845465,82.9763255039864,81.6636429642802,266
-7.6926,53.28823,2022/04/15 23:00:00+00,Sat 16 Apr 2022,42,88,0,3840398,3784803,240761,4081159,4025564,86.6689233828572,85.4882884711887,267
-7.6926,53.28823,2021/04/22 23:00:00+00,Fri 23 Apr 2021,33612,12351,3,1014335,423725,250,1014585,423975,21.5460827746226,9.00368174610371,268
-7.6926,53.28823,2021/12/06 00:00:00+00,Mon 06 Dec 2021,934,1289,0,3667512,3606054,240700,3908212,3846754,82.9961602554478,81.6910166202051,269
-7.6926,53.28823,2022/04/16 23:00:00+00,Sun 17 Apr 2022,1,0,0,3840399,3784803,240761,4081160,4025564,86.6689446192078,85.4882884711887,270
-7.6926,53.28823,2021/04/23 23:00:00+00,Sat 24 Apr 2021,23699,6992,2,1038034,430717,252,1038286,430969,22.0494055202194,9.15220878220785,271
-7.6926,53.28823,2021/12/07 00:00:00+00,Tue 07 Dec 2021,487,740,2,3667999,3606794,240702,3908701,3847496,83.0065448308918,81.7067739923511,272
-7.6926,53.28823,2022/04/17 23:00:00+00,Mon 18 Apr 2022,36,61,0,3840435,3784864,240761,4081196,4025625,86.6697091278294,85.4895838885754,273
-7.6926,53.28823,2021/04/24 23:00:00+00,Sun 25 Apr 2021,9749,299,2,1047783,431016,254,1048037,431270,22.2564811749308,9.15860092373878,274
-7.6926,53.28823,2021/12/08 00:00:00+00,Wed 08 Dec 2021,801,1511,2,3668800,3608305,240704,3909504,3849009,83.0235976204244,81.7389045908106,275
-7.6926,53.28823,2022/04/18 23:00:00+00,Tue 19 Apr 2022,219,269,1,3840654,3785133,240762,4081416,4025895,86.6743811249617,85.4953177032377,276
-7.6926,53.28823,2021/04/25 23:00:00+00,Mon 26 Apr 2021,15593,3054,3,1063376,434070,257,1063633,434327,22.5876832989057,9.22352044752636,277
-7.6926,53.28823,2021/12/09 00:00:00+00,Thu 09 Dec 2021,798,1208,0,3669598,3609513,240704,3910302,3850217,83.0405442282041,81.7645581023367,278
-7.6926,53.28823,2022/04/19 23:00:00+00,Wed 20 Apr 2022,251,606,0,3840905,3785739,240762,4081667,4026501,86.6797114489626,85.508186931702,279
-7.6926,53.28823,2021/04/26 23:00:00+00,Tue 27 Apr 2021,25917,7807,9,1089293,441877,266,1089559,442143,23.1382569245899,9.3895037638246,280
-7.6926,53.28823,2021/12/10 00:00:00+00,Fri 10 Dec 2021,890,1612,1,3670488,3611125,240705,3911193,3851830,83.0594658165897,81.7988123358563,281
-7.6926,53.28823,2022/04/20 23:00:00+00,Thu 21 Apr 2022,173,237,0,3841078,3785976,240762,4081840,4026738,86.6833853376166,85.5132199467945,282
-7.6926,53.28823,2021/04/27 23:00:00+00,Wed 28 Apr 2021,26035,8604,5,1115328,450481,271,1115599,450752,23.6912514942427,9.57232750614952,283
-7.6926,53.28823,2021/12/11 00:00:00+00,Sat 11 Dec 2021,640,841,2,3671128,3611966,240707,3911835,3852673,83.0730995536756,81.816714579413,284
-7.6926,53.28823,2022/04/21 23:00:00+00,Fri 22 Apr 2022,198,254,0,3841276,3786230,240762,4082038,4026992,86.6875901350356,85.5186139798471,285
-7.6926,53.28823,2021/04/28 23:00:00+00,Thu 29 Apr 2021,31694,11331,6,1147022,461812,277,1147299,462089,24.3644438082978,9.81308401291425,286
-7.6926,53.28823,2021/12/12 00:00:00+00,Sun 12 Dec 2021,689,1190,0,3671817,3613156,240707,3912524,3853863,83.0877313992398,81.8419858366283,287
-7.6926,53.28823,2022/04/22 23:00:00+00,Sat 23 Apr 2022,324,1010,0,3841600,3787240,240762,4082362,4028002,86.6944707126303,85.5400626939542,288
-7.6926,53.28823,2021/04/29 23:00:00+00,Fri 30 Apr 2021,36112,13526,8,1183134,475338,285,1183419,475623,25.1315007920097,10.1004967819496,289
-7.6926,53.28823,2021/12/13 00:00:00+00,Mon 13 Dec 2021,726,1065,1,3672543,3614221,240708,3913251,3854929,83.1031702261268,81.8646237863691,290
-7.6926,53.28823,2022/04/23 23:00:00+00,Sun 24 Apr 2022,181,253,0,3841781,3787493,240762,4082543,4028255,86.6983144920891,85.5454354906563,291
-7.6926,53.28823,2021/04/30 23:00:00+00,Sat 01 May 2021,16578,6691,18,1199712,482029,303,1200015,482332,25.4839392665856,10.2429714581324,292
-7.6926,53.28823,2021/12/14 00:00:00+00,Tue 14 Dec 2021,627,1201,1,3673170,3615422,240709,3913879,3856131,83.1165066543043,81.8901498797916,293
-7.6926,53.28823,2021/12/15 00:00:00+00,Wed 15 Dec 2021,795,1254,1,3673965,3616676,240710,3914675,3857386,83.1334107893828,81.916801499796,294
-7.6926,53.28823,2021/12/16 00:00:00+00,Thu 16 Dec 2021,1056,1538,7,3675021,3618214,240717,3915738,3858931,83.1559850300717,81.9496116614747,295
-7.6926,53.28823,2021/12/17 00:00:00+00,Fri 17 Dec 2021,1214,2458,1,3676235,3620672,240718,3916953,3861390,83.1817871960521,82.0018318476028,296
-7.6926,53.28823,2021/12/18 00:00:00+00,Sat 18 Dec 2021,1257,1183,0,3677492,3621855,240718,3918210,3862573,83.2084812887577,82.026954450364,297
-7.6926,53.28823,2021/12/19 00:00:00+00,Sun 19 Dec 2021,551,886,1,3678043,3622741,240719,3918762,3863460,83.2202037542895,82.0457910933471,298
-7.6926,53.28823,2021/12/20 00:00:00+00,Mon 20 Dec 2021,527,615,0,3678570,3623356,240719,3919289,3864075,83.2313953110563,82.0588514489668,299
-7.6926,53.28823,2021/12/21 00:00:00+00,Tue 21 Dec 2021,1442,1814,3,3680012,3625170,240722,3920734,3865892,83.2620818376749,82.097437898009,300
-7.6926,53.28823,2021/12/22 00:00:00+00,Wed 22 Dec 2021,1202,1588,2,3681214,3626758,240724,3921938,3867482,83.2876504037986,82.1312036954648,301
-7.6926,53.28823,2021/12/23 00:00:00+00,Thu 23 Dec 2021,950,1386,0,3682164,3628144,240724,3922888,3868868,83.3078249368696,82.1606372773979,302
-7.6926,53.28823,2021/12/24 00:00:00+00,Fri 24 Dec 2021,104,152,0,3682268,3628296,240724,3922992,3869020,83.3100335173321,82.1638652026893,303
-7.6926,53.28823,2021/12/25 00:00:00+00,Sat 25 Dec 2021,1,5,0,3682269,3628301,240724,3922993,3869025,83.3100547536827,82.1639713844423,304
-7.6926,53.28823,2021/12/26 00:00:00+00,Sun 26 Dec 2021,11,10,0,3682280,3628311,240724,3923004,3869035,83.3102883535394,82.1641837479483,305
-7.6926,53.28823,2021/12/27 00:00:00+00,Mon 27 Dec 2021,390,587,0,3682670,3628898,240724,3923394,3869622,83.3185705302738,82.1766494857512,306
-7.6926,53.28823,2021/12/28 00:00:00+00,Tue 28 Dec 2021,469,744,0,3683139,3629642,240724,3923863,3870366,83.3285303787057,82.1924493305984,307
-7.6926,53.28823,2021/12/29 00:00:00+00,Wed 29 Dec 2021,1073,1306,0,3684212,3630948,240724,3924936,3871672,83.3513169829007,82.2201840044834,308
-7.6926,53.28823,2021/12/30 00:00:00+00,Thu 30 Dec 2021,1065,1194,1,3685277,3632142,240725,3926002,3872867,83.3739549326415,82.2455614434517,309
-7.6926,53.28823,2021/12/31 00:00:00+00,Fri 31 Dec 2021,718,1677,0,3685995,3633819,240725,3926720,3874544,83.3892026323731,82.2811748034098,310
-7.6926,53.28823,2022/01/01 00:00:00+00,Sat 01 Jan 2022,66,96,0,3686061,3633915,240725,3926786,3874640,83.3906042315127,82.2832134930675,311
-7.6926,53.28823,2022/01/02 00:00:00+00,Sun 02 Jan 2022,270,627,0,3686331,3634542,240725,3927056,3875267,83.396338046175,82.2965286848944,312
-7.6926,53.28823,2022/01/03 00:00:00+00,Mon 03 Jan 2022,3630,724,1,3689961,3635266,240726,3930687,3875992,83.4734472352077,82.3119250390802,313
-7.6926,53.28823,2022/01/04 00:00:00+00,Tue 04 Jan 2022,1192,776,0,3691153,3636042,240726,3931879,3876768,83.4987609651242,82.3284044471467,314
-7.6926,53.28823,2022/01/05 00:00:00+00,Wed 05 Jan 2022,2145,897,0,3693298,3636939,240726,3934024,3877665,83.5443129371635,82.3474534536359,315
-7.6926,53.28823,2022/01/06 00:00:00+00,Thu 06 Jan 2022,2460,1693,1,3695758,3638632,240727,3936485,3879359,83.5965755959929,82.3834278315541,316
-7.6926,53.28823,2022/01/07 00:00:00+00,Fri 07 Jan 2022,4856,784,2,3700614,3639416,240729,3941343,3880145,83.699741787213,82.4001196031266,317
-7.6926,53.28823,2022/01/08 00:00:00+00,Sat 08 Jan 2022,9791,738,1,3710405,3640154,240730,3951135,3880884,83.9076881322991,82.4158132662208,318
-7.6926,53.28823,2022/01/09 00:00:00+00,Sun 09 Jan 2022,7115,663,0,3717520,3640817,240730,3958250,3881547,84.0587847668259,82.4298929666693,319
-7.6926,53.28823,2022/01/10 00:00:00+00,Mon 10 Jan 2022,6659,504,0,3724179,3641321,240730,3964909,3882051,84.2001976254787,82.4405960873723,320
-7.6926,53.28823,2022/01/11 00:00:00+00,Tue 11 Jan 2022,4778,1362,1,3728957,3642683,240731,3969688,3883414,84.3016861450014,82.4695412332416,321
-7.6926,53.28823,2022/01/12 00:00:00+00,Wed 12 Jan 2022,7564,917,1,3736521,3643600,240732,3977253,3884332,84.4623391372987,82.4890362030934,322
-7.6926,53.28823,2022/01/13 00:00:00+00,Thu 13 Jan 2022,7328,811,0,3743849,3644411,240732,3984581,3885143,84.6179591145036,82.5062588834309,323
-7.6926,53.28823,2022/01/14 00:00:00+00,Fri 14 Jan 2022,10730,832,0,3754579,3645243,240732,3995311,3885975,84.8458251564535,82.523927527131,324
-7.6926,53.28823,2022/01/15 00:00:00+00,Sat 15 Jan 2022,8358,651,2,3762937,3645894,240734,4003671,3886628,85.0233610474788,82.5377948640736,325
-7.6926,53.28823,2022/01/16 00:00:00+00,Sun 16 Jan 2022,6965,1215,1,3769902,3647109,240735,4010637,3887844,85.1712934657661,82.5636182664045,326
-7.6926,53.28823,2022/01/17 00:00:00+00,Mon 17 Jan 2022,2566,559,0,3772468,3647668,240735,4013203,3888403,85.2257859414085,82.5754893863905,327
-7.6926,53.28823,2022/01/18 00:00:00+00,Tue 18 Jan 2022,4055,446,3,3776523,3648114,240738,4017261,3888852,85.3119630521478,82.5850245078104,328
-7.6926,53.28823,2022/01/19 00:00:00+00,Wed 19 Jan 2022,3489,623,0,3780012,3648737,240738,4020750,3889475,85.386056679395,82.5982547542349,329
-7.6926,53.28823,2022/01/20 00:00:00+00,Thu 20 Jan 2022,3697,935,0,3783709,3649672,240738,4024447,3890410,85.4645674675673,82.6181107420469,330
-7.6926,53.28823,2022/01/21 00:00:00+00,Fri 21 Jan 2022,3255,974,0,3786964,3650646,240738,4027702,3891384,85.5336917887739,82.6387949475324,331
-7.6926,53.28823,2022/01/22 00:00:00+00,Sat 22 Jan 2022,4271,643,0,3791235,3651289,240738,4031973,3892027,85.6243922421912,82.6524499209689,332
-7.6926,53.28823,2022/01/23 00:00:00+00,Sun 23 Jan 2022,3092,677,0,3794327,3651966,240738,4035065,3892704,85.6900550382499,82.6668269303259,333
-7.6926,53.28823,2022/01/24 00:00:00+00,Mon 24 Jan 2022,647,461,0,3794974,3652427,240738,4035712,3893165,85.7037949570888,82.676616887953,334
-7.6926,53.28823,2022/01/25 00:00:00+00,Tue 25 Jan 2022,696,1838,0,3795670,3654265,240738,4036408,3895003,85.7185754571071,82.7156493003578,335
-7.6926,53.28823,2022/01/26 00:00:00+00,Wed 26 Jan 2022,700,897,0,3796370,3655162,240738,4037108,3895900,85.7334409025279,82.734698306847,336
-7.6926,53.28823,2022/01/27 00:00:00+00,Thu 27 Jan 2022,1274,1174,0,3797644,3656336,240738,4038382,3897074,85.7604960131937,82.7596297824527,337
-7.6926,53.28823,2022/01/28 00:00:00+00,Fri 28 Jan 2022,1032,3093,1,3798676,3659429,240739,4039415,3900168,85.7824331633647,82.8253350512125,338
-7.6926,53.28823,2022/01/29 00:00:00+00,Sat 29 Jan 2022,2328,3444,0,3801004,3662873,240739,4041743,3903612,85.831871387564,82.8984730426827,339
-7.6926,53.28823,2022/01/30 00:00:00+00,Sun 30 Jan 2022,1634,7537,0,3802638,3670410,240739,4043377,3911149,85.8665715844462,83.0585314171633,340
-7.6926,53.28823,2022/01/31 00:00:00+00,Mon 31 Jan 2022,482,1392,0,3803120,3671802,240739,4043859,3912541,85.876807505436,83.0880924172,341
-7.6926,53.28823,2022/02/01 00:00:00+00,Tue 01 Feb 2022,754,3416,1,3803874,3675218,240740,4044614,3915958,85.8928409501398,83.160657027204,342
-7.6926,53.28823,2022/02/02 00:00:00+00,Wed 02 Feb 2022,649,2996,0,3804523,3678214,240740,4045263,3918954,85.9066233416799,83.2242811336049,343
-7.6926,53.28823,2022/02/03 00:00:00+00,Thu 03 Feb 2022,906,2433,1,3805429,3680647,240741,4046170,3921388,85.9258847116751,83.275970410968,344
-7.6926,53.28823,2022/02/04 00:00:00+00,Fri 04 Feb 2022,1173,6523,0,3806602,3687170,240741,4047343,3927911,85.9507949509302,83.414495125939,345
-7.6926,53.28823,2022/02/05 00:00:00+00,Sat 05 Feb 2022,1777,5750,0,3808379,3692920,240741,4049120,3933661,85.9885319459484,83.5366041418953,346
-7.6926,53.28823,2022/02/06 00:00:00+00,Sun 06 Feb 2022,1408,7555,0,3809787,3700475,240741,4050528,3941216,86.0184327275948,83.6970447706867,347
-7.6926,53.28823,2022/02/07 00:00:00+00,Mon 07 Feb 2022,439,1350,0,3810226,3701825,240741,4050967,3942566,86.0277554855086,83.7257138439982,348
-7.6926,53.28823,2022/02/08 00:00:00+00,Tue 08 Feb 2022,902,1234,0,3811128,3703059,240741,4051869,3943800,86.0469106737508,83.75191950064,349
-7.6926,53.28823,2022/02/09 00:00:00+00,Wed 09 Feb 2022,1332,1782,0,3812460,3704841,240741,4053201,3945582,86.0751974927515,83.7897626774111,350
-7.6926,53.28823,2022/02/10 00:00:00+00,Thu 10 Feb 2022,685,2548,0,3813145,3707389,240741,4053886,3948130,86.0897443929133,83.8438728987427,351
-7.6926,53.28823,2022/02/11 00:00:00+00,Fri 11 Feb 2022,552,4920,0,3813697,3712309,240741,4054438,3953050,86.1014668584451,83.9483557437002,352
-7.6926,53.28823,2022/02/12 00:00:00+00,Sat 12 Feb 2022,1399,5461,0,3815096,3717770,240741,4055837,3958511,86.131176512936,84.0643274543328,353
-7.6926,53.28823,2022/02/13 00:00:00+00,Sun 13 Feb 2022,1568,4706,0,3816664,3722476,240741,4057405,3963217,86.1644751106786,84.1642657202616,354
-7.6926,53.28823,2022/02/14 00:00:00+00,Mon 14 Feb 2022,172,952,0,3816836,3723428,240741,4057577,3964169,86.1681277629819,84.1844827260339,355
-7.6926,53.28823,2022/02/15 00:00:00+00,Tue 15 Feb 2022,649,818,1,3817485,3724246,240742,4058227,3964988,86.1819313908727,84.2018752971762,356
-7.6926,53.28823,2022/02/16 00:00:00+00,Wed 16 Feb 2022,801,1785,0,3818286,3726031,240742,4059028,3966773,86.1989417077042,84.2397821829991,357
-7.6926,53.28823,2022/02/17 00:00:00+00,Thu 17 Feb 2022,793,1189,2,3819079,3727220,240744,4059823,3967964,86.215824606432,84.2650746765651,358
-7.6926,53.28823,2022/02/18 00:00:00+00,Fri 18 Feb 2022,794,3292,0,3819873,3730512,240744,4060617,3971256,86.2326862688093,84.3349847427439,359
-7.6926,53.28823,2022/02/19 00:00:00+00,Sat 19 Feb 2022,981,3554,0,3820854,3734066,240744,4061598,3974810,86.253519128749,84.4104587327802,360
-7.6926,53.28823,2022/02/20 00:00:00+00,Sun 20 Feb 2022,1366,3587,0,3822220,3737653,240744,4062964,3978397,86.2825279836701,84.4866335223864,361
-7.6926,53.28823,2022/02/21 00:00:00+00,Mon 21 Feb 2022,251,994,1,3822471,3738647,240745,4063216,3979392,86.2878795440216,84.5077636912345,362
-7.6926,53.28823,2022/02/22 00:00:00+00,Tue 22 Feb 2022,477,981,0,3822948,3739628,240745,4063693,3980373,86.2980092832583,84.5285965511742,363
-7.6926,53.28823,2022/02/23 00:00:00+00,Wed 23 Feb 2022,830,1271,1,3823778,3740899,240746,4064524,3981645,86.3156566906078,84.5556091891388,364
-7.6926,53.28823,2022/02/24 00:00:00+00,Thu 24 Feb 2022,658,1233,0,3824436,3742132,240746,4065182,3982878,86.3296302093033,84.58179360943,365
-7.6926,53.28823,2022/02/25 00:00:00+00,Fri 25 Feb 2022,691,1226,0,3825127,3743358,240746,4065873,3984104,86.3443045275687,84.6078293752669,366
-7.6926,53.28823,2022/02/26 00:00:00+00,Sat 26 Feb 2022,960,2092,0,3826087,3745450,240746,4066833,3986196,86.3646914241458,84.6522558207244,367
-7.6926,53.28823,2022/02/27 00:00:00+00,Sun 27 Feb 2022,671,1783,0,3826758,3747233,240746,4067504,3987979,86.3789410153991,84.6901202338462,368
-7.6926,53.28823,2022/02/28 00:00:00+00,Mon 28 Feb 2022,81,428,0,3826839,3747661,240746,4067585,3988407,86.3806611597978,84.6992093919035,369
-7.6926,53.28823,2022/03/01 00:00:00+00,Tue 01 Mar 2022,129,939,1,3826968,3748600,240747,4067715,3989347,86.3834218853759,84.7191715614685,370
-7.6926,53.28823,2022/03/02 00:00:00+00,Wed 02 Mar 2022,207,995,2,3827175,3749595,240749,4067924,3990344,86.3878602826516,84.7403442030178,371
-7.6926,53.28823,2022/03/03 00:00:00+00,Thu 03 Mar 2022,279,1273,0,3827454,3750868,240749,4068203,3991617,86.3937852244693,84.767378077333,372
-7.6926,53.28823,2022/03/04 00:00:00+00,Fri 04 Mar 2022,734,1507,2,3828188,3752375,240751,4068939,3993126,86.4094151785117,84.7994237303901,373
-7.6926,53.28823,2022/03/05 00:00:00+00,Sat 05 Mar 2022,963,3341,0,3829151,3755716,240751,4069902,3996467,86.4298657841406,84.8703743777484,374
-7.6926,53.28823,2022/03/06 00:00:00+00,Sun 06 Mar 2022,455,1915,0,3829606,3757631,240751,4070357,3998382,86.4395283236641,84.9110419891495,375
-7.6926,53.28823,2022/03/07 00:00:00+00,Mon 07 Mar 2022,113,124,0,3829719,3757755,240751,4070470,3998506,86.441928031282,84.913675296624,376
-7.6926,53.28823,2022/03/08 00:00:00+00,Tue 08 Mar 2022,120,492,0,3829839,3758247,240751,4070590,3998998,86.4444763933541,84.9241235811198,377
-7.6926,53.28823,2022/03/09 00:00:00+00,Wed 09 Mar 2022,127,345,1,3829966,3758592,240752,4070718,3999344,86.4471946462311,84.9314713584278,378
-7.6926,53.28823,2022/03/10 00:00:00+00,Thu 10 Mar 2022,258,507,0,3830224,3759099,240752,4070976,3999851,86.4526736246862,84.9422381881825,379
-7.6926,53.28823,2022/03/11 00:00:00+00,Fri 11 Mar 2022,493,2182,0,3830717,3761281,240752,4071469,4002033,86.4631431455325,84.9885759051941,380
-7.6926,53.28823,2022/03/12 00:00:00+00,Sat 12 Mar 2022,473,2390,2,3831190,3763671,240754,4071944,4004425,86.473230412068,85.039373255832,381
-7.6926,53.28823,2022/03/13 00:00:00+00,Sun 13 Mar 2022,358,1082,0,3831548,3764753,240754,4072302,4005507,86.4808330255832,85.0623509871824,382
-7.6926,53.28823,2022/03/14 00:00:00+00,Mon 14 Mar 2022,108,121,0,3831656,3764874,240754,4072410,4005628,86.4831265514481,85.0649205856051,383
-7.6926,53.28823,2022/03/15 00:00:00+00,Tue 15 Mar 2022,221,757,1,3831877,3765631,240755,4072632,4006386,86.4878410212816,85.0810177393607,384
-7.6926,53.28823,2022/03/16 00:00:00+00,Wed 16 Mar 2022,196,797,0,3832073,3766428,240755,4072828,4007183,86.4920033459994,85.0979431107898,385
-7.6926,53.28823,2022/04/24 23:00:00+00,Mon 25 Apr 2022,42,58,0,3841823,3787551,240762,4082585,4028313,86.6992064188144,85.5466671989912,386
-7.6926,53.28823,2022/04/25 23:00:00+00,Tue 26 Apr 2022,144,238,0,3841967,3787789,240762,4082729,4028551,86.7022644533009,85.5517214504342,387
-7.6926,53.28823,2022/04/26 23:00:00+00,Wed 27 Apr 2022,122,208,0,3842089,3787997,240762,4082851,4028759,86.7048552880743,85.5561386113593,388
-7.6926,53.28823,2022/04/27 23:00:00+00,Thu 28 Apr 2022,106,128,0,3842195,3788125,240762,4082957,4028887,86.707106341238,85.5588568642362,389
-7.6926,53.28823,2022/04/28 23:00:00+00,Fri 29 Apr 2022,176,222,0,3842371,3788347,240762,4083133,4029109,86.7108439389438,85.5635713340697,390
-7.6926,53.28823,2022/04/29 23:00:00+00,Sat 30 Apr 2022,281,723,0,3842652,3789070,240762,4083414,4029832,86.7168113534627,85.5789252155543,391
-7.6926,53.28823,2022/04/30 23:00:00+00,Sun 01 May 2022,186,746,0,3842838,3789816,240762,4083600,4030578,86.7207613146745,85.5947675331027,392
-7.6926,53.28823,2022/05/01 23:00:00+00,Mon 02 May 2022,11,26,0,3842849,3789842,240762,4083611,4030604,86.7209949145311,85.5953196782183,393
-7.6926,53.28823,2022/05/02 23:00:00+00,Tue 03 May 2022,100,117,0,3842949,3789959,240762,4083711,4030721,86.7231185495912,85.5978043312386,394
-7.6926,53.28823,2022/05/03 23:00:00+00,Wed 04 May 2022,119,128,0,3843068,3790087,240762,4083830,4030849,86.7256456753128,85.6005225841156,395
-7.6926,53.28823,2022/05/04 23:00:00+00,Thu 05 May 2022,119,164,0,3843187,3790251,240762,4083949,4031013,86.7281728010343,85.6040053456142,396
-7.6926,53.28823,2021/05/01 23:00:00+00,Sun 02 May 2021,12463,909,15,1212175,482938,318,1212493,483256,25.7489264493862,10.2625938460878,397
-7.6926,53.28823,2022/05/05 23:00:00+00,Fri 06 May 2022,143,258,0,3843330,3790509,240762,4084092,4031271,86.7312095991703,85.6094843240693,398
-7.6926,53.28823,2022/05/06 23:00:00+00,Sat 07 May 2022,440,1087,0,3843770,3791596,240762,4084532,4032358,86.7405535934347,85.6325682371727,399
-7.6926,53.28823,2022/05/07 23:00:00+00,Sun 08 May 2022,274,437,0,3844044,3792033,240762,4084806,4032795,86.7463723534995,85.6418485223853,400
-7.6926,53.28823,2022/05/08 23:00:00+00,Mon 09 May 2022,27,32,0,3844071,3792065,240762,4084833,4032827,86.7469457349657,85.6425280856046,401
-7.6926,53.28823,2022/05/09 23:00:00+00,Tue 10 May 2022,88,99,1,3844159,3792164,240763,4084922,4032927,86.7488357701692,85.6446517206647,402
-7.6926,53.28823,2022/05/10 23:00:00+00,Wed 11 May 2022,127,132,0,3844286,3792296,240763,4085049,4033059,86.7515327866955,85.647454918944,403
-7.6926,53.28823,2022/05/11 23:00:00+00,Thu 12 May 2022,249,397,0,3844535,3792693,240763,4085298,4033456,86.7568206379952,85.6558857501327,404
-7.6926,53.28823,2022/05/12 23:00:00+00,Fri 13 May 2022,185,326,0,3844720,3793019,240763,4085483,4033782,86.7607493628564,85.6628088004286,405
-7.6926,53.28823,2022/05/13 23:00:00+00,Sat 14 May 2022,334,632,0,3845054,3793651,240763,4085817,4034414,86.7678423039572,85.6762301740085,406
-7.6926,53.28823,2022/05/14 23:00:00+00,Sun 15 May 2022,169,254,0,3845223,3793905,240763,4085986,4034668,86.7714312472088,85.6816242070612,407
-7.6926,53.28823,2022/05/15 23:00:00+00,Mon 16 May 2022,30,41,0,3845253,3793946,240763,4086016,4034709,86.7720683377268,85.6824948974359,408
-7.6926,53.28823,2022/05/16 23:00:00+00,Tue 17 May 2022,103,94,0,3845356,3794040,240763,4086119,4034803,86.7742556818387,85.6844911143924,409
-7.6926,53.28823,2022/05/17 23:00:00+00,Wed 18 May 2022,106,121,0,3845462,3794161,240763,4086225,4034924,86.7765067350024,85.6870607128151,410
-7.6926,53.28823,2022/05/18 23:00:00+00,Thu 19 May 2022,100,103,0,3845562,3794264,240763,4086325,4035027,86.7786303700625,85.689248056927,411
-7.6926,53.28823,2022/05/19 23:00:00+00,Fri 20 May 2022,130,206,0,3845692,3794470,240763,4086455,4035233,86.7813910956407,85.6936227451508,412
-7.6926,53.28823,2022/05/20 23:00:00+00,Sat 21 May 2022,393,761,0,3846085,3795231,240763,4086848,4035994,86.7897369814269,85.7097836079583,413
-7.6926,53.28823,2022/05/21 23:00:00+00,Sun 22 May 2022,233,409,0,3846318,3795640,240763,4087081,4036403,86.794685051117,85.7184692753541,414
-7.6926,53.28823,2022/05/22 23:00:00+00,Mon 23 May 2022,30,35,0,3846348,3795675,240763,4087111,4036438,86.795322141635,85.7192125476252,415
-7.6926,53.28823,2022/05/23 23:00:00+00,Tue 24 May 2022,79,82,0,3846427,3795757,240763,4087190,4036520,86.7969998133325,85.7209539283745,416
-7.6926,53.28823,2022/05/24 23:00:00+00,Wed 25 May 2022,89,132,0,3846516,3795889,240763,4087279,4036652,86.798889848536,85.7237571266538,417
-7.6926,53.28823,2022/05/25 23:00:00+00,Thu 26 May 2022,135,155,0,3846651,3796044,240763,4087414,4036807,86.8017567558671,85.727048760997,418
-7.6926,53.28823,2022/05/26 23:00:00+00,Fri 27 May 2022,97,151,0,3846748,3796195,240763,4087511,4036958,86.8038166818754,85.7302554499377,419
-7.6926,53.28823,2022/05/27 23:00:00+00,Sat 28 May 2022,336,578,0,3847084,3796773,240763,4087847,4037536,86.8109520956774,85.7425300605852,420
-7.6926,53.28823,2022/05/28 23:00:00+00,Sun 29 May 2022,181,348,0,3847265,3797121,240763,4088028,4037884,86.8147958751362,85.7499203105944,421
-7.6926,53.28823,2022/05/29 23:00:00+00,Mon 30 May 2022,13,21,0,3847278,3797142,240763,4088041,4037905,86.815071947694,85.750366273957,422
-7.6926,53.28823,2022/05/30 23:00:00+00,Tue 31 May 2022,67,79,1,3847345,3797221,240764,4088109,4037985,86.8165160195349,85.7520651820051,423
-7.6926,53.28823,2022/05/31 23:00:00+00,Wed 01 Jun 2022,64,101,0,3847409,3797322,240764,4088173,4038086,86.8178751459734,85.7542100534158,424
-7.6926,53.28823,2022/06/01 23:00:00+00,Thu 02 Jun 2022,122,138,0,3847531,3797460,240764,4088295,4038224,86.8204659807467,85.7571406697987,425
-7.6926,53.28823,2022/06/02 23:00:00+00,Fri 03 Jun 2022,65,143,0,3847596,3797603,240764,4088360,4038367,86.8218463435358,85.7601774679347,426
-7.6926,53.28823,2022/06/03 23:00:00+00,Sat 04 Jun 2022,306,606,0,3847902,3798209,240764,4088666,4038973,86.8283446668197,85.773046696399,427
-7.6926,53.28823,2022/06/04 23:00:00+00,Sun 05 Jun 2022,143,273,0,3848045,3798482,240764,4088809,4039246,86.8313814649557,85.7788442201131,428
-7.6926,53.28823,2022/06/05 23:00:00+00,Mon 06 Jun 2022,3,6,0,3848048,3798488,240764,4088812,4039252,86.8314451740075,85.7789716382167,429
-7.6926,53.28823,2022/06/06 23:00:00+00,Tue 07 Jun 2022,30,50,0,3848078,3798538,240764,4088842,4039302,86.8320822645255,85.7800334557467,430
-7.6926,53.28823,2022/06/07 23:00:00+00,Wed 08 Jun 2022,41,76,0,3848119,3798614,240764,4088883,4039378,86.8329529549002,85.7816474183924,431
-7.6926,53.28823,2022/06/08 23:00:00+00,Thu 09 Jun 2022,82,123,0,3848201,3798737,240764,4088965,4039501,86.8346943356494,85.7842594895164,432
-7.6926,53.28823,2022/06/09 23:00:00+00,Fri 10 Jun 2022,57,107,0,3848258,3798844,240764,4089022,4039608,86.8359048076337,85.7865317790307,433
-7.6926,53.28823,2022/06/10 23:00:00+00,Sat 11 Jun 2022,191,559,0,3848449,3799403,240764,4089213,4040167,86.8399609505985,85.7984028990167,434
-7.6926,53.28823,2022/06/11 23:00:00+00,Sun 12 Jun 2022,143,286,0,3848592,3799689,240764,4089356,4040453,86.8429977487345,85.8044764952886,435
-7.6926,53.28823,2022/06/12 23:00:00+00,Mon 13 Jun 2022,20,44,0,3848612,3799733,240764,4089376,4040497,86.8434224757465,85.8054108947151,436
-7.6926,53.28823,2022/06/13 23:00:00+00,Tue 14 Jun 2022,39,53,0,3848651,3799786,240764,4089415,4040550,86.8442506934199,85.8065364212969,437
-7.6926,53.28823,2022/06/14 23:00:00+00,Wed 15 Jun 2022,69,122,0,3848720,3799908,240764,4089484,4040672,86.8457160016114,85.8091272560703,438
-7.6926,53.28823,2022/06/15 23:00:00+00,Thu 16 Jun 2022,82,84,0,3848802,3799992,240764,4089566,4040756,86.8474573823607,85.8109111095207,439
-7.6926,53.28823,2022/06/16 23:00:00+00,Fri 17 Jun 2022,64,92,0,3848866,3800084,240764,4089630,4040848,86.8488165087992,85.812864853776,440
-7.6926,53.28823,2022/06/17 23:00:00+00,Sat 18 Jun 2022,224,486,0,3849090,3800570,240764,4089854,4041334,86.8535734513338,85.8231857201682,441
-7.6926,53.28823,2022/06/18 23:00:00+00,Sun 19 Jun 2022,78,129,0,3849168,3800699,240764,4089932,4041463,86.8552298866807,85.8259252093957,442
-7.6926,53.28823,2022/06/19 23:00:00+00,Mon 20 Jun 2022,8,28,0,3849176,3800727,240764,4089940,4041491,86.8553997774855,85.8265198272126,443
-7.6926,53.28823,2022/06/20 23:00:00+00,Tue 21 Jun 2022,78,165,1,3849254,3800892,240765,4090019,4041657,86.857077449183,85.8300450614123,444
-7.6926,53.28823,2022/06/21 23:00:00+00,Wed 22 Jun 2022,61,93,0,3849315,3800985,240765,4090080,4041750,86.8583728665697,85.8320200420182,445
-7.6926,53.28823,2022/06/22 23:00:00+00,Thu 23 Jun 2022,67,104,0,3849382,3801089,240765,4090147,4041854,86.85979570206,85.8342286224808,446
-7.6926,53.28823,2022/06/23 23:00:00+00,Fri 24 Jun 2022,60,88,1,3849442,3801177,240766,4090208,4041943,86.8610911194466,85.8361186576843,447
-7.6926,53.28823,2022/06/24 23:00:00+00,Sat 25 Jun 2022,208,290,0,3849650,3801467,240766,4090416,4042233,86.8655082803716,85.8422771993586,448
-7.6926,53.28823,2022/06/25 23:00:00+00,Sun 26 Jun 2022,175,404,0,3849825,3801871,240766,4090591,4042637,86.8692246417268,85.8508566850014,449
-7.6926,53.28823,2022/06/26 23:00:00+00,Mon 27 Jun 2022,4,31,0,3849829,3801902,240766,4090595,4042668,86.8693095871292,85.8515150118701,450
-7.6926,53.28823,2022/06/27 23:00:00+00,Tue 28 Jun 2022,53,57,0,3849882,3801959,240766,4090648,4042725,86.8704351137111,85.8527254838543,451
-7.6926,53.28823,2022/06/28 23:00:00+00,Wed 29 Jun 2022,63,80,3,3849945,3802039,240769,4090714,4042808,86.8718367128508,85.8544881009542,452
-7.6926,53.28823,2022/06/29 23:00:00+00,Thu 30 Jun 2022,45,82,0,3849990,3802121,240769,4090759,4042890,86.8727923486278,85.8562294817035,453
-7.6926,53.28823,2022/06/30 23:00:00+00,Fri 01 Jul 2022,46,55,0,3850036,3802176,240769,4090805,4042945,86.8737692207555,85.8573974809866,454
-7.6926,53.28823,2022/07/01 23:00:00+00,Sat 02 Jul 2022,178,218,0,3850214,3802394,240769,4090983,4043163,86.8775492911625,85.8620270054176,455
-7.6926,53.28823,2022/07/02 23:00:00+00,Sun 03 Jul 2022,107,273,0,3850321,3802667,240769,4091090,4043436,86.8798215806768,85.8678245291317,456
-7.6926,53.28823,2021/05/02 23:00:00+00,Mon 03 May 2021,14260,922,21,1226435,483860,339,1226774,484199,26.0522027723206,10.2826197247047,457
-7.6926,53.28823,2021/05/03 23:00:00+00,Tue 04 May 2021,26661,6789,10,1253096,490649,349,1253445,490998,26.6185974792027,10.4270056724416,458
-7.6926,53.28823,2021/05/04 23:00:00+00,Wed 05 May 2021,32108,13457,69,1285204,504106,418,1285622,504524,27.3019195324945,10.7142485506722,459
-7.6926,53.28823,2021/05/05 23:00:00+00,Thu 06 May 2021,37284,14376,132,1322488,518482,550,1323038,519032,28.0964988265854,11.022345525193,460
-7.6926,53.28823,2021/05/06 23:00:00+00,Fri 07 May 2021,40598,15070,97,1363086,533552,647,1363733,534199,28.9607121142974,11.34443725476,461
-7.6926,53.28823,2021/05/07 23:00:00+00,Sat 08 May 2021,25618,7043,10,1388704,540595,657,1389361,541252,29.5049573075026,11.4942172355496,462
-7.6926,53.28823,2021/05/08 23:00:00+00,Sun 09 May 2021,19674,923,5,1408378,541518,662,1409040,542180,29.9228674509817,11.5139245689074,463
-7.6926,53.28823,2021/05/09 23:00:00+00,Mon 10 May 2021,28842,4645,171,1437220,546163,833,1438053,546996,30.5389976909716,11.6161988334023,464
-7.6926,53.28823,2021/05/10 23:00:00+00,Tue 11 May 2021,33922,14823,153,1471142,560986,986,1472128,561972,31.2626263377043,11.9342344200045,465
-7.6926,53.28823,2021/05/11 23:00:00+00,Wed 12 May 2021,31294,20936,172,1502436,581922,1158,1503594,583080,31.9308493457187,12.3824913084926,466
-7.6926,53.28823,2021/05/12 23:00:00+00,Thu 13 May 2021,36001,25479,152,1538437,607401,1310,1539747,608711,32.6986071290004,12.9268002107495,467
-7.6926,53.28823,2021/05/13 23:00:00+00,Fri 14 May 2021,38218,27944,236,1576655,635345,1546,1578201,636891,33.5152297550153,13.5252405706887,468
-7.6926,53.28823,2021/05/14 23:00:00+00,Sat 15 May 2021,28860,12447,22,1605515,647792,1568,1607083,649360,34.1285780330765,13.7900366263339,469
-7.6926,53.28823,2021/05/15 23:00:00+00,Sun 16 May 2021,23172,1172,9,1628687,648964,1577,1630264,650541,34.6208578763607,13.8151167563938,470
-7.6926,53.28823,2021/05/16 23:00:00+00,Mon 17 May 2021,35397,3946,117,1664084,652910,1694,1665778,654604,35.3750456316084,13.9014000488861,471
-7.6926,53.28823,2021/05/17 23:00:00+00,Tue 18 May 2021,39010,12494,127,1703094,665404,1821,1704915,667225,36.2061726850838,14.1694240298226,472
-7.6926,53.28823,2021/05/18 23:00:00+00,Wed 19 May 2021,37026,17589,209,1740120,682993,2030,1742150,685023,36.996908199716,14.5473885978211,473
-7.6926,53.28823,2021/05/19 23:00:00+00,Thu 20 May 2021,39085,19644,136,1779205,702637,2166,1781371,704803,37.8298191066419,14.967443612711,474
-7.6926,53.28823,2021/05/20 23:00:00+00,Fri 21 May 2021,25844,23249,14934,1805049,725886,17100,1822149,742986,38.6957950114538,15.778311187713,475
-7.6926,53.28823,2021/05/21 23:00:00+00,Sat 22 May 2021,16588,10245,13523,1821637,736131,30623,1852260,766754,39.3352427644037,16.2830567688001,476
-7.6926,53.28823,2021/05/22 23:00:00+00,Sun 23 May 2021,8211,5524,10205,1829848,741655,40828,1870676,782483,39.7263313970737,16.6170833274049,477
-7.6926,53.28823,2021/05/23 23:00:00+00,Mon 24 May 2021,22547,8214,8450,1852395,749869,49278,1901673,799147,40.3845945566561,16.9709658738217,478
-7.6926,53.28823,2021/05/24 23:00:00+00,Tue 25 May 2021,30341,16502,3222,1882736,766371,52500,1935236,818871,41.097350191881,17.3898316530779,479
-7.6926,53.28823,2021/05/25 23:00:00+00,Wed 26 May 2021,19974,25445,3052,1902710,791816,55552,1958262,847368,41.5863384008221,17.9950039361576,480
-7.6926,53.28823,2021/05/26 23:00:00+00,Thu 27 May 2021,17014,36036,550,1919724,827852,56102,1975826,883954,41.9593336627799,18.7719570592496,481
-7.6926,53.28823,2021/05/27 23:00:00+00,Fri 28 May 2021,27039,31822,1558,1946763,859674,57660,2004423,917334,42.5666295809197,19.4808264423145,482
-7.6926,53.28823,2021/05/28 23:00:00+00,Sat 29 May 2021,24472,7383,534,1971235,867057,58194,2029429,925251,43.097665764051,19.6489546300235,483
-7.6926,53.28823,2021/05/29 23:00:00+00,Sun 30 May 2021,24248,1676,209,1995483,868733,58403,2053886,927136,43.6170431907022,19.6889851509066,484
-7.6926,53.28823,2021/05/30 23:00:00+00,Mon 31 May 2021,22586,7324,3443,2018069,876057,61846,2079915,937903,44.1698041604984,19.9176369378287,485
-7.6926,53.28823,2021/05/31 23:00:00+00,Tue 01 Jun 2021,27552,11511,3653,2045621,887568,65499,2111120,953067,44.8324844810059,20.2396649583438,486
-7.6926,53.28823,2021/06/01 23:00:00+00,Wed 02 Jun 2021,18692,20898,4007,2064313,908466,69506,2133819,977972,45.3145284033004,20.7685562700644,487
-7.6926,53.28823,2021/06/02 23:00:00+00,Thu 03 Jun 2021,16689,30704,1977,2081002,939170,71483,2152485,1010653,45.7109261236206,21.4625814440591,488
-7.6926,53.28823,2021/06/03 23:00:00+00,Fri 04 Jun 2021,29002,23344,153,2110004,962514,71636,2181640,1034150,46.3300719253958,21.9615719741333,489
-7.6926,53.28823,2021/06/04 23:00:00+00,Sat 05 Jun 2021,20955,11491,33,2130959,974005,71669,2202628,1045674,46.7757804518119,22.2062996784604,490
-7.6926,53.28823,2021/06/05 23:00:00+00,Sun 06 Jun 2021,19936,3906,46,2150895,977911,71715,2222610,1049626,47.2001252095231,22.290225736036,491
-7.6926,53.28823,2021/06/06 23:00:00+00,Mon 07 Jun 2021,19812,4586,45,2170707,982497,71760,2242467,1054257,47.6218154234093,22.3885712756697,492
-7.6926,53.28823,2021/06/07 23:00:00+00,Tue 08 Jun 2021,26400,18352,45,2197107,1000849,71805,2268912,1072654,48.1834107150555,22.7792564176782,493
-7.6926,53.28823,2021/06/08 23:00:00+00,Wed 09 Jun 2021,32791,20114,173,2229898,1020963,71978,2301876,1092941,48.8834457762704,23.2100782623229,494
-7.6926,53.28823,2021/06/09 23:00:00+00,Thu 10 Jun 2021,27689,27485,270,2257587,1048448,72248,2329835,1120696,49.4771929027267,23.7994931732566,495
-7.6926,53.28823,2021/06/10 23:00:00+00,Fri 11 Jun 2021,26433,32896,39,2284020,1081344,72287,2356307,1153631,50.0393615758391,24.498912380304,496
-7.6926,53.28823,2021/06/11 23:00:00+00,Sat 12 Jun 2021,12209,19719,105,2296229,1101063,72392,2368621,1173455,50.3008659971412,24.9199017946203,497
-7.6926,53.28823,2021/06/12 23:00:00+00,Sun 13 Jun 2021,8548,18169,832,2304777,1119232,73224,2378001,1192456,50.5000629657795,25.3234136923919,498
-7.6926,53.28823,2021/06/13 23:00:00+00,Mon 14 Jun 2021,16018,31303,49,2320795,1150535,73273,2394068,1223808,50.8412674108875,25.9892157564377,499
-7.6926,53.28823,2021/06/14 23:00:00+00,Tue 15 Jun 2021,14693,41583,205,2335488,1192118,73478,2408966,1265596,51.1576465621428,26.8766403753567,500
-7.6926,53.28823,2021/06/15 23:00:00+00,Wed 16 Jun 2021,13468,48390,215,2348956,1240508,73693,2422649,1314201,51.4482235474177,27.9088331963235,501
-7.6926,53.28823,2021/06/16 23:00:00+00,Thu 17 Jun 2021,21571,42683,534,2370527,1283191,74227,2444754,1357418,51.9176530774551,28.8266045602515,502
-7.6926,53.28823,2021/06/17 23:00:00+00,Fri 18 Jun 2021,12012,50037,553,2382539,1333228,74780,2457319,1408008,52.184487822758,29.9009515371614,503
-7.6926,53.28823,2021/06/18 23:00:00+00,Sat 19 Jun 2021,6310,32800,433,2388849,1366028,75213,2464062,1441241,52.3276845348613,30.6066991766879,504
-7.6926,53.28823,2021/06/19 23:00:00+00,Sun 20 Jun 2021,8515,26137,177,2397364,1392165,75390,2472754,1467555,52.5122708942861,31.1655125064054,505
-7.6926,53.28823,2021/06/20 23:00:00+00,Mon 21 Jun 2021,15468,32340,573,2412832,1424505,75963,2488795,1500468,52.8529231942784,31.8644645137396,506
-7.6926,53.28823,2021/06/21 23:00:00+00,Tue 22 Jun 2021,15138,43545,722,2427970,1468050,76685,2504655,1544735,53.1897317148119,32.8045340457987,507
-7.6926,53.28823,2021/06/22 23:00:00+00,Wed 23 Jun 2021,20083,39388,883,2448053,1507438,77568,2525621,1585006,53.6349730415147,33.6597431208559,508
-7.6926,53.28823,2021/06/23 23:00:00+00,Thu 24 Jun 2021,19020,44272,1031,2467073,1551710,78599,2545672,1630309,54.0607831074175,34.6218135121377,509
-7.6926,53.28823,2021/06/24 23:00:00+00,Fri 25 Jun 2021,15204,50119,843,2482277,1601829,79442,2561719,1681271,54.4015628255134,35.7040604114713,510
-7.6926,53.28823,2021/06/25 23:00:00+00,Sat 26 Jun 2021,9057,30551,510,2491334,1632380,79952,2571286,1712332,54.6047309917142,36.3636826974922,511
-7.6926,53.28823,2021/06/26 23:00:00+00,Sun 27 Jun 2021,8726,30473,58,2500060,1662853,80010,2580070,1742863,54.7912710953943,37.0120497176946,512
-7.6926,53.28823,2021/06/27 23:00:00+00,Mon 28 Jun 2021,24227,24637,522,2524287,1687490,80532,2604819,1768022,55.3168495364211,37.5463350624678,513
-7.6926,53.28823,2021/06/28 23:00:00+00,Tue 29 Jun 2021,28146,31030,809,2552433,1718520,81341,2633774,1799861,55.9317480680761,38.2224792292564,514
-7.6926,53.28823,2021/06/29 23:00:00+00,Wed 30 Jun 2021,22564,36861,589,2574997,1755381,81930,2656927,1837311,56.4234332935435,39.0177805592678,515
-7.6926,53.28823,2021/06/30 23:00:00+00,Thu 01 Jul 2021,15013,48312,638,2590010,1803693,82568,2672578,1886261,56.7558034168014,40.0572999211919,516
-7.6926,53.28823,2021/07/01 23:00:00+00,Fri 02 Jul 2021,13664,47260,817,2603674,1850953,83385,2687059,1934338,57.063327009856,41.0782799490413,517
-7.6926,53.28823,2021/07/02 23:00:00+00,Sat 03 Jul 2021,9311,30471,505,2612985,1881424,83890,2696875,1965314,57.2717830273565,41.7360971452611,518
-7.6926,53.28823,2021/07/03 23:00:00+00,Sun 04 Jul 2021,6446,27780,233,2619431,1909204,84123,2703554,1993327,57.4136206130212,42.3309910346499,519
-7.6926,53.28823,2021/07/04 23:00:00+00,Mon 05 Jul 2021,15601,33452,5342,2635032,1942656,89465,2724497,2032121,57.8583735036602,43.1548340198692,520
-7.6926,53.28823,2021/07/05 23:00:00+00,Tue 06 Jul 2021,12412,48290,5486,2647444,1990946,94951,2742395,2085897,58.2384617067188,44.2968400097942,521
-7.6926,53.28823,2021/07/06 23:00:00+00,Wed 07 Jul 2021,19704,43753,5059,2667148,2034699,100010,2767158,2134709,58.764337456654,45.3334287553354,522
-7.6926,53.28823,2021/07/07 23:00:00+00,Thu 08 Jul 2021,17769,45586,5995,2684917,2080285,106005,2790922,2186290,59.2689980923386,46.428820955691,523
-7.6926,53.28823,2021/07/08 23:00:00+00,Fri 09 Jul 2021,13515,45086,6530,2698432,2125371,112535,2810967,2237906,59.6946807401378,47.5249564283177,524
-7.6926,53.28823,2021/07/09 23:00:00+00,Sat 10 Jul 2021,8631,23864,4364,2707063,2149235,116899,2823962,2266134,59.9706471161991,48.1244161330857,525
-7.6926,53.28823,2021/07/10 23:00:00+00,Sun 11 Jul 2021,15232,16106,2153,2722295,2165341,119052,2841347,2284393,60.3398410713994,48.5121706587112,526
-7.6926,53.28823,2021/07/11 23:00:00+00,Mon 12 Jul 2021,17105,31754,6091,2739400,2197095,125143,2864543,2322238,60.8324394599426,49.3158603472101,527
-7.6926,53.28823,2021/07/12 23:00:00+00,Tue 13 Jul 2021,20098,36566,8488,2759498,2233661,133631,2893129,2367292,61.4395017782258,50.2726428871923,528
-7.6926,53.28823,2021/07/13 23:00:00+00,Wed 14 Jul 2021,20793,35703,9332,2780291,2269364,142963,2923254,2412327,62.0792468400841,51.2290219365131,529
-7.6926,53.28823,2021/07/14 23:00:00+00,Thu 15 Jul 2021,23628,28836,9583,2803919,2298200,152546,2956465,2450746,62.7845272798974,52.044901290257,530
-7.6926,53.28823,2021/07/15 23:00:00+00,Fri 16 Jul 2021,23527,27418,9165,2827446,2325618,161711,2989157,2487329,63.4787860537488,52.8217907042972,531
-7.6926,53.28823,2021/07/16 23:00:00+00,Sat 17 Jul 2021,11498,19420,4676,2838944,2345038,166387,3005331,2511425,63.8222627883711,53.3335018083814,532
-7.6926,53.28823,2021/07/17 23:00:00+00,Sun 18 Jul 2021,16860,15813,1931,2855804,2360851,168318,3024122,2529169,64.2213150525164,53.7103196134475,533
-7.6926,53.28823,2021/07/18 23:00:00+00,Mon 19 Jul 2021,24878,18428,6253,2880682,2379279,174571,3055253,2553850,64.8824238830795,54.2344539826333,534
-7.6926,53.28823,2021/07/19 23:00:00+00,Tue 20 Jul 2021,30573,18173,7697,2911255,2397452,182268,3093523,2579720,65.6951390205838,54.7838383726839,535
-7.6926,53.28823,2021/07/20 23:00:00+00,Wed 21 Jul 2021,30349,19835,6886,2941604,2417287,189154,3130758,2606441,66.4858745352159,55.3512948970961,536
-7.6926,53.28823,2021/07/21 23:00:00+00,Thu 22 Jul 2021,33528,15925,6933,2975132,2433212,196087,3171219,2629299,67.3451185168873,55.8367153991362,537
-7.6926,53.28823,2021/07/22 23:00:00+00,Fri 23 Jul 2021,27086,20822,5614,3002218,2454034,201701,3203919,2655735,68.0395471815434,56.398119563627,538
-7.6926,53.28823,2021/07/23 23:00:00+00,Sat 24 Jul 2021,15431,14805,2274,3017649,2468839,203975,3221624,2672814,68.415536768936,56.7608151955433,539
-7.6926,53.28823,2021/07/24 23:00:00+00,Sun 25 Jul 2021,14714,13640,1042,3032363,2482479,205017,3237380,2687496,68.750136709007,57.0726072950687,540
-7.6926,53.28823,2021/07/25 23:00:00+00,Mon 26 Jul 2021,23825,18286,3420,3056188,2500765,208437,3264625,2709202,69.3287210811341,57.5335635212163,541
-7.6926,53.28823,2021/07/26 23:00:00+00,Tue 27 Jul 2021,25502,23902,3670,3081690,2524667,212107,3293797,2736774,69.9482279008696,58.11909217999,542
-7.6926,53.28823,2021/07/27 23:00:00+00,Wed 28 Jul 2021,23429,25281,3261,3105119,2549948,215368,3320487,2765316,70.5150260984131,58.7252200988467,543
-7.6926,53.28823,2021/07/28 23:00:00+00,Thu 29 Jul 2021,19259,27858,2960,3124378,2577806,218328,3342706,2796134,70.986876572419,59.3796819516716,544
-7.6926,53.28823,2021/07/29 23:00:00+00,Fri 30 Jul 2021,21947,22932,2118,3146325,2600738,220446,3366771,2821184,71.4979293496346,59.9116525342293,545
-7.6926,53.28823,2021/07/30 23:00:00+00,Sat 31 Jul 2021,13733,12479,907,3160058,2613217,221353,3381411,2834570,71.8088295224348,60.1959223233757,546
-7.6926,53.28823,2021/07/31 23:00:00+00,Sun 01 Aug 2021,11101,9319,368,3171159,2622536,221721,3392880,2844257,72.0523892274789,60.4016388516486,547
-7.6926,53.28823,2021/08/01 23:00:00+00,Mon 02 Aug 2021,15016,16005,430,3186175,2638541,222151,3408326,2860692,72.3804058988636,60.7506582737778,548
-7.6926,53.28823,2021/08/02 23:00:00+00,Tue 03 Aug 2021,17334,25444,1110,3203509,2663985,223261,3426770,2887246,72.7720891493504,61.3145683276395,549
-7.6926,53.28823,2021/08/03 23:00:00+00,Wed 04 Aug 2021,22102,17297,1575,3225611,2681282,224836,3450447,2906118,73.2749022225327,61.7153407361836,550
-7.6926,53.28823,2021/08/04 23:00:00+00,Thu 05 Aug 2021,13520,30032,1421,3239131,2711314,226257,3465388,2937571,73.5921945368639,62.3832876716402,551
-7.6926,53.28823,2021/08/05 23:00:00+00,Fri 06 Aug 2021,12203,24736,948,3251334,2736050,227205,3478539,2963255,73.871473783619,62.9287221004789,552
