X,Y,VaccinationDate,VaccineText,Dose1,Dose2,SingleDose,Dose1Cum,Dose2Cum,SingleDoseCum,PartiallyVacc,FullyVacc,PartialPercent,FullyPercent,ObjectId
-7.6926,53.28823,2021/07/27 23:00:00+00,Wed 28 Jul 2021,23356,25104,3243,3092393,2541243,213981,3306374,2755224,70.2153174823797,58.5109028485804,1
-7.6926,53.28823,2021/07/28 23:00:00+00,Thu 29 Jul 2021,19178,27720,2939,3111571,2568963,216920,3328491,2785883,70.6850018486243,59.1619881216597,2
-7.6926,53.28823,2021/07/29 23:00:00+00,Fri 30 Jul 2021,21854,22770,2103,3133425,2591733,219023,3352448,2810756,71.193761099975,59.690199870161,3
-7.6926,53.28823,2021/07/30 23:00:00+00,Sat 31 Jul 2021,13672,12345,896,3147097,2604078,219919,3367016,2823997,71.5031322555319,59.9713903884702,4
-7.6926,53.28823,2021/07/31 23:00:00+00,Sun 01 Aug 2021,11027,9228,359,3158124,2613306,220278,3378402,2833584,71.7449293434761,60.174983281683,5
-7.6926,53.28823,2021/08/01 23:00:00+00,Mon 02 Aug 2021,14949,15852,413,3173073,2629158,220691,3393764,2849849,72.0711621614103,60.52039252421,6
-7.6926,53.28823,2021/08/02 23:00:00+00,Tue 03 Aug 2021,17264,25286,1094,3190337,2654444,221785,3412122,2876229,72.4610190857454,61.0806074530671,7
-7.6926,53.28823,2021/08/03 23:00:00+00,Wed 04 Aug 2021,22030,17125,1565,3212367,2671569,223350,3435717,2894919,72.9620907781785,61.4775148458018,8
-7.6926,53.28823,2021/08/04 23:00:00+00,Thu 05 Aug 2021,13448,29892,1415,3225815,2701461,224765,3450580,2926226,73.2777266571627,62.1423612740706,9
-7.6926,53.28823,2021/08/05 23:00:00+00,Fri 06 Aug 2021,12115,24612,936,3237930,2726073,225701,3463631,2951774,73.5548822688577,62.6849075592277,10
-7.6926,53.28823,2021/08/06 23:00:00+00,Sat 07 Aug 2021,6298,8342,572,3244228,2734415,226273,3470501,2960688,73.7007759974873,62.8742083884859,11
-7.6926,53.28823,2021/08/07 23:00:00+00,Sun 08 Aug 2021,8580,11883,150,3252808,2746298,226423,3479231,2972721,73.886169338235,63.129745395269,12
-7.6926,53.28823,2021/08/08 23:00:00+00,Mon 09 Aug 2021,5489,22882,592,3258297,2769180,227015,3485312,2996195,74.0153075862403,63.6282474892794,13
-7.6926,53.28823,2021/08/09 23:00:00+00,Tue 10 Aug 2021,9269,25848,698,3267566,2795028,227713,3495279,3022741,74.2269702926815,64.1919876523363,14
-7.6926,53.28823,2021/08/10 23:00:00+00,Wed 11 Aug 2021,6946,31066,645,3274512,2826094,228358,3502870,3054452,74.3881754300945,64.865413566248,15
-7.6926,53.28823,2021/08/11 23:00:00+00,Thu 12 Aug 2021,6695,38163,854,3281207,2864257,229212,3510419,3093469,74.5484886407822,65.6939922576513,16
-7.6926,53.28823,2021/08/12 23:00:00+00,Fri 13 Aug 2021,10853,28113,852,3292060,2892370,230064,3522124,3122434,74.7970601245682,66.3091031528123,17
-7.6926,53.28823,2021/08/13 23:00:00+00,Sat 14 Aug 2021,18080,5752,272,3310140,2898122,230336,3540476,3128458,75.1867896307997,66.4370309288334,18
-7.6926,53.28823,2021/08/14 23:00:00+00,Sun 15 Aug 2021,16968,3668,43,3327108,2901790,230379,3557487,3132169,75.5480411908751,66.5158390259141,19
-7.6926,53.28823,2021/08/15 23:00:00+00,Mon 16 Aug 2021,10138,23022,374,3337246,2924812,230753,3567999,3155565,75.7712777083939,67.0126846845776,20
-7.6926,53.28823,2021/08/16 23:00:00+00,Tue 17 Aug 2021,12839,26760,522,3350085,2951572,231275,3581360,3182847,76.0550165887753,67.5920548016769,21
-7.6926,53.28823,2021/08/17 23:00:00+00,Wed 18 Aug 2021,15178,25656,650,3365263,2977228,231925,3597188,3209153,76.3911455460896,68.1506982405896,22
-7.6926,53.28823,2021/08/18 23:00:00+00,Thu 19 Aug 2021,11325,25586,536,3376588,3002814,232461,3609049,3235275,76.6430299005693,68.7054341909917,23
-7.6926,53.28823,2021/08/19 23:00:00+00,Fri 20 Aug 2021,14795,22127,677,3391383,3024941,233138,3624521,3258079,76.9715987170696,69.1897079300993,24
-7.6926,53.28823,2021/08/20 23:00:00+00,Sat 21 Aug 2021,11831,7894,237,3403214,3032835,233375,3636589,3266210,77.2278789961237,69.3623806968369,25
-7.6926,53.28823,2021/08/21 23:00:00+00,Sun 22 Aug 2021,7991,12204,159,3411205,3045039,233534,3644739,3278573,77.4009552535227,69.6249256993183,26
-7.6926,53.28823,2021/08/22 23:00:00+00,Mon 23 Aug 2021,10831,15264,280,3422036,3060303,233814,3655850,3294117,77.6369123450516,69.9550235330619,27
-7.6926,53.28823,2021/08/23 23:00:00+00,Tue 24 Aug 2021,9715,22821,382,3431751,3083124,234196,3665947,3317320,77.851335777071,70.4477705760594,28
-7.6926,53.28823,2021/08/24 23:00:00+00,Wed 25 Aug 2021,9382,19406,308,3441133,3102530,234504,3675637,3337034,78.0571160143957,70.8664239918096,29
-7.6926,53.28823,2021/08/25 23:00:00+00,Thu 26 Aug 2021,8539,19338,363,3449672,3121868,234867,3684539,3356735,78.2461620074467,71.2848013350019,30
-7.6926,53.28823,2021/08/26 23:00:00+00,Fri 27 Aug 2021,9681,19111,429,3459353,3140979,235296,3694649,3376275,78.4608615120239,71.6997596257475,31
-7.6926,53.28823,2021/08/27 23:00:00+00,Sat 28 Aug 2021,9898,7846,151,3469251,3148825,235447,3704698,3384272,78.6742655992144,71.8695867215046,32
-7.6926,53.28823,2021/08/28 23:00:00+00,Sun 29 Aug 2021,8786,9153,27,3478037,3157978,235474,3713511,3393452,78.861421557062,72.0645364200227,33
-7.6926,53.28823,2021/08/29 23:00:00+00,Mon 30 Aug 2021,5035,11035,80,3483072,3169013,235554,3718626,3404567,78.9700454903866,72.300578456954,34
-7.6926,53.28823,2021/08/30 23:00:00+00,Tue 31 Aug 2021,4037,12784,140,3487109,3181797,235694,3722803,3417491,79.0587497268474,72.5750370521227,35
-7.6926,53.28823,2021/08/31 23:00:00+00,Wed 01 Sep 2021,4921,12453,178,3492030,3194250,235872,3727902,3430122,79.1670338785625,72.8432733965653,36
-7.6926,53.28823,2021/09/01 23:00:00+00,Thu 02 Sep 2021,4984,12294,244,3497014,3206544,236116,3733130,3442660,79.2780575195051,73.1095347604019,37
-7.6926,53.28823,2021/09/02 23:00:00+00,Fri 03 Sep 2021,4743,15980,163,3501757,3222524,236279,3738036,3458803,79.3822430555541,73.4523531681556,38
-7.6926,53.28823,2021/09/03 23:00:00+00,Sat 04 Sep 2021,4609,10535,131,3506366,3233059,236410,3742776,3469469,79.4829033574033,73.678860083667,39
-7.6926,53.28823,2021/09/04 23:00:00+00,Sun 05 Sep 2021,5300,11866,1,3511666,3244925,236411,3748077,3481336,79.5954772519398,73.9308718562503,40
-7.6926,53.28823,2021/09/05 23:00:00+00,Mon 06 Sep 2021,2131,9627,73,3513797,3254552,236484,3750281,3491036,79.6422821686646,74.136864457081,41
-7.6926,53.28823,2021/09/06 23:00:00+00,Tue 07 Sep 2021,3019,9938,153,3516816,3264490,236637,3753453,3501127,79.7096438727713,74.3511604709968,42
-7.6926,53.28823,2021/09/07 23:00:00+00,Wed 08 Sep 2021,2583,14741,184,3519399,3279231,236821,3756220,3516052,79.7684048548846,74.6681130037183,43
-7.6926,53.28823,2021/09/08 23:00:00+00,Thu 09 Sep 2021,3094,14746,136,3522493,3293977,236957,3759450,3530934,79.8369982673262,74.9841523733639,44
-7.6926,53.28823,2021/09/09 23:00:00+00,Fri 10 Sep 2021,3359,13895,112,3525852,3307872,237069,3762921,3544941,79.9107096402626,75.2816099362336,45
-7.6926,53.28823,2021/09/10 23:00:00+00,Sat 11 Sep 2021,2544,11277,59,3528396,3319149,237128,3765524,3556277,79.9659878608773,75.5223452066477,46
-7.6926,53.28823,2021/09/11 23:00:00+00,Sun 12 Sep 2021,2027,12856,1,3530423,3332005,237129,3767552,3569134,80.0090551798963,75.7953809663261,47
-7.6926,53.28823,2021/09/12 23:00:00+00,Mon 13 Sep 2021,1591,7694,49,3532014,3339699,237178,3769192,3576877,80.0438827948821,75.9598140290305,48
-7.6926,53.28823,2020/12/28 00:00:00+00,Mon 28 Dec 2020,169,24,4,169,24,4,173,28,0.00367388865399126,0.000594617816830955,49
-7.6926,53.28823,2021/11/11 00:00:00+00,Thu 11 Nov 2021,1400,1081,1,3618620,3551428,238833,3857453,3790261,81.9182243352863,80.4913114656968,50
-7.6926,53.28823,2021/09/13 23:00:00+00,Tue 14 Sep 2021,1529,10731,81,3533543,3350430,237259,3770802,3587689,80.0780733193499,76.1894214517297,51
-7.6926,53.28823,2021/09/14 23:00:00+00,Wed 15 Sep 2021,3261,12362,134,3536804,3362792,237393,3774197,3600185,80.1501707296407,76.4547908888411,52
-7.6926,53.28823,2021/09/15 23:00:00+00,Thu 16 Sep 2021,1892,10556,111,3538696,3373348,237504,3776200,3610852,80.1927071398947,76.6813190407031,53
-7.6926,53.28823,2021/09/16 23:00:00+00,Fri 17 Sep 2021,2550,14570,90,3541246,3387918,237594,3778840,3625512,80.2487711054816,76.9926439405153,54
-7.6926,53.28823,2021/09/17 23:00:00+00,Sat 18 Sep 2021,2276,11201,43,3543522,3399119,237637,3781159,3636756,80.2980182025256,77.2314254666741,55
-7.6926,53.28823,2021/09/18 23:00:00+00,Sun 19 Sep 2021,1856,8475,12,3545378,3407594,237649,3783027,3645243,80.3376877054484,77.4116583742257,56
-7.6926,53.28823,2021/09/19 23:00:00+00,Mon 20 Sep 2021,942,5583,32,3546320,3413177,237681,3784001,3650858,80.3583719109339,77.5309004828509,57
-7.6926,53.28823,2021/09/20 23:00:00+00,Tue 21 Sep 2021,1449,6630,90,3547769,3419807,237771,3785540,3657578,80.391054654509,77.6736087588903,58
-7.6926,53.28823,2021/09/21 23:00:00+00,Wed 22 Sep 2021,1887,8103,96,3549656,3427910,237867,3787523,3665777,80.433166337751,77.8477255974688,59
-7.6926,53.28823,2021/09/22 23:00:00+00,Thu 23 Sep 2021,1686,8728,87,3551342,3436638,237954,3789296,3674592,80.4708183873667,78.0349240280175,60
-7.6926,53.28823,2021/09/23 23:00:00+00,Fri 24 Sep 2021,1904,7352,79,3553246,3443990,238033,3791279,3682023,80.5129300706087,78.1927313493344,61
-7.6926,53.28823,2021/09/24 23:00:00+00,Sat 25 Sep 2021,2404,6564,51,3555650,3450554,238084,3793734,3688638,80.5650653113345,78.3332098085607,62
-7.6926,53.28823,2021/09/25 23:00:00+00,Sun 26 Sep 2021,1538,7085,0,3557188,3457639,238084,3795272,3695723,80.597726818559,78.4836693525695,63
-7.6926,53.28823,2021/09/26 23:00:00+00,Mon 27 Sep 2021,1165,3766,45,3558353,3461405,238129,3796482,3699534,80.6234228027863,78.5646010847103,64
-7.6926,53.28823,2021/09/27 23:00:00+00,Tue 28 Sep 2021,1437,5091,91,3559790,3466496,238220,3798010,3704716,80.6558719465048,78.6746478535252,65
-7.6926,53.28823,2021/09/28 23:00:00+00,Wed 29 Sep 2021,1641,3576,76,3561431,3470072,238296,3799727,3708368,80.6923347604869,78.7522030059205,66
-7.6926,53.28823,2021/09/29 23:00:00+00,Thu 30 Sep 2021,1275,3924,77,3562706,3473996,238373,3801079,3712369,80.7210463064996,78.8371696446755,67
-7.6926,53.28823,2021/09/30 23:00:00+00,Fri 01 Oct 2021,1835,5137,41,3564541,3479133,238414,3802955,3717547,80.7608857002272,78.947131468088,68
-7.6926,53.28823,2021/10/01 23:00:00+00,Sat 02 Oct 2021,1704,4060,39,3566245,3483193,238453,3804698,3721646,80.797900659325,79.034179269202,69
-7.6926,53.28823,2021/10/02 23:00:00+00,Sun 03 Oct 2021,1201,2999,9,3567446,3486192,238462,3805908,3724654,80.8235966435523,79.0980582118101,70
-7.6926,53.28823,2021/10/03 23:00:00+00,Mon 04 Oct 2021,333,1199,17,3567779,3487391,238479,3806258,3725870,80.8310293662627,79.123881614141,71
-7.6926,53.28823,2021/10/04 23:00:00+00,Tue 05 Oct 2021,959,2785,69,3568738,3490176,238548,3807286,3728724,80.8528603346806,79.1844901587566,72
-7.6926,53.28823,2021/10/05 23:00:00+00,Wed 06 Oct 2021,973,2523,35,3569711,3492699,238583,3808294,3731282,80.8742665760866,79.2388127435942,73
-7.6926,53.28823,2021/10/06 23:00:00+00,Thu 07 Oct 2021,1208,2662,44,3570919,3495361,238627,3809546,3733988,80.9008544870391,79.2962783083208,74
-7.6926,53.28823,2021/10/07 23:00:00+00,Fri 08 Oct 2021,977,2741,45,3571896,3498102,238672,3810568,3736774,80.9225580373535,79.3554427810955,75
-7.6926,53.28823,2021/10/08 23:00:00+00,Sat 09 Oct 2021,727,2342,20,3572623,3500444,238692,3811315,3739136,80.9384215912525,79.4056030412153,76
-7.6926,53.28823,2021/10/09 23:00:00+00,Sun 10 Oct 2021,1519,3902,0,3574142,3504346,238692,3812834,3743038,80.9706796078156,79.4884672812608,77
-7.6926,53.28823,2021/10/10 23:00:00+00,Mon 11 Oct 2021,330,1089,15,3574472,3505435,238707,3813179,3744142,80.9780061487729,79.5119122123244,78
-7.6926,53.28823,2021/10/11 23:00:00+00,Tue 12 Oct 2021,561,1577,20,3575033,3507012,238727,3813760,3745739,80.9903444684722,79.5458266642344,79
-7.6926,53.28823,2021/10/12 23:00:00+00,Wed 13 Oct 2021,1029,2010,9,3576062,3509022,238736,3814798,3747758,81.0123878003961,79.588702856098,80
-7.6926,53.28823,2021/10/13 23:00:00+00,Thu 14 Oct 2021,697,1548,7,3576759,3510570,238743,3815502,3749313,81.0273381912193,79.6217253812827,81
-7.6926,53.28823,2021/10/14 23:00:00+00,Fri 15 Oct 2021,952,2032,7,3577711,3512602,238750,3816461,3751352,81.0477038514458,79.6650263001584,82
-7.6926,53.28823,2021/10/15 23:00:00+00,Sat 16 Oct 2021,1371,2607,12,3579082,3515209,238762,3817844,3753971,81.0770737243271,79.7206443023827,83
-7.6926,53.28823,2021/10/16 23:00:00+00,Sun 17 Oct 2021,1707,2882,2,3580789,3518091,238764,3819553,3756855,81.1133666475044,79.7818899375163,84
-7.6926,53.28823,2021/10/17 23:00:00+00,Mon 18 Oct 2021,666,1198,4,3581455,3519289,238768,3820223,3758057,81.1275950024071,79.8074160309388,85
-7.6926,53.28823,2021/10/18 23:00:00+00,Tue 19 Oct 2021,1330,1746,12,3582785,3521035,238780,3821565,3759815,81.1560941849138,79.8447495352956,86
-7.6926,53.28823,2021/10/19 23:00:00+00,Wed 20 Oct 2021,2244,2279,0,3585029,3523314,238780,3823809,3762094,81.2037485556627,79.8931471783155,87
-7.6926,53.28823,2021/10/20 23:00:00+00,Thu 21 Oct 2021,1748,1788,10,3586777,3525102,238790,3825567,3763892,81.2410820600194,79.9313301366963,88
-7.6926,53.28823,2021/10/21 23:00:00+00,Fri 22 Oct 2021,1491,1891,1,3588268,3526993,238791,3827059,3765784,81.2727666951163,79.9715093120336,89
-7.6926,53.28823,2021/10/22 23:00:00+00,Sat 23 Oct 2021,2007,1671,0,3590275,3528664,238791,3829066,3767455,81.3153880507727,80.006995253888,90
-7.6926,53.28823,2021/10/23 23:00:00+00,Sun 24 Oct 2021,1943,2174,2,3592218,3530838,238793,3831011,3769631,81.3566927526919,80.053205552796,91
-7.6926,53.28823,2021/10/24 23:00:00+00,Mon 25 Oct 2021,1215,816,1,3593433,3531654,238794,3832227,3770448,81.3825161550228,80.0705556512371,92
-7.6926,53.28823,2021/10/25 23:00:00+00,Tue 26 Oct 2021,1236,1183,6,3594669,3532837,238800,3833469,3771637,81.4088917024694,80.0958056721018,93
-7.6926,53.28823,2021/10/26 23:00:00+00,Wed 27 Oct 2021,1549,1390,5,3596218,3534227,238805,3835023,3773032,81.4418929913035,80.1254303811904,94
-7.6926,53.28823,2021/10/27 23:00:00+00,Thu 28 Oct 2021,2141,1658,2,3598359,3535885,238807,3837166,3774692,81.4874024906417,80.1606827231882,95
-7.6926,53.28823,2021/10/28 23:00:00+00,Fri 29 Oct 2021,2131,1331,0,3600490,3537216,238807,3839297,3776023,81.5326571537726,80.1889483058383,96
-7.6926,53.28823,2021/10/29 23:00:00+00,Sat 30 Oct 2021,2003,1430,0,3602493,3538646,238807,3841300,3777453,81.5751935640266,80.2193162871979,97
-7.6926,53.28823,2021/10/30 23:00:00+00,Sun 31 Oct 2021,1624,1311,0,3604117,3539957,238807,3842924,3778764,81.6096813974028,80.2471571428359,98
-7.6926,53.28823,2021/11/01 00:00:00+00,Mon 01 Nov 2021,258,257,2,3604375,3540214,238809,3843184,3779023,81.6152028485591,80.2526573576416,99
-7.6926,53.28823,2021/11/02 00:00:00+00,Tue 02 Nov 2021,1086,1066,9,3605461,3541280,238818,3844279,3780098,81.6384566524673,80.2754864345378,100
-7.6926,53.28823,2021/11/03 00:00:00+00,Wed 03 Nov 2021,2535,1825,5,3607996,3543105,238823,3846819,3781928,81.6923969829941,80.3143489561378,101
-7.6926,53.28823,2021/11/04 00:00:00+00,Thu 04 Nov 2021,1542,1246,1,3609538,3544351,238824,3848362,3783175,81.7251646719717,80.3408306853374,102
-7.6926,53.28823,2021/11/05 00:00:00+00,Fri 05 Nov 2021,1628,1052,1,3611166,3545403,238825,3849991,3784228,81.7597586871008,80.3631925625204,103
-7.6926,53.28823,2021/11/06 00:00:00+00,Sat 06 Nov 2021,1820,1336,5,3612986,3546739,238830,3851816,3785569,81.7985150269479,80.3916705086764,104
-7.6926,53.28823,2021/11/07 00:00:00+00,Sun 07 Nov 2021,725,765,0,3613711,3547504,238830,3852541,3786334,81.8139113811337,80.4079163168863,105
-7.6926,53.28823,2021/11/08 00:00:00+00,Mon 08 Nov 2021,508,508,1,3614219,3548012,238831,3853050,3786843,81.8247206835896,80.4187256193422,106
-7.6926,53.28823,2021/11/09 00:00:00+00,Tue 09 Nov 2021,1375,1023,1,3615594,3549035,238832,3854426,3787867,81.8539419020168,80.4404716423578,107
-7.6926,53.28823,2021/11/10 00:00:00+00,Wed 10 Nov 2021,1626,1312,0,3617220,3550347,238832,3856052,3789179,81.8884722080942,80.4683337343464,108
-7.6926,53.28823,2020/12/29 00:00:00+00,Tue 29 Dec 2020,72,1,0,241,25,4,245,29,0.00520290589727085,0.00061585416743206,109
-7.6926,53.28823,2020/12/30 00:00:00+00,Wed 30 Dec 2020,1052,0,0,1293,25,4,1297,29,0.0275435467296339,0.00061585416743206,110
-7.6926,53.28823,2020/12/31 00:00:00+00,Thu 31 Dec 2020,1026,1,0,2319,26,4,2323,30,0.0493320424463681,0.000637090518033166,111
-7.6926,53.28823,2021/01/01 00:00:00+00,Fri 01 Jan 2021,806,0,0,3125,26,4,3129,30,0.0664485410308592,0.000637090518033166,112
-7.6926,53.28823,2021/01/02 00:00:00+00,Sat 02 Jan 2021,1015,0,0,4140,26,4,4144,30,0.0880034368909813,0.000637090518033166,113
-7.6926,53.28823,2021/01/03 00:00:00+00,Sun 03 Jan 2021,18,2,0,4158,28,4,4162,32,0.0883856912018012,0.000679563219235377,114
-7.6926,53.28823,2021/01/04 00:00:00+00,Mon 04 Jan 2021,1185,3,0,5343,31,4,5347,35,0.113550766664111,0.000743272271038693,115
-7.6926,53.28823,2021/01/05 00:00:00+00,Tue 05 Jan 2021,3511,5,0,8854,36,4,8858,40,0.188111593624593,0.000849454024044221,116
-7.6926,53.28823,2021/01/06 00:00:00+00,Wed 06 Jan 2021,6762,6,0,15616,42,4,15620,46,0.331711796389268,0.000976872127650854,117
-7.6926,53.28823,2021/01/07 00:00:00+00,Thu 07 Jan 2021,11711,6,0,27327,48,4,27331,52,0.580410698278815,0.00110429023125749,118
-7.6926,53.28823,2021/01/08 00:00:00+00,Fri 08 Jan 2021,12666,5,0,39993,53,4,39997,57,0.849390314992418,0.00121047198426301,119
-7.6926,53.28823,2021/01/09 00:00:00+00,Sat 09 Jan 2021,8068,3,0,48061,56,4,48065,60,1.02072519164214,0.00127418103606633,120
-7.6926,53.28823,2021/01/10 00:00:00+00,Sun 10 Jan 2021,4762,3,1,52823,59,5,52828,64,1.1218739295552,0.00135912643847075,121
-7.6926,53.28823,2021/01/11 00:00:00+00,Mon 11 Jan 2021,8328,6,0,61151,65,5,61156,70,1.29873025736121,0.00148654454207739,122
-7.6926,53.28823,2021/01/12 00:00:00+00,Tue 12 Jan 2021,8862,7,0,70013,72,5,70018,77,1.48692679638821,0.00163519899628512,123
-7.6926,53.28823,2021/01/13 00:00:00+00,Wed 13 Jan 2021,9865,5,0,79878,77,5,79883,82,1.69642339506811,0.00174138074929065,124
-7.6926,53.28823,2021/01/14 00:00:00+00,Thu 14 Jan 2021,8059,4,0,87937,81,5,87942,86,1.86756714456242,0.00182632615169507,125
-7.6926,53.28823,2021/01/15 00:00:00+00,Fri 15 Jan 2021,7665,2,0,95602,83,5,95607,88,2.0303437719199,0.00186879885289729,126
-7.6926,53.28823,2021/01/16 00:00:00+00,Sat 16 Jan 2021,5212,2,0,100814,85,5,100819,90,2.14102763125286,0.0019112715540995,127
-7.6926,53.28823,2021/01/17 00:00:00+00,Sun 17 Jan 2021,1106,4,0,101920,89,5,101925,94,2.16451503501768,0.00199621695650392,128
-7.6926,53.28823,2021/01/18 00:00:00+00,Mon 18 Jan 2021,8686,6,0,110606,95,5,110611,100,2.34897397633888,0.00212363506011055,129
-7.6926,53.28823,2021/01/19 00:00:00+00,Tue 19 Jan 2021,8363,18,0,118969,113,5,118974,118,2.52657357641593,0.00250588937093045,130
-7.6926,53.28823,2021/01/20 00:00:00+00,Wed 20 Jan 2021,8430,957,0,127399,1070,5,127404,1075,2.70559601198325,0.0228290768961884,131
-7.6926,53.28823,2021/01/21 00:00:00+00,Thu 21 Jan 2021,8970,957,0,136369,2027,5,136374,2032,2.89608607687516,0.0431522644214464,132
-7.6926,53.28823,2021/01/22 00:00:00+00,Fri 22 Jan 2021,6749,965,0,143118,2992,5,143123,2997,3.03941020708203,0.0636453427515132,133
-7.6926,53.28823,2021/01/23 00:00:00+00,Sat 23 Jan 2021,4169,459,0,147287,3451,5,147292,3456,3.12794455273803,0.0733928276774207,134
-7.6926,53.28823,2021/01/24 00:00:00+00,Sun 24 Jan 2021,1174,397,0,148461,3848,5,148466,3853,3.15287602834373,0.0818236588660596,135
-7.6926,53.28823,2021/01/25 00:00:00+00,Mon 25 Jan 2021,1342,1283,0,149803,5131,5,149808,5136,3.18137521085042,0.109069896687278,136
-7.6926,53.28823,2021/01/26 00:00:00+00,Tue 26 Jan 2021,992,3494,0,150795,8625,5,150800,8630,3.20244167064671,0.183269705687541,137
-7.6926,53.28823,2021/01/27 00:00:00+00,Wed 27 Jan 2021,2151,6698,0,152946,15323,5,152951,15328,3.24812106078969,0.325510782013745,138
-7.6926,53.28823,2021/01/28 00:00:00+00,Thu 28 Jan 2021,969,11534,0,153915,26857,5,153920,26862,3.26869908452216,0.570450849846897,139
-7.6926,53.28823,2021/01/29 00:00:00+00,Fri 29 Jan 2021,1550,11523,0,155465,38380,5,155470,38385,3.30161542795388,0.815157317823435,140
-7.6926,53.28823,2021/01/30 00:00:00+00,Sat 30 Jan 2021,610,7793,0,156075,46173,5,156080,46178,3.31456960182055,0.980652198057851,141
-7.6926,53.28823,2021/01/31 00:00:00+00,Sun 31 Jan 2021,209,4083,0,156284,50256,5,156289,50261,3.31900799909618,1.06736021756216,142
-7.6926,53.28823,2021/02/01 00:00:00+00,Mon 01 Feb 2021,996,8335,0,157280,58591,5,157285,58596,3.34015940429488,1.24436519982238,143
-7.6926,53.28823,2021/02/02 00:00:00+00,Tue 02 Feb 2021,815,5102,0,158095,63693,5,158100,63698,3.35746703003478,1.35271306058922,144
-7.6926,53.28823,2021/02/03 00:00:00+00,Wed 03 Feb 2021,1379,6860,0,159474,70553,5,159479,70558,3.38675195751371,1.4983944257128,145
-7.6926,53.28823,2021/02/04 00:00:00+00,Thu 04 Feb 2021,1409,10532,1,160883,81085,6,160889,81091,3.41669521186127,1.72207690659425,146
-7.6926,53.28823,2021/02/05 00:00:00+00,Fri 05 Feb 2021,3364,8605,0,164247,89690,6,164253,89696,3.48813429528339,1.90481570351676,147
-7.6926,53.28823,2021/02/06 00:00:00+00,Sat 06 Feb 2021,884,3863,0,165131,93553,6,165137,93559,3.50690722921476,1.98685172588883,148
-7.6926,53.28823,2021/02/07 00:00:00+00,Sun 07 Feb 2021,316,1295,1,165447,94848,7,165454,94855,3.51363915235531,2.01437403626786,149
-7.6926,53.28823,2021/02/08 00:00:00+00,Mon 08 Feb 2021,1146,871,0,166593,95719,7,166600,95726,3.53797601014418,2.03287089764143,150
-7.6926,53.28823,2021/02/09 00:00:00+00,Tue 09 Feb 2021,4218,533,1,170811,96252,8,170819,96260,3.62757217333024,2.04421110886242,151
-7.6926,53.28823,2021/02/10 00:00:00+00,Wed 10 Feb 2021,8798,578,0,179609,96830,8,179617,96838,3.81440958591877,2.05648571950986,152
-7.6926,53.28823,2021/02/11 00:00:00+00,Thu 11 Feb 2021,6158,437,0,185767,97267,8,185775,97275,3.94518303292038,2.06576600472254,153
-7.6926,53.28823,2021/02/12 00:00:00+00,Fri 12 Feb 2021,4369,519,0,190136,97786,8,190144,97794,4.03796464869661,2.07678767068451,154
-7.6926,53.28823,2021/02/13 00:00:00+00,Sat 13 Feb 2021,1197,1910,0,191333,99696,8,191341,99704,4.06338456036613,2.11734910033262,155
-7.6926,53.28823,2021/02/14 00:00:00+00,Sun 14 Feb 2021,2684,23,0,194017,99719,8,194025,99727,4.1203829253795,2.11783753639645,156
-7.6926,53.28823,2021/02/15 00:00:00+00,Mon 15 Feb 2021,1944,7874,0,195961,107593,8,195969,107601,4.16166639094805,2.28505256102956,157
-7.6926,53.28823,2021/02/16 00:00:00+00,Tue 16 Feb 2021,5619,8155,0,201580,115748,8,201588,115756,4.28099344497566,2.45823500018157,158
-7.6926,53.28823,2021/02/17 00:00:00+00,Wed 17 Feb 2021,9711,8460,0,211291,124208,8,211299,124216,4.487219645663,2.63789452626692,159
-7.6926,53.28823,2021/02/18 00:00:00+00,Thu 18 Feb 2021,8445,8341,0,219736,132549,8,219744,132557,4.66656062648933,2.81502692663074,160
-7.6926,53.28823,2021/02/19 00:00:00+00,Fri 19 Feb 2021,9368,6576,0,229104,139125,8,229112,139133,4.86550275892049,2.95467716818361,161
-7.6926,53.28823,2021/02/20 00:00:00+00,Sat 20 Feb 2021,5872,3565,2,234976,142690,10,234986,142700,4.99024508235138,3.03042723077776,162
-7.6926,53.28823,2021/02/21 00:00:00+00,Sun 21 Feb 2021,1099,1019,4,236075,143709,14,236089,143723,5.0136687770644,3.05215201744269,163
-7.6926,53.28823,2021/02/22 00:00:00+00,Mon 22 Feb 2021,3926,1110,1,240001,144819,15,240016,144834,5.09706392587494,3.07574560296052,164
-7.6926,53.28823,2021/02/23 00:00:00+00,Tue 23 Feb 2021,13341,1058,0,253342,145877,15,253357,145892,5.38037807924429,3.09821366189649,165
-7.6926,53.28823,2021/02/24 00:00:00+00,Wed 24 Feb 2021,16914,2090,2,270256,147967,17,270273,147984,5.73961218601259,3.142640107354,166
-7.6926,53.28823,2021/02/25 00:00:00+00,Thu 25 Feb 2021,18055,1746,2,288311,149713,19,288330,149732,6.12307696881676,3.17976124820473,167
-7.6926,53.28823,2021/02/26 00:00:00+00,Fri 26 Feb 2021,16061,2755,0,304372,152468,19,304391,152487,6.46415399582111,3.23826739411078,168
-7.6926,53.28823,2021/02/27 00:00:00+00,Sat 27 Feb 2021,8971,700,1,313343,153168,20,313363,153188,6.65468653341423,3.25315407588215,169
-7.6926,53.28823,2021/02/28 00:00:00+00,Sun 28 Feb 2021,2428,48,1,315771,153216,21,315792,153237,6.70626962902432,3.25419465706161,170
-7.6926,53.28823,2021/03/01 00:00:00+00,Mon 01 Mar 2021,5564,781,0,321335,153997,21,321356,154018,6.82442868376887,3.27078024688107,171
-7.6926,53.28823,2021/03/02 00:00:00+00,Tue 02 Mar 2021,12156,1600,0,333491,155597,21,333512,155618,7.08257776167591,3.30475840784284,172
-7.6926,53.28823,2021/03/03 00:00:00+00,Wed 03 Mar 2021,12859,1495,1,346350,157092,22,346372,157114,7.35567723040612,3.33652798834209,173
-7.6926,53.28823,2021/03/04 00:00:00+00,Thu 04 Mar 2021,18706,1679,3,365056,158771,25,365081,158796,7.7529881138022,3.37224753005315,174
-7.6926,53.28823,2021/11/12 00:00:00+00,Fri 12 Nov 2021,1157,1096,5,3619777,3552524,238838,3858615,3791362,81.9429009746848,80.5146926877086,175
-7.6926,53.28823,2021/03/05 00:00:00+00,Fri 05 Mar 2021,18407,2387,6,383463,161158,31,383494,161189,8.14401303742036,3.4230661170416,176
-7.6926,53.28823,2021/03/06 00:00:00+00,Sat 06 Mar 2021,10421,131,3,393884,161289,34,393918,161323,8.36538075608629,3.42591178802215,177
-7.6926,53.28823,2021/03/07 00:00:00+00,Sun 07 Mar 2021,1502,9,1,395386,161298,35,395421,161333,8.39729899103975,3.42612415152816,178
-7.6926,53.28823,2021/03/08 00:00:00+00,Mon 08 Mar 2021,6635,1488,3,402021,162786,38,402059,162824,8.53826588632989,3.45778755027441,179
-7.6926,53.28823,2021/03/09 00:00:00+00,Tue 09 Mar 2021,13790,3088,2,415811,165874,40,415851,165914,8.83115763382033,3.52340787363182,180
-7.6926,53.28823,2021/03/10 00:00:00+00,Wed 10 Mar 2021,13686,3969,3,429497,169843,43,429540,169886,9.12186203719887,3.60775865821941,181
-7.6926,53.28823,2021/03/11 00:00:00+00,Thu 11 Mar 2021,18428,2092,2,447925,171935,45,447970,171980,9.51324797877724,3.65222757637813,182
-7.6926,53.28823,2021/03/12 00:00:00+00,Fri 12 Mar 2021,17291,1327,3,465216,173262,48,465264,173310,9.88050942607276,3.6804719226776,183
-7.6926,53.28823,2021/03/13 00:00:00+00,Sat 13 Mar 2021,8257,166,0,473473,173428,48,473521,173476,10.0558579729861,3.68399715687738,184
-7.6926,53.28823,2021/03/14 00:00:00+00,Sun 14 Mar 2021,364,15,1,473837,173443,49,473886,173492,10.0636092409555,3.684336938487,185
-7.6926,53.28823,2021/03/15 00:00:00+00,Mon 15 Mar 2021,2608,983,0,476445,174426,49,476494,174475,10.1189936433232,3.70521227112789,186
-7.6926,53.28823,2021/03/16 00:00:00+00,Tue 16 Mar 2021,8913,3807,2,485358,178233,51,485409,178284,10.308315708932,3.7861015305675,187
-7.6926,53.28823,2021/03/17 00:00:00+00,Wed 17 Mar 2021,4856,2402,6,490214,180635,57,490271,180692,10.4115668455546,3.83723866281496,188
-7.6926,53.28823,2021/03/18 00:00:00+00,Thu 18 Mar 2021,11683,4672,2,501897,185307,59,501956,185366,10.6597136023285,3.93649736552453,189
-7.6926,53.28823,2021/03/19 00:00:00+00,Fri 19 Mar 2021,10311,6107,2,512208,191414,61,512269,191475,10.8787240860777,4.06623023134668,190
-7.6926,53.28823,2021/03/20 00:00:00+00,Sat 20 Mar 2021,5204,3109,2,517412,194523,63,517475,194586,10.9892805273071,4.13229651806672,191
-7.6926,53.28823,2021/03/21 00:00:00+00,Sun 21 Mar 2021,3608,47,3,521020,194570,66,521086,194636,11.0659649893277,4.13335833559677,192
-7.6926,53.28823,2021/03/22 00:00:00+00,Mon 22 Mar 2021,7359,2390,1,528379,196960,67,528446,197027,11.2222645297518,4.18413444988402,193
-7.6926,53.28823,2021/03/23 00:00:00+00,Tue 23 Mar 2021,12528,7371,3,540907,204331,70,540977,204401,11.4883772391343,4.34073129921657,194
-7.6926,53.28823,2021/03/24 00:00:00+00,Wed 24 Mar 2021,13572,9764,1,554479,214095,71,554550,214166,11.7766182258431,4.54810426283637,195
-7.6926,53.28823,2021/03/25 00:00:00+00,Thu 25 Mar 2021,20811,10202,2,575290,224297,73,575363,224370,12.2186103909039,4.76479998437005,196
-7.6926,53.28823,2021/03/26 00:00:00+00,Fri 26 Mar 2021,19661,9475,1,594951,233772,74,595025,233846,12.6361595164228,4.96603564266612,197
-7.6926,53.28823,2021/03/27 00:00:00+00,Sat 27 Mar 2021,11700,5325,0,606651,239097,74,606725,239171,12.8846248184557,5.07911920961701,198
-7.6926,53.28823,2021/03/28 00:00:00+00,Sun 28 Mar 2021,2462,477,0,609113,239574,74,609187,239648,12.9369087136357,5.08924894885374,199
-7.6926,53.28823,2021/03/28 23:00:00+00,Mon 29 Mar 2021,9217,3099,3,618330,242673,77,618407,242750,13.1327078661779,5.15512410841837,200
-7.6926,53.28823,2021/03/29 23:00:00+00,Tue 30 Mar 2021,13282,8652,3,631612,251325,80,631692,251405,13.4148327839135,5.33892472287093,201
-7.6926,53.28823,2021/03/30 23:00:00+00,Wed 31 Mar 2021,15761,10484,3,647373,261809,83,647456,261892,13.7496026147894,5.56163033162473,202
-7.6926,53.28823,2021/03/31 23:00:00+00,Thu 01 Apr 2021,19633,11603,6,667006,273412,89,667095,273501,14.1666633042445,5.80816312575296,203
-7.6926,53.28823,2021/04/01 23:00:00+00,Fri 02 Apr 2021,20089,13705,5,687095,287117,94,687189,287211,14.5933865332231,6.09931349249412,204
-7.6926,53.28823,2021/04/02 23:00:00+00,Sat 03 Apr 2021,7506,4628,5,694601,291745,99,694700,291844,14.752892762588,6.19770150482904,205
-7.6926,53.28823,2021/04/03 23:00:00+00,Sun 04 Apr 2021,2994,165,1,697595,291910,100,697695,292010,14.8164956326383,6.20122673902882,206
-7.6926,53.28823,2021/04/04 23:00:00+00,Mon 05 Apr 2021,3390,590,3,700985,292500,103,701088,292603,14.8885505702279,6.21381989493528,207
-7.6926,53.28823,2021/04/05 23:00:00+00,Tue 06 Apr 2021,11922,8142,6,712907,300642,109,713016,300751,15.1418577601979,6.38685367963309,208
-7.6926,53.28823,2021/04/06 23:00:00+00,Wed 07 Apr 2021,18297,10441,4,731204,311083,113,731317,311196,15.5305042125487,6.60866736166163,209
-7.6926,53.28823,2021/04/07 23:00:00+00,Thu 08 Apr 2021,20121,10540,13,751325,321623,126,751451,321749,15.9580768955513,6.8327745695551,210
-7.6926,53.28823,2021/04/08 23:00:00+00,Fri 09 Apr 2021,20652,9135,15,771977,330758,141,772118,330899,16.3969685534244,7.02708717755522,211
-7.6926,53.28823,2021/04/09 23:00:00+00,Sat 10 Apr 2021,11124,4144,12,783101,334902,153,783254,335055,16.6334565537183,7.11534545065341,212
-7.6926,53.28823,2021/04/10 23:00:00+00,Sun 11 Apr 2021,2823,342,3,785924,335244,156,786080,335400,16.693470480517,7.12267199161079,213
-7.6926,53.28823,2021/04/11 23:00:00+00,Mon 12 Apr 2021,7724,2770,7,793648,338014,163,793811,338177,16.8576487070142,7.18164533723006,214
-7.6926,53.28823,2021/04/12 23:00:00+00,Tue 13 Apr 2021,11455,8569,1,805103,346583,164,805267,346747,17.1009323395004,7.36364086188154,215
-7.6926,53.28823,2021/11/13 00:00:00+00,Sat 13 Nov 2021,1412,1352,0,3621189,3553876,238838,3860027,3792714,81.9728867017335,80.5434042337213,216
-7.6926,53.28823,2021/04/13 23:00:00+00,Wed 14 Apr 2021,20305,6563,2,825408,353146,166,825574,353312,17.5321789111571,7.50305750357779,217
-7.6926,53.28823,2021/11/14 00:00:00+00,Sun 14 Nov 2021,1650,1798,0,3622839,3555674,238838,3861677,3794512,82.0079266802254,80.5815871921021,218
-7.6926,53.28823,2021/04/14 23:00:00+00,Thu 15 Apr 2021,27072,10765,1,852480,363911,167,852647,364078,18.1071106309808,7.7316880541493,219
-7.6926,53.28823,2021/11/15 00:00:00+00,Mon 15 Nov 2021,1246,561,0,3624085,3556235,238838,3862923,3795073,82.0343871730743,80.5935007847893,220
-7.6926,53.28823,2021/04/15 23:00:00+00,Fri 16 Apr 2021,27920,9807,1,880400,373718,168,880568,373886,18.7000507761143,7.93997418084494,221
-7.6926,53.28823,2021/11/16 00:00:00+00,Tue 16 Nov 2021,1318,1045,4,3625403,3557280,238842,3864245,3796122,82.062461628569,80.6157777165699,222
-7.6926,53.28823,2021/04/16 23:00:00+00,Sat 17 Apr 2021,15812,4526,1,896212,378244,169,896381,378413,19.0358611881696,8.03611114001614,223
-7.6926,53.28823,2021/11/17 00:00:00+00,Wed 17 Nov 2021,1518,1079,0,3626921,3558359,238842,3865763,3797201,82.0946984087815,80.6386917388685,224
-7.6926,53.28823,2021/04/17 23:00:00+00,Sun 18 Apr 2021,1040,459,0,897252,378703,169,897421,378872,19.0579469927947,8.04585862494205,225
-7.6926,53.28823,2021/11/18 00:00:00+00,Thu 18 Nov 2021,1669,2459,5,3628590,3560818,238847,3867437,3799665,82.1302480596877,80.6910181067496,226
-7.6926,53.28823,2021/04/18 23:00:00+00,Mon 19 Apr 2021,6705,2225,0,903957,380928,169,904126,381097,19.2003367235751,8.09310950502951,227
-7.6926,53.28823,2021/11/19 00:00:00+00,Fri 19 Nov 2021,1185,1508,0,3629775,3562326,238847,3868622,3801173,82.15541313515,80.7230425234561,228
-7.6926,53.28823,2021/04/19 23:00:00+00,Tue 20 Apr 2021,15028,7271,1,918985,388199,170,919155,388369,19.5194978367591,8.24754024660075,229
-7.6926,53.28823,2021/11/20 00:00:00+00,Sat 20 Nov 2021,1539,2919,10,3631314,3565245,238857,3870171,3804102,82.1883082422312,80.7852437943667,230
-7.6926,53.28823,2021/04/20 23:00:00+00,Wed 21 Apr 2021,26646,9831,2,945631,398030,172,945803,398202,20.0854041075774,8.45635728206142,231
-7.6926,53.28823,2021/11/21 00:00:00+00,Sun 21 Nov 2021,1786,2752,0,3633100,3567997,238857,3871957,3806854,82.2262363644047,80.843686231221,232
-7.6926,53.28823,2021/04/21 23:00:00+00,Thu 22 Apr 2021,31571,12152,0,977202,410182,172,977374,410354,20.7558569324049,8.71442141456606,233
-7.6926,53.28823,2021/11/22 00:00:00+00,Mon 22 Nov 2021,712,485,2,3633812,3568482,238859,3872671,3807341,82.2413991187339,80.8540283339637,234
-7.6926,53.28823,2021/04/22 23:00:00+00,Fri 23 Apr 2021,33534,12342,1,1010736,422524,173,1010909,422697,21.468017949813,8.9765416900355,235
-7.6926,53.28823,2021/11/23 00:00:00+00,Tue 23 Nov 2021,2163,1553,4,3635975,3570035,238863,3874838,3808898,82.2874182904865,80.8870933318496,236
-7.6926,53.28823,2021/04/23 23:00:00+00,Sat 24 Apr 2021,23640,6973,0,1034376,429497,173,1034549,429670,21.9700452780231,9.12462276277701,237
-7.6926,53.28823,2021/11/24 00:00:00+00,Wed 24 Nov 2021,1623,3112,1,3637598,3573147,238864,3876462,3812011,82.3219061238627,80.9532020912709,238
-7.6926,53.28823,2021/04/24 23:00:00+00,Sun 25 Apr 2021,9711,278,2,1044087,429775,175,1044262,429950,22.1763139514117,9.13056894094532,239
-7.6926,53.28823,2021/11/25 00:00:00+00,Thu 25 Nov 2021,1007,1153,1,3638605,3574300,238865,3877470,3813165,82.3433123652686,80.9777088398645,240
-7.6926,53.28823,2021/04/25 23:00:00+00,Mon 26 Apr 2021,15522,3023,1,1059609,432798,176,1059785,432974,22.5059658217926,9.19478766516306,241
-7.6926,53.28823,2021/04/26 23:00:00+00,Tue 27 Apr 2021,25864,7773,5,1085473,440571,181,1085654,440752,23.0553289754926,9.35996400013846,242
-7.6926,53.28823,2021/04/27 23:00:00+00,Wed 28 Apr 2021,25979,8560,5,1111452,449131,186,1111638,449317,23.6071343095117,9.54185334303693,243
-7.6926,53.28823,2021/04/28 23:00:00+00,Thu 29 Apr 2021,31637,11304,4,1143089,460435,190,1143279,460625,24.2790736788813,9.78199399563423,244
-7.6926,53.28823,2021/04/29 23:00:00+00,Fri 30 Apr 2021,36055,13492,5,1179144,473927,195,1179339,474122,25.0448564815572,10.0686210196974,245
-7.6926,53.28823,2021/04/30 23:00:00+00,Sat 01 May 2021,16492,6658,13,1195636,480585,208,1195844,480793,25.3953624482284,10.2102887145573,246
-7.6926,53.28823,2021/05/01 23:00:00+00,Sun 02 May 2021,12392,889,8,1208028,481474,216,1208244,481690,25.6586931956821,10.2293377210465,247
-7.6926,53.28823,2021/05/02 23:00:00+00,Mon 03 May 2021,14200,898,14,1222228,482372,230,1222458,482602,25.9605466831263,10.2487052727947,248
-7.6926,53.28823,2021/05/03 23:00:00+00,Tue 04 May 2021,26570,6748,6,1248798,489120,236,1249034,489356,26.5249239367012,10.3921355847546,249
-7.6926,53.28823,2021/05/04 23:00:00+00,Wed 05 May 2021,32007,13407,68,1280805,502527,304,1281109,502831,27.2060798822317,10.6782954091045,250
-7.6926,53.28823,2021/05/05 23:00:00+00,Thu 06 May 2021,37200,14346,130,1318005,516873,434,1318439,517307,27.998832850171,10.9857128204061,251
-7.6926,53.28823,2021/05/06 23:00:00+00,Fri 07 May 2021,40510,15031,90,1358515,531904,524,1359039,532428,28.8610286845758,11.3068276778454,252
-7.6926,53.28823,2021/05/07 23:00:00+00,Sat 08 May 2021,25539,7005,9,1384054,538909,533,1384587,539442,29.4035749697329,11.4557794409616,253
-7.6926,53.28823,2021/05/08 23:00:00+00,Sun 09 May 2021,19615,898,1,1403669,539807,534,1404203,540341,29.8201472231242,11.474870920152,254
-7.6926,53.28823,2021/05/09 23:00:00+00,Mon 10 May 2021,28740,4597,167,1432409,544404,701,1433110,545105,30.4340264099503,11.5760408944156,255
-7.6926,53.28823,2021/05/10 23:00:00+00,Tue 11 May 2021,33849,14780,149,1466258,559184,850,1467108,560034,31.1560198576867,11.8930783725395,256
-7.6926,53.28823,2021/05/11 23:00:00+00,Wed 12 May 2021,31199,20900,162,1497457,580084,1012,1498469,581096,31.822013048888,12.3403583889,257
-7.6926,53.28823,2021/05/12 23:00:00+00,Thu 13 May 2021,35906,25443,146,1533363,605527,1158,1534521,606685,32.587625960759,12.8837753644317,258
-7.6926,53.28823,2021/05/13 23:00:00+00,Fri 14 May 2021,38109,27927,229,1571472,633454,1387,1572859,634841,33.4017851701042,13.4817060519564,259
-7.6926,53.28823,2021/05/14 23:00:00+00,Sat 15 May 2021,28768,12411,13,1600240,645865,1400,1601640,647265,34.0129885767547,13.7455464718246,260
-7.6926,53.28823,2021/05/15 23:00:00+00,Sun 16 May 2021,23104,1142,5,1623344,647007,1405,1624749,648412,34.5037394027956,13.769904565964,261
-7.6926,53.28823,2021/05/16 23:00:00+00,Mon 17 May 2021,35313,3912,110,1658657,650919,1515,1660172,652434,35.2559946501386,13.8553171680817,262
-7.6926,53.28823,2021/05/17 23:00:00+00,Tue 18 May 2021,38967,12451,118,1697624,663370,1633,1699257,665003,36.0860174133828,14.122236858787,263
-7.6926,53.28823,2021/05/18 23:00:00+00,Wed 19 May 2021,36935,17554,200,1734559,680924,1833,1736392,682757,36.8746292929548,14.499267027359,264
-7.6926,53.28823,2021/05/19 23:00:00+00,Thu 20 May 2021,38980,19634,126,1773539,700558,1959,1775498,702517,37.7050980195617,14.9188973152368,265
-7.6926,53.28823,2021/05/20 23:00:00+00,Fri 21 May 2021,25745,23203,14923,1799284,723761,16882,1816166,740643,38.5687379258074,15.7285544182546,266
-7.6926,53.28823,2021/05/21 23:00:00+00,Sat 22 May 2021,16512,10223,13508,1815796,733984,30390,1846186,764374,39.2062531708526,16.2325142543694,267
-7.6926,53.28823,2021/05/22 23:00:00+00,Sun 23 May 2021,8157,5509,10201,1823953,739493,40591,1864544,780084,39.5961100951877,16.5661373223128,268
-7.6926,53.28823,2021/05/23 23:00:00+00,Mon 24 May 2021,22456,8170,8440,1846409,747663,49031,1895440,796694,40.2522283833595,16.9188731057972,269
-7.6926,53.28823,2021/05/24 23:00:00+00,Tue 25 May 2021,30216,16463,3215,1876625,764126,52246,1928871,816372,40.962180820305,17.3367620129257,270
-7.6926,53.28823,2021/05/25 23:00:00+00,Wed 26 May 2021,19841,25379,3041,1896466,789505,55287,1951753,844792,41.4481109947595,17.9402990970091,271
-7.6926,53.28823,2021/05/26 23:00:00+00,Thu 27 May 2021,16914,35948,546,1913380,825453,55833,1969213,881286,41.8188976762548,18.7152984758459,272
-7.6926,53.28823,2021/05/27 23:00:00+00,Fri 28 May 2021,26906,31771,1546,1940286,857224,57379,1997665,914603,42.4231143235575,19.4228299688229,273
-7.6926,53.28823,2021/05/28 23:00:00+00,Sat 29 May 2021,24382,7360,521,1964668,864584,57900,2022568,922484,42.9519631625768,19.5901936479102,274
-7.6926,53.28823,2021/05/29 23:00:00+00,Sun 30 May 2021,24168,1651,202,1988836,866235,58102,2046938,924337,43.4694930267257,19.6295446055741,275
-7.6926,53.28823,2021/05/30 23:00:00+00,Mon 31 May 2021,22455,7281,3430,2011291,873516,61532,2072823,935048,44.0191959620354,19.8570071568625,276
-7.6926,53.28823,2021/05/31 23:00:00+00,Tue 01 Jun 2021,27391,11450,3635,2038682,884966,65167,2103849,950133,44.6780749757853,20.1773575056802,277
-7.6926,53.28823,2021/06/01 23:00:00+00,Wed 02 Jun 2021,18564,20835,3989,2057246,905801,69156,2126402,974957,45.157018390892,20.704528673002,278
-7.6926,53.28823,2021/06/02 23:00:00+00,Thu 03 Jun 2021,16564,30643,1968,2073810,936444,71124,2144934,1007568,45.5505704402317,21.3970673024547,279
-7.6926,53.28823,2021/06/03 23:00:00+00,Fri 04 Jun 2021,28914,23299,136,2102724,959743,71260,2173984,1031003,46.1674864251938,21.8947411787916,280
-7.6926,53.28823,2021/06/04 23:00:00+00,Sat 05 Jun 2021,20838,11433,24,2123562,971176,71284,2194846,1042460,46.610519171434,22.1380460476285,281
-7.6926,53.28823,2021/06/05 23:00:00+00,Sun 06 Jun 2021,19841,3862,30,2143403,975038,71314,2214717,1046352,47.0325066942286,22.220697924168,282
-7.6926,53.28823,2021/06/06 23:00:00+00,Mon 07 Jun 2021,19686,4509,35,2163089,979547,71349,2234438,1050896,47.451308764433,22.3171959012994,283
-7.6926,53.28823,2021/06/07 23:00:00+00,Tue 08 Jun 2021,26305,18267,32,2189394,997814,71381,2260775,1069195,48.0106105302143,22.705799880949,284
-7.6926,53.28823,2021/06/08 23:00:00+00,Wed 09 Jun 2021,32663,20036,161,2222057,1017850,71542,2293599,1089392,48.707672502345,23.1347104540395,285
-7.6926,53.28823,2021/06/09 23:00:00+00,Thu 10 Jun 2021,27572,27400,252,2249629,1045250,71794,2321423,1117044,49.2985527214702,23.7219380208613,286
-7.6926,53.28823,2021/06/10 23:00:00+00,Fri 11 Jun 2021,26327,32811,22,2275956,1078061,71816,2347772,1149877,49.8581093234587,24.4191911201474,287
-7.6926,53.28823,2021/06/11 23:00:00+00,Sat 12 Jun 2021,12096,19657,92,2288052,1097718,71908,2359960,1169626,50.116937964585,24.8385878081686,288
-7.6926,53.28823,2021/06/12 23:00:00+00,Sun 13 Jun 2021,8481,18127,822,2296533,1115845,72730,2369263,1188575,50.3144997342271,25.240995415709,289
-7.6926,53.28823,2021/06/13 23:00:00+00,Mon 14 Jun 2021,15932,31235,29,2312465,1147080,72759,2385224,1219839,50.6534531261713,25.904928680902,290
-7.6926,53.28823,2021/06/14 23:00:00+00,Tue 15 Jun 2021,14579,41450,194,2327044,1188530,72953,2399997,1261483,50.9671777336015,26.7892952653344,291
-7.6926,53.28823,2021/06/15 23:00:00+00,Wed 16 Jun 2021,13320,48293,201,2340364,1236823,73154,2413518,1309977,51.254314430079,27.8191308513844,292
-7.6926,53.28823,2021/06/16 23:00:00+00,Thu 17 Jun 2021,21467,42572,517,2361831,1279395,73671,2435502,1353066,51.7211743616937,28.7341839624354,293
-7.6926,53.28823,2021/06/17 23:00:00+00,Fri 18 Jun 2021,11924,49961,539,2373755,1329356,74210,2447965,1403566,51.9858429992353,29.8066196677913,294
-7.6926,53.28823,2021/06/18 23:00:00+00,Sat 19 Jun 2021,6223,32716,419,2379978,1362072,74629,2454607,1436701,52.1268948399278,30.5102861449589,295
-7.6926,53.28823,2021/06/19 23:00:00+00,Sun 20 Jun 2021,8447,26086,170,2388425,1388158,74799,2463224,1462957,52.3098884730576,31.0678677663415,296
-7.6926,53.28823,2021/06/20 23:00:00+00,Mon 21 Jun 2021,15377,32240,555,2403802,1420398,75354,2479156,1495752,52.6482260108344,31.7643138843048,297
-7.6926,53.28823,2021/06/21 23:00:00+00,Tue 22 Jun 2021,15041,43447,705,2418843,1463845,76059,2494902,1539904,52.9826135873994,32.7019412360448,298
-7.6926,53.28823,2021/06/22 23:00:00+00,Wed 23 Jun 2021,19964,39279,867,2438807,1503124,76926,2515733,1580050,53.424988006771,33.5544957672768,299
-7.6926,53.28823,2021/06/23 23:00:00+00,Thu 24 Jun 2021,18914,44156,1022,2457721,1547280,77948,2535669,1625228,53.8483558923546,34.5139116147335,300
-7.6926,53.28823,2021/06/24 23:00:00+00,Fri 25 Jun 2021,15095,50049,812,2472816,1597329,78760,2551576,1676089,54.1861625213664,35.5940136426563,301
-7.6926,53.28823,2021/06/25 23:00:00+00,Sat 26 Jun 2021,8955,30456,480,2481771,1627785,79240,2561011,1707025,54.3865274892879,36.2509813848522,302
-7.6926,53.28823,2021/06/26 23:00:00+00,Sun 27 Jun 2021,8659,30395,46,2490430,1658180,79286,2569716,1737466,54.5713899212705,36.8974371335004,303
-7.6926,53.28823,2021/06/27 23:00:00+00,Mon 28 Jun 2021,24125,24532,499,2514555,1682712,79785,2594340,1762497,55.0943138184721,37.4290042253967,304
-7.6926,53.28823,2021/06/28 23:00:00+00,Tue 29 Jun 2021,28042,30895,789,2542597,1713607,80574,2623171,1794181,55.7065790426526,38.1018567578421,305
-7.6926,53.28823,2021/06/29 23:00:00+00,Wed 30 Jun 2021,22440,36731,559,2565037,1750338,81133,2646170,1831471,56.1949938701274,38.8937602717573,306
-7.6926,53.28823,2021/06/30 23:00:00+00,Thu 01 Jul 2021,14815,48203,616,2579852,1798541,81749,2661601,1880290,56.5226919962531,39.9304976717527,307
-7.6926,53.28823,2021/07/01 23:00:00+00,Fri 02 Jul 2021,13538,47136,799,2593390,1845677,82548,2675938,1928225,56.8271575548211,40.9484621378167,308
-7.6926,53.28823,2021/07/02 23:00:00+00,Sat 03 Jul 2021,9223,30368,488,2602613,1876045,83036,2685649,1959081,57.0333837555084,41.6037309719644,309
-7.6926,53.28823,2021/07/03 23:00:00+00,Sun 04 Jul 2021,6374,27715,216,2608987,1903760,83252,2692239,1987012,57.1733313059697,42.1968834806039,310
-7.6926,53.28823,2021/07/04 23:00:00+00,Mon 05 Jul 2021,15448,33306,5318,2624435,1937066,88570,2713005,2025636,57.6143253625523,43.017116286221,311
-7.6926,53.28823,2021/07/05 23:00:00+00,Tue 06 Jul 2021,12271,48218,5463,2636706,1985284,94033,2730739,2079317,57.9909308041123,44.1571048228389,312
-7.6926,53.28823,2021/07/06 23:00:00+00,Wed 07 Jul 2021,19575,43620,5036,2656281,2028904,99069,2755350,2127973,58.5135786287561,45.1903806976863,313
-7.6926,53.28823,2021/07/07 23:00:00+00,Thu 08 Jul 2021,17655,45471,5974,2673936,2074375,105043,2778979,2179418,59.0153723571096,46.2828847543602,314
-7.6926,53.28823,2021/07/08 23:00:00+00,Fri 09 Jul 2021,13416,44983,6515,2687352,2119358,111558,2798910,2230916,59.4386340609403,47.3765143376159,315
-7.6926,53.28823,2021/07/09 23:00:00+00,Sat 10 Jul 2021,8538,23738,4342,2695890,2143096,115900,2811790,2258996,59.7121582566825,47.972831062495,316
-7.6926,53.28823,2021/07/10 23:00:00+00,Sun 11 Jul 2021,15168,16033,2142,2711058,2159129,118042,2829100,2277171,60.0797594855876,48.3588017346701,317
-7.6926,53.28823,2021/07/11 23:00:00+00,Mon 12 Jul 2021,17017,31619,6068,2728075,2190748,124110,2852185,2314858,60.5700006392142,49.1591360797739,318
-7.6926,53.28823,2021/07/12 23:00:00+00,Tue 13 Jul 2021,19999,36409,8468,2748074,2227157,132578,2880652,2359735,61.1745358317758,50.1121597856997,319
-7.6926,53.28823,2021/07/13 23:00:00+00,Wed 14 Jul 2021,20693,35547,9309,2768767,2262704,141887,2910654,2404591,61.8116688225102,51.0647375282629,320
-7.6926,53.28823,2021/07/14 23:00:00+00,Thu 15 Jul 2021,23513,28696,9550,2792280,2291400,151437,2943717,2442837,62.5138062824345,51.8769429933528,321
-7.6926,53.28823,2021/07/15 23:00:00+00,Fri 16 Jul 2021,23451,27253,9145,2815731,2318653,160582,2976313,2479235,63.2060263666282,52.6499036825318,322
-7.6926,53.28823,2021/07/16 23:00:00+00,Sat 17 Jul 2021,11423,19307,4659,2827154,2337960,165241,2992395,2503201,63.5475493569952,53.1588540610379,323
-7.6926,53.28823,2021/07/17 23:00:00+00,Sun 18 Jul 2021,16802,15714,1920,2843956,2353674,167161,3011117,2520835,63.9451363129491,53.5333358675378,324
-7.6926,53.28823,2021/07/18 23:00:00+00,Mon 19 Jul 2021,24780,18265,6217,2868736,2371939,173378,3042114,2545317,64.6033994725315,54.0532442029541,325
-7.6926,53.28823,2021/07/19 23:00:00+00,Tue 20 Jul 2021,30476,18026,7680,2899212,2389965,181058,3080270,2571023,65.4136936660673,54.5991458315061,326
-7.6926,53.28823,2021/07/20 23:00:00+00,Wed 21 Jul 2021,30231,19682,6866,2929443,2409647,187924,3117367,2597571,66.2014985643165,55.1629284672643,327
-7.6926,53.28823,2021/07/21 23:00:00+00,Thu 22 Jul 2021,33434,15776,6909,2962877,2425423,194833,3157710,2620256,67.0582366566169,55.6446750806504,328
-7.6926,53.28823,2021/07/22 23:00:00+00,Fri 23 Jul 2021,26998,20677,5583,2989875,2446100,200416,3190291,2646516,67.7501381955515,56.2023416474354,329
-7.6926,53.28823,2021/07/23 23:00:00+00,Sat 24 Jul 2021,15363,14683,2253,3005238,2460783,202669,3207907,2663452,68.1242377477406,56.5620004812157,330
-7.6926,53.28823,2021/07/24 23:00:00+00,Sun 25 Jul 2021,14664,13563,1028,3019902,2474346,203697,3223599,2678043,68.4574785613732,56.8718600728364,331
-7.6926,53.28823,2021/07/25 23:00:00+00,Mon 26 Jul 2021,23749,18091,3394,3043651,2492437,207091,3250742,2699528,69.033896825739,57.3281230655012,332
-7.6926,53.28823,2021/07/26 23:00:00+00,Tue 27 Jul 2021,25386,23702,3647,3069037,2516139,210738,3279775,2726877,69.6504517927409,57.9089160180908,333
-7.6926,53.28823,2021/11/26 00:00:00+00,Fri 26 Nov 2021,1292,1073,12,3639897,3575373,238877,3878774,3814250,82.3710045664525,81.0007502802667,334
-7.6926,53.28823,2021/11/27 00:00:00+00,Sat 27 Nov 2021,1226,1545,5,3641123,3576918,238882,3880005,3815800,82.3971465140424,81.0336666236985,335
-7.6926,53.28823,2021/11/28 00:00:00+00,Sun 28 Nov 2021,1968,2250,0,3643091,3579168,238882,3881973,3818050,82.4389396520254,81.0814484125509,336
-7.6926,53.28823,2021/11/29 00:00:00+00,Mon 29 Nov 2021,550,970,1,3643641,3580138,238883,3882524,3819021,82.4506408812066,81.1020689089846,337
-7.6926,53.28823,2021/11/30 00:00:00+00,Tue 30 Nov 2021,1929,1616,6,3645570,3581754,238889,3884459,3820643,82.4917332196198,81.1365142696596,338
-7.6926,53.28823,2021/12/01 00:00:00+00,Wed 01 Dec 2021,1088,1351,1,3646658,3583105,238890,3885548,3821995,82.5148596054244,81.1652258156723,339
-7.6926,53.28823,2021/12/02 00:00:00+00,Thu 02 Dec 2021,1787,1389,0,3648445,3584494,238890,3887335,3823384,82.5528089639485,81.1947231066572,340
-7.6926,53.28823,2021/12/03 00:00:00+00,Fri 03 Dec 2021,1042,1158,3,3649487,3585652,238893,3888380,3824545,82.5750009503267,81.2193785097051,341
-7.6926,53.28823,2021/12/04 00:00:00+00,Sat 04 Dec 2021,1203,1694,0,3650690,3587346,238893,3889583,3826239,82.6005482800998,81.2553528876234,342
-7.6926,53.28823,2021/12/05 00:00:00+00,Sun 05 Dec 2021,1348,1770,0,3652038,3589116,238893,3890931,3828009,82.6291748807101,81.2929412281873,343
-7.6926,53.28823,2021/12/06 00:00:00+00,Mon 06 Dec 2021,937,1268,0,3652975,3590384,238893,3891868,3829277,82.6490733412233,81.3198689207496,344
-7.6926,53.28823,2021/12/07 00:00:00+00,Tue 07 Dec 2021,484,724,1,3653459,3591108,238894,3892353,3830002,82.6593729712649,81.3352652749354,345
-7.6926,53.28823,2021/12/08 00:00:00+00,Wed 08 Dec 2021,815,1483,0,3654274,3592591,238894,3893168,3831485,82.6766805970048,81.3667587828768,346
-7.6926,53.28823,2021/12/09 00:00:00+00,Thu 09 Dec 2021,792,1176,0,3655066,3593767,238894,3893960,3832661,82.6934997866809,81.3917327311837,347
-7.6926,53.28823,2021/12/10 00:00:00+00,Fri 10 Dec 2021,888,1595,1,3655954,3595362,238895,3894849,3834257,82.7123789023652,81.4256259467431,348
-7.6926,53.28823,2021/12/11 00:00:00+00,Sat 11 Dec 2021,640,832,0,3656594,3596194,238895,3895489,3835089,82.7259701667499,81.4432945904432,349
-7.6926,53.28823,2021/12/12 00:00:00+00,Sun 12 Dec 2021,692,1187,0,3657286,3597381,238895,3896181,3836276,82.7406657213659,81.4685021386067,350
-7.6926,53.28823,2021/12/13 00:00:00+00,Mon 13 Dec 2021,716,1043,0,3658002,3598424,238895,3896897,3837319,82.7558709483963,81.4906516522836,351
-7.6926,53.28823,2021/12/14 00:00:00+00,Tue 14 Dec 2021,625,1166,1,3658627,3599590,238896,3897523,3838486,82.7691649038726,81.5154344734351,352
-7.6926,53.28823,2021/12/15 00:00:00+00,Wed 15 Dec 2021,792,1212,1,3659419,3600802,238897,3898316,3839699,82.7860053298993,81.5411941667143,353
-7.6926,53.28823,2021/12/16 00:00:00+00,Thu 16 Dec 2021,1057,1498,7,3660476,3602300,238904,3899380,3841204,82.8086008069388,81.5731548743689,354
-7.6926,53.28823,2021/12/17 00:00:00+00,Fri 17 Dec 2021,1207,2418,1,3661683,3604718,238905,3900588,3843623,82.834254318465,81.624525606473,355
-7.6926,53.28823,2021/12/18 00:00:00+00,Sat 18 Dec 2021,1266,1165,0,3662949,3605883,238905,3901854,3844788,82.861139538326,81.6492659549233,356
-7.6926,53.28823,2021/12/19 00:00:00+00,Sun 19 Dec 2021,556,877,0,3663505,3606760,238905,3902410,3845665,82.8729469492602,81.6678902344005,357
-7.6926,53.28823,2021/12/20 00:00:00+00,Mon 20 Dec 2021,537,572,0,3664042,3607332,238905,3902947,3846237,82.884350869533,81.6800374269443,358
-7.6926,53.28823,2021/12/21 00:00:00+00,Tue 21 Dec 2021,1463,1759,2,3665505,3609091,238907,3904412,3847998,82.9154621231636,81.7174346403528,359
-7.6926,53.28823,2021/12/22 00:00:00+00,Wed 22 Dec 2021,1244,1534,2,3666749,3610625,238909,3905658,3849534,82.9419226160126,81.7500536748761,360
-7.6926,53.28823,2021/12/23 00:00:00+00,Thu 23 Dec 2021,962,1314,0,3667711,3611939,238909,3906620,3850848,82.9623519852909,81.777958239566,361
-7.6926,53.28823,2021/12/24 00:00:00+00,Fri 24 Dec 2021,101,133,0,3667812,3612072,238909,3906721,3850981,82.9644968567016,81.7807826741959,362
-7.6926,53.28823,2021/12/25 00:00:00+00,Sat 25 Dec 2021,1,0,0,3667813,3612072,238909,3906722,3850981,82.9645180930522,81.7807826741959,363
-7.6926,53.28823,2021/12/26 00:00:00+00,Sun 26 Dec 2021,8,6,0,3667821,3612078,238909,3906730,3850987,82.964687983857,81.7809100922995,364
-7.6926,53.28823,2021/12/27 00:00:00+00,Mon 27 Dec 2021,387,581,0,3668208,3612659,238909,3907117,3851568,82.9729064515396,81.7932484119988,365
-7.6926,53.28823,2021/12/28 00:00:00+00,Tue 28 Dec 2021,457,732,0,3668665,3613391,238909,3907574,3852300,82.9826114637643,81.8087934206388,366
-7.6926,53.28823,2021/12/29 00:00:00+00,Wed 29 Dec 2021,1082,1266,0,3669747,3614657,238909,3908656,3853566,83.0055891951147,81.8356786404998,367
-7.6926,53.28823,2021/12/30 00:00:00+00,Thu 30 Dec 2021,1061,1159,1,3670808,3615816,238910,3909718,3854726,83.0281421994531,81.8603128071971,368
-7.6926,53.28823,2021/12/31 00:00:00+00,Fri 31 Dec 2021,719,1662,0,3671527,3617478,238910,3910437,3856388,83.0434111355353,81.8956076218961,369
-7.6926,53.28823,2022/01/01 00:00:00+00,Sat 01 Jan 2022,66,95,0,3671593,3617573,238910,3910503,3856483,83.0448127346749,81.8976250752032,370
-7.6926,53.28823,2022/01/02 00:00:00+00,Sun 02 Jan 2022,271,620,0,3671864,3618193,238910,3910774,3857103,83.0505677856878,81.9107916125759,371
-7.6926,53.28823,2022/01/03 00:00:00+00,Mon 03 Jan 2022,3629,716,0,3675493,3618909,238910,3914403,3857819,83.1276345020192,81.9259968396063,372
-7.6926,53.28823,2022/01/04 00:00:00+00,Tue 04 Jan 2022,1187,749,0,3676680,3619658,238910,3915590,3858568,83.1528420501828,81.9419028662065,373
-7.6926,53.28823,2022/01/05 00:00:00+00,Wed 05 Jan 2022,2141,855,0,3678821,3620513,238910,3917731,3859423,83.1983090768197,81.9600599459705,374
-7.6926,53.28823,2022/01/06 00:00:00+00,Thu 06 Jan 2022,2460,1637,0,3681281,3622150,238910,3920191,3861060,83.2505504992985,81.9948238519045,375
-7.6926,53.28823,2022/01/07 00:00:00+00,Fri 07 Jan 2022,4838,742,0,3686119,3622892,238910,3925029,3861802,83.3532919635066,82.0105812240505,376
-7.6926,53.28823,2022/01/08 00:00:00+00,Sat 08 Jan 2022,9791,724,1,3695910,3623616,238911,3934821,3862527,83.5612383085926,82.0259775782363,377
-7.6926,53.28823,2022/01/09 00:00:00+00,Sun 09 Jan 2022,7113,660,0,3703023,3624276,238911,3941934,3863187,83.7122924704183,82.039993569633,378
-7.6926,53.28823,2022/01/10 00:00:00+00,Mon 10 Jan 2022,6653,468,0,3709676,3624744,238911,3948587,3863655,83.8535779109674,82.0499321817144,379
-7.6926,53.28823,2022/01/11 00:00:00+00,Tue 11 Jan 2022,4766,1312,1,3714442,3626056,238912,3953354,3864968,83.9548115942829,82.0778155100536,380
-7.6926,53.28823,2022/01/12 00:00:00+00,Wed 12 Jan 2022,7550,857,1,3721992,3626913,238913,3960905,3865826,84.1151672776719,82.0960362988694,381
-7.6926,53.28823,2022/01/13 00:00:00+00,Thu 13 Jan 2022,7312,762,0,3729304,3627675,238913,3968217,3866588,84.2704474732672,82.1122183980274,382
-7.6926,53.28823,2022/01/14 00:00:00+00,Fri 14 Jan 2022,10721,788,0,3740025,3628463,238913,3978938,3867376,84.4981223880616,82.1289526423011,383
-7.6926,53.28823,2022/01/15 00:00:00+00,Sat 15 Jan 2022,8349,633,0,3748374,3629096,238913,3987287,3868009,84.6754246792302,82.1423952522316,384
-7.6926,53.28823,2022/01/16 00:00:00+00,Sun 16 Jan 2022,6968,1206,1,3755342,3630302,238914,3994256,3869216,84.8234208065693,82.1680275274071,385
-7.6926,53.28823,2022/01/17 00:00:00+00,Mon 17 Jan 2022,2554,539,0,3757896,3630841,238914,3996810,3869755,84.8776584460046,82.1794739203811,386
-7.6926,53.28823,2022/01/18 00:00:00+00,Tue 18 Jan 2022,4056,409,3,3761952,3631250,238917,4000869,3870167,84.9638567930945,82.1882232968288,387
-7.6926,53.28823,2022/01/19 00:00:00+00,Wed 19 Jan 2022,3487,587,0,3765439,3631837,238917,4004356,3870754,85.0379079476405,82.2006890346316,388
-7.6926,53.28823,2022/01/20 00:00:00+00,Thu 20 Jan 2022,3687,904,0,3769126,3632741,238917,4008043,3871658,85.1162063723068,82.219886695575,389
-7.6926,53.28823,2022/01/21 00:00:00+00,Fri 21 Jan 2022,3244,949,0,3772370,3633690,238917,4011287,3872607,85.1850970936568,82.2400399922955,390
-7.6926,53.28823,2022/01/22 00:00:00+00,Sat 22 Jan 2022,4270,627,0,3776640,3634317,238917,4015557,3873234,85.2757763107235,82.2533551841223,391
-7.6926,53.28823,2022/01/23 00:00:00+00,Sun 23 Jan 2022,3092,676,0,3779732,3634993,238917,4018649,3873910,85.3414391067821,82.2677109571287,392
-7.6926,53.28823,2022/01/24 00:00:00+00,Mon 24 Jan 2022,640,451,0,3780372,3635444,238917,4019289,3874361,85.3550303711668,82.2772885512498,393
-7.6926,53.28823,2022/01/25 00:00:00+00,Tue 25 Jan 2022,696,1820,0,3781068,3637264,238917,4019985,3876181,85.3698108711852,82.3159387093438,394
-7.6926,53.28823,2022/01/26 00:00:00+00,Wed 26 Jan 2022,694,875,0,3781762,3638139,238917,4020679,3877056,85.3845488985023,82.3345205161198,395
-7.6926,53.28823,2022/01/27 00:00:00+00,Thu 27 Jan 2022,1270,1152,0,3783032,3639291,238917,4021949,3878208,85.4115190637658,82.3589847920123,396
-7.6926,53.28823,2022/01/28 00:00:00+00,Fri 28 Jan 2022,1023,3067,0,3784055,3642358,238917,4022972,3881275,85.4332438504307,82.4241166793058,397
-7.6926,53.28823,2022/01/29 00:00:00+00,Sat 29 Jan 2022,2323,3440,0,3786378,3645798,238917,4025295,3884715,85.4825758928771,82.4971697253736,398
-7.6926,53.28823,2022/01/30 00:00:00+00,Sun 30 Jan 2022,1634,7532,0,3788012,3653330,238917,4026929,3892247,85.5172760897592,82.6571219181012,399
-7.6926,53.28823,2022/01/31 00:00:00+00,Mon 31 Jan 2022,475,1369,1,3788487,3654699,238918,4027405,3893617,85.5273845926454,82.6862157184247,400
-7.6926,53.28823,2022/02/01 00:00:00+00,Tue 01 Feb 2022,743,3395,1,3789230,3658094,238919,4028149,3897013,85.5431844374926,82.758334365066,401
-7.6926,53.28823,2022/02/02 00:00:00+00,Wed 02 Feb 2022,640,2977,0,3789870,3661071,238919,4028789,3899990,85.5567757018773,82.8215549808055,402
-7.6926,53.28823,2022/02/03 00:00:00+00,Thu 03 Feb 2022,907,2410,1,3790777,3663481,238920,4029697,3902401,85.5760583082231,82.8727558221048,403
-7.6926,53.28823,2022/02/04 00:00:00+00,Fri 04 Feb 2022,1167,6486,0,3791944,3669967,238920,4030864,3908887,85.6008411293746,83.0104947921036,404
-7.6926,53.28823,2022/02/05 00:00:00+00,Sat 05 Feb 2022,1776,5743,0,3793720,3675710,238920,4032640,3914630,85.6385568880422,83.1324551536057,405
-7.6926,53.28823,2022/02/06 00:00:00+00,Sun 06 Feb 2022,1406,7556,0,3795126,3683266,238920,4034046,3922186,85.6684151969873,83.2929170187477,406
-7.6926,53.28823,2022/02/07 00:00:00+00,Mon 07 Feb 2022,434,1334,0,3795560,3684600,238920,4034480,3923520,85.6776317731482,83.3212463104495,407
-7.6926,53.28823,2022/02/08 00:00:00+00,Tue 08 Feb 2022,893,1212,0,3796453,3685812,238920,4035373,3924732,85.696595834235,83.3469847673781,408
-7.6926,53.28823,2022/02/09 00:00:00+00,Wed 09 Feb 2022,1337,1742,0,3797790,3687554,238920,4036710,3926474,85.7249888349887,83.3839784901252,409
-7.6926,53.28823,2022/02/10 00:00:00+00,Thu 10 Feb 2022,686,2524,0,3798476,3690078,238920,4037396,3928998,85.739556971501,83.4375790390424,410
-7.6926,53.28823,2022/02/11 00:00:00+00,Fri 11 Feb 2022,553,4892,0,3799029,3694970,238920,4037949,3933890,85.7513006733834,83.541467266183,411
-7.6926,53.28823,2022/02/12 00:00:00+00,Sat 12 Feb 2022,1396,5453,0,3800425,3700423,238920,4039345,3939343,85.7809466188226,83.6572690860108,412
-7.6926,53.28823,2022/02/13 00:00:00+00,Sun 13 Feb 2022,1567,4705,0,3801992,3705128,238920,4040912,3944048,85.8142239802145,83.757186115589,413
-7.6926,53.28823,2022/02/14 00:00:00+00,Mon 14 Feb 2022,170,934,1,3802162,3706062,238921,4041083,3944983,85.8178553961673,83.7770421034011,414
-7.6926,53.28823,2022/02/15 00:00:00+00,Tue 15 Feb 2022,643,790,1,3802805,3706852,238922,4041727,3945774,85.8315316059544,83.7938400567265,415
-7.6926,53.28823,2022/02/16 00:00:00+00,Wed 16 Feb 2022,784,1761,0,3803589,3708613,238922,4042511,3947535,85.8481809048257,83.8312372701351,416
-7.6926,53.28823,2022/02/17 00:00:00+00,Thu 17 Feb 2022,770,1136,2,3804359,3709749,238924,4043283,3948673,85.8645753674897,83.8554042371191,417
-7.6926,53.28823,2022/02/18 00:00:00+00,Fri 18 Feb 2022,783,3231,0,3805142,3712980,238924,4044066,3951904,85.8812034300104,83.9240188859113,418
-7.6926,53.28823,2022/02/19 00:00:00+00,Sat 19 Feb 2022,973,3525,0,3806115,3716505,238924,4045039,3955429,85.9018663991453,83.9988770217802,419
-7.6926,53.28823,2022/02/20 00:00:00+00,Sun 20 Feb 2022,1362,3585,0,3807477,3720090,238924,4046401,3959014,85.930790308664,84.0750093386852,420
-7.6926,53.28823,2022/02/21 00:00:00+00,Mon 21 Feb 2022,244,956,1,3807721,3721046,238925,4046646,3959971,85.9359932145613,84.0953325262104,421
