X,Y,VaccinationDate,VaccineText,Dose1,Dose2,SingleDose,Dose1Cum,Dose2Cum,SingleDoseCum,PartiallyVacc,FullyVacc,PartialPercent,FullyPercent,ObjectId
-7.6926,53.28823,2021/12/11 00:00:00+00,Sat 11 Dec 2021,641,841,2,3671811,3612491,240781,3912592,3853272,83.0891754710807,81.8294351534231,1
-7.6926,53.28823,2021/12/12 00:00:00+00,Sun 12 Dec 2021,689,1192,0,3672500,3613683,240781,3913281,3854464,83.1038073166448,81.8547488833396,2
-7.6926,53.28823,2021/12/13 00:00:00+00,Mon 13 Dec 2021,728,1067,1,3673228,3614750,240782,3914010,3855532,83.119288616233,81.8774293057816,3
-7.6926,53.28823,2021/12/14 00:00:00+00,Tue 14 Dec 2021,629,1201,3,3673857,3615951,240785,3914642,3856736,83.1327099898129,81.9029978719053,4
-7.6926,53.28823,2021/12/15 00:00:00+00,Wed 15 Dec 2021,798,1254,1,3674655,3617205,240786,3915441,3857991,83.1496778339432,81.9296494919097,5
-7.6926,53.28823,2021/12/16 00:00:00+00,Thu 16 Dec 2021,1054,1541,7,3675709,3618746,240793,3916502,3859539,83.172209601931,81.9625233626402,6
-7.6926,53.28823,2021/12/17 00:00:00+00,Fri 17 Dec 2021,1216,2457,1,3676925,3621203,240794,3917719,3861997,83.1980542406125,82.0147223124177,7
-7.6926,53.28823,2021/12/18 00:00:00+00,Sat 18 Dec 2021,1257,1183,0,3678182,3622386,240794,3918976,3863180,83.2247483333181,82.0398449151788,8
-7.6926,53.28823,2021/12/19 00:00:00+00,Sun 19 Dec 2021,552,887,1,3678734,3623273,240795,3919529,3864068,83.2364920352005,82.0587027945126,9
-7.6926,53.28823,2021/12/20 00:00:00+00,Mon 20 Dec 2021,525,614,0,3679259,3623887,240795,3920054,3864682,83.2476411192661,82.0717419137817,10
-7.6926,53.28823,2021/12/21 00:00:00+00,Tue 21 Dec 2021,1443,1815,3,3680702,3625702,240798,3921500,3866500,83.2783488822353,82.1103495991745,11
-7.6926,53.28823,2021/12/22 00:00:00+00,Wed 22 Dec 2021,1198,1592,2,3681900,3627294,240800,3922700,3868094,83.3038325029566,82.1442003420327,12
-7.6926,53.28823,2021/12/23 00:00:00+00,Thu 23 Dec 2021,952,1389,0,3682852,3628683,240800,3923652,3869483,83.3240495087289,82.1736976330176,13
-7.6926,53.28823,2021/12/24 00:00:00+00,Fri 24 Dec 2021,104,156,0,3682956,3628839,240800,3923756,3869639,83.3262580891914,82.1770105037114,14
-7.6926,53.28823,2021/12/25 00:00:00+00,Sat 25 Dec 2021,1,5,0,3682957,3628844,240800,3923757,3869644,83.326279325542,82.1771166854644,15
-7.6926,53.28823,2021/12/26 00:00:00+00,Sun 26 Dec 2021,11,10,0,3682968,3628854,240800,3923768,3869654,83.3265129253986,82.1773290489704,16
-7.6926,53.28823,2021/12/27 00:00:00+00,Mon 27 Dec 2021,390,588,0,3683358,3629442,240800,3924158,3870242,83.334795102133,82.1898160231238,17
-7.6926,53.28823,2021/12/28 00:00:00+00,Tue 28 Dec 2021,471,745,0,3683829,3630187,240800,3924629,3870987,83.3447974232662,82.2056371043217,18
-7.6926,53.28823,2021/12/29 00:00:00+00,Wed 29 Dec 2021,1074,1306,0,3684903,3631493,240800,3925703,3872293,83.3676052638118,82.2333717782067,19
-7.6926,53.28823,2021/12/30 00:00:00+00,Thu 30 Dec 2021,1064,1193,1,3685967,3632686,240801,3926768,3873487,83.3902219772019,82.2587279808244,20
-7.6926,53.28823,2021/12/31 00:00:00+00,Fri 31 Dec 2021,718,1679,0,3686685,3634365,240801,3927486,3875166,83.4054696769335,82.2943838134837,21
-7.6926,53.28823,2022/01/01 00:00:00+00,Sat 01 Jan 2022,68,97,0,3686753,3634462,240801,3927554,3875263,83.4069137487744,82.296443739492,22
-7.6926,53.28823,2022/01/02 00:00:00+00,Sun 02 Jan 2022,270,627,0,3687023,3635089,240801,3927824,3875890,83.4126475634367,82.3097589313189,23
-7.6926,53.28823,2022/01/03 00:00:00+00,Mon 03 Jan 2022,3630,724,1,3690653,3635813,240802,3931455,3876615,83.4897567524693,82.3251552855047,24
-7.6926,53.28823,2022/01/04 00:00:00+00,Tue 04 Jan 2022,1192,778,0,3691845,3636591,240802,3932647,3877393,83.5150704823858,82.3416771662723,25
-7.6926,53.28823,2022/01/05 00:00:00+00,Wed 05 Jan 2022,2144,900,0,3693989,3637491,240802,3934791,3878293,83.5606012180746,82.3607898818133,26
-7.6926,53.28823,2022/01/06 00:00:00+00,Thu 06 Jan 2022,2461,1693,1,3696450,3639184,240803,3937253,3879987,83.6128851132545,82.3967642597316,27
-7.6926,53.28823,2022/01/07 00:00:00+00,Fri 07 Jan 2022,4901,784,4,3701351,3639968,240807,3942158,3880775,83.7170494129529,82.4134985040053,28
-7.6926,53.28823,2022/01/08 00:00:00+00,Sat 08 Jan 2022,9791,738,2,3711142,3640706,240809,3951951,3881515,83.9250169943896,82.4292134034501,29
-7.6926,53.28823,2022/01/09 00:00:00+00,Sun 09 Jan 2022,7115,664,0,3718257,3641370,240809,3959066,3882179,84.0761136289164,82.4433143402492,30
-7.6926,53.28823,2022/01/10 00:00:00+00,Mon 10 Jan 2022,6660,505,1,3724917,3641875,240810,3965727,3882685,84.2175689602704,82.4540599336534,31
-7.6926,53.28823,2022/01/11 00:00:00+00,Tue 11 Jan 2022,4779,1366,1,3729696,3643241,240811,3970507,3884052,84.3190787161437,82.4830900249251,32
-7.6926,53.28823,2022/01/12 00:00:00+00,Wed 12 Jan 2022,7565,918,1,3737261,3644159,240812,3978073,3884971,84.4797529447916,82.5026062311275,33
-7.6926,53.28823,2022/01/13 00:00:00+00,Thu 13 Jan 2022,7326,815,0,3744587,3644974,240812,3985399,3885786,84.6353304492953,82.5199138568674,34
-7.6926,53.28823,2022/01/14 00:00:00+00,Fri 14 Jan 2022,10730,833,0,3755317,3645807,240812,3996129,3886619,84.8631964912452,82.5376037369181,35
-7.6926,53.28823,2022/01/15 00:00:00+00,Sat 15 Jan 2022,8359,652,2,3763676,3646459,240814,4004490,3887273,85.0407536186211,82.5514923102113,36
-7.6926,53.28823,2022/01/16 00:00:00+00,Sun 16 Jan 2022,6965,1215,1,3770641,3647674,240815,4011456,3888489,85.1886860369084,82.5773157125422,37
-7.6926,53.28823,2022/01/17 00:00:00+00,Mon 17 Jan 2022,2568,560,0,3773209,3648234,240815,4014024,3889049,85.243220985252,82.5892080688788,38
-7.6926,53.28823,2022/01/18 00:00:00+00,Tue 18 Jan 2022,4058,447,3,3777267,3648681,240818,4018085,3889499,85.3294618050431,82.5987644266493,39
-7.6926,53.28823,2022/01/19 00:00:00+00,Wed 19 Jan 2022,3489,622,0,3780756,3649303,240818,4021574,3890121,85.4035554322903,82.6119734367232,40
-7.6926,53.28823,2022/01/20 00:00:00+00,Thu 20 Jan 2022,3699,933,0,3784455,3650236,240818,4025273,3891054,85.4821086931638,82.631786951834,41
-7.6926,53.28823,2022/01/21 00:00:00+00,Fri 21 Jan 2022,3257,976,0,3787712,3651212,240818,4028530,3892030,85.5512754870716,82.6525136300207,42
-7.6926,53.28823,2022/01/22 00:00:00+00,Sat 22 Jan 2022,4270,643,0,3791982,3651855,240818,4032800,3892673,85.6419547041383,82.6661686034572,43
-7.6926,53.28823,2022/01/23 00:00:00+00,Sun 23 Jan 2022,3092,677,0,3795074,3652532,240818,4035892,3893350,85.707617500197,82.6805456128142,44
-7.6926,53.28823,2022/01/24 00:00:00+00,Mon 24 Jan 2022,646,461,0,3795720,3652993,240818,4036538,3893811,85.7213361826853,82.6903355704413,45
-7.6926,53.28823,2022/01/25 00:00:00+00,Tue 25 Jan 2022,695,1837,0,3796415,3654830,240818,4037233,3895648,85.736095446353,82.7293467464955,46
-7.6926,53.28823,2022/01/26 00:00:00+00,Wed 26 Jan 2022,700,896,0,3797115,3655726,240818,4037933,3896544,85.7509608917738,82.7483745166341,47
-7.6926,53.28823,2022/01/27 00:00:00+00,Thu 27 Jan 2022,1275,1175,0,3798390,3656901,240818,4039208,3897719,85.7780372387902,82.7733272285904,48
-7.6926,53.28823,2022/01/28 00:00:00+00,Fri 28 Jan 2022,1031,3093,1,3799421,3659994,240819,4040240,3900813,85.7999531526106,82.8390324973502,49
-7.6926,53.28823,2022/01/29 00:00:00+00,Sat 29 Jan 2022,2328,3444,0,3801749,3663438,240819,4042568,3904257,85.8493913768099,82.9121704888205,50
-7.6926,53.28823,2022/01/30 00:00:00+00,Sun 30 Jan 2022,1638,7537,0,3803387,3670975,240819,4044206,3911794,85.8841765190946,83.072228863301,51
-7.6926,53.28823,2022/01/31 00:00:00+00,Mon 31 Jan 2022,481,1392,0,3803868,3672367,240819,4044687,3913186,85.8943912037337,83.1017898633377,52
-7.6926,53.28823,2022/02/01 00:00:00+00,Tue 01 Feb 2022,755,3417,1,3804623,3675784,240820,4045443,3916604,85.9104458847881,83.1743757096923,53
-7.6926,53.28823,2022/02/02 00:00:00+00,Wed 02 Feb 2022,650,2996,0,3805273,3678780,240820,4046093,3919600,85.9242495126788,83.2379998160932,54
-7.6926,53.28823,2022/02/03 00:00:00+00,Thu 03 Feb 2022,905,2434,1,3806178,3681214,240821,4046999,3922035,85.9434896463234,83.2897103298069,55
-7.6926,53.28823,2022/02/04 00:00:00+00,Fri 04 Feb 2022,1175,6522,0,3807353,3687736,240821,4048174,3928557,85.9684423582797,83.4282138084273,56
-7.6926,53.28823,2022/02/05 00:00:00+00,Sat 05 Feb 2022,1777,5750,0,3809130,3693486,240821,4049951,3934307,86.0061793532979,83.5503228243837,57
-7.6926,53.28823,2022/02/06 00:00:00+00,Sun 06 Feb 2022,1409,7565,0,3810539,3701051,240821,4051360,3941872,86.0361013712949,83.710975816681,58
-7.6926,53.28823,2022/02/07 00:00:00+00,Mon 07 Feb 2022,440,1351,0,3810979,3702402,240821,4051800,3943223,86.0454453655594,83.7396661263431,59
-7.6926,53.28823,2022/02/08 00:00:00+00,Tue 08 Feb 2022,901,1236,0,3811880,3703638,240821,4052701,3944459,86.0645793174509,83.7659142556861,60
-7.6926,53.28823,2022/02/09 00:00:00+00,Wed 09 Feb 2022,1332,1782,0,3813212,3705420,240821,4054033,3946241,86.0928661364516,83.8037574324573,61
-7.6926,53.28823,2022/02/10 00:00:00+00,Thu 10 Feb 2022,685,2548,0,3813897,3707968,240821,4054718,3948789,86.1074130366134,83.8578676537889,62
-7.6926,53.28823,2022/02/11 00:00:00+00,Fri 11 Feb 2022,547,4920,0,3814444,3712888,240821,4055265,3953709,86.1190293203922,83.9623504987463,63
-7.6926,53.28823,2022/02/12 00:00:00+00,Sat 12 Feb 2022,1399,5462,0,3815843,3718350,240821,4056664,3959171,86.1487389748831,84.0783434457296,64
-7.6926,53.28823,2022/02/13 00:00:00+00,Sun 13 Feb 2022,1567,4706,0,3817410,3723056,240821,4058231,3963877,86.1820163362751,84.1782817116584,65
-7.6926,53.28823,2022/02/14 00:00:00+00,Mon 14 Feb 2022,172,953,0,3817582,3724009,240821,4058403,3964830,86.1856689885785,84.1985199537812,66
-7.6926,53.28823,2022/02/15 00:00:00+00,Tue 15 Feb 2022,650,818,1,3818232,3724827,240822,4059054,3965649,86.1994938528198,84.2159125249235,67
-7.6926,53.28823,2022/02/16 00:00:00+00,Wed 16 Feb 2022,801,1785,0,3819033,3726612,240822,4059855,3967434,86.2165041696513,84.2538194107465,68
-7.6926,53.28823,2022/02/17 00:00:00+00,Thu 17 Feb 2022,792,1191,2,3819825,3727803,240824,4060649,3968627,86.2333658320285,84.2791543770136,69
-7.6926,53.28823,2022/02/18 00:00:00+00,Fri 18 Feb 2022,792,3293,0,3820617,3731096,240824,4061441,3971920,86.2501850217046,84.3490856795431,70
-7.6926,53.28823,2022/02/19 00:00:00+00,Sat 19 Feb 2022,981,3555,0,3821598,3734651,240824,4062422,3975475,86.2710178816443,84.42458090593,71
-7.6926,53.28823,2022/02/20 00:00:00+00,Sun 20 Feb 2022,1366,3587,0,3822964,3738238,240824,4063788,3979062,86.3000267365654,84.5007556955361,72
-7.6926,53.28823,2022/02/21 00:00:00+00,Mon 21 Feb 2022,252,994,1,3823216,3739232,240825,4064041,3980057,86.3053995332675,84.5218858643842,73
-7.6926,53.28823,2022/02/22 00:00:00+00,Tue 22 Feb 2022,476,981,0,3823692,3740213,240825,4064517,3981038,86.3155080361536,84.5427187243239,74
-7.6926,53.28823,2022/02/23 00:00:00+00,Wed 23 Feb 2022,830,1272,1,3824522,3741485,240826,4065348,3982311,86.3331554435031,84.5697525986391,75
-7.6926,53.28823,2022/02/24 00:00:00+00,Thu 24 Feb 2022,657,1233,0,3825179,3742718,240826,4066005,3983544,86.3471077258481,84.5959370189303,76
-7.6926,53.28823,2022/02/25 00:00:00+00,Fri 25 Feb 2022,691,1228,0,3825870,3743946,240826,4066696,3984772,86.3617820441134,84.6220152574684,77
-7.6926,53.28823,2022/02/26 00:00:00+00,Sat 26 Feb 2022,959,2092,0,3826829,3746038,240826,4067655,3986864,86.3821477043399,84.666441702926,78
-7.6926,53.28823,2022/02/27 00:00:00+00,Sun 27 Feb 2022,671,1783,0,3827500,3747821,240826,4068326,3988647,86.3963972955932,84.7043061160477,79
-7.6926,53.28823,2022/02/28 00:00:00+00,Mon 28 Feb 2022,81,428,0,3827581,3748249,240826,4068407,3989075,86.3981174399919,84.713395274105,80
-7.6926,53.28823,2022/03/01 00:00:00+00,Tue 01 Mar 2022,133,939,1,3827714,3749188,240827,4068541,3990015,86.4009631109725,84.7333574436701,81
-7.6926,53.28823,2022/03/02 00:00:00+00,Wed 02 Mar 2022,207,996,2,3827921,3750184,240829,4068750,3991013,86.4054015082481,84.7545513215699,82
-7.6926,53.28823,2022/03/03 00:00:00+00,Thu 03 Mar 2022,279,1273,0,3828200,3751457,240829,4069029,3992286,86.4113264500658,84.7815851958852,83
-7.6926,53.28823,2022/03/04 00:00:00+00,Fri 04 Mar 2022,734,1506,1,3828934,3752963,240830,4069764,3993793,86.4269351677576,84.813588376241,84
-7.6926,53.28823,2022/03/05 00:00:00+00,Sat 05 Mar 2022,963,3341,0,3829897,3756304,240830,4070727,3997134,86.4473857733865,84.8845390235993,85
-7.6926,53.28823,2022/03/06 00:00:00+00,Sun 06 Mar 2022,455,1915,0,3830352,3758219,240830,4071182,3999049,86.45704831291,84.9252066350004,86
-7.6926,53.28823,2022/03/07 00:00:00+00,Mon 07 Mar 2022,114,123,1,3830466,3758342,240831,4071297,3999173,86.4594904932291,84.927839942475,87
-7.6926,53.28823,2022/03/08 00:00:00+00,Tue 08 Mar 2022,120,492,0,3830586,3758834,240831,4071417,3999665,86.4620388553012,84.9382882269707,88
-7.6926,53.28823,2022/03/09 00:00:00+00,Wed 09 Mar 2022,129,344,1,3830715,3759178,240832,4071547,4000010,86.4647995808794,84.9456147679281,89
-7.6926,53.28823,2022/03/10 00:00:00+00,Thu 10 Mar 2022,258,508,0,3830973,3759686,240832,4071805,4000518,86.4702785593345,84.9564028340335,90
-7.6926,53.28823,2022/03/11 00:00:00+00,Fri 11 Mar 2022,493,2182,0,3831466,3761868,240832,4072298,4002700,86.4807480801808,85.0027405510451,91
-7.6926,53.28823,2022/03/12 00:00:00+00,Sat 12 Mar 2022,473,2391,2,3831939,3764259,240834,4072773,4005093,86.4908353467163,85.0535591380335,92
-7.6926,53.28823,2022/03/13 00:00:00+00,Sun 13 Mar 2022,358,1082,0,3832297,3765341,240834,4073131,4006175,86.4984379602315,85.0765368693839,93
-7.6926,53.28823,2022/03/14 00:00:00+00,Mon 14 Mar 2022,109,121,0,3832406,3765462,240834,4073240,4006296,86.5007527224471,85.0791064678067,94
-7.6926,53.28823,2022/03/15 00:00:00+00,Tue 15 Mar 2022,219,757,1,3832625,3766219,240835,4073460,4007054,86.5054247195793,85.0952036215623,95
-7.6926,53.28823,2022/03/16 00:00:00+00,Wed 16 Mar 2022,196,797,0,3832821,3767016,240835,4073656,4007851,86.5095870442971,85.1121289929914,96
-7.6926,53.28823,2022/03/18 00:00:00+00,Fri 18 Mar 2022,1,6,0,3832822,3767022,240835,4073657,4007857,86.5096082806477,85.112256411095,97
-7.6926,53.28823,2022/03/19 00:00:00+00,Sat 19 Mar 2022,743,2779,0,3833565,3769801,240835,4074400,4010636,86.5253868891443,85.1712722294155,98
-7.6926,53.28823,2022/03/20 00:00:00+00,Sun 20 Mar 2022,395,1402,0,3833960,3771203,240835,4074795,4012038,86.5337752476318,85.2010455929582,99
-7.6926,53.28823,2022/03/21 00:00:00+00,Mon 21 Mar 2022,54,112,0,3834014,3771315,240835,4074849,4012150,86.5349220105642,85.2034240642255,100
-7.6926,53.28823,2022/03/22 00:00:00+00,Tue 22 Mar 2022,139,575,0,3834153,3771890,240835,4074988,4012725,86.5378738632978,85.2156349658212,101
-7.6926,53.28823,2022/03/23 00:00:00+00,Wed 23 Mar 2022,102,221,0,3834255,3772111,240835,4075090,4012946,86.5400399710591,85.220328199304,102
-7.6926,53.28823,2022/03/24 00:00:00+00,Thu 24 Mar 2022,148,245,0,3834403,3772356,240835,4075238,4013191,86.5431829509481,85.2255311052013,103
-7.6926,53.28823,2022/03/25 00:00:00+00,Fri 25 Mar 2022,435,1625,0,3834838,3773981,240835,4075673,4014816,86.5524207634596,85.2600401749281,104
-7.6926,53.28823,2022/03/26 00:00:00+00,Sat 26 Mar 2022,875,1848,0,3835713,3775829,240835,4076548,4016664,86.5710025702355,85.2992849508389,105
-7.6926,53.28823,2022/03/27 00:00:00+00,Sun 27 Mar 2022,380,803,0,3836093,3776632,240835,4076928,4017467,86.5790723834639,85.3163377403716,106
-7.6926,53.28823,2022/03/27 23:00:00+00,Mon 28 Mar 2022,45,53,1,3836138,3776685,240836,4076974,4017521,86.5800492555916,85.3174845033041,107
-7.6926,53.28823,2022/03/28 23:00:00+00,Tue 29 Mar 2022,141,192,3,3836279,3776877,240839,4077118,4017716,86.5831072900781,85.3216255916713,108
-7.6926,53.28823,2022/03/29 23:00:00+00,Wed 30 Mar 2022,109,135,0,3836388,3777012,240839,4077227,4017851,86.5854220522937,85.3244924990024,109
-7.6926,53.28823,2022/03/30 23:00:00+00,Thu 31 Mar 2022,227,358,0,3836615,3777370,240839,4077454,4018209,86.5902427038801,85.3320951125176,110
-7.6926,53.28823,2022/03/31 23:00:00+00,Fri 01 Apr 2022,308,903,0,3836923,3778273,240839,4077762,4019112,86.5967834998653,85.3512715371104,111
-7.6926,53.28823,2022/04/01 23:00:00+00,Sat 02 Apr 2022,729,1539,0,3837652,3779812,240839,4078491,4020651,86.6122647994535,85.3839542806855,112
-7.6926,53.28823,2022/04/02 23:00:00+00,Sun 03 Apr 2022,537,816,0,3838189,3780628,240839,4079028,4021467,86.6236687197263,85.401283142776,113
-7.6926,53.28823,2022/04/03 23:00:00+00,Mon 04 Apr 2022,49,53,0,3838238,3780681,240839,4079077,4021520,86.6247093009057,85.4024086693579,114
-7.6926,53.28823,2022/04/04 23:00:00+00,Tue 05 Apr 2022,131,169,0,3838369,3780850,240839,4079208,4021689,86.6274912628345,85.4059976126095,115
-7.6926,53.28823,2022/04/05 23:00:00+00,Wed 06 Apr 2022,159,209,0,3838528,3781059,240839,4079367,4021898,86.63086784258,85.4104360098851,116
-7.6926,53.28823,2021/08/16 23:00:00+00,Tue 17 Aug 2021,12865,26863,528,3364509,2963109,232951,3597460,3196060,76.3969218334531,67.8726507021693,117
-7.6926,53.28823,2021/08/17 23:00:00+00,Wed 18 Aug 2021,15232,25761,658,3379741,2988870,233609,3613350,3222479,76.7343674445046,68.4336938486999,118
-7.6926,53.28823,2021/08/18 23:00:00+00,Thu 19 Aug 2021,11362,25703,544,3391103,3014573,234153,3625256,3248726,76.9872074347614,68.9910843429271,119
-7.6926,53.28823,2021/08/19 23:00:00+00,Fri 20 Aug 2021,14846,22248,686,3405949,3036821,234839,3640788,3271660,77.3170504322978,69.4781188076129,120
-7.6926,53.28823,2021/08/20 23:00:00+00,Sat 21 Aug 2021,11891,7976,246,3417840,3044797,235085,3652925,3279882,77.5747960195434,69.6527240822552,121
-7.6926,53.28823,2021/08/21 23:00:00+00,Sun 22 Aug 2021,8004,12251,161,3425844,3057048,235246,3661090,3292294,77.7481908222014,69.9163096659161,122
-7.6926,53.28823,2021/08/22 23:00:00+00,Mon 23 Aug 2021,10867,15376,290,3436711,3072424,235536,3672247,3307960,77.9851247858579,70.248998334433,123
-7.6926,53.28823,2021/08/23 23:00:00+00,Tue 24 Aug 2021,9710,22921,383,3446421,3095345,235919,3682340,3331264,78.1994632724749,70.7438902488412,124
-7.6926,53.28823,2021/08/24 23:00:00+00,Wed 25 Aug 2021,9413,19524,315,3455834,3114869,236234,3692068,3351103,78.4060504911225,71.1651982084165,125
-7.6926,53.28823,2021/08/25 23:00:00+00,Thu 26 Aug 2021,8583,19440,368,3464417,3134309,236602,3701019,3370911,78.596137065353,71.5858478411232,126
-7.6926,53.28823,2021/08/26 23:00:00+00,Fri 27 Aug 2021,9725,19209,432,3474142,3153518,237034,3711176,3390552,78.8118346784084,72.0029510032795,127
-7.6926,53.28823,2021/08/27 23:00:00+00,Sat 28 Aug 2021,9919,7921,153,3484061,3161439,237187,3721248,3398626,79.0257272016627,72.1744132980329,128
-7.6926,53.28823,2021/08/28 23:00:00+00,Sun 29 Aug 2021,8799,9188,30,3492860,3170627,237217,3730077,3407844,79.2132229411199,72.3701699778738,129
-7.6926,53.28823,2021/08/29 23:00:00+00,Mon 30 Aug 2021,5059,11133,84,3497919,3181760,237301,3735220,3419061,79.3224414922614,72.6083781225664,130
-7.6926,53.28823,2021/08/30 23:00:00+00,Tue 31 Aug 2021,4061,12888,142,3501980,3194648,237443,3739423,3432091,79.4116978738378,72.8850877708988,131
-7.6926,53.28823,2021/08/31 23:00:00+00,Wed 01 Sep 2021,4963,12528,181,3506943,3207176,237624,3744567,3444800,79.5209376613299,73.1549805506883,132
-7.6926,53.28823,2021/09/01 23:00:00+00,Thu 02 Sep 2021,5007,12360,247,3511950,3219536,237871,3749821,3457407,79.6325134473881,73.4227072227164,133
-7.6926,53.28823,2021/09/02 23:00:00+00,Fri 03 Sep 2021,4774,16068,166,3516724,3235604,238037,3754761,3473641,79.7374210193576,73.7674581383748,134
-7.6926,53.28823,2021/09/03 23:00:00+00,Sat 04 Sep 2021,4628,10582,133,3521352,3246186,238170,3759522,3484356,79.8385272845694,73.9950056350656,135
-7.6926,53.28823,2021/09/04 23:00:00+00,Sun 05 Sep 2021,5305,11901,1,3526657,3258087,238171,3764828,3496258,79.9512073608589,74.24776067992,136
-7.6926,53.28823,2021/09/05 23:00:00+00,Mon 06 Sep 2021,2158,9671,75,3528815,3267758,238246,3767061,3506004,79.9986281317512,74.4547301528784,137
-7.6926,53.28823,2021/09/06 23:00:00+00,Tue 07 Sep 2021,3029,10021,158,3531844,3277779,238404,3770248,3516183,80.0663083811169,74.670894965647,138
-7.6926,53.28823,2021/09/07 23:00:00+00,Wed 08 Sep 2021,2610,14795,187,3534454,3292574,238591,3773045,3531165,80.1257064537482,74.9890579703528,139
-7.6926,53.28823,2021/09/08 23:00:00+00,Thu 09 Sep 2021,3116,14807,138,3537570,3307381,238729,3776299,3546110,80.1948095386042,75.3064352300863,140
-7.6926,53.28823,2021/09/09 23:00:00+00,Fri 10 Sep 2021,3382,13943,115,3540952,3321324,238844,3779796,3560168,80.2690730566563,75.6049758468366,141
-7.6926,53.28823,2021/09/10 23:00:00+00,Sat 11 Sep 2021,2558,11334,62,3543510,3332658,238906,3782416,3571564,80.3247122952312,75.8469852982868,142
-7.6926,53.28823,2021/09/11 23:00:00+00,Sun 12 Sep 2021,2041,12882,1,3545551,3345540,238907,3784458,3584447,80.3680769231586,76.1205732030809,143
-7.6926,53.28823,2021/09/12 23:00:00+00,Mon 13 Sep 2021,1614,7740,52,3547165,3353280,238959,3786124,3592239,80.40345668326,76.2860468469647,144
-7.6926,53.28823,2021/09/13 23:00:00+00,Tue 14 Sep 2021,1547,10783,82,3548712,3364063,239041,3787753,3603104,80.4380506983892,76.5167797962457,145
-7.6926,53.28823,2021/09/14 23:00:00+00,Wed 15 Sep 2021,3282,12366,137,3551994,3376429,239178,3791172,3615607,80.5106577810944,76.7822978878113,146
-7.6926,53.28823,2021/09/15 23:00:00+00,Thu 16 Sep 2021,1913,10572,115,3553907,3387001,239293,3793200,3626294,80.5537251001135,77.0092507666853,147
-7.6926,53.28823,2021/09/16 23:00:00+00,Fri 17 Sep 2021,2561,14613,94,3556468,3401614,239387,3795855,3641001,80.6101076109594,77.3215737749758,148
-7.6926,53.28823,2021/09/17 23:00:00+00,Sat 18 Sep 2021,2288,11232,47,3558756,3412846,239434,3798190,3652280,80.659694489613,77.5610985734057,149
-7.6926,53.28823,2021/09/18 23:00:00+00,Sun 19 Sep 2021,1863,8490,15,3560619,3421336,239449,3800068,3660785,80.6995763560419,77.7417137352681,150
-7.6926,53.28823,2021/09/19 23:00:00+00,Mon 20 Sep 2021,956,5620,35,3561575,3426956,239484,3801059,3666440,80.7206215794876,77.8618052979173,151
-7.6926,53.28823,2021/09/20 23:00:00+00,Tue 21 Sep 2021,1464,6672,90,3563039,3433628,239574,3802613,3673202,80.7536228683217,78.005405500682,152
-7.6926,53.28823,2021/09/21 23:00:00+00,Wed 22 Sep 2021,1897,8150,97,3564936,3441778,239671,3804607,3681449,80.7959681514203,78.1805416840893,153
-7.6926,53.28823,2021/09/22 23:00:00+00,Thu 23 Sep 2021,1702,8725,89,3566638,3450503,239760,3806398,3690263,80.8340024553468,78.3677188782875,154
-7.6926,53.28823,2021/09/23 23:00:00+00,Fri 24 Sep 2021,1911,7375,79,3568549,3457878,239839,3808388,3697717,80.8762627930431,78.5260146356681,155
-7.6926,53.28823,2021/09/24 23:00:00+00,Sat 25 Sep 2021,2421,6599,53,3570970,3464477,239892,3810862,3704369,80.9288015244302,78.6672788398667,156
-7.6926,53.28823,2021/09/25 23:00:00+00,Sun 26 Sep 2021,1549,7097,0,3572519,3471574,239892,3812411,3711466,80.9616966315113,78.8179932200827,157
-7.6926,53.28823,2021/09/26 23:00:00+00,Mon 27 Sep 2021,1178,3820,45,3573697,3475394,239937,3813634,3715331,80.9876686882965,78.900071715156,158
-7.6926,53.28823,2021/09/27 23:00:00+00,Tue 28 Sep 2021,1451,5135,93,3575148,3480529,240030,3815178,3720559,81.0204576136246,79.0110953560986,159
-7.6926,53.28823,2021/09/28 23:00:00+00,Wed 29 Sep 2021,1652,3629,79,3576800,3484158,240109,3816909,3724267,81.0572177365151,79.0898397441275,160
-7.6926,53.28823,2021/09/29 23:00:00+00,Thu 30 Sep 2021,1283,3973,78,3578083,3488131,240187,3818270,3728318,81.0861204096832,79.1758682004125,161
-7.6926,53.28823,2021/09/30 23:00:00+00,Fri 01 Oct 2021,1854,5186,42,3579937,3493317,240229,3820166,3733546,81.1263845304229,79.2868918413551,162
-7.6926,53.28823,2021/10/01 23:00:00+00,Sat 02 Oct 2021,1710,4090,40,3581647,3497407,240269,3821916,3737676,81.1635481439748,79.3745979693377,163
-7.6926,53.28823,2021/10/02 23:00:00+00,Sun 03 Oct 2021,1196,3018,9,3582843,3500425,240278,3823121,3740703,81.1891379464491,79.4388804026072,164
-7.6926,53.28823,2021/10/03 23:00:00+00,Mon 04 Oct 2021,339,1240,18,3583182,3501665,240296,3823478,3741961,81.1967193236137,79.4655957316634,165
-7.6926,53.28823,2021/10/04 23:00:00+00,Tue 05 Oct 2021,964,2826,70,3584146,3504491,240366,3824512,3744857,81.2186777101353,79.5270962030042,166
-7.6926,53.28823,2021/10/05 23:00:00+00,Wed 06 Oct 2021,979,2573,40,3585125,3507064,240406,3825531,3747470,81.2403175513978,79.5825867871249,167
-7.6926,53.28823,2021/10/06 23:00:00+00,Thu 07 Oct 2021,1216,2699,44,3586341,3509763,240450,3826791,3750213,81.2670753531552,79.6408380968237,168
-7.6926,53.28823,2021/10/07 23:00:00+00,Fri 08 Oct 2021,966,2791,48,3587307,3512554,240498,3827805,3753052,81.2886090126647,79.7011280961803,169
-7.6926,53.28823,2021/10/08 23:00:00+00,Sat 09 Oct 2021,735,2384,23,3588042,3514938,240521,3828563,3755459,81.3047061664204,79.7522439920771,170
-7.6926,53.28823,2021/10/09 23:00:00+00,Sun 10 Oct 2021,1505,3915,2,3589547,3518853,240523,3830070,3759376,81.3367093467762,79.8354267773817,171
-7.6926,53.28823,2021/10/10 23:00:00+00,Mon 11 Oct 2021,333,1123,19,3589880,3519976,240542,3830422,3760518,81.3441845421878,79.8596786897681,172
-7.6926,53.28823,2021/10/11 23:00:00+00,Tue 12 Oct 2021,561,1611,20,3590441,3521587,240562,3831003,3762149,81.3565228618871,79.8943151775985,173
-7.6926,53.28823,2021/10/12 23:00:00+00,Wed 13 Oct 2021,998,2071,11,3591439,3523658,240573,3832012,3764231,81.3779503396436,79.93852925955,174
-7.6926,53.28823,2021/10/13 23:00:00+00,Thu 14 Oct 2021,682,1603,8,3592121,3525261,240581,3832702,3765842,81.3926034215583,79.9727410203684,175
-7.6926,53.28823,2021/10/14 23:00:00+00,Fri 15 Oct 2021,951,2070,8,3593072,3527331,240589,3833661,3767920,81.4129690817848,80.0168701569175,176
-7.6926,53.28823,2021/10/15 23:00:00+00,Sat 16 Oct 2021,1370,2645,14,3594442,3529976,240603,3835045,3770579,81.4423601910167,80.0733376131659,177
-7.6926,53.28823,2021/10/16 23:00:00+00,Sun 17 Oct 2021,1702,2891,2,3596144,3532867,240605,3836749,3773472,81.478546932441,80.1347743754549,178
-7.6926,53.28823,2021/10/17 23:00:00+00,Mon 18 Oct 2021,670,1245,6,3596814,3534112,240611,3837425,3774723,81.4929027054474,80.1613410500568,179
-7.6926,53.28823,2021/10/18 23:00:00+00,Tue 19 Oct 2021,1335,1799,13,3598149,3535911,240624,3838773,3776535,81.5215293060576,80.199821317346,180
-7.6926,53.28823,2021/10/19 23:00:00+00,Wed 20 Oct 2021,2260,2327,0,3600409,3538238,240624,3841033,3778862,81.5695234584161,80.2492383051948,181
-7.6926,53.28823,2021/10/20 23:00:00+00,Thu 21 Oct 2021,1739,1839,11,3602148,3540077,240635,3842783,3780712,81.6066870719681,80.2885255538068,182
-7.6926,53.28823,2021/10/21 23:00:00+00,Fri 22 Oct 2021,1505,1926,3,3603653,3542003,240638,3844291,3782641,81.6387114886746,80.3294904741164,183
-7.6926,53.28823,2021/10/22 23:00:00+00,Sat 23 Oct 2021,2013,1700,1,3605666,3543703,240639,3846305,3784342,81.6814814987852,80.3656135064889,184
-7.6926,53.28823,2021/10/23 23:00:00+00,Sun 24 Oct 2021,1949,2186,2,3607615,3545889,240641,3848256,3786530,81.7229136188079,80.4120786416041,185
-7.6926,53.28823,2021/10/24 23:00:00+00,Mon 25 Oct 2021,1220,850,2,3608835,3546739,240643,3849478,3787382,81.7488644392425,80.4301720123162,186
-7.6926,53.28823,2021/10/25 23:00:00+00,Tue 26 Oct 2021,1240,1224,6,3610075,3547963,240649,3850724,3788612,81.7753249320915,80.4562927235556,187
-7.6926,53.28823,2021/10/26 23:00:00+00,Wed 27 Oct 2021,1555,1420,5,3611630,3549383,240654,3852284,3790037,81.8084536390292,80.4865545231622,188
-7.6926,53.28823,2021/10/27 23:00:00+00,Thu 28 Oct 2021,2151,1686,5,3613781,3551069,240659,3854440,3791728,81.8542392109252,80.5224651920286,189
-7.6926,53.28823,2021/10/28 23:00:00+00,Fri 29 Oct 2021,2136,1360,2,3615917,3552429,240661,3856578,3793090,81.8996425285103,80.5513891015473,190
-7.6926,53.28823,2021/10/29 23:00:00+00,Sat 30 Oct 2021,2016,1447,1,3617933,3553876,240662,3858595,3794538,81.9424762476728,80.5821393372177,191
-7.6926,53.28823,2021/10/30 23:00:00+00,Sun 31 Oct 2021,1594,1319,0,3619527,3555195,240662,3860189,3795857,81.9763269905309,80.6101500836606,192
-7.6926,53.28823,2021/11/01 00:00:00+00,Mon 01 Nov 2021,274,286,2,3619801,3555481,240664,3860465,3796145,81.9821882232968,80.6162661526337,193
-7.6926,53.28823,2021/11/02 00:00:00+00,Tue 02 Nov 2021,1096,1093,10,3620897,3556574,240674,3861571,3797248,82.0056756270616,80.6396898473467,194
-7.6926,53.28823,2021/11/03 00:00:00+00,Wed 03 Nov 2021,2533,1876,6,3623430,3558450,240680,3864110,3799130,82.0595947212379,80.679656659178,195
-7.6926,53.28823,2021/11/04 00:00:00+00,Thu 04 Nov 2021,1539,1279,1,3624969,3559729,240681,3865650,3800410,82.0922987011636,80.7068391879474,196
-7.6926,53.28823,2021/11/05 00:00:00+00,Fri 05 Nov 2021,1630,1089,3,3626599,3560818,240684,3867283,3801502,82.1269776616952,80.7300292828038,197
-7.6926,53.28823,2021/11/06 00:00:00+00,Sat 06 Nov 2021,1814,1349,6,3628413,3562167,240690,3869103,3802857,82.1656278197892,80.7588045378683,198
-7.6926,53.28823,2021/11/07 00:00:00+00,Sun 07 Nov 2021,695,774,0,3629108,3562941,240690,3869798,3803631,82.1803870834569,80.7752414732336,199
-7.6926,53.28823,2021/11/08 00:00:00+00,Mon 08 Nov 2021,517,529,3,3629625,3563470,240693,3870318,3804163,82.1914299857695,80.7865392117534,200
-7.6926,53.28823,2021/11/09 00:00:00+00,Tue 09 Nov 2021,1369,1062,3,3630994,3564532,240696,3871690,3805228,82.2205662587942,80.8091559251436,201
-7.6926,53.28823,2021/11/10 00:00:00+00,Wed 10 Nov 2021,1618,1359,1,3632612,3565891,240697,3873309,3806588,82.2549479104174,80.8380373619611,202
-7.6926,53.28823,2021/11/11 00:00:00+00,Thu 11 Nov 2021,1389,1109,2,3634001,3567000,240699,3874700,3807699,82.2844876741036,80.8616309474789,203
-7.6926,53.28823,2021/11/12 00:00:00+00,Fri 12 Nov 2021,1144,1154,6,3635145,3568154,240705,3875850,3808859,82.3089094772948,80.8862651141762,204
-7.6926,53.28823,2021/11/13 00:00:00+00,Sat 13 Nov 2021,1402,1373,0,3636547,3569527,240705,3877252,3810232,82.3386828408376,80.9154226235515,205
-7.6926,53.28823,2021/11/14 00:00:00+00,Sun 14 Nov 2021,1649,1805,0,3638196,3571332,240705,3878901,3812037,82.3737015829788,80.9537542363865,206
-7.6926,53.28823,2021/11/15 00:00:00+00,Mon 15 Nov 2021,1243,589,1,3639439,3571921,240706,3880145,3812627,82.4001196031266,80.9662836832411,207
-7.6926,53.28823,2021/11/16 00:00:00+00,Tue 16 Nov 2021,1317,1070,5,3640756,3572991,240711,3881467,3813702,82.4281940586212,80.9891127601373,208
-7.6926,53.28823,2021/11/17 00:00:00+00,Wed 17 Nov 2021,1510,1109,0,3642266,3574100,240711,3882977,3814811,82.4602609480289,81.012663872954,209
-7.6926,53.28823,2021/11/18 00:00:00+00,Thu 18 Nov 2021,1654,2501,5,3643920,3576601,240716,3884636,3817317,82.4954920536761,81.0658821675603,210
-7.6926,53.28823,2021/11/19 00:00:00+00,Fri 19 Nov 2021,1170,1551,0,3645090,3578152,240716,3885806,3818868,82.5203385838795,81.0988197473426,211
-7.6926,53.28823,2021/11/20 00:00:00+00,Sat 20 Nov 2021,1545,2937,12,3646635,3581089,240728,3887363,3821817,82.5534035817654,81.1614457452653,212
-7.6926,53.28823,2021/11/21 00:00:00+00,Sun 21 Nov 2021,1787,2761,0,3648422,3583850,240728,3889150,3824578,82.5913529402895,81.220079309275,213
-7.6926,53.28823,2021/11/22 00:00:00+00,Mon 22 Nov 2021,720,516,2,3649142,3584366,240730,3889872,3825096,82.6066855854235,81.2310797388863,214
-7.6926,53.28823,2021/11/23 00:00:00+00,Tue 23 Nov 2021,2160,1589,7,3651302,3585955,240737,3892039,3826692,82.6527047571761,81.2649729544457,215
-7.6926,53.28823,2021/11/24 00:00:00+00,Wed 24 Nov 2021,1620,3142,2,3652922,3589097,240739,3893661,3829836,82.6871501178511,81.3317400407356,216
-7.6926,53.28823,2021/11/25 00:00:00+00,Thu 25 Nov 2021,988,1182,1,3653910,3590279,240740,3894650,3831019,82.7081528685956,81.3568626434967,217
-7.6926,53.28823,2021/11/26 00:00:00+00,Fri 26 Nov 2021,1290,1104,12,3655200,3591383,240752,3895952,3832135,82.7358025970783,81.3805624107675,218
-7.6926,53.28823,2021/11/27 00:00:00+00,Sat 27 Nov 2021,1203,1563,6,3656403,3592946,240758,3897161,3833704,82.761477344955,81.4138822448606,219
-7.6926,53.28823,2021/11/28 00:00:00+00,Sun 28 Nov 2021,1959,2257,0,3658362,3595203,240758,3899120,3835961,82.8030793557826,81.4618126881673,220
-7.6926,53.28823,2021/11/29 00:00:00+00,Mon 29 Nov 2021,539,993,1,3658901,3596196,240759,3899660,3836955,82.8145469851072,81.4829216206648,221
-7.6926,53.28823,2021/11/30 00:00:00+00,Tue 30 Nov 2021,1919,1642,6,3660820,3597838,240765,3901585,3838603,82.8554269600143,81.5179191264555,222
-7.6926,53.28823,2021/12/01 00:00:00+00,Wed 01 Dec 2021,1078,1378,3,3661898,3599216,240768,3902666,3839984,82.8783834550141,81.5472465266356,223
-7.6926,53.28823,2021/12/02 00:00:00+00,Thu 02 Dec 2021,1765,1410,0,3663663,3600626,240768,3904431,3841394,82.915865613825,81.5771897809831,224
-7.6926,53.28823,2021/12/03 00:00:00+00,Fri 03 Dec 2021,1043,1184,2,3664706,3601810,240770,3905476,3842580,82.9380576002032,81.6023760927961,225
-7.6926,53.28823,2021/12/04 00:00:00+00,Sat 04 Dec 2021,1204,1700,1,3665910,3603510,240771,3906681,3844281,82.9636474026775,81.6384991251685,226
-7.6926,53.28823,2021/12/05 00:00:00+00,Sun 05 Dec 2021,1347,1773,2,3667257,3605283,240773,3908030,3846056,82.9922952396384,81.6761936474855,227
-7.6926,53.28823,2021/12/06 00:00:00+00,Mon 06 Dec 2021,935,1292,0,3668192,3606575,240773,3908965,3847348,83.0121512274504,81.7036310124621,228
-7.6926,53.28823,2021/12/07 00:00:00+00,Tue 07 Dec 2021,487,740,2,3668679,3607315,240775,3909454,3848090,83.0225358028944,81.7193883846082,229
-7.6926,53.28823,2021/12/08 00:00:00+00,Wed 08 Dec 2021,802,1515,2,3669481,3608830,240777,3910258,3849607,83.0396098287777,81.75160392847,230
-7.6926,53.28823,2021/12/09 00:00:00+00,Thu 09 Dec 2021,798,1208,1,3670279,3610038,240778,3911057,3850816,83.056577672908,81.7772786763468,231
-7.6926,53.28823,2021/12/10 00:00:00+00,Fri 10 Dec 2021,891,1612,1,3671170,3611650,240779,3911949,3852429,83.0755204976441,81.8115329098663,232
-7.6926,53.28823,2021/04/22 23:00:00+00,Fri 23 Apr 2021,33613,12350,3,1014481,423771,253,1014734,424024,21.5492469908622,9.00472232728317,233
-7.6926,53.28823,2020/12/28 00:00:00+00,Mon 28 Dec 2020,221,14,1,221,14,1,222,15,0.00471446983344543,0.000318545259016583,234
-7.6926,53.28823,2021/04/23 23:00:00+00,Sat 24 Apr 2021,23701,6993,2,1038182,430764,255,1038437,431019,22.0526122091602,9.1532705997379,235
-7.6926,53.28823,2021/04/24 23:00:00+00,Sun 25 Apr 2021,9751,301,2,1047933,431065,257,1048190,431322,22.2597303365728,9.15970521397004,236
-7.6926,53.28823,2021/04/25 23:00:00+00,Mon 26 Apr 2021,15594,3057,3,1063527,434122,260,1063787,434382,22.5909536968982,9.22468844680942,237
-7.6926,53.28823,2021/04/26 23:00:00+00,Tue 27 Apr 2021,25913,7813,9,1089440,441935,269,1089709,442204,23.1414423771801,9.39079918121127,238
-7.6926,53.28823,2021/04/27 23:00:00+00,Wed 28 Apr 2021,26036,8610,5,1115476,450545,274,1115750,450819,23.6944581831835,9.57375034163979,239
-7.6926,53.28823,2021/04/28 23:00:00+00,Thu 29 Apr 2021,31689,11332,6,1147165,461877,280,1147445,462157,24.3675443154855,9.81452808475512,240
-7.6926,53.28823,2021/04/29 23:00:00+00,Fri 30 Apr 2021,36110,13527,8,1183275,475404,288,1183563,475692,25.1345588264963,10.1019620901411,241
-7.6926,53.28823,2021/04/30 23:00:00+00,Sat 01 May 2021,16581,6690,18,1199856,482094,306,1200162,482400,25.487061010124,10.2444155299733,242
-7.6926,53.28823,2021/05/01 23:00:00+00,Sun 02 May 2021,12463,909,15,1212319,483003,321,1212640,483324,25.7520481929246,10.2640379179287,243
-7.6926,53.28823,2021/05/02 23:00:00+00,Mon 03 May 2021,14264,922,21,1226583,483925,342,1226925,484267,26.0554094612614,10.2840637965456,244
-7.6926,53.28823,2021/05/03 23:00:00+00,Tue 04 May 2021,26659,6792,10,1253242,490717,352,1253594,491069,26.6217616954423,10.4285134533343,245
-7.6926,53.28823,2021/05/04 23:00:00+00,Wed 05 May 2021,32110,13456,69,1285352,504173,421,1285773,504594,27.3051262214352,10.7157350952142,246
-7.6926,53.28823,2021/05/05 23:00:00+00,Thu 06 May 2021,37291,14374,132,1322643,518547,553,1323196,519100,28.0998541699804,11.0237895970339,247
-7.6926,53.28823,2021/05/06 23:00:00+00,Fri 07 May 2021,40597,15072,97,1363240,533619,650,1363890,534269,28.9640462213418,11.345923799302,248
-7.6926,53.28823,2021/05/07 23:00:00+00,Sat 08 May 2021,25623,7054,10,1388863,540673,660,1389523,541333,29.5083975962999,11.4959373799483,249
-7.6926,53.28823,2021/05/08 23:00:00+00,Sun 09 May 2021,19674,926,5,1408537,541599,665,1409202,542264,29.9263077397791,11.5157084223579,250
-7.6926,53.28823,2021/05/09 23:00:00+00,Mon 10 May 2021,28844,4645,171,1437381,546244,836,1438217,547080,30.5424804524702,11.6179826868528,251
-7.6926,53.28823,2021/05/10 23:00:00+00,Tue 11 May 2021,33922,14823,153,1471303,561067,989,1472292,562056,31.2661090992029,11.936018273455,252
-7.6926,53.28823,2021/05/11 23:00:00+00,Wed 12 May 2021,31291,20943,173,1502594,582010,1162,1503756,583172,31.934289634516,12.3844450527479,253
-7.6926,53.28823,2021/05/12 23:00:00+00,Thu 13 May 2021,35996,25478,152,1538590,607488,1314,1539904,608802,32.7019412360448,12.9287327186542,254
-7.6926,53.28823,2021/05/13 23:00:00+00,Fri 14 May 2021,38219,27942,236,1576809,635430,1550,1578359,636980,33.5185850984103,13.5271306058922,255
-7.6926,53.28823,2021/05/14 23:00:00+00,Sat 15 May 2021,28856,12449,22,1605665,647879,1572,1607237,649451,34.131848431069,13.7919691342386,256
-7.6926,53.28823,2021/05/15 23:00:00+00,Sun 16 May 2021,23174,1173,9,1628839,649052,1581,1630420,650633,34.6241707470545,13.8170705006491,257
-7.6926,53.28823,2021/05/16 23:00:00+00,Mon 17 May 2021,35381,3951,118,1664220,653003,1699,1665919,654702,35.3780399570431,13.903481211245,258
-7.6926,53.28823,2021/05/17 23:00:00+00,Tue 18 May 2021,39011,12493,127,1703231,665496,1826,1705057,667322,36.2091882468692,14.1714839558309,259
-7.6926,53.28823,2021/05/18 23:00:00+00,Wed 19 May 2021,37021,17589,211,1740252,683085,2037,1742289,685122,36.9998600524495,14.5494909965306,260
-7.6926,53.28823,2021/05/19 23:00:00+00,Thu 20 May 2021,39089,19642,136,1779341,702727,2173,1781514,704900,37.8328559047779,14.9695035387193,261
-7.6926,53.28823,2021/05/20 23:00:00+00,Fri 21 May 2021,25836,23247,14934,1805177,725974,17107,1822284,743081,38.698661918785,15.7803286410201,262
-7.6926,53.28823,2021/05/21 23:00:00+00,Sat 22 May 2021,16584,10248,13522,1821761,736222,30629,1852390,766851,39.3380034899819,16.2851166948084,263
-7.6926,53.28823,2021/05/22 23:00:00+00,Sun 23 May 2021,8216,5525,10205,1829977,741747,40834,1870811,782581,39.7291983044048,16.6191644897638,264
-7.6926,53.28823,2021/05/23 23:00:00+00,Mon 24 May 2021,22547,8217,8450,1852524,749964,49284,1901808,799248,40.3874614639873,16.9731107452324,265
-7.6926,53.28823,2021/05/24 23:00:00+00,Tue 25 May 2021,30344,16497,3223,1882868,766461,52507,1935375,818968,41.1003020446146,17.3918915790862,266
-7.6926,53.28823,2021/05/25 23:00:00+00,Wed 26 May 2021,19974,25449,3054,1902842,791910,55561,1958403,847471,41.5893327262569,17.9971912802695,267
-7.6926,53.28823,2021/05/26 23:00:00+00,Thu 27 May 2021,17011,36034,550,1919853,827944,56111,1975964,884055,41.9622642791629,18.7741019306603,268
-7.6926,53.28823,2021/05/27 23:00:00+00,Fri 28 May 2021,27041,31824,1558,1946894,859768,57669,2004563,917437,42.5696026700039,19.4830137864264,269
-7.6926,53.28823,2021/05/28 23:00:00+00,Sat 29 May 2021,24479,7386,534,1971373,867154,58203,2029576,925357,43.1007875075893,19.6512056831872,270
-7.6926,53.28823,2021/05/29 23:00:00+00,Sun 30 May 2021,24248,1676,209,1995621,868830,58412,2054033,927242,43.6201649342406,19.6912362040703,271
-7.6926,53.28823,2021/05/30 23:00:00+00,Mon 31 May 2021,22585,7320,3443,2018206,876150,61855,2080061,938005,44.1729046676862,19.91980304559,272
-7.6926,53.28823,2021/05/31 23:00:00+00,Tue 01 Jun 2021,27566,11512,3654,2045772,887662,65509,2111281,953171,44.8359035334527,20.2418735388064,273
-7.6926,53.28823,2021/06/01 23:00:00+00,Wed 02 Jun 2021,18694,20896,4008,2064466,908558,69517,2133983,978075,45.318011164799,20.7707436141763,274
-7.6926,53.28823,2021/06/02 23:00:00+00,Thu 03 Jun 2021,16690,30703,1977,2081156,939261,71494,2152650,1010755,45.7144301214698,21.4647475518204,275
-7.6926,53.28823,2021/06/03 23:00:00+00,Fri 04 Jun 2021,28977,23340,153,2110133,962601,71647,2181780,1034248,46.33304501448,21.9636531364922,276
-7.6926,53.28823,2021/06/04 23:00:00+00,Sat 05 Jun 2021,20961,11492,33,2131094,974093,71680,2202774,1045773,46.7788809589996,22.2084020771699,277
-7.6926,53.28823,2021/06/05 23:00:00+00,Sun 06 Jun 2021,19943,3907,46,2151037,978000,71726,2222763,1049726,47.2033743711651,22.2923493710961,278
-7.6926,53.28823,2021/06/06 23:00:00+00,Mon 07 Jun 2021,19814,4590,45,2170851,982590,71771,2242622,1054361,47.6251070577525,22.3907798561322,279
-7.6926,53.28823,2021/06/07 23:00:00+00,Tue 08 Jun 2021,26406,18338,45,2197257,1000928,71816,2269073,1072744,48.1868297675023,22.7811676892323,280
-7.6926,53.28823,2021/06/08 23:00:00+00,Wed 09 Jun 2021,32800,20107,174,2230057,1021035,71990,2302047,1093025,48.8870771922232,23.2118621157734,281
-7.6926,53.28823,2021/06/09 23:00:00+00,Thu 10 Jun 2021,27690,27489,272,2257747,1048524,72262,2330009,1120786,49.4808880277313,23.8014044448107,282
-7.6926,53.28823,2021/06/10 23:00:00+00,Fri 11 Jun 2021,26436,32896,40,2284183,1081420,72302,2356485,1153722,50.0431416462461,24.5008448882087,283
-7.6926,53.28823,2021/06/11 23:00:00+00,Sat 12 Jun 2021,12212,19720,105,2296395,1101140,72407,2368802,1173547,50.3047097766,24.9218555388756,284
-7.6926,53.28823,2020/12/29 00:00:00+00,Tue 29 Dec 2020,77,2,0,298,16,1,299,17,0.00634966882973055,0.000361017960218794,285
-7.6926,53.28823,2022/04/06 23:00:00+00,Thu 07 Apr 2022,120,178,0,3838648,3781237,240839,4079487,4022076,86.6334162046522,85.4142160802921,286
-7.6926,53.28823,2021/06/12 23:00:00+00,Sun 13 Jun 2021,8550,18173,833,2304945,1119313,73240,2378185,1192553,50.5039704542901,25.3254736184002,287
-7.6926,53.28823,2021/06/13 23:00:00+00,Mon 14 Jun 2021,16017,31302,50,2320962,1150615,73290,2394252,1223905,50.8451748993981,25.9912756824461,288
-7.6926,53.28823,2021/06/14 23:00:00+00,Tue 15 Jun 2021,14696,41587,205,2335658,1192202,73495,2409153,1265697,51.1616177597052,26.8787852467675,289
-7.6926,53.28823,2021/06/15 23:00:00+00,Wed 16 Jun 2021,13468,48385,216,2349126,1240587,73711,2422837,1314298,51.4522159813307,27.9108931223318,290
-7.6926,53.28823,2021/06/16 23:00:00+00,Thu 17 Jun 2021,21569,42688,534,2370695,1283275,74245,2444940,1357520,51.9216030386669,28.8287706680128,291
-7.6926,53.28823,2021/06/17 23:00:00+00,Fri 18 Jun 2021,12018,50014,554,2382713,1333289,74799,2457512,1408088,52.188586438424,29.9026504452095,292
-7.6926,53.28823,2021/06/18 23:00:00+00,Sat 19 Jun 2021,6317,32803,433,2389030,1366092,75232,2464262,1441324,52.3319318049815,30.6084617937878,293
-7.6926,53.28823,2021/06/19 23:00:00+00,Sun 20 Jun 2021,8514,26140,177,2397544,1392232,75409,2472953,1467641,52.5164969280557,31.1673388325571,294
-7.6926,53.28823,2021/06/20 23:00:00+00,Mon 21 Jun 2021,15476,32334,574,2413020,1424566,75983,2489003,1500549,52.8573403552035,31.8661846581383,295
-7.6926,53.28823,2021/06/21 23:00:00+00,Tue 22 Jun 2021,15141,43539,722,2428161,1468105,76705,2504866,1544810,53.1942125847888,32.8061267720938,296
-7.6926,53.28823,2021/06/22 23:00:00+00,Wed 23 Jun 2021,20086,39386,883,2448247,1507491,77588,2525835,1585079,53.6395176205434,33.6612933744497,297
-7.6926,53.28823,2021/06/23 23:00:00+00,Thu 24 Jun 2021,19022,44273,1032,2467269,1551764,78620,2545889,1630384,54.0653913954979,34.6234062384328,298
-7.6926,53.28823,2021/06/24 23:00:00+00,Fri 25 Jun 2021,15209,50122,843,2482478,1601886,79463,2561941,1681349,54.4062772953469,35.7057168468182,299
-7.6926,53.28823,2021/06/25 23:00:00+00,Sat 26 Jun 2021,9066,30558,510,2491544,1632444,79973,2571517,1712417,54.6096365887031,36.3654877872933,300
-7.6926,53.28823,2021/06/26 23:00:00+00,Sun 27 Jun 2021,8730,30476,59,2500274,1662920,80032,2580306,1742952,54.7962828741362,37.0139397528981,301
-7.6926,53.28823,2021/06/27 23:00:00+00,Mon 28 Jun 2021,24229,24642,522,2524503,1687562,80554,2605057,1768116,55.3219037878641,37.5483312794243,302
-7.6926,53.28823,2021/06/28 23:00:00+00,Tue 29 Jun 2021,28142,31036,810,2552645,1718598,81364,2634009,1799962,55.9367386104674,38.2246241006671,303
-7.6926,53.28823,2021/06/29 23:00:00+00,Wed 30 Jun 2021,22573,36866,590,2575218,1755464,81954,2657172,1837418,56.4286361994408,39.0200528487821,304
-7.6926,53.28823,2021/06/30 23:00:00+00,Thu 01 Jul 2021,15020,48303,640,2590238,1803767,82594,2672832,1886361,56.7611974498541,40.059423556252,305
-7.6926,53.28823,2021/07/01 23:00:00+00,Fri 02 Jul 2021,13681,47263,817,2603919,1851030,83411,2687330,1934441,57.0690820608689,41.0804672931532,306
-7.6926,53.28823,2021/07/02 23:00:00+00,Sat 03 Jul 2021,9312,30474,505,2613231,1881504,83916,2697147,1965420,57.27755931472,41.7383481984248,307
-7.6926,53.28823,2021/07/03 23:00:00+00,Sun 04 Jul 2021,6448,27783,233,2619679,1909287,84149,2703828,1993436,57.4194393730859,42.3333057968654,308
-7.6926,53.28823,2021/07/04 23:00:00+00,Mon 05 Jul 2021,15614,33456,5343,2635293,1942743,89492,2724785,2032235,57.8644895726333,43.1572549638377,309
-7.6926,53.28823,2021/07/05 23:00:00+00,Tue 06 Jul 2021,12407,48292,5486,2647700,1991035,94978,2742678,2086013,58.2444715939389,44.2993034264639,310
-7.6926,53.28823,2021/07/06 23:00:00+00,Wed 07 Jul 2021,19703,43755,5059,2667403,2034790,100037,2767440,2134827,58.7703261075235,45.3359346447063,311
-7.6926,53.28823,2021/07/07 23:00:00+00,Thu 08 Jul 2021,17778,45588,5997,2685181,2080378,106034,2791215,2186412,59.2752203430648,46.4314117904643,312
-7.6926,53.28823,2021/07/08 23:00:00+00,Fri 09 Jul 2021,13521,45084,6531,2698702,2125462,112565,2811267,2238027,59.7010516453181,47.5275260267404,313
-7.6926,53.28823,2021/07/09 23:00:00+00,Sat 10 Jul 2021,8631,23867,4364,2707333,2149329,116929,2824262,2266258,59.9770180213795,48.1270494405602,314
-7.6926,53.28823,2021/07/10 23:00:00+00,Sun 11 Jul 2021,15236,16110,2153,2722569,2165439,119082,2841651,2284521,60.3462969219821,48.5148889115882,315
-7.6926,53.28823,2021/07/11 23:00:00+00,Mon 12 Jul 2021,17108,31759,6092,2739677,2197198,125174,2864851,2322372,60.8389802559278,49.3187060181906,316
-7.6926,53.28823,2021/07/12 23:00:00+00,Tue 13 Jul 2021,20104,36565,8490,2759781,2233763,133664,2893445,2367427,61.4462124650158,50.2755097945234,317
-7.6926,53.28823,2021/07/13 23:00:00+00,Wed 14 Jul 2021,20801,35706,9334,2780582,2269469,142998,2923580,2412467,62.0861698903801,51.2319950255972,318
-7.6926,53.28823,2021/07/14 23:00:00+00,Thu 15 Jul 2021,23639,28834,9585,2804221,2298303,152583,2956804,2450886,62.7917264027512,52.0478743793411,319
-7.6926,53.28823,2021/07/15 23:00:00+00,Fri 16 Jul 2021,23527,27424,9166,2827748,2325727,161749,2989497,2487476,63.4860064129532,52.8249124478356,320
-7.6926,53.28823,2021/07/16 23:00:00+00,Sat 17 Jul 2021,11500,19424,4676,2839248,2345151,166425,3005673,2511576,63.8295256202766,53.3367084973222,321
-7.6926,53.28823,2021/07/17 23:00:00+00,Sun 18 Jul 2021,16865,15818,1932,2856113,2360969,168357,3024470,2529326,64.2287053025256,53.7136537204918,322
-7.6926,53.28823,2021/07/18 23:00:00+00,Mon 19 Jul 2021,24884,18430,6254,2880997,2379399,174611,3055608,2554010,64.8899627875428,54.2378517987295,323
-7.6926,53.28823,2021/07/19 23:00:00+00,Tue 20 Jul 2021,30582,18180,7698,2911579,2397579,182309,3093888,2579888,65.7028902885532,54.7874060795849,324
-7.6926,53.28823,2021/07/20 23:00:00+00,Wed 21 Jul 2021,30353,19840,6888,2941932,2417419,189197,3131129,2606616,66.4937532212889,55.3550112584513,325
-7.6926,53.28823,2021/07/21 23:00:00+00,Thu 22 Jul 2021,33536,15921,6934,2975468,2433340,196131,3171599,2629471,67.3531883301157,55.8403680514395,326
-7.6926,53.28823,2021/07/22 23:00:00+00,Fri 23 Jul 2021,27087,20833,5615,3002555,2454173,201746,3204301,2655919,68.047659467473,56.4020270521376,327
-7.6926,53.28823,2021/07/23 23:00:00+00,Sat 24 Jul 2021,15437,14810,2275,3017992,2468983,204021,3222013,2673004,68.4237977093198,56.7648501021575,328
-7.6926,53.28823,2021/07/24 23:00:00+00,Sun 25 Jul 2021,14718,13640,1043,3032710,2482623,205064,3237774,2687687,68.7585038311438,57.0766634380335,329
-7.6926,53.28823,2021/07/25 23:00:00+00,Mon 26 Jul 2021,23836,18294,3422,3056546,2500917,208486,3265032,2709403,69.3373642758288,57.5378320276871,330
-7.6926,53.28823,2021/07/26 23:00:00+00,Tue 27 Jul 2021,25504,23904,3670,3082050,2524821,212156,3294206,2736977,69.9569135682654,58.123403159162,331
-7.6926,53.28823,2021/07/27 23:00:00+00,Wed 28 Jul 2021,23434,25283,3262,3105484,2550104,215418,3320902,2765522,70.5238391839125,58.7295947870705,332
-7.6926,53.28823,2021/07/28 23:00:00+00,Thu 29 Jul 2021,19270,27865,2962,3124754,2577969,218380,3343134,2796349,70.9959657304763,59.3842477670508,333
-7.6926,53.28823,2021/07/29 23:00:00+00,Fri 30 Jul 2021,21952,22937,2119,3146706,2600906,220499,3367205,2821405,71.5071459257955,59.9163457677121,334
-7.6926,53.28823,2021/07/30 23:00:00+00,Sat 31 Jul 2021,13740,12484,907,3160446,2613390,221406,3381852,2834796,71.8181947530499,60.2007217386115,335
-7.6926,53.28823,2021/07/31 23:00:00+00,Sun 01 Aug 2021,11113,9327,368,3171559,2622717,221774,3393333,2844491,72.0620092943012,60.4066081576892,336
-7.6926,53.28823,2021/08/01 23:00:00+00,Mon 02 Aug 2021,15020,16017,430,3186579,2638734,222204,3408783,2860938,72.3901109110883,60.7558824160256,337
-7.6926,53.28823,2021/08/02 23:00:00+00,Tue 03 Aug 2021,17341,25447,1111,3203920,2664181,223315,3427235,2887496,72.7819640523799,61.3198774152898,338
-7.6926,53.28823,2021/08/03 23:00:00+00,Wed 04 Aug 2021,22110,17304,1576,3226030,2681485,224891,3450921,2906376,73.2849682527177,61.7208197146387,339
-7.6926,53.28823,2021/08/04 23:00:00+00,Thu 05 Aug 2021,13530,30043,1420,3239560,2711528,226311,3465871,2937839,73.6024516942042,62.3889790136012,340
-7.6926,53.28823,2021/08/05 23:00:00+00,Fri 06 Aug 2021,12206,24747,948,3251766,2736275,227259,3479025,2963534,73.8817946500111,62.9346470422967,341
-7.6926,53.28823,2021/08/06 23:00:00+00,Sat 07 Aug 2021,6333,8459,583,3258099,2744734,227842,3485941,2972576,74.0286652507684,63.1266661244318,342
-7.6926,53.28823,2021/08/07 23:00:00+00,Sun 08 Aug 2021,8626,11975,153,3266725,2756709,227995,3494720,2984704,74.2150991726955,63.3842205845221,343
-7.6926,53.28823,2021/08/08 23:00:00+00,Mon 09 Aug 2021,5542,23032,600,3272267,2779741,228595,3500862,3008336,74.3455328380875,63.8860780219274,344
-7.6926,53.28823,2021/08/09 23:00:00+00,Tue 10 Aug 2021,9353,26008,716,3281620,2805749,229311,3510931,3035060,74.55936165229,64.4535982553913,345
-7.6926,53.28823,2021/08/10 23:00:00+00,Wed 11 Aug 2021,7011,31240,665,3288631,2836989,229976,3518607,3066965,74.7223718795041,65.1311440213196,346
-7.6926,53.28823,2021/08/11 23:00:00+00,Thu 12 Aug 2021,6769,38291,862,3295400,2875280,230838,3526238,3106118,74.8844264709411,65.9626108564047,347
-7.6926,53.28823,2021/08/12 23:00:00+00,Fri 13 Aug 2021,10928,28242,870,3306328,2903522,231708,3538036,3135230,75.134972935333,66.5808434951041,348
-7.6926,53.28823,2021/08/13 23:00:00+00,Sat 14 Aug 2021,18134,5843,280,3324462,2909365,231988,3556450,3141353,75.5260190953017,66.7108736698346,349
-7.6926,53.28823,2021/08/14 23:00:00+00,Sun 15 Aug 2021,16998,3729,51,3341460,2913094,232039,3573499,3145133,75.8880776367,66.7911470751068,350
-7.6926,53.28823,2021/08/15 23:00:00+00,Mon 16 Aug 2021,10184,23152,384,3351644,2936246,232423,3584067,3168669,76.1125033898525,67.2909658228544,351
-7.6926,53.28823,2020/12/30 00:00:00+00,Wed 30 Dec 2020,1057,1,0,1355,17,1,1356,18,0.0287964914150991,0.000382254310819899,352
-7.6926,53.28823,2020/12/31 00:00:00+00,Thu 31 Dec 2020,1033,1,0,2388,18,1,2389,19,0.0507336415860411,0.000403490661421005,353
-7.6926,53.28823,2021/01/01 00:00:00+00,Fri 01 Jan 2021,816,0,0,3204,18,1,3205,19,0.0680625036765432,0.000403490661421005,354
-7.6926,53.28823,2021/01/02 00:00:00+00,Sat 02 Jan 2021,1016,0,0,4220,18,1,4221,19,0.0896386358872664,0.000403490661421005,355
-7.6926,53.28823,2022/04/07 23:00:00+00,Fri 08 Apr 2022,267,421,2,3838915,3781658,240841,4079756,4022499,86.6391287829639,85.4231990565964,356
-7.6926,53.28823,2021/01/03 00:00:00+00,Sun 03 Jan 2021,20,2,1,4240,20,2,4242,22,0.0900845992498896,0.000467199713224322,357
-7.6926,53.28823,2021/01/04 00:00:00+00,Mon 04 Jan 2021,1188,3,0,5428,23,2,5430,25,0.115313383764003,0.000530908765027638,358
-7.6926,53.28823,2022/04/08 23:00:00+00,Sat 09 Apr 2022,561,1018,0,3839476,3782676,240841,4080317,4023517,86.6510423756511,85.4448176615083,359
-7.6926,53.28823,2021/01/05 00:00:00+00,Tue 05 Jan 2021,3531,13,0,8959,36,2,8961,38,0.190298937736507,0.00080698132284201,360
-7.6926,53.28823,2022/04/09 23:00:00+00,Sun 10 Apr 2022,413,719,0,3839889,3783395,240841,4080730,4024236,86.6598129884493,85.4600865975905,361
-7.6926,53.28823,2021/01/06 00:00:00+00,Wed 06 Jan 2021,6777,12,0,15736,48,2,15738,50,0.334217685760199,0.00106181753005528,362
-7.6926,53.28823,2022/04/10 23:00:00+00,Mon 11 Apr 2022,70,92,1,3839959,3783487,240842,4080801,4024329,86.661320769342,85.4620615781964,363
-7.6926,53.28823,2021/01/07 00:00:00+00,Thu 07 Jan 2021,11726,8,0,27462,56,2,27464,58,0.583235132908762,0.00123170833486412,364
-7.6926,53.28823,2022/04/11 23:00:00+00,Tue 12 Apr 2022,197,177,0,3840156,3783664,240842,4080998,4024506,86.6655043304104,85.4658204122528,365
-7.6926,53.28823,2021/01/08 00:00:00+00,Fri 08 Jan 2021,12681,5,0,40143,61,2,40145,63,0.852533294881381,0.00133789008786965,366
-7.6926,53.28823,2022/04/12 23:00:00+00,Wed 13 Apr 2022,146,232,0,3840302,3783896,240842,4081144,4024738,86.6686048375982,85.4707472455922,367
-7.6926,53.28823,2021/01/09 00:00:00+00,Sat 09 Jan 2021,8074,8,0,48217,69,2,48219,71,1.02399558963471,0.00150778089267849,368
-7.6926,53.28823,2022/04/13 23:00:00+00,Thu 14 Apr 2022,360,429,0,3840662,3784325,240842,4081504,4025167,86.6762499238146,85.4798576400001,369
-7.6926,53.28823,2021/01/10 00:00:00+00,Sun 10 Jan 2021,4780,4,1,52997,73,3,53000,76,1.12552658185859,0.00161396264568402,370
-7.6926,53.28823,2022/04/14 23:00:00+00,Fri 15 Apr 2022,448,990,0,3841110,3785315,240842,4081952,4026157,86.6857638088839,85.5008816270952,371
-7.6926,53.28823,2021/01/11 00:00:00+00,Mon 11 Jan 2021,8343,7,0,61340,80,3,61343,83,1.30270145492362,0.00176261709989176,372
-7.6926,53.28823,2022/04/15 23:00:00+00,Sat 16 Apr 2022,42,88,0,3841152,3785403,240842,4081994,4026245,86.6866557356091,85.5027504259481,373
-7.6926,53.28823,2021/01/12 00:00:00+00,Tue 12 Jan 2021,8885,10,0,70225,90,3,70228,93,1.49138643001444,0.00197498060590281,374
-7.6926,53.28823,2022/04/16 23:00:00+00,Sun 17 Apr 2022,1,0,0,3841153,3785403,240842,4081995,4026245,86.6866769719597,85.5027504259481,375
-7.6926,53.28823,2021/01/13 00:00:00+00,Wed 13 Jan 2021,9882,4,0,80107,94,3,80110,97,1.70124404665456,0.00205992600830724,376
-7.6926,53.28823,2022/04/17 23:00:00+00,Mon 18 Apr 2022,36,61,1,3841189,3785464,240843,4082032,4026307,86.687462716932,85.5040670796854,377
-7.6926,53.28823,2021/01/14 00:00:00+00,Thu 14 Jan 2021,8084,4,0,88191,98,3,88194,101,1.8729187049139,0.00214487141071166,378
-7.6926,53.28823,2022/04/18 23:00:00+00,Tue 19 Apr 2022,219,269,1,3841408,3785733,240844,4082252,4026577,86.6921347140642,85.5098008943477,379
-7.6926,53.28823,2021/01/15 00:00:00+00,Fri 15 Jan 2021,7691,2,0,95882,100,3,95885,103,2.036247477387,0.00218734411191387,380
-7.6926,53.28823,2022/04/19 23:00:00+00,Wed 20 Apr 2022,251,606,0,3841659,3786339,240844,4082503,4027183,86.6974650380651,85.5226701228119,381
-7.6926,53.28823,2021/01/16 00:00:00+00,Sat 16 Jan 2021,5237,3,0,101119,103,3,101122,106,2.14746224548499,0.00225105316371719,382
-7.6926,53.28823,2021/01/17 00:00:00+00,Sun 17 Jan 2021,1113,4,0,102232,107,3,102235,110,2.17109830370402,0.00233599856612161,383
-7.6926,53.28823,2021/01/18 00:00:00+00,Mon 18 Jan 2021,8714,8,1,110946,115,4,110950,119,2.35617309919266,0.00252712572153156,384
-7.6926,53.28823,2021/01/19 00:00:00+00,Tue 19 Jan 2021,8382,19,0,119328,134,4,119332,138,2.53417618993112,0.00293061638295256,385
-7.6926,53.28823,2021/01/20 00:00:00+00,Wed 20 Jan 2021,8446,962,0,127774,1096,4,127778,1100,2.71353840710806,0.0233599856612161,386
-7.6926,53.28823,2021/01/21 00:00:00+00,Thu 21 Jan 2021,9006,962,0,136780,2058,4,136784,2062,2.90479298062162,0.0437893549394796,387
-7.6926,53.28823,2021/01/22 00:00:00+00,Fri 22 Jan 2021,6781,967,0,143561,3025,4,143565,3029,3.04879667404771,0.0643249059707486,388
-7.6926,53.28823,2021/01/23 00:00:00+00,Sat 23 Jan 2021,4187,460,0,147748,3485,4,147752,3489,3.13771327401454,0.0740936272472572,389
-7.6926,53.28823,2021/01/24 00:00:00+00,Sun 24 Jan 2021,1182,398,0,148930,3883,4,148934,3887,3.16281464042505,0.0825456947864972,390
-7.6926,53.28823,2021/01/25 00:00:00+00,Mon 25 Jan 2021,1359,1289,0,150289,5172,4,150293,5176,3.19167484089195,0.109919350711322,391
-7.6926,53.28823,2021/01/26 00:00:00+00,Tue 26 Jan 2021,1003,3500,0,151292,8672,4,151296,8676,3.21297490054486,0.184246577815191,392
-7.6926,53.28823,2021/01/27 00:00:00+00,Wed 27 Jan 2021,2177,6700,0,153469,15372,4,153473,15376,3.25920643580347,0.326530126842599,393
-7.6926,53.28823,2021/01/28 00:00:00+00,Thu 28 Jan 2021,1009,11541,0,154478,26913,4,154482,26917,3.28063391355998,0.571618849129957,394
-7.6926,53.28823,2021/01/29 00:00:00+00,Fri 29 Jan 2021,1577,11526,0,156055,38439,4,156059,38443,3.31412363845793,0.8163890261583,395
-7.6926,53.28823,2021/01/30 00:00:00+00,Sat 30 Jan 2021,641,7793,0,156696,46232,4,156700,46236,3.32773613919324,0.981883906392715,396
-7.6926,53.28823,2021/01/31 00:00:00+00,Sun 31 Jan 2021,229,4088,0,156925,50320,4,156929,50324,3.33259926348089,1.06869810765003,397
-7.6926,53.28823,2021/02/01 00:00:00+00,Mon 01 Feb 2021,1027,8334,1,157952,58654,5,157957,58659,3.35443023189883,1.24570308991025,398
-7.6926,53.28823,2021/02/02 00:00:00+00,Tue 02 Feb 2021,828,5109,0,158780,63763,5,158785,63768,3.37201393019654,1.3541996051313,399
-7.6926,53.28823,2021/02/03 00:00:00+00,Wed 03 Feb 2021,1401,6865,0,160181,70628,5,160186,70633,3.40176605738869,1.49998715200789,400
-7.6926,53.28823,2021/02/04 00:00:00+00,Thu 04 Feb 2021,1434,10541,1,161615,81169,6,161621,81175,3.43224022050128,1.72386076004474,401
-7.6926,53.28823,2021/02/05 00:00:00+00,Fri 05 Feb 2021,3394,8614,0,165009,89783,6,165015,89789,3.50431639444143,1.90679068412266,402
-7.6926,53.28823,2021/02/06 00:00:00+00,Sat 06 Feb 2021,900,3869,0,165909,93652,6,165915,93658,3.52342910998242,1.98895412459834,403
-7.6926,53.28823,2021/02/07 00:00:00+00,Sun 07 Feb 2021,331,1300,2,166240,94952,8,166248,94960,3.53050081473259,2.01660385308098,404
-7.6926,53.28823,2021/02/08 00:00:00+00,Mon 08 Feb 2021,1185,879,0,167425,95831,8,167433,95839,3.5556658901949,2.03527060525935,405
-7.6926,53.28823,2021/02/09 00:00:00+00,Tue 09 Feb 2021,4263,544,3,171688,96375,11,171699,96386,3.64626016185922,2.04688688903816,406
-7.6926,53.28823,2021/02/10 00:00:00+00,Wed 10 Feb 2021,8825,579,0,180513,96954,11,180524,96965,3.83367095591397,2.0591827360362,407
-7.6926,53.28823,2021/02/11 00:00:00+00,Thu 11 Feb 2021,6184,445,0,186697,97399,11,186708,97410,3.96499654803121,2.06863291205369,408
-7.6926,53.28823,2021/02/12 00:00:00+00,Fri 12 Feb 2021,4395,524,0,191092,97923,11,191103,97934,4.05833030892307,2.07976075976867,409
-7.6926,53.28823,2021/02/13 00:00:00+00,Sat 13 Feb 2021,1209,1914,0,192301,99837,11,192312,99848,4.08400505679981,2.12040713481918,410
-7.6926,53.28823,2021/02/14 00:00:00+00,Sun 14 Feb 2021,2700,27,0,195001,99864,11,195012,99875,4.14134320342279,2.12098051628541,411
-7.6926,53.28823,2021/02/15 00:00:00+00,Mon 15 Feb 2021,1965,7889,0,196966,107753,11,196977,107764,4.18307263235396,2.28851408617754,412
-7.6926,53.28823,2021/02/16 00:00:00+00,Tue 16 Feb 2021,5651,8160,0,202617,115913,11,202628,115924,4.30307924960081,2.46180270708256,413
-7.6926,53.28823,2021/02/17 00:00:00+00,Wed 17 Feb 2021,9745,8465,0,212362,124378,11,212373,124389,4.51002748620858,2.64156841492091,414
-7.6926,53.28823,2021/02/18 00:00:00+00,Thu 18 Feb 2021,8464,8354,1,220826,132732,12,220838,132744,4.68979319404694,2.81899812419315,415
-7.6926,53.28823,2021/02/19 00:00:00+00,Fri 19 Feb 2021,9387,6582,0,230213,139314,12,230225,139326,4.88913881713952,2.95877578384963,416
-7.6926,53.28823,2021/02/20 00:00:00+00,Sat 20 Feb 2021,5886,3571,2,236099,142885,14,236113,142899,5.01417844947883,3.03465326454738,417
-7.6926,53.28823,2021/02/21 00:00:00+00,Sun 21 Feb 2021,1112,1024,6,237211,143909,20,237231,143929,5.03792068945086,3.05652670566652,418
-7.6926,53.28823,2021/02/22 00:00:00+00,Mon 22 Feb 2021,3944,1122,1,241155,145031,21,241176,145052,5.12169809257222,3.08037512739156,419
-7.6926,53.28823,2021/02/23 00:00:00+00,Tue 23 Feb 2021,13361,1066,1,254516,146097,22,254538,146119,5.4054582093042,3.10303431348294,420
-7.6926,53.28823,2021/02/24 00:00:00+00,Wed 24 Feb 2021,16937,2104,3,271453,148201,25,271478,148226,5.76520198848692,3.14777930419947,421
-7.6926,53.28823,2021/02/25 00:00:00+00,Thu 25 Feb 2021,18091,1757,2,289544,149958,27,289571,149985,6.14943127991273,3.18513404490681,422
-7.6926,53.28823,2021/02/26 00:00:00+00,Fri 26 Feb 2021,16078,2769,0,305622,152727,27,305649,152754,6.4908693248773,3.24393749972127,423
-7.6926,53.28823,2021/02/27 00:00:00+00,Sat 27 Feb 2021,8995,704,1,314617,153431,28,314645,153459,6.68191153488485,3.25890912689505,424
-7.6926,53.28823,2021/02/28 00:00:00+00,Sun 28 Feb 2021,2444,57,2,317061,153488,30,317091,153518,6.73385564845515,3.26016207158052,425
-7.6926,53.28823,2021/03/01 00:00:00+00,Mon 01 Mar 2021,5600,793,0,322661,154281,30,322691,154311,6.85277921182134,3.27700249760719,426
-7.6926,53.28823,2021/03/02 00:00:00+00,Tue 02 Mar 2021,12178,1611,0,334839,155892,30,334869,155922,7.1113954894416,3.31121425842558,427
-7.6926,53.28823,2021/03/03 00:00:00+00,Wed 03 Mar 2021,12911,1505,1,347750,157397,31,347781,157428,7.38559924840308,3.34319620243084,428
-7.6926,53.28823,2021/03/04 00:00:00+00,Thu 04 Mar 2021,18739,1690,5,366489,159087,36,366525,159123,7.7836534040702,3.37919181669971,429
-7.6926,53.28823,2021/03/05 00:00:00+00,Fri 05 Mar 2021,18447,2396,6,384936,161483,42,384978,161525,8.1755277817124,3.43020153084357,430
-7.6926,53.28823,2021/03/06 00:00:00+00,Sat 06 Mar 2021,10397,140,4,395333,161623,46,395379,161669,8.3964070643145,3.43325956533013,431
-7.6926,53.28823,2021/03/07 00:00:00+00,Sun 07 Mar 2021,1521,13,3,396854,161636,49,396903,161685,8.42877126263059,3.43359934693975,432
-7.6926,53.28823,2021/03/08 00:00:00+00,Mon 08 Mar 2021,6667,1497,5,403521,163133,54,403575,163187,8.57046019384116,3.46549634554261,433
-7.6926,53.28823,2021/03/09 00:00:00+00,Tue 09 Mar 2021,13829,3105,6,417350,166238,60,417410,166298,8.86426510440745,3.53156263226265,434
-7.6926,53.28823,2021/03/10 00:00:00+00,Wed 10 Mar 2021,13735,3990,3,431085,170228,63,431148,170291,9.15601008896544,3.61635938021286,435
-7.6926,53.28823,2021/03/11 00:00:00+00,Thu 11 Mar 2021,18480,2101,3,449565,172329,66,449631,172395,9.54852155712568,3.66104066187759,436
-7.6926,53.28823,2021/03/12 00:00:00+00,Fri 12 Mar 2021,17330,1338,4,466895,173667,70,466965,173737,9.91663245844524,3.68953984438427,437
-7.6926,53.28823,2021/03/13 00:00:00+00,Sat 13 Mar 2021,8308,174,0,475203,173841,70,475273,173911,10.0930640592392,3.69323496938886,438
-7.6926,53.28823,2021/03/14 00:00:00+00,Sun 14 Mar 2021,383,21,2,475586,173862,72,475658,173934,10.1012400542206,3.69372340545269,439
-7.6926,53.28823,2021/03/15 00:00:00+00,Mon 15 Mar 2021,2654,992,0,478240,174854,72,478312,174926,10.157601328716,3.71478986524898,440
-7.6926,53.28823,2021/03/16 00:00:00+00,Tue 16 Mar 2021,8943,3823,2,487183,178677,74,487257,178751,10.3475604848429,3.79601890629821,441
-7.6926,53.28823,2021/03/17 00:00:00+00,Wed 17 Mar 2021,4898,2415,6,492081,181092,80,492161,181172,10.4517035481907,3.84743211110349,442
-7.6926,53.28823,2021/03/18 00:00:00+00,Thu 18 Mar 2021,11731,4682,5,503812,185774,85,503897,185859,10.7009333588453,3.94696688637087,443
-7.6926,53.28823,2021/03/19 00:00:00+00,Fri 19 Mar 2021,10369,6132,2,514181,191906,87,514268,191993,10.9211755509293,4.07723066095805,444
-7.6926,53.28823,2021/03/20 00:00:00+00,Sat 20 Mar 2021,5242,3117,4,519423,195023,91,519514,195114,11.0325814461827,4.1435093111841,445
-7.6926,53.28823,2021/03/21 00:00:00+00,Sun 21 Mar 2021,3638,55,3,523061,195078,94,523155,195172,11.1099029987214,4.14474101951897,446
-7.6926,53.28823,2021/03/22 00:00:00+00,Mon 22 Mar 2021,7414,2406,1,530475,197484,95,530570,197579,11.2673705384286,4.19585691541583,447
-7.6926,53.28823,2021/03/23 00:00:00+00,Tue 23 Mar 2021,12565,7391,4,543040,204875,99,543139,204974,11.5342902291339,4.352899728111,448
-7.6926,53.28823,2021/03/24 00:00:00+00,Wed 24 Mar 2021,13626,9779,2,556666,214654,101,556767,214755,11.8236992151257,4.56061247334042,449
-7.6926,53.28823,2021/03/25 00:00:00+00,Thu 25 Mar 2021,20872,10224,3,577538,224878,104,577642,224982,12.2670080339238,4.77779663093792,450
-7.6926,53.28823,2021/03/26 00:00:00+00,Fri 26 Mar 2021,19699,9497,1,597237,234375,105,597342,234480,12.6853641407656,4.97949948894722,451
-7.6926,53.28823,2021/03/27 00:00:00+00,Sat 27 Mar 2021,11756,5353,3,608993,239728,108,609101,239836,12.935082387484,5.09324138276674,452
-7.6926,53.28823,2021/03/28 00:00:00+00,Sun 28 Mar 2021,2492,483,0,611485,240211,108,611593,240319,12.9880033731819,5.10349854010708,453
-7.6926,53.28823,2021/03/28 23:00:00+00,Mon 29 Mar 2021,9273,3121,3,620758,243332,111,620869,243443,13.1849917613578,5.16984089938493,454
-7.6926,53.28823,2021/03/29 23:00:00+00,Tue 30 Mar 2021,13327,8668,4,634085,252000,115,634200,252115,13.4680935512211,5.35400253179772,455
-7.6926,53.28823,2021/03/30 23:00:00+00,Wed 31 Mar 2021,15838,10516,4,649923,262516,119,650042,262635,13.8045198174438,5.57740894012135,456
-7.6926,53.28823,2021/03/31 23:00:00+00,Thu 01 Apr 2021,19705,11581,8,669628,274097,127,669755,274224,14.2231519968434,5.82351700723756,457
-7.6926,53.28823,2021/04/01 23:00:00+00,Fri 02 Apr 2021,20140,13722,9,689768,287819,136,689904,287955,14.6510432251051,6.11511333734134,458
-7.6926,53.28823,2021/04/02 23:00:00+00,Sat 03 Apr 2021,7547,4635,6,697315,292454,142,697457,292596,14.8114413811953,6.21367124048107,459
-7.6926,53.28823,2021/04/03 23:00:00+00,Sun 04 Apr 2021,3038,170,3,700353,292624,145,700498,292769,14.8760211233732,6.21734512913506,460
-7.6926,53.28823,2021/04/04 23:00:00+00,Mon 05 Apr 2021,3432,608,4,703785,293232,149,703934,293381,14.9489892240386,6.23034177570294,461
-7.6926,53.28823,2021/04/05 23:00:00+00,Tue 06 Apr 2021,11993,8148,11,715778,301380,160,715938,301540,15.2039103766543,6.40360916025736,462
-7.6926,53.28823,2021/04/06 23:00:00+00,Wed 07 Apr 2021,18363,10471,11,734141,311851,171,734312,312022,15.594107082599,6.62620858725815,463
-7.6926,53.28823,2021/04/07 23:00:00+00,Thu 08 Apr 2021,20180,10562,16,754321,322413,187,754508,322600,16.0229964193389,6.85084670391664,464
-7.6926,53.28823,2021/04/08 23:00:00+00,Fri 09 Apr 2021,20673,9157,16,774994,331570,203,775197,331773,16.4623552769252,7.04564774798058,465
-7.6926,53.28823,2021/04/09 23:00:00+00,Sat 10 Apr 2021,11177,4173,12,786171,335743,215,786386,335958,16.699968803801,7.13452187524621,466
-7.6926,53.28823,2021/04/10 23:00:00+00,Sun 11 Apr 2021,2860,364,8,789031,336107,223,789254,336330,16.7608746573249,7.14242179766982,467
-7.6926,53.28823,2021/04/11 23:00:00+00,Mon 12 Apr 2021,7776,2795,13,796807,338902,236,797043,339138,16.9262845921569,7.20205347015773,468
-7.6926,53.28823,2021/04/12 23:00:00+00,Tue 13 Apr 2021,11513,8600,1,808320,347502,237,808557,347739,17.1707999329781,7.38470732167783,469
-7.6926,53.28823,2021/04/13 23:00:00+00,Wed 14 Apr 2021,20353,6596,2,828673,354098,239,828912,354337,17.6030658494636,7.52482476294393,470
-7.6926,53.28823,2021/04/14 23:00:00+00,Thu 15 Apr 2021,27129,10812,1,855802,364910,240,856042,365150,18.1792080412716,7.75445342199368,471
-7.6926,53.28823,2021/04/15 23:00:00+00,Fri 16 Apr 2021,27975,9835,1,883777,374745,241,884018,374986,18.7733161856881,7.96333416650616,472
-7.6926,53.28823,2021/04/16 23:00:00+00,Sat 17 Apr 2021,15845,4555,3,899622,379300,244,899866,379544,19.1098698700144,8.06012945254599,473
-7.6926,53.28823,2021/04/17 23:00:00+00,Sun 18 Apr 2021,1073,483,0,900695,379783,244,900939,380027,19.1326564742094,8.07038660988633,474
-7.6926,53.28823,2021/04/18 23:00:00+00,Mon 19 Apr 2021,6742,2258,0,907437,382041,244,907681,382285,19.2758319499621,8.11833828954363,475
-7.6926,53.28823,2021/04/19 23:00:00+00,Tue 20 Apr 2021,15086,7317,1,922523,389358,245,922768,389603,19.5962247714809,8.27374590324252,476
-7.6926,53.28823,2021/04/20 23:00:00+00,Wed 21 Apr 2021,26720,9883,4,949243,399241,249,949492,399490,20.1637450049449,8.48370970163564,477
-7.6926,53.28823,2021/04/21 23:00:00+00,Thu 22 Apr 2021,31625,12180,1,980868,411421,250,981118,411671,20.8353658290554,8.74238968830771,478
-7.6926,53.28823,2022/04/20 23:00:00+00,Thu 21 Apr 2022,172,236,0,3841831,3786575,240844,4082675,4027419,86.7011176903685,85.5276819015538,479
-7.6926,53.28823,2022/04/21 23:00:00+00,Fri 22 Apr 2022,198,254,0,3842029,3786829,240844,4082873,4027673,86.7053224877875,85.5330759346065,480
-7.6926,53.28823,2022/04/22 23:00:00+00,Sat 23 Apr 2022,324,1010,0,3842353,3787839,240844,4083197,4028683,86.7122030653823,85.5545246487136,481
-7.6926,53.28823,2022/04/23 23:00:00+00,Sun 24 Apr 2022,181,253,0,3842534,3788092,240844,4083378,4028936,86.7160468448411,85.5598974454157,482
-7.6926,53.28823,2022/04/24 23:00:00+00,Mon 25 Apr 2022,42,58,0,3842576,3788150,240844,4083420,4028994,86.7169387715663,85.5611291537505,483
-7.6926,53.28823,2022/04/25 23:00:00+00,Tue 26 Apr 2022,146,239,0,3842722,3788389,240844,4083566,4029233,86.7200392787541,85.5662046415442,484
-7.6926,53.28823,2022/04/26 23:00:00+00,Wed 27 Apr 2022,122,208,0,3842844,3788597,240844,4083688,4029441,86.7226301135274,85.5706218024692,485
-7.6926,53.28823,2022/04/27 23:00:00+00,Thu 28 Apr 2022,104,129,0,3842948,3788726,240844,4083792,4029570,86.7248386939899,85.5733612916968,486
-7.6926,53.28823,2022/04/28 23:00:00+00,Fri 29 Apr 2022,172,222,0,3843120,3788948,240844,4083964,4029792,86.7284913462933,85.5780757615302,487
-7.6926,53.28823,2022/04/29 23:00:00+00,Sat 30 Apr 2022,281,723,0,3843401,3789671,240844,4084245,4030515,86.7344587608122,85.5934296430148,488
-7.6926,53.28823,2022/04/30 23:00:00+00,Sun 01 May 2022,188,746,0,3843589,3790417,240844,4084433,4031261,86.7384511947252,85.6092719605632,489
-7.6926,53.28823,2022/05/01 23:00:00+00,Mon 02 May 2022,13,26,0,3843602,3790443,240844,4084446,4031287,86.738727267283,85.6098241056789,490
-7.6926,53.28823,2022/05/02 23:00:00+00,Tue 03 May 2022,101,117,0,3843703,3790560,240844,4084547,4031404,86.7408721386938,85.6123087586992,491
-7.6926,53.28823,2022/05/03 23:00:00+00,Wed 04 May 2022,119,129,0,3843822,3790689,240844,4084666,4031533,86.7433992644153,85.6150482479268,492
-7.6926,53.28823,2022/05/04 23:00:00+00,Thu 05 May 2022,117,164,0,3843939,3790853,240844,4084783,4031697,86.7458839174356,85.6185310094253,493
-7.6926,53.28823,2022/05/05 23:00:00+00,Fri 06 May 2022,141,257,0,3844080,3791110,240844,4084924,4031954,86.7488782428704,85.6239887515298,494
-7.6926,53.28823,2022/05/06 23:00:00+00,Sat 07 May 2022,440,1087,0,3844520,3792197,240844,4085364,4033041,86.7582222371349,85.6470726646332,495
-7.6926,53.28823,2022/05/07 23:00:00+00,Sun 08 May 2022,275,437,0,3844795,3792634,240844,4085639,4033478,86.7640622335502,85.6563529498459,496
-7.6926,53.28823,2022/05/08 23:00:00+00,Mon 09 May 2022,27,32,0,3844822,3792666,240844,4085666,4033510,86.7646356150164,85.6570325130651,497
-7.6926,53.28823,2022/05/09 23:00:00+00,Tue 10 May 2022,90,99,1,3844912,3792765,240845,4085757,4033610,86.7665681229211,85.6591561481252,498
-7.6926,53.28823,2022/05/10 23:00:00+00,Wed 11 May 2022,126,132,0,3845038,3792897,240845,4085883,4033742,86.7692439030968,85.6619593464046,499
-7.6926,53.28823,2022/05/11 23:00:00+00,Thu 12 May 2022,250,396,0,3845288,3793293,240845,4086133,4034138,86.7745529907471,85.6703689412426,500
-7.6926,53.28823,2022/05/12 23:00:00+00,Fri 13 May 2022,183,326,0,3845471,3793619,240845,4086316,4034464,86.7784392429071,85.6772919915386,501
-7.6926,53.28823,2022/05/13 23:00:00+00,Sat 14 May 2022,334,632,0,3845805,3794251,240845,4086650,4035096,86.7855321840079,85.6907133651185,502
-7.6926,53.28823,2022/05/14 23:00:00+00,Sun 15 May 2022,169,254,0,3845974,3794505,240845,4086819,4035350,86.7891211272595,85.6961073981712,503
-7.6926,53.28823,2022/05/15 23:00:00+00,Mon 16 May 2022,32,40,0,3846006,3794545,240845,4086851,4035390,86.7898006904787,85.6969568521952,504
-7.6926,53.28823,2022/05/16 23:00:00+00,Tue 17 May 2022,103,96,0,3846109,3794641,240845,4086954,4035486,86.7919880345906,85.6989955418529,505
-7.6926,53.28823,2022/05/17 23:00:00+00,Wed 18 May 2022,105,121,0,3846214,3794762,240845,4087059,4035607,86.7942178514037,85.7015651402756,506
-7.6926,53.28823,2022/05/18 23:00:00+00,Thu 19 May 2022,101,104,0,3846315,3794866,240845,4087160,4035711,86.7963627228145,85.7037737207382,507
-7.6926,53.28823,2022/05/19 23:00:00+00,Fri 20 May 2022,130,208,0,3846445,3795074,240845,4087290,4035919,86.7991234483926,85.7081908816632,508
-7.6926,53.28823,2022/05/20 23:00:00+00,Sat 21 May 2022,393,761,0,3846838,3795835,240845,4087683,4036680,86.8074693341788,85.7243517444706,509
-7.6926,53.28823,2022/05/21 23:00:00+00,Sun 22 May 2022,233,409,0,3847071,3796244,240845,4087916,4037089,86.8124174038689,85.7330374118665,510
-7.6926,53.28823,2022/05/22 23:00:00+00,Mon 23 May 2022,30,35,0,3847101,3796279,240845,4087946,4037124,86.8130544943869,85.7337806841375,511
-7.6926,53.28823,2022/05/23 23:00:00+00,Tue 24 May 2022,80,83,0,3847181,3796362,240845,4088026,4037207,86.814753402435,85.7355433012374,512
-7.6926,53.28823,2022/05/24 23:00:00+00,Wed 25 May 2022,90,133,0,3847271,3796495,240845,4088116,4037340,86.8166646739891,85.7383677358674,513
-7.6926,53.28823,2022/05/25 23:00:00+00,Thu 26 May 2022,138,155,0,3847409,3796650,240845,4088254,4037495,86.819595290372,85.7416593702105,514
-7.6926,53.28823,2022/05/26 23:00:00+00,Fri 27 May 2022,100,151,0,3847509,3796801,240845,4088354,4037646,86.8217189254322,85.7448660591513,515
-7.6926,53.28823,2022/05/27 23:00:00+00,Sat 28 May 2022,335,578,0,3847844,3797379,240845,4088689,4038224,86.8288331028835,85.7571406697987,516
-7.6926,53.28823,2022/05/28 23:00:00+00,Sun 29 May 2022,181,348,0,3848025,3797727,240845,4088870,4038572,86.8326768823423,85.7645309198079,517
-7.6926,53.28823,2022/05/29 23:00:00+00,Mon 30 May 2022,14,21,0,3848039,3797748,240845,4088884,4038593,86.8329741912508,85.7649768831705,518
-7.6926,53.28823,2022/05/30 23:00:00+00,Tue 31 May 2022,67,79,1,3848106,3797827,240846,4088952,4038673,86.8344182630916,85.7666757912186,519
-7.6926,53.28823,2022/05/31 23:00:00+00,Wed 01 Jun 2022,72,100,0,3848178,3797927,240846,4089024,4038773,86.8359472803349,85.7687994262787,520
-7.6926,53.28823,2022/06/01 23:00:00+00,Thu 02 Jun 2022,121,138,0,3848299,3798065,240846,4089145,4038911,86.8385168787576,85.7717300426617,521
-7.6926,53.28823,2022/06/02 23:00:00+00,Fri 03 Jun 2022,65,144,0,3848364,3798209,240846,4089210,4039055,86.8398972415467,85.7747880771483,522
-7.6926,53.28823,2022/06/03 23:00:00+00,Sat 04 Jun 2022,307,606,0,3848671,3798815,240846,4089517,4039661,86.8464168011812,85.7876573056125,523
-7.6926,53.28823,2022/06/04 23:00:00+00,Sun 05 Jun 2022,142,273,0,3848813,3799088,240846,4089659,4039934,86.8494323629666,85.7934548293266,524
-7.6926,53.28823,2022/06/05 23:00:00+00,Mon 06 Jun 2022,3,6,0,3848816,3799094,240846,4089662,4039940,86.8494960720184,85.7935822474303,525
-7.6926,53.28823,2022/06/06 23:00:00+00,Tue 07 Jun 2022,29,50,0,3848845,3799144,240846,4089691,4039990,86.8501119261858,85.7946440649603,526
-7.6926,53.28823,2022/06/07 23:00:00+00,Wed 08 Jun 2022,42,76,0,3848887,3799220,240846,4089733,4040066,86.8510038529111,85.796258027606,527
-7.6926,53.28823,2022/06/08 23:00:00+00,Thu 09 Jun 2022,83,123,0,3848970,3799343,240846,4089816,4040189,86.852766470011,85.7988700987299,528
-7.6926,53.28823,2022/06/09 23:00:00+00,Fri 10 Jun 2022,57,108,0,3849027,3799451,240846,4089873,4040297,86.8539769419952,85.8011636245948,529
-7.6926,53.28823,2022/06/10 23:00:00+00,Sat 11 Jun 2022,191,559,0,3849218,3800010,240846,4090064,4040856,86.8580330849601,85.8130347445808,530
-7.6926,53.28823,2022/06/11 23:00:00+00,Sun 12 Jun 2022,143,287,0,3849361,3800297,240846,4090207,4041143,86.861069883096,85.8191295772034,531
-7.6926,53.28823,2022/06/12 23:00:00+00,Mon 13 Jun 2022,20,45,0,3849381,3800342,240846,4090227,4041188,86.861494610108,85.8200852129804,532
-7.6926,53.28823,2022/06/13 23:00:00+00,Tue 14 Jun 2022,40,53,0,3849421,3800395,240846,4090267,4041241,86.8623440641321,85.8212107395623,533
-7.6926,53.28823,2022/06/14 23:00:00+00,Wed 15 Jun 2022,70,122,0,3849491,3800517,240846,4090337,4041363,86.8638306086741,85.8238015743356,534
-7.6926,53.28823,2022/06/15 23:00:00+00,Thu 16 Jun 2022,82,85,0,3849573,3800602,240846,4090419,4041448,86.8655719894235,85.8256066641367,535
-7.6926,53.28823,2022/06/16 23:00:00+00,Fri 17 Jun 2022,63,94,0,3849636,3800696,240846,4090482,4041542,86.8669098795113,85.8276028810932,536
-7.6926,53.28823,2022/06/17 23:00:00+00,Sat 18 Jun 2022,223,487,0,3849859,3801183,240846,4090705,4042029,86.8716455856954,85.837944983836,537
-7.6926,53.28823,2022/06/18 23:00:00+00,Sun 19 Jun 2022,78,129,0,3849937,3801312,240846,4090783,4042158,86.8733020210422,85.8406844730635,538
-7.6926,53.28823,2022/06/19 23:00:00+00,Mon 20 Jun 2022,8,27,0,3849945,3801339,240846,4090791,4042185,86.8734719118471,85.8412578545297,539
-7.6926,53.28823,2022/06/20 23:00:00+00,Tue 21 Jun 2022,79,167,1,3850024,3801506,240847,4090871,4042353,86.8751708198951,85.8448255614307,540
-7.6926,53.28823,2022/06/21 23:00:00+00,Wed 22 Jun 2022,61,95,0,3850085,3801601,240847,4090932,4042448,86.8764662372818,85.8468430147378,541
-7.6926,53.28823,2022/06/22 23:00:00+00,Thu 23 Jun 2022,66,112,0,3850151,3801713,240847,4090998,4042560,86.8778678364215,85.8492214860051,542
-7.6926,53.28823,2022/06/23 23:00:00+00,Fri 24 Jun 2022,58,89,1,3850209,3801802,240848,4091057,4042650,86.879120781107,85.8511327575592,543
-7.6926,53.28823,2022/06/24 23:00:00+00,Sat 25 Jun 2022,209,291,0,3850418,3802093,240848,4091266,4042941,86.8835591783826,85.8573125355842,544
-7.6926,53.28823,2022/06/25 23:00:00+00,Sun 26 Jun 2022,175,403,0,3850593,3802496,240848,4091441,4043344,86.8872755397378,85.8658707848764,545
-7.6926,53.28823,2022/06/26 23:00:00+00,Mon 27 Jun 2022,2,33,0,3850595,3802529,240848,4091443,4043377,86.887318012439,85.8665715844462,546
-7.6926,53.28823,2022/06/27 23:00:00+00,Tue 28 Jun 2022,50,59,0,3850645,3802588,240848,4091493,4043436,86.888379829969,85.8678245291317,547
-7.6926,53.28823,2022/06/28 23:00:00+00,Wed 29 Jun 2022,66,81,3,3850711,3802669,240851,4091562,4043520,86.8898451381605,85.8696083825822,548
-7.6926,53.28823,2022/06/29 23:00:00+00,Thu 30 Jun 2022,71,86,0,3850782,3802755,240851,4091633,4043606,86.8913529190532,85.8714347087339,549
-7.6926,53.28823,2022/06/30 23:00:00+00,Fri 01 Jul 2022,50,62,0,3850832,3802817,240851,4091683,4043668,86.8924147365832,85.8727513624712,550
-7.6926,53.28823,2022/07/01 23:00:00+00,Sat 02 Jul 2022,182,227,0,3851014,3803044,240851,4091865,4043895,86.8962797523926,85.8775720140576,551
-7.6926,53.28823,2022/07/02 23:00:00+00,Sun 03 Jul 2022,107,272,0,3851121,3803316,240851,4091972,4044167,86.898552041907,85.8833483014211,552
-7.6926,53.28823,2022/07/03 23:00:00+00,Mon 04 Jul 2022,14,14,0,3851135,3803330,240851,4091986,4044181,86.8988493508154,85.8836456103295,553
-7.6926,53.28823,2022/07/04 23:00:00+00,Tue 05 Jul 2022,55,68,0,3851190,3803398,240851,4092041,4044249,86.9000173500985,85.8850896821704,554
-7.6926,53.28823,2022/07/05 23:00:00+00,Wed 06 Jul 2022,63,82,0,3851253,3803480,240851,4092104,4044331,86.9013552401863,85.8868310629197,555
-7.6926,53.28823,2022/07/06 23:00:00+00,Thu 07 Jul 2022,76,72,0,3851329,3803552,240851,4092180,4044403,86.902969202832,85.888360080163,556
-7.6926,53.28823,2022/07/07 23:00:00+00,Fri 08 Jul 2022,102,88,0,3851431,3803640,240851,4092282,4044491,86.9051353105933,85.8902288790159,557
-7.6926,53.28823,2022/07/08 23:00:00+00,Sat 09 Jul 2022,118,141,0,3851549,3803781,240851,4092400,4044632,86.9076411999642,85.8932232044506,558
-7.6926,53.28823,2022/07/09 23:00:00+00,Sun 10 Jul 2022,132,218,0,3851681,3803999,240851,4092532,4044850,86.9104443982436,85.8978527288817,559
-7.6926,53.28823,2022/07/10 23:00:00+00,Mon 11 Jul 2022,10,13,0,3851691,3804012,240851,4092542,4044863,86.9106567617496,85.8981288014395,560
-7.6926,53.28823,2022/07/11 23:00:00+00,Tue 12 Jul 2022,43,80,0,3851734,3804092,240851,4092585,4044943,86.9115699248254,85.8998277094876,561
-7.6926,53.28823,2022/07/12 23:00:00+00,Wed 13 Jul 2022,97,71,0,3851831,3804163,240851,4092682,4045014,86.9136298508338,85.9013354903802,562
-7.6926,53.28823,2022/07/13 23:00:00+00,Thu 14 Jul 2022,41,38,0,3851872,3804201,240851,4092723,4045052,86.9145005412084,85.9021424717031,563
-7.6926,53.28823,2022/07/14 23:00:00+00,Fri 15 Jul 2022,80,111,1,3851952,3804312,240852,4092804,4045164,86.9162206856071,85.9045209429704,564
-7.6926,53.28823,2022/07/15 23:00:00+00,Sat 16 Jul 2022,124,207,0,3852076,3804519,240852,4092928,4045371,86.9188539930816,85.9089168675448,565
-7.6926,53.28823,2022/07/16 23:00:00+00,Sun 17 Jul 2022,119,165,0,3852195,3804684,240852,4093047,4045536,86.9213811188032,85.912420865394,566
-7.6926,53.28823,2022/07/17 23:00:00+00,Mon 18 Jul 2022,9,16,0,3852204,3804700,240852,4093056,4045552,86.9215722459586,85.9127606470037,567
-7.6926,53.28823,2022/07/18 23:00:00+00,Tue 19 Jul 2022,29,31,0,3852233,3804731,240852,4093085,4045583,86.922188100126,85.9134189738723,568
-7.6926,53.28823,2022/07/19 23:00:00+00,Wed 20 Jul 2022,74,63,0,3852307,3804794,240852,4093159,4045646,86.9237595900705,85.9147568639602,569
-7.6926,53.28823,2022/07/20 23:00:00+00,Thu 21 Jul 2022,49,27,0,3852356,3804821,240852,4093208,4045673,86.9248001712499,85.9153302454264,570
-7.6926,53.28823,2022/07/21 23:00:00+00,Fri 22 Jul 2022,73,67,0,3852429,3804888,240852,4093281,4045740,86.9263504248438,85.9167530809166,571
-7.6926,53.28823,2022/07/22 23:00:00+00,Sat 23 Jul 2022,98,172,0,3852527,3805060,240852,4093379,4045912,86.9284315872027,85.92040573322,572
-7.6926,53.28823,2022/07/23 23:00:00+00,Sun 24 Jul 2022,106,232,0,3852633,3805292,240852,4093485,4046144,86.9306826403664,85.9253325665595,573
-7.6926,53.28823,2022/07/24 23:00:00+00,Mon 25 Jul 2022,14,19,0,3852647,3805311,240852,4093499,4046163,86.9309799492749,85.9257360572209,574
-7.6926,53.28823,2022/07/25 23:00:00+00,Tue 26 Jul 2022,22,14,1,3852669,3805325,240853,4093522,4046178,86.9314683853387,85.9260546024799,575
-7.6926,53.28823,2022/07/26 23:00:00+00,Wed 27 Jul 2022,59,65,1,3852728,3805390,240854,4093582,4046244,86.9327425663747,85.9274562016196,576
