X,Y,VaccinationDate,VaccineText,Dose1,Dose2,SingleDose,Dose1Cum,Dose2Cum,SingleDoseCum,PartiallyVacc,FullyVacc,PartialPercent,FullyPercent,ObjectId
-7.6926,53.28823,2022/08/19 23:00:00+00,Sat 20 Aug 2022,109,127,0,3862126,3816543,241283,4103409,4057826,80.4553873953503,79.561643212491,1
-7.6926,53.28823,2022/08/20 23:00:00+00,Sun 21 Aug 2022,39,36,0,3862165,3816579,241283,4103448,4057862,80.4561520668974,79.5623490631499,2
-7.6926,53.28823,2022/08/21 23:00:00+00,Mon 22 Aug 2022,12,13,0,3862177,3816592,241283,4103460,4057875,80.4563873504503,79.5626039536656,3
-7.6926,53.28823,2022/08/22 23:00:00+00,Tue 23 Aug 2022,76,72,0,3862253,3816664,241283,4103536,4057947,80.4578774796191,79.5640156549833,4
-7.6926,53.28823,2022/08/23 23:00:00+00,Wed 24 Aug 2022,53,57,0,3862306,3816721,241283,4103589,4058004,80.4589166486446,79.5651332518599,5
-7.6926,53.28823,2022/08/24 23:00:00+00,Thu 25 Aug 2022,39,50,0,3862345,3816771,241283,4103628,4058054,80.4596813201917,79.5661135999972,6
-7.6926,53.28823,2022/08/25 23:00:00+00,Fri 26 Aug 2022,95,90,0,3862440,3816861,241283,4103723,4058144,80.4615439816526,79.5678782266443,7
-7.6926,53.28823,2022/08/26 23:00:00+00,Sat 27 Aug 2022,86,119,0,3862526,3816980,241283,4103809,4058263,80.4632301804488,79.5702114552111,8
-7.6926,53.28823,2022/08/27 23:00:00+00,Sun 28 Aug 2022,45,21,0,3862571,3817001,241283,4103854,4058284,80.4641124937723,79.5706232014288,9
-7.6926,53.28823,2022/08/28 23:00:00+00,Mon 29 Aug 2022,12,13,0,3862583,3817014,241283,4103866,4058297,80.4643477773253,79.5708780919445,10
-7.6926,53.28823,2022/08/29 23:00:00+00,Tue 30 Aug 2022,40,44,1,3862623,3817058,241284,4103907,4058342,80.4651516627979,79.5717604052681,11
-7.6926,53.28823,2022/08/30 23:00:00+00,Wed 31 Aug 2022,27,29,0,3862650,3817087,241284,4103934,4058371,80.465681050792,79.5723290071877,12
-7.6926,53.28823,2022/08/31 23:00:00+00,Thu 01 Sep 2022,31,33,0,3862681,3817120,241284,4103965,4058404,80.4662888666372,79.5729760369583,13
-7.6926,53.28823,2022/09/01 23:00:00+00,Fri 02 Sep 2022,46,51,0,3862727,3817171,241284,4104011,4058455,80.4671907869235,79.5739759920584,14
-7.6926,53.28823,2022/09/02 23:00:00+00,Sat 03 Sep 2022,66,101,0,3862793,3817272,241284,4104077,4058556,80.4684848464647,79.5759562952958,15
-7.6926,53.28823,2022/09/03 23:00:00+00,Sun 04 Sep 2022,58,82,0,3862851,3817354,241284,4104135,4058638,80.469622050304,79.577564066241,16
-7.6926,53.28823,2022/09/04 23:00:00+00,Mon 05 Sep 2022,10,7,0,3862861,3817361,241284,4104145,4058645,80.4698181199315,79.5777013149802,17
-7.6926,53.28823,2022/09/05 23:00:00+00,Tue 06 Sep 2022,37,22,0,3862898,3817383,241284,4104182,4058667,80.4705435775531,79.5781326681606,18
-7.6926,53.28823,2022/09/06 23:00:00+00,Wed 07 Sep 2022,39,42,0,3862937,3817425,241284,4104221,4058709,80.4713082491002,79.5789561605959,19
-7.6926,53.28823,2022/09/07 23:00:00+00,Thu 08 Sep 2022,31,54,2,3862968,3817479,241286,4104254,4058765,80.4719552788708,79.5800541505097,20
-7.6926,53.28823,2022/09/08 23:00:00+00,Fri 09 Sep 2022,60,60,0,3863028,3817539,241286,4104314,4058825,80.4731316966356,79.5812305682745,21
-7.6926,53.28823,2022/09/09 23:00:00+00,Sat 10 Sep 2022,94,135,0,3863122,3817674,241286,4104408,4058960,80.4749747511337,79.5838775082452,22
-7.6926,53.28823,2022/09/10 23:00:00+00,Sun 11 Sep 2022,58,58,0,3863180,3817732,241286,4104466,4059018,80.476111954973,79.5850147120845,23
-7.6926,53.28823,2022/09/11 23:00:00+00,Mon 12 Sep 2022,11,13,0,3863191,3817745,241286,4104477,4059031,80.4763276315632,79.5852696026002,24
-7.6926,53.28823,2022/09/12 23:00:00+00,Tue 13 Sep 2022,25,25,0,3863216,3817770,241286,4104502,4059056,80.4768178056319,79.5857597766689,25
-7.6926,53.28823,2022/09/13 23:00:00+00,Wed 14 Sep 2022,32,32,0,3863248,3817802,241286,4104534,4059088,80.4774452284397,79.5863871994767,26
-7.6926,53.28823,2022/09/14 23:00:00+00,Thu 15 Sep 2022,33,38,0,3863281,3817840,241286,4104567,4059126,80.4780922582104,79.5871322640611,27
-7.6926,53.28823,2022/09/15 23:00:00+00,Fri 16 Sep 2022,36,56,0,3863317,3817896,241286,4104603,4059182,80.4787981088692,79.5882302539749,28
-7.6926,53.28823,2022/09/16 23:00:00+00,Sat 17 Sep 2022,64,149,0,3863381,3818045,241286,4104667,4059331,80.480052954485,79.5911516914241,29
-7.6926,53.28823,2022/09/17 23:00:00+00,Sun 18 Sep 2022,30,54,0,3863411,3818099,241286,4104697,4059385,80.4806411633674,79.5922104674123,30
-7.6926,53.28823,2022/09/18 23:00:00+00,Mon 19 Sep 2022,10,11,0,3863421,3818110,241286,4104707,4059396,80.4808372329948,79.5924261440025,31
-7.6926,53.28823,2022/09/19 23:00:00+00,Tue 20 Sep 2022,35,37,0,3863456,3818147,241286,4104742,4059433,80.481523476691,79.5931516016242,32
-7.6926,53.28823,2022/09/20 23:00:00+00,Wed 21 Sep 2022,38,32,0,3863494,3818179,241286,4104780,4059465,80.4822685412753,79.593779024432,33
-7.6926,53.28823,2022/09/21 23:00:00+00,Thu 22 Sep 2022,37,35,0,3863531,3818214,241286,4104817,4059500,80.4829939988969,79.5944652681282,34
-7.6926,53.28823,2022/09/22 23:00:00+00,Fri 23 Sep 2022,35,41,0,3863566,3818255,241286,4104852,4059541,80.483680242593,79.5952691536007,35
-7.6926,53.28823,2022/09/23 23:00:00+00,Sat 24 Sep 2022,57,104,0,3863623,3818359,241286,4104909,4059645,80.4847978394696,79.5973082777264,36
-7.6926,53.28823,2022/09/24 23:00:00+00,Sun 25 Sep 2022,42,75,0,3863665,3818434,241286,4104951,4059720,80.4856213319049,79.5987787999323,37
-7.6926,53.28823,2022/09/25 23:00:00+00,Mon 26 Sep 2022,21,10,0,3863686,3818444,241286,4104972,4059730,80.4860330781226,79.5989748695598,38
-7.6926,53.28823,2022/09/26 23:00:00+00,Tue 27 Sep 2022,24,33,2,3863710,3818477,241288,4104998,4059765,80.486542859154,79.5996611132559,39
-7.6926,53.28823,2022/09/27 23:00:00+00,Wed 28 Sep 2022,27,29,0,3863737,3818506,241288,4105025,4059794,80.4870722471481,79.6002297151755,40
-7.6926,53.28823,2022/09/28 23:00:00+00,Thu 29 Sep 2022,20,23,0,3863757,3818529,241288,4105045,4059817,80.487464386403,79.6006806753187,41
-7.6926,53.28823,2022/09/29 23:00:00+00,Fri 30 Sep 2022,33,60,0,3863790,3818589,241288,4105078,4059877,80.4881114161737,79.6018570930835,42
-7.6926,53.28823,2022/09/30 23:00:00+00,Sat 01 Oct 2022,49,106,0,3863839,3818695,241288,4105127,4059983,80.4890721573482,79.6039354311346,43
-7.6926,53.28823,2022/10/01 23:00:00+00,Sun 02 Oct 2022,25,48,0,3863864,3818743,241288,4105152,4060031,80.4895623314169,79.6048765653464,44
-7.6926,53.28823,2022/10/02 23:00:00+00,Mon 03 Oct 2022,7,1,0,3863871,3818744,241288,4105159,4060032,80.4896995801561,79.6048961723091,45
-7.6926,53.28823,2022/10/03 23:00:00+00,Tue 04 Oct 2022,13,17,0,3863884,3818761,241288,4105172,4060049,80.4899544706718,79.6052294906758,46
-7.6926,53.28823,2022/10/04 23:00:00+00,Wed 05 Oct 2022,31,37,0,3863915,3818798,241288,4105203,4060086,80.4905622865169,79.6059549482974,47
-7.6926,53.28823,2022/10/05 23:00:00+00,Thu 06 Oct 2022,32,28,0,3863947,3818826,241288,4105235,4060114,80.4911897093248,79.6065039432543,48
-7.6926,53.28823,2022/10/06 23:00:00+00,Fri 07 Oct 2022,32,40,0,3863979,3818866,241288,4105267,4060154,80.4918171321327,79.6072882217642,49
-7.6926,53.28823,2022/10/07 23:00:00+00,Sat 08 Oct 2022,94,102,0,3864073,3818968,241288,4105361,4060256,80.4936601866308,79.6092881319643,50
-7.6926,53.28823,2022/10/08 23:00:00+00,Sun 09 Oct 2022,37,29,0,3864110,3818997,241288,4105398,4060285,80.4943856442524,79.6098567338839,51
-7.6926,53.28823,2022/10/09 23:00:00+00,Mon 10 Oct 2022,2,3,0,3864112,3819000,241288,4105400,4060288,80.4944248581779,79.6099155547721,52
-7.6926,53.28823,2022/10/10 23:00:00+00,Tue 11 Oct 2022,35,16,0,3864147,3819016,241288,4105435,4060304,80.495111101874,79.6102292661761,53
-7.6926,53.28823,2022/10/11 23:00:00+00,Wed 12 Oct 2022,35,38,0,3864182,3819054,241288,4105470,4060342,80.4957973455702,79.6109743307604,54
-7.6926,53.28823,2022/10/12 23:00:00+00,Thu 13 Oct 2022,32,29,0,3864214,3819083,241288,4105502,4060371,80.496424768378,79.6115429326801,55
-7.6926,53.28823,2022/10/13 23:00:00+00,Fri 14 Oct 2022,60,23,0,3864274,3819106,241288,4105562,4060394,80.4976011861428,79.6119938928232,56
-7.6926,53.28823,2022/10/14 23:00:00+00,Sat 15 Oct 2022,86,121,0,3864360,3819227,241288,4105648,4060515,80.499287384939,79.6143663353155,57
-7.6926,53.28823,2022/10/15 23:00:00+00,Sun 16 Oct 2022,26,37,1,3864386,3819264,241289,4105675,4060553,80.4998167729331,79.6151113998999,58
-7.6926,53.28823,2022/10/16 23:00:00+00,Mon 17 Oct 2022,11,3,0,3864397,3819267,241289,4105686,4060556,80.5000324495233,79.6151702207881,59
-7.6926,53.28823,2022/10/17 23:00:00+00,Tue 18 Oct 2022,49,17,0,3864446,3819284,241289,4105735,4060573,80.5009931906979,79.6155035391548,60
-7.6926,53.28823,2022/10/18 23:00:00+00,Wed 19 Oct 2022,34,42,0,3864480,3819326,241289,4105769,4060615,80.5016598274313,79.6163270315901,61
-7.6926,53.28823,2022/10/19 23:00:00+00,Thu 20 Oct 2022,53,10,0,3864533,3819336,241289,4105822,4060625,80.5026989964568,79.6165231012176,62
-7.6926,53.28823,2022/10/20 23:00:00+00,Fri 21 Oct 2022,35,21,0,3864568,3819357,241289,4105857,4060646,80.503385240153,79.6169348474353,63
-7.6926,53.28823,2022/10/21 23:00:00+00,Sat 22 Oct 2022,84,58,0,3864652,3819415,241289,4105941,4060704,80.5050322250236,79.6180720512746,64
-7.6926,53.28823,2022/10/22 23:00:00+00,Sun 23 Oct 2022,79,48,0,3864731,3819463,241289,4106020,4060752,80.5065811750806,79.6190131854864,65
-7.6926,53.28823,2022/10/23 23:00:00+00,Mon 24 Oct 2022,16,4,0,3864747,3819467,241289,4106036,4060756,80.5068948864845,79.6190916133374,66
-7.6926,53.28823,2022/10/24 23:00:00+00,Tue 25 Oct 2022,27,21,0,3864774,3819488,241289,4106063,4060777,80.5074242744787,79.619503359555,67
-7.6926,53.28823,2022/10/25 23:00:00+00,Wed 26 Oct 2022,23,23,0,3864797,3819511,241289,4106086,4060800,80.5078752346218,79.6199543196982,68
-7.6926,53.28823,2022/10/26 23:00:00+00,Thu 27 Oct 2022,25,35,0,3864822,3819546,241289,4106111,4060835,80.5083654086905,79.6206405633943,69
-7.6926,53.28823,2022/10/27 23:00:00+00,Fri 28 Oct 2022,20,19,0,3864842,3819565,241289,4106131,4060854,80.5087575479454,79.6210130956865,70
-7.6926,53.28823,2022/10/28 23:00:00+00,Sat 29 Oct 2022,87,65,0,3864929,3819630,241289,4106218,4060919,80.5104633537043,79.622287548265,71
-7.6926,53.28823,2022/10/29 23:00:00+00,Sun 30 Oct 2022,11,6,0,3864940,3819636,241289,4106229,4060925,80.5106790302945,79.6224051900415,72
-7.6926,53.28823,2022/11/01 00:00:00+00,Tue 01 Nov 2022,39,24,0,3864979,3819660,241289,4106268,4060949,80.5114437018416,79.6228757571474,73
-7.6926,53.28823,2022/11/02 00:00:00+00,Wed 02 Nov 2022,58,14,0,3865037,3819674,241289,4106326,4060963,80.5125809056809,79.6231502546258,74
-7.6926,53.28823,2022/11/03 00:00:00+00,Thu 03 Nov 2022,43,28,0,3865080,3819702,241289,4106369,4060991,80.513424005079,79.6236992495827,75
-7.6926,53.28823,2022/11/04 00:00:00+00,Fri 04 Nov 2022,32,22,0,3865112,3819724,241289,4106401,4061013,80.5140514278869,79.6241306027631,76
-7.6926,53.28823,2022/11/05 00:00:00+00,Sat 05 Nov 2022,34,54,0,3865146,3819778,241289,4106435,4061067,80.5147180646202,79.6251893787514,77
-7.6926,53.28823,2022/11/06 00:00:00+00,Sun 06 Nov 2022,56,78,0,3865202,3819856,241289,4106491,4061145,80.515816054534,79.6267187218456,78
-7.6926,53.28823,2022/11/07 00:00:00+00,Mon 07 Nov 2022,11,3,0,3865213,3819859,241289,4106502,4061148,80.5160317311242,79.6267775427339,79
-7.6926,53.28823,2022/11/08 00:00:00+00,Tue 08 Nov 2022,17,32,0,3865230,3819891,241289,4106519,4061180,80.5163650494909,79.6274049655417,80
-7.6926,53.28823,2022/11/09 00:00:00+00,Wed 09 Nov 2022,34,32,0,3865264,3819923,241289,4106553,4061212,80.5170316862243,79.6280323883496,81
-7.6926,53.28823,2022/11/10 00:00:00+00,Thu 10 Nov 2022,19,15,0,3865283,3819938,241289,4106572,4061227,80.5174042185165,79.6283264927908,82
-7.6926,53.28823,2022/11/11 00:00:00+00,Fri 11 Nov 2022,23,15,0,3865306,3819953,241289,4106595,4061242,80.5178551786596,79.628620597232,83
-7.6926,53.28823,2022/11/12 00:00:00+00,Sat 12 Nov 2022,69,88,0,3865375,3820041,241289,4106664,4061330,80.5192080590891,79.6303460099537,84
-7.6926,53.28823,2022/11/13 00:00:00+00,Sun 13 Nov 2022,37,62,1,3865412,3820103,241290,4106702,4061393,80.5199531236735,79.6315812486067,85
-7.6926,53.28823,2022/11/14 00:00:00+00,Mon 14 Nov 2022,3,2,0,3865415,3820105,241290,4106705,4061395,80.5200119445617,79.6316204625322,86
-7.6926,53.28823,2022/11/15 00:00:00+00,Tue 15 Nov 2022,14,8,0,3865429,3820113,241290,4106719,4061403,80.5202864420402,79.6317773182341,87
-7.6926,53.28823,2022/11/16 00:00:00+00,Wed 16 Nov 2022,27,20,0,3865456,3820133,241290,4106746,4061423,80.5208158300343,79.6321694574891,88
-7.6926,53.28823,2022/11/17 00:00:00+00,Thu 17 Nov 2022,28,11,2,3865484,3820144,241292,4106776,4061436,80.5214040389167,79.6324243480048,89
-7.6926,53.28823,2022/11/18 00:00:00+00,Fri 18 Nov 2022,13,22,0,3865497,3820166,241292,4106789,4061458,80.5216589294324,79.6328557011852,90
-7.6926,53.28823,2022/11/19 00:00:00+00,Sat 19 Nov 2022,52,58,0,3865549,3820224,241292,4106841,4061516,80.5226784914952,79.6339929050245,91
-7.6926,53.28823,2022/11/20 00:00:00+00,Sun 20 Nov 2022,39,56,0,3865588,3820280,241292,4106880,4061572,80.5234431630423,79.6350908949382,92
-7.6926,53.28823,2022/11/21 00:00:00+00,Mon 21 Nov 2022,4,4,0,3865592,3820284,241292,4106884,4061576,80.5235215908933,79.6351693227892,93
-7.6926,53.28823,2022/11/22 00:00:00+00,Tue 22 Nov 2022,32,22,0,3865624,3820306,241292,4106916,4061598,80.5241490137011,79.6356006759696,94
-7.6926,53.28823,2022/11/23 00:00:00+00,Wed 23 Nov 2022,14,16,0,3865638,3820322,241292,4106930,4061614,80.5244235111796,79.6359143873736,95
-7.6926,53.28823,2022/11/24 00:00:00+00,Thu 24 Nov 2022,18,18,0,3865656,3820340,241292,4106948,4061632,80.524776436509,79.636267312703,96
-7.6926,53.28823,2022/11/25 00:00:00+00,Fri 25 Nov 2022,6,11,0,3865662,3820351,241292,4106954,4061643,80.5248940782855,79.6364829892932,97
-7.6926,53.28823,2022/11/26 00:00:00+00,Sat 26 Nov 2022,64,63,0,3865726,3820414,241292,4107018,4061706,80.5261489239013,79.6377182279462,98
-7.6926,53.28823,2022/11/27 00:00:00+00,Sun 27 Nov 2022,36,42,0,3865762,3820456,241292,4107054,4061748,80.5268547745601,79.6385417203816,99
-7.6926,53.28823,2022/11/28 00:00:00+00,Mon 28 Nov 2022,4,2,0,3865766,3820458,241292,4107058,4061750,80.5269332024111,79.6385809343071,100
-7.6926,53.28823,2022/02/01 00:00:00+00,Tue 01 Feb 2022,754,3424,1,3813223,3684934,241229,4054452,3926163,79.4954893201854,76.9801316764404,101
-7.6926,53.28823,2022/02/02 00:00:00+00,Wed 02 Feb 2022,652,3005,0,3813875,3687939,241229,4055104,3929168,79.5082730598959,77.0390505994927,102
-7.6926,53.28823,2022/02/03 00:00:00+00,Thu 03 Feb 2022,908,2439,1,3814783,3690378,241230,4056013,3931608,79.5260957890322,77.0868915885934,103
-7.6926,53.28823,2022/02/04 00:00:00+00,Fri 04 Feb 2022,1174,6527,0,3815957,3696905,241230,4057187,3938135,79.5491143632962,77.2148662344377,104
-7.6926,53.28823,2022/02/05 00:00:00+00,Sat 05 Feb 2022,1777,5752,0,3817734,3702657,241230,4058964,3943887,79.5839559360962,77.3276454841537,105
-7.6926,53.28823,2022/02/06 00:00:00+00,Sun 06 Feb 2022,1407,7556,0,3819141,3710213,241230,4060371,3951443,79.6115429326801,77.4757956946639,106
-7.6926,53.28823,2022/02/07 00:00:00+00,Mon 07 Feb 2022,443,1354,0,3819584,3711567,241230,4060814,3952797,79.6202288171766,77.5023435222222,107
-7.6926,53.28823,2022/02/08 00:00:00+00,Tue 08 Feb 2022,900,1239,0,3820484,3712806,241230,4061714,3954036,79.6378750836482,77.5266365490647,108
-7.6926,53.28823,2022/02/09 00:00:00+00,Wed 09 Feb 2022,1334,1785,0,3821818,3714591,241230,4063048,3955821,79.6640307719516,77.5616349775667,109
-7.6926,53.28823,2022/02/10 00:00:00+00,Thu 10 Feb 2022,688,2556,1,3822506,3717147,241231,4063737,3958378,79.6775399692837,77.6117699813087,110
-7.6926,53.28823,2022/02/11 00:00:00+00,Fri 11 Feb 2022,546,4927,0,3823052,3722074,241231,4064283,3963305,79.6882453709432,77.7083734867591,111
-7.6926,53.28823,2022/02/12 00:00:00+00,Sat 12 Feb 2022,1398,5466,0,3824450,3727540,241231,4065681,3968771,79.7156559048623,77.8155451451298,112
-7.6926,53.28823,2022/02/13 00:00:00+00,Sun 13 Feb 2022,1566,4707,0,3826016,3732247,241231,4067247,3973478,79.7463604085228,77.907835118776,113
-7.6926,53.28823,2022/02/14 00:00:00+00,Mon 14 Feb 2022,175,954,0,3826191,3733201,241231,4067422,3974432,79.7497916270034,77.9265401612359,114
-7.6926,53.28823,2022/02/15 00:00:00+00,Tue 15 Feb 2022,649,820,1,3826840,3734021,241232,4068072,3975253,79.7625361527884,77.9426374776505,115
-7.6926,53.28823,2022/02/16 00:00:00+00,Wed 16 Feb 2022,799,1787,0,3827639,3735808,241232,4068871,3977040,79.7782021160226,77.9776751200779,116
-7.6926,53.28823,2022/02/17 00:00:00+00,Thu 17 Feb 2022,793,1197,2,3828432,3737005,241234,4069666,3978239,79.7937896514058,78.0011838684106,117
-7.6926,53.28823,2022/02/18 00:00:00+00,Fri 18 Feb 2022,793,3297,0,3829225,3740302,241234,4070459,3981536,79.8093379728636,78.0658280245848,118
-7.6926,53.28823,2022/02/19 00:00:00+00,Sat 19 Feb 2022,981,3557,0,3830206,3743859,241234,4071440,3985093,79.8285724033176,78.135569991073,119
-7.6926,53.28823,2022/02/20 00:00:00+00,Sun 20 Feb 2022,1366,3588,0,3831572,3747447,241234,4072806,3988681,79.8553555144289,78.2059197734063,120
-7.6926,53.28823,2022/02/21 00:00:00+00,Mon 21 Feb 2022,254,997,1,3831826,3748444,241235,4073061,3989679,79.8603552899291,78.2254875222269,121
-7.6926,53.28823,2022/02/22 00:00:00+00,Tue 22 Feb 2022,477,988,1,3832303,3749432,241236,4073539,3990668,79.8697274181218,78.2448788083829,122
-7.6926,53.28823,2022/02/23 00:00:00+00,Wed 23 Feb 2022,829,1276,1,3833132,3750708,241237,4074369,3991945,79.8860011972012,78.2699168998098,123
-7.6926,53.28823,2022/02/24 00:00:00+00,Thu 24 Feb 2022,653,1237,0,3833785,3751945,241237,4075022,3993182,79.8988045438744,78.2941707127268,124
-7.6926,53.28823,2022/02/25 00:00:00+00,Fri 25 Feb 2022,693,1229,0,3834478,3753174,241237,4075715,3994411,79.9123921690575,78.3182676699419,125
-7.6926,53.28823,2022/02/26 00:00:00+00,Sat 26 Feb 2022,959,2094,0,3835437,3755268,241237,4076674,3996505,79.9311952463311,78.3593246499324,126
-7.6926,53.28823,2022/02/27 00:00:00+00,Sun 27 Feb 2022,671,1783,0,3836108,3757051,241237,4077345,3998288,79.9443515183338,78.3942838645088,127
-7.6926,53.28823,2022/02/28 00:00:00+00,Mon 28 Feb 2022,80,437,0,3836188,3757488,241237,4077425,3998725,79.9459200753535,78.4028521072289,128
-7.6926,53.28823,2022/03/01 00:00:00+00,Tue 01 Mar 2022,130,939,1,3836318,3758427,241238,4077556,3999665,79.9484885874732,78.4212826522103,129
-7.6926,53.28823,2022/03/02 00:00:00+00,Wed 02 Mar 2022,208,998,2,3836526,3759425,241240,4077766,4000665,79.9526060496499,78.4408896149565,130
-7.6926,53.28823,2022/03/03 00:00:00+00,Thu 03 Mar 2022,280,1278,0,3836806,3760703,241240,4078046,4001943,79.9580959992189,78.4659473133461,131
-7.6926,53.28823,2022/03/04 00:00:00+00,Fri 04 Mar 2022,735,1509,1,3837541,3762212,241241,4078782,4003453,79.9725267238001,78.4955538270929,132
-7.6926,53.28823,2022/03/05 00:00:00+00,Sat 05 Mar 2022,964,3343,0,3838505,3765555,241241,4079746,4006796,79.9914278358874,78.5610999035534,133
-7.6926,53.28823,2022/03/06 00:00:00+00,Sun 06 Mar 2022,455,1917,0,3838960,3767472,241241,4080201,4008713,80.0003490039369,78.5986864511378,134
-7.6926,53.28823,2022/03/07 00:00:00+00,Mon 07 Mar 2022,116,125,1,3839076,3767597,241242,4080318,4008839,80.0026430185782,78.6011569284438,135
-7.6926,53.28823,2022/03/08 00:00:00+00,Tue 08 Mar 2022,119,495,0,3839195,3768092,241242,4080437,4009334,80.004976247145,78.6108623750032,136
-7.6926,53.28823,2022/03/09 00:00:00+00,Wed 09 Mar 2022,130,344,1,3839325,3768436,241243,4080568,4009679,80.0075447592647,78.6176267771506,137
-7.6926,53.28823,2022/03/10 00:00:00+00,Thu 10 Mar 2022,257,509,0,3839582,3768945,241243,4080825,4010188,80.0125837486905,78.6276067211884,138
-7.6926,53.28823,2022/03/11 00:00:00+00,Fri 11 Mar 2022,493,2184,0,3840075,3771129,241243,4081318,4012372,80.0222499813244,78.6704283278261,139
-7.6926,53.28823,2022/03/12 00:00:00+00,Sat 12 Mar 2022,473,2393,2,3840548,3773522,241245,4081793,4014767,80.0315632886288,78.7173870036032,140
-7.6926,53.28823,2022/03/13 00:00:00+00,Sun 13 Mar 2022,358,1082,0,3840906,3774604,241245,4082151,4015849,80.0385825812919,78.7386017372945,141
-7.6926,53.28823,2022/03/14 00:00:00+00,Mon 14 Mar 2022,105,125,0,3841011,3774729,241245,4082256,4015974,80.0406413123803,78.7410526076378,142
-7.6926,53.28823,2022/03/15 00:00:00+00,Tue 15 Mar 2022,220,757,1,3841231,3775486,241246,4082477,4016732,80.0449744511472,78.7559146853994,143
-7.6926,53.28823,2022/03/16 00:00:00+00,Wed 16 Mar 2022,194,799,0,3841425,3776285,241246,4082671,4017531,80.04877820192,78.7715806486336,144
-7.6926,53.28823,2022/03/17 00:00:00+00,Thu 17 Mar 2022,1,3,0,3841426,3776288,241246,4082672,4017534,80.0487978088827,78.7716394695219,145
-7.6926,53.28823,2022/03/18 00:00:00+00,Fri 18 Mar 2022,4,7,0,3841430,3776295,241246,4082676,4017541,80.0488762367337,78.7717767182611,146
-7.6926,53.28823,2022/03/19 00:00:00+00,Sat 19 Mar 2022,741,2781,0,3842171,3779076,241246,4083417,4020322,80.0634049961286,78.8263036816582,147
-7.6926,53.28823,2022/03/20 00:00:00+00,Sun 20 Mar 2022,395,1402,0,3842566,3780478,241246,4083812,4021724,80.0711497464134,78.8537926434284,148
-7.6926,53.28823,2022/03/21 00:00:00+00,Mon 21 Mar 2022,56,112,0,3842622,3780590,241246,4083868,4021836,80.0722477363271,78.8559886232559,149
-7.6926,53.28823,2022/03/22 00:00:00+00,Tue 22 Mar 2022,141,577,0,3842763,3781167,241246,4084009,4022413,80.0750123180743,78.8673018407605,150
-7.6926,53.28823,2022/03/23 00:00:00+00,Wed 23 Mar 2022,99,221,0,3842862,3781388,241246,4084108,4022634,80.0769534073862,78.8716349795274,151
-7.6926,53.28823,2022/03/24 00:00:00+00,Thu 24 Mar 2022,141,245,0,3843003,3781633,241246,4084249,4022879,80.0797179891334,78.8764386854002,152
-7.6926,53.28823,2022/03/25 00:00:00+00,Fri 25 Mar 2022,433,1625,0,3843436,3783258,241246,4084682,4024504,80.0882078040025,78.9082999998627,153
-7.6926,53.28823,2022/03/26 00:00:00+00,Sat 26 Mar 2022,874,1848,1,3844310,3785106,241247,4085557,4026353,80.1053638964054,78.9445532739804,154
-7.6926,53.28823,2022/03/27 00:00:00+00,Sun 27 Mar 2022,380,805,0,3844690,3785911,241247,4085937,4027158,80.112814542249,78.9603368789911,155
-7.6926,53.28823,2022/03/27 23:00:00+00,Mon 28 Mar 2022,43,54,1,3844733,3785965,241248,4085981,4027213,80.1136772486098,78.9614152619422,156
-7.6926,53.28823,2022/03/28 23:00:00+00,Tue 29 Mar 2022,137,194,3,3844870,3786159,241251,4086121,4027410,80.1164222233943,78.9652778336032,157
-7.6926,53.28823,2022/03/29 23:00:00+00,Wed 30 Mar 2022,109,138,0,3844979,3786297,241251,4086230,4027548,80.1185593823336,78.9679835944621,158
-7.6926,53.28823,2022/03/30 23:00:00+00,Thu 31 Mar 2022,227,361,0,3845206,3786658,241251,4086457,4027909,80.123010162877,78.9750617080135,159
-7.6926,53.28823,2022/03/31 23:00:00+00,Fri 01 Apr 2022,307,908,0,3845513,3787566,241251,4086764,4028817,80.1290295004401,78.992864830187,160
-7.6926,53.28823,2022/04/01 23:00:00+00,Sat 02 Apr 2022,726,1538,1,3846239,3789104,241252,4087491,4030356,80.1432837623566,79.0230399458534,161
-7.6926,53.28823,2022/04/02 23:00:00+00,Sun 03 Apr 2022,538,817,0,3846777,3789921,241252,4088029,4031173,80.153832308314,79.039058834417,162
-7.6926,53.28823,2022/04/03 23:00:00+00,Mon 04 Apr 2022,47,53,0,3846824,3789974,241252,4088076,4031226,80.1547538355631,79.0400980034426,163
-7.6926,53.28823,2022/04/04 23:00:00+00,Tue 05 Apr 2022,130,170,0,3846954,3790144,241252,4088206,4031396,80.1573027407201,79.0434311871094,164
-7.6926,53.28823,2022/04/05 23:00:00+00,Wed 06 Apr 2022,157,211,0,3847111,3790355,241252,4088363,4031607,80.1603810338712,79.0475682562489,165
-7.6926,53.28823,2022/04/06 23:00:00+00,Thu 07 Apr 2022,116,181,0,3847227,3790536,241252,4088479,4031788,80.1626554415498,79.0511171165059,166
-7.6926,53.28823,2022/04/07 23:00:00+00,Fri 08 Apr 2022,252,422,2,3847479,3790958,241254,4088733,4032212,80.1676356100873,79.0594304687103,167
-7.6926,53.28823,2022/04/08 23:00:00+00,Sat 09 Apr 2022,559,1019,0,3848038,3791977,241254,4089292,4033231,80.1785959022624,79.0794099637487,168
-7.6926,53.28823,2022/04/09 23:00:00+00,Sun 10 Apr 2022,414,720,0,3848452,3792697,241254,4089706,4033951,80.1867131848393,79.0935269769259,169
-7.6926,53.28823,2022/04/10 23:00:00+00,Mon 11 Apr 2022,69,93,1,3848521,3792790,241255,4089776,4034045,80.1880856722316,79.0953700314241,170
-7.6926,53.28823,2022/04/11 23:00:00+00,Tue 12 Apr 2022,193,180,1,3848714,3792970,241256,4089970,4034226,80.1918894230043,79.0989188916811,171
-7.6926,53.28823,2022/04/12 23:00:00+00,Wed 13 Apr 2022,140,235,0,3848854,3793205,241256,4090110,4034461,80.1946343977888,79.1035265279265,172
-7.6926,53.28823,2022/04/13 23:00:00+00,Thu 14 Apr 2022,358,431,0,3849212,3793636,241256,4090468,4034892,80.2016536904519,79.1119771288701,173
-7.6926,53.28823,2022/04/14 23:00:00+00,Fri 15 Apr 2022,446,990,0,3849658,3794626,241256,4090914,4035882,80.2103983958367,79.1313880219888,174
-7.6926,53.28823,2022/04/15 23:00:00+00,Sat 16 Apr 2022,44,88,0,3849702,3794714,241256,4090958,4035970,80.2112611021976,79.1331134347105,175
-7.6926,53.28823,2022/04/16 23:00:00+00,Sun 17 Apr 2022,1,1,0,3849703,3794715,241256,4090959,4035971,80.2112807091603,79.1331330416732,176
-7.6926,53.28823,2022/04/17 23:00:00+00,Mon 18 Apr 2022,36,63,1,3849739,3794778,241257,4090996,4036035,80.2120061667819,79.134387887289,177
-7.6926,53.28823,2022/04/18 23:00:00+00,Tue 19 Apr 2022,218,272,1,3849957,3795050,241258,4091215,4036308,80.2163000916233,79.1397405881187,178
-7.6926,53.28823,2022/04/19 23:00:00+00,Wed 20 Apr 2022,254,607,0,3850211,3795657,241258,4091469,4036915,80.2212802601609,79.1516420145056,179
-7.6926,53.28823,2022/04/20 23:00:00+00,Thu 21 Apr 2022,169,239,0,3850380,3795896,241258,4091638,4037154,80.224593836865,79.156328078602,180
-7.6926,53.28823,2022/04/21 23:00:00+00,Fri 22 Apr 2022,194,254,0,3850574,3796150,241258,4091832,4037408,80.2283975876377,79.1613082471395,181
-7.6926,53.28823,2022/04/22 23:00:00+00,Sat 23 Apr 2022,323,1010,0,3850897,3797160,241258,4092155,4038418,80.2347306366048,79.1811112795131,182
-7.6926,53.28823,2022/04/23 23:00:00+00,Sun 24 Apr 2022,181,252,0,3851078,3797412,241258,4092336,4038670,80.2382794968618,79.1860522341252,183
-7.6926,53.28823,2022/04/24 23:00:00+00,Mon 25 Apr 2022,41,60,1,3851119,3797472,241259,4092378,4038731,80.2391029892972,79.1872482588527,184
-7.6926,53.28823,2022/04/25 23:00:00+00,Tue 26 Apr 2022,144,238,0,3851263,3797710,241259,4092522,4038969,80.2419263919326,79.1919147159863,185
-7.6926,53.28823,2022/04/26 23:00:00+00,Wed 27 Apr 2022,123,207,0,3851386,3797917,241259,4092645,4039176,80.2443380483504,79.1959733572747,186
-7.6926,53.28823,2022/04/27 23:00:00+00,Thu 28 Apr 2022,99,130,0,3851485,3798047,241259,4092744,4039306,80.2462791376622,79.1985222624318,187
-7.6926,53.28823,2022/04/28 23:00:00+00,Fri 29 Apr 2022,169,223,0,3851654,3798270,241259,4092913,4039529,80.2495927143664,79.2028946151241,188
-7.6926,53.28823,2022/04/29 23:00:00+00,Sat 30 Apr 2022,281,725,0,3851935,3798995,241259,4093194,4040254,80.255102270898,79.2171096631151,189
-7.6926,53.28823,2022/04/30 23:00:00+00,Sun 01 May 2022,188,749,0,3852123,3799744,241259,4093382,4041003,80.2587883798943,79.231795278212,190
-7.6926,53.28823,2022/05/01 23:00:00+00,Mon 02 May 2022,13,26,0,3852136,3799770,241259,4093395,4041029,80.25904327041,79.2323050592434,191
-7.6926,53.28823,2022/05/02 23:00:00+00,Tue 03 May 2022,95,117,0,3852231,3799887,241259,4093490,4041146,80.2609059318709,79.2345990738847,192
-7.6926,53.28823,2022/05/03 23:00:00+00,Wed 04 May 2022,113,130,0,3852344,3800017,241259,4093603,4041276,80.2631215186612,79.2371479790417,193
-7.6926,53.28823,2022/05/04 23:00:00+00,Thu 05 May 2022,114,167,2,3852458,3800184,241261,4093719,4041445,80.2653959263398,79.2404615557458,194
-7.6926,53.28823,2022/05/05 23:00:00+00,Fri 06 May 2022,135,257,0,3852593,3800441,241261,4093854,4041702,80.2680428663105,79.2455005451716,195
-7.6926,53.28823,2022/05/06 23:00:00+00,Sat 07 May 2022,441,1088,0,3853034,3801529,241261,4094295,4042790,80.2766895368816,79.2668329206394,196
-7.6926,53.28823,2022/05/07 23:00:00+00,Sun 08 May 2022,274,437,0,3853308,3801966,241261,4094569,4043227,80.282061844674,79.2754011633595,197
-7.6926,53.28823,2022/05/08 23:00:00+00,Mon 09 May 2022,23,32,0,3853331,3801998,241261,4094592,4043259,80.2825128048172,79.2760285861674,198
-7.6926,53.28823,2022/05/09 23:00:00+00,Tue 10 May 2022,82,101,1,3853413,3802099,241262,4094675,4043361,80.2841401827251,79.2780284963675,199
-7.6926,53.28823,2022/05/10 23:00:00+00,Wed 11 May 2022,111,132,0,3853524,3802231,241262,4094786,4043493,80.2863165555899,79.28061661545,200
-7.6926,53.28823,2021/07/15 23:00:00+00,Fri 16 Jul 2021,23545,27463,9168,2834575,2330124,161971,2996546,2492095,58.7531657892224,48.8624138249479,201
-7.6926,53.28823,2021/07/16 23:00:00+00,Sat 17 Jul 2021,11534,19467,4683,2846109,2349591,166654,3012763,2516245,59.0711319040772,49.3359219752682,202
-7.6926,53.28823,2021/07/17 23:00:00+00,Sun 18 Jul 2021,16881,15850,1934,2862990,2365441,168588,3031578,2534029,59.4400369081467,49.6846122007463,203
-7.6926,53.28823,2021/07/18 23:00:00+00,Mon 19 Jul 2021,24934,18483,6254,2887924,2383924,174842,3062766,2558766,60.0515388622746,50.1696296381986,204
-7.6926,53.28823,2021/07/19 23:00:00+00,Tue 20 Jul 2021,30627,18225,7700,2918551,2402149,182542,3101093,2584691,60.8030149234475,50.6779401473934,205
-7.6926,53.28823,2021/07/20 23:00:00+00,Wed 21 Jul 2021,30393,19879,6895,2948944,2422028,189437,3138381,2611465,61.5341193503272,51.2028969679597,206
-7.6926,53.28823,2021/07/21 23:00:00+00,Thu 22 Jul 2021,33578,15960,6939,2982522,2437988,196376,3178898,2634364,62.3285346599143,51.6518768078845,207
-7.6926,53.28823,2021/07/22 23:00:00+00,Fri 23 Jul 2021,27120,20885,5616,3009642,2458873,201992,3211634,2660865,62.9703881923733,52.1714809276211,208
-7.6926,53.28823,2021/07/23 23:00:00+00,Sat 24 Jul 2021,15469,14836,2277,3025111,2473709,204269,3229380,2677978,63.3183333532671,52.5070148810965,209
-7.6926,53.28823,2021/07/24 23:00:00+00,Sun 25 Jul 2021,14750,13671,1046,3039861,2487380,205315,3245176,2692695,63.6280449368058,52.7955705518321,210
-7.6926,53.28823,2021/07/25 23:00:00+00,Mon 26 Jul 2021,23883,18354,3424,3063744,2505734,208739,3272483,2714473,64.1634522685158,53.2225709865184,211
-7.6926,53.28823,2021/07/26 23:00:00+00,Tue 27 Jul 2021,25548,23947,3672,3089292,2529681,212411,3301703,2742092,64.7363677199592,53.7640956906053,212
-7.6926,53.28823,2021/07/27 23:00:00+00,Wed 28 Jul 2021,23466,25336,3265,3112758,2555017,215676,3328434,2770693,65.2604814411275,54.3248744321088,213
-7.6926,53.28823,2021/07/28 23:00:00+00,Thu 29 Jul 2021,19313,27914,2966,3132071,2582931,218642,3350713,2801573,65.6973049641497,54.930337441711,214
-7.6926,53.28823,2021/07/29 23:00:00+00,Fri 30 Jul 2021,21994,22989,2126,3154065,2605920,220768,3374833,2826688,66.1702249055876,55.4227663110813,215
-7.6926,53.28823,2021/07/30 23:00:00+00,Sat 31 Jul 2021,13780,12519,907,3167845,2618439,221675,3389520,2840114,66.4581923674408,55.6860093929116,216
-7.6926,53.28823,2021/07/31 23:00:00+00,Sun 01 Aug 2021,11185,9384,370,3179030,2627823,222045,3401075,2849868,66.6847508219729,55.8772557075378,217
-7.6926,53.28823,2021/08/01 23:00:00+00,Mon 02 Aug 2021,15056,16084,431,3194086,2643907,222476,3416562,2866383,66.988403854023,56.201064697291,218
-7.6926,53.28823,2021/08/02 23:00:00+00,Tue 03 Aug 2021,17373,25478,1111,3211459,2669385,223587,3435046,2892972,67.3508189534235,56.7223942297493,219
-7.6926,53.28823,2021/08/03 23:00:00+00,Wed 04 Aug 2021,22155,17355,1577,3233614,2686740,225164,3458778,2911904,67.8161313933159,57.09359324846,220
-7.6926,53.28823,2021/08/04 23:00:00+00,Thu 05 Aug 2021,13569,30090,1422,3247183,2716830,226586,3473769,2943416,68.1100593718439,57.7114478585177,221
-7.6926,53.28823,2021/08/05 23:00:00+00,Fri 06 Aug 2021,12248,24786,949,3259431,2741616,227535,3486966,2969151,68.3688124592053,58.2160330447907,222
-7.6926,53.28823,2021/08/06 23:00:00+00,Sat 07 Aug 2021,6359,8500,586,3265790,2750116,228121,3493911,2978237,68.5049828154775,58.3941819083025,223
-7.6926,53.28823,2021/08/07 23:00:00+00,Sun 08 Aug 2021,8638,12017,154,3274428,2762133,228275,3502703,2990408,68.6773672319419,58.6328182518863,224
-7.6926,53.28823,2021/08/08 23:00:00+00,Mon 09 Aug 2021,5583,23071,602,3280011,2785204,228877,3508888,3014081,68.7986362965271,59.0969738809767,225
-7.6926,53.28823,2021/08/09 23:00:00+00,Tue 10 Aug 2021,9394,26056,719,3289405,2811260,229596,3519001,3040856,68.9969215107792,59.6219503085058,226
-7.6926,53.28823,2021/08/10 23:00:00+00,Wed 11 Aug 2021,7053,31270,669,3296458,2842530,230265,3526723,3072795,69.1483264771052,60.2481770916561,227
-7.6926,53.28823,2021/08/11 23:00:00+00,Thu 12 Aug 2021,6804,38330,865,3303262,2880860,231130,3534392,3111990,69.2986922744057,61.0166719964927,228
-7.6926,53.28823,2021/08/12 23:00:00+00,Fri 13 Aug 2021,10963,28259,875,3314225,2909119,232005,3546230,3141124,69.530799499395,61.58790124914,229
-7.6926,53.28823,2021/08/13 23:00:00+00,Sat 14 Aug 2021,18163,5871,281,3332388,2914990,232286,3564674,3147276,69.8924303202856,61.7085232839545,230
-7.6926,53.28823,2021/08/14 23:00:00+00,Sun 15 Aug 2021,17011,3746,54,3349399,2918736,232340,3581739,3151076,70.2270231395492,61.78302974239,231
-7.6926,53.28823,2021/08/15 23:00:00+00,Mon 16 Aug 2021,10217,23191,386,3359616,2941927,232726,3592342,3174653,70.434915765547,62.2453031030567,232
-7.6926,53.28823,2021/08/16 23:00:00+00,Tue 17 Aug 2021,12894,26896,532,3372510,2968823,233258,3605768,3202081,70.6981588473772,62.783082877259,233
-7.6926,53.28823,2021/08/17 23:00:00+00,Wed 18 Aug 2021,15255,25811,660,3387765,2994634,233918,3621683,3228552,71.0102036594827,63.3020987881132,234
-7.6926,53.28823,2021/08/18 23:00:00+00,Thu 19 Aug 2021,11395,25756,545,3399160,3020390,234463,3633623,3254853,71.2443107946722,63.8177815153006,235
-7.6926,53.28823,2021/08/19 23:00:00+00,Fri 20 Aug 2021,14874,22303,686,3414034,3042693,235149,3649183,3277842,71.5493951350028,64.2685259818726,236
-7.6926,53.28823,2021/08/20 23:00:00+00,Sat 21 Aug 2021,11920,8017,246,3425954,3050710,235395,3661349,3286105,71.7879334437728,64.4305383150443,237
-7.6926,53.28823,2021/08/21 23:00:00+00,Sun 22 Aug 2021,8014,12270,162,3433968,3062980,235557,3669525,3298537,71.9482399711856,64.6742920759048,238
-7.6926,53.28823,2021/08/22 23:00:00+00,Mon 23 Aug 2021,10898,15432,294,3444866,3078412,235851,3680717,3314263,72.1676810982409,64.9826311720513,239
-7.6926,53.28823,2021/08/23 23:00:00+00,Tue 24 Aug 2021,9732,22948,384,3454598,3101360,236235,3690833,3337595,72.3660251333813,65.4401008268452,240
-7.6926,53.28823,2021/08/24 23:00:00+00,Wed 25 Aug 2021,9426,19569,319,3464024,3120929,236554,3700578,3357483,72.5570949853428,65.8300441019413,241
-7.6926,53.28823,2021/08/25 23:00:00+00,Thu 26 Aug 2021,8612,19475,370,3472636,3140404,236924,3709560,3377328,72.733204724729,66.2191442776393,242
-7.6926,53.28823,2021/08/26 23:00:00+00,Fri 27 Aug 2021,9749,19260,432,3482385,3159664,237356,3719741,3397020,72.9328232124479,66.6052445880371,243
-7.6926,53.28823,2021/08/27 23:00:00+00,Sat 28 Aug 2021,9940,7961,155,3492325,3167625,237511,3729836,3405136,73.1307555013706,66.7643746976851,244
-7.6926,53.28823,2021/08/28 23:00:00+00,Sun 29 Aug 2021,8808,9213,30,3501133,3176838,237541,3738674,3414379,73.3040418381214,66.9456018543481,245
-7.6926,53.28823,2021/08/29 23:00:00+00,Mon 30 Aug 2021,5082,11186,85,3506215,3188024,237626,3743841,3425650,73.4053510146309,67.1665919314603,246
-7.6926,53.28823,2021/08/30 23:00:00+00,Tue 31 Aug 2021,4095,12932,146,3510310,3200956,237772,3748082,3438728,73.4885041436375,67.4230117902549,247
-7.6926,53.28823,2021/08/31 23:00:00+00,Wed 01 Sep 2021,5014,12594,184,3515324,3213550,237956,3753280,3451506,73.5904211359921,67.6735495602256,248
-7.6926,53.28823,2021/09/01 23:00:00+00,Thu 02 Sep 2021,5020,12408,249,3520344,3225958,238205,3758549,3464163,73.6937302227018,67.9217148877041,249
-7.6926,53.28823,2021/09/02 23:00:00+00,Fri 03 Sep 2021,4794,16136,167,3525138,3242094,238372,3763510,3480466,73.7910003648856,68.2413672013551,250
-7.6926,53.28823,2021/09/03 23:00:00+00,Sat 04 Sep 2021,4636,10603,136,3529774,3252697,238508,3768282,3491205,73.8845647911104,68.4519263742863,251
-7.6926,53.28823,2021/09/04 23:00:00+00,Sun 05 Sep 2021,5312,11919,1,3535086,3264616,238509,3773595,3503125,73.9887365841808,68.6856413702208,252
-7.6926,53.28823,2021/09/05 23:00:00+00,Mon 06 Sep 2021,2179,9721,76,3537265,3274337,238585,3775850,3512922,74.0329502851735,68.8777307842452,253
-7.6926,53.28823,2021/09/06 23:00:00+00,Tue 07 Sep 2021,3051,10065,162,3540316,3284402,238747,3779063,3523149,74.0959474564769,69.0782511922504,254
-7.6926,53.28823,2021/09/07 23:00:00+00,Wed 08 Sep 2021,2618,14833,191,3542934,3299235,238938,3781872,3538173,74.151023414831,69.372826200549,255
-7.6926,53.28823,2021/09/08 23:00:00+00,Thu 09 Sep 2021,3134,14861,138,3546068,3314096,239076,3785144,3553172,74.2151773969365,69.666911034779,256
-7.6926,53.28823,2021/09/09 23:00:00+00,Fri 10 Sep 2021,3402,13968,116,3549470,3328064,239192,3788662,3567256,74.2841546918776,69.9430554980963,257
-7.6926,53.28823,2021/09/10 23:00:00+00,Sat 11 Sep 2021,2577,11359,62,3552047,3339423,239254,3791301,3578677,74.3358974665647,70.1669866196204,258
-7.6926,53.28823,2021/09/11 23:00:00+00,Sun 12 Sep 2021,2047,12893,1,3554094,3352316,239255,3793349,3591571,74.3760525262689,70.4197987972697,259
-7.6926,53.28823,2021/09/12 23:00:00+00,Mon 13 Sep 2021,1631,7771,53,3555725,3360087,239308,3795033,3599395,74.4090706515335,70.5732036737958,260
-7.6926,53.28823,2021/09/13 23:00:00+00,Tue 14 Sep 2021,1563,10816,82,3557288,3370903,239390,3796678,3610293,74.441324105251,70.7868803538037,261
-7.6926,53.28823,2021/09/14 23:00:00+00,Wed 15 Sep 2021,3294,12397,138,3560582,3383300,239528,3800110,3622828,74.5086152013959,71.0326536318271,262
-7.6926,53.28823,2021/09/15 23:00:00+00,Thu 16 Sep 2021,1924,10594,116,3562506,3393894,239644,3802150,3633538,74.5486134053981,71.2426442028387,263
-7.6926,53.28823,2021/09/16 23:00:00+00,Fri 17 Sep 2021,2567,14641,96,3565073,3408535,239740,3804813,3648275,74.6008267471911,71.5315920128292,264
-7.6926,53.28823,2021/09/17 23:00:00+00,Sat 18 Sep 2021,2294,11254,48,3567367,3419789,239788,3807155,3659577,74.6467462539427,71.7531899057866,265
-7.6926,53.28823,2021/09/18 23:00:00+00,Sun 19 Sep 2021,1866,8503,16,3569233,3428292,239804,3809037,3668096,74.683646557831,71.9202216214213,266
-7.6926,53.28823,2021/09/19 23:00:00+00,Mon 20 Sep 2021,969,5656,35,3570202,3433948,239839,3810041,3673787,74.7033319484282,72.0318048464098,267
-7.6926,53.28823,2021/09/20 23:00:00+00,Tue 21 Sep 2021,1480,6701,90,3571682,3440649,239929,3811611,3680578,74.7341148799397,72.1649557304192,268
-7.6926,53.28823,2021/09/21 23:00:00+00,Wed 22 Sep 2021,1905,8186,97,3573587,3448835,240026,3813613,3688861,74.7733680193576,72.3273602028458,269
-7.6926,53.28823,2021/09/22 23:00:00+00,Thu 23 Sep 2021,1695,8750,89,3575282,3457585,240115,3815397,3697700,74.8083468408968,72.5006661465593,270
-7.6926,53.28823,2021/09/23 23:00:00+00,Fri 24 Sep 2021,1918,7415,81,3577200,3465000,240196,3817396,3705196,74.8475411594264,72.6476399393047,271
-7.6926,53.28823,2021/09/24 23:00:00+00,Sat 25 Sep 2021,2429,6632,53,3579629,3471632,240249,3819878,3711881,74.8962056409624,72.7787124852629,272
-7.6926,53.28823,2021/09/25 23:00:00+00,Sun 26 Sep 2021,1551,7108,0,3581180,3478740,240249,3821429,3718989,74.9266160401817,72.9180787764628,273
-7.6926,53.28823,2021/09/26 23:00:00+00,Mon 27 Sep 2021,1181,3858,45,3582361,3482598,240294,3822655,3722892,74.9506541765086,72.9946047520611,274
-7.6926,53.28823,2021/09/27 23:00:00+00,Tue 28 Sep 2021,1460,5172,94,3583821,3487770,240388,3824209,3728158,74.9811233966161,73.0978550178825,275
-7.6926,53.28823,2021/09/28 23:00:00+00,Wed 29 Sep 2021,1661,3652,80,3585482,3491422,240468,3825950,3731890,75.0152591187572,73.1710282028513,276
-7.6926,53.28823,2021/09/29 23:00:00+00,Thu 30 Sep 2021,1279,4013,79,3586761,3495435,240547,3827308,3735982,75.0418853741665,73.2512598944087,277
-7.6926,53.28823,2021/09/30 23:00:00+00,Fri 01 Oct 2021,1891,5228,42,3588652,3500663,240589,3829241,3741252,75.0797856331549,73.354588588081,278
-7.6926,53.28823,2021/10/01 23:00:00+00,Sat 02 Oct 2021,1687,4121,41,3590339,3504784,240630,3830969,3745414,75.1136664647803,73.4361927670307,279
-7.6926,53.28823,2021/10/02 23:00:00+00,Sun 03 Oct 2021,1199,3028,9,3591538,3507812,240639,3832177,3748451,75.1373516757777,73.4957391128908,280
-7.6926,53.28823,2021/10/03 23:00:00+00,Mon 04 Oct 2021,354,1254,18,3591892,3509066,240657,3832549,3749723,75.1446454659193,73.5206791695039,281
-7.6926,53.28823,2021/10/04 23:00:00+00,Tue 05 Oct 2021,962,2852,70,3592854,3511918,240727,3833581,3752645,75.1648798514733,73.5779707146483,282
-7.6926,53.28823,2021/10/05 23:00:00+00,Wed 06 Oct 2021,975,2593,40,3593829,3514511,240767,3834596,3755278,75.1847809186607,73.629595847559,283
-7.6926,53.28823,2021/10/06 23:00:00+00,Thu 07 Oct 2021,1215,2739,44,3595044,3517250,240811,3835855,3758061,75.2094660847582,73.6841620248816,284
-7.6926,53.28823,2021/10/07 23:00:00+00,Fri 08 Oct 2021,920,2771,48,3595964,3520021,240859,3836823,3760880,75.2284456246965,73.7394340528631,285
-7.6926,53.28823,2021/10/08 23:00:00+00,Sat 09 Oct 2021,724,2379,24,3596688,3522400,240883,3837571,3763283,75.2431116328306,73.7865495843422,286
-7.6926,53.28823,2021/10/09 23:00:00+00,Sun 10 Oct 2021,1522,3933,3,3598210,3526333,240886,3839096,3767219,75.2730122510185,73.8637225897112,287
-7.6926,53.28823,2021/10/10 23:00:00+00,Mon 11 Oct 2021,338,1159,20,3598548,3527492,240906,3839454,3768398,75.2800315436817,73.8868391987889,288
-7.6926,53.28823,2021/10/11 23:00:00+00,Tue 12 Oct 2021,566,1642,21,3599114,3529134,240927,3840041,3770061,75.2915408308137,73.9194455778358,289
-7.6926,53.28823,2021/10/12 23:00:00+00,Wed 13 Oct 2021,990,2098,11,3600104,3531232,240938,3841042,3772170,75.3111674005226,73.9607966622675,290
-7.6926,53.28823,2021/10/13 23:00:00+00,Thu 14 Oct 2021,657,1635,10,3600761,3532867,240948,3841709,3773815,75.3242452446743,73.993050115985,291
-7.6926,53.28823,2021/10/14 23:00:00+00,Fri 15 Oct 2021,958,2103,10,3601719,3534970,240958,3842677,3775928,75.3432247846126,74.0344796282677,292
-7.6926,53.28823,2021/10/15 23:00:00+00,Sat 16 Oct 2021,1385,2676,14,3603104,3537646,240972,3844076,3778618,75.3706549254945,74.0872223580549,293
-7.6926,53.28823,2021/10/16 23:00:00+00,Sun 17 Oct 2021,1709,2897,3,3604813,3540543,240975,3845788,3781518,75.404222045716,74.1440825500188,294
-7.6926,53.28823,2021/10/17 23:00:00+00,Mon 18 Oct 2021,685,1277,6,3605498,3541820,240981,3846479,3782801,75.4177704569736,74.1692382832222,295
-7.6926,53.28823,2021/10/18 23:00:00+00,Tue 19 Oct 2021,1342,1822,13,3606840,3543642,240994,3847834,3784636,75.4443378914947,74.2052170598614,296
-7.6926,53.28823,2021/10/19 23:00:00+00,Wed 20 Oct 2021,2265,2363,1,3609105,3546005,240995,3850100,3787000,75.4887672690775,74.2515679197934,297
-7.6926,53.28823,2021/10/20 23:00:00+00,Thu 21 Oct 2021,1734,1877,11,3610839,3547882,241006,3851845,3788888,75.5229814190696,74.2885858654582,298
-7.6926,53.28823,2021/10/21 23:00:00+00,Fri 22 Oct 2021,1511,1952,3,3612350,3549834,241009,3853359,3790843,75.5526663606673,74.326917477627,299
-7.6926,53.28823,2021/10/22 23:00:00+00,Sat 23 Oct 2021,2022,1722,1,3614372,3551556,241010,3855382,3792566,75.5923312463029,74.3607002744387,300
-7.6926,53.28823,2023/03/13 00:00:00+00,Mon 13 Mar 2023,2,0,0,3868084,3822433,241294,4109378,4063727,80.5724213559822,79.6773438996563,301
-7.6926,53.28823,2023/03/14 00:00:00+00,Tue 14 Mar 2023,11,16,0,3868095,3822449,241294,4109389,4063743,80.5726370325725,79.6776576110602,302
-7.6926,53.28823,2023/03/15 00:00:00+00,Wed 15 Mar 2023,29,24,0,3868124,3822473,241294,4109418,4063767,80.5732056344921,79.6781281781661,303
-7.6926,53.28823,2023/03/16 00:00:00+00,Thu 16 Mar 2023,10,19,0,3868134,3822492,241294,4109428,4063786,80.5734017041196,79.6785007104583,304
-7.6926,53.28823,2023/03/18 00:00:00+00,Sat 18 Mar 2023,19,45,0,3868153,3822537,241294,4109447,4063831,80.5737742364117,79.6793830237819,305
-7.6926,53.28823,2023/03/19 00:00:00+00,Sun 19 Mar 2023,13,38,0,3868166,3822575,241294,4109460,4063869,80.5740291269274,79.6801280883662,306
-7.6926,53.28823,2023/03/20 00:00:00+00,Mon 20 Mar 2023,9,3,0,3868175,3822578,241294,4109469,4063872,80.5742055895922,79.6801869092545,307
-7.6926,53.28823,2023/03/21 00:00:00+00,Tue 21 Mar 2023,25,24,0,3868200,3822602,241294,4109494,4063896,80.5746957636608,79.6806574763604,308
-7.6926,53.28823,2023/03/22 00:00:00+00,Wed 22 Mar 2023,12,17,0,3868212,3822619,241294,4109506,4063913,80.5749310472138,79.6809907947271,309
-7.6926,53.28823,2023/03/23 00:00:00+00,Thu 23 Mar 2023,8,15,0,3868220,3822634,241294,4109514,4063928,80.5750879029157,79.6812848991682,310
-7.6926,53.28823,2023/03/24 00:00:00+00,Fri 24 Mar 2023,10,10,0,3868230,3822644,241294,4109524,4063938,80.5752839725432,79.6814809687957,311
-7.6926,53.28823,2023/03/25 00:00:00+00,Sat 25 Mar 2023,21,44,0,3868251,3822688,241294,4109545,4063982,80.5756957187609,79.6823436751565,312
-7.6926,53.28823,2023/03/26 00:00:00+00,Sun 26 Mar 2023,19,44,0,3868270,3822732,241294,4109564,4064026,80.576068251053,79.6832063815174,313
-7.6926,53.28823,2023/03/27 23:00:00+00,Tue 28 Mar 2023,13,25,0,3868283,3822757,241294,4109577,4064051,80.5763231415687,79.683696555586,314
-7.6926,53.28823,2023/03/28 23:00:00+00,Wed 29 Mar 2023,12,21,0,3868295,3822778,241294,4109589,4064072,80.5765584251217,79.6841083018037,315
-7.6926,53.28823,2023/03/29 23:00:00+00,Thu 30 Mar 2023,7,16,1,3868302,3822794,241295,4109597,4064089,80.5767152808237,79.6844416201704,316
-7.6926,53.28823,2023/03/30 23:00:00+00,Fri 31 Mar 2023,10,12,0,3868312,3822806,241295,4109607,4064101,80.5769113504511,79.6846769037233,317
-7.6926,53.28823,2023/03/31 23:00:00+00,Sat 01 Apr 2023,32,31,0,3868344,3822837,241295,4109639,4064132,80.577538773259,79.6852847195685,318
-7.6926,53.28823,2023/04/01 23:00:00+00,Sun 02 Apr 2023,29,23,0,3868373,3822860,241295,4109668,4064155,80.5781073751786,79.6857356797116,319
-7.6926,53.28823,2023/04/02 23:00:00+00,Mon 03 Apr 2023,2,0,0,3868375,3822860,241295,4109670,4064155,80.5781465891041,79.6857356797116,320
-7.6926,53.28823,2023/04/03 23:00:00+00,Tue 04 Apr 2023,23,23,0,3868398,3822883,241295,4109693,4064178,80.5785975492473,79.6861866398548,321
-7.6926,53.28823,2023/04/04 23:00:00+00,Wed 05 Apr 2023,6,26,0,3868404,3822909,241295,4109699,4064204,80.5787151910238,79.6866964208862,322
-7.6926,53.28823,2023/04/05 23:00:00+00,Thu 06 Apr 2023,21,22,0,3868425,3822931,241295,4109720,4064226,80.5791269372414,79.6871277740666,323
-7.6926,53.28823,2023/04/06 23:00:00+00,Fri 07 Apr 2023,8,10,0,3868433,3822941,241295,4109728,4064236,80.5792837929434,79.6873238436941,324
-7.6926,53.28823,2023/04/07 23:00:00+00,Sat 08 Apr 2023,12,19,0,3868445,3822960,241295,4109740,4064255,80.5795190764964,79.6876963759862,325
-7.6926,53.28823,2023/04/08 23:00:00+00,Sun 09 Apr 2023,1,3,0,3868446,3822963,241295,4109741,4064258,80.5795386834591,79.6877551968745,326
-7.6926,53.28823,2023/04/10 23:00:00+00,Tue 11 Apr 2023,11,15,0,3868457,3822978,241295,4109752,4064273,80.5797543600493,79.6880493013157,327
-7.6926,53.28823,2023/04/11 23:00:00+00,Wed 12 Apr 2023,7,12,0,3868464,3822990,241295,4109759,4064285,80.5798916087885,79.6882845848686,328
-7.6926,53.28823,2023/04/12 23:00:00+00,Thu 13 Apr 2023,13,17,0,3868477,3823007,241295,4109772,4064302,80.5801464993042,79.6886179032353,329
-7.6926,53.28823,2023/04/13 23:00:00+00,Fri 14 Apr 2023,6,7,0,3868483,3823014,241295,4109778,4064309,80.5802641410807,79.6887551519745,330
-7.6926,53.28823,2023/04/14 23:00:00+00,Sat 15 Apr 2023,22,32,0,3868505,3823046,241295,4109800,4064341,80.5806954942611,79.6893825747824,331
-7.6926,53.28823,2023/04/15 23:00:00+00,Sun 16 Apr 2023,28,31,0,3868533,3823077,241295,4109828,4064372,80.581244489218,79.6899903906276,332
-7.6926,53.28823,2023/04/16 23:00:00+00,Mon 17 Apr 2023,3,0,0,3868536,3823077,241295,4109831,4064372,80.5813033101063,79.6899903906276,333
-7.6926,53.28823,2023/04/17 23:00:00+00,Tue 18 Apr 2023,10,11,0,3868546,3823088,241295,4109841,4064383,80.5814993797337,79.6902060672178,334
-7.6926,53.28823,2023/04/18 23:00:00+00,Wed 19 Apr 2023,14,20,0,3868560,3823108,241295,4109855,4064403,80.5817738772122,79.6905982064727,335
-7.6926,53.28823,2023/04/19 23:00:00+00,Thu 20 Apr 2023,4,6,0,3868564,3823114,241295,4109859,4064409,80.5818523050632,79.6907158482492,336
-7.6926,53.28823,2023/04/20 23:00:00+00,Fri 21 Apr 2023,5,10,0,3868569,3823124,241295,4109864,4064419,80.5819503398769,79.6909119178766,337
-7.6926,53.28823,2023/04/21 23:00:00+00,Sat 22 Apr 2023,18,25,0,3868587,3823149,241295,4109882,4064444,80.5823032652063,79.6914020919453,338
-7.6926,53.28823,2023/04/22 23:00:00+00,Sun 23 Apr 2023,11,16,0,3868598,3823165,241295,4109893,4064460,80.5825189417965,79.6917158033492,339
-7.6926,53.28823,2023/04/23 23:00:00+00,Mon 24 Apr 2023,2,1,0,3868600,3823166,241295,4109895,4064461,80.582558155722,79.691735410312,340
-7.6926,53.28823,2023/04/25 23:00:00+00,Wed 26 Apr 2023,20,12,0,3868620,3823178,241295,4109915,4064473,80.582950294977,79.6919706938649,341
-7.6926,53.28823,2023/04/26 23:00:00+00,Thu 27 Apr 2023,9,8,0,3868629,3823186,241295,4109924,4064481,80.5831267576417,79.6921275495669,342
-7.6926,53.28823,2023/04/27 23:00:00+00,Fri 28 Apr 2023,15,16,0,3868644,3823202,241295,4109939,4064497,80.5834208620829,79.6924412609708,343
-7.6926,53.28823,2023/04/28 23:00:00+00,Sat 29 Apr 2023,13,9,0,3868657,3823211,241295,4109952,4064506,80.5836757525986,79.6926177236355,344
-7.6926,53.28823,2023/04/29 23:00:00+00,Sun 30 Apr 2023,6,11,0,3868663,3823222,241295,4109958,4064517,80.583793394375,79.6928334002258,345
-7.6926,53.28823,2023/05/01 23:00:00+00,Tue 02 May 2023,7,13,0,3868670,3823235,241295,4109965,4064530,80.5839306431143,79.6930882907415,346
-7.6926,53.28823,2023/05/02 23:00:00+00,Wed 03 May 2023,5,11,0,3868675,3823246,241295,4109970,4064541,80.584028677928,79.6933039673317,347
-7.6926,53.28823,2023/05/03 23:00:00+00,Thu 04 May 2023,8,1,0,3868683,3823247,241295,4109978,4064542,80.58418553363,79.6933235742944,348
-7.6926,53.28823,2023/05/04 23:00:00+00,Fri 05 May 2023,10,2,0,3868693,3823249,241295,4109988,4064544,80.5843816032574,79.6933627882199,349
-7.6926,53.28823,2023/05/05 23:00:00+00,Sat 06 May 2023,13,19,0,3868706,3823268,241295,4110001,4064563,80.5846364937731,79.6937353205121,350
-7.6926,53.28823,2023/05/06 23:00:00+00,Sun 07 May 2023,15,19,0,3868721,3823287,241295,4110016,4064582,80.5849305982143,79.6941078528043,351
-7.6926,53.28823,2020/12/28 00:00:00+00,Mon 28 Dec 2020,357,33,4,357,33,4,361,37,0.00707811355137191,0.000725457621608755,352
-7.6926,53.28823,2023/05/07 23:00:00+00,Mon 08 May 2023,2,1,0,3868723,3823288,241295,4110018,4064583,80.5849698121398,79.694127459767,353
-7.6926,53.28823,2023/05/08 23:00:00+00,Tue 09 May 2023,13,6,0,3868736,3823294,241295,4110031,4064589,80.5852247026555,79.6942451015435,354
-7.6926,53.28823,2023/05/09 23:00:00+00,Wed 10 May 2023,6,7,0,3868742,3823301,241295,4110037,4064596,80.585342344432,79.6943823502827,355
-7.6926,53.28823,2023/05/10 23:00:00+00,Thu 11 May 2023,19,8,0,3868761,3823309,241295,4110056,4064604,80.5857148767242,79.6945392059847,356
-7.6926,53.28823,2023/05/11 23:00:00+00,Fri 12 May 2023,17,1,0,3868778,3823310,241295,4110073,4064605,80.5860481950908,79.6945588129474,357
-7.6926,53.28823,2023/05/12 23:00:00+00,Sat 13 May 2023,6,5,0,3868784,3823315,241295,4110079,4064610,80.5861658368673,79.6946568477612,358
-7.6926,53.28823,2023/05/13 23:00:00+00,Sun 14 May 2023,11,13,0,3868795,3823328,241295,4110090,4064623,80.5863815134575,79.6949117382769,359
-7.6926,53.28823,2023/05/14 23:00:00+00,Mon 15 May 2023,7,5,0,3868802,3823333,241295,4110097,4064628,80.5865187621968,79.6950097730906,360
-7.6926,53.28823,2023/05/15 23:00:00+00,Tue 16 May 2023,12,6,0,3868814,3823339,241295,4110109,4064634,80.5867540457497,79.6951274148671,361
-7.6926,53.28823,2023/05/16 23:00:00+00,Wed 17 May 2023,17,2,0,3868831,3823341,241295,4110126,4064636,80.5870873641164,79.6951666287925,362
-7.6926,53.28823,2023/05/17 23:00:00+00,Thu 18 May 2023,19,4,0,3868850,3823345,241295,4110145,4064640,80.5874598964086,79.6952450566435,363
-7.6926,53.28823,2023/05/18 23:00:00+00,Fri 19 May 2023,18,2,0,3868868,3823347,241295,4110163,4064642,80.587812821738,79.695284270569,364
-7.6926,53.28823,2023/05/19 23:00:00+00,Sat 20 May 2023,13,17,0,3868881,3823364,241295,4110176,4064659,80.5880677122537,79.6956175889357,365
-7.6926,53.28823,2023/05/20 23:00:00+00,Sun 21 May 2023,10,5,0,3868891,3823369,241295,4110186,4064664,80.5882637818812,79.6957156237494,366
-7.6926,53.28823,2023/05/21 23:00:00+00,Mon 22 May 2023,8,1,0,3868899,3823370,241295,4110194,4064665,80.5884206375831,79.6957352307122,367
-7.6926,53.28823,2023/05/22 23:00:00+00,Tue 23 May 2023,22,9,0,3868921,3823379,241295,4110216,4064674,80.5888519907636,79.6959116933769,368
-7.6926,53.28823,2023/05/23 23:00:00+00,Wed 24 May 2023,37,1,0,3868958,3823380,241295,4110253,4064675,80.5895774483852,79.6959313003397,369
-7.6926,53.28823,2023/05/24 23:00:00+00,Thu 25 May 2023,13,6,0,3868971,3823386,241295,4110266,4064681,80.5898323389009,79.6960489421161,370
-7.6926,53.28823,2023/05/25 23:00:00+00,Fri 26 May 2023,21,0,0,3868992,3823386,241295,4110287,4064681,80.5902440851185,79.6960489421161,371
-7.6926,53.28823,2023/05/26 23:00:00+00,Sat 27 May 2023,7,13,0,3868999,3823399,241295,4110294,4064694,80.5903813338577,79.6963038326318,372
-7.6926,53.28823,2023/05/27 23:00:00+00,Sun 28 May 2023,4,6,0,3869003,3823405,241295,4110298,4064700,80.5904597617087,79.6964214744083,373
-7.6926,53.28823,2023/05/28 23:00:00+00,Mon 29 May 2023,25,5,0,3869028,3823410,241295,4110323,4064705,80.5909499357774,79.696519509222,374
-7.6926,53.28823,2023/05/29 23:00:00+00,Tue 30 May 2023,29,8,0,3869057,3823418,241295,4110352,4064713,80.591518537697,79.696676364924,375
-7.6926,53.28823,2023/05/30 23:00:00+00,Wed 31 May 2023,8,4,0,3869065,3823422,241295,4110360,4064717,80.591675393399,79.696754792775,376
-7.6926,53.28823,2023/05/31 23:00:00+00,Thu 01 Jun 2023,12,7,0,3869077,3823429,241295,4110372,4064724,80.591910676952,79.6968920415142,377
-7.6926,53.28823,2023/06/01 23:00:00+00,Fri 02 Jun 2023,6,5,0,3869083,3823434,241295,4110378,4064729,80.5920283187284,79.6969900763279,378
-7.6926,53.28823,2023/06/02 23:00:00+00,Sat 03 Jun 2023,3,5,0,3869086,3823439,241295,4110381,4064734,80.5920871396167,79.6970881111417,379
-7.6926,53.28823,2023/06/03 23:00:00+00,Sun 04 Jun 2023,2,3,0,3869088,3823442,241295,4110383,4064737,80.5921263535422,79.6971469320299,380
-7.6926,53.28823,2023/06/04 23:00:00+00,Mon 05 Jun 2023,6,7,0,3869094,3823449,241295,4110389,4064744,80.5922439953186,79.6972841807691,381
-7.6926,53.28823,2023/06/05 23:00:00+00,Tue 06 Jun 2023,11,4,0,3869105,3823453,241295,4110400,4064748,80.5924596719088,79.6973626086201,382
-7.6926,53.28823,2023/06/06 23:00:00+00,Wed 07 Jun 2023,12,4,0,3869117,3823457,241295,4110412,4064752,80.5926949554618,79.6974410364711,383
-7.6926,53.28823,2023/06/07 23:00:00+00,Thu 08 Jun 2023,4,2,0,3869121,3823459,241295,4110416,4064754,80.5927733833128,79.6974802503966,384
-7.6926,53.28823,2023/06/08 23:00:00+00,Fri 09 Jun 2023,10,5,0,3869131,3823464,241295,4110426,4064759,80.5929694529403,79.6975782852103,385
-7.6926,53.28823,2023/06/09 23:00:00+00,Sat 10 Jun 2023,7,6,0,3869138,3823470,241295,4110433,4064765,80.5931067016795,79.6976959269868,386
-7.6926,53.28823,2023/06/10 23:00:00+00,Sun 11 Jun 2023,4,6,0,3869142,3823476,241295,4110437,4064771,80.5931851295305,79.6978135687633,387
-7.6926,53.28823,2023/06/11 23:00:00+00,Mon 12 Jun 2023,5,3,0,3869147,3823479,241295,4110442,4064774,80.5932831643442,79.6978723896515,388
-7.6926,53.28823,2023/06/12 23:00:00+00,Tue 13 Jun 2023,20,3,0,3869167,3823482,241295,4110462,4064777,80.5936753035991,79.6979312105398,389
-7.6926,53.28823,2023/06/13 23:00:00+00,Wed 14 Jun 2023,7,8,0,3869174,3823490,241295,4110469,4064785,80.5938125523383,79.6980880662417,390
-7.6926,53.28823,2023/06/14 23:00:00+00,Thu 15 Jun 2023,13,8,0,3869187,3823498,241295,4110482,4064793,80.594067442854,79.6982449219437,391
-7.6926,53.28823,2023/06/15 23:00:00+00,Fri 16 Jun 2023,13,4,0,3869200,3823502,241295,4110495,4064797,80.5943223333697,79.6983233497947,392
-7.6926,53.28823,2023/06/16 23:00:00+00,Sat 17 Jun 2023,1,1,0,3869201,3823503,241295,4110496,4064798,80.5943419403325,79.6983429567574,393
-7.6926,53.28823,2023/06/17 23:00:00+00,Sun 18 Jun 2023,3,8,0,3869204,3823511,241295,4110499,4064806,80.5944007612207,79.6984998124594,394
-7.6926,53.28823,2023/06/18 23:00:00+00,Mon 19 Jun 2023,1,3,0,3869205,3823514,241295,4110500,4064809,80.5944203681835,79.6985586333476,395
-7.6926,53.28823,2023/06/19 23:00:00+00,Tue 20 Jun 2023,7,1,0,3869212,3823515,241295,4110507,4064810,80.5945576169227,79.6985782403104,396
-7.6926,53.28823,2023/06/20 23:00:00+00,Wed 21 Jun 2023,4,5,0,3869216,3823520,241295,4110511,4064815,80.5946360447737,79.6986762751241,397
-7.6926,53.28823,2023/06/21 23:00:00+00,Thu 22 Jun 2023,3,2,0,3869219,3823522,241295,4110514,4064817,80.5946948656619,79.6987154890496,398
-7.6926,53.28823,2023/06/22 23:00:00+00,Fri 23 Jun 2023,3,4,0,3869222,3823526,241295,4110517,4064821,80.5947536865502,79.6987939169006,399
-7.6926,53.28823,2023/06/23 23:00:00+00,Sat 24 Jun 2023,4,3,0,3869226,3823529,241295,4110521,4064824,80.5948321144011,79.6988527377888,400
-7.6926,53.28823,2023/06/25 23:00:00+00,Mon 26 Jun 2023,1,6,0,3869227,3823535,241295,4110522,4064830,80.5948517213639,79.6989703795653,401
-7.6926,53.28823,2020/12/29 00:00:00+00,Tue 29 Dec 2020,86,3,0,443,36,4,447,40,0.00876431234754361,0.000784278509847303,402
-7.6926,53.28823,2020/12/30 00:00:00+00,Wed 30 Dec 2020,1072,3,0,1515,39,4,1519,43,0.0297829764114513,0.000843099398085851,403
-7.6926,53.28823,2020/12/31 00:00:00+00,Thu 31 Dec 2020,1046,3,0,2561,42,4,2565,46,0.0502918594439583,0.000901920286324398,404
-7.6926,53.28823,2021/01/01 00:00:00+00,Fri 01 Jan 2021,836,1,0,3397,43,4,3401,47,0.0666832802997669,0.000921527249070581,405
-7.6926,53.28823,2021/01/02 00:00:00+00,Sat 02 Jan 2021,1025,0,0,4422,43,4,4426,47,0.0867804171146041,0.000921527249070581,406
-7.6926,53.28823,2021/01/03 00:00:00+00,Sun 03 Jan 2021,28,4,1,4450,47,5,4455,52,0.0873490190342434,0.00101956206280149,407
-7.6926,53.28823,2021/01/04 00:00:00+00,Mon 04 Jan 2021,1202,7,0,5652,54,5,5657,59,0.110916588255155,0.00115681080202477,408
-7.6926,53.28823,2021/01/05 00:00:00+00,Tue 05 Jan 2021,3560,15,0,9212,69,5,9217,74,0.180717375631565,0.00145091524321751,409
-7.6926,53.28823,2021/01/06 00:00:00+00,Wed 06 Jan 2021,6810,18,0,16022,87,5,16027,92,0.314240791933068,0.0018038405726488,410
-7.6926,53.28823,2021/01/07 00:00:00+00,Thu 07 Jan 2021,11752,13,0,27774,100,5,27779,105,0.544661818126206,0.00205873108834917,411
-7.6926,53.28823,2021/01/08 00:00:00+00,Fri 08 Jan 2021,12705,9,0,40479,109,5,40484,114,0.793768279816455,0.00223519375306481,412
-7.6926,53.28823,2021/01/09 00:00:00+00,Sat 09 Jan 2021,8085,8,0,48564,117,5,48569,122,0.952290573619341,0.00239204945503427,413
-7.6926,53.28823,2021/01/10 00:00:00+00,Sun 10 Jan 2021,4801,7,1,53365,124,6,53371,130,1.04644320872651,0.00254890515700373,414
-7.6926,53.28823,2021/01/11 00:00:00+00,Mon 11 Jan 2021,8363,8,0,61728,132,6,61734,138,1.21041623817283,0.00270576085897319,415
-7.6926,53.28823,2021/01/12 00:00:00+00,Tue 12 Jan 2021,8912,15,0,70640,147,6,70646,153,1.38515349016681,0.00299986530016593,416
-7.6926,53.28823,2021/01/13 00:00:00+00,Wed 13 Jan 2021,9917,7,0,80557,154,6,80563,160,1.57959573972071,0.00313711403938921,417
-7.6926,53.28823,2021/01/14 00:00:00+00,Thu 14 Jan 2021,8111,8,0,88668,162,6,88674,168,1.73862781455499,0.00329396974135867,418
-7.6926,53.28823,2021/01/15 00:00:00+00,Fri 15 Jan 2021,7717,8,0,96385,170,6,96391,176,1.88993474606728,0.00345082544332813,419
-7.6926,53.28823,2021/01/16 00:00:00+00,Sat 16 Jan 2021,5259,4,0,101644,174,6,101650,180,1.99304776314946,0.00352925329431286,420
-7.6926,53.28823,2021/01/17 00:00:00+00,Sun 17 Jan 2021,1119,6,0,102763,180,6,102769,186,2.01498795446244,0.00364689507078996,421
-7.6926,53.28823,2021/01/18 00:00:00+00,Mon 18 Jan 2021,8742,11,1,111505,191,7,111512,198,2.18641162975231,0.00388217862374415,422
-7.6926,53.28823,2021/01/19 00:00:00+00,Tue 19 Jan 2021,8413,25,0,119918,216,7,119925,223,2.35136500733595,0.00437235269239871,423
-7.6926,53.28823,2021/01/20 00:00:00+00,Wed 20 Jan 2021,8467,969,0,128385,1185,7,128392,1192,2.51737716090787,0.0233714995934496,424
-7.6926,53.28823,2021/01/21 00:00:00+00,Thu 21 Jan 2021,9038,969,0,137423,2154,7,137430,2161,2.69458489020787,0.0423706464945005,425
-7.6926,53.28823,2021/01/22 00:00:00+00,Fri 22 Jan 2021,6817,973,0,144240,3127,7,144247,3134,2.8282455552486,0.0614482212465362,426
-7.6926,53.28823,2021/01/23 00:00:00+00,Sat 23 Jan 2021,4208,461,0,148448,3588,7,148455,3595,2.91075165448453,0.0704870310725264,427
-7.6926,53.28823,2021/01/24 00:00:00+00,Sun 24 Jan 2021,1195,401,0,149643,3989,7,149650,3996,2.93418197496622,0.0783494231337456,428
-7.6926,53.28823,2021/01/25 00:00:00+00,Mon 25 Jan 2021,1390,1301,0,151033,5290,7,151040,5297,2.96143565318342,0.103858081666529,429
-7.6926,53.28823,2021/01/26 00:00:00+00,Tue 26 Jan 2021,1019,3509,0,152052,8799,7,152059,8806,2.98141514822178,0.172658913942884,430
-7.6926,53.28823,2021/01/27 00:00:00+00,Wed 27 Jan 2021,2208,6718,0,154260,15517,7,154267,15524,3.02470732196535,0.304378489671738,431
-7.6926,53.28823,2021/01/28 00:00:00+00,Thu 28 Jan 2021,1048,11548,0,155308,27065,7,155315,27072,3.04525541892335,0.530799695464655,432
-7.6926,53.28823,2021/01/29 00:00:00+00,Fri 29 Jan 2021,1611,11529,0,156919,38594,7,156926,38601,3.07684223590745,0.756848368965394,433
-7.6926,53.28823,2021/01/30 00:00:00+00,Sat 30 Jan 2021,671,7798,0,157590,46392,7,157597,46399,3.08999850791014,0.909743464460125,434
-7.6926,53.28823,2021/01/31 00:00:00+00,Sun 31 Jan 2021,246,4091,0,157836,50483,7,157843,50490,3.0948218207457,0.989955549054758,435
-7.6926,53.28823,2021/02/01 00:00:00+00,Mon 01 Feb 2021,1065,8343,1,158901,58826,8,158909,58834,3.11572284303313,1.15355604620891,436
-7.6926,53.28823,2021/02/02 00:00:00+00,Tue 02 Feb 2021,863,5120,1,159764,63946,9,159773,63955,3.13266325884583,1.25396330243211,437
-7.6926,53.28823,2021/02/03 00:00:00+00,Wed 03 Feb 2021,1420,6877,0,161184,70823,9,161193,70832,3.16050514594541,1.3888003852376,438
-7.6926,53.28823,2021/02/04 00:00:00+00,Thu 04 Feb 2021,1479,10544,1,162663,81367,10,162673,81377,3.18952345080976,1.5955558073961,439
-7.6926,53.28823,2021/02/05 00:00:00+00,Fri 05 Feb 2021,3420,8619,0,166083,89986,10,166093,89996,3.2565792634017,1.76454821930545,440
-7.6926,53.28823,2021/02/06 00:00:00+00,Sat 06 Feb 2021,926,3875,0,167009,93861,10,167019,93871,3.27473531090467,1.8405251999469,441
-7.6926,53.28823,2021/02/07 00:00:00+00,Sun 07 Feb 2021,343,1301,2,167352,95162,12,167364,95174,3.2814997130521,1.86607307240518,442
-7.6926,53.28823,2021/02/08 00:00:00+00,Mon 08 Feb 2021,1204,887,0,168556,96049,12,168568,96061,3.3051064961985,1.88346444836104,443
-7.6926,53.28823,2021/02/09 00:00:00+00,Tue 09 Feb 2021,4286,564,3,172842,96613,15,172857,96628,3.38920075941688,1.89458159623813,444
-7.6926,53.28823,2021/02/10 00:00:00+00,Wed 10 Feb 2021,8849,592,0,181691,97205,15,181706,97220,3.56270277275785,1.90618891818387,445
-7.6926,53.28823,2021/02/11 00:00:00+00,Thu 11 Feb 2021,6217,456,0,187908,97661,15,187923,97676,3.68459926015087,1.91512969319613,446
-7.6926,53.28823,2021/02/12 00:00:00+00,Fri 12 Feb 2021,4418,530,0,192326,98191,15,192341,98206,3.7712228215635,1.92552138345161,447
-7.6926,53.28823,2021/02/13 00:00:00+00,Sat 13 Feb 2021,1235,1920,0,193561,100111,15,193576,100126,3.79543742055504,1.96316675192428,448
-7.6926,53.28823,2021/02/14 00:00:00+00,Sun 14 Feb 2021,2715,35,0,196276,100146,15,196291,100161,3.84867032441092,1.96385299562039,449
-7.6926,53.28823,2021/02/15 00:00:00+00,Mon 15 Feb 2021,1981,7907,0,198257,108053,15,198272,108068,3.88751171761111,2.11888525005446,450
-7.6926,53.28823,2021/02/16 00:00:00+00,Tue 16 Feb 2021,5671,8182,0,203928,116235,15,203943,116250,3.99870280334471,2.27930941924372,451
-7.6926,53.28823,2021/02/17 00:00:00+00,Wed 17 Feb 2021,9773,8470,0,213701,124705,15,213716,124720,4.19032165026315,2.44538039370389,452
-7.6926,53.28823,2021/02/18 00:00:00+00,Thu 18 Feb 2021,8483,8367,3,222184,133072,18,222202,133090,4.35670633612726,2.60949067188944,453
-7.6926,53.28823,2021/02/19 00:00:00+00,Fri 19 Feb 2021,9411,6604,3,231595,139676,21,231616,139697,4.54128628341982,2.73903387475347,454
-7.6926,53.28823,2021/02/20 00:00:00+00,Sat 20 Feb 2021,5907,3585,3,237502,143261,24,237526,143285,4.65716343324976,2.80938365708677,455
-7.6926,53.28823,2021/02/21 00:00:00+00,Sun 21 Feb 2021,1127,1029,7,238629,144290,31,238660,144321,4.67939772900393,2.82969647049182,456
-7.6926,53.28823,2021/02/22 00:00:00+00,Mon 22 Feb 2021,3968,1138,3,242597,145428,34,242631,145462,4.75725697806902,2.85206801498521,457
-7.6926,53.28823,2021/02/23 00:00:00+00,Tue 23 Feb 2021,13392,1080,2,255989,146508,36,256025,146544,5.01987263709139,2.87328274867658,458
-7.6926,53.28823,2021/02/24 00:00:00+00,Wed 24 Feb 2021,16964,2116,8,272953,148624,44,272997,148668,5.3526420088196,2.91492793754947,459
-7.6926,53.28823,2021/02/25 00:00:00+00,Thu 25 Feb 2021,18119,1783,3,291072,150407,47,291119,150454,5.70795938770592,2.94994597301415,460
-7.6926,53.28823,2021/02/26 00:00:00+00,Fri 26 Feb 2021,16110,2796,1,307182,153203,48,307230,153251,6.02384716450967,3.00478664781523,461
-7.6926,53.28823,2021/02/27 00:00:00+00,Sat 27 Feb 2021,9018,710,2,316200,153913,50,316250,153963,6.20070196848024,3.01874680529051,462
-7.6926,53.28823,2021/02/28 00:00:00+00,Sun 28 Feb 2021,2458,64,2,318658,153977,52,318710,154029,6.24893509683585,3.02004086483176,463
-7.6926,53.28823,2021/03/01 00:00:00+00,Mon 01 Mar 2021,5664,822,0,324322,154799,52,324374,154851,6.35998893383023,3.03615778820912,464
-7.6926,53.28823,2021/03/02 00:00:00+00,Tue 02 Mar 2021,12231,1627,0,336553,156426,52,336605,156478,6.59980169517879,3.06805831659716,465
-7.6926,53.28823,2021/03/03 00:00:00+00,Wed 03 Mar 2021,12950,1519,1,349503,157945,53,349556,157998,6.8537314697046,3.09786089997135,466
-7.6926,53.28823,2021/03/04 00:00:00+00,Thu 04 Mar 2021,18757,1711,6,368260,159656,59,368319,159715,7.22161691171122,3.13152605500655,467
-7.6926,53.28823,2021/03/05 00:00:00+00,Fri 05 Mar 2021,18490,2418,6,386750,162074,65,386815,162139,7.58426729466461,3.1790533327033,468
-7.6926,53.28823,2021/03/06 00:00:00+00,Sat 06 Mar 2021,10431,162,5,397181,162236,70,397251,162306,7.78888555788377,3.18232769548191,469
-7.6926,53.28823,2021/03/07 00:00:00+00,Sun 07 Mar 2021,1547,21,5,398728,162257,75,398803,162332,7.81931556406585,3.18283747651331,470
-7.6926,53.28823,2021/03/08 00:00:00+00,Mon 08 Mar 2021,6700,1524,6,405428,163781,81,405509,163862,7.95079985624175,3.21283612951497,471
-7.6926,53.28823,2021/03/09 00:00:00+00,Tue 09 Mar 2021,13887,3120,8,419315,166901,89,419404,166990,8.22323860359996,3.27416670898503,472
-7.6926,53.28823,2021/03/10 00:00:00+00,Wed 10 Mar 2021,13792,4016,3,433107,170917,92,433199,171009,8.49371665468354,3.35296709226194,473
-7.6926,53.28823,2021/03/11 00:00:00+00,Thu 11 Mar 2021,18538,2116,4,451645,173033,96,451741,173129,8.85726895792326,3.39453385328384,474
-7.6926,53.28823,2021/03/12 00:00:00+00,Fri 12 Mar 2021,17383,1361,4,469028,174394,100,469128,174494,9.19817521919114,3.42129735743238,475
-7.6926,53.28823,2021/03/13 00:00:00+00,Sat 13 Mar 2021,8352,186,0,477380,174580,100,477480,174680,9.36193257204726,3.42494425250317,476
-7.6926,53.28823,2021/03/14 00:00:00+00,Sun 14 Mar 2021,408,25,3,477788,174605,103,477891,174708,9.36999103373594,3.42549324746007,477
-7.6926,53.28823,2021/03/15 00:00:00+00,Mon 15 Mar 2021,2692,1010,0,480480,175615,103,480583,175718,9.42277297744866,3.44529627983371,478
-7.6926,53.28823,2021/03/16 00:00:00+00,Tue 16 Mar 2021,8995,3841,2,489475,179456,105,489580,179561,9.59917682127606,3.52064583766729,479
-7.6926,53.28823,2021/03/17 00:00:00+00,Wed 17 Mar 2021,4931,2443,8,494406,181899,113,494519,182012,9.69601561027946,3.56870250335818,480
-7.6926,53.28823,2021/03/18 00:00:00+00,Thu 18 Mar 2021,11769,4706,8,506175,186605,121,506296,186726,9.92692681054125,3.66112972574369,481
-7.6926,53.28823,2021/03/19 00:00:00+00,Fri 19 Mar 2021,10413,6150,2,516588,192755,123,516711,192878,10.1311333275427,3.7817517605582,482
-7.6926,53.28823,2021/03/20 00:00:00+00,Sat 20 Mar 2021,5276,3140,4,521864,195895,127,521991,196022,10.2346580908426,3.8433960514322,483
-7.6926,53.28823,2021/03/21 00:00:00+00,Sun 21 Mar 2021,3663,59,3,525527,195954,130,525657,196084,10.3065372162701,3.84461168312246,484
-7.6926,53.28823,2021/03/22 00:00:00+00,Mon 22 Mar 2021,7444,2431,1,532971,198385,131,533102,198516,10.4525110539154,3.89229581652118,485
-7.6926,53.28823,2021/03/23 00:00:00+00,Tue 23 Mar 2021,12598,7419,6,545569,205804,137,545706,205941,10.6996372123683,4.03787751491159,486
-7.6926,53.28823,2021/03/24 00:00:00+00,Wed 24 Mar 2021,13662,9801,3,559231,215605,140,559371,215745,10.9675663582949,4.23010417767516,487
-7.6926,53.28823,2021/03/25 00:00:00+00,Thu 25 Mar 2021,20912,10242,4,580143,225847,144,580287,225991,11.377665591094,4.43099711797255,488
-7.6926,53.28823,2021/03/26 00:00:00+00,Fri 26 Mar 2021,19732,9527,1,599875,235374,145,600020,235519,11.7645697869645,4.61781225901817,489
-7.6926,53.28823,2021/03/27 00:00:00+00,Sat 27 Mar 2021,11784,5377,3,611659,240751,148,611807,240899,11.9956770568537,4.72329771859264,490
-7.6926,53.28823,2021/03/28 00:00:00+00,Sun 28 Mar 2021,2511,496,0,614170,241247,148,614318,241395,12.0449101403094,4.73302277211474,491
-7.6926,53.28823,2021/03/28 23:00:00+00,Mon 29 Mar 2021,9307,3137,3,623477,244384,151,623628,244535,12.2274509634763,4.79458863513776,492
-7.6926,53.28823,2021/03/29 23:00:00+00,Tue 30 Mar 2021,13367,8695,4,636844,253079,155,636999,253234,12.4896156623556,4.9651496040668,493
-7.6926,53.28823,2021/03/30 23:00:00+00,Wed 31 Mar 2021,15875,10538,4,652719,263617,159,652878,263776,12.8009546238022,5.17184620533705,494
-7.6926,53.28823,2021/03/31 23:00:00+00,Thu 01 Apr 2021,19749,11613,9,672468,275230,168,672636,275398,13.1883489937413,5.39971832637319,495
-7.6926,53.28823,2021/04/01 23:00:00+00,Fri 02 Apr 2021,20176,13738,9,692644,288968,177,692821,289145,13.584115536773,5.66925524324496,496
-7.6926,53.28823,2021/04/02 23:00:00+00,Sat 03 Apr 2021,7570,4646,7,700214,293614,184,700398,293798,13.7326774935008,5.76048644090295,497
-7.6926,53.28823,2021/04/03 23:00:00+00,Sun 04 Apr 2021,3056,177,3,703270,293791,187,703457,293978,13.7926551925414,5.76401569419726,498
-7.6926,53.28823,2021/04/04 23:00:00+00,Mon 05 Apr 2021,3466,626,6,706736,294417,193,706929,294610,13.8607305671961,5.77640729465285,499
-7.6926,53.28823,2021/04/05 23:00:00+00,Tue 06 Apr 2021,12028,8172,14,718764,302589,207,718971,302796,14.0968376125856,5.9369098916931,500
-7.6926,53.28823,2022/05/11 23:00:00+00,Thu 12 May 2022,207,398,0,3853731,3802629,241262,4094993,4043891,80.2903751968784,79.288420186623,501
-7.6926,53.28823,2022/05/12 23:00:00+00,Fri 13 May 2022,172,327,0,3853903,3802956,241262,4095165,4044218,80.2937475944708,79.294831663441,502
-7.6926,53.28823,2022/05/13 23:00:00+00,Sat 14 May 2022,332,635,0,3854235,3803591,241262,4095497,4044853,80.3002571061025,79.3072820847848,503
-7.6926,53.28823,2022/05/14 23:00:00+00,Sun 15 May 2022,168,254,0,3854403,3803845,241262,4095665,4045107,80.3035510758438,79.3122622533224,504
-7.6926,53.28823,2022/05/15 23:00:00+00,Mon 16 May 2022,29,41,0,3854432,3803886,241262,4095694,4045148,80.3041196777635,79.3130661387949,505
-7.6926,53.28823,2022/05/16 23:00:00+00,Tue 17 May 2022,94,101,0,3854526,3803987,241262,4095788,4045249,80.3059627322616,79.3150464420323,506
-7.6926,53.28823,2022/05/17 23:00:00+00,Wed 18 May 2022,98,123,0,3854624,3804110,241262,4095886,4045372,80.3078842146108,79.3174580984501,507
-7.6926,53.28823,2022/05/18 23:00:00+00,Thu 19 May 2022,70,107,0,3854694,3804217,241262,4095956,4045479,80.309256702003,79.3195560434639,508
-7.6926,53.28823,2022/05/19 23:00:00+00,Fri 20 May 2022,126,210,0,3854820,3804427,241262,4096082,4045689,80.311727179309,79.3236735056406,509
-7.6926,53.28823,2022/05/20 23:00:00+00,Sat 21 May 2022,393,763,0,3855213,3805190,241262,4096475,4046452,80.3194327156683,79.338633618216,510
-7.6926,53.28823,2022/05/21 23:00:00+00,Sun 22 May 2022,234,410,0,3855447,3805600,241262,4096709,4046862,80.3240207449509,79.3466724729419,511
-7.6926,53.28823,2022/05/22 23:00:00+00,Mon 23 May 2022,25,35,0,3855472,3805635,241262,4096734,4046897,80.3245109190195,79.347358716638,512
-7.6926,53.28823,2022/05/23 23:00:00+00,Tue 24 May 2022,62,84,0,3855534,3805719,241262,4096796,4046981,80.3257265507098,79.3490057015087,513
-7.6926,53.28823,2022/05/24 23:00:00+00,Wed 25 May 2022,83,134,1,3855617,3805853,241263,4096880,4047116,80.3273735355805,79.3516526414794,514
-7.6926,53.28823,2022/05/25 23:00:00+00,Thu 26 May 2022,98,156,0,3855715,3806009,241263,4096978,4047272,80.3292950179296,79.3547113276678,515
-7.6926,53.28823,2022/05/26 23:00:00+00,Fri 27 May 2022,95,153,2,3855810,3806162,241265,4097075,4047427,80.331196893316,79.3577504068935,516
-7.6926,53.28823,2022/05/27 23:00:00+00,Sat 28 May 2022,335,580,0,3856145,3806742,241265,4097410,4048007,80.3377652258359,79.3691224452863,517
-7.6926,53.28823,2022/05/28 23:00:00+00,Sun 29 May 2022,181,349,0,3856326,3807091,241265,4097591,4048356,80.341314086093,79.3759652752847,518
-7.6926,53.28823,2022/05/29 23:00:00+00,Mon 30 May 2022,10,24,0,3856336,3807115,241265,4097601,4048380,80.3415101557205,79.3764358423906,519
-7.6926,53.28823,2022/05/30 23:00:00+00,Tue 31 May 2022,62,80,2,3856398,3807195,241267,4097665,4048462,80.3427650013362,79.3780436133358,520
-7.6926,53.28823,2022/05/31 23:00:00+00,Wed 01 Jun 2022,77,104,0,3856475,3807299,241267,4097742,4048566,80.3442747374677,79.3800827374614,521
-7.6926,53.28823,2022/06/01 23:00:00+00,Thu 02 Jun 2022,90,142,0,3856565,3807441,241267,4097832,4048708,80.3460393641148,79.3828669261714,522
-7.6926,53.28823,2022/06/02 23:00:00+00,Fri 03 Jun 2022,57,143,1,3856622,3807584,241268,4097890,4048852,80.3471765679541,79.3856903288068,523
-7.6926,53.28823,2022/06/03 23:00:00+00,Sat 04 Jun 2022,306,607,0,3856928,3808191,241268,4098196,4049459,80.3531762985544,79.3975917551937,524
-7.6926,53.28823,2022/06/04 23:00:00+00,Sun 05 Jun 2022,143,273,0,3857071,3808464,241268,4098339,4049732,80.3559800942271,79.4029444560234,525
-7.6926,53.28823,2022/06/05 23:00:00+00,Mon 06 Jun 2022,5,8,2,3857076,3808472,241270,4098346,4049742,80.3561173429664,79.4031405256509,526
-7.6926,53.28823,2022/06/06 23:00:00+00,Tue 07 Jun 2022,30,54,0,3857106,3808526,241270,4098376,4049796,80.3567055518487,79.4041993016392,527
-7.6926,53.28823,2022/06/07 23:00:00+00,Wed 08 Jun 2022,36,76,0,3857142,3808602,241270,4098412,4049872,80.3574114025076,79.4056894308079,528
-7.6926,53.28823,2022/06/08 23:00:00+00,Thu 09 Jun 2022,74,122,0,3857216,3808724,241270,4098486,4049994,80.3588623177508,79.408081480263,529
-7.6926,53.28823,2022/06/09 23:00:00+00,Fri 10 Jun 2022,55,108,0,3857271,3808832,241270,4098541,4050102,80.3599407007019,79.4101990322395,530
-7.6926,53.28823,2022/06/10 23:00:00+00,Sat 11 Jun 2022,190,562,0,3857461,3809394,241270,4098731,4050664,80.3636660236237,79.4212181453029,531
-7.6926,53.28823,2022/06/11 23:00:00+00,Sun 12 Jun 2022,143,289,0,3857604,3809683,241270,4098874,4050953,80.3664698192964,79.4268845575365,532
-7.6926,53.28823,2022/06/12 23:00:00+00,Mon 13 Jun 2022,17,42,0,3857621,3809725,241270,4098891,4050995,80.366803137663,79.4277080499719,533
-7.6926,53.28823,2022/06/13 23:00:00+00,Tue 14 Jun 2022,35,55,0,3857656,3809780,241270,4098926,4051050,80.3674893813591,79.4287864329229,534
-7.6926,53.28823,2022/06/14 23:00:00+00,Wed 15 Jun 2022,65,127,0,3857721,3809907,241270,4098991,4051177,80.3687638339376,79.4312765171917,535
-7.6926,53.28823,2022/06/15 23:00:00+00,Thu 16 Jun 2022,42,85,0,3857763,3809992,241270,4099033,4051262,80.369587326373,79.4329431090251,536
-7.6926,53.28823,2022/06/16 23:00:00+00,Fri 17 Jun 2022,58,95,0,3857821,3810087,241270,4099091,4051357,80.3707245302123,79.434805770486,537
-7.6926,53.28823,2022/06/17 23:00:00+00,Sat 18 Jun 2022,223,488,0,3858044,3810575,241270,4099314,4051845,80.3750968829047,79.4443739683061,538
-7.6926,53.28823,2022/06/18 23:00:00+00,Sun 19 Jun 2022,79,129,0,3858123,3810704,241270,4099393,4051974,80.3766458329616,79.4469032665004,539
-7.6926,53.28823,2022/06/19 23:00:00+00,Mon 20 Jun 2022,9,28,0,3858132,3810732,241270,4099402,4052002,80.3768222956263,79.4474522614573,540
-7.6926,53.28823,2022/06/20 23:00:00+00,Tue 21 Jun 2022,73,169,2,3858205,3810901,241272,4099477,4052173,80.3782928178323,79.4508050520869,541
-7.6926,53.28823,2022/06/21 23:00:00+00,Wed 22 Jun 2022,60,97,0,3858265,3810998,241272,4099537,4052270,80.3794692355971,79.4527069274733,542
-7.6926,53.28823,2022/06/22 23:00:00+00,Thu 23 Jun 2022,62,113,0,3858327,3811111,241272,4099599,4052383,80.3806848672873,79.4549225142636,543
-7.6926,53.28823,2022/06/23 23:00:00+00,Fri 24 Jun 2022,55,93,1,3858382,3811204,241273,4099655,4052477,80.3817828572011,79.4567655687617,544
-7.6926,53.28823,2022/06/24 23:00:00+00,Sat 25 Jun 2022,210,293,0,3858592,3811497,241273,4099865,4052770,80.3859003193778,79.4625104088463,545
-7.6926,53.28823,2022/06/25 23:00:00+00,Sun 26 Jun 2022,174,403,0,3858766,3811900,241273,4100039,4053173,80.3893119308957,79.4704120148331,546
-7.6926,53.28823,2022/06/26 23:00:00+00,Mon 27 Jun 2022,5,35,0,3858771,3811935,241273,4100044,4053208,80.3894099657094,79.4710982585292,547
-7.6926,53.28823,2022/06/27 23:00:00+00,Tue 28 Jun 2022,47,60,0,3858818,3811995,241273,4100091,4053268,80.3903314929585,79.4722746762939,548
-7.6926,53.28823,2022/06/28 23:00:00+00,Wed 29 Jun 2022,63,81,4,3858881,3812076,241277,4100158,4053353,80.3916451594624,79.4739412681274,549
-7.6926,53.28823,2022/06/29 23:00:00+00,Thu 30 Jun 2022,48,90,0,3858929,3812166,241277,4100206,4053443,80.3925862936743,79.4757058947745,550
-7.6926,53.28823,2022/06/30 23:00:00+00,Fri 01 Jul 2022,51,68,0,3858980,3812234,241277,4100257,4053511,80.3935862487743,79.4770391682413,551
-7.6926,53.28823,2022/07/01 23:00:00+00,Sat 02 Jul 2022,181,228,0,3859161,3812462,241277,4100438,4053739,80.3971351090314,79.4815095557474,552
-7.6926,53.28823,2022/07/02 23:00:00+00,Sun 03 Jul 2022,108,274,0,3859269,3812736,241277,4100546,4054013,80.399252661008,79.4868818635398,553
-7.6926,53.28823,2022/07/03 23:00:00+00,Mon 04 Jul 2022,14,15,1,3859283,3812751,241278,4100561,4054029,80.3995467654492,79.4871955749438,554
-7.6926,53.28823,2022/07/04 23:00:00+00,Tue 05 Jul 2022,51,69,0,3859334,3812820,241278,4100612,4054098,80.4005467205492,79.4885484553733,555
-7.6926,53.28823,2022/07/05 23:00:00+00,Wed 06 Jul 2022,60,83,0,3859394,3812903,241278,4100672,4054181,80.401723138314,79.4901758332812,556
-7.6926,53.28823,2022/07/06 23:00:00+00,Thu 07 Jul 2022,78,77,0,3859472,3812980,241278,4100750,4054258,80.4032524814082,79.4916855694127,557
-7.6926,53.28823,2022/07/07 23:00:00+00,Fri 08 Jul 2022,99,91,0,3859571,3813071,241278,4100849,4054349,80.4051935707201,79.4934698030226,558
-7.6926,53.28823,2022/07/08 23:00:00+00,Sat 09 Jul 2022,119,144,0,3859690,3813215,241278,4100968,4054493,80.4075267992869,79.496293205658,559
-7.6926,53.28823,2022/07/09 23:00:00+00,Sun 10 Jul 2022,134,221,0,3859824,3813436,241278,4101102,4054714,80.4101541322948,79.5006263444249,560
-7.6926,53.28823,2022/07/10 23:00:00+00,Mon 11 Jul 2022,10,16,0,3859834,3813452,241278,4101112,4054730,80.4103502019223,79.5009400558289,561
-7.6926,53.28823,2022/07/11 23:00:00+00,Tue 12 Jul 2022,39,82,0,3859873,3813534,241278,4101151,4054812,80.4111148734694,79.502547826774,562
-7.6926,53.28823,2022/07/12 23:00:00+00,Wed 13 Jul 2022,93,74,1,3859966,3813608,241279,4101245,4054887,80.4129579279675,79.50401834898,563
-7.6926,53.28823,2022/07/13 23:00:00+00,Thu 14 Jul 2022,47,40,0,3860013,3813648,241279,4101292,4054927,80.4138794552166,79.5048026274899,564
-7.6926,53.28823,2022/07/14 23:00:00+00,Fri 15 Jul 2022,81,119,1,3860094,3813767,241280,4101374,4055047,80.4154872261618,79.5071554630194,565
-7.6926,53.28823,2022/07/15 23:00:00+00,Sat 16 Jul 2022,122,209,0,3860216,3813976,241280,4101496,4055256,80.4178792756168,79.5112533182334,566
-7.6926,53.28823,2022/07/16 23:00:00+00,Sun 17 Jul 2022,119,165,0,3860335,3814141,241280,4101615,4055421,80.4202125041836,79.5144884670865,567
-7.6926,53.28823,2022/07/17 23:00:00+00,Mon 18 Jul 2022,12,21,0,3860347,3814162,241280,4101627,4055442,80.4204477877366,79.5149002133041,568
-7.6926,53.28823,2022/07/18 23:00:00+00,Tue 19 Jul 2022,29,34,0,3860376,3814196,241280,4101656,4055476,80.4210163896562,79.5155668500375,569
-7.6926,53.28823,2022/07/19 23:00:00+00,Wed 20 Jul 2022,75,66,1,3860451,3814262,241281,4101732,4055543,80.4225065188249,79.5168805165415,570
-7.6926,53.28823,2022/07/20 23:00:00+00,Thu 21 Jul 2022,49,30,0,3860500,3814292,241281,4101781,4055573,80.4234672599995,79.5174687254239,571
-7.6926,53.28823,2022/07/21 23:00:00+00,Fri 22 Jul 2022,73,70,0,3860573,3814362,241281,4101854,4055643,80.42489856828,79.5188412128161,572
-7.6926,53.28823,2022/07/22 23:00:00+00,Sat 23 Jul 2022,101,175,0,3860674,3814537,241281,4101955,4055818,80.4268788715173,79.5222724312967,573
-7.6926,53.28823,2022/07/23 23:00:00+00,Sun 24 Jul 2022,108,230,0,3860782,3814767,241281,4102063,4056048,80.4289964234939,79.5267820327283,574
-7.6926,53.28823,2022/07/24 23:00:00+00,Mon 25 Jul 2022,14,23,0,3860796,3814790,241281,4102077,4056071,80.4292709209724,79.5272329928715,575
-7.6926,53.28823,2022/07/25 23:00:00+00,Tue 26 Jul 2022,17,16,0,3860813,3814806,241281,4102094,4056087,80.4296042393391,79.5275467042754,576
-7.6926,53.28823,2022/07/26 23:00:00+00,Wed 27 Jul 2022,58,72,1,3860871,3814878,241282,4102153,4056160,80.4307610501411,79.5289780125559,577
-7.6926,53.28823,2022/07/27 23:00:00+00,Thu 28 Jul 2022,33,73,0,3860904,3814951,241282,4102186,4056233,80.4314080799117,79.5304093208364,578
-7.6926,53.28823,2022/07/28 23:00:00+00,Fri 29 Jul 2022,70,105,0,3860974,3815056,241282,4102256,4056338,80.4327805673039,79.5324680519247,579
-7.6926,53.28823,2022/07/29 23:00:00+00,Sat 30 Jul 2022,100,120,0,3861074,3815176,241282,4102356,4056458,80.4347412635786,79.5348208874543,580
-7.6926,53.28823,2022/07/30 23:00:00+00,Sun 31 Jul 2022,32,57,0,3861106,3815233,241282,4102388,4056515,80.4353686863864,79.5359384843308,581
-7.6926,53.28823,2022/07/31 23:00:00+00,Mon 01 Aug 2022,9,17,0,3861115,3815250,241282,4102397,4056532,80.4355451490512,79.5362718026975,582
-7.6926,53.28823,2022/08/01 23:00:00+00,Tue 02 Aug 2022,36,31,0,3861151,3815281,241282,4102433,4056563,80.43625099971,79.5368796185426,583
-7.6926,53.28823,2022/08/02 23:00:00+00,Wed 03 Aug 2022,89,139,0,3861240,3815420,241282,4102522,4056702,80.4379960193944,79.5396049863643,584
-7.6926,53.28823,2022/08/03 23:00:00+00,Thu 04 Aug 2022,43,54,0,3861283,3815474,241282,4102565,4056756,80.4388391187925,79.5406637623526,585
-7.6926,53.28823,2022/08/04 23:00:00+00,Fri 05 Aug 2022,94,91,0,3861377,3815565,241282,4102659,4056847,80.4406821732906,79.5424479959625,586
-7.6926,53.28823,2022/08/05 23:00:00+00,Sat 06 Aug 2022,74,130,0,3861451,3815695,241282,4102733,4056977,80.4421330885339,79.5449969011195,587
-7.6926,53.28823,2022/08/06 23:00:00+00,Sun 07 Aug 2022,29,80,0,3861480,3815775,241282,4102762,4057057,80.4427016904535,79.5465654581392,588
-7.6926,53.28823,2022/08/07 23:00:00+00,Mon 08 Aug 2022,11,16,0,3861491,3815791,241282,4102773,4057073,80.4429173670437,79.5468791695432,589
-7.6926,53.28823,2022/08/08 23:00:00+00,Tue 09 Aug 2022,46,42,0,3861537,3815833,241282,4102819,4057115,80.44381928733,79.5477026619785,590
-7.6926,53.28823,2022/08/09 23:00:00+00,Wed 10 Aug 2022,54,94,1,3861591,3815927,241283,4102874,4057210,80.4448976702811,79.5495653234394,591
-7.6926,53.28823,2022/08/10 23:00:00+00,Thu 11 Aug 2022,22,42,0,3861613,3815969,241283,4102896,4057252,80.4453290234615,79.5503888158747,592
-7.6926,53.28823,2022/08/11 23:00:00+00,Fri 12 Aug 2022,66,75,0,3861679,3816044,241283,4102962,4057327,80.4466230830027,79.5518593380807,593
-7.6926,53.28823,2022/08/12 23:00:00+00,Sat 13 Aug 2022,102,151,0,3861781,3816195,241283,4103064,4057478,80.4486229932029,79.5548199894554,594
-7.6926,53.28823,2022/08/13 23:00:00+00,Sun 14 Aug 2022,17,26,0,3861798,3816221,241283,4103081,4057504,80.4489563115695,79.5553297704868,595
-7.6926,53.28823,2022/08/14 23:00:00+00,Mon 15 Aug 2022,6,12,0,3861804,3816233,241283,4103087,4057516,80.449073953346,79.5555650540397,596
-7.6926,53.28823,2022/08/15 23:00:00+00,Tue 16 Aug 2022,41,29,0,3861845,3816262,241283,4103128,4057545,80.4498778388186,79.5561336559594,597
-7.6926,53.28823,2022/08/16 23:00:00+00,Wed 17 Aug 2022,49,58,0,3861894,3816320,241283,4103177,4057603,80.4508385799932,79.5572708597986,598
-7.6926,53.28823,2022/08/17 23:00:00+00,Thu 18 Aug 2022,53,40,0,3861947,3816360,241283,4103230,4057643,80.4518777490187,79.5580551383085,599
-7.6926,53.28823,2022/08/18 23:00:00+00,Fri 19 Aug 2022,70,56,0,3862017,3816416,241283,4103300,4057699,80.453250236411,79.5591531282223,600
-7.6926,53.28823,2023/06/26 23:00:00+00,Tue 27 Jun 2023,2,5,0,3869229,3823540,241295,4110524,4064835,80.5948909352894,79.699068414379,601
-7.6926,53.28823,2023/06/27 23:00:00+00,Wed 28 Jun 2023,7,3,0,3869236,3823543,241295,4110531,4064838,80.5950281840286,79.6991272352673,602
-7.6926,53.28823,2023/06/28 23:00:00+00,Thu 29 Jun 2023,2,8,0,3869238,3823551,241295,4110533,4064846,80.5950673979541,79.6992840909692,603
-7.6926,53.28823,2023/06/29 23:00:00+00,Fri 30 Jun 2023,4,1,0,3869242,3823552,241295,4110537,4064847,80.5951458258051,79.699303697932,604
-7.6926,53.28823,2023/06/30 23:00:00+00,Sat 01 Jul 2023,3,7,0,3869245,3823559,241295,4110540,4064854,80.5952046466933,79.6994409466712,605
-7.6926,53.28823,2023/07/03 23:00:00+00,Tue 04 Jul 2023,1,2,0,3869246,3823561,241295,4110541,4064856,80.5952242536561,79.6994801605967,606
-7.6926,53.28823,2023/07/04 23:00:00+00,Wed 05 Jul 2023,6,9,0,3869252,3823570,241295,4110547,4064865,80.5953418954325,79.6996566232614,607
-7.6926,53.28823,2023/07/05 23:00:00+00,Thu 06 Jul 2023,6,6,0,3869258,3823576,241295,4110553,4064871,80.595459537209,79.6997742650379,608
-7.6926,53.28823,2023/07/06 23:00:00+00,Fri 07 Jul 2023,5,1,0,3869263,3823577,241295,4110558,4064872,80.5955575720227,79.6997938720006,609
-7.6926,53.28823,2023/07/08 23:00:00+00,Sun 09 Jul 2023,6,5,0,3869269,3823582,241295,4110564,4064877,80.5956752137992,79.6998919068144,610
-7.6926,53.28823,2023/07/09 23:00:00+00,Mon 10 Jul 2023,1,0,0,3869270,3823582,241295,4110565,4064877,80.595694820762,79.6998919068144,611
-7.6926,53.28823,2023/07/10 23:00:00+00,Tue 11 Jul 2023,4,2,0,3869274,3823584,241295,4110569,4064879,80.595773248613,79.6999311207399,612
-7.6926,53.28823,2023/07/11 23:00:00+00,Wed 12 Jul 2023,3,5,0,3869277,3823589,241295,4110572,4064884,80.5958320695012,79.7000291555536,613
-7.6926,53.28823,2021/10/23 23:00:00+00,Sun 24 Oct 2021,1960,2195,2,3616332,3553751,241012,3857344,3794763,75.6308001072109,74.403776771592,614
-7.6926,53.28823,2023/07/12 23:00:00+00,Thu 13 Jul 2023,2,8,0,3869279,3823597,241295,4110574,4064892,80.5958712834267,79.7001860112556,615
-7.6926,53.28823,2023/07/13 23:00:00+00,Fri 14 Jul 2023,3,1,0,3869282,3823598,241295,4110577,4064893,80.5959301043149,79.7002056182183,616
-7.6926,53.28823,2023/07/14 23:00:00+00,Sat 15 Jul 2023,1,6,0,3869283,3823604,241295,4110578,4064899,80.5959497112777,79.7003232599948,617
-7.6926,53.28823,2023/07/17 23:00:00+00,Tue 18 Jul 2023,5,2,0,3869288,3823606,241295,4110583,4064901,80.5960477460914,79.7003624739203,618
-7.6926,53.28823,2023/07/18 23:00:00+00,Wed 19 Jul 2023,4,3,0,3869292,3823609,241295,4110587,4064904,80.5961261739424,79.7004212948085,619
-7.6926,53.28823,2023/07/19 23:00:00+00,Thu 20 Jul 2023,1,4,0,3869293,3823613,241295,4110588,4064908,80.5961457809051,79.7004997226595,620
-7.6926,53.28823,2023/07/21 23:00:00+00,Sat 22 Jul 2023,3,4,0,3869296,3823617,241295,4110591,4064912,80.5962046017934,79.7005781505105,621
-7.6926,53.28823,2023/07/22 23:00:00+00,Sun 23 Jul 2023,1,0,0,3869297,3823617,241295,4110592,4064912,80.5962242087561,79.7005781505105,622
-7.6926,53.28823,2023/07/23 23:00:00+00,Mon 24 Jul 2023,1,2,0,3869298,3823619,241295,4110593,4064914,80.5962438157189,79.700617364436,623
-7.6926,53.28823,2023/07/24 23:00:00+00,Tue 25 Jul 2023,4,0,0,3869302,3823619,241295,4110597,4064914,80.5963222435699,79.700617364436,624
-7.6926,53.28823,2023/07/25 23:00:00+00,Wed 26 Jul 2023,1,4,0,3869303,3823623,241295,4110598,4064918,80.5963418505326,79.700695792287,625
-7.6926,53.28823,2023/07/26 23:00:00+00,Thu 27 Jul 2023,1,3,0,3869304,3823626,241295,4110599,4064921,80.5963614574953,79.7007546131752,626
-7.6926,53.28823,2023/07/27 23:00:00+00,Fri 28 Jul 2023,2,2,0,3869306,3823628,241295,4110601,4064923,80.5964006714208,79.7007938271007,627
-7.6926,53.28823,2023/07/28 23:00:00+00,Sat 29 Jul 2023,7,9,0,3869313,3823637,241295,4110608,4064932,80.5965379201601,79.7009702897654,628
-7.6926,53.28823,2023/07/30 23:00:00+00,Mon 31 Jul 2023,1,0,0,3869314,3823637,241295,4110609,4064932,80.5965575271228,79.7009702897654,629
-7.6926,53.28823,2023/07/31 23:00:00+00,Tue 01 Aug 2023,6,1,0,3869320,3823638,241295,4110615,4064933,80.5966751688993,79.7009898967282,630
-7.6926,53.28823,2023/08/01 23:00:00+00,Wed 02 Aug 2023,2,0,0,3869322,3823638,241295,4110617,4064933,80.5967143828248,79.7009898967282,631
-7.6926,53.28823,2023/08/02 23:00:00+00,Thu 03 Aug 2023,2,2,0,3869324,3823640,241295,4110619,4064935,80.5967535967503,79.7010291106536,632
-7.6926,53.28823,2023/08/03 23:00:00+00,Fri 04 Aug 2023,9,5,0,3869333,3823645,241295,4110628,4064940,80.596930059415,79.7011271454674,633
-7.6926,53.28823,2023/08/07 23:00:00+00,Tue 08 Aug 2023,1,1,0,3869334,3823646,241295,4110629,4064941,80.5969496663777,79.7011467524301,634
-7.6926,53.28823,2023/08/08 23:00:00+00,Wed 09 Aug 2023,3,3,0,3869337,3823649,241295,4110632,4064944,80.597008487266,79.7012055733184,635
-7.6926,53.28823,2023/08/09 23:00:00+00,Thu 10 Aug 2023,6,3,0,3869343,3823652,241295,4110638,4064947,80.5971261290424,79.7012643942066,636
-7.6926,53.28823,2023/08/10 23:00:00+00,Fri 11 Aug 2023,1,0,0,3869344,3823652,241295,4110639,4064947,80.5971457360052,79.7012643942066,637
-7.6926,53.28823,2023/08/12 23:00:00+00,Sun 13 Aug 2023,4,5,0,3869348,3823657,241295,4110643,4064952,80.5972241638562,79.7013624290203,638
-7.6926,53.28823,2023/08/13 23:00:00+00,Mon 14 Aug 2023,4,1,0,3869352,3823658,241295,4110647,4064953,80.5973025917071,79.7013820359831,639
-7.6926,53.28823,2023/08/14 23:00:00+00,Tue 15 Aug 2023,4,5,0,3869356,3823663,241295,4110651,4064958,80.5973810195581,79.7014800707968,640
-7.6926,53.28823,2023/08/15 23:00:00+00,Wed 16 Aug 2023,3,1,0,3869359,3823664,241295,4110654,4064959,80.5974398404464,79.7014996777596,641
-7.6926,53.28823,2023/08/16 23:00:00+00,Thu 17 Aug 2023,7,1,0,3869366,3823665,241295,4110661,4064960,80.5975770891856,79.7015192847223,642
-7.6926,53.28823,2023/08/17 23:00:00+00,Fri 18 Aug 2023,1,0,0,3869367,3823665,241295,4110662,4064960,80.5975966961484,79.7015192847223,643
-7.6926,53.28823,2023/08/18 23:00:00+00,Sat 19 Aug 2023,12,5,0,3869379,3823670,241295,4110674,4064965,80.5978319797013,79.701617319536,644
-7.6926,53.28823,2023/08/21 23:00:00+00,Tue 22 Aug 2023,6,0,0,3869385,3823670,241295,4110680,4064965,80.5979496214778,79.701617319536,645
-7.6926,53.28823,2023/08/22 23:00:00+00,Wed 23 Aug 2023,1,2,0,3869386,3823672,241295,4110681,4064967,80.5979692284405,79.7016565334615,646
-7.6926,53.28823,2023/08/23 23:00:00+00,Thu 24 Aug 2023,12,4,0,3869398,3823676,241295,4110693,4064971,80.5982045119935,79.7017349613125,647
-7.6926,53.28823,2023/08/24 23:00:00+00,Fri 25 Aug 2023,2,1,0,3869400,3823677,241295,4110695,4064972,80.598243725919,79.7017545682753,648
-7.6926,53.28823,2023/08/25 23:00:00+00,Sat 26 Aug 2023,4,1,0,3869404,3823678,241295,4110699,4064973,80.59832215377,79.701774175238,649
-7.6926,53.28823,2023/08/27 23:00:00+00,Mon 28 Aug 2023,10,3,0,3869414,3823681,241295,4110709,4064976,80.5985182233974,79.7018329961263,650
-7.6926,53.28823,2023/08/28 23:00:00+00,Tue 29 Aug 2023,5,1,0,3869419,3823682,241295,4110714,4064977,80.5986162582112,79.701852603089,651
-7.6926,53.28823,2023/08/30 23:00:00+00,Thu 31 Aug 2023,2,1,0,3869421,3823683,241295,4110716,4064978,80.5986554721366,79.7018722100517,652
-7.6926,53.28823,2023/08/31 23:00:00+00,Fri 01 Sep 2023,2,1,0,3869423,3823684,241295,4110718,4064979,80.5986946860621,79.7018918170145,653
-7.6926,53.28823,2023/09/01 23:00:00+00,Sat 02 Sep 2023,1,0,0,3869424,3823684,241295,4110719,4064979,80.5987142930249,79.7018918170145,654
-7.6926,53.28823,2023/09/02 23:00:00+00,Sun 03 Sep 2023,14,6,0,3869438,3823690,241295,4110733,4064985,80.5989887905033,79.702009458791,655
-7.6926,53.28823,2023/09/03 23:00:00+00,Mon 04 Sep 2023,1,2,0,3869439,3823692,241295,4110734,4064987,80.5990083974661,79.7020486727165,656
-7.6926,53.28823,2023/09/04 23:00:00+00,Tue 05 Sep 2023,1,2,0,3869440,3823694,241295,4110735,4064989,80.5990280044288,79.7020878866419,657
-7.6926,53.28823,2023/09/05 23:00:00+00,Wed 06 Sep 2023,4,1,0,3869444,3823695,241295,4110739,4064990,80.5991064322798,79.7021074936047,658
-7.6926,53.28823,2023/09/06 23:00:00+00,Thu 07 Sep 2023,3,3,0,3869447,3823698,241295,4110742,4064993,80.5991652531681,79.7021663144929,659
-7.6926,53.28823,2023/09/07 23:00:00+00,Fri 08 Sep 2023,1,2,0,3869448,3823700,241295,4110743,4064995,80.5991848601308,79.7022055284184,660
-7.6926,53.28823,2023/09/08 23:00:00+00,Sat 09 Sep 2023,3,4,0,3869451,3823704,241295,4110746,4064999,80.599243681019,79.7022839562694,661
-7.6926,53.28823,2023/09/09 23:00:00+00,Sun 10 Sep 2023,6,3,0,3869457,3823707,241295,4110752,4065002,80.5993613227955,79.7023427771577,662
-7.6926,53.28823,2023/09/11 23:00:00+00,Tue 12 Sep 2023,6,2,0,3869463,3823709,241295,4110758,4065004,80.599478964572,79.7023819910831,663
-7.6926,53.28823,2023/09/13 23:00:00+00,Thu 14 Sep 2023,5,1,0,3869468,3823710,241295,4110763,4065005,80.5995769993857,79.7024015980459,664
-7.6926,53.28823,2023/09/14 23:00:00+00,Fri 15 Sep 2023,1,4,0,3869469,3823714,241295,4110764,4065009,80.5995966063485,79.7024800258969,665
-7.6926,53.28823,2023/09/15 23:00:00+00,Sat 16 Sep 2023,7,7,0,3869476,3823721,241295,4110771,4065016,80.5997338550877,79.7026172746361,666
-7.6926,53.28823,2023/09/17 23:00:00+00,Mon 18 Sep 2023,6,3,0,3869482,3823724,241295,4110777,4065019,80.5998514968642,79.7026760955243,667
-7.6926,53.28823,2023/09/18 23:00:00+00,Tue 19 Sep 2023,2,0,0,3869484,3823724,241295,4110779,4065019,80.5998907107897,79.7026760955243,668
-7.6926,53.28823,2023/09/19 23:00:00+00,Wed 20 Sep 2023,4,6,0,3869488,3823730,241295,4110783,4065025,80.5999691386406,79.7027937373008,669
-7.6926,53.28823,2023/09/20 23:00:00+00,Thu 21 Sep 2023,2,2,0,3869490,3823732,241295,4110785,4065027,80.6000083525661,79.7028329512263,670
-7.6926,53.28823,2023/09/21 23:00:00+00,Fri 22 Sep 2023,1,3,0,3869491,3823735,241295,4110786,4065030,80.6000279595289,79.7028917721146,671
-7.6926,53.28823,2023/09/22 23:00:00+00,Sat 23 Sep 2023,6,4,0,3869497,3823739,241295,4110792,4065034,80.6001456013054,79.7029701999655,672
-7.6926,53.28823,2023/09/25 23:00:00+00,Tue 26 Sep 2023,1,1,0,3869498,3823740,241295,4110793,4065035,80.6001652082681,79.7029898069283,673
-7.6926,53.28823,2023/09/26 23:00:00+00,Wed 27 Sep 2023,2,1,0,3869500,3823741,241295,4110795,4065036,80.6002044221936,79.703009413891,674
-7.6926,53.28823,2023/09/27 23:00:00+00,Thu 28 Sep 2023,7,7,0,3869507,3823748,241295,4110802,4065043,80.6003416709328,79.7031466626302,675
-7.6926,53.28823,2023/09/28 23:00:00+00,Fri 29 Sep 2023,5,1,0,3869512,3823749,241295,4110807,4065044,80.6004397057465,79.703166269593,676
-7.6926,53.28823,2023/09/29 23:00:00+00,Sat 30 Sep 2023,1,0,0,3869513,3823749,241295,4110808,4065044,80.6004593127093,79.703166269593,677
-7.6926,53.28823,2023/09/30 23:00:00+00,Sun 01 Oct 2023,16,11,0,3869529,3823760,241295,4110824,4065055,80.6007730241132,79.7033819461832,678
-7.6926,53.28823,2023/10/01 23:00:00+00,Mon 02 Oct 2023,4,1,0,3869533,3823761,241295,4110828,4065056,80.6008514519642,79.703401553146,679
-7.6926,53.28823,2023/10/02 23:00:00+00,Tue 03 Oct 2023,15,0,0,3869548,3823761,241295,4110843,4065056,80.6011455564054,79.703401553146,680
-7.6926,53.28823,2023/10/03 23:00:00+00,Wed 04 Oct 2023,8,2,0,3869556,3823763,241295,4110851,4065058,80.6013024121074,79.7034407670714,681
-7.6926,53.28823,2023/10/04 23:00:00+00,Thu 05 Oct 2023,5,2,0,3869561,3823765,241295,4110856,4065060,80.6014004469211,79.7034799809969,682
-7.6926,53.28823,2023/10/05 23:00:00+00,Fri 06 Oct 2023,4,4,0,3869565,3823769,241295,4110860,4065064,80.6014788747721,79.7035584088479,683
-7.6926,53.28823,2023/10/06 23:00:00+00,Sat 07 Oct 2023,1,0,0,3869566,3823769,241295,4110861,4065064,80.6014984817348,79.7035584088479,684
-7.6926,53.28823,2023/10/07 23:00:00+00,Sun 08 Oct 2023,2,2,0,3869568,3823771,241295,4110863,4065066,80.6015376956603,79.7035976227734,685
-7.6926,53.28823,2023/10/08 23:00:00+00,Mon 09 Oct 2023,8,0,0,3869576,3823771,241295,4110871,4065066,80.6016945513623,79.7035976227734,686
-7.6926,53.28823,2023/10/09 23:00:00+00,Tue 10 Oct 2023,9,2,0,3869585,3823773,241295,4110880,4065068,80.601871014027,79.7036368366989,687
-7.6926,53.28823,2023/10/10 23:00:00+00,Wed 11 Oct 2023,11,3,0,3869596,3823776,241295,4110891,4065071,80.6020866906172,79.7036956575871,688
-7.6926,53.28823,2023/10/11 23:00:00+00,Thu 12 Oct 2023,14,2,0,3869610,3823778,241295,4110905,4065073,80.6023611880957,79.7037348715126,689
-7.6926,53.28823,2023/10/12 23:00:00+00,Fri 13 Oct 2023,2,0,0,3869612,3823778,241295,4110907,4065073,80.6024004020212,79.7037348715126,690
-7.6926,53.28823,2023/10/13 23:00:00+00,Sat 14 Oct 2023,18,8,0,3869630,3823786,241295,4110925,4065081,80.6027533273506,79.7038917272146,691
-7.6926,53.28823,2023/10/15 23:00:00+00,Mon 16 Oct 2023,5,1,0,3869635,3823787,241295,4110930,4065082,80.6028513621643,79.7039113341773,692
-7.6926,53.28823,2023/10/16 23:00:00+00,Tue 17 Oct 2023,11,4,0,3869646,3823791,241295,4110941,4065086,80.6030670387545,79.7039897620283,693
-7.6926,53.28823,2023/10/17 23:00:00+00,Wed 18 Oct 2023,12,1,0,3869658,3823792,241295,4110953,4065087,80.6033023223075,79.7040093689911,694
-7.6926,53.28823,2023/10/18 23:00:00+00,Thu 19 Oct 2023,9,4,0,3869667,3823796,241295,4110962,4065091,80.6034787849722,79.7040877968421,695
-7.6926,53.28823,2023/10/19 23:00:00+00,Fri 20 Oct 2023,8,3,0,3869675,3823799,241295,4110970,4065094,80.6036356406742,79.7041466177303,696
-7.6926,53.28823,2023/10/20 23:00:00+00,Sat 21 Oct 2023,2,4,0,3869677,3823803,241295,4110972,4065098,80.6036748545997,79.7042250455813,697
-7.6926,53.28823,2023/10/21 23:00:00+00,Sun 22 Oct 2023,1,0,0,3869678,3823803,241295,4110973,4065098,80.6036944615624,79.7042250455813,698
-7.6926,53.28823,2023/10/22 23:00:00+00,Mon 23 Oct 2023,11,3,0,3869689,3823806,241295,4110984,4065101,80.6039101381526,79.7042838664695,699
-7.6926,53.28823,2023/10/23 23:00:00+00,Tue 24 Oct 2023,10,1,0,3869699,3823807,241295,4110994,4065102,80.6041062077801,79.7043034734323,700
-7.6926,53.28823,2023/10/24 23:00:00+00,Wed 25 Oct 2023,12,3,0,3869711,3823810,241295,4111006,4065105,80.604341491333,79.7043622943205,701
-7.6926,53.28823,2021/10/24 23:00:00+00,Mon 25 Oct 2021,1246,875,2,3617578,3554626,241014,3858592,3795640,75.6552695967181,74.4209720779204,702
-7.6926,53.28823,2021/10/25 23:00:00+00,Tue 26 Oct 2021,1247,1254,6,3618825,3555880,241020,3859845,3796900,75.6798371210391,74.4456768509806,703
-7.6926,53.28823,2021/10/26 23:00:00+00,Wed 27 Oct 2021,1571,1448,6,3620396,3557328,241026,3861422,3798354,75.7107573012898,74.4741853748136,704
-7.6926,53.28823,2021/10/27 23:00:00+00,Thu 28 Oct 2021,2164,1719,5,3622560,3559047,241031,3863591,3800078,75.7532848034863,74.507987778588,705
-7.6926,53.28823,2021/10/28 23:00:00+00,Fri 29 Oct 2021,2151,1398,3,3624711,3560445,241034,3865745,3801479,75.7955182012415,74.5354571333954,706
-7.6926,53.28823,2021/10/29 23:00:00+00,Sat 30 Oct 2021,2025,1474,1,3626736,3561919,241035,3867771,3802954,75.8352419077653,74.564377403446,707
-7.6926,53.28823,2021/10/30 23:00:00+00,Sun 31 Oct 2021,1601,1325,0,3628337,3563244,241035,3869372,3804279,75.866632655122,74.5903566290847,708
-7.6926,53.28823,2021/11/01 00:00:00+00,Mon 01 Nov 2021,300,315,2,3628637,3563559,241037,3869674,3804596,75.8725539578713,74.5965720362752,709
-7.6926,53.28823,2021/11/02 00:00:00+00,Tue 02 Nov 2021,1104,1106,10,3629741,3564665,241047,3870788,3805712,75.8943961143706,74.6184534067,710
-7.6926,53.28823,2021/11/03 00:00:00+00,Wed 03 Nov 2021,2539,1896,7,3632280,3566561,241054,3873334,3807615,75.9443154415223,74.655765456806,711
-7.6926,53.28823,2021/11/04 00:00:00+00,Thu 04 Nov 2021,1539,1301,2,3633819,3567862,241056,3874875,3808918,75.9745297711142,74.6813133292642,712
-7.6926,53.28823,2021/11/05 00:00:00+00,Fri 05 Nov 2021,1630,1116,5,3635449,3568978,241061,3876510,3810039,76.0065871552042,74.7032927345027,713
-7.6926,53.28823,2021/11/06 00:00:00+00,Sat 06 Nov 2021,1828,1369,7,3637277,3570347,241068,3878345,3811415,76.0425659318435,74.7302719152415,714
-7.6926,53.28823,2021/11/07 00:00:00+00,Sun 07 Nov 2021,702,776,0,3637979,3571123,241068,3879047,3812191,76.0563300196913,74.7454869183325,715
-7.6926,53.28823,2021/11/08 00:00:00+00,Mon 08 Nov 2021,523,546,4,3638502,3571669,241072,3879574,3812741,76.0666628890585,74.7562707478429,716
-7.6926,53.28823,2021/11/09 00:00:00+00,Tue 09 Nov 2021,1377,1080,4,3639879,3572749,241076,3880955,3813825,76.093740104611,74.7775246954597,717
-7.6926,53.28823,2021/11/10 00:00:00+00,Wed 10 Nov 2021,1605,1377,2,3641484,3574126,241078,3882562,3815204,76.1252484937441,74.8045626970867,718
-7.6926,53.28823,2021/11/11 00:00:00+00,Thu 11 Nov 2021,1399,1137,2,3642883,3575263,241080,3883963,3816343,76.1527178485515,74.8268950276546,719
-7.6926,53.28823,2021/11/12 00:00:00+00,Fri 12 Nov 2021,1145,1166,6,3644028,3576429,241086,3885114,3817515,76.1752854626724,74.8498743879932,720
-7.6926,53.28823,2021/11/13 00:00:00+00,Sat 13 Nov 2021,1397,1388,0,3645425,3577817,241086,3886511,3818903,76.2026763896288,74.8770888522849,721
-7.6926,53.28823,2021/11/14 00:00:00+00,Sun 14 Nov 2021,1647,1808,1,3647072,3579625,241087,3888159,3820712,76.2349886642345,74.9125578478927,722
-7.6926,53.28823,2021/11/15 00:00:00+00,Mon 15 Nov 2021,1249,605,1,3648321,3580230,241088,3889409,3821318,76.2594973676672,74.9244396673169,723
-7.6926,53.28823,2021/11/16 00:00:00+00,Tue 16 Nov 2021,1322,1090,5,3649643,3581320,241093,3890736,3822413,76.2855158072314,74.945909291524,724
-7.6926,53.28823,2021/11/17 00:00:00+00,Wed 17 Nov 2021,1504,1133,3,3651147,3582453,241096,3892243,3823549,76.3150635000899,74.9681828012036,725
-7.6926,53.28823,2021/11/18 00:00:00+00,Thu 18 Nov 2021,1642,2530,5,3652789,3584983,241101,3893890,3826084,76.3473561677329,75.0178864517652,726
-7.6926,53.28823,2021/11/19 00:00:00+00,Fri 19 Nov 2021,1167,1571,1,3653956,3586554,241102,3895058,3827656,76.3702571002204,75.0487085972022,727
-7.6926,53.28823,2021/11/20 00:00:00+00,Sat 20 Nov 2021,1550,2958,12,3655506,3589512,241114,3896620,3830626,76.40088317603,75.1069412765584,728
-7.6926,53.28823,2021/11/21 00:00:00+00,Sun 21 Nov 2021,1793,2775,0,3657299,3592287,241114,3898413,3833401,76.4360384602338,75.161350598179,729
-7.6926,53.28823,2021/11/22 00:00:00+00,Mon 22 Nov 2021,726,525,4,3658025,3592812,241118,3899143,3833930,76.4503515430386,75.1717226814717,730
-7.6926,53.28823,2021/11/23 00:00:00+00,Tue 23 Nov 2021,2163,1609,8,3660188,3594421,241126,3901314,3835547,76.4929182591605,75.2034271402323,731
-7.6926,53.28823,2021/11/24 00:00:00+00,Wed 24 Nov 2021,1615,3158,2,3661803,3597579,241128,3902931,3838707,76.5246227179211,75.2653851425103,732
-7.6926,53.28823,2021/11/25 00:00:00+00,Thu 25 Nov 2021,985,1194,2,3662788,3598773,241130,3903918,3839903,76.5439747901516,75.2888350699547,733
-7.6926,53.28823,2021/11/26 00:00:00+00,Fri 26 Nov 2021,1281,1119,12,3664069,3599892,241142,3905211,3841034,76.5693265929824,75.3110105448206,734
-7.6926,53.28823,2021/11/27 00:00:00+00,Sat 27 Nov 2021,1204,1571,6,3665273,3601463,241148,3906421,3842611,76.5930510179053,75.3419307250714,735
-7.6926,53.28823,2021/11/28 00:00:00+00,Sun 28 Nov 2021,1962,2268,1,3667235,3603731,241149,3908384,3844880,76.631539485776,75.3864189235425,736
-7.6926,53.28823,2021/11/29 00:00:00+00,Mon 29 Nov 2021,536,1009,2,3667771,3604740,241151,3908922,3845891,76.6420880317335,75.4062415628788,737
-7.6926,53.28823,2021/11/30 00:00:00+00,Tue 30 Nov 2021,1899,1665,6,3669670,3606405,241157,3910827,3847562,76.679439295765,75.4390047976277,738
-7.6926,53.28823,2021/12/01 00:00:00+00,Wed 01 Dec 2021,1077,1402,5,3670747,3607807,241162,3911909,3848969,76.7006540294563,75.4665917942116,739
-7.6926,53.28823,2021/12/02 00:00:00+00,Thu 02 Dec 2021,1737,1424,0,3672484,3609231,241162,3913646,3850393,76.7347113237464,75.4945121091622,740
-7.6926,53.28823,2021/12/03 00:00:00+00,Fri 03 Dec 2021,1017,1211,3,3673501,3610442,241165,3914666,3851607,76.7547104257475,75.518314961936,741
-7.6926,53.28823,2021/12/04 00:00:00+00,Sat 04 Dec 2021,1206,1713,3,3674707,3612155,241168,3915875,3853323,76.7784152437077,75.5519605100085,742
-7.6926,53.28823,2021/12/05 00:00:00+00,Sun 05 Dec 2021,1351,1779,2,3676058,3613934,241170,3917228,3855104,76.8049434643033,75.5868805106594,743
-7.6926,53.28823,2021/12/06 00:00:00+00,Mon 06 Dec 2021,944,1310,0,3677002,3615244,241170,3918172,3856414,76.8234524371357,75.6125656318569,744
-7.6926,53.28823,2021/12/07 00:00:00+00,Tue 07 Dec 2021,490,756,2,3677492,3616000,241172,3918664,3857172,76.8330990628068,75.6274277096185,745
-7.6926,53.28823,2021/12/08 00:00:00+00,Wed 08 Dec 2021,800,1530,2,3678292,3617530,241174,3919466,3858704,76.8488238469292,75.6574655765457,746
-7.6926,53.28823,2021/12/09 00:00:00+00,Thu 09 Dec 2021,788,1221,1,3679080,3618751,241175,3920255,3859926,76.864293740536,75.6814252850215,747
-7.6926,53.28823,2021/12/10 00:00:00+00,Fri 10 Dec 2021,895,1625,1,3679975,3620376,241176,3921151,3861552,76.8818615791565,75.7133062064468,748
-7.6926,53.28823,2021/12/11 00:00:00+00,Sat 11 Dec 2021,645,853,2,3680620,3621229,241178,3921798,3862407,76.8945472840533,75.7300701595948,749
-7.6926,53.28823,2021/12/12 00:00:00+00,Sun 12 Dec 2021,687,1194,0,3681307,3622423,241178,3922485,3863601,76.90801726746,75.7534808731137,750
-7.6926,53.28823,2021/12/13 00:00:00+00,Mon 13 Dec 2021,726,1074,1,3682033,3623497,241179,3923212,3864676,76.9222715293764,75.7745583580659,751
-7.6926,53.28823,2021/12/14 00:00:00+00,Tue 14 Dec 2021,631,1211,3,3682664,3624708,241182,3923846,3865890,76.9347023437575,75.7983612108397,752
-7.6926,53.28823,2021/12/15 00:00:00+00,Wed 15 Dec 2021,790,1263,1,3683454,3625971,241183,3924637,3867154,76.9502114512897,75.8231444117509,753
-7.6926,53.28823,2021/12/16 00:00:00+00,Thu 16 Dec 2021,1052,1558,8,3684506,3627529,241191,3925697,3868720,76.9709948318007,75.8538489154114,754
-7.6926,53.28823,2021/12/17 00:00:00+00,Fri 17 Dec 2021,1200,2463,2,3685706,3629992,241193,3926899,3871185,76.9945624010216,75.9021800785808,755
-7.6926,53.28823,2021/12/18 00:00:00+00,Sat 18 Dec 2021,1252,1189,0,3686958,3631181,241193,3928151,3872374,77.0191103183798,75.925492757286,756
-7.6926,53.28823,2021/12/19 00:00:00+00,Sun 19 Dec 2021,554,894,3,3687512,3632075,241196,3928708,3873271,77.0300313966295,75.9430802028693,757
-7.6926,53.28823,2021/12/20 00:00:00+00,Mon 20 Dec 2021,515,625,1,3688027,3632700,241197,3929224,3873897,77.0401485894065,75.9553541615484,758
-7.6926,53.28823,2021/12/21 00:00:00+00,Tue 21 Dec 2021,1400,1830,3,3689427,3634530,241200,3930627,3875730,77.0676571581394,75.9912937242622,759
-7.6926,53.28823,2021/12/22 00:00:00+00,Wed 22 Dec 2021,1161,1609,2,3690588,3636139,241202,3931790,3877341,77.0904600558132,76.0228805412463,760
-7.6926,53.28823,2021/12/23 00:00:00+00,Thu 23 Dec 2021,931,1406,0,3691519,3637545,241202,3932721,3878747,77.1087141381299,76.0504479308674,761
-7.6926,53.28823,2021/12/24 00:00:00+00,Fri 24 Dec 2021,101,166,0,3691620,3637711,241202,3932822,3878913,77.1106944413672,76.0537026866833,762
-7.6926,53.28823,2021/12/25 00:00:00+00,Sat 25 Dec 2021,2,7,0,3691622,3637718,241202,3932824,3878920,77.1107336552927,76.0538399354225,763
-7.6926,53.28823,2021/12/26 00:00:00+00,Sun 26 Dec 2021,13,15,0,3691635,3637733,241202,3932837,3878935,77.1109885458084,76.0541340398637,764
-7.6926,53.28823,2021/12/27 00:00:00+00,Mon 27 Dec 2021,393,594,0,3692028,3638327,241202,3933230,3879529,77.1186940821677,76.0657805757349,765
-7.6926,53.28823,2021/12/28 00:00:00+00,Tue 28 Dec 2021,470,752,0,3692498,3639079,241202,3933700,3880281,77.1279093546584,76.0805250117201,766
-7.6926,53.28823,2021/12/29 00:00:00+00,Wed 29 Dec 2021,1060,1321,0,3693558,3640400,241202,3934760,3881602,77.1486927351693,76.1064258095078,767
-7.6926,53.28823,2021/12/30 00:00:00+00,Thu 30 Dec 2021,1049,1207,2,3694607,3641607,241204,3935811,3882811,77.1692996530156,76.1301306274679,768
-7.6926,53.28823,2021/12/31 00:00:00+00,Fri 31 Dec 2021,717,1682,0,3695324,3643289,241204,3936528,3884493,77.1833578453046,76.163109538807,769
-7.6926,53.28823,2022/01/01 00:00:00+00,Sat 01 Jan 2022,72,105,1,3695396,3643394,241205,3936601,3884599,77.1847891535851,76.1651878768581,770
-7.6926,53.28823,2022/01/02 00:00:00+00,Sun 02 Jan 2022,271,631,0,3695667,3644025,241205,3936872,3885230,77.1901026404893,76.1775598703509,771
-7.6926,53.28823,2022/01/03 00:00:00+00,Mon 03 Jan 2022,3636,732,1,3699303,3644757,241206,3940509,3885963,77.2614131639971,76.1919317740439,772
-7.6926,53.28823,2022/01/04 00:00:00+00,Tue 04 Jan 2022,1191,795,1,3700494,3645552,241207,3941701,3886759,77.2847846635906,76.2075389163898,773
-7.6926,53.28823,2022/01/05 00:00:00+00,Wed 05 Jan 2022,2141,920,0,3702635,3646472,241207,3943842,3887679,77.3267631708302,76.2255773221163,774
-7.6926,53.28823,2022/01/06 00:00:00+00,Thu 06 Jan 2022,2455,1701,2,3705090,3648173,241209,3946299,3889382,77.3749374782975,76.2589679796731,775
-7.6926,53.28823,2022/01/07 00:00:00+00,Fri 07 Jan 2022,4857,788,2,3709947,3648961,241211,3951158,3890172,77.4702077102812,76.2744574802425,776
-7.6926,53.28823,2022/01/08 00:00:00+00,Sat 08 Jan 2022,9790,748,2,3719737,3649709,241213,3960950,3890922,77.6621990894919,76.2891627023022,777
-7.6926,53.28823,2022/01/09 00:00:00+00,Sun 09 Jan 2022,7118,667,0,3726855,3650376,241213,3968068,3891589,77.8017614503192,76.3022405464539,778
-7.6926,53.28823,2022/01/10 00:00:00+00,Mon 10 Jan 2022,6668,515,2,3733523,3650891,241215,3974738,3892106,77.9325398918362,76.3123773461937,779
-7.6926,53.28823,2022/01/11 00:00:00+00,Tue 11 Jan 2022,4780,1376,1,3738303,3652267,241216,3979519,3893483,78.0262807807257,76.3393761338952,780
-7.6926,53.28823,2022/01/12 00:00:00+00,Wed 12 Jan 2022,7560,932,1,3745863,3653199,241217,3987080,3894416,78.1745290260496,76.3576694301373,781
-7.6926,53.28823,2022/01/13 00:00:00+00,Thu 13 Jan 2022,7323,820,0,3753186,3654019,241217,3994403,3895236,78.3181108142399,76.3737471395892,782
-7.6926,53.28823,2022/01/14 00:00:00+00,Fri 14 Jan 2022,10724,844,0,3763910,3654863,241217,4005127,3896080,78.52837588273,76.390295416147,783
-7.6926,53.28823,2022/01/15 00:00:00+00,Sat 15 Jan 2022,8361,657,2,3772271,3655520,241219,4013490,3896739,78.6923489121763,76.4032164045967,784
-7.6926,53.28823,2022/01/16 00:00:00+00,Sun 16 Jan 2022,6965,1217,1,3779236,3656737,241220,4020456,3897957,78.8289310146662,76.4270976852216,785
-7.6926,53.28823,2022/01/17 00:00:00+00,Mon 17 Jan 2022,2564,565,0,3781800,3657302,241220,4023020,3898522,78.8792032671474,76.4381756191732,786
-7.6926,53.28823,2022/01/18 00:00:00+00,Tue 18 Jan 2022,4057,458,3,3785857,3657760,241223,4027080,3898983,78.9588075358969,76.4472144289992,787
-7.6926,53.28823,2022/01/19 00:00:00+00,Wed 19 Jan 2022,3487,628,0,3789344,3658388,241223,4030567,3899611,79.0271770149929,76.4595276016038,788
-7.6926,53.28823,2022/01/20 00:00:00+00,Thu 20 Jan 2022,3700,941,2,3793044,3659329,241225,4034269,3900554,79.0997619910792,76.4780169674734,789
-7.6926,53.28823,2022/01/21 00:00:00+00,Fri 21 Jan 2022,3254,978,0,3796298,3660307,241225,4037523,3901532,79.1635630478553,76.4971925770392,790
-7.6926,53.28823,2022/01/22 00:00:00+00,Sat 22 Jan 2022,4273,646,0,3800571,3660953,241225,4041796,3902178,79.2473435996697,76.5098586749732,791
-7.6926,53.28823,2022/01/23 00:00:00+00,Sun 23 Jan 2022,3094,681,0,3803665,3661634,241225,4044890,3902859,79.3080075424064,76.5232110166034,792
-7.6926,53.28823,2022/01/24 00:00:00+00,Mon 24 Jan 2022,646,471,1,3804311,3662105,241226,4045537,3903331,79.3206932473032,76.5324655030196,793
-7.6926,53.28823,2022/01/25 00:00:00+00,Tue 25 Jan 2022,692,1839,1,3805003,3663944,241227,4046230,3905171,79.3342808724863,76.5685423144725,794
-7.6926,53.28823,2022/01/26 00:00:00+00,Wed 26 Jan 2022,700,900,0,3805703,3664844,241227,4046930,3906071,79.3480057464086,76.5861885809441,795
-7.6926,53.28823,2022/01/27 00:00:00+00,Thu 27 Jan 2022,1281,1180,0,3806984,3666024,241227,4048211,3907251,79.3731222656865,76.6093247969846,796
-7.6926,53.28823,2022/01/28 00:00:00+00,Fri 28 Jan 2022,1033,3098,1,3808017,3669122,241228,4049245,3910350,79.3933958651661,76.670086774535,797
-7.6926,53.28823,2022/01/29 00:00:00+00,Sat 29 Jan 2022,2330,3449,0,3810347,3672571,241228,4051575,3913799,79.4390800883647,76.7377111890466,798
-7.6926,53.28823,2022/01/30 00:00:00+00,Sun 30 Jan 2022,1639,7540,0,3811986,3680111,241228,4053214,3921339,79.4712159003057,76.8855476881528,799
-7.6926,53.28823,2022/01/31 00:00:00+00,Mon 31 Jan 2022,483,1399,0,3812469,3681510,241228,4053697,3922738,79.480686063312,76.9129778290347,800
-7.6926,53.28823,2022/11/29 00:00:00+00,Tue 29 Nov 2022,17,17,0,3865783,3820475,241292,4107075,4061767,80.5272665207778,79.6389142526738,801
-7.6926,53.28823,2022/11/30 00:00:00+00,Wed 30 Nov 2022,27,14,0,3865810,3820489,241292,4107102,4061781,80.5277959087719,79.6391887501522,802
-7.6926,53.28823,2022/12/01 00:00:00+00,Thu 01 Dec 2022,14,12,0,3865824,3820501,241292,4107116,4061793,80.5280704062504,79.6394240337052,803
-7.6926,53.28823,2022/12/02 00:00:00+00,Fri 02 Dec 2022,8,18,0,3865832,3820519,241292,4107124,4061811,80.5282272619524,79.6397769590346,804
-7.6926,53.28823,2022/12/03 00:00:00+00,Sat 03 Dec 2022,40,71,0,3865872,3820590,241292,4107164,4061882,80.5290115404622,79.6411690533896,805
-7.6926,53.28823,2022/12/04 00:00:00+00,Sun 04 Dec 2022,41,47,0,3865913,3820637,241292,4107205,4061929,80.5298154259348,79.6420905806386,806
-7.6926,53.28823,2022/12/05 00:00:00+00,Mon 05 Dec 2022,8,7,0,3865921,3820644,241292,4107213,4061936,80.5299722816368,79.6422278293779,807
-7.6926,53.28823,2022/12/06 00:00:00+00,Tue 06 Dec 2022,25,30,0,3865946,3820674,241292,4107238,4061966,80.5304624557054,79.6428160382602,808
-7.6926,53.28823,2022/12/07 00:00:00+00,Wed 07 Dec 2022,15,25,0,3865961,3820699,241292,4107253,4061991,80.5307565601466,79.6433062123289,809
-7.6926,53.28823,2022/12/08 00:00:00+00,Thu 08 Dec 2022,11,13,1,3865972,3820712,241293,4107265,4062005,80.5309918436996,79.6435807098074,810
-7.6926,53.28823,2022/12/09 00:00:00+00,Fri 09 Dec 2022,12,17,0,3865984,3820729,241293,4107277,4062022,80.5312271272525,79.643914028174,811
-7.6926,53.28823,2022/12/10 00:00:00+00,Sat 10 Dec 2022,44,44,0,3866028,3820773,241293,4107321,4062066,80.5320898336134,79.6447767345349,812
-7.6926,53.28823,2022/12/11 00:00:00+00,Sun 11 Dec 2022,27,42,0,3866055,3820815,241293,4107348,4062108,80.5326192216075,79.6456002269702,813
-7.6926,53.28823,2022/12/12 00:00:00+00,Mon 12 Dec 2022,4,2,1,3866059,3820817,241294,4107353,4062111,80.5327172564212,79.6456590478584,814
-7.6926,53.28823,2022/12/13 00:00:00+00,Tue 13 Dec 2022,16,15,0,3866075,3820832,241294,4107369,4062126,80.5330309678252,79.6459531522996,815
-7.6926,53.28823,2022/12/14 00:00:00+00,Wed 14 Dec 2022,11,20,0,3866086,3820852,241294,4107380,4062146,80.5332466444154,79.6463452915546,816
-7.6926,53.28823,2022/12/15 00:00:00+00,Thu 15 Dec 2022,9,9,0,3866095,3820861,241294,4107389,4062155,80.5334231070801,79.6465217542193,817
-7.6926,53.28823,2022/12/16 00:00:00+00,Fri 16 Dec 2022,9,4,0,3866104,3820865,241294,4107398,4062159,80.5335995697448,79.6466001820703,818
-7.6926,53.28823,2022/12/17 00:00:00+00,Sat 17 Dec 2022,21,43,0,3866125,3820908,241294,4107419,4062202,80.5340113159625,79.6474432814683,819
-7.6926,53.28823,2022/12/18 00:00:00+00,Sun 18 Dec 2022,30,35,0,3866155,3820943,241294,4107449,4062237,80.5345995248449,79.6481295251645,820
-7.6926,53.28823,2022/12/19 00:00:00+00,Mon 19 Dec 2022,3,1,0,3866158,3820944,241294,4107452,4062238,80.5346583457331,79.6481491321272,821
-7.6926,53.28823,2022/12/20 00:00:00+00,Tue 20 Dec 2022,17,18,0,3866175,3820962,241294,4107469,4062256,80.5349916640998,79.6485020574566,822
-7.6926,53.28823,2022/12/21 00:00:00+00,Wed 21 Dec 2022,17,28,0,3866192,3820990,241294,4107486,4062284,80.5353249824665,79.6490510524135,823
-7.6926,53.28823,2022/12/22 00:00:00+00,Thu 22 Dec 2022,6,17,0,3866198,3821007,241294,4107492,4062301,80.5354426242429,79.6493843707802,824
-7.6926,53.28823,2022/12/23 00:00:00+00,Fri 23 Dec 2022,19,6,0,3866217,3821013,241294,4107511,4062307,80.5358151565351,79.6495020125567,825
-7.6926,53.28823,2022/12/27 00:00:00+00,Tue 27 Dec 2022,1,0,0,3866218,3821013,241294,4107512,4062307,80.5358347634979,79.6495020125567,826
-7.6926,53.28823,2022/12/28 00:00:00+00,Wed 28 Dec 2022,18,24,0,3866236,3821037,241294,4107530,4062331,80.5361876888273,79.6499725796626,827
-7.6926,53.28823,2022/12/29 00:00:00+00,Thu 29 Dec 2022,15,13,0,3866251,3821050,241294,4107545,4062344,80.5364817932685,79.6502274701783,828
-7.6926,53.28823,2022/12/30 00:00:00+00,Fri 30 Dec 2022,67,31,0,3866318,3821081,241294,4107612,4062375,80.5377954597725,79.6508352860234,829
-7.6926,53.28823,2022/12/31 00:00:00+00,Sat 31 Dec 2022,34,27,0,3866352,3821108,241294,4107646,4062402,80.5384620965059,79.6513646740176,830
-7.6926,53.28823,2023/01/01 00:00:00+00,Sun 01 Jan 2023,1,0,0,3866353,3821108,241294,4107647,4062402,80.5384817034686,79.6513646740176,831
-7.6926,53.28823,2023/01/03 00:00:00+00,Tue 03 Jan 2023,8,14,0,3866361,3821122,241294,4107655,4062416,80.5386385591706,79.651639171496,832
-7.6926,53.28823,2023/01/04 00:00:00+00,Wed 04 Jan 2023,52,28,0,3866413,3821150,241294,4107707,4062444,80.5396581212334,79.6521881664529,833
-7.6926,53.28823,2023/01/05 00:00:00+00,Thu 05 Jan 2023,22,16,0,3866435,3821166,241294,4107729,4062460,80.5400894744138,79.6525018778568,834
-7.6926,53.28823,2023/01/06 00:00:00+00,Fri 06 Jan 2023,35,21,0,3866470,3821187,241294,4107764,4062481,80.5407757181099,79.6529136240745,835
-7.6926,53.28823,2023/01/07 00:00:00+00,Sat 07 Jan 2023,136,77,0,3866606,3821264,241294,4107900,4062558,80.5434422650434,79.654423360206,836
-7.6926,53.28823,2023/01/08 00:00:00+00,Sun 08 Jan 2023,51,45,0,3866657,3821309,241294,4107951,4062603,80.5444422201435,79.6553056735296,837
-7.6926,53.28823,2023/01/09 00:00:00+00,Mon 09 Jan 2023,1,2,0,3866658,3821311,241294,4107952,4062605,80.5444618271062,79.655344887455,838
-7.6926,53.28823,2023/01/10 00:00:00+00,Tue 10 Jan 2023,41,14,0,3866699,3821325,241294,4107993,4062619,80.5452657125788,79.6556193849335,839
-7.6926,53.28823,2023/01/11 00:00:00+00,Wed 11 Jan 2023,58,32,0,3866757,3821357,241294,4108051,4062651,80.5464029164181,79.6562468077414,840
-7.6926,53.28823,2023/01/12 00:00:00+00,Thu 12 Jan 2023,14,12,0,3866771,3821369,241294,4108065,4062663,80.5466774138965,79.6564820912943,841
-7.6926,53.28823,2023/01/13 00:00:00+00,Fri 13 Jan 2023,27,13,0,3866798,3821382,241294,4108092,4062676,80.5472068018907,79.65673698181,842
-7.6926,53.28823,2023/01/14 00:00:00+00,Sat 14 Jan 2023,74,40,0,3866872,3821422,241294,4108166,4062716,80.5486577171339,79.6575212603199,843
-7.6926,53.28823,2023/01/15 00:00:00+00,Sun 15 Jan 2023,60,30,0,3866932,3821452,241294,4108226,4062746,80.5498341348986,79.6581094692023,844
-7.6926,53.28823,2023/01/16 00:00:00+00,Mon 16 Jan 2023,6,2,0,3866938,3821454,241294,4108232,4062748,80.5499517766751,79.6581486831278,845
-7.6926,53.28823,2023/01/17 00:00:00+00,Tue 17 Jan 2023,14,19,0,3866952,3821473,241294,4108246,4062767,80.5502262741536,79.6585212154199,846
-7.6926,53.28823,2023/01/18 00:00:00+00,Wed 18 Jan 2023,34,16,0,3866986,3821489,241294,4108280,4062783,80.5508929108869,79.6588349268239,847
-7.6926,53.28823,2023/01/19 00:00:00+00,Thu 19 Jan 2023,15,7,0,3867001,3821496,241294,4108295,4062790,80.5511870153281,79.6589721755631,848
-7.6926,53.28823,2023/01/20 00:00:00+00,Fri 20 Jan 2023,24,8,0,3867025,3821504,241294,4108319,4062798,80.551657582434,79.6591290312651,849
-7.6926,53.28823,2023/01/21 00:00:00+00,Sat 21 Jan 2023,74,27,0,3867099,3821531,241294,4108393,4062825,80.5531084976773,79.6596584192592,850
-7.6926,53.28823,2023/01/22 00:00:00+00,Sun 22 Jan 2023,20,13,0,3867119,3821544,241294,4108413,4062838,80.5535006369322,79.6599133097749,851
-7.6926,53.28823,2023/01/23 00:00:00+00,Mon 23 Jan 2023,3,2,0,3867122,3821546,241294,4108416,4062840,80.5535594578204,79.6599525237004,852
-7.6926,53.28823,2023/01/24 00:00:00+00,Tue 24 Jan 2023,16,13,0,3867138,3821559,241294,4108432,4062853,80.5538731692244,79.6602074142161,853
-7.6926,53.28823,2023/01/25 00:00:00+00,Wed 25 Jan 2023,24,18,0,3867162,3821577,241294,4108456,4062871,80.5543437363303,79.6605603395455,854
-7.6926,53.28823,2023/01/26 00:00:00+00,Thu 26 Jan 2023,12,12,0,3867174,3821589,241294,4108468,4062883,80.5545790198832,79.6607956230985,855
-7.6926,53.28823,2023/01/27 00:00:00+00,Fri 27 Jan 2023,12,9,0,3867186,3821598,241294,4108480,4062892,80.5548143034362,79.6609720857632,856
-7.6926,53.28823,2023/01/28 00:00:00+00,Sat 28 Jan 2023,24,57,0,3867210,3821655,241294,4108504,4062949,80.5552848705421,79.6620896826397,857
-7.6926,53.28823,2023/01/29 00:00:00+00,Sun 29 Jan 2023,28,28,0,3867238,3821683,241294,4108532,4062977,80.555833865499,79.6626386775966,858
-7.6926,53.28823,2023/01/30 00:00:00+00,Mon 30 Jan 2023,6,2,0,3867244,3821685,241294,4108538,4062979,80.5559515072755,79.6626778915221,859
-7.6926,53.28823,2023/01/31 00:00:00+00,Tue 31 Jan 2023,23,15,0,3867267,3821700,241294,4108561,4062994,80.5564024674186,79.6629719959633,860
-7.6926,53.28823,2023/02/01 00:00:00+00,Wed 01 Feb 2023,13,37,0,3867280,3821737,241294,4108574,4063031,80.5566573579343,79.6636974535849,861
-7.6926,53.28823,2023/02/02 00:00:00+00,Thu 02 Feb 2023,13,13,0,3867293,3821750,241294,4108587,4063044,80.55691224845,79.6639523441006,862
-7.6926,53.28823,2023/02/03 00:00:00+00,Fri 03 Feb 2023,15,10,0,3867308,3821760,241294,4108602,4063054,80.5572063528912,79.6641484137281,863
-7.6926,53.28823,2023/02/04 00:00:00+00,Sat 04 Feb 2023,38,44,0,3867346,3821804,241294,4108640,4063098,80.5579514174756,79.6650111200889,864
-7.6926,53.28823,2023/02/05 00:00:00+00,Sun 05 Feb 2023,29,22,0,3867375,3821826,241294,4108669,4063120,80.5585200193952,79.6654424732693,865
-7.6926,53.28823,2023/02/06 00:00:00+00,Mon 06 Feb 2023,12,7,0,3867387,3821833,241294,4108681,4063127,80.5587553029482,79.6655797220086,866
-7.6926,53.28823,2023/02/07 00:00:00+00,Tue 07 Feb 2023,20,13,0,3867407,3821846,241294,4108701,4063140,80.5591474422031,79.6658346125243,867
-7.6926,53.28823,2023/02/08 00:00:00+00,Wed 08 Feb 2023,24,31,0,3867431,3821877,241294,4108725,4063171,80.559618009309,79.6664424283694,868
-7.6926,53.28823,2023/02/09 00:00:00+00,Thu 09 Feb 2023,7,15,0,3867438,3821892,241294,4108732,4063186,80.5597552580482,79.6667365328106,869
-7.6926,53.28823,2023/02/10 00:00:00+00,Fri 10 Feb 2023,7,15,0,3867445,3821907,241294,4108739,4063201,80.5598925067874,79.6670306372518,870
-7.6926,53.28823,2023/02/11 00:00:00+00,Sat 11 Feb 2023,34,47,0,3867479,3821954,241294,4108773,4063248,80.5605591435208,79.6679521645008,871
-7.6926,53.28823,2023/02/12 00:00:00+00,Sun 12 Feb 2023,17,36,0,3867496,3821990,241294,4108790,4063284,80.5608924618875,79.6686580151597,872
-7.6926,53.28823,2023/02/13 00:00:00+00,Mon 13 Feb 2023,1,1,0,3867497,3821991,241294,4108791,4063285,80.5609120688502,79.6686776221225,873
-7.6926,53.28823,2023/02/14 00:00:00+00,Tue 14 Feb 2023,13,23,0,3867510,3822014,241294,4108804,4063308,80.5611669593659,79.6691285822656,874
-7.6926,53.28823,2023/02/15 00:00:00+00,Wed 15 Feb 2023,14,12,0,3867524,3822026,241294,4108818,4063320,80.5614414568444,79.6693638658186,875
-7.6926,53.28823,2023/02/16 00:00:00+00,Thu 16 Feb 2023,13,11,0,3867537,3822037,241294,4108831,4063331,80.5616963473601,79.6695795424088,876
-7.6926,53.28823,2023/02/17 00:00:00+00,Fri 17 Feb 2023,5,12,0,3867542,3822049,241294,4108836,4063343,80.5617943821738,79.6698148259617,877
-7.6926,53.28823,2023/02/18 00:00:00+00,Sat 18 Feb 2023,21,43,0,3867563,3822092,241294,4108857,4063386,80.5622061283915,79.6706579253598,878
-7.6926,53.28823,2023/02/19 00:00:00+00,Sun 19 Feb 2023,22,31,0,3867585,3822123,241294,4108879,4063417,80.5626374815719,79.671265741205,879
-7.6926,53.28823,2023/02/20 00:00:00+00,Mon 20 Feb 2023,3,0,0,3867588,3822123,241294,4108882,4063417,80.5626963024601,79.671265741205,880
-7.6926,53.28823,2023/02/21 00:00:00+00,Tue 21 Feb 2023,52,16,0,3867640,3822139,241294,4108934,4063433,80.5637158645229,79.6715794526089,881
-7.6926,53.28823,2023/02/22 00:00:00+00,Wed 22 Feb 2023,22,17,0,3867662,3822156,241294,4108956,4063450,80.5641472177034,79.6719127709756,882
-7.6926,53.28823,2023/02/23 00:00:00+00,Thu 23 Feb 2023,21,11,0,3867683,3822167,241294,4108977,4063461,80.564558963921,79.6721284475658,883
-7.6926,53.28823,2023/02/24 00:00:00+00,Fri 24 Feb 2023,13,13,0,3867696,3822180,241294,4108990,4063474,80.5648138544367,79.6723833380815,884
-7.6926,53.28823,2023/02/25 00:00:00+00,Sat 25 Feb 2023,49,19,0,3867745,3822199,241294,4109039,4063493,80.5657745956113,79.6727558703737,885
-7.6926,53.28823,2023/02/26 00:00:00+00,Sun 26 Feb 2023,78,41,0,3867823,3822240,241294,4109117,4063534,80.5673039387055,79.6735597558463,886
-7.6926,53.28823,2023/02/27 00:00:00+00,Mon 27 Feb 2023,1,2,0,3867824,3822242,241294,4109118,4063536,80.5673235456682,79.6735989697717,887
-7.6926,53.28823,2023/02/28 00:00:00+00,Tue 28 Feb 2023,33,11,0,3867857,3822253,241294,4109151,4063547,80.5679705754389,79.673814646362,888
-7.6926,53.28823,2023/03/01 00:00:00+00,Wed 01 Mar 2023,21,19,0,3867878,3822272,241294,4109172,4063566,80.5683823216565,79.6741871786541,889
-7.6926,53.28823,2023/03/02 00:00:00+00,Thu 02 Mar 2023,20,14,0,3867898,3822286,241294,4109192,4063580,80.5687744609115,79.6744616761326,890
-7.6926,53.28823,2023/03/03 00:00:00+00,Fri 03 Mar 2023,11,12,0,3867909,3822298,241294,4109203,4063592,80.5689901375017,79.6746969596855,891
-7.6926,53.28823,2023/03/04 00:00:00+00,Sat 04 Mar 2023,39,25,0,3867948,3822323,241294,4109242,4063617,80.5697548090488,79.6751871337542,892
-7.6926,53.28823,2023/03/05 00:00:00+00,Sun 05 Mar 2023,27,19,0,3867975,3822342,241294,4109269,4063636,80.5702841970429,79.6755596660464,893
-7.6926,53.28823,2023/03/06 00:00:00+00,Mon 06 Mar 2023,1,1,0,3867976,3822343,241294,4109270,4063637,80.5703038040057,79.6755792730091,894
-7.6926,53.28823,2023/03/07 00:00:00+00,Tue 07 Mar 2023,11,14,0,3867987,3822357,241294,4109281,4063651,80.5705194805959,79.6758537704876,895
-7.6926,53.28823,2023/03/08 00:00:00+00,Wed 08 Mar 2023,27,27,0,3868014,3822384,241294,4109308,4063678,80.57104886859,79.6763831584817,896
-7.6926,53.28823,2023/03/09 00:00:00+00,Thu 09 Mar 2023,13,8,0,3868027,3822392,241294,4109321,4063686,80.5713037591057,79.6765400141837,897
-7.6926,53.28823,2023/03/10 00:00:00+00,Fri 10 Mar 2023,11,4,0,3868038,3822396,241294,4109332,4063690,80.5715194356959,79.6766184420347,898
-7.6926,53.28823,2023/03/11 00:00:00+00,Sat 11 Mar 2023,28,23,0,3868066,3822419,241294,4109360,4063713,80.5720684306528,79.6770694021778,899
-7.6926,53.28823,2023/03/12 00:00:00+00,Sun 12 Mar 2023,16,14,0,3868082,3822433,241294,4109376,4063727,80.5723821420568,79.6773438996563,900
-7.6926,53.28823,2021/04/06 23:00:00+00,Wed 07 Apr 2021,18395,10507,12,737159,313096,219,737378,313315,14.4577429758546,6.14315553282019,901
-7.6926,53.28823,2021/04/07 23:00:00+00,Thu 08 Apr 2021,20218,10598,18,757377,323694,237,757614,323931,14.8545094739864,6.35130304933367,902
-7.6926,53.28823,2021/04/08 23:00:00+00,Fri 09 Apr 2021,20698,9181,16,778075,332875,253,778328,333128,15.2606481003108,6.53162828571031,903
-7.6926,53.28823,2021/04/09 23:00:00+00,Sat 10 Apr 2021,11199,4198,12,789274,337073,265,789539,337338,15.4804617596582,6.61417359887174,904
-7.6926,53.28823,2021/04/10 23:00:00+00,Sun 11 Apr 2021,2881,376,9,792155,337449,274,792429,337723,15.5371258819947,6.62172227952902,905
-7.6926,53.28823,2021/04/11 23:00:00+00,Mon 12 Apr 2021,7805,2815,14,799960,340264,288,800248,340552,15.6904327237071,6.67719037713797,906
-7.6926,53.28823,2021/04/12 23:00:00+00,Tue 13 Apr 2021,11544,8604,1,811504,348868,289,811793,349157,15.9167951086118,6.84590829156887,907
-7.6926,53.28823,2021/04/13 23:00:00+00,Wed 14 Apr 2021,20365,6618,2,831869,355486,291,832160,355777,16.3161301188633,6.9757063849486,908
-7.6926,53.28823,2021/04/14 23:00:00+00,Thu 15 Apr 2021,27133,10831,1,859002,366317,292,859294,366609,16.8481454460182,7.18808900541525,909
-7.6926,53.28823,2021/04/15 23:00:00+00,Fri 16 Apr 2021,27988,9864,1,886990,376181,293,887283,376474,17.3969247263211,7.38151169290634,910
-7.6926,53.28823,2021/04/16 23:00:00+00,Sat 17 Apr 2021,15865,4577,3,902855,380758,296,903151,381054,17.7080480111775,7.47131158228385,911
-7.6926,53.28823,2021/04/17 23:00:00+00,Sun 18 Apr 2021,1084,493,0,903939,381251,296,904235,381547,17.7293019587944,7.48097781491772,912
-7.6926,53.28823,2021/04/18 23:00:00+00,Mon 19 Apr 2021,6778,2276,0,910717,383527,296,911013,383823,17.862197952288,7.52560326212803,913
-7.6926,53.28823,2021/04/19 23:00:00+00,Tue 20 Apr 2021,15111,7344,1,925828,390871,297,926125,391168,18.1584983733083,7.66961640349875,914
-7.6926,53.28823,2021/04/20 23:00:00+00,Wed 21 Apr 2021,26763,9917,5,952591,400788,302,952893,401090,18.6833375520982,7.86415668786637,915
-7.6926,53.28823,2021/04/21 23:00:00+00,Thu 22 Apr 2021,31655,12207,1,984246,412995,303,984549,413298,19.3040155647913,8.10351848907177,916
-7.6926,53.28823,2021/04/22 23:00:00+00,Fri 23 Apr 2021,33632,12376,3,1017878,425371,306,1018184,425677,19.9634957567592,8.34623308090676,917
-7.6926,53.28823,2021/04/23 23:00:00+00,Sat 24 Apr 2021,23717,7024,2,1041595,432395,308,1041903,432703,20.4285533061359,8.48399160116144,918
-7.6926,53.28823,2021/04/24 23:00:00+00,Sun 25 Apr 2021,9765,314,3,1051360,432709,311,1051671,433020,20.6200741182406,8.49020700835198,919
-7.6926,53.28823,2021/04/25 23:00:00+00,Mon 26 Apr 2021,15612,3067,4,1066972,435776,315,1067287,436091,20.926256448485,8.5504199909455,920
-7.6926,53.28823,2021/04/26 23:00:00+00,Tue 27 Apr 2021,25942,7833,11,1092914,443609,326,1093240,443935,21.4351159526366,8.70421700672656,921
-7.6926,53.28823,2021/04/27 23:00:00+00,Wed 28 Apr 2021,26070,8646,7,1118984,452255,333,1119317,452588,21.9464067201688,8.87387605536928,922
-7.6926,53.28823,2021/04/28 23:00:00+00,Thu 29 Apr 2021,31716,11343,8,1150700,463598,341,1151041,463939,22.5684180063287,9.0964346895012,923
-7.6926,53.28823,2021/04/29 23:00:00+00,Fri 30 Apr 2021,36126,13556,9,1186826,477154,350,1187176,477504,23.276915605162,9.36240313915316,924
-7.6926,53.28823,2021/04/30 23:00:00+00,Sat 01 May 2021,16662,6707,21,1203488,483861,371,1203859,484232,23.6040185646566,9.49431878450948,925
-7.6926,53.28823,2021/05/01 23:00:00+00,Sun 02 May 2021,12492,919,16,1215980,484780,387,1216367,485167,23.8492624546859,9.51265129467716,926
-7.6926,53.28823,2021/05/02 23:00:00+00,Mon 03 May 2021,14295,949,21,1230275,485729,408,1230683,486137,24.1299557333602,9.53167004854096,927
-7.6926,53.28823,2021/05/03 23:00:00+00,Tue 04 May 2021,26693,6818,11,1256968,492547,419,1257387,492966,24.6535400665343,9.66556599713464,928
-7.6926,53.28823,2021/05/04 23:00:00+00,Wed 05 May 2021,32161,13482,70,1289129,506029,489,1289618,506518,25.2854920828065,9.9312795562709,929
-7.6926,53.28823,2021/05/05 23:00:00+00,Thu 06 May 2021,37330,14399,133,1326459,520428,622,1327081,521050,26.0200277281667,10.2162079388984,930
-7.6926,53.28823,2021/05/06 23:00:00+00,Fri 07 May 2021,40629,15107,99,1367088,535535,721,1367809,536256,26.8185801068932,10.5143514144169,931
-7.6926,53.28823,2021/05/07 23:00:00+00,Sat 08 May 2021,25655,7075,10,1392743,542610,731,1393474,543341,27.321792805774,10.6532667454736,932
-7.6926,53.28823,2021/05/08 23:00:00+00,Sun 09 May 2021,19689,938,5,1412432,543548,736,1413168,544284,27.7079323300973,10.6717561113432,933
-7.6926,53.28823,2021/05/09 23:00:00+00,Mon 10 May 2021,28885,4675,173,1441317,548223,909,1442226,549132,28.2776714535759,10.7668106667367,934
-7.6926,53.28823,2021/05/10 23:00:00+00,Tue 11 May 2021,33939,14835,153,1475256,563058,1062,1476318,564120,28.9461120275188,11.0606798243765,935
-7.6926,53.28823,2021/05/11 23:00:00+00,Wed 12 May 2021,31334,20944,176,1506590,584002,1238,1507828,585240,29.563927423651,11.4747788775759,936
-7.6926,53.28823,2021/05/12 23:00:00+00,Thu 13 May 2021,36039,25493,153,1542629,609495,1391,1544020,610886,30.2735426193608,11.9776190441645,937
-7.6926,53.28823,2021/05/13 23:00:00+00,Fri 14 May 2021,38253,27963,237,1580882,637458,1628,1582510,639086,31.0282146154614,12.5305353936068,938
-7.6926,53.28823,2021/05/14 23:00:00+00,Sat 15 May 2021,28906,12475,22,1609788,649933,1650,1611438,651583,31.595404833783,12.7755636070459,939
-7.6926,53.28823,2021/05/15 23:00:00+00,Sun 16 May 2021,23208,1189,11,1632996,651122,1661,1634657,652783,32.0506589017866,12.7990919623413,940
-7.6926,53.28823,2021/05/16 23:00:00+00,Mon 17 May 2021,35418,3971,120,1668414,655093,1781,1670195,656874,32.7474511438604,12.8793040469359,941
-7.6926,53.28823,2021/05/17 23:00:00+00,Tue 18 May 2021,39057,12523,127,1707471,667616,1908,1709379,669524,33.5157303721068,13.1273321256751,942
-7.6926,53.28823,2021/05/18 23:00:00+00,Wed 19 May 2021,37072,17628,212,1744543,685244,2120,1746663,687364,34.2467563711355,13.477120341067,943
-7.6926,53.28823,2021/05/19 23:00:00+00,Thu 20 May 2021,39135,19653,138,1783678,704897,2258,1785936,707155,35.0167806190663,13.8651617407767,944
-7.6926,53.28823,2021/05/20 23:00:00+00,Fri 21 May 2021,25880,23278,14937,1809558,728175,17195,1826753,745370,35.8170780174773,14.6144418221221,945
-7.6926,53.28823,2021/05/21 23:00:00+00,Sat 22 May 2021,16631,10267,13524,1826189,738442,30719,1856908,769161,36.4083259790884,15.0809110728165,946
-7.6926,53.28823,2021/05/22 23:00:00+00,Sun 23 May 2021,8245,5550,10206,1834434,743992,40925,1875359,784917,36.7700940487182,15.3898383778454,947
-7.6926,53.28823,2021/05/23 23:00:00+00,Mon 24 May 2021,22589,8261,8453,1857023,752253,49378,1906401,801631,37.3787333862852,15.7175491531851,948
-7.6926,53.28823,2021/05/24 23:00:00+00,Tue 25 May 2021,30395,16550,3225,1887418,768803,52603,1940021,821406,38.0379194738119,16.1052768414908,949
-7.6926,53.28823,2021/05/25 23:00:00+00,Wed 26 May 2021,20019,25503,3056,1907437,794306,55659,1963096,849965,38.49035013918,16.6652320905591,950
-7.6926,53.28823,2021/05/26 23:00:00+00,Thu 27 May 2021,17060,36084,550,1924497,830390,56209,1980706,886599,38.8356287531403,17.3835135638027,951
-7.6926,53.28823,2021/05/27 23:00:00+00,Fri 28 May 2021,27082,31864,1562,1951579,862254,57771,2009350,920025,39.397250594042,18.0388959005566,952
-7.6926,53.28823,2021/05/28 23:00:00+00,Sat 29 May 2021,24523,7418,538,1976102,869672,58309,2034411,927981,39.888620687424,18.1948888961653,953
-7.6926,53.28823,2021/05/29 23:00:00+00,Sun 30 May 2021,24283,1699,210,2000385,871371,58519,2058904,929890,40.3688540259663,18.2323185880477,954
-7.6926,53.28823,2021/05/30 23:00:00+00,Mon 31 May 2021,22636,7328,3446,2023021,878699,61965,2084986,940664,40.8802428283122,18.4435640046751,955
-7.6926,53.28823,2021/05/31 23:00:00+00,Tue 01 Jun 2021,27681,11560,3657,2050702,890259,65622,2116324,955881,41.4946858268521,18.7419231567837,956
-7.6926,53.28823,2021/06/01 23:00:00+00,Wed 02 Jun 2021,18750,20936,4010,2069452,911195,69632,2139084,980827,41.9409402989552,19.23103844945,957
-7.6926,53.28823,2021/06/02 23:00:00+00,Thu 03 Jun 2021,16743,30736,1979,2086195,941931,71611,2157806,1013542,42.3080218554892,19.8724802356914,958
-7.6926,53.28823,2021/06/03 23:00:00+00,Fri 04 Jun 2021,29043,23375,155,2115238,965306,71766,2187004,1037072,42.8805059537523,20.3338320691091,959
-7.6926,53.28823,2021/06/04 23:00:00+00,Sat 05 Jun 2021,21005,11519,37,2136243,976825,71803,2208046,1048628,43.2930756638574,20.5604101306039,960
-7.6926,53.28823,2021/06/05 23:00:00+00,Sun 06 Jun 2021,19990,3932,47,2156233,980757,71850,2228083,1052607,43.6859403764027,20.638426235371,961
-7.6926,53.28823,2021/06/06 23:00:00+00,Mon 07 Jun 2021,19867,4622,48,2176100,985379,71898,2247998,1057277,44.0764130394929,20.7299907513957,962
-7.6926,53.28823,2021/06/07 23:00:00+00,Tue 08 Jun 2021,26462,18369,48,2202562,1003748,71946,2274508,1075694,44.5961936218942,21.0910921842921,963
-7.6926,53.28823,2021/06/08 23:00:00+00,Wed 09 Jun 2021,32863,20151,178,2235425,1023899,72124,2307549,1096023,45.2440272779909,21.4896821299593,964
-7.6926,53.28823,2021/06/09 23:00:00+00,Thu 10 Jun 2021,27751,27530,273,2263176,1051429,72397,2335573,1123826,45.7934928019899,22.0348145151914,965
-7.6926,53.28823,2021/06/10 23:00:00+00,Fri 11 Jun 2021,26495,32934,44,2289671,1084363,72441,2362112,1156804,46.3138419863108,22.681412932635,966
-7.6926,53.28823,2021/06/11 23:00:00+00,Sat 12 Jun 2021,12249,19753,105,2301920,1104116,72546,2374466,1176662,46.5560664040771,23.0707679988487,967
-7.6926,53.28823,2021/06/12 23:00:00+00,Sun 13 Jun 2021,8572,18197,835,2310492,1122313,73381,2383873,1195694,46.7405091026305,23.443927713834,968
-7.6926,53.28823,2021/06/13 23:00:00+00,Mon 14 Jun 2021,16065,31341,56,2326557,1153654,73437,2399994,1227091,47.0565929490617,24.0595275231759,969
-7.6926,53.28823,2021/06/14 23:00:00+00,Tue 15 Jun 2021,14757,41615,207,2341314,1195269,73644,2414958,1268913,47.3499915395956,24.8795299191468,970
-7.6926,53.28823,2021/06/15 23:00:00+00,Wed 16 Jun 2021,13522,48423,220,2354836,1243692,73864,2428700,1317556,47.6194304216536,25.8332714080093,971
-7.6926,53.28823,2021/06/16 23:00:00+00,Thu 17 Jun 2021,21619,42719,536,2376455,1286411,74400,2450855,1360811,48.0538226812953,26.6813705815955,972
-7.6926,53.28823,2021/06/17 23:00:00+00,Fri 18 Jun 2021,12045,50058,556,2388500,1336469,74956,2463456,1411425,48.3008900188599,27.6737573940307,973
-7.6926,53.28823,2021/06/18 23:00:00+00,Sat 19 Jun 2021,6356,32831,434,2394856,1369300,75390,2470246,1444690,48.4340212959065,28.3259830097825,974
-7.6926,53.28823,2021/06/19 23:00:00+00,Sun 20 Jun 2021,8546,26163,178,2403402,1395463,75568,2478970,1471031,48.6050724389042,28.8424500154797,975
-7.6926,53.28823,2021/06/20 23:00:00+00,Mon 21 Jun 2021,15532,32377,575,2418934,1427840,76143,2495077,1503983,48.920881787857,29.4885386518919,976
-7.6926,53.28823,2021/06/21 23:00:00+00,Tue 22 Jun 2021,15181,43586,723,2434115,1471426,76866,2510981,1548292,49.2327109233723,30.3573035642125,977
-7.6926,53.28823,2021/06/22 23:00:00+00,Wed 23 Jun 2021,20114,39428,887,2454229,1510854,77753,2531982,1588607,49.6444767480048,31.1477582673249,978
-7.6926,53.28823,2021/06/23 23:00:00+00,Thu 24 Jun 2021,19064,44294,1033,2473293,1555148,78786,2552079,1633934,50.0385178783149,32.0364830677211,979
-7.6926,53.28823,2021/06/24 23:00:00+00,Fri 25 Jun 2021,15245,50152,844,2488538,1605300,79630,2568168,1684930,50.3539743019382,33.0363597399254,980
-7.6926,53.28823,2021/06/25 23:00:00+00,Sat 26 Jun 2021,9100,30604,513,2497638,1635904,80143,2577781,1716047,50.5424560348173,33.6464695996984,981
-7.6926,53.28823,2021/06/26 23:00:00+00,Sun 27 Jun 2021,8756,30505,60,2506394,1666409,80203,2586597,1746612,50.7153110183876,34.2457564160354,982
-7.6926,53.28823,2021/06/27 23:00:00+00,Mon 28 Jun 2021,24265,24695,528,2530659,1691104,80731,2611390,1771835,51.2014264457537,34.7403028373824,983
-7.6926,53.28823,2021/06/28 23:00:00+00,Tue 29 Jun 2021,28174,31083,814,2558833,1722187,81545,2640378,1803732,51.7697930818401,35.3657061280974,984
-7.6926,53.28823,2021/06/29 23:00:00+00,Wed 30 Jun 2021,22630,36924,593,2581463,1759111,82138,2663601,1841249,52.2251255776947,36.1013005494459,985
-7.6926,53.28823,2021/06/30 23:00:00+00,Thu 01 Jul 2021,15094,48366,644,2596557,1807477,82782,2679339,1890259,52.5336999573941,37.0622377936363,986
-7.6926,53.28823,2021/07/01 23:00:00+00,Fri 02 Jul 2021,13724,47315,819,2610281,1854792,83601,2693882,1938393,52.8188440166118,38.0059993384611,987
-7.6926,53.28823,2021/07/02 23:00:00+00,Sat 03 Jul 2021,9347,30509,507,2619628,1885301,84108,2703736,1969409,53.0120510275127,38.6141288949967,988
-7.6926,53.28823,2021/07/03 23:00:00+00,Sun 04 Jul 2021,6472,27801,233,2626100,1913102,84341,2710441,1997443,53.1435157127258,39.1637904886232,989
-7.6926,53.28823,2021/07/04 23:00:00+00,Mon 05 Jul 2021,15666,33514,5344,2641766,1946616,89685,2731451,2036301,53.5554580000231,39.9256778470143,990
-7.6926,53.28823,2021/07/05 23:00:00+00,Tue 06 Jul 2021,12433,48337,5491,2654199,1994953,95176,2749375,2090129,53.9068932002857,40.9810814377158,991
-7.6926,53.28823,2021/07/06 23:00:00+00,Wed 07 Jul 2021,19741,43808,5061,2673940,2038761,100237,2774177,2138998,54.3931850903165,41.939254100159,992
-7.6926,53.28823,2021/07/07 23:00:00+00,Thu 08 Jul 2021,17827,45639,6005,2691767,2084400,106242,2798009,2190642,54.8604582264836,42.9518360842229,993
-7.6926,53.28823,2021/07/08 23:00:00+00,Fri 09 Jul 2021,13546,45137,6535,2705313,2129537,112777,2818090,2242314,55.2541856453897,43.9649670632436,994
-7.6926,53.28823,2021/07/09 23:00:00+00,Sat 10 Jul 2021,8667,23909,4365,2713980,2153446,117142,2831122,2270588,55.5097035838979,44.5193343279292,995
-7.6926,53.28823,2021/07/10 23:00:00+00,Sun 11 Jul 2021,15253,16144,2153,2729233,2169590,119295,2848528,2288885,55.850982377458,44.8780829252961,996
-7.6926,53.28823,2021/07/11 23:00:00+00,Mon 12 Jul 2021,17151,31807,6096,2746384,2201397,125391,2871775,2326788,56.3067854404185,45.6212456342647,997
-7.6926,53.28823,2021/07/12 23:00:00+00,Tue 13 Jul 2021,20134,36611,8490,2766518,2238008,133881,2900399,2371889,56.8680151420652,46.5055392610802,998
-7.6926,53.28823,2021/07/13 23:00:00+00,Wed 14 Jul 2021,20821,35762,9335,2787339,2273770,143216,2930555,2416986,57.4592827106391,47.3897544600448,999
-7.6926,53.28823,2021/07/14 23:00:00+00,Thu 15 Jul 2021,23691,28891,9587,2811030,2302661,152803,2963833,2455464,58.1117632169065,48.1441911725924,1000
-7.6926,53.28823,2023/10/25 23:00:00+00,Thu 26 Oct 2023,10,2,0,3869721,3823812,241295,4111016,4065107,80.6045375609605,79.704401508246,1001
-7.6926,53.28823,2023/10/26 23:00:00+00,Fri 27 Oct 2023,4,0,0,3869725,3823812,241295,4111020,4065107,80.6046159888115,79.704401508246,1002
-7.6926,53.28823,2023/10/27 23:00:00+00,Sat 28 Oct 2023,15,3,0,3869740,3823815,241295,4111035,4065110,80.6049100932527,79.7044603291342,1003
-7.6926,53.28823,2023/10/28 23:00:00+00,Sun 29 Oct 2023,11,14,0,3869751,3823829,241295,4111046,4065124,80.6051257698429,79.7047348266127,1004
-7.6926,53.28823,2023/10/31 00:00:00+00,Tue 31 Oct 2023,5,6,0,3869756,3823835,241295,4111051,4065130,80.6052238046566,79.7048524683892,1005
-7.6926,53.28823,2023/11/01 00:00:00+00,Wed 01 Nov 2023,2,4,0,3869758,3823839,241295,4111053,4065134,80.6052630185821,79.7049308962401,1006
-7.6926,53.28823,2023/11/02 00:00:00+00,Thu 02 Nov 2023,9,1,0,3869767,3823840,241295,4111062,4065135,80.6054394812468,79.7049505032029,1007
-7.6926,53.28823,2023/11/03 00:00:00+00,Fri 03 Nov 2023,5,5,0,3869772,3823845,241295,4111067,4065140,80.6055375160606,79.7050485380166,1008
-7.6926,53.28823,2023/11/04 00:00:00+00,Sat 04 Nov 2023,4,0,0,3869776,3823845,241295,4111071,4065140,80.6056159439115,79.7050485380166,1009
-7.6926,53.28823,2023/11/05 00:00:00+00,Sun 05 Nov 2023,1,3,0,3869777,3823848,241295,4111072,4065143,80.6056355508743,79.7051073589049,1010
-7.6926,53.28823,2023/11/06 00:00:00+00,Mon 06 Nov 2023,4,3,0,3869781,3823851,241295,4111076,4065146,80.6057139787253,79.7051661797931,1011
-7.6926,53.28823,2023/11/07 00:00:00+00,Tue 07 Nov 2023,6,2,0,3869787,3823853,241295,4111082,4065148,80.6058316205017,79.7052053937186,1012
-7.6926,53.28823,2023/11/08 00:00:00+00,Wed 08 Nov 2023,6,2,0,3869793,3823855,241295,4111088,4065150,80.6059492622782,79.7052446076441,1013
-7.6926,53.28823,2023/11/09 00:00:00+00,Thu 09 Nov 2023,4,5,0,3869797,3823860,241295,4111092,4065155,80.6060276901292,79.7053426424578,1014
-7.6926,53.28823,2023/11/10 00:00:00+00,Fri 10 Nov 2023,1,0,0,3869798,3823860,241295,4111093,4065155,80.6060472970919,79.7053426424578,1015
-7.6926,53.28823,2023/11/11 00:00:00+00,Sat 11 Nov 2023,8,16,0,3869806,3823876,241295,4111101,4065171,80.6062041527939,79.7056563538618,1016
-7.6926,53.28823,2023/11/13 00:00:00+00,Mon 13 Nov 2023,2,2,0,3869808,3823878,241295,4111103,4065173,80.6062433667194,79.7056955677872,1017
-7.6926,53.28823,2023/11/14 00:00:00+00,Tue 14 Nov 2023,8,2,0,3869816,3823880,241295,4111111,4065175,80.6064002224214,79.7057347817127,1018
-7.6926,53.28823,2023/11/15 00:00:00+00,Wed 15 Nov 2023,9,1,0,3869825,3823881,241295,4111120,4065176,80.6065766850861,79.7057543886755,1019
-7.6926,53.28823,2023/11/16 00:00:00+00,Thu 16 Nov 2023,10,5,0,3869835,3823886,241295,4111130,4065181,80.6067727547136,79.7058524234892,1020
-7.6926,53.28823,2023/11/17 00:00:00+00,Fri 17 Nov 2023,6,2,0,3869841,3823888,241295,4111136,4065183,80.60689039649,79.7058916374147,1021
-7.6926,53.28823,2023/11/18 00:00:00+00,Sat 18 Nov 2023,2,6,0,3869843,3823894,241295,4111138,4065189,80.6069296104155,79.7060092791912,1022
-7.6926,53.28823,2023/11/20 00:00:00+00,Mon 20 Nov 2023,1,0,0,3869844,3823894,241295,4111139,4065189,80.6069492173783,79.7060092791912,1023
-7.6926,53.28823,2023/11/21 00:00:00+00,Tue 21 Nov 2023,8,4,0,3869852,3823898,241295,4111147,4065193,80.6071060730802,79.7060877070422,1024
-7.6926,53.28823,2023/11/22 00:00:00+00,Wed 22 Nov 2023,8,2,0,3869860,3823900,241295,4111155,4065195,80.6072629287822,79.7061269209677,1025
-7.6926,53.28823,2023/11/23 00:00:00+00,Thu 23 Nov 2023,11,10,0,3869871,3823910,241295,4111166,4065205,80.6074786053724,79.7063229905951,1026
-7.6926,53.28823,2023/11/24 00:00:00+00,Fri 24 Nov 2023,6,2,0,3869877,3823912,241295,4111172,4065207,80.6075962471489,79.7063622045206,1027
-7.6926,53.28823,2023/11/25 00:00:00+00,Sat 25 Nov 2023,1,0,0,3869878,3823912,241295,4111173,4065207,80.6076158541116,79.7063622045206,1028
-7.6926,53.28823,2023/11/26 00:00:00+00,Sun 26 Nov 2023,7,9,0,3869885,3823921,241295,4111180,4065216,80.6077531028509,79.7065386671853,1029
-7.6926,53.28823,2023/11/27 00:00:00+00,Mon 27 Nov 2023,3,2,0,3869888,3823923,241295,4111183,4065218,80.6078119237391,79.7065778811108,1030
-7.6926,53.28823,2023/11/28 00:00:00+00,Tue 28 Nov 2023,1,0,0,3869889,3823923,241295,4111184,4065218,80.6078315307019,79.7065778811108,1031
-7.6926,53.28823,2023/11/29 00:00:00+00,Wed 29 Nov 2023,6,6,0,3869895,3823929,241295,4111190,4065224,80.6079491724783,79.7066955228873,1032
-7.6926,53.28823,2023/11/30 00:00:00+00,Thu 30 Nov 2023,11,4,0,3869906,3823933,241295,4111201,4065228,80.6081648490685,79.7067739507383,1033
-7.6926,53.28823,2023/12/01 00:00:00+00,Fri 01 Dec 2023,7,1,0,3869913,3823934,241295,4111208,4065229,80.6083020978078,79.706793557701,1034
-7.6926,53.28823,2023/12/02 00:00:00+00,Sat 02 Dec 2023,3,5,0,3869916,3823939,241295,4111211,4065234,80.608360918696,79.7068915925148,1035
-7.6926,53.28823,2023/12/03 00:00:00+00,Sun 03 Dec 2023,1,0,0,3869917,3823939,241295,4111212,4065234,80.6083805256587,79.7068915925148,1036
-7.6926,53.28823,2023/12/04 00:00:00+00,Mon 04 Dec 2023,6,4,0,3869923,3823943,241295,4111218,4065238,80.6084981674352,79.7069700203658,1037
-7.6926,53.28823,2023/12/05 00:00:00+00,Tue 05 Dec 2023,1,1,0,3869924,3823944,241295,4111219,4065239,80.608517774398,79.7069896273285,1038
-7.6926,53.28823,2023/12/06 00:00:00+00,Wed 06 Dec 2023,5,7,0,3869929,3823951,241295,4111224,4065246,80.6086158092117,79.7071268760677,1039
-7.6926,53.28823,2023/12/07 00:00:00+00,Thu 07 Dec 2023,4,6,0,3869933,3823957,241295,4111228,4065252,80.6086942370627,79.7072445178442,1040
-7.6926,53.28823,2023/12/08 00:00:00+00,Fri 08 Dec 2023,5,3,0,3869938,3823960,241295,4111233,4065255,80.6087922718764,79.7073033387324,1041
-7.6926,53.28823,2023/12/09 00:00:00+00,Sat 09 Dec 2023,5,4,0,3869943,3823964,241295,4111238,4065259,80.6088903066902,79.7073817665834,1042
-7.6926,53.28823,2023/12/11 00:00:00+00,Mon 11 Dec 2023,3,6,0,3869946,3823970,241295,4111241,4065265,80.6089491275784,79.7074994083599,1043
-7.6926,53.28823,2023/12/12 00:00:00+00,Tue 12 Dec 2023,6,1,0,3869952,3823971,241295,4111247,4065266,80.6090667693549,79.7075190153226,1044
-7.6926,53.28823,2023/12/13 00:00:00+00,Wed 13 Dec 2023,14,8,0,3869966,3823979,241295,4111261,4065274,80.6093412668333,79.7076758710246,1045
-7.6926,53.28823,2023/12/14 00:00:00+00,Thu 14 Dec 2023,6,4,0,3869972,3823983,241295,4111267,4065278,80.6094589086098,79.7077542988756,1046
-7.6926,53.28823,2023/12/15 00:00:00+00,Fri 15 Dec 2023,5,0,0,3869977,3823983,241295,4111272,4065278,80.6095569434235,79.7077542988756,1047
-7.6926,53.28823,2023/12/16 00:00:00+00,Sat 16 Dec 2023,2,1,0,3869979,3823984,241295,4111274,4065279,80.609596157349,79.7077739058383,1048
-7.6926,53.28823,2023/12/17 00:00:00+00,Sun 17 Dec 2023,2,6,0,3869981,3823990,241295,4111276,4065285,80.6096353712745,79.7078915476148,1049
-7.6926,53.28823,2023/12/18 00:00:00+00,Mon 18 Dec 2023,3,0,0,3869984,3823990,241295,4111279,4065285,80.6096941921627,79.7078915476148,1050
-7.6926,53.28823,2023/12/19 00:00:00+00,Tue 19 Dec 2023,1,1,0,3869985,3823991,241295,4111280,4065286,80.6097137991255,79.7079111545776,1051
-7.6926,53.28823,2023/12/20 00:00:00+00,Wed 20 Dec 2023,2,3,0,3869987,3823994,241295,4111282,4065289,80.609753013051,79.7079699754658,1052
-7.6926,53.28823,2023/12/21 00:00:00+00,Thu 21 Dec 2023,3,5,0,3869990,3823999,241295,4111285,4065294,80.6098118339392,79.7080680102795,1053
-7.6926,53.28823,2023/12/22 00:00:00+00,Fri 22 Dec 2023,2,3,0,3869992,3824002,241295,4111287,4065297,80.6098510478647,79.7081268311678,1054
-7.6926,53.28823,2023/12/27 00:00:00+00,Wed 27 Dec 2023,1,2,0,3869993,3824004,241295,4111288,4065299,80.6098706548275,79.7081660450933,1055
-7.6926,53.28823,2023/12/28 00:00:00+00,Thu 28 Dec 2023,2,4,0,3869995,3824008,241295,4111290,4065303,80.609909868753,79.7082444729443,1056
-7.6926,53.28823,2023/12/29 00:00:00+00,Fri 29 Dec 2023,10,10,0,3870005,3824018,241295,4111300,4065313,80.6101059383804,79.7084405425717,1057
-7.6926,53.28823,2023/12/30 00:00:00+00,Sat 30 Dec 2023,1,0,0,3870006,3824018,241295,4111301,4065313,80.6101255453432,79.7084405425717,1058
-7.6926,53.28823,2024/01/02 00:00:00+00,Tue 02 Jan 2024,9,1,0,3870015,3824019,241295,4111310,4065314,80.6103020080079,79.7084601495345,1059
-7.6926,53.28823,2024/01/03 00:00:00+00,Wed 03 Jan 2024,1,3,0,3870016,3824022,241295,4111311,4065317,80.6103216149706,79.7085189704227,1060
-7.6926,53.28823,2024/01/04 00:00:00+00,Thu 04 Jan 2024,18,7,0,3870034,3824029,241295,4111329,4065324,80.6106745403001,79.7086562191619,1061
-7.6926,53.28823,2024/01/05 00:00:00+00,Fri 05 Jan 2024,5,2,0,3870039,3824031,241295,4111334,4065326,80.6107725751138,79.7086954330874,1062
-7.6926,53.28823,2024/01/07 00:00:00+00,Sun 07 Jan 2024,3,4,0,3870042,3824035,241295,4111337,4065330,80.610831396002,79.7087738609384,1063
-7.6926,53.28823,2024/01/08 00:00:00+00,Mon 08 Jan 2024,1,3,0,3870043,3824038,241295,4111338,4065333,80.6108510029648,79.7088326818266,1064
-7.6926,53.28823,2024/01/09 00:00:00+00,Tue 09 Jan 2024,8,3,0,3870051,3824041,241295,4111346,4065336,80.6110078586667,79.7088915027149,1065
-7.6926,53.28823,2024/01/10 00:00:00+00,Wed 10 Jan 2024,7,2,0,3870058,3824043,241295,4111353,4065338,80.611145107406,79.7089307166404,1066
-7.6926,53.28823,2024/01/11 00:00:00+00,Thu 11 Jan 2024,7,6,0,3870065,3824049,241295,4111360,4065344,80.6112823561452,79.7090483584169,1067
-7.6926,53.28823,2024/01/13 00:00:00+00,Sat 13 Jan 2024,6,3,0,3870071,3824052,241295,4111366,4065347,80.6113999979217,79.7091071793051,1068
-7.6926,53.28823,2024/01/15 00:00:00+00,Mon 15 Jan 2024,2,1,0,3870073,3824053,241295,4111368,4065348,80.6114392118472,79.7091267862678,1069
-7.6926,53.28823,2024/01/16 00:00:00+00,Tue 16 Jan 2024,1,2,0,3870074,3824055,241295,4111369,4065350,80.6114588188099,79.7091660001933,1070
-7.6926,53.28823,2024/01/17 00:00:00+00,Wed 17 Jan 2024,3,2,0,3870077,3824057,241295,4111372,4065352,80.6115176396981,79.7092052141188,1071
-7.6926,53.28823,2024/01/18 00:00:00+00,Thu 18 Jan 2024,2,3,0,3870079,3824060,241295,4111374,4065355,80.6115568536236,79.7092640350071,1072
-7.6926,53.28823,2024/01/19 00:00:00+00,Fri 19 Jan 2024,3,2,0,3870082,3824062,241295,4111377,4065357,80.6116156745119,79.7093032489326,1073
-7.6926,53.28823,2024/01/20 00:00:00+00,Sat 20 Jan 2024,1,5,0,3870083,3824067,241295,4111378,4065362,80.6116352814746,79.7094012837463,1074
-7.6926,53.28823,2024/01/22 00:00:00+00,Mon 22 Jan 2024,1,3,0,3870084,3824070,241295,4111379,4065365,80.6116548884374,79.7094601046345,1075
-7.6926,53.28823,2024/01/23 00:00:00+00,Tue 23 Jan 2024,1,2,0,3870085,3824072,241295,4111380,4065367,80.6116744954001,79.70949931856,1076
-7.6926,53.28823,2024/01/24 00:00:00+00,Wed 24 Jan 2024,4,2,0,3870089,3824074,241295,4111384,4065369,80.6117529232511,79.7095385324855,1077
-7.6926,53.28823,2024/01/25 00:00:00+00,Thu 25 Jan 2024,6,6,0,3870095,3824080,241295,4111390,4065375,80.6118705650276,79.709656174262,1078
-7.6926,53.28823,2024/01/26 00:00:00+00,Fri 26 Jan 2024,1,2,0,3870096,3824082,241295,4111391,4065377,80.6118901719903,79.7096953881875,1079
-7.6926,53.28823,2024/01/27 00:00:00+00,Sat 27 Jan 2024,1,1,0,3870097,3824083,241295,4111392,4065378,80.6119097789531,79.7097149951502,1080
