X,Y,VaccinationDate,VaccineText,Dose1,Dose2,SingleDose,Dose1Cum,Dose2Cum,SingleDoseCum,PartiallyVacc,FullyVacc,PartialPercent,FullyPercent,ObjectId
-7.6926,53.28823,2020/12/28 00:00:00+00,Mon 28 Dec 2020,295,24,4,295,24,4,299,28,0.00623108921731893,0.000583513371521505,1
-7.6926,53.28823,2020/12/29 00:00:00+00,Tue 29 Dec 2020,81,3,0,376,27,4,380,31,0.00791911004207757,0.00064603266132738,2
-7.6926,53.28823,2020/12/30 00:00:00+00,Wed 30 Dec 2020,1065,2,0,1441,29,4,1445,33,0.0301134579231634,0.000687712187864631,3
-7.6926,53.28823,2020/12/31 00:00:00+00,Thu 31 Dec 2020,1042,1,0,2483,30,4,2487,34,0.0518284912490708,0.000708551951133256,4
-7.6926,53.28823,2021/01/01 00:00:00+00,Fri 01 Jan 2021,826,0,0,3309,30,4,3313,34,0.0690421357089552,0.000708551951133256,5
-7.6926,53.28823,2021/01/02 00:00:00+00,Sat 02 Jan 2021,1021,0,0,4330,30,4,4334,34,0.0903195340062215,0.000708551951133256,6
-7.6926,53.28823,2021/01/03 00:00:00+00,Sun 03 Jan 2021,24,3,1,4354,33,5,4359,38,0.0908405280879371,0.000791911004207756,7
-7.6926,53.28823,2021/01/04 00:00:00+00,Mon 04 Jan 2021,1197,5,0,5551,38,5,5556,43,0.115785724720481,0.000896109820550883,8
-7.6926,53.28823,2021/01/05 00:00:00+00,Tue 05 Jan 2021,3546,14,0,9097,52,5,9102,57,0.189683525271026,0.00118786650631163,9
-7.6926,53.28823,2021/01/06 00:00:00+00,Wed 06 Jan 2021,6797,14,0,15894,66,5,15899,71,0.331331396207872,0.00147962319207239,10
-7.6926,53.28823,2021/01/07 00:00:00+00,Thu 07 Jan 2021,11743,9,0,27637,75,5,27642,80,0.576052736271337,0.00166718106149001,11
-7.6926,53.28823,2021/01/08 00:00:00+00,Fri 08 Jan 2021,12690,8,0,40327,83,5,40332,88,0.840509332150191,0.00183389916763902,12
-7.6926,53.28823,2021/01/09 00:00:00+00,Sat 09 Jan 2021,8081,7,0,48408,90,5,48413,95,1.00891545912395,0.00197977751051939,13
-7.6926,53.28823,2021/01/10 00:00:00+00,Sun 10 Jan 2021,4790,6,1,53198,96,6,53204,102,1.10875876494393,0.00212565585339977,14
-7.6926,53.28823,2021/01/11 00:00:00+00,Mon 11 Jan 2021,8356,8,0,61554,104,6,61560,110,1.28289582681657,0.00229237395954877,15
-7.6926,53.28823,2021/01/12 00:00:00+00,Tue 12 Jan 2021,8901,15,0,70455,119,6,70461,125,1.4683905596706,0.00260497040857815,16
-7.6926,53.28823,2021/01/13 00:00:00+00,Wed 13 Jan 2021,9907,5,0,80362,124,6,80368,130,1.67485009437287,0.00270916922492127,17
-7.6926,53.28823,2021/01/14 00:00:00+00,Thu 14 Jan 2021,8099,6,0,88461,130,6,88467,136,1.84363133708546,0.00283420780453302,18
-7.6926,53.28823,2021/01/15 00:00:00+00,Fri 15 Jan 2021,7708,5,0,96169,135,6,96175,141,2.00426423236003,0.00293840662087615,19
-7.6926,53.28823,2021/01/16 00:00:00+00,Sat 16 Jan 2021,5248,3,0,101417,138,6,101423,144,2.11363130999377,0.00300092591068202,20
-7.6926,53.28823,2021/01/17 00:00:00+00,Sun 17 Jan 2021,1118,5,0,102535,143,6,102541,149,2.13693016532809,0.00310512472702515,21
-7.6926,53.28823,2021/01/18 00:00:00+00,Mon 18 Jan 2021,8731,9,1,111266,152,7,111273,159,2.31890297818973,0.0033135223597114,22
-7.6926,53.28823,2021/01/19 00:00:00+00,Tue 19 Jan 2021,8399,21,0,119665,173,7,119672,180,2.49393614988291,0.00375115738835253,23
-7.6926,53.28823,2021/01/20 00:00:00+00,Wed 20 Jan 2021,8458,965,0,128123,1138,7,128130,1145,2.67019886760894,0.0238615289425758,24
-7.6926,53.28823,2021/01/21 00:00:00+00,Thu 21 Jan 2021,9023,967,0,137146,2105,7,137153,2112,2.85823605158175,0.0440135800233364,25
-7.6926,53.28823,2021/01/22 00:00:00+00,Fri 22 Jan 2021,6795,971,0,143941,3076,7,143948,3083,2.99984224299206,0.0642489901571714,26
-7.6926,53.28823,2021/01/23 00:00:00+00,Sat 23 Jan 2021,4201,461,0,148142,3537,7,148149,3544,3.08739008848355,0.0738561210240076,27
-7.6926,53.28823,2021/01/24 00:00:00+00,Sun 24 Jan 2021,1190,399,0,149332,3936,7,149339,3943,3.11218940677321,0.0821711865681891,28
-7.6926,53.28823,2021/01/25 00:00:00+00,Mon 25 Jan 2021,1377,1294,0,150709,5230,7,150716,5237,3.14088576079411,0.10913784023779,29
-7.6926,53.28823,2021/01/26 00:00:00+00,Tue 26 Jan 2021,1012,3508,0,151721,8738,7,151728,8745,3.16197560122196,0.182243729784127,30
-7.6926,53.28823,2021/01/27 00:00:00+00,Wed 27 Jan 2021,2193,6710,0,153914,15448,7,153921,15455,3.20767720207006,0.322078541316602,31
-7.6926,53.28823,2021/01/28 00:00:00+00,Thu 28 Jan 2021,1028,11545,0,154942,26993,7,154949,27000,3.2291004787102,0.56267360825288,32
-7.6926,53.28823,2021/01/29 00:00:00+00,Fri 29 Jan 2021,1595,11526,0,156537,38519,7,156544,38526,3.26233990112366,0.802872719687054,33
-7.6926,53.28823,2021/01/30 00:00:00+00,Sat 30 Jan 2021,657,7795,0,157194,46314,7,157201,46321,3.27603162559115,0.965318674365987,34
-7.6926,53.28823,2021/01/31 00:00:00+00,Sun 31 Jan 2021,240,4088,0,157434,50402,7,157441,50409,3.28103316877562,1.05051162660813,35
-7.6926,53.28823,2021/02/01 00:00:00+00,Mon 01 Feb 2021,1044,8339,1,158478,58741,8,158486,58749,3.30281072139133,1.22431525226846,36
-7.6926,53.28823,2021/02/02 00:00:00+00,Tue 02 Feb 2021,851,5113,1,159329,63854,9,159338,63863,3.3205661996962,1.33088980162421,37
-7.6926,53.28823,2021/02/03 00:00:00+00,Wed 03 Feb 2021,1413,6874,0,160742,70728,9,160751,70737,3.35001278519477,1.47414233433274,38
-7.6926,53.28823,2021/02/04 00:00:00+00,Thu 04 Feb 2021,1458,10542,1,162200,81270,10,162210,81280,3.38041799980369,1.69385595847385,39
-7.6926,53.28823,2021/02/05 00:00:00+00,Fri 05 Feb 2021,3408,8616,0,165608,89886,10,165618,89896,3.45143991302316,1.87341135879633,40
-7.6926,53.28823,2021/02/06 00:00:00+00,Sat 06 Feb 2021,913,3871,0,166521,93757,10,166531,93767,3.47046661688742,1.95408208240918,41
-7.6926,53.28823,2021/02/07 00:00:00+00,Sun 07 Feb 2021,341,1301,2,166862,95058,12,166874,95070,3.47761465568856,1.9812362939482,42
-7.6926,53.28823,2021/02/08 00:00:00+00,Mon 08 Feb 2021,1197,882,0,168059,95940,12,168071,95952,3.5025598523211,1.99961696515112,43
-7.6926,53.28823,2021/02/09 00:00:00+00,Tue 09 Feb 2021,4276,555,3,172335,96495,15,172350,96510,3.59173319934755,2.01124555305502,44
-7.6926,53.28823,2021/02/10 00:00:00+00,Wed 10 Feb 2021,8836,585,0,181171,97080,15,181186,97095,3.77587334758912,2.02343681456716,45
-7.6926,53.28823,2021/02/11 00:00:00+00,Thu 11 Feb 2021,6208,452,0,187379,97532,15,187394,97547,3.90524659796075,2.03285638756458,46
-7.6926,53.28823,2021/02/12 00:00:00+00,Fri 12 Feb 2021,4408,527,0,191787,98059,15,191802,98074,3.99710827444885,2.04383894280715,47
-7.6926,53.28823,2021/02/13 00:00:00+00,Sat 13 Feb 2021,1224,1918,0,193011,99977,15,193026,99992,4.02261614468964,2.08380960875637,48
-7.6926,53.28823,2021/02/14 00:00:00+00,Sun 14 Feb 2021,2712,29,0,195723,100006,15,195738,100021,4.07913358267415,2.08441396189116,49
-7.6926,53.28823,2021/02/15 00:00:00+00,Mon 15 Feb 2021,1977,7896,0,197700,107902,15,197715,107917,4.12033379465623,2.24896473266022,50
-7.6926,53.28823,2021/02/16 00:00:00+00,Tue 16 Feb 2021,5663,8170,0,203363,116072,15,203378,116087,4.23834937404645,2.41922559856489,51
-7.6926,53.28823,2021/02/17 00:00:00+00,Wed 17 Feb 2021,9761,8467,0,213124,124539,15,213139,124554,4.4417663033115,2.59567587416034,52
-7.6926,53.28823,2021/02/18 00:00:00+00,Thu 18 Feb 2021,8478,8362,1,221602,132901,16,221618,132917,4.61846665606617,2.76995881437585,53
-7.6926,53.28823,2021/02/19 00:00:00+00,Fri 19 Feb 2021,9402,6594,2,231004,139495,18,231022,139513,4.81444378984432,2.9074178928957,54
-7.6926,53.28823,2021/02/20 00:00:00+00,Sat 20 Feb 2021,5900,3581,2,236904,143076,20,236924,143096,4.93744007265575,2.98208676468719,55
-7.6926,53.28823,2021/02/21 00:00:00+00,Sun 21 Feb 2021,1119,1025,6,238023,144101,26,238049,144127,4.96088480633295,3.00357256061714,56
-7.6926,53.28823,2021/02/22 00:00:00+00,Mon 22 Feb 2021,3955,1129,2,241978,145230,28,242006,145258,5.0433477495869,3.02714233287396,57
-7.6926,53.28823,2021/02/23 00:00:00+00,Tue 23 Feb 2021,13380,1075,1,255358,146305,29,255387,146334,5.32220462188438,3.049565918151,58
-7.6926,53.28823,2021/02/24 00:00:00+00,Wed 24 Feb 2021,16955,2110,6,272313,148415,35,272348,148450,5.67566784668353,3.09366285722741,59
-7.6926,53.28823,2021/02/25 00:00:00+00,Thu 25 Feb 2021,18110,1771,3,290423,150186,38,290461,150224,6.05313847876814,3.13063259726595,60
-7.6926,53.28823,2021/02/26 00:00:00+00,Fri 26 Feb 2021,16101,2781,1,306524,152967,39,306563,153006,6.38870034691954,3.18860881867926,61
-7.6926,53.28823,2021/02/27 00:00:00+00,Sat 27 Feb 2021,9013,707,1,315537,153674,40,315577,153714,6.57654997302293,3.20336337107345,62
-7.6926,53.28823,2021/02/28 00:00:00+00,Sun 28 Feb 2021,2455,61,2,317992,153735,42,318034,153777,6.62775327137394,3.20467627615937,63
-7.6926,53.28823,2021/03/01 00:00:00+00,Mon 01 Mar 2021,5633,809,0,323625,154544,42,323667,154586,6.7451436578661,3.22153564464369,64
-7.6926,53.28823,2021/03/02 00:00:00+00,Tue 02 Mar 2021,12212,1621,0,335837,156165,42,335879,156207,6.99963884690255,3.25531690090213,65
-7.6926,53.28823,2021/03/03 00:00:00+00,Wed 03 Mar 2021,12928,1514,1,348765,157679,43,348808,157722,7.26907614620261,3.2868891422541,66
-7.6926,53.28823,2021/03/04 00:00:00+00,Thu 04 Mar 2021,18743,1699,5,367508,159378,48,367556,159426,7.65978002796279,3.32240009886384,67
-7.6926,53.28823,2021/03/05 00:00:00+00,Fri 05 Mar 2021,18475,2407,6,385983,161785,54,386037,161839,8.04491969293026,3.37268644763103,68
-7.6926,53.28823,2021/03/06 00:00:00+00,Sat 06 Mar 2021,10415,150,5,396398,161935,59,396457,161994,8.26207002618933,3.37591661093767,69
-7.6926,53.28823,2021/03/07 00:00:00+00,Sun 07 Mar 2021,1539,18,5,397937,161953,64,398001,162017,8.29424662067609,3.37639592549285,70
-7.6926,53.28823,2021/03/08 00:00:00+00,Mon 08 Mar 2021,6685,1513,6,404622,163466,70,404692,163536,8.43368547670646,3.40805152589789,71
-7.6926,53.28823,2021/03/09 00:00:00+00,Tue 09 Mar 2021,13866,3115,6,418488,166581,76,418564,166657,8.72277467276883,3.47309242705927,72
-7.6926,53.28823,2021/03/10 00:00:00+00,Wed 10 Mar 2021,13765,4007,3,432253,170588,79,432332,170667,9.00969653345126,3.55665987776645,73
-7.6926,53.28823,2021/03/11 00:00:00+00,Thu 11 Mar 2021,18509,2108,4,450762,172696,83,450845,172779,9.39550307084332,3.60067345778979,74
-7.6926,53.28823,2021/03/12 00:00:00+00,Fri 12 Mar 2021,17362,1352,4,468124,174048,87,468211,174135,9.75740639976626,3.62893217678204,75
-7.6926,53.28823,2021/03/13 00:00:00+00,Sat 13 Mar 2021,8339,182,0,476463,174230,87,476550,174317,9.93118918566333,3.63272501369693,76
-7.6926,53.28823,2021/03/14 00:00:00+00,Sun 14 Mar 2021,399,23,2,476862,174253,89,476951,174342,9.93954593073405,3.63324600777865,77
-7.6926,53.28823,2021/03/15 00:00:00+00,Mon 15 Mar 2021,2679,1005,0,479541,175258,89,479630,175347,9.99537565653069,3.65418996986362,78
-7.6926,53.28823,2021/03/16 00:00:00+00,Tue 16 Mar 2021,8976,3833,2,488517,179091,91,488608,179182,10.1824750511564,3.7341104619988,79
-7.6926,53.28823,2021/03/17 00:00:00+00,Wed 17 Mar 2021,4913,2430,8,493430,181521,99,493529,181620,10.2850275262013,3.7849178048477,80
-7.6926,53.28823,2021/03/18 00:00:00+00,Thu 18 Mar 2021,11751,4692,7,505181,186213,106,505287,186319,10.5300614627138,3.88284385244697,81
-7.6926,53.28823,2021/03/19 00:00:00+00,Fri 19 Mar 2021,10398,6143,2,515579,192356,108,515687,192464,10.7467950007075,4.01090419773268,82
-7.6926,53.28823,2021/03/20 00:00:00+00,Sat 20 Mar 2021,5262,3130,4,520841,195486,112,520953,195598,10.8565371940801,4.07621601581655,83
-7.6926,53.28823,2021/03/21 00:00:00+00,Sun 21 Mar 2021,3661,59,3,524502,195545,115,524617,195660,10.9328940866963,4.0775080811392,84
-7.6926,53.28823,2021/03/22 00:00:00+00,Mon 22 Mar 2021,7436,2420,1,531938,197965,116,532054,198081,11.0878794061251,4.12796114801254,85
-7.6926,53.28823,2021/03/23 00:00:00+00,Tue 23 Mar 2021,12584,7411,6,544522,205376,122,544644,205498,11.3502520256771,4.28252967217594,86
-7.6926,53.28823,2021/03/24 00:00:00+00,Wed 24 Mar 2021,13651,9787,2,558173,215163,124,558297,215287,11.6347773135836,4.48653011481251,87
-7.6926,53.28823,2021/03/25 00:00:00+00,Thu 25 Mar 2021,20896,10234,3,579069,225397,127,579196,225524,12.0703075261346,4.69986677139342,88
-7.6926,53.28823,2021/03/26 00:00:00+00,Fri 26 Mar 2021,19722,9517,1,598791,234914,128,598919,235042,12.4813301770817,4.8982196381842,89
-7.6926,53.28823,2021/03/27 00:00:00+00,Sat 27 Mar 2021,11775,5365,3,610566,240279,131,610697,240410,12.7267809088596,5.01008748741018,90
-7.6926,53.28823,2021/03/28 00:00:00+00,Sun 28 Mar 2021,2504,491,0,613070,240770,131,613201,240901,12.7789636760842,5.02031981117507,91
-7.6926,53.28823,2021/03/28 23:00:00+00,Mon 29 Mar 2021,9294,3133,3,622364,243903,134,622498,244037,12.9727109551926,5.08567330878548,92
-7.6926,53.28823,2021/03/29 23:00:00+00,Tue 30 Mar 2021,13351,8684,4,635715,252587,138,635853,252725,13.2510259936451,5.2667291720633,93
-7.6926,53.28823,2021/03/30 23:00:00+00,Wed 31 Mar 2021,15859,10519,4,651574,263106,142,651716,263248,13.5816071583753,5.48602600093904,94
-7.6926,53.28823,2021/03/31 23:00:00+00,Thu 01 Apr 2021,19735,11595,9,671309,274701,151,671460,274852,13.9930674443511,5.72785061390817,95
-7.6926,53.28823,2021/04/01 23:00:00+00,Fri 02 Apr 2021,20166,13731,9,691475,288432,160,691635,288592,14.4135096682956,6.01418896121908,96
-7.6926,53.28823,2021/04/02 23:00:00+00,Sat 03 Apr 2021,7560,4644,7,699035,293076,167,699202,293243,14.5712041569493,6.11111470018145,97
-7.6926,53.28823,2021/04/03 23:00:00+00,Sun 04 Apr 2021,3050,175,3,702085,293251,170,702255,293421,14.6348279542084,6.11482417804327,98
-7.6926,53.28823,2021/04/04 23:00:00+00,Mon 05 Apr 2021,3456,618,6,705541,293869,176,705717,294045,14.7069752146444,6.12782819032289,99
-7.6926,53.28823,2021/04/05 23:00:00+00,Tue 06 Apr 2021,12013,8164,12,717554,302033,188,717742,302221,14.9575733679496,6.29821409480717,100
-7.6926,53.28823,2021/04/06 23:00:00+00,Wed 07 Apr 2021,18385,10499,12,735939,312532,200,736139,312732,15.3409624928025,6.51726084652369,101
-7.6926,53.28823,2021/04/07 23:00:00+00,Thu 08 Apr 2021,20207,10584,18,756146,323116,218,756364,323334,15.7624467049104,6.73820401669765,102
-7.6926,53.28823,2021/04/08 23:00:00+00,Fri 09 Apr 2021,20690,9174,16,776836,332290,234,777070,332524,16.1939548431506,6.92972144113632,103
-7.6926,53.28823,2021/04/09 23:00:00+00,Sat 10 Apr 2021,11194,4188,12,788030,336478,246,788276,336724,16.4274852303388,7.01724844686454,104
-7.6926,53.28823,2021/04/10 23:00:00+00,Sun 11 Apr 2021,2878,370,9,790908,336848,255,791163,337103,16.4876496268953,7.02514671714335,105
-7.6926,53.28823,2021/04/11 23:00:00+00,Mon 12 Apr 2021,7796,2811,14,798704,339659,269,798973,339928,16.6504081780233,7.08401904837722,106
-7.6926,53.28823,2021/04/12 23:00:00+00,Tue 13 Apr 2021,11535,8598,1,810239,348257,270,810509,348527,16.8908156870901,7.26322017272413,107
-7.6926,53.28823,2021/04/13 23:00:00+00,Wed 14 Apr 2021,20359,6603,2,830598,354860,272,830870,355132,17.3151341070026,7.40086680911339,108
-7.6926,53.28823,2021/04/14 23:00:00+00,Thu 15 Apr 2021,27122,10825,1,857720,365685,273,857993,365958,17.8803710061375,7.62647808625953,109
-7.6926,53.28823,2022/03/09 00:00:00+00,Wed 09 Mar 2022,130,344,1,3836057,3765228,241143,4077200,4006371,84.9678827988386,83.4918232062851,110
-7.6926,53.28823,2022/03/10 00:00:00+00,Thu 10 Mar 2022,259,509,0,3836316,3765737,241143,4077459,4006880,84.9732802975251,83.5024306457888,111
-7.6926,53.28823,2022/03/11 00:00:00+00,Fri 11 Mar 2022,493,2183,0,3836809,3767920,241143,4077952,4009063,84.9835543008166,83.5479238490042,112
-7.6926,53.28823,2022/03/12 00:00:00+00,Sat 12 Mar 2022,473,2393,2,3837282,3770313,241145,4078427,4011458,84.9934531883692,83.5978350820326,113
-7.6926,53.28823,2022/03/13 00:00:00+00,Sun 13 Mar 2022,358,1082,0,3837640,3771395,241145,4078785,4012540,85.0009138236193,83.6203837058893,114
-7.6926,53.28823,2022/03/14 00:00:00+00,Mon 14 Mar 2022,109,122,0,3837749,3771517,241145,4078894,4012662,85.0031853578156,83.622926157008,115
-7.6926,53.28823,2022/03/15 00:00:00+00,Tue 15 Mar 2022,222,755,1,3837971,3772272,241146,4079117,4013418,85.0078326250245,83.6386810180391,116
-7.6926,53.28823,2022/03/16 00:00:00+00,Wed 16 Mar 2022,195,798,0,3838166,3773070,241146,4079312,4014216,85.0118963788619,83.6553111491275,117
-7.6926,53.28823,2022/03/18 00:00:00+00,Fri 18 Mar 2022,4,6,0,3838170,3773076,241146,4079316,4014222,85.011979737915,83.6554361877071,118
-7.6926,53.28823,2022/03/19 00:00:00+00,Sat 19 Mar 2022,743,2779,0,3838913,3775855,241146,4080059,4017001,85.0274636820236,83.7133498898306,119
-7.6926,53.28823,2022/03/20 00:00:00+00,Sun 20 Mar 2022,395,1402,0,3839308,3777257,241146,4080454,4018403,85.0356953885147,83.7425672379332,120
-7.6926,53.28823,2022/03/21 00:00:00+00,Mon 21 Mar 2022,56,112,0,3839364,3777369,241146,4080510,4018515,85.0368624152577,83.7449012914193,121
-7.6926,53.28823,2022/03/22 00:00:00+00,Tue 22 Mar 2022,141,575,0,3839505,3777944,241146,4080651,4019090,85.0398008218786,83.7568841552987,122
-7.6926,53.28823,2022/03/23 00:00:00+00,Wed 23 Mar 2022,102,221,0,3839607,3778165,241146,4080753,4019311,85.041926477732,83.7614897429811,123
-7.6926,53.28823,2022/03/24 00:00:00+00,Thu 24 Mar 2022,147,245,0,3839754,3778410,241146,4080900,4019556,85.0449899229325,83.7665954849819,124
-7.6926,53.28823,2022/03/25 00:00:00+00,Fri 25 Mar 2022,434,1625,0,3840188,3780035,241146,4081334,4021181,85.0540343801911,83.8004601002934,125
-7.6926,53.28823,2022/03/26 00:00:00+00,Sat 26 Mar 2022,874,1848,1,3841062,3781883,241147,4082209,4023030,85.0722691730511,83.8389928225771,126
-7.6926,53.28823,2022/03/27 00:00:00+00,Sun 27 Mar 2022,380,804,0,3841442,3782687,241147,4082589,4023834,85.0801882830932,83.8557479922451,127
-7.6926,53.28823,2022/03/27 23:00:00+00,Mon 28 Mar 2022,44,53,1,3841486,3782740,241148,4082634,4023888,85.0811260724403,83.8568733394616,128
-7.6926,53.28823,2022/03/28 23:00:00+00,Tue 29 Mar 2022,137,193,3,3841623,3782933,241151,4082774,4024084,85.0840436392979,83.8609579330623,129
-7.6926,53.28823,2022/03/29 23:00:00+00,Wed 30 Mar 2022,109,136,0,3841732,3783069,241151,4082883,4024220,85.0863151734942,83.8637921408668,130
-7.6926,53.28823,2022/03/30 23:00:00+00,Thu 31 Mar 2022,227,360,0,3841959,3783429,241151,4083110,4024580,85.0910457997561,83.8712944556435,131
-7.6926,53.28823,2022/03/31 23:00:00+00,Fri 01 Apr 2022,311,905,0,3842270,3784334,241151,4083421,4025485,85.0975269661327,83.8901544414016,132
-7.6926,53.28823,2022/04/01 23:00:00+00,Sat 02 Apr 2022,729,1538,1,3842999,3785872,241152,4084151,4027024,85.1127399933188,83.922226837072,133
-7.6926,53.28823,2022/04/02 23:00:00+00,Sun 03 Apr 2022,538,817,0,3843537,3786689,241152,4084689,4027841,85.1239517859573,83.9392529236625,134
-7.6926,53.28823,2022/04/03 23:00:00+00,Mon 04 Apr 2022,50,53,0,3843587,3786742,241152,4084739,4027894,85.1249937741207,83.9403574311157,135
-7.6926,53.28823,2022/04/04 23:00:00+00,Tue 05 Apr 2022,132,170,0,3843719,3786912,241152,4084871,4028064,85.1277446228722,83.9439001908714,136
-7.6926,53.28823,2022/04/05 23:00:00+00,Wed 06 Apr 2022,164,218,1,3843883,3787130,241153,4085036,4028283,85.1311831838115,83.9484640990272,137
-7.6926,53.28823,2022/04/06 23:00:00+00,Thu 07 Apr 2022,117,179,0,3844000,3787309,241153,4085153,4028462,85.1336214361139,83.9521944166523,138
-7.6926,53.28823,2022/04/07 23:00:00+00,Fri 08 Apr 2022,256,422,2,3844256,3787731,241155,4085411,4028886,85.1389980950372,83.9610304762782,139
-7.6926,53.28823,2022/04/08 23:00:00+00,Sat 09 Apr 2022,558,1018,0,3844814,3788749,241155,4085969,4029904,85.1506266829411,83.9822453552857,140
-7.6926,53.28823,2022/04/09 23:00:00+00,Sun 10 Apr 2022,413,720,0,3845227,3789469,241155,4086382,4030624,85.1592335051711,83.9972499848391,141
-7.6926,53.28823,2022/04/10 23:00:00+00,Mon 11 Apr 2022,70,93,1,3845297,3789562,241156,4086453,4030718,85.1607131283632,83.9992089225863,142
-7.6926,53.28823,2022/04/11 23:00:00+00,Tue 12 Apr 2022,196,178,0,3845493,3789740,241156,4086649,4030896,85.1647977219638,84.0029184004481,143
-7.6926,53.28823,2022/04/12 23:00:00+00,Wed 13 Apr 2022,142,235,0,3845635,3789975,241156,4086791,4031131,85.1677569683479,84.0078157448163,144
-7.6926,53.28823,2022/04/13 23:00:00+00,Thu 14 Apr 2022,359,431,0,3845994,3790406,241156,4087150,4031562,85.1752384433614,84.016797682785,145
-7.6926,53.28823,2022/04/14 23:00:00+00,Fri 15 Apr 2022,446,990,0,3846440,3791396,241156,4087596,4032552,85.1845329777792,84.037429048421,146
-7.6926,53.28823,2022/04/15 23:00:00+00,Sat 16 Apr 2022,43,88,0,3846483,3791484,241156,4087639,4032640,85.1854290875997,84.0392629475886,147
-7.6926,53.28823,2022/06/26 23:00:00+00,Mon 27 Jun 2022,5,34,0,3855578,3808679,241167,4096745,4049846,85.3751959719238,84.3978319143886,148
-7.6926,53.28823,2022/04/16 23:00:00+00,Sun 17 Apr 2022,1,1,0,3846484,3791485,241156,4087640,4032641,85.185449927363,84.0392837873519,149
-7.6926,53.28823,2022/04/17 23:00:00+00,Mon 18 Apr 2022,36,62,1,3846520,3791547,241157,4087677,4032704,85.1862209986039,84.0405966924378,150
-7.6926,53.28823,2021/08/02 23:00:00+00,Tue 03 Aug 2021,17366,25470,1111,3208674,2667527,223521,3432195,2891048,71.526131291759,60.2487559182323,151
-7.6926,53.28823,2022/04/18 23:00:00+00,Tue 19 Apr 2022,218,270,1,3846738,3791817,241158,4087896,4032975,85.1907849067598,84.0462442682836,152
-7.6926,53.28823,2022/04/19 23:00:00+00,Wed 20 Apr 2022,251,607,0,3846989,3792424,241158,4088147,4033582,85.1960156873402,84.0588940045877,153
-7.6926,53.28823,2022/04/20 23:00:00+00,Thu 21 Apr 2022,170,236,0,3847159,3792660,241158,4088317,4033818,85.1995584470959,84.0638121887191,154
-7.6926,53.28823,2022/04/21 23:00:00+00,Fri 22 Apr 2022,195,254,0,3847354,3792914,241158,4088512,4034072,85.2036222009333,84.0691054885893,155
-7.6926,53.28823,2022/04/22 23:00:00+00,Sat 23 Apr 2022,325,1010,0,3847679,3793924,241158,4088837,4035082,85.2103951239956,84.0901536494906,156
-7.6926,53.28823,2022/04/23 23:00:00+00,Sun 24 Apr 2022,181,252,0,3847860,3794176,241158,4089018,4035334,85.2141671211472,84.0954052698343,157
-7.6926,53.28823,2022/04/24 23:00:00+00,Mon 25 Apr 2022,41,60,1,3847901,3794236,241159,4089060,4035395,85.2150423912044,84.0966764953937,158
-7.6926,53.28823,2022/04/25 23:00:00+00,Tue 26 Apr 2022,144,238,0,3848045,3794474,241159,4089204,4035633,85.2180433171151,84.1016363590516,159
-7.6926,53.28823,2022/04/26 23:00:00+00,Wed 27 Apr 2022,123,207,0,3848168,3794681,241159,4089327,4035840,85.2206066079972,84.1059501900482,160
-7.6926,53.28823,2022/04/27 23:00:00+00,Thu 28 Apr 2022,100,130,0,3848268,3794811,241159,4089427,4035970,85.222690584324,84.1086593592731,161
-7.6926,53.28823,2022/04/28 23:00:00+00,Fri 29 Apr 2022,169,222,0,3848437,3795033,241159,4089596,4036192,85.2262125043164,84.1132857867188,162
-7.6926,53.28823,2022/04/29 23:00:00+00,Sat 30 Apr 2022,281,724,0,3848718,3795757,241159,4089877,4036916,85.2320684777949,84.1283737753253,163
-7.6926,53.28823,2022/04/30 23:00:00+00,Sun 01 May 2022,188,748,0,3848906,3796505,241159,4090065,4037664,85.2359863532894,84.1439619182502,164
-7.6926,53.28823,2022/05/01 23:00:00+00,Mon 02 May 2022,12,26,0,3848918,3796531,241159,4090077,4037690,85.2362364304486,84.1445037520952,165
-7.6926,53.28823,2022/05/02 23:00:00+00,Tue 03 May 2022,96,118,0,3849014,3796649,241159,4090173,4037808,85.2382370477224,84.1469628441609,166
-7.6926,53.28823,2022/05/03 23:00:00+00,Wed 04 May 2022,113,128,0,3849127,3796777,241159,4090286,4037936,85.2405919409718,84.1496303338593,167
-7.6926,53.28823,2022/05/04 23:00:00+00,Thu 05 May 2022,112,165,0,3849239,3796942,241159,4090398,4038101,85.2429259944579,84.1530688947986,168
-7.6926,53.28823,2022/05/05 23:00:00+00,Fri 06 May 2022,138,263,0,3849377,3797205,241159,4090536,4038364,85.2458018817889,84.1585497525382,169
-7.6926,53.28823,2022/05/06 23:00:00+00,Sat 07 May 2022,441,1088,0,3849818,3798293,241159,4090977,4039452,85.2549922173904,84.1812234149745,170
-7.6926,53.28823,2022/05/07 23:00:00+00,Sun 08 May 2022,274,437,0,3850092,3798730,241159,4091251,4039889,85.260702312526,84.1903303915229,171
-7.6926,53.28823,2022/05/08 23:00:00+00,Mon 09 May 2022,24,32,0,3850116,3798762,241159,4091275,4039921,85.2612024668445,84.1909972639475,172
-7.6926,53.28823,2022/05/09 23:00:00+00,Tue 10 May 2022,80,98,1,3850196,3798860,241160,4091356,4040020,85.2628904876692,84.1930604005111,173
-7.6926,53.28823,2022/05/10 23:00:00+00,Wed 11 May 2022,112,132,0,3850308,3798992,241160,4091468,4040152,85.2652245411553,84.1958112492625,174
-7.6926,53.28823,2022/05/11 23:00:00+00,Thu 12 May 2022,207,398,0,3850515,3799390,241160,4091675,4040550,85.2695383721519,84.2041054750434,175
-7.6926,53.28823,2022/05/12 23:00:00+00,Fri 13 May 2022,173,326,0,3850688,3799716,241160,4091848,4040876,85.2731436511974,84.210899237869,176
-7.6926,53.28823,2022/05/13 23:00:00+00,Sat 14 May 2022,333,633,0,3851021,3800349,241160,4092181,4041509,85.2800832923658,84.2240908080181,177
-7.6926,53.28823,2022/05/14 23:00:00+00,Sun 15 May 2022,168,254,0,3851189,3800603,241160,4092349,4041763,85.283584372595,84.2293841078883,178
-7.6926,53.28823,2022/05/15 23:00:00+00,Mon 16 May 2022,31,41,0,3851220,3800644,241160,4092380,4041804,85.2842304052563,84.2302385381823,179
-7.6926,53.28823,2022/05/16 23:00:00+00,Tue 17 May 2022,97,101,0,3851317,3800745,241160,4092477,4041905,85.2862518622934,84.2323433542724,180
-7.6926,53.28823,2022/05/17 23:00:00+00,Wed 18 May 2022,99,123,0,3851416,3800868,241160,4092576,4042028,85.2883149988569,84.2349066451545,181
-7.6926,53.28823,2022/05/18 23:00:00+00,Thu 19 May 2022,73,107,0,3851489,3800975,241160,4092649,4042135,85.2898363015755,84.2371364998242,182
-7.6926,53.28823,2022/05/19 23:00:00+00,Fri 20 May 2022,127,210,0,3851616,3801185,241160,4092776,4042345,85.2924829515107,84.2415128501106,183
-7.6926,53.28823,2022/05/20 23:00:00+00,Sat 21 May 2022,392,762,0,3852008,3801947,241160,4093168,4043107,85.300652138712,84.2573927497213,184
-7.6926,53.28823,2022/05/21 23:00:00+00,Sun 22 May 2022,234,410,0,3852242,3802357,241160,4093402,4043517,85.3055286433168,84.2659370526615,185
-7.6926,53.28823,2022/05/22 23:00:00+00,Mon 23 May 2022,26,35,0,3852268,3802392,241160,4093428,4043552,85.3060704771618,84.2666664443759,186
-7.6926,53.28823,2022/05/23 23:00:00+00,Tue 24 May 2022,64,83,0,3852332,3802475,241160,4093492,4043635,85.307404222011,84.2683961447271,187
-7.6926,53.28823,2022/05/24 23:00:00+00,Wed 25 May 2022,87,134,1,3852419,3802609,241161,4093580,4043770,85.3092381211786,84.2712095127684,188
-7.6926,53.28823,2022/05/25 23:00:00+00,Thu 26 May 2022,97,155,0,3852516,3802764,241161,4093677,4043925,85.3112595782157,84.274439676075,189
-7.6926,53.28823,2022/05/26 23:00:00+00,Fri 27 May 2022,95,152,1,3852611,3802916,241162,4093773,4044078,85.3132601954895,84.2776281598552,190
-7.6926,53.28823,2022/05/27 23:00:00+00,Sat 28 May 2022,335,580,0,3852946,3803496,241162,4094108,4044658,85.3202415161845,84.289715222551,191
-7.6926,53.28823,2022/05/28 23:00:00+00,Sun 29 May 2022,181,349,0,3853127,3803845,241162,4094289,4045007,85.3240135133361,84.2969882999317,192
-7.6926,53.28823,2022/05/29 23:00:00+00,Mon 30 May 2022,9,24,0,3853136,3803869,241162,4094298,4045031,85.3242010712055,84.2974884542502,193
-7.6926,53.28823,2022/05/30 23:00:00+00,Tue 31 May 2022,65,80,2,3853201,3803949,241164,4094365,4045113,85.3255973353445,84.2991973148382,194
-7.6926,53.28823,2022/05/31 23:00:00+00,Wed 01 Jun 2022,72,102,0,3853273,3804051,241164,4094437,4045215,85.3270977982999,84.3013229706916,195
-7.6926,53.28823,2021/11/20 00:00:00+00,Sat 20 Nov 2021,1547,2952,12,3652269,3586592,241023,3893292,3827615,81.1352836156322,79.7665904834387,196
-7.6926,53.28823,2022/06/01 23:00:00+00,Thu 02 Jun 2022,91,142,0,3853364,3804193,241164,4094528,4045357,85.3289942167573,84.3042822170757,197
-7.6926,53.28823,2022/06/02 23:00:00+00,Fri 03 Jun 2022,59,143,0,3853423,3804336,241164,4094587,4045500,85.3302237627901,84.3072623032231,198
-7.6926,53.28823,2021/04/15 23:00:00+00,Fri 16 Apr 2021,27981,9852,1,885701,375537,274,885975,375811,18.4635092619202,7.8318122737453,199
-7.6926,53.28823,2022/06/03 23:00:00+00,Sat 04 Jun 2022,305,607,0,3853728,3804943,241164,4094892,4046107,85.3365798905871,84.3199120395272,200
-7.6926,53.28823,2022/06/04 23:00:00+00,Sun 05 Jun 2022,143,273,0,3853871,3805216,241164,4095035,4046380,85.3395599767345,84.3256012948995,201
-7.6926,53.28823,2022/06/05 23:00:00+00,Mon 06 Jun 2022,5,7,1,3853876,3805223,241165,4095041,4046388,85.3396850153141,84.3257680130057,202
-7.6926,53.28823,2022/06/06 23:00:00+00,Tue 07 Jun 2022,29,54,0,3853905,3805277,241165,4095070,4046442,85.3402893684489,84.3268933602222,203
-7.6926,53.28823,2022/06/07 23:00:00+00,Wed 08 Jun 2022,36,76,0,3853941,3805353,241165,4095106,4046518,85.3410395999266,84.3284771822306,204
-7.6926,53.28823,2022/06/08 23:00:00+00,Thu 09 Jun 2022,73,122,0,3854014,3805475,241165,4095179,4046640,85.3425609026452,84.3310196333494,205
-7.6926,53.28823,2022/06/09 23:00:00+00,Fri 10 Jun 2022,56,108,0,3854070,3805583,241165,4095235,4046748,85.3437279293882,84.3332703277824,206
-7.6926,53.28823,2022/06/10 23:00:00+00,Sat 11 Jun 2022,190,562,0,3854260,3806145,241165,4095425,4047310,85.3476874844092,84.3449822747394,207
-7.6926,53.28823,2022/06/11 23:00:00+00,Sun 12 Jun 2022,143,288,0,3854403,3806433,241165,4095568,4047598,85.3506675705567,84.3509841265607,208
-7.6926,53.28823,2022/06/12 23:00:00+00,Mon 13 Jun 2022,17,44,0,3854420,3806477,241165,4095585,4047642,85.3510218465322,84.3519010761445,209
-7.6926,53.28823,2022/06/13 23:00:00+00,Tue 14 Jun 2022,37,55,0,3854457,3806532,241165,4095622,4047697,85.3517929177732,84.3530472631243,210
-7.6926,53.28823,2022/06/14 23:00:00+00,Wed 15 Jun 2022,66,123,0,3854523,3806655,241165,4095688,4047820,85.3531683421489,84.3556105540064,211
-7.6926,53.28823,2022/06/15 23:00:00+00,Thu 16 Jun 2022,43,85,0,3854566,3806740,241165,4095731,4047905,85.3540644519694,84.3573819338842,212
-7.6926,53.28823,2022/06/16 23:00:00+00,Fri 17 Jun 2022,58,95,0,3854624,3806835,241165,4095789,4048000,85.355273158239,84.3593617113947,213
-7.6926,53.28823,2022/06/17 23:00:00+00,Sat 18 Jun 2022,223,488,0,3854847,3807323,241165,4096012,4048488,85.3599204254479,84.3695315158698,214
-7.6926,53.28823,2022/06/18 23:00:00+00,Sun 19 Jun 2022,80,129,0,3854927,3807452,241165,4096092,4048617,85.3615876065094,84.3722198453314,215
-7.6926,53.28823,2022/06/19 23:00:00+00,Mon 20 Jun 2022,9,28,0,3854936,3807480,241165,4096101,4048645,85.3617751643788,84.372803358703,216
-7.6926,53.28823,2022/06/20 23:00:00+00,Tue 21 Jun 2022,74,169,1,3855010,3807649,241166,4096176,4048815,85.363338146624,84.3763461184586,217
-7.6926,53.28823,2022/06/21 23:00:00+00,Wed 22 Jun 2022,60,95,0,3855070,3807744,241166,4096236,4048910,85.3645885324201,84.3783258959692,218
-7.6926,53.28823,2022/06/22 23:00:00+00,Thu 23 Jun 2022,64,113,0,3855134,3807857,241166,4096300,4049023,85.3659222772693,84.3806807892185,219
-7.6926,53.28823,2022/06/23 23:00:00+00,Fri 24 Jun 2022,55,93,1,3855189,3807950,241167,4096356,4049117,85.3670893040123,84.3826397269658,220
-7.6926,53.28823,2022/06/24 23:00:00+00,Sat 25 Jun 2022,210,293,0,3855399,3808243,241167,4096566,4049410,85.3714656542987,84.3887457776035,221
-7.6926,53.28823,2022/06/25 23:00:00+00,Sun 26 Jun 2022,174,402,0,3855573,3808645,241167,4096740,4049812,85.3750917731075,84.3971233624375,222
-7.6926,53.28823,2022/06/27 23:00:00+00,Tue 28 Jun 2022,49,60,0,3855627,3808739,241167,4096794,4049906,85.376217120324,84.3990823001847,223
-7.6926,53.28823,2021/04/16 23:00:00+00,Sat 17 Apr 2021,15864,4568,3,901565,380105,277,901842,380382,18.7941737857035,7.92707083164618,224
-7.6926,53.28823,2021/08/03 23:00:00+00,Wed 04 Aug 2021,22142,17337,1576,3230816,2684864,225097,3455913,2909961,72.0204087969642,60.6428983609318,225
-7.6926,53.28823,2021/11/21 00:00:00+00,Sun 21 Nov 2021,1789,2771,0,3654058,3589363,241023,3895081,3830386,81.1725659521198,79.8243374674561,226
-7.6926,53.28823,2021/04/17 23:00:00+00,Sun 18 Apr 2021,1081,490,0,902646,380595,277,902923,380872,18.8167015697968,7.93728231564781,227
-7.6926,53.28823,2021/08/04 23:00:00+00,Thu 05 Aug 2021,13558,30077,1421,3244374,2714941,226518,3470892,2941459,72.332567610965,61.2993092243669,228
-7.6926,53.28823,2022/06/28 23:00:00+00,Wed 29 Jun 2022,63,82,3,3855690,3808821,241170,4096860,4049991,85.3775925446997,84.4008536800625,229
-7.6926,53.28823,2021/11/22 00:00:00+00,Mon 22 Nov 2021,725,523,3,3654783,3589886,241026,3895809,3830912,81.1877372997794,79.8352991829354,230
-7.6926,53.28823,2021/04/18 23:00:00+00,Mon 19 Apr 2021,6770,2270,0,909416,382865,277,909693,383142,18.9577867671254,7.98458857826759,231
-7.6926,53.28823,2021/08/05 23:00:00+00,Fri 06 Aug 2021,12237,24769,949,3256611,2739710,227467,3484078,2967177,72.6073607294251,61.8352662561094,232
-7.6926,53.28823,2022/06/29 23:00:00+00,Thu 30 Jun 2022,48,89,0,3855738,3808910,241170,4096908,4050080,85.3785928533366,84.4027084189934,233
-7.6926,53.28823,2021/11/23 00:00:00+00,Tue 23 Nov 2021,2156,1603,8,3656939,3591489,241034,3897973,3832523,81.2328345474927,79.8688720415612,234
-7.6926,53.28823,2021/04/19 23:00:00+00,Tue 20 Apr 2021,15105,7334,1,924521,390199,278,924799,390477,19.2725922310613,8.13744824184295,235
-7.6926,53.28823,2021/08/06 23:00:00+00,Sat 07 Aug 2021,6349,8484,585,3262960,2748194,228052,3491012,2976246,72.7518636479297,62.0242620691926,236
-7.6926,53.28823,2022/06/30 23:00:00+00,Fri 01 Jul 2022,47,67,0,3855785,3808977,241170,4096955,4050147,85.3795723222103,84.4041046831324,237
-7.6926,53.28823,2021/11/24 00:00:00+00,Wed 24 Nov 2021,1615,3154,2,3658554,3594643,241036,3899590,3835679,81.266532444698,79.9346423344369,238
-7.6926,53.28823,2021/04/20 23:00:00+00,Wed 21 Apr 2021,26748,9908,4,951269,400107,282,951551,400389,19.8300975780236,8.34401197536156,239
-7.6926,53.28823,2021/08/07 23:00:00+00,Sun 08 Aug 2021,8636,11998,153,3271596,2760192,228205,3499801,2988397,72.9350243272977,62.2774860326697,240
-7.6926,53.28823,2022/07/01 23:00:00+00,Sat 02 Jul 2022,182,228,0,3855967,3809205,241170,4097137,4050375,85.3833651591251,84.4088561491577,241
-7.6926,53.28823,2021/11/25 00:00:00+00,Thu 25 Nov 2021,982,1191,2,3659536,3595834,241038,3900574,3836872,81.2870387717544,79.9595041720164,242
-7.6926,53.28823,2021/11/26 00:00:00+00,Fri 26 Nov 2021,1279,1116,12,3660815,3596950,241050,3901865,3838000,81.3139429061342,79.9830114249834,243
-7.6926,53.28823,2021/11/27 00:00:00+00,Sat 27 Nov 2021,1200,1567,6,3662015,3598517,241056,3903071,3839573,81.3390756606361,80.015792372605,244
-7.6926,53.28823,2021/11/28 00:00:00+00,Sun 28 Nov 2021,1962,2263,1,3663977,3600780,241057,3905034,3841837,81.3799841159324,80.0629735966451,245
-7.6926,53.28823,2021/11/29 00:00:00+00,Mon 29 Nov 2021,537,1005,2,3664514,3601785,241059,3905573,3842844,81.3912167483342,80.0839592382566,246
-7.6926,53.28823,2021/11/30 00:00:00+00,Tue 30 Nov 2021,1899,1655,6,3666413,3603440,241065,3907478,3844505,81.430916497361,80.1185740850458,247
-7.6926,53.28823,2021/12/01 00:00:00+00,Wed 01 Dec 2021,1075,1392,4,3667488,3604832,241069,3908557,3845901,81.4534026019278,80.1476663945688,248
-7.6926,53.28823,2021/12/02 00:00:00+00,Thu 02 Dec 2021,1737,1418,0,3669225,3606250,241069,3910294,3847319,81.4896012707254,80.1772171788837,249
-7.6926,53.28823,2021/12/03 00:00:00+00,Fri 03 Dec 2021,1016,1206,2,3670241,3607456,241071,3911312,3848527,81.5108161497329,80.2023916129122,250
-7.6926,53.28823,2021/12/04 00:00:00+00,Sat 04 Dec 2021,1204,1706,3,3671445,3609162,241074,3912519,3850236,81.5359697439981,80.2380067683383,251
-7.6926,53.28823,2021/12/05 00:00:00+00,Sun 05 Dec 2021,1349,1778,2,3672794,3610940,241076,3913870,3852016,81.564124264174,80.2751015469565,252
-7.6926,53.28823,2021/12/06 00:00:00+00,Mon 06 Dec 2021,939,1306,0,3673733,3612246,241076,3914809,3853322,81.5836928018832,80.3023182777853,253
-7.6926,53.28823,2021/12/07 00:00:00+00,Tue 07 Dec 2021,486,751,2,3674219,3612997,241078,3915297,3854075,81.5938626063583,80.3180106195266,254
-7.6926,53.28823,2021/12/08 00:00:00+00,Wed 08 Dec 2021,797,1527,2,3675016,3614524,241080,3916096,3855604,81.61051357721,80.3498746175643,255
-7.6926,53.28823,2021/12/09 00:00:00+00,Thu 09 Dec 2021,787,1217,1,3675803,3615741,241081,3916884,3856822,81.6269353106656,80.3752574492255,256
-7.6926,53.28823,2021/12/10 00:00:00+00,Fri 10 Dec 2021,894,1620,1,3676697,3617361,241082,3917779,3858443,81.6455868987911,80.4090387054839,257
-7.6926,53.28823,2021/12/11 00:00:00+00,Sat 11 Dec 2021,645,850,2,3677342,3618211,241084,3918426,3859295,81.6590702256259,80.4267941837888,258
-7.6926,53.28823,2021/12/12 00:00:00+00,Sun 12 Dec 2021,686,1193,0,3678028,3619404,241084,3919112,3860488,81.6733663032281,80.4516560213683,259
-7.6926,53.28823,2021/12/13 00:00:00+00,Mon 13 Dec 2021,725,1073,1,3678753,3620477,241085,3919838,3861562,81.6884959713612,80.4740379271188,260
-7.6926,53.28823,2021/12/14 00:00:00+00,Tue 14 Dec 2021,631,1205,3,3679384,3621682,241088,3920472,3862770,81.7017083812735,80.4992123611473,261
-7.6926,53.28823,2021/12/15 00:00:00+00,Wed 15 Dec 2021,791,1260,1,3680175,3622942,241089,3921264,3864031,81.7182134737822,80.525491302629,262
-7.6926,53.28823,2021/12/16 00:00:00+00,Thu 16 Dec 2021,1049,1550,8,3681224,3624492,241097,3922321,3865589,81.7402411035572,80.5579596538015,263
-7.6926,53.28823,2021/12/17 00:00:00+00,Fri 17 Dec 2021,1199,2460,1,3682423,3626952,241098,3923521,3868050,81.7652488194795,80.6092463112056,264
-7.6926,53.28823,2021/12/18 00:00:00+00,Sat 18 Dec 2021,1251,1185,0,3683674,3628137,241098,3924772,3869235,81.7913193633286,80.6339414306789,265
-7.6926,53.28823,2021/12/19 00:00:00+00,Sun 19 Dec 2021,553,894,3,3684227,3629031,241101,3925328,3870132,81.8029062717059,80.6526346983309,266
-7.6926,53.28823,2021/12/20 00:00:00+00,Mon 20 Dec 2021,516,622,1,3684743,3629653,241102,3925845,3870755,81.8136804293158,80.6656178708472,267
-7.6926,53.28823,2021/12/21 00:00:00+00,Tue 21 Dec 2021,1406,1823,3,3686149,3631476,241105,3927254,3872581,81.8430436557613,80.7036712785757,268
-7.6926,53.28823,2021/12/22 00:00:00+00,Wed 22 Dec 2021,1169,1605,2,3687318,3633081,241107,3928425,3874188,81.8674470185488,80.7371607781484,269
-7.6926,53.28823,2021/12/23 00:00:00+00,Thu 23 Dec 2021,930,1404,0,3688248,3634485,241107,3929355,3875592,81.8868279983887,80.7664198057776,270
-7.6926,53.28823,2021/12/24 00:00:00+00,Fri 24 Dec 2021,101,165,0,3688349,3634650,241107,3929456,3875757,81.8889328144788,80.7698583667169,271
-7.6926,53.28823,2021/12/25 00:00:00+00,Sat 25 Dec 2021,1,6,0,3688350,3634656,241107,3929457,3875763,81.8889536542421,80.7699834052965,272
-7.6926,53.28823,2021/12/26 00:00:00+00,Sun 26 Dec 2021,12,13,0,3688362,3634669,241107,3929469,3875776,81.8892037314013,80.770254322219,273
-7.6926,53.28823,2021/12/27 00:00:00+00,Mon 27 Dec 2021,392,591,0,3688754,3635260,241107,3929861,3876367,81.8973729186026,80.7825706223108,274
-7.6926,53.28823,2021/12/28 00:00:00+00,Tue 28 Dec 2021,469,752,0,3689223,3636012,241107,3930330,3877119,81.9071467675756,80.7982421242888,275
-7.6926,53.28823,2021/12/29 00:00:00+00,Wed 29 Dec 2021,1058,1314,0,3690281,3637326,241107,3931388,3878433,81.9291952371138,80.8256255732237,276
-7.6926,53.28823,2021/12/30 00:00:00+00,Thu 30 Dec 2021,1051,1204,1,3691332,3638530,241108,3932440,3879638,81.9511186680724,80.8507374879624,277
-7.6926,53.28823,2021/12/31 00:00:00+00,Fri 31 Dec 2021,714,1682,0,3692046,3640212,241108,3933154,3881320,81.9659982590462,80.8857899697803,278
-7.6926,53.28823,2022/01/01 00:00:00+00,Sat 01 Jan 2022,87,101,1,3692133,3640313,241109,3933242,3881422,81.9678321582138,80.8879156256337,279
-7.6926,53.28823,2022/01/02 00:00:00+00,Sun 02 Jan 2022,271,629,0,3692404,3640942,241109,3933513,3882051,81.9734797340596,80.9010238367296,280
-7.6926,53.28823,2022/01/03 00:00:00+00,Mon 03 Jan 2022,3633,729,1,3696037,3641671,241110,3937147,3882781,82.0492114337778,80.9162368639157,281
-7.6926,53.28823,2022/01/04 00:00:00+00,Tue 04 Jan 2022,1190,790,1,3697227,3642461,241111,3938338,3883572,82.0740315918307,80.9327211166612,282
-7.6926,53.28823,2022/01/05 00:00:00+00,Wed 05 Jan 2022,2139,914,0,3699366,3643375,241111,3940477,3884486,82.1186078454623,80.9517686602887,283
-7.6926,53.28823,2022/01/06 00:00:00+00,Thu 06 Jan 2022,2454,1699,1,3701820,3645074,241112,3942932,3886186,82.1697694642868,80.9871962578454,284
-7.6926,53.28823,2022/01/07 00:00:00+00,Fri 07 Jan 2022,4854,785,2,3706674,3645859,241114,3947788,3886973,82.2709673547192,81.0035971515378,285
-7.6926,53.28823,2022/01/08 00:00:00+00,Sat 08 Jan 2022,9789,745,2,3716463,3646604,241116,3957579,3887720,82.4750094768823,81.0191644546994,286
-7.6926,53.28823,2022/01/09 00:00:00+00,Sun 09 Jan 2022,7116,667,0,3723579,3647271,241116,3964695,3888387,82.6233052323019,81.0330645767996,287
-7.6926,53.28823,2022/01/10 00:00:00+00,Mon 10 Jan 2022,6666,512,1,3730245,3647783,241117,3971362,3888900,82.7622439340138,81.0437553753564,288
-7.6926,53.28823,2022/10/13 23:00:00+00,Fri 14 Oct 2022,120,21,0,3861675,3815803,241179,4102854,4056982,85.5025060857319,84.5465444650735,289
-7.6926,53.28823,2022/01/11 00:00:00+00,Tue 11 Jan 2022,4779,1372,1,3735024,3649155,241118,3976142,3890273,82.8618580024378,81.0723683703243,290
-7.6926,53.28823,2022/01/12 00:00:00+00,Wed 12 Jan 2022,7560,928,1,3742584,3650083,241119,3983703,3891202,83.0194274525119,81.0917285104008,291
-7.6926,53.28823,2022/01/13 00:00:00+00,Thu 13 Jan 2022,7322,818,0,3749906,3650901,241119,3991025,3892020,83.1720161991648,81.1087754367545,292
-7.6926,53.28823,2022/01/14 00:00:00+00,Fri 14 Jan 2022,10724,839,0,3760630,3651740,241119,4001749,3892859,83.3955018204575,81.1262599981369,293
-7.6926,53.28823,2022/01/15 00:00:00+00,Sat 15 Jan 2022,8363,654,2,3768993,3652394,241121,4010114,3893515,83.5698264401996,81.1399308828411,294
-7.6926,53.28823,2022/01/16 00:00:00+00,Sun 16 Jan 2022,6965,1216,1,3775958,3653610,241122,4017080,3894732,83.7149962311288,81.1652928747391,295
-7.6926,53.28823,2022/01/17 00:00:00+00,Mon 17 Jan 2022,2565,563,0,3778523,3654173,241122,4019645,3895295,83.7684502239128,81.1770256614593,296
-7.6926,53.28823,2022/01/18 00:00:00+00,Tue 18 Jan 2022,4056,455,3,3782579,3654628,241125,4023704,3895753,83.8530388230202,81.1865702730363,297
-7.6926,53.28823,2022/01/19 00:00:00+00,Wed 19 Jan 2022,3487,623,0,3786066,3655251,241125,4027191,3896376,83.9257070775379,81.1995534455527,298
-7.6926,53.28823,2022/01/20 00:00:00+00,Thu 20 Jan 2022,3699,939,0,3789765,3656190,241125,4030890,3897315,84.0027933618685,81.2191219832619,299
-7.6926,53.28823,2022/01/21 00:00:00+00,Fri 21 Jan 2022,3252,977,0,3793017,3657167,241125,4034142,3898292,84.0705642720181,81.2394824319754,300
-7.6926,53.28823,2022/01/22 00:00:00+00,Sat 22 Jan 2022,4274,645,0,3797291,3657812,241125,4038416,3898937,84.1596334202282,81.2529240792836,301
-7.6926,53.28823,2022/01/23 00:00:00+00,Sun 23 Jan 2022,3094,680,0,3800385,3658492,241125,4041510,3899617,84.2241116477813,81.2670951183063,302
-7.6926,53.28823,2022/01/24 00:00:00+00,Mon 24 Jan 2022,646,469,0,3801031,3658961,241125,4042156,3900086,84.2375741348528,81.2768689672793,303
-7.6926,53.28823,2022/01/25 00:00:00+00,Tue 25 Jan 2022,692,1837,1,3801723,3660798,241126,4042849,3901924,84.252016090798,81.315172452167,304
-7.6926,53.28823,2022/01/26 00:00:00+00,Wed 26 Jan 2022,700,898,0,3802423,3661696,241126,4043549,3902822,84.266603925086,81.3338865595822,305
-7.6926,53.28823,2022/01/27 00:00:00+00,Thu 27 Jan 2022,1278,1178,0,3803701,3662874,241126,4044827,3904000,84.2932371425433,81.3584358007127,306
-7.6926,53.28823,2022/01/28 00:00:00+00,Fri 28 Jan 2022,1029,3095,1,3804730,3665969,241127,4045857,3907096,84.31470209871,81.4229557077923,307
-7.6926,53.28823,2022/01/29 00:00:00+00,Sat 29 Jan 2022,2329,3446,0,3807059,3669415,241127,4048186,3910542,84.3632379073627,81.494769532016,308
-7.6926,53.28823,2022/01/30 00:00:00+00,Sun 30 Jan 2022,1640,7538,0,3808699,3676953,241127,4049826,3918080,84.3974151191232,81.6518596675349,309
-7.6926,53.28823,2022/01/31 00:00:00+00,Mon 31 Jan 2022,484,1398,0,3809183,3678351,241127,4050310,3919478,84.4075015645452,81.6809936565845,310
-7.6926,53.28823,2022/02/01 00:00:00+00,Tue 01 Feb 2022,754,3424,2,3809937,3681775,241129,4051066,3922904,84.4232564255763,81.7523906855428,311
-7.6926,53.28823,2022/02/02 00:00:00+00,Wed 02 Feb 2022,653,2998,0,3810590,3684773,241129,4051719,3925902,84.4368647909907,81.8148682958221,312
-7.6926,53.28823,2022/02/03 00:00:00+00,Thu 03 Feb 2022,908,2436,1,3811498,3687209,241130,4052628,3928339,84.4558081358019,81.8656547989078,313
-7.6926,53.28823,2022/02/04 00:00:00+00,Fri 04 Feb 2022,1173,6524,0,3812671,3693733,241130,4053801,3934863,84.480253178116,82.0016134144722,314
-7.6926,53.28823,2022/02/05 00:00:00+00,Sat 05 Feb 2022,1777,5750,0,3814448,3699483,241130,4055578,3940613,84.5172854374443,82.1214420532668,315
-7.6926,53.28823,2022/02/06 00:00:00+00,Sun 06 Feb 2022,1407,7556,0,3815855,3707039,241130,4056985,3948169,84.5466069843633,82.2789073045246,316
-7.6926,53.28823,2022/02/07 00:00:00+00,Mon 07 Feb 2022,441,1352,0,3816296,3708391,241130,4057426,3949521,84.5557973199648,82.3070826644638,317
-7.6926,53.28823,2022/02/08 00:00:00+00,Tue 08 Feb 2022,900,1238,0,3817196,3709629,241130,4058326,3950759,84.5745531069065,82.3328822913903,318
-7.6926,53.28823,2022/02/09 00:00:00+00,Wed 09 Feb 2022,1335,1785,0,3818531,3711414,241130,4059661,3952544,84.6023741908702,82.3700812688248,319
-7.6926,53.28823,2022/02/10 00:00:00+00,Thu 10 Feb 2022,687,2555,1,3819218,3713969,241131,4060349,3955100,84.616711947999,82.4233477037394,320
-7.6926,53.28823,2022/02/11 00:00:00+00,Fri 11 Feb 2022,546,4925,0,3819764,3718894,241131,4060895,3960025,84.6280904587436,82.5259835378374,321
-7.6926,53.28823,2022/02/12 00:00:00+00,Sat 12 Feb 2022,1397,5463,0,3821161,3724357,241131,4062292,3965488,84.6572036080299,82.6398311645739,322
-7.6926,53.28823,2022/02/13 00:00:00+00,Sun 13 Feb 2022,1566,4706,0,3822727,3729063,241131,4063858,3970194,84.6898386773086,82.7379030905161,323
-7.6926,53.28823,2022/02/14 00:00:00+00,Mon 14 Feb 2022,175,954,0,3822902,3730017,241131,4064033,3971148,84.6934856358806,82.7577842246743,324
-7.6926,53.28823,2022/02/15 00:00:00+00,Tue 15 Feb 2022,650,817,1,3823552,3730834,241132,4064684,3971966,84.7070523217684,82.7748311510281,325
-7.6926,53.28823,2022/02/16 00:00:00+00,Wed 16 Feb 2022,798,1787,0,3824350,3732621,241132,4065482,3973753,84.7236824528568,82.8120718079891,326
-7.6926,53.28823,2022/02/17 00:00:00+00,Thu 17 Feb 2022,791,1194,2,3825141,3733815,241134,4066275,3974949,84.7402083851288,82.8369961648584,327
-7.6926,53.28823,2022/02/18 00:00:00+00,Fri 18 Feb 2022,792,3295,0,3825933,3737110,241134,4067067,3978244,84.7567134776376,82.9056631848285,328
-7.6926,53.28823,2022/02/19 00:00:00+00,Sat 19 Feb 2022,980,3556,0,3826913,3740666,241134,4068047,3981800,84.7771364456408,82.9797693830117,329
-7.6926,53.28823,2022/02/20 00:00:00+00,Sun 20 Feb 2022,1365,3588,0,3828278,3744254,241134,4069412,3985388,84.8055827225025,83.0545424536195,330
-7.6926,53.28823,2022/02/21 00:00:00+00,Mon 21 Feb 2022,254,996,1,3828532,3745250,241135,4069667,3986385,84.810896862136,83.0753196975984,331
-7.6926,53.28823,2022/02/22 00:00:00+00,Tue 22 Feb 2022,475,986,1,3829007,3746236,241136,4070143,3987372,84.8208165894519,83.0958885439445,332
-7.6926,53.28823,2022/02/23 00:00:00+00,Wed 23 Feb 2022,829,1273,1,3829836,3747509,241137,4070973,3988646,84.8381135929648,83.1224384023487,333
-7.6926,53.28823,2022/02/24 00:00:00+00,Thu 24 Feb 2022,653,1237,0,3830489,3748746,241137,4071626,3989883,84.8517219583792,83.148217189512,334
-7.6926,53.28823,2022/02/25 00:00:00+00,Fri 25 Feb 2022,693,1228,0,3831182,3749974,241137,4072319,3991111,84.8661639143244,83.1738084188059,335
-7.6926,53.28823,2022/02/26 00:00:00+00,Sat 26 Feb 2022,960,2092,0,3832142,3752066,241137,4073279,3993203,84.8861700870623,83.2174052035639,336
-7.6926,53.28823,2022/02/27 00:00:00+00,Sun 27 Feb 2022,671,1783,0,3832813,3753849,241137,4073950,3994986,84.9001535682155,83.2545625014718,337
-7.6926,53.28823,2022/02/28 00:00:00+00,Mon 28 Feb 2022,81,438,0,3832894,3754287,241137,4074031,3995424,84.9018415890403,83.2636903177835,338
-7.6926,53.28823,2022/03/01 00:00:00+00,Tue 01 Mar 2022,134,937,0,3833028,3755224,241137,4074165,3996361,84.9046341173183,83.2832171759662,339
-7.6926,53.28823,2022/03/02 00:00:00+00,Wed 02 Mar 2022,207,997,2,3833235,3756221,241139,4074374,3997360,84.9089896278414,83.3040360994715,340
-7.6926,53.28823,2022/03/03 00:00:00+00,Thu 03 Mar 2022,279,1278,0,3833514,3757499,241139,4074653,3998638,84.9148039217934,83.3306693169288,341
-7.6926,53.28823,2022/03/04 00:00:00+00,Fri 04 Mar 2022,735,1508,1,3834249,3759007,241140,4075389,4000147,84.9301419875591,83.3621165197012,342
-7.6926,53.28823,2022/03/05 00:00:00+00,Sat 05 Mar 2022,963,3343,0,3835212,3762350,241140,4076352,4003490,84.9502106795868,83.4317838483082,343
-7.6926,53.28823,2022/03/06 00:00:00+00,Sun 06 Mar 2022,455,1916,0,3835667,3764266,241140,4076807,4005406,84.959692771874,83.4717128347309,344
-7.6926,53.28823,2022/03/07 00:00:00+00,Mon 07 Mar 2022,140,125,2,3835807,3764391,241142,4076949,4005533,84.9626520182581,83.474359484666,345
-7.6926,53.28823,2022/03/08 00:00:00+00,Tue 08 Mar 2022,120,493,0,3835927,3764884,241142,4077069,4006026,84.9651527898504,83.4846334879574,346
-7.6926,53.28823,2021/04/21 23:00:00+00,Thu 22 Apr 2021,31647,12199,1,982916,412306,283,983199,412589,20.489634405949,8.59825708723879,347
-7.6926,53.28823,2022/07/02 23:00:00+00,Sun 03 Jul 2022,108,273,0,3856075,3809478,241170,4097245,4050648,85.3856158535581,84.41454540453,348
-7.6926,53.28823,2022/07/03 23:00:00+00,Mon 04 Jul 2022,15,15,0,3856090,3809493,241170,4097260,4050663,85.3859284500072,84.4148580009791,349
-7.6926,53.28823,2021/08/08 23:00:00+00,Mon 09 Aug 2021,5571,23057,601,3277167,2783249,228806,3505973,3012055,73.0636473461916,62.7705131520788,350
-7.6926,53.28823,2021/04/22 23:00:00+00,Fri 23 Apr 2021,33627,12365,3,1016543,424671,286,1016829,424957,21.1904756446729,8.85600327934515,351
-7.6926,53.28823,2021/08/09 23:00:00+00,Tue 10 Aug 2021,9386,26039,718,3286553,2809288,229524,3516077,3038812,73.2742123142578,63.3281226978574,352
-7.6926,53.28823,2022/10/14 23:00:00+00,Sat 15 Oct 2022,98,120,0,3861773,3815923,241179,4102952,4057102,85.5045483825322,84.5490452366657,353
-7.6926,53.28823,2021/04/23 23:00:00+00,Sat 24 Apr 2021,23713,7013,2,1040256,431684,288,1040544,431972,21.6846906305883,9.00219421867455,354
-7.6926,53.28823,2021/08/10 23:00:00+00,Wed 11 Aug 2021,7038,31254,668,3293591,2840542,230192,3523783,3070734,73.4348035300058,63.9933696209185,355
-7.6926,53.28823,2022/10/15 23:00:00+00,Sun 16 Oct 2022,26,37,1,3861799,3815960,241180,4102979,4057140,85.5051110561404,84.5498371476699,356
-7.6926,53.28823,2021/04/24 23:00:00+00,Sun 25 Apr 2021,9759,312,3,1050015,431996,291,1050306,432287,21.8881283996166,9.00875874410417,357
-7.6926,53.28823,2021/08/11 23:00:00+00,Thu 12 Aug 2021,6795,38317,865,3300386,2878859,231057,3531443,3109916,73.5944361166435,64.8099132253097,358
-7.6926,53.28823,2022/10/16 23:00:00+00,Mon 17 Oct 2022,51,3,0,3861850,3815963,241180,4103030,4057143,85.5061738840672,84.5498996669597,359
-7.6926,53.28823,2021/04/25 23:00:00+00,Mon 26 Apr 2021,15607,3064,4,1065622,435060,295,1065917,435355,22.2134579440031,9.07269513781231,360
-7.6926,53.28823,2021/08/12 23:00:00+00,Fri 13 Aug 2021,10954,28249,875,3311340,2907108,231932,3543272,3139040,73.8409496763481,65.4168504907452,361
-7.6926,53.28823,2022/10/17 23:00:00+00,Tue 18 Oct 2022,117,17,0,3861967,3815980,241180,4103147,4057160,85.5086121363696,84.5502539429353,362
-7.6926,53.28823,2021/04/26 23:00:00+00,Tue 27 Apr 2021,25935,7827,9,1091557,442887,304,1091861,443191,22.7541247622444,9.23599552278526,363
-7.6926,53.28823,2021/08/13 23:00:00+00,Sat 14 Aug 2021,18154,5864,281,3329494,2912972,232213,3561707,3145185,74.2251307122052,65.5449108360309,364
-7.6926,53.28823,2022/10/18 23:00:00+00,Wed 19 Oct 2022,87,40,0,3862054,3816020,241180,4103234,4057200,85.5104251957739,84.551087533466,365
-7.6926,53.28823,2021/04/27 23:00:00+00,Wed 28 Apr 2021,26060,8629,6,1117617,451516,310,1117927,451826,23.2973340316043,9.41594687860984,366
-7.6926,53.28823,2021/08/14 23:00:00+00,Sun 15 Aug 2021,17006,3742,52,3346500,2916714,232265,3578765,3148979,74.5806153940414,65.623976897872,367
-7.6926,53.28823,2021/04/28 23:00:00+00,Thu 29 Apr 2021,31705,11339,7,1149322,462855,317,1149639,463172,23.958204604379,9.65239483265566,368
-7.6926,53.28823,2021/08/15 23:00:00+00,Mon 16 Aug 2021,10208,23180,386,3356708,2939894,232651,3589359,3172545,74.8013918461092,66.1150867590604,369
-7.6926,53.28823,2021/04/29 23:00:00+00,Fri 30 Apr 2021,36119,13547,8,1185441,476402,325,1185766,476727,24.7110827319846,9.93487782376187,370
-7.6926,53.28823,2021/08/16 23:00:00+00,Tue 17 Aug 2021,12886,26885,531,3369594,2966779,233182,3602776,3199961,75.0809989498843,66.6864297088331,371
-7.6926,53.28823,2022/10/19 23:00:00+00,Thu 20 Oct 2022,97,10,0,3862151,3816030,241180,4103331,4057210,85.512446652811,84.5512959310987,372
-7.6926,53.28823,2021/04/30 23:00:00+00,Sat 01 May 2021,16638,6704,21,1202079,483106,346,1202425,483452,25.0582523482766,10.0750252317434,373
-7.6926,53.28823,2021/08/17 23:00:00+00,Wed 18 Aug 2021,15251,25794,658,3384845,2992573,233840,3618685,3226413,75.4125387437249,67.2376831268147,374
-7.6926,53.28823,2022/10/20 23:00:00+00,Fri 21 Oct 2022,124,21,0,3862275,3816051,241180,4103455,4057231,85.5150307834563,84.5517335661274,375
-7.6926,53.28823,2021/05/01 23:00:00+00,Sun 02 May 2021,12481,915,16,1214560,484021,362,1214922,484383,25.3186868698446,10.0944270513465,376
-7.6926,53.28823,2021/08/18 23:00:00+00,Thu 19 Aug 2021,11381,25745,545,3396226,3018318,234385,3630611,3252703,75.6610737604665,67.7855605031469,377
-7.6926,53.28823,2022/10/21 23:00:00+00,Sat 22 Oct 2022,125,58,0,3862400,3816109,241180,4103580,4057289,85.5176357538649,84.552942272397,378
-7.6926,53.28823,2021/05/02 23:00:00+00,Mon 03 May 2021,14283,939,21,1228843,484960,383,1229226,485343,25.6167788436391,10.1144332240843,379
-7.6926,53.28823,2021/08/19 23:00:00+00,Fri 20 Aug 2021,14869,22291,686,3411095,3040609,235071,3646166,3275680,75.98523627811,68.2643957437701,380
-7.6926,53.28823,2022/10/22 23:00:00+00,Sun 23 Oct 2022,80,48,0,3862480,3816157,241180,4103660,4057337,85.5193029349264,84.5539425810339,381
-7.6926,53.28823,2021/05/03 23:00:00+00,Tue 04 May 2021,26681,6810,11,1255524,491770,394,1255918,492164,26.1730338048052,10.2565812493396,382
-7.6926,53.28823,2021/08/20 23:00:00+00,Sat 21 Aug 2021,11915,8000,246,3423010,3048609,235317,3658327,3283926,76.2386686392197,68.4362404316832,383
-7.6926,53.28823,2022/10/23 23:00:00+00,Mon 24 Oct 2022,66,4,0,3862546,3816161,241180,4103726,4057341,85.5206783593021,84.5540259400869,384
-7.6926,53.28823,2021/05/04 23:00:00+00,Wed 05 May 2021,32149,13474,70,1287673,505244,464,1288137,505708,26.844470137557,10.5388350030499,385
-7.6926,53.28823,2021/08/21 23:00:00+00,Sun 22 Aug 2021,8008,12266,162,3431018,3060875,235479,3666497,3296354,76.4089295051244,68.6952370095857,386
-7.6926,53.28823,2022/10/24 23:00:00+00,Tue 25 Oct 2022,75,28,0,3862621,3816189,241180,4103801,4057369,85.5222413415473,84.5546094534585,387
-7.6926,53.28823,2022/10/25 23:00:00+00,Wed 26 Oct 2022,45,25,0,3862666,3816214,241180,4103846,4057394,85.5231791308943,84.5551304475402,388
-7.6926,53.28823,2022/10/26 23:00:00+00,Thu 27 Oct 2022,64,35,0,3862730,3816249,241180,4103910,4057429,85.5245128757435,84.5558598392546,389
-7.6926,53.28823,2022/10/27 23:00:00+00,Fri 28 Oct 2022,50,19,0,3862780,3816268,241180,4103960,4057448,85.525554863907,84.5562557947567,390
-7.6926,53.28823,2022/10/28 23:00:00+00,Sat 29 Oct 2022,87,64,0,3862867,3816332,241180,4104047,4057512,85.5273679233113,84.5575895396059,391
-7.6926,53.28823,2022/10/29 23:00:00+00,Sun 30 Oct 2022,11,6,0,3862878,3816338,241180,4104058,4057518,85.5275971607073,84.5577145781855,392
-7.6926,53.28823,2022/11/01 00:00:00+00,Tue 01 Nov 2022,100,26,0,3862978,3816364,241180,4104158,4057544,85.5296811370341,84.5582564120305,393
-7.6926,53.28823,2022/11/02 00:00:00+00,Wed 02 Nov 2022,107,13,0,3863085,3816377,241180,4104265,4057557,85.5319109917039,84.558527328953,394
-7.6926,53.28823,2022/11/03 00:00:00+00,Thu 03 Nov 2022,91,28,0,3863176,3816405,241180,4104356,4057585,85.5338074101613,84.5591108423245,395
-7.6926,53.28823,2022/11/04 00:00:00+00,Fri 04 Nov 2022,61,22,0,3863237,3816427,241180,4104417,4057607,85.5350786357207,84.5595693171164,396
-7.6926,53.28823,2022/11/05 00:00:00+00,Sat 05 Nov 2022,46,54,0,3863283,3816481,241180,4104463,4057661,85.5360372648311,84.5606946643329,397
-7.6926,53.28823,2022/11/06 00:00:00+00,Sun 06 Nov 2022,56,78,0,3863339,3816559,241180,4104519,4057739,85.5372042915741,84.5623201658678,398
-7.6926,53.28823,2022/11/07 00:00:00+00,Mon 07 Nov 2022,43,3,0,3863382,3816562,241180,4104562,4057742,85.5381004013947,84.5623826851576,399
-7.6926,53.28823,2022/11/08 00:00:00+00,Tue 08 Nov 2022,66,32,0,3863448,3816594,241180,4104628,4057774,85.5394758257704,84.5630495575822,400
-7.6926,53.28823,2022/11/09 00:00:00+00,Wed 09 Nov 2022,92,32,0,3863540,3816626,241180,4104720,4057806,85.5413930839911,84.5637164300068,401
-7.6926,53.28823,2022/11/10 00:00:00+00,Thu 10 Nov 2022,48,15,0,3863588,3816641,241180,4104768,4057821,85.542393392628,84.5640290264559,402
-7.6926,53.28823,2022/11/11 00:00:00+00,Fri 11 Nov 2022,49,17,0,3863637,3816658,241180,4104817,4057838,85.5434145410282,84.5643833024314,403
-7.6926,53.28823,2022/11/12 00:00:00+00,Sat 12 Nov 2022,74,87,0,3863711,3816745,241180,4104891,4057925,85.5449566835101,84.5661963618358,404
-7.6926,53.28823,2022/11/13 00:00:00+00,Sun 13 Nov 2022,42,62,1,3863753,3816807,241181,4104934,4057988,85.5458527933306,84.5675092669217,405
-7.6926,53.28823,2022/11/14 00:00:00+00,Mon 14 Nov 2022,15,2,0,3863768,3816809,241181,4104949,4057990,85.5461653897796,84.5675509464483,406
-7.6926,53.28823,2022/11/15 00:00:00+00,Tue 15 Nov 2022,57,8,0,3863825,3816817,241181,4105006,4057998,85.547353256286,84.5677176645544,407
-7.6926,53.28823,2022/11/16 00:00:00+00,Wed 16 Nov 2022,46,20,0,3863871,3816837,241181,4105052,4058018,85.5483118853963,84.5681344598198,408
-7.6926,53.28823,2022/11/17 00:00:00+00,Thu 17 Nov 2022,64,9,1,3863935,3816846,241182,4105117,4058028,85.5496664700088,84.5683428574525,409
-7.6926,53.28823,2022/11/18 00:00:00+00,Fri 18 Nov 2022,28,22,0,3863963,3816868,241182,4105145,4058050,85.5502499833803,84.5688013322444,410
-7.6926,53.28823,2022/11/19 00:00:00+00,Sat 19 Nov 2022,55,57,0,3864018,3816925,241182,4105200,4058107,85.5513961703601,84.5699891987507,411
-7.6926,53.28823,2022/11/20 00:00:00+00,Sun 20 Nov 2022,40,56,0,3864058,3816981,241182,4105240,4058163,85.5522297608908,84.5711562254937,412
-7.6926,53.28823,2022/11/21 00:00:00+00,Mon 21 Nov 2022,17,3,0,3864075,3816984,241182,4105257,4058166,85.5525840368664,84.5712187447836,413
-7.6926,53.28823,2022/11/22 00:00:00+00,Tue 22 Nov 2022,48,22,0,3864123,3817006,241182,4105305,4058188,85.5535843455033,84.5716772195755,414
-7.6926,53.28823,2022/11/23 00:00:00+00,Wed 23 Nov 2022,23,16,0,3864146,3817022,241182,4105328,4058204,85.5540636600584,84.5720106557878,415
-7.6926,53.28823,2022/11/24 00:00:00+00,Thu 24 Nov 2022,25,18,0,3864171,3817040,241182,4105353,4058222,85.5545846541402,84.5723857715266,416
-7.6926,53.28823,2022/11/25 00:00:00+00,Fri 25 Nov 2022,18,11,0,3864189,3817051,241182,4105371,4058233,85.554959769879,84.5726150089226,417
-7.6926,53.28823,2022/11/26 00:00:00+00,Sat 26 Nov 2022,65,63,0,3864254,3817114,241182,4105436,4058296,85.5563143544915,84.5739279140085,418
-7.6926,53.28823,2022/11/27 00:00:00+00,Sun 27 Nov 2022,36,42,0,3864290,3817156,241182,4105472,4058338,85.5570645859691,84.5748031840657,419
-7.6926,53.28823,2022/11/28 00:00:00+00,Mon 28 Nov 2022,16,1,0,3864306,3817157,241182,4105488,4058339,85.5573980221814,84.574824023829,420
-7.6926,53.28823,2022/11/29 00:00:00+00,Tue 29 Nov 2022,32,18,0,3864338,3817175,241182,4105520,4058357,85.558064894606,84.5751991395679,421
-7.6926,53.28823,2022/11/30 00:00:00+00,Wed 30 Nov 2022,46,13,0,3864384,3817188,241182,4105566,4058370,85.5590235237164,84.5754700564903,422
-7.6926,53.28823,2022/12/01 00:00:00+00,Thu 01 Dec 2022,21,11,0,3864405,3817199,241182,4105587,4058381,85.559461158745,84.5756992938863,423
-7.6926,53.28823,2022/12/02 00:00:00+00,Fri 02 Dec 2022,17,18,0,3864422,3817217,241182,4105604,4058399,85.5598154347206,84.5760744096251,424
-7.6926,53.28823,2022/12/03 00:00:00+00,Sat 03 Dec 2022,41,71,0,3864463,3817288,241182,4105645,4058470,85.5606698650146,84.5775540328172,425
-7.6926,53.28823,2022/12/04 00:00:00+00,Sun 04 Dec 2022,44,47,0,3864507,3817335,241182,4105689,4058517,85.5615868145984,84.5785335016908,426
-7.6926,53.28823,2022/12/05 00:00:00+00,Mon 05 Dec 2022,20,5,0,3864527,3817340,241182,4105709,4058522,85.5620036098638,84.5786377005072,427
-7.6926,53.28823,2022/12/06 00:00:00+00,Tue 06 Dec 2022,35,29,0,3864562,3817369,241182,4105744,4058551,85.5627330015782,84.579242053642,428
-7.6926,53.28823,2022/12/07 00:00:00+00,Wed 07 Dec 2022,21,23,0,3864583,3817392,241182,4105765,4058574,85.5631706366068,84.5797213681971,429
-7.6926,53.28823,2022/12/08 00:00:00+00,Thu 08 Dec 2022,16,13,1,3864599,3817405,241183,4105782,4058588,85.5635249125824,84.5800131248829,430
-7.6926,53.28823,2022/12/09 00:00:00+00,Fri 09 Dec 2022,24,17,0,3864623,3817422,241183,4105806,4058605,85.5640250669009,84.5803674008585,431
-7.6926,53.28823,2022/12/10 00:00:00+00,Sat 10 Dec 2022,49,44,0,3864672,3817466,241183,4105855,4058649,85.565046215301,84.5812843504423,432
-7.6926,53.28823,2022/12/11 00:00:00+00,Sun 11 Dec 2022,28,42,0,3864700,3817508,241183,4105883,4058691,85.5656297286725,84.5821596204996,433
-7.6926,53.28823,2022/07/04 23:00:00+00,Tue 05 Jul 2022,51,70,0,3856141,3809563,241170,4097311,4050733,85.3869912779339,84.4163167844079,434
-7.6926,53.28823,2022/12/12 00:00:00+00,Mon 12 Dec 2022,15,2,0,3864715,3817510,241183,4105898,4058693,85.5659423251216,84.5822013000261,435
-7.6926,53.28823,2022/12/13 00:00:00+00,Tue 13 Dec 2022,29,15,0,3864744,3817525,241183,4105927,4058708,85.5665466782563,84.5825138964751,436
-7.6926,53.28823,2022/12/14 00:00:00+00,Wed 14 Dec 2022,20,20,0,3864764,3817545,241183,4105947,4058728,85.5669634735217,84.5829306917405,437
-7.6926,53.28823,2022/12/15 00:00:00+00,Thu 15 Dec 2022,13,9,0,3864777,3817554,241183,4105960,4058737,85.5672343904442,84.5831182496099,438
-7.6926,53.28823,2022/12/16 00:00:00+00,Fri 16 Dec 2022,15,4,0,3864792,3817558,241183,4105975,4058741,85.5675469868932,84.583201608663,439
-7.6926,53.28823,2022/12/17 00:00:00+00,Sat 17 Dec 2022,20,43,0,3864812,3817601,241183,4105995,4058784,85.5679637821586,84.5840977184835,440
-7.6926,53.28823,2022/12/18 00:00:00+00,Sun 18 Dec 2022,29,35,0,3864841,3817636,241183,4106024,4058819,85.5685681352934,84.584827110198,441
-7.6926,53.28823,2022/12/19 00:00:00+00,Mon 19 Dec 2022,9,1,0,3864850,3817637,241183,4106033,4058820,85.5687556931628,84.5848479499612,442
-7.6926,53.28823,2022/12/20 00:00:00+00,Tue 20 Dec 2022,20,18,0,3864870,3817655,241183,4106053,4058838,85.5691724884282,84.5852230657001,443
-7.6926,53.28823,2022/12/21 00:00:00+00,Wed 21 Dec 2022,17,29,0,3864887,3817684,241183,4106070,4058867,85.5695267644038,84.5858274188349,444
-7.6926,53.28823,2022/12/22 00:00:00+00,Thu 22 Dec 2022,7,15,0,3864894,3817699,241183,4106077,4058882,85.5696726427467,84.5861400152839,445
-7.6926,53.28823,2022/12/23 00:00:00+00,Fri 23 Dec 2022,20,6,0,3864914,3817705,241183,4106097,4058888,85.570089438012,84.5862650538635,446
-7.6926,53.28823,2022/12/28 00:00:00+00,Wed 28 Dec 2022,20,24,0,3864934,3817729,241183,4106117,4058912,85.5705062332774,84.5867652081819,447
-7.6926,53.28823,2022/12/29 00:00:00+00,Thu 29 Dec 2022,18,12,0,3864952,3817741,241183,4106135,4058924,85.5708813490162,84.5870152853412,448
-7.6926,53.28823,2022/12/30 00:00:00+00,Fri 30 Dec 2022,71,31,0,3865023,3817772,241183,4106206,4058955,85.5723609722083,84.5876613180025,449
-7.6926,53.28823,2022/12/31 00:00:00+00,Sat 31 Dec 2022,36,26,0,3865059,3817798,241183,4106242,4058981,85.573111203686,84.5882031518475,450
-7.6926,53.28823,2023/01/03 00:00:00+00,Tue 03 Jan 2023,16,14,0,3865075,3817812,241183,4106258,4058995,85.5734446398983,84.5884949085332,451
-7.6926,53.28823,2023/01/04 00:00:00+00,Wed 04 Jan 2023,56,28,0,3865131,3817840,241183,4106314,4059023,85.5746116666413,84.5890784219048,452
-7.6926,53.28823,2023/01/05 00:00:00+00,Thu 05 Jan 2023,26,16,0,3865157,3817856,241183,4106340,4059039,85.5751535004863,84.5894118581171,453
-7.6926,53.28823,2023/01/06 00:00:00+00,Fri 06 Jan 2023,37,21,0,3865194,3817877,241183,4106377,4059060,85.5759245717272,84.5898494931457,454
-7.6926,53.28823,2023/01/07 00:00:00+00,Sat 07 Jan 2023,138,74,0,3865332,3817951,241183,4106515,4059134,85.5788004590583,84.5913916356276,455
-7.6926,53.28823,2023/01/08 00:00:00+00,Sun 08 Jan 2023,51,45,0,3865383,3817996,241183,4106566,4059179,85.579863286985,84.5923294249747,456
-7.6926,53.28823,2023/01/09 00:00:00+00,Mon 09 Jan 2023,1,1,0,3865384,3817997,241183,4106567,4059180,85.5798841267483,84.5923502647379,457
-7.6926,53.28823,2023/01/10 00:00:00+00,Tue 10 Jan 2023,43,13,0,3865427,3818010,241183,4106610,4059193,85.5807802365688,84.5926211816604,458
-7.6926,53.28823,2023/01/11 00:00:00+00,Wed 11 Jan 2023,59,31,0,3865486,3818041,241183,4106669,4059224,85.5820097826017,84.5932672143218,459
-7.6926,53.28823,2023/01/12 00:00:00+00,Thu 12 Jan 2023,14,12,0,3865500,3818053,241183,4106683,4059236,85.5823015392874,84.593517291481,460
-7.6926,53.28823,2023/01/13 00:00:00+00,Fri 13 Jan 2023,30,12,0,3865530,3818065,241183,4106713,4059248,85.5829267321855,84.5937673686402,461
-7.6926,53.28823,2023/01/14 00:00:00+00,Sat 14 Jan 2023,73,39,0,3865603,3818104,241183,4106786,4059287,85.5844480349041,84.5945801194077,462
-7.6926,53.28823,2023/01/15 00:00:00+00,Sun 15 Jan 2023,60,30,0,3865663,3818134,241183,4106846,4059317,85.5856984207002,84.5952053123057,463
-7.6926,53.28823,2023/01/16 00:00:00+00,Mon 16 Jan 2023,6,2,0,3865669,3818136,241183,4106852,4059319,85.5858234592798,84.5952469918323,464
-7.6926,53.28823,2023/01/17 00:00:00+00,Tue 17 Jan 2023,13,18,0,3865682,3818154,241183,4106865,4059337,85.5860943762023,84.5956221075711,465
-7.6926,53.28823,2023/01/18 00:00:00+00,Wed 18 Jan 2023,35,14,0,3865717,3818168,241183,4106900,4059351,85.5868237679167,84.5959138642569,466
-7.6926,53.28823,2023/01/19 00:00:00+00,Thu 19 Jan 2023,23,7,0,3865740,3818175,241183,4106923,4059358,85.5873030824719,84.5960597425997,467
-7.6926,53.28823,2023/01/20 00:00:00+00,Fri 20 Jan 2023,20,8,0,3865760,3818183,241183,4106943,4059366,85.5877198777373,84.5962264607059,468
-7.6926,53.28823,2023/01/21 00:00:00+00,Sat 21 Jan 2023,75,26,0,3865835,3818209,241183,4107018,4059392,85.5892828599824,84.5967682945509,469
-7.6926,53.28823,2023/01/22 00:00:00+00,Sun 22 Jan 2023,21,13,0,3865856,3818222,241183,4107039,4059405,85.5897204950111,84.5970392114734,470
-7.6926,53.28823,2023/01/23 00:00:00+00,Mon 23 Jan 2023,8,1,0,3865864,3818223,241183,4107047,4059406,85.5898872131172,84.5970600512366,471
-7.6926,53.28823,2023/01/24 00:00:00+00,Tue 24 Jan 2023,17,13,0,3865881,3818236,241183,4107064,4059419,85.5902414890928,84.5973309681591,472
-7.6926,53.28823,2023/01/25 00:00:00+00,Wed 25 Jan 2023,21,17,0,3865902,3818253,241183,4107085,4059436,85.5906791241214,84.5976852441347,473
-7.6926,53.28823,2023/01/26 00:00:00+00,Thu 26 Jan 2023,11,12,0,3865913,3818265,241183,4107096,4059448,85.5909083615174,84.5979353212939,474
-7.6926,53.28823,2023/01/27 00:00:00+00,Fri 27 Jan 2023,12,8,0,3865925,3818273,241183,4107108,4059456,85.5911584386766,84.5981020394001,475
-7.6926,53.28823,2023/01/28 00:00:00+00,Sat 28 Jan 2023,25,59,0,3865950,3818332,241183,4107133,4059515,85.5916794327583,84.5993315854329,476
-7.6926,53.28823,2023/01/29 00:00:00+00,Sun 29 Jan 2023,28,28,0,3865978,3818360,241183,4107161,4059543,85.5922629461298,84.5999150988044,477
-7.6926,53.28823,2023/01/30 00:00:00+00,Mon 30 Jan 2023,4,2,0,3865982,3818362,241183,4107165,4059545,85.5923463051829,84.599956778331,478
-7.6926,53.28823,2023/01/31 00:00:00+00,Tue 31 Jan 2023,26,19,1,3866008,3818381,241184,4107192,4059565,85.5929089787912,84.6003735735964,479
-7.6926,53.28823,2023/02/01 00:00:00+00,Wed 01 Feb 2023,15,37,0,3866023,3818418,241184,4107207,4059602,85.5932215752402,84.6011446448373,480
-7.6926,53.28823,2023/02/02 00:00:00+00,Thu 02 Feb 2023,13,11,0,3866036,3818429,241184,4107220,4059613,85.5934924921627,84.6013738822332,481
-7.6926,53.28823,2021/05/05 23:00:00+00,Thu 06 May 2021,37312,14388,133,1324985,519632,597,1325582,520229,27.6248150731507,10.8414492054736,482
-7.6926,53.28823,2022/07/05 23:00:00+00,Wed 06 Jul 2022,60,83,0,3856201,3809646,241170,4097371,4050816,85.38824166373,84.4180464847592,483
-7.6926,53.28823,2021/05/06 23:00:00+00,Fri 07 May 2021,40615,15102,99,1365600,534734,696,1366296,535430,28.4732851948695,11.15823444692,484
-7.6926,53.28823,2021/05/07 23:00:00+00,Sat 08 May 2021,25644,7070,10,1391244,541804,706,1391950,542510,29.0079084817628,11.3057799708618,485
-7.6926,53.28823,2021/08/22 23:00:00+00,Mon 23 Aug 2021,10889,15414,293,3441907,3076289,235772,3677679,3312061,76.6419597379942,69.022567171246,486
-7.6926,53.28823,2022/07/06 23:00:00+00,Thu 07 Jul 2022,77,77,0,3856278,3809723,241170,4097448,4050893,85.3898463255017,84.4196511465308,487
-7.6926,53.28823,2021/05/08 23:00:00+00,Sun 09 May 2021,19686,936,5,1410930,542740,711,1411641,543451,29.4182642602853,11.3253901880976,488
-7.6926,53.28823,2021/08/23 23:00:00+00,Tue 24 Aug 2021,9725,22941,384,3451632,3099230,236156,3687788,3335386,76.8526289048767,69.5086546494866,489
-7.6926,53.28823,2022/07/07 23:00:00+00,Fri 08 Jul 2022,99,90,0,3856377,3809813,241170,4097547,4050983,85.3919094620653,84.421526725225,490
-7.6926,53.28823,2021/05/09 23:00:00+00,Mon 10 May 2021,28868,4667,172,1439798,547407,883,1440681,548290,30.0234509856062,11.4262338025545,491
-7.6926,53.28823,2021/08/24 23:00:00+00,Wed 25 Aug 2021,9426,19555,318,3461058,3118785,236474,3697532,3355259,77.0556915581662,69.922803264924,492
-7.6926,53.28823,2022/07/08 23:00:00+00,Sat 09 Jul 2022,119,144,0,3856496,3809957,241170,4097666,4051127,85.3943893938942,84.4245276511357,493
-7.6926,53.28823,2021/05/10 23:00:00+00,Tue 11 May 2021,33931,14824,153,1473729,562231,1036,1474765,563267,30.733753476854,11.7383509370287,494
-7.6926,53.28823,2021/08/25 23:00:00+00,Thu 26 Aug 2021,8605,19467,370,3469663,3138252,236844,3706507,3375096,77.2427284335021,70.3362016488837,495
-7.6926,53.28823,2022/07/09 23:00:00+00,Sun 10 Jul 2022,134,219,0,3856630,3810176,241170,4097800,4051346,85.3971819221722,84.4290915592915,496
-7.6926,53.28823,2021/05/11 23:00:00+00,Wed 12 May 2021,31315,20938,175,1505044,583169,1211,1506255,584380,31.389997622183,12.1783408589192,497
-7.6926,53.28823,2021/08/26 23:00:00+00,Fri 27 Aug 2021,9735,19244,432,3479398,3157496,237276,3716674,3394772,77.4546063066542,70.7462448309572,498
-7.6926,53.28823,2022/07/10 23:00:00+00,Mon 11 Jul 2022,11,16,0,3856641,3810192,241170,4097811,4051362,85.3974111595682,84.4294249955038,499
-7.6926,53.28823,2021/05/12 23:00:00+00,Thu 13 May 2021,36021,25490,153,1541065,608659,1364,1542429,610023,32.1438552186623,12.7127349084165,500
-7.6926,53.28823,2021/08/27 23:00:00+00,Sat 28 Aug 2021,9937,7948,155,3489335,3165444,237431,3726766,3402875,77.6649211975612,70.9151094327229,501
-7.6926,53.28823,2022/07/11 23:00:00+00,Tue 12 Jul 2022,44,81,0,3856685,3810273,241170,4097855,4051443,85.398328109152,84.4311130163286,502
-7.6926,53.28823,2021/05/13 23:00:00+00,Fri 14 May 2021,38245,27960,237,1579310,636619,1601,1580911,638220,32.9458109887655,13.300353713302,503
-7.6926,53.28823,2021/08/28 23:00:00+00,Sun 29 Aug 2021,8807,9204,30,3498142,3174648,237461,3735603,3412109,77.849082185566,71.1075438067454,504
-7.6926,53.28823,2022/07/12 23:00:00+00,Wed 13 Jul 2022,99,74,0,3856784,3810347,241170,4097954,4051517,85.4003912457156,84.4326551588104,505
-7.6926,53.28823,2021/05/14 23:00:00+00,Sat 15 May 2021,28894,12470,22,1608204,649089,1623,1609827,650712,33.5484135834411,13.5606840360536,506
-7.6926,53.28823,2021/08/29 23:00:00+00,Mon 30 Aug 2021,5074,11174,85,3503216,3185822,237546,3740762,3423368,77.9565945242688,71.3421787013868,507
-7.6926,53.28823,2022/07/13 23:00:00+00,Thu 14 Jul 2022,72,39,0,3856856,3810386,241170,4098026,4051556,85.4018917086709,84.4334679095779,508
-7.6926,53.28823,2021/05/15 23:00:00+00,Sun 16 May 2021,23198,1184,11,1631402,650273,1634,1633036,651907,34.0320836491426,13.5855875531596,509
-7.6926,53.28823,2021/08/30 23:00:00+00,Tue 31 Aug 2021,4084,12918,146,3507300,3198740,237692,3744992,3436432,78.0447467228951,71.6144293687281,510
-7.6926,53.28823,2022/07/14 23:00:00+00,Fri 15 Jul 2022,80,118,1,3856936,3810504,241171,4098107,4051675,85.4035797294957,84.4359478414069,511
-7.6926,53.28823,2021/05/16 23:00:00+00,Mon 17 May 2021,35407,3966,120,1666809,654239,1754,1668563,655993,34.772457918787,13.6707388258752,512
-7.6926,53.28823,2021/08/31 23:00:00+00,Wed 01 Sep 2021,5004,12573,184,3512304,3211313,237876,3750180,3449189,78.1528634147327,71.880282228746,513
-7.6926,53.28823,2022/07/15 23:00:00+00,Sat 16 Jul 2022,124,209,0,3857060,3810713,241171,4098231,4051884,85.406163860141,84.44030335193,514
-7.6926,53.28823,2021/05/17 23:00:00+00,Tue 18 May 2021,39045,12518,127,1705854,666757,1881,1707735,668638,35.5887931255456,13.934257632407,515
-7.6926,53.28823,2021/09/01 23:00:00+00,Thu 02 Sep 2021,5016,12392,249,3517320,3223705,238125,3755445,3461830,78.2625847683421,72.1437176762247,516
-7.6926,53.28823,2022/07/16 23:00:00+00,Sun 17 Jul 2022,119,165,0,3857179,3810878,241171,4098350,4052049,85.40864379197,84.4437419128694,517
-7.6926,53.28823,2021/05/18 23:00:00+00,Wed 19 May 2021,37053,17620,212,1742907,684377,2093,1745000,686470,36.3653869037509,14.3058722910131,518
-7.6926,53.28823,2021/09/02 23:00:00+00,Fri 03 Sep 2021,4790,16119,167,3522110,3239824,238292,3760402,3478116,78.3658874748646,72.4831140608175,519
-7.6926,53.28823,2022/07/17 23:00:00+00,Mon 18 Jul 2022,14,18,0,3857193,3810896,241171,4098364,4052067,85.4089355486557,84.4441170286082,520
-7.6926,53.28823,2021/05/19 23:00:00+00,Thu 20 May 2021,39114,19650,137,1782021,704027,2230,1784251,706257,37.1833684518077,14.7182286868094,521
-7.6926,53.28823,2021/09/03 23:00:00+00,Sat 04 Sep 2021,4634,10596,136,3526744,3250420,238428,3765172,3488848,78.465293145656,72.7067664002164,522
-7.6926,53.28823,2022/07/18 23:00:00+00,Tue 19 Jul 2022,30,34,0,3857223,3810930,241171,4098394,4052101,85.4095607415538,84.4448255805593,523
-7.6926,53.28823,2021/05/20 23:00:00+00,Fri 21 May 2021,25861,23270,14936,1807882,727297,17166,1825048,744463,38.0335682738778,15.5144326822505,524
-7.6926,53.28823,2021/09/04 23:00:00+00,Sun 05 Sep 2021,5310,11914,1,3532054,3262334,238429,3770483,3500763,78.5759731283757,72.9550721795621,525
-7.6926,53.28823,2022/07/19 23:00:00+00,Wed 20 Jul 2022,78,66,0,3857301,3810996,241171,4098472,4052167,85.4111862430887,84.4462010049351,526
-7.6926,53.28823,2021/05/21 23:00:00+00,Sat 22 May 2021,16613,10262,13524,1824495,737559,30690,1855185,768249,38.6616162195044,16.010127291358,527
-7.6926,53.28823,2021/09/05 23:00:00+00,Mon 06 Sep 2021,2172,9711,76,3534226,3272045,238505,3772731,3510550,78.6228209162035,73.1590309426721,528
-7.6926,53.28823,2022/07/20 23:00:00+00,Thu 21 Jul 2022,52,30,0,3857353,3811026,241171,4098524,4052197,85.4122699107787,84.4468261978331,529
-7.6926,53.28823,2021/05/22 23:00:00+00,Sun 23 May 2021,8237,5544,10205,1832732,743103,40895,1873627,783998,39.0459431337044,16.3383327230756,530
-7.6926,53.28823,2021/09/06 23:00:00+00,Tue 07 Sep 2021,3040,10046,162,3537266,3282091,238667,3775933,3520758,78.6895498381896,73.3717632461182,531
-7.6926,53.28823,2021/09/07 23:00:00+00,Wed 08 Sep 2021,2615,14826,191,3539881,3296917,238858,3778739,3535775,78.7480262139214,73.6847139711232,532
-7.6926,53.28823,2021/09/08 23:00:00+00,Thu 09 Sep 2021,3131,14840,138,3543012,3311757,238996,3782008,3550753,78.8161514000466,73.9968519453606,533
-7.6926,53.28823,2021/09/09 23:00:00+00,Fri 10 Sep 2021,3398,13959,116,3546410,3325716,239112,3785522,3564828,78.8893823281725,74.2901716133665,534
-7.6926,53.28823,2021/09/10 23:00:00+00,Sat 11 Sep 2021,2567,11350,62,3548977,3337066,239174,3788151,3576240,78.9441700658057,74.5279949917881,535
-7.6926,53.28823,2021/09/11 23:00:00+00,Sun 12 Sep 2021,2045,12888,1,3551022,3349954,239175,3790197,3589129,78.9868082214533,74.7965987005574,536
-7.6926,53.28823,2021/09/12 23:00:00+00,Mon 13 Sep 2021,1624,7762,52,3552646,3357716,239227,3791873,3596943,79.0217356646915,74.9594406107384,537
-7.6926,53.28823,2021/09/13 23:00:00+00,Tue 14 Sep 2021,1558,10803,82,3554204,3368519,239309,3793513,3607828,79.0559128764521,75.1862814339174,538
-7.6926,53.28823,2021/09/14 23:00:00+00,Wed 15 Sep 2021,3292,12385,138,3557496,3380904,239447,3796943,3620351,79.1273932644635,75.4472577893304,539
-7.6926,53.28823,2021/09/15 23:00:00+00,Thu 16 Sep 2021,1922,10589,116,3559418,3391493,239563,3798981,3631056,79.1698647020049,75.670347455121,540
-7.6926,53.28823,2021/09/16 23:00:00+00,Fri 17 Sep 2021,2565,14632,95,3561983,3406125,239658,3801641,3645783,79.2252984722995,75.9772546487781,541
-7.6926,53.28823,2021/09/17 23:00:00+00,Sat 18 Sep 2021,2292,11247,48,3564275,3417372,239706,3803981,3657078,79.2740635183481,76.2126397748972,542
-7.6926,53.28823,2021/09/18 23:00:00+00,Sun 19 Sep 2021,1865,8498,16,3566140,3425870,239722,3805862,3665592,79.3132631130563,76.3900695193663,543
-7.6926,53.28823,2021/09/19 23:00:00+00,Mon 20 Sep 2021,968,5646,35,3567108,3431516,239757,3806865,3671273,79.3341653956148,76.5084602144953,544
-7.6926,53.28823,2021/09/20 23:00:00+00,Tue 21 Sep 2021,1479,6693,90,3568587,3438209,239847,3808434,3678056,79.3668629841832,76.6498163287464,545
-7.6926,53.28823,2021/09/21 23:00:00+00,Wed 22 Sep 2021,1903,8172,97,3570490,3446381,239944,3810434,3686325,79.4085425107205,76.8221403312147,546
-7.6926,53.28823,2021/09/22 23:00:00+00,Thu 23 Sep 2021,1692,8743,89,3572182,3455124,240033,3812215,3695157,79.4456581291019,77.0061971204032,547
-7.6926,53.28823,2021/09/23 23:00:00+00,Fri 24 Sep 2021,1917,7410,81,3574099,3462534,240114,3814213,3702648,79.4872959761126,77.1623077870485,548
-7.6926,53.28823,2021/09/24 23:00:00+00,Sat 25 Sep 2021,2426,6618,53,3576525,3469152,240167,3816692,3709319,79.5389577492556,77.3013298478135,549
-7.6926,53.28823,2021/09/25 23:00:00+00,Sun 26 Sep 2021,1550,7102,0,3578075,3476254,240167,3818242,3716421,79.5712593823219,77.4493338465472,550
-7.6926,53.28823,2021/09/26 23:00:00+00,Mon 27 Sep 2021,1181,3845,45,3579256,3480099,240212,3819468,3720311,79.5968089320893,77.5304005256622,551
-7.6926,53.28823,2021/09/27 23:00:00+00,Tue 28 Sep 2021,1457,5163,93,3580713,3485262,240305,3821018,3725567,79.6291105651556,77.6399343214021,552
-7.6926,53.28823,2021/09/28 23:00:00+00,Wed 29 Sep 2021,1654,3639,80,3582367,3488901,240385,3822752,3729286,79.6652467146634,77.7174374009981,553
-7.6926,53.28823,2021/09/29 23:00:00+00,Thu 30 Sep 2021,1276,4000,78,3583643,3492901,240463,3824106,3733364,79.6934637541291,77.8024219556075,554
-7.6926,53.28823,2021/09/30 23:00:00+00,Fri 01 Oct 2021,1876,5210,42,3585519,3498111,240505,3826024,3738616,79.7334344200784,77.9118723922944,555
-7.6926,53.28823,2021/10/01 23:00:00+00,Sat 02 Oct 2021,1684,4111,41,3587203,3502222,240546,3827749,3742768,79.7693830117167,77.9983990893857,556
-7.6926,53.28823,2021/10/02 23:00:00+00,Sun 03 Oct 2021,1197,3025,9,3588400,3505247,240555,3828955,3745802,79.7945157662187,78.0616269311427,557
-7.6926,53.28823,2021/10/03 23:00:00+00,Mon 04 Oct 2021,350,1244,18,3588750,3506491,240573,3829323,3747064,79.8021847991016,78.0879267123877,558
-7.6926,53.28823,2021/10/04 23:00:00+00,Tue 05 Oct 2021,960,2845,70,3589710,3509336,240643,3830353,3749979,79.8236497552682,78.1486746223158,559
-7.6926,53.28823,2021/10/05 23:00:00+00,Wed 06 Oct 2021,974,2584,40,3590684,3511920,240683,3831367,3752603,79.8447812752226,78.2033581611326,560
-7.6926,53.28823,2021/10/06 23:00:00+00,Thu 07 Oct 2021,1215,2722,44,3591899,3514642,240727,3832626,3755369,79.8710185371778,78.2610009463337,561
-7.6926,53.28823,2021/10/07 23:00:00+00,Fri 08 Oct 2021,916,2764,48,3592815,3517406,240775,3833590,3758181,79.8911080689688,78.319602360645,562
-7.6926,53.28823,2021/10/08 23:00:00+00,Sat 09 Oct 2021,725,2373,23,3593540,3519779,240798,3834338,3760577,79.9066962118937,78.3695344334367,563
-7.6926,53.28823,2021/10/09 23:00:00+00,Sun 10 Oct 2021,1521,3930,3,3595061,3523709,240801,3835862,3764510,79.9384560111151,78.4514972223722,564
-7.6926,53.28823,2021/10/10 23:00:00+00,Mon 11 Oct 2021,335,1149,19,3595396,3524858,240820,3836216,3765678,79.9458332873122,78.4758380658699,565
-7.6926,53.28823,2021/10/11 23:00:00+00,Tue 12 Oct 2021,563,1633,21,3595959,3526491,240841,3836800,3767332,79.9580037090611,78.5103070343162,566
-7.6926,53.28823,2021/10/12 23:00:00+00,Wed 13 Oct 2021,991,2089,11,3596950,3528580,240852,3837802,3769432,79.9788851518562,78.5540705371803,567
-7.6926,53.28823,2021/10/13 23:00:00+00,Thu 14 Oct 2021,655,1621,9,3597605,3530201,240861,3838466,3771062,79.9927227546666,78.5880393513082,568
-7.6926,53.28823,2021/10/14 23:00:00+00,Fri 15 Oct 2021,957,2091,10,3598562,3532292,240871,3839433,3773163,80.0128748057474,78.6318236939356,569
-7.6926,53.28823,2021/10/15 23:00:00+00,Sat 16 Oct 2021,1384,2660,14,3599946,3534952,240885,3840831,3775837,80.0420087947969,78.6875492209159,570
-7.6926,53.28823,2021/10/16 23:00:00+00,Sun 17 Oct 2021,1708,2894,3,3601654,3537846,240888,3842542,3778734,80.0776656297495,78.7479220151051,571
-7.6926,53.28823,2021/10/17 23:00:00+00,Mon 18 Oct 2021,680,1268,6,3602334,3539114,240894,3843228,3780008,80.0919617073518,78.7744718735093,572
-7.6926,53.28823,2021/10/18 23:00:00+00,Tue 19 Oct 2021,1343,1817,13,3603677,3540931,240907,3844584,3781838,80.120220426344,78.8126086402909,573
-7.6926,53.28823,2021/10/19 23:00:00+00,Wed 20 Oct 2021,2263,2351,0,3605940,3543282,240907,3846847,3784189,80.1673808106209,78.8616029237354,574
-7.6926,53.28823,2021/10/20 23:00:00+00,Thu 21 Oct 2021,1731,1865,11,3607671,3545147,240918,3848589,3786065,80.2036836782349,78.9006983196274,575
-7.6926,53.28823,2021/10/21 23:00:00+00,Fri 22 Oct 2021,1509,1945,3,3609180,3547092,240921,3850101,3788013,80.235193400297,78.9412941784746,576
-7.6926,53.28823,2021/10/22 23:00:00+00,Sat 23 Oct 2021,2018,1716,1,3611198,3548808,240922,3852120,3789730,80.2772688823364,78.9770760520069,577
-7.6926,53.28823,2021/10/23 23:00:00+00,Sun 24 Oct 2021,1959,2192,2,3613157,3551000,240924,3854081,3791924,80.3181356581062,79.0227984926182,578
-7.6926,53.28823,2021/10/24 23:00:00+00,Mon 25 Oct 2021,1242,869,2,3614399,3551869,240926,3855325,3792795,80.3440603236123,79.0409499264252,579
-7.6926,53.28823,2021/10/25 23:00:00+00,Tue 26 Oct 2021,1247,1245,6,3615646,3553114,240932,3856578,3794046,80.3701725469879,79.0670204702743,580
-7.6926,53.28823,2021/10/26 23:00:00+00,Wed 27 Oct 2021,1569,1440,6,3617215,3554554,240938,3858153,3795492,80.402995174136,79.0971547679607,581
-7.6926,53.28823,2021/10/27 23:00:00+00,Thu 28 Oct 2021,2160,1711,5,3619375,3556265,240943,3860318,3797208,80.4481132616126,79.1329158017297,582
-7.6926,53.28823,2021/10/28 23:00:00+00,Fri 29 Oct 2021,2148,1383,3,3621523,3557648,240946,3862469,3798594,80.4929395924034,79.16179971362,583
-7.6926,53.28823,2021/10/29 23:00:00+00,Sat 30 Oct 2021,2021,1463,1,3623544,3559111,240947,3864491,3800058,80.5350775937326,79.1923091270452,584
-7.6926,53.28823,2021/10/30 23:00:00+00,Sun 31 Oct 2021,1601,1322,0,3625145,3560433,240947,3866092,3801380,80.5684420547256,79.2198592940864,585
-7.6926,53.28823,2021/11/01 00:00:00+00,Mon 01 Nov 2021,296,306,2,3625441,3560739,240949,3866390,3801688,80.5746523041797,79.2262779411731,586
-7.6926,53.28823,2021/11/02 00:00:00+00,Tue 02 Nov 2021,1100,1101,10,3626541,3561840,240959,3867500,3802799,80.5977844414079,79.2494309181645,587
-7.6926,53.28823,2021/11/03 00:00:00+00,Wed 03 Nov 2021,2540,1889,7,3629081,3563729,240966,3870047,3804695,80.650863318453,79.2889431093218,588
-7.6926,53.28823,2021/11/04 00:00:00+00,Thu 04 Nov 2021,1538,1297,2,3630619,3565026,240968,3871587,3805994,80.6829565538867,79.3160139618078,589
-7.6926,53.28823,2021/11/05 00:00:00+00,Fri 05 Nov 2021,1629,1109,4,3632248,3566135,240972,3873220,3807107,80.7169878873044,79.3392086183258,590
-7.6926,53.28823,2021/11/06 00:00:00+00,Sat 06 Nov 2021,1824,1366,6,3634072,3567501,240978,3875050,3808479,80.755124654086,79.3678007735303,591
-7.6926,53.28823,2021/11/07 00:00:00+00,Sun 07 Nov 2021,698,775,0,3634770,3568276,240978,3875748,3809254,80.7696708088475,79.3839515900635,592
-7.6926,53.28823,2021/11/08 00:00:00+00,Mon 08 Nov 2021,520,538,4,3635290,3568814,240982,3876272,3809796,80.7805908448002,79.3952467417551,593
-7.6926,53.28823,2021/11/09 00:00:00+00,Tue 09 Nov 2021,1374,1077,4,3636664,3569891,240986,3877650,3810877,80.8093080385844,79.4177745258485,594
-7.6926,53.28823,2021/11/10 00:00:00+00,Wed 10 Nov 2021,1604,1370,2,3638268,3571261,240988,3879256,3812249,80.8427766983938,79.446366681053,595
-7.6926,53.28823,2021/11/11 00:00:00+00,Thu 11 Nov 2021,1395,1129,2,3639663,3572390,240990,3880653,3813380,80.8718898476801,79.4699364533099,596
-7.6926,53.28823,2021/11/12 00:00:00+00,Fri 12 Nov 2021,1143,1162,6,3640806,3573552,240996,3881802,3814548,80.8958347356757,79.4942772968076,597
-7.6926,53.28823,2021/11/13 00:00:00+00,Sat 13 Nov 2021,1396,1386,0,3642202,3574938,240996,3883198,3815934,80.9249270451987,79.5231612086979,598
-7.6926,53.28823,2021/11/14 00:00:00+00,Sun 14 Nov 2021,1647,1808,1,3643849,3576746,240997,3884846,3817743,80.9592709750654,79.5608603404509,599
-7.6926,53.28823,2021/11/15 00:00:00+00,Mon 15 Nov 2021,1244,600,1,3645093,3577346,240998,3886091,3818344,80.9852164803349,79.5733850381753,600
-7.6926,53.28823,2021/11/16 00:00:00+00,Tue 16 Nov 2021,1319,1084,5,3646412,3578430,241003,3887415,3819433,81.0128083269025,79.5960795403749,601
-7.6926,53.28823,2021/11/17 00:00:00+00,Wed 17 Nov 2021,1503,1126,3,3647915,3579556,241006,3888921,3820562,81.0441930103851,79.6196076331051,602
-7.6926,53.28823,2021/11/18 00:00:00+00,Thu 18 Nov 2021,1641,2519,5,3649556,3582075,241011,3890567,3823086,81.0784952607252,79.6722071955951,603
-7.6926,53.28823,2021/11/19 00:00:00+00,Fri 19 Nov 2021,1166,1565,0,3650722,3583640,241011,3891733,3824651,81.1027944246965,79.7048214251105,604
-7.6926,53.28823,2021/05/23 23:00:00+00,Mon 24 May 2021,22570,8250,8453,1855302,751353,49348,1904650,800701,39.6924551095869,16.6864192889514,605
-7.6926,53.28823,2021/05/24 23:00:00+00,Tue 25 May 2021,30384,16528,3225,1885686,767881,52573,1938259,820454,40.3928587132822,17.0980671327966,606
-7.6926,53.28823,2022/07/21 23:00:00+00,Fri 22 Jul 2022,75,70,0,3857428,3811096,241171,4098599,4052267,85.4138328930239,84.4482849812619,607
-7.6926,53.28823,2021/05/25 23:00:00+00,Wed 26 May 2021,20001,25491,3055,1905687,793372,55628,1961315,849000,40.8733402952036,17.6929590150628,608
-7.6926,53.28823,2022/07/22 23:00:00+00,Sat 23 Jul 2022,99,175,0,3857527,3811271,241171,4098698,4052442,85.4158960295875,84.4519319398339,609
-7.6926,53.28823,2021/05/26 23:00:00+00,Thu 27 May 2021,17039,36069,550,1922726,829441,56178,1978904,885619,41.2398908913354,18.4560903061966,610
-7.6926,53.28823,2022/07/23 23:00:00+00,Sun 24 Jul 2022,108,230,0,3857635,3811501,241171,4098806,4052672,85.4181467240205,84.4567250853857,611
-7.6926,53.28823,2021/05/27 23:00:00+00,Fri 28 May 2021,27064,31851,1562,1949790,861292,57740,2007530,919032,41.8364499546631,19.1524093162911,612
-7.6926,53.28823,2022/07/24 23:00:00+00,Mon 25 Jul 2022,14,23,0,3857649,3811524,241171,4098820,4052695,85.4184384807062,84.4572043999409,613
-7.6926,53.28823,2021/05/28 23:00:00+00,Sat 29 May 2021,24509,7407,538,1974299,868699,58278,2032577,926977,42.3584235052524,19.3179812354604,614
-7.6926,53.28823,2022/07/25 23:00:00+00,Tue 26 Jul 2022,18,16,0,3857667,3811540,241171,4098838,4052711,85.4188135964451,84.4575378361532,615
-7.6926,53.28823,2021/05/29 23:00:00+00,Sun 30 May 2021,24273,1695,210,1998572,870394,58488,2057060,928882,42.8686434293581,19.3576809844871,616
-7.6926,53.28823,2022/07/26 23:00:00+00,Wed 27 Jul 2022,61,72,1,3857728,3811612,241172,4098900,4052784,85.4201056617677,84.4590591388718,617
-7.6926,53.28823,2021/05/30 23:00:00+00,Mon 31 May 2021,22618,7324,3445,2021190,877718,61933,2083123,939651,43.4117901794283,19.5821043951269,618
-7.6926,53.28823,2022/07/27 23:00:00+00,Thu 28 Jul 2022,49,71,0,3857777,3811683,241172,4098949,4052855,85.4211268101679,84.4605387620639,619
-7.6926,53.28823,2021/05/31 23:00:00+00,Tue 01 Jun 2021,27635,11542,3657,2048825,889260,65590,2114415,954850,44.0639080516301,19.8988479570467,620
-7.6926,53.28823,2022/07/28 23:00:00+00,Fri 29 Jul 2022,71,105,0,3857848,3811788,241172,4099020,4052960,85.42260643336,84.4627269372071,621
-7.6926,53.28823,2021/06/01 23:00:00+00,Wed 02 Jun 2021,18733,20925,4009,2067558,910185,69599,2137157,979784,44.5378459478852,20.4184666143866,622
-7.6926,53.28823,2022/07/29 23:00:00+00,Sat 30 Jul 2022,100,119,0,3857948,3811907,241172,4099120,4053079,85.4246904096868,84.4652068690361,623
-7.6926,53.28823,2021/06/02 23:00:00+00,Thu 03 Jun 2021,16719,30719,1978,2084277,940904,71577,2155854,1012481,44.9274870017187,21.0998643539809,624
-7.6926,53.28823,2022/07/30 23:00:00+00,Sun 31 Jul 2022,32,57,0,3857980,3811964,241172,4099152,4053136,85.4253572821114,84.4663947355424,625
-7.6926,53.28823,2021/06/03 23:00:00+00,Fri 04 Jun 2021,29023,23358,155,2113300,964262,71732,2185032,1035994,45.5355496143706,21.5898697077161,626
-7.6926,53.28823,2021/06/04 23:00:00+00,Sat 05 Jun 2021,20985,11512,35,2134285,975774,71767,2206052,1047541,45.9736014382771,21.8305064541789,627
-7.6926,53.28823,2021/06/05 23:00:00+00,Sun 06 Jun 2021,19969,3926,47,2154254,979700,71814,2226068,1051514,46.3907301398619,21.9133028336451,628
-7.6926,53.28823,2021/06/06 23:00:00+00,Mon 07 Jun 2021,19856,4614,47,2174110,984314,71861,2245971,1056175,46.8055039481974,22.0104369702402,629
-7.6926,53.28823,2021/06/07 23:00:00+00,Tue 08 Jun 2021,26441,18355,48,2200551,1002669,71909,2272460,1074578,47.35752843742,22.3939511336727,630
-7.6926,53.28823,2021/06/08 23:00:00+00,Wed 09 Jun 2021,32842,20140,177,2233393,1022809,72086,2305479,1094895,48.0456365807867,22.8173526040014,631
-7.6926,53.28823,2021/06/09 23:00:00+00,Thu 10 Jun 2021,27725,27515,273,2261118,1050324,72359,2333477,1122683,48.6291082727817,23.3964479457099,632
-7.6926,53.28823,2021/06/10 23:00:00+00,Fri 11 Jun 2021,26474,32919,44,2287592,1083243,72403,2359995,1155646,49.1817371151391,24.0833890623336,633
-7.6926,53.28823,2021/06/11 23:00:00+00,Sat 12 Jun 2021,12238,19739,105,2299830,1102982,72508,2372338,1175490,49.4389623131637,24.4969333246362,634
-7.6926,53.28823,2021/06/12 23:00:00+00,Sun 13 Jun 2021,8566,18186,835,2308396,1121168,73343,2381739,1194511,49.6348769276521,24.8933264617687,635
-7.6926,53.28823,2021/06/13 23:00:00+00,Mon 14 Jun 2021,16044,31324,55,2324440,1152492,73398,2397838,1225890,49.9703762765136,25.5472573933749,636
-7.6926,53.28823,2021/06/14 23:00:00+00,Tue 15 Jun 2021,14731,41606,206,2339171,1194098,73604,2412775,1267702,50.2816598204571,26.4186095751627,637
-7.6926,53.28823,2021/06/15 23:00:00+00,Wed 16 Jun 2021,13501,48412,220,2352672,1242510,73824,2426496,1316334,50.5676022122659,27.4320889424425,638
-7.6926,53.28823,2021/06/16 23:00:00+00,Thu 17 Jun 2021,21601,42711,535,2374273,1285221,74359,2448632,1359580,51.0289112119802,28.3333253447574,639
-7.6926,53.28823,2021/06/17 23:00:00+00,Fri 18 Jun 2021,12032,50043,555,2386305,1335264,74914,2461219,1410178,51.2912213122424,29.3877756866233,640
-7.6926,53.28823,2021/06/18 23:00:00+00,Sat 19 Jun 2021,6345,32828,434,2392650,1368092,75348,2467998,1443440,51.4324940674404,30.0809478924643,641
-7.6926,53.28823,2021/06/19 23:00:00+00,Sun 20 Jun 2021,8535,26156,178,2401185,1394248,75526,2476711,1469774,51.6140709247999,30.6297422183803,642
-7.6926,53.28823,2021/06/20 23:00:00+00,Mon 21 Jun 2021,15509,32363,575,2416694,1426611,76101,2492795,1502712,51.9492576772125,31.3161623409223,643
-7.6926,53.28823,2021/06/21 23:00:00+00,Tue 22 Jun 2021,15165,43578,723,2431859,1470189,76824,2508683,1547013,52.2803598360244,32.2393846934856,644
-7.6926,53.28823,2021/06/22 23:00:00+00,Wed 23 Jun 2021,20111,39417,886,2451970,1509606,77710,2529680,1587316,52.7179323453757,33.079289672501,645
-7.6926,53.28823,2021/06/23 23:00:00+00,Thu 24 Jun 2021,19050,44288,1033,2471020,1553894,78743,2549763,1632637,53.1364573110995,34.0237685835984,646
-7.6926,53.28823,2021/06/24 23:00:00+00,Fri 25 Jun 2021,15233,50144,844,2486253,1604038,79587,2565840,1683625,53.4714981851692,35.0863464331391,647
-7.6926,53.28823,2021/06/25 23:00:00+00,Sat 26 Jun 2021,9090,30595,513,2495343,1634633,80100,2575443,1714733,53.6716224318378,35.7346297888995,648
-7.6926,53.28823,2021/06/26 23:00:00+00,Sun 27 Jun 2021,8748,30495,59,2504091,1665128,80159,2584250,1745287,53.8551582269446,36.371367915809,649
-7.6926,53.28823,2021/06/27 23:00:00+00,Mon 28 Jun 2021,24257,24683,528,2528348,1689811,80687,2609035,1770498,54.3716717595575,36.8967591875743,650
-7.6926,53.28823,2021/06/28 23:00:00+00,Tue 29 Jun 2021,28167,31070,812,2556515,1720881,81499,2638014,1802380,54.975587259319,37.5611725201046,651
-7.6926,53.28823,2021/06/29 23:00:00+00,Wed 30 Jun 2021,22608,36900,593,2579123,1757781,82092,2661215,1839873,55.4590906069143,38.3425177643352,652
-7.6926,53.28823,2021/06/30 23:00:00+00,Thu 01 Jul 2021,15070,48334,644,2594193,1806115,82736,2676929,1888851,55.7865666469175,39.3632076897059,653
-7.6926,53.28823,2021/07/01 23:00:00+00,Fri 02 Jul 2021,13710,47297,819,2607903,1853412,83555,2691458,1936967,56.0893475674474,40.3659337391391,654
-7.6926,53.28823,2021/07/02 23:00:00+00,Sat 03 Jul 2021,9334,30503,506,2617237,1883915,84061,2701298,1967976,56.2944108380106,41.0121539583359,655
-7.6926,53.28823,2021/07/03 23:00:00+00,Sun 04 Jul 2021,6465,27796,233,2623702,1911711,84294,2707996,1996005,56.4339955723839,41.5962716829922,656
-7.6926,53.28823,2021/07/04 23:00:00+00,Mon 05 Jul 2021,15649,33488,5344,2639351,1945199,89638,2728989,2034837,56.8714847226821,42.4055213702394,657
-7.6926,53.28823,2021/07/05 23:00:00+00,Tue 06 Jul 2021,12417,48321,5490,2651768,1993520,95128,2746896,2088648,57.2446623635334,43.5269298714874,658
-7.6926,53.28823,2021/07/06 23:00:00+00,Wed 07 Jul 2021,19724,43782,5060,2671492,2037302,100188,2771680,2137490,57.761155056383,44.5447855890536,659
-7.6926,53.28823,2021/07/07 23:00:00+00,Thu 08 Jul 2021,17806,45628,6003,2689298,2082930,106191,2795489,2189121,58.2573289800457,45.620763406376,660
-7.6926,53.28823,2021/07/08 23:00:00+00,Fri 09 Jul 2021,13535,45120,6533,2702833,2128050,112724,2815557,2240774,58.6755413493205,46.6971996984903,661
-7.6926,53.28823,2021/07/09 23:00:00+00,Sat 10 Jul 2021,8662,23896,4365,2711495,2151946,117089,2828584,2269035,58.9470209454209,47.2861522482249,662
-7.6926,53.28823,2021/07/10 23:00:00+00,Sun 11 Jul 2021,15248,16135,2153,2726743,2168081,119242,2845985,2287323,59.3096536660582,47.6672698388815,663
-7.6926,53.28823,2021/07/11 23:00:00+00,Mon 12 Jul 2021,17136,31788,6095,2743879,2199869,125337,2869216,2325206,59.7937822065516,48.4567425907869,664
-7.6926,53.28823,2021/07/12 23:00:00+00,Tue 13 Jul 2021,20125,36595,8490,2764004,2236464,133827,2897831,2370291,60.3901120324834,49.3963033177528,665
-7.6926,53.28823,2021/07/13 23:00:00+00,Wed 14 Jul 2021,20809,35743,9335,2784813,2272207,143162,2927975,2415369,61.0183058564528,50.3357181663759,666
-7.6926,53.28823,2021/07/14 23:00:00+00,Thu 15 Jul 2021,23674,28867,9587,2808487,2301074,152749,2961236,2453823,61.7114572225305,51.1370904231076,667
-7.6926,53.28823,2021/07/15 23:00:00+00,Fri 16 Jul 2021,23532,27452,9169,2832019,2328526,161918,2993937,2490444,62.3929383211779,51.900263393768,668
-7.6926,53.28823,2021/07/16 23:00:00+00,Sat 17 Jul 2021,11522,19454,4678,2843541,2347980,166596,3010137,2514576,62.7305424861296,52.4031685609664,669
-7.6926,53.28823,2021/07/17 23:00:00+00,Sun 18 Jul 2021,16876,15842,1932,2860417,2363822,168528,3028945,2532350,63.1224967536859,52.773574513303,670
-7.6926,53.28823,2021/07/18 23:00:00+00,Mon 19 Jul 2021,24923,18471,6253,2885340,2382293,174781,3060121,2557074,63.7721972133485,53.2888168203564,671
-7.6926,53.28823,2021/07/19 23:00:00+00,Tue 20 Jul 2021,30613,18204,7700,2915953,2400497,182481,3098434,2582978,64.5706310634594,53.8286500480669,672
-7.6926,53.28823,2021/07/20 23:00:00+00,Wed 21 Jul 2021,30384,19863,6895,2946337,2420360,189376,3135713,2609736,65.3475165983505,54.3862804336088,673
-7.6926,53.28823,2021/07/21 23:00:00+00,Thu 22 Jul 2021,33558,15952,6938,2979895,2436312,196314,3176209,2632626,66.1914436516767,54.8633026148276,674
-7.6926,53.28823,2021/07/22 23:00:00+00,Fri 23 Jul 2021,27103,20866,5616,3006998,2457178,201930,3208928,2659108,66.8732998660628,55.4151812257073,675
-7.6926,53.28823,2021/07/23 23:00:00+00,Sat 24 Jul 2021,15453,14831,2277,3022451,2472009,204207,3226658,2676216,67.2427888688156,55.771707895707,676
-7.6926,53.28823,2021/07/24 23:00:00+00,Sun 25 Jul 2021,14746,13658,1046,3037197,2485667,205253,3242450,2690920,67.5718904103537,56.0781357748089,677
-7.6926,53.28823,2021/07/25 23:00:00+00,Mon 26 Jul 2021,23867,18335,3422,3061064,2504002,208675,3269739,2712677,68.1405867101912,56.5315465042443,678
-7.6926,53.28823,2021/07/26 23:00:00+00,Tue 27 Jul 2021,25540,23933,3672,3086604,2527935,212347,3298951,2740282,68.7493578747943,57.1068281692747,679
-7.6926,53.28823,2021/07/27 23:00:00+00,Wed 28 Jul 2021,23457,25319,3265,3110061,2553254,215612,3325673,2768866,69.3062380288585,57.7025119625451,680
-7.6926,53.28823,2021/07/28 23:00:00+00,Thu 29 Jul 2021,19303,27892,2966,3129364,2581146,218578,3347942,2799724,69.7703187170875,58.3455853774883,681
-7.6926,53.28823,2021/07/29 23:00:00+00,Fri 30 Jul 2021,21976,22972,2125,3151340,2604118,220703,3372043,2824821,70.2725778516246,58.868600916241,682
-7.6926,53.28823,2021/07/30 23:00:00+00,Sat 31 Jul 2021,13763,12510,907,3165103,2616628,221610,3386713,2838238,70.5782971787754,59.1482080200162,683
-7.6926,53.28823,2021/07/31 23:00:00+00,Sun 01 Aug 2021,11161,9363,369,3176264,2625991,221979,3398243,2847970,70.8185796492626,59.3510205961464,684
-7.6926,53.28823,2021/08/01 23:00:00+00,Mon 02 Aug 2021,15044,16066,431,3191308,2642057,222410,3413718,2864467,71.1410749858446,59.6948141707889,685
-7.6926,53.28823,2022/07/31 23:00:00+00,Mon 01 Aug 2022,10,15,0,3857990,3811979,241172,4099162,4053151,85.4255656797441,84.4667073319914,686
-7.6926,53.28823,2022/08/01 23:00:00+00,Tue 02 Aug 2022,36,30,0,3858026,3812009,241172,4099198,4053181,85.4263159112218,84.4673325248894,687
-7.6926,53.28823,2022/08/02 23:00:00+00,Wed 03 Aug 2022,93,139,0,3858119,3812148,241172,4099291,4053320,85.4282540092058,84.4702292519838,688
-7.6926,53.28823,2022/08/03 23:00:00+00,Thu 04 Aug 2022,45,53,0,3858164,3812201,241172,4099336,4053373,85.4291917985528,84.471333759437,689
-7.6926,53.28823,2022/08/04 23:00:00+00,Fri 05 Aug 2022,96,91,0,3858260,3812292,241172,4099432,4053464,85.4311924158266,84.4732301778945,690
-7.6926,53.28823,2022/08/05 23:00:00+00,Sat 06 Aug 2022,74,130,0,3858334,3812422,241172,4099506,4053594,85.4327345583085,84.4759393471194,691
-7.6926,53.28823,2022/08/06 23:00:00+00,Sun 07 Aug 2022,28,80,0,3858362,3812502,241172,4099534,4053674,85.43331807168,84.4776065281809,692
-7.6926,53.28823,2022/08/07 23:00:00+00,Mon 08 Aug 2022,11,15,0,3858373,3812517,241172,4099545,4053689,85.433547309076,84.4779191246299,693
-7.6926,53.28823,2022/08/08 23:00:00+00,Tue 09 Aug 2022,48,41,0,3858421,3812558,241172,4099593,4053730,85.4345476177129,84.4787735549239,694
-7.6926,53.28823,2022/08/09 23:00:00+00,Wed 10 Aug 2022,55,94,1,3858476,3812652,241173,4099649,4053825,85.4357146444559,84.4807533324344,695
-7.6926,53.28823,2022/08/10 23:00:00+00,Thu 11 Aug 2022,45,42,0,3858521,3812694,241173,4099694,4053867,85.436652433803,84.4816286024917,696
-7.6926,53.28823,2022/08/11 23:00:00+00,Fri 12 Aug 2022,69,75,0,3858590,3812769,241173,4099763,4053942,85.4380903774685,84.4831915847369,697
-7.6926,53.28823,2022/08/12 23:00:00+00,Sat 13 Aug 2022,103,151,0,3858693,3812920,241173,4099866,4054093,85.4402368730852,84.4863383889904,698
-7.6926,53.28823,2022/08/13 23:00:00+00,Sun 14 Aug 2022,17,26,0,3858710,3812946,241173,4099883,4054119,85.4405911490608,84.4868802228354,699
-7.6926,53.28823,2022/08/14 23:00:00+00,Mon 15 Aug 2022,7,11,0,3858717,3812957,241173,4099890,4054130,85.4407370274037,84.4871094602314,700
-7.6926,53.28823,2022/08/15 23:00:00+00,Tue 16 Aug 2022,41,28,0,3858758,3812985,241173,4099931,4054158,85.4415914576977,84.4876929736029,701
-7.6926,53.28823,2022/08/16 23:00:00+00,Wed 17 Aug 2022,51,58,0,3858809,3813043,241173,4099982,4054216,85.4426542856244,84.4889016798725,702
-7.6926,53.28823,2022/08/17 23:00:00+00,Thu 18 Aug 2022,55,39,0,3858864,3813082,241173,4100037,4054255,85.4438004726042,84.4897144306399,703
-7.6926,53.28823,2022/08/18 23:00:00+00,Fri 19 Aug 2022,74,56,0,3858938,3813138,241173,4100111,4054311,85.445342615086,84.490881457383,704
-7.6926,53.28823,2022/08/19 23:00:00+00,Sat 20 Aug 2022,109,127,1,3859047,3813265,241174,4100221,4054439,85.4476349890456,84.4935489470814,705
-7.6926,53.28823,2022/08/20 23:00:00+00,Sun 21 Aug 2022,39,36,0,3859086,3813301,241174,4100260,4054475,85.448447739813,84.494299178559,706
-7.6926,53.28823,2022/08/21 23:00:00+00,Mon 22 Aug 2022,12,13,0,3859098,3813314,241174,4100272,4054488,85.4486978169723,84.4945700954815,707
-7.6926,53.28823,2022/08/22 23:00:00+00,Tue 23 Aug 2022,78,73,0,3859176,3813387,241174,4100350,4054561,85.4503233185072,84.4960913982002,708
-7.6926,53.28823,2022/08/23 23:00:00+00,Wed 24 Aug 2022,53,56,0,3859229,3813443,241174,4100403,4054617,85.4514278259605,84.4972584249432,709
-7.6926,53.28823,2022/08/24 23:00:00+00,Thu 25 Aug 2022,40,49,0,3859269,3813492,241174,4100443,4054666,85.4522614164912,84.4982795733434,710
-7.6926,53.28823,2022/08/25 23:00:00+00,Fri 26 Aug 2022,99,90,0,3859368,3813582,241174,4100542,4054756,85.4543245530548,84.5001551520375,711
-7.6926,53.28823,2022/08/26 23:00:00+00,Sat 27 Aug 2022,86,119,0,3859454,3813701,241174,4100628,4054875,85.4561167726959,84.5026350838665,712
-7.6926,53.28823,2022/08/27 23:00:00+00,Sun 28 Aug 2022,44,21,0,3859498,3813722,241174,4100672,4054896,85.4570337222797,84.5030727188951,713
-7.6926,53.28823,2022/08/28 23:00:00+00,Mon 29 Aug 2022,14,12,0,3859512,3813734,241174,4100686,4054908,85.4573254789655,84.5033227960544,714
-7.6926,53.28823,2022/08/29 23:00:00+00,Tue 30 Aug 2022,41,44,1,3859553,3813778,241175,4100728,4054953,85.4582007490228,84.5042605854015,715
-7.6926,53.28823,2022/08/30 23:00:00+00,Wed 31 Aug 2022,28,29,0,3859581,3813807,241175,4100756,4054982,85.4587842623943,84.5048649385362,716
-7.6926,53.28823,2022/08/31 23:00:00+00,Thu 01 Sep 2022,35,30,0,3859616,3813837,241175,4100791,4055012,85.4595136541087,84.5054901314343,717
-7.6926,53.28823,2022/09/01 23:00:00+00,Fri 02 Sep 2022,49,51,0,3859665,3813888,241175,4100840,4055063,85.4605348025089,84.506552959361,718
-7.6926,53.28823,2022/09/02 23:00:00+00,Sat 03 Sep 2022,73,101,0,3859738,3813989,241175,4100913,4055164,85.4620561052275,84.5086577754511,719
-7.6926,53.28823,2022/09/03 23:00:00+00,Sun 04 Sep 2022,58,82,0,3859796,3814071,241175,4100971,4055246,85.4632648114971,84.5103666360392,720
-7.6926,53.28823,2022/09/04 23:00:00+00,Mon 05 Sep 2022,9,5,0,3859805,3814076,241175,4100980,4055251,85.4634523693665,84.5104708348555,721
-7.6926,53.28823,2022/09/05 23:00:00+00,Tue 06 Sep 2022,42,22,0,3859847,3814098,241175,4101022,4055273,85.4643276394237,84.5109293096474,722
-7.6926,53.28823,2022/09/06 23:00:00+00,Wed 07 Sep 2022,48,42,0,3859895,3814140,241175,4101070,4055315,85.4653279480606,84.5118045797047,723
-7.6926,53.28823,2022/09/07 23:00:00+00,Thu 08 Sep 2022,39,51,2,3859934,3814191,241177,4101111,4055368,85.4661823783547,84.5129090871579,724
-7.6926,53.28823,2022/09/08 23:00:00+00,Fri 09 Sep 2022,64,60,0,3859998,3814251,241177,4101175,4055428,85.4675161232039,84.514159472954,725
-7.6926,53.28823,2022/09/09 23:00:00+00,Sat 10 Sep 2022,94,135,0,3860092,3814386,241177,4101269,4055563,85.4694750609511,84.5169728409953,726
-7.6926,53.28823,2022/09/10 23:00:00+00,Sun 11 Sep 2022,58,58,0,3860150,3814444,241177,4101327,4055621,85.4706837672207,84.5181815472649,727
-7.6926,53.28823,2022/09/11 23:00:00+00,Mon 12 Sep 2022,13,13,0,3860163,3814457,241177,4101340,4055634,85.4709546841432,84.5184524641874,728
-7.6926,53.28823,2022/09/12 23:00:00+00,Tue 13 Sep 2022,29,25,0,3860192,3814482,241177,4101369,4055659,85.471559037278,84.5189734582691,729
-7.6926,53.28823,2022/09/13 23:00:00+00,Wed 14 Sep 2022,36,33,0,3860228,3814515,241177,4101405,4055692,85.4723092687556,84.519661170457,730
-7.6926,53.28823,2022/09/14 23:00:00+00,Thu 15 Sep 2022,51,36,0,3860279,3814551,241177,4101456,4055728,85.4733720966823,84.5204114019346,731
-7.6926,53.28823,2022/09/15 23:00:00+00,Fri 16 Sep 2022,38,56,0,3860317,3814607,241177,4101494,4055784,85.4741640076865,84.5215784286777,732
-7.6926,53.28823,2022/09/16 23:00:00+00,Sat 17 Sep 2022,67,149,0,3860384,3814756,241177,4101561,4055933,85.4755602718255,84.5246835534047,733
-7.6926,53.28823,2022/09/17 23:00:00+00,Sun 18 Sep 2022,30,53,0,3860414,3814809,241177,4101591,4055986,85.4761854647236,84.5257880608579,734
-7.6926,53.28823,2022/09/18 23:00:00+00,Mon 19 Sep 2022,11,11,0,3860425,3814820,241177,4101602,4055997,85.4764147021196,84.5260172982539,735
-7.6926,53.28823,2022/09/19 23:00:00+00,Tue 20 Sep 2022,39,37,0,3860464,3814857,241177,4101641,4056034,85.477227452887,84.5267883694948,736
-7.6926,53.28823,2022/09/20 23:00:00+00,Wed 21 Sep 2022,42,32,0,3860506,3814889,241177,4101683,4056066,85.4781027229443,84.5274552419194,737
-7.6926,53.28823,2022/09/21 23:00:00+00,Thu 22 Sep 2022,61,34,0,3860567,3814923,241177,4101744,4056100,85.4793739485037,84.5281637938706,738
-7.6926,53.28823,2022/09/22 23:00:00+00,Fri 23 Sep 2022,38,39,0,3860605,3814962,241177,4101782,4056139,85.4801658595079,84.528976544638,739
-7.6926,53.28823,2022/09/23 23:00:00+00,Sat 24 Sep 2022,56,104,0,3860661,3815066,241177,4101838,4056243,85.481332886251,84.531143880018,740
-7.6926,53.28823,2022/09/24 23:00:00+00,Sun 25 Sep 2022,42,75,0,3860703,3815141,241177,4101880,4056318,85.4822081563082,84.5327068622631,741
-7.6926,53.28823,2022/09/25 23:00:00+00,Mon 26 Sep 2022,24,10,0,3860727,3815151,241177,4101904,4056328,85.4827083106267,84.5329152598958,742
-7.6926,53.28823,2022/09/26 23:00:00+00,Tue 27 Sep 2022,30,33,2,3860757,3815184,241179,4101936,4056363,85.4833751830513,84.5336446516102,743
-7.6926,53.28823,2022/09/27 23:00:00+00,Wed 28 Sep 2022,43,28,0,3860800,3815212,241179,4101979,4056391,85.4842712928718,84.5342281649817,744
-7.6926,53.28823,2022/09/28 23:00:00+00,Thu 29 Sep 2022,31,23,0,3860831,3815235,241179,4102010,4056414,85.4849173255331,84.5347074795369,745
-7.6926,53.28823,2022/09/29 23:00:00+00,Fri 30 Sep 2022,39,58,0,3860870,3815293,241179,4102049,4056472,85.4857300763006,84.5359161858065,746
-7.6926,53.28823,2022/09/30 23:00:00+00,Sat 01 Oct 2022,54,105,0,3860924,3815398,241179,4102103,4056577,85.4868554235171,84.5381043609497,747
-7.6926,53.28823,2022/10/01 23:00:00+00,Sun 02 Oct 2022,26,47,0,3860950,3815445,241179,4102129,4056624,85.4873972573621,84.5390838298233,748
-7.6926,53.28823,2022/10/02 23:00:00+00,Mon 03 Oct 2022,22,1,0,3860972,3815446,241179,4102151,4056625,85.487855732154,84.5391046695866,749
-7.6926,53.28823,2022/10/03 23:00:00+00,Tue 04 Oct 2022,29,17,0,3861001,3815463,241179,4102180,4056642,85.4884600852888,84.5394589455622,750
-7.6926,53.28823,2022/10/04 23:00:00+00,Wed 05 Oct 2022,50,37,0,3861051,3815500,241179,4102230,4056679,85.4895020734523,84.5402300168031,751
-7.6926,53.28823,2022/10/05 23:00:00+00,Thu 06 Oct 2022,56,27,0,3861107,3815527,241179,4102286,4056706,85.4906691001953,84.5407926904114,752
-7.6926,53.28823,2022/10/06 23:00:00+00,Fri 07 Oct 2022,80,40,0,3861187,3815567,241179,4102366,4056746,85.4923362812568,84.5416262809421,753
-7.6926,53.28823,2022/10/07 23:00:00+00,Sat 08 Oct 2022,100,102,0,3861287,3815669,241179,4102466,4056848,85.4944202575836,84.5437519367955,754
-7.6926,53.28823,2022/10/08 23:00:00+00,Sun 09 Oct 2022,37,29,0,3861324,3815698,241179,4102503,4056877,85.4951913288246,84.5443562899303,755
-7.6926,53.28823,2022/10/09 23:00:00+00,Mon 10 Oct 2022,19,3,0,3861343,3815701,241179,4102522,4056880,85.4955872843267,84.5444188092201,756
-7.6926,53.28823,2022/10/10 23:00:00+00,Tue 11 Oct 2022,76,16,0,3861419,3815717,241179,4102598,4056896,85.4971711063351,84.5447522454324,757
-7.6926,53.28823,2022/10/11 23:00:00+00,Wed 12 Oct 2022,56,36,0,3861475,3815753,241179,4102654,4056932,85.4983381330781,84.5455024769101,758
-7.6926,53.28823,2022/10/12 23:00:00+00,Thu 13 Oct 2022,80,29,0,3861555,3815782,241179,4102734,4056961,85.5000053141396,84.5461068300448,759
