X,Y,VaccinationDate,VaccineText,Dose1,Dose2,SingleDose,Dose1Cum,Dose2Cum,SingleDoseCum,PartiallyVacc,FullyVacc,PartialPercent,FullyPercent,ObjectId
-7.6926,53.28823,2020/12/28 00:00:00+00,Mon 28 Dec 2020,134,15,6,134,15,6,140,21,0.00331124731375062,0.000496687097062593,1
-7.6926,53.28823,2020/12/29 00:00:00+00,Tue 29 Dec 2020,70,1,0,204,16,6,210,22,0.00496687097062593,0.000520338863589383,2
-7.6926,53.28823,2020/12/30 00:00:00+00,Wed 30 Dec 2020,1050,0,0,1254,16,6,1260,22,0.0298012258237556,0.000520338863589383,3
-7.6926,53.28823,2020/12/31 00:00:00+00,Thu 31 Dec 2020,1023,1,0,2277,17,6,2283,23,0.0539969829806618,0.000543990630116173,4
-7.6926,53.28823,2021/01/01 00:00:00+00,Fri 01 Jan 2021,802,0,0,3079,17,6,3085,23,0.0729656997351475,0.000543990630116173,5
-7.6926,53.28823,2021/01/02 00:00:00+00,Sat 02 Jan 2021,1010,0,0,4089,17,6,4095,23,0.0968539839272055,0.000543990630116173,6
-7.6926,53.28823,2021/01/03 00:00:00+00,Sun 03 Jan 2021,16,0,0,4105,17,6,4111,23,0.0972324121916342,0.000543990630116173,7
-7.6926,53.28823,2021/01/04 00:00:00+00,Mon 04 Jan 2021,1176,1,0,5281,18,6,5287,24,0.125046889627139,0.000567642396642963,8
-7.6926,53.28823,2021/01/05 00:00:00+00,Tue 05 Jan 2021,3503,3,0,8784,21,6,8790,27,0.207899027770485,0.000638597696223333,9
-7.6926,53.28823,2021/01/06 00:00:00+00,Wed 06 Jan 2021,6750,4,0,15534,25,6,15540,31,0.367548451826318,0.000733204762330494,10
-7.6926,53.28823,2021/01/07 00:00:00+00,Thu 07 Jan 2021,11705,3,0,27239,28,6,27245,34,0.644392379022397,0.000804160061910864,11
-7.6926,53.28823,2021/01/08 00:00:00+00,Fri 08 Jan 2021,12656,5,0,39895,33,6,39901,39,0.943729136185453,0.000922418894544815,12
-7.6926,53.28823,2021/01/09 00:00:00+00,Sat 09 Jan 2021,8063,2,0,47958,35,6,47964,41,1.13443332969096,0.000969722427598395,13
-7.6926,53.28823,2021/01/10 00:00:00+00,Sun 10 Jan 2021,4756,1,1,52714,36,7,52721,43,1.2469447830589,0.00101702596065198,14
-7.6926,53.28823,2021/01/11 00:00:00+00,Mon 11 Jan 2021,8322,3,0,61036,39,7,61043,46,1.44377478409485,0.00108798126023235,15
-7.6926,53.28823,2021/01/12 00:00:00+00,Tue 12 Jan 2021,8846,4,0,69882,43,7,69889,50,1.65299831079083,0.00118258832633951,16
-7.6926,53.28823,2021/01/13 00:00:00+00,Wed 13 Jan 2021,9854,3,0,79736,46,7,79743,53,1.88606281814582,0.00125354362591988,17
-7.6926,53.28823,2021/01/14 00:00:00+00,Thu 14 Jan 2021,8045,2,0,87781,48,7,87788,55,2.07634127985385,0.00130084715897346,18
-7.6926,53.28823,2021/01/15 00:00:00+00,Fri 15 Jan 2021,7647,2,0,95428,50,7,95435,57,2.25720633848421,0.00134815069202704,19
-7.6926,53.28823,2021/01/16 00:00:00+00,Sat 16 Jan 2021,5204,3,0,100632,53,7,100639,60,2.38029013148963,0.00141910599160741,20
-7.6926,53.28823,2021/01/17 00:00:00+00,Sun 17 Jan 2021,1101,4,0,101733,57,7,101740,64,2.40633072643563,0.00151371305771457,21
-7.6926,53.28823,2021/01/18 00:00:00+00,Mon 18 Jan 2021,8673,4,0,110406,61,7,110413,68,2.61146249752248,0.00160832012382173,22
-7.6926,53.28823,2021/01/19 00:00:00+00,Tue 19 Jan 2021,8351,15,0,118757,76,7,118764,83,2.8089783997877,0.00196309662172358,23
-7.6926,53.28823,2021/01/20 00:00:00+00,Wed 20 Jan 2021,8424,956,0,127181,1032,7,127188,1039,3.00822088100938,0.0245741854213349,24
-7.6926,53.28823,2021/01/21 00:00:00+00,Thu 21 Jan 2021,8953,956,0,136134,1988,7,136141,1995,3.21997514672373,0.0471852742209463,25
-7.6926,53.28823,2021/01/22 00:00:00+00,Fri 22 Jan 2021,6733,962,0,142867,2950,7,142874,2957,3.37922249074861,0.0699382736197184,26
-7.6926,53.28823,2021/01/23 00:00:00+00,Sat 23 Jan 2021,4153,456,0,147020,3406,7,147027,3413,3.47744827713437,0.0807234791559347,27
-7.6926,53.28823,2021/01/24 00:00:00+00,Sun 24 Jan 2021,1170,395,0,148190,3801,7,148197,3808,3.50512084397072,0.0900659269340168,28
-7.6926,53.28823,2021/01/25 00:00:00+00,Mon 25 Jan 2021,1330,1282,0,149520,5083,7,149527,5090,3.53657769345135,0.120387491621362,29
-7.6926,53.28823,2021/01/26 00:00:00+00,Tue 26 Jan 2021,980,3494,0,150500,8577,7,150507,8584,3.5597564246476,0.203026763865966,30
-7.6926,53.28823,2021/01/27 00:00:00+00,Wed 27 Jan 2021,2139,6693,0,152639,15270,7,152646,15277,3.6103475532484,0.361328037229773,31
-7.6926,53.28823,2021/01/28 00:00:00+00,Thu 28 Jan 2021,949,11535,0,153588,26805,7,153595,26812,3.63279307968233,0.634151164116297,32
-7.6926,53.28823,2021/01/29 00:00:00+00,Fri 29 Jan 2021,1535,11521,0,155123,38326,7,155130,38333,3.66909854130095,0.906643166271446,33
-7.6926,53.28823,2021/01/30 00:00:00+00,Sat 30 Jan 2021,605,7792,0,155728,46118,7,155735,46125,3.68340786004966,1.09093773104819,34
-7.6926,53.28823,2021/01/31 00:00:00+00,Sun 31 Jan 2021,204,4080,0,155932,50198,7,155939,50205,3.68823282042112,1.1874369384775,35
-7.6926,53.28823,2021/02/01 00:00:00+00,Mon 01 Feb 2021,976,8331,0,156908,58529,7,156915,58536,3.71131694455127,1.38447980541219,36
-7.6926,53.28823,2021/02/02 00:00:00+00,Tue 02 Feb 2021,802,5097,0,157710,63626,7,157717,63633,3.73028566130576,1.50503285939924,37
-7.6926,53.28823,2021/02/03 00:00:00+00,Wed 03 Feb 2021,1361,6857,0,159071,70483,7,159078,70490,3.76247571554872,1.66721302247344,38
-7.6926,53.28823,2021/02/04 00:00:00+00,Thu 04 Feb 2021,1387,10529,0,160458,81012,7,160465,81019,3.79528071572138,1.91624247223401,39
-7.6926,53.28823,2021/02/05 00:00:00+00,Fri 05 Feb 2021,3357,8600,0,163815,89612,7,163822,89619,3.87467969595181,2.1196476643644,40
-7.6926,53.28823,2021/02/06 00:00:00+00,Sat 06 Feb 2021,874,3861,0,164689,93473,7,164696,93480,3.89535133989623,2.21096713492434,41
-7.6926,53.28823,2021/02/07 00:00:00+00,Sun 07 Feb 2021,305,1295,0,164994,94768,7,165001,94775,3.9025651286869,2.24159617257653,42
-7.6926,53.28823,2021/02/08 00:00:00+00,Mon 08 Feb 2021,1124,869,0,166118,95637,7,166125,95644,3.92914971426301,2.26214955768831,43
-7.6926,53.28823,2021/02/09 00:00:00+00,Tue 09 Feb 2021,4206,527,0,170324,96164,7,170331,96171,4.02862904427469,2.27461403864793,44
-7.6926,53.28823,2021/02/10 00:00:00+00,Wed 10 Feb 2021,8789,574,0,179113,96738,7,179120,96745,4.23650442027865,2.28819015263431,45
-7.6926,53.28823,2021/02/11 00:00:00+00,Thu 11 Feb 2021,6137,432,0,185250,97170,7,185257,97177,4.38165531145356,2.29840771577388,46
-7.6926,53.28823,2021/02/12 00:00:00+00,Fri 12 Feb 2021,4354,515,0,189604,97685,7,189611,97692,4.4846351029112,2.31058837553518,47
-7.6926,53.28823,2021/02/13 00:00:00+00,Sat 13 Feb 2021,1184,1908,0,190788,99593,7,190795,99600,4.51263879447892,2.3557159460683,48
-7.6926,53.28823,2021/02/14 00:00:00+00,Sun 14 Feb 2021,2673,19,0,193461,99612,7,193468,99619,4.57585996640503,2.3561653296323,49
-7.6926,53.28823,2021/05/01 23:00:00+00,Sun 02 May 2021,12341,871,6,1204476,480128,131,1204607,480259,28.4910835205371,11.3589737403897,50
-7.6926,53.28823,2021/02/15 00:00:00+00,Mon 15 Feb 2021,1926,7865,0,195387,107477,7,195394,107484,4.62141326873563,2.54218647336551,51
-7.6926,53.28823,2021/02/16 00:00:00+00,Tue 16 Feb 2021,5599,8145,0,200986,115622,7,200993,115629,4.75383950951913,2.73483011172621,52
-7.6926,53.28823,2021/02/17 00:00:00+00,Wed 17 Feb 2021,9700,8457,0,210686,124079,7,210693,124086,4.98326164482899,2.93485310124328,53
-7.6926,53.28823,2021/02/18 00:00:00+00,Thu 18 Feb 2021,8432,8325,0,219118,132404,7,219125,132411,5.18269334018288,3.13175405757881,54
-7.6926,53.28823,2021/02/19 00:00:00+00,Fri 19 Feb 2021,9359,6568,0,228477,138972,7,228484,138979,5.40405022310711,3.28709886012676,55
-7.6926,53.28823,2021/02/20 00:00:00+00,Sat 20 Feb 2021,5855,3562,1,234332,142534,8,234340,142542,5.542554967888,3.37137010426172,56
-7.6926,53.28823,2021/02/21 00:00:00+00,Sun 21 Feb 2021,1089,1016,4,235421,143550,12,235433,143562,5.56840634870178,3.39549490611904,57
-7.6926,53.28823,2021/02/22 00:00:00+00,Mon 22 Feb 2021,3913,1098,1,239334,144648,13,239347,144661,5.66097936288763,3.42148819753199,58
-7.6926,53.28823,2021/02/23 00:00:00+00,Tue 23 Feb 2021,13326,1054,0,252660,145702,13,252673,145715,5.97616280362364,3.44641715945122,59
-7.6926,53.28823,2021/02/24 00:00:00+00,Wed 24 Feb 2021,16885,2083,2,269545,147785,15,269560,147800,6.37557018496154,3.49573109265958,60
-7.6926,53.28823,2021/02/25 00:00:00+00,Thu 25 Feb 2021,18014,1737,1,287559,149522,16,287575,149538,6.80165675894167,3.53683786288314,61
-7.6926,53.28823,2021/02/26 00:00:00+00,Fri 26 Feb 2021,16045,2748,0,303604,152270,16,303620,152286,7.18114935286402,3.60183291729876,62
-7.6926,53.28823,2021/02/27 00:00:00+00,Sat 27 Feb 2021,8945,697,1,312549,152967,17,312566,152984,7.39273805621268,3.61834185033446,63
-7.6926,53.28823,2021/02/28 00:00:00+00,Sun 28 Feb 2021,2419,46,1,314968,153013,18,314986,153031,7.44997533120751,3.61945348336122,64
-7.6926,53.28823,2021/03/01 00:00:00+00,Mon 01 Mar 2021,5539,775,0,320507,153788,18,320525,153806,7.5809824659994,3.63778360241948,65
-7.6926,53.28823,2021/03/02 00:00:00+00,Tue 02 Mar 2021,12128,1589,0,332635,155377,18,332653,155395,7.86783109043631,3.67536625943055,66
-7.6926,53.28823,2021/03/03 00:00:00+00,Wed 03 Mar 2021,12808,1489,1,345443,156866,19,345462,156885,8.17078656787797,3.71060739155547,67
-7.6926,53.28823,2021/03/04 00:00:00+00,Thu 04 Mar 2021,18664,1674,2,364107,158540,21,364128,158561,8.61227044186703,3.75024775225437,68
-7.6926,53.28823,2021/03/05 00:00:00+00,Fri 05 Mar 2021,18374,2378,5,382481,160918,26,382507,160944,9.04696625886291,3.80660991188771,69
-7.6926,53.28823,2021/03/06 00:00:00+00,Sat 06 Mar 2021,10377,123,0,392858,161041,26,392884,161067,9.29240064011141,3.8095190791705,70
-7.6926,53.28823,2021/03/07 00:00:00+00,Sun 07 Mar 2021,1485,7,1,394343,161048,27,394370,161075,9.32754716517022,3.80970829330272,71
-7.6926,53.28823,2021/03/08 00:00:00+00,Mon 08 Mar 2021,6598,1479,1,400941,162527,28,400969,162555,9.48362517248051,3.84471290776237,72
-7.6926,53.28823,2021/03/09 00:00:00+00,Tue 09 Mar 2021,13738,3083,2,414679,165610,30,414709,165640,9.8086004445586,3.91767860749752,73
-7.6926,53.28823,2021/03/10 00:00:00+00,Wed 10 Mar 2021,13650,3965,3,428329,169575,33,428362,169608,10.1315180129489,4.01152881707582,74
-7.6926,53.28823,2021/03/11 00:00:00+00,Thu 11 Mar 2021,18381,2079,1,446710,171654,34,446744,171688,10.5662847852443,4.06072449145154,75
-7.6926,53.28823,2021/03/12 00:00:00+00,Fri 12 Mar 2021,17246,1320,2,463956,172974,36,463992,173010,10.9742304542984,4.09199212679996,76
-7.6926,53.28823,2021/03/13 00:00:00+00,Sat 13 Mar 2021,8233,162,0,472189,173136,36,472225,173172,11.1689554481135,4.0958237129773,77
-7.6926,53.28823,2021/03/14 00:00:00+00,Sun 14 Mar 2021,342,12,1,472531,173148,37,472568,173185,11.1770680040322,4.09613118594215,78
-7.6926,53.28823,2021/03/15 00:00:00+00,Mon 15 Mar 2021,2572,975,0,475103,174123,37,475140,174160,11.2379003475391,4.11919165830577,79
-7.6926,53.28823,2021/03/16 00:00:00+00,Tue 16 Mar 2021,8865,3793,0,483968,177916,37,484005,177953,11.4475732577991,4.20890280874188,80
-7.6926,53.28823,2021/03/17 00:00:00+00,Wed 17 Mar 2021,4833,2395,6,488801,180311,43,488844,180354,11.5620241560222,4.2656907001727,81
-7.6926,53.28823,2021/03/18 00:00:00+00,Thu 18 Mar 2021,11634,4663,2,500435,184974,45,500480,185019,11.8372361113279,4.37602619102018,82
-7.6926,53.28823,2021/03/19 00:00:00+00,Fri 19 Mar 2021,10260,6097,1,510695,191071,46,510741,191117,12.0799268876593,4.52025466330055,83
-7.6926,53.28823,2021/03/20 00:00:00+00,Sat 20 Mar 2021,5154,3095,2,515849,194166,48,515897,194214,12.2018753958714,4.59350418423402,84
-7.6926,53.28823,2021/03/21 00:00:00+00,Sun 21 Mar 2021,3575,42,1,519424,194208,49,519473,194257,12.2864541129712,4.59452121019467,85
-7.6926,53.28823,2021/03/22 00:00:00+00,Mon 22 Mar 2021,7319,2376,0,526743,196584,49,526792,196633,12.4595613921808,4.65071780746232,86
-7.6926,53.28823,2021/03/23 00:00:00+00,Tue 23 Mar 2021,12478,7361,2,539221,203945,51,539272,203996,12.7547354384352,4.82486576439908,87
-7.6926,53.28823,2021/03/24 00:00:00+00,Wed 24 Mar 2021,13524,9744,0,552745,213689,51,552796,213740,13.0746019289435,5.05532857743612,88
-7.6926,53.28823,2021/03/25 00:00:00+00,Thu 25 Mar 2021,20770,10190,2,573515,223879,53,573568,223932,13.565896423238,5.29638738187716,89
-7.6926,53.28823,2021/03/26 00:00:00+00,Fri 26 Mar 2021,19606,9447,1,593121,233326,54,593175,233380,14.0296366095287,5.51984927202228,90
-7.6926,53.28823,2021/03/27 00:00:00+00,Sat 27 Mar 2021,11658,5308,0,604779,238634,54,604833,238688,14.305368903698,5.64539284874648,91
-7.6926,53.28823,2021/03/28 00:00:00+00,Sun 28 Mar 2021,2434,468,0,607213,239102,54,607267,239156,14.3629373034243,5.65646187548102,92
-7.6926,53.28823,2021/03/28 23:00:00+00,Mon 29 Mar 2021,9180,3079,3,616393,242181,57,616450,242238,14.5801314754398,5.72935661991658,93
-7.6926,53.28823,2021/03/29 23:00:00+00,Tue 30 Mar 2021,13246,8624,1,629639,250805,58,629697,250863,14.8934464266202,5.93335310621015,94
-7.6926,53.28823,2021/03/30 23:00:00+00,Wed 31 Mar 2021,15699,10438,1,645338,261243,59,645397,261302,15.2647791610908,6.18025389698331,95
-7.6926,53.28823,2021/03/31 23:00:00+00,Thu 01 Apr 2021,19585,11577,2,664923,272820,61,664984,272881,15.728046312051,6.45411770159701,96
-7.6926,53.28823,2021/04/01 23:00:00+00,Fri 02 Apr 2021,20048,13681,4,684971,286501,65,685036,286566,16.2023115344462,6.77779212651614,97
-7.6926,53.28823,2021/04/02 23:00:00+00,Sat 03 Apr 2021,7472,4606,0,692443,291107,65,692508,291172,16.3790375339344,6.88673216313853,98
-7.6926,53.28823,2021/04/03 23:00:00+00,Sun 04 Apr 2021,2964,159,0,695407,291266,65,695472,291331,16.4491413699198,6.89049279401629,99
-7.6926,53.28823,2021/04/04 23:00:00+00,Mon 05 Apr 2021,3366,580,2,698773,291846,67,698840,291913,16.528800519582,6.90425812213488,100
-7.6926,53.28823,2021/04/05 23:00:00+00,Tue 06 Apr 2021,11874,8117,5,710647,299963,72,710719,300035,16.8097598541537,7.09635776986547,101
-7.6926,53.28823,2021/04/06 23:00:00+00,Wed 07 Apr 2021,18233,10424,3,728880,310387,75,728955,310462,17.2410734685363,7.34297473944031,102
-7.6926,53.28823,2021/04/07 23:00:00+00,Thu 08 Apr 2021,20064,10523,5,748944,320910,80,749024,320990,17.7157407709624,7.59198053743436,103
-7.6926,53.28823,2021/04/08 23:00:00+00,Fri 09 Apr 2021,20600,9110,8,769544,330020,88,769632,330108,18.2031563755465,7.80763734462563,104
-7.6926,53.28823,2021/04/09 23:00:00+00,Sat 10 Apr 2021,11069,4134,6,780613,334154,94,780707,334248,18.4650996898307,7.90555565804654,105
-7.6926,53.28823,2021/04/10 23:00:00+00,Sun 11 Apr 2021,2797,331,1,783410,334485,95,783505,334580,18.5312773325727,7.91340804453344,106
-7.6926,53.28823,2021/04/11 23:00:00+00,Mon 12 Apr 2021,7688,2733,6,791098,337218,101,791199,337319,18.7132540242298,7.97819023305032,107
-7.6926,53.28823,2021/04/12 23:00:00+00,Tue 13 Apr 2021,11402,8537,0,802500,345755,101,802601,345856,18.9829314661683,8.18010536388952,108
-7.6926,53.28823,2021/04/13 23:00:00+00,Wed 14 Apr 2021,20248,6546,2,822748,352301,103,822851,352404,19.4618797383358,8.33497713110694,109
-7.6926,53.28823,2021/04/14 23:00:00+00,Thu 15 Apr 2021,27015,10736,1,849763,363037,104,849867,363141,20.1008558628235,8.58892614830509,110
-7.6926,53.28823,2021/04/15 23:00:00+00,Fri 16 Apr 2021,27872,9774,1,877635,372811,105,877740,372916,20.7601015512248,8.82012216610446,111
-7.6926,53.28823,2021/04/16 23:00:00+00,Sat 17 Apr 2021,15758,4505,1,893393,377316,106,893499,377422,21.1328297399204,8.92669702607418,112
-7.6926,53.28823,2021/04/17 23:00:00+00,Sun 18 Apr 2021,1012,443,0,894405,377759,106,894511,377865,21.1567653276456,8.93717475864555,113
-7.6926,53.28823,2021/04/18 23:00:00+00,Mon 19 Apr 2021,6665,2193,0,901070,379952,106,901176,380058,21.3144043515466,8.9890430826388,114
-7.6926,53.28823,2021/04/19 23:00:00+00,Tue 20 Apr 2021,14971,7247,0,916041,387199,106,916147,387305,21.6684949482192,9.16044743465845,115
-7.6926,53.28823,2021/04/20 23:00:00+00,Wed 21 Apr 2021,26585,9791,1,942626,396990,107,942733,397097,22.2973008131004,9.39204553248878,116
-7.6926,53.28823,2021/04/21 23:00:00+00,Thu 22 Apr 2021,31527,12120,0,974153,409110,107,974260,409217,23.0429700563905,9.67870494279347,117
-7.6926,53.28823,2021/04/22 23:00:00+00,Fri 23 Apr 2021,33483,12325,0,1007636,421435,107,1007743,421542,23.8349021550071,9.97021296523616,118
-7.6926,53.28823,2021/04/23 23:00:00+00,Sat 24 Apr 2021,23581,6948,0,1031217,428383,107,1031324,428490,24.3926344614753,10.1345454390643,119
-7.6926,53.28823,2021/04/24 23:00:00+00,Sun 25 Apr 2021,9693,257,1,1040910,428640,108,1041018,428748,24.621914686186,10.1406475948282,120
-7.6926,53.28823,2021/04/25 23:00:00+00,Mon 26 Apr 2021,15483,2989,1,1056393,431629,109,1056502,431738,24.9881386390868,10.2113663767433,121
-7.6926,53.28823,2021/04/26 23:00:00+00,Tue 27 Apr 2021,25807,7741,4,1082200,439370,113,1082313,439483,25.5986143849098,10.3945493084933,122
-7.6926,53.28823,2021/04/27 23:00:00+00,Wed 28 Apr 2021,25926,8526,3,1108126,447896,116,1108242,448012,26.2118810391829,10.5962752252003,123
-7.6926,53.28823,2021/04/28 23:00:00+00,Thu 29 Apr 2021,31594,11263,1,1139720,459159,117,1139837,459276,26.9591586025969,10.8626887233581,124
-7.6926,53.28823,2021/04/29 23:00:00+00,Fri 30 Apr 2021,35983,13465,1,1175703,472624,118,1175821,472742,27.8102437692969,11.1811834114078,125
-7.6926,53.28823,2021/04/30 23:00:00+00,Sat 01 May 2021,16432,6633,7,1192135,479257,125,1192260,479382,28.1990551592308,11.3382311411457,126
-7.6926,53.28823,2021/05/02 23:00:00+00,Mon 03 May 2021,14141,876,7,1218617,481004,138,1218755,481142,28.8257087133581,11.3798582502329,127
-7.6926,53.28823,2021/05/03 23:00:00+00,Tue 04 May 2021,26496,6715,1,1245113,487719,139,1245252,487858,29.4524095710184,11.5387035142268,128
-7.6926,53.28823,2021/05/04 23:00:00+00,Wed 05 May 2021,31930,13350,64,1277043,501069,203,1277246,501272,30.2091241892766,11.8559683104171,129
-7.6926,53.28823,2021/05/05 23:00:00+00,Thu 06 May 2021,37122,14301,121,1314165,515370,324,1314489,515694,31.0899869300338,12.1970740872665,130
-7.6926,53.28823,2021/05/06 23:00:00+00,Fri 07 May 2021,40428,14998,84,1354593,530368,408,1355001,530776,32.0481672955671,12.5537900300236,131
-7.6926,53.28823,2021/05/07 23:00:00+00,Sat 08 May 2021,25455,6976,4,1380048,537344,412,1380460,537756,32.6503176195727,12.7188793603805,132
-7.6926,53.28823,2021/05/08 23:00:00+00,Sun 09 May 2021,19581,878,1,1399629,538222,413,1400042,538635,33.1134665117003,12.7396692631576,133
-7.6926,53.28823,2021/05/09 23:00:00+00,Mon 10 May 2021,28656,4550,165,1428285,542772,578,1428863,543350,33.7951340747689,12.8511873423314,134
-7.6926,53.28823,2021/05/10 23:00:00+00,Tue 11 May 2021,33763,14735,145,1462048,557507,723,1462771,558230,34.5971181741593,13.20312562825,135
-7.6926,53.28823,2021/05/11 23:00:00+00,Wed 12 May 2021,31101,20850,149,1493149,578357,872,1494021,579229,35.3362358781215,13.6997890735461,136
-7.6926,53.28823,2021/05/12 23:00:00+00,Thu 13 May 2021,35831,25404,135,1528980,603761,1007,1529987,604768,36.186895313024,14.3038315388738,137
-7.6926,53.28823,2021/05/13 23:00:00+00,Fri 14 May 2021,38033,27887,223,1567013,631648,1230,1568243,632878,37.0917172932729,14.9686826959419,138
-7.6926,53.28823,2021/05/14 23:00:00+00,Sat 15 May 2021,28687,12375,5,1595700,644023,1235,1596935,645258,37.7703337784596,15.2614915655435,139
-7.6926,53.28823,2021/05/15 23:00:00+00,Sun 16 May 2021,23050,1126,4,1618750,645149,1239,1619989,646388,38.3156016039682,15.2882180617188,140
-7.6926,53.28823,2021/05/16 23:00:00+00,Mon 17 May 2021,35241,3884,108,1653991,649033,1347,1655338,650380,39.1516678989237,15.3826359136938,141
-7.6926,53.28823,2021/05/17 23:00:00+00,Tue 18 May 2021,38866,12399,112,1692857,661432,1459,1694316,662891,40.0735664546049,15.6785431647104,142
-7.6926,53.28823,2021/05/18 23:00:00+00,Wed 19 May 2021,36838,17506,195,1729695,678938,1654,1731349,680592,40.9494623243915,16.0972030840011,143
-7.6926,53.28823,2021/05/19 23:00:00+00,Thu 20 May 2021,38874,19590,112,1768569,698528,1766,1770335,700294,41.871550094205,16.563190188112,144
-7.6926,53.28823,2021/05/20 23:00:00+00,Fri 21 May 2021,25640,23148,14911,1794209,721676,16677,1810886,738353,42.8306528786329,17.4633527703551,145
-7.6926,53.28823,2021/05/21 23:00:00+00,Sat 22 May 2021,16433,10187,13492,1810642,731863,30169,1840811,762032,43.538431991947,18.0234029499429,146
-7.6926,53.28823,2021/05/22 23:00:00+00,Sun 23 May 2021,8109,5483,10195,1818751,737346,40364,1859115,777710,43.9713539264534,18.3942153455499,147
-7.6926,53.28823,2021/05/23 23:00:00+00,Mon 24 May 2021,22347,8129,8430,1841098,745475,48794,1889892,794269,44.6992843448484,18.7858649474671,148
-7.6926,53.28823,2021/05/24 23:00:00+00,Tue 25 May 2021,30094,16409,3210,1871192,761884,52004,1923196,813888,45.4869827772566,19.2498889549562,149
-7.6926,53.28823,2021/05/25 23:00:00+00,Wed 26 May 2021,19739,25327,3031,1890931,787211,55035,1945966,842246,46.0255335010717,19.9206057501229,150
-7.6926,53.28823,2021/05/26 23:00:00+00,Thu 27 May 2021,16796,35898,542,1907727,823109,55577,1963304,878686,46.4356078291132,20.7824761223591,151
-7.6926,53.28823,2021/05/27 23:00:00+00,Fri 28 May 2021,26809,31732,1520,1934536,854841,57097,1991633,911938,47.1056387230506,21.5689446629079,152
-7.6926,53.28823,2021/05/28 23:00:00+00,Sat 29 May 2021,24295,7334,503,1958831,862175,57600,2016431,919775,47.6921552293819,21.7543035571784,153
-7.6926,53.28823,2021/05/29 23:00:00+00,Sun 30 May 2021,24107,1622,192,1982938,863797,57792,2040730,921589,48.2668695042164,21.797207861658,154
-7.6926,53.28823,2021/05/30 23:00:00+00,Mon 31 May 2021,22325,7251,3413,2005263,871048,61205,2066468,932253,48.8756186710829,22.0494302998997,155
-7.6926,53.28823,2021/05/31 23:00:00+00,Tue 01 Jun 2021,27256,11403,3621,2032519,882451,64826,2097345,947277,49.6059142661306,22.4047744401982,156
-7.6926,53.28823,2021/06/01 23:00:00+00,Wed 02 Jun 2021,18427,20790,3972,2050946,903241,68798,2119744,972039,50.1356901845642,22.9904394829345,157
-7.6926,53.28823,2021/06/02 23:00:00+00,Thu 03 Jun 2021,16459,30584,1957,2067405,933825,70755,2138160,1004580,50.5712611169216,23.7600916174828,158
-7.6926,53.28823,2021/06/03 23:00:00+00,Fri 04 Jun 2021,28811,23242,123,2096216,957067,70878,2167094,1027945,51.2556013296077,24.3127151423813,159
-7.6926,53.28823,2021/06/04 23:00:00+00,Sat 05 Jun 2021,20743,11397,7,2116959,968464,70885,2187844,1039349,51.7463754850386,24.5824398878528,160
-7.6926,53.28823,2021/06/05 23:00:00+00,Sun 06 Jun 2021,19763,3835,9,2136722,972299,70894,2207616,1043193,52.2140182128063,24.6733572783818,161
-7.6926,53.28823,2021/06/06 23:00:00+00,Mon 07 Jun 2021,19589,4450,8,2156311,976749,70902,2227213,1047651,52.6775218814318,24.7787968535582,162
-7.6926,53.28823,2021/06/07 23:00:00+00,Tue 08 Jun 2021,26211,18209,18,2182522,994958,70920,2253442,1065878,53.297884065663,25.209897602042,163
-7.6926,53.28823,2021/06/08 23:00:00+00,Wed 09 Jun 2021,32557,19988,147,2215079,1014946,71067,2286146,1086013,54.0713914381551,25.6861259210589,164
-7.6926,53.28823,2021/06/09 23:00:00+00,Thu 10 Jun 2021,27457,27346,237,2242536,1042292,71304,2313840,1113596,54.7264034603481,26.3385125971674,165
-7.6926,53.28823,2021/06/10 23:00:00+00,Fri 11 Jun 2021,26235,32769,9,2268771,1075061,71313,2340084,1146374,55.3471204210771,27.1137702003825,166
-7.6926,53.28823,2021/06/11 23:00:00+00,Sat 12 Jun 2021,12012,19601,82,2280783,1094662,71395,2352178,1166057,55.6331648854521,27.5793079209293,167
-7.6926,53.28823,2021/06/12 23:00:00+00,Sun 13 Jun 2021,8424,18095,811,2289207,1112757,72206,2361413,1184963,55.851588949327,28.0264682188848,168
-7.6926,53.28823,2021/06/13 23:00:00+00,Mon 14 Jun 2021,15825,31155,15,2305032,1143912,72221,2377253,1216133,56.2262329311114,28.7636937815248,169
-7.6926,53.28823,2021/06/14 23:00:00+00,Tue 15 Jun 2021,14465,41358,185,2319497,1185270,72406,2391903,1257676,56.5727313107289,29.7462591183473,170
-7.6926,53.28823,2021/06/15 23:00:00+00,Wed 16 Jun 2021,13207,48175,194,2332704,1233445,72600,2405304,1306045,56.8896886339544,30.8902714134816,171
-7.6926,53.28823,2021/06/16 23:00:00+00,Thu 17 Jun 2021,21342,42479,502,2354046,1275924,73102,2427148,1349026,57.4063378219656,31.9068479905696,172
-7.6926,53.28823,2021/06/17 23:00:00+00,Fri 18 Jun 2021,11819,49888,526,2365865,1325812,73628,2439493,1399440,57.6983188797388,33.0992281482512,173
-7.6926,53.28823,2021/06/18 23:00:00+00,Sat 19 Jun 2021,6121,32649,406,2371986,1358461,74034,2446020,1432495,57.8526939598592,33.8810372907942,174
-7.6926,53.28823,2021/06/19 23:00:00+00,Sun 20 Jun 2021,8370,26050,162,2380356,1384511,74196,2454552,1458707,58.0544908318657,34.5009973949944,175
-7.6926,53.28823,2021/06/20 23:00:00+00,Mon 21 Jun 2021,15264,32162,538,2395620,1416673,74734,2470354,1491407,58.4282360465221,35.2744101604205,176
-7.6926,53.28823,2021/06/21 23:00:00+00,Tue 22 Jun 2021,14929,43365,687,2410549,1460038,75421,2485970,1535459,58.7975820326044,36.3163177794586,177
-7.6926,53.28823,2021/06/22 23:00:00+00,Wed 23 Jun 2021,19834,39176,855,2430383,1499214,76276,2506659,1575490,59.2869134302772,37.2631216452926,178
-7.6926,53.28823,2021/06/23 23:00:00+00,Thu 24 Jun 2021,18813,44077,1007,2449196,1543291,77283,2526479,1620574,59.7556914428382,38.3294378873864,179
-7.6926,53.28823,2021/06/24 23:00:00+00,Fri 25 Jun 2021,14963,49961,796,2464159,1593252,78079,2542238,1671331,60.1284196315339,39.5299306009867,180
-7.6926,53.28823,2021/06/25 23:00:00+00,Sat 26 Jun 2021,8834,30377,463,2472993,1623629,78542,2551535,1702171,60.3483101049334,40.2593510806729,181
-7.6926,53.28823,2021/06/26 23:00:00+00,Sun 27 Jun 2021,8602,30330,37,2481595,1653959,78579,2560174,1732538,60.5526377159584,40.9775842747919,182
-7.6926,53.28823,2021/06/27 23:00:00+00,Mon 28 Jun 2021,24029,24439,472,2505624,1678398,79051,2584675,1757449,61.1321296476313,41.5667734307408,183
-7.6926,53.28823,2021/06/28 23:00:00+00,Tue 29 Jun 2021,27913,30783,759,2533537,1709181,79810,2613347,1788991,61.8102730974874,42.3127974505288,184
-7.6926,53.28823,2021/06/29 23:00:00+00,Wed 30 Jun 2021,22312,36613,541,2555849,1745794,80351,2636200,1826145,62.3507869179241,43.1915551840651,185
-7.6926,53.28823,2021/06/30 23:00:00+00,Thu 01 Jul 2021,14650,48098,591,2570499,1793892,80942,2651441,1874834,62.7112634915589,44.343136044488,186
-7.6926,53.28823,2021/07/01 23:00:00+00,Fri 02 Jul 2021,13408,47045,782,2583907,1840937,81724,2665631,1922661,63.0468820585741,45.4743290821648,187
-7.6926,53.28823,2021/07/02 23:00:00+00,Sat 03 Jul 2021,9137,30260,467,2593044,1871197,82191,2675235,1953388,63.2740336242974,46.2010769122335,188
-7.6926,53.28823,2021/07/03 23:00:00+00,Sun 04 Jul 2021,6310,27669,204,2599354,1898866,82395,2681749,1981261,63.4281012314529,46.8603226006347,189
-7.6926,53.28823,2021/07/04 23:00:00+00,Mon 05 Jul 2021,15299,33167,5305,2614653,1932033,87700,2702353,2019733,63.9154222289709,47.7702533624534,190
-7.6926,53.28823,2021/07/05 23:00:00+00,Tue 06 Jul 2021,12158,48092,5445,2626811,1980125,93145,2719956,2073270,64.3317642751419,49.0364979869981,191
-7.6926,53.28823,2021/07/06 23:00:00+00,Wed 07 Jul 2021,19452,43481,5013,2646263,2023606,98158,2744421,2121764,64.9104047432199,50.1834667529483,192
-7.6926,53.28823,2021/07/07 23:00:00+00,Thu 08 Jul 2021,17565,45358,5951,2663828,2068964,104109,2767937,2173073,65.4665996848639,51.3970152416714,193
-7.6926,53.28823,2021/07/08 23:00:00+00,Fri 09 Jul 2021,13313,44850,6503,2677141,2113814,110612,2787753,2224426,65.9352830903587,52.6116044081216,194
-7.6926,53.28823,2021/07/09 23:00:00+00,Sat 10 Jul 2021,8441,23636,4324,2685582,2137450,114936,2800518,2252386,66.2371978900732,53.2729078002107,195
-7.6926,53.28823,2021/07/10 23:00:00+00,Sun 11 Jul 2021,15118,15978,2134,2700700,2153428,117070,2817770,2270498,66.6452381661934,53.7012885955439,196
-7.6926,53.28823,2021/07/11 23:00:00+00,Mon 12 Jul 2021,16943,31491,6044,2717643,2184919,123114,2840757,2308033,67.1889213233447,54.589057652127,197
-7.6926,53.28823,2021/07/12 23:00:00+00,Tue 13 Jul 2021,19913,36274,8453,2737556,2221193,131567,2869123,2352760,67.8598273326436,55.6469302135707,198
-7.6926,53.28823,2021/07/13 23:00:00+00,Wed 14 Jul 2021,20611,35412,9294,2758167,2256605,140861,2899028,2397466,68.5671334106273,56.7043060879174,199
-7.6926,53.28823,2021/07/14 23:00:00+00,Thu 15 Jul 2021,23417,28557,9531,2781584,2285162,150392,2931976,2435554,69.346411814152,57.6051545713898,200
-7.6926,53.28823,2021/07/15 23:00:00+00,Fri 16 Jul 2021,23388,27096,9127,2804972,2312258,159519,2964491,2471777,70.1154490027706,58.4618925102897,201
-7.6926,53.28823,2021/07/16 23:00:00+00,Sat 17 Jul 2021,11366,19191,4639,2816338,2331449,164158,2980496,2495607,70.4939955260318,59.0255141066231,202
-7.6926,53.28823,2021/07/17 23:00:00+00,Sun 18 Jul 2021,16749,15636,1909,2833087,2347085,166067,2999154,2513152,70.9352901858887,59.4404843503356,203
-7.6926,53.28823,2021/07/18 23:00:00+00,Mon 19 Jul 2021,24682,18152,6196,2857769,2365237,172263,3030032,2537500,71.6656094327029,60.0163575617299,204
-7.6926,53.28823,2021/07/19 23:00:00+00,Tue 20 Jul 2021,30388,17857,7656,2888157,2383094,179919,3068076,2563013,72.5654172384481,60.6197850811279,205
-7.6926,53.28823,2021/07/20 23:00:00+00,Wed 21 Jul 2021,30121,19546,6838,2918278,2402640,186757,3105035,2589397,73.4395628775118,61.2438132891708,206
-7.6926,53.28823,2021/07/21 23:00:00+00,Thu 22 Jul 2021,33342,15644,6889,2951620,2418284,193646,3145266,2611930,74.3910970966511,61.7767585443189,207
-7.6926,53.28823,2021/07/22 23:00:00+00,Fri 23 Jul 2021,26920,20519,5562,2978540,2438803,199208,3177748,2638011,75.1593537769742,62.3936202671041,208
-7.6926,53.28823,2021/07/23 23:00:00+00,Sat 24 Jul 2021,15316,14557,2235,2993856,2453360,201443,3195299,2654803,75.5744659312859,62.790780730622,209
-7.6926,53.28823,2021/07/24 23:00:00+00,Sun 25 Jul 2021,14634,13489,1017,3008490,2466849,202460,3210950,2669309,75.9446397291967,63.1338732558596,210
-7.6926,53.28823,2021/07/25 23:00:00+00,Mon 26 Jul 2021,23686,17894,3374,3032176,2484743,205834,3238010,2690577,76.5846565314117,63.6368990263514,211
-7.6926,53.28823,2021/07/26 23:00:00+00,Tue 27 Jul 2021,25314,23514,3622,3057490,2508257,209456,3266946,2717713,77.2690440476309,64.2787133628224,212
-7.6926,53.28823,2021/07/27 23:00:00+00,Wed 28 Jul 2021,23277,24970,3228,3080767,2533227,212684,3293451,2745911,77.8959341194234,64.9456458753448,213
-7.6926,53.28823,2021/07/28 23:00:00+00,Thu 29 Jul 2021,19134,27553,2925,3099901,2560780,215609,3315510,2776389,78.4176684372379,65.6665044155483,214
-7.6926,53.28823,2021/07/29 23:00:00+00,Fri 30 Jul 2021,21792,22613,2083,3121693,2583393,217692,3339385,2801085,78.982354363065,66.2506084416939,215
-7.6926,53.28823,2021/07/30 23:00:00+00,Sat 31 Jul 2021,13630,12229,886,3135323,2595622,218578,3353901,2814200,79.3256834059679,66.5608013596928,216
-7.6926,53.28823,2021/07/31 23:00:00+00,Sun 01 Aug 2021,10993,9165,355,3146316,2604787,218933,3365249,2823720,79.5940836525139,66.7859661770278,217
-7.6926,53.28823,2021/08/01 23:00:00+00,Mon 02 Aug 2021,14884,15695,397,3161200,2620482,219330,3380530,2839812,79.9555062968098,67.1665704039769,218
-7.6926,53.28823,2021/08/02 23:00:00+00,Tue 03 Aug 2021,17209,25153,1085,3178409,2645635,220415,3398824,2866050,80.3881917136509,67.7871454541068,219
-7.6926,53.28823,2021/08/03 23:00:00+00,Wed 04 Aug 2021,21963,16986,1555,3200372,2662621,221970,3422342,2884591,80.944433958828,68.22567285728,220
-7.6926,53.28823,2021/08/04 23:00:00+00,Thu 05 Aug 2021,13389,29767,1403,3213761,2692388,223373,3437134,2915761,81.2942908892922,68.9628984199201,221
-7.6926,53.28823,2021/08/05 23:00:00+00,Fri 06 Aug 2021,12042,24473,923,3225803,2716861,224296,3450099,2941157,81.6009360423121,69.5635586826345,222
-7.6926,53.28823,2021/08/06 23:00:00+00,Sat 07 Aug 2021,6263,8237,561,3232066,2725098,224857,3456923,2949955,81.7623356970909,69.7716469245372,223
-7.6926,53.28823,2021/08/07 23:00:00+00,Sun 08 Aug 2021,8552,11810,144,3240618,2736908,225001,3465619,2961909,81.9680114588078,70.0543801415984,224
-7.6926,53.28823,2021/08/08 23:00:00+00,Mon 09 Aug 2021,5443,22750,586,3246061,2759658,225587,3471648,2985245,82.1106079591979,70.6063177652676,225
-7.6926,53.28823,2021/08/09 23:00:00+00,Tue 10 Aug 2021,9222,25695,691,3255283,2785353,226278,3481561,3011631,82.3450679207779,71.2303932768435,226
-7.6926,53.28823,2021/08/10 23:00:00+00,Wed 11 Aug 2021,6907,30937,636,3262190,2816290,226914,3489104,3043204,82.5234731956895,71.9771505013938,227
-7.6926,53.28823,2021/08/11 23:00:00+00,Thu 12 Aug 2021,6654,38032,852,3268844,2854322,227766,3496610,3082088,82.7010033552396,72.8968257910215,228
-7.6926,53.28823,2021/08/12 23:00:00+00,Fri 13 Aug 2021,10811,27986,847,3279655,2882308,228613,3508268,3110921,82.9767356494089,73.5787771752885,229
-7.6926,53.28823,2021/08/13 23:00:00+00,Sat 14 Aug 2021,18048,5672,269,3297703,2887980,228882,3526585,3116862,83.4099650568801,73.7192923202241,230
-7.6926,53.28823,2021/08/14 23:00:00+00,Sun 15 Aug 2021,16958,3624,39,3314661,2891604,228921,3543582,3120525,83.811974132536,73.8059287410117,231
-7.6926,53.28823,2021/08/15 23:00:00+00,Mon 16 Aug 2021,10113,22916,359,3324774,2914520,229280,3554054,3143800,84.0596554316045,74.3564236069228,232
-7.6926,53.28823,2021/08/16 23:00:00+00,Tue 17 Aug 2021,12790,26649,515,3337564,2941169,229795,3567359,3170964,84.3743421852435,74.9989001928565,233
-7.6926,53.28823,2021/08/17 23:00:00+00,Wed 18 Aug 2021,15146,25539,646,3352710,2966708,230441,3583151,3197149,84.7478508822345,75.6182216993605,234
-7.6926,53.28823,2021/08/18 23:00:00+00,Thu 19 Aug 2021,11300,25491,526,3364010,2992199,230967,3594977,3223166,85.0275566731804,76.233569709088,235
-7.6926,53.28823,2021/08/19 23:00:00+00,Fri 20 Aug 2021,14759,22048,670,3378769,3014247,231637,3610406,3245884,85.3924797789222,76.7708905410436,236
-7.6926,53.28823,2021/08/20 23:00:00+00,Sat 21 Aug 2021,11807,7832,230,3390576,3022079,231867,3622443,3253946,85.6771760926052,76.9615710827826,237
-7.6926,53.28823,2021/08/21 23:00:00+00,Sun 22 Aug 2021,7986,12172,156,3398562,3034251,232023,3630585,3266274,85.8697487756663,77.2531500605249,238
-7.6926,53.28823,2021/08/22 23:00:00+00,Mon 23 Aug 2021,10807,15174,273,3409369,3049425,232296,3641665,3281721,86.1318103487831,77.6184988980642,239
-7.6926,53.28823,2021/08/23 23:00:00+00,Tue 24 Aug 2021,9650,22729,372,3419019,3072154,232668,3651687,3304822,86.3688483529146,78.1648783565996,240
-7.6926,53.28823,2021/08/24 23:00:00+00,Wed 25 Aug 2021,9353,19297,306,3428372,3091451,232974,3661346,3324425,86.5973007657969,78.6285239358242,241
-7.6926,53.28823,2021/08/25 23:00:00+00,Thu 26 Aug 2021,8519,19250,358,3436891,3110701,233332,3670223,3344033,86.8072574972552,79.0922877738815,242
-7.6926,53.28823,2021/08/26 23:00:00+00,Fri 27 Aug 2021,9658,19045,426,3446549,3129746,233758,3680307,3363504,87.0457619109114,79.5528113199247,243
-7.6926,53.28823,2021/08/27 23:00:00+00,Sat 28 Aug 2021,9883,7789,146,3456432,3137535,233904,3690336,3371439,87.2829654774086,79.7404880873148,244
-7.6926,53.28823,2021/08/28 23:00:00+00,Sun 29 Aug 2021,8784,9132,24,3465216,3146667,233928,3699144,3380595,87.4912902369765,79.957043661634,245
-7.6926,53.28823,2021/08/29 23:00:00+00,Mon 30 Aug 2021,5020,10973,78,3470236,3157640,234006,3704242,3391646,87.6118669427301,80.2184193335216,246
-7.6926,53.28823,2021/08/30 23:00:00+00,Tue 31 Aug 2021,4015,12706,135,3474251,3170346,234141,3708392,3404487,87.7100217738163,80.5221316674921,247
-7.6926,53.28823,2021/08/31 23:00:00+00,Wed 01 Sep 2021,4900,12392,174,3479151,3182738,234315,3713466,3417053,87.8300308371732,80.8193397656677,248
-7.6926,53.28823,2021/09/01 23:00:00+00,Thu 02 Sep 2021,4966,12252,243,3484117,3194990,234558,3718675,3429548,87.9532328890112,81.11486858842,249
-7.6926,53.28823,2021/09/02 23:00:00+00,Fri 03 Sep 2021,4722,15904,159,3488839,3210894,234717,3723556,3445611,88.0686771614285,81.4947869141398,250
-7.6926,53.28823,2021/09/03 23:00:00+00,Sat 04 Sep 2021,4601,10513,129,3493440,3221407,234846,3728286,3456253,88.1805500171002,81.7464890135179,251
-7.6926,53.28823,2021/09/04 23:00:00+00,Sun 05 Sep 2021,5291,11842,1,3498731,3233249,234847,3733578,3468096,88.30571516556,82.0265968844947,252
-7.6926,53.28823,2021/09/05 23:00:00+00,Mon 06 Sep 2021,2113,9578,68,3500844,3242827,234915,3735759,3477742,88.3572996683549,82.2547418244121,253
-7.6926,53.28823,2021/09/06 23:00:00+00,Tue 07 Sep 2021,2999,9900,138,3503843,3252727,235053,3738896,3487780,88.4314952599495,82.492158256808,254
-7.6926,53.28823,2021/09/07 23:00:00+00,Wed 08 Sep 2021,2572,14693,181,3506415,3267420,235234,3741649,3502654,88.4966085731977,82.8439546321275,255
-7.6926,53.28823,2021/09/08 23:00:00+00,Thu 09 Sep 2021,3077,14699,135,3509492,3282119,235369,3744861,3517488,88.5725780472818,83.1948049367859,256
-7.6926,53.28823,2021/09/09 23:00:00+00,Fri 10 Sep 2021,3351,13862,109,3512843,3295981,235478,3748321,3531459,88.6544131594645,83.5252437669317,257
-7.6926,53.28823,2021/09/10 23:00:00+00,Sat 11 Sep 2021,2537,11245,57,3515380,3307226,235535,3750915,3542761,88.715765841835,83.7925560322175,258
-7.6926,53.28823,2021/09/11 23:00:00+00,Sun 12 Sep 2021,2023,12847,0,3517403,3320073,235535,3752938,3555608,88.7636133655187,84.0964102767872,259
-7.6926,53.28823,2021/09/12 23:00:00+00,Mon 13 Sep 2021,1572,7655,46,3518975,3327728,235581,3754556,3563309,88.801881923759,84.27855253081,260
-7.6926,53.28823,2021/09/13 23:00:00+00,Tue 14 Sep 2021,1519,10685,79,3520494,3338413,235660,3756154,3574073,88.8396774466688,84.5331401457044,261
-7.6926,53.28823,2021/09/14 23:00:00+00,Wed 15 Sep 2021,3246,12330,131,3523740,3350743,235791,3759531,3586534,88.9195494622298,84.8278648083947,262
-7.6926,53.28823,2021/09/15 23:00:00+00,Thu 16 Sep 2021,1882,10525,110,3525622,3361268,235901,3761523,3597169,88.9666637811511,85.0794013454071,263
-7.6926,53.28823,2021/09/16 23:00:00+00,Fri 17 Sep 2021,2537,14524,89,3528159,3375792,235990,3764149,3611782,89.0287733200505,85.4250246096631,264
-7.6926,53.28823,2021/09/17 23:00:00+00,Sat 18 Sep 2021,2273,11175,41,3530432,3386967,236031,3766463,3622998,89.0835035077935,85.6903028230276,265
-7.6926,53.28823,2021/09/18 23:00:00+00,Sun 19 Sep 2021,1854,8462,11,3532286,3395429,236042,3768328,3631471,89.127614052366,85.890704240809,266
-7.6926,53.28823,2021/09/19 23:00:00+00,Mon 20 Sep 2021,948,5557,31,3533234,3400986,236073,3769307,3637059,89.1507691317957,86.0228703121607,267
-7.6926,53.28823,2021/09/20 23:00:00+00,Tue 21 Sep 2021,1443,6595,89,3534677,3407581,236162,3770839,3643743,89.1870036381147,86.1809587196258,268
-7.6926,53.28823,2021/09/21 23:00:00+00,Wed 22 Sep 2021,1884,8076,94,3536561,3415657,236256,3772817,3651913,89.2337868323047,86.3741936521497,269
-7.6926,53.28823,2021/09/22 23:00:00+00,Thu 23 Sep 2021,1678,8697,85,3538239,3424354,236341,3774580,3660695,89.2754848966915,86.581903465788,270
-7.6926,53.28823,2021/09/23 23:00:00+00,Fri 24 Sep 2021,1900,7317,79,3540139,3431671,236420,3776559,3668091,89.322291742648,86.7568319310201,271
-7.6926,53.28823,2021/09/24 23:00:00+00,Sat 25 Sep 2021,2400,6544,50,3542539,3438215,236470,3779009,3674685,89.3802385706386,86.9127916794977,272
-7.6926,53.28823,2021/09/25 23:00:00+00,Sun 26 Sep 2021,1536,7081,0,3544075,3445296,236470,3780545,3681766,89.4165676840237,87.0802698382739,273
-7.6926,53.28823,2021/09/26 23:00:00+00,Mon 27 Sep 2021,1165,3711,45,3545240,3449007,236515,3781755,3685522,89.4451863215212,87.1691058733486,274
-7.6926,53.28823,2021/09/27 23:00:00+00,Tue 28 Sep 2021,1436,5054,91,3546676,3454061,236606,3783282,3690667,89.4813025690076,87.2907942121289,275
-7.6926,53.28823,2021/09/28 23:00:00+00,Wed 29 Sep 2021,1637,3541,73,3548313,3457602,236679,3784992,3694281,89.5217470897684,87.3762716963567,276
-7.6926,53.28823,2021/09/29 23:00:00+00,Thu 30 Sep 2021,1266,3887,77,3549579,3461489,236756,3786335,3698245,89.5535114122139,87.4700272988689,277
-7.6926,53.28823,2021/09/30 23:00:00+00,Fri 01 Oct 2021,1832,5100,38,3551411,3466589,236794,3788205,3703383,89.597740215619,87.5915500752836,278
-7.6926,53.28823,2021/10/01 23:00:00+00,Sat 02 Oct 2021,1704,4035,39,3553115,3470624,236833,3789948,3707457,89.6389652446752,87.6879073721137,279
-7.6926,53.28823,2021/10/02 23:00:00+00,Sun 03 Oct 2021,1204,2990,9,3554319,3473614,236842,3791161,3710456,89.6676548374722,87.7588390199276,280
-7.6926,53.28823,2021/10/03 23:00:00+00,Mon 04 Oct 2021,331,1158,16,3554650,3474772,236858,3791508,3711630,89.6758620004569,87.78660619383,281
-7.6926,53.28823,2021/10/04 23:00:00+00,Tue 05 Oct 2021,957,2755,68,3555607,3477527,236926,3792533,3714453,89.7001050611469,87.8533751307351,282
-7.6926,53.28823,2021/10/05 23:00:00+00,Wed 06 Oct 2021,978,2499,34,3556585,3480026,236960,3793545,3716986,89.724040648872,87.9132850553475,283
-7.6926,53.28823,2021/10/06 23:00:00+00,Thu 07 Oct 2021,1205,2631,41,3557790,3482657,237001,3794791,3719658,89.7535107499644,87.9764825755071,284
-7.6926,53.28823,2021/10/07 23:00:00+00,Fri 08 Oct 2021,976,2686,43,3558766,3485343,237044,3795810,3722387,89.7776119000552,88.0410282463587,285
-7.6926,53.28823,2021/10/08 23:00:00+00,Sat 09 Oct 2021,729,2317,19,3559495,3487660,237063,3796558,3724723,89.7953034214172,88.0962787729653,286
-7.6926,53.28823,2021/10/09 23:00:00+00,Sun 10 Oct 2021,1529,3889,0,3561024,3491549,237063,3798087,3728612,89.8314669724367,88.188260492988,287
-7.6926,53.28823,2021/10/10 23:00:00+00,Mon 11 Oct 2021,328,1065,12,3561352,3492614,237075,3798427,3729689,89.8395085730558,88.2137334455373,288
-7.6926,53.28823,2021/10/11 23:00:00+00,Tue 12 Oct 2021,561,1564,20,3561913,3494178,237095,3799008,3731273,89.8532502494079,88.2511978437157,289
-7.6926,53.28823,2021/10/12 23:00:00+00,Wed 13 Oct 2021,1025,1979,9,3562938,3496157,237104,3800042,3733261,89.8777061759966,88.298217555571,290
-7.6926,53.28823,2021/10/13 23:00:00+00,Thu 14 Oct 2021,696,1518,7,3563634,3497675,237111,3800745,3734786,89.8943333678649,88.3342864995244,291
-7.6926,53.28823,2021/10/14 23:00:00+00,Fri 15 Oct 2021,950,1997,5,3564584,3499672,237116,3801700,3736788,89.916920804898,88.381637336111,292
-7.6926,53.28823,2021/10/15 23:00:00+00,Sat 16 Oct 2021,1376,2590,11,3565960,3502262,237127,3803087,3739389,89.9497258050707,88.4431555808472,293
-7.6926,53.28823,2021/10/16 23:00:00+00,Sun 17 Oct 2021,1709,2875,2,3567669,3505137,237129,3804798,3742266,89.990193977598,88.5112017131447,294
-7.6926,53.28823,2021/10/17 23:00:00+00,Mon 18 Oct 2021,668,1171,3,3568337,3506308,237132,3805469,3743440,90.0060643129375,88.5389688870472,295
-7.6926,53.28823,2021/10/18 23:00:00+00,Tue 19 Oct 2021,1328,1730,10,3569665,3508038,237142,3806807,3745180,90.0377103765503,88.5801229608038,296
-7.6926,53.28823,2021/10/19 23:00:00+00,Wed 20 Oct 2021,2245,2255,0,3571910,3510293,237142,3809052,3747435,90.090808592403,88.6334576943217,297
-7.6926,53.28823,2021/10/20 23:00:00+00,Thu 21 Oct 2021,1753,1768,8,3573663,3512061,237150,3810813,3749211,90.1324593532566,88.6754632316733,298
-7.6926,53.28823,2021/10/21 23:00:00+00,Fri 22 Oct 2021,1491,1878,1,3575154,3513939,237151,3812305,3751090,90.1677477889146,88.7199049009772,299
-7.6926,53.28823,2021/10/22 23:00:00+00,Sat 23 Oct 2021,2006,1662,0,3577160,3515601,237151,3814311,3752752,90.2151932325673,88.7592141369447,300
-7.6926,53.28823,2021/10/23 23:00:00+00,Sun 24 Oct 2021,1943,2171,0,3579103,3517772,237151,3816254,3754923,90.2611486149289,88.8105621220743,301
-7.6926,53.28823,2021/10/24 23:00:00+00,Mon 25 Oct 2021,1214,807,0,3580317,3518579,237151,3817468,3755730,90.2898618594924,88.8296490976615,302
-7.6926,53.28823,2021/10/25 23:00:00+00,Tue 26 Oct 2021,1237,1164,5,3581554,3519743,237156,3818710,3756899,90.3192373535187,88.8572980127313,303
-7.6926,53.28823,2021/10/26 23:00:00+00,Wed 27 Oct 2021,1553,1384,4,3583107,3521127,237160,3820267,3758287,90.3560631540009,88.8901266646705,304
-7.6926,53.28823,2021/10/27 23:00:00+00,Thu 28 Oct 2021,2139,1640,2,3585246,3522767,237162,3822408,3759929,90.4067015861348,88.9289628653075,305
-7.6926,53.28823,2021/10/28 23:00:00+00,Fri 29 Oct 2021,2130,1314,0,3587376,3524081,237162,3824538,3761243,90.4570798488368,88.9600412865236,306
-7.6926,53.28823,2021/10/29 23:00:00+00,Sat 30 Oct 2021,1999,1420,0,3589375,3525501,237162,3826537,3762663,90.5043597301239,88.9936267949917,307
-7.6926,53.28823,2021/10/30 23:00:00+00,Sun 31 Oct 2021,1628,1310,0,3591003,3526811,237162,3828165,3763973,90.5428648060295,89.0246106091418,308
-7.6926,53.28823,2021/11/01 00:00:00+00,Mon 01 Nov 2021,256,243,0,3591259,3527054,237162,3828421,3764216,90.5489196582603,89.0303579884078,309
-7.6926,53.28823,2021/11/02 00:00:00+00,Tue 02 Nov 2021,1086,1054,9,3592345,3528108,237171,3829516,3765279,90.5748183426072,89.0554998162258,310
-7.6926,53.28823,2021/11/03 00:00:00+00,Wed 03 Nov 2021,2535,1788,5,3594880,3529896,237176,3832056,3767072,90.6348938295852,89.0979074336083,311
-7.6926,53.28823,2021/11/04 00:00:00+00,Thu 04 Nov 2021,1552,1220,0,3596432,3531116,237176,3833608,3768292,90.6716013712348,89.126762588771,312
-7.6926,53.28823,2021/11/05 00:00:00+00,Fri 05 Nov 2021,1632,1011,0,3598064,3532127,237176,3835240,3769303,90.7102010542065,89.1506745247296,313
-7.6926,53.28823,2021/11/06 00:00:00+00,Sat 06 Nov 2021,1822,1318,5,3599886,3533445,237181,3837067,3770626,90.753412831651,89.1819658118445,314
-7.6926,53.28823,2021/11/07 00:00:00+00,Sun 07 Nov 2021,730,765,0,3600616,3534210,237181,3837797,3771391,90.7706786212155,89.2000594132375,315
-7.6926,53.28823,2021/11/08 00:00:00+00,Mon 08 Nov 2021,509,488,1,3601125,3534698,237182,3838307,3771880,90.7827410221442,89.2116251270691,316
-7.6926,53.28823,2021/11/09 00:00:00+00,Tue 09 Nov 2021,1378,993,1,3602503,3535691,237183,3839686,3772874,90.8153568081846,89.2351349829967,317
-7.6926,53.28823,2021/11/10 00:00:00+00,Wed 10 Nov 2021,1623,1297,0,3604126,3536988,237183,3841309,3774171,90.8537436252576,89.265811324182,318
-7.6926,53.28823,2021/11/11 00:00:00+00,Thu 11 Nov 2021,1405,1049,1,3605531,3538037,237184,3842715,3775221,90.8869980089943,89.2906456790351,319
-7.6926,53.28823,2021/11/12 00:00:00+00,Fri 12 Nov 2021,1152,1078,5,3606683,3539115,237189,3843872,3776304,90.9143631028658,89.3162605421836,320
-7.6926,53.28823,2021/11/13 00:00:00+00,Sat 13 Nov 2021,1410,1336,0,3608093,3540451,237189,3845282,3777640,90.9477120936686,89.3478593022634,321
-7.6926,53.28823,2021/11/14 00:00:00+00,Sun 14 Nov 2021,1648,1800,0,3609741,3542251,237189,3846930,3779440,90.9866902049047,89.3904324820116,322
-7.6926,53.28823,2021/11/15 00:00:00+00,Mon 15 Nov 2021,1253,550,0,3610994,3542801,237189,3848183,3779990,91.0163258683628,89.4034409536014,323
-7.6926,53.28823,2021/11/16 00:00:00+00,Tue 16 Nov 2021,1324,1024,4,3612318,3543825,237193,3849511,3781018,91.0477354143104,89.4277549695909,324
-7.6926,53.28823,2021/11/17 00:00:00+00,Wed 17 Nov 2021,1512,1055,0,3613830,3544880,237193,3851023,3782073,91.0834968852989,89.4527075832767,325
-7.6926,53.28823,2021/11/18 00:00:00+00,Thu 18 Nov 2021,1666,2432,5,3615496,3547312,237198,3852694,3784510,91.1230189871651,89.5103469383025,326
-7.6926,53.28823,2021/11/19 00:00:00+00,Fri 19 Nov 2021,1178,1461,0,3616674,3548773,237198,3853872,3785971,91.1508807681337,89.5449021691981,327
-7.6926,53.28823,2021/11/20 00:00:00+00,Sat 20 Nov 2021,1535,2901,10,3618209,3551674,237208,3855417,3788882,91.1874227474176,89.6137524615576,328
-7.6926,53.28823,2021/11/21 00:00:00+00,Sun 21 Nov 2021,1787,2749,0,3619996,3554423,237208,3857204,3791631,91.229688454201,89.6787711677397,329
-7.6926,53.28823,2021/11/22 00:00:00+00,Mon 22 Nov 2021,717,463,2,3620713,3554886,237210,3857923,3792096,91.2466940743337,89.6897692391747,330
-7.6926,53.28823,2021/11/23 00:00:00+00,Tue 23 Nov 2021,2170,1533,4,3622883,3556419,237214,3860097,3793633,91.298113014763,89.7261220043264,331
-7.6926,53.28823,2021/11/24 00:00:00+00,Wed 24 Nov 2021,1628,3079,0,3624511,3559498,237214,3861725,3796712,91.3366180906686,89.7989457934624,332
-7.6926,53.28823,2021/11/25 00:00:00+00,Thu 25 Nov 2021,1006,1108,0,3625517,3560606,237214,3862731,3797820,91.3604117677945,89.8251519507741,333
-7.6926,53.28823,2021/11/26 00:00:00+00,Fri 26 Nov 2021,1290,1056,12,3626807,3561662,237226,3864033,3798888,91.3912063678124,89.8504120374247,334
-7.6926,53.28823,2021/11/27 00:00:00+00,Sat 27 Nov 2021,1232,1524,5,3628039,3563186,237231,3865270,3800417,91.420463603006,89.8865755884441,335
-7.6926,53.28823,2021/11/28 00:00:00+00,Sun 28 Nov 2021,1970,2246,0,3630009,3565432,237231,3867240,3802663,91.4670575830638,89.9396974560633,336
-7.6926,53.28823,2021/11/29 00:00:00+00,Mon 29 Nov 2021,542,961,1,3630551,3566393,237232,3867783,3803625,91.4799004922879,89.9624504554621,337
-7.6926,53.28823,2021/11/30 00:00:00+00,Tue 30 Nov 2021,1939,1589,6,3632490,3567982,237238,3869728,3805220,91.5259031781825,90.0001750230723,338
-7.6926,53.28823,2021/12/01 00:00:00+00,Wed 01 Dec 2021,1130,1321,1,3633620,3569303,237239,3870859,3806542,91.5526533261243,90.0314426584207,339
-7.6926,53.28823,2021/12/02 00:00:00+00,Thu 02 Dec 2021,1805,1356,1,3635425,3570659,237240,3872665,3807899,91.5953684164717,90.0635381055976,340
-7.6926,53.28823,2021/12/03 00:00:00+00,Fri 03 Dec 2021,1043,1127,3,3636468,3571786,237243,3873711,3809029,91.6201081642587,90.0902646017728,341
-7.6926,53.28823,2021/12/04 00:00:00+00,Sat 04 Dec 2021,1193,1672,0,3637661,3573458,237243,3874904,3810701,91.6483247217251,90.1298103554056,342
-7.6926,53.28823,2021/12/05 00:00:00+00,Sun 05 Dec 2021,1352,1764,0,3639013,3575222,237243,3876256,3812465,91.6803019100694,90.1715320715589,343
-7.6926,53.28823,2021/12/06 00:00:00+00,Mon 06 Dec 2021,937,1246,0,3639950,3576468,237243,3877193,3813711,91.702463615305,90.2010021726513,344
-7.6926,53.28823,2021/12/07 00:00:00+00,Tue 07 Dec 2021,480,687,1,3640430,3577155,237244,3877674,3814399,91.7138401150044,90.2172745880217,345
-7.6926,53.28823,2021/12/08 00:00:00+00,Wed 08 Dec 2021,822,1427,0,3641252,3578582,237244,3878496,3815826,91.7332818670894,90.2510256588554,346
-7.6926,53.28823,2021/12/09 00:00:00+00,Thu 09 Dec 2021,794,1138,0,3642046,3579720,237244,3879290,3816964,91.7520613697116,90.2779413691629,347
-7.6926,53.28823,2021/12/10 00:00:00+00,Fri 10 Dec 2021,871,1519,1,3642917,3581239,237245,3880162,3818484,91.772685710123,90.3138920542836,348
-7.6926,53.28823,2021/12/11 00:00:00+00,Sat 11 Dec 2021,620,820,0,3643537,3582059,237245,3880782,3819304,91.7873498053696,90.3332865028356,349
-7.6926,53.28823,2021/12/12 00:00:00+00,Sun 12 Dec 2021,689,1186,0,3644226,3583245,237245,3881471,3820490,91.8036458725066,90.3613374979364,350
-7.6926,53.28823,2021/12/13 00:00:00+00,Mon 13 Dec 2021,708,1014,0,3644934,3584259,237245,3882179,3821504,91.8203913232075,90.3853203891945,351
-7.6926,53.28823,2021/12/14 00:00:00+00,Tue 14 Dec 2021,609,1120,1,3645543,3585379,237246,3882789,3822625,91.8348189007889,90.4118340194711,352
-7.6926,53.28823,2021/12/15 00:00:00+00,Wed 15 Dec 2021,780,1147,1,3646323,3586526,237247,3883570,3823773,91.8532909304463,90.4389862474438,353
-7.6926,53.28823,2021/12/16 00:00:00+00,Thu 16 Dec 2021,1024,1400,7,3647347,3587926,237254,3884601,3825180,91.8776759017354,90.472264282947,354
-7.6926,53.28823,2021/12/17 00:00:00+00,Fri 17 Dec 2021,1171,2318,0,3648518,3590244,237254,3885772,3827498,91.9053721203383,90.5270890777561,355
-7.6926,53.28823,2021/12/18 00:00:00+00,Sat 18 Dec 2021,1242,1125,0,3649760,3591369,237254,3887014,3828623,91.9347476143646,90.5536973150988,356
-7.6926,53.28823,2021/12/19 00:00:00+00,Sun 19 Dec 2021,550,861,1,3650310,3592230,237255,3887565,3829485,91.9477797377208,90.5740851378449,357
-7.6926,53.28823,2021/12/20 00:00:00+00,Mon 20 Dec 2021,520,500,0,3650830,3592730,237255,3888085,3829985,91.9600786563148,90.5859110211083,358
-7.6926,53.28823,2021/12/21 00:00:00+00,Tue 21 Dec 2021,1393,1662,2,3652223,3594392,237257,3889480,3831649,91.9930728706196,90.6252675606088,359
-7.6926,53.28823,2021/12/22 00:00:00+00,Wed 22 Dec 2021,1127,1413,1,3653350,3595805,237258,3890608,3833063,92.0197520632618,90.6587111584777,360
-7.6926,53.28823,2021/12/23 00:00:00+00,Thu 23 Dec 2021,888,1226,0,3654238,3597031,237258,3891496,3834289,92.0407548319376,90.6877082242396,361
-7.6926,53.28823,2021/12/24 00:00:00+00,Fri 24 Dec 2021,95,113,0,3654333,3597144,237258,3891591,3834402,92.0430017497577,90.6903808738571,362
-7.6926,53.28823,2021/12/26 00:00:00+00,Sun 26 Dec 2021,3,4,0,3654336,3597148,237258,3891594,3834406,92.0430727050573,90.6904754809232,363
-7.6926,53.28823,2021/12/27 00:00:00+00,Mon 27 Dec 2021,377,573,0,3654713,3597721,237258,3891971,3834979,92.0519894210379,90.704027943143,364
-7.6926,53.28823,2021/12/28 00:00:00+00,Tue 28 Dec 2021,400,690,0,3655113,3598411,237258,3892371,3835669,92.0614501276486,90.7203476620465,365
-7.6926,53.28823,2021/12/29 00:00:00+00,Wed 29 Dec 2021,784,1181,0,3655897,3599592,237258,3893155,3836850,92.0799931126056,90.7482803983147,366
-7.6926,53.28823,2021/12/30 00:00:00+00,Thu 30 Dec 2021,813,1088,1,3656710,3600680,237259,3893969,3837939,92.0992456505584,90.7740371720624,367
-7.6926,53.28823,2021/12/31 00:00:00+00,Fri 31 Dec 2021,688,1628,0,3657398,3602308,237259,3894657,3839567,92.1155180659288,90.812542247968,368
-7.6926,53.28823,2022/01/01 00:00:00+00,Sat 01 Jan 2022,64,91,1,3657462,3602399,237260,3894722,3839659,92.1170554307531,90.8147182104884,369
-7.6926,53.28823,2022/01/02 00:00:00+00,Sun 02 Jan 2022,267,611,0,3657729,3603010,237260,3894989,3840270,92.1233704524157,90.8291694398363,370
-7.6926,53.28823,2022/01/03 00:00:00+00,Mon 03 Jan 2022,450,687,0,3658179,3603697,237260,3895439,3840957,92.1340137473528,90.8454182034402,371
-7.6926,53.28823,2022/01/04 00:00:00+00,Tue 04 Jan 2022,528,674,0,3658707,3604371,237260,3895967,3841631,92.1465018800789,90.8613594940793,372
-7.6926,53.28823,2022/01/05 00:00:00+00,Wed 05 Jan 2022,673,733,0,3659380,3605104,237260,3896640,3842364,92.1624195189515,90.8786962389434,373
-7.6926,53.28823,2022/01/06 00:00:00+00,Thu 06 Jan 2022,1394,1448,0,3660774,3606552,237260,3898034,3843812,92.1953900814898,90.9129439968742,374
