X,Y,VaccinationDate,VaccineText,Dose1,Dose2,SingleDose,Dose1Cum,Dose2Cum,SingleDoseCum,PartiallyVacc,FullyVacc,PartialPercent,FullyPercent,ObjectId
-7.6926,53.28823,2022/09/06 23:00:00+00,Wed 07 Sep 2022,48,42,0,3861052,3815291,241234,4102286,4056525,80.4333687761863,79.5361345539583,1
-7.6926,53.28823,2022/02/13 00:00:00+00,Sun 13 Feb 2022,1566,4706,0,3823899,3730187,241187,4065086,3971374,79.7039897620283,77.8665820691581,2
-7.6926,53.28823,2022/09/07 23:00:00+00,Thu 08 Sep 2022,39,52,2,3861091,3815343,241236,4102327,4056579,80.4341726616589,79.5371933299465,3
-7.6926,53.28823,2022/02/14 00:00:00+00,Mon 14 Feb 2022,175,954,0,3824074,3731141,241187,4065261,3972328,79.7074209805089,77.8852871116179,4
-7.6926,53.28823,2022/09/08 23:00:00+00,Fri 09 Sep 2022,64,60,0,3861155,3815403,241236,4102391,4056639,80.4354275072747,79.5383697477113,5
-7.6926,53.28823,2022/02/15 00:00:00+00,Tue 15 Feb 2022,650,819,1,3824724,3731960,241188,4065912,3973148,79.7201851132567,77.9013648210698,6
-7.6926,53.28823,2022/09/09 23:00:00+00,Sat 10 Sep 2022,94,135,0,3861249,3815538,241236,4102485,4056774,80.4372705617728,79.5410166876821,7
-7.6926,53.28823,2022/09/10 23:00:00+00,Sun 11 Sep 2022,58,58,0,3861307,3815596,241236,4102543,4056832,80.4384077656121,79.5421538915213,8
-7.6926,53.28823,2022/02/16 00:00:00+00,Wed 16 Feb 2022,799,1787,0,3825523,3733747,241188,4066711,3974935,79.7358510764909,77.9364024634972,9
-7.6926,53.28823,2022/09/11 23:00:00+00,Mon 12 Sep 2022,13,13,0,3861320,3815609,241236,4102556,4056845,80.4386626561278,79.542408782037,10
-7.6926,53.28823,2022/02/17 00:00:00+00,Thu 17 Feb 2022,791,1194,2,3826314,3734941,241190,4067504,3976131,79.7513993979486,77.9598523909417,11
-7.6926,53.28823,2022/09/12 23:00:00+00,Tue 13 Sep 2022,29,25,0,3861349,3815634,241236,4102585,4056870,80.4392312580474,79.5428989561057,12
-7.6926,53.28823,2022/09/13 23:00:00+00,Wed 14 Sep 2022,36,33,0,3861385,3815667,241236,4102621,4056903,80.4399371087063,79.5435459858763,13
-7.6926,53.28823,2022/02/18 00:00:00+00,Fri 18 Feb 2022,792,3296,0,3827106,3738237,241190,4068296,3979427,79.7669281124436,78.0244769401531,14
-7.6926,53.28823,2022/09/14 23:00:00+00,Thu 15 Sep 2022,51,36,0,3861436,3815703,241236,4102672,4056939,80.4409370638063,79.5442518365352,15
-7.6926,53.28823,2022/02/19 00:00:00+00,Sat 19 Feb 2022,980,3557,0,3828086,3741794,241190,4069276,3982984,79.7861429359348,78.0942189066413,16
-7.6926,53.28823,2022/09/15 23:00:00+00,Fri 16 Sep 2022,38,56,0,3861474,3815759,241236,4102710,4056995,80.4416821283907,79.545349826449,17
-7.6926,53.28823,2021/07/21 23:00:00+00,Thu 22 Jul 2021,33568,15959,6939,2980798,2436754,196355,3177153,2633109,62.2943205099222,51.6272700696381,18
-7.6926,53.28823,2022/02/20 00:00:00+00,Sun 20 Feb 2022,1365,3588,0,3829451,3745382,241190,4070641,3986572,79.8129064400834,78.1645686889746,19
-7.6926,53.28823,2021/07/22 23:00:00+00,Fri 23 Jul 2021,27111,20876,5616,3007909,2457630,201971,3209880,2659601,62.9359975797165,52.1466977267099,20
-7.6926,53.28823,2022/09/16 23:00:00+00,Sat 17 Sep 2022,66,149,0,3861540,3815908,241236,4102776,4057144,80.442976187932,79.5482712638982,21
-7.6926,53.28823,2021/07/23 23:00:00+00,Sat 24 Jul 2021,15460,14835,2277,3023369,2472465,204248,3227617,2676713,63.2837662779456,52.4822120732226,22
-7.6926,53.28823,2022/02/21 00:00:00+00,Mon 21 Feb 2022,255,997,1,3829706,3746379,241191,4070897,3987570,79.8179258225464,78.1841364377952,23
-7.6926,53.28823,2022/09/17 23:00:00+00,Sun 18 Sep 2022,30,53,0,3861570,3815961,241236,4102806,4057197,80.4435643968143,79.5493104329237,24
-7.6926,53.28823,2021/07/24 23:00:00+00,Sun 25 Jul 2021,14748,13664,1046,3038117,2486129,205294,3243411,2691423,63.5934386475588,52.7706304952189,25
-7.6926,53.28823,2021/07/25 23:00:00+00,Mon 26 Jul 2021,23872,18347,3422,3061989,2504476,208716,3270705,2713192,64.1285910887531,53.1974544672406,26
-7.6926,53.28823,2022/02/22 00:00:00+00,Tue 22 Feb 2022,477,988,1,3830183,3747367,241192,4071375,3988559,79.8272979507391,78.2035277239512,27
-7.6926,53.28823,2021/07/26 23:00:00+00,Tue 27 Jul 2021,25541,23942,3672,3087530,2528418,212388,3299918,2740806,64.7013692914573,53.7388811365137,28
-7.6926,53.28823,2022/09/18 23:00:00+00,Mon 19 Sep 2022,11,11,0,3861581,3815972,241236,4102817,4057208,80.4437800734046,79.5495261095139,29
-7.6926,53.28823,2022/02/23 00:00:00+00,Wed 23 Feb 2022,829,1273,1,3831012,3748640,241193,4072205,3989833,79.8435717298184,78.2285069944898,30
-7.6926,53.28823,2021/07/27 23:00:00+00,Wed 28 Jul 2021,23460,25331,3265,3110990,2553749,215653,3326643,2769402,65.225365370849,54.2995618432035,31
-7.6926,53.28823,2022/09/19 23:00:00+00,Tue 20 Sep 2022,39,37,0,3861620,3816009,241236,4102856,4057245,80.4445447449517,79.5502515671355,32
-7.6926,53.28823,2022/02/24 00:00:00+00,Thu 24 Feb 2022,653,1237,0,3831665,3749877,241193,4072858,3991070,79.8563750764917,78.2527608074069,33
-7.6926,53.28823,2021/07/28 23:00:00+00,Thu 29 Jul 2021,19308,27905,2966,3130298,2581654,218619,3348917,2800273,65.6620908590575,54.9048483901409,34
-7.6926,53.28823,2022/09/20 23:00:00+00,Wed 21 Sep 2022,42,32,0,3861662,3816041,241236,4102898,4057277,80.445368237387,79.5508789899434,35
-7.6926,53.28823,2022/02/25 00:00:00+00,Fri 25 Feb 2022,693,1228,0,3832358,3751105,241193,4073551,3992298,79.8699627016748,78.2768381576592,36
-7.6926,53.28823,2021/07/29 23:00:00+00,Fri 30 Jul 2021,21983,22981,2125,3152281,2604635,220744,3373025,2825379,66.1347755169425,55.3971007968466,37
-7.6926,53.28823,2022/09/21 23:00:00+00,Thu 22 Sep 2022,59,35,0,3861721,3816076,241236,4102957,4057312,80.446525048189,79.5515652336395,38
-7.6926,53.28823,2021/07/30 23:00:00+00,Sat 31 Jul 2021,13772,12516,907,3166053,2617151,221651,3387704,2838802,66.4225861230937,55.6602850577886,39
-7.6926,53.28823,2022/02/26 00:00:00+00,Sat 26 Feb 2022,960,2094,0,3833318,3753199,241193,4074511,3994392,79.8887853859111,78.3178951376497,40
-7.6926,53.28823,2022/09/22 23:00:00+00,Fri 23 Sep 2022,40,40,0,3861761,3816116,241236,4102997,4057352,80.4473093266989,79.5523495121494,41
-7.6926,53.28823,2021/07/31 23:00:00+00,Sun 01 Aug 2021,11167,9372,370,3177220,2626523,222021,3399241,2848544,66.6487916522964,55.8512960888619,42
-7.6926,53.28823,2022/09/23 23:00:00+00,Sat 24 Sep 2022,56,104,0,3861817,3816220,241236,4103053,4057456,80.4484073166126,79.554388636275,43
-7.6926,53.28823,2022/02/27 00:00:00+00,Sun 27 Feb 2022,671,1783,0,3833989,3754982,241193,4075182,3996175,79.9019416579138,78.3528543522261,44
-7.6926,53.28823,2021/08/01 23:00:00+00,Mon 02 Aug 2021,15048,16076,431,3192268,2642599,222452,3414720,2865051,66.9522878286446,56.1749482229131,45
-7.6926,53.28823,2022/09/24 23:00:00+00,Sun 25 Sep 2022,42,75,0,3861859,3816295,241236,4103095,4057531,80.449230809048,79.5558591584809,46
-7.6926,53.28823,2022/02/28 00:00:00+00,Mon 28 Feb 2022,81,437,0,3834070,3755419,241193,4075263,3996612,79.9035298218962,78.3614225949462,47
-7.6926,53.28823,2021/08/02 23:00:00+00,Tue 03 Aug 2021,17367,25472,1111,3209635,2668071,223563,3433198,2891634,67.3145852862685,56.6961601135949,48
-7.6926,53.28823,2022/09/25 23:00:00+00,Mon 26 Sep 2022,23,10,0,3861882,3816305,241236,4103118,4057541,80.4496817691911,79.5560552281084,49
-7.6926,53.28823,2022/03/01 00:00:00+00,Tue 01 Mar 2022,131,937,1,3834201,3756356,241194,4075395,3997550,79.9061179409787,78.3798139260022,50
-7.6926,53.28823,2021/08/03 23:00:00+00,Wed 04 Aug 2021,22152,17350,1576,3231787,2685421,225139,3456926,2910560,67.7798192983099,57.0672414905292,51
-7.6926,53.28823,2021/08/04 23:00:00+00,Thu 05 Aug 2021,13564,30086,1421,3245351,2715507,226560,3471911,2942067,68.0736296350615,57.6849980657731,52
-7.6926,53.28823,2021/08/05 23:00:00+00,Fri 06 Aug 2021,12243,24780,949,3257594,2740287,227509,3485103,2967796,68.3322846876091,58.1894656102697,53
-7.6926,53.28823,2021/08/06 23:00:00+00,Sat 07 Aug 2021,6353,8495,585,3263947,2748782,228094,3492041,2976876,68.4683177951421,58.367496832005,54
-7.6926,53.28823,2021/08/07 23:00:00+00,Sun 08 Aug 2021,8637,12009,153,3272584,2760791,228247,3500831,2989038,68.6406629976811,58.6059567129241,55
-7.6926,53.28823,2021/08/08 23:00:00+00,Mon 09 Aug 2021,5573,23062,601,3278157,2783853,228848,3507005,3012701,68.761716385676,59.069916272387,56
-7.6926,53.28823,2021/08/09 23:00:00+00,Tue 10 Aug 2021,9387,26046,718,3287544,2809899,229566,3517110,3039465,68.9598447442262,59.5946770233258,57
-7.6926,53.28823,2021/08/10 23:00:00+00,Wed 11 Aug 2021,7048,31261,668,3294592,2841160,230234,3524826,3071394,69.1111320687757,60.2207077368487,58
-7.6926,53.28823,2021/08/11 23:00:00+00,Thu 12 Aug 2021,6799,38324,865,3301391,2879484,231099,3532490,3110583,69.2613998312625,60.9890849999088,59
-7.6926,53.28823,2021/08/12 23:00:00+00,Fri 13 Aug 2021,10958,28254,875,3312349,2907738,231974,3544323,3139712,69.4934090214381,61.5602162177424,60
-7.6926,53.28823,2021/08/13 23:00:00+00,Sat 14 Aug 2021,18156,5866,281,3330505,2913604,232255,3562760,3145859,69.8549025935894,61.6807402177432,61
-7.6926,53.28823,2021/08/14 23:00:00+00,Sun 15 Aug 2021,17009,3745,54,3347514,2917349,232309,3579823,3149658,70.1894561989275,61.7552270692159,62
-7.6926,53.28823,2021/08/15 23:00:00+00,Mon 16 Aug 2021,10210,23187,386,3357724,2940536,232695,3590419,3173231,70.3972115761861,62.2174220020317,63
-7.6926,53.28823,2021/08/16 23:00:00+00,Tue 17 Aug 2021,12887,26891,532,3370611,2967427,233227,3603838,3200654,70.6603174092771,62.7551037414202,64
-7.6926,53.28823,2021/08/17 23:00:00+00,Wed 18 Aug 2021,15253,25804,659,3385864,2993231,233886,3619750,3227117,70.9723034004944,63.2739627965725,65
-7.6926,53.28823,2021/08/18 23:00:00+00,Thu 19 Aug 2021,11384,25751,545,3397248,3018982,234431,3631679,3253413,71.2061948590936,63.7895474889461,66
-7.6926,53.28823,2021/08/19 23:00:00+00,Fri 20 Aug 2021,14873,22299,686,3412121,3041281,235117,3647238,3276398,71.5112595924614,64.2402135276671,67
-7.6926,53.28823,2021/08/20 23:00:00+00,Sat 21 Aug 2021,11920,8007,246,3424041,3049288,235363,3659404,3284651,71.7497979012315,64.4020297912113,68
-7.6926,53.28823,2021/08/21 23:00:00+00,Sun 22 Aug 2021,8011,12269,162,3432052,3061557,235525,3667577,3297082,71.910045607756,64.6457639451091,69
-7.6926,53.28823,2021/08/22 23:00:00+00,Mon 23 Aug 2021,10892,15426,294,3442944,3076983,235819,3678763,3312802,72.1293690930348,64.9539853994791,70
-7.6926,53.28823,2021/08/23 23:00:00+00,Tue 24 Aug 2021,9728,22948,384,3452672,3099931,236203,3688875,3336134,72.3276347003242,65.411455054273,71
-7.6926,53.28823,2021/08/24 23:00:00+00,Wed 25 Aug 2021,9426,19563,318,3462098,3119494,236521,3698619,3356015,72.518684945323,65.8012610806299,72
-7.6926,53.28823,2021/08/25 23:00:00+00,Thu 26 Aug 2021,8605,19471,370,3470703,3138965,236891,3707594,3375856,72.69465743597,66.1902828284769,73
-7.6926,53.28823,2021/08/26 23:00:00+00,Fri 27 Aug 2021,9740,19254,432,3480443,3158219,237323,3717766,3395542,72.8940994610242,66.5762654970983,74
-7.6926,53.28823,2021/08/27 23:00:00+00,Sat 28 Aug 2021,9939,7952,155,3490382,3166171,237478,3727860,3403649,73.0920121429842,66.7352191440816,75
-7.6926,53.28823,2021/08/28 23:00:00+00,Sun 29 Aug 2021,8808,9207,30,3499190,3175378,237508,3736698,3412886,73.2652984797349,66.9163286589681,76
-7.6926,53.28823,2021/08/29 23:00:00+00,Mon 30 Aug 2021,5077,11182,85,3504267,3186560,237593,3741860,3424153,73.3665096214307,67.1372403082293,77
-7.6926,53.28823,2021/08/30 23:00:00+00,Tue 31 Aug 2021,4088,12926,146,3508355,3199486,237739,3746094,3437225,73.4495255016981,67.3935425252474,78
-7.6926,53.28823,2021/08/31 23:00:00+00,Wed 01 Sep 2021,5010,12584,184,3513365,3212070,237923,3751288,3449993,73.5513640662017,67.6438842255907,79
-7.6926,53.28823,2021/09/01 23:00:00+00,Thu 02 Sep 2021,5016,12397,249,3518381,3224467,238172,3756553,3462639,73.6545947250604,67.8918338764789,80
-7.6926,53.28823,2021/09/02 23:00:00+00,Fri 03 Sep 2021,4790,16126,167,3523171,3240593,238339,3761510,3478932,73.7517864393932,68.2112901205024,81
-7.6926,53.28823,2021/09/03 23:00:00+00,Sat 04 Sep 2021,4635,10601,136,3527806,3251194,238475,3766281,3489669,73.8453312586552,68.4218100795082,82
-7.6926,53.28823,2021/09/04 23:00:00+00,Sun 05 Sep 2021,5310,11914,1,3533116,3263108,238476,3771592,3501584,73.9494638378002,68.655427040629,83
-7.6926,53.28823,2021/09/05 23:00:00+00,Mon 06 Sep 2021,2175,9715,76,3535291,3272823,238552,3773843,3511375,73.9935991109419,68.8473988128768,84
-7.6926,53.28823,2021/09/06 23:00:00+00,Tue 07 Sep 2021,3043,10053,162,3538334,3282876,238714,3777048,3521590,74.0564394265434,69.0476839373291,85
-7.6926,53.28823,2021/09/07 23:00:00+00,Wed 08 Sep 2021,2617,14829,191,3540951,3297705,238905,3779856,3536610,74.1114957779347,69.3421805177768,86
-7.6926,53.28823,2021/09/08 23:00:00+00,Thu 09 Sep 2021,3133,14851,138,3544084,3312556,239043,3783127,3551599,74.1756301530774,69.6360692823793,87
-7.6926,53.28823,2021/09/09 23:00:00+00,Fri 10 Sep 2021,3399,13964,116,3547483,3326520,239159,3786642,3565679,74.2445486271303,69.9121353178455,88
-7.6926,53.28823,2021/09/10 23:00:00+00,Sat 11 Sep 2021,2571,11356,62,3550054,3337876,239221,3789275,3577097,74.296173760041,70.1360076184814,89
-7.6926,53.28823,2021/09/11 23:00:00+00,Sun 12 Sep 2021,2045,12890,1,3552099,3350766,239222,3791321,3589988,74.3362896058197,70.3887609752425,90
-7.6926,53.28823,2021/09/12 23:00:00+00,Mon 13 Sep 2021,1628,7765,52,3553727,3358531,239274,3793001,3597805,74.3692293032332,70.5420286030294,91
-7.6926,53.28823,2021/09/13 23:00:00+00,Tue 14 Sep 2021,1561,10808,82,3555288,3369339,239356,3794644,3608695,74.4014435430252,70.7555484273353,92
-7.6926,53.28823,2021/09/14 23:00:00+00,Wed 15 Sep 2021,3294,12396,138,3558582,3381735,239494,3798076,3621229,74.4687346391701,71.001302098396,93
-7.6926,53.28823,2021/09/15 23:00:00+00,Thu 16 Sep 2021,1922,10592,116,3560504,3392327,239610,3800114,3631937,74.5086936292468,71.2112534554821,94
-7.6926,53.28823,2021/09/16 23:00:00+00,Fri 17 Sep 2021,2568,14636,96,3563072,3406963,239706,3802778,3646669,74.5609265780027,71.5001032306589,95
-7.6926,53.28823,2021/09/17 23:00:00+00,Sat 18 Sep 2021,2292,11250,48,3565364,3418213,239754,3805118,3657967,74.6068068708287,71.7216226957652,96
-7.6926,53.28823,2021/09/18 23:00:00+00,Sun 19 Sep 2021,1866,8500,16,3567230,3426713,239770,3807000,3666483,74.6437071747171,71.8885955905117,97
-7.6926,53.28823,2021/09/19 23:00:00+00,Mon 20 Sep 2021,969,5652,35,3568199,3432365,239805,3808004,3672170,74.6633925653142,72.0001003876493,98
-7.6926,53.28823,2021/09/20 23:00:00+00,Tue 21 Sep 2021,1480,6697,90,3569679,3439062,239895,3809574,3678957,74.6941754968257,72.1331728438076,99
-7.6926,53.28823,2021/09/21 23:00:00+00,Wed 22 Sep 2021,1904,8176,97,3571583,3447238,239992,3811575,3687230,74.7334090292808,72.2953812466068,100
-7.6926,53.28823,2021/09/22 23:00:00+00,Thu 23 Sep 2021,1693,8745,89,3573276,3455983,240081,3813357,3696064,74.7683486368945,72.4685891555065,101
-7.6926,53.28823,2021/09/23 23:00:00+00,Fri 24 Sep 2021,1917,7414,81,3575193,3463397,240162,3815355,3703559,74.8075233484614,72.6155433412892,102
-7.6926,53.28823,2021/09/24 23:00:00+00,Sat 25 Sep 2021,2428,6625,53,3577621,3470022,240215,3817836,3710237,74.8561682230347,72.7464786385082,103
-7.6926,53.28823,2021/09/25 23:00:00+00,Sun 26 Sep 2021,1550,7105,0,3579171,3477127,240215,3819386,3717342,74.8865590152913,72.8857861088198,104
-7.6926,53.28823,2021/09/26 23:00:00+00,Mon 27 Sep 2021,1181,3850,45,3580352,3480977,240260,3820612,3721237,74.9105971516181,72.9621552287162,105
-7.6926,53.28823,2021/09/27 23:00:00+00,Tue 28 Sep 2021,1459,5165,94,3581811,3486142,240354,3822165,3726496,74.9410467647629,73.0652682457984,106
-7.6926,53.28823,2021/09/28 23:00:00+00,Wed 29 Sep 2021,1657,3646,80,3583468,3489788,240434,3823902,3730222,74.975104059053,73.1383237889907,107
-7.6926,53.28823,2021/09/29 23:00:00+00,Thu 30 Sep 2021,1279,4006,79,3584747,3493794,240513,3825260,3734307,75.0017303144623,73.2184182318088,108
-7.6926,53.28823,2021/09/30 23:00:00+00,Fri 01 Oct 2021,1877,5218,42,3586624,3499012,240555,3827179,3739567,75.0393560759723,73.3215508558537,109
-7.6926,53.28823,2021/10/01 23:00:00+00,Sat 02 Oct 2021,1686,4114,41,3588310,3503126,240596,3828906,3743722,75.0732173006349,73.4030177860641,110
-7.6926,53.28823,2021/10/02 23:00:00+00,Sun 03 Oct 2021,1198,3027,9,3589508,3506153,240605,3830113,3746758,75.0968829046696,73.4625445249615,111
-7.6926,53.28823,2021/10/03 23:00:00+00,Mon 04 Oct 2021,352,1249,18,3589860,3507402,240623,3830483,3748025,75.1041374808857,73.4873865467609,112
-7.6926,53.28823,2021/10/04 23:00:00+00,Tue 05 Oct 2021,961,2847,70,3590821,3510249,240693,3831514,3750942,75.124352259477,73.5445800570916,113
-7.6926,53.28823,2021/10/05 23:00:00+00,Wed 06 Oct 2021,974,2588,40,3591795,3512837,240733,3832528,3753570,75.1442337197016,73.5961071551885,114
-7.6926,53.28823,2021/10/06 23:00:00+00,Thu 07 Oct 2021,1214,2726,44,3593009,3515563,240777,3833786,3756340,75.1688992788363,73.6504184419954,115
-7.6926,53.28823,2021/10/07 23:00:00+00,Fri 08 Oct 2021,916,2767,48,3593925,3518330,240825,3834750,3759155,75.1878003909236,73.7056120421259,116
-7.6926,53.28823,2021/10/08 23:00:00+00,Sat 09 Oct 2021,725,2374,24,3594650,3520704,240849,3835499,3761553,75.2024860060205,73.7526295387913,117
-7.6926,53.28823,2021/10/09 23:00:00+00,Sun 10 Oct 2021,1521,3931,3,3596171,3524635,240852,3837023,3765487,75.2323670172457,73.8297633302348,118
-7.6926,53.28823,2021/10/10 23:00:00+00,Mon 11 Oct 2021,335,1153,20,3596506,3525788,240872,3837378,3766660,75.2393274890206,73.8527622975361,119
-7.6926,53.28823,2021/10/11 23:00:00+00,Tue 12 Oct 2021,563,1635,21,3597069,3527423,240893,3837962,3768316,75.2507779552644,73.8852314278437,120
-7.6926,53.28823,2021/10/12 23:00:00+00,Wed 13 Oct 2021,991,2093,11,3598060,3529516,240904,3838964,3770420,75.270424131936,73.9264844774617,121
-7.6926,53.28823,2021/10/13 23:00:00+00,Thu 14 Oct 2021,656,1626,9,3598716,3531142,240913,3839629,3772055,75.2834627621622,73.9585418615517,122
-7.6926,53.28823,2021/10/14 23:00:00+00,Fri 15 Oct 2021,958,2097,10,3599674,3533239,240923,3840597,3774162,75.3024423021005,73.9998537320579,123
-7.6926,53.28823,2021/10/15 23:00:00+00,Sat 16 Oct 2021,1384,2670,14,3601058,3535909,240937,3841995,3776846,75.3298528360197,74.0524788200687,124
-7.6926,53.28823,2021/10/16 23:00:00+00,Sun 17 Oct 2021,1709,2895,3,3602767,3538804,240940,3843707,3779744,75.3634199562412,74.1092997981071,125
-7.6926,53.28823,2021/10/17 23:00:00+00,Mon 18 Oct 2021,681,1269,6,3603448,3540073,240946,3844394,3781019,75.3768899396478,74.1342986756085,126
-7.6926,53.28823,2021/10/18 23:00:00+00,Tue 19 Oct 2021,1342,1821,13,3604790,3541894,240959,3845749,3782853,75.4034573741689,74.170257845285,127
-7.6926,53.28823,2021/10/19 23:00:00+00,Wed 20 Oct 2021,2265,2357,1,3607055,3544251,240960,3848015,3785211,75.4478867517517,74.2164910634405,128
-7.6926,53.28823,2021/10/20 23:00:00+00,Thu 21 Oct 2021,1732,1869,11,3608787,3546120,240971,3849758,3787091,75.4820616878183,74.2533521534033,129
-7.6926,53.28823,2021/10/21 23:00:00+00,Fri 22 Oct 2021,1511,1948,3,3610298,3548068,240974,3851272,3789042,75.5117466294161,74.2916053377211,130
-7.6926,53.28823,2021/10/22 23:00:00+00,Sat 23 Oct 2021,2019,1717,1,3612317,3549785,240975,3853292,3790760,75.5513526941633,74.3252900997191,131
-7.6926,53.28823,2021/10/23 23:00:00+00,Sun 24 Oct 2021,1960,2194,2,3614277,3551979,240977,3855254,3792956,75.5898215550714,74.3683469899097,132
-7.6926,53.28823,2021/10/24 23:00:00+00,Mon 25 Oct 2021,1245,872,2,3615522,3552851,240979,3856501,3793830,75.6142714376158,74.3854834753498,133
-7.6926,53.28823,2021/10/25 23:00:00+00,Tue 26 Oct 2021,1247,1249,6,3616769,3554100,240985,3857754,3795085,75.6388389619368,74.4100902135963,134
-7.6926,53.28823,2021/10/26 23:00:00+00,Wed 27 Oct 2021,1570,1442,6,3618339,3555542,240991,3859330,3796533,75.6697395352248,74.4384810956528,135
-7.6926,53.28823,2021/10/27 23:00:00+00,Thu 28 Oct 2021,2163,1716,5,3620502,3557258,240996,3861498,3798254,75.7122474304585,74.472224678539,136
-7.6926,53.28823,2021/10/28 23:00:00+00,Fri 29 Oct 2021,2149,1391,3,3622651,3558649,240999,3863650,3799648,75.7544416142883,74.4995567846071,137
-7.6926,53.28823,2021/10/29 23:00:00+00,Sat 30 Oct 2021,2022,1466,1,3624673,3560115,241000,3865673,3801115,75.7941064999238,74.5283201989558,138
-7.6926,53.28823,2021/10/30 23:00:00+00,Sun 31 Oct 2021,1601,1321,0,3626274,3561436,241000,3867274,3802436,75.8254972472805,74.5542209967435,139
-7.6926,53.28823,2021/11/01 00:00:00+00,Mon 01 Nov 2021,299,309,2,3626573,3561745,241002,3867575,3802747,75.8313989430671,74.5603187621575,140
-7.6926,53.28823,2022/09/26 23:00:00+00,Tue 27 Sep 2022,28,33,2,3861910,3816338,241238,4103148,4057576,80.4502699780735,79.5567414718045,141
-7.6926,53.28823,2022/03/02 00:00:00+00,Wed 02 Mar 2022,207,997,2,3834408,3757353,241196,4075604,3998549,79.9102157961927,78.3994012817856,142
-7.6926,53.28823,2022/09/27 23:00:00+00,Wed 28 Sep 2022,28,28,0,3861938,3816366,241238,4103176,4057604,80.4508189730304,79.5572904667614,143
-7.6926,53.28823,2022/03/03 00:00:00+00,Thu 03 Mar 2022,279,1278,0,3834687,3758631,241196,4075883,3999827,79.9156861387989,78.4244589801752,144
-7.6926,53.28823,2022/09/28 23:00:00+00,Thu 29 Sep 2022,30,23,0,3861968,3816389,241238,4103206,4057627,80.4514071819128,79.5577414269046,145
-7.6926,53.28823,2022/03/04 00:00:00+00,Fri 04 Mar 2022,735,1509,1,3835422,3760140,241197,4076619,4001337,79.9301168633801,78.4540654939219,146
-7.6926,53.28823,2022/03/05 00:00:00+00,Sat 05 Mar 2022,963,3343,0,3836385,3763483,241197,4077582,4004680,79.9489983685046,78.5196115703824,147
-7.6926,53.28823,2022/03/06 00:00:00+00,Sun 06 Mar 2022,455,1916,0,3836840,3765399,241197,4078037,4006596,79.9579195365541,78.5571785110041,148
-7.6926,53.28823,2022/03/07 00:00:00+00,Mon 07 Mar 2022,117,125,1,3836957,3765524,241198,4078155,4006722,79.9602331581582,78.5596489883101,149
-7.6926,53.28823,2022/03/08 00:00:00+00,Tue 08 Mar 2022,120,493,0,3837077,3766017,241198,4078275,4007215,79.9625859936877,78.569315220944,150
-7.6926,53.28823,2022/03/09 00:00:00+00,Wed 09 Mar 2022,130,344,1,3837207,3766361,241199,4078406,4007560,79.9651545058075,78.5760796230914,151
-7.6926,53.28823,2022/03/10 00:00:00+00,Thu 10 Mar 2022,259,508,0,3837466,3766869,241199,4078665,4008068,79.9702327091588,78.5860399601665,152
-7.6926,53.28823,2022/03/11 00:00:00+00,Fri 11 Mar 2022,493,2184,0,3837959,3769053,241199,4079158,4010252,79.9798989417926,78.6288615668041,153
-7.6926,53.28823,2022/03/12 00:00:00+00,Sat 12 Mar 2022,473,2393,2,3838432,3771446,241201,4079633,4012647,79.9892122490971,78.6758202425813,154
-7.6926,53.28823,2022/03/13 00:00:00+00,Sun 13 Mar 2022,358,1082,0,3838790,3772528,241201,4079991,4013729,79.9962315417602,78.6970349762726,155
-7.6926,53.28823,2022/03/14 00:00:00+00,Mon 14 Mar 2022,109,123,0,3838899,3772651,241201,4080100,4013852,79.9983687006995,78.6994466326904,156
-7.6926,53.28823,2022/03/15 00:00:00+00,Tue 15 Mar 2022,222,755,1,3839121,3773406,241202,4080323,4014608,80.0027410533919,78.7142694965265,157
-7.6926,53.28823,2022/03/16 00:00:00+00,Wed 16 Mar 2022,195,799,0,3839316,3774205,241202,4080518,4015407,80.0065644111274,78.7299354597607,158
-7.6926,53.28823,2022/03/17 00:00:00+00,Thu 17 Mar 2022,1,4,0,3839317,3774209,241202,4080519,4015411,80.0065840180902,78.7300138876117,159
-7.6926,53.28823,2022/03/18 00:00:00+00,Fri 18 Mar 2022,4,8,0,3839321,3774217,241202,4080523,4015419,80.0066624459412,78.7301707433137,160
-7.6926,53.28823,2022/03/19 00:00:00+00,Sat 19 Mar 2022,743,2780,0,3840064,3776997,241202,4081266,4018199,80.0212304192616,78.7846780997481,161
-7.6926,53.28823,2022/03/20 00:00:00+00,Sun 20 Mar 2022,395,1402,0,3840459,3778399,241202,4081661,4019601,80.0289751695463,78.8121670615182,162
-7.6926,53.28823,2022/03/21 00:00:00+00,Mon 21 Mar 2022,57,112,0,3840516,3778511,241202,4081718,4019713,80.0300927664228,78.8143630413458,163
-7.6926,53.28823,2022/03/22 00:00:00+00,Tue 22 Mar 2022,141,575,0,3840657,3779086,241202,4081859,4020288,80.0328573481701,78.8256370449248,164
-7.6926,53.28823,2022/03/23 00:00:00+00,Wed 23 Mar 2022,102,221,0,3840759,3779307,241202,4081961,4020509,80.0348572583702,78.8299701836918,165
-7.6926,53.28823,2022/03/24 00:00:00+00,Thu 24 Mar 2022,148,245,0,3840907,3779552,241202,4082109,4020754,80.0377590888566,78.8347738895646,166
-7.6926,53.28823,2022/03/25 00:00:00+00,Fri 25 Mar 2022,434,1625,0,3841341,3781177,241202,4082543,4022379,80.0462685106884,78.8666352040271,167
-7.6926,53.28823,2022/03/26 00:00:00+00,Sat 26 Mar 2022,874,1848,1,3842215,3783025,241203,4083418,4024228,80.0634246030913,78.9028884781448,168
-7.6926,53.28823,2022/03/27 00:00:00+00,Sun 27 Mar 2022,380,804,0,3842595,3783829,241203,4083798,4025032,80.0708752489349,78.9186524761927,169
-7.6926,53.28823,2022/03/27 23:00:00+00,Mon 28 Mar 2022,44,54,1,3842639,3783883,241204,4083843,4025087,80.0717575622585,78.9197308591438,170
-7.6926,53.28823,2022/03/28 23:00:00+00,Tue 29 Mar 2022,138,193,3,3842777,3784076,241207,4083984,4025283,80.0745221440057,78.923573823842,171
-7.6926,53.28823,2022/03/29 23:00:00+00,Wed 30 Mar 2022,109,138,0,3842886,3784214,241207,4084093,4025421,80.076659302945,78.926279584701,172
-7.6926,53.28823,2022/03/30 23:00:00+00,Thu 31 Mar 2022,227,361,0,3843113,3784575,241207,4084320,4025782,80.0811100834884,78.9333576982524,173
-7.6926,53.28823,2022/03/31 23:00:00+00,Fri 01 Apr 2022,309,906,0,3843422,3785481,241207,4084629,4026688,80.087168634977,78.9511216065004,174
-7.6926,53.28823,2022/04/01 23:00:00+00,Sat 02 Apr 2022,729,1538,1,3844151,3787019,241208,4085359,4028227,80.1014817177817,78.9812967221668,175
-7.6926,53.28823,2022/04/02 23:00:00+00,Sun 03 Apr 2022,538,817,0,3844689,3787836,241208,4085897,4029044,80.1120302637391,78.9973156107304,176
-7.6926,53.28823,2022/04/03 23:00:00+00,Mon 04 Apr 2022,50,53,0,3844739,3787889,241208,4085947,4029097,80.1130106118764,78.998354779756,177
-7.6926,53.28823,2022/04/04 23:00:00+00,Tue 05 Apr 2022,132,170,0,3844871,3788059,241208,4086079,4029267,80.115598730959,79.0016879634228,178
-7.6926,53.28823,2022/04/05 23:00:00+00,Wed 06 Apr 2022,158,211,0,3845029,3788270,241208,4086237,4029478,80.1186966310728,79.0058250325623,179
-7.6926,53.28823,2022/04/06 23:00:00+00,Thu 07 Apr 2022,117,181,0,3845146,3788451,241208,4086354,4029659,80.1209906457141,79.0093738928193,180
-7.6926,53.28823,2022/04/07 23:00:00+00,Fri 08 Apr 2022,256,422,2,3845402,3788873,241210,4086612,4030083,80.1260492421027,79.0176872450237,181
-7.6926,53.28823,2022/04/08 23:00:00+00,Sat 09 Apr 2022,559,1019,0,3845961,3789892,241210,4087171,4031102,80.1370095342778,79.0376667400621,182
-7.6926,53.28823,2022/04/09 23:00:00+00,Sun 10 Apr 2022,413,720,0,3846374,3790612,241210,4087584,4031822,80.1451072098919,79.0517837532393,183
-7.6926,53.28823,2022/04/10 23:00:00+00,Mon 11 Apr 2022,70,93,1,3846444,3790705,241211,4087655,4031916,80.1464993042469,79.0536268077375,184
-7.6926,53.28823,2022/04/11 23:00:00+00,Tue 12 Apr 2022,196,178,0,3846640,3790883,241211,4087851,4032094,80.1503422689452,79.0571168471063,185
-7.6926,53.28823,2022/04/12 23:00:00+00,Wed 13 Apr 2022,142,235,0,3846782,3791118,241211,4087993,4032329,80.1531264576551,79.0617244833516,186
-7.6926,53.28823,2022/04/13 23:00:00+00,Thu 14 Apr 2022,359,431,0,3847141,3791549,241211,4088352,4032760,80.160165357281,79.0701750842952,187
-7.6926,53.28823,2022/04/14 23:00:00+00,Fri 15 Apr 2022,446,990,0,3847587,3792539,241211,4088798,4033750,80.1689100626658,79.089585977414,188
-7.6926,53.28823,2022/04/15 23:00:00+00,Sat 16 Apr 2022,43,88,0,3847630,3792627,241211,4088841,4033838,80.1697531620639,79.0913113901356,189
-7.6926,53.28823,2022/04/16 23:00:00+00,Sun 17 Apr 2022,1,1,0,3847631,3792628,241211,4088842,4033839,80.1697727690267,79.0913309970984,190
-7.6926,53.28823,2022/04/17 23:00:00+00,Mon 18 Apr 2022,36,62,1,3847667,3792690,241212,4088879,4033902,80.1704982266483,79.0925662357514,191
-7.6926,53.28823,2022/04/18 23:00:00+00,Tue 19 Apr 2022,218,271,1,3847885,3792961,241213,4089098,4034174,80.1747921514897,79.0978993296183,192
-7.6926,53.28823,2022/04/19 23:00:00+00,Wed 20 Apr 2022,252,607,0,3848137,3793568,241213,4089350,4034781,80.1797331061017,79.1098007560053,193
-7.6926,53.28823,2022/04/20 23:00:00+00,Thu 21 Apr 2022,170,236,0,3848307,3793804,241213,4089520,4035017,80.1830662897686,79.1144279992134,194
-7.6926,53.28823,2022/04/21 23:00:00+00,Fri 22 Apr 2022,195,254,0,3848502,3794058,241213,4089715,4035271,80.1868896475041,79.1194081677509,195
-7.6926,53.28823,2022/04/22 23:00:00+00,Sat 23 Apr 2022,323,1010,0,3848825,3795068,241213,4090038,4036281,80.1932226964711,79.1392112001245,196
-7.6926,53.28823,2022/04/23 23:00:00+00,Sun 24 Apr 2022,181,252,0,3849006,3795320,241213,4090219,4036533,80.1967715567281,79.1441521547366,197
-7.6926,53.28823,2022/04/24 23:00:00+00,Mon 25 Apr 2022,41,60,1,3849047,3795380,241214,4090261,4036594,80.1975950491635,79.1453481794641,198
-7.6926,53.28823,2022/04/25 23:00:00+00,Tue 26 Apr 2022,144,238,0,3849191,3795618,241214,4090405,4036832,80.2004184517989,79.1500146365977,199
-7.6926,53.28823,2022/04/26 23:00:00+00,Wed 27 Apr 2022,123,207,0,3849314,3795825,241214,4090528,4037039,80.2028301082167,79.1540732778862,200
-7.6926,53.28823,2022/04/27 23:00:00+00,Thu 28 Apr 2022,100,130,0,3849414,3795955,241214,4090628,4037169,80.2047908044913,79.1566221830432,201
-7.6926,53.28823,2022/04/28 23:00:00+00,Fri 29 Apr 2022,169,222,0,3849583,3796177,241214,4090797,4037391,80.2081043811954,79.1609749287728,202
-7.6926,53.28823,2022/04/29 23:00:00+00,Sat 30 Apr 2022,281,726,0,3849864,3796903,241214,4091078,4038117,80.2136139377271,79.1752095837265,203
-7.6926,53.28823,2022/04/30 23:00:00+00,Sun 01 May 2022,188,748,0,3850052,3797651,241214,4091266,4038865,80.2173000467234,79.1898755918607,204
-7.6926,53.28823,2022/05/01 23:00:00+00,Mon 02 May 2022,12,26,0,3850064,3797677,241214,4091278,4038891,80.2175353302763,79.1903853728921,205
-7.6926,53.28823,2022/05/02 23:00:00+00,Tue 03 May 2022,96,117,0,3850160,3797794,241214,4091374,4039008,80.2194175987,79.1926793875334,206
-7.6926,53.28823,2022/05/03 23:00:00+00,Wed 04 May 2022,113,129,0,3850273,3797923,241214,4091487,4039137,80.2216331854903,79.1952086857276,207
-7.6926,53.28823,2022/05/04 23:00:00+00,Thu 05 May 2022,112,166,0,3850385,3798089,241214,4091599,4039303,80.2238291653179,79.1984634415435,208
-7.6926,53.28823,2022/05/05 23:00:00+00,Fri 06 May 2022,136,257,0,3850521,3798346,241214,4091735,4039560,80.2264957122513,79.2035024309693,209
-7.6926,53.28823,2022/05/06 23:00:00+00,Sat 07 May 2022,441,1088,0,3850962,3799434,241214,4092176,4040648,80.2351423828224,79.2248348064371,210
-7.6926,53.28823,2022/05/07 23:00:00+00,Sun 08 May 2022,274,437,0,3851236,3799871,241214,4092450,4041085,80.2405146906149,79.2334030491572,211
-7.6926,53.28823,2022/05/08 23:00:00+00,Mon 09 May 2022,24,32,0,3851260,3799903,241214,4092474,4041117,80.2409852577208,79.2340304719651,212
-7.6926,53.28823,2022/05/09 23:00:00+00,Tue 10 May 2022,81,99,1,3851341,3800002,241215,4092556,4041217,80.242593028666,79.2359911682397,213
-7.6926,53.28823,2022/05/10 23:00:00+00,Wed 11 May 2022,112,132,0,3851453,3800134,241215,4092668,4041349,80.2447890084935,79.2385792873222,214
-7.6926,53.28823,2022/05/11 23:00:00+00,Thu 12 May 2022,207,398,0,3851660,3800532,241215,4092875,4041747,80.248847649782,79.2463828584952,215
-7.6926,53.28823,2022/05/12 23:00:00+00,Fri 13 May 2022,173,327,0,3851833,3800859,241215,4093048,4042074,80.2522396543371,79.2527943353132,216
-7.6926,53.28823,2022/05/13 23:00:00+00,Sat 14 May 2022,333,633,0,3852166,3801492,241215,4093381,4042707,80.2587687729316,79.2652055427315,217
-7.6926,53.28823,2022/05/14 23:00:00+00,Sun 15 May 2022,168,254,0,3852334,3801746,241215,4093549,4042961,80.2620627426729,79.2701857112691,218
-7.6926,53.28823,2022/05/15 23:00:00+00,Mon 16 May 2022,31,41,0,3852365,3801787,241215,4093580,4043002,80.2626705585181,79.2709895967416,219
-7.6926,53.28823,2022/05/16 23:00:00+00,Tue 17 May 2022,97,101,0,3852462,3801888,241215,4093677,4043103,80.2645724339044,79.272969899979,220
-7.6926,53.28823,2022/05/17 23:00:00+00,Wed 18 May 2022,99,123,0,3852561,3802011,241215,4093776,4043226,80.2665135232163,79.2753815563968,221
-7.6926,53.28823,2022/05/18 23:00:00+00,Thu 19 May 2022,73,107,0,3852634,3802118,241215,4093849,4043333,80.2679448314968,79.2774795014106,222
-7.6926,53.28823,2022/05/19 23:00:00+00,Fri 20 May 2022,128,210,0,3852762,3802328,241215,4093977,4043543,80.2704545227283,79.2815969635873,223
-7.6926,53.28823,2022/05/20 23:00:00+00,Sat 21 May 2022,392,762,0,3853154,3803090,241215,4094369,4044305,80.2781404521248,79.2965374691999,224
-7.6926,53.28823,2022/05/21 23:00:00+00,Sun 22 May 2022,234,410,0,3853388,3803500,241215,4094603,4044715,80.2827284814074,79.3045763239258,225
-7.6926,53.28823,2022/05/22 23:00:00+00,Mon 23 May 2022,26,35,0,3853414,3803535,241215,4094629,4044750,80.2832382624388,79.305262567622,226
-7.6926,53.28823,2022/05/23 23:00:00+00,Tue 24 May 2022,64,84,0,3853478,3803619,241215,4094693,4044834,80.2844931080546,79.3069095524926,227
-7.6926,53.28823,2022/05/24 23:00:00+00,Wed 25 May 2022,87,133,1,3853565,3803752,241216,4094781,4044968,80.2862185207762,79.3095368855006,228
-7.6926,53.28823,2022/05/25 23:00:00+00,Thu 26 May 2022,99,155,0,3853664,3803907,241216,4094880,4045123,80.2881596100881,79.3125759647263,229
-7.6926,53.28823,2020/12/28 00:00:00+00,Mon 28 Dec 2020,298,23,4,298,23,4,302,27,0.00592130274934714,0.000529387994146929,230
-7.6926,53.28823,2022/09/29 23:00:00+00,Fri 30 Sep 2022,37,59,0,3862005,3816448,241238,4103243,4057686,80.4521326395344,79.5588982377066,231
-7.6926,53.28823,2020/12/29 00:00:00+00,Tue 29 Dec 2020,81,3,0,379,26,4,383,30,0.00750946673178793,0.000588208882385477,232
-7.6926,53.28823,2022/09/30 23:00:00+00,Sat 01 Oct 2022,51,106,0,3862056,3816554,241238,4103294,4057792,80.4531325946345,79.5609765757577,233
-7.6926,53.28823,2020/12/30 00:00:00+00,Wed 30 Dec 2020,1066,2,0,1445,28,4,1449,32,0.0284104890192186,0.000627422807877842,234
-7.6926,53.28823,2022/10/01 23:00:00+00,Sun 02 Oct 2022,26,47,0,3862082,3816601,241238,4103320,4057839,80.4536423756659,79.5618981030067,235
-7.6926,53.28823,2020/12/31 00:00:00+00,Thu 31 Dec 2020,1042,2,0,2487,30,4,2491,34,0.0488409442007408,0.000666636733370208,236
-7.6926,53.28823,2022/10/02 23:00:00+00,Mon 03 Oct 2022,10,1,0,3862092,3816602,241238,4103330,4057840,80.4538384452933,79.5619177099695,237
-7.6926,53.28823,2021/01/01 00:00:00+00,Fri 01 Jan 2021,827,1,0,3314,31,4,3318,35,0.0650559023918338,0.00068624369611639,238
-7.6926,53.28823,2022/10/03 23:00:00+00,Tue 04 Oct 2022,17,17,0,3862109,3816619,241238,4103347,4057857,80.45417176366,79.5622510283362,239
-7.6926,53.28823,2021/01/02 00:00:00+00,Sat 02 Jan 2021,1021,0,0,4335,31,4,4339,35,0.0850746113556862,0.00068624369611639,240
-7.6926,53.28823,2022/10/04 23:00:00+00,Wed 05 Oct 2022,36,37,0,3862145,3816656,241238,4103383,4057894,80.4548776143189,79.5629764859578,241
-7.6926,53.28823,2022/10/05 23:00:00+00,Thu 06 Oct 2022,46,27,0,3862191,3816683,241238,4103429,4057921,80.4557795346052,79.5635058739519,242
-7.6926,53.28823,2021/01/03 00:00:00+00,Sun 03 Jan 2021,26,3,1,4361,34,5,4366,39,0.0856039993498331,0.00076467154710112,243
-7.6926,53.28823,2022/10/06 23:00:00+00,Fri 07 Oct 2022,63,40,0,3862254,3816723,241238,4103492,4057961,80.4570147732582,79.5642901524618,244
-7.6926,53.28823,2021/01/04 00:00:00+00,Mon 04 Jan 2021,1198,5,0,5559,39,5,5564,44,0.10909314071976,0.000862706360832033,245
-7.6926,53.28823,2022/10/07 23:00:00+00,Sat 08 Oct 2022,97,102,0,3862351,3816825,241238,4103589,4058063,80.4589166486446,79.5662900626619,246
-7.6926,53.28823,2021/01/05 00:00:00+00,Tue 05 Jan 2021,3546,14,0,9105,53,5,9110,58,0.178619430617723,0.00113720383927859,247
-7.6926,53.28823,2022/10/08 23:00:00+00,Sun 09 Oct 2022,37,29,0,3862388,3816854,241238,4103626,4058092,80.4596421062662,79.5668586645815,248
-7.6926,53.28823,2021/01/06 00:00:00+00,Wed 06 Jan 2021,6798,14,0,15903,67,5,15908,72,0.311907563366272,0.00141170131772515,249
-7.6926,53.28823,2022/10/09 23:00:00+00,Mon 10 Oct 2022,5,3,0,3862393,3816857,241238,4103631,4058095,80.4597401410799,79.5669174854698,250
-7.6926,53.28823,2021/01/07 00:00:00+00,Thu 07 Jan 2021,11743,9,0,27646,76,5,27651,81,0.542152126894694,0.00158816398244079,251
-7.6926,53.28823,2022/10/10 23:00:00+00,Tue 11 Oct 2022,41,16,0,3862434,3816873,241238,4103672,4058111,80.4605440265525,79.5672311968737,252
-7.6926,53.28823,2021/01/08 00:00:00+00,Fri 08 Jan 2021,12692,8,0,40338,84,5,40343,89,0.791003698069244,0.00174501968441025,253
-7.6926,53.28823,2022/10/11 23:00:00+00,Wed 12 Oct 2022,38,36,0,3862472,3816909,241238,4103710,4058147,80.4612890911369,79.5679370475326,254
-7.6926,53.28823,2021/01/09 00:00:00+00,Sat 09 Jan 2021,8083,7,0,48421,91,5,48426,96,0.949486777946637,0.00188226842363353,255
-7.6926,53.28823,2022/10/12 23:00:00+00,Thu 13 Oct 2022,54,29,0,3862526,3816938,241238,4103764,4058176,80.4623478671252,79.5685056494522,256
-7.6926,53.28823,2021/01/10 00:00:00+00,Sun 10 Jan 2021,4790,6,1,53211,97,6,53217,103,1.0434237364636,0.00201951716285681,257
-7.6926,53.28823,2022/10/13 23:00:00+00,Fri 14 Oct 2022,76,23,0,3862602,3816961,241238,4103840,4058199,80.4638379962939,79.5689566095954,258
-7.6926,53.28823,2021/01/11 00:00:00+00,Mon 11 Jan 2021,8356,8,0,61567,105,6,61573,111,1.2072595171707,0.00217637286482627,259
-7.6926,53.28823,2022/10/14 23:00:00+00,Sat 15 Oct 2022,92,120,0,3862694,3817081,241238,4103932,4058319,80.4656418368665,79.5713094451249,260
-7.6926,53.28823,2021/01/12 00:00:00+00,Tue 12 Jan 2021,8902,15,0,70469,120,6,70475,126,1.38180069953722,0.002470477306019,261
-7.6926,53.28823,2022/10/15 23:00:00+00,Sun 16 Oct 2022,26,37,1,3862720,3817118,241239,4103959,4058357,80.4661712248607,79.5720545097093,262
-7.6926,53.28823,2021/01/13 00:00:00+00,Wed 13 Jan 2021,9908,6,0,80377,126,6,80383,132,1.57606648642639,0.0025881190824961,263
-7.6926,53.28823,2022/10/16 23:00:00+00,Mon 17 Oct 2022,26,3,0,3862746,3817121,241239,4103985,4058360,80.4666810058921,79.5721133305975,264
-7.6926,53.28823,2021/01/14 00:00:00+00,Thu 14 Jan 2021,8102,6,0,88479,132,6,88485,138,1.73492209859597,0.00270576085897319,265
-7.6926,53.28823,2022/10/17 23:00:00+00,Tue 18 Oct 2022,56,17,0,3862802,3817138,241239,4104041,4058377,80.4677789958059,79.5724466489642,266
-7.6926,53.28823,2021/01/15 00:00:00+00,Fri 15 Jan 2021,7708,5,0,96187,137,6,96193,143,1.88605256744354,0.00280379567270411,267
-7.6926,53.28823,2022/10/18 23:00:00+00,Wed 19 Oct 2022,51,41,0,3862853,3817179,241239,4104092,4058418,80.4687789509059,79.5732505344368,268
-7.6926,53.28823,2021/01/16 00:00:00+00,Sat 16 Jan 2021,5249,3,0,101436,140,6,101442,146,1.98896951489825,0.00286261656094266,269
-7.6926,53.28823,2022/10/19 23:00:00+00,Thu 20 Oct 2022,57,10,0,3862910,3817189,241239,4104149,4058428,80.4698965477825,79.5734466040642,270
-7.6926,53.28823,2021/01/17 00:00:00+00,Sun 17 Jan 2021,1117,5,0,102553,145,6,102559,151,2.01087049228574,0.00296065137467357,271
-7.6926,53.28823,2022/10/20 23:00:00+00,Fri 21 Oct 2022,42,21,0,3862952,3817210,241239,4104191,4058449,80.4707200402178,79.5738583502819,272
-7.6926,53.28823,2021/01/18 00:00:00+00,Mon 18 Jan 2021,8732,9,1,111285,154,7,111292,161,2.18209809794815,0.00315672100213539,273
-7.6926,53.28823,2022/10/21 23:00:00+00,Sat 22 Oct 2022,88,58,0,3863040,3817268,241239,4104279,4058507,80.4724454529395,79.5749955541212,274
-7.6926,53.28823,2021/01/19 00:00:00+00,Tue 19 Jan 2021,8401,21,0,119686,175,7,119693,182,2.34681619197883,0.00356846721980523,275
-7.6926,53.28823,2022/10/22 23:00:00+00,Sun 23 Oct 2022,79,48,0,3863119,3817316,241239,4104358,4058555,80.4739944029964,79.575936688333,276
-7.6926,53.28823,2021/01/20 00:00:00+00,Wed 20 Jan 2021,8460,966,0,128146,1141,7,128153,1148,2.51269109681154,0.0225087932326176,277
-7.6926,53.28823,2022/10/23 23:00:00+00,Mon 24 Oct 2022,27,4,0,3863146,3817320,241239,4104385,4058559,80.4745237909906,79.576015116184,278
-7.6926,53.28823,2021/01/21 00:00:00+00,Thu 21 Jan 2021,9026,967,0,137172,2108,7,137179,2115,2.68966354255858,0.0414687262081761,279
-7.6926,53.28823,2022/10/24 23:00:00+00,Tue 25 Oct 2022,36,22,0,3863182,3817342,241239,4104421,4058581,80.4752296416494,79.5764464693644,280
-7.6926,53.28823,2021/01/22 00:00:00+00,Fri 22 Jan 2021,6800,972,0,143972,3080,7,143979,3087,2.82299088923262,0.0605266939974656,281
-7.6926,53.28823,2022/10/25 23:00:00+00,Wed 26 Oct 2022,25,23,0,3863207,3817365,241239,4104446,4058604,80.4757198157181,79.5768974295076,282
-7.6926,53.28823,2021/01/23 00:00:00+00,Sat 23 Jan 2021,4201,461,0,148173,3541,7,148180,3548,2.90535973972933,0.0695655038234558,283
-7.6926,53.28823,2022/10/26 23:00:00+00,Thu 27 Oct 2022,50,35,0,3863257,3817400,241239,4104496,4058639,80.4767001638554,79.5775836732037,284
-7.6926,53.28823,2021/01/24 00:00:00+00,Sun 24 Jan 2021,1191,400,0,149364,3941,7,149371,3948,2.92871163236004,0.0774082889219288,285
-7.6926,53.28823,2022/10/27 23:00:00+00,Fri 28 Oct 2022,22,19,0,3863279,3817419,241239,4104518,4058658,80.4771315170358,79.5779562054959,286
-7.6926,53.28823,2021/01/25 00:00:00+00,Mon 25 Jan 2021,1378,1295,0,150742,5236,7,150749,5243,2.95573002702428,0.102799305678235,287
-7.6926,53.28823,2022/10/28 23:00:00+00,Sat 29 Oct 2022,87,64,0,3863366,3817483,241239,4104605,4058722,80.4788373227947,79.5792110511116,288
-7.6926,53.28823,2021/01/26 00:00:00+00,Tue 26 Jan 2021,1012,3508,0,151754,8744,7,151761,8751,2.97557227332341,0.171580530991844,289
-7.6926,53.28823,2022/10/29 23:00:00+00,Sun 30 Oct 2022,11,6,0,3863377,3817489,241239,4104616,4058728,80.4790529993849,79.5793286928881,290
-7.6926,53.28823,2021/01/27 00:00:00+00,Wed 27 Jan 2021,2195,6712,0,153949,15456,7,153956,15463,3.01860955655128,0.303182464944221,291
-7.6926,53.28823,2022/11/01 00:00:00+00,Tue 01 Nov 2022,43,25,0,3863420,3817514,241239,4104659,4058753,80.479896098783,79.5798188669568,292
-7.6926,53.28823,2021/01/28 00:00:00+00,Thu 28 Jan 2021,1028,11545,0,154977,27001,7,154984,27008,3.03876551425436,0.529544849848899,293
-7.6926,53.28823,2022/11/02 00:00:00+00,Wed 02 Nov 2022,62,13,0,3863482,3817527,241239,4104721,4058766,80.4811117304733,79.5800737574725,294
-7.6926,53.28823,2021/01/29 00:00:00+00,Fri 29 Jan 2021,1598,11527,0,156575,38528,7,156582,38535,3.07009744072276,0.755554309424145,295
-7.6926,53.28823,2022/11/03 00:00:00+00,Thu 03 Nov 2022,45,28,0,3863527,3817555,241239,4104766,4058794,80.4819940437969,79.5806227524293,296
-7.6926,53.28823,2021/01/30 00:00:00+00,Sat 30 Jan 2021,660,7796,0,157235,46324,7,157242,46331,3.08303803613524,0.908410190993385,297
-7.6926,53.28823,2021/04/09 23:00:00+00,Sat 10 Apr 2021,11195,4192,12,788256,336549,254,788510,336803,15.4602861949924,6.60368387380253,298
-7.6926,53.28823,2022/11/04 00:00:00+00,Fri 04 Nov 2022,33,22,0,3863560,3817577,241239,4104799,4058816,80.4826410735675,79.5810541056098,299
-7.6926,53.28823,2021/01/31 00:00:00+00,Sun 31 Jan 2021,241,4088,0,157476,50412,7,157483,50419,3.08776331415707,0.988563454699779,300
-7.6926,53.28823,2022/11/05 00:00:00+00,Sat 05 Nov 2022,35,54,0,3863595,3817631,241239,4104834,4058870,80.4833273172636,79.5821128815981,301
-7.6926,53.28823,2021/04/10 23:00:00+00,Sun 11 Apr 2021,2878,371,9,791134,336920,263,791397,337183,15.5168914964406,6.61113451964608,302
-7.6926,53.28823,2021/02/01 00:00:00+00,Mon 01 Feb 2021,1047,8337,1,158523,58749,8,158531,58757,3.10831141111507,1.15204631007745,303
-7.6926,53.28823,2022/11/06 00:00:00+00,Sun 06 Nov 2022,56,78,0,3863651,3817709,241239,4104890,4058948,80.4844253071774,79.5836422246923,304
-7.6926,53.28823,2021/04/11 23:00:00+00,Mon 12 Apr 2021,7798,2811,14,798932,339731,277,799209,340008,15.6700610894138,6.66652418940404,305
-7.6926,53.28823,2021/02/02 00:00:00+00,Tue 02 Feb 2021,854,5113,1,159377,63862,9,159386,63871,3.12507536426306,1.25231631756143,306
-7.6926,53.28823,2022/11/07 00:00:00+00,Mon 07 Nov 2022,18,3,0,3863669,3817712,241239,4104908,4058951,80.4847782325068,79.5837010455805,307
-7.6926,53.28823,2021/04/12 23:00:00+00,Tue 13 Apr 2021,11537,8600,1,810469,348331,278,810747,348609,15.8962862255793,6.83516367598396,308
-7.6926,53.28823,2021/02/03 00:00:00+00,Wed 03 Feb 2021,1417,6873,0,160794,70735,9,160803,70744,3.1528584304744,1.38707497251594,309
-7.6926,53.28823,2022/11/08 00:00:00+00,Tue 08 Nov 2022,17,32,0,3863686,3817744,241239,4104925,4058983,80.4851115508735,79.5843284683884,310
-7.6926,53.28823,2021/04/13 23:00:00+00,Wed 14 Apr 2021,20362,6605,2,830831,354936,280,831111,355216,16.2955624149425,6.96470687884799,311
-7.6926,53.28823,2021/02/04 00:00:00+00,Thu 04 Feb 2021,1460,10543,1,162254,81278,10,162264,81288,3.18150420304657,1.59381078771169,312
-7.6926,53.28823,2022/11/09 00:00:00+00,Wed 09 Nov 2022,36,32,0,3863722,3817776,241239,4104961,4059015,80.4858174015324,79.5849558911963,313
-7.6926,53.28823,2021/04/14 23:00:00+00,Thu 15 Apr 2021,27127,10826,1,857958,365762,281,858239,366043,16.827460100321,7.17699146450091,314
-7.6926,53.28823,2021/02/05 00:00:00+00,Fri 05 Feb 2021,3411,8616,0,165665,89894,10,165675,89904,3.2483835529738,1.7627443787328,315
-7.6926,53.28823,2022/11/10 00:00:00+00,Thu 10 Nov 2022,25,15,0,3863747,3817791,241239,4104986,4059030,80.486307575601,79.5852499956375,316
-7.6926,53.28823,2021/04/15 23:00:00+00,Fri 16 Apr 2021,27982,9853,1,885940,375615,282,886222,375897,17.3761217388474,7.37019847540179,317
-7.6926,53.28823,2021/02/06 00:00:00+00,Sat 06 Feb 2021,916,3871,0,166581,93765,10,166591,93775,3.2663435308493,1.83864293152327,318
-7.6926,53.28823,2022/11/11 00:00:00+00,Fri 11 Nov 2022,25,15,0,3863772,3817806,241239,4105011,4059045,80.4867977496697,79.5855441000786,319
-7.6926,53.28823,2021/04/16 23:00:00+00,Sat 17 Apr 2021,15864,4570,3,901804,380185,285,902089,380470,17.6872254167411,7.45986111604008,320
-7.6926,53.28823,2021/02/07 00:00:00+00,Sun 07 Feb 2021,341,1300,2,166922,95065,12,166934,95077,3.27306871907124,1.8641711970188,321
-7.6926,53.28823,2022/11/12 00:00:00+00,Sat 12 Nov 2022,69,87,0,3863841,3817893,241239,4105080,4059132,80.4881506300992,79.5872499058376,322
-7.6926,53.28823,2021/04/17 23:00:00+00,Sun 18 Apr 2021,1082,490,0,902886,380675,285,903171,380960,17.7084401504325,7.46946852778571,323
-7.6926,53.28823,2021/02/08 00:00:00+00,Mon 08 Feb 2021,1197,883,0,168119,95948,12,168131,95960,3.29653825347842,1.88148414512368,324
-7.6926,53.28823,2022/11/13 00:00:00+00,Sun 13 Nov 2022,40,62,1,3863881,3817955,241240,4105121,4059195,80.4889545155717,79.5884851444906,325
-7.6926,53.28823,2021/04/18 23:00:00+00,Mon 19 Apr 2021,6775,2271,0,909661,382946,285,909946,383231,17.8412773230379,7.51399594018229,326
-7.6926,53.28823,2021/02/09 00:00:00+00,Tue 09 Feb 2021,4279,556,3,172398,96504,15,172413,96519,3.38049526795758,1.8924444372988,327
-7.6926,53.28823,2022/11/14 00:00:00+00,Mon 14 Nov 2022,4,2,0,3863885,3817957,241240,4105125,4059197,80.4890329434227,79.5885243584161,328
-7.6926,53.28823,2021/04/19 23:00:00+00,Tue 20 Apr 2021,15107,7337,1,924768,390283,286,925054,390569,18.1374993162072,7.65787183281378,329
-7.6926,53.28823,2021/02/10 00:00:00+00,Wed 10 Feb 2021,8838,587,0,181236,97091,15,181251,97106,3.55378160470834,1.9039537244308,330
-7.6926,53.28823,2022/11/15 00:00:00+00,Tue 15 Nov 2022,18,8,0,3863903,3817965,241240,4105143,4059205,80.4893858687522,79.588681214118,331
-7.6926,53.28823,2021/04/20 23:00:00+00,Wed 21 Apr 2021,26755,9911,4,951523,400194,290,951813,400484,18.6621620323323,7.85227486844218,332
-7.6926,53.28823,2021/02/11 00:00:00+00,Thu 11 Feb 2021,6209,453,0,187445,97544,15,187460,97559,3.67552123639939,1.91283567855483,333
-7.6926,53.28823,2022/11/16 00:00:00+00,Wed 16 Nov 2022,29,20,0,3863932,3817985,241240,4105172,4059225,80.4899544706718,79.589073353373,334
-7.6926,53.28823,2021/04/21 23:00:00+00,Thu 22 Apr 2021,31650,12200,1,983173,412394,291,983464,412685,19.2827420102117,8.09149942090835,335
-7.6926,53.28823,2021/02/12 00:00:00+00,Fri 12 Feb 2021,4409,528,0,191854,98072,15,191869,98087,3.7619683351473,1.92318815488481,336
-7.6926,53.28823,2021/02/13 00:00:00+00,Sat 13 Feb 2021,1227,1920,0,193081,99992,15,193096,100007,3.78602607843687,1.96083352335748,337
-7.6926,53.28823,2021/02/14 00:00:00+00,Sun 14 Feb 2021,2712,29,0,195793,100021,15,195808,100036,3.83920016140452,1.96140212527712,338
-7.6926,53.28823,2021/02/15 00:00:00+00,Mon 15 Feb 2021,1978,7898,0,197771,107919,15,197786,107934,3.87798273371647,2.11625791704647,339
-7.6926,53.28823,2021/02/16 00:00:00+00,Tue 16 Feb 2021,5665,8171,0,203436,116090,15,203451,116105,3.98905617767359,2.27646640964553,340
-7.6926,53.28823,2021/02/17 00:00:00+00,Wed 17 Feb 2021,9764,8467,0,213200,124557,15,213215,124572,4.18049856192732,2.44247856321746,341
-7.6926,53.28823,2021/02/18 00:00:00+00,Thu 18 Feb 2021,8478,8362,1,221678,132919,16,221694,132935,4.3467459990522,2.60645159266378,342
-7.6926,53.28823,2021/02/19 00:00:00+00,Fri 19 Feb 2021,9405,6595,3,231083,139514,19,231102,139533,4.53120830456828,2.73581833286309,343
-7.6926,53.28823,2021/02/20 00:00:00+00,Sat 20 Feb 2021,5899,3581,2,236982,143095,21,237003,143116,4.64690899173351,2.80607008038267,344
-7.6926,53.28823,2021/02/21 00:00:00+00,Sun 21 Feb 2021,1121,1026,7,238103,144121,28,238131,144149,4.6690256457112,2.82632407289947,345
-7.6926,53.28823,2021/02/22 00:00:00+00,Mon 22 Feb 2021,3957,1131,3,242060,145252,31,242091,145283,4.74666921818609,2.84855836865364,346
-7.6926,53.28823,2021/02/23 00:00:00+00,Tue 23 Feb 2021,13381,1074,1,255441,146326,32,255473,146358,5.0090495936555,2.86963585360579,347
-7.6926,53.28823,2021/02/24 00:00:00+00,Wed 24 Feb 2021,16958,2113,6,272399,148439,38,272437,148477,5.34166210968174,2.91118300766495,348
-7.6926,53.28823,2021/02/25 00:00:00+00,Thu 25 Feb 2021,18111,1770,3,290510,150209,41,290551,150250,5.69682263286609,2.94594615261393,349
-7.6926,53.28823,2021/02/26 00:00:00+00,Fri 26 Feb 2021,16102,2783,1,306612,152992,42,306654,153034,6.01255355396787,3.0005319368993,350
-7.6926,53.28823,2021/02/27 00:00:00+00,Sat 27 Feb 2021,9012,707,1,315624,153699,43,315667,153742,6.18927110919921,3.0144136665236,351
-7.6926,53.28823,2021/02/28 00:00:00+00,Sun 28 Feb 2021,2455,61,2,318079,153760,45,318124,153805,6.23744541666658,3.01564890517661,352
-7.6926,53.28823,2021/03/01 00:00:00+00,Mon 01 Mar 2021,5643,811,0,323722,154571,45,323767,154616,6.34808750744329,3.03155015196376,353
-7.6926,53.28823,2021/03/02 00:00:00+00,Tue 02 Mar 2021,12216,1623,0,335938,156194,45,335983,156239,6.58760616435066,3.06337225250082,354
-7.6926,53.28823,2021/03/03 00:00:00+00,Wed 03 Mar 2021,12930,1517,1,348868,157711,46,348914,157757,6.84114379962155,3.09313562194952,355
-7.6926,53.28823,2021/03/04 00:00:00+00,Thu 04 Mar 2021,18746,1701,5,367614,159412,51,367665,159463,7.20879395807522,3.12658510039451,356
-7.6926,53.28823,2021/03/05 00:00:00+00,Fri 05 Mar 2021,18481,2408,6,386095,161820,57,386152,161877,7.57126787836389,3.1739163084638,357
-7.6926,53.28823,2021/03/06 00:00:00+00,Sat 06 Mar 2021,10418,153,5,396513,161973,62,396575,162035,7.77563125106735,3.17701420857769,358
-7.6926,53.28823,2021/03/07 00:00:00+00,Sun 07 Mar 2021,1541,19,5,398054,161992,67,398121,162059,7.80594361547295,3.1774847756836,359
-7.6926,53.28823,2021/03/08 00:00:00+00,Mon 08 Mar 2021,6688,1513,6,404742,163505,73,404815,163578,7.9371926240959,3.20726775209505,360
-7.6926,53.28823,2021/03/09 00:00:00+00,Tue 09 Mar 2021,13868,3116,7,418610,166621,80,418690,166701,8.20923923219918,3.26850029675138,361
-7.6926,53.28823,2021/03/10 00:00:00+00,Wed 10 Mar 2021,13767,4009,3,432377,170630,83,432460,170713,8.47922710921411,3.34716343128907,362
-7.6926,53.28823,2021/03/11 00:00:00+00,Thu 11 Mar 2021,18516,2110,4,450893,172740,87,450980,172827,8.84234805927342,3.3886125505345,363
-7.6926,53.28823,2021/03/12 00:00:00+00,Fri 12 Mar 2021,17366,1353,4,468259,174093,91,468350,174184,9.18292100217461,3.41521919898107,364
-7.6926,53.28823,2021/03/13 00:00:00+00,Sat 13 Mar 2021,8342,181,0,476601,174274,91,476692,174365,9.34648228540326,3.41876805923812,365
-7.6926,53.28823,2021/03/14 00:00:00+00,Sun 14 Mar 2021,400,23,3,477001,174297,94,477095,174391,9.35438389138998,3.41927784026953,366
-7.6926,53.28823,2021/03/15 00:00:00+00,Mon 15 Mar 2021,2682,1007,0,479683,175304,94,479777,175398,9.40696976547524,3.43902205175493,367
-7.6926,53.28823,2021/03/16 00:00:00+00,Tue 16 Mar 2021,8980,3834,2,488663,179138,96,488759,179234,9.58307950486145,3.51423436084929,368
-7.6926,53.28823,2021/03/17 00:00:00+00,Wed 17 Mar 2021,4917,2430,8,493580,181568,104,493684,181672,9.6796437963864,3.56203613602448,369
-7.6926,53.28823,2021/03/18 00:00:00+00,Thu 18 Mar 2021,11761,4694,8,505341,186262,112,505453,186374,9.91039814094622,3.65422807485703,370
-7.6926,53.28823,2021/03/19 00:00:00+00,Fri 19 Mar 2021,10400,6145,2,515741,192407,114,515855,192521,10.114349767432,3.77475207485781,371
-7.6926,53.28823,2021/03/20 00:00:00+00,Sat 20 Mar 2021,5268,3131,4,521009,195538,118,521127,195656,10.2177176750299,3.8362199030671,372
-7.6926,53.28823,2021/03/21 00:00:00+00,Sun 21 Mar 2021,3661,59,3,524670,195597,121,524791,195718,10.2895575865319,3.83743553475736,373
-7.6926,53.28823,2021/03/22 00:00:00+00,Mon 22 Mar 2021,7438,2425,1,532108,198022,122,532230,198144,10.4354137824008,3.8850020263796,374
-7.6926,53.28823,2021/03/23 00:00:00+00,Tue 23 Mar 2021,12584,7412,6,544692,205434,128,544820,205562,10.6822654433752,4.03044647603078,375
-7.6926,53.28823,2021/03/24 00:00:00+00,Wed 24 Mar 2021,13653,9791,2,558345,215225,130,558475,215355,10.9499985196743,4.22245746220415,376
-7.6926,53.28823,2021/03/25 00:00:00+00,Thu 25 Mar 2021,20901,10236,3,579246,225461,133,579379,225594,11.3598624689205,4.42321315376231,377
-7.6926,53.28823,2021/03/26 00:00:00+00,Fri 26 Mar 2021,19724,9517,1,598970,234978,134,599104,235112,11.746609809089,4.60983222518048,378
-7.6926,53.28823,2021/03/27 00:00:00+00,Sat 27 Mar 2021,11777,5365,3,610747,240343,137,610884,240480,11.977579830239,4.71508240120199,379
-7.6926,53.28823,2021/03/28 00:00:00+00,Sun 28 Mar 2021,2505,490,0,613252,240833,137,613389,240970,12.0266952719182,4.72468981294761,380
-7.6926,53.28823,2021/03/28 23:00:00+00,Mon 29 Mar 2021,9298,3133,3,622550,243966,140,622690,244106,12.2090596324204,4.78617724811964,381
-7.6926,53.28823,2021/03/29 23:00:00+00,Tue 30 Mar 2021,13356,8685,4,635906,252651,144,636050,252795,12.4710086547094,4.95654214742122,382
-7.6926,53.28823,2021/03/30 23:00:00+00,Wed 31 Mar 2021,15863,10519,4,651769,263170,148,651917,263318,12.7821123326031,5.1628662163993,383
-7.6926,53.28823,2021/03/31 23:00:00+00,Thu 01 Apr 2021,19739,11596,9,671508,274766,157,671665,274923,13.1693106329147,5.39040501906875,384
-7.6926,53.28823,2021/04/01 23:00:00+00,Fri 02 Apr 2021,20167,13731,9,691675,288497,166,691841,288663,13.5649007132817,5.6598046872013,385
-7.6926,53.28823,2021/04/02 23:00:00+00,Sat 03 Apr 2021,7566,4644,7,699241,293141,173,699414,293314,13.7133842421585,5.7509966709338,386
-7.6926,53.28823,2021/04/03 23:00:00+00,Sun 04 Apr 2021,3051,175,3,702292,293316,176,702468,293492,13.7732639063854,5.75448671030262,387
-7.6926,53.28823,2021/04/04 23:00:00+00,Mon 05 Apr 2021,3459,619,6,705751,293935,182,705933,294117,13.8412020323009,5.76674106201898,388
-7.6926,53.28823,2021/04/05 23:00:00+00,Tue 06 Apr 2021,12022,8162,14,717773,302097,196,717969,302293,14.077191435914,5.92704758943177,389
-7.6926,53.28823,2021/04/06 23:00:00+00,Wed 07 Apr 2021,18390,10500,12,736163,312597,208,736371,312805,14.4379987643692,6.13315598181964,390
-7.6926,53.28823,2021/04/07 23:00:00+00,Thu 08 Apr 2021,20208,10586,18,756371,323183,226,756597,323409,14.8345691928735,6.34106821478016,391
-7.6926,53.28823,2021/04/08 23:00:00+00,Fri 09 Apr 2021,20690,9174,16,777061,332357,242,777303,332599,15.240550963496,6.52125620241758,392
-7.6926,53.28823,2022/05/26 23:00:00+00,Fri 27 May 2022,95,152,2,3853759,3804059,241218,4094977,4045277,80.2900614854745,79.3155954369892,393
-7.6926,53.28823,2022/11/17 00:00:00+00,Thu 17 Nov 2022,29,9,1,3863961,3817994,241241,4105202,4059235,80.4905426795542,79.5892694230004,394
-7.6926,53.28823,2022/05/27 23:00:00+00,Sat 28 May 2022,335,580,0,3854094,3804639,241218,4095312,4045857,80.2966298179944,79.326967475382,395
-7.6926,53.28823,2021/04/22 23:00:00+00,Fri 23 Apr 2021,33626,12369,3,1016799,424763,294,1017093,425057,19.9421045604031,8.33407676400413,396
-7.6926,53.28823,2022/11/18 00:00:00+00,Fri 18 Nov 2022,16,22,0,3863977,3818016,241241,4105218,4059257,80.4908563909581,79.5897007761808,397
-7.6926,53.28823,2022/05/28 23:00:00+00,Sun 29 May 2022,181,349,0,3854275,3804988,241218,4095493,4046206,80.3001786782515,79.3338103053804,398
-7.6926,53.28823,2022/11/19 00:00:00+00,Sat 19 Nov 2022,52,57,0,3864029,3818073,241241,4105270,4059314,80.4918759530209,79.5908183730574,399
-7.6926,53.28823,2021/04/23 23:00:00+00,Sat 24 Apr 2021,23714,7020,2,1040513,431783,296,1040809,432079,20.4071032888915,8.47175685640782,400
-7.6926,53.28823,2022/05/29 23:00:00+00,Mon 30 May 2022,9,24,0,3854284,3805012,241218,4095502,4046230,80.3003551409162,79.3342808724863,401
-7.6926,53.28823,2022/11/20 00:00:00+00,Sun 20 Nov 2022,39,56,0,3864068,3818129,241241,4105309,4059370,80.492640624568,79.5919163629711,402
-7.6926,53.28823,2021/04/24 23:00:00+00,Sun 25 Apr 2021,9762,312,3,1050275,432095,299,1050574,432394,20.598565280108,8.47793304967287,403
-7.6926,53.28823,2022/05/30 23:00:00+00,Tue 31 May 2022,65,80,2,3854349,3805092,241220,4095569,4046312,80.3016688074202,79.3358886434315,404
-7.6926,53.28823,2022/11/21 00:00:00+00,Mon 21 Nov 2022,6,3,0,3864074,3818132,241241,4105315,4059373,80.4927582663445,79.5919751838594,405
-7.6926,53.28823,2021/04/25 23:00:00+00,Mon 26 Apr 2021,15609,3064,4,1065884,435159,303,1066187,435462,20.9046887894642,8.53808721137816,406
-7.6926,53.28823,2022/05/31 23:00:00+00,Wed 01 Jun 2022,73,102,0,3854422,3805194,241220,4095642,4046414,80.3031001157007,79.3378885536316,407
-7.6926,53.28823,2022/11/22 00:00:00+00,Tue 22 Nov 2022,34,22,0,3864108,3818154,241241,4105349,4059395,80.4934249030779,79.5924065370398,408
-7.6926,53.28823,2021/04/26 23:00:00+00,Tue 27 Apr 2021,25938,7830,9,1091822,442989,312,1092134,443301,21.4134306518394,8.69178619234548,409
-7.6926,53.28823,2022/06/01 23:00:00+00,Thu 02 Jun 2022,92,142,0,3854514,3805336,241220,4095734,4046556,80.3049039562733,79.3406727423416,410
-7.6926,53.28823,2022/11/23 00:00:00+00,Wed 23 Nov 2022,13,16,0,3864121,3818170,241241,4105362,4059411,80.4936797935936,79.5927202484438,411
-7.6926,53.28823,2021/04/27 23:00:00+00,Wed 28 Apr 2021,26061,8636,7,1117883,451625,319,1118202,451944,21.9245449567068,8.86124917136074,412
-7.6926,53.28823,2022/06/02 23:00:00+00,Fri 03 Jun 2022,59,143,0,3854573,3805479,241220,4095793,4046699,80.3060607670754,79.3434765380143,413
-7.6926,53.28823,2022/11/24 00:00:00+00,Thu 24 Nov 2022,16,18,0,3864137,3818188,241241,4105378,4059429,80.4939935049975,79.5930731737732,414
-7.6926,53.28823,2021/04/28 23:00:00+00,Thu 29 Apr 2021,31711,11340,7,1149594,462965,326,1149920,463291,22.5464386010903,9.08372937764167,415
-7.6926,53.28823,2022/06/03 23:00:00+00,Sat 04 Jun 2022,305,607,0,3854878,3806086,241220,4096098,4047306,80.312040890713,79.3553779644012,416
-7.6926,53.28823,2022/11/25 00:00:00+00,Fri 25 Nov 2022,7,11,0,3864144,3818199,241241,4105385,4059440,80.4941307537368,79.5932888503634,417
-7.6926,53.28823,2021/04/29 23:00:00+00,Fri 30 Apr 2021,36121,13548,9,1185715,476513,335,1186050,476848,23.2548381651098,9.34954097159167,418
-7.6926,53.28823,2022/06/04 23:00:00+00,Sun 05 Jun 2022,143,273,0,3855021,3806359,241220,4096241,4047579,80.3148446863857,79.3607306652309,419
-7.6926,53.28823,2022/11/26 00:00:00+00,Sat 26 Nov 2022,64,63,0,3864208,3818262,241241,4105449,4059503,80.4953855993525,79.5945240890164,420
-7.6926,53.28823,2021/04/30 23:00:00+00,Sat 01 May 2021,16649,6705,21,1202364,483218,356,1202720,483574,23.5816862340887,9.48141740302249,421
-7.6926,53.28823,2022/06/05 23:00:00+00,Mon 06 Jun 2022,5,7,1,3855026,3806366,241221,4096247,4047587,80.3149623281621,79.3608875209329,422
-7.6926,53.28823,2022/11/27 00:00:00+00,Sun 27 Nov 2022,36,42,0,3864244,3818304,241241,4105485,4059545,80.4960914500114,79.5953475814517,423
-7.6926,53.28823,2021/05/01 23:00:00+00,Sun 02 May 2021,12487,915,16,1214851,484133,372,1215223,484505,23.8268320893042,9.49967148533919,424
-7.6926,53.28823,2022/06/06 23:00:00+00,Tue 07 Jun 2022,29,54,0,3855055,3806420,241221,4096276,4047641,80.3155309300818,79.3619462969212,425
-7.6926,53.28823,2022/11/28 00:00:00+00,Mon 28 Nov 2022,4,1,0,3864248,3818305,241241,4105489,4059546,80.4961698778623,79.5953671884145,426
-7.6926,53.28823,2021/05/02 23:00:00+00,Mon 03 May 2021,14288,944,21,1229139,485077,393,1229532,485470,24.1073881192393,9.51859220438925,427
-7.6926,53.28823,2022/06/07 23:00:00+00,Wed 08 Jun 2022,36,76,0,3855091,3806496,241221,4096312,4047717,80.3162367807406,79.3634364260899,428
-7.6926,53.28823,2022/11/29 00:00:00+00,Tue 29 Nov 2022,26,18,0,3864274,3818323,241241,4105515,4059564,80.4966796588937,79.5957201137439,429
-7.6926,53.28823,2021/05/03 23:00:00+00,Tue 04 May 2021,26685,6815,11,1255824,491892,404,1256228,492296,24.6308155967114,9.6524293320947,430
-7.6926,53.28823,2022/06/08 23:00:00+00,Thu 09 Jun 2022,74,122,0,3855165,3806618,241221,4096386,4047839,80.3176876959838,79.3658284755449,431
-7.6926,53.28823,2022/11/30 00:00:00+00,Wed 30 Nov 2022,29,13,0,3864303,3818336,241241,4105544,4059577,80.4972482608134,79.5959750042596,432
-7.6926,53.28823,2021/05/04 23:00:00+00,Wed 05 May 2021,32157,13478,70,1287981,505370,474,1288455,505844,25.2626891851327,9.91806446337998,433
-7.6926,53.28823,2022/06/09 23:00:00+00,Fri 10 Jun 2022,56,108,0,3855221,3806726,241221,4096442,4047947,80.3187856858976,79.3679460275215,434
-7.6926,53.28823,2021/05/05 23:00:00+00,Thu 06 May 2021,37318,14389,133,1325299,519759,607,1325906,520366,25.99698954694,10.20279677638,435
-7.6926,53.28823,2022/12/01 00:00:00+00,Thu 01 Dec 2022,16,11,0,3864319,3818347,241241,4105560,4059588,80.4975619722173,79.5961906808498,436
-7.6926,53.28823,2022/06/10 23:00:00+00,Sat 11 Jun 2022,190,562,0,3855411,3807288,241221,4096632,4048509,80.3225110088194,79.3789651405849,437
-7.6926,53.28823,2021/05/06 23:00:00+00,Fri 07 May 2021,40620,15102,99,1365919,534861,706,1366625,535567,26.7953654630018,10.5008422170848,438
-7.6926,53.28823,2022/12/02 00:00:00+00,Fri 02 Dec 2022,8,18,0,3864327,3818365,241241,4105568,4059606,80.4977188279193,79.5965436061793,439
-7.6926,53.28823,2022/06/11 23:00:00+00,Sun 12 Jun 2022,143,288,0,3855554,3807576,241221,4096775,4048797,80.3253148044921,79.3846119458558,440
-7.6926,53.28823,2021/05/07 23:00:00+00,Sat 08 May 2021,25648,7073,10,1391567,541934,716,1392283,542650,27.2984409131433,10.639718334216,441
-7.6926,53.28823,2022/12/03 00:00:00+00,Sat 03 Dec 2022,40,71,0,3864367,3818436,241241,4105608,4059677,80.4985031064291,79.5979357005342,442
-7.6926,53.28823,2022/06/12 23:00:00+00,Mon 13 Jun 2022,17,42,0,3855571,3807618,241221,4096792,4048839,80.3256481228588,79.3854354382911,443
-7.6926,53.28823,2021/05/08 23:00:00+00,Sun 09 May 2021,19688,936,5,1411255,542870,721,1411976,543591,27.6845608305039,10.6581684861601,444
-7.6926,53.28823,2022/12/04 00:00:00+00,Sun 04 Dec 2022,41,47,0,3864408,3818483,241241,4105649,4059724,80.4993069919017,79.5988572277833,445
-7.6926,53.28823,2022/06/13 23:00:00+00,Tue 14 Jun 2022,37,55,0,3855608,3807673,241221,4096829,4048894,80.3263735804804,79.3865138212421,446
-7.6926,53.28823,2021/05/09 23:00:00+00,Mon 10 May 2021,28877,4668,172,1440132,547538,893,1441025,548431,28.2541234913177,10.7530661858517,447
-7.6926,53.28823,2022/12/05 00:00:00+00,Mon 05 Dec 2022,12,5,0,3864420,3818488,241241,4105661,4059729,80.4995422754547,79.598955262597,448
-7.6926,53.28823,2022/06/14 23:00:00+00,Wed 15 Jun 2022,66,124,0,3855674,3807797,241221,4096895,4049018,80.3276676400216,79.3889450846227,449
-7.6926,53.28823,2021/05/10 23:00:00+00,Tue 11 May 2021,33937,14829,153,1474069,562367,1046,1475115,563413,28.9225248513351,11.046817701715,450
-7.6926,53.28823,2022/12/06 00:00:00+00,Tue 06 Dec 2022,25,30,0,3864445,3818518,241241,4105686,4059759,80.5000324495233,79.5995434714794,451
-7.6926,53.28823,2022/06/15 23:00:00+00,Thu 16 Jun 2022,43,84,0,3855717,3807881,241221,4096938,4049102,80.3285107394197,79.3905920694934,452
-7.6926,53.28823,2021/05/11 23:00:00+00,Wed 12 May 2021,31327,20941,176,1505396,583308,1222,1506618,584530,29.5402029987281,11.4608579340261,453
-7.6926,53.28823,2022/12/07 00:00:00+00,Wed 07 Dec 2022,19,24,0,3864464,3818542,241241,4105705,4059783,80.5004049818155,79.6000140385853,454
-7.6926,53.28823,2022/06/16 23:00:00+00,Fri 17 Jun 2022,59,95,0,3855776,3807976,241221,4096997,4049197,80.3296675502218,79.3924547309542,455
-7.6926,53.28823,2021/05/12 23:00:00+00,Thu 13 May 2021,36025,25491,153,1541421,608799,1375,1542796,610174,30.2495436969595,11.9636588866892,456
-7.6926,53.28823,2022/12/08 00:00:00+00,Thu 08 Dec 2022,12,13,1,3864476,3818555,241242,4105718,4059797,80.5006598723312,79.6002885360638,457
-7.6926,53.28823,2022/06/17 23:00:00+00,Sat 18 Jun 2022,223,488,0,3855999,3808464,241221,4097220,4049685,80.3340399029142,79.4020229287744,458
-7.6926,53.28823,2021/05/13 23:00:00+00,Fri 14 May 2021,38251,27960,237,1579672,636759,1612,1581284,638371,31.0041764791346,12.5165164152433,459
-7.6926,53.28823,2022/12/09 00:00:00+00,Fri 09 Dec 2022,13,17,0,3864489,3818572,241242,4105731,4059814,80.5009147628469,79.6006218544305,460
-7.6926,53.28823,2022/06/18 23:00:00+00,Sun 19 Jun 2022,79,129,0,3856078,3808593,241221,4097299,4049814,80.3355888529711,79.4045522269686,461
-7.6926,53.28823,2021/05/14 23:00:00+00,Sat 15 May 2021,28896,12472,22,1608568,649231,1634,1610202,650865,31.5711706278287,12.7614858077941,462
-7.6926,53.28823,2022/12/10 00:00:00+00,Sat 10 Dec 2022,45,44,0,3864534,3818616,241242,4105776,4059858,80.5017970761705,79.6014845607913,463
-7.6926,53.28823,2022/06/19 23:00:00+00,Mon 20 Jun 2022,9,28,0,3856087,3808621,241221,4097308,4049842,80.3357653156358,79.4051012219255,464
-7.6926,53.28823,2021/05/15 23:00:00+00,Sun 16 May 2021,23201,1188,11,1631769,650419,1645,1633414,652064,32.0262874470931,12.7849945561268,465
-7.6926,53.28823,2022/12/11 00:00:00+00,Sun 11 Dec 2022,28,42,0,3864562,3818658,241242,4105804,4059900,80.5023460711274,79.6023080532266,466
-7.6926,53.28823,2022/06/20 23:00:00+00,Tue 21 Jun 2022,74,169,2,3856161,3808790,241223,4097384,4050013,80.3372554448045,79.4084540125551,467
-7.6926,53.28823,2021/05/16 23:00:00+00,Mon 17 May 2021,35415,3968,120,1667184,654387,1765,1668949,656152,32.7230208682787,12.8651478198332,468
-7.6926,53.28823,2022/12/12 00:00:00+00,Mon 12 Dec 2022,4,2,0,3864566,3818660,241242,4105808,4059902,80.5024244989784,79.6023472671521,469
-7.6926,53.28823,2022/06/21 23:00:00+00,Wed 22 Jun 2022,60,96,0,3856221,3808886,241223,4097444,4050109,80.3384318625693,79.4103362809788,470
-7.6926,53.28823,2021/05/17 23:00:00+00,Tue 18 May 2021,39051,12519,127,1706235,666906,1892,1708127,668798,33.4911824547486,13.1130974707214,471
-7.6926,53.28823,2022/12/13 00:00:00+00,Tue 13 Dec 2022,19,15,0,3864585,3818675,241242,4105827,4059917,80.5027970312706,79.6026413715933,472
-7.6926,53.28823,2022/06/22 23:00:00+00,Thu 23 Jun 2022,64,113,0,3856285,3808999,241223,4097508,4050222,80.3396867081851,79.4125518677691,473
-7.6926,53.28823,2021/05/18 23:00:00+00,Wed 19 May 2021,37059,17622,212,1743294,684528,2104,1745398,686632,34.2219535632616,13.4627680443368,474
-7.6926,53.28823,2022/12/14 00:00:00+00,Wed 14 Dec 2022,14,20,0,3864599,3818695,241242,4105841,4059937,80.503071528749,79.6030335108482,475
-7.6926,53.28823,2022/06/23 23:00:00+00,Fri 24 Jun 2022,55,93,1,3856340,3809092,241224,4097564,4050316,80.3407846980989,79.4143949222672,476
-7.6926,53.28823,2021/05/19 23:00:00+00,Thu 20 May 2021,39123,19650,138,1782417,704178,2242,1784659,706420,34.9917425276394,13.8507506231583,477
-7.6926,53.28823,2022/12/15 00:00:00+00,Thu 15 Dec 2022,12,9,0,3864611,3818704,241242,4105853,4059946,80.503306812302,79.603209973513,478
-7.6926,53.28823,2021/11/02 00:00:00+00,Tue 02 Nov 2021,1100,1102,10,3627673,3562847,241012,3868685,3803859,75.8531626717153,74.5821217047313,479
-7.6926,53.28823,2022/06/24 23:00:00+00,Sat 25 Jun 2022,210,293,0,3856550,3809385,241224,4097774,4050609,80.3449021602755,79.4201397623519,480
-7.6926,53.28823,2022/06/25 23:00:00+00,Sun 26 Jun 2022,174,402,0,3856724,3809787,241224,4097948,4051011,80.3483137717934,79.4280217613758,481
-7.6926,53.28823,2022/06/26 23:00:00+00,Mon 27 Jun 2022,5,35,0,3856729,3809822,241224,4097953,4051046,80.3484118066071,79.4287080050719,482
-7.6926,53.28823,2022/06/27 23:00:00+00,Tue 28 Jun 2022,49,60,0,3856778,3809882,241224,4098002,4051106,80.3493725477817,79.4298844228367,483
-7.6926,53.28823,2022/06/28 23:00:00+00,Wed 29 Jun 2022,63,81,4,3856841,3809963,241228,4098069,4051191,80.3506862142857,79.4315510146701,484
-7.6926,53.28823,2022/06/29 23:00:00+00,Thu 30 Jun 2022,48,89,0,3856889,3810052,241228,4098117,4051280,80.3516273484975,79.4332960343545,485
-7.6926,53.28823,2022/06/30 23:00:00+00,Fri 01 Jul 2022,46,67,0,3856935,3810119,241228,4098163,4051347,80.3525292687838,79.4346097008585,486
-7.6926,53.28823,2022/07/01 23:00:00+00,Sat 02 Jul 2022,182,228,0,3857117,3810347,241228,4098345,4051575,80.3560977360036,79.4390800883647,487
-7.6926,53.28823,2022/07/02 23:00:00+00,Sun 03 Jul 2022,108,274,0,3857225,3810621,241228,4098453,4051849,80.3582152879802,79.4444523961571,488
-7.6926,53.28823,2022/07/03 23:00:00+00,Mon 04 Jul 2022,15,15,1,3857240,3810636,241229,4098469,4051865,80.3585289993841,79.4447661075611,489
-7.6926,53.28823,2022/07/04 23:00:00+00,Tue 05 Jul 2022,51,69,0,3857291,3810705,241229,4098520,4051934,80.3595289544842,79.4461189879905,490
-7.6926,53.28823,2022/07/05 23:00:00+00,Wed 06 Jul 2022,60,83,0,3857351,3810788,241229,4098580,4052017,80.360705372249,79.4477463658985,491
-7.6926,53.28823,2022/07/06 23:00:00+00,Thu 07 Jul 2022,78,77,0,3857429,3810865,241229,4098658,4052094,80.3622347153432,79.4492561020299,492
-7.6926,53.28823,2022/07/07 23:00:00+00,Fri 08 Jul 2022,99,91,0,3857528,3810956,241229,4098757,4052185,80.364175804655,79.4510403356398,493
-7.6926,53.28823,2022/07/08 23:00:00+00,Sat 09 Jul 2022,119,144,0,3857647,3811100,241229,4098876,4052329,80.3665090332218,79.4538637382753,494
-7.6926,53.28823,2022/07/09 23:00:00+00,Sun 10 Jul 2022,135,219,0,3857782,3811319,241229,4099011,4052548,80.3691559731926,79.4581576631167,495
-7.6926,53.28823,2022/07/10 23:00:00+00,Mon 11 Jul 2022,11,16,0,3857793,3811335,241229,4099022,4052564,80.3693716497828,79.4584713745206,496
-7.6926,53.28823,2022/07/11 23:00:00+00,Tue 12 Jul 2022,44,81,0,3857837,3811416,241229,4099066,4052645,80.3702343561436,79.4600595385031,497
-7.6926,53.28823,2022/07/12 23:00:00+00,Wed 13 Jul 2022,99,74,1,3857936,3811490,241230,4099166,4052720,80.3721950524182,79.461530060709,498
-7.6926,53.28823,2022/07/13 23:00:00+00,Thu 14 Jul 2022,73,39,0,3858009,3811529,241230,4099239,4052759,80.3736263606987,79.4622947322561,499
-7.6926,53.28823,2022/07/14 23:00:00+00,Fri 15 Jul 2022,80,118,1,3858089,3811647,241231,4099320,4052878,80.3752145246812,79.4646279608229,500
-7.6926,53.28823,2022/07/15 23:00:00+00,Sat 16 Jul 2022,124,209,0,3858213,3811856,241231,4099444,4053087,80.3776457880617,79.4687258160369,501
-7.6926,53.28823,2022/07/16 23:00:00+00,Sun 17 Jul 2022,119,165,0,3858332,3812021,241231,4099563,4053252,80.3799790166285,79.47196096489,502
-7.6926,53.28823,2022/07/17 23:00:00+00,Mon 18 Jul 2022,14,18,0,3858346,3812039,241231,4099577,4053270,80.3802535141069,79.4723138902194,503
-7.6926,53.28823,2022/07/18 23:00:00+00,Tue 19 Jul 2022,30,34,0,3858376,3812073,241231,4099607,4053304,80.3808417229893,79.4729805269528,504
-7.6926,53.28823,2022/07/19 23:00:00+00,Wed 20 Jul 2022,78,66,0,3858454,3812139,241231,4099685,4053370,80.3823710660835,79.474274586494,505
-7.6926,53.28823,2022/07/20 23:00:00+00,Thu 21 Jul 2022,53,30,0,3858507,3812169,241231,4099738,4053400,80.3834102351091,79.4748627953764,506
-7.6926,53.28823,2022/07/21 23:00:00+00,Fri 22 Jul 2022,75,70,0,3858582,3812239,241231,4099813,4053470,80.384880757315,79.4762352827687,507
-7.6926,53.28823,2022/07/22 23:00:00+00,Sat 23 Jul 2022,100,175,0,3858682,3812414,241231,4099913,4053645,80.3868414535896,79.4796665012493,508
-7.6926,53.28823,2022/07/23 23:00:00+00,Sun 24 Jul 2022,108,230,0,3858790,3812644,241231,4100021,4053875,80.3889590055662,79.4841761026809,509
-7.6926,53.28823,2022/07/24 23:00:00+00,Mon 25 Jul 2022,14,23,0,3858804,3812667,241231,4100035,4053898,80.3892335030447,79.484627062824,510
-7.6926,53.28823,2022/07/25 23:00:00+00,Tue 26 Jul 2022,18,16,0,3858822,3812683,241231,4100053,4053914,80.3895864283741,79.484940774228,511
-7.6926,53.28823,2022/07/26 23:00:00+00,Wed 27 Jul 2022,61,72,1,3858883,3812755,241232,4100115,4053987,80.3908020600644,79.4863720825085,512
-7.6926,53.28823,2022/07/27 23:00:00+00,Thu 28 Jul 2022,49,73,0,3858932,3812828,241232,4100164,4054060,80.3917628012389,79.4878033907889,513
-7.6926,53.28823,2022/07/28 23:00:00+00,Fri 29 Jul 2022,71,105,0,3859003,3812933,241232,4100235,4054165,80.3931548955939,79.4898621218773,514
-7.6926,53.28823,2022/07/29 23:00:00+00,Sat 30 Jul 2022,100,119,0,3859103,3813052,241232,4100335,4054284,80.3951155918685,79.4921953504441,515
-7.6926,53.28823,2022/07/30 23:00:00+00,Sun 31 Jul 2022,32,57,0,3859135,3813109,241232,4100367,4054341,80.3957430146764,79.4933129473206,516
-7.6926,53.28823,2022/07/31 23:00:00+00,Mon 01 Aug 2022,9,15,0,3859144,3813124,241232,4100376,4054356,80.3959194773411,79.4936070517618,517
-7.6926,53.28823,2022/08/01 23:00:00+00,Tue 02 Aug 2022,36,30,0,3859180,3813154,241232,4100412,4054386,80.396625328,79.4941952606442,518
-7.6926,53.28823,2022/08/02 23:00:00+00,Wed 03 Aug 2022,93,139,0,3859273,3813293,241232,4100505,4054525,80.3984487755354,79.4969206284659,519
-7.6926,53.28823,2022/08/03 23:00:00+00,Thu 04 Aug 2022,46,55,0,3859319,3813348,241232,4100551,4054580,80.3993506958217,79.4979990114169,520
-7.6926,53.28823,2022/08/04 23:00:00+00,Fri 05 Aug 2022,96,91,0,3859415,3813439,241232,4100647,4054671,80.4012329642453,79.4997832450268,521
-7.6926,53.28823,2022/08/05 23:00:00+00,Sat 06 Aug 2022,74,130,0,3859489,3813569,241232,4100721,4054801,80.4026838794885,79.5023321501838,522
-7.6926,53.28823,2022/08/06 23:00:00+00,Sun 07 Aug 2022,28,80,0,3859517,3813649,241232,4100749,4054881,80.4032328744454,79.5039007072035,523
-7.6926,53.28823,2022/08/07 23:00:00+00,Mon 08 Aug 2022,11,16,0,3859528,3813665,241232,4100760,4054897,80.4034485510357,79.5042144186075,524
-7.6926,53.28823,2022/08/08 23:00:00+00,Tue 09 Aug 2022,48,41,0,3859576,3813706,241232,4100808,4054938,80.4043896852475,79.5050183040801,525
-7.6926,53.28823,2022/08/09 23:00:00+00,Wed 10 Aug 2022,55,94,1,3859631,3813800,241233,4100864,4055033,80.4054876751613,79.506880965541,526
-7.6926,53.28823,2022/12/20 00:00:00+00,Tue 20 Dec 2022,17,18,0,3864691,3818805,241242,4105933,4060047,80.5048753693217,79.6051902767503,527
-7.6926,53.28823,2022/08/10 23:00:00+00,Thu 11 Aug 2022,45,42,0,3859676,3813842,241233,4100909,4055075,80.4063699884848,79.5077044579763,528
-7.6926,53.28823,2022/08/11 23:00:00+00,Fri 12 Aug 2022,69,75,0,3859745,3813917,241233,4100978,4055150,80.4077228689143,79.5091749801823,529
-7.6926,53.28823,2022/08/12 23:00:00+00,Sat 13 Aug 2022,103,151,0,3859848,3814068,241233,4101081,4055301,80.4097423860772,79.5121356315569,530
-7.6926,53.28823,2022/08/13 23:00:00+00,Sun 14 Aug 2022,17,26,0,3859865,3814094,241233,4101098,4055327,80.4100757044439,79.5126454125883,531
-7.6926,53.28823,2022/08/14 23:00:00+00,Mon 15 Aug 2022,7,11,0,3859872,3814105,241233,4101105,4055338,80.4102129531831,79.5128610891785,532
-7.6926,53.28823,2022/08/15 23:00:00+00,Tue 16 Aug 2022,41,29,0,3859913,3814134,241233,4101146,4055367,80.4110168386557,79.5134296910982,533
-7.6926,53.28823,2022/08/16 23:00:00+00,Wed 17 Aug 2022,51,58,0,3859964,3814192,241233,4101197,4055425,80.4120167937557,79.5145668949375,534
-7.6926,53.28823,2022/08/17 23:00:00+00,Thu 18 Aug 2022,55,40,0,3860019,3814232,241233,4101252,4055465,80.4130951767068,79.5153511734473,535
-7.6926,53.28823,2022/08/18 23:00:00+00,Fri 19 Aug 2022,74,56,0,3860093,3814288,241233,4101326,4055521,80.41454609195,79.5164491633611,536
-7.6926,53.28823,2022/08/19 23:00:00+00,Sat 20 Aug 2022,109,127,0,3860202,3814415,241233,4101435,4055648,80.4166832508893,79.5189392476299,537
-7.6926,53.28823,2022/08/20 23:00:00+00,Sun 21 Aug 2022,39,36,0,3860241,3814451,241233,4101474,4055684,80.4174479224364,79.5196450982887,538
-7.6926,53.28823,2022/08/21 23:00:00+00,Mon 22 Aug 2022,12,13,0,3860253,3814464,241233,4101486,4055697,80.4176832059894,79.5198999888044,539
-7.6926,53.28823,2022/08/22 23:00:00+00,Tue 23 Aug 2022,78,72,0,3860331,3814536,241233,4101564,4055769,80.4192125490836,79.5213116901222,540
-7.6926,53.28823,2022/08/23 23:00:00+00,Wed 24 Aug 2022,53,56,0,3860384,3814592,241233,4101617,4055825,80.4202517181091,79.5224096800359,541
-7.6926,53.28823,2022/08/24 23:00:00+00,Thu 25 Aug 2022,40,49,0,3860424,3814641,241233,4101657,4055874,80.421035996619,79.5233704212105,542
-7.6926,53.28823,2022/08/25 23:00:00+00,Fri 26 Aug 2022,99,90,0,3860523,3814731,241233,4101756,4055964,80.4229770859309,79.5251350478577,543
-7.6926,53.28823,2022/08/26 23:00:00+00,Sat 27 Aug 2022,86,119,0,3860609,3814850,241233,4101842,4056083,80.424663284727,79.5274682764245,544
-7.6926,53.28823,2022/08/27 23:00:00+00,Sun 28 Aug 2022,44,21,0,3860653,3814871,241233,4101886,4056104,80.4255259910879,79.5278800226421,545
-7.6926,53.28823,2022/08/28 23:00:00+00,Mon 29 Aug 2022,13,12,0,3860666,3814883,241233,4101899,4056116,80.4257808816035,79.5281153061951,546
-7.6926,53.28823,2022/08/29 23:00:00+00,Tue 30 Aug 2022,42,44,1,3860708,3814927,241234,4101942,4056161,80.4266239810016,79.5289976195186,547
-7.6926,53.28823,2022/08/30 23:00:00+00,Wed 31 Aug 2022,29,29,0,3860737,3814956,241234,4101971,4056190,80.4271925829213,79.5295662214383,548
-7.6926,53.28823,2022/08/31 23:00:00+00,Thu 01 Sep 2022,35,32,0,3860772,3814988,241234,4102006,4056222,80.4278788266174,79.5301936442462,549
-7.6926,53.28823,2022/09/01 23:00:00+00,Fri 02 Sep 2022,49,51,0,3860821,3815039,241234,4102055,4056273,80.428839567792,79.5311935993462,550
-7.6926,53.28823,2022/09/02 23:00:00+00,Sat 03 Sep 2022,73,101,0,3860894,3815140,241234,4102128,4056374,80.4302708760724,79.5331739025836,551
-7.6926,53.28823,2022/09/03 23:00:00+00,Sun 04 Sep 2022,58,82,0,3860952,3815222,241234,4102186,4056456,80.4314080799117,79.5347816735288,552
-7.6926,53.28823,2022/09/04 23:00:00+00,Mon 05 Sep 2022,10,5,0,3860962,3815227,241234,4102196,4056461,80.4316041495392,79.5348797083425,553
-7.6926,53.28823,2022/09/05 23:00:00+00,Tue 06 Sep 2022,42,22,0,3861004,3815249,241234,4102238,4056483,80.4324276419745,79.5353110615229,554
-7.6926,53.28823,2021/05/20 23:00:00+00,Fri 21 May 2021,25871,23270,14937,1808288,727448,17179,1825467,744627,35.7918634633857,14.5998738488017,555
-7.6926,53.28823,2022/12/16 00:00:00+00,Fri 16 Dec 2022,11,4,0,3864622,3818708,241242,4105864,4059950,80.5035224888922,79.6032884013639,556
-7.6926,53.28823,2022/12/21 00:00:00+00,Wed 21 Dec 2022,17,28,0,3864708,3818833,241242,4105950,4060075,80.5052086876883,79.6057392717072,557
-7.6926,53.28823,2021/05/21 23:00:00+00,Sat 22 May 2021,16622,10266,13524,1824910,737714,30703,1855613,768417,36.3829349623321,15.0663234925334,558
-7.6926,53.28823,2022/12/17 00:00:00+00,Sat 17 Dec 2022,19,43,0,3864641,3818751,241242,4105883,4059993,80.5038950211843,79.604131500762,559
-7.6926,53.28823,2022/12/22 00:00:00+00,Thu 22 Dec 2022,6,15,0,3864714,3818848,241242,4105956,4060090,80.5053263294648,79.6060333761484,560
-7.6926,53.28823,2021/11/03 00:00:00+00,Wed 03 Nov 2021,2539,1891,7,3630212,3564738,241019,3871231,3805757,75.9030819988671,74.6193357200235,561
-7.6926,53.28823,2021/05/22 23:00:00+00,Sun 23 May 2021,8240,5544,10206,1833150,743258,40909,1874059,784167,36.7446049971482,15.3751331557858,562
-7.6926,53.28823,2022/12/18 00:00:00+00,Sun 18 Dec 2022,29,35,0,3864670,3818786,241242,4105912,4060028,80.504463623104,79.6048177444581,563
-7.6926,53.28823,2022/12/23 00:00:00+00,Fri 23 Dec 2022,19,6,0,3864733,3818854,241242,4105975,4060096,80.505698861757,79.6061510179249,564
-7.6926,53.28823,2021/11/04 00:00:00+00,Thu 04 Nov 2021,1540,1298,2,3631752,3566036,241021,3872773,3807057,75.9333159354217,74.6448247715936,565
-7.6926,53.28823,2021/05/23 23:00:00+00,Mon 24 May 2021,22582,8254,8453,1855732,751512,49362,1905094,800874,37.3531070859759,15.7027066823862,566
-7.6926,53.28823,2022/12/19 00:00:00+00,Mon 19 Dec 2022,4,1,0,3864674,3818787,241242,4105916,4060029,80.504542050955,79.6048373514209,567
-7.6926,53.28823,2022/12/28 00:00:00+00,Wed 28 Dec 2022,19,24,0,3864752,3818878,241242,4105994,4060120,80.5060713940492,79.6066215850308,568
-7.6926,53.28823,2021/11/05 00:00:00+00,Fri 05 Nov 2021,1630,1113,4,3633382,3567149,241025,3874407,3808174,75.965353712549,74.6667257489811,569
-7.6926,53.28823,2021/05/24 23:00:00+00,Tue 25 May 2021,30392,16535,3225,1886124,768047,52587,1938711,820634,38.0122343526144,16.0901402662508,570
-7.6926,53.28823,2022/12/29 00:00:00+00,Thu 29 Dec 2022,15,12,0,3864767,3818890,241242,4106009,4060132,80.5063654984904,79.6068568685837,571
-7.6926,53.28823,2021/11/06 00:00:00+00,Sat 06 Nov 2021,1826,1366,6,3635208,3568515,241031,3876239,3809546,76.0012736683,74.6936265018688,572
-7.6926,53.28823,2021/05/25 23:00:00+00,Wed 26 May 2021,20010,25492,3055,1906134,793539,55642,1961776,849181,38.4644689483551,16.6498602317661,573
-7.6926,53.28823,2022/12/30 00:00:00+00,Fri 30 Dec 2022,66,31,0,3864833,3818921,241242,4106075,4060163,80.5076595580316,79.6074646844289,574
-7.6926,53.28823,2021/11/07 00:00:00+00,Sun 07 Nov 2021,700,775,0,3635908,3569290,241031,3876939,3810321,76.0149985422223,74.7088218979971,575
-7.6926,53.28823,2021/05/26 23:00:00+00,Thu 27 May 2021,17052,36073,550,1923186,829612,56192,1979378,885804,38.8095907066134,17.3679260284195,576
-7.6926,53.28823,2021/11/08 00:00:00+00,Mon 08 Nov 2021,521,541,4,3636429,3569831,241035,3877464,3810866,76.0252921976641,74.7195076926938,577
-7.6926,53.28823,2022/12/31 00:00:00+00,Sat 31 Dec 2022,34,26,0,3864867,3818947,241242,4106109,4060189,80.508326194765,79.6079744654603,578
-7.6926,53.28823,2021/05/27 23:00:00+00,Fri 28 May 2021,27076,31852,1562,1950262,861464,57754,2008016,919218,39.3710949057385,18.0230730816205,579
-7.6926,53.28823,2021/11/09 00:00:00+00,Tue 09 Nov 2021,1375,1077,4,3637804,3570908,241039,3878843,3811947,76.052330199291,74.7407028194224,580
-7.6926,53.28823,2023/01/01 00:00:00+00,Sun 01 Jan 2023,1,0,0,3864868,3818947,241242,4106110,4060189,80.5083458017277,79.6079744654603,581
-7.6926,53.28823,2021/05/28 23:00:00+00,Sat 29 May 2021,24517,7408,538,1974779,868872,58292,2033071,927164,39.8623473573441,18.1788700076016,582
-7.6926,53.28823,2021/11/10 00:00:00+00,Wed 10 Nov 2021,1604,1372,2,3639408,3572280,241041,3880449,3813321,76.0838189814614,74.7676427862357,583
-7.6926,53.28823,2023/01/03 00:00:00+00,Tue 03 Jan 2023,8,14,0,3864876,3818961,241242,4106118,4060203,80.5085026574297,79.6082489629387,584
-7.6926,53.28823,2021/05/29 23:00:00+00,Sun 30 May 2021,24279,1697,210,1999058,870569,58502,2057560,929071,40.3425022680354,18.2162604855586,585
-7.6926,53.28823,2021/11/11 00:00:00+00,Thu 11 Nov 2021,1396,1130,2,3640804,3573410,241043,3881847,3814453,76.1112295153806,74.7898378680644,586
-7.6926,53.28823,2023/01/04 00:00:00+00,Wed 04 Jan 2023,52,28,0,3864928,3818989,241242,4106170,4060231,80.5095222194925,79.6087979578956,587
-7.6926,53.28823,2021/05/30 23:00:00+00,Mon 31 May 2021,22627,7325,3445,2021685,877894,61947,2083632,939841,40.8536950007539,18.427427474335,588
-7.6926,53.28823,2021/11/12 00:00:00+00,Fri 12 Nov 2021,1145,1163,6,3641949,3574573,241049,3882998,3815622,76.1337971295014,74.8127584075147,589
-7.6926,53.28823,2023/01/05 00:00:00+00,Thu 05 Jan 2023,24,16,0,3864952,3819005,241242,4106194,4060247,80.5099927865984,79.6091116692996,590
-7.6926,53.28823,2021/05/31 23:00:00+00,Tue 01 Jun 2021,27655,11543,3657,2049340,889437,65604,2114944,955041,41.4676282182624,18.725453308077,591
-7.6926,53.28823,2021/11/13 00:00:00+00,Sat 13 Nov 2021,1397,1386,0,3643346,3575959,241049,3884395,3817008,76.1611880564579,74.8399336578808,592
-7.6926,53.28823,2023/01/06 00:00:00+00,Fri 06 Jan 2023,35,21,0,3864987,3819026,241242,4106229,4060268,80.5106790302945,79.6095234155172,593
-7.6926,53.28823,2021/06/01 23:00:00+00,Wed 02 Jun 2021,18740,20926,4010,2068080,910363,69614,2137694,979977,41.913686620738,19.2143725311158,594
-7.6926,53.28823,2021/11/14 00:00:00+00,Sun 14 Nov 2021,1648,1808,1,3644994,3577767,241050,3886044,3818817,76.1935199380263,74.8754026534887,595
-7.6926,53.28823,2023/01/07 00:00:00+00,Sat 07 Jan 2023,136,74,0,3865123,3819100,241242,4106365,4060342,80.513345577228,79.6109743307604,596
-7.6926,53.28823,2021/06/02 23:00:00+00,Thu 03 Jun 2021,16731,30721,1978,2084811,941084,71592,2156403,1012676,42.2805132867563,19.8555006059532,597
-7.6926,53.28823,2021/11/15 00:00:00+00,Mon 15 Nov 2021,1244,601,1,3646238,3578368,241051,3887289,3819419,76.2179306066453,74.8872060450619,598
-7.6926,53.28823,2023/01/08 00:00:00+00,Sun 08 Jan 2023,51,45,0,3865174,3819145,241242,4106416,4060387,80.5143455323281,79.611856644084,599
-7.6926,53.28823,2021/06/03 23:00:00+00,Fri 04 Jun 2021,29035,23360,155,2113846,964444,71747,2185593,1036191,42.8528405293174,20.3165583349297,600
-7.6926,53.28823,2021/11/16 00:00:00+00,Tue 16 Nov 2021,1320,1087,5,3647558,3579455,241056,3888614,3820511,76.243909832284,74.9086168483807,601
-7.6926,53.28823,2023/01/09 00:00:00+00,Mon 09 Jan 2023,1,2,0,3865175,3819147,241242,4106417,4060389,80.5143651392908,79.6118958580095,602
-7.6926,53.28823,2021/06/04 23:00:00+00,Sat 05 Jun 2021,20996,11514,37,2134842,975958,71784,2206626,1047742,43.2652337767579,20.5430383616108,603
-7.6926,53.28823,2021/11/17 00:00:00+00,Wed 17 Nov 2021,1505,1130,3,3649063,3580585,241059,3890122,3821644,76.2734771321053,74.9308315371722,604
-7.6926,53.28823,2023/01/10 00:00:00+00,Tue 10 Jan 2023,42,14,0,3865217,3819161,241242,4106459,4060403,80.5151886317261,79.612170355488,605
-7.6926,53.28823,2021/06/05 23:00:00+00,Sun 06 Jun 2021,19978,3927,47,2154820,979885,71831,2226651,1051716,43.6578632057502,20.6209564315642,606
-7.6926,53.28823,2021/11/18 00:00:00+00,Thu 18 Nov 2021,1642,2521,5,3650705,3583106,241064,3891769,3824170,76.3057697997482,74.980358725069,607
-7.6926,53.28823,2023/01/11 00:00:00+00,Wed 11 Jan 2023,59,31,0,3865276,3819192,241242,4106518,4060434,80.5163454425282,79.6127781713331,608
-7.6926,53.28823,2021/06/06 23:00:00+00,Mon 07 Jun 2021,19863,4617,48,2174683,984502,71879,2246562,1056381,44.0482574409894,20.7124229127751,609
-7.6926,53.28823,2021/11/19 00:00:00+00,Fri 19 Nov 2021,1166,1570,0,3651871,3584676,241064,3892935,3825740,76.3286315183102,75.0111416565805,610
-7.6926,53.28823,2023/01/12 00:00:00+00,Thu 12 Jan 2023,14,12,0,3865290,3819204,241242,4106532,4060446,80.5166199400066,79.613013454886,611
-7.6926,53.28823,2021/06/07 23:00:00+00,Tue 08 Jun 2021,26453,18361,48,2201136,1002863,71927,2273063,1074790,44.567861560726,21.0733674899696,612
-7.6926,53.28823,2021/11/20 00:00:00+00,Sat 20 Nov 2021,1548,2955,12,3653419,3587631,241076,3894495,3828707,76.3592183801943,75.0693155150484,613
-7.6926,53.28823,2023/01/13 00:00:00+00,Fri 13 Jan 2023,27,12,0,3865317,3819216,241242,4106559,4060458,80.5171493280008,79.613248738439,614
-7.6926,53.28823,2021/06/08 23:00:00+00,Wed 09 Jun 2021,32856,20143,178,2233992,1023006,72105,2306097,1095111,45.2155579680834,21.4718005799347,615
-7.6926,53.28823,2021/11/21 00:00:00+00,Sun 21 Nov 2021,1790,2773,0,3655209,3590404,241076,3896285,3831480,76.39431484351,75.1236856227436,616
-7.6926,53.28823,2023/01/14 00:00:00+00,Sat 14 Jan 2023,72,40,0,3865389,3819256,241242,4106631,4060498,80.5185610293185,79.6140330169489,617
-7.6926,53.28823,2021/06/09 23:00:00+00,Thu 10 Jun 2021,27738,27518,273,2261730,1050524,72378,2334108,1122902,45.7647686015667,22.0166976816139,618
-7.6926,53.28823,2021/11/22 00:00:00+00,Mon 22 Nov 2021,724,522,3,3655933,3590926,241079,3897012,3832005,76.4085691054264,75.1339792781854,619
-7.6926,53.28823,2023/01/15 00:00:00+00,Sun 15 Jan 2023,60,30,0,3865449,3819286,241242,4106691,4060528,80.5197374470833,79.6146212258312,620
-7.6926,53.28823,2021/06/10 23:00:00+00,Fri 11 Jun 2021,26491,32923,44,2288221,1083447,72422,2360643,1155869,46.2850393580367,22.6630804224673,621
-7.6926,53.28823,2021/11/23 00:00:00+00,Tue 23 Nov 2021,2159,1605,8,3658092,3592531,241087,3899179,3833618,76.4510573936974,75.1656053090949,622
-7.6926,53.28823,2023/01/16 00:00:00+00,Mon 16 Jan 2023,6,2,0,3865455,3819288,241242,4106697,4060530,80.5198550888597,79.6146604397567,623
-7.6926,53.28823,2023/01/17 00:00:00+00,Tue 17 Jan 2023,14,19,0,3865469,3819307,241242,4106711,4060549,80.5201295863382,79.6150329720489,624
-7.6926,53.28823,2023/01/18 00:00:00+00,Wed 18 Jan 2023,34,15,0,3865503,3819322,241242,4106745,4060564,80.5207962230716,79.6153270764901,625
-7.6926,53.28823,2023/01/19 00:00:00+00,Thu 19 Jan 2023,15,7,0,3865518,3819329,241242,4106760,4060571,80.5210903275128,79.6154643252293,626
-7.6926,53.28823,2023/01/20 00:00:00+00,Fri 20 Jan 2023,17,8,0,3865535,3819337,241242,4106777,4060579,80.5214236458794,79.6156211809313,627
-7.6926,53.28823,2023/01/21 00:00:00+00,Sat 21 Jan 2023,73,27,0,3865608,3819364,241242,4106850,4060606,80.5228549541599,79.6161505689254,628
-7.6926,53.28823,2023/01/22 00:00:00+00,Sun 22 Jan 2023,21,13,0,3865629,3819377,241242,4106871,4060619,80.5232667003776,79.6164054594411,629
-7.6926,53.28823,2023/01/23 00:00:00+00,Mon 23 Jan 2023,4,1,0,3865633,3819378,241242,4106875,4060620,80.5233451282286,79.6164250664039,630
-7.6926,53.28823,2023/01/24 00:00:00+00,Tue 24 Jan 2023,16,13,0,3865649,3819391,241242,4106891,4060633,80.5236588396325,79.6166799569196,631
-7.6926,53.28823,2023/01/25 00:00:00+00,Wed 25 Jan 2023,24,17,0,3865673,3819408,241242,4106915,4060650,80.5241294067384,79.6170132752863,632
-7.6926,53.28823,2023/01/26 00:00:00+00,Thu 26 Jan 2023,12,12,0,3865685,3819420,241242,4106927,4060662,80.5243646902914,79.6172485588392,633
-7.6926,53.28823,2023/01/27 00:00:00+00,Fri 27 Jan 2023,12,8,0,3865697,3819428,241242,4106939,4060670,80.5245999738443,79.6174054145412,634
-7.6926,53.28823,2023/01/28 00:00:00+00,Sat 28 Jan 2023,24,57,0,3865721,3819485,241242,4106963,4060727,80.5250705409502,79.6185230114177,635
-7.6926,53.28823,2023/01/29 00:00:00+00,Sun 29 Jan 2023,28,28,0,3865749,3819513,241242,4106991,4060755,80.5256195359071,79.6190720063746,636
-7.6926,53.28823,2023/01/30 00:00:00+00,Mon 30 Jan 2023,5,2,0,3865754,3819515,241242,4106996,4060757,80.5257175707208,79.6191112203001,637
-7.6926,53.28823,2023/01/31 00:00:00+00,Tue 31 Jan 2023,23,15,0,3865777,3819530,241242,4107019,4060772,80.526168530864,79.6194053247413,638
-7.6926,53.28823,2023/02/01 00:00:00+00,Wed 01 Feb 2023,14,37,0,3865791,3819567,241242,4107033,4060809,80.5264430283425,79.6201307823629,639
-7.6926,53.28823,2023/02/02 00:00:00+00,Thu 02 Feb 2023,13,13,0,3865804,3819580,241242,4107046,4060822,80.5266979188581,79.6203856728786,640
-7.6926,53.28823,2023/02/03 00:00:00+00,Fri 03 Feb 2023,15,10,0,3865819,3819590,241242,4107061,4060832,80.5269920232993,79.6205817425061,641
-7.6926,53.28823,2023/02/04 00:00:00+00,Sat 04 Feb 2023,38,44,0,3865857,3819634,241242,4107099,4060876,80.5277370878837,79.6214444488669,642
-7.6926,53.28823,2023/02/05 00:00:00+00,Sun 05 Feb 2023,29,22,0,3865886,3819656,241242,4107128,4060898,80.5283056898033,79.6218758020473,643
-7.6926,53.28823,2023/02/06 00:00:00+00,Mon 06 Feb 2023,12,7,0,3865898,3819663,241242,4107140,4060905,80.5285409733563,79.6220130507865,644
-7.6926,53.28823,2023/02/07 00:00:00+00,Tue 07 Feb 2023,20,13,0,3865918,3819676,241242,4107160,4060918,80.5289331126112,79.6222679413022,645
-7.6926,53.28823,2023/02/08 00:00:00+00,Wed 08 Feb 2023,23,31,0,3865941,3819707,241242,4107183,4060949,80.5293840727544,79.6228757571474,646
-7.6926,53.28823,2023/02/09 00:00:00+00,Thu 09 Feb 2023,6,15,0,3865947,3819722,241242,4107189,4060964,80.5295017145309,79.6231698615886,647
-7.6926,53.28823,2023/02/10 00:00:00+00,Fri 10 Feb 2023,6,15,0,3865953,3819737,241242,4107195,4060979,80.5296193563073,79.6234639660298,648
-7.6926,53.28823,2023/02/11 00:00:00+00,Sat 11 Feb 2023,34,47,0,3865987,3819784,241242,4107229,4061026,80.5302859930407,79.6243854932788,649
-7.6926,53.28823,2023/02/12 00:00:00+00,Sun 12 Feb 2023,17,36,0,3866004,3819820,241242,4107246,4061062,80.5306193114074,79.6250913439377,650
-7.6926,53.28823,2023/02/13 00:00:00+00,Mon 13 Feb 2023,1,1,0,3866005,3819821,241242,4107247,4061063,80.5306389183701,79.6251109509004,651
-7.6926,53.28823,2023/02/14 00:00:00+00,Tue 14 Feb 2023,11,23,0,3866016,3819844,241242,4107258,4061086,80.5308545949603,79.6255619110436,652
-7.6926,53.28823,2023/02/15 00:00:00+00,Wed 15 Feb 2023,15,13,0,3866031,3819857,241242,4107273,4061099,80.5311486994015,79.6258168015593,653
-7.6926,53.28823,2023/02/16 00:00:00+00,Thu 16 Feb 2023,13,11,0,3866044,3819868,241242,4107286,4061110,80.5314035899172,79.6260324781495,654
-7.6926,53.28823,2023/02/17 00:00:00+00,Fri 17 Feb 2023,5,12,0,3866049,3819880,241242,4107291,4061122,80.531501624731,79.6262677617025,655
-7.6926,53.28823,2023/02/18 00:00:00+00,Sat 18 Feb 2023,21,43,0,3866070,3819923,241242,4107312,4061165,80.5319133709486,79.6271108611005,656
-7.6926,53.28823,2023/02/19 00:00:00+00,Sun 19 Feb 2023,22,31,0,3866092,3819954,241242,4107334,4061196,80.5323447241291,79.6277186769457,657
-7.6926,53.28823,2023/02/20 00:00:00+00,Mon 20 Feb 2023,3,0,0,3866095,3819954,241242,4107337,4061196,80.5324035450173,79.6277186769457,658
-7.6926,53.28823,2023/02/21 00:00:00+00,Tue 21 Feb 2023,52,16,0,3866147,3819970,241242,4107389,4061212,80.5334231070801,79.6280323883496,659
-7.6926,53.28823,2023/02/22 00:00:00+00,Wed 22 Feb 2023,22,17,0,3866169,3819987,241242,4107411,4061229,80.5338544602605,79.6283657067163,660
-7.6926,53.28823,2023/02/23 00:00:00+00,Thu 23 Feb 2023,21,11,0,3866190,3819998,241242,4107432,4061240,80.5342662064782,79.6285813833065,661
-7.6926,53.28823,2023/02/24 00:00:00+00,Fri 24 Feb 2023,13,13,0,3866203,3820011,241242,4107445,4061253,80.5345210969939,79.6288362738222,662
-7.6926,53.28823,2023/02/25 00:00:00+00,Sat 25 Feb 2023,49,19,0,3866252,3820030,241242,4107494,4061272,80.5354818381684,79.6292088061144,663
-7.6926,53.28823,2023/02/26 00:00:00+00,Sun 26 Feb 2023,78,41,0,3866330,3820071,241242,4107572,4061313,80.5370111812626,79.630012691587,664
-7.6926,53.28823,2023/02/27 00:00:00+00,Mon 27 Feb 2023,1,2,0,3866331,3820073,241242,4107573,4061315,80.5370307882254,79.6300519055125,665
-7.6926,53.28823,2023/02/28 00:00:00+00,Tue 28 Feb 2023,32,11,0,3866363,3820084,241242,4107605,4061326,80.5376582110333,79.6302675821027,666
-7.6926,53.28823,2023/03/01 00:00:00+00,Wed 01 Mar 2023,21,18,0,3866384,3820102,241242,4107626,4061344,80.5380699572509,79.6306205074321,667
-7.6926,53.28823,2023/03/02 00:00:00+00,Thu 02 Mar 2023,20,14,0,3866404,3820116,241242,4107646,4061358,80.5384620965059,79.6308950049106,668
-7.6926,53.28823,2023/03/03 00:00:00+00,Fri 03 Mar 2023,11,13,0,3866415,3820129,241242,4107657,4061371,80.5386777730961,79.6311498954263,669
-7.6926,53.28823,2023/03/04 00:00:00+00,Sat 04 Mar 2023,39,24,0,3866454,3820153,241242,4107696,4061395,80.5394424446432,79.6316204625322,670
-7.6926,53.28823,2023/03/05 00:00:00+00,Sun 05 Mar 2023,27,19,0,3866481,3820172,241242,4107723,4061414,80.5399718326373,79.6319929948244,671
-7.6926,53.28823,2023/03/06 00:00:00+00,Mon 06 Mar 2023,1,1,0,3866482,3820173,241242,4107724,4061415,80.5399914396001,79.6320126017871,672
-7.6926,53.28823,2023/03/07 00:00:00+00,Tue 07 Mar 2023,12,14,0,3866494,3820187,241242,4107736,4061429,80.540226723153,79.6322870992655,673
-7.6926,53.28823,2023/03/08 00:00:00+00,Wed 08 Mar 2023,28,27,0,3866522,3820214,241242,4107764,4061456,80.5407757181099,79.6328164872597,674
-7.6926,53.28823,2023/03/09 00:00:00+00,Thu 09 Mar 2023,13,8,0,3866535,3820222,241242,4107777,4061464,80.5410306086256,79.6329733429616,675
-7.6926,53.28823,2023/03/10 00:00:00+00,Fri 10 Mar 2023,10,3,0,3866545,3820225,241242,4107787,4061467,80.5412266782531,79.6330321638499,676
-7.6926,53.28823,2023/03/11 00:00:00+00,Sat 11 Mar 2023,28,23,0,3866573,3820248,241242,4107815,4061490,80.54177567321,79.6334831239931,677
-7.6926,53.28823,2023/03/12 00:00:00+00,Sun 12 Mar 2023,15,14,0,3866588,3820262,241242,4107830,4061504,80.5420697776512,79.6337576214715,678
-7.6926,53.28823,2023/03/13 00:00:00+00,Mon 13 Mar 2023,2,0,0,3866590,3820262,241242,4107832,4061504,80.5421089915767,79.6337576214715,679
-7.6926,53.28823,2023/03/14 00:00:00+00,Tue 14 Mar 2023,11,16,0,3866601,3820278,241242,4107843,4061520,80.5423246681669,79.6340713328755,680
-7.6926,53.28823,2023/03/15 00:00:00+00,Wed 15 Mar 2023,29,23,0,3866630,3820301,241242,4107872,4061543,80.5428932700865,79.6345222930186,681
-7.6926,53.28823,2023/03/16 00:00:00+00,Thu 16 Mar 2023,10,16,0,3866640,3820317,241242,4107882,4061559,80.543089339714,79.6348360044226,682
-7.6926,53.28823,2023/03/18 00:00:00+00,Sat 18 Mar 2023,20,45,0,3866660,3820362,241242,4107902,4061604,80.5434814789689,79.6357183177461,683
-7.6926,53.28823,2023/03/19 00:00:00+00,Sun 19 Mar 2023,12,38,0,3866672,3820400,241242,4107914,4061642,80.5437167625218,79.6364633823305,684
-7.6926,53.28823,2023/03/20 00:00:00+00,Mon 20 Mar 2023,6,3,0,3866678,3820403,241242,4107920,4061645,80.5438344042983,79.6365222032187,685
-7.6926,53.28823,2023/03/21 00:00:00+00,Tue 21 Mar 2023,26,23,0,3866704,3820426,241242,4107946,4061668,80.5443441853297,79.6369731633619,686
-7.6926,53.28823,2023/03/22 00:00:00+00,Wed 22 Mar 2023,12,17,0,3866716,3820443,241242,4107958,4061685,80.5445794688827,79.6373064817286,687
-7.6926,53.28823,2023/03/23 00:00:00+00,Thu 23 Mar 2023,7,15,0,3866723,3820458,241242,4107965,4061700,80.5447167176219,79.6376005861698,688
-7.6926,53.28823,2023/03/24 00:00:00+00,Fri 24 Mar 2023,10,9,0,3866733,3820467,241242,4107975,4061709,80.5449127872494,79.6377770488345,689
-7.6926,53.28823,2023/03/25 00:00:00+00,Sat 25 Mar 2023,20,44,0,3866753,3820511,241242,4107995,4061753,80.5453049265043,79.6386397551953,690
-7.6926,53.28823,2023/03/26 00:00:00+00,Sun 26 Mar 2023,20,43,0,3866773,3820554,241242,4108015,4061796,80.5456970657592,79.6394828545934,691
-7.6926,53.28823,2023/03/27 23:00:00+00,Tue 28 Mar 2023,14,24,0,3866787,3820578,241242,4108029,4061820,80.5459715632377,79.6399534216993,692
-7.6926,53.28823,2023/03/28 23:00:00+00,Wed 29 Mar 2023,11,21,0,3866798,3820599,241242,4108040,4061841,80.5461872398279,79.640365167917,693
-7.6926,53.28823,2023/03/29 23:00:00+00,Thu 30 Mar 2023,6,15,1,3866804,3820614,241243,4108047,4061857,80.5463244885671,79.6406788793209,694
-7.6926,53.28823,2023/03/30 23:00:00+00,Fri 31 Mar 2023,11,11,0,3866815,3820625,241243,4108058,4061868,80.5465401651573,79.6408945559111,695
-7.6926,53.28823,2023/03/31 23:00:00+00,Sat 01 Apr 2023,31,31,0,3866846,3820656,241243,4108089,4061899,80.5471479810024,79.6415023717562,696
-7.6926,53.28823,2023/04/01 23:00:00+00,Sun 02 Apr 2023,28,23,0,3866874,3820679,241243,4108117,4061922,80.5476969759593,79.6419533318994,697
-7.6926,53.28823,2023/04/02 23:00:00+00,Mon 03 Apr 2023,1,0,0,3866875,3820679,241243,4108118,4061922,80.5477165829221,79.6419533318994,698
-7.6926,53.28823,2023/04/03 23:00:00+00,Tue 04 Apr 2023,23,22,0,3866898,3820701,241243,4108141,4061944,80.5481675430652,79.6423846850798,699
-7.6926,53.28823,2023/04/04 23:00:00+00,Wed 05 Apr 2023,6,24,0,3866904,3820725,241243,4108147,4061968,80.5482851848417,79.6428552521857,700
-7.6926,53.28823,2023/04/05 23:00:00+00,Thu 06 Apr 2023,17,22,0,3866921,3820747,241243,4108164,4061990,80.5486185032084,79.6432866053661,701
-7.6926,53.28823,2023/04/06 23:00:00+00,Fri 07 Apr 2023,8,9,0,3866929,3820756,241243,4108172,4061999,80.5487753589103,79.6434630680309,702
-7.6926,53.28823,2023/04/07 23:00:00+00,Sat 08 Apr 2023,11,18,0,3866940,3820774,241243,4108183,4062017,80.5489910355006,79.6438159933603,703
-7.6926,53.28823,2021/06/11 23:00:00+00,Sat 12 Jun 2021,12244,19744,105,2300465,1103191,72527,2372992,1175718,46.5271657409893,23.0522590260163,704
-7.6926,53.28823,2021/11/24 00:00:00+00,Wed 24 Nov 2021,1616,3155,2,3659708,3595686,241089,3900797,3836775,76.4827814594207,75.2275044904846,705
-7.6926,53.28823,2021/06/12 23:00:00+00,Sun 13 Jun 2021,8567,18190,835,2309032,1121381,73362,2382394,1194743,46.7115104047289,23.4252814922624,706
-7.6926,53.28823,2021/11/25 00:00:00+00,Thu 25 Nov 2021,982,1193,2,3660690,3596879,241091,3901781,3837970,76.502074710763,75.2509348109663,707
-7.6926,53.28823,2021/06/13 23:00:00+00,Mon 14 Jun 2021,16053,31331,56,2325085,1152712,73418,2398503,1226130,47.0273589676071,24.0406852319768,708
-7.6926,53.28823,2021/11/26 00:00:00+00,Fri 26 Nov 2021,1279,1117,12,3661969,3597996,241103,3903072,3839099,76.5273872996683,75.2730710719068,709
-7.6926,53.28823,2021/06/14 23:00:00+00,Tue 15 Jun 2021,14748,41611,207,2339833,1194323,73625,2413458,1267948,47.3205810954763,24.8606092000967,710
-7.6926,53.28823,2021/11/27 00:00:00+00,Sat 27 Nov 2021,1200,1569,6,3663169,3599565,241109,3904278,3840674,76.5510332967402,75.303952038232,711
-7.6926,53.28823,2021/06/15 23:00:00+00,Wed 16 Jun 2021,13512,48412,220,2353345,1242735,73845,2427190,1316580,47.5898239079069,25.8141350123691,712
-7.6926,53.28823,2021/11/28 00:00:00+00,Sun 28 Nov 2021,1961,2267,1,3665130,3601832,241110,3906240,3842942,76.5895021576482,75.3484206297404,713
-7.6926,53.28823,2021/06/16 23:00:00+00,Thu 17 Jun 2021,21609,42713,536,2374954,1285448,74381,2449335,1359829,48.0240200979211,26.6621165441787,714
-7.6926,53.28823,2021/11/29 00:00:00+00,Mon 29 Nov 2021,536,1006,2,3665666,3602838,241112,3906778,3843950,76.6000507036057,75.3681844481885,715
-7.6926,53.28823,2021/06/17 23:00:00+00,Fri 18 Jun 2021,12041,50051,555,2386995,1335499,74936,2461931,1410435,48.270989400672,27.654346500912,716
-7.6926,53.28823,2021/11/30 00:00:00+00,Tue 30 Nov 2021,1899,1658,6,3667565,3604496,241118,3908683,3845614,76.6374019676371,75.4008104341981,717
-7.6926,53.28823,2021/06/18 23:00:00+00,Sat 19 Jun 2021,6350,32830,434,2393345,1368329,75370,2468715,1443699,48.4040030359421,28.306552509701,718
-7.6926,53.28823,2021/12/01 00:00:00+00,Wed 01 Dec 2021,1075,1393,4,3668640,3605889,241122,3909762,3847011,76.6585578804403,75.4282013611546,719
-7.6926,53.28823,2021/06/19 23:00:00+00,Sun 20 Jun 2021,8543,26158,178,2401888,1394487,75548,2477436,1470035,48.5749953580516,28.8229214805845,720
-7.6926,53.28823,2021/12/02 00:00:00+00,Thu 02 Dec 2021,1738,1420,0,3670378,3607309,241122,3911500,3848431,76.6926347816931,75.4560432482541,721
-7.6926,53.28823,2021/06/20 23:00:00+00,Mon 21 Jun 2021,15523,32368,575,2417411,1426855,76123,2493534,1502978,48.8906282443396,29.468833654332,722
-7.6926,53.28823,2021/12/03 00:00:00+00,Fri 03 Dec 2021,1017,1208,3,3671395,3608517,241125,3912520,3849642,76.7126338836942,75.4797872801398,723
-7.6926,53.28823,2021/06/21 23:00:00+00,Tue 22 Jun 2021,15176,43578,723,2432587,1470433,76846,2509433,1547279,49.2023593450412,30.3374417109506,724
-7.6926,53.28823,2021/12/04 00:00:00+00,Sat 04 Dec 2021,1206,1707,3,3672601,3610224,241128,3913729,3851352,76.7363387016544,75.5133151864357,725
-7.6926,53.28823,2021/06/22 23:00:00+00,Wed 23 Jun 2021,20110,39419,887,2452697,1509852,77733,2530430,1587585,49.6140467418228,31.1277199513983,726
-7.6926,53.28823,2021/12/05 00:00:00+00,Sun 05 Dec 2021,1349,1779,2,3673950,3612003,241130,3915080,3853133,76.7628277083245,75.5482351870867,727
-7.6926,53.28823,2021/06/23 23:00:00+00,Thu 24 Jun 2021,19056,44290,1033,2471753,1554142,78766,2550519,1632908,50.0079310164308,32.0163663239435,728
-7.6926,53.28823,2021/12/06 00:00:00+00,Mon 06 Dec 2021,941,1307,0,3674891,3613310,241130,3916021,3854440,76.7812778602686,75.573861487396,729
-7.6926,53.28823,2021/06/24 23:00:00+00,Fri 25 Jun 2021,15239,50145,844,2486992,1604287,79610,2566602,1683897,50.3232697982777,33.0161057474086,730
-7.6926,53.28823,2021/12/07 00:00:00+00,Tue 07 Dec 2021,488,753,2,3675379,3614063,241132,3916511,3855195,76.7908852720143,75.5886647442693,731
-7.6926,53.28823,2021/06/25 23:00:00+00,Sat 26 Jun 2021,9096,30599,513,2496088,1634886,80123,2576211,1715009,50.5116731033058,33.6261175723678,732
-7.6926,53.28823,2021/12/08 00:00:00+00,Wed 08 Dec 2021,799,1528,2,3676178,3615591,241134,3917312,3856725,76.806590449174,75.618663397271,733
-7.6926,53.28823,2021/06/26 23:00:00+00,Sun 27 Jun 2021,8752,30498,60,2504840,1665384,80183,2585023,1745567,50.6844496590251,34.2252671399657,734
-7.6926,53.28823,2021/12/09 00:00:00+00,Thu 09 Dec 2021,788,1217,1,3676966,3616808,241135,3918101,3857943,76.8220603427807,75.6425446778958,735
-7.6926,53.28823,2021/06/27 23:00:00+00,Mon 28 Jun 2021,24261,24686,528,2529101,1690070,80711,2609812,1770781,51.1704866585402,34.7196370986479,736
-7.6926,53.28823,2021/12/10 00:00:00+00,Fri 10 Dec 2021,895,1623,1,3677861,3618431,241136,3918997,3859567,76.8396281814013,75.6743863853956,737
-7.6926,53.28823,2021/06/28 23:00:00+00,Tue 29 Jun 2021,28169,31075,813,2557270,1721145,81524,2638794,1802669,51.7387356528501,35.3448639266982,738
-7.6926,53.28823,2021/12/11 00:00:00+00,Sat 11 Dec 2021,645,851,2,3678506,3619282,241138,3919644,3860420,76.852313886298,75.6911111246181,739
-7.6926,53.28823,2021/06/29 23:00:00+00,Wed 30 Jun 2021,22618,36911,593,2579888,1758056,82117,2662005,1840173,52.1938328651517,36.080203457531,740
-7.6926,53.28823,2021/12/12 00:00:00+00,Sun 12 Dec 2021,686,1193,0,3679192,3620475,241138,3920330,3861613,76.8657642627419,75.7145022311743,741
-7.6926,53.28823,2021/06/30 23:00:00+00,Thu 01 Jul 2021,15085,48349,644,2594973,1806405,82761,2677734,1889166,52.5022307821864,37.0408073833547,742
-7.6926,53.28823,2021/12/13 00:00:00+00,Mon 13 Dec 2021,725,1075,1,3679917,3621550,241139,3921056,3862689,76.8799989176957,75.7355993230892,743
-7.6926,53.28823,2021/07/01 23:00:00+00,Fri 02 Jul 2021,13719,47312,819,2608692,1853717,83580,2692272,1937297,52.7872768065904,37.9845101072913,744
-7.6926,53.28823,2021/12/14 00:00:00+00,Tue 14 Dec 2021,631,1206,3,3680548,3622756,241142,3921690,3863898,76.8924297320767,75.7593041410494,745
-7.6926,53.28823,2021/07/02 23:00:00+00,Sat 03 Jul 2021,9337,30507,507,2618029,1884224,84087,2702116,1968311,52.9802877478639,38.5926004499014,746
-7.6926,53.28823,2021/12/15 00:00:00+00,Wed 15 Dec 2021,793,1260,1,3681341,3624016,241143,3922484,3865159,76.9079976604972,75.7840285210723,747
-7.6926,53.28823,2021/07/03 23:00:00+00,Sun 04 Jul 2021,6469,27798,233,2624498,1912022,84320,2708818,1996342,53.1116936121888,39.1422032226396,748
-7.6926,53.28823,2021/12/16 00:00:00+00,Thu 16 Dec 2021,1048,1553,8,3682389,3625569,241151,3923540,3866720,76.9287026131572,75.8146349899191,749
-7.6926,53.28823,2021/07/04 23:00:00+00,Mon 05 Jul 2021,15656,33500,5344,2640154,1945522,89664,2729818,2035186,53.5234398298586,39.9038160835523,750
-7.6926,53.28823,2021/12/17 00:00:00+00,Fri 17 Dec 2021,1198,2462,2,3683587,3628031,241153,3924740,3869184,76.9522309684526,75.8629465461257,751
-7.6926,53.28823,2021/07/05 23:00:00+00,Tue 06 Jul 2021,12428,48325,5491,2652582,1993847,95155,2747737,2089002,53.8747769953075,40.9589843907009,752
-7.6926,53.28823,2021/12/18 00:00:00+00,Sat 18 Dec 2021,1252,1186,0,3684839,3629217,241153,3925992,3870370,76.9767788858108,75.8862004039427,753
-7.6926,53.28823,2021/07/06 23:00:00+00,Wed 07 Jul 2021,19730,43798,5061,2672312,2037645,100216,2772528,2137861,54.3608532087481,41.9169609835166,754
-7.6926,53.28823,2021/12/19 00:00:00+00,Sun 19 Dec 2021,554,894,3,3685393,3630111,241156,3926549,3871267,76.9876999640604,75.903787849526,755
-7.6926,53.28823,2021/07/07 23:00:00+00,Thu 08 Jul 2021,17814,45635,6004,2690126,2083280,106220,2796346,2189500,54.8278518474367,42.9294449327667,756
-7.6926,53.28823,2021/12/20 00:00:00+00,Mon 20 Dec 2021,517,624,1,3685910,3630735,241157,3927067,3871892,76.997856370763,75.9160422012423,757
-7.6926,53.28823,2021/07/08 23:00:00+00,Fri 09 Jul 2021,13544,45129,6534,2703670,2128409,112754,2816424,2241163,55.2215204454545,43.9423994491228,758
-7.6926,53.28823,2021/12/21 00:00:00+00,Tue 21 Dec 2021,1406,1825,3,3687316,3632560,241160,3928476,3873720,77.0254825812723,75.9518837291424,759
-7.6926,53.28823,2021/07/09 23:00:00+00,Sat 10 Jul 2021,8666,23903,4365,2712336,2152312,117119,2829455,2269431,55.477018777,44.4966490720319,760
-7.6926,53.28823,2021/12/22 00:00:00+00,Wed 22 Dec 2021,1170,1606,2,3688486,3634166,241162,3929648,3875328,77.0484619416109,75.9834117252382,761
-7.6926,53.28823,2021/07/10 23:00:00+00,Sun 11 Jul 2021,15251,16137,2153,2727587,2168449,119272,2846859,2287721,55.8182583566346,44.8552604206595,762
-7.6926,53.28823,2021/12/23 00:00:00+00,Thu 23 Dec 2021,932,1406,0,3689418,3635572,241162,3930580,3876734,77.0667356308903,76.0109791148594,763
-7.6926,53.28823,2021/07/11 23:00:00+00,Mon 12 Jul 2021,17141,31794,6096,2744728,2200243,125368,2870096,2325611,56.2738653499676,45.5981682391124,764
-7.6926,53.28823,2021/12/24 00:00:00+00,Fri 24 Dec 2021,101,166,0,3689519,3635738,241162,3930681,3876900,77.0687159341277,76.0142338706752,765
-7.6926,53.28823,2021/12/25 00:00:00+00,Sat 25 Dec 2021,2,7,0,3689521,3635745,241162,3930683,3876907,77.0687551480532,76.0143711194144,766
-7.6926,53.28823,2021/12/26 00:00:00+00,Sun 26 Dec 2021,12,13,0,3689533,3635758,241162,3930695,3876920,77.0689904316061,76.0146260099301,767
-7.6926,53.28823,2021/12/27 00:00:00+00,Mon 27 Dec 2021,393,591,0,3689926,3636349,241162,3931088,3877511,77.0766959679654,76.0262137249131,768
-7.6926,53.28823,2021/12/28 00:00:00+00,Tue 28 Dec 2021,469,752,0,3690395,3637101,241162,3931557,3878263,77.0858916334933,76.0409581608983,769
-7.6926,53.28823,2021/12/29 00:00:00+00,Wed 29 Dec 2021,1061,1318,0,3691456,3638419,241162,3932618,3879581,77.106694620967,76.0668001377977,770
-7.6926,53.28823,2021/12/30 00:00:00+00,Thu 30 Dec 2021,1051,1205,1,3692507,3639624,241163,3933670,3880787,77.127321145776,76.0904461348696,771
-7.6926,53.28823,2021/12/31 00:00:00+00,Fri 31 Dec 2021,716,1682,0,3693223,3641306,241163,3934386,3882469,77.1413597311023,76.1234250462087,772
-7.6926,53.28823,2022/01/01 00:00:00+00,Sat 01 Jan 2022,70,101,1,3693293,3641407,241164,3934457,3882571,77.1427518254572,76.1254249564088,773
-7.6926,53.28823,2022/01/02 00:00:00+00,Sun 02 Jan 2022,271,629,0,3693564,3642036,241164,3934728,3883200,77.1480653123615,76.1377577359762,774
-7.6926,53.28823,2022/01/03 00:00:00+00,Mon 03 Jan 2022,3634,730,1,3697198,3642766,241165,3938363,3883931,77.2193366219438,76.1520904257436,775
-7.6926,53.28823,2022/01/04 00:00:00+00,Tue 04 Jan 2022,1190,791,1,3698388,3643557,241166,3939554,3884723,77.2426885145745,76.1676191402386,776
-7.6926,53.28823,2022/01/05 00:00:00+00,Wed 05 Jan 2022,2140,918,0,3700528,3644475,241166,3941694,3885641,77.2846474148514,76.1856183320396,777
-7.6926,53.28823,2022/01/06 00:00:00+00,Thu 06 Jan 2022,2454,1700,1,3702982,3646175,241167,3944149,3887342,77.3327825083933,76.2189697756709,778
-7.6926,53.28823,2022/01/07 00:00:00+00,Fri 07 Jan 2022,4857,785,2,3707839,3646960,241169,3949008,3888129,77.428052740377,76.2344004553521,779
-7.6926,53.28823,2022/01/08 00:00:00+00,Sat 08 Jan 2022,9789,747,2,3717628,3647707,241171,3958799,3888878,77.6200245126248,76.249086070449,780
-7.6926,53.28823,2022/01/09 00:00:00+00,Sun 09 Jan 2022,7116,667,0,3724744,3648374,241171,3965915,3889545,77.7595476595267,76.2621639146007,781
-7.6926,53.28823,2022/01/10 00:00:00+00,Mon 10 Jan 2022,6668,512,1,3731412,3648886,241172,3972584,3890058,77.8903064940809,76.2722222864895,782
-7.6926,53.28823,2022/01/11 00:00:00+00,Tue 11 Jan 2022,4781,1372,1,3736193,3650258,241173,3977366,3891431,77.9840669899332,76.29914264634,783
-7.6926,53.28823,2022/01/12 00:00:00+00,Wed 12 Jan 2022,7560,928,1,3743753,3651186,241174,3984927,3892360,78.1323152352571,76.3173575147312,784
-7.6926,53.28823,2022/01/13 00:00:00+00,Thu 13 Jan 2022,7322,821,0,3751075,3652007,241174,3992249,3893181,78.2758774164846,76.3334548311458,785
-7.6926,53.28823,2022/01/14 00:00:00+00,Fri 14 Jan 2022,10725,839,0,3761800,3652846,241174,4002974,3894020,78.4861620919374,76.3499050728899,786
-7.6926,53.28823,2022/01/15 00:00:00+00,Sat 15 Jan 2022,8363,654,2,3770163,3653500,241176,4011339,3894676,78.6501743353093,76.3627672404514,787
-7.6926,53.28823,2022/01/16 00:00:00+00,Sun 16 Jan 2022,6965,1216,1,3777128,3654716,241177,4018305,3895893,78.7867564377992,76.3866289141135,788
-7.6926,53.28823,2022/01/17 00:00:00+00,Mon 17 Jan 2022,2565,564,0,3779693,3655280,241177,4020870,3896457,78.8370482972431,76.3976872411023,789
-7.6926,53.28823,2022/01/18 00:00:00+00,Tue 18 Jan 2022,4056,456,3,3783749,3655736,241180,4024929,3896916,78.9166329590299,76.4066868370028,790
-7.6926,53.28823,2022/01/19 00:00:00+00,Wed 19 Jan 2022,3487,626,0,3787236,3656362,241180,4028416,3897542,78.9850024381258,76.4189607956819,791
-7.6926,53.28823,2022/01/20 00:00:00+00,Thu 20 Jan 2022,3699,940,2,3790935,3657302,241182,4032117,3898484,79.0575678072494,76.4374305545888,792
-7.6926,53.28823,2022/01/21 00:00:00+00,Fri 21 Jan 2022,3253,978,0,3794188,3658280,241182,4035370,3899462,79.1213492570628,76.4566061641546,793
-7.6926,53.28823,2022/01/22 00:00:00+00,Sat 22 Jan 2022,4274,645,0,3798462,3658925,241182,4039644,3900107,79.20514941584,76.4692526551259,794
-7.6926,53.28823,2022/01/23 00:00:00+00,Sun 23 Jan 2022,3094,680,0,3801556,3659605,241182,4042738,3900787,79.2658133585766,76.4825853897933,795
-7.6926,53.28823,2022/01/24 00:00:00+00,Mon 24 Jan 2022,646,469,0,3802202,3660074,241182,4043384,3901256,79.2784794565107,76.4917810553212,796
-7.6926,53.28823,2022/01/25 00:00:00+00,Tue 25 Jan 2022,692,1838,1,3802894,3661912,241183,4044077,3903095,79.2920670816938,76.5278382598115,797
-7.6926,53.28823,2022/01/26 00:00:00+00,Wed 26 Jan 2022,700,898,0,3803594,3662810,241183,4044777,3903993,79.3057919556161,76.5454453123575,798
-7.6926,53.28823,2022/01/27 00:00:00+00,Thu 27 Jan 2022,1279,1180,0,3804873,3663990,241183,4046056,3905173,79.3308692609685,76.568581528398,799
-7.6926,53.28823,2022/01/28 00:00:00+00,Fri 28 Jan 2022,1031,3096,1,3805904,3667086,241184,4047088,3908270,79.3511036465225,76.629304292023,800
-7.6926,53.28823,2022/01/29 00:00:00+00,Sat 29 Jan 2022,2330,3446,0,3808234,3670532,241184,4049418,3911716,79.3967878697211,76.6968698856463,801
-7.6926,53.28823,2022/01/30 00:00:00+00,Sun 30 Jan 2022,1639,7538,0,3809873,3678070,241184,4051057,3919254,79.4289236816621,76.844667170827,802
-7.6926,53.28823,2022/01/31 00:00:00+00,Mon 31 Jan 2022,484,1397,0,3810357,3679467,241184,4051541,3920651,79.4384134516313,76.8720580977835,803
-7.6926,53.28823,2022/02/01 00:00:00+00,Tue 01 Feb 2022,751,3422,1,3811108,3682889,241185,4052293,3924074,79.4531578876164,76.9391727312636,804
-7.6926,53.28823,2022/02/02 00:00:00+00,Wed 02 Feb 2022,652,3000,0,3811760,3685889,241185,4052945,3927074,79.4659416273269,76.9979936195022,805
-7.6926,53.28823,2022/02/03 00:00:00+00,Thu 03 Feb 2022,908,2438,1,3812668,3688327,241186,4053854,3929513,79.4837643564632,77.0458150016401,806
-7.6926,53.28823,2022/02/04 00:00:00+00,Fri 04 Feb 2022,1173,6524,0,3813841,3694851,241186,4055027,3936037,79.5067633237645,77.1737308265962,807
-7.6926,53.28823,2022/02/05 00:00:00+00,Sat 05 Feb 2022,1777,5751,0,3815618,3700602,241186,4056804,3941788,79.5416048965645,77.2864904693495,808
-7.6926,53.28823,2022/02/06 00:00:00+00,Sun 06 Feb 2022,1407,7556,0,3817025,3708158,241186,4058211,3949344,79.5691918931483,77.4346406798597,809
-7.6926,53.28823,2022/02/07 00:00:00+00,Mon 07 Feb 2022,443,1354,0,3817468,3709512,241186,4058654,3950698,79.5778777776449,77.461188507418,810
-7.6926,53.28823,2022/02/08 00:00:00+00,Tue 08 Feb 2022,900,1239,0,3818368,3710751,241186,4059554,3951937,79.5955240441164,77.4854815342605,811
-7.6926,53.28823,2022/02/09 00:00:00+00,Wed 09 Feb 2022,1335,1785,0,3819703,3712536,241186,4060889,3953722,79.6216993393826,77.5204799627625,812
-7.6926,53.28823,2022/02/10 00:00:00+00,Thu 10 Feb 2022,687,2555,1,3820390,3715091,241187,4061577,3956278,79.635188929752,77.5705953595417,813
-7.6926,53.28823,2022/02/11 00:00:00+00,Fri 11 Feb 2022,546,4927,0,3820936,3720018,241187,4062123,3961205,79.6458943314114,77.6671988649921,814
-7.6926,53.28823,2022/02/12 00:00:00+00,Sat 12 Feb 2022,1397,5463,0,3822333,3725481,241187,4063520,3966668,79.6732852583678,77.7743117024745,815
-7.6926,53.28823,2021/07/12 23:00:00+00,Tue 13 Jul 2021,20128,36605,8490,2764856,2236848,133858,2898714,2370706,56.8349774098379,46.4823442241515,816
-7.6926,53.28823,2021/07/13 23:00:00+00,Wed 14 Jul 2021,20813,35746,9335,2785669,2272594,143193,2928862,2415787,57.4260881227098,47.3662457117122,817
-7.6926,53.28823,2021/07/14 23:00:00+00,Thu 15 Jul 2021,23684,28877,9588,2809353,2301471,152781,2962134,2454252,58.0784509872008,48.1204275337441,818
-7.6926,53.28823,2021/07/15 23:00:00+00,Fri 16 Jul 2021,23537,27460,9169,2832890,2328931,161950,2994840,2490881,58.7197163107774,48.838610972174,819
-7.6926,53.28823,2021/07/16 23:00:00+00,Sat 17 Jul 2021,11528,19459,4683,2844418,2348390,166633,3011051,2515023,59.0375647838558,49.3119622667923,820
-7.6926,53.28823,2021/07/17 23:00:00+00,Sun 18 Jul 2021,16879,15844,1934,2861297,2364234,168567,3029864,2532801,59.4064305739997,49.660534850494,821
-7.6926,53.28823,2021/07/18 23:00:00+00,Mon 19 Jul 2021,24928,18476,6254,2886225,2382710,174821,3061046,2557531,60.0178148863512,50.1454150392071,822
-7.6926,53.28823,2021/07/19 23:00:00+00,Tue 20 Jul 2021,30618,18216,7700,2916843,2400926,182521,3099364,2583447,60.7691144848594,50.6535490857371,823
-7.6926,53.28823,2021/07/20 23:00:00+00,Wed 21 Jul 2021,30387,19869,6895,2947230,2420795,189416,3136646,2610211,61.5001012699626,51.178309836676,824
